HPM3 configured with 
mask 0x40001
HPM4 configured with mask 0x1000000
HPM5 configured with mask 0x20001
HPM6 configured with mask 0x0202
HPM7 configured with mask 0x1001
HPM8 configured with mask 0x2001
HPM9 configured with mask 0x2000
HPM10 configured with mask 0x8001
Start
Stop
DIAG_START
DIAG:1,0,25.077193,8.250172,8.250172,0,1,63.640557,1,4180479.1928,851790.2213,4725995.8216,4180483.8852,851790.4574,4726000.1391,25.3190
DIAG:2,0,23.772076,7.079405,7.664789,0,1,73.262077,1,4180483.1256,851790.7350,4726000.0751,4180483.1551,851790.3086,4726000.8072,14.6728
DIAG:3,0,4.271577,0.386472,5.238683,0,1,75.251973,1,4180481.4693,851791.5660,4725999.9405,4180482.4250,851790.1598,4726001.4754,4.3003
DIAG:4,0,11.276962,1.115540,4.207897,0,0,71.458623,1,4180479.4999,851791.3271,4725996.0440,4180481.6948,851790.0111,4726002.1435,13.1229
DIAG:5,0,8.224357,0.560703,3.478458,0,0,65.644287,1,4180478.8934,851792.3642,4725998.4823,4180480.9647,851789.8623,4726002.8117,3.9506
DIAG:6,0,9.681079,1.990610,3.230484,0,0,59.749003,1,4180478.1304,851796.0624,4726000.4925,4180480.2346,851789.7135,4726003.4798,11.1531
DIAG:7,0,7.080329,1.373726,2.965232,0,0,54.435752,1,4180477.0454,851794.5584,4726000.1931,4180479.5045,851789.5648,4726004.1480,6.0480
DIAG:8,0,25.757568,6.313487,3.383764,0,0,49.837005,1,4180476.4261,851792.5497,4726008.0695,4180478.7744,851789.4160,4726004.8161,20.4192
DIAG:9,0,4.620312,0.461768,3.059098,0,0,45.907336,1,4180476.4352,851791.9007,4726010.1865,4180478.0442,851789.2672,4726005.4843,6.7998
DIAG:10,0,16.961097,5.737720,3.326960,0,0,42.555987,1,4180479.2356,851790.7763,4726008.4674,4180477.3141,851789.1185,4726006.1525,11.9109
DIAG:11,0,14.843156,5.943368,3.096280,0,0,39.691521,1,4180481.8046,851788.1541,4726007.9226,4180476.5840,851788.9697,4726006.8206,14.8271
DIAG:12,0,16.754833,6.134148,3.001754,0,0,37.234593,1,4180481.2153,851791.0345,4726006.2663,4180475.8539,851788.8209,4726007.4888,15.2225
DIAG:13,0,18.728344,10.853499,4.048457,0,0,35.119808,1,4180476.6986,851791.2524,4726006.0200,4180475.1237,851788.6722,4726008.1569,13.6200
DIAG:14,0,5.885491,0.633286,4.000231,0,0,33.294196,1,4180475.3325,851791.1541,4726007.5060,4180474.3936,851788.5234,4726008.8251,3.7518
DIAG:15,0,15.083837,2.489292,4.193090,0,0,31.714948,1,4180474.8466,851790.0239,4726010.9679,4180473.6635,851788.3746,4726009.4932,13.1528
DIAG:16,0,8.869596,1.645866,4.158616,0,0,30.347273,1,4180475.6408,851789.5662,4726010.6581,4180472.9334,851788.2259,4726010.1614,8.7791
DIAG:17,0,11.073359,1.075453,4.128789,0,0,29.162617,1,4180475.3595,851789.6302,4726009.4284,4180472.2032,851788.0771,4726010.8295,11.2869
DIAG:18,0,6.872956,1.561217,3.653562,0,0,28.137250,1,4180473.7654,851790.2496,4726010.1299,4180471.4731,851787.9283,4726011.4977,5.8086
DIAG:19,0,4.487704,0.642194,3.671604,0,0,27.251173,1,4180472.4113,851789.9173,4726010.9340,4180470.7430,851787.7796,4726012.1658,1.9858
DIAG:20,0,22.260664,7.829180,3.880750,0,0,26.487297,1,4180471.4515,851787.5016,4726014.6308,4180470.0129,851787.6308,4726012.8340,19.9797
DIAG:21,0,8.830569,1.095715,3.395985,0,0,25.830822,1,4180470.7090,851786.3961,4726016.7243,4180469.2828,851787.4820,4726013.5021,10.7776
DIAG:22,0,7.125611,0.490233,2.831594,0,0,25.268773,1,4180470.0662,851786.2713,4726018.7451,4180468.5526,851787.3333,4726014.1703,10.5937
DIAG:23,0,15.167578,4.764874,2.222731,0,0,24.789667,1,4180471.2408,851786.6636,4726021.4098,4180467.8225,851787.1845,4726014.8384,19.6650
DIAG:24,0,14.857255,3.680201,2.527423,0,0,24.383269,1,4180472.0930,851785.5439,4726020.7336,4180467.0924,851787.0357,4726015.5066,13.0297
DIAG:25,0,10.803138,2.241224,2.502616,0,0,24.040413,1,4180471.4736,851783.9088,4726020.5494,4180466.3623,851786.8870,4726016.1747,9.7539
DIAG:26,0,8.679767,2.512048,2.589234,0,0,23.752877,1,4180471.2875,851784.9795,4726021.6414,4180465.6321,851786.7382,4726016.8429,10.1281
DIAG:27,0,20.705736,14.492120,3.930901,1,0,23.513285,1,4180468.0996,851787.1433,4726022.6411,4180464.9020,851786.5895,4726017.5110,16.0721
DIAG:28,0,22.649631,4.599898,4.234769,0,0,23.315038,1,4180467.5670,851787.3879,4726020.4538,4180464.1719,851786.4407,4726018.1792,17.7586
DIAG:29,0,21.177775,8.068443,4.977394,0,1,23.152247,1,4180465.0023,851786.0303,4726023.4936,4180463.4418,851786.2919,4726018.8473,21.3633
DIAG:30,0,9.352669,1.584891,4.352965,0,0,23.019684,1,4180463.1646,851785.6745,4726023.3716,4180462.7116,851786.1432,4726019.5155,5.0220
DIAG:31,0,4.199481,0.552968,4.298690,0,0,22.912730,1,4180462.7184,851786.0174,4726024.0095,4180461.9815,851785.9944,4726020.1836,4.6463
DIAG:32,0,17.317166,10.020658,5.251733,0,1,22.827326,1,4180460.5959,851783.0132,4726024.5057,4180461.2514,851785.8456,4726020.8518,16.9962
DIAG:33,0,10.684030,3.287952,5.104040,0,1,22.759925,1,4180460.0117,851784.2588,4726024.6477,4180460.5213,851785.6969,4726021.5199,6.3812
DIAG:34,0,19.227257,3.723929,5.108413,0,1,22.707448,1,4180458.6370,851784.6447,4726022.8920,4180459.7911,851785.5481,4726022.1881,15.9732
DIAG:35,0,6.010719,1.093502,4.993641,0,1,22.667235,1,4180456.9545,851783.7022,4726023.7595,4180459.0610,851785.3993,4726022.8563,7.7923
DIAG:36,0,17.619728,7.700662,5.512502,0,1,22.637007,1,4180458.2297,851784.4483,4726025.7492,4180458.3309,851785.2506,4726023.5244,15.9464
DIAG:37,0,7.228344,0.633741,4.126664,0,0,22.614819,1,4180457.6519,851784.6765,4726025.5435,4180457.6008,851785.1018,4726024.1926,4.8542
DIAG:38,0,17.815325,6.299485,4.296623,0,0,22.599026,1,4180456.5962,851782.4125,4726024.4058,4180456.8706,851784.9530,4726024.8607,17.1520
DIAG:39,0,11.718247,3.332083,3.822987,0,0,22.588247,1,4180454.6667,851783.3210,4726025.8615,4180456.1405,851784.8043,4726025.5289,10.1436
DIAG:40,0,12.353774,4.897554,4.154253,0,0,22.581332,1,4180455.0678,851784.7926,4726025.9946,4180455.4104,851784.6555,4726026.1970,10.1218
DIAG:41,0,11.118100,4.183761,4.517333,0,1,22.577332,1,4180455.2950,851786.4711,4726026.5629,4180454.6803,851784.5067,4726026.8652,11.1116
DIAG:42,0,16.691596,3.270477,3.842315,0,0,22.575473,1,4180455.4615,851786.0363,4726025.0324,4180453.9501,851784.3580,4726027.5333,17.0373
DIAG:43,0,7.213214,1.387664,3.652286,0,0,22.575131,1,4180454.6597,851785.0122,4726025.9338,4180453.2200,851784.2092,4726028.2015,4.2950
DIAG:44,0,19.265652,3.662509,3.646144,0,0,22.575809,1,4180453.3268,851785.0936,4726023.8753,4180452.4899,851784.0604,4726028.8696,21.5567
DIAG:45,0,11.264117,4.205543,3.957348,0,0,22.577119,1,4180454.3559,851786.0865,4726024.3781,4180451.7598,851783.9117,4726029.5378,12.9277
DIAG:46,0,14.530654,3.354993,3.522781,0,0,22.578766,1,4180452.4936,851785.7265,4726026.2713,4180451.0296,851783.7629,4726030.2059,8.1421
DIAG:47,0,15.489568,2.128831,3.672290,0,0,22.580527,1,4180451.9361,851785.7304,4726024.6150,4180450.2995,851783.6141,4726030.8740,19.9110
DIAG:48,0,12.507546,3.230767,3.365418,0,0,22.582243,1,4180449.9470,851786.5587,4726026.0536,4180449.5694,851783.4654,4726031.5422,9.1024
DIAG:49,0,14.028465,4.791541,3.511364,0,0,22.583807,1,4180447.7228,851785.2699,4726025.2378,4180448.8393,851783.3166,4726032.2103,16.9239
DIAG:50,0,7.474190,1.221392,3.143748,0,0,22.585148,1,4180446.1057,851785.9321,4726026.1648,4180448.1091,851783.1678,4726032.8785,8.1169
DIAG:51,0,11.522375,2.846898,3.010061,0,0,22.586231,1,4180446.5445,851785.6052,4726025.3865,4180447.3790,851783.0191,4726033.5466,16.2518
DIAG:52,0,9.211088,2.855204,2.968534,0,0,22.587040,1,4180445.2682,851787.2135,4726025.7144,4180446.6489,851782.8703,4726034.2148,14.3490
DIAG:53,0,10.681670,1.431062,2.972874,0,0,22.587581,1,4180443.6860,851787.6680,4726027.2401,4180445.9187,851782.7215,4726034.8829,8.2813
DIAG:54,0,10.452563,1.232331,2.729856,0,0,22.587869,1,4180443.1619,851788.2522,4726026.2466,4180445.1886,851782.5728,4726035.5511,19.4144
DIAG:55,0,13.040574,5.242134,2.833515,0,0,22.587929,1,4180443.0277,851786.4098,4726025.8713,4180444.4585,851782.4240,4726036.2192,15.4129
DIAG:56,0,9.903339,1.109434,2.608959,0,0,22.587793,1,4180441.7128,851786.7426,4726027.2935,4180443.7284,851782.2752,4726036.8874,7.3285
DIAG:57,0,28.481838,11.125622,3.508639,0,0,22.587491,1,4180439.5208,851784.9239,4726030.9353,4180442.9982,851782.1265,4726037.5555,19.0188
DIAG:58,0,33.851067,13.904134,4.575975,1,1,22.587057,1,4180440.1305,851783.2710,4726035.6053,4180442.2681,851781.9777,4726038.2237,25.9105
DIAG:59,0,7.347058,1.798194,4.276641,0,0,22.586521,1,4180439.3444,851781.6705,4726036.5509,4180441.5380,851781.8289,4726038.8918,6.5303
DIAG:60,0,16.940503,5.670558,4.721557,0,1,22.585914,1,4180439.7808,851782.8225,4726039.0411,4180440.8079,851781.6802,4726039.5600,14.1860
DIAG:61,0,15.180486,2.450490,4.681916,0,1,22.585261,1,4180438.8479,851781.8555,4726038.0421,4180440.0777,851781.5314,4726040.2281,15.3114
DIAG:62,0,5.632208,0.553500,4.451746,0,1,22.584586,1,4180438.2618,851780.9468,4726039.4383,4180439.3476,851781.3826,4726040.8963,3.9602
DIAG:63,0,9.623363,1.642496,4.472889,0,1,22.583908,1,4180436.5573,851780.2016,4726039.2561,4180438.6175,851781.2339,4726041.5644,11.4085
DIAG:64,0,10.288242,1.899208,4.539577,0,1,22.583243,1,4180435.0079,851778.9169,4726038.9385,4180437.8873,851781.0851,4726042.2326,13.5288
DIAG:65,0,7.551247,1.469462,4.162310,0,0,22.582603,1,4180433.5664,851779.3928,4726040.1933,4180437.1572,851780.9363,4726042.9007,6.7892
DIAG:66,0,7.714518,1.233366,4.174703,0,0,22.582000,1,4180432.0815,851779.7840,4726041.6591,4180436.4271,851780.7876,4726043.5689,7.8207
DIAG:67,0,12.093119,4.949097,3.557051,0,0,22.581439,1,4180433.2677,851779.4873,4726042.3940,4180435.6970,851780.6388,4726044.2370,7.8313
DIAG:68,0,7.136423,0.573747,2.224012,0,0,22.580924,1,4180432.2933,851779.5159,4726044.0658,4180434.9668,851780.4900,4726044.9052,6.1885
DIAG:69,0,7.399249,0.816378,2.125830,0,0,22.580460,1,4180432.1486,851779.1906,4726045.7555,4180434.2367,851780.3413,4726045.5733,5.9832
DIAG:70,0,10.605107,1.322542,1.691029,0,0,22.580045,1,4180431.8748,851779.3591,4726045.3415,4180433.5066,851780.1925,4726046.2414,9.6462
DIAG:71,0,9.288885,1.372067,1.583186,0,0,22.579679,1,4180431.6630,851778.3552,4726045.1113,4180432.7764,851780.0437,4726046.9096,10.0780
DIAG:72,0,17.476611,6.781482,2.205985,0,0,22.579361,1,4180431.3542,851780.3214,4726047.4188,4180432.0463,851779.8950,4726047.5777,14.8563
DIAG:73,0,10.203603,0.977370,2.139472,0,0,22.579087,1,4180430.8509,851779.9726,4726049.5951,4180431.3162,851779.7462,4726048.2459,10.1501
DIAG:74,0,10.157127,3.182732,2.267824,0,0,22.578854,1,4180431.5937,851780.9369,4726050.0699,4180430.5861,851779.5974,4726048.9140,9.6241
DIAG:75,0,5.359553,0.506496,2.171528,0,0,22.578659,1,4180431.0720,851780.3508,4726050.4073,4180429.8559,851779.4487,4726049.5822,3.5092
DIAG:76,0,23.881400,6.021179,2.650309,0,0,22.578498,1,4180429.5408,851779.8717,4726048.2345,4180429.1258,851779.2999,4726050.2503,22.4871
DIAG:77,0,10.134635,2.092846,2.364684,0,0,22.578366,1,4180427.7485,851780.0446,4726047.9051,4180428.3957,851779.1511,4726050.9185,11.4923
DIAG:78,0,8.322408,2.333889,2.540698,0,0,22.578261,1,4180427.6624,851778.5889,4726048.3983,4180427.6655,851779.0024,4726051.5866,8.1032
DIAG:79,0,6.571184,1.057069,2.564767,0,0,22.578178,1,4180427.3756,851777.4953,4726048.4438,4180426.9354,851778.8536,4726052.2548,9.2519
DIAG:80,0,12.669961,5.166988,2.949212,0,0,22.578114,1,4180428.9627,851776.8316,4726048.5502,4180426.2053,851778.7048,4726052.9229,14.9730
DIAG:81,0,7.721054,1.563923,2.968398,0,0,22.578065,1,4180427.4845,851776.8948,4726049.6204,4180425.4752,851778.5561,4726053.5911,2.9502
DIAG:82,0,6.492959,1.427534,2.433003,0,0,22.578030,1,4180427.4959,851777.6561,4726050.1634,4180424.7450,851778.4073,4726054.2592,7.6646
DIAG:83,0,13.714881,3.290725,2.664338,0,0,22.578006,1,4180426.1719,851776.2932,4726049.2482,4180424.0149,851778.2585,4726054.9273,17.0298
DIAG:84,0,11.087986,2.889746,2.635040,0,0,22.577989,1,4180424.5290,851777.0444,4726050.6330,4180423.2848,851778.1098,4726055.5955,5.4559
DIAG:85,0,7.398986,1.558157,2.740206,0,0,22.577980,1,4180424.3898,851777.9144,4726051.5968,4180422.5546,851777.9610,4726056.2636,6.5468
DIAG:86,0,9.306164,2.868431,2.424931,0,0,22.577975,1,4180425.3873,851777.3300,4726051.9283,4180421.8245,851777.8122,4726056.9318,12.7828
DIAG:87,0,9.505126,2.707809,2.486427,0,0,22.577974,1,4180423.8565,851778.3238,4726052.9502,4180421.0944,851777.6635,4726057.5999,6.3698
DIAG:88,0,17.724180,3.961271,2.649165,0,0,22.577975,1,4180422.0939,851778.5523,4726055.6667,4180420.3642,851777.5147,4726058.2681,12.3799
DIAG:89,0,14.065630,2.041034,2.747562,0,0,22.577978,1,4180421.0001,851778.0974,4726058.1806,4180419.6341,851777.3659,4726058.9362,11.1778
DIAG:90,0,9.027050,1.452056,2.376069,0,0,22.577982,1,4180420.9520,851778.7713,4726058.0694,4180418.9040,851777.2172,4726059.6044,10.4683
DIAG:91,0,16.941750,2.548091,2.474485,0,0,22.577986,1,4180420.1857,851778.8154,4726056.6117,4180418.1739,851777.0684,4726060.2725,18.5059
DIAG:92,0,4.300419,0.624926,2.394225,0,0,22.577990,1,4180420.2672,851778.5831,4726057.2586,4180417.4437,851776.9196,4726060.9406,7.0826
DIAG:93,0,9.389486,2.656089,2.330761,0,0,22.577994,1,4180421.2448,851778.3881,4726057.3992,4180416.7136,851776.7709,4726061.6088,13.7307
DIAG:94,0,13.664726,2.347899,2.276576,0,0,22.577998,1,4180419.8849,851778.5725,4726059.6464,4180415.9835,851776.6221,4726062.2769,8.8014
DIAG:95,0,9.073694,2.274850,2.348246,0,0,22.578000,1,4180418.5680,851777.3906,4726059.7518,4180415.2533,851776.4733,4726062.9451,8.3863
DIAG:96,0,10.344274,3.398809,2.401283,0,0,22.578003,1,4180416.5885,851776.1259,4726060.8073,4180414.5232,851776.3246,4726063.6132,6.8075
DIAG:97,0,7.288248,0.998678,2.230370,0,0,22.578005,1,4180415.0250,851775.9939,4726060.7499,4180413.7931,851776.1758,4726064.2814,8.8081
DIAG:98,0,5.611948,1.066445,1.940888,0,0,22.578006,1,4180413.1969,851775.6457,4726061.3858,4180413.0629,851776.0270,4726064.9495,5.7597
DIAG:99,0,9.213388,2.061459,1.942930,0,0,22.578006,1,4180413.3533,851774.6584,4726062.7730,4180412.3328,851775.8783,4726065.6176,7.7638
DIAG:100,0,11.598288,1.924200,1.990145,0,0,22.578007,1,4180412.3332,851773.3871,4726064.8139,4180411.6027,851775.7295,4726066.2858,9.9933
DIAG:101,0,11.045302,2.726584,2.007994,0,0,22.578006,1,4180411.5436,851771.5097,4726066.5861,4180410.8725,851775.5807,4726066.9539,12.3762
DIAG:102,0,17.974774,3.303100,2.275811,0,0,22.578006,1,4180411.4790,851771.0306,4726069.7439,4180410.1424,851775.4320,4726067.6221,18.3924
DIAG:103,0,3.486916,0.143669,2.024569,0,0,22.578005,1,4180410.6323,851770.2879,4726071.1923,4180409.4123,851775.2832,4726068.2902,8.2599
DIAG:104,0,25.392028,5.975686,2.387348,0,0,22.578004,1,4180409.3222,851769.4653,4726068.9202,4180408.6821,851775.1344,4726068.9584,23.0041
DIAG:105,0,6.919784,0.574765,2.217339,0,0,22.578003,1,4180408.6324,851769.3020,4726070.5858,4180407.9520,851774.9857,4726069.6265,7.6709
DIAG:106,0,7.546969,0.844798,1.961938,0,0,22.578002,1,4180408.0768,851769.3754,4726070.5910,4180407.2219,851774.8369,4726070.2946,6.3464
DIAG:107,0,18.166851,9.867009,2.848771,0,0,22.578000,1,4180408.7858,851771.5179,4726072.3563,4180406.4917,851774.6881,4726070.9628,14.6930
DIAG:108,0,7.184778,0.977077,2.839835,0,0,22.577999,1,4180407.3924,851770.9748,4726072.5035,4180405.7616,851774.5394,4726071.6309,6.6273
DIAG:109,0,9.938503,2.947208,2.928409,0,0,22.577998,1,4180407.9238,851771.8102,4726072.8054,4180405.0315,851774.3906,4726072.2991,9.2854
DIAG:110,0,13.786956,4.135095,3.149499,0,0,22.577997,1,4180405.6565,851772.2854,4726072.3310,4180404.3014,851774.2418,4726072.9672,10.9601
DIAG:111,0,12.900814,2.316669,3.108508,0,0,22.577996,1,4180404.6753,851773.2292,4726074.5507,4180403.5712,851774.0931,4726073.6354,11.5496
DIAG:112,0,1.674765,0.055123,2.783710,0,0,22.577995,1,4180403.8383,851773.0576,4726075.5253,4180402.8411,851773.9443,4726074.3035,2.9856
DIAG:113,0,17.863973,4.692217,3.238565,0,0,22.577994,1,4180404.5504,851773.5374,4726074.2841,4180402.1110,851773.7955,4726074.9716,17.0641
DIAG:114,0,36.552419,12.569823,3.897978,1,0,22.577993,1,4180404.8917,851773.8277,4726079.7233,4180401.3808,851773.6468,4726075.6398,36.3431
DIAG:115,0,9.661792,1.773699,4.017872,0,0,22.577992,1,4180403.2527,851773.7397,4726079.7525,4180400.6507,851773.4980,4726076.3079,3.8787
DIAG:116,0,19.064221,3.513444,4.284736,0,0,22.577992,1,4180402.4695,851773.1803,4726078.2221,4180399.9206,851773.3492,4726076.9761,15.4328
DIAG:117,0,14.047576,5.600677,3.858103,0,0,22.577991,1,4180399.5634,851773.0651,4726078.1222,4180399.1904,851773.2004,4726077.6442,11.1071
DIAG:118,0,13.559996,4.789797,4.239375,0,0,22.577991,1,4180398.1058,851775.0040,4726079.8271,4180398.4603,851773.0517,4726078.3123,13.8032
DIAG:119,0,7.915639,2.070574,4.151712,0,0,22.577990,1,4180398.2738,851774.3085,4726080.7919,4180397.7302,851772.9029,4726078.9805,6.8238
DIAG:120,0,6.445070,0.604746,3.798677,0,0,22.577990,1,4180397.1694,851773.9132,4726082.3280,4180397.0000,851772.7541,4726079.6486,7.7384
DIAG:121,0,3.319851,0.327706,3.599781,0,0,22.577990,1,4180396.8611,851773.9916,4726082.9925,4180396.2699,851772.6054,4726080.3168,3.7532
DIAG:122,0,9.546253,3.058678,3.900136,0,0,22.577990,1,4180394.6359,851773.0713,4726083.9598,4180395.5398,851772.4566,4726080.9849,9.1026
DIAG:123,0,4.746214,0.757223,3.506637,0,0,22.577989,1,4180393.5576,851772.1755,4726084.8615,4180394.8096,851772.3078,4726081.6530,5.6703
DIAG:124,0,7.234880,0.991841,2.348839,0,0,22.577989,1,4180392.0186,851771.4431,4726086.4420,4180394.0795,851772.1591,4726082.3212,10.6804
DIAG:125,0,8.095778,2.196452,2.391114,0,0,22.577989,1,4180391.0977,851772.7028,4726087.4641,4180393.3493,851772.0103,4726082.9893,9.1752
DIAG:126,0,27.920070,8.603936,2.900163,0,0,22.577989,1,4180391.2951,851773.5511,4726084.8527,4180392.6192,851771.8615,4726083.6575,23.0603
DIAG:127,0,10.343376,2.753798,2.615475,0,0,22.577989,1,4180390.6042,851772.0629,4726084.7321,4180391.8891,851771.7128,4726084.3256,8.0801
DIAG:128,0,6.042416,1.221151,2.258610,0,0,22.577989,1,4180389.8998,851773.0246,4726085.2309,4180391.1589,851771.5640,4726084.9937,6.3486
DIAG:129,0,10.631364,3.813767,2.432930,0,0,22.577989,1,4180390.8094,851772.2458,4726085.7284,4180390.4288,851771.4152,4726085.6619,8.7640
DIAG:130,0,3.929573,0.516411,2.424096,0,0,22.577989,1,4180390.1410,851772.8698,4726086.2488,4180389.6987,851771.2665,4726086.3300,4.8447
DIAG:131,0,14.893571,2.580316,2.649357,0,0,22.577989,1,4180388.8087,851772.2403,4726084.9804,4180388.9685,851771.1177,4726086.9982,14.6398
DIAG:132,0,9.637112,2.063678,2.549857,0,0,22.577989,1,4180389.2571,851772.6366,4726086.2991,4180388.2384,851770.9689,4726087.6663,8.5994
DIAG:133,0,5.509979,0.860357,2.560171,0,0,22.577989,1,4180388.6852,851771.7297,4726086.4709,4180387.5083,851770.8202,4726088.3344,5.3160
DIAG:134,0,8.180551,1.398920,2.600879,0,0,22.577989,1,4180388.5772,851770.7197,4726086.1837,4180386.7781,851770.6714,4726089.0026,9.7781
DIAG:135,0,11.616390,3.665268,2.747760,0,0,22.577989,1,4180389.1045,851771.9485,4726087.4105,4180386.0480,851770.5226,4726089.6707,11.6185
DIAG:136,0,16.897290,2.540607,2.141427,0,0,22.577989,1,4180388.5335,851771.7847,4726090.1262,4180385.3179,851770.3739,4726090.3389,14.7180
DIAG:137,0,7.758897,1.379838,2.004031,0,0,22.577989,1,4180387.0285,851771.5196,4726091.4502,4180384.5877,851770.2251,4726091.0070,5.4025
DIAG:138,0,5.688731,1.006934,1.982610,0,0,22.577989,1,4180387.3068,851770.9551,4726092.3940,4180383.8576,851770.0763,4726091.6751,7.7613
DIAG:139,0,10.489403,2.366758,1.837909,0,0,22.577989,1,4180385.7016,851770.0558,4726092.1350,4180383.1275,851769.9276,4726092.3433,7.7933
DIAG:140,0,8.393713,1.241587,1.910426,0,0,22.577989,1,4180384.6896,851770.6430,4726091.8875,4180382.3973,851769.7788,4726093.0114,8.3174
DIAG:141,0,7.788217,1.483649,1.800760,0,0,22.577989,1,4180383.0680,851769.9800,4726093.0982,4180381.6672,851769.6300,4726093.6796,5.1051
DIAG:142,0,8.124807,1.793152,1.773707,0,0,22.577989,1,4180382.7166,851768.5936,4726094.2781,4180380.9370,851769.4813,4726094.3477,8.0624
DIAG:143,0,12.681237,3.127729,2.000444,0,0,22.577989,1,4180380.7794,851769.1286,4726093.6738,4180380.2069,851769.3325,4726095.0158,11.4958
DIAG:144,0,6.840444,1.567826,2.017335,0,0,22.577989,1,4180378.8817,851768.3063,4726094.3564,4180379.4768,851769.1837,4726095.6840,6.5546
DIAG:145,0,5.519140,0.821029,1.732911,0,0,22.577989,1,4180377.1881,851768.4002,4726095.3215,4180378.7466,851769.0349,4726096.3521,5.3307
DIAG:146,0,10.345478,1.181515,1.597002,0,0,22.577989,1,4180376.5902,851768.5337,4726097.2341,4180378.0165,851768.8862,4726097.0202,8.9041
DIAG:147,0,2.123296,0.145273,1.473545,0,0,22.577989,1,4180375.2606,851768.4029,4726097.8642,4180377.2864,851768.7374,4726097.6884,3.6826
DIAG:148,0,11.526535,2.920487,1.664901,0,0,22.577989,1,4180372.8051,851768.6278,4726097.5136,4180376.5562,851768.5886,4726098.3565,13.0433
DIAG:149,0,2.994907,0.215994,1.449824,0,0,22.577989,1,4180371.7596,851768.0593,4726098.3832,4180375.8261,851768.4399,4726099.0247,4.3591
DIAG:150,1,9.933434,2.349667,1.560632,0,0,22.577989,1,4180371.9157,851768.3797,4726098.1933,4180375.0960,851768.2911,4726099.6928,7.8406
DIAG:151,1,9.470972,2.900651,1.702332,0,0,22.577989,1,4180372.5314,851768.5972,4726098.4666,4180374.3658,851768.1423,4726100.3609,7.0728
DIAG:152,1,8.731146,1.574372,1.680454,0,0,22.577989,1,4180372.5643,851769.1281,4726099.8628,4180373.6357,851767.9936,4726101.0291,6.5931
DIAG:153,1,15.297326,3.927865,1.760468,0,0,22.577989,1,4180373.3640,851768.9545,4726102.1481,4180372.9055,851767.8448,4726101.6972,13.6702
DIAG:154,1,22.733046,10.646252,2.668310,0,0,22.577989,1,4180375.5803,851769.0910,4726100.7024,4180372.1754,851767.6960,4726102.3653,22.8576
DIAG:155,1,16.806529,5.907561,3.176964,0,0,22.577989,1,4180377.2228,851768.2615,4726099.6906,4180371.4453,851767.5473,4726103.0335,20.3498
DIAG:156,1,18.410909,6.210649,3.679877,0,0,22.577989,1,4180375.0584,851768.3945,4726102.0736,4180370.7151,851767.3985,4726103.7016,12.1857
DIAG:157,1,18.408304,4.925670,4.157917,0,0,22.577989,1,4180376.2289,851767.7640,4726104.8118,4180369.9850,851767.2497,4726104.3698,19.5671
DIAG:158,1,3.925529,0.521233,3.917991,0,0,22.577989,1,4180376.3795,851766.9871,4726105.5874,4180369.2549,851767.1010,4726105.0379,9.1326
DIAG:159,1,4.776726,0.488929,3.945285,0,0,22.577989,1,4180376.8429,851766.8539,4726106.7884,4180368.5247,851766.9522,4726105.7060,11.7757
DIAG:160,1,13.823334,5.282512,4.238569,0,0,22.577989,1,4180375.1404,851768.1023,4726106.6683,4180367.7946,851766.8034,4726106.3742,9.6935
DIAG:161,1,9.263848,2.865147,4.235019,0,0,22.577989,1,4180376.2400,851767.0684,4726107.5610,4180367.0644,851766.6547,4726107.0423,15.8549
DIAG:162,1,9.226334,2.617296,4.339311,0,0,22.577989,1,4180376.5494,851765.4066,4726108.7264,4180366.3343,851766.5059,4726107.7104,14.9716
DIAG:163,1,23.369740,6.285423,4.575067,0,1,22.577989,1,4180377.6208,851764.3178,4726106.5803,4180365.6042,851766.3571,4726108.3786,27.6738
DIAG:164,1,3.725413,0.242571,3.534699,0,0,22.577989,1,4180377.4797,851763.5833,4726107.5385,4180364.8740,851766.2083,4726109.0467,12.5501
DIAG:165,1,13.849054,4.862858,3.430229,0,0,22.577989,1,4180377.9677,851765.1512,4726109.1921,4180364.1439,851766.0596,4726109.7148,18.9828
DIAG:166,1,28.383950,7.228001,3.531964,0,0,22.577989,1,4180378.2374,851765.2557,4726106.1232,4180363.4138,851765.9108,4726110.3830,32.8495
DIAG:167,1,5.636560,0.782121,3.117609,0,0,22.577989,1,4180377.9352,851764.3584,4726106.9752,4180362.6836,851765.7620,4726111.0511,14.2827
DIAG:168,1,14.635604,2.580565,3.323542,0,0,22.577989,1,4180378.8145,851764.5678,4726109.2093,4180361.9535,851765.6133,4726111.7192,22.6466
DIAG:169,1,3.172344,0.297674,3.304417,0,0,22.577989,1,4180378.7356,851764.8340,4726109.9419,4180361.2233,851765.4645,4726112.3874,16.6698
DIAG:170,1,3.535274,0.421357,2.818301,0,0,22.577989,1,4180379.3402,851765.0783,4726110.4777,4180360.4932,851765.3157,4726113.0555,21.3139
DIAG:171,1,13.321905,1.843749,2.716162,0,0,22.577989,1,4180380.1043,851764.9618,4726112.7484,4180359.7631,851765.1670,4726113.7236,25.2249
DIAG:172,1,26.982405,6.537776,3.108209,0,0,22.577989,1,4180380.5347,851765.1478,4726116.9858,4180359.0329,851765.0182,4726114.3918,34.3414
DIAG:173,1,9.469140,1.473902,2.627057,0,0,22.577989,1,4180381.6206,851765.4860,4726118.9678,4180358.3028,851764.8694,4726115.0599,29.2948
DIAG:174,1,6.155943,1.021222,2.704922,0,0,22.577989,1,4180381.1488,851765.9496,4726120.4082,4180357.5726,851764.7207,4726115.7281,21.6178
DIAG:175,1,5.758294,0.928454,2.311482,0,0,22.577989,1,4180382.0562,851766.5834,4726121.8195,4180356.8425,851764.5719,4726116.3962,29.6661
DIAG:176,1,8.744579,2.532555,1.841937,0,0,22.577989,1,4180383.5817,851765.6644,4726122.6907,4180356.1124,851764.4231,4726117.0643,33.3800
DIAG:177,1,7.502075,1.363634,1.900089,0,0,22.577989,1,4180383.4080,851766.5076,4726123.1326,4180355.3822,851764.2744,4726117.7325,26.0616
DIAG:178,1,17.186982,3.794031,2.021435,0,0,22.577989,1,4180382.5826,851766.2201,4726122.0679,4180354.6521,851764.1256,4726118.4006,24.6439
DIAG:179,1,26.687138,7.579430,2.749611,0,0,22.577989,1,4180383.9219,851765.5247,4726119.5436,4180353.9219,851763.9768,4726119.0687,41.2065
DIAG:180,1,4.922802,0.616407,2.769116,0,0,22.577989,1,4180383.9170,851766.1008,4726120.5465,4180353.1918,851763.8280,4726119.7369,29.6944
DIAG:181,1,5.811438,0.530440,2.637785,0,0,22.577989,1,4180383.7099,851766.2567,4726121.8520,4180352.4617,851763.6793,4726120.4050,29.5851
DIAG:182,1,8.550968,2.356678,2.219675,0,0,22.577989,1,4180385.4472,851766.5997,4726122.8387,4180351.7315,851763.5305,4726121.0731,40.7466
DIAG:183,1,5.275194,0.906550,2.162940,0,0,22.577989,1,4180384.9976,851766.3205,4726123.7156,4180351.0014,851763.3817,4726121.7413,30.2579
DIAG:184,1,13.894858,1.731451,2.233963,0,0,22.577989,1,4180385.3313,851766.1606,4726122.6184,4180350.2712,851763.2330,4726122.4094,37.0662
DIAG:185,1,5.316369,0.664755,2.207593,0,0,22.577989,1,4180386.1567,851765.6169,4726123.6703,4180349.5411,851763.0842,4726123.0775,39.0056
DIAG:186,1,4.735390,0.660605,2.020398,0,0,22.577989,1,4180386.3194,851764.8198,4726124.5653,4180348.8110,851762.9354,4726123.7457,36.6397
DIAG:187,1,5.401920,0.838807,1.967915,0,0,22.577989,1,4180387.2779,851764.0602,4726125.5390,4180348.0808,851762.7867,4726124.4138,42.0581
DIAG:188,1,5.310975,0.932735,1.681786,0,0,22.577989,1,4180386.7624,851764.0255,4726126.0886,4180347.3507,851762.6379,4726125.0819,35.2506
DIAG:189,1,12.785912,3.104669,1.234310,0,0,22.577989,1,4180385.8487,851764.6551,4726125.4544,4180346.6205,851762.4891,4726125.7501,35.2522
DIAG:190,1,19.009704,5.146691,1.687338,0,0,22.577989,1,4180386.2754,851762.9771,4726123.8084,4180345.8904,851762.3404,4726126.4182,45.3106
DIAG:191,1,19.674999,5.214532,2.155747,0,0,22.577989,1,4180387.2132,851761.3674,4726121.8832,4180345.1603,851762.1916,4726127.0863,50.2332
DIAG:192,1,7.632214,1.649733,2.085053,0,0,22.577989,1,4180387.3008,851759.7784,4726122.6082,4180344.4301,851762.0428,4726127.7545,42.6791
DIAG:193,1,12.955824,3.617153,2.356113,0,0,22.577989,1,4180389.2454,851759.3935,4726124.0915,4180343.7000,851761.8940,4726128.4226,53.2410
DIAG:194,1,5.439079,0.705024,2.253470,0,0,22.577989,1,4180389.8813,851759.6375,4726124.9151,4180342.9698,851761.7453,4726129.0907,47.8188
DIAG:195,1,9.821302,1.674390,2.354434,0,0,22.577989,1,4180391.3176,851759.5758,4726126.3684,4180342.2397,851761.5965,4726129.7589,53.6003
DIAG:196,1,8.391715,1.241472,2.412521,0,0,22.577989,1,4180391.3660,851758.4476,4726127.7356,4180341.5095,851761.4477,4726130.4270,48.0805
DIAG:197,1,12.007399,2.538014,2.582441,0,0,22.577989,1,4180391.3628,851759.1716,4726129.5508,4180340.7794,851761.2990,4726131.0951,48.8673
DIAG:198,1,9.534272,2.688811,2.758049,0,0,22.577989,1,4180392.7256,851757.5445,4726129.6597,4180340.0493,851761.1502,4726131.7632,57.8095
DIAG:199,1,8.900249,1.695973,2.617179,0,0,22.577989,1,4180392.1308,851757.0115,4726131.0800,4180339.3191,851761.0014,4726132.4314,48.0214
DIAG:200,1,15.969861,3.163372,2.418847,0,0,22.577989,1,4180391.9552,851757.4440,4726129.7807,4180338.5890,851760.8527,4726133.0995,53.1375
DIAG:201,1,7.991557,2.139802,2.111374,0,0,22.577989,1,4180391.0212,851757.6610,4726130.1679,4180337.8588,851760.7039,4726133.7676,47.4705
DIAG:202,1,5.017500,0.826306,2.029032,0,0,22.577989,1,4180390.5121,851757.8145,4726130.8069,4180337.1287,851760.5551,4726134.4358,50.0698
DIAG:203,1,12.755463,5.296026,2.196919,0,0,22.577989,1,4180389.6746,851759.5517,4726130.9355,4180336.3986,851760.4064,4726135.1039,49.8843
DIAG:204,1,14.995681,2.765586,2.402975,0,0,22.577989,1,4180390.4924,851760.1528,4726133.2576,4180335.6684,851760.2576,4726135.7720,59.0719
DIAG:205,1,8.878461,1.475909,2.383127,0,0,22.577989,1,4180390.1762,851759.2424,4726134.7844,4180334.9383,851760.1088,4726136.4402,53.5750
DIAG:206,1,26.652773,9.344146,3.193394,0,0,22.577989,1,4180390.6752,851757.1778,4726132.2676,4180334.2081,851759.9600,4726137.1083,64.8355
DIAG:207,1,3.295835,0.223515,2.961945,0,0,22.577989,1,4180390.4448,851757.0649,4726133.0389,4180333.4780,851759.8113,4726137.7764,55.4079
DIAG:208,1,31.308605,9.017239,3.594787,0,0,22.577989,1,4180391.1338,851756.4401,4726137.6146,4180332.7478,851759.6625,4726138.4446,66.5869
DIAG:209,1,11.606779,4.268787,3.852069,0,0,22.577989,1,4180392.2321,851757.9060,4726138.8324,4180332.0177,851759.5137,4726139.1127,64.8342
DIAG:210,1,12.047226,4.212861,3.957018,0,0,22.577989,1,4180390.5877,851758.2723,4726138.9325,4180331.2876,851759.3650,4726139.7808,51.0380
DIAG:211,1,8.440071,1.051681,3.848206,0,0,22.577989,1,4180391.3905,851758.2719,4726140.6539,4180330.5574,851759.2162,4726140.4489,64.5167
DIAG:212,1,3.194054,0.343142,3.799889,0,0,22.577989,1,4180390.9758,851758.0286,4726141.4316,4180329.8273,851759.0674,4726141.1171,58.6855
DIAG:213,1,5.983260,0.427260,3.313013,0,0,22.577989,1,4180390.7533,851757.7057,4726142.9851,4180329.0971,851758.9187,4726141.7852,60.6279
DIAG:214,1,13.836137,5.343685,3.570823,0,0,22.577989,1,4180392.9943,851757.6128,4726144.7418,4180328.3670,851758.7699,4726142.4533,74.9686
DIAG:215,1,5.410441,0.979268,3.521158,0,0,22.577989,1,4180392.3136,851757.2940,4726145.7630,4180327.6368,851758.6211,4726143.1215,60.5118
DIAG:216,1,6.427819,1.171512,2.703895,0,0,22.577989,1,4180393.2621,851756.4817,4726147.0971,4180326.9067,851758.4723,4726143.7896,70.2821
DIAG:217,1,10.305662,2.800070,2.961551,0,0,22.577989,1,4180393.7642,851757.8236,4726148.8055,4180326.1766,851758.3236,4726144.4577,69.6364
DIAG:218,1,4.068754,0.448201,2.104647,0,0,22.577989,1,4180394.6041,851757.4939,4726149.5431,4180325.4464,851758.1748,4726145.1259,71.7724
DIAG:219,1,23.628523,5.731029,2.250871,0,0,22.577989,1,4180394.1300,851756.7888,4726147.5148,4180324.7163,851758.0260,4726145.7940,68.3595
DIAG:220,1,8.211721,2.079827,2.037568,0,0,22.577989,1,4180393.3280,851755.7362,4726147.9222,4180323.9861,851757.8773,4726146.4621,64.8897
DIAG:221,1,5.568361,0.889882,2.021388,0,0,22.577989,1,4180393.8886,851754.7078,4726148.3457,4180323.2560,851757.7285,4726147.1302,72.8077
DIAG:222,1,8.751083,2.467497,2.233823,0,0,22.577989,1,4180394.6986,851755.8003,4726148.7836,4180322.5258,851757.5797,4726147.7984,75.1231
DIAG:223,1,8.281697,0.697785,2.260876,0,0,22.577989,1,4180395.2964,851755.6185,4726150.5587,4180321.7957,851757.4310,4726148.4665,75.6390
DIAG:224,1,26.301493,7.642813,2.490788,0,0,22.577989,1,4180394.2724,851755.9917,4726148.0347,4180321.0655,851757.2822,4726149.1346,71.0922
DIAG:225,1,22.887340,8.138243,3.206686,0,0,22.577989,1,4180396.2988,851756.9266,4726146.0056,4180320.3354,851757.1334,4726149.8028,87.0607
DIAG:226,1,15.248998,3.422911,3.431826,0,0,22.577989,1,4180396.1592,851755.6641,4726144.6180,4180319.6053,851756.9846,4726150.4709,76.7134
DIAG:227,1,16.821858,2.800270,3.431846,0,0,22.577989,1,4180396.1582,851754.9733,4726147.0358,4180318.8751,851756.8359,4726151.1390,76.7574
DIAG:228,1,5.361049,0.664221,3.453448,0,0,22.577989,1,4180396.0809,851754.1319,4726147.8995,4180318.1450,851756.6871,4726151.8071,76.5958
DIAG:229,1,11.636856,2.543937,3.134739,0,0,22.577989,1,4180396.8673,851755.0835,4726149.5236,4180317.4148,851756.5383,4726152.4753,82.2087
DIAG:230,1,7.446701,1.841307,3.110887,0,0,22.577989,1,4180395.9100,851754.4684,4726150.2000,4180316.6847,851756.3896,4726153.1434,73.7496
DIAG:231,1,6.036214,1.230444,3.144943,0,0,22.577989,1,4180395.6562,851755.2948,4726150.6802,4180315.9545,851756.2408,4726153.8115,77.9863
DIAG:232,1,4.251873,0.289279,2.927121,0,0,22.577989,1,4180396.1459,851755.0289,4726151.6789,4180315.2244,851756.0920,4726154.4797,82.6131
DIAG:233,1,12.762360,5.320022,3.389345,0,0,22.577989,1,4180395.3508,851756.9744,4726151.8690,4180314.4942,851755.9433,4726155.1478,77.4539
DIAG:234,1,10.397261,3.512525,2.976316,0,0,22.577989,1,4180395.3599,851755.2459,4726152.7222,4180313.7641,851755.7945,4726155.8159,81.8402
DIAG:235,1,15.345246,2.445065,2.406998,0,0,22.577989,1,4180394.8300,851755.5333,4726155.2374,4180313.0339,851755.6457,4726156.4840,80.0155
DIAG:236,1,15.644543,3.662752,2.430982,0,0,22.577989,1,4180396.1717,851755.0846,4726157.7237,4180312.3038,851755.4969,4726157.1522,90.8114
DIAG:237,1,2.290288,0.176109,2.168566,0,0,22.577989,1,4180396.7166,851755.0092,4726158.5116,4180311.5737,851755.3482,4726157.8203,87.0086
DIAG:238,1,13.308169,1.700566,2.272201,0,0,22.577989,1,4180396.9875,851755.3373,4726157.6016,4180310.8435,851755.1994,4726158.4884,87.4713
DIAG:239,1,10.384132,2.588497,2.276657,0,0,22.577989,1,4180396.1102,851756.3072,4726157.4381,4180310.1134,851755.0506,4726159.1565,81.7494
DIAG:240,1,3.839676,0.272062,2.119732,0,0,22.577989,1,4180396.6186,851756.3854,4726157.6760,4180309.3832,851754.9019,4726159.8247,89.3233
DIAG:241,1,7.988346,0.849076,2.081595,0,0,22.577989,1,4180396.3816,851755.9496,4726157.3283,4180308.6531,851754.7531,4726160.4928,86.6382
DIAG:242,1,7.967638,2.140885,2.266756,0,0,22.577989,1,4180397.7489,851755.3059,4726157.9461,4180307.9229,851754.6043,4726161.1609,95.6840
DIAG:243,1,15.863421,5.224720,2.257226,0,0,22.577989,1,4180399.2195,851753.7164,4726156.9777,4180307.1928,851754.4556,4726161.8291,99.1228
DIAG:244,1,10.554326,2.924581,2.198431,0,0,22.577989,1,4180400.5393,851754.7679,4726158.1833,4180306.4626,851754.3068,4726162.4972,98.7040
DIAG:245,1,11.251495,2.053026,2.159227,0,0,22.577989,1,4180400.4697,851755.6718,4726159.9217,4180305.7325,851754.1580,4726163.1653,92.7771
DIAG:246,1,12.440169,5.149800,2.307932,0,0,22.577989,1,4180401.9627,851753.7547,4726160.7530,4180305.0023,851754.0092,4726163.8334,102.3673
DIAG:247,1,11.441444,2.541736,2.544495,0,0,22.577989,1,4180401.4928,851752.6377,4726162.4976,4180304.2722,851753.8605,4726164.5016,93.1825
DIAG:248,1,4.329530,0.624948,2.436933,0,0,22.577989,1,4180402.6457,851752.1779,4726163.0943,4180303.5420,851753.7117,4726165.1697,102.5663
DIAG:249,1,8.032897,2.171781,2.395261,0,0,22.577989,1,4180404.2777,851752.7631,4726163.8636,4180302.8119,851753.5629,4726165.8378,106.7464
DIAG:250,1,10.703105,1.066468,2.474702,0,0,22.577989,1,4180404.9854,851752.8014,4726163.1457,4180302.0817,851753.4142,4726166.5059,104.1944
DIAG:251,1,10.745013,1.702123,2.560007,0,0,22.577989,1,4180404.7101,851752.9776,4726164.9656,4180301.3516,851753.2654,4726167.1741,99.5808
DIAG:252,1,9.238039,2.543663,2.600284,0,0,22.577989,1,4180403.8510,851752.1549,4726165.1440,4180300.6215,851753.1166,4726167.8422,97.2896
DIAG:253,1,12.328796,3.897923,2.467605,0,0,22.577989,1,4180402.8050,851753.0970,4726166.7099,4180299.8913,851752.9679,4726168.5103,96.7287
DIAG:254,1,14.747830,6.353369,2.810483,0,0,22.577989,1,4180404.3973,851751.0073,4726166.5715,4180299.1612,851752.8191,4726169.1784,112.1840
DIAG:255,1,18.346027,5.425965,3.147777,0,0,22.577989,1,4180406.3127,851749.7996,4726165.1753,4180298.4310,851752.6703,4726169.8466,116.4825
DIAG:256,1,15.420969,5.033103,3.136108,0,0,22.577989,1,4180406.6340,851751.3654,4726167.1207,4180297.7009,851752.5215,4726170.5147,108.4580
DIAG:257,1,10.822271,2.615981,3.143532,0,0,22.577989,1,4180405.8773,851751.8710,4726168.6885,4180296.9707,851752.3728,4726171.1828,103.3161
DIAG:258,1,10.739862,1.153957,3.196433,0,0,22.577989,1,4180406.2934,851752.1689,4726170.7390,4180296.2406,851752.2240,4726171.8509,110.5262
DIAG:259,1,13.878986,3.308862,3.310141,0,0,22.577989,1,4180407.4877,851753.2940,4726172.9988,4180295.5104,851752.0752,4726172.5191,116.2942
DIAG:260,1,11.892422,4.270924,3.630587,0,0,22.577989,1,4180407.4134,851751.4171,4726174.4698,4180294.7803,851751.9265,4726173.1872,110.7084
DIAG:261,1,19.772896,8.982437,4.358618,0,0,22.577989,1,4180406.1503,851753.3783,4726173.6633,4180294.0501,851751.7777,4726173.8553,105.7647
DIAG:262,1,14.826790,7.086361,4.812888,0,1,22.577989,1,4180404.7208,851751.4492,4726174.9537,4180293.3200,851751.6289,4726174.5234,104.3168
DIAG:263,1,5.046984,0.753193,4.498415,0,1,22.577989,1,4180405.3770,851751.9080,4726176.0564,4180292.5898,851751.4801,4726175.1916,115.4820
DIAG:264,1,9.085099,1.187468,3.981825,0,0,22.577989,1,4180405.0478,851752.4515,4726175.8460,4180291.8597,851751.3314,4726175.8597,111.3847
DIAG:265,1,8.061038,1.570836,3.596312,0,0,22.577989,1,4180404.1432,851753.0041,4726177.2793,4180291.1295,851751.1826,4726176.5278,108.7408
DIAG:266,1,9.757479,1.165931,3.209595,0,0,22.577989,1,4180403.8776,851752.4428,4726179.2937,4180290.3994,851751.0338,4726177.1959,112.7797
DIAG:267,1,13.731279,4.603518,3.408349,0,0,22.577989,1,4180405.3575,851751.1753,4726181.3093,4180289.6692,851750.8851,4726177.8641,123.1272
DIAG:268,1,10.351939,3.628391,3.655792,0,0,22.577989,1,4180403.5957,851751.0431,4726182.2757,4180288.9391,851750.7363,4726178.5322,106.2450
DIAG:269,1,20.412457,4.088603,3.733766,0,0,22.577989,1,4180404.2536,851750.9323,4726180.6174,4180288.2089,851750.5875,4726179.2003,120.4073
DIAG:270,1,11.550591,1.591757,3.465850,0,0,22.577989,1,4180404.8911,851751.1614,4726179.9857,4180287.4788,851750.4388,4726179.8684,120.6709
DIAG:271,1,22.946843,5.207362,3.088342,0,0,22.577989,1,4180405.7540,851750.7575,4726177.7174,4180286.7486,851750.2900,4726180.5365,124.6320
DIAG:272,1,12.660117,1.550055,2.534712,0,0,22.577989,1,4180405.9091,851751.0437,4726176.5601,4180286.0185,851750.1412,4726181.2047,120.9660
DIAG:273,1,8.452327,0.912716,2.550664,0,0,22.577989,1,4180406.6511,851751.0663,4726175.9051,4180285.2883,851749.9924,4726181.8728,124.7190
DIAG:274,1,13.782656,1.984799,2.630397,0,0,22.577989,1,4180407.1114,851751.5668,4726177.9591,4180284.5582,851749.8437,4726182.5409,123.9824
DIAG:275,1,9.003946,1.109757,2.584289,0,0,22.577989,1,4180406.8966,851752.1096,4726179.4453,4180283.8280,851749.6949,4726183.2090,121.2058
DIAG:276,1,12.570552,2.290635,2.696759,0,0,22.577989,1,4180407.7313,851753.0118,4726181.3990,4180283.0979,851749.5461,4726183.8772,127.9774
DIAG:277,1,9.970596,1.333221,2.369730,0,0,22.577989,1,4180408.7348,851753.3062,4726183.1860,4180282.3677,851749.3974,4726184.5453,130.0144
DIAG:278,1,18.661216,5.171870,2.524078,0,0,22.577989,1,4180410.4726,851752.5749,4726181.7236,4180281.6376,851749.2486,4726185.2134,136.3570
DIAG:279,1,11.593977,2.639103,2.379128,0,0,22.577989,1,4180412.3177,851752.6995,4726183.4074,4180280.9074,851749.0998,4726185.8815,137.7878
DIAG:280,1,5.726296,0.808205,2.300772,0,0,22.577989,1,4180412.6398,851751.9830,4726184.4779,4180280.1773,851748.9510,4726186.5496,131.1930
DIAG:281,1,7.114659,1.506849,1.930721,0,0,22.577989,1,4180412.0416,851752.0764,4726185.5021,4180279.4471,851748.8023,4726187.2178,127.3497
DIAG:282,1,6.132933,1.211667,1.896882,0,0,22.577989,1,4180411.4985,851751.6809,4726185.9661,4180278.7170,851748.6535,4726187.8859,128.3044
DIAG:283,1,28.470136,7.166841,2.522295,0,0,22.577989,1,4180411.8492,851751.5483,4726190.3770,4180277.9868,851748.5047,4726188.5540,136.4574
DIAG:284,1,7.248671,1.183577,2.442172,0,0,22.577989,1,4180411.2577,851751.2859,4726191.9425,4180277.2567,851748.3560,4726189.2221,129.9145
DIAG:285,1,9.014211,1.419576,2.473154,0,0,22.577989,1,4180412.0779,851751.9921,4726191.9480,4180276.5265,851748.2072,4726189.8903,138.3268
DIAG:286,1,16.401803,2.819653,2.526056,0,0,22.577989,1,4180412.1703,851751.2665,4726190.7569,4180275.7964,851748.0584,4726190.5584,136.0299
DIAG:287,1,12.288918,4.470335,2.839768,0,0,22.577989,1,4180413.5574,851749.4853,4726192.1774,4180275.0662,851747.9096,4726191.2265,143.6500
DIAG:288,1,8.216597,2.080939,2.530674,0,0,22.577989,1,4180414.9156,851748.2243,4726192.5990,4180274.3361,851747.7609,4726191.8946,144.9549
DIAG:289,1,8.850298,2.576031,2.524367,0,0,22.577989,1,4180414.9027,851749.3682,4726193.6017,4180273.6059,851747.6121,4726192.5627,139.2603
DIAG:290,1,14.059267,4.659546,2.909501,0,0,22.577989,1,4180413.5060,851749.8206,4726195.5792,4180272.8758,851747.4633,4726193.2309,132.7895
DIAG:291,1,29.691753,16.341850,4.393001,1,1,22.577989,1,4180412.0480,851746.8164,4726199.5160,4180272.1456,851747.3146,4726193.8990,135.2878
DIAG:292,1,11.031946,3.644962,4.636331,0,1,22.577989,1,4180412.6281,851744.6287,4726201.1804,4180271.4155,851747.1658,4726194.5671,144.1758
DIAG:293,1,13.691219,5.590902,4.478737,0,1,22.577989,1,4180414.3841,851742.4353,4726203.0352,4180270.6853,851747.0170,4726195.2352,151.9730
DIAG:294,1,16.559217,3.416896,4.702069,0,1,22.577989,1,4180415.3684,851742.5989,4726202.1969,4180269.9552,851746.8682,4726195.9033,148.6571
DIAG:295,1,5.348567,0.313680,4.591479,0,1,22.577989,1,4180415.9873,851742.0727,4726202.5606,4180269.2250,851746.7195,4726196.5715,147.9469
DIAG:296,1,3.762430,0.457455,4.355260,0,0,22.577989,1,4180415.9889,851741.9548,4726203.4280,4180268.4949,851746.5707,4726197.2396,145.8311
DIAG:297,1,10.569840,3.671204,4.275346,0,0,22.577989,1,4180417.1161,851743.0711,4726204.1311,4180267.7647,851746.4219,4726197.9077,152.9597
DIAG:298,1,9.368283,2.106341,4.277887,0,0,22.577989,1,4180418.7823,851742.1706,4726204.3179,4180267.0346,851746.2732,4726198.5758,157.4431
DIAG:299,1,30.343878,10.973120,5.117596,0,1,22.577989,1,4180418.9538,851743.5904,4726201.4783,4180266.3044,851746.1244,4726199.2439,152.6882
DIAG_END
