counter,mode,seed,window_end_iter,beta
hpmcounter10,drift,seed1,9,455.0
hpmcounter10,drift,seed1,10,455.0
hpmcounter10,drift,seed1,11,455.05454545454546
hpmcounter10,drift,seed1,12,455.1515151515151
hpmcounter10,drift,seed1,13,455.27878787878785
hpmcounter10,drift,seed1,14,455.42424242424244
hpmcounter10,drift,seed1,15,455.57575757575756
hpmcounter10,drift,seed1,16,455.72121212121215
hpmcounter10,drift,seed1,17,455.8484848484849
hpmcounter10,drift,seed1,18,455.94545454545454
hpmcounter10,drift,seed1,19,456.0
hpmcounter10,drift,seed1,20,456.0
hpmcounter10,drift,seed1,21,456.0
hpmcounter10,drift,seed1,22,456.0
hpmcounter10,drift,seed1,23,456.0
hpmcounter10,drift,seed1,24,456.0
hpmcounter10,drift,seed1,25,456.0
hpmcounter10,drift,seed1,26,456.0
hpmcounter10,drift,seed1,27,456.0
hpmcounter10,drift,seed1,28,456.0
hpmcounter10,drift,seed1,29,456.0
hpmcounter10,drift,seed1,30,456.0
hpmcounter10,drift,seed1,31,456.0
hpmcounter10,drift,seed1,32,456.0
hpmcounter10,drift,seed1,33,456.0
hpmcounter10,drift,seed1,34,456.0
hpmcounter10,drift,seed1,35,456.0
hpmcounter10,drift,seed1,36,456.0
hpmcounter10,drift,seed1,37,456.0
hpmcounter10,drift,seed1,38,456.0
hpmcounter10,drift,seed1,39,456.0
hpmcounter10,drift,seed1,40,456.0
hpmcounter10,drift,seed1,41,456.0
hpmcounter10,drift,seed1,42,456.0
hpmcounter10,drift,seed1,43,456.0
hpmcounter10,drift,seed1,44,456.0
hpmcounter10,drift,seed1,45,456.0
hpmcounter10,drift,seed1,46,456.0
hpmcounter10,drift,seed1,47,456.0
hpmcounter10,drift,seed1,48,456.0
hpmcounter10,drift,seed1,49,456.0
hpmcounter10,drift,seed1,50,456.0
hpmcounter10,drift,seed1,51,456.0
hpmcounter10,drift,seed1,52,456.0
hpmcounter10,drift,seed1,53,456.0
hpmcounter10,drift,seed1,54,456.0
hpmcounter10,drift,seed1,55,456.0
hpmcounter10,drift,seed1,56,456.0
hpmcounter10,drift,seed1,57,456.0
hpmcounter10,drift,seed1,58,456.0
hpmcounter10,drift,seed1,59,456.0
hpmcounter10,drift,seed1,60,456.0
hpmcounter10,drift,seed1,61,456.0
hpmcounter10,drift,seed1,62,456.0
hpmcounter10,drift,seed1,63,459.0
hpmcounter10,drift,seed1,64,461.3333333333333
hpmcounter10,drift,seed1,65,463.0
hpmcounter10,drift,seed1,66,464.0
hpmcounter10,drift,seed1,67,464.3333333333333
hpmcounter10,drift,seed1,68,464.0
hpmcounter10,drift,seed1,69,463.0
hpmcounter10,drift,seed1,70,461.3333333333333
hpmcounter10,drift,seed1,71,459.0
hpmcounter10,drift,seed1,72,456.0
hpmcounter10,drift,seed1,73,456.0
hpmcounter10,drift,seed1,74,456.0
hpmcounter10,drift,seed1,75,456.0
hpmcounter10,drift,seed1,76,456.0
hpmcounter10,drift,seed1,77,456.0
hpmcounter10,drift,seed1,78,456.0
hpmcounter10,drift,seed1,79,456.0
hpmcounter10,drift,seed1,80,456.0
hpmcounter10,drift,seed1,81,456.0
hpmcounter10,drift,seed1,82,456.0
hpmcounter10,drift,seed1,83,456.0
hpmcounter10,drift,seed1,84,456.0
hpmcounter10,drift,seed1,85,456.0
hpmcounter10,drift,seed1,86,456.0
hpmcounter10,drift,seed1,87,456.0
hpmcounter10,drift,seed1,88,456.0
hpmcounter10,drift,seed1,89,456.0
hpmcounter10,drift,seed1,90,456.0
hpmcounter10,drift,seed1,91,456.0
hpmcounter10,drift,seed1,92,456.0
hpmcounter10,drift,seed1,93,456.0
hpmcounter10,drift,seed1,94,456.0
hpmcounter10,drift,seed1,95,456.0
hpmcounter10,drift,seed1,96,456.0
hpmcounter10,drift,seed1,97,456.0
hpmcounter10,drift,seed1,98,456.0
hpmcounter10,drift,seed1,99,456.0
hpmcounter10,drift,seed1,100,456.0
hpmcounter10,drift,seed1,101,456.0
hpmcounter10,drift,seed1,102,456.0
hpmcounter10,drift,seed1,103,456.0
hpmcounter10,drift,seed1,104,456.0
hpmcounter10,drift,seed1,105,456.0
hpmcounter10,drift,seed1,106,456.0
hpmcounter10,drift,seed1,107,456.0
hpmcounter10,drift,seed1,108,456.0
hpmcounter10,drift,seed1,109,456.0
hpmcounter10,drift,seed1,110,456.0
hpmcounter10,drift,seed1,111,456.0
hpmcounter10,drift,seed1,112,456.0
hpmcounter10,drift,seed1,113,456.0
hpmcounter10,drift,seed1,114,456.0
hpmcounter10,drift,seed1,115,456.0
hpmcounter10,drift,seed1,116,456.0
hpmcounter10,drift,seed1,117,456.0
hpmcounter10,drift,seed1,118,456.0
hpmcounter10,drift,seed1,119,456.0
hpmcounter10,drift,seed1,120,456.0
hpmcounter10,drift,seed1,121,456.0
hpmcounter10,drift,seed1,122,456.0
hpmcounter10,drift,seed1,123,456.0
hpmcounter10,drift,seed1,124,456.0
hpmcounter10,drift,seed1,125,456.0
hpmcounter10,drift,seed1,126,456.0
hpmcounter10,drift,seed1,127,456.0
hpmcounter10,drift,seed1,128,456.0
hpmcounter10,drift,seed1,129,456.0
hpmcounter10,drift,seed1,130,456.0
hpmcounter10,drift,seed1,131,456.0
hpmcounter10,drift,seed1,132,456.0
hpmcounter10,drift,seed1,133,456.0
hpmcounter10,drift,seed1,134,456.0
hpmcounter10,drift,seed1,135,456.0
hpmcounter10,drift,seed1,136,456.0
hpmcounter10,drift,seed1,137,456.0
hpmcounter10,drift,seed1,138,456.0
hpmcounter10,drift,seed1,139,456.0
hpmcounter10,drift,seed1,140,456.0
hpmcounter10,drift,seed1,141,456.0
hpmcounter10,drift,seed1,142,456.0
hpmcounter10,drift,seed1,143,456.0
hpmcounter10,drift,seed1,144,456.0
hpmcounter10,drift,seed1,145,456.0
hpmcounter10,drift,seed1,146,456.0
hpmcounter10,drift,seed1,147,456.0
hpmcounter10,drift,seed1,148,456.0
hpmcounter10,drift,seed1,149,456.0
hpmcounter10,drift,seed1,150,456.0
hpmcounter10,drift,seed1,151,456.0
hpmcounter10,drift,seed1,152,456.0
hpmcounter10,drift,seed1,153,456.0
hpmcounter10,drift,seed1,154,456.0
hpmcounter10,drift,seed1,155,456.0
hpmcounter10,drift,seed1,156,456.0
hpmcounter10,drift,seed1,157,456.0
hpmcounter10,drift,seed1,158,456.0
hpmcounter10,drift,seed1,159,456.0
hpmcounter10,drift,seed1,160,456.0
hpmcounter10,drift,seed1,161,459.0
hpmcounter10,drift,seed1,162,464.3333333333333
hpmcounter10,drift,seed1,163,471.3333333333333
hpmcounter10,drift,seed1,164,479.3333333333333
hpmcounter10,drift,seed1,165,487.6666666666667
hpmcounter10,drift,seed1,166,495.6666666666667
hpmcounter10,drift,seed1,167,502.6666666666667
hpmcounter10,drift,seed1,168,508.0
hpmcounter10,drift,seed1,169,511.0
hpmcounter10,drift,seed1,170,508.0
hpmcounter10,drift,seed1,171,502.6666666666667
hpmcounter10,drift,seed1,172,495.6666666666667
hpmcounter10,drift,seed1,173,487.6666666666667
hpmcounter10,drift,seed1,174,479.3333333333333
hpmcounter10,drift,seed1,175,471.3333333333333
hpmcounter10,drift,seed1,176,464.3333333333333
hpmcounter10,drift,seed1,177,459.0
hpmcounter10,drift,seed1,178,456.0
hpmcounter10,drift,seed1,179,456.0
hpmcounter10,drift,seed1,180,456.0
hpmcounter10,drift,seed1,181,456.0
hpmcounter10,drift,seed1,182,456.0
hpmcounter10,drift,seed1,183,456.0
hpmcounter10,drift,seed1,184,456.0
hpmcounter10,drift,seed1,185,456.0
hpmcounter10,drift,seed1,186,456.0
hpmcounter10,drift,seed1,187,456.0
hpmcounter10,drift,seed1,188,456.0
hpmcounter10,drift,seed1,189,456.0
hpmcounter10,drift,seed1,190,456.0
hpmcounter10,drift,seed1,191,456.0
hpmcounter10,drift,seed1,192,456.0
hpmcounter10,drift,seed1,193,456.0
hpmcounter10,drift,seed1,194,456.0
hpmcounter10,drift,seed1,195,456.0
hpmcounter10,drift,seed1,196,456.0
hpmcounter10,drift,seed1,197,456.0
hpmcounter10,drift,seed1,198,456.0
hpmcounter10,drift,seed1,199,456.0
hpmcounter10,drift,seed1,200,456.0
hpmcounter10,drift,seed1,201,456.0
hpmcounter10,drift,seed1,202,456.0
hpmcounter10,drift,seed1,203,456.0
hpmcounter10,drift,seed1,204,456.0
hpmcounter10,drift,seed1,205,456.0
hpmcounter10,drift,seed1,206,456.0
hpmcounter10,drift,seed1,207,456.0
hpmcounter10,drift,seed1,208,456.0
hpmcounter10,drift,seed1,209,456.0
hpmcounter10,drift,seed1,210,456.0
hpmcounter10,drift,seed1,211,456.0
hpmcounter10,drift,seed1,212,456.0
hpmcounter10,drift,seed1,213,456.0
hpmcounter10,drift,seed1,214,456.0
hpmcounter10,drift,seed1,215,456.0
hpmcounter10,drift,seed1,216,456.0
hpmcounter10,drift,seed1,217,456.0
hpmcounter10,drift,seed1,218,456.0
hpmcounter10,drift,seed1,219,456.0
hpmcounter10,drift,seed1,220,456.0
hpmcounter10,drift,seed1,221,456.0
hpmcounter10,drift,seed1,222,456.0
hpmcounter10,drift,seed1,223,456.0
hpmcounter10,drift,seed1,224,456.0
hpmcounter10,drift,seed1,225,456.0
hpmcounter10,drift,seed1,226,456.0
hpmcounter10,drift,seed1,227,456.0
hpmcounter10,drift,seed1,228,456.0
hpmcounter10,drift,seed1,229,456.0
hpmcounter10,drift,seed1,230,456.0
hpmcounter10,drift,seed1,231,456.0
hpmcounter10,drift,seed1,232,456.0
hpmcounter10,drift,seed1,233,456.0
hpmcounter10,drift,seed1,234,456.0
hpmcounter10,drift,seed1,235,456.0
hpmcounter10,drift,seed1,236,456.0
hpmcounter10,drift,seed1,237,456.0
hpmcounter10,drift,seed1,238,456.0
hpmcounter10,drift,seed1,239,456.0
hpmcounter10,drift,seed1,240,456.0
hpmcounter10,drift,seed1,241,456.0
hpmcounter10,drift,seed1,242,456.0
hpmcounter10,drift,seed1,243,456.0
hpmcounter10,drift,seed1,244,456.0
hpmcounter10,drift,seed1,245,459.0
hpmcounter10,drift,seed1,246,464.3333333333333
hpmcounter10,drift,seed1,247,471.3333333333333
hpmcounter10,drift,seed1,248,476.3333333333333
hpmcounter10,drift,seed1,249,479.3333333333333
hpmcounter10,drift,seed1,250,480.3333333333333
hpmcounter10,drift,seed1,251,479.3333333333333
hpmcounter10,drift,seed1,252,476.3333333333333
hpmcounter10,drift,seed1,253,471.3333333333333
hpmcounter10,drift,seed1,254,464.3333333333333
hpmcounter10,drift,seed1,255,459.0
hpmcounter10,drift,seed1,256,456.0
hpmcounter10,drift,seed1,257,456.0
hpmcounter10,drift,seed1,258,456.0
hpmcounter10,drift,seed1,259,456.0
hpmcounter10,drift,seed1,260,456.0
hpmcounter10,drift,seed1,261,456.0
hpmcounter10,drift,seed1,262,456.0
hpmcounter10,drift,seed1,263,456.0
hpmcounter10,drift,seed1,264,456.0
hpmcounter10,drift,seed1,265,456.0
hpmcounter10,drift,seed1,266,459.0
hpmcounter10,drift,seed1,267,464.3333333333333
hpmcounter10,drift,seed1,268,471.3333333333333
hpmcounter10,drift,seed1,269,479.3333333333333
hpmcounter10,drift,seed1,270,487.6666666666667
hpmcounter10,drift,seed1,271,495.6666666666667
hpmcounter10,drift,seed1,272,502.6666666666667
hpmcounter10,drift,seed1,273,508.0
hpmcounter10,drift,seed1,274,508.0
hpmcounter10,drift,seed1,275,502.6666666666667
hpmcounter10,drift,seed1,276,495.6666666666667
hpmcounter10,drift,seed1,277,487.6666666666667
hpmcounter10,drift,seed1,278,479.3333333333333
hpmcounter10,drift,seed1,279,471.3333333333333
hpmcounter10,drift,seed1,280,464.3333333333333
hpmcounter10,drift,seed1,281,459.0
hpmcounter10,drift,seed1,282,456.0
hpmcounter10,drift,seed1,283,456.0
hpmcounter10,drift,seed1,284,456.0
hpmcounter10,drift,seed1,285,456.0
hpmcounter10,drift,seed1,286,456.0
hpmcounter10,drift,seed1,287,456.0
hpmcounter10,drift,seed1,288,456.0
hpmcounter10,drift,seed1,289,456.0
hpmcounter10,drift,seed1,290,456.0
hpmcounter10,drift,seed1,291,456.0
hpmcounter10,drift,seed1,292,456.0
hpmcounter10,drift,seed1,293,456.0
hpmcounter10,drift,seed1,294,456.0
hpmcounter10,drift,seed1,295,456.0
hpmcounter10,drift,seed1,296,456.0
hpmcounter10,drift,seed1,297,456.0
hpmcounter10,drift,seed1,298,456.0
hpmcounter10,drift,seed10,9,455.0
hpmcounter10,drift,seed10,10,455.0
hpmcounter10,drift,seed10,11,455.05454545454546
hpmcounter10,drift,seed10,12,455.1515151515151
hpmcounter10,drift,seed10,13,455.27878787878785
hpmcounter10,drift,seed10,14,455.42424242424244
hpmcounter10,drift,seed10,15,455.57575757575756
hpmcounter10,drift,seed10,16,455.72121212121215
hpmcounter10,drift,seed10,17,455.8484848484849
hpmcounter10,drift,seed10,18,455.94545454545454
hpmcounter10,drift,seed10,19,456.0
hpmcounter10,drift,seed10,20,456.0
hpmcounter10,drift,seed10,21,456.0
hpmcounter10,drift,seed10,22,456.0
hpmcounter10,drift,seed10,23,456.0
hpmcounter10,drift,seed10,24,456.0
hpmcounter10,drift,seed10,25,456.0
hpmcounter10,drift,seed10,26,456.0
hpmcounter10,drift,seed10,27,456.0
hpmcounter10,drift,seed10,28,456.0
hpmcounter10,drift,seed10,29,456.0
hpmcounter10,drift,seed10,30,456.0
hpmcounter10,drift,seed10,31,456.0
hpmcounter10,drift,seed10,32,456.0
hpmcounter10,drift,seed10,33,456.0
hpmcounter10,drift,seed10,34,456.0
hpmcounter10,drift,seed10,35,456.0
hpmcounter10,drift,seed10,36,456.0
hpmcounter10,drift,seed10,37,456.0
hpmcounter10,drift,seed10,38,456.0
hpmcounter10,drift,seed10,39,456.0
hpmcounter10,drift,seed10,40,456.0
hpmcounter10,drift,seed10,41,456.0
hpmcounter10,drift,seed10,42,456.0
hpmcounter10,drift,seed10,43,456.0
hpmcounter10,drift,seed10,44,456.0
hpmcounter10,drift,seed10,45,456.0
hpmcounter10,drift,seed10,46,456.0
hpmcounter10,drift,seed10,47,456.0
hpmcounter10,drift,seed10,48,456.0
hpmcounter10,drift,seed10,49,456.0
hpmcounter10,drift,seed10,50,456.0
hpmcounter10,drift,seed10,51,456.0
hpmcounter10,drift,seed10,52,456.0
hpmcounter10,drift,seed10,53,456.0
hpmcounter10,drift,seed10,54,456.0
hpmcounter10,drift,seed10,55,456.0
hpmcounter10,drift,seed10,56,456.0
hpmcounter10,drift,seed10,57,456.0
hpmcounter10,drift,seed10,58,456.0
hpmcounter10,drift,seed10,59,456.0
hpmcounter10,drift,seed10,60,456.0
hpmcounter10,drift,seed10,61,456.0
hpmcounter10,drift,seed10,62,456.0
hpmcounter10,drift,seed10,63,456.0
hpmcounter10,drift,seed10,64,456.0
hpmcounter10,drift,seed10,65,456.0
hpmcounter10,drift,seed10,66,456.0
hpmcounter10,drift,seed10,67,456.0
hpmcounter10,drift,seed10,68,456.0
hpmcounter10,drift,seed10,69,456.0
hpmcounter10,drift,seed10,70,456.0
hpmcounter10,drift,seed10,71,456.0
hpmcounter10,drift,seed10,72,456.0
hpmcounter10,drift,seed10,73,456.0
hpmcounter10,drift,seed10,74,456.0
hpmcounter10,drift,seed10,75,456.0
hpmcounter10,drift,seed10,76,456.0
hpmcounter10,drift,seed10,77,456.0
hpmcounter10,drift,seed10,78,456.0
hpmcounter10,drift,seed10,79,456.0
hpmcounter10,drift,seed10,80,456.0
hpmcounter10,drift,seed10,81,456.0
hpmcounter10,drift,seed10,82,456.0
hpmcounter10,drift,seed10,83,456.0
hpmcounter10,drift,seed10,84,456.0
hpmcounter10,drift,seed10,85,456.0
hpmcounter10,drift,seed10,86,456.0
hpmcounter10,drift,seed10,87,456.0
hpmcounter10,drift,seed10,88,456.0
hpmcounter10,drift,seed10,89,456.0
hpmcounter10,drift,seed10,90,456.0
hpmcounter10,drift,seed10,91,456.0
hpmcounter10,drift,seed10,92,456.0
hpmcounter10,drift,seed10,93,456.0
hpmcounter10,drift,seed10,94,456.0
hpmcounter10,drift,seed10,95,456.0
hpmcounter10,drift,seed10,96,456.0
hpmcounter10,drift,seed10,97,456.0
hpmcounter10,drift,seed10,98,456.0
hpmcounter10,drift,seed10,99,456.0
hpmcounter10,drift,seed10,100,456.0
hpmcounter10,drift,seed10,101,456.0
hpmcounter10,drift,seed10,102,456.0
hpmcounter10,drift,seed10,103,456.0
hpmcounter10,drift,seed10,104,456.0
hpmcounter10,drift,seed10,105,456.0
hpmcounter10,drift,seed10,106,456.0
hpmcounter10,drift,seed10,107,456.0
hpmcounter10,drift,seed10,108,456.0
hpmcounter10,drift,seed10,109,456.0
hpmcounter10,drift,seed10,110,456.0
hpmcounter10,drift,seed10,111,456.0
hpmcounter10,drift,seed10,112,456.0
hpmcounter10,drift,seed10,113,456.0
hpmcounter10,drift,seed10,114,456.0
hpmcounter10,drift,seed10,115,456.0
hpmcounter10,drift,seed10,116,456.0
hpmcounter10,drift,seed10,117,456.0
hpmcounter10,drift,seed10,118,456.0
hpmcounter10,drift,seed10,119,456.0
hpmcounter10,drift,seed10,120,456.0
hpmcounter10,drift,seed10,121,456.0
hpmcounter10,drift,seed10,122,456.0
hpmcounter10,drift,seed10,123,456.0
hpmcounter10,drift,seed10,124,456.0
hpmcounter10,drift,seed10,125,456.0
hpmcounter10,drift,seed10,126,456.0
hpmcounter10,drift,seed10,127,456.0
hpmcounter10,drift,seed10,128,456.0
hpmcounter10,drift,seed10,129,456.0
hpmcounter10,drift,seed10,130,456.0
hpmcounter10,drift,seed10,131,456.0
hpmcounter10,drift,seed10,132,456.0
hpmcounter10,drift,seed10,133,456.0
hpmcounter10,drift,seed10,134,456.0
hpmcounter10,drift,seed10,135,456.0
hpmcounter10,drift,seed10,136,456.0
hpmcounter10,drift,seed10,137,456.0
hpmcounter10,drift,seed10,138,456.0
hpmcounter10,drift,seed10,139,456.0
hpmcounter10,drift,seed10,140,456.0
hpmcounter10,drift,seed10,141,456.0
hpmcounter10,drift,seed10,142,456.0
hpmcounter10,drift,seed10,143,456.0
hpmcounter10,drift,seed10,144,456.0
hpmcounter10,drift,seed10,145,456.0
hpmcounter10,drift,seed10,146,456.0
hpmcounter10,drift,seed10,147,456.0
hpmcounter10,drift,seed10,148,456.0
hpmcounter10,drift,seed10,149,456.0
hpmcounter10,drift,seed10,150,456.0
hpmcounter10,drift,seed10,151,456.0
hpmcounter10,drift,seed10,152,456.0
hpmcounter10,drift,seed10,153,456.0
hpmcounter10,drift,seed10,154,456.0
hpmcounter10,drift,seed10,155,459.0
hpmcounter10,drift,seed10,156,464.3333333333333
hpmcounter10,drift,seed10,157,471.3333333333333
hpmcounter10,drift,seed10,158,476.3333333333333
hpmcounter10,drift,seed10,159,479.3333333333333
hpmcounter10,drift,seed10,160,480.3333333333333
hpmcounter10,drift,seed10,161,479.3333333333333
hpmcounter10,drift,seed10,162,476.3333333333333
hpmcounter10,drift,seed10,163,471.3333333333333
hpmcounter10,drift,seed10,164,464.3333333333333
hpmcounter10,drift,seed10,165,459.0
hpmcounter10,drift,seed10,166,456.0
hpmcounter10,drift,seed10,167,456.0
hpmcounter10,drift,seed10,168,456.0
hpmcounter10,drift,seed10,169,456.0
hpmcounter10,drift,seed10,170,456.0
hpmcounter10,drift,seed10,171,456.0
hpmcounter10,drift,seed10,172,459.0
hpmcounter10,drift,seed10,173,464.3333333333333
hpmcounter10,drift,seed10,174,471.3333333333333
hpmcounter10,drift,seed10,175,479.3333333333333
hpmcounter10,drift,seed10,176,487.6666666666667
hpmcounter10,drift,seed10,177,495.6666666666667
hpmcounter10,drift,seed10,178,499.6666666666667
hpmcounter10,drift,seed10,179,499.6666666666667
hpmcounter10,drift,seed10,180,495.6666666666667
hpmcounter10,drift,seed10,181,487.6666666666667
hpmcounter10,drift,seed10,182,479.3333333333333
hpmcounter10,drift,seed10,183,471.3333333333333
hpmcounter10,drift,seed10,184,464.3333333333333
hpmcounter10,drift,seed10,185,459.0
hpmcounter10,drift,seed10,186,456.0
hpmcounter10,drift,seed10,187,456.0
hpmcounter10,drift,seed10,188,456.0
hpmcounter10,drift,seed10,189,456.0
hpmcounter10,drift,seed10,190,456.0
hpmcounter10,drift,seed10,191,456.0
hpmcounter10,drift,seed10,192,456.0
hpmcounter10,drift,seed10,193,456.0
hpmcounter10,drift,seed10,194,456.0
hpmcounter10,drift,seed10,195,456.0
hpmcounter10,drift,seed10,196,456.0
hpmcounter10,drift,seed10,197,456.0
hpmcounter10,drift,seed10,198,456.0
hpmcounter10,drift,seed10,199,456.0
hpmcounter10,drift,seed10,200,456.0
hpmcounter10,drift,seed10,201,456.0
hpmcounter10,drift,seed10,202,456.0
hpmcounter10,drift,seed10,203,456.0
hpmcounter10,drift,seed10,204,458.94545454545454
hpmcounter10,drift,seed10,205,461.23636363636365
hpmcounter10,drift,seed10,206,462.8727272727273
hpmcounter10,drift,seed10,207,463.8545454545455
hpmcounter10,drift,seed10,208,464.1818181818182
hpmcounter10,drift,seed10,209,463.8545454545455
hpmcounter10,drift,seed10,210,462.8727272727273
hpmcounter10,drift,seed10,211,461.23636363636365
hpmcounter10,drift,seed10,212,458.94545454545454
hpmcounter10,drift,seed10,213,456.0
hpmcounter10,drift,seed10,214,456.0
hpmcounter10,drift,seed10,215,456.0
hpmcounter10,drift,seed10,216,456.0
hpmcounter10,drift,seed10,217,456.0
hpmcounter10,drift,seed10,218,456.0
hpmcounter10,drift,seed10,219,456.0
hpmcounter10,drift,seed10,220,456.0
hpmcounter10,drift,seed10,221,456.0
hpmcounter10,drift,seed10,222,456.0
hpmcounter10,drift,seed10,223,456.0
hpmcounter10,drift,seed10,224,456.0
hpmcounter10,drift,seed10,225,456.0
hpmcounter10,drift,seed10,226,456.0
hpmcounter10,drift,seed10,227,456.0
hpmcounter10,drift,seed10,228,456.0
hpmcounter10,drift,seed10,229,456.0
hpmcounter10,drift,seed10,230,456.0
hpmcounter10,drift,seed10,231,456.0
hpmcounter10,drift,seed10,232,456.0
hpmcounter10,drift,seed10,233,456.0
hpmcounter10,drift,seed10,234,456.0
hpmcounter10,drift,seed10,235,456.0
hpmcounter10,drift,seed10,236,456.0
hpmcounter10,drift,seed10,237,456.0
hpmcounter10,drift,seed10,238,456.0
hpmcounter10,drift,seed10,239,456.0
hpmcounter10,drift,seed10,240,456.0
hpmcounter10,drift,seed10,241,456.0
hpmcounter10,drift,seed10,242,456.0
hpmcounter10,drift,seed10,243,456.0
hpmcounter10,drift,seed10,244,456.0
hpmcounter10,drift,seed10,245,456.0
hpmcounter10,drift,seed10,246,456.0
hpmcounter10,drift,seed10,247,456.0
hpmcounter10,drift,seed10,248,456.0
hpmcounter10,drift,seed10,249,456.0
hpmcounter10,drift,seed10,250,456.0
hpmcounter10,drift,seed10,251,456.0
hpmcounter10,drift,seed10,252,456.0
hpmcounter10,drift,seed10,253,456.0
hpmcounter10,drift,seed10,254,456.0
hpmcounter10,drift,seed10,255,456.0
hpmcounter10,drift,seed10,256,456.0
hpmcounter10,drift,seed10,257,456.0
hpmcounter10,drift,seed10,258,456.0
hpmcounter10,drift,seed10,259,456.0
hpmcounter10,drift,seed10,260,456.0
hpmcounter10,drift,seed10,261,456.0
hpmcounter10,drift,seed10,262,456.0
hpmcounter10,drift,seed10,263,456.0
hpmcounter10,drift,seed10,264,456.0
hpmcounter10,drift,seed10,265,456.0
hpmcounter10,drift,seed10,266,456.0
hpmcounter10,drift,seed10,267,456.0
hpmcounter10,drift,seed10,268,456.0
hpmcounter10,drift,seed10,269,456.0
hpmcounter10,drift,seed10,270,456.0
hpmcounter10,drift,seed10,271,456.0
hpmcounter10,drift,seed10,272,456.0
hpmcounter10,drift,seed10,273,456.0
hpmcounter10,drift,seed10,274,456.0
hpmcounter10,drift,seed10,275,456.0
hpmcounter10,drift,seed10,276,456.0
hpmcounter10,drift,seed10,277,456.0
hpmcounter10,drift,seed10,278,456.0
hpmcounter10,drift,seed10,279,456.0
hpmcounter10,drift,seed10,280,456.0
hpmcounter10,drift,seed10,281,456.0
hpmcounter10,drift,seed10,282,456.0
hpmcounter10,drift,seed10,283,456.0
hpmcounter10,drift,seed10,284,456.0
hpmcounter10,drift,seed10,285,456.0
hpmcounter10,drift,seed10,286,456.0
hpmcounter10,drift,seed10,287,456.0
hpmcounter10,drift,seed10,288,456.0
hpmcounter10,drift,seed10,289,456.0
hpmcounter10,drift,seed10,290,456.0
hpmcounter10,drift,seed10,291,456.0
hpmcounter10,drift,seed10,292,456.0
hpmcounter10,drift,seed10,293,456.0
hpmcounter10,drift,seed10,294,456.0
hpmcounter10,drift,seed10,295,456.0
hpmcounter10,drift,seed10,296,456.0
hpmcounter10,drift,seed10,297,456.0
hpmcounter10,drift,seed10,298,456.0
hpmcounter10,drift,seed11,9,455.0
hpmcounter10,drift,seed11,10,455.0
hpmcounter10,drift,seed11,11,455.05454545454546
hpmcounter10,drift,seed11,12,455.1515151515151
hpmcounter10,drift,seed11,13,455.27878787878785
hpmcounter10,drift,seed11,14,455.42424242424244
hpmcounter10,drift,seed11,15,455.57575757575756
hpmcounter10,drift,seed11,16,455.72121212121215
hpmcounter10,drift,seed11,17,455.8484848484849
hpmcounter10,drift,seed11,18,455.94545454545454
hpmcounter10,drift,seed11,19,456.0
hpmcounter10,drift,seed11,20,456.0
hpmcounter10,drift,seed11,21,456.0
hpmcounter10,drift,seed11,22,456.0
hpmcounter10,drift,seed11,23,456.0
hpmcounter10,drift,seed11,24,456.0
hpmcounter10,drift,seed11,25,456.0
hpmcounter10,drift,seed11,26,456.0
hpmcounter10,drift,seed11,27,456.0
hpmcounter10,drift,seed11,28,456.0
hpmcounter10,drift,seed11,29,456.0
hpmcounter10,drift,seed11,30,456.0
hpmcounter10,drift,seed11,31,456.0
hpmcounter10,drift,seed11,32,456.0
hpmcounter10,drift,seed11,33,456.0
hpmcounter10,drift,seed11,34,456.0
hpmcounter10,drift,seed11,35,456.0
hpmcounter10,drift,seed11,36,456.0
hpmcounter10,drift,seed11,37,456.0
hpmcounter10,drift,seed11,38,456.0
hpmcounter10,drift,seed11,39,456.0
hpmcounter10,drift,seed11,40,456.0
hpmcounter10,drift,seed11,41,456.0
hpmcounter10,drift,seed11,42,456.0
hpmcounter10,drift,seed11,43,456.0
hpmcounter10,drift,seed11,44,456.0
hpmcounter10,drift,seed11,45,456.0
hpmcounter10,drift,seed11,46,456.0
hpmcounter10,drift,seed11,47,456.0
hpmcounter10,drift,seed11,48,456.0
hpmcounter10,drift,seed11,49,456.0
hpmcounter10,drift,seed11,50,456.0
hpmcounter10,drift,seed11,51,456.0
hpmcounter10,drift,seed11,52,456.0
hpmcounter10,drift,seed11,53,456.0
hpmcounter10,drift,seed11,54,456.0
hpmcounter10,drift,seed11,55,459.0
hpmcounter10,drift,seed11,56,464.3333333333333
hpmcounter10,drift,seed11,57,471.3333333333333
hpmcounter10,drift,seed11,58,479.3333333333333
hpmcounter10,drift,seed11,59,487.6666666666667
hpmcounter10,drift,seed11,60,495.6666666666667
hpmcounter10,drift,seed11,61,502.6666666666667
hpmcounter10,drift,seed11,62,508.0
hpmcounter10,drift,seed11,63,511.0
hpmcounter10,drift,seed11,64,511.0
hpmcounter10,drift,seed11,65,508.0
hpmcounter10,drift,seed11,66,502.6666666666667
hpmcounter10,drift,seed11,67,495.6666666666667
hpmcounter10,drift,seed11,68,487.6666666666667
hpmcounter10,drift,seed11,69,479.3333333333333
hpmcounter10,drift,seed11,70,471.3333333333333
hpmcounter10,drift,seed11,71,464.3333333333333
hpmcounter10,drift,seed11,72,459.0
hpmcounter10,drift,seed11,73,456.0
hpmcounter10,drift,seed11,74,456.0
hpmcounter10,drift,seed11,75,456.0
hpmcounter10,drift,seed11,76,456.0
hpmcounter10,drift,seed11,77,456.0
hpmcounter10,drift,seed11,78,456.0
hpmcounter10,drift,seed11,79,456.0
hpmcounter10,drift,seed11,80,456.0
hpmcounter10,drift,seed11,81,456.0
hpmcounter10,drift,seed11,82,456.0
hpmcounter10,drift,seed11,83,456.0
hpmcounter10,drift,seed11,84,456.0
hpmcounter10,drift,seed11,85,456.0
hpmcounter10,drift,seed11,86,456.0
hpmcounter10,drift,seed11,87,456.0
hpmcounter10,drift,seed11,88,456.0
hpmcounter10,drift,seed11,89,456.0
hpmcounter10,drift,seed11,90,456.0
hpmcounter10,drift,seed11,91,456.0
hpmcounter10,drift,seed11,92,456.0
hpmcounter10,drift,seed11,93,456.0
hpmcounter10,drift,seed11,94,456.0
hpmcounter10,drift,seed11,95,456.0
hpmcounter10,drift,seed11,96,456.0
hpmcounter10,drift,seed11,97,456.0
hpmcounter10,drift,seed11,98,456.0
hpmcounter10,drift,seed11,99,456.0
hpmcounter10,drift,seed11,100,456.0
hpmcounter10,drift,seed11,101,456.0
hpmcounter10,drift,seed11,102,456.0
hpmcounter10,drift,seed11,103,459.0
hpmcounter10,drift,seed11,104,464.3333333333333
hpmcounter10,drift,seed11,105,468.3333333333333
hpmcounter10,drift,seed11,106,471.0
hpmcounter10,drift,seed11,107,472.3333333333333
hpmcounter10,drift,seed11,108,472.3333333333333
hpmcounter10,drift,seed11,109,471.0
hpmcounter10,drift,seed11,110,468.3333333333333
hpmcounter10,drift,seed11,111,464.3333333333333
hpmcounter10,drift,seed11,112,459.0
hpmcounter10,drift,seed11,113,456.0
hpmcounter10,drift,seed11,114,456.0
hpmcounter10,drift,seed11,115,456.0
hpmcounter10,drift,seed11,116,456.0
hpmcounter10,drift,seed11,117,456.0
hpmcounter10,drift,seed11,118,456.0
hpmcounter10,drift,seed11,119,456.0
hpmcounter10,drift,seed11,120,456.0
hpmcounter10,drift,seed11,121,456.0
hpmcounter10,drift,seed11,122,456.0
hpmcounter10,drift,seed11,123,456.0
hpmcounter10,drift,seed11,124,456.0
hpmcounter10,drift,seed11,125,456.0
hpmcounter10,drift,seed11,126,456.0
hpmcounter10,drift,seed11,127,456.0
hpmcounter10,drift,seed11,128,456.0
hpmcounter10,drift,seed11,129,456.0
hpmcounter10,drift,seed11,130,456.0
hpmcounter10,drift,seed11,131,456.0
hpmcounter10,drift,seed11,132,456.0
hpmcounter10,drift,seed11,133,456.0
hpmcounter10,drift,seed11,134,456.0
hpmcounter10,drift,seed11,135,456.0
hpmcounter10,drift,seed11,136,456.0
hpmcounter10,drift,seed11,137,456.0
hpmcounter10,drift,seed11,138,456.0
hpmcounter10,drift,seed11,139,456.0
hpmcounter10,drift,seed11,140,456.0
hpmcounter10,drift,seed11,141,456.0
hpmcounter10,drift,seed11,142,456.0
hpmcounter10,drift,seed11,143,456.0
hpmcounter10,drift,seed11,144,456.0
hpmcounter10,drift,seed11,145,456.0
hpmcounter10,drift,seed11,146,456.0
hpmcounter10,drift,seed11,147,456.0
hpmcounter10,drift,seed11,148,456.0
hpmcounter10,drift,seed11,149,456.0
hpmcounter10,drift,seed11,150,456.0
hpmcounter10,drift,seed11,151,456.0
hpmcounter10,drift,seed11,152,456.0
hpmcounter10,drift,seed11,153,456.0
hpmcounter10,drift,seed11,154,456.0
hpmcounter10,drift,seed11,155,456.0
hpmcounter10,drift,seed11,156,456.0
hpmcounter10,drift,seed11,157,456.0
hpmcounter10,drift,seed11,158,456.0
hpmcounter10,drift,seed11,159,456.0
hpmcounter10,drift,seed11,160,456.0
hpmcounter10,drift,seed11,161,456.0
hpmcounter10,drift,seed11,162,456.0
hpmcounter10,drift,seed11,163,456.0
hpmcounter10,drift,seed11,164,456.0
hpmcounter10,drift,seed11,165,456.0
hpmcounter10,drift,seed11,166,459.0
hpmcounter10,drift,seed11,167,464.3333333333333
hpmcounter10,drift,seed11,168,471.3333333333333
hpmcounter10,drift,seed11,169,479.3333333333333
hpmcounter10,drift,seed11,170,487.6666666666667
hpmcounter10,drift,seed11,171,495.6666666666667
hpmcounter10,drift,seed11,172,502.6121212121212
hpmcounter10,drift,seed11,173,507.8484848484849
hpmcounter10,drift,seed11,174,510.77575757575755
hpmcounter10,drift,seed11,175,510.6727272727273
hpmcounter10,drift,seed11,176,507.6060606060606
hpmcounter10,drift,seed11,177,505.1878787878788
hpmcounter10,drift,seed11,178,500.4848484848485
hpmcounter10,drift,seed11,179,494.1636363636364
hpmcounter10,drift,seed11,180,486.8909090909091
hpmcounter10,drift,seed11,181,479.3333333333333
hpmcounter10,drift,seed11,182,472.09090909090907
hpmcounter10,drift,seed11,183,465.8181818181818
hpmcounter10,drift,seed11,184,461.23636363636365
hpmcounter10,drift,seed11,185,458.94545454545454
hpmcounter10,drift,seed11,186,456.0
hpmcounter10,drift,seed11,187,456.0
hpmcounter10,drift,seed11,188,456.0
hpmcounter10,drift,seed11,189,456.0
hpmcounter10,drift,seed11,190,456.0
hpmcounter10,drift,seed11,191,456.0
hpmcounter10,drift,seed11,192,456.0
hpmcounter10,drift,seed11,193,456.0
hpmcounter10,drift,seed11,194,456.0
hpmcounter10,drift,seed11,195,456.0
hpmcounter10,drift,seed11,196,456.0
hpmcounter10,drift,seed11,197,456.0
hpmcounter10,drift,seed11,198,456.0
hpmcounter10,drift,seed11,199,456.0
hpmcounter10,drift,seed11,200,456.0
hpmcounter10,drift,seed11,201,456.0
hpmcounter10,drift,seed11,202,456.0
hpmcounter10,drift,seed11,203,456.0
hpmcounter10,drift,seed11,204,459.0
hpmcounter10,drift,seed11,205,464.3333333333333
hpmcounter10,drift,seed11,206,471.3333333333333
hpmcounter10,drift,seed11,207,479.3333333333333
hpmcounter10,drift,seed11,208,487.6121212121212
hpmcounter10,drift,seed11,209,492.56969696969696
hpmcounter10,drift,seed11,210,494.2060606060606
hpmcounter10,drift,seed11,211,492.5212121212121
hpmcounter10,drift,seed11,212,487.5151515151515
hpmcounter10,drift,seed11,213,479.1878787878788
hpmcounter10,drift,seed11,214,471.2060606060606
hpmcounter10,drift,seed11,215,464.23636363636365
hpmcounter10,drift,seed11,216,458.94545454545454
hpmcounter10,drift,seed11,217,456.0
hpmcounter10,drift,seed11,218,456.0
hpmcounter10,drift,seed11,219,456.0
hpmcounter10,drift,seed11,220,456.0
hpmcounter10,drift,seed11,221,456.0
hpmcounter10,drift,seed11,222,456.0
hpmcounter10,drift,seed11,223,456.0
hpmcounter10,drift,seed11,224,456.0
hpmcounter10,drift,seed11,225,456.0
hpmcounter10,drift,seed11,226,456.0
hpmcounter10,drift,seed11,227,456.0
hpmcounter10,drift,seed11,228,456.0
hpmcounter10,drift,seed11,229,456.0
hpmcounter10,drift,seed11,230,456.0
hpmcounter10,drift,seed11,231,456.0
hpmcounter10,drift,seed11,232,456.0
hpmcounter10,drift,seed11,233,456.0
hpmcounter10,drift,seed11,234,456.0
hpmcounter10,drift,seed11,235,456.0
hpmcounter10,drift,seed11,236,456.0
hpmcounter10,drift,seed11,237,456.0
hpmcounter10,drift,seed11,238,456.0
hpmcounter10,drift,seed11,239,456.0
hpmcounter10,drift,seed11,240,456.0
hpmcounter10,drift,seed11,241,456.0
hpmcounter10,drift,seed11,242,456.0
hpmcounter10,drift,seed11,243,456.0
hpmcounter10,drift,seed11,244,456.0
hpmcounter10,drift,seed11,245,456.0
hpmcounter10,drift,seed11,246,456.0
hpmcounter10,drift,seed11,247,456.0
hpmcounter10,drift,seed11,248,456.0
hpmcounter10,drift,seed11,249,456.0
hpmcounter10,drift,seed11,250,456.0
hpmcounter10,drift,seed11,251,456.0
hpmcounter10,drift,seed11,252,456.0
hpmcounter10,drift,seed11,253,456.0
hpmcounter10,drift,seed11,254,456.0
hpmcounter10,drift,seed11,255,456.0
hpmcounter10,drift,seed11,256,456.0
hpmcounter10,drift,seed11,257,456.0
hpmcounter10,drift,seed11,258,456.0
hpmcounter10,drift,seed11,259,456.0
hpmcounter10,drift,seed11,260,456.0
hpmcounter10,drift,seed11,261,456.0
hpmcounter10,drift,seed11,262,456.0
hpmcounter10,drift,seed11,263,456.0
hpmcounter10,drift,seed11,264,456.0
hpmcounter10,drift,seed11,265,456.0
hpmcounter10,drift,seed11,266,456.0
hpmcounter10,drift,seed11,267,456.0
hpmcounter10,drift,seed11,268,459.0
hpmcounter10,drift,seed11,269,461.3333333333333
hpmcounter10,drift,seed11,270,463.0
hpmcounter10,drift,seed11,271,467.0
hpmcounter10,drift,seed11,272,469.6666666666667
hpmcounter10,drift,seed11,273,471.0
hpmcounter10,drift,seed11,274,471.0
hpmcounter10,drift,seed11,275,469.6666666666667
hpmcounter10,drift,seed11,276,467.0
hpmcounter10,drift,seed11,277,463.0
hpmcounter10,drift,seed11,278,461.3333333333333
hpmcounter10,drift,seed11,279,459.0
hpmcounter10,drift,seed11,280,456.0
hpmcounter10,drift,seed11,281,456.0
hpmcounter10,drift,seed11,282,456.0
hpmcounter10,drift,seed11,283,456.0
hpmcounter10,drift,seed11,284,456.0
hpmcounter10,drift,seed11,285,456.0
hpmcounter10,drift,seed11,286,456.0
hpmcounter10,drift,seed11,287,456.0
hpmcounter10,drift,seed11,288,456.0
hpmcounter10,drift,seed11,289,456.0
hpmcounter10,drift,seed11,290,456.0
hpmcounter10,drift,seed11,291,456.0
hpmcounter10,drift,seed11,292,456.0
hpmcounter10,drift,seed11,293,456.0
hpmcounter10,drift,seed11,294,456.0
hpmcounter10,drift,seed11,295,456.0
hpmcounter10,drift,seed11,296,456.0
hpmcounter10,drift,seed11,297,456.0
hpmcounter10,drift,seed11,298,456.0
hpmcounter10,drift,seed12,9,455.0
hpmcounter10,drift,seed12,10,455.0
hpmcounter10,drift,seed12,11,455.05454545454546
hpmcounter10,drift,seed12,12,455.1515151515151
hpmcounter10,drift,seed12,13,455.27878787878785
hpmcounter10,drift,seed12,14,455.42424242424244
hpmcounter10,drift,seed12,15,455.57575757575756
hpmcounter10,drift,seed12,16,455.72121212121215
hpmcounter10,drift,seed12,17,455.8484848484849
hpmcounter10,drift,seed12,18,455.94545454545454
hpmcounter10,drift,seed12,19,456.0
hpmcounter10,drift,seed12,20,456.0
hpmcounter10,drift,seed12,21,456.0
hpmcounter10,drift,seed12,22,456.0
hpmcounter10,drift,seed12,23,456.0
hpmcounter10,drift,seed12,24,456.0
hpmcounter10,drift,seed12,25,456.0
hpmcounter10,drift,seed12,26,456.0
hpmcounter10,drift,seed12,27,456.0
hpmcounter10,drift,seed12,28,456.0
hpmcounter10,drift,seed12,29,456.0
hpmcounter10,drift,seed12,30,456.0
hpmcounter10,drift,seed12,31,456.0
hpmcounter10,drift,seed12,32,456.0
hpmcounter10,drift,seed12,33,459.0
hpmcounter10,drift,seed12,34,461.3333333333333
hpmcounter10,drift,seed12,35,466.0
hpmcounter10,drift,seed12,36,472.3333333333333
hpmcounter10,drift,seed12,37,476.6666666666667
hpmcounter10,drift,seed12,38,479.0
hpmcounter10,drift,seed12,39,479.3333333333333
hpmcounter10,drift,seed12,40,480.6666666666667
hpmcounter10,drift,seed12,41,482.3333333333333
hpmcounter10,drift,seed12,42,483.6121212121212
hpmcounter10,drift,seed12,43,484.56969696969696
hpmcounter10,drift,seed12,44,482.2060606060606
hpmcounter10,drift,seed12,45,483.1878787878788
hpmcounter10,drift,seed12,46,487.5151515151515
hpmcounter10,drift,seed12,47,491.5212121212121
hpmcounter10,drift,seed12,48,491.53939393939396
hpmcounter10,drift,seed12,49,487.56969696969696
hpmcounter10,drift,seed12,50,483.27878787878785
hpmcounter10,drift,seed12,51,482.3333333333333
hpmcounter10,drift,seed12,52,484.6666666666667
hpmcounter10,drift,seed12,53,486.6666666666667
hpmcounter10,drift,seed12,54,484.6666666666667
hpmcounter10,drift,seed12,55,482.3333333333333
hpmcounter10,drift,seed12,56,480.3333333333333
hpmcounter10,drift,seed12,57,479.3333333333333
hpmcounter10,drift,seed12,58,476.3333333333333
hpmcounter10,drift,seed12,59,471.3333333333333
hpmcounter10,drift,seed12,60,464.3333333333333
hpmcounter10,drift,seed12,61,459.0
hpmcounter10,drift,seed12,62,456.0
hpmcounter10,drift,seed12,63,456.0
hpmcounter10,drift,seed12,64,456.0
hpmcounter10,drift,seed12,65,456.0
hpmcounter10,drift,seed12,66,456.0
hpmcounter10,drift,seed12,67,456.0
hpmcounter10,drift,seed12,68,456.0
hpmcounter10,drift,seed12,69,456.0
hpmcounter10,drift,seed12,70,456.0
hpmcounter10,drift,seed12,71,456.0
hpmcounter10,drift,seed12,72,456.0
hpmcounter10,drift,seed12,73,456.0
hpmcounter10,drift,seed12,74,456.0
hpmcounter10,drift,seed12,75,456.0
hpmcounter10,drift,seed12,76,456.0
hpmcounter10,drift,seed12,77,456.0
hpmcounter10,drift,seed12,78,456.0
hpmcounter10,drift,seed12,79,456.0
hpmcounter10,drift,seed12,80,456.0
hpmcounter10,drift,seed12,81,456.0
hpmcounter10,drift,seed12,82,456.0
hpmcounter10,drift,seed12,83,456.0
hpmcounter10,drift,seed12,84,456.0
hpmcounter10,drift,seed12,85,456.0
hpmcounter10,drift,seed12,86,456.0
hpmcounter10,drift,seed12,87,456.0
hpmcounter10,drift,seed12,88,456.0
hpmcounter10,drift,seed12,89,456.0
hpmcounter10,drift,seed12,90,456.0
hpmcounter10,drift,seed12,91,456.0
hpmcounter10,drift,seed12,92,456.0
hpmcounter10,drift,seed12,93,456.0
hpmcounter10,drift,seed12,94,456.0
hpmcounter10,drift,seed12,95,456.0
hpmcounter10,drift,seed12,96,456.0
hpmcounter10,drift,seed12,97,456.0
hpmcounter10,drift,seed12,98,456.0
hpmcounter10,drift,seed12,99,456.0
hpmcounter10,drift,seed12,100,456.0
hpmcounter10,drift,seed12,101,456.0
hpmcounter10,drift,seed12,102,456.0
hpmcounter10,drift,seed12,103,456.0
hpmcounter10,drift,seed12,104,456.0
hpmcounter10,drift,seed12,105,456.0
hpmcounter10,drift,seed12,106,456.0
hpmcounter10,drift,seed12,107,456.0
hpmcounter10,drift,seed12,108,456.0
hpmcounter10,drift,seed12,109,456.0
hpmcounter10,drift,seed12,110,456.0
hpmcounter10,drift,seed12,111,456.0
hpmcounter10,drift,seed12,112,456.0
hpmcounter10,drift,seed12,113,456.0
hpmcounter10,drift,seed12,114,456.0
hpmcounter10,drift,seed12,115,456.0
hpmcounter10,drift,seed12,116,456.0
hpmcounter10,drift,seed12,117,456.0
hpmcounter10,drift,seed12,118,456.0
hpmcounter10,drift,seed12,119,456.0
hpmcounter10,drift,seed12,120,456.0
hpmcounter10,drift,seed12,121,456.0
hpmcounter10,drift,seed12,122,456.0
hpmcounter10,drift,seed12,123,456.0
hpmcounter10,drift,seed12,124,456.0
hpmcounter10,drift,seed12,125,456.0
hpmcounter10,drift,seed12,126,456.0
hpmcounter10,drift,seed12,127,456.0
hpmcounter10,drift,seed12,128,456.0
hpmcounter10,drift,seed12,129,456.0
hpmcounter10,drift,seed12,130,456.0
hpmcounter10,drift,seed12,131,456.0
hpmcounter10,drift,seed12,132,456.0
hpmcounter10,drift,seed12,133,456.0
hpmcounter10,drift,seed12,134,456.0
hpmcounter10,drift,seed12,135,456.0
hpmcounter10,drift,seed12,136,456.0
hpmcounter10,drift,seed12,137,456.0
hpmcounter10,drift,seed12,138,456.0
hpmcounter10,drift,seed12,139,456.0
hpmcounter10,drift,seed12,140,456.0
hpmcounter10,drift,seed12,141,456.0
hpmcounter10,drift,seed12,142,456.0
hpmcounter10,drift,seed12,143,456.0
hpmcounter10,drift,seed12,144,456.0
hpmcounter10,drift,seed12,145,456.0
hpmcounter10,drift,seed12,146,456.0
hpmcounter10,drift,seed12,147,456.0
hpmcounter10,drift,seed12,148,456.0
hpmcounter10,drift,seed12,149,456.0
hpmcounter10,drift,seed12,150,456.0
hpmcounter10,drift,seed12,151,456.0
hpmcounter10,drift,seed12,152,456.0
hpmcounter10,drift,seed12,153,456.0
hpmcounter10,drift,seed12,154,456.0
hpmcounter10,drift,seed12,155,456.0
hpmcounter10,drift,seed12,156,456.0
hpmcounter10,drift,seed12,157,456.0
hpmcounter10,drift,seed12,158,456.0
hpmcounter10,drift,seed12,159,459.0
hpmcounter10,drift,seed12,160,461.3333333333333
hpmcounter10,drift,seed12,161,466.0
hpmcounter10,drift,seed12,162,472.3333333333333
hpmcounter10,drift,seed12,163,479.6666666666667
hpmcounter10,drift,seed12,164,487.3333333333333
hpmcounter10,drift,seed12,165,494.6666666666667
hpmcounter10,drift,seed12,166,501.0
hpmcounter10,drift,seed12,167,505.6121212121212
hpmcounter10,drift,seed12,168,504.9030303030303
hpmcounter10,drift,seed12,169,502.53939393939396
hpmcounter10,drift,seed12,170,495.5212121212121
hpmcounter10,drift,seed12,171,487.5151515151515
hpmcounter10,drift,seed12,172,479.1878787878788
hpmcounter10,drift,seed12,173,471.2060606060606
hpmcounter10,drift,seed12,174,464.23636363636365
hpmcounter10,drift,seed12,175,458.94545454545454
hpmcounter10,drift,seed12,176,456.0
hpmcounter10,drift,seed12,177,456.0
hpmcounter10,drift,seed12,178,456.0
hpmcounter10,drift,seed12,179,456.0
hpmcounter10,drift,seed12,180,456.0
hpmcounter10,drift,seed12,181,456.0
hpmcounter10,drift,seed12,182,456.0
hpmcounter10,drift,seed12,183,456.0
hpmcounter10,drift,seed12,184,456.0
hpmcounter10,drift,seed12,185,456.0
hpmcounter10,drift,seed12,186,456.0
hpmcounter10,drift,seed12,187,459.0
hpmcounter10,drift,seed12,188,461.3333333333333
hpmcounter10,drift,seed12,189,463.0
hpmcounter10,drift,seed12,190,464.0
hpmcounter10,drift,seed12,191,464.3333333333333
hpmcounter10,drift,seed12,192,464.0
hpmcounter10,drift,seed12,193,463.0
hpmcounter10,drift,seed12,194,461.3333333333333
hpmcounter10,drift,seed12,195,459.0
hpmcounter10,drift,seed12,196,456.0
hpmcounter10,drift,seed12,197,456.0
hpmcounter10,drift,seed12,198,456.0
hpmcounter10,drift,seed12,199,456.0
hpmcounter10,drift,seed12,200,456.0
hpmcounter10,drift,seed12,201,456.0
hpmcounter10,drift,seed12,202,456.0
hpmcounter10,drift,seed12,203,456.0
hpmcounter10,drift,seed12,204,456.0
hpmcounter10,drift,seed12,205,456.0
hpmcounter10,drift,seed12,206,456.0
hpmcounter10,drift,seed12,207,456.0
hpmcounter10,drift,seed12,208,456.0
hpmcounter10,drift,seed12,209,456.0
hpmcounter10,drift,seed12,210,456.0
hpmcounter10,drift,seed12,211,456.0
hpmcounter10,drift,seed12,212,456.0
hpmcounter10,drift,seed12,213,456.0
hpmcounter10,drift,seed12,214,456.0
hpmcounter10,drift,seed12,215,456.0
hpmcounter10,drift,seed12,216,456.0
hpmcounter10,drift,seed12,217,456.0
hpmcounter10,drift,seed12,218,456.0
hpmcounter10,drift,seed12,219,456.0
hpmcounter10,drift,seed12,220,456.0
hpmcounter10,drift,seed12,221,456.0
hpmcounter10,drift,seed12,222,456.0
hpmcounter10,drift,seed12,223,456.0
hpmcounter10,drift,seed12,224,459.0
hpmcounter10,drift,seed12,225,464.3333333333333
hpmcounter10,drift,seed12,226,471.3333333333333
hpmcounter10,drift,seed12,227,479.3333333333333
hpmcounter10,drift,seed12,228,487.6666666666667
hpmcounter10,drift,seed12,229,495.6666666666667
hpmcounter10,drift,seed12,230,502.6666666666667
hpmcounter10,drift,seed12,231,508.0
hpmcounter10,drift,seed12,232,510.94545454545454
hpmcounter10,drift,seed12,233,507.9030303030303
hpmcounter10,drift,seed12,234,502.53939393939396
hpmcounter10,drift,seed12,235,495.5212121212121
hpmcounter10,drift,seed12,236,487.5151515151515
hpmcounter10,drift,seed12,237,479.1878787878788
hpmcounter10,drift,seed12,238,471.2060606060606
hpmcounter10,drift,seed12,239,464.23636363636365
hpmcounter10,drift,seed12,240,458.94545454545454
hpmcounter10,drift,seed12,241,456.0
hpmcounter10,drift,seed12,242,456.0
hpmcounter10,drift,seed12,243,456.0
hpmcounter10,drift,seed12,244,456.0
hpmcounter10,drift,seed12,245,456.0
hpmcounter10,drift,seed12,246,456.0
hpmcounter10,drift,seed12,247,456.0
hpmcounter10,drift,seed12,248,456.0
hpmcounter10,drift,seed12,249,456.0
hpmcounter10,drift,seed12,250,456.0
hpmcounter10,drift,seed12,251,456.0
hpmcounter10,drift,seed12,252,456.0
hpmcounter10,drift,seed12,253,456.0
hpmcounter10,drift,seed12,254,456.0
hpmcounter10,drift,seed12,255,456.0
hpmcounter10,drift,seed12,256,456.0
hpmcounter10,drift,seed12,257,456.0
hpmcounter10,drift,seed12,258,456.0
hpmcounter10,drift,seed12,259,456.0
hpmcounter10,drift,seed12,260,456.0
hpmcounter10,drift,seed12,261,456.0
hpmcounter10,drift,seed12,262,456.0
hpmcounter10,drift,seed12,263,456.0
hpmcounter10,drift,seed12,264,456.0
hpmcounter10,drift,seed12,265,456.0
hpmcounter10,drift,seed12,266,456.0
hpmcounter10,drift,seed12,267,456.0
hpmcounter10,drift,seed12,268,456.0
hpmcounter10,drift,seed12,269,456.0
hpmcounter10,drift,seed12,270,456.0
hpmcounter10,drift,seed12,271,456.0
hpmcounter10,drift,seed12,272,456.0
hpmcounter10,drift,seed12,273,456.0
hpmcounter10,drift,seed12,274,456.0
hpmcounter10,drift,seed12,275,459.0
hpmcounter10,drift,seed12,276,464.3333333333333
hpmcounter10,drift,seed12,277,471.3333333333333
hpmcounter10,drift,seed12,278,479.3333333333333
hpmcounter10,drift,seed12,279,487.6666666666667
hpmcounter10,drift,seed12,280,492.6666666666667
hpmcounter10,drift,seed12,281,494.3333333333333
hpmcounter10,drift,seed12,282,492.6666666666667
hpmcounter10,drift,seed12,283,487.6666666666667
hpmcounter10,drift,seed12,284,479.3333333333333
hpmcounter10,drift,seed12,285,471.3333333333333
hpmcounter10,drift,seed12,286,464.3333333333333
hpmcounter10,drift,seed12,287,459.0
hpmcounter10,drift,seed12,288,456.0
hpmcounter10,drift,seed12,289,456.0
hpmcounter10,drift,seed12,290,456.0
hpmcounter10,drift,seed12,291,456.0
hpmcounter10,drift,seed12,292,456.0
hpmcounter10,drift,seed12,293,456.0
hpmcounter10,drift,seed12,294,456.0
hpmcounter10,drift,seed12,295,456.0
hpmcounter10,drift,seed12,296,456.0
hpmcounter10,drift,seed12,297,456.0
hpmcounter10,drift,seed12,298,456.0
hpmcounter10,drift,seed13,9,455.0
hpmcounter10,drift,seed13,10,455.0
hpmcounter10,drift,seed13,11,455.05454545454546
hpmcounter10,drift,seed13,12,455.1515151515151
hpmcounter10,drift,seed13,13,455.27878787878785
hpmcounter10,drift,seed13,14,455.42424242424244
hpmcounter10,drift,seed13,15,455.57575757575756
hpmcounter10,drift,seed13,16,455.72121212121215
hpmcounter10,drift,seed13,17,455.8484848484849
hpmcounter10,drift,seed13,18,455.94545454545454
hpmcounter10,drift,seed13,19,456.0
hpmcounter10,drift,seed13,20,456.0
hpmcounter10,drift,seed13,21,456.0
hpmcounter10,drift,seed13,22,456.0
hpmcounter10,drift,seed13,23,456.0
hpmcounter10,drift,seed13,24,456.0
hpmcounter10,drift,seed13,25,456.0
hpmcounter10,drift,seed13,26,456.0
hpmcounter10,drift,seed13,27,456.0
hpmcounter10,drift,seed13,28,456.0
hpmcounter10,drift,seed13,29,456.0
hpmcounter10,drift,seed13,30,456.0
hpmcounter10,drift,seed13,31,456.0
hpmcounter10,drift,seed13,32,456.0
hpmcounter10,drift,seed13,33,456.0
hpmcounter10,drift,seed13,34,456.0
hpmcounter10,drift,seed13,35,456.0
hpmcounter10,drift,seed13,36,456.0
hpmcounter10,drift,seed13,37,456.0
hpmcounter10,drift,seed13,38,456.0
hpmcounter10,drift,seed13,39,456.0
hpmcounter10,drift,seed13,40,456.0
hpmcounter10,drift,seed13,41,456.0
hpmcounter10,drift,seed13,42,456.0
hpmcounter10,drift,seed13,43,456.0
hpmcounter10,drift,seed13,44,456.0
hpmcounter10,drift,seed13,45,456.0
hpmcounter10,drift,seed13,46,456.0
hpmcounter10,drift,seed13,47,456.0
hpmcounter10,drift,seed13,48,456.0
hpmcounter10,drift,seed13,49,456.0
hpmcounter10,drift,seed13,50,456.0
hpmcounter10,drift,seed13,51,456.0
hpmcounter10,drift,seed13,52,456.0
hpmcounter10,drift,seed13,53,456.0
hpmcounter10,drift,seed13,54,456.0
hpmcounter10,drift,seed13,55,456.0
hpmcounter10,drift,seed13,56,456.0
hpmcounter10,drift,seed13,57,456.0
hpmcounter10,drift,seed13,58,456.0
hpmcounter10,drift,seed13,59,456.0
hpmcounter10,drift,seed13,60,456.0
hpmcounter10,drift,seed13,61,456.0
hpmcounter10,drift,seed13,62,459.0
hpmcounter10,drift,seed13,63,461.3333333333333
hpmcounter10,drift,seed13,64,463.0
hpmcounter10,drift,seed13,65,464.0
hpmcounter10,drift,seed13,66,464.3333333333333
hpmcounter10,drift,seed13,67,464.0
hpmcounter10,drift,seed13,68,463.0
hpmcounter10,drift,seed13,69,461.3333333333333
hpmcounter10,drift,seed13,70,459.0
hpmcounter10,drift,seed13,71,456.0
hpmcounter10,drift,seed13,72,456.0
hpmcounter10,drift,seed13,73,456.0
hpmcounter10,drift,seed13,74,456.0
hpmcounter10,drift,seed13,75,456.0
hpmcounter10,drift,seed13,76,456.0
hpmcounter10,drift,seed13,77,456.0
hpmcounter10,drift,seed13,78,456.0
hpmcounter10,drift,seed13,79,456.0
hpmcounter10,drift,seed13,80,456.0
hpmcounter10,drift,seed13,81,456.0
hpmcounter10,drift,seed13,82,456.0
hpmcounter10,drift,seed13,83,456.0
hpmcounter10,drift,seed13,84,456.0
hpmcounter10,drift,seed13,85,456.0
hpmcounter10,drift,seed13,86,456.0
hpmcounter10,drift,seed13,87,456.0
hpmcounter10,drift,seed13,88,456.0
hpmcounter10,drift,seed13,89,456.0
hpmcounter10,drift,seed13,90,456.0
hpmcounter10,drift,seed13,91,456.0
hpmcounter10,drift,seed13,92,456.0
hpmcounter10,drift,seed13,93,456.0
hpmcounter10,drift,seed13,94,456.0
hpmcounter10,drift,seed13,95,456.0
hpmcounter10,drift,seed13,96,456.0
hpmcounter10,drift,seed13,97,456.0
hpmcounter10,drift,seed13,98,456.0
hpmcounter10,drift,seed13,99,456.0
hpmcounter10,drift,seed13,100,456.0
hpmcounter10,drift,seed13,101,456.0
hpmcounter10,drift,seed13,102,456.0
hpmcounter10,drift,seed13,103,456.0
hpmcounter10,drift,seed13,104,456.0
hpmcounter10,drift,seed13,105,456.0
hpmcounter10,drift,seed13,106,456.0
hpmcounter10,drift,seed13,107,456.0
hpmcounter10,drift,seed13,108,456.0
hpmcounter10,drift,seed13,109,456.0
hpmcounter10,drift,seed13,110,456.0
hpmcounter10,drift,seed13,111,456.0
hpmcounter10,drift,seed13,112,456.0
hpmcounter10,drift,seed13,113,456.0
hpmcounter10,drift,seed13,114,456.0
hpmcounter10,drift,seed13,115,456.0
hpmcounter10,drift,seed13,116,456.0
hpmcounter10,drift,seed13,117,456.0
hpmcounter10,drift,seed13,118,456.0
hpmcounter10,drift,seed13,119,456.0
hpmcounter10,drift,seed13,120,456.0
hpmcounter10,drift,seed13,121,456.0
hpmcounter10,drift,seed13,122,456.0
hpmcounter10,drift,seed13,123,456.0
hpmcounter10,drift,seed13,124,456.0
hpmcounter10,drift,seed13,125,456.0
hpmcounter10,drift,seed13,126,456.0
hpmcounter10,drift,seed13,127,456.0
hpmcounter10,drift,seed13,128,456.0
hpmcounter10,drift,seed13,129,456.0
hpmcounter10,drift,seed13,130,456.0
hpmcounter10,drift,seed13,131,456.0
hpmcounter10,drift,seed13,132,456.0
hpmcounter10,drift,seed13,133,456.0
hpmcounter10,drift,seed13,134,456.0
hpmcounter10,drift,seed13,135,456.0
hpmcounter10,drift,seed13,136,456.0
hpmcounter10,drift,seed13,137,456.0
hpmcounter10,drift,seed13,138,456.0
hpmcounter10,drift,seed13,139,456.0
hpmcounter10,drift,seed13,140,456.0
hpmcounter10,drift,seed13,141,456.0
hpmcounter10,drift,seed13,142,456.0
hpmcounter10,drift,seed13,143,456.0
hpmcounter10,drift,seed13,144,456.0
hpmcounter10,drift,seed13,145,456.0
hpmcounter10,drift,seed13,146,456.0
hpmcounter10,drift,seed13,147,456.0
hpmcounter10,drift,seed13,148,456.0
hpmcounter10,drift,seed13,149,456.0
hpmcounter10,drift,seed13,150,456.0
hpmcounter10,drift,seed13,151,456.0
hpmcounter10,drift,seed13,152,456.0
hpmcounter10,drift,seed13,153,456.0
hpmcounter10,drift,seed13,154,456.0
hpmcounter10,drift,seed13,155,456.0
hpmcounter10,drift,seed13,156,456.0
hpmcounter10,drift,seed13,157,456.0
hpmcounter10,drift,seed13,158,456.0
hpmcounter10,drift,seed13,159,456.0
hpmcounter10,drift,seed13,160,456.0
hpmcounter10,drift,seed13,161,459.0
hpmcounter10,drift,seed13,162,464.3333333333333
hpmcounter10,drift,seed13,163,471.3333333333333
hpmcounter10,drift,seed13,164,479.3333333333333
hpmcounter10,drift,seed13,165,484.6666666666667
hpmcounter10,drift,seed13,166,487.3333333333333
hpmcounter10,drift,seed13,167,487.3333333333333
hpmcounter10,drift,seed13,168,484.6666666666667
hpmcounter10,drift,seed13,169,479.3333333333333
hpmcounter10,drift,seed13,170,471.3333333333333
hpmcounter10,drift,seed13,171,464.3333333333333
hpmcounter10,drift,seed13,172,459.0
hpmcounter10,drift,seed13,173,456.0
hpmcounter10,drift,seed13,174,456.0
hpmcounter10,drift,seed13,175,456.0
hpmcounter10,drift,seed13,176,456.0
hpmcounter10,drift,seed13,177,456.0
hpmcounter10,drift,seed13,178,456.0
hpmcounter10,drift,seed13,179,456.0
hpmcounter10,drift,seed13,180,456.0
hpmcounter10,drift,seed13,181,456.0
hpmcounter10,drift,seed13,182,456.0
hpmcounter10,drift,seed13,183,456.0
hpmcounter10,drift,seed13,184,456.0
hpmcounter10,drift,seed13,185,456.0
hpmcounter10,drift,seed13,186,456.0
hpmcounter10,drift,seed13,187,456.0
hpmcounter10,drift,seed13,188,456.0
hpmcounter10,drift,seed13,189,456.0
hpmcounter10,drift,seed13,190,456.0
hpmcounter10,drift,seed13,191,456.0
hpmcounter10,drift,seed13,192,456.0
hpmcounter10,drift,seed13,193,456.0
hpmcounter10,drift,seed13,194,456.0
hpmcounter10,drift,seed13,195,456.0
hpmcounter10,drift,seed13,196,456.0
hpmcounter10,drift,seed13,197,456.0
hpmcounter10,drift,seed13,198,456.0
hpmcounter10,drift,seed13,199,456.0
hpmcounter10,drift,seed13,200,456.0
hpmcounter10,drift,seed13,201,456.0
hpmcounter10,drift,seed13,202,456.0
hpmcounter10,drift,seed13,203,456.0
hpmcounter10,drift,seed13,204,456.0
hpmcounter10,drift,seed13,205,456.0
hpmcounter10,drift,seed13,206,456.0
hpmcounter10,drift,seed13,207,456.0
hpmcounter10,drift,seed13,208,456.0
hpmcounter10,drift,seed13,209,456.0
hpmcounter10,drift,seed13,210,456.0
hpmcounter10,drift,seed13,211,456.0
hpmcounter10,drift,seed13,212,456.0
hpmcounter10,drift,seed13,213,456.0
hpmcounter10,drift,seed13,214,456.0
hpmcounter10,drift,seed13,215,456.0
hpmcounter10,drift,seed13,216,456.0
hpmcounter10,drift,seed13,217,456.0
hpmcounter10,drift,seed13,218,456.0
hpmcounter10,drift,seed13,219,456.0
hpmcounter10,drift,seed13,220,456.0
hpmcounter10,drift,seed13,221,456.0
hpmcounter10,drift,seed13,222,456.0
hpmcounter10,drift,seed13,223,456.0
hpmcounter10,drift,seed13,224,456.0
hpmcounter10,drift,seed13,225,456.0
hpmcounter10,drift,seed13,226,456.0
hpmcounter10,drift,seed13,227,456.0
hpmcounter10,drift,seed13,228,456.0
hpmcounter10,drift,seed13,229,456.0
hpmcounter10,drift,seed13,230,456.0
hpmcounter10,drift,seed13,231,456.0
hpmcounter10,drift,seed13,232,456.0
hpmcounter10,drift,seed13,233,456.0
hpmcounter10,drift,seed13,234,456.0
hpmcounter10,drift,seed13,235,456.0
hpmcounter10,drift,seed13,236,456.0
hpmcounter10,drift,seed13,237,456.0
hpmcounter10,drift,seed13,238,456.0
hpmcounter10,drift,seed13,239,456.0
hpmcounter10,drift,seed13,240,456.0
hpmcounter10,drift,seed13,241,456.0
hpmcounter10,drift,seed13,242,456.0
hpmcounter10,drift,seed13,243,456.0
hpmcounter10,drift,seed13,244,456.0
hpmcounter10,drift,seed13,245,456.0
hpmcounter10,drift,seed13,246,456.0
hpmcounter10,drift,seed13,247,456.0
hpmcounter10,drift,seed13,248,456.0
hpmcounter10,drift,seed13,249,456.0
hpmcounter10,drift,seed13,250,456.0
hpmcounter10,drift,seed13,251,456.0
hpmcounter10,drift,seed13,252,456.0
hpmcounter10,drift,seed13,253,456.0
hpmcounter10,drift,seed13,254,456.0
hpmcounter10,drift,seed13,255,456.0
hpmcounter10,drift,seed13,256,456.0
hpmcounter10,drift,seed13,257,456.0
hpmcounter10,drift,seed13,258,456.0
hpmcounter10,drift,seed13,259,456.0
hpmcounter10,drift,seed13,260,456.0
hpmcounter10,drift,seed13,261,456.0
hpmcounter10,drift,seed13,262,456.0
hpmcounter10,drift,seed13,263,456.0
hpmcounter10,drift,seed13,264,456.0
hpmcounter10,drift,seed13,265,456.0
hpmcounter10,drift,seed13,266,456.0
hpmcounter10,drift,seed13,267,456.0
hpmcounter10,drift,seed13,268,456.0
hpmcounter10,drift,seed13,269,456.0
hpmcounter10,drift,seed13,270,456.0
hpmcounter10,drift,seed13,271,456.0
hpmcounter10,drift,seed13,272,456.0
hpmcounter10,drift,seed13,273,456.0
hpmcounter10,drift,seed13,274,456.0
hpmcounter10,drift,seed13,275,456.0
hpmcounter10,drift,seed13,276,456.0
hpmcounter10,drift,seed13,277,456.0
hpmcounter10,drift,seed13,278,456.0
hpmcounter10,drift,seed13,279,456.0
hpmcounter10,drift,seed13,280,456.0
hpmcounter10,drift,seed13,281,456.0
hpmcounter10,drift,seed13,282,456.0
hpmcounter10,drift,seed13,283,456.0
hpmcounter10,drift,seed13,284,456.0
hpmcounter10,drift,seed13,285,456.0
hpmcounter10,drift,seed13,286,456.0
hpmcounter10,drift,seed13,287,456.0
hpmcounter10,drift,seed13,288,456.0
hpmcounter10,drift,seed13,289,456.0
hpmcounter10,drift,seed13,290,456.0
hpmcounter10,drift,seed13,291,456.0
hpmcounter10,drift,seed13,292,456.0
hpmcounter10,drift,seed13,293,456.0
hpmcounter10,drift,seed13,294,456.0
hpmcounter10,drift,seed13,295,456.0
hpmcounter10,drift,seed13,296,456.0
hpmcounter10,drift,seed13,297,456.0
hpmcounter10,drift,seed13,298,459.0
hpmcounter10,drift,seed14,9,455.0
hpmcounter10,drift,seed14,10,455.0
hpmcounter10,drift,seed14,11,455.05454545454546
hpmcounter10,drift,seed14,12,455.1515151515151
hpmcounter10,drift,seed14,13,455.27878787878785
hpmcounter10,drift,seed14,14,455.42424242424244
hpmcounter10,drift,seed14,15,455.57575757575756
hpmcounter10,drift,seed14,16,455.72121212121215
hpmcounter10,drift,seed14,17,455.8484848484849
hpmcounter10,drift,seed14,18,455.94545454545454
hpmcounter10,drift,seed14,19,456.0
hpmcounter10,drift,seed14,20,456.0
hpmcounter10,drift,seed14,21,456.0
hpmcounter10,drift,seed14,22,456.0
hpmcounter10,drift,seed14,23,456.0
hpmcounter10,drift,seed14,24,456.0
hpmcounter10,drift,seed14,25,456.0
hpmcounter10,drift,seed14,26,456.0
hpmcounter10,drift,seed14,27,456.0
hpmcounter10,drift,seed14,28,456.0
hpmcounter10,drift,seed14,29,456.0
hpmcounter10,drift,seed14,30,456.0
hpmcounter10,drift,seed14,31,456.0
hpmcounter10,drift,seed14,32,456.0
hpmcounter10,drift,seed14,33,456.0
hpmcounter10,drift,seed14,34,456.0
hpmcounter10,drift,seed14,35,456.0
hpmcounter10,drift,seed14,36,456.0
hpmcounter10,drift,seed14,37,456.0
hpmcounter10,drift,seed14,38,456.0
hpmcounter10,drift,seed14,39,456.0
hpmcounter10,drift,seed14,40,456.0
hpmcounter10,drift,seed14,41,456.0
hpmcounter10,drift,seed14,42,456.0
hpmcounter10,drift,seed14,43,456.0
hpmcounter10,drift,seed14,44,456.0
hpmcounter10,drift,seed14,45,456.0
hpmcounter10,drift,seed14,46,456.0
hpmcounter10,drift,seed14,47,456.0
hpmcounter10,drift,seed14,48,456.0
hpmcounter10,drift,seed14,49,456.0
hpmcounter10,drift,seed14,50,456.0
hpmcounter10,drift,seed14,51,456.0
hpmcounter10,drift,seed14,52,456.0
hpmcounter10,drift,seed14,53,456.0
hpmcounter10,drift,seed14,54,456.0
hpmcounter10,drift,seed14,55,456.0
hpmcounter10,drift,seed14,56,456.0
hpmcounter10,drift,seed14,57,456.0
hpmcounter10,drift,seed14,58,456.0
hpmcounter10,drift,seed14,59,456.0
hpmcounter10,drift,seed14,60,456.0
hpmcounter10,drift,seed14,61,456.0
hpmcounter10,drift,seed14,62,456.0
hpmcounter10,drift,seed14,63,456.0
hpmcounter10,drift,seed14,64,456.0
hpmcounter10,drift,seed14,65,456.0
hpmcounter10,drift,seed14,66,456.0
hpmcounter10,drift,seed14,67,459.0
hpmcounter10,drift,seed14,68,464.3333333333333
hpmcounter10,drift,seed14,69,471.3333333333333
hpmcounter10,drift,seed14,70,479.3333333333333
hpmcounter10,drift,seed14,71,484.6666666666667
hpmcounter10,drift,seed14,72,490.3333333333333
hpmcounter10,drift,seed14,73,492.6666666666667
hpmcounter10,drift,seed14,74,491.6666666666667
hpmcounter10,drift,seed14,75,487.3333333333333
hpmcounter10,drift,seed14,76,479.6666666666667
hpmcounter10,drift,seed14,77,472.3333333333333
hpmcounter10,drift,seed14,78,466.0
hpmcounter10,drift,seed14,79,461.3333333333333
hpmcounter10,drift,seed14,80,459.0
hpmcounter10,drift,seed14,81,456.0
hpmcounter10,drift,seed14,82,456.0
hpmcounter10,drift,seed14,83,456.0
hpmcounter10,drift,seed14,84,456.0
hpmcounter10,drift,seed14,85,456.0
hpmcounter10,drift,seed14,86,456.0
hpmcounter10,drift,seed14,87,456.0
hpmcounter10,drift,seed14,88,456.0
hpmcounter10,drift,seed14,89,456.0
hpmcounter10,drift,seed14,90,456.0
hpmcounter10,drift,seed14,91,456.0
hpmcounter10,drift,seed14,92,456.0
hpmcounter10,drift,seed14,93,456.0
hpmcounter10,drift,seed14,94,456.0
hpmcounter10,drift,seed14,95,456.0
hpmcounter10,drift,seed14,96,456.0
hpmcounter10,drift,seed14,97,456.0
hpmcounter10,drift,seed14,98,456.0
hpmcounter10,drift,seed14,99,456.0
hpmcounter10,drift,seed14,100,456.0
hpmcounter10,drift,seed14,101,456.0
hpmcounter10,drift,seed14,102,456.0
hpmcounter10,drift,seed14,103,456.0
hpmcounter10,drift,seed14,104,456.0
hpmcounter10,drift,seed14,105,456.0
hpmcounter10,drift,seed14,106,456.0
hpmcounter10,drift,seed14,107,456.0
hpmcounter10,drift,seed14,108,456.0
hpmcounter10,drift,seed14,109,456.0
hpmcounter10,drift,seed14,110,456.0
hpmcounter10,drift,seed14,111,456.0
hpmcounter10,drift,seed14,112,456.0
hpmcounter10,drift,seed14,113,456.0
hpmcounter10,drift,seed14,114,456.0
hpmcounter10,drift,seed14,115,456.0
hpmcounter10,drift,seed14,116,456.0
hpmcounter10,drift,seed14,117,456.0
hpmcounter10,drift,seed14,118,456.0
hpmcounter10,drift,seed14,119,456.0
hpmcounter10,drift,seed14,120,456.0
hpmcounter10,drift,seed14,121,456.0
hpmcounter10,drift,seed14,122,456.0
hpmcounter10,drift,seed14,123,456.0
hpmcounter10,drift,seed14,124,456.0
hpmcounter10,drift,seed14,125,456.0
hpmcounter10,drift,seed14,126,456.0
hpmcounter10,drift,seed14,127,456.0
hpmcounter10,drift,seed14,128,456.0
hpmcounter10,drift,seed14,129,456.0
hpmcounter10,drift,seed14,130,456.0
hpmcounter10,drift,seed14,131,456.0
hpmcounter10,drift,seed14,132,456.0
hpmcounter10,drift,seed14,133,459.0
hpmcounter10,drift,seed14,134,461.3333333333333
hpmcounter10,drift,seed14,135,463.0
hpmcounter10,drift,seed14,136,464.0
hpmcounter10,drift,seed14,137,464.3333333333333
hpmcounter10,drift,seed14,138,464.0
hpmcounter10,drift,seed14,139,463.0
hpmcounter10,drift,seed14,140,461.3333333333333
hpmcounter10,drift,seed14,141,459.0
hpmcounter10,drift,seed14,142,456.0
hpmcounter10,drift,seed14,143,456.0
hpmcounter10,drift,seed14,144,456.0
hpmcounter10,drift,seed14,145,456.0
hpmcounter10,drift,seed14,146,456.0
hpmcounter10,drift,seed14,147,456.0
hpmcounter10,drift,seed14,148,456.0
hpmcounter10,drift,seed14,149,456.0
hpmcounter10,drift,seed14,150,456.0
hpmcounter10,drift,seed14,151,456.0
hpmcounter10,drift,seed14,152,456.0
hpmcounter10,drift,seed14,153,456.0
hpmcounter10,drift,seed14,154,456.0
hpmcounter10,drift,seed14,155,459.0
hpmcounter10,drift,seed14,156,464.3333333333333
hpmcounter10,drift,seed14,157,471.3333333333333
hpmcounter10,drift,seed14,158,479.3333333333333
hpmcounter10,drift,seed14,159,487.6666666666667
hpmcounter10,drift,seed14,160,492.6666666666667
hpmcounter10,drift,seed14,161,494.3333333333333
hpmcounter10,drift,seed14,162,492.6666666666667
hpmcounter10,drift,seed14,163,487.6666666666667
hpmcounter10,drift,seed14,164,479.3333333333333
hpmcounter10,drift,seed14,165,471.3333333333333
hpmcounter10,drift,seed14,166,464.3333333333333
hpmcounter10,drift,seed14,167,459.0
hpmcounter10,drift,seed14,168,456.0
hpmcounter10,drift,seed14,169,456.0
hpmcounter10,drift,seed14,170,456.0
hpmcounter10,drift,seed14,171,456.0
hpmcounter10,drift,seed14,172,456.0
hpmcounter10,drift,seed14,173,456.0
hpmcounter10,drift,seed14,174,456.0
hpmcounter10,drift,seed14,175,456.0
hpmcounter10,drift,seed14,176,456.0
hpmcounter10,drift,seed14,177,456.0
hpmcounter10,drift,seed14,178,456.0
hpmcounter10,drift,seed14,179,456.0
hpmcounter10,drift,seed14,180,456.0
hpmcounter10,drift,seed14,181,456.0
hpmcounter10,drift,seed14,182,459.0
hpmcounter10,drift,seed14,183,464.3333333333333
hpmcounter10,drift,seed14,184,471.3333333333333
hpmcounter10,drift,seed14,185,479.3333333333333
hpmcounter10,drift,seed14,186,487.6666666666667
hpmcounter10,drift,seed14,187,495.6666666666667
hpmcounter10,drift,seed14,188,502.6666666666667
hpmcounter10,drift,seed14,189,508.0
hpmcounter10,drift,seed14,190,508.0
hpmcounter10,drift,seed14,191,502.6666666666667
hpmcounter10,drift,seed14,192,495.6666666666667
hpmcounter10,drift,seed14,193,487.6666666666667
hpmcounter10,drift,seed14,194,479.3333333333333
hpmcounter10,drift,seed14,195,471.3333333333333
hpmcounter10,drift,seed14,196,464.3333333333333
hpmcounter10,drift,seed14,197,459.0
hpmcounter10,drift,seed14,198,456.0
hpmcounter10,drift,seed14,199,456.0
hpmcounter10,drift,seed14,200,456.0
hpmcounter10,drift,seed14,201,456.0
hpmcounter10,drift,seed14,202,456.0
hpmcounter10,drift,seed14,203,456.0
hpmcounter10,drift,seed14,204,456.0
hpmcounter10,drift,seed14,205,456.0
hpmcounter10,drift,seed14,206,456.0
hpmcounter10,drift,seed14,207,456.0
hpmcounter10,drift,seed14,208,456.0
hpmcounter10,drift,seed14,209,456.0
hpmcounter10,drift,seed14,210,456.0
hpmcounter10,drift,seed14,211,456.0
hpmcounter10,drift,seed14,212,456.0
hpmcounter10,drift,seed14,213,456.0
hpmcounter10,drift,seed14,214,456.0
hpmcounter10,drift,seed14,215,456.0
hpmcounter10,drift,seed14,216,456.0
hpmcounter10,drift,seed14,217,456.0
hpmcounter10,drift,seed14,218,456.0
hpmcounter10,drift,seed14,219,456.0
hpmcounter10,drift,seed14,220,456.0
hpmcounter10,drift,seed14,221,456.0
hpmcounter10,drift,seed14,222,456.0
hpmcounter10,drift,seed14,223,456.0
hpmcounter10,drift,seed14,224,456.0
hpmcounter10,drift,seed14,225,456.0
hpmcounter10,drift,seed14,226,456.0
hpmcounter10,drift,seed14,227,456.0
hpmcounter10,drift,seed14,228,456.0
hpmcounter10,drift,seed14,229,456.0
hpmcounter10,drift,seed14,230,456.0
hpmcounter10,drift,seed14,231,456.0
hpmcounter10,drift,seed14,232,456.0
hpmcounter10,drift,seed14,233,456.0
hpmcounter10,drift,seed14,234,456.0
hpmcounter10,drift,seed14,235,456.0
hpmcounter10,drift,seed14,236,456.0
hpmcounter10,drift,seed14,237,456.0
hpmcounter10,drift,seed14,238,456.0
hpmcounter10,drift,seed14,239,456.0
hpmcounter10,drift,seed14,240,456.0
hpmcounter10,drift,seed14,241,456.0
hpmcounter10,drift,seed14,242,456.0
hpmcounter10,drift,seed14,243,456.0
hpmcounter10,drift,seed14,244,456.0
hpmcounter10,drift,seed14,245,456.0
hpmcounter10,drift,seed14,246,456.0
hpmcounter10,drift,seed14,247,456.0
hpmcounter10,drift,seed14,248,456.0
hpmcounter10,drift,seed14,249,456.0
hpmcounter10,drift,seed14,250,456.0
hpmcounter10,drift,seed14,251,456.0
hpmcounter10,drift,seed14,252,456.0
hpmcounter10,drift,seed14,253,456.0
hpmcounter10,drift,seed14,254,456.0
hpmcounter10,drift,seed14,255,456.0
hpmcounter10,drift,seed14,256,456.0
hpmcounter10,drift,seed14,257,456.0
hpmcounter10,drift,seed14,258,456.0
hpmcounter10,drift,seed14,259,456.0
hpmcounter10,drift,seed14,260,456.0
hpmcounter10,drift,seed14,261,456.0
hpmcounter10,drift,seed14,262,456.0
hpmcounter10,drift,seed14,263,456.0
hpmcounter10,drift,seed14,264,456.0
hpmcounter10,drift,seed14,265,456.0
hpmcounter10,drift,seed14,266,456.0
hpmcounter10,drift,seed14,267,456.0
hpmcounter10,drift,seed14,268,456.0
hpmcounter10,drift,seed14,269,456.0
hpmcounter10,drift,seed14,270,456.0
hpmcounter10,drift,seed14,271,456.0
hpmcounter10,drift,seed14,272,456.0
hpmcounter10,drift,seed14,273,456.0
hpmcounter10,drift,seed14,274,456.0
hpmcounter10,drift,seed14,275,456.0
hpmcounter10,drift,seed14,276,456.0
hpmcounter10,drift,seed14,277,456.0
hpmcounter10,drift,seed14,278,456.0
hpmcounter10,drift,seed14,279,456.0
hpmcounter10,drift,seed14,280,456.0
hpmcounter10,drift,seed14,281,456.0
hpmcounter10,drift,seed14,282,456.0
hpmcounter10,drift,seed14,283,456.0
hpmcounter10,drift,seed14,284,456.0
hpmcounter10,drift,seed14,285,456.0
hpmcounter10,drift,seed14,286,456.0
hpmcounter10,drift,seed14,287,456.0
hpmcounter10,drift,seed14,288,456.0
hpmcounter10,drift,seed14,289,456.0
hpmcounter10,drift,seed14,290,456.0
hpmcounter10,drift,seed14,291,456.0
hpmcounter10,drift,seed14,292,456.0
hpmcounter10,drift,seed14,293,456.0
hpmcounter10,drift,seed14,294,456.0
hpmcounter10,drift,seed14,295,456.0
hpmcounter10,drift,seed14,296,456.0
hpmcounter10,drift,seed14,297,456.0
hpmcounter10,drift,seed14,298,456.0
hpmcounter10,drift,seed15,9,483.2969696969697
hpmcounter10,drift,seed15,10,487.1272727272727
hpmcounter10,drift,seed15,11,491.030303030303
hpmcounter10,drift,seed15,12,494.3272727272727
hpmcounter10,drift,seed15,13,496.3393939393939
hpmcounter10,drift,seed15,14,498.45454545454544
hpmcounter10,drift,seed15,15,500.6363636363636
hpmcounter10,drift,seed15,16,499.8969696969697
hpmcounter10,drift,seed15,17,496.96363636363634
hpmcounter10,drift,seed15,18,492.6121212121212
hpmcounter10,drift,seed15,19,487.6666666666667
hpmcounter10,drift,seed15,20,479.3333333333333
hpmcounter10,drift,seed15,21,471.3333333333333
hpmcounter10,drift,seed15,22,464.3333333333333
hpmcounter10,drift,seed15,23,459.0
hpmcounter10,drift,seed15,24,456.0
hpmcounter10,drift,seed15,25,456.0
hpmcounter10,drift,seed15,26,456.0
hpmcounter10,drift,seed15,27,456.0
hpmcounter10,drift,seed15,28,456.0
hpmcounter10,drift,seed15,29,456.0
hpmcounter10,drift,seed15,30,456.0
hpmcounter10,drift,seed15,31,456.0
hpmcounter10,drift,seed15,32,456.0
hpmcounter10,drift,seed15,33,456.0
hpmcounter10,drift,seed15,34,456.0
hpmcounter10,drift,seed15,35,456.0
hpmcounter10,drift,seed15,36,456.0
hpmcounter10,drift,seed15,37,456.0
hpmcounter10,drift,seed15,38,456.0
hpmcounter10,drift,seed15,39,456.0
hpmcounter10,drift,seed15,40,456.0
hpmcounter10,drift,seed15,41,456.0
hpmcounter10,drift,seed15,42,456.0
hpmcounter10,drift,seed15,43,456.0
hpmcounter10,drift,seed15,44,456.0
hpmcounter10,drift,seed15,45,456.0
hpmcounter10,drift,seed15,46,456.0
hpmcounter10,drift,seed15,47,456.0
hpmcounter10,drift,seed15,48,456.0
hpmcounter10,drift,seed15,49,456.0
hpmcounter10,drift,seed15,50,456.0
hpmcounter10,drift,seed15,51,456.0
hpmcounter10,drift,seed15,52,456.0
hpmcounter10,drift,seed15,53,456.0
hpmcounter10,drift,seed15,54,456.0
hpmcounter10,drift,seed15,55,456.0
hpmcounter10,drift,seed15,56,459.0
hpmcounter10,drift,seed15,57,464.3333333333333
hpmcounter10,drift,seed15,58,468.3333333333333
hpmcounter10,drift,seed15,59,474.0
hpmcounter10,drift,seed15,60,480.6666666666667
hpmcounter10,drift,seed15,61,487.6666666666667
hpmcounter10,drift,seed15,62,494.3333333333333
hpmcounter10,drift,seed15,63,500.0
hpmcounter10,drift,seed15,64,501.0
hpmcounter10,drift,seed15,65,500.3333333333333
hpmcounter10,drift,seed15,66,498.0
hpmcounter10,drift,seed15,67,494.6666666666667
hpmcounter10,drift,seed15,68,487.3333333333333
hpmcounter10,drift,seed15,69,479.6666666666667
hpmcounter10,drift,seed15,70,472.3333333333333
hpmcounter10,drift,seed15,71,466.0
hpmcounter10,drift,seed15,72,461.3333333333333
hpmcounter10,drift,seed15,73,462.0
hpmcounter10,drift,seed15,74,464.3333333333333
hpmcounter10,drift,seed15,75,468.3333333333333
hpmcounter10,drift,seed15,76,471.0
hpmcounter10,drift,seed15,77,472.3333333333333
hpmcounter10,drift,seed15,78,472.3333333333333
hpmcounter10,drift,seed15,79,471.0
hpmcounter10,drift,seed15,80,468.3333333333333
hpmcounter10,drift,seed15,81,464.3333333333333
hpmcounter10,drift,seed15,82,459.0
hpmcounter10,drift,seed15,83,456.0
hpmcounter10,drift,seed15,84,456.0
hpmcounter10,drift,seed15,85,456.0
hpmcounter10,drift,seed15,86,456.0
hpmcounter10,drift,seed15,87,456.0
hpmcounter10,drift,seed15,88,456.0
hpmcounter10,drift,seed15,89,456.0
hpmcounter10,drift,seed15,90,456.0
hpmcounter10,drift,seed15,91,456.0
hpmcounter10,drift,seed15,92,456.0
hpmcounter10,drift,seed15,93,456.0
hpmcounter10,drift,seed15,94,456.0
hpmcounter10,drift,seed15,95,456.0
hpmcounter10,drift,seed15,96,456.0
hpmcounter10,drift,seed15,97,456.0
hpmcounter10,drift,seed15,98,456.0
hpmcounter10,drift,seed15,99,456.0
hpmcounter10,drift,seed15,100,456.0
hpmcounter10,drift,seed15,101,456.0
hpmcounter10,drift,seed15,102,456.0
hpmcounter10,drift,seed15,103,456.0
hpmcounter10,drift,seed15,104,456.0
hpmcounter10,drift,seed15,105,456.0
hpmcounter10,drift,seed15,106,456.0
hpmcounter10,drift,seed15,107,456.0
hpmcounter10,drift,seed15,108,456.0
hpmcounter10,drift,seed15,109,456.0
hpmcounter10,drift,seed15,110,456.0
hpmcounter10,drift,seed15,111,456.0
hpmcounter10,drift,seed15,112,456.0
hpmcounter10,drift,seed15,113,456.0
hpmcounter10,drift,seed15,114,456.0
hpmcounter10,drift,seed15,115,456.0
hpmcounter10,drift,seed15,116,456.0
hpmcounter10,drift,seed15,117,456.0
hpmcounter10,drift,seed15,118,456.0
hpmcounter10,drift,seed15,119,456.0
hpmcounter10,drift,seed15,120,456.0
hpmcounter10,drift,seed15,121,456.0
hpmcounter10,drift,seed15,122,456.0
hpmcounter10,drift,seed15,123,456.0
hpmcounter10,drift,seed15,124,458.94545454545454
hpmcounter10,drift,seed15,125,461.23636363636365
hpmcounter10,drift,seed15,126,462.8727272727273
hpmcounter10,drift,seed15,127,463.8545454545455
hpmcounter10,drift,seed15,128,464.1818181818182
hpmcounter10,drift,seed15,129,463.8545454545455
hpmcounter10,drift,seed15,130,462.8727272727273
hpmcounter10,drift,seed15,131,461.23636363636365
hpmcounter10,drift,seed15,132,458.94545454545454
hpmcounter10,drift,seed15,133,456.0
hpmcounter10,drift,seed15,134,456.0
hpmcounter10,drift,seed15,135,456.0
hpmcounter10,drift,seed15,136,456.0
hpmcounter10,drift,seed15,137,456.0
hpmcounter10,drift,seed15,138,456.0
hpmcounter10,drift,seed15,139,456.0
hpmcounter10,drift,seed15,140,459.0
hpmcounter10,drift,seed15,141,464.3333333333333
hpmcounter10,drift,seed15,142,471.3333333333333
hpmcounter10,drift,seed15,143,479.3333333333333
hpmcounter10,drift,seed15,144,487.6666666666667
hpmcounter10,drift,seed15,145,495.6666666666667
hpmcounter10,drift,seed15,146,502.6666666666667
hpmcounter10,drift,seed15,147,508.0
hpmcounter10,drift,seed15,148,511.0
hpmcounter10,drift,seed15,149,511.0
hpmcounter10,drift,seed15,150,508.0
hpmcounter10,drift,seed15,151,502.6666666666667
hpmcounter10,drift,seed15,152,495.6666666666667
hpmcounter10,drift,seed15,153,487.6666666666667
hpmcounter10,drift,seed15,154,479.3333333333333
hpmcounter10,drift,seed15,155,471.3333333333333
hpmcounter10,drift,seed15,156,464.3333333333333
hpmcounter10,drift,seed15,157,459.0
hpmcounter10,drift,seed15,158,456.0
hpmcounter10,drift,seed15,159,456.0
hpmcounter10,drift,seed15,160,456.0
hpmcounter10,drift,seed15,161,456.0
hpmcounter10,drift,seed15,162,456.0
hpmcounter10,drift,seed15,163,456.0
hpmcounter10,drift,seed15,164,456.0
hpmcounter10,drift,seed15,165,456.0
hpmcounter10,drift,seed15,166,456.0
hpmcounter10,drift,seed15,167,456.0
hpmcounter10,drift,seed15,168,456.0
hpmcounter10,drift,seed15,169,456.0
hpmcounter10,drift,seed15,170,456.0
hpmcounter10,drift,seed15,171,456.0
hpmcounter10,drift,seed15,172,456.0
hpmcounter10,drift,seed15,173,456.0
hpmcounter10,drift,seed15,174,456.0
hpmcounter10,drift,seed15,175,456.0
hpmcounter10,drift,seed15,176,456.0
hpmcounter10,drift,seed15,177,456.0
hpmcounter10,drift,seed15,178,456.0
hpmcounter10,drift,seed15,179,456.0
hpmcounter10,drift,seed15,180,456.0
hpmcounter10,drift,seed15,181,456.0
hpmcounter10,drift,seed15,182,456.0
hpmcounter10,drift,seed15,183,456.0
hpmcounter10,drift,seed15,184,456.0
hpmcounter10,drift,seed15,185,456.0
hpmcounter10,drift,seed15,186,456.0
hpmcounter10,drift,seed15,187,456.0
hpmcounter10,drift,seed15,188,456.0
hpmcounter10,drift,seed15,189,456.0
hpmcounter10,drift,seed15,190,456.0
hpmcounter10,drift,seed15,191,456.0
hpmcounter10,drift,seed15,192,456.0
hpmcounter10,drift,seed15,193,456.0
hpmcounter10,drift,seed15,194,456.0
hpmcounter10,drift,seed15,195,456.0
hpmcounter10,drift,seed15,196,456.0
hpmcounter10,drift,seed15,197,456.0
hpmcounter10,drift,seed15,198,456.0
hpmcounter10,drift,seed15,199,456.0
hpmcounter10,drift,seed15,200,456.0
hpmcounter10,drift,seed15,201,456.0
hpmcounter10,drift,seed15,202,456.0
hpmcounter10,drift,seed15,203,456.0
hpmcounter10,drift,seed15,204,456.0
hpmcounter10,drift,seed15,205,456.0
hpmcounter10,drift,seed15,206,456.0
hpmcounter10,drift,seed15,207,456.0
hpmcounter10,drift,seed15,208,456.0
hpmcounter10,drift,seed15,209,456.0
hpmcounter10,drift,seed15,210,456.0
hpmcounter10,drift,seed15,211,456.0
hpmcounter10,drift,seed15,212,456.0
hpmcounter10,drift,seed15,213,456.0
hpmcounter10,drift,seed15,214,456.0
hpmcounter10,drift,seed15,215,456.0
hpmcounter10,drift,seed15,216,456.0
hpmcounter10,drift,seed15,217,456.0
hpmcounter10,drift,seed15,218,456.0
hpmcounter10,drift,seed15,219,456.0
hpmcounter10,drift,seed15,220,456.0
hpmcounter10,drift,seed15,221,456.0
hpmcounter10,drift,seed15,222,456.0
hpmcounter10,drift,seed15,223,456.0
hpmcounter10,drift,seed15,224,456.0
hpmcounter10,drift,seed15,225,456.0
hpmcounter10,drift,seed15,226,456.0
hpmcounter10,drift,seed15,227,456.0
hpmcounter10,drift,seed15,228,456.0
hpmcounter10,drift,seed15,229,456.0
hpmcounter10,drift,seed15,230,456.0
hpmcounter10,drift,seed15,231,456.0
hpmcounter10,drift,seed15,232,456.0
hpmcounter10,drift,seed15,233,456.0
hpmcounter10,drift,seed15,234,456.0
hpmcounter10,drift,seed15,235,456.0
hpmcounter10,drift,seed15,236,456.0
hpmcounter10,drift,seed15,237,456.0
hpmcounter10,drift,seed15,238,456.0
hpmcounter10,drift,seed15,239,456.0
hpmcounter10,drift,seed15,240,456.0
hpmcounter10,drift,seed15,241,456.0
hpmcounter10,drift,seed15,242,456.0
hpmcounter10,drift,seed15,243,456.0
hpmcounter10,drift,seed15,244,456.0
hpmcounter10,drift,seed15,245,456.0
hpmcounter10,drift,seed15,246,456.0
hpmcounter10,drift,seed15,247,456.0
hpmcounter10,drift,seed15,248,456.0
hpmcounter10,drift,seed15,249,456.0
hpmcounter10,drift,seed15,250,456.0
hpmcounter10,drift,seed15,251,456.0
hpmcounter10,drift,seed15,252,456.0
hpmcounter10,drift,seed15,253,456.0
hpmcounter10,drift,seed15,254,456.0
hpmcounter10,drift,seed15,255,456.0
hpmcounter10,drift,seed15,256,456.0
hpmcounter10,drift,seed15,257,456.0
hpmcounter10,drift,seed15,258,456.0
hpmcounter10,drift,seed15,259,456.0
hpmcounter10,drift,seed15,260,456.0
hpmcounter10,drift,seed15,261,456.0
hpmcounter10,drift,seed15,262,456.0
hpmcounter10,drift,seed15,263,456.0
hpmcounter10,drift,seed15,264,456.0
hpmcounter10,drift,seed15,265,456.0
hpmcounter10,drift,seed15,266,456.0
hpmcounter10,drift,seed15,267,456.0
hpmcounter10,drift,seed15,268,456.0
hpmcounter10,drift,seed15,269,456.0
hpmcounter10,drift,seed15,270,456.0
hpmcounter10,drift,seed15,271,456.0
hpmcounter10,drift,seed15,272,456.0
hpmcounter10,drift,seed15,273,456.0
hpmcounter10,drift,seed15,274,456.0
hpmcounter10,drift,seed15,275,456.0
hpmcounter10,drift,seed15,276,456.0
hpmcounter10,drift,seed15,277,456.0
hpmcounter10,drift,seed15,278,456.0
hpmcounter10,drift,seed15,279,456.0
hpmcounter10,drift,seed15,280,456.0
hpmcounter10,drift,seed15,281,456.0
hpmcounter10,drift,seed15,282,456.0
hpmcounter10,drift,seed15,283,456.0
hpmcounter10,drift,seed15,284,456.0
hpmcounter10,drift,seed15,285,456.0
hpmcounter10,drift,seed15,286,456.0
hpmcounter10,drift,seed15,287,456.0
hpmcounter10,drift,seed15,288,456.0
hpmcounter10,drift,seed15,289,456.0
hpmcounter10,drift,seed15,290,456.0
hpmcounter10,drift,seed15,291,456.0
hpmcounter10,drift,seed15,292,456.0
hpmcounter10,drift,seed15,293,456.0
hpmcounter10,drift,seed15,294,456.0
hpmcounter10,drift,seed15,295,456.0
hpmcounter10,drift,seed15,296,456.0
hpmcounter10,drift,seed15,297,456.0
hpmcounter10,drift,seed15,298,456.0
hpmcounter10,drift,seed16,9,455.0
hpmcounter10,drift,seed16,10,455.0
hpmcounter10,drift,seed16,11,455.05454545454546
hpmcounter10,drift,seed16,12,455.1515151515151
hpmcounter10,drift,seed16,13,455.27878787878785
hpmcounter10,drift,seed16,14,455.42424242424244
hpmcounter10,drift,seed16,15,455.57575757575756
hpmcounter10,drift,seed16,16,455.72121212121215
hpmcounter10,drift,seed16,17,455.8484848484849
hpmcounter10,drift,seed16,18,455.94545454545454
hpmcounter10,drift,seed16,19,456.0
hpmcounter10,drift,seed16,20,456.0
hpmcounter10,drift,seed16,21,456.0
hpmcounter10,drift,seed16,22,456.0
hpmcounter10,drift,seed16,23,456.0
hpmcounter10,drift,seed16,24,456.0
hpmcounter10,drift,seed16,25,456.0
hpmcounter10,drift,seed16,26,456.0
hpmcounter10,drift,seed16,27,456.0
hpmcounter10,drift,seed16,28,456.0
hpmcounter10,drift,seed16,29,456.0
hpmcounter10,drift,seed16,30,456.0
hpmcounter10,drift,seed16,31,456.0
hpmcounter10,drift,seed16,32,456.0
hpmcounter10,drift,seed16,33,456.0
hpmcounter10,drift,seed16,34,456.0
hpmcounter10,drift,seed16,35,456.0
hpmcounter10,drift,seed16,36,456.0
hpmcounter10,drift,seed16,37,456.0
hpmcounter10,drift,seed16,38,456.0
hpmcounter10,drift,seed16,39,456.0
hpmcounter10,drift,seed16,40,456.0
hpmcounter10,drift,seed16,41,456.0
hpmcounter10,drift,seed16,42,456.0
hpmcounter10,drift,seed16,43,456.0
hpmcounter10,drift,seed16,44,456.0
hpmcounter10,drift,seed16,45,456.0
hpmcounter10,drift,seed16,46,456.0
hpmcounter10,drift,seed16,47,456.0
hpmcounter10,drift,seed16,48,456.0
hpmcounter10,drift,seed16,49,456.0
hpmcounter10,drift,seed16,50,456.0
hpmcounter10,drift,seed16,51,456.0
hpmcounter10,drift,seed16,52,456.0
hpmcounter10,drift,seed16,53,456.0
hpmcounter10,drift,seed16,54,456.0
hpmcounter10,drift,seed16,55,456.0
hpmcounter10,drift,seed16,56,456.0
hpmcounter10,drift,seed16,57,456.0
hpmcounter10,drift,seed16,58,456.0
hpmcounter10,drift,seed16,59,456.0
hpmcounter10,drift,seed16,60,456.0
hpmcounter10,drift,seed16,61,456.0
hpmcounter10,drift,seed16,62,456.0
hpmcounter10,drift,seed16,63,456.0
hpmcounter10,drift,seed16,64,456.0
hpmcounter10,drift,seed16,65,456.0
hpmcounter10,drift,seed16,66,456.0
hpmcounter10,drift,seed16,67,456.0
hpmcounter10,drift,seed16,68,456.0
hpmcounter10,drift,seed16,69,456.0
hpmcounter10,drift,seed16,70,456.0
hpmcounter10,drift,seed16,71,456.0
hpmcounter10,drift,seed16,72,456.0
hpmcounter10,drift,seed16,73,456.0
hpmcounter10,drift,seed16,74,456.0
hpmcounter10,drift,seed16,75,456.0
hpmcounter10,drift,seed16,76,456.0
hpmcounter10,drift,seed16,77,456.0
hpmcounter10,drift,seed16,78,456.0
hpmcounter10,drift,seed16,79,456.0
hpmcounter10,drift,seed16,80,456.0
hpmcounter10,drift,seed16,81,456.0
hpmcounter10,drift,seed16,82,456.0
hpmcounter10,drift,seed16,83,456.0
hpmcounter10,drift,seed16,84,456.0
hpmcounter10,drift,seed16,85,456.0
hpmcounter10,drift,seed16,86,456.0
hpmcounter10,drift,seed16,87,456.0
hpmcounter10,drift,seed16,88,456.0
hpmcounter10,drift,seed16,89,456.0
hpmcounter10,drift,seed16,90,456.0
hpmcounter10,drift,seed16,91,456.0
hpmcounter10,drift,seed16,92,456.0
hpmcounter10,drift,seed16,93,456.0
hpmcounter10,drift,seed16,94,456.0
hpmcounter10,drift,seed16,95,456.0
hpmcounter10,drift,seed16,96,456.0
hpmcounter10,drift,seed16,97,456.0
hpmcounter10,drift,seed16,98,456.0
hpmcounter10,drift,seed16,99,456.0
hpmcounter10,drift,seed16,100,456.0
hpmcounter10,drift,seed16,101,456.0
hpmcounter10,drift,seed16,102,456.0
hpmcounter10,drift,seed16,103,456.0
hpmcounter10,drift,seed16,104,456.0
hpmcounter10,drift,seed16,105,456.0
hpmcounter10,drift,seed16,106,456.0
hpmcounter10,drift,seed16,107,456.0
hpmcounter10,drift,seed16,108,456.0
hpmcounter10,drift,seed16,109,456.0
hpmcounter10,drift,seed16,110,456.0
hpmcounter10,drift,seed16,111,456.0
hpmcounter10,drift,seed16,112,456.0
hpmcounter10,drift,seed16,113,456.0
hpmcounter10,drift,seed16,114,456.0
hpmcounter10,drift,seed16,115,456.0
hpmcounter10,drift,seed16,116,456.0
hpmcounter10,drift,seed16,117,459.0
hpmcounter10,drift,seed16,118,461.3333333333333
hpmcounter10,drift,seed16,119,463.0
hpmcounter10,drift,seed16,120,464.0
hpmcounter10,drift,seed16,121,464.3333333333333
hpmcounter10,drift,seed16,122,464.0
hpmcounter10,drift,seed16,123,463.0
hpmcounter10,drift,seed16,124,461.3333333333333
hpmcounter10,drift,seed16,125,459.0
hpmcounter10,drift,seed16,126,456.0
hpmcounter10,drift,seed16,127,456.0
hpmcounter10,drift,seed16,128,456.0
hpmcounter10,drift,seed16,129,456.0
hpmcounter10,drift,seed16,130,456.0
hpmcounter10,drift,seed16,131,456.0
hpmcounter10,drift,seed16,132,456.0
hpmcounter10,drift,seed16,133,456.0
hpmcounter10,drift,seed16,134,456.0
hpmcounter10,drift,seed16,135,456.0
hpmcounter10,drift,seed16,136,456.0
hpmcounter10,drift,seed16,137,456.0
hpmcounter10,drift,seed16,138,456.0
hpmcounter10,drift,seed16,139,456.0
hpmcounter10,drift,seed16,140,456.0
hpmcounter10,drift,seed16,141,456.0
hpmcounter10,drift,seed16,142,456.0
hpmcounter10,drift,seed16,143,456.0
hpmcounter10,drift,seed16,144,456.0
hpmcounter10,drift,seed16,145,456.0
hpmcounter10,drift,seed16,146,459.0
hpmcounter10,drift,seed16,147,464.3333333333333
hpmcounter10,drift,seed16,148,471.3333333333333
hpmcounter10,drift,seed16,149,479.3333333333333
hpmcounter10,drift,seed16,150,487.6666666666667
hpmcounter10,drift,seed16,151,492.6666666666667
hpmcounter10,drift,seed16,152,494.3333333333333
hpmcounter10,drift,seed16,153,492.6666666666667
hpmcounter10,drift,seed16,154,487.6666666666667
hpmcounter10,drift,seed16,155,479.3333333333333
hpmcounter10,drift,seed16,156,471.3333333333333
hpmcounter10,drift,seed16,157,464.3333333333333
hpmcounter10,drift,seed16,158,459.0
hpmcounter10,drift,seed16,159,456.0
hpmcounter10,drift,seed16,160,456.0
hpmcounter10,drift,seed16,161,456.0
hpmcounter10,drift,seed16,162,456.0
hpmcounter10,drift,seed16,163,456.0
hpmcounter10,drift,seed16,164,456.0
hpmcounter10,drift,seed16,165,456.0
hpmcounter10,drift,seed16,166,456.0
hpmcounter10,drift,seed16,167,456.0
hpmcounter10,drift,seed16,168,456.0
hpmcounter10,drift,seed16,169,456.0
hpmcounter10,drift,seed16,170,456.0
hpmcounter10,drift,seed16,171,456.0
hpmcounter10,drift,seed16,172,456.0
hpmcounter10,drift,seed16,173,456.0
hpmcounter10,drift,seed16,174,456.0
hpmcounter10,drift,seed16,175,456.0
hpmcounter10,drift,seed16,176,456.0
hpmcounter10,drift,seed16,177,456.0
hpmcounter10,drift,seed16,178,456.0
hpmcounter10,drift,seed16,179,456.0
hpmcounter10,drift,seed16,180,456.0
hpmcounter10,drift,seed16,181,456.0
hpmcounter10,drift,seed16,182,456.0
hpmcounter10,drift,seed16,183,456.0
hpmcounter10,drift,seed16,184,456.0
hpmcounter10,drift,seed16,185,456.0
hpmcounter10,drift,seed16,186,456.0
hpmcounter10,drift,seed16,187,456.0
hpmcounter10,drift,seed16,188,456.0
hpmcounter10,drift,seed16,189,456.0
hpmcounter10,drift,seed16,190,456.0
hpmcounter10,drift,seed16,191,456.0
hpmcounter10,drift,seed16,192,456.0
hpmcounter10,drift,seed16,193,456.0
hpmcounter10,drift,seed16,194,456.0
hpmcounter10,drift,seed16,195,456.0
hpmcounter10,drift,seed16,196,456.0
hpmcounter10,drift,seed16,197,456.0
hpmcounter10,drift,seed16,198,456.0
hpmcounter10,drift,seed16,199,456.0
hpmcounter10,drift,seed16,200,456.0
hpmcounter10,drift,seed16,201,456.0
hpmcounter10,drift,seed16,202,456.0
hpmcounter10,drift,seed16,203,456.0
hpmcounter10,drift,seed16,204,456.0
hpmcounter10,drift,seed16,205,456.0
hpmcounter10,drift,seed16,206,456.0
hpmcounter10,drift,seed16,207,456.0
hpmcounter10,drift,seed16,208,456.0
hpmcounter10,drift,seed16,209,456.0
hpmcounter10,drift,seed16,210,456.0
hpmcounter10,drift,seed16,211,456.0
hpmcounter10,drift,seed16,212,456.0
hpmcounter10,drift,seed16,213,456.0
hpmcounter10,drift,seed16,214,456.0
hpmcounter10,drift,seed16,215,456.0
hpmcounter10,drift,seed16,216,456.0
hpmcounter10,drift,seed16,217,456.0
hpmcounter10,drift,seed16,218,456.0
hpmcounter10,drift,seed16,219,456.0
hpmcounter10,drift,seed16,220,456.0
hpmcounter10,drift,seed16,221,456.0
hpmcounter10,drift,seed16,222,456.0
hpmcounter10,drift,seed16,223,456.0
hpmcounter10,drift,seed16,224,456.0
hpmcounter10,drift,seed16,225,456.0
hpmcounter10,drift,seed16,226,456.0
hpmcounter10,drift,seed16,227,456.0
hpmcounter10,drift,seed16,228,456.0
hpmcounter10,drift,seed16,229,456.0
hpmcounter10,drift,seed16,230,456.0
hpmcounter10,drift,seed16,231,456.0
hpmcounter10,drift,seed16,232,456.0
hpmcounter10,drift,seed16,233,456.0
hpmcounter10,drift,seed16,234,456.0
hpmcounter10,drift,seed16,235,456.0
hpmcounter10,drift,seed16,236,456.0
hpmcounter10,drift,seed16,237,456.0
hpmcounter10,drift,seed16,238,456.0
hpmcounter10,drift,seed16,239,456.0
hpmcounter10,drift,seed16,240,456.0
hpmcounter10,drift,seed16,241,456.0
hpmcounter10,drift,seed16,242,456.0
hpmcounter10,drift,seed16,243,456.0
hpmcounter10,drift,seed16,244,456.0
hpmcounter10,drift,seed16,245,456.0
hpmcounter10,drift,seed16,246,456.0
hpmcounter10,drift,seed16,247,456.0
hpmcounter10,drift,seed16,248,456.0
hpmcounter10,drift,seed16,249,456.0
hpmcounter10,drift,seed16,250,456.0
hpmcounter10,drift,seed16,251,456.0
hpmcounter10,drift,seed16,252,456.0
hpmcounter10,drift,seed16,253,456.0
hpmcounter10,drift,seed16,254,456.0
hpmcounter10,drift,seed16,255,456.0
hpmcounter10,drift,seed16,256,456.0
hpmcounter10,drift,seed16,257,456.0
hpmcounter10,drift,seed16,258,456.0
hpmcounter10,drift,seed16,259,459.0
hpmcounter10,drift,seed16,260,461.3333333333333
hpmcounter10,drift,seed16,261,466.0
hpmcounter10,drift,seed16,262,469.3333333333333
hpmcounter10,drift,seed16,263,471.3333333333333
hpmcounter10,drift,seed16,264,475.0
hpmcounter10,drift,seed16,265,479.6666666666667
hpmcounter10,drift,seed16,266,484.6666666666667
hpmcounter10,drift,seed16,267,489.3333333333333
hpmcounter10,drift,seed16,268,493.0
hpmcounter10,drift,seed16,269,495.6666666666667
hpmcounter10,drift,seed16,270,494.3333333333333
hpmcounter10,drift,seed16,271,492.6666666666667
hpmcounter10,drift,seed16,272,487.6666666666667
hpmcounter10,drift,seed16,273,479.3333333333333
hpmcounter10,drift,seed16,274,471.3333333333333
hpmcounter10,drift,seed16,275,464.3333333333333
hpmcounter10,drift,seed16,276,459.0
hpmcounter10,drift,seed16,277,456.0
hpmcounter10,drift,seed16,278,456.0
hpmcounter10,drift,seed16,279,456.0
hpmcounter10,drift,seed16,280,456.0
hpmcounter10,drift,seed16,281,456.0
hpmcounter10,drift,seed16,282,456.0
hpmcounter10,drift,seed16,283,456.0
hpmcounter10,drift,seed16,284,456.0
hpmcounter10,drift,seed16,285,456.0
hpmcounter10,drift,seed16,286,456.0
hpmcounter10,drift,seed16,287,456.0
hpmcounter10,drift,seed16,288,456.0
hpmcounter10,drift,seed16,289,456.0
hpmcounter10,drift,seed16,290,456.0
hpmcounter10,drift,seed16,291,456.0
hpmcounter10,drift,seed16,292,456.0
hpmcounter10,drift,seed16,293,456.0
hpmcounter10,drift,seed16,294,456.0
hpmcounter10,drift,seed16,295,456.0
hpmcounter10,drift,seed16,296,456.0
hpmcounter10,drift,seed16,297,456.0
hpmcounter10,drift,seed16,298,456.0
hpmcounter10,drift,seed17,9,465.030303030303
hpmcounter10,drift,seed17,10,467.23636363636365
hpmcounter10,drift,seed17,11,471.4060606060606
hpmcounter10,drift,seed17,12,476.8606060606061
hpmcounter10,drift,seed17,13,482.92121212121214
hpmcounter10,drift,seed17,14,488.90909090909093
hpmcounter10,drift,seed17,15,494.1454545454545
hpmcounter10,drift,seed17,16,497.95151515151514
hpmcounter10,drift,seed17,17,502.5151515151515
hpmcounter10,drift,seed17,18,507.94545454545454
hpmcounter10,drift,seed17,19,511.0
hpmcounter10,drift,seed17,20,511.0
hpmcounter10,drift,seed17,21,511.0
hpmcounter10,drift,seed17,22,511.0
hpmcounter10,drift,seed17,23,508.0
hpmcounter10,drift,seed17,24,502.6666666666667
hpmcounter10,drift,seed17,25,495.6666666666667
hpmcounter10,drift,seed17,26,487.6666666666667
hpmcounter10,drift,seed17,27,479.3333333333333
hpmcounter10,drift,seed17,28,471.3333333333333
hpmcounter10,drift,seed17,29,464.3333333333333
hpmcounter10,drift,seed17,30,459.0
hpmcounter10,drift,seed17,31,456.0
hpmcounter10,drift,seed17,32,456.0
hpmcounter10,drift,seed17,33,456.0
hpmcounter10,drift,seed17,34,456.0
hpmcounter10,drift,seed17,35,456.0
hpmcounter10,drift,seed17,36,456.0
hpmcounter10,drift,seed17,37,456.0
hpmcounter10,drift,seed17,38,456.0
hpmcounter10,drift,seed17,39,456.0
hpmcounter10,drift,seed17,40,456.0
hpmcounter10,drift,seed17,41,456.0
hpmcounter10,drift,seed17,42,456.0
hpmcounter10,drift,seed17,43,456.0
hpmcounter10,drift,seed17,44,456.0
hpmcounter10,drift,seed17,45,456.0
hpmcounter10,drift,seed17,46,456.0
hpmcounter10,drift,seed17,47,456.0
hpmcounter10,drift,seed17,48,456.0
hpmcounter10,drift,seed17,49,456.0
hpmcounter10,drift,seed17,50,456.0
hpmcounter10,drift,seed17,51,456.0
hpmcounter10,drift,seed17,52,456.0
hpmcounter10,drift,seed17,53,456.0
hpmcounter10,drift,seed17,54,456.0
hpmcounter10,drift,seed17,55,456.0
hpmcounter10,drift,seed17,56,456.0
hpmcounter10,drift,seed17,57,456.0
hpmcounter10,drift,seed17,58,456.0
hpmcounter10,drift,seed17,59,456.0
hpmcounter10,drift,seed17,60,456.0
hpmcounter10,drift,seed17,61,456.0
hpmcounter10,drift,seed17,62,456.0
hpmcounter10,drift,seed17,63,456.0
hpmcounter10,drift,seed17,64,456.0
hpmcounter10,drift,seed17,65,456.0
hpmcounter10,drift,seed17,66,456.0
hpmcounter10,drift,seed17,67,456.0
hpmcounter10,drift,seed17,68,456.0
hpmcounter10,drift,seed17,69,456.0
hpmcounter10,drift,seed17,70,456.0
hpmcounter10,drift,seed17,71,456.0
hpmcounter10,drift,seed17,72,456.0
hpmcounter10,drift,seed17,73,456.0
hpmcounter10,drift,seed17,74,456.0
hpmcounter10,drift,seed17,75,456.0
hpmcounter10,drift,seed17,76,456.0
hpmcounter10,drift,seed17,77,456.0
hpmcounter10,drift,seed17,78,456.0
hpmcounter10,drift,seed17,79,456.0
hpmcounter10,drift,seed17,80,456.0
hpmcounter10,drift,seed17,81,456.0
hpmcounter10,drift,seed17,82,456.0
hpmcounter10,drift,seed17,83,456.0
hpmcounter10,drift,seed17,84,456.0
hpmcounter10,drift,seed17,85,456.0
hpmcounter10,drift,seed17,86,456.0
hpmcounter10,drift,seed17,87,456.0
hpmcounter10,drift,seed17,88,456.0
hpmcounter10,drift,seed17,89,456.0
hpmcounter10,drift,seed17,90,456.0
hpmcounter10,drift,seed17,91,456.0
hpmcounter10,drift,seed17,92,456.0
hpmcounter10,drift,seed17,93,456.0
hpmcounter10,drift,seed17,94,456.0
hpmcounter10,drift,seed17,95,456.0
hpmcounter10,drift,seed17,96,456.0
hpmcounter10,drift,seed17,97,456.0
hpmcounter10,drift,seed17,98,456.0
hpmcounter10,drift,seed17,99,456.0
hpmcounter10,drift,seed17,100,456.0
hpmcounter10,drift,seed17,101,456.0
hpmcounter10,drift,seed17,102,456.0
hpmcounter10,drift,seed17,103,456.0
hpmcounter10,drift,seed17,104,456.0
hpmcounter10,drift,seed17,105,456.0
hpmcounter10,drift,seed17,106,456.0
hpmcounter10,drift,seed17,107,456.0
hpmcounter10,drift,seed17,108,456.0
hpmcounter10,drift,seed17,109,456.0
hpmcounter10,drift,seed17,110,456.0
hpmcounter10,drift,seed17,111,456.0
hpmcounter10,drift,seed17,112,456.0
hpmcounter10,drift,seed17,113,456.0
hpmcounter10,drift,seed17,114,456.0
hpmcounter10,drift,seed17,115,456.0
hpmcounter10,drift,seed17,116,456.0
hpmcounter10,drift,seed17,117,456.0
hpmcounter10,drift,seed17,118,456.0
hpmcounter10,drift,seed17,119,456.0
hpmcounter10,drift,seed17,120,456.0
hpmcounter10,drift,seed17,121,456.0
hpmcounter10,drift,seed17,122,456.0
hpmcounter10,drift,seed17,123,456.0
hpmcounter10,drift,seed17,124,456.0
hpmcounter10,drift,seed17,125,456.0
hpmcounter10,drift,seed17,126,456.0
hpmcounter10,drift,seed17,127,456.0
hpmcounter10,drift,seed17,128,456.0
hpmcounter10,drift,seed17,129,456.0
hpmcounter10,drift,seed17,130,456.0
hpmcounter10,drift,seed17,131,456.0
hpmcounter10,drift,seed17,132,456.0
hpmcounter10,drift,seed17,133,456.0
hpmcounter10,drift,seed17,134,456.0
hpmcounter10,drift,seed17,135,456.0
hpmcounter10,drift,seed17,136,456.0
hpmcounter10,drift,seed17,137,456.0
hpmcounter10,drift,seed17,138,456.0
hpmcounter10,drift,seed17,139,456.0
hpmcounter10,drift,seed17,140,456.0
hpmcounter10,drift,seed17,141,456.0
hpmcounter10,drift,seed17,142,456.0
hpmcounter10,drift,seed17,143,456.0
hpmcounter10,drift,seed17,144,456.0
hpmcounter10,drift,seed17,145,456.0
hpmcounter10,drift,seed17,146,456.0
hpmcounter10,drift,seed17,147,456.0
hpmcounter10,drift,seed17,148,456.0
hpmcounter10,drift,seed17,149,456.0
hpmcounter10,drift,seed17,150,456.0
hpmcounter10,drift,seed17,151,456.0
hpmcounter10,drift,seed17,152,456.0
hpmcounter10,drift,seed17,153,456.0
hpmcounter10,drift,seed17,154,456.0
hpmcounter10,drift,seed17,155,456.0
hpmcounter10,drift,seed17,156,456.0
hpmcounter10,drift,seed17,157,456.0
hpmcounter10,drift,seed17,158,459.0
hpmcounter10,drift,seed17,159,464.3333333333333
hpmcounter10,drift,seed17,160,471.27878787878785
hpmcounter10,drift,seed17,161,476.23636363636365
hpmcounter10,drift,seed17,162,479.2060606060606
hpmcounter10,drift,seed17,163,480.1878787878788
hpmcounter10,drift,seed17,164,482.1818181818182
hpmcounter10,drift,seed17,165,481.5212121212121
hpmcounter10,drift,seed17,166,478.2060606060606
hpmcounter10,drift,seed17,167,472.23636363636365
hpmcounter10,drift,seed17,168,467.27878787878785
hpmcounter10,drift,seed17,169,464.0
hpmcounter10,drift,seed17,170,463.0
hpmcounter10,drift,seed17,171,461.3333333333333
hpmcounter10,drift,seed17,172,459.0
hpmcounter10,drift,seed17,173,456.0
hpmcounter10,drift,seed17,174,456.0
hpmcounter10,drift,seed17,175,456.0
hpmcounter10,drift,seed17,176,459.0
hpmcounter10,drift,seed17,177,464.3333333333333
hpmcounter10,drift,seed17,178,471.27878787878785
hpmcounter10,drift,seed17,179,476.23636363636365
hpmcounter10,drift,seed17,180,479.2060606060606
hpmcounter10,drift,seed17,181,480.1878787878788
hpmcounter10,drift,seed17,182,479.1818181818182
hpmcounter10,drift,seed17,183,476.1878787878788
hpmcounter10,drift,seed17,184,471.2060606060606
hpmcounter10,drift,seed17,185,464.23636363636365
hpmcounter10,drift,seed17,186,458.94545454545454
hpmcounter10,drift,seed17,187,456.0
hpmcounter10,drift,seed17,188,456.0
hpmcounter10,drift,seed17,189,456.0
hpmcounter10,drift,seed17,190,456.0
hpmcounter10,drift,seed17,191,456.0
hpmcounter10,drift,seed17,192,456.0
hpmcounter10,drift,seed17,193,456.0
hpmcounter10,drift,seed17,194,456.0
hpmcounter10,drift,seed17,195,456.0
hpmcounter10,drift,seed17,196,456.0
hpmcounter10,drift,seed17,197,456.0
hpmcounter10,drift,seed17,198,456.0
hpmcounter10,drift,seed17,199,456.0
hpmcounter10,drift,seed17,200,456.0
hpmcounter10,drift,seed17,201,456.0
hpmcounter10,drift,seed17,202,456.0
hpmcounter10,drift,seed17,203,456.0
hpmcounter10,drift,seed17,204,456.0
hpmcounter10,drift,seed17,205,456.0
hpmcounter10,drift,seed17,206,456.0
hpmcounter10,drift,seed17,207,456.0
hpmcounter10,drift,seed17,208,456.0
hpmcounter10,drift,seed17,209,456.0
hpmcounter10,drift,seed17,210,456.0
hpmcounter10,drift,seed17,211,456.0
hpmcounter10,drift,seed17,212,456.0
hpmcounter10,drift,seed17,213,456.0
hpmcounter10,drift,seed17,214,456.0
hpmcounter10,drift,seed17,215,456.0
hpmcounter10,drift,seed17,216,456.0
hpmcounter10,drift,seed17,217,456.0
hpmcounter10,drift,seed17,218,456.0
hpmcounter10,drift,seed17,219,456.0
hpmcounter10,drift,seed17,220,456.0
hpmcounter10,drift,seed17,221,456.0
hpmcounter10,drift,seed17,222,456.0
hpmcounter10,drift,seed17,223,456.0
hpmcounter10,drift,seed17,224,456.0
hpmcounter10,drift,seed17,225,456.0
hpmcounter10,drift,seed17,226,456.0
hpmcounter10,drift,seed17,227,456.0
hpmcounter10,drift,seed17,228,456.0
hpmcounter10,drift,seed17,229,456.0
hpmcounter10,drift,seed17,230,456.0
hpmcounter10,drift,seed17,231,456.0
hpmcounter10,drift,seed17,232,456.0
hpmcounter10,drift,seed17,233,456.0
hpmcounter10,drift,seed17,234,456.0
hpmcounter10,drift,seed17,235,456.0
hpmcounter10,drift,seed17,236,456.0
hpmcounter10,drift,seed17,237,456.0
hpmcounter10,drift,seed17,238,456.0
hpmcounter10,drift,seed17,239,456.0
hpmcounter10,drift,seed17,240,456.0
hpmcounter10,drift,seed17,241,456.0
hpmcounter10,drift,seed17,242,456.0
hpmcounter10,drift,seed17,243,456.0
hpmcounter10,drift,seed17,244,456.0
hpmcounter10,drift,seed17,245,456.0
hpmcounter10,drift,seed17,246,456.0
hpmcounter10,drift,seed17,247,456.0
hpmcounter10,drift,seed17,248,456.0
hpmcounter10,drift,seed17,249,456.0
hpmcounter10,drift,seed17,250,456.0
hpmcounter10,drift,seed17,251,456.0
hpmcounter10,drift,seed17,252,456.0
hpmcounter10,drift,seed17,253,456.0
hpmcounter10,drift,seed17,254,456.0
hpmcounter10,drift,seed17,255,456.0
hpmcounter10,drift,seed17,256,456.0
hpmcounter10,drift,seed17,257,456.0
hpmcounter10,drift,seed17,258,456.0
hpmcounter10,drift,seed17,259,456.0
hpmcounter10,drift,seed17,260,456.0
hpmcounter10,drift,seed17,261,456.0
hpmcounter10,drift,seed17,262,456.0
hpmcounter10,drift,seed17,263,456.0
hpmcounter10,drift,seed17,264,456.0
hpmcounter10,drift,seed17,265,456.0
hpmcounter10,drift,seed17,266,456.0
hpmcounter10,drift,seed17,267,456.0
hpmcounter10,drift,seed17,268,456.0
hpmcounter10,drift,seed17,269,456.0
hpmcounter10,drift,seed17,270,456.0
hpmcounter10,drift,seed17,271,456.0
hpmcounter10,drift,seed17,272,456.0
hpmcounter10,drift,seed17,273,456.0
hpmcounter10,drift,seed17,274,456.0
hpmcounter10,drift,seed17,275,456.0
hpmcounter10,drift,seed17,276,456.0
hpmcounter10,drift,seed17,277,456.0
hpmcounter10,drift,seed17,278,456.0
hpmcounter10,drift,seed17,279,456.0
hpmcounter10,drift,seed17,280,456.0
hpmcounter10,drift,seed17,281,456.0
hpmcounter10,drift,seed17,282,456.0
hpmcounter10,drift,seed17,283,456.0
hpmcounter10,drift,seed17,284,456.0
hpmcounter10,drift,seed17,285,456.0
hpmcounter10,drift,seed17,286,456.0
hpmcounter10,drift,seed17,287,456.0
hpmcounter10,drift,seed17,288,456.0
hpmcounter10,drift,seed17,289,456.0
hpmcounter10,drift,seed17,290,456.0
hpmcounter10,drift,seed17,291,456.0
hpmcounter10,drift,seed17,292,456.0
hpmcounter10,drift,seed17,293,456.0
hpmcounter10,drift,seed17,294,456.0
hpmcounter10,drift,seed17,295,456.0
hpmcounter10,drift,seed17,296,456.0
hpmcounter10,drift,seed17,297,456.0
hpmcounter10,drift,seed17,298,456.0
hpmcounter10,drift,seed18,9,455.0
hpmcounter10,drift,seed18,10,455.0
hpmcounter10,drift,seed18,11,455.05454545454546
hpmcounter10,drift,seed18,12,455.1515151515151
hpmcounter10,drift,seed18,13,455.27878787878785
hpmcounter10,drift,seed18,14,455.42424242424244
hpmcounter10,drift,seed18,15,455.57575757575756
hpmcounter10,drift,seed18,16,455.72121212121215
hpmcounter10,drift,seed18,17,455.8484848484849
hpmcounter10,drift,seed18,18,455.94545454545454
hpmcounter10,drift,seed18,19,456.0
hpmcounter10,drift,seed18,20,456.0
hpmcounter10,drift,seed18,21,456.0
hpmcounter10,drift,seed18,22,456.0
hpmcounter10,drift,seed18,23,456.0
hpmcounter10,drift,seed18,24,456.0
hpmcounter10,drift,seed18,25,456.0
hpmcounter10,drift,seed18,26,456.0
hpmcounter10,drift,seed18,27,456.0
hpmcounter10,drift,seed18,28,456.0
hpmcounter10,drift,seed18,29,456.0
hpmcounter10,drift,seed18,30,456.0
hpmcounter10,drift,seed18,31,456.0
hpmcounter10,drift,seed18,32,456.0
hpmcounter10,drift,seed18,33,456.0
hpmcounter10,drift,seed18,34,456.0
hpmcounter10,drift,seed18,35,456.0
hpmcounter10,drift,seed18,36,456.0
hpmcounter10,drift,seed18,37,456.0
hpmcounter10,drift,seed18,38,456.0
hpmcounter10,drift,seed18,39,456.0
hpmcounter10,drift,seed18,40,456.0
hpmcounter10,drift,seed18,41,456.0
hpmcounter10,drift,seed18,42,456.0
hpmcounter10,drift,seed18,43,456.0
hpmcounter10,drift,seed18,44,456.0
hpmcounter10,drift,seed18,45,456.0
hpmcounter10,drift,seed18,46,456.0
hpmcounter10,drift,seed18,47,456.0
hpmcounter10,drift,seed18,48,456.0
hpmcounter10,drift,seed18,49,456.0
hpmcounter10,drift,seed18,50,456.0
hpmcounter10,drift,seed18,51,456.0
hpmcounter10,drift,seed18,52,456.0
hpmcounter10,drift,seed18,53,456.0
hpmcounter10,drift,seed18,54,456.0
hpmcounter10,drift,seed18,55,456.0
hpmcounter10,drift,seed18,56,456.0
hpmcounter10,drift,seed18,57,456.0
hpmcounter10,drift,seed18,58,456.0
hpmcounter10,drift,seed18,59,456.0
hpmcounter10,drift,seed18,60,456.0
hpmcounter10,drift,seed18,61,456.0
hpmcounter10,drift,seed18,62,456.0
hpmcounter10,drift,seed18,63,456.0
hpmcounter10,drift,seed18,64,456.0
hpmcounter10,drift,seed18,65,456.0
hpmcounter10,drift,seed18,66,456.0
hpmcounter10,drift,seed18,67,456.0
hpmcounter10,drift,seed18,68,456.0
hpmcounter10,drift,seed18,69,456.0
hpmcounter10,drift,seed18,70,456.0
hpmcounter10,drift,seed18,71,456.0
hpmcounter10,drift,seed18,72,456.0
hpmcounter10,drift,seed18,73,456.0
hpmcounter10,drift,seed18,74,456.0
hpmcounter10,drift,seed18,75,456.0
hpmcounter10,drift,seed18,76,456.0
hpmcounter10,drift,seed18,77,456.0
hpmcounter10,drift,seed18,78,456.0
hpmcounter10,drift,seed18,79,456.0
hpmcounter10,drift,seed18,80,456.0
hpmcounter10,drift,seed18,81,456.0
hpmcounter10,drift,seed18,82,456.0
hpmcounter10,drift,seed18,83,456.0
hpmcounter10,drift,seed18,84,456.0
hpmcounter10,drift,seed18,85,456.0
hpmcounter10,drift,seed18,86,456.0
hpmcounter10,drift,seed18,87,456.0
hpmcounter10,drift,seed18,88,456.0
hpmcounter10,drift,seed18,89,456.0
hpmcounter10,drift,seed18,90,456.0
hpmcounter10,drift,seed18,91,456.0
hpmcounter10,drift,seed18,92,456.0
hpmcounter10,drift,seed18,93,456.0
hpmcounter10,drift,seed18,94,456.0
hpmcounter10,drift,seed18,95,456.0
hpmcounter10,drift,seed18,96,456.0
hpmcounter10,drift,seed18,97,456.0
hpmcounter10,drift,seed18,98,456.0
hpmcounter10,drift,seed18,99,456.0
hpmcounter10,drift,seed18,100,456.0
hpmcounter10,drift,seed18,101,456.0
hpmcounter10,drift,seed18,102,456.0
hpmcounter10,drift,seed18,103,456.0
hpmcounter10,drift,seed18,104,456.0
hpmcounter10,drift,seed18,105,456.0
hpmcounter10,drift,seed18,106,456.0
hpmcounter10,drift,seed18,107,456.0
hpmcounter10,drift,seed18,108,456.0
hpmcounter10,drift,seed18,109,456.0
hpmcounter10,drift,seed18,110,456.0
hpmcounter10,drift,seed18,111,456.0
hpmcounter10,drift,seed18,112,456.0
hpmcounter10,drift,seed18,113,456.0
hpmcounter10,drift,seed18,114,456.0
hpmcounter10,drift,seed18,115,456.0
hpmcounter10,drift,seed18,116,456.0
hpmcounter10,drift,seed18,117,456.0
hpmcounter10,drift,seed18,118,456.0
hpmcounter10,drift,seed18,119,456.0
hpmcounter10,drift,seed18,120,456.0
hpmcounter10,drift,seed18,121,456.0
hpmcounter10,drift,seed18,122,456.0
hpmcounter10,drift,seed18,123,456.0
hpmcounter10,drift,seed18,124,456.0
hpmcounter10,drift,seed18,125,456.0
hpmcounter10,drift,seed18,126,456.0
hpmcounter10,drift,seed18,127,456.0
hpmcounter10,drift,seed18,128,456.0
hpmcounter10,drift,seed18,129,456.0
hpmcounter10,drift,seed18,130,456.0
hpmcounter10,drift,seed18,131,456.0
hpmcounter10,drift,seed18,132,456.0
hpmcounter10,drift,seed18,133,456.0
hpmcounter10,drift,seed18,134,456.0
hpmcounter10,drift,seed18,135,456.0
hpmcounter10,drift,seed18,136,456.0
hpmcounter10,drift,seed18,137,456.0
hpmcounter10,drift,seed18,138,456.0
hpmcounter10,drift,seed18,139,456.0
hpmcounter10,drift,seed18,140,456.0
hpmcounter10,drift,seed18,141,456.0
hpmcounter10,drift,seed18,142,456.0
hpmcounter10,drift,seed18,143,459.0
hpmcounter10,drift,seed18,144,464.3333333333333
hpmcounter10,drift,seed18,145,471.3333333333333
hpmcounter10,drift,seed18,146,476.3333333333333
hpmcounter10,drift,seed18,147,479.3333333333333
hpmcounter10,drift,seed18,148,480.3333333333333
hpmcounter10,drift,seed18,149,479.3333333333333
hpmcounter10,drift,seed18,150,476.3333333333333
hpmcounter10,drift,seed18,151,471.3333333333333
hpmcounter10,drift,seed18,152,464.3333333333333
hpmcounter10,drift,seed18,153,459.0
hpmcounter10,drift,seed18,154,456.0
hpmcounter10,drift,seed18,155,456.0
hpmcounter10,drift,seed18,156,456.0
hpmcounter10,drift,seed18,157,456.0
hpmcounter10,drift,seed18,158,456.0
hpmcounter10,drift,seed18,159,456.0
hpmcounter10,drift,seed18,160,456.0
hpmcounter10,drift,seed18,161,456.0
hpmcounter10,drift,seed18,162,456.0
hpmcounter10,drift,seed18,163,459.0
hpmcounter10,drift,seed18,164,464.3333333333333
hpmcounter10,drift,seed18,165,471.3333333333333
hpmcounter10,drift,seed18,166,479.3333333333333
hpmcounter10,drift,seed18,167,487.6666666666667
hpmcounter10,drift,seed18,168,495.6666666666667
hpmcounter10,drift,seed18,169,499.6666666666667
hpmcounter10,drift,seed18,170,499.6666666666667
hpmcounter10,drift,seed18,171,495.6666666666667
hpmcounter10,drift,seed18,172,487.6666666666667
hpmcounter10,drift,seed18,173,479.3333333333333
hpmcounter10,drift,seed18,174,471.3333333333333
hpmcounter10,drift,seed18,175,464.3333333333333
hpmcounter10,drift,seed18,176,459.0
hpmcounter10,drift,seed18,177,456.0
hpmcounter10,drift,seed18,178,456.0
hpmcounter10,drift,seed18,179,456.0
hpmcounter10,drift,seed18,180,456.0
hpmcounter10,drift,seed18,181,456.0
hpmcounter10,drift,seed18,182,456.0
hpmcounter10,drift,seed18,183,456.0
hpmcounter10,drift,seed18,184,456.0
hpmcounter10,drift,seed18,185,456.0
hpmcounter10,drift,seed18,186,456.0
hpmcounter10,drift,seed18,187,456.0
hpmcounter10,drift,seed18,188,456.0
hpmcounter10,drift,seed18,189,456.0
hpmcounter10,drift,seed18,190,456.0
hpmcounter10,drift,seed18,191,456.0
hpmcounter10,drift,seed18,192,456.0
hpmcounter10,drift,seed18,193,456.0
hpmcounter10,drift,seed18,194,456.0
hpmcounter10,drift,seed18,195,456.0
hpmcounter10,drift,seed18,196,456.0
hpmcounter10,drift,seed18,197,456.0
hpmcounter10,drift,seed18,198,459.0
hpmcounter10,drift,seed18,199,464.3333333333333
hpmcounter10,drift,seed18,200,471.3333333333333
hpmcounter10,drift,seed18,201,476.3333333333333
hpmcounter10,drift,seed18,202,479.3333333333333
hpmcounter10,drift,seed18,203,480.3333333333333
hpmcounter10,drift,seed18,204,479.3333333333333
hpmcounter10,drift,seed18,205,476.3333333333333
hpmcounter10,drift,seed18,206,471.3333333333333
hpmcounter10,drift,seed18,207,464.3333333333333
hpmcounter10,drift,seed18,208,459.0
hpmcounter10,drift,seed18,209,456.0
hpmcounter10,drift,seed18,210,456.0
hpmcounter10,drift,seed18,211,456.0
hpmcounter10,drift,seed18,212,456.0
hpmcounter10,drift,seed18,213,456.0
hpmcounter10,drift,seed18,214,456.0
hpmcounter10,drift,seed18,215,456.0
hpmcounter10,drift,seed18,216,456.0
hpmcounter10,drift,seed18,217,456.0
hpmcounter10,drift,seed18,218,456.0
hpmcounter10,drift,seed18,219,456.0
hpmcounter10,drift,seed18,220,456.0
hpmcounter10,drift,seed18,221,456.0
hpmcounter10,drift,seed18,222,456.0
hpmcounter10,drift,seed18,223,456.0
hpmcounter10,drift,seed18,224,456.0
hpmcounter10,drift,seed18,225,456.0
hpmcounter10,drift,seed18,226,456.0
hpmcounter10,drift,seed18,227,456.0
hpmcounter10,drift,seed18,228,456.0
hpmcounter10,drift,seed18,229,456.0
hpmcounter10,drift,seed18,230,456.0
hpmcounter10,drift,seed18,231,456.0
hpmcounter10,drift,seed18,232,456.0
hpmcounter10,drift,seed18,233,456.0
hpmcounter10,drift,seed18,234,456.0
hpmcounter10,drift,seed18,235,456.0
hpmcounter10,drift,seed18,236,456.0
hpmcounter10,drift,seed18,237,456.0
hpmcounter10,drift,seed18,238,456.0
hpmcounter10,drift,seed18,239,456.0
hpmcounter10,drift,seed18,240,456.0
hpmcounter10,drift,seed18,241,456.0
hpmcounter10,drift,seed18,242,456.0
hpmcounter10,drift,seed18,243,456.0
hpmcounter10,drift,seed18,244,456.0
hpmcounter10,drift,seed18,245,456.0
hpmcounter10,drift,seed18,246,456.0
hpmcounter10,drift,seed18,247,456.0
hpmcounter10,drift,seed18,248,456.0
hpmcounter10,drift,seed18,249,456.0
hpmcounter10,drift,seed18,250,456.0
hpmcounter10,drift,seed18,251,456.0
hpmcounter10,drift,seed18,252,456.0
hpmcounter10,drift,seed18,253,456.0
hpmcounter10,drift,seed18,254,456.0
hpmcounter10,drift,seed18,255,456.0
hpmcounter10,drift,seed18,256,456.0
hpmcounter10,drift,seed18,257,456.0
hpmcounter10,drift,seed18,258,456.0
hpmcounter10,drift,seed18,259,456.0
hpmcounter10,drift,seed18,260,456.0
hpmcounter10,drift,seed18,261,456.0
hpmcounter10,drift,seed18,262,456.0
hpmcounter10,drift,seed18,263,456.0
hpmcounter10,drift,seed18,264,456.0
hpmcounter10,drift,seed18,265,456.0
hpmcounter10,drift,seed18,266,456.0
hpmcounter10,drift,seed18,267,456.0
hpmcounter10,drift,seed18,268,456.0
hpmcounter10,drift,seed18,269,456.0
hpmcounter10,drift,seed18,270,456.0
hpmcounter10,drift,seed18,271,456.0
hpmcounter10,drift,seed18,272,456.0
hpmcounter10,drift,seed18,273,456.0
hpmcounter10,drift,seed18,274,456.0
hpmcounter10,drift,seed18,275,456.0
hpmcounter10,drift,seed18,276,456.0
hpmcounter10,drift,seed18,277,456.0
hpmcounter10,drift,seed18,278,456.0
hpmcounter10,drift,seed18,279,456.0
hpmcounter10,drift,seed18,280,456.0
hpmcounter10,drift,seed18,281,456.0
hpmcounter10,drift,seed18,282,456.0
hpmcounter10,drift,seed18,283,456.0
hpmcounter10,drift,seed18,284,456.0
hpmcounter10,drift,seed18,285,456.0
hpmcounter10,drift,seed18,286,456.0
hpmcounter10,drift,seed18,287,456.0
hpmcounter10,drift,seed18,288,456.0
hpmcounter10,drift,seed18,289,456.0
hpmcounter10,drift,seed18,290,456.0
hpmcounter10,drift,seed18,291,456.0
hpmcounter10,drift,seed18,292,456.0
hpmcounter10,drift,seed18,293,456.0
hpmcounter10,drift,seed18,294,456.0
hpmcounter10,drift,seed18,295,456.0
hpmcounter10,drift,seed18,296,456.0
hpmcounter10,drift,seed18,297,456.0
hpmcounter10,drift,seed18,298,456.0
hpmcounter10,drift,seed19,9,460.53939393939396
hpmcounter10,drift,seed19,10,458.77575757575755
hpmcounter10,drift,seed19,11,456.4727272727273
hpmcounter10,drift,seed19,12,455.1515151515151
hpmcounter10,drift,seed19,13,455.27878787878785
hpmcounter10,drift,seed19,14,455.42424242424244
hpmcounter10,drift,seed19,15,455.57575757575756
hpmcounter10,drift,seed19,16,455.72121212121215
hpmcounter10,drift,seed19,17,455.8484848484849
hpmcounter10,drift,seed19,18,455.94545454545454
hpmcounter10,drift,seed19,19,456.0
hpmcounter10,drift,seed19,20,456.0
hpmcounter10,drift,seed19,21,456.0
hpmcounter10,drift,seed19,22,456.0
hpmcounter10,drift,seed19,23,456.0
hpmcounter10,drift,seed19,24,456.0
hpmcounter10,drift,seed19,25,456.0
hpmcounter10,drift,seed19,26,456.0
hpmcounter10,drift,seed19,27,456.0
hpmcounter10,drift,seed19,28,456.0
hpmcounter10,drift,seed19,29,456.0
hpmcounter10,drift,seed19,30,456.0
hpmcounter10,drift,seed19,31,456.0
hpmcounter10,drift,seed19,32,456.0
hpmcounter10,drift,seed19,33,456.0
hpmcounter10,drift,seed19,34,456.0
hpmcounter10,drift,seed19,35,456.0
hpmcounter10,drift,seed19,36,456.0
hpmcounter10,drift,seed19,37,456.0
hpmcounter10,drift,seed19,38,456.0
hpmcounter10,drift,seed19,39,456.0
hpmcounter10,drift,seed19,40,456.0
hpmcounter10,drift,seed19,41,456.0
hpmcounter10,drift,seed19,42,456.0
hpmcounter10,drift,seed19,43,456.0
hpmcounter10,drift,seed19,44,456.0
hpmcounter10,drift,seed19,45,456.0
hpmcounter10,drift,seed19,46,456.0
hpmcounter10,drift,seed19,47,456.0
hpmcounter10,drift,seed19,48,456.0
hpmcounter10,drift,seed19,49,456.0
hpmcounter10,drift,seed19,50,456.0
hpmcounter10,drift,seed19,51,456.0
hpmcounter10,drift,seed19,52,456.0
hpmcounter10,drift,seed19,53,456.0
hpmcounter10,drift,seed19,54,456.0
hpmcounter10,drift,seed19,55,456.0
hpmcounter10,drift,seed19,56,456.0
hpmcounter10,drift,seed19,57,456.0
hpmcounter10,drift,seed19,58,456.0
hpmcounter10,drift,seed19,59,456.0
hpmcounter10,drift,seed19,60,456.0
hpmcounter10,drift,seed19,61,456.0
hpmcounter10,drift,seed19,62,456.0
hpmcounter10,drift,seed19,63,456.0
hpmcounter10,drift,seed19,64,456.0
hpmcounter10,drift,seed19,65,456.0
hpmcounter10,drift,seed19,66,456.0
hpmcounter10,drift,seed19,67,456.0
hpmcounter10,drift,seed19,68,456.0
hpmcounter10,drift,seed19,69,456.0
hpmcounter10,drift,seed19,70,456.0
hpmcounter10,drift,seed19,71,456.0
hpmcounter10,drift,seed19,72,456.0
hpmcounter10,drift,seed19,73,456.0
hpmcounter10,drift,seed19,74,456.0
hpmcounter10,drift,seed19,75,456.0
hpmcounter10,drift,seed19,76,456.0
hpmcounter10,drift,seed19,77,456.0
hpmcounter10,drift,seed19,78,459.0
hpmcounter10,drift,seed19,79,461.3333333333333
hpmcounter10,drift,seed19,80,463.0
hpmcounter10,drift,seed19,81,467.0
hpmcounter10,drift,seed19,82,472.6666666666667
hpmcounter10,drift,seed19,83,479.27878787878785
hpmcounter10,drift,seed19,84,483.23636363636365
hpmcounter10,drift,seed19,85,484.53939393939396
hpmcounter10,drift,seed19,86,483.1878787878788
hpmcounter10,drift,seed19,87,479.1818181818182
hpmcounter10,drift,seed19,88,476.1878787878788
hpmcounter10,drift,seed19,89,471.2060606060606
hpmcounter10,drift,seed19,90,464.23636363636365
hpmcounter10,drift,seed19,91,458.94545454545454
hpmcounter10,drift,seed19,92,456.0
hpmcounter10,drift,seed19,93,456.0
hpmcounter10,drift,seed19,94,456.0
hpmcounter10,drift,seed19,95,456.0
hpmcounter10,drift,seed19,96,456.0
hpmcounter10,drift,seed19,97,456.0
hpmcounter10,drift,seed19,98,456.0
hpmcounter10,drift,seed19,99,456.0
hpmcounter10,drift,seed19,100,456.0
hpmcounter10,drift,seed19,101,456.0
hpmcounter10,drift,seed19,102,456.0
hpmcounter10,drift,seed19,103,456.0
hpmcounter10,drift,seed19,104,456.0
hpmcounter10,drift,seed19,105,456.0
hpmcounter10,drift,seed19,106,456.0
hpmcounter10,drift,seed19,107,456.0
hpmcounter10,drift,seed19,108,456.0
hpmcounter10,drift,seed19,109,456.0
hpmcounter10,drift,seed19,110,456.0
hpmcounter10,drift,seed19,111,456.0
hpmcounter10,drift,seed19,112,456.0
hpmcounter10,drift,seed19,113,456.0
hpmcounter10,drift,seed19,114,456.0
hpmcounter10,drift,seed19,115,456.0
hpmcounter10,drift,seed19,116,456.0
hpmcounter10,drift,seed19,117,456.0
hpmcounter10,drift,seed19,118,456.0
hpmcounter10,drift,seed19,119,456.0
hpmcounter10,drift,seed19,120,456.0
hpmcounter10,drift,seed19,121,456.0
hpmcounter10,drift,seed19,122,456.0
hpmcounter10,drift,seed19,123,456.0
hpmcounter10,drift,seed19,124,456.0
hpmcounter10,drift,seed19,125,456.0
hpmcounter10,drift,seed19,126,456.0
hpmcounter10,drift,seed19,127,456.0
hpmcounter10,drift,seed19,128,456.0
hpmcounter10,drift,seed19,129,456.0
hpmcounter10,drift,seed19,130,456.0
hpmcounter10,drift,seed19,131,456.0
hpmcounter10,drift,seed19,132,456.0
hpmcounter10,drift,seed19,133,456.0
hpmcounter10,drift,seed19,134,456.0
hpmcounter10,drift,seed19,135,456.0
hpmcounter10,drift,seed19,136,456.0
hpmcounter10,drift,seed19,137,456.0
hpmcounter10,drift,seed19,138,456.0
hpmcounter10,drift,seed19,139,456.0
hpmcounter10,drift,seed19,140,456.0
hpmcounter10,drift,seed19,141,456.0
hpmcounter10,drift,seed19,142,456.0
hpmcounter10,drift,seed19,143,456.0
hpmcounter10,drift,seed19,144,456.0
hpmcounter10,drift,seed19,145,456.0
hpmcounter10,drift,seed19,146,456.0
hpmcounter10,drift,seed19,147,456.0
hpmcounter10,drift,seed19,148,456.0
hpmcounter10,drift,seed19,149,456.0
hpmcounter10,drift,seed19,150,456.0
hpmcounter10,drift,seed19,151,456.0
hpmcounter10,drift,seed19,152,456.0
hpmcounter10,drift,seed19,153,456.0
hpmcounter10,drift,seed19,154,456.0
hpmcounter10,drift,seed19,155,456.0
hpmcounter10,drift,seed19,156,456.0
hpmcounter10,drift,seed19,157,456.0
hpmcounter10,drift,seed19,158,456.0
hpmcounter10,drift,seed19,159,456.0
hpmcounter10,drift,seed19,160,459.0
hpmcounter10,drift,seed19,161,461.3333333333333
hpmcounter10,drift,seed19,162,466.0
hpmcounter10,drift,seed19,163,472.3333333333333
hpmcounter10,drift,seed19,164,479.6666666666667
hpmcounter10,drift,seed19,165,484.3333333333333
hpmcounter10,drift,seed19,166,486.3333333333333
hpmcounter10,drift,seed19,167,485.6666666666667
hpmcounter10,drift,seed19,168,482.3333333333333
hpmcounter10,drift,seed19,169,476.3333333333333
hpmcounter10,drift,seed19,170,471.3333333333333
hpmcounter10,drift,seed19,171,464.3333333333333
hpmcounter10,drift,seed19,172,459.0
hpmcounter10,drift,seed19,173,456.0
hpmcounter10,drift,seed19,174,456.0
hpmcounter10,drift,seed19,175,456.0
hpmcounter10,drift,seed19,176,456.0
hpmcounter10,drift,seed19,177,456.0
hpmcounter10,drift,seed19,178,456.0
hpmcounter10,drift,seed19,179,456.0
hpmcounter10,drift,seed19,180,456.0
hpmcounter10,drift,seed19,181,456.0
hpmcounter10,drift,seed19,182,456.0
hpmcounter10,drift,seed19,183,456.0
hpmcounter10,drift,seed19,184,456.0
hpmcounter10,drift,seed19,185,456.0
hpmcounter10,drift,seed19,186,456.0
hpmcounter10,drift,seed19,187,456.0
hpmcounter10,drift,seed19,188,456.0
hpmcounter10,drift,seed19,189,459.0
hpmcounter10,drift,seed19,190,464.27878787878785
hpmcounter10,drift,seed19,191,471.1818181818182
hpmcounter10,drift,seed19,192,476.1090909090909
hpmcounter10,drift,seed19,193,479.06060606060606
hpmcounter10,drift,seed19,194,480.03636363636366
hpmcounter10,drift,seed19,195,479.03636363636366
hpmcounter10,drift,seed19,196,476.06060606060606
hpmcounter10,drift,seed19,197,471.1090909090909
hpmcounter10,drift,seed19,198,464.1818181818182
hpmcounter10,drift,seed19,199,458.94545454545454
hpmcounter10,drift,seed19,200,456.0
hpmcounter10,drift,seed19,201,456.0
hpmcounter10,drift,seed19,202,456.0
hpmcounter10,drift,seed19,203,456.0
hpmcounter10,drift,seed19,204,456.0
hpmcounter10,drift,seed19,205,456.0
hpmcounter10,drift,seed19,206,456.0
hpmcounter10,drift,seed19,207,456.0
hpmcounter10,drift,seed19,208,456.0
hpmcounter10,drift,seed19,209,456.0
hpmcounter10,drift,seed19,210,456.0
hpmcounter10,drift,seed19,211,456.0
hpmcounter10,drift,seed19,212,456.0
hpmcounter10,drift,seed19,213,456.0
hpmcounter10,drift,seed19,214,456.0
hpmcounter10,drift,seed19,215,456.0
hpmcounter10,drift,seed19,216,456.0
hpmcounter10,drift,seed19,217,456.0
hpmcounter10,drift,seed19,218,456.0
hpmcounter10,drift,seed19,219,456.0
hpmcounter10,drift,seed19,220,456.0
hpmcounter10,drift,seed19,221,456.0
hpmcounter10,drift,seed19,222,456.0
hpmcounter10,drift,seed19,223,456.0
hpmcounter10,drift,seed19,224,456.0
hpmcounter10,drift,seed19,225,456.0
hpmcounter10,drift,seed19,226,456.0
hpmcounter10,drift,seed19,227,456.0
hpmcounter10,drift,seed19,228,456.0
hpmcounter10,drift,seed19,229,456.0
hpmcounter10,drift,seed19,230,456.0
hpmcounter10,drift,seed19,231,456.0
hpmcounter10,drift,seed19,232,456.0
hpmcounter10,drift,seed19,233,456.0
hpmcounter10,drift,seed19,234,456.0
hpmcounter10,drift,seed19,235,456.0
hpmcounter10,drift,seed19,236,456.0
hpmcounter10,drift,seed19,237,456.0
hpmcounter10,drift,seed19,238,456.0
hpmcounter10,drift,seed19,239,456.0
hpmcounter10,drift,seed19,240,456.0
hpmcounter10,drift,seed19,241,456.0
hpmcounter10,drift,seed19,242,456.0
hpmcounter10,drift,seed19,243,456.0
hpmcounter10,drift,seed19,244,456.0
hpmcounter10,drift,seed19,245,456.0
hpmcounter10,drift,seed19,246,456.0
hpmcounter10,drift,seed19,247,456.0
hpmcounter10,drift,seed19,248,456.0
hpmcounter10,drift,seed19,249,456.0
hpmcounter10,drift,seed19,250,456.0
hpmcounter10,drift,seed19,251,456.0
hpmcounter10,drift,seed19,252,456.0
hpmcounter10,drift,seed19,253,456.0
hpmcounter10,drift,seed19,254,456.0
hpmcounter10,drift,seed19,255,456.0
hpmcounter10,drift,seed19,256,456.0
hpmcounter10,drift,seed19,257,456.0
hpmcounter10,drift,seed19,258,456.0
hpmcounter10,drift,seed19,259,456.0
hpmcounter10,drift,seed19,260,456.0
hpmcounter10,drift,seed19,261,456.0
hpmcounter10,drift,seed19,262,456.0
hpmcounter10,drift,seed19,263,456.0
hpmcounter10,drift,seed19,264,456.0
hpmcounter10,drift,seed19,265,456.0
hpmcounter10,drift,seed19,266,456.0
hpmcounter10,drift,seed19,267,456.0
hpmcounter10,drift,seed19,268,456.0
hpmcounter10,drift,seed19,269,456.0
hpmcounter10,drift,seed19,270,456.0
hpmcounter10,drift,seed19,271,456.0
hpmcounter10,drift,seed19,272,456.0
hpmcounter10,drift,seed19,273,456.0
hpmcounter10,drift,seed19,274,456.0
hpmcounter10,drift,seed19,275,456.0
hpmcounter10,drift,seed19,276,456.0
hpmcounter10,drift,seed19,277,456.0
hpmcounter10,drift,seed19,278,456.0
hpmcounter10,drift,seed19,279,456.0
hpmcounter10,drift,seed19,280,456.0
hpmcounter10,drift,seed19,281,456.0
hpmcounter10,drift,seed19,282,456.0
hpmcounter10,drift,seed19,283,456.0
hpmcounter10,drift,seed19,284,456.0
hpmcounter10,drift,seed19,285,456.0
hpmcounter10,drift,seed19,286,456.0
hpmcounter10,drift,seed19,287,456.0
hpmcounter10,drift,seed19,288,456.0
hpmcounter10,drift,seed19,289,456.0
hpmcounter10,drift,seed19,290,456.0
hpmcounter10,drift,seed19,291,456.0
hpmcounter10,drift,seed19,292,456.0
hpmcounter10,drift,seed19,293,456.0
hpmcounter10,drift,seed19,294,456.0
hpmcounter10,drift,seed19,295,456.0
hpmcounter10,drift,seed19,296,456.0
hpmcounter10,drift,seed19,297,456.0
hpmcounter10,drift,seed19,298,456.0
hpmcounter10,drift,seed2,9,455.0
hpmcounter10,drift,seed2,10,455.0
hpmcounter10,drift,seed2,11,455.05454545454546
hpmcounter10,drift,seed2,12,455.1515151515151
hpmcounter10,drift,seed2,13,455.27878787878785
hpmcounter10,drift,seed2,14,455.42424242424244
hpmcounter10,drift,seed2,15,458.57575757575756
hpmcounter10,drift,seed2,16,461.05454545454546
hpmcounter10,drift,seed2,17,462.8484848484849
hpmcounter10,drift,seed2,18,463.94545454545454
hpmcounter10,drift,seed2,19,467.3333333333333
hpmcounter10,drift,seed2,20,472.3333333333333
hpmcounter10,drift,seed2,21,475.3333333333333
hpmcounter10,drift,seed2,22,476.3333333333333
hpmcounter10,drift,seed2,23,475.3333333333333
hpmcounter10,drift,seed2,24,472.3333333333333
hpmcounter10,drift,seed2,25,471.0
hpmcounter10,drift,seed2,26,468.3333333333333
hpmcounter10,drift,seed2,27,464.3333333333333
hpmcounter10,drift,seed2,28,459.0
hpmcounter10,drift,seed2,29,456.0
hpmcounter10,drift,seed2,30,456.0
hpmcounter10,drift,seed2,31,456.0
hpmcounter10,drift,seed2,32,456.0
hpmcounter10,drift,seed2,33,456.0
hpmcounter10,drift,seed2,34,456.0
hpmcounter10,drift,seed2,35,456.0
hpmcounter10,drift,seed2,36,456.0
hpmcounter10,drift,seed2,37,456.0
hpmcounter10,drift,seed2,38,456.0
hpmcounter10,drift,seed2,39,456.0
hpmcounter10,drift,seed2,40,456.0
hpmcounter10,drift,seed2,41,456.0
hpmcounter10,drift,seed2,42,456.0
hpmcounter10,drift,seed2,43,456.0
hpmcounter10,drift,seed2,44,456.0
hpmcounter10,drift,seed2,45,456.0
hpmcounter10,drift,seed2,46,456.0
hpmcounter10,drift,seed2,47,456.0
hpmcounter10,drift,seed2,48,456.0
hpmcounter10,drift,seed2,49,456.0
hpmcounter10,drift,seed2,50,456.0
hpmcounter10,drift,seed2,51,456.0
hpmcounter10,drift,seed2,52,456.0
hpmcounter10,drift,seed2,53,456.0
hpmcounter10,drift,seed2,54,456.0
hpmcounter10,drift,seed2,55,456.0
hpmcounter10,drift,seed2,56,456.0
hpmcounter10,drift,seed2,57,456.0
hpmcounter10,drift,seed2,58,456.0
hpmcounter10,drift,seed2,59,456.0
hpmcounter10,drift,seed2,60,456.0
hpmcounter10,drift,seed2,61,456.0
hpmcounter10,drift,seed2,62,456.0
hpmcounter10,drift,seed2,63,456.0
hpmcounter10,drift,seed2,64,456.0
hpmcounter10,drift,seed2,65,456.0
hpmcounter10,drift,seed2,66,456.0
hpmcounter10,drift,seed2,67,456.0
hpmcounter10,drift,seed2,68,456.0
hpmcounter10,drift,seed2,69,456.0
hpmcounter10,drift,seed2,70,456.0
hpmcounter10,drift,seed2,71,456.0
hpmcounter10,drift,seed2,72,456.0
hpmcounter10,drift,seed2,73,456.0
hpmcounter10,drift,seed2,74,456.0
hpmcounter10,drift,seed2,75,456.0
hpmcounter10,drift,seed2,76,456.0
hpmcounter10,drift,seed2,77,456.0
hpmcounter10,drift,seed2,78,456.0
hpmcounter10,drift,seed2,79,456.0
hpmcounter10,drift,seed2,80,456.0
hpmcounter10,drift,seed2,81,456.0
hpmcounter10,drift,seed2,82,456.0
hpmcounter10,drift,seed2,83,456.0
hpmcounter10,drift,seed2,84,456.0
hpmcounter10,drift,seed2,85,456.0
hpmcounter10,drift,seed2,86,456.0
hpmcounter10,drift,seed2,87,456.0
hpmcounter10,drift,seed2,88,456.0
hpmcounter10,drift,seed2,89,456.0
hpmcounter10,drift,seed2,90,456.0
hpmcounter10,drift,seed2,91,456.0
hpmcounter10,drift,seed2,92,456.0
hpmcounter10,drift,seed2,93,456.0
hpmcounter10,drift,seed2,94,456.0
hpmcounter10,drift,seed2,95,456.0
hpmcounter10,drift,seed2,96,456.0
hpmcounter10,drift,seed2,97,456.0
hpmcounter10,drift,seed2,98,456.0
hpmcounter10,drift,seed2,99,456.0
hpmcounter10,drift,seed2,100,456.0
hpmcounter10,drift,seed2,101,456.0
hpmcounter10,drift,seed2,102,456.0
hpmcounter10,drift,seed2,103,456.0
hpmcounter10,drift,seed2,104,456.0
hpmcounter10,drift,seed2,105,456.0
hpmcounter10,drift,seed2,106,456.0
hpmcounter10,drift,seed2,107,456.0
hpmcounter10,drift,seed2,108,456.0
hpmcounter10,drift,seed2,109,456.0
hpmcounter10,drift,seed2,110,456.0
hpmcounter10,drift,seed2,111,456.0
hpmcounter10,drift,seed2,112,456.0
hpmcounter10,drift,seed2,113,456.0
hpmcounter10,drift,seed2,114,456.0
hpmcounter10,drift,seed2,115,456.0
hpmcounter10,drift,seed2,116,456.0
hpmcounter10,drift,seed2,117,456.0
hpmcounter10,drift,seed2,118,456.0
hpmcounter10,drift,seed2,119,456.0
hpmcounter10,drift,seed2,120,456.0
hpmcounter10,drift,seed2,121,456.0
hpmcounter10,drift,seed2,122,456.0
hpmcounter10,drift,seed2,123,456.0
hpmcounter10,drift,seed2,124,456.0
hpmcounter10,drift,seed2,125,456.0
hpmcounter10,drift,seed2,126,456.0
hpmcounter10,drift,seed2,127,456.0
hpmcounter10,drift,seed2,128,456.0
hpmcounter10,drift,seed2,129,456.0
hpmcounter10,drift,seed2,130,456.0
hpmcounter10,drift,seed2,131,456.0
hpmcounter10,drift,seed2,132,456.0
hpmcounter10,drift,seed2,133,456.0
hpmcounter10,drift,seed2,134,456.0
hpmcounter10,drift,seed2,135,456.0
hpmcounter10,drift,seed2,136,456.0
hpmcounter10,drift,seed2,137,456.0
hpmcounter10,drift,seed2,138,456.0
hpmcounter10,drift,seed2,139,456.0
hpmcounter10,drift,seed2,140,456.0
hpmcounter10,drift,seed2,141,456.0
hpmcounter10,drift,seed2,142,456.0
hpmcounter10,drift,seed2,143,456.0
hpmcounter10,drift,seed2,144,456.0
hpmcounter10,drift,seed2,145,456.0
hpmcounter10,drift,seed2,146,456.0
hpmcounter10,drift,seed2,147,456.0
hpmcounter10,drift,seed2,148,459.0
hpmcounter10,drift,seed2,149,461.3333333333333
hpmcounter10,drift,seed2,150,463.0
hpmcounter10,drift,seed2,151,467.0
hpmcounter10,drift,seed2,152,472.6666666666667
hpmcounter10,drift,seed2,153,479.3333333333333
hpmcounter10,drift,seed2,154,486.3333333333333
hpmcounter10,drift,seed2,155,493.0
hpmcounter10,drift,seed2,156,495.6666666666667
hpmcounter10,drift,seed2,157,494.3333333333333
hpmcounter10,drift,seed2,158,492.6666666666667
hpmcounter10,drift,seed2,159,487.6666666666667
hpmcounter10,drift,seed2,160,479.3333333333333
hpmcounter10,drift,seed2,161,471.3333333333333
hpmcounter10,drift,seed2,162,464.3333333333333
hpmcounter10,drift,seed2,163,459.0
hpmcounter10,drift,seed2,164,456.0
hpmcounter10,drift,seed2,165,456.0
hpmcounter10,drift,seed2,166,456.0
hpmcounter10,drift,seed2,167,456.0
hpmcounter10,drift,seed2,168,456.0
hpmcounter10,drift,seed2,169,456.0
hpmcounter10,drift,seed2,170,456.0
hpmcounter10,drift,seed2,171,456.0
hpmcounter10,drift,seed2,172,456.0
hpmcounter10,drift,seed2,173,459.0
hpmcounter10,drift,seed2,174,464.3333333333333
hpmcounter10,drift,seed2,175,471.3333333333333
hpmcounter10,drift,seed2,176,479.3333333333333
hpmcounter10,drift,seed2,177,484.6666666666667
hpmcounter10,drift,seed2,178,487.3333333333333
hpmcounter10,drift,seed2,179,487.3333333333333
hpmcounter10,drift,seed2,180,484.6666666666667
hpmcounter10,drift,seed2,181,479.3333333333333
hpmcounter10,drift,seed2,182,471.3333333333333
hpmcounter10,drift,seed2,183,464.3333333333333
hpmcounter10,drift,seed2,184,459.0
hpmcounter10,drift,seed2,185,456.0
hpmcounter10,drift,seed2,186,456.0
hpmcounter10,drift,seed2,187,456.0
hpmcounter10,drift,seed2,188,456.0
hpmcounter10,drift,seed2,189,456.0
hpmcounter10,drift,seed2,190,456.0
hpmcounter10,drift,seed2,191,456.0
hpmcounter10,drift,seed2,192,456.0
hpmcounter10,drift,seed2,193,456.0
hpmcounter10,drift,seed2,194,456.0
hpmcounter10,drift,seed2,195,456.0
hpmcounter10,drift,seed2,196,456.0
hpmcounter10,drift,seed2,197,456.0
hpmcounter10,drift,seed2,198,456.0
hpmcounter10,drift,seed2,199,456.0
hpmcounter10,drift,seed2,200,456.0
hpmcounter10,drift,seed2,201,456.0
hpmcounter10,drift,seed2,202,456.0
hpmcounter10,drift,seed2,203,456.0
hpmcounter10,drift,seed2,204,456.0
hpmcounter10,drift,seed2,205,456.0
hpmcounter10,drift,seed2,206,456.0
hpmcounter10,drift,seed2,207,456.0
hpmcounter10,drift,seed2,208,456.0
hpmcounter10,drift,seed2,209,456.0
hpmcounter10,drift,seed2,210,456.0
hpmcounter10,drift,seed2,211,456.0
hpmcounter10,drift,seed2,212,456.0
hpmcounter10,drift,seed2,213,456.0
hpmcounter10,drift,seed2,214,456.0
hpmcounter10,drift,seed2,215,456.0
hpmcounter10,drift,seed2,216,456.0
hpmcounter10,drift,seed2,217,456.0
hpmcounter10,drift,seed2,218,456.0
hpmcounter10,drift,seed2,219,456.0
hpmcounter10,drift,seed2,220,456.0
hpmcounter10,drift,seed2,221,456.0
hpmcounter10,drift,seed2,222,456.0
hpmcounter10,drift,seed2,223,456.0
hpmcounter10,drift,seed2,224,456.0
hpmcounter10,drift,seed2,225,456.0
hpmcounter10,drift,seed2,226,456.0
hpmcounter10,drift,seed2,227,456.0
hpmcounter10,drift,seed2,228,456.0
hpmcounter10,drift,seed2,229,456.0
hpmcounter10,drift,seed2,230,456.0
hpmcounter10,drift,seed2,231,456.0
hpmcounter10,drift,seed2,232,456.0
hpmcounter10,drift,seed2,233,456.0
hpmcounter10,drift,seed2,234,456.0
hpmcounter10,drift,seed2,235,456.0
hpmcounter10,drift,seed2,236,456.0
hpmcounter10,drift,seed2,237,456.0
hpmcounter10,drift,seed2,238,456.0
hpmcounter10,drift,seed2,239,456.0
hpmcounter10,drift,seed2,240,456.0
hpmcounter10,drift,seed2,241,456.0
hpmcounter10,drift,seed2,242,456.0
hpmcounter10,drift,seed2,243,456.0
hpmcounter10,drift,seed2,244,456.0
hpmcounter10,drift,seed2,245,456.0
hpmcounter10,drift,seed2,246,456.0
hpmcounter10,drift,seed2,247,456.0
hpmcounter10,drift,seed2,248,456.0
hpmcounter10,drift,seed2,249,456.0
hpmcounter10,drift,seed2,250,456.0
hpmcounter10,drift,seed2,251,456.0
hpmcounter10,drift,seed2,252,456.0
hpmcounter10,drift,seed2,253,456.0
hpmcounter10,drift,seed2,254,456.0
hpmcounter10,drift,seed2,255,456.0
hpmcounter10,drift,seed2,256,456.0
hpmcounter10,drift,seed2,257,456.0
hpmcounter10,drift,seed2,258,456.0
hpmcounter10,drift,seed2,259,456.0
hpmcounter10,drift,seed2,260,456.0
hpmcounter10,drift,seed2,261,456.0
hpmcounter10,drift,seed2,262,456.0
hpmcounter10,drift,seed2,263,456.0
hpmcounter10,drift,seed2,264,456.0
hpmcounter10,drift,seed2,265,456.0
hpmcounter10,drift,seed2,266,456.0
hpmcounter10,drift,seed2,267,456.0
hpmcounter10,drift,seed2,268,456.0
hpmcounter10,drift,seed2,269,456.0
hpmcounter10,drift,seed2,270,456.0
hpmcounter10,drift,seed2,271,456.0
hpmcounter10,drift,seed2,272,456.0
hpmcounter10,drift,seed2,273,456.0
hpmcounter10,drift,seed2,274,456.0
hpmcounter10,drift,seed2,275,456.0
hpmcounter10,drift,seed2,276,456.0
hpmcounter10,drift,seed2,277,456.0
hpmcounter10,drift,seed2,278,456.0
hpmcounter10,drift,seed2,279,456.0
hpmcounter10,drift,seed2,280,456.0
hpmcounter10,drift,seed2,281,456.0
hpmcounter10,drift,seed2,282,456.0
hpmcounter10,drift,seed2,283,456.0
hpmcounter10,drift,seed2,284,456.0
hpmcounter10,drift,seed2,285,456.0
hpmcounter10,drift,seed2,286,456.0
hpmcounter10,drift,seed2,287,456.0
hpmcounter10,drift,seed2,288,456.0
hpmcounter10,drift,seed2,289,456.0
hpmcounter10,drift,seed2,290,456.0
hpmcounter10,drift,seed2,291,456.0
hpmcounter10,drift,seed2,292,456.0
hpmcounter10,drift,seed2,293,456.0
hpmcounter10,drift,seed2,294,456.0
hpmcounter10,drift,seed2,295,456.0
hpmcounter10,drift,seed2,296,456.0
hpmcounter10,drift,seed2,297,456.0
hpmcounter10,drift,seed2,298,456.0
hpmcounter10,drift,seed20,9,486.1818181818182
hpmcounter10,drift,seed20,10,486.05454545454546
hpmcounter10,drift,seed20,11,483.0121212121212
hpmcounter10,drift,seed20,12,478.57575757575756
hpmcounter10,drift,seed20,13,473.27878787878785
hpmcounter10,drift,seed20,14,467.7030303030303
hpmcounter10,drift,seed20,15,462.4787878787879
hpmcounter10,drift,seed20,16,458.2848484848485
hpmcounter10,drift,seed20,17,455.8484848484849
hpmcounter10,drift,seed20,18,455.94545454545454
hpmcounter10,drift,seed20,19,456.0
hpmcounter10,drift,seed20,20,456.0
hpmcounter10,drift,seed20,21,456.0
hpmcounter10,drift,seed20,22,456.0
hpmcounter10,drift,seed20,23,456.0
hpmcounter10,drift,seed20,24,456.0
hpmcounter10,drift,seed20,25,456.0
hpmcounter10,drift,seed20,26,456.0
hpmcounter10,drift,seed20,27,456.0
hpmcounter10,drift,seed20,28,456.0
hpmcounter10,drift,seed20,29,456.0
hpmcounter10,drift,seed20,30,456.0
hpmcounter10,drift,seed20,31,456.0
hpmcounter10,drift,seed20,32,456.0
hpmcounter10,drift,seed20,33,456.0
hpmcounter10,drift,seed20,34,456.0
hpmcounter10,drift,seed20,35,456.0
hpmcounter10,drift,seed20,36,456.0
hpmcounter10,drift,seed20,37,456.0
hpmcounter10,drift,seed20,38,456.0
hpmcounter10,drift,seed20,39,456.0
hpmcounter10,drift,seed20,40,456.0
hpmcounter10,drift,seed20,41,456.0
hpmcounter10,drift,seed20,42,456.0
hpmcounter10,drift,seed20,43,456.0
hpmcounter10,drift,seed20,44,456.0
hpmcounter10,drift,seed20,45,456.0
hpmcounter10,drift,seed20,46,459.0
hpmcounter10,drift,seed20,47,464.3333333333333
hpmcounter10,drift,seed20,48,471.3333333333333
hpmcounter10,drift,seed20,49,479.3333333333333
hpmcounter10,drift,seed20,50,484.6666666666667
hpmcounter10,drift,seed20,51,487.3333333333333
hpmcounter10,drift,seed20,52,487.3333333333333
hpmcounter10,drift,seed20,53,484.6666666666667
hpmcounter10,drift,seed20,54,479.3333333333333
hpmcounter10,drift,seed20,55,471.3333333333333
hpmcounter10,drift,seed20,56,464.3333333333333
hpmcounter10,drift,seed20,57,459.0
hpmcounter10,drift,seed20,58,456.0
hpmcounter10,drift,seed20,59,456.0
hpmcounter10,drift,seed20,60,456.0
hpmcounter10,drift,seed20,61,456.0
hpmcounter10,drift,seed20,62,456.0
hpmcounter10,drift,seed20,63,456.0
hpmcounter10,drift,seed20,64,456.0
hpmcounter10,drift,seed20,65,456.0
hpmcounter10,drift,seed20,66,456.0
hpmcounter10,drift,seed20,67,456.0
hpmcounter10,drift,seed20,68,456.0
hpmcounter10,drift,seed20,69,456.0
hpmcounter10,drift,seed20,70,456.0
hpmcounter10,drift,seed20,71,456.0
hpmcounter10,drift,seed20,72,456.0
hpmcounter10,drift,seed20,73,456.0
hpmcounter10,drift,seed20,74,456.0
hpmcounter10,drift,seed20,75,456.0
hpmcounter10,drift,seed20,76,456.0
hpmcounter10,drift,seed20,77,456.0
hpmcounter10,drift,seed20,78,456.0
hpmcounter10,drift,seed20,79,456.0
hpmcounter10,drift,seed20,80,456.0
hpmcounter10,drift,seed20,81,456.0
hpmcounter10,drift,seed20,82,456.0
hpmcounter10,drift,seed20,83,456.0
hpmcounter10,drift,seed20,84,456.0
hpmcounter10,drift,seed20,85,456.0
hpmcounter10,drift,seed20,86,456.0
hpmcounter10,drift,seed20,87,456.0
hpmcounter10,drift,seed20,88,456.0
hpmcounter10,drift,seed20,89,456.0
hpmcounter10,drift,seed20,90,456.0
hpmcounter10,drift,seed20,91,456.0
hpmcounter10,drift,seed20,92,456.0
hpmcounter10,drift,seed20,93,456.0
hpmcounter10,drift,seed20,94,456.0
hpmcounter10,drift,seed20,95,456.0
hpmcounter10,drift,seed20,96,456.0
hpmcounter10,drift,seed20,97,456.0
hpmcounter10,drift,seed20,98,456.0
hpmcounter10,drift,seed20,99,456.0
hpmcounter10,drift,seed20,100,456.0
hpmcounter10,drift,seed20,101,456.0
hpmcounter10,drift,seed20,102,456.0
hpmcounter10,drift,seed20,103,456.0
hpmcounter10,drift,seed20,104,456.0
hpmcounter10,drift,seed20,105,456.0
hpmcounter10,drift,seed20,106,456.0
hpmcounter10,drift,seed20,107,456.0
hpmcounter10,drift,seed20,108,456.0
hpmcounter10,drift,seed20,109,456.0
hpmcounter10,drift,seed20,110,456.0
hpmcounter10,drift,seed20,111,456.0
hpmcounter10,drift,seed20,112,456.0
hpmcounter10,drift,seed20,113,456.0
hpmcounter10,drift,seed20,114,456.0
hpmcounter10,drift,seed20,115,456.0
hpmcounter10,drift,seed20,116,456.0
hpmcounter10,drift,seed20,117,456.0
hpmcounter10,drift,seed20,118,456.0
hpmcounter10,drift,seed20,119,456.0
hpmcounter10,drift,seed20,120,456.0
hpmcounter10,drift,seed20,121,456.0
hpmcounter10,drift,seed20,122,456.0
hpmcounter10,drift,seed20,123,456.0
hpmcounter10,drift,seed20,124,456.0
hpmcounter10,drift,seed20,125,456.0
hpmcounter10,drift,seed20,126,456.0
hpmcounter10,drift,seed20,127,459.0
hpmcounter10,drift,seed20,128,461.3333333333333
hpmcounter10,drift,seed20,129,463.0
hpmcounter10,drift,seed20,130,464.0
hpmcounter10,drift,seed20,131,464.3333333333333
hpmcounter10,drift,seed20,132,464.0
hpmcounter10,drift,seed20,133,463.0
hpmcounter10,drift,seed20,134,461.3333333333333
hpmcounter10,drift,seed20,135,459.0
hpmcounter10,drift,seed20,136,456.0
hpmcounter10,drift,seed20,137,456.0
hpmcounter10,drift,seed20,138,456.0
hpmcounter10,drift,seed20,139,456.0
hpmcounter10,drift,seed20,140,456.0
hpmcounter10,drift,seed20,141,456.0
hpmcounter10,drift,seed20,142,456.0
hpmcounter10,drift,seed20,143,456.0
hpmcounter10,drift,seed20,144,456.0
hpmcounter10,drift,seed20,145,456.0
hpmcounter10,drift,seed20,146,456.0
hpmcounter10,drift,seed20,147,456.0
hpmcounter10,drift,seed20,148,456.0
hpmcounter10,drift,seed20,149,456.0
hpmcounter10,drift,seed20,150,456.0
hpmcounter10,drift,seed20,151,456.0
hpmcounter10,drift,seed20,152,456.0
hpmcounter10,drift,seed20,153,456.0
hpmcounter10,drift,seed20,154,456.0
hpmcounter10,drift,seed20,155,456.0
hpmcounter10,drift,seed20,156,456.0
hpmcounter10,drift,seed20,157,456.0
hpmcounter10,drift,seed20,158,459.0
hpmcounter10,drift,seed20,159,464.3333333333333
hpmcounter10,drift,seed20,160,471.27878787878785
hpmcounter10,drift,seed20,161,476.23636363636365
hpmcounter10,drift,seed20,162,479.2060606060606
hpmcounter10,drift,seed20,163,480.1878787878788
hpmcounter10,drift,seed20,164,479.1818181818182
hpmcounter10,drift,seed20,165,476.1878787878788
hpmcounter10,drift,seed20,166,471.2060606060606
hpmcounter10,drift,seed20,167,464.23636363636365
hpmcounter10,drift,seed20,168,458.94545454545454
hpmcounter10,drift,seed20,169,456.0
hpmcounter10,drift,seed20,170,456.0
hpmcounter10,drift,seed20,171,456.0
hpmcounter10,drift,seed20,172,456.0
hpmcounter10,drift,seed20,173,456.0
hpmcounter10,drift,seed20,174,456.0
hpmcounter10,drift,seed20,175,456.0
hpmcounter10,drift,seed20,176,456.0
hpmcounter10,drift,seed20,177,459.0
hpmcounter10,drift,seed20,178,461.3333333333333
hpmcounter10,drift,seed20,179,463.0
hpmcounter10,drift,seed20,180,464.0
hpmcounter10,drift,seed20,181,464.3333333333333
hpmcounter10,drift,seed20,182,464.0
hpmcounter10,drift,seed20,183,463.0
hpmcounter10,drift,seed20,184,461.3333333333333
hpmcounter10,drift,seed20,185,459.0
hpmcounter10,drift,seed20,186,456.0
hpmcounter10,drift,seed20,187,456.0
hpmcounter10,drift,seed20,188,456.0
hpmcounter10,drift,seed20,189,456.0
hpmcounter10,drift,seed20,190,456.0
hpmcounter10,drift,seed20,191,456.0
hpmcounter10,drift,seed20,192,456.0
hpmcounter10,drift,seed20,193,456.0
hpmcounter10,drift,seed20,194,456.0
hpmcounter10,drift,seed20,195,456.0
hpmcounter10,drift,seed20,196,456.0
hpmcounter10,drift,seed20,197,456.0
hpmcounter10,drift,seed20,198,456.0
hpmcounter10,drift,seed20,199,456.0
hpmcounter10,drift,seed20,200,456.0
hpmcounter10,drift,seed20,201,456.0
hpmcounter10,drift,seed20,202,456.0
hpmcounter10,drift,seed20,203,456.0
hpmcounter10,drift,seed20,204,456.0
hpmcounter10,drift,seed20,205,456.0
hpmcounter10,drift,seed20,206,456.0
hpmcounter10,drift,seed20,207,456.0
hpmcounter10,drift,seed20,208,456.0
hpmcounter10,drift,seed20,209,456.0
hpmcounter10,drift,seed20,210,456.0
hpmcounter10,drift,seed20,211,456.0
hpmcounter10,drift,seed20,212,456.0
hpmcounter10,drift,seed20,213,456.0
hpmcounter10,drift,seed20,214,456.0
hpmcounter10,drift,seed20,215,456.0
hpmcounter10,drift,seed20,216,456.0
hpmcounter10,drift,seed20,217,456.0
hpmcounter10,drift,seed20,218,459.0
hpmcounter10,drift,seed20,219,461.3333333333333
hpmcounter10,drift,seed20,220,463.0
hpmcounter10,drift,seed20,221,464.0
hpmcounter10,drift,seed20,222,464.3333333333333
hpmcounter10,drift,seed20,223,464.0
hpmcounter10,drift,seed20,224,463.0
hpmcounter10,drift,seed20,225,461.3333333333333
hpmcounter10,drift,seed20,226,459.0
hpmcounter10,drift,seed20,227,456.0
hpmcounter10,drift,seed20,228,456.0
hpmcounter10,drift,seed20,229,456.0
hpmcounter10,drift,seed20,230,456.0
hpmcounter10,drift,seed20,231,456.0
hpmcounter10,drift,seed20,232,456.0
hpmcounter10,drift,seed20,233,456.0
hpmcounter10,drift,seed20,234,456.0
hpmcounter10,drift,seed20,235,456.0
hpmcounter10,drift,seed20,236,456.0
hpmcounter10,drift,seed20,237,456.0
hpmcounter10,drift,seed20,238,456.0
hpmcounter10,drift,seed20,239,456.0
hpmcounter10,drift,seed20,240,456.0
hpmcounter10,drift,seed20,241,456.0
hpmcounter10,drift,seed20,242,456.0
hpmcounter10,drift,seed20,243,456.0
hpmcounter10,drift,seed20,244,456.0
hpmcounter10,drift,seed20,245,456.0
hpmcounter10,drift,seed20,246,456.0
hpmcounter10,drift,seed20,247,456.0
hpmcounter10,drift,seed20,248,456.0
hpmcounter10,drift,seed20,249,456.0
hpmcounter10,drift,seed20,250,456.0
hpmcounter10,drift,seed20,251,456.0
hpmcounter10,drift,seed20,252,456.0
hpmcounter10,drift,seed20,253,459.0
hpmcounter10,drift,seed20,254,464.3333333333333
hpmcounter10,drift,seed20,255,471.3333333333333
hpmcounter10,drift,seed20,256,479.3333333333333
hpmcounter10,drift,seed20,257,484.6666666666667
hpmcounter10,drift,seed20,258,487.3333333333333
hpmcounter10,drift,seed20,259,487.3333333333333
hpmcounter10,drift,seed20,260,487.6666666666667
hpmcounter10,drift,seed20,261,487.6121212121212
hpmcounter10,drift,seed20,262,483.56969696969696
hpmcounter10,drift,seed20,263,479.2060606060606
hpmcounter10,drift,seed20,264,475.1878787878788
hpmcounter10,drift,seed20,265,472.1818181818182
hpmcounter10,drift,seed20,266,470.8545454545455
hpmcounter10,drift,seed20,267,468.2060606060606
hpmcounter10,drift,seed20,268,464.23636363636365
hpmcounter10,drift,seed20,269,458.94545454545454
hpmcounter10,drift,seed20,270,456.0
hpmcounter10,drift,seed20,271,456.0
hpmcounter10,drift,seed20,272,456.0
hpmcounter10,drift,seed20,273,456.0
hpmcounter10,drift,seed20,274,456.0
hpmcounter10,drift,seed20,275,456.0
hpmcounter10,drift,seed20,276,456.0
hpmcounter10,drift,seed20,277,456.0
hpmcounter10,drift,seed20,278,456.0
hpmcounter10,drift,seed20,279,456.0
hpmcounter10,drift,seed20,280,456.0
hpmcounter10,drift,seed20,281,456.0
hpmcounter10,drift,seed20,282,456.0
hpmcounter10,drift,seed20,283,456.0
hpmcounter10,drift,seed20,284,456.0
hpmcounter10,drift,seed20,285,456.0
hpmcounter10,drift,seed20,286,456.0
hpmcounter10,drift,seed20,287,456.0
hpmcounter10,drift,seed20,288,456.0
hpmcounter10,drift,seed20,289,456.0
hpmcounter10,drift,seed20,290,456.0
hpmcounter10,drift,seed20,291,456.0
hpmcounter10,drift,seed20,292,456.0
hpmcounter10,drift,seed20,293,456.0
hpmcounter10,drift,seed20,294,456.0
hpmcounter10,drift,seed20,295,456.0
hpmcounter10,drift,seed20,296,456.0
hpmcounter10,drift,seed20,297,456.0
hpmcounter10,drift,seed20,298,456.0
hpmcounter10,drift,seed3,9,455.0
hpmcounter10,drift,seed3,10,455.0
hpmcounter10,drift,seed3,11,455.05454545454546
hpmcounter10,drift,seed3,12,455.1515151515151
hpmcounter10,drift,seed3,13,455.27878787878785
hpmcounter10,drift,seed3,14,455.42424242424244
hpmcounter10,drift,seed3,15,455.57575757575756
hpmcounter10,drift,seed3,16,455.72121212121215
hpmcounter10,drift,seed3,17,455.8484848484849
hpmcounter10,drift,seed3,18,455.94545454545454
hpmcounter10,drift,seed3,19,456.0
hpmcounter10,drift,seed3,20,459.0
hpmcounter10,drift,seed3,21,461.3333333333333
hpmcounter10,drift,seed3,22,463.0
hpmcounter10,drift,seed3,23,467.0
hpmcounter10,drift,seed3,24,469.6666666666667
hpmcounter10,drift,seed3,25,474.0
hpmcounter10,drift,seed3,26,476.3333333333333
hpmcounter10,drift,seed3,27,476.6666666666667
hpmcounter10,drift,seed3,28,475.0
hpmcounter10,drift,seed3,29,471.3333333333333
hpmcounter10,drift,seed3,30,469.3333333333333
hpmcounter10,drift,seed3,31,466.0
hpmcounter10,drift,seed3,32,461.3333333333333
hpmcounter10,drift,seed3,33,459.0
hpmcounter10,drift,seed3,34,456.0
hpmcounter10,drift,seed3,35,456.0
hpmcounter10,drift,seed3,36,456.0
hpmcounter10,drift,seed3,37,456.0
hpmcounter10,drift,seed3,38,456.0
hpmcounter10,drift,seed3,39,456.0
hpmcounter10,drift,seed3,40,456.0
hpmcounter10,drift,seed3,41,456.0
hpmcounter10,drift,seed3,42,456.0
hpmcounter10,drift,seed3,43,456.0
hpmcounter10,drift,seed3,44,456.0
hpmcounter10,drift,seed3,45,456.0
hpmcounter10,drift,seed3,46,456.0
hpmcounter10,drift,seed3,47,456.0
hpmcounter10,drift,seed3,48,456.0
hpmcounter10,drift,seed3,49,456.0
hpmcounter10,drift,seed3,50,456.0
hpmcounter10,drift,seed3,51,456.0
hpmcounter10,drift,seed3,52,456.0
hpmcounter10,drift,seed3,53,456.0
hpmcounter10,drift,seed3,54,456.0
hpmcounter10,drift,seed3,55,456.0
hpmcounter10,drift,seed3,56,456.0
hpmcounter10,drift,seed3,57,456.0
hpmcounter10,drift,seed3,58,456.0
hpmcounter10,drift,seed3,59,456.0
hpmcounter10,drift,seed3,60,456.0
hpmcounter10,drift,seed3,61,456.0
hpmcounter10,drift,seed3,62,456.0
hpmcounter10,drift,seed3,63,456.0
hpmcounter10,drift,seed3,64,456.0
hpmcounter10,drift,seed3,65,456.0
hpmcounter10,drift,seed3,66,456.0
hpmcounter10,drift,seed3,67,456.0
hpmcounter10,drift,seed3,68,456.0
hpmcounter10,drift,seed3,69,456.0
hpmcounter10,drift,seed3,70,456.0
hpmcounter10,drift,seed3,71,456.0
hpmcounter10,drift,seed3,72,456.0
hpmcounter10,drift,seed3,73,456.0
hpmcounter10,drift,seed3,74,456.0
hpmcounter10,drift,seed3,75,456.0
hpmcounter10,drift,seed3,76,456.0
hpmcounter10,drift,seed3,77,456.0
hpmcounter10,drift,seed3,78,456.0
hpmcounter10,drift,seed3,79,456.0
hpmcounter10,drift,seed3,80,456.0
hpmcounter10,drift,seed3,81,456.0
hpmcounter10,drift,seed3,82,456.0
hpmcounter10,drift,seed3,83,456.0
hpmcounter10,drift,seed3,84,456.0
hpmcounter10,drift,seed3,85,456.0
hpmcounter10,drift,seed3,86,456.0
hpmcounter10,drift,seed3,87,456.0
hpmcounter10,drift,seed3,88,456.0
hpmcounter10,drift,seed3,89,456.0
hpmcounter10,drift,seed3,90,456.0
hpmcounter10,drift,seed3,91,456.0
hpmcounter10,drift,seed3,92,456.0
hpmcounter10,drift,seed3,93,456.0
hpmcounter10,drift,seed3,94,456.0
hpmcounter10,drift,seed3,95,456.0
hpmcounter10,drift,seed3,96,456.0
hpmcounter10,drift,seed3,97,456.0
hpmcounter10,drift,seed3,98,456.0
hpmcounter10,drift,seed3,99,456.0
hpmcounter10,drift,seed3,100,456.0
hpmcounter10,drift,seed3,101,456.0
hpmcounter10,drift,seed3,102,456.0
hpmcounter10,drift,seed3,103,456.0
hpmcounter10,drift,seed3,104,456.0
hpmcounter10,drift,seed3,105,456.0
hpmcounter10,drift,seed3,106,456.0
hpmcounter10,drift,seed3,107,456.0
hpmcounter10,drift,seed3,108,456.0
hpmcounter10,drift,seed3,109,456.0
hpmcounter10,drift,seed3,110,456.0
hpmcounter10,drift,seed3,111,456.0
hpmcounter10,drift,seed3,112,456.0
hpmcounter10,drift,seed3,113,456.0
hpmcounter10,drift,seed3,114,456.0
hpmcounter10,drift,seed3,115,456.0
hpmcounter10,drift,seed3,116,456.0
hpmcounter10,drift,seed3,117,456.0
hpmcounter10,drift,seed3,118,456.0
hpmcounter10,drift,seed3,119,456.0
hpmcounter10,drift,seed3,120,456.0
hpmcounter10,drift,seed3,121,456.0
hpmcounter10,drift,seed3,122,456.0
hpmcounter10,drift,seed3,123,456.0
hpmcounter10,drift,seed3,124,456.0
hpmcounter10,drift,seed3,125,456.0
hpmcounter10,drift,seed3,126,456.0
hpmcounter10,drift,seed3,127,456.0
hpmcounter10,drift,seed3,128,456.0
hpmcounter10,drift,seed3,129,456.0
hpmcounter10,drift,seed3,130,456.0
hpmcounter10,drift,seed3,131,456.0
hpmcounter10,drift,seed3,132,459.0
hpmcounter10,drift,seed3,133,461.3333333333333
hpmcounter10,drift,seed3,134,463.0
hpmcounter10,drift,seed3,135,464.0
hpmcounter10,drift,seed3,136,464.3333333333333
hpmcounter10,drift,seed3,137,467.0
hpmcounter10,drift,seed3,138,468.3333333333333
hpmcounter10,drift,seed3,139,468.3333333333333
hpmcounter10,drift,seed3,140,467.0
hpmcounter10,drift,seed3,141,464.3333333333333
hpmcounter10,drift,seed3,142,464.0
hpmcounter10,drift,seed3,143,463.0
hpmcounter10,drift,seed3,144,461.3333333333333
hpmcounter10,drift,seed3,145,459.0
hpmcounter10,drift,seed3,146,456.0
hpmcounter10,drift,seed3,147,456.0
hpmcounter10,drift,seed3,148,456.0
hpmcounter10,drift,seed3,149,456.0
hpmcounter10,drift,seed3,150,456.0
hpmcounter10,drift,seed3,151,456.0
hpmcounter10,drift,seed3,152,456.0
hpmcounter10,drift,seed3,153,456.0
hpmcounter10,drift,seed3,154,456.0
hpmcounter10,drift,seed3,155,456.0
hpmcounter10,drift,seed3,156,456.0
hpmcounter10,drift,seed3,157,456.0
hpmcounter10,drift,seed3,158,456.0
hpmcounter10,drift,seed3,159,456.0
hpmcounter10,drift,seed3,160,456.0
hpmcounter10,drift,seed3,161,456.0
hpmcounter10,drift,seed3,162,456.0
hpmcounter10,drift,seed3,163,456.0
hpmcounter10,drift,seed3,164,456.0
hpmcounter10,drift,seed3,165,456.0
hpmcounter10,drift,seed3,166,456.0
hpmcounter10,drift,seed3,167,456.0
hpmcounter10,drift,seed3,168,458.94545454545454
hpmcounter10,drift,seed3,169,464.1818181818182
hpmcounter10,drift,seed3,170,471.05454545454546
hpmcounter10,drift,seed3,171,478.90909090909093
hpmcounter10,drift,seed3,172,487.09090909090907
hpmcounter10,drift,seed3,173,494.94545454545454
hpmcounter10,drift,seed3,174,501.8181818181818
hpmcounter10,drift,seed3,175,507.05454545454546
hpmcounter10,drift,seed3,176,507.05454545454546
hpmcounter10,drift,seed3,177,501.8181818181818
hpmcounter10,drift,seed3,178,494.94545454545454
hpmcounter10,drift,seed3,179,487.09090909090907
hpmcounter10,drift,seed3,180,478.90909090909093
hpmcounter10,drift,seed3,181,474.05454545454546
hpmcounter10,drift,seed3,182,469.5151515151515
hpmcounter10,drift,seed3,183,465.94545454545454
hpmcounter10,drift,seed3,184,464.0
hpmcounter10,drift,seed3,185,464.3333333333333
hpmcounter10,drift,seed3,186,467.0
hpmcounter10,drift,seed3,187,471.3333333333333
hpmcounter10,drift,seed3,188,473.6666666666667
hpmcounter10,drift,seed3,189,477.0
hpmcounter10,drift,seed3,190,477.6666666666667
hpmcounter10,drift,seed3,191,479.3333333333333
hpmcounter10,drift,seed3,192,479.0
hpmcounter10,drift,seed3,193,476.6666666666667
hpmcounter10,drift,seed3,194,472.3333333333333
hpmcounter10,drift,seed3,195,466.0
hpmcounter10,drift,seed3,196,461.3333333333333
hpmcounter10,drift,seed3,197,459.0
hpmcounter10,drift,seed3,198,456.0
hpmcounter10,drift,seed3,199,456.0
hpmcounter10,drift,seed3,200,456.0
hpmcounter10,drift,seed3,201,456.0
hpmcounter10,drift,seed3,202,456.0
hpmcounter10,drift,seed3,203,456.0
hpmcounter10,drift,seed3,204,456.0
hpmcounter10,drift,seed3,205,456.0
hpmcounter10,drift,seed3,206,456.0
hpmcounter10,drift,seed3,207,456.0
hpmcounter10,drift,seed3,208,456.0
hpmcounter10,drift,seed3,209,456.0
hpmcounter10,drift,seed3,210,456.0
hpmcounter10,drift,seed3,211,456.0
hpmcounter10,drift,seed3,212,456.0
hpmcounter10,drift,seed3,213,456.0
hpmcounter10,drift,seed3,214,456.0
hpmcounter10,drift,seed3,215,456.0
hpmcounter10,drift,seed3,216,456.0
hpmcounter10,drift,seed3,217,456.0
hpmcounter10,drift,seed3,218,456.0
hpmcounter10,drift,seed3,219,456.0
hpmcounter10,drift,seed3,220,456.0
hpmcounter10,drift,seed3,221,456.0
hpmcounter10,drift,seed3,222,456.0
hpmcounter10,drift,seed3,223,456.0
hpmcounter10,drift,seed3,224,456.0
hpmcounter10,drift,seed3,225,456.0
hpmcounter10,drift,seed3,226,456.0
hpmcounter10,drift,seed3,227,456.0
hpmcounter10,drift,seed3,228,456.0
hpmcounter10,drift,seed3,229,456.0
hpmcounter10,drift,seed3,230,456.0
hpmcounter10,drift,seed3,231,456.0
hpmcounter10,drift,seed3,232,456.0
hpmcounter10,drift,seed3,233,456.0
hpmcounter10,drift,seed3,234,456.0
hpmcounter10,drift,seed3,235,456.0
hpmcounter10,drift,seed3,236,456.0
hpmcounter10,drift,seed3,237,456.0
hpmcounter10,drift,seed3,238,456.0
hpmcounter10,drift,seed3,239,456.0
hpmcounter10,drift,seed3,240,456.0
hpmcounter10,drift,seed3,241,456.0
hpmcounter10,drift,seed3,242,456.0
hpmcounter10,drift,seed3,243,456.0
hpmcounter10,drift,seed3,244,456.0
hpmcounter10,drift,seed3,245,456.0
hpmcounter10,drift,seed3,246,456.0
hpmcounter10,drift,seed3,247,456.0
hpmcounter10,drift,seed3,248,456.0
hpmcounter10,drift,seed3,249,456.0
hpmcounter10,drift,seed3,250,456.0
hpmcounter10,drift,seed3,251,456.0
hpmcounter10,drift,seed3,252,456.0
hpmcounter10,drift,seed3,253,456.0
hpmcounter10,drift,seed3,254,456.0
hpmcounter10,drift,seed3,255,456.0
hpmcounter10,drift,seed3,256,456.0
hpmcounter10,drift,seed3,257,456.0
hpmcounter10,drift,seed3,258,456.0
hpmcounter10,drift,seed3,259,456.0
hpmcounter10,drift,seed3,260,456.0
hpmcounter10,drift,seed3,261,456.0
hpmcounter10,drift,seed3,262,456.0
hpmcounter10,drift,seed3,263,456.0
hpmcounter10,drift,seed3,264,456.0
hpmcounter10,drift,seed3,265,456.0
hpmcounter10,drift,seed3,266,456.0
hpmcounter10,drift,seed3,267,456.0
hpmcounter10,drift,seed3,268,456.0
hpmcounter10,drift,seed3,269,456.0
hpmcounter10,drift,seed3,270,456.0
hpmcounter10,drift,seed3,271,456.0
hpmcounter10,drift,seed3,272,456.0
hpmcounter10,drift,seed3,273,456.0
hpmcounter10,drift,seed3,274,456.0
hpmcounter10,drift,seed3,275,456.0
hpmcounter10,drift,seed3,276,456.0
hpmcounter10,drift,seed3,277,456.0
hpmcounter10,drift,seed3,278,456.0
hpmcounter10,drift,seed3,279,456.0
hpmcounter10,drift,seed3,280,456.0
hpmcounter10,drift,seed3,281,456.0
hpmcounter10,drift,seed3,282,456.0
hpmcounter10,drift,seed3,283,456.0
hpmcounter10,drift,seed3,284,456.0
hpmcounter10,drift,seed3,285,456.0
hpmcounter10,drift,seed3,286,456.0
hpmcounter10,drift,seed3,287,456.0
hpmcounter10,drift,seed3,288,456.0
hpmcounter10,drift,seed3,289,456.0
hpmcounter10,drift,seed3,290,456.0
hpmcounter10,drift,seed3,291,456.0
hpmcounter10,drift,seed3,292,456.0
hpmcounter10,drift,seed3,293,456.0
hpmcounter10,drift,seed3,294,456.0
hpmcounter10,drift,seed3,295,456.0
hpmcounter10,drift,seed3,296,456.0
hpmcounter10,drift,seed3,297,456.0
hpmcounter10,drift,seed3,298,456.0
hpmcounter10,drift,seed4,9,455.0
hpmcounter10,drift,seed4,10,455.0
hpmcounter10,drift,seed4,11,455.05454545454546
hpmcounter10,drift,seed4,12,455.1515151515151
hpmcounter10,drift,seed4,13,455.27878787878785
hpmcounter10,drift,seed4,14,455.42424242424244
hpmcounter10,drift,seed4,15,455.57575757575756
hpmcounter10,drift,seed4,16,455.72121212121215
hpmcounter10,drift,seed4,17,455.8484848484849
hpmcounter10,drift,seed4,18,455.94545454545454
hpmcounter10,drift,seed4,19,456.0
hpmcounter10,drift,seed4,20,456.0
hpmcounter10,drift,seed4,21,456.0
hpmcounter10,drift,seed4,22,456.0
hpmcounter10,drift,seed4,23,456.0
hpmcounter10,drift,seed4,24,456.0
hpmcounter10,drift,seed4,25,456.0
hpmcounter10,drift,seed4,26,456.0
hpmcounter10,drift,seed4,27,456.0
hpmcounter10,drift,seed4,28,456.0
hpmcounter10,drift,seed4,29,456.0
hpmcounter10,drift,seed4,30,456.0
hpmcounter10,drift,seed4,31,456.0
hpmcounter10,drift,seed4,32,456.0
hpmcounter10,drift,seed4,33,456.0
hpmcounter10,drift,seed4,34,456.0
hpmcounter10,drift,seed4,35,456.0
hpmcounter10,drift,seed4,36,456.0
hpmcounter10,drift,seed4,37,456.0
hpmcounter10,drift,seed4,38,456.0
hpmcounter10,drift,seed4,39,456.0
hpmcounter10,drift,seed4,40,456.0
hpmcounter10,drift,seed4,41,456.0
hpmcounter10,drift,seed4,42,456.0
hpmcounter10,drift,seed4,43,456.0
hpmcounter10,drift,seed4,44,456.0
hpmcounter10,drift,seed4,45,456.0
hpmcounter10,drift,seed4,46,456.0
hpmcounter10,drift,seed4,47,456.0
hpmcounter10,drift,seed4,48,456.0
hpmcounter10,drift,seed4,49,456.0
hpmcounter10,drift,seed4,50,456.0
hpmcounter10,drift,seed4,51,456.0
hpmcounter10,drift,seed4,52,456.0
hpmcounter10,drift,seed4,53,456.0
hpmcounter10,drift,seed4,54,456.0
hpmcounter10,drift,seed4,55,456.0
hpmcounter10,drift,seed4,56,456.0
hpmcounter10,drift,seed4,57,456.0
hpmcounter10,drift,seed4,58,456.0
hpmcounter10,drift,seed4,59,456.0
hpmcounter10,drift,seed4,60,456.0
hpmcounter10,drift,seed4,61,456.0
hpmcounter10,drift,seed4,62,456.0
hpmcounter10,drift,seed4,63,456.0
hpmcounter10,drift,seed4,64,456.0
hpmcounter10,drift,seed4,65,456.0
hpmcounter10,drift,seed4,66,456.0
hpmcounter10,drift,seed4,67,456.0
hpmcounter10,drift,seed4,68,456.0
hpmcounter10,drift,seed4,69,456.0
hpmcounter10,drift,seed4,70,456.0
hpmcounter10,drift,seed4,71,456.0
hpmcounter10,drift,seed4,72,456.0
hpmcounter10,drift,seed4,73,456.0
hpmcounter10,drift,seed4,74,456.0
hpmcounter10,drift,seed4,75,456.0
hpmcounter10,drift,seed4,76,456.0
hpmcounter10,drift,seed4,77,456.0
hpmcounter10,drift,seed4,78,456.0
hpmcounter10,drift,seed4,79,456.0
hpmcounter10,drift,seed4,80,456.0
hpmcounter10,drift,seed4,81,456.0
hpmcounter10,drift,seed4,82,456.0
hpmcounter10,drift,seed4,83,456.0
hpmcounter10,drift,seed4,84,456.0
hpmcounter10,drift,seed4,85,456.0
hpmcounter10,drift,seed4,86,456.0
hpmcounter10,drift,seed4,87,456.0
hpmcounter10,drift,seed4,88,456.0
hpmcounter10,drift,seed4,89,456.0
hpmcounter10,drift,seed4,90,456.0
hpmcounter10,drift,seed4,91,456.0
hpmcounter10,drift,seed4,92,456.0
hpmcounter10,drift,seed4,93,456.0
hpmcounter10,drift,seed4,94,456.0
hpmcounter10,drift,seed4,95,456.0
hpmcounter10,drift,seed4,96,456.0
hpmcounter10,drift,seed4,97,456.0
hpmcounter10,drift,seed4,98,456.0
hpmcounter10,drift,seed4,99,456.0
hpmcounter10,drift,seed4,100,456.0
hpmcounter10,drift,seed4,101,456.0
hpmcounter10,drift,seed4,102,456.0
hpmcounter10,drift,seed4,103,456.0
hpmcounter10,drift,seed4,104,456.0
hpmcounter10,drift,seed4,105,456.0
hpmcounter10,drift,seed4,106,456.0
hpmcounter10,drift,seed4,107,456.0
hpmcounter10,drift,seed4,108,456.0
hpmcounter10,drift,seed4,109,456.0
hpmcounter10,drift,seed4,110,456.0
hpmcounter10,drift,seed4,111,456.0
hpmcounter10,drift,seed4,112,456.0
hpmcounter10,drift,seed4,113,456.0
hpmcounter10,drift,seed4,114,456.0
hpmcounter10,drift,seed4,115,456.0
hpmcounter10,drift,seed4,116,459.0
hpmcounter10,drift,seed4,117,464.3333333333333
hpmcounter10,drift,seed4,118,468.3333333333333
hpmcounter10,drift,seed4,119,471.0
hpmcounter10,drift,seed4,120,472.3333333333333
hpmcounter10,drift,seed4,121,472.3333333333333
hpmcounter10,drift,seed4,122,471.0
hpmcounter10,drift,seed4,123,471.3333333333333
hpmcounter10,drift,seed4,124,469.6666666666667
hpmcounter10,drift,seed4,125,466.0
hpmcounter10,drift,seed4,126,464.0
hpmcounter10,drift,seed4,127,464.3333333333333
hpmcounter10,drift,seed4,128,464.0
hpmcounter10,drift,seed4,129,463.0
hpmcounter10,drift,seed4,130,461.3333333333333
hpmcounter10,drift,seed4,131,459.0
hpmcounter10,drift,seed4,132,456.0
hpmcounter10,drift,seed4,133,456.0
hpmcounter10,drift,seed4,134,456.0
hpmcounter10,drift,seed4,135,456.0
hpmcounter10,drift,seed4,136,456.0
hpmcounter10,drift,seed4,137,456.0
hpmcounter10,drift,seed4,138,456.0
hpmcounter10,drift,seed4,139,456.0
hpmcounter10,drift,seed4,140,456.0
hpmcounter10,drift,seed4,141,456.0
hpmcounter10,drift,seed4,142,456.0
hpmcounter10,drift,seed4,143,456.0
hpmcounter10,drift,seed4,144,456.0
hpmcounter10,drift,seed4,145,456.0
hpmcounter10,drift,seed4,146,456.0
hpmcounter10,drift,seed4,147,456.0
hpmcounter10,drift,seed4,148,456.0
hpmcounter10,drift,seed4,149,456.0
hpmcounter10,drift,seed4,150,456.0
hpmcounter10,drift,seed4,151,456.0
hpmcounter10,drift,seed4,152,456.0
hpmcounter10,drift,seed4,153,456.0
hpmcounter10,drift,seed4,154,456.0
hpmcounter10,drift,seed4,155,456.0
hpmcounter10,drift,seed4,156,456.0
hpmcounter10,drift,seed4,157,456.0
hpmcounter10,drift,seed4,158,456.0
hpmcounter10,drift,seed4,159,456.0
hpmcounter10,drift,seed4,160,456.0
hpmcounter10,drift,seed4,161,456.0
hpmcounter10,drift,seed4,162,456.0
hpmcounter10,drift,seed4,163,459.0
hpmcounter10,drift,seed4,164,464.3333333333333
hpmcounter10,drift,seed4,165,471.3333333333333
hpmcounter10,drift,seed4,166,479.3333333333333
hpmcounter10,drift,seed4,167,487.6666666666667
hpmcounter10,drift,seed4,168,495.6666666666667
hpmcounter10,drift,seed4,169,499.6666666666667
hpmcounter10,drift,seed4,170,499.6666666666667
hpmcounter10,drift,seed4,171,498.6666666666667
hpmcounter10,drift,seed4,172,496.0
hpmcounter10,drift,seed4,173,494.6666666666667
hpmcounter10,drift,seed4,174,491.6666666666667
hpmcounter10,drift,seed4,175,487.6666666666667
hpmcounter10,drift,seed4,176,483.3333333333333
hpmcounter10,drift,seed4,177,479.3333333333333
hpmcounter10,drift,seed4,178,476.3333333333333
hpmcounter10,drift,seed4,179,471.3333333333333
hpmcounter10,drift,seed4,180,464.3333333333333
hpmcounter10,drift,seed4,181,459.0
hpmcounter10,drift,seed4,182,456.0
hpmcounter10,drift,seed4,183,456.0
hpmcounter10,drift,seed4,184,456.0
hpmcounter10,drift,seed4,185,456.0
hpmcounter10,drift,seed4,186,456.0
hpmcounter10,drift,seed4,187,456.0
hpmcounter10,drift,seed4,188,456.0
hpmcounter10,drift,seed4,189,456.0
hpmcounter10,drift,seed4,190,456.0
hpmcounter10,drift,seed4,191,456.0
hpmcounter10,drift,seed4,192,456.0
hpmcounter10,drift,seed4,193,456.0
hpmcounter10,drift,seed4,194,456.0
hpmcounter10,drift,seed4,195,456.0
hpmcounter10,drift,seed4,196,456.0
hpmcounter10,drift,seed4,197,456.0
hpmcounter10,drift,seed4,198,456.0
hpmcounter10,drift,seed4,199,456.0
hpmcounter10,drift,seed4,200,456.0
hpmcounter10,drift,seed4,201,456.0
hpmcounter10,drift,seed4,202,456.0
hpmcounter10,drift,seed4,203,456.0
hpmcounter10,drift,seed4,204,456.0
hpmcounter10,drift,seed4,205,456.0
hpmcounter10,drift,seed4,206,456.0
hpmcounter10,drift,seed4,207,456.0
hpmcounter10,drift,seed4,208,456.0
hpmcounter10,drift,seed4,209,456.0
hpmcounter10,drift,seed4,210,456.0
hpmcounter10,drift,seed4,211,456.0
hpmcounter10,drift,seed4,212,456.0
hpmcounter10,drift,seed4,213,456.0
hpmcounter10,drift,seed4,214,456.0
hpmcounter10,drift,seed4,215,456.0
hpmcounter10,drift,seed4,216,456.0
hpmcounter10,drift,seed4,217,456.0
hpmcounter10,drift,seed4,218,456.0
hpmcounter10,drift,seed4,219,456.0
hpmcounter10,drift,seed4,220,456.0
hpmcounter10,drift,seed4,221,456.0
hpmcounter10,drift,seed4,222,456.0
hpmcounter10,drift,seed4,223,456.0
hpmcounter10,drift,seed4,224,456.0
hpmcounter10,drift,seed4,225,456.0
hpmcounter10,drift,seed4,226,456.0
hpmcounter10,drift,seed4,227,456.0
hpmcounter10,drift,seed4,228,456.0
hpmcounter10,drift,seed4,229,456.0
hpmcounter10,drift,seed4,230,456.0
hpmcounter10,drift,seed4,231,456.0
hpmcounter10,drift,seed4,232,456.0
hpmcounter10,drift,seed4,233,456.0
hpmcounter10,drift,seed4,234,456.0
hpmcounter10,drift,seed4,235,456.0
hpmcounter10,drift,seed4,236,456.0
hpmcounter10,drift,seed4,237,456.0
hpmcounter10,drift,seed4,238,456.0
hpmcounter10,drift,seed4,239,456.0
hpmcounter10,drift,seed4,240,456.0
hpmcounter10,drift,seed4,241,456.0
hpmcounter10,drift,seed4,242,456.0
hpmcounter10,drift,seed4,243,456.0
hpmcounter10,drift,seed4,244,456.0
hpmcounter10,drift,seed4,245,456.0
hpmcounter10,drift,seed4,246,456.0
hpmcounter10,drift,seed4,247,456.0
hpmcounter10,drift,seed4,248,456.0
hpmcounter10,drift,seed4,249,456.0
hpmcounter10,drift,seed4,250,456.0
hpmcounter10,drift,seed4,251,456.0
hpmcounter10,drift,seed4,252,456.0
hpmcounter10,drift,seed4,253,456.0
hpmcounter10,drift,seed4,254,456.0
hpmcounter10,drift,seed4,255,456.0
hpmcounter10,drift,seed4,256,456.0
hpmcounter10,drift,seed4,257,456.0
hpmcounter10,drift,seed4,258,456.0
hpmcounter10,drift,seed4,259,456.0
hpmcounter10,drift,seed4,260,456.0
hpmcounter10,drift,seed4,261,456.0
hpmcounter10,drift,seed4,262,456.0
hpmcounter10,drift,seed4,263,456.0
hpmcounter10,drift,seed4,264,456.0
hpmcounter10,drift,seed4,265,456.0
hpmcounter10,drift,seed4,266,456.0
hpmcounter10,drift,seed4,267,459.0
hpmcounter10,drift,seed4,268,464.3333333333333
hpmcounter10,drift,seed4,269,471.3333333333333
hpmcounter10,drift,seed4,270,479.3333333333333
hpmcounter10,drift,seed4,271,487.6666666666667
hpmcounter10,drift,seed4,272,492.6666666666667
hpmcounter10,drift,seed4,273,494.3333333333333
hpmcounter10,drift,seed4,274,492.6666666666667
hpmcounter10,drift,seed4,275,487.6666666666667
hpmcounter10,drift,seed4,276,479.3333333333333
hpmcounter10,drift,seed4,277,471.3333333333333
hpmcounter10,drift,seed4,278,464.3333333333333
hpmcounter10,drift,seed4,279,459.0
hpmcounter10,drift,seed4,280,456.0
hpmcounter10,drift,seed4,281,456.0
hpmcounter10,drift,seed4,282,456.0
hpmcounter10,drift,seed4,283,456.0
hpmcounter10,drift,seed4,284,456.0
hpmcounter10,drift,seed4,285,456.0
hpmcounter10,drift,seed4,286,456.0
hpmcounter10,drift,seed4,287,456.0
hpmcounter10,drift,seed4,288,456.0
hpmcounter10,drift,seed4,289,456.0
hpmcounter10,drift,seed4,290,456.0
hpmcounter10,drift,seed4,291,456.0
hpmcounter10,drift,seed4,292,456.0
hpmcounter10,drift,seed4,293,456.0
hpmcounter10,drift,seed4,294,456.0
hpmcounter10,drift,seed4,295,456.0
hpmcounter10,drift,seed4,296,456.0
hpmcounter10,drift,seed4,297,456.0
hpmcounter10,drift,seed4,298,456.0
hpmcounter10,drift,seed5,9,470.4787878787879
hpmcounter10,drift,seed5,10,467.90909090909093
hpmcounter10,drift,seed5,11,463.9878787878788
hpmcounter10,drift,seed5,12,460.23636363636365
hpmcounter10,drift,seed5,13,457.1878787878788
hpmcounter10,drift,seed5,14,455.42424242424244
hpmcounter10,drift,seed5,15,455.57575757575756
hpmcounter10,drift,seed5,16,455.72121212121215
hpmcounter10,drift,seed5,17,455.8484848484849
hpmcounter10,drift,seed5,18,455.94545454545454
hpmcounter10,drift,seed5,19,456.0
hpmcounter10,drift,seed5,20,456.0
hpmcounter10,drift,seed5,21,456.0
hpmcounter10,drift,seed5,22,456.0
hpmcounter10,drift,seed5,23,456.0
hpmcounter10,drift,seed5,24,456.0
hpmcounter10,drift,seed5,25,456.0
hpmcounter10,drift,seed5,26,456.0
hpmcounter10,drift,seed5,27,456.0
hpmcounter10,drift,seed5,28,456.0
hpmcounter10,drift,seed5,29,456.0
hpmcounter10,drift,seed5,30,459.0
hpmcounter10,drift,seed5,31,464.3333333333333
hpmcounter10,drift,seed5,32,468.3333333333333
hpmcounter10,drift,seed5,33,474.0
hpmcounter10,drift,seed5,34,480.6666666666667
hpmcounter10,drift,seed5,35,487.6666666666667
hpmcounter10,drift,seed5,36,494.3333333333333
hpmcounter10,drift,seed5,37,500.0
hpmcounter10,drift,seed5,38,501.0
hpmcounter10,drift,seed5,39,497.3333333333333
hpmcounter10,drift,seed5,40,492.6666666666667
hpmcounter10,drift,seed5,41,487.6666666666667
hpmcounter10,drift,seed5,42,482.3333333333333
hpmcounter10,drift,seed5,43,476.6666666666667
hpmcounter10,drift,seed5,44,471.3333333333333
hpmcounter10,drift,seed5,45,467.0
hpmcounter10,drift,seed5,46,464.3333333333333
hpmcounter10,drift,seed5,47,464.0
hpmcounter10,drift,seed5,48,463.0
hpmcounter10,drift,seed5,49,461.3333333333333
hpmcounter10,drift,seed5,50,459.0
hpmcounter10,drift,seed5,51,456.0
hpmcounter10,drift,seed5,52,456.0
hpmcounter10,drift,seed5,53,456.0
hpmcounter10,drift,seed5,54,456.0
hpmcounter10,drift,seed5,55,456.0
hpmcounter10,drift,seed5,56,456.0
hpmcounter10,drift,seed5,57,456.0
hpmcounter10,drift,seed5,58,456.0
hpmcounter10,drift,seed5,59,459.0
hpmcounter10,drift,seed5,60,461.3333333333333
hpmcounter10,drift,seed5,61,466.0
hpmcounter10,drift,seed5,62,472.3333333333333
hpmcounter10,drift,seed5,63,479.6666666666667
hpmcounter10,drift,seed5,64,487.3333333333333
hpmcounter10,drift,seed5,65,491.6666666666667
hpmcounter10,drift,seed5,66,492.6666666666667
hpmcounter10,drift,seed5,67,490.3333333333333
hpmcounter10,drift,seed5,68,484.6666666666667
hpmcounter10,drift,seed5,69,479.3333333333333
hpmcounter10,drift,seed5,70,471.3333333333333
hpmcounter10,drift,seed5,71,464.3333333333333
hpmcounter10,drift,seed5,72,459.0
hpmcounter10,drift,seed5,73,456.0
hpmcounter10,drift,seed5,74,456.0
hpmcounter10,drift,seed5,75,456.0
hpmcounter10,drift,seed5,76,456.0
hpmcounter10,drift,seed5,77,456.0
hpmcounter10,drift,seed5,78,456.0
hpmcounter10,drift,seed5,79,456.0
hpmcounter10,drift,seed5,80,456.0
hpmcounter10,drift,seed5,81,456.0
hpmcounter10,drift,seed5,82,456.0
hpmcounter10,drift,seed5,83,456.0
hpmcounter10,drift,seed5,84,456.0
hpmcounter10,drift,seed5,85,456.0
hpmcounter10,drift,seed5,86,456.0
hpmcounter10,drift,seed5,87,456.0
hpmcounter10,drift,seed5,88,456.0
hpmcounter10,drift,seed5,89,456.0
hpmcounter10,drift,seed5,90,456.0
hpmcounter10,drift,seed5,91,456.0
hpmcounter10,drift,seed5,92,456.0
hpmcounter10,drift,seed5,93,456.0
hpmcounter10,drift,seed5,94,456.0
hpmcounter10,drift,seed5,95,456.0
hpmcounter10,drift,seed5,96,456.0
hpmcounter10,drift,seed5,97,456.0
hpmcounter10,drift,seed5,98,456.0
hpmcounter10,drift,seed5,99,456.0
hpmcounter10,drift,seed5,100,456.0
hpmcounter10,drift,seed5,101,456.0
hpmcounter10,drift,seed5,102,456.0
hpmcounter10,drift,seed5,103,456.0
hpmcounter10,drift,seed5,104,456.0
hpmcounter10,drift,seed5,105,456.0
hpmcounter10,drift,seed5,106,456.0
hpmcounter10,drift,seed5,107,456.0
hpmcounter10,drift,seed5,108,456.0
hpmcounter10,drift,seed5,109,456.0
hpmcounter10,drift,seed5,110,456.0
hpmcounter10,drift,seed5,111,456.0
hpmcounter10,drift,seed5,112,456.0
hpmcounter10,drift,seed5,113,456.0
hpmcounter10,drift,seed5,114,456.0
hpmcounter10,drift,seed5,115,456.0
hpmcounter10,drift,seed5,116,456.0
hpmcounter10,drift,seed5,117,456.0
hpmcounter10,drift,seed5,118,456.0
hpmcounter10,drift,seed5,119,459.0
hpmcounter10,drift,seed5,120,461.3333333333333
hpmcounter10,drift,seed5,121,463.0
hpmcounter10,drift,seed5,122,464.0
hpmcounter10,drift,seed5,123,464.3333333333333
hpmcounter10,drift,seed5,124,464.0
hpmcounter10,drift,seed5,125,463.0
hpmcounter10,drift,seed5,126,461.3333333333333
hpmcounter10,drift,seed5,127,459.0
hpmcounter10,drift,seed5,128,456.0
hpmcounter10,drift,seed5,129,456.0
hpmcounter10,drift,seed5,130,456.0
hpmcounter10,drift,seed5,131,456.0
hpmcounter10,drift,seed5,132,456.0
hpmcounter10,drift,seed5,133,456.0
hpmcounter10,drift,seed5,134,456.0
hpmcounter10,drift,seed5,135,456.0
hpmcounter10,drift,seed5,136,456.0
hpmcounter10,drift,seed5,137,456.0
hpmcounter10,drift,seed5,138,456.0
hpmcounter10,drift,seed5,139,456.0
hpmcounter10,drift,seed5,140,456.0
hpmcounter10,drift,seed5,141,456.0
hpmcounter10,drift,seed5,142,456.0
hpmcounter10,drift,seed5,143,456.0
hpmcounter10,drift,seed5,144,456.0
hpmcounter10,drift,seed5,145,456.0
hpmcounter10,drift,seed5,146,456.0
hpmcounter10,drift,seed5,147,456.0
hpmcounter10,drift,seed5,148,456.0
hpmcounter10,drift,seed5,149,456.0
hpmcounter10,drift,seed5,150,456.0
hpmcounter10,drift,seed5,151,456.0
hpmcounter10,drift,seed5,152,456.0
hpmcounter10,drift,seed5,153,456.0
hpmcounter10,drift,seed5,154,456.0
hpmcounter10,drift,seed5,155,456.0
hpmcounter10,drift,seed5,156,456.0
hpmcounter10,drift,seed5,157,456.0
hpmcounter10,drift,seed5,158,459.0
hpmcounter10,drift,seed5,159,461.3333333333333
hpmcounter10,drift,seed5,160,463.0
hpmcounter10,drift,seed5,161,467.0
hpmcounter10,drift,seed5,162,472.6666666666667
hpmcounter10,drift,seed5,163,479.3333333333333
hpmcounter10,drift,seed5,164,486.27878787878785
hpmcounter10,drift,seed5,165,489.9030303030303
hpmcounter10,drift,seed5,166,490.2060606060606
hpmcounter10,drift,seed5,167,487.1878787878788
hpmcounter10,drift,seed5,168,484.5151515151515
hpmcounter10,drift,seed5,169,479.1878787878788
hpmcounter10,drift,seed5,170,471.2060606060606
hpmcounter10,drift,seed5,171,464.23636363636365
hpmcounter10,drift,seed5,172,458.94545454545454
hpmcounter10,drift,seed5,173,456.0
hpmcounter10,drift,seed5,174,456.0
hpmcounter10,drift,seed5,175,456.0
hpmcounter10,drift,seed5,176,456.0
hpmcounter10,drift,seed5,177,456.0
hpmcounter10,drift,seed5,178,456.0
hpmcounter10,drift,seed5,179,456.0
hpmcounter10,drift,seed5,180,456.0
hpmcounter10,drift,seed5,181,456.0
hpmcounter10,drift,seed5,182,456.0
hpmcounter10,drift,seed5,183,456.0
hpmcounter10,drift,seed5,184,456.0
hpmcounter10,drift,seed5,185,456.0
hpmcounter10,drift,seed5,186,456.0
hpmcounter10,drift,seed5,187,456.0
hpmcounter10,drift,seed5,188,456.0
hpmcounter10,drift,seed5,189,456.0
hpmcounter10,drift,seed5,190,456.0
hpmcounter10,drift,seed5,191,456.0
hpmcounter10,drift,seed5,192,456.0
hpmcounter10,drift,seed5,193,456.0
hpmcounter10,drift,seed5,194,456.0
hpmcounter10,drift,seed5,195,456.0
hpmcounter10,drift,seed5,196,456.0
hpmcounter10,drift,seed5,197,456.0
hpmcounter10,drift,seed5,198,456.0
hpmcounter10,drift,seed5,199,456.0
hpmcounter10,drift,seed5,200,456.0
hpmcounter10,drift,seed5,201,456.0
hpmcounter10,drift,seed5,202,456.0
hpmcounter10,drift,seed5,203,456.0
hpmcounter10,drift,seed5,204,456.0
hpmcounter10,drift,seed5,205,456.0
hpmcounter10,drift,seed5,206,456.0
hpmcounter10,drift,seed5,207,456.0
hpmcounter10,drift,seed5,208,456.0
hpmcounter10,drift,seed5,209,456.0
hpmcounter10,drift,seed5,210,456.0
hpmcounter10,drift,seed5,211,456.0
hpmcounter10,drift,seed5,212,456.0
hpmcounter10,drift,seed5,213,456.0
hpmcounter10,drift,seed5,214,456.0
hpmcounter10,drift,seed5,215,456.0
hpmcounter10,drift,seed5,216,456.0
hpmcounter10,drift,seed5,217,456.0
hpmcounter10,drift,seed5,218,456.0
hpmcounter10,drift,seed5,219,456.0
hpmcounter10,drift,seed5,220,456.0
hpmcounter10,drift,seed5,221,456.0
hpmcounter10,drift,seed5,222,456.0
hpmcounter10,drift,seed5,223,456.0
hpmcounter10,drift,seed5,224,456.0
hpmcounter10,drift,seed5,225,456.0
hpmcounter10,drift,seed5,226,456.0
hpmcounter10,drift,seed5,227,456.0
hpmcounter10,drift,seed5,228,456.0
hpmcounter10,drift,seed5,229,456.0
hpmcounter10,drift,seed5,230,456.0
hpmcounter10,drift,seed5,231,456.0
hpmcounter10,drift,seed5,232,456.0
hpmcounter10,drift,seed5,233,456.0
hpmcounter10,drift,seed5,234,456.0
hpmcounter10,drift,seed5,235,456.0
hpmcounter10,drift,seed5,236,456.0
hpmcounter10,drift,seed5,237,456.0
hpmcounter10,drift,seed5,238,456.0
hpmcounter10,drift,seed5,239,456.0
hpmcounter10,drift,seed5,240,456.0
hpmcounter10,drift,seed5,241,456.0
hpmcounter10,drift,seed5,242,456.0
hpmcounter10,drift,seed5,243,456.0
hpmcounter10,drift,seed5,244,456.0
hpmcounter10,drift,seed5,245,456.0
hpmcounter10,drift,seed5,246,456.0
hpmcounter10,drift,seed5,247,456.0
hpmcounter10,drift,seed5,248,456.0
hpmcounter10,drift,seed5,249,456.0
hpmcounter10,drift,seed5,250,456.0
hpmcounter10,drift,seed5,251,456.0
hpmcounter10,drift,seed5,252,456.0
hpmcounter10,drift,seed5,253,456.0
hpmcounter10,drift,seed5,254,456.0
hpmcounter10,drift,seed5,255,456.0
hpmcounter10,drift,seed5,256,456.0
hpmcounter10,drift,seed5,257,456.0
hpmcounter10,drift,seed5,258,456.0
hpmcounter10,drift,seed5,259,456.0
hpmcounter10,drift,seed5,260,456.0
hpmcounter10,drift,seed5,261,456.0
hpmcounter10,drift,seed5,262,459.0
hpmcounter10,drift,seed5,263,464.3333333333333
hpmcounter10,drift,seed5,264,471.27878787878785
hpmcounter10,drift,seed5,265,476.23636363636365
hpmcounter10,drift,seed5,266,479.2060606060606
hpmcounter10,drift,seed5,267,480.1878787878788
hpmcounter10,drift,seed5,268,479.1818181818182
hpmcounter10,drift,seed5,269,476.1878787878788
hpmcounter10,drift,seed5,270,471.2060606060606
hpmcounter10,drift,seed5,271,464.23636363636365
hpmcounter10,drift,seed5,272,458.94545454545454
hpmcounter10,drift,seed5,273,456.0
hpmcounter10,drift,seed5,274,456.0
hpmcounter10,drift,seed5,275,456.0
hpmcounter10,drift,seed5,276,456.0
hpmcounter10,drift,seed5,277,456.0
hpmcounter10,drift,seed5,278,456.0
hpmcounter10,drift,seed5,279,456.0
hpmcounter10,drift,seed5,280,456.0
hpmcounter10,drift,seed5,281,456.0
hpmcounter10,drift,seed5,282,456.0
hpmcounter10,drift,seed5,283,456.0
hpmcounter10,drift,seed5,284,456.0
hpmcounter10,drift,seed5,285,456.0
hpmcounter10,drift,seed5,286,456.0
hpmcounter10,drift,seed5,287,456.0
hpmcounter10,drift,seed5,288,456.0
hpmcounter10,drift,seed5,289,456.0
hpmcounter10,drift,seed5,290,456.0
hpmcounter10,drift,seed5,291,456.0
hpmcounter10,drift,seed5,292,459.0
hpmcounter10,drift,seed5,293,464.27878787878785
hpmcounter10,drift,seed5,294,471.23636363636365
hpmcounter10,drift,seed5,295,479.2060606060606
hpmcounter10,drift,seed5,296,487.5212121212121
hpmcounter10,drift,seed5,297,495.5151515151515
hpmcounter10,drift,seed5,298,499.5212121212121
hpmcounter10,drift,seed6,9,459.5090909090909
hpmcounter10,drift,seed6,10,458.94545454545454
hpmcounter10,drift,seed6,11,458.06060606060606
hpmcounter10,drift,seed6,12,456.8424242424242
hpmcounter10,drift,seed6,13,455.27878787878785
hpmcounter10,drift,seed6,14,455.42424242424244
hpmcounter10,drift,seed6,15,455.57575757575756
hpmcounter10,drift,seed6,16,455.72121212121215
hpmcounter10,drift,seed6,17,455.8484848484849
hpmcounter10,drift,seed6,18,455.94545454545454
hpmcounter10,drift,seed6,19,456.0
hpmcounter10,drift,seed6,20,456.0
hpmcounter10,drift,seed6,21,456.0
hpmcounter10,drift,seed6,22,456.0
hpmcounter10,drift,seed6,23,456.0
hpmcounter10,drift,seed6,24,456.0
hpmcounter10,drift,seed6,25,456.0
hpmcounter10,drift,seed6,26,456.0
hpmcounter10,drift,seed6,27,456.0
hpmcounter10,drift,seed6,28,459.0
hpmcounter10,drift,seed6,29,464.3333333333333
hpmcounter10,drift,seed6,30,471.3333333333333
hpmcounter10,drift,seed6,31,479.3333333333333
hpmcounter10,drift,seed6,32,487.6666666666667
hpmcounter10,drift,seed6,33,492.6666666666667
hpmcounter10,drift,seed6,34,494.3333333333333
hpmcounter10,drift,seed6,35,492.6666666666667
hpmcounter10,drift,seed6,36,487.6666666666667
hpmcounter10,drift,seed6,37,479.3333333333333
hpmcounter10,drift,seed6,38,471.3333333333333
hpmcounter10,drift,seed6,39,464.3333333333333
hpmcounter10,drift,seed6,40,459.0
hpmcounter10,drift,seed6,41,456.0
hpmcounter10,drift,seed6,42,456.0
hpmcounter10,drift,seed6,43,456.0
hpmcounter10,drift,seed6,44,456.0
hpmcounter10,drift,seed6,45,456.0
hpmcounter10,drift,seed6,46,456.0
hpmcounter10,drift,seed6,47,456.0
hpmcounter10,drift,seed6,48,456.0
hpmcounter10,drift,seed6,49,456.0
hpmcounter10,drift,seed6,50,456.0
hpmcounter10,drift,seed6,51,456.0
hpmcounter10,drift,seed6,52,456.0
hpmcounter10,drift,seed6,53,456.0
hpmcounter10,drift,seed6,54,456.0
hpmcounter10,drift,seed6,55,456.0
hpmcounter10,drift,seed6,56,456.0
hpmcounter10,drift,seed6,57,456.0
hpmcounter10,drift,seed6,58,456.0
hpmcounter10,drift,seed6,59,456.0
hpmcounter10,drift,seed6,60,456.0
hpmcounter10,drift,seed6,61,456.0
hpmcounter10,drift,seed6,62,456.0
hpmcounter10,drift,seed6,63,456.0
hpmcounter10,drift,seed6,64,456.0
hpmcounter10,drift,seed6,65,456.0
hpmcounter10,drift,seed6,66,456.0
hpmcounter10,drift,seed6,67,456.0
hpmcounter10,drift,seed6,68,456.0
hpmcounter10,drift,seed6,69,456.0
hpmcounter10,drift,seed6,70,456.0
hpmcounter10,drift,seed6,71,456.0
hpmcounter10,drift,seed6,72,456.0
hpmcounter10,drift,seed6,73,456.0
hpmcounter10,drift,seed6,74,456.0
hpmcounter10,drift,seed6,75,456.0
hpmcounter10,drift,seed6,76,456.0
hpmcounter10,drift,seed6,77,456.0
hpmcounter10,drift,seed6,78,456.0
hpmcounter10,drift,seed6,79,456.0
hpmcounter10,drift,seed6,80,456.0
hpmcounter10,drift,seed6,81,456.0
hpmcounter10,drift,seed6,82,456.0
hpmcounter10,drift,seed6,83,456.0
hpmcounter10,drift,seed6,84,456.0
hpmcounter10,drift,seed6,85,456.0
hpmcounter10,drift,seed6,86,459.0
hpmcounter10,drift,seed6,87,464.27878787878785
hpmcounter10,drift,seed6,88,468.23636363636365
hpmcounter10,drift,seed6,89,470.8727272727273
hpmcounter10,drift,seed6,90,472.1878787878788
hpmcounter10,drift,seed6,91,472.1818181818182
hpmcounter10,drift,seed6,92,470.8545454545455
hpmcounter10,drift,seed6,93,468.2060606060606
hpmcounter10,drift,seed6,94,464.23636363636365
hpmcounter10,drift,seed6,95,458.94545454545454
hpmcounter10,drift,seed6,96,456.0
hpmcounter10,drift,seed6,97,456.0
hpmcounter10,drift,seed6,98,456.0
hpmcounter10,drift,seed6,99,456.0
hpmcounter10,drift,seed6,100,456.0
hpmcounter10,drift,seed6,101,456.0
hpmcounter10,drift,seed6,102,456.0
hpmcounter10,drift,seed6,103,456.0
hpmcounter10,drift,seed6,104,456.0
hpmcounter10,drift,seed6,105,456.0
hpmcounter10,drift,seed6,106,456.0
hpmcounter10,drift,seed6,107,456.0
hpmcounter10,drift,seed6,108,456.0
hpmcounter10,drift,seed6,109,456.0
hpmcounter10,drift,seed6,110,456.0
hpmcounter10,drift,seed6,111,456.0
hpmcounter10,drift,seed6,112,456.0
hpmcounter10,drift,seed6,113,456.0
hpmcounter10,drift,seed6,114,456.0
hpmcounter10,drift,seed6,115,456.0
hpmcounter10,drift,seed6,116,456.0
hpmcounter10,drift,seed6,117,456.0
hpmcounter10,drift,seed6,118,456.0
hpmcounter10,drift,seed6,119,456.0
hpmcounter10,drift,seed6,120,456.0
hpmcounter10,drift,seed6,121,456.0
hpmcounter10,drift,seed6,122,456.0
hpmcounter10,drift,seed6,123,456.0
hpmcounter10,drift,seed6,124,456.0
hpmcounter10,drift,seed6,125,456.0
hpmcounter10,drift,seed6,126,456.0
hpmcounter10,drift,seed6,127,456.0
hpmcounter10,drift,seed6,128,456.0
hpmcounter10,drift,seed6,129,456.0
hpmcounter10,drift,seed6,130,456.0
hpmcounter10,drift,seed6,131,456.0
hpmcounter10,drift,seed6,132,456.0
hpmcounter10,drift,seed6,133,456.0
hpmcounter10,drift,seed6,134,456.0
hpmcounter10,drift,seed6,135,456.0
hpmcounter10,drift,seed6,136,459.0
hpmcounter10,drift,seed6,137,461.3333333333333
hpmcounter10,drift,seed6,138,463.0
hpmcounter10,drift,seed6,139,467.0
hpmcounter10,drift,seed6,140,469.6666666666667
hpmcounter10,drift,seed6,141,471.0
hpmcounter10,drift,seed6,142,471.0
hpmcounter10,drift,seed6,143,469.6666666666667
hpmcounter10,drift,seed6,144,467.0
hpmcounter10,drift,seed6,145,463.0
hpmcounter10,drift,seed6,146,461.3333333333333
hpmcounter10,drift,seed6,147,459.0
hpmcounter10,drift,seed6,148,456.0
hpmcounter10,drift,seed6,149,456.0
hpmcounter10,drift,seed6,150,456.0
hpmcounter10,drift,seed6,151,456.0
hpmcounter10,drift,seed6,152,456.0
hpmcounter10,drift,seed6,153,456.0
hpmcounter10,drift,seed6,154,456.0
hpmcounter10,drift,seed6,155,456.0
hpmcounter10,drift,seed6,156,456.0
hpmcounter10,drift,seed6,157,456.0
hpmcounter10,drift,seed6,158,456.0
hpmcounter10,drift,seed6,159,456.0
hpmcounter10,drift,seed6,160,456.0
hpmcounter10,drift,seed6,161,456.0
hpmcounter10,drift,seed6,162,456.0
hpmcounter10,drift,seed6,163,459.0
hpmcounter10,drift,seed6,164,464.3333333333333
hpmcounter10,drift,seed6,165,471.3333333333333
hpmcounter10,drift,seed6,166,479.3333333333333
hpmcounter10,drift,seed6,167,484.6666666666667
hpmcounter10,drift,seed6,168,487.3333333333333
hpmcounter10,drift,seed6,169,487.3333333333333
hpmcounter10,drift,seed6,170,484.6666666666667
hpmcounter10,drift,seed6,171,479.3333333333333
hpmcounter10,drift,seed6,172,471.3333333333333
hpmcounter10,drift,seed6,173,464.3333333333333
hpmcounter10,drift,seed6,174,459.0
hpmcounter10,drift,seed6,175,456.0
hpmcounter10,drift,seed6,176,456.0
hpmcounter10,drift,seed6,177,456.0
hpmcounter10,drift,seed6,178,456.0
hpmcounter10,drift,seed6,179,456.0
hpmcounter10,drift,seed6,180,456.0
hpmcounter10,drift,seed6,181,456.0
hpmcounter10,drift,seed6,182,456.0
hpmcounter10,drift,seed6,183,456.0
hpmcounter10,drift,seed6,184,456.0
hpmcounter10,drift,seed6,185,456.0
hpmcounter10,drift,seed6,186,456.0
hpmcounter10,drift,seed6,187,456.0
hpmcounter10,drift,seed6,188,456.0
hpmcounter10,drift,seed6,189,456.0
hpmcounter10,drift,seed6,190,456.0
hpmcounter10,drift,seed6,191,456.0
hpmcounter10,drift,seed6,192,456.0
hpmcounter10,drift,seed6,193,456.0
hpmcounter10,drift,seed6,194,456.0
hpmcounter10,drift,seed6,195,456.0
hpmcounter10,drift,seed6,196,456.0
hpmcounter10,drift,seed6,197,456.0
hpmcounter10,drift,seed6,198,456.0
hpmcounter10,drift,seed6,199,456.0
hpmcounter10,drift,seed6,200,456.0
hpmcounter10,drift,seed6,201,456.0
hpmcounter10,drift,seed6,202,456.0
hpmcounter10,drift,seed6,203,456.0
hpmcounter10,drift,seed6,204,456.0
hpmcounter10,drift,seed6,205,456.0
hpmcounter10,drift,seed6,206,456.0
hpmcounter10,drift,seed6,207,456.0
hpmcounter10,drift,seed6,208,459.0
hpmcounter10,drift,seed6,209,461.3333333333333
hpmcounter10,drift,seed6,210,463.0
hpmcounter10,drift,seed6,211,464.0
hpmcounter10,drift,seed6,212,464.3333333333333
hpmcounter10,drift,seed6,213,464.0
hpmcounter10,drift,seed6,214,463.0
hpmcounter10,drift,seed6,215,461.3333333333333
hpmcounter10,drift,seed6,216,459.0
hpmcounter10,drift,seed6,217,456.0
hpmcounter10,drift,seed6,218,456.0
hpmcounter10,drift,seed6,219,456.0
hpmcounter10,drift,seed6,220,456.0
hpmcounter10,drift,seed6,221,456.0
hpmcounter10,drift,seed6,222,456.0
hpmcounter10,drift,seed6,223,456.0
hpmcounter10,drift,seed6,224,456.0
hpmcounter10,drift,seed6,225,456.0
hpmcounter10,drift,seed6,226,456.0
hpmcounter10,drift,seed6,227,456.0
hpmcounter10,drift,seed6,228,456.0
hpmcounter10,drift,seed6,229,456.0
hpmcounter10,drift,seed6,230,456.0
hpmcounter10,drift,seed6,231,456.0
hpmcounter10,drift,seed6,232,456.0
hpmcounter10,drift,seed6,233,456.0
hpmcounter10,drift,seed6,234,456.0
hpmcounter10,drift,seed6,235,456.0
hpmcounter10,drift,seed6,236,456.0
hpmcounter10,drift,seed6,237,456.0
hpmcounter10,drift,seed6,238,456.0
hpmcounter10,drift,seed6,239,456.0
hpmcounter10,drift,seed6,240,456.0
hpmcounter10,drift,seed6,241,456.0
hpmcounter10,drift,seed6,242,456.0
hpmcounter10,drift,seed6,243,456.0
hpmcounter10,drift,seed6,244,456.0
hpmcounter10,drift,seed6,245,456.0
hpmcounter10,drift,seed6,246,456.0
hpmcounter10,drift,seed6,247,456.0
hpmcounter10,drift,seed6,248,456.0
hpmcounter10,drift,seed6,249,456.0
hpmcounter10,drift,seed6,250,456.0
hpmcounter10,drift,seed6,251,456.0
hpmcounter10,drift,seed6,252,456.0
hpmcounter10,drift,seed6,253,456.0
hpmcounter10,drift,seed6,254,456.0
hpmcounter10,drift,seed6,255,456.0
hpmcounter10,drift,seed6,256,456.0
hpmcounter10,drift,seed6,257,456.0
hpmcounter10,drift,seed6,258,456.0
hpmcounter10,drift,seed6,259,456.0
hpmcounter10,drift,seed6,260,456.0
hpmcounter10,drift,seed6,261,456.0
hpmcounter10,drift,seed6,262,456.0
hpmcounter10,drift,seed6,263,456.0
hpmcounter10,drift,seed6,264,456.0
hpmcounter10,drift,seed6,265,456.0
hpmcounter10,drift,seed6,266,456.0
hpmcounter10,drift,seed6,267,456.0
hpmcounter10,drift,seed6,268,456.0
hpmcounter10,drift,seed6,269,456.0
hpmcounter10,drift,seed6,270,456.0
hpmcounter10,drift,seed6,271,456.0
hpmcounter10,drift,seed6,272,456.0
hpmcounter10,drift,seed6,273,456.0
hpmcounter10,drift,seed6,274,456.0
hpmcounter10,drift,seed6,275,456.0
hpmcounter10,drift,seed6,276,456.0
hpmcounter10,drift,seed6,277,456.0
hpmcounter10,drift,seed6,278,459.0
hpmcounter10,drift,seed6,279,464.3333333333333
hpmcounter10,drift,seed6,280,471.3333333333333
hpmcounter10,drift,seed6,281,476.3333333333333
hpmcounter10,drift,seed6,282,479.3333333333333
hpmcounter10,drift,seed6,283,480.3333333333333
hpmcounter10,drift,seed6,284,479.3333333333333
hpmcounter10,drift,seed6,285,479.3333333333333
hpmcounter10,drift,seed6,286,476.6666666666667
hpmcounter10,drift,seed6,287,471.3333333333333
hpmcounter10,drift,seed6,288,467.0
hpmcounter10,drift,seed6,289,464.3333333333333
hpmcounter10,drift,seed6,290,464.0
hpmcounter10,drift,seed6,291,463.0
hpmcounter10,drift,seed6,292,461.3333333333333
hpmcounter10,drift,seed6,293,459.0
hpmcounter10,drift,seed6,294,456.0
hpmcounter10,drift,seed6,295,456.0
hpmcounter10,drift,seed6,296,456.0
hpmcounter10,drift,seed6,297,456.0
hpmcounter10,drift,seed6,298,456.0
hpmcounter10,drift,seed7,9,455.0
hpmcounter10,drift,seed7,10,455.0
hpmcounter10,drift,seed7,11,455.05454545454546
hpmcounter10,drift,seed7,12,455.1515151515151
hpmcounter10,drift,seed7,13,455.27878787878785
hpmcounter10,drift,seed7,14,455.42424242424244
hpmcounter10,drift,seed7,15,455.57575757575756
hpmcounter10,drift,seed7,16,455.72121212121215
hpmcounter10,drift,seed7,17,455.8484848484849
hpmcounter10,drift,seed7,18,455.94545454545454
hpmcounter10,drift,seed7,19,456.0
hpmcounter10,drift,seed7,20,456.0
hpmcounter10,drift,seed7,21,456.0
hpmcounter10,drift,seed7,22,456.0
hpmcounter10,drift,seed7,23,456.0
hpmcounter10,drift,seed7,24,456.0
hpmcounter10,drift,seed7,25,456.0
hpmcounter10,drift,seed7,26,456.0
hpmcounter10,drift,seed7,27,456.0
hpmcounter10,drift,seed7,28,456.0
hpmcounter10,drift,seed7,29,456.0
hpmcounter10,drift,seed7,30,456.0
hpmcounter10,drift,seed7,31,459.0
hpmcounter10,drift,seed7,32,464.27878787878785
hpmcounter10,drift,seed7,33,471.1818181818182
hpmcounter10,drift,seed7,34,476.1090909090909
hpmcounter10,drift,seed7,35,479.06060606060606
hpmcounter10,drift,seed7,36,480.03636363636366
hpmcounter10,drift,seed7,37,479.03636363636366
hpmcounter10,drift,seed7,38,476.06060606060606
hpmcounter10,drift,seed7,39,471.1090909090909
hpmcounter10,drift,seed7,40,464.1818181818182
hpmcounter10,drift,seed7,41,458.94545454545454
hpmcounter10,drift,seed7,42,456.0
hpmcounter10,drift,seed7,43,456.0
hpmcounter10,drift,seed7,44,456.0
hpmcounter10,drift,seed7,45,456.0
hpmcounter10,drift,seed7,46,456.0
hpmcounter10,drift,seed7,47,456.0
hpmcounter10,drift,seed7,48,456.0
hpmcounter10,drift,seed7,49,456.0
hpmcounter10,drift,seed7,50,456.0
hpmcounter10,drift,seed7,51,456.0
hpmcounter10,drift,seed7,52,456.0
hpmcounter10,drift,seed7,53,456.0
hpmcounter10,drift,seed7,54,456.0
hpmcounter10,drift,seed7,55,456.0
hpmcounter10,drift,seed7,56,456.0
hpmcounter10,drift,seed7,57,456.0
hpmcounter10,drift,seed7,58,456.0
hpmcounter10,drift,seed7,59,456.0
hpmcounter10,drift,seed7,60,459.0
hpmcounter10,drift,seed7,61,461.3333333333333
hpmcounter10,drift,seed7,62,463.0
hpmcounter10,drift,seed7,63,464.0
hpmcounter10,drift,seed7,64,464.3333333333333
hpmcounter10,drift,seed7,65,464.0
hpmcounter10,drift,seed7,66,463.0
hpmcounter10,drift,seed7,67,461.3333333333333
hpmcounter10,drift,seed7,68,459.0
hpmcounter10,drift,seed7,69,456.0
hpmcounter10,drift,seed7,70,456.0
hpmcounter10,drift,seed7,71,456.0
hpmcounter10,drift,seed7,72,456.0
hpmcounter10,drift,seed7,73,456.0
hpmcounter10,drift,seed7,74,456.0
hpmcounter10,drift,seed7,75,456.0
hpmcounter10,drift,seed7,76,456.0
hpmcounter10,drift,seed7,77,456.0
hpmcounter10,drift,seed7,78,456.0
hpmcounter10,drift,seed7,79,456.0
hpmcounter10,drift,seed7,80,456.0
hpmcounter10,drift,seed7,81,456.0
hpmcounter10,drift,seed7,82,456.0
hpmcounter10,drift,seed7,83,456.0
hpmcounter10,drift,seed7,84,456.0
hpmcounter10,drift,seed7,85,456.0
hpmcounter10,drift,seed7,86,456.0
hpmcounter10,drift,seed7,87,456.0
hpmcounter10,drift,seed7,88,456.0
hpmcounter10,drift,seed7,89,456.0
hpmcounter10,drift,seed7,90,456.0
hpmcounter10,drift,seed7,91,456.0
hpmcounter10,drift,seed7,92,456.0
hpmcounter10,drift,seed7,93,456.0
hpmcounter10,drift,seed7,94,456.0
hpmcounter10,drift,seed7,95,456.0
hpmcounter10,drift,seed7,96,456.0
hpmcounter10,drift,seed7,97,456.0
hpmcounter10,drift,seed7,98,456.0
hpmcounter10,drift,seed7,99,456.0
hpmcounter10,drift,seed7,100,456.0
hpmcounter10,drift,seed7,101,456.0
hpmcounter10,drift,seed7,102,456.0
hpmcounter10,drift,seed7,103,456.0
hpmcounter10,drift,seed7,104,456.0
hpmcounter10,drift,seed7,105,456.0
hpmcounter10,drift,seed7,106,456.0
hpmcounter10,drift,seed7,107,456.0
hpmcounter10,drift,seed7,108,456.0
hpmcounter10,drift,seed7,109,456.0
hpmcounter10,drift,seed7,110,456.0
hpmcounter10,drift,seed7,111,456.0
hpmcounter10,drift,seed7,112,456.0
hpmcounter10,drift,seed7,113,456.0
hpmcounter10,drift,seed7,114,456.0
hpmcounter10,drift,seed7,115,456.0
hpmcounter10,drift,seed7,116,456.0
hpmcounter10,drift,seed7,117,456.0
hpmcounter10,drift,seed7,118,459.0
hpmcounter10,drift,seed7,119,461.3333333333333
hpmcounter10,drift,seed7,120,463.0
hpmcounter10,drift,seed7,121,464.0
hpmcounter10,drift,seed7,122,464.3333333333333
hpmcounter10,drift,seed7,123,464.0
hpmcounter10,drift,seed7,124,463.0
hpmcounter10,drift,seed7,125,461.3333333333333
hpmcounter10,drift,seed7,126,459.0
hpmcounter10,drift,seed7,127,456.0
hpmcounter10,drift,seed7,128,456.0
hpmcounter10,drift,seed7,129,456.0
hpmcounter10,drift,seed7,130,456.0
hpmcounter10,drift,seed7,131,456.0
hpmcounter10,drift,seed7,132,456.0
hpmcounter10,drift,seed7,133,456.0
hpmcounter10,drift,seed7,134,456.0
hpmcounter10,drift,seed7,135,456.0
hpmcounter10,drift,seed7,136,456.0
hpmcounter10,drift,seed7,137,456.0
hpmcounter10,drift,seed7,138,456.0
hpmcounter10,drift,seed7,139,456.0
hpmcounter10,drift,seed7,140,456.0
hpmcounter10,drift,seed7,141,456.0
hpmcounter10,drift,seed7,142,456.0
hpmcounter10,drift,seed7,143,456.0
hpmcounter10,drift,seed7,144,456.0
hpmcounter10,drift,seed7,145,456.0
hpmcounter10,drift,seed7,146,456.0
hpmcounter10,drift,seed7,147,456.0
hpmcounter10,drift,seed7,148,456.0
hpmcounter10,drift,seed7,149,456.0
hpmcounter10,drift,seed7,150,456.0
hpmcounter10,drift,seed7,151,456.0
hpmcounter10,drift,seed7,152,456.0
hpmcounter10,drift,seed7,153,456.0
hpmcounter10,drift,seed7,154,456.0
hpmcounter10,drift,seed7,155,456.0
hpmcounter10,drift,seed7,156,456.0
hpmcounter10,drift,seed7,157,456.0
hpmcounter10,drift,seed7,158,456.0
hpmcounter10,drift,seed7,159,456.0
hpmcounter10,drift,seed7,160,456.0
hpmcounter10,drift,seed7,161,456.0
hpmcounter10,drift,seed7,162,456.0
hpmcounter10,drift,seed7,163,456.0
hpmcounter10,drift,seed7,164,456.0
hpmcounter10,drift,seed7,165,456.0
hpmcounter10,drift,seed7,166,456.0
hpmcounter10,drift,seed7,167,456.0
hpmcounter10,drift,seed7,168,456.0
hpmcounter10,drift,seed7,169,456.0
hpmcounter10,drift,seed7,170,456.0
hpmcounter10,drift,seed7,171,456.0
hpmcounter10,drift,seed7,172,459.0
hpmcounter10,drift,seed7,173,464.3333333333333
hpmcounter10,drift,seed7,174,471.3333333333333
hpmcounter10,drift,seed7,175,479.3333333333333
hpmcounter10,drift,seed7,176,487.6666666666667
hpmcounter10,drift,seed7,177,495.6666666666667
hpmcounter10,drift,seed7,178,502.6666666666667
hpmcounter10,drift,seed7,179,508.0
hpmcounter10,drift,seed7,180,511.0
hpmcounter10,drift,seed7,181,511.0
hpmcounter10,drift,seed7,182,511.0
hpmcounter10,drift,seed7,183,508.0
hpmcounter10,drift,seed7,184,502.6666666666667
hpmcounter10,drift,seed7,185,495.6666666666667
hpmcounter10,drift,seed7,186,487.6666666666667
hpmcounter10,drift,seed7,187,479.3333333333333
hpmcounter10,drift,seed7,188,471.3333333333333
hpmcounter10,drift,seed7,189,464.3333333333333
hpmcounter10,drift,seed7,190,459.0
hpmcounter10,drift,seed7,191,456.0
hpmcounter10,drift,seed7,192,456.0
hpmcounter10,drift,seed7,193,456.0
hpmcounter10,drift,seed7,194,456.0
hpmcounter10,drift,seed7,195,456.0
hpmcounter10,drift,seed7,196,456.0
hpmcounter10,drift,seed7,197,456.0
hpmcounter10,drift,seed7,198,456.0
hpmcounter10,drift,seed7,199,456.0
hpmcounter10,drift,seed7,200,456.0
hpmcounter10,drift,seed7,201,456.0
hpmcounter10,drift,seed7,202,456.0
hpmcounter10,drift,seed7,203,456.0
hpmcounter10,drift,seed7,204,456.0
hpmcounter10,drift,seed7,205,456.0
hpmcounter10,drift,seed7,206,456.0
hpmcounter10,drift,seed7,207,456.0
hpmcounter10,drift,seed7,208,456.0
hpmcounter10,drift,seed7,209,456.0
hpmcounter10,drift,seed7,210,456.0
hpmcounter10,drift,seed7,211,456.0
hpmcounter10,drift,seed7,212,456.0
hpmcounter10,drift,seed7,213,456.0
hpmcounter10,drift,seed7,214,456.0
hpmcounter10,drift,seed7,215,456.0
hpmcounter10,drift,seed7,216,456.0
hpmcounter10,drift,seed7,217,456.0
hpmcounter10,drift,seed7,218,456.0
hpmcounter10,drift,seed7,219,456.0
hpmcounter10,drift,seed7,220,456.0
hpmcounter10,drift,seed7,221,456.0
hpmcounter10,drift,seed7,222,456.0
hpmcounter10,drift,seed7,223,456.0
hpmcounter10,drift,seed7,224,456.0
hpmcounter10,drift,seed7,225,456.0
hpmcounter10,drift,seed7,226,456.0
hpmcounter10,drift,seed7,227,456.0
hpmcounter10,drift,seed7,228,456.0
hpmcounter10,drift,seed7,229,456.0
hpmcounter10,drift,seed7,230,456.0
hpmcounter10,drift,seed7,231,456.0
hpmcounter10,drift,seed7,232,456.0
hpmcounter10,drift,seed7,233,456.0
hpmcounter10,drift,seed7,234,456.0
hpmcounter10,drift,seed7,235,456.0
hpmcounter10,drift,seed7,236,456.0
hpmcounter10,drift,seed7,237,456.0
hpmcounter10,drift,seed7,238,456.0
hpmcounter10,drift,seed7,239,456.0
hpmcounter10,drift,seed7,240,456.0
hpmcounter10,drift,seed7,241,456.0
hpmcounter10,drift,seed7,242,456.0
hpmcounter10,drift,seed7,243,456.0
hpmcounter10,drift,seed7,244,456.0
hpmcounter10,drift,seed7,245,459.0
hpmcounter10,drift,seed7,246,464.3333333333333
hpmcounter10,drift,seed7,247,471.3333333333333
hpmcounter10,drift,seed7,248,479.3333333333333
hpmcounter10,drift,seed7,249,484.6666666666667
hpmcounter10,drift,seed7,250,487.3333333333333
hpmcounter10,drift,seed7,251,487.3333333333333
hpmcounter10,drift,seed7,252,484.6666666666667
hpmcounter10,drift,seed7,253,479.3333333333333
hpmcounter10,drift,seed7,254,471.3333333333333
hpmcounter10,drift,seed7,255,464.3333333333333
hpmcounter10,drift,seed7,256,459.0
hpmcounter10,drift,seed7,257,456.0
hpmcounter10,drift,seed7,258,456.0
hpmcounter10,drift,seed7,259,456.0
hpmcounter10,drift,seed7,260,456.0
hpmcounter10,drift,seed7,261,456.0
hpmcounter10,drift,seed7,262,456.0
hpmcounter10,drift,seed7,263,456.0
hpmcounter10,drift,seed7,264,456.0
hpmcounter10,drift,seed7,265,456.0
hpmcounter10,drift,seed7,266,456.0
hpmcounter10,drift,seed7,267,456.0
hpmcounter10,drift,seed7,268,456.0
hpmcounter10,drift,seed7,269,456.0
hpmcounter10,drift,seed7,270,456.0
hpmcounter10,drift,seed7,271,456.0
hpmcounter10,drift,seed7,272,456.0
hpmcounter10,drift,seed7,273,456.0
hpmcounter10,drift,seed7,274,456.0
hpmcounter10,drift,seed7,275,456.0
hpmcounter10,drift,seed7,276,456.0
hpmcounter10,drift,seed7,277,456.0
hpmcounter10,drift,seed7,278,456.0
hpmcounter10,drift,seed7,279,456.0
hpmcounter10,drift,seed7,280,456.0
hpmcounter10,drift,seed7,281,456.0
hpmcounter10,drift,seed7,282,456.0
hpmcounter10,drift,seed7,283,456.0
hpmcounter10,drift,seed7,284,456.0
hpmcounter10,drift,seed7,285,456.0
hpmcounter10,drift,seed7,286,456.0
hpmcounter10,drift,seed7,287,456.0
hpmcounter10,drift,seed7,288,456.0
hpmcounter10,drift,seed7,289,456.0
hpmcounter10,drift,seed7,290,456.0
hpmcounter10,drift,seed7,291,456.0
hpmcounter10,drift,seed7,292,456.0
hpmcounter10,drift,seed7,293,456.0
hpmcounter10,drift,seed7,294,456.0
hpmcounter10,drift,seed7,295,456.0
hpmcounter10,drift,seed7,296,456.0
hpmcounter10,drift,seed7,297,456.0
hpmcounter10,drift,seed7,298,456.0
hpmcounter10,drift,seed8,9,455.0
hpmcounter10,drift,seed8,10,455.0
hpmcounter10,drift,seed8,11,455.05454545454546
hpmcounter10,drift,seed8,12,455.1515151515151
hpmcounter10,drift,seed8,13,455.27878787878785
hpmcounter10,drift,seed8,14,455.42424242424244
hpmcounter10,drift,seed8,15,455.57575757575756
hpmcounter10,drift,seed8,16,455.72121212121215
hpmcounter10,drift,seed8,17,455.8484848484849
hpmcounter10,drift,seed8,18,455.94545454545454
hpmcounter10,drift,seed8,19,456.0
hpmcounter10,drift,seed8,20,456.0
hpmcounter10,drift,seed8,21,456.0
hpmcounter10,drift,seed8,22,456.0
hpmcounter10,drift,seed8,23,456.0
hpmcounter10,drift,seed8,24,456.0
hpmcounter10,drift,seed8,25,456.0
hpmcounter10,drift,seed8,26,456.0
hpmcounter10,drift,seed8,27,456.0
hpmcounter10,drift,seed8,28,456.0
hpmcounter10,drift,seed8,29,456.0
hpmcounter10,drift,seed8,30,456.0
hpmcounter10,drift,seed8,31,456.0
hpmcounter10,drift,seed8,32,456.0
hpmcounter10,drift,seed8,33,456.0
hpmcounter10,drift,seed8,34,456.0
hpmcounter10,drift,seed8,35,456.0
hpmcounter10,drift,seed8,36,456.0
hpmcounter10,drift,seed8,37,456.0
hpmcounter10,drift,seed8,38,456.0
hpmcounter10,drift,seed8,39,456.0
hpmcounter10,drift,seed8,40,456.0
hpmcounter10,drift,seed8,41,456.0
hpmcounter10,drift,seed8,42,456.0
hpmcounter10,drift,seed8,43,456.0
hpmcounter10,drift,seed8,44,456.0
hpmcounter10,drift,seed8,45,456.0
hpmcounter10,drift,seed8,46,456.0
hpmcounter10,drift,seed8,47,456.0
hpmcounter10,drift,seed8,48,456.0
hpmcounter10,drift,seed8,49,456.0
hpmcounter10,drift,seed8,50,456.0
hpmcounter10,drift,seed8,51,456.0
hpmcounter10,drift,seed8,52,456.0
hpmcounter10,drift,seed8,53,456.0
hpmcounter10,drift,seed8,54,456.0
hpmcounter10,drift,seed8,55,456.0
hpmcounter10,drift,seed8,56,459.0
hpmcounter10,drift,seed8,57,464.3333333333333
hpmcounter10,drift,seed8,58,471.3333333333333
hpmcounter10,drift,seed8,59,476.3333333333333
hpmcounter10,drift,seed8,60,479.3333333333333
hpmcounter10,drift,seed8,61,483.3333333333333
hpmcounter10,drift,seed8,62,487.6121212121212
hpmcounter10,drift,seed8,63,488.56969696969696
hpmcounter10,drift,seed8,64,486.2060606060606
hpmcounter10,drift,seed8,65,480.5212121212121
hpmcounter10,drift,seed8,66,475.1818181818182
hpmcounter10,drift,seed8,67,470.8545454545455
hpmcounter10,drift,seed8,68,468.2060606060606
hpmcounter10,drift,seed8,69,464.23636363636365
hpmcounter10,drift,seed8,70,458.94545454545454
hpmcounter10,drift,seed8,71,456.0
hpmcounter10,drift,seed8,72,456.0
hpmcounter10,drift,seed8,73,456.0
hpmcounter10,drift,seed8,74,456.0
hpmcounter10,drift,seed8,75,456.0
hpmcounter10,drift,seed8,76,456.0
hpmcounter10,drift,seed8,77,459.0
hpmcounter10,drift,seed8,78,461.3333333333333
hpmcounter10,drift,seed8,79,463.0
hpmcounter10,drift,seed8,80,464.0
hpmcounter10,drift,seed8,81,464.3333333333333
hpmcounter10,drift,seed8,82,464.0
hpmcounter10,drift,seed8,83,463.0
hpmcounter10,drift,seed8,84,461.3333333333333
hpmcounter10,drift,seed8,85,459.0
hpmcounter10,drift,seed8,86,456.0
hpmcounter10,drift,seed8,87,456.0
hpmcounter10,drift,seed8,88,456.0
hpmcounter10,drift,seed8,89,456.0
hpmcounter10,drift,seed8,90,456.0
hpmcounter10,drift,seed8,91,456.0
hpmcounter10,drift,seed8,92,456.0
hpmcounter10,drift,seed8,93,456.0
hpmcounter10,drift,seed8,94,456.0
hpmcounter10,drift,seed8,95,456.0
hpmcounter10,drift,seed8,96,456.0
hpmcounter10,drift,seed8,97,456.0
hpmcounter10,drift,seed8,98,456.0
hpmcounter10,drift,seed8,99,456.0
hpmcounter10,drift,seed8,100,456.0
hpmcounter10,drift,seed8,101,456.0
hpmcounter10,drift,seed8,102,456.0
hpmcounter10,drift,seed8,103,456.0
hpmcounter10,drift,seed8,104,456.0
hpmcounter10,drift,seed8,105,456.0
hpmcounter10,drift,seed8,106,456.0
hpmcounter10,drift,seed8,107,456.0
hpmcounter10,drift,seed8,108,456.0
hpmcounter10,drift,seed8,109,456.0
hpmcounter10,drift,seed8,110,456.0
hpmcounter10,drift,seed8,111,456.0
hpmcounter10,drift,seed8,112,456.0
hpmcounter10,drift,seed8,113,456.0
hpmcounter10,drift,seed8,114,456.0
hpmcounter10,drift,seed8,115,456.0
hpmcounter10,drift,seed8,116,456.0
hpmcounter10,drift,seed8,117,456.0
hpmcounter10,drift,seed8,118,456.0
hpmcounter10,drift,seed8,119,456.0
hpmcounter10,drift,seed8,120,456.0
hpmcounter10,drift,seed8,121,456.0
hpmcounter10,drift,seed8,122,456.0
hpmcounter10,drift,seed8,123,456.0
hpmcounter10,drift,seed8,124,456.0
hpmcounter10,drift,seed8,125,456.0
hpmcounter10,drift,seed8,126,456.0
hpmcounter10,drift,seed8,127,456.0
hpmcounter10,drift,seed8,128,456.0
hpmcounter10,drift,seed8,129,456.0
hpmcounter10,drift,seed8,130,456.0
hpmcounter10,drift,seed8,131,456.0
hpmcounter10,drift,seed8,132,456.0
hpmcounter10,drift,seed8,133,456.0
hpmcounter10,drift,seed8,134,456.0
hpmcounter10,drift,seed8,135,456.0
hpmcounter10,drift,seed8,136,456.0
hpmcounter10,drift,seed8,137,456.0
hpmcounter10,drift,seed8,138,459.0
hpmcounter10,drift,seed8,139,464.3333333333333
hpmcounter10,drift,seed8,140,471.3333333333333
hpmcounter10,drift,seed8,141,479.3333333333333
hpmcounter10,drift,seed8,142,487.6666666666667
hpmcounter10,drift,seed8,143,495.6666666666667
hpmcounter10,drift,seed8,144,502.6666666666667
hpmcounter10,drift,seed8,145,507.94545454545454
hpmcounter10,drift,seed8,146,507.9030303030303
hpmcounter10,drift,seed8,147,502.53939393939396
hpmcounter10,drift,seed8,148,495.5212121212121
hpmcounter10,drift,seed8,149,487.5151515151515
hpmcounter10,drift,seed8,150,479.1878787878788
hpmcounter10,drift,seed8,151,471.2060606060606
hpmcounter10,drift,seed8,152,464.23636363636365
hpmcounter10,drift,seed8,153,458.94545454545454
hpmcounter10,drift,seed8,154,456.0
hpmcounter10,drift,seed8,155,456.0
hpmcounter10,drift,seed8,156,456.0
hpmcounter10,drift,seed8,157,456.0
hpmcounter10,drift,seed8,158,456.0
hpmcounter10,drift,seed8,159,456.0
hpmcounter10,drift,seed8,160,456.0
hpmcounter10,drift,seed8,161,459.0
hpmcounter10,drift,seed8,162,464.3333333333333
hpmcounter10,drift,seed8,163,471.3333333333333
hpmcounter10,drift,seed8,164,479.3333333333333
hpmcounter10,drift,seed8,165,487.6666666666667
hpmcounter10,drift,seed8,166,495.6666666666667
hpmcounter10,drift,seed8,167,502.6666666666667
hpmcounter10,drift,seed8,168,508.0
hpmcounter10,drift,seed8,169,510.94545454545454
hpmcounter10,drift,seed8,170,507.9030303030303
hpmcounter10,drift,seed8,171,502.53939393939396
hpmcounter10,drift,seed8,172,495.5212121212121
hpmcounter10,drift,seed8,173,487.5151515151515
hpmcounter10,drift,seed8,174,479.1878787878788
hpmcounter10,drift,seed8,175,471.2060606060606
hpmcounter10,drift,seed8,176,464.23636363636365
hpmcounter10,drift,seed8,177,458.94545454545454
hpmcounter10,drift,seed8,178,456.0
hpmcounter10,drift,seed8,179,456.0
hpmcounter10,drift,seed8,180,456.0
hpmcounter10,drift,seed8,181,456.0
hpmcounter10,drift,seed8,182,456.0
hpmcounter10,drift,seed8,183,456.0
hpmcounter10,drift,seed8,184,456.0
hpmcounter10,drift,seed8,185,456.0
hpmcounter10,drift,seed8,186,456.0
hpmcounter10,drift,seed8,187,456.0
hpmcounter10,drift,seed8,188,456.0
hpmcounter10,drift,seed8,189,456.0
hpmcounter10,drift,seed8,190,456.0
hpmcounter10,drift,seed8,191,456.0
hpmcounter10,drift,seed8,192,456.0
hpmcounter10,drift,seed8,193,456.0
hpmcounter10,drift,seed8,194,456.0
hpmcounter10,drift,seed8,195,456.0
hpmcounter10,drift,seed8,196,456.0
hpmcounter10,drift,seed8,197,456.0
hpmcounter10,drift,seed8,198,456.0
hpmcounter10,drift,seed8,199,456.0
hpmcounter10,drift,seed8,200,456.0
hpmcounter10,drift,seed8,201,456.0
hpmcounter10,drift,seed8,202,456.0
hpmcounter10,drift,seed8,203,456.0
hpmcounter10,drift,seed8,204,456.0
hpmcounter10,drift,seed8,205,456.0
hpmcounter10,drift,seed8,206,456.0
hpmcounter10,drift,seed8,207,456.0
hpmcounter10,drift,seed8,208,456.0
hpmcounter10,drift,seed8,209,456.0
hpmcounter10,drift,seed8,210,456.0
hpmcounter10,drift,seed8,211,456.0
hpmcounter10,drift,seed8,212,456.0
hpmcounter10,drift,seed8,213,456.0
hpmcounter10,drift,seed8,214,456.0
hpmcounter10,drift,seed8,215,456.0
hpmcounter10,drift,seed8,216,456.0
hpmcounter10,drift,seed8,217,456.0
hpmcounter10,drift,seed8,218,456.0
hpmcounter10,drift,seed8,219,456.0
hpmcounter10,drift,seed8,220,456.0
hpmcounter10,drift,seed8,221,456.0
hpmcounter10,drift,seed8,222,456.0
hpmcounter10,drift,seed8,223,456.0
hpmcounter10,drift,seed8,224,456.0
hpmcounter10,drift,seed8,225,456.0
hpmcounter10,drift,seed8,226,456.0
hpmcounter10,drift,seed8,227,456.0
hpmcounter10,drift,seed8,228,456.0
hpmcounter10,drift,seed8,229,456.0
hpmcounter10,drift,seed8,230,456.0
hpmcounter10,drift,seed8,231,456.0
hpmcounter10,drift,seed8,232,456.0
hpmcounter10,drift,seed8,233,456.0
hpmcounter10,drift,seed8,234,456.0
hpmcounter10,drift,seed8,235,456.0
hpmcounter10,drift,seed8,236,456.0
hpmcounter10,drift,seed8,237,456.0
hpmcounter10,drift,seed8,238,456.0
hpmcounter10,drift,seed8,239,456.0
hpmcounter10,drift,seed8,240,456.0
hpmcounter10,drift,seed8,241,456.0
hpmcounter10,drift,seed8,242,456.0
hpmcounter10,drift,seed8,243,456.0
hpmcounter10,drift,seed8,244,459.0
hpmcounter10,drift,seed8,245,464.3333333333333
hpmcounter10,drift,seed8,246,471.3333333333333
hpmcounter10,drift,seed8,247,476.3333333333333
hpmcounter10,drift,seed8,248,479.3333333333333
hpmcounter10,drift,seed8,249,480.3333333333333
hpmcounter10,drift,seed8,250,479.3333333333333
hpmcounter10,drift,seed8,251,476.3333333333333
hpmcounter10,drift,seed8,252,471.3333333333333
hpmcounter10,drift,seed8,253,464.3333333333333
hpmcounter10,drift,seed8,254,459.0
hpmcounter10,drift,seed8,255,456.0
hpmcounter10,drift,seed8,256,456.0
hpmcounter10,drift,seed8,257,456.0
hpmcounter10,drift,seed8,258,456.0
hpmcounter10,drift,seed8,259,456.0
hpmcounter10,drift,seed8,260,456.0
hpmcounter10,drift,seed8,261,456.0
hpmcounter10,drift,seed8,262,456.0
hpmcounter10,drift,seed8,263,456.0
hpmcounter10,drift,seed8,264,456.0
hpmcounter10,drift,seed8,265,456.0
hpmcounter10,drift,seed8,266,456.0
hpmcounter10,drift,seed8,267,456.0
hpmcounter10,drift,seed8,268,456.0
hpmcounter10,drift,seed8,269,456.0
hpmcounter10,drift,seed8,270,456.0
hpmcounter10,drift,seed8,271,456.0
hpmcounter10,drift,seed8,272,456.0
hpmcounter10,drift,seed8,273,456.0
hpmcounter10,drift,seed8,274,456.0
hpmcounter10,drift,seed8,275,456.0
hpmcounter10,drift,seed8,276,456.0
hpmcounter10,drift,seed8,277,456.0
hpmcounter10,drift,seed8,278,456.0
hpmcounter10,drift,seed8,279,456.0
hpmcounter10,drift,seed8,280,456.0
hpmcounter10,drift,seed8,281,456.0
hpmcounter10,drift,seed8,282,456.0
hpmcounter10,drift,seed8,283,456.0
hpmcounter10,drift,seed8,284,456.0
hpmcounter10,drift,seed8,285,456.0
hpmcounter10,drift,seed8,286,456.0
hpmcounter10,drift,seed8,287,456.0
hpmcounter10,drift,seed8,288,456.0
hpmcounter10,drift,seed8,289,456.0
hpmcounter10,drift,seed8,290,456.0
hpmcounter10,drift,seed8,291,456.0
hpmcounter10,drift,seed8,292,456.0
hpmcounter10,drift,seed8,293,456.0
hpmcounter10,drift,seed8,294,456.0
hpmcounter10,drift,seed8,295,456.0
hpmcounter10,drift,seed8,296,456.0
hpmcounter10,drift,seed8,297,456.0
hpmcounter10,drift,seed8,298,456.0
hpmcounter10,drift,seed9,9,455.0
hpmcounter10,drift,seed9,10,455.0
hpmcounter10,drift,seed9,11,455.05454545454546
hpmcounter10,drift,seed9,12,455.1515151515151
hpmcounter10,drift,seed9,13,455.27878787878785
hpmcounter10,drift,seed9,14,455.42424242424244
hpmcounter10,drift,seed9,15,455.57575757575756
hpmcounter10,drift,seed9,16,455.72121212121215
hpmcounter10,drift,seed9,17,455.8484848484849
hpmcounter10,drift,seed9,18,455.94545454545454
hpmcounter10,drift,seed9,19,456.0
hpmcounter10,drift,seed9,20,456.0
hpmcounter10,drift,seed9,21,456.0
hpmcounter10,drift,seed9,22,456.0
hpmcounter10,drift,seed9,23,456.0
hpmcounter10,drift,seed9,24,456.0
hpmcounter10,drift,seed9,25,456.0
hpmcounter10,drift,seed9,26,456.0
hpmcounter10,drift,seed9,27,456.0
hpmcounter10,drift,seed9,28,456.0
hpmcounter10,drift,seed9,29,456.0
hpmcounter10,drift,seed9,30,456.0
hpmcounter10,drift,seed9,31,456.0
hpmcounter10,drift,seed9,32,456.0
hpmcounter10,drift,seed9,33,456.0
hpmcounter10,drift,seed9,34,456.0
hpmcounter10,drift,seed9,35,456.0
hpmcounter10,drift,seed9,36,456.0
hpmcounter10,drift,seed9,37,456.0
hpmcounter10,drift,seed9,38,456.0
hpmcounter10,drift,seed9,39,456.0
hpmcounter10,drift,seed9,40,456.0
hpmcounter10,drift,seed9,41,456.0
hpmcounter10,drift,seed9,42,456.0
hpmcounter10,drift,seed9,43,456.0
hpmcounter10,drift,seed9,44,456.0
hpmcounter10,drift,seed9,45,456.0
hpmcounter10,drift,seed9,46,456.0
hpmcounter10,drift,seed9,47,456.0
hpmcounter10,drift,seed9,48,456.0
hpmcounter10,drift,seed9,49,456.0
hpmcounter10,drift,seed9,50,456.0
hpmcounter10,drift,seed9,51,456.0
hpmcounter10,drift,seed9,52,456.0
hpmcounter10,drift,seed9,53,456.0
hpmcounter10,drift,seed9,54,456.0
hpmcounter10,drift,seed9,55,456.0
hpmcounter10,drift,seed9,56,456.0
hpmcounter10,drift,seed9,57,456.0
hpmcounter10,drift,seed9,58,456.0
hpmcounter10,drift,seed9,59,456.0
hpmcounter10,drift,seed9,60,456.0
hpmcounter10,drift,seed9,61,456.0
hpmcounter10,drift,seed9,62,456.0
hpmcounter10,drift,seed9,63,456.0
hpmcounter10,drift,seed9,64,456.0
hpmcounter10,drift,seed9,65,456.0
hpmcounter10,drift,seed9,66,456.0
hpmcounter10,drift,seed9,67,456.0
hpmcounter10,drift,seed9,68,456.0
hpmcounter10,drift,seed9,69,456.0
hpmcounter10,drift,seed9,70,456.0
hpmcounter10,drift,seed9,71,456.0
hpmcounter10,drift,seed9,72,456.0
hpmcounter10,drift,seed9,73,456.0
hpmcounter10,drift,seed9,74,456.0
hpmcounter10,drift,seed9,75,456.0
hpmcounter10,drift,seed9,76,459.0
hpmcounter10,drift,seed9,77,464.3333333333333
hpmcounter10,drift,seed9,78,471.3333333333333
hpmcounter10,drift,seed9,79,479.3333333333333
hpmcounter10,drift,seed9,80,484.6666666666667
hpmcounter10,drift,seed9,81,487.3333333333333
hpmcounter10,drift,seed9,82,487.3333333333333
hpmcounter10,drift,seed9,83,484.6666666666667
hpmcounter10,drift,seed9,84,479.3333333333333
hpmcounter10,drift,seed9,85,471.3333333333333
hpmcounter10,drift,seed9,86,464.3333333333333
hpmcounter10,drift,seed9,87,459.0
hpmcounter10,drift,seed9,88,456.0
hpmcounter10,drift,seed9,89,456.0
hpmcounter10,drift,seed9,90,456.0
hpmcounter10,drift,seed9,91,456.0
hpmcounter10,drift,seed9,92,456.0
hpmcounter10,drift,seed9,93,456.0
hpmcounter10,drift,seed9,94,456.0
hpmcounter10,drift,seed9,95,456.0
hpmcounter10,drift,seed9,96,456.0
hpmcounter10,drift,seed9,97,456.0
hpmcounter10,drift,seed9,98,456.0
hpmcounter10,drift,seed9,99,456.0
hpmcounter10,drift,seed9,100,456.0
hpmcounter10,drift,seed9,101,456.0
hpmcounter10,drift,seed9,102,456.0
hpmcounter10,drift,seed9,103,456.0
hpmcounter10,drift,seed9,104,456.0
hpmcounter10,drift,seed9,105,456.0
hpmcounter10,drift,seed9,106,456.0
hpmcounter10,drift,seed9,107,456.0
hpmcounter10,drift,seed9,108,456.0
hpmcounter10,drift,seed9,109,456.0
hpmcounter10,drift,seed9,110,456.0
hpmcounter10,drift,seed9,111,456.0
hpmcounter10,drift,seed9,112,456.0
hpmcounter10,drift,seed9,113,456.0
hpmcounter10,drift,seed9,114,456.0
hpmcounter10,drift,seed9,115,456.0
hpmcounter10,drift,seed9,116,456.0
hpmcounter10,drift,seed9,117,456.0
hpmcounter10,drift,seed9,118,456.0
hpmcounter10,drift,seed9,119,456.0
hpmcounter10,drift,seed9,120,456.0
hpmcounter10,drift,seed9,121,456.0
hpmcounter10,drift,seed9,122,456.0
hpmcounter10,drift,seed9,123,456.0
hpmcounter10,drift,seed9,124,456.0
hpmcounter10,drift,seed9,125,456.0
hpmcounter10,drift,seed9,126,456.0
hpmcounter10,drift,seed9,127,456.0
hpmcounter10,drift,seed9,128,456.0
hpmcounter10,drift,seed9,129,456.0
hpmcounter10,drift,seed9,130,456.0
hpmcounter10,drift,seed9,131,456.0
hpmcounter10,drift,seed9,132,456.0
hpmcounter10,drift,seed9,133,456.0
hpmcounter10,drift,seed9,134,456.0
hpmcounter10,drift,seed9,135,456.0
hpmcounter10,drift,seed9,136,456.0
hpmcounter10,drift,seed9,137,456.0
hpmcounter10,drift,seed9,138,456.0
hpmcounter10,drift,seed9,139,456.0
hpmcounter10,drift,seed9,140,456.0
hpmcounter10,drift,seed9,141,456.0
hpmcounter10,drift,seed9,142,456.0
hpmcounter10,drift,seed9,143,456.0
hpmcounter10,drift,seed9,144,456.0
hpmcounter10,drift,seed9,145,456.0
hpmcounter10,drift,seed9,146,456.0
hpmcounter10,drift,seed9,147,456.0
hpmcounter10,drift,seed9,148,456.0
hpmcounter10,drift,seed9,149,456.0
hpmcounter10,drift,seed9,150,456.0
hpmcounter10,drift,seed9,151,456.0
hpmcounter10,drift,seed9,152,456.0
hpmcounter10,drift,seed9,153,456.0
hpmcounter10,drift,seed9,154,456.0
hpmcounter10,drift,seed9,155,459.0
hpmcounter10,drift,seed9,156,464.3333333333333
hpmcounter10,drift,seed9,157,471.3333333333333
hpmcounter10,drift,seed9,158,479.3333333333333
hpmcounter10,drift,seed9,159,487.6666666666667
hpmcounter10,drift,seed9,160,495.6666666666667
hpmcounter10,drift,seed9,161,502.6666666666667
hpmcounter10,drift,seed9,162,507.94545454545454
hpmcounter10,drift,seed9,163,507.9030303030303
hpmcounter10,drift,seed9,164,502.53939393939396
hpmcounter10,drift,seed9,165,495.5212121212121
hpmcounter10,drift,seed9,166,487.5151515151515
hpmcounter10,drift,seed9,167,479.1878787878788
hpmcounter10,drift,seed9,168,471.2060606060606
hpmcounter10,drift,seed9,169,464.23636363636365
hpmcounter10,drift,seed9,170,458.94545454545454
hpmcounter10,drift,seed9,171,456.0
hpmcounter10,drift,seed9,172,456.0
hpmcounter10,drift,seed9,173,456.0
hpmcounter10,drift,seed9,174,456.0
hpmcounter10,drift,seed9,175,456.0
hpmcounter10,drift,seed9,176,456.0
hpmcounter10,drift,seed9,177,456.0
hpmcounter10,drift,seed9,178,456.0
hpmcounter10,drift,seed9,179,456.0
hpmcounter10,drift,seed9,180,456.0
hpmcounter10,drift,seed9,181,456.0
hpmcounter10,drift,seed9,182,456.0
hpmcounter10,drift,seed9,183,456.0
hpmcounter10,drift,seed9,184,456.0
hpmcounter10,drift,seed9,185,456.0
hpmcounter10,drift,seed9,186,456.0
hpmcounter10,drift,seed9,187,456.0
hpmcounter10,drift,seed9,188,456.0
hpmcounter10,drift,seed9,189,456.0
hpmcounter10,drift,seed9,190,456.0
hpmcounter10,drift,seed9,191,459.0
hpmcounter10,drift,seed9,192,464.3333333333333
hpmcounter10,drift,seed9,193,471.3333333333333
hpmcounter10,drift,seed9,194,479.3333333333333
hpmcounter10,drift,seed9,195,484.6666666666667
hpmcounter10,drift,seed9,196,487.3333333333333
hpmcounter10,drift,seed9,197,487.3333333333333
hpmcounter10,drift,seed9,198,484.6666666666667
hpmcounter10,drift,seed9,199,479.3333333333333
hpmcounter10,drift,seed9,200,471.3333333333333
hpmcounter10,drift,seed9,201,464.3333333333333
hpmcounter10,drift,seed9,202,459.0
hpmcounter10,drift,seed9,203,456.0
hpmcounter10,drift,seed9,204,456.0
hpmcounter10,drift,seed9,205,456.0
hpmcounter10,drift,seed9,206,456.0
hpmcounter10,drift,seed9,207,456.0
hpmcounter10,drift,seed9,208,456.0
hpmcounter10,drift,seed9,209,456.0
hpmcounter10,drift,seed9,210,456.0
hpmcounter10,drift,seed9,211,456.0
hpmcounter10,drift,seed9,212,456.0
hpmcounter10,drift,seed9,213,456.0
hpmcounter10,drift,seed9,214,456.0
hpmcounter10,drift,seed9,215,456.0
hpmcounter10,drift,seed9,216,456.0
hpmcounter10,drift,seed9,217,456.0
hpmcounter10,drift,seed9,218,456.0
hpmcounter10,drift,seed9,219,456.0
hpmcounter10,drift,seed9,220,456.0
hpmcounter10,drift,seed9,221,456.0
hpmcounter10,drift,seed9,222,456.0
hpmcounter10,drift,seed9,223,456.0
hpmcounter10,drift,seed9,224,456.0
hpmcounter10,drift,seed9,225,456.0
hpmcounter10,drift,seed9,226,456.0
hpmcounter10,drift,seed9,227,456.0
hpmcounter10,drift,seed9,228,456.0
hpmcounter10,drift,seed9,229,456.0
hpmcounter10,drift,seed9,230,456.0
hpmcounter10,drift,seed9,231,456.0
hpmcounter10,drift,seed9,232,456.0
hpmcounter10,drift,seed9,233,456.0
hpmcounter10,drift,seed9,234,456.0
hpmcounter10,drift,seed9,235,456.0
hpmcounter10,drift,seed9,236,456.0
hpmcounter10,drift,seed9,237,456.0
hpmcounter10,drift,seed9,238,456.0
hpmcounter10,drift,seed9,239,456.0
hpmcounter10,drift,seed9,240,456.0
hpmcounter10,drift,seed9,241,456.0
hpmcounter10,drift,seed9,242,456.0
hpmcounter10,drift,seed9,243,456.0
hpmcounter10,drift,seed9,244,456.0
hpmcounter10,drift,seed9,245,456.0
hpmcounter10,drift,seed9,246,456.0
hpmcounter10,drift,seed9,247,456.0
hpmcounter10,drift,seed9,248,456.0
hpmcounter10,drift,seed9,249,456.0
hpmcounter10,drift,seed9,250,456.0
hpmcounter10,drift,seed9,251,456.0
hpmcounter10,drift,seed9,252,456.0
hpmcounter10,drift,seed9,253,456.0
hpmcounter10,drift,seed9,254,456.0
hpmcounter10,drift,seed9,255,456.0
hpmcounter10,drift,seed9,256,456.0
hpmcounter10,drift,seed9,257,456.0
hpmcounter10,drift,seed9,258,456.0
hpmcounter10,drift,seed9,259,456.0
hpmcounter10,drift,seed9,260,456.0
hpmcounter10,drift,seed9,261,456.0
hpmcounter10,drift,seed9,262,456.0
hpmcounter10,drift,seed9,263,456.0
hpmcounter10,drift,seed9,264,456.0
hpmcounter10,drift,seed9,265,456.0
hpmcounter10,drift,seed9,266,456.0
hpmcounter10,drift,seed9,267,456.0
hpmcounter10,drift,seed9,268,456.0
hpmcounter10,drift,seed9,269,456.0
hpmcounter10,drift,seed9,270,456.0
hpmcounter10,drift,seed9,271,456.0
hpmcounter10,drift,seed9,272,456.0
hpmcounter10,drift,seed9,273,456.0
hpmcounter10,drift,seed9,274,456.0
hpmcounter10,drift,seed9,275,456.0
hpmcounter10,drift,seed9,276,456.0
hpmcounter10,drift,seed9,277,456.0
hpmcounter10,drift,seed9,278,456.0
hpmcounter10,drift,seed9,279,456.0
hpmcounter10,drift,seed9,280,456.0
hpmcounter10,drift,seed9,281,456.0
hpmcounter10,drift,seed9,282,456.0
hpmcounter10,drift,seed9,283,456.0
hpmcounter10,drift,seed9,284,456.0
hpmcounter10,drift,seed9,285,456.0
hpmcounter10,drift,seed9,286,456.0
hpmcounter10,drift,seed9,287,456.0
hpmcounter10,drift,seed9,288,456.0
hpmcounter10,drift,seed9,289,456.0
hpmcounter10,drift,seed9,290,456.0
hpmcounter10,drift,seed9,291,456.0
hpmcounter10,drift,seed9,292,456.0
hpmcounter10,drift,seed9,293,456.0
hpmcounter10,drift,seed9,294,456.0
hpmcounter10,drift,seed9,295,456.0
hpmcounter10,drift,seed9,296,456.0
hpmcounter10,drift,seed9,297,456.0
hpmcounter10,drift,seed9,298,456.0
hpmcounter10,jump,seed1,9,455.0
hpmcounter10,jump,seed1,10,455.0
hpmcounter10,jump,seed1,11,455.05454545454546
hpmcounter10,jump,seed1,12,455.1515151515151
hpmcounter10,jump,seed1,13,455.27878787878785
hpmcounter10,jump,seed1,14,455.42424242424244
hpmcounter10,jump,seed1,15,455.57575757575756
hpmcounter10,jump,seed1,16,455.72121212121215
hpmcounter10,jump,seed1,17,455.8484848484849
hpmcounter10,jump,seed1,18,455.94545454545454
hpmcounter10,jump,seed1,19,456.0
hpmcounter10,jump,seed1,20,456.0
hpmcounter10,jump,seed1,21,456.0
hpmcounter10,jump,seed1,22,456.0
hpmcounter10,jump,seed1,23,456.0
hpmcounter10,jump,seed1,24,456.0
hpmcounter10,jump,seed1,25,456.0
hpmcounter10,jump,seed1,26,456.0
hpmcounter10,jump,seed1,27,456.0
hpmcounter10,jump,seed1,28,456.0
hpmcounter10,jump,seed1,29,456.0
hpmcounter10,jump,seed1,30,456.0
hpmcounter10,jump,seed1,31,456.0
hpmcounter10,jump,seed1,32,456.0
hpmcounter10,jump,seed1,33,456.0
hpmcounter10,jump,seed1,34,456.0
hpmcounter10,jump,seed1,35,456.0
hpmcounter10,jump,seed1,36,456.0
hpmcounter10,jump,seed1,37,456.0
hpmcounter10,jump,seed1,38,456.0
hpmcounter10,jump,seed1,39,456.0
hpmcounter10,jump,seed1,40,456.0
hpmcounter10,jump,seed1,41,456.0
hpmcounter10,jump,seed1,42,456.0
hpmcounter10,jump,seed1,43,456.0
hpmcounter10,jump,seed1,44,456.0
hpmcounter10,jump,seed1,45,456.0
hpmcounter10,jump,seed1,46,456.0
hpmcounter10,jump,seed1,47,456.0
hpmcounter10,jump,seed1,48,456.0
hpmcounter10,jump,seed1,49,456.0
hpmcounter10,jump,seed1,50,456.0
hpmcounter10,jump,seed1,51,456.0
hpmcounter10,jump,seed1,52,456.0
hpmcounter10,jump,seed1,53,456.0
hpmcounter10,jump,seed1,54,456.0
hpmcounter10,jump,seed1,55,456.0
hpmcounter10,jump,seed1,56,456.0
hpmcounter10,jump,seed1,57,456.0
hpmcounter10,jump,seed1,58,456.0
hpmcounter10,jump,seed1,59,456.0
hpmcounter10,jump,seed1,60,456.0
hpmcounter10,jump,seed1,61,456.0
hpmcounter10,jump,seed1,62,456.0
hpmcounter10,jump,seed1,63,459.0
hpmcounter10,jump,seed1,64,461.3333333333333
hpmcounter10,jump,seed1,65,463.0
hpmcounter10,jump,seed1,66,464.0
hpmcounter10,jump,seed1,67,464.3333333333333
hpmcounter10,jump,seed1,68,464.0
hpmcounter10,jump,seed1,69,463.0
hpmcounter10,jump,seed1,70,461.3333333333333
hpmcounter10,jump,seed1,71,459.0
hpmcounter10,jump,seed1,72,456.0
hpmcounter10,jump,seed1,73,456.0
hpmcounter10,jump,seed1,74,456.0
hpmcounter10,jump,seed1,75,456.0
hpmcounter10,jump,seed1,76,456.0
hpmcounter10,jump,seed1,77,456.0
hpmcounter10,jump,seed1,78,456.0
hpmcounter10,jump,seed1,79,456.0
hpmcounter10,jump,seed1,80,456.0
hpmcounter10,jump,seed1,81,456.0
hpmcounter10,jump,seed1,82,456.0
hpmcounter10,jump,seed1,83,456.0
hpmcounter10,jump,seed1,84,456.0
hpmcounter10,jump,seed1,85,456.0
hpmcounter10,jump,seed1,86,456.0
hpmcounter10,jump,seed1,87,456.0
hpmcounter10,jump,seed1,88,456.0
hpmcounter10,jump,seed1,89,456.0
hpmcounter10,jump,seed1,90,456.0
hpmcounter10,jump,seed1,91,456.0
hpmcounter10,jump,seed1,92,456.0
hpmcounter10,jump,seed1,93,456.0
hpmcounter10,jump,seed1,94,456.0
hpmcounter10,jump,seed1,95,456.0
hpmcounter10,jump,seed1,96,456.0
hpmcounter10,jump,seed1,97,456.0
hpmcounter10,jump,seed1,98,456.0
hpmcounter10,jump,seed1,99,456.0
hpmcounter10,jump,seed1,100,456.0
hpmcounter10,jump,seed1,101,456.0
hpmcounter10,jump,seed1,102,456.0
hpmcounter10,jump,seed1,103,456.0
hpmcounter10,jump,seed1,104,456.0
hpmcounter10,jump,seed1,105,456.0
hpmcounter10,jump,seed1,106,456.0
hpmcounter10,jump,seed1,107,456.0
hpmcounter10,jump,seed1,108,456.0
hpmcounter10,jump,seed1,109,456.0
hpmcounter10,jump,seed1,110,456.0
hpmcounter10,jump,seed1,111,456.0
hpmcounter10,jump,seed1,112,456.0
hpmcounter10,jump,seed1,113,456.0
hpmcounter10,jump,seed1,114,456.0
hpmcounter10,jump,seed1,115,456.0
hpmcounter10,jump,seed1,116,456.0
hpmcounter10,jump,seed1,117,456.0
hpmcounter10,jump,seed1,118,456.0
hpmcounter10,jump,seed1,119,456.0
hpmcounter10,jump,seed1,120,456.0
hpmcounter10,jump,seed1,121,456.0
hpmcounter10,jump,seed1,122,456.0
hpmcounter10,jump,seed1,123,456.0
hpmcounter10,jump,seed1,124,456.0
hpmcounter10,jump,seed1,125,456.0
hpmcounter10,jump,seed1,126,456.0
hpmcounter10,jump,seed1,127,456.0
hpmcounter10,jump,seed1,128,456.0
hpmcounter10,jump,seed1,129,456.0
hpmcounter10,jump,seed1,130,456.0
hpmcounter10,jump,seed1,131,456.0
hpmcounter10,jump,seed1,132,456.0
hpmcounter10,jump,seed1,133,456.0
hpmcounter10,jump,seed1,134,456.0
hpmcounter10,jump,seed1,135,456.0
hpmcounter10,jump,seed1,136,456.0
hpmcounter10,jump,seed1,137,456.0
hpmcounter10,jump,seed1,138,456.0
hpmcounter10,jump,seed1,139,456.0
hpmcounter10,jump,seed1,140,456.0
hpmcounter10,jump,seed1,141,456.0
hpmcounter10,jump,seed1,142,456.0
hpmcounter10,jump,seed1,143,456.0
hpmcounter10,jump,seed1,144,456.0
hpmcounter10,jump,seed1,145,456.0
hpmcounter10,jump,seed1,146,456.0
hpmcounter10,jump,seed1,147,456.0
hpmcounter10,jump,seed1,148,456.0
hpmcounter10,jump,seed1,149,456.0
hpmcounter10,jump,seed1,150,456.0
hpmcounter10,jump,seed1,151,459.0
hpmcounter10,jump,seed1,152,464.3333333333333
hpmcounter10,jump,seed1,153,471.3333333333333
hpmcounter10,jump,seed1,154,479.3333333333333
hpmcounter10,jump,seed1,155,487.6666666666667
hpmcounter10,jump,seed1,156,495.6666666666667
hpmcounter10,jump,seed1,157,502.6666666666667
hpmcounter10,jump,seed1,158,508.0
hpmcounter10,jump,seed1,159,511.0
hpmcounter10,jump,seed1,160,511.0
hpmcounter10,jump,seed1,161,510.94545454545454
hpmcounter10,jump,seed1,162,507.9030303030303
hpmcounter10,jump,seed1,163,502.53939393939396
hpmcounter10,jump,seed1,164,495.5212121212121
hpmcounter10,jump,seed1,165,487.5151515151515
hpmcounter10,jump,seed1,166,479.1878787878788
hpmcounter10,jump,seed1,167,474.2060606060606
hpmcounter10,jump,seed1,168,472.56969696969696
hpmcounter10,jump,seed1,169,474.27878787878785
hpmcounter10,jump,seed1,170,479.3333333333333
hpmcounter10,jump,seed1,171,484.6666666666667
hpmcounter10,jump,seed1,172,487.3333333333333
hpmcounter10,jump,seed1,173,490.3333333333333
hpmcounter10,jump,seed1,174,490.0
hpmcounter10,jump,seed1,175,486.3333333333333
hpmcounter10,jump,seed1,176,479.3333333333333
hpmcounter10,jump,seed1,177,472.6666666666667
hpmcounter10,jump,seed1,178,467.0
hpmcounter10,jump,seed1,179,463.0
hpmcounter10,jump,seed1,180,461.3333333333333
hpmcounter10,jump,seed1,181,459.0
hpmcounter10,jump,seed1,182,456.0
hpmcounter10,jump,seed1,183,456.0
hpmcounter10,jump,seed1,184,456.0
hpmcounter10,jump,seed1,185,456.0
hpmcounter10,jump,seed1,186,456.0
hpmcounter10,jump,seed1,187,456.0
hpmcounter10,jump,seed1,188,456.0
hpmcounter10,jump,seed1,189,456.0
hpmcounter10,jump,seed1,190,456.0
hpmcounter10,jump,seed1,191,456.0
hpmcounter10,jump,seed1,192,456.0
hpmcounter10,jump,seed1,193,456.0
hpmcounter10,jump,seed1,194,456.0
hpmcounter10,jump,seed1,195,456.0
hpmcounter10,jump,seed1,196,456.0
hpmcounter10,jump,seed1,197,456.0
hpmcounter10,jump,seed1,198,456.0
hpmcounter10,jump,seed1,199,456.0
hpmcounter10,jump,seed1,200,456.0
hpmcounter10,jump,seed1,201,456.0
hpmcounter10,jump,seed1,202,456.0
hpmcounter10,jump,seed1,203,456.0
hpmcounter10,jump,seed1,204,456.0
hpmcounter10,jump,seed1,205,456.0
hpmcounter10,jump,seed1,206,456.0
hpmcounter10,jump,seed1,207,456.0
hpmcounter10,jump,seed1,208,456.0
hpmcounter10,jump,seed1,209,456.0
hpmcounter10,jump,seed1,210,456.0
hpmcounter10,jump,seed1,211,456.0
hpmcounter10,jump,seed1,212,456.0
hpmcounter10,jump,seed1,213,456.0
hpmcounter10,jump,seed1,214,456.0
hpmcounter10,jump,seed1,215,456.0
hpmcounter10,jump,seed1,216,456.0
hpmcounter10,jump,seed1,217,456.0
hpmcounter10,jump,seed1,218,456.0
hpmcounter10,jump,seed1,219,456.0
hpmcounter10,jump,seed1,220,456.0
hpmcounter10,jump,seed1,221,456.0
hpmcounter10,jump,seed1,222,456.0
hpmcounter10,jump,seed1,223,456.0
hpmcounter10,jump,seed1,224,456.0
hpmcounter10,jump,seed1,225,456.0
hpmcounter10,jump,seed1,226,456.0
hpmcounter10,jump,seed1,227,456.0
hpmcounter10,jump,seed1,228,456.0
hpmcounter10,jump,seed1,229,456.0
hpmcounter10,jump,seed1,230,456.0
hpmcounter10,jump,seed1,231,456.0
hpmcounter10,jump,seed1,232,456.0
hpmcounter10,jump,seed1,233,456.0
hpmcounter10,jump,seed1,234,456.0
hpmcounter10,jump,seed1,235,456.0
hpmcounter10,jump,seed1,236,456.0
hpmcounter10,jump,seed1,237,456.0
hpmcounter10,jump,seed1,238,456.0
hpmcounter10,jump,seed1,239,456.0
hpmcounter10,jump,seed1,240,456.0
hpmcounter10,jump,seed1,241,459.0
hpmcounter10,jump,seed1,242,461.3333333333333
hpmcounter10,jump,seed1,243,463.0
hpmcounter10,jump,seed1,244,464.0
hpmcounter10,jump,seed1,245,464.3333333333333
hpmcounter10,jump,seed1,246,464.0
hpmcounter10,jump,seed1,247,463.0
hpmcounter10,jump,seed1,248,461.3333333333333
hpmcounter10,jump,seed1,249,459.0
hpmcounter10,jump,seed1,250,456.0
hpmcounter10,jump,seed1,251,456.0
hpmcounter10,jump,seed1,252,456.0
hpmcounter10,jump,seed1,253,456.0
hpmcounter10,jump,seed1,254,456.0
hpmcounter10,jump,seed1,255,456.0
hpmcounter10,jump,seed1,256,456.0
hpmcounter10,jump,seed1,257,456.0
hpmcounter10,jump,seed1,258,456.0
hpmcounter10,jump,seed1,259,456.0
hpmcounter10,jump,seed1,260,456.0
hpmcounter10,jump,seed1,261,456.0
hpmcounter10,jump,seed1,262,456.0
hpmcounter10,jump,seed1,263,456.0
hpmcounter10,jump,seed1,264,456.0
hpmcounter10,jump,seed1,265,459.0
hpmcounter10,jump,seed1,266,461.3333333333333
hpmcounter10,jump,seed1,267,466.0
hpmcounter10,jump,seed1,268,472.3333333333333
hpmcounter10,jump,seed1,269,479.6666666666667
hpmcounter10,jump,seed1,270,487.3333333333333
hpmcounter10,jump,seed1,271,494.6666666666667
hpmcounter10,jump,seed1,272,501.0
hpmcounter10,jump,seed1,273,505.6666666666667
hpmcounter10,jump,seed1,274,505.0
hpmcounter10,jump,seed1,275,502.6666666666667
hpmcounter10,jump,seed1,276,495.6666666666667
hpmcounter10,jump,seed1,277,487.6666666666667
hpmcounter10,jump,seed1,278,479.3333333333333
hpmcounter10,jump,seed1,279,471.3333333333333
hpmcounter10,jump,seed1,280,464.3333333333333
hpmcounter10,jump,seed1,281,459.0
hpmcounter10,jump,seed1,282,456.0
hpmcounter10,jump,seed1,283,456.0
hpmcounter10,jump,seed1,284,456.0
hpmcounter10,jump,seed1,285,456.0
hpmcounter10,jump,seed1,286,456.0
hpmcounter10,jump,seed1,287,456.0
hpmcounter10,jump,seed1,288,456.0
hpmcounter10,jump,seed1,289,456.0
hpmcounter10,jump,seed1,290,456.0
hpmcounter10,jump,seed1,291,456.0
hpmcounter10,jump,seed1,292,456.0
hpmcounter10,jump,seed1,293,456.0
hpmcounter10,jump,seed1,294,456.0
hpmcounter10,jump,seed1,295,456.0
hpmcounter10,jump,seed1,296,456.0
hpmcounter10,jump,seed1,297,456.0
hpmcounter10,jump,seed1,298,456.0
hpmcounter10,jump,seed10,9,455.0
hpmcounter10,jump,seed10,10,455.0
hpmcounter10,jump,seed10,11,455.05454545454546
hpmcounter10,jump,seed10,12,455.1515151515151
hpmcounter10,jump,seed10,13,455.27878787878785
hpmcounter10,jump,seed10,14,455.42424242424244
hpmcounter10,jump,seed10,15,455.57575757575756
hpmcounter10,jump,seed10,16,455.72121212121215
hpmcounter10,jump,seed10,17,455.8484848484849
hpmcounter10,jump,seed10,18,455.94545454545454
hpmcounter10,jump,seed10,19,456.0
hpmcounter10,jump,seed10,20,456.0
hpmcounter10,jump,seed10,21,456.0
hpmcounter10,jump,seed10,22,456.0
hpmcounter10,jump,seed10,23,456.0
hpmcounter10,jump,seed10,24,456.0
hpmcounter10,jump,seed10,25,456.0
hpmcounter10,jump,seed10,26,456.0
hpmcounter10,jump,seed10,27,456.0
hpmcounter10,jump,seed10,28,456.0
hpmcounter10,jump,seed10,29,456.0
hpmcounter10,jump,seed10,30,456.0
hpmcounter10,jump,seed10,31,456.0
hpmcounter10,jump,seed10,32,456.0
hpmcounter10,jump,seed10,33,456.0
hpmcounter10,jump,seed10,34,456.0
hpmcounter10,jump,seed10,35,456.0
hpmcounter10,jump,seed10,36,456.0
hpmcounter10,jump,seed10,37,456.0
hpmcounter10,jump,seed10,38,456.0
hpmcounter10,jump,seed10,39,456.0
hpmcounter10,jump,seed10,40,456.0
hpmcounter10,jump,seed10,41,456.0
hpmcounter10,jump,seed10,42,456.0
hpmcounter10,jump,seed10,43,456.0
hpmcounter10,jump,seed10,44,456.0
hpmcounter10,jump,seed10,45,456.0
hpmcounter10,jump,seed10,46,456.0
hpmcounter10,jump,seed10,47,456.0
hpmcounter10,jump,seed10,48,456.0
hpmcounter10,jump,seed10,49,456.0
hpmcounter10,jump,seed10,50,456.0
hpmcounter10,jump,seed10,51,456.0
hpmcounter10,jump,seed10,52,456.0
hpmcounter10,jump,seed10,53,456.0
hpmcounter10,jump,seed10,54,456.0
hpmcounter10,jump,seed10,55,456.0
hpmcounter10,jump,seed10,56,456.0
hpmcounter10,jump,seed10,57,456.0
hpmcounter10,jump,seed10,58,456.0
hpmcounter10,jump,seed10,59,456.0
hpmcounter10,jump,seed10,60,456.0
hpmcounter10,jump,seed10,61,456.0
hpmcounter10,jump,seed10,62,456.0
hpmcounter10,jump,seed10,63,456.0
hpmcounter10,jump,seed10,64,456.0
hpmcounter10,jump,seed10,65,456.0
hpmcounter10,jump,seed10,66,456.0
hpmcounter10,jump,seed10,67,456.0
hpmcounter10,jump,seed10,68,456.0
hpmcounter10,jump,seed10,69,456.0
hpmcounter10,jump,seed10,70,456.0
hpmcounter10,jump,seed10,71,456.0
hpmcounter10,jump,seed10,72,456.0
hpmcounter10,jump,seed10,73,456.0
hpmcounter10,jump,seed10,74,456.0
hpmcounter10,jump,seed10,75,456.0
hpmcounter10,jump,seed10,76,456.0
hpmcounter10,jump,seed10,77,456.0
hpmcounter10,jump,seed10,78,456.0
hpmcounter10,jump,seed10,79,456.0
hpmcounter10,jump,seed10,80,456.0
hpmcounter10,jump,seed10,81,456.0
hpmcounter10,jump,seed10,82,456.0
hpmcounter10,jump,seed10,83,456.0
hpmcounter10,jump,seed10,84,456.0
hpmcounter10,jump,seed10,85,456.0
hpmcounter10,jump,seed10,86,456.0
hpmcounter10,jump,seed10,87,456.0
hpmcounter10,jump,seed10,88,456.0
hpmcounter10,jump,seed10,89,456.0
hpmcounter10,jump,seed10,90,456.0
hpmcounter10,jump,seed10,91,456.0
hpmcounter10,jump,seed10,92,456.0
hpmcounter10,jump,seed10,93,456.0
hpmcounter10,jump,seed10,94,456.0
hpmcounter10,jump,seed10,95,456.0
hpmcounter10,jump,seed10,96,456.0
hpmcounter10,jump,seed10,97,456.0
hpmcounter10,jump,seed10,98,456.0
hpmcounter10,jump,seed10,99,456.0
hpmcounter10,jump,seed10,100,456.0
hpmcounter10,jump,seed10,101,456.0
hpmcounter10,jump,seed10,102,456.0
hpmcounter10,jump,seed10,103,456.0
hpmcounter10,jump,seed10,104,456.0
hpmcounter10,jump,seed10,105,456.0
hpmcounter10,jump,seed10,106,456.0
hpmcounter10,jump,seed10,107,456.0
hpmcounter10,jump,seed10,108,456.0
hpmcounter10,jump,seed10,109,456.0
hpmcounter10,jump,seed10,110,456.0
hpmcounter10,jump,seed10,111,456.0
hpmcounter10,jump,seed10,112,456.0
hpmcounter10,jump,seed10,113,456.0
hpmcounter10,jump,seed10,114,456.0
hpmcounter10,jump,seed10,115,456.0
hpmcounter10,jump,seed10,116,456.0
hpmcounter10,jump,seed10,117,456.0
hpmcounter10,jump,seed10,118,456.0
hpmcounter10,jump,seed10,119,456.0
hpmcounter10,jump,seed10,120,456.0
hpmcounter10,jump,seed10,121,456.0
hpmcounter10,jump,seed10,122,456.0
hpmcounter10,jump,seed10,123,456.0
hpmcounter10,jump,seed10,124,456.0
hpmcounter10,jump,seed10,125,456.0
hpmcounter10,jump,seed10,126,456.0
hpmcounter10,jump,seed10,127,456.0
hpmcounter10,jump,seed10,128,456.0
hpmcounter10,jump,seed10,129,456.0
hpmcounter10,jump,seed10,130,456.0
hpmcounter10,jump,seed10,131,456.0
hpmcounter10,jump,seed10,132,456.0
hpmcounter10,jump,seed10,133,456.0
hpmcounter10,jump,seed10,134,456.0
hpmcounter10,jump,seed10,135,456.0
hpmcounter10,jump,seed10,136,456.0
hpmcounter10,jump,seed10,137,456.0
hpmcounter10,jump,seed10,138,456.0
hpmcounter10,jump,seed10,139,456.0
hpmcounter10,jump,seed10,140,456.0
hpmcounter10,jump,seed10,141,456.0
hpmcounter10,jump,seed10,142,456.0
hpmcounter10,jump,seed10,143,456.0
hpmcounter10,jump,seed10,144,456.0
hpmcounter10,jump,seed10,145,456.0
hpmcounter10,jump,seed10,146,456.0
hpmcounter10,jump,seed10,147,456.0
hpmcounter10,jump,seed10,148,456.0
hpmcounter10,jump,seed10,149,456.0
hpmcounter10,jump,seed10,150,456.0
hpmcounter10,jump,seed10,151,459.0
hpmcounter10,jump,seed10,152,464.3333333333333
hpmcounter10,jump,seed10,153,471.3333333333333
hpmcounter10,jump,seed10,154,479.3333333333333
hpmcounter10,jump,seed10,155,487.6666666666667
hpmcounter10,jump,seed10,156,495.6666666666667
hpmcounter10,jump,seed10,157,502.6666666666667
hpmcounter10,jump,seed10,158,508.0
hpmcounter10,jump,seed10,159,511.0
hpmcounter10,jump,seed10,160,511.0
hpmcounter10,jump,seed10,161,510.94545454545454
hpmcounter10,jump,seed10,162,510.9030303030303
hpmcounter10,jump,seed10,163,510.8727272727273
hpmcounter10,jump,seed10,164,510.8545454545455
hpmcounter10,jump,seed10,165,510.8484848484849
hpmcounter10,jump,seed10,166,510.8
hpmcounter10,jump,seed10,167,510.72121212121215
hpmcounter10,jump,seed10,168,510.6787878787879
hpmcounter10,jump,seed10,169,510.6727272727273
hpmcounter10,jump,seed10,170,510.7030303030303
hpmcounter10,jump,seed10,171,510.7030303030303
hpmcounter10,jump,seed10,172,510.72727272727275
hpmcounter10,jump,seed10,173,510.77575757575755
hpmcounter10,jump,seed10,174,510.8484848484849
hpmcounter10,jump,seed10,175,510.94545454545454
hpmcounter10,jump,seed10,176,511.0
hpmcounter10,jump,seed10,177,511.0
hpmcounter10,jump,seed10,178,511.0
hpmcounter10,jump,seed10,179,510.94545454545454
hpmcounter10,jump,seed10,180,507.9030303030303
hpmcounter10,jump,seed10,181,502.53939393939396
hpmcounter10,jump,seed10,182,495.5212121212121
hpmcounter10,jump,seed10,183,487.5151515151515
hpmcounter10,jump,seed10,184,479.1878787878788
hpmcounter10,jump,seed10,185,471.2060606060606
hpmcounter10,jump,seed10,186,464.23636363636365
hpmcounter10,jump,seed10,187,458.94545454545454
hpmcounter10,jump,seed10,188,456.0
hpmcounter10,jump,seed10,189,456.0
hpmcounter10,jump,seed10,190,456.0
hpmcounter10,jump,seed10,191,456.0
hpmcounter10,jump,seed10,192,456.0
hpmcounter10,jump,seed10,193,456.0
hpmcounter10,jump,seed10,194,456.0
hpmcounter10,jump,seed10,195,456.0
hpmcounter10,jump,seed10,196,456.0
hpmcounter10,jump,seed10,197,456.0
hpmcounter10,jump,seed10,198,456.0
hpmcounter10,jump,seed10,199,456.0
hpmcounter10,jump,seed10,200,456.0
hpmcounter10,jump,seed10,201,456.0
hpmcounter10,jump,seed10,202,459.0
hpmcounter10,jump,seed10,203,464.3333333333333
hpmcounter10,jump,seed10,204,471.27878787878785
hpmcounter10,jump,seed10,205,476.23636363636365
hpmcounter10,jump,seed10,206,479.2060606060606
hpmcounter10,jump,seed10,207,480.1878787878788
hpmcounter10,jump,seed10,208,479.1818181818182
hpmcounter10,jump,seed10,209,476.1878787878788
hpmcounter10,jump,seed10,210,471.2060606060606
hpmcounter10,jump,seed10,211,464.23636363636365
hpmcounter10,jump,seed10,212,458.94545454545454
hpmcounter10,jump,seed10,213,456.0
hpmcounter10,jump,seed10,214,456.0
hpmcounter10,jump,seed10,215,456.0
hpmcounter10,jump,seed10,216,456.0
hpmcounter10,jump,seed10,217,456.0
hpmcounter10,jump,seed10,218,456.0
hpmcounter10,jump,seed10,219,456.0
hpmcounter10,jump,seed10,220,456.0
hpmcounter10,jump,seed10,221,456.0
hpmcounter10,jump,seed10,222,456.0
hpmcounter10,jump,seed10,223,456.0
hpmcounter10,jump,seed10,224,456.0
hpmcounter10,jump,seed10,225,456.0
hpmcounter10,jump,seed10,226,456.0
hpmcounter10,jump,seed10,227,456.0
hpmcounter10,jump,seed10,228,456.0
hpmcounter10,jump,seed10,229,456.0
hpmcounter10,jump,seed10,230,456.0
hpmcounter10,jump,seed10,231,456.0
hpmcounter10,jump,seed10,232,456.0
hpmcounter10,jump,seed10,233,456.0
hpmcounter10,jump,seed10,234,456.0
hpmcounter10,jump,seed10,235,456.0
hpmcounter10,jump,seed10,236,456.0
hpmcounter10,jump,seed10,237,456.0
hpmcounter10,jump,seed10,238,456.0
hpmcounter10,jump,seed10,239,456.0
hpmcounter10,jump,seed10,240,456.0
hpmcounter10,jump,seed10,241,456.0
hpmcounter10,jump,seed10,242,456.0
hpmcounter10,jump,seed10,243,456.0
hpmcounter10,jump,seed10,244,456.0
hpmcounter10,jump,seed10,245,456.0
hpmcounter10,jump,seed10,246,456.0
hpmcounter10,jump,seed10,247,456.0
hpmcounter10,jump,seed10,248,456.0
hpmcounter10,jump,seed10,249,456.0
hpmcounter10,jump,seed10,250,456.0
hpmcounter10,jump,seed10,251,456.0
hpmcounter10,jump,seed10,252,456.0
hpmcounter10,jump,seed10,253,456.0
hpmcounter10,jump,seed10,254,456.0
hpmcounter10,jump,seed10,255,456.0
hpmcounter10,jump,seed10,256,456.0
hpmcounter10,jump,seed10,257,456.0
hpmcounter10,jump,seed10,258,456.0
hpmcounter10,jump,seed10,259,456.0
hpmcounter10,jump,seed10,260,456.0
hpmcounter10,jump,seed10,261,456.0
hpmcounter10,jump,seed10,262,456.0
hpmcounter10,jump,seed10,263,456.0
hpmcounter10,jump,seed10,264,456.0
hpmcounter10,jump,seed10,265,456.0
hpmcounter10,jump,seed10,266,456.0
hpmcounter10,jump,seed10,267,456.0
hpmcounter10,jump,seed10,268,456.0
hpmcounter10,jump,seed10,269,456.0
hpmcounter10,jump,seed10,270,456.0
hpmcounter10,jump,seed10,271,456.0
hpmcounter10,jump,seed10,272,456.0
hpmcounter10,jump,seed10,273,456.0
hpmcounter10,jump,seed10,274,456.0
hpmcounter10,jump,seed10,275,456.0
hpmcounter10,jump,seed10,276,456.0
hpmcounter10,jump,seed10,277,456.0
hpmcounter10,jump,seed10,278,456.0
hpmcounter10,jump,seed10,279,456.0
hpmcounter10,jump,seed10,280,456.0
hpmcounter10,jump,seed10,281,456.0
hpmcounter10,jump,seed10,282,456.0
hpmcounter10,jump,seed10,283,456.0
hpmcounter10,jump,seed10,284,456.0
hpmcounter10,jump,seed10,285,456.0
hpmcounter10,jump,seed10,286,456.0
hpmcounter10,jump,seed10,287,456.0
hpmcounter10,jump,seed10,288,456.0
hpmcounter10,jump,seed10,289,456.0
hpmcounter10,jump,seed10,290,456.0
hpmcounter10,jump,seed10,291,456.0
hpmcounter10,jump,seed10,292,456.0
hpmcounter10,jump,seed10,293,456.0
hpmcounter10,jump,seed10,294,456.0
hpmcounter10,jump,seed10,295,456.0
hpmcounter10,jump,seed10,296,456.0
hpmcounter10,jump,seed10,297,456.0
hpmcounter10,jump,seed10,298,456.0
hpmcounter10,jump,seed11,9,455.0
hpmcounter10,jump,seed11,10,455.0
hpmcounter10,jump,seed11,11,455.05454545454546
hpmcounter10,jump,seed11,12,455.1515151515151
hpmcounter10,jump,seed11,13,455.27878787878785
hpmcounter10,jump,seed11,14,455.42424242424244
hpmcounter10,jump,seed11,15,455.57575757575756
hpmcounter10,jump,seed11,16,455.72121212121215
hpmcounter10,jump,seed11,17,455.8484848484849
hpmcounter10,jump,seed11,18,455.94545454545454
hpmcounter10,jump,seed11,19,456.0
hpmcounter10,jump,seed11,20,456.0
hpmcounter10,jump,seed11,21,456.0
hpmcounter10,jump,seed11,22,456.0
hpmcounter10,jump,seed11,23,456.0
hpmcounter10,jump,seed11,24,456.0
hpmcounter10,jump,seed11,25,456.0
hpmcounter10,jump,seed11,26,456.0
hpmcounter10,jump,seed11,27,456.0
hpmcounter10,jump,seed11,28,456.0
hpmcounter10,jump,seed11,29,456.0
hpmcounter10,jump,seed11,30,456.0
hpmcounter10,jump,seed11,31,456.0
hpmcounter10,jump,seed11,32,456.0
hpmcounter10,jump,seed11,33,456.0
hpmcounter10,jump,seed11,34,456.0
hpmcounter10,jump,seed11,35,456.0
hpmcounter10,jump,seed11,36,456.0
hpmcounter10,jump,seed11,37,456.0
hpmcounter10,jump,seed11,38,456.0
hpmcounter10,jump,seed11,39,456.0
hpmcounter10,jump,seed11,40,456.0
hpmcounter10,jump,seed11,41,456.0
hpmcounter10,jump,seed11,42,456.0
hpmcounter10,jump,seed11,43,456.0
hpmcounter10,jump,seed11,44,456.0
hpmcounter10,jump,seed11,45,456.0
hpmcounter10,jump,seed11,46,456.0
hpmcounter10,jump,seed11,47,456.0
hpmcounter10,jump,seed11,48,456.0
hpmcounter10,jump,seed11,49,456.0
hpmcounter10,jump,seed11,50,456.0
hpmcounter10,jump,seed11,51,456.0
hpmcounter10,jump,seed11,52,456.0
hpmcounter10,jump,seed11,53,456.0
hpmcounter10,jump,seed11,54,456.0
hpmcounter10,jump,seed11,55,459.0
hpmcounter10,jump,seed11,56,464.3333333333333
hpmcounter10,jump,seed11,57,471.3333333333333
hpmcounter10,jump,seed11,58,479.3333333333333
hpmcounter10,jump,seed11,59,487.6666666666667
hpmcounter10,jump,seed11,60,495.6666666666667
hpmcounter10,jump,seed11,61,502.6666666666667
hpmcounter10,jump,seed11,62,508.0
hpmcounter10,jump,seed11,63,511.0
hpmcounter10,jump,seed11,64,511.0
hpmcounter10,jump,seed11,65,508.0
hpmcounter10,jump,seed11,66,502.6666666666667
hpmcounter10,jump,seed11,67,495.6666666666667
hpmcounter10,jump,seed11,68,487.6666666666667
hpmcounter10,jump,seed11,69,479.3333333333333
hpmcounter10,jump,seed11,70,471.3333333333333
hpmcounter10,jump,seed11,71,464.3333333333333
hpmcounter10,jump,seed11,72,459.0
hpmcounter10,jump,seed11,73,456.0
hpmcounter10,jump,seed11,74,456.0
hpmcounter10,jump,seed11,75,456.0
hpmcounter10,jump,seed11,76,456.0
hpmcounter10,jump,seed11,77,456.0
hpmcounter10,jump,seed11,78,456.0
hpmcounter10,jump,seed11,79,456.0
hpmcounter10,jump,seed11,80,456.0
hpmcounter10,jump,seed11,81,456.0
hpmcounter10,jump,seed11,82,456.0
hpmcounter10,jump,seed11,83,456.0
hpmcounter10,jump,seed11,84,456.0
hpmcounter10,jump,seed11,85,456.0
hpmcounter10,jump,seed11,86,456.0
hpmcounter10,jump,seed11,87,456.0
hpmcounter10,jump,seed11,88,456.0
hpmcounter10,jump,seed11,89,456.0
hpmcounter10,jump,seed11,90,456.0
hpmcounter10,jump,seed11,91,456.0
hpmcounter10,jump,seed11,92,456.0
hpmcounter10,jump,seed11,93,456.0
hpmcounter10,jump,seed11,94,456.0
hpmcounter10,jump,seed11,95,456.0
hpmcounter10,jump,seed11,96,456.0
hpmcounter10,jump,seed11,97,456.0
hpmcounter10,jump,seed11,98,456.0
hpmcounter10,jump,seed11,99,456.0
hpmcounter10,jump,seed11,100,456.0
hpmcounter10,jump,seed11,101,456.0
hpmcounter10,jump,seed11,102,456.0
hpmcounter10,jump,seed11,103,459.0
hpmcounter10,jump,seed11,104,464.3333333333333
hpmcounter10,jump,seed11,105,468.3333333333333
hpmcounter10,jump,seed11,106,471.0
hpmcounter10,jump,seed11,107,472.3333333333333
hpmcounter10,jump,seed11,108,472.3333333333333
hpmcounter10,jump,seed11,109,471.0
hpmcounter10,jump,seed11,110,468.3333333333333
hpmcounter10,jump,seed11,111,464.3333333333333
hpmcounter10,jump,seed11,112,459.0
hpmcounter10,jump,seed11,113,456.0
hpmcounter10,jump,seed11,114,456.0
hpmcounter10,jump,seed11,115,456.0
hpmcounter10,jump,seed11,116,456.0
hpmcounter10,jump,seed11,117,456.0
hpmcounter10,jump,seed11,118,456.0
hpmcounter10,jump,seed11,119,456.0
hpmcounter10,jump,seed11,120,456.0
hpmcounter10,jump,seed11,121,456.0
hpmcounter10,jump,seed11,122,456.0
hpmcounter10,jump,seed11,123,456.0
hpmcounter10,jump,seed11,124,456.0
hpmcounter10,jump,seed11,125,456.0
hpmcounter10,jump,seed11,126,456.0
hpmcounter10,jump,seed11,127,456.0
hpmcounter10,jump,seed11,128,456.0
hpmcounter10,jump,seed11,129,456.0
hpmcounter10,jump,seed11,130,456.0
hpmcounter10,jump,seed11,131,456.0
hpmcounter10,jump,seed11,132,456.0
hpmcounter10,jump,seed11,133,456.0
hpmcounter10,jump,seed11,134,456.0
hpmcounter10,jump,seed11,135,456.0
hpmcounter10,jump,seed11,136,456.0
hpmcounter10,jump,seed11,137,456.0
hpmcounter10,jump,seed11,138,456.0
hpmcounter10,jump,seed11,139,456.0
hpmcounter10,jump,seed11,140,456.0
hpmcounter10,jump,seed11,141,456.0
hpmcounter10,jump,seed11,142,456.0
hpmcounter10,jump,seed11,143,456.0
hpmcounter10,jump,seed11,144,456.0
hpmcounter10,jump,seed11,145,456.0
hpmcounter10,jump,seed11,146,456.0
hpmcounter10,jump,seed11,147,456.0
hpmcounter10,jump,seed11,148,456.0
hpmcounter10,jump,seed11,149,456.0
hpmcounter10,jump,seed11,150,456.0
hpmcounter10,jump,seed11,151,459.0
hpmcounter10,jump,seed11,152,464.3333333333333
hpmcounter10,jump,seed11,153,471.3333333333333
hpmcounter10,jump,seed11,154,479.3333333333333
hpmcounter10,jump,seed11,155,487.6666666666667
hpmcounter10,jump,seed11,156,495.6666666666667
hpmcounter10,jump,seed11,157,502.6666666666667
hpmcounter10,jump,seed11,158,508.0
hpmcounter10,jump,seed11,159,511.0
hpmcounter10,jump,seed11,160,511.0
hpmcounter10,jump,seed11,161,510.94545454545454
hpmcounter10,jump,seed11,162,510.8484848484849
hpmcounter10,jump,seed11,163,510.77575757575755
hpmcounter10,jump,seed11,164,510.72727272727275
hpmcounter10,jump,seed11,165,510.7030303030303
hpmcounter10,jump,seed11,166,510.7030303030303
hpmcounter10,jump,seed11,167,510.72727272727275
hpmcounter10,jump,seed11,168,510.72121212121215
hpmcounter10,jump,seed11,169,510.6969696969697
hpmcounter10,jump,seed11,170,510.72121212121215
hpmcounter10,jump,seed11,171,510.6727272727273
hpmcounter10,jump,seed11,172,510.55151515151516
hpmcounter10,jump,seed11,173,507.4787878787879
hpmcounter10,jump,seed11,174,502.1212121212121
hpmcounter10,jump,seed11,175,495.1454545454545
hpmcounter10,jump,seed11,176,487.2181818181818
hpmcounter10,jump,seed11,177,479.0060606060606
hpmcounter10,jump,seed11,178,471.1090909090909
hpmcounter10,jump,seed11,179,464.1818181818182
hpmcounter10,jump,seed11,180,458.94545454545454
hpmcounter10,jump,seed11,181,456.0
hpmcounter10,jump,seed11,182,456.0
hpmcounter10,jump,seed11,183,456.0
hpmcounter10,jump,seed11,184,456.0
hpmcounter10,jump,seed11,185,456.0
hpmcounter10,jump,seed11,186,456.0
hpmcounter10,jump,seed11,187,456.0
hpmcounter10,jump,seed11,188,456.0
hpmcounter10,jump,seed11,189,456.0
hpmcounter10,jump,seed11,190,456.0
hpmcounter10,jump,seed11,191,456.0
hpmcounter10,jump,seed11,192,456.0
hpmcounter10,jump,seed11,193,456.0
hpmcounter10,jump,seed11,194,456.0
hpmcounter10,jump,seed11,195,456.0
hpmcounter10,jump,seed11,196,456.0
hpmcounter10,jump,seed11,197,456.0
hpmcounter10,jump,seed11,198,456.0
hpmcounter10,jump,seed11,199,456.0
hpmcounter10,jump,seed11,200,456.0
hpmcounter10,jump,seed11,201,456.0
hpmcounter10,jump,seed11,202,456.0
hpmcounter10,jump,seed11,203,456.0
hpmcounter10,jump,seed11,204,456.0
hpmcounter10,jump,seed11,205,456.0
hpmcounter10,jump,seed11,206,456.0
hpmcounter10,jump,seed11,207,456.0
hpmcounter10,jump,seed11,208,456.0
hpmcounter10,jump,seed11,209,456.0
hpmcounter10,jump,seed11,210,456.0
hpmcounter10,jump,seed11,211,456.0
hpmcounter10,jump,seed11,212,456.0
hpmcounter10,jump,seed11,213,456.0
hpmcounter10,jump,seed11,214,456.0
hpmcounter10,jump,seed11,215,456.0
hpmcounter10,jump,seed11,216,456.0
hpmcounter10,jump,seed11,217,456.0
hpmcounter10,jump,seed11,218,456.0
hpmcounter10,jump,seed11,219,456.0
hpmcounter10,jump,seed11,220,456.0
hpmcounter10,jump,seed11,221,456.0
hpmcounter10,jump,seed11,222,456.0
hpmcounter10,jump,seed11,223,456.0
hpmcounter10,jump,seed11,224,456.0
hpmcounter10,jump,seed11,225,456.0
hpmcounter10,jump,seed11,226,456.0
hpmcounter10,jump,seed11,227,456.0
hpmcounter10,jump,seed11,228,456.0
hpmcounter10,jump,seed11,229,456.0
hpmcounter10,jump,seed11,230,456.0
hpmcounter10,jump,seed11,231,456.0
hpmcounter10,jump,seed11,232,456.0
hpmcounter10,jump,seed11,233,456.0
hpmcounter10,jump,seed11,234,456.0
hpmcounter10,jump,seed11,235,456.0
hpmcounter10,jump,seed11,236,456.0
hpmcounter10,jump,seed11,237,456.0
hpmcounter10,jump,seed11,238,456.0
hpmcounter10,jump,seed11,239,456.0
hpmcounter10,jump,seed11,240,456.0
hpmcounter10,jump,seed11,241,456.0
hpmcounter10,jump,seed11,242,456.0
hpmcounter10,jump,seed11,243,456.0
hpmcounter10,jump,seed11,244,456.0
hpmcounter10,jump,seed11,245,456.0
hpmcounter10,jump,seed11,246,456.0
hpmcounter10,jump,seed11,247,456.0
hpmcounter10,jump,seed11,248,456.0
hpmcounter10,jump,seed11,249,456.0
hpmcounter10,jump,seed11,250,456.0
hpmcounter10,jump,seed11,251,456.0
hpmcounter10,jump,seed11,252,456.0
hpmcounter10,jump,seed11,253,456.0
hpmcounter10,jump,seed11,254,456.0
hpmcounter10,jump,seed11,255,456.0
hpmcounter10,jump,seed11,256,456.0
hpmcounter10,jump,seed11,257,456.0
hpmcounter10,jump,seed11,258,456.0
hpmcounter10,jump,seed11,259,456.0
hpmcounter10,jump,seed11,260,456.0
hpmcounter10,jump,seed11,261,456.0
hpmcounter10,jump,seed11,262,456.0
hpmcounter10,jump,seed11,263,456.0
hpmcounter10,jump,seed11,264,456.0
hpmcounter10,jump,seed11,265,456.0
hpmcounter10,jump,seed11,266,456.0
hpmcounter10,jump,seed11,267,456.0
hpmcounter10,jump,seed11,268,456.0
hpmcounter10,jump,seed11,269,456.0
hpmcounter10,jump,seed11,270,456.0
hpmcounter10,jump,seed11,271,459.0
hpmcounter10,jump,seed11,272,461.3333333333333
hpmcounter10,jump,seed11,273,463.0
hpmcounter10,jump,seed11,274,464.0
hpmcounter10,jump,seed11,275,464.3333333333333
hpmcounter10,jump,seed11,276,464.0
hpmcounter10,jump,seed11,277,463.0
hpmcounter10,jump,seed11,278,461.3333333333333
hpmcounter10,jump,seed11,279,459.0
hpmcounter10,jump,seed11,280,456.0
hpmcounter10,jump,seed11,281,456.0
hpmcounter10,jump,seed11,282,456.0
hpmcounter10,jump,seed11,283,456.0
hpmcounter10,jump,seed11,284,456.0
hpmcounter10,jump,seed11,285,456.0
hpmcounter10,jump,seed11,286,456.0
hpmcounter10,jump,seed11,287,456.0
hpmcounter10,jump,seed11,288,456.0
hpmcounter10,jump,seed11,289,456.0
hpmcounter10,jump,seed11,290,456.0
hpmcounter10,jump,seed11,291,456.0
hpmcounter10,jump,seed11,292,456.0
hpmcounter10,jump,seed11,293,456.0
hpmcounter10,jump,seed11,294,456.0
hpmcounter10,jump,seed11,295,456.0
hpmcounter10,jump,seed11,296,456.0
hpmcounter10,jump,seed11,297,456.0
hpmcounter10,jump,seed11,298,456.0
hpmcounter10,jump,seed12,9,455.0
hpmcounter10,jump,seed12,10,455.0
hpmcounter10,jump,seed12,11,455.05454545454546
hpmcounter10,jump,seed12,12,455.1515151515151
hpmcounter10,jump,seed12,13,455.27878787878785
hpmcounter10,jump,seed12,14,455.42424242424244
hpmcounter10,jump,seed12,15,455.57575757575756
hpmcounter10,jump,seed12,16,455.72121212121215
hpmcounter10,jump,seed12,17,455.8484848484849
hpmcounter10,jump,seed12,18,455.94545454545454
hpmcounter10,jump,seed12,19,456.0
hpmcounter10,jump,seed12,20,456.0
hpmcounter10,jump,seed12,21,456.0
hpmcounter10,jump,seed12,22,456.0
hpmcounter10,jump,seed12,23,456.0
hpmcounter10,jump,seed12,24,456.0
hpmcounter10,jump,seed12,25,456.0
hpmcounter10,jump,seed12,26,456.0
hpmcounter10,jump,seed12,27,456.0
hpmcounter10,jump,seed12,28,456.0
hpmcounter10,jump,seed12,29,456.0
hpmcounter10,jump,seed12,30,456.0
hpmcounter10,jump,seed12,31,456.0
hpmcounter10,jump,seed12,32,456.0
hpmcounter10,jump,seed12,33,459.0
hpmcounter10,jump,seed12,34,461.3333333333333
hpmcounter10,jump,seed12,35,466.0
hpmcounter10,jump,seed12,36,472.3333333333333
hpmcounter10,jump,seed12,37,476.6666666666667
hpmcounter10,jump,seed12,38,479.0
hpmcounter10,jump,seed12,39,479.3333333333333
hpmcounter10,jump,seed12,40,480.6666666666667
hpmcounter10,jump,seed12,41,482.3333333333333
hpmcounter10,jump,seed12,42,483.6121212121212
hpmcounter10,jump,seed12,43,484.56969696969696
hpmcounter10,jump,seed12,44,482.2060606060606
hpmcounter10,jump,seed12,45,483.1878787878788
hpmcounter10,jump,seed12,46,487.5151515151515
hpmcounter10,jump,seed12,47,491.5212121212121
hpmcounter10,jump,seed12,48,491.53939393939396
hpmcounter10,jump,seed12,49,487.56969696969696
hpmcounter10,jump,seed12,50,483.27878787878785
hpmcounter10,jump,seed12,51,482.3333333333333
hpmcounter10,jump,seed12,52,484.6666666666667
hpmcounter10,jump,seed12,53,486.6666666666667
hpmcounter10,jump,seed12,54,484.6666666666667
hpmcounter10,jump,seed12,55,482.3333333333333
hpmcounter10,jump,seed12,56,480.3333333333333
hpmcounter10,jump,seed12,57,479.3333333333333
hpmcounter10,jump,seed12,58,476.3333333333333
hpmcounter10,jump,seed12,59,471.3333333333333
hpmcounter10,jump,seed12,60,464.3333333333333
hpmcounter10,jump,seed12,61,459.0
hpmcounter10,jump,seed12,62,456.0
hpmcounter10,jump,seed12,63,456.0
hpmcounter10,jump,seed12,64,456.0
hpmcounter10,jump,seed12,65,456.0
hpmcounter10,jump,seed12,66,456.0
hpmcounter10,jump,seed12,67,456.0
hpmcounter10,jump,seed12,68,456.0
hpmcounter10,jump,seed12,69,456.0
hpmcounter10,jump,seed12,70,456.0
hpmcounter10,jump,seed12,71,456.0
hpmcounter10,jump,seed12,72,456.0
hpmcounter10,jump,seed12,73,456.0
hpmcounter10,jump,seed12,74,456.0
hpmcounter10,jump,seed12,75,456.0
hpmcounter10,jump,seed12,76,456.0
hpmcounter10,jump,seed12,77,456.0
hpmcounter10,jump,seed12,78,456.0
hpmcounter10,jump,seed12,79,456.0
hpmcounter10,jump,seed12,80,456.0
hpmcounter10,jump,seed12,81,456.0
hpmcounter10,jump,seed12,82,456.0
hpmcounter10,jump,seed12,83,456.0
hpmcounter10,jump,seed12,84,456.0
hpmcounter10,jump,seed12,85,456.0
hpmcounter10,jump,seed12,86,456.0
hpmcounter10,jump,seed12,87,456.0
hpmcounter10,jump,seed12,88,456.0
hpmcounter10,jump,seed12,89,456.0
hpmcounter10,jump,seed12,90,456.0
hpmcounter10,jump,seed12,91,456.0
hpmcounter10,jump,seed12,92,456.0
hpmcounter10,jump,seed12,93,456.0
hpmcounter10,jump,seed12,94,456.0
hpmcounter10,jump,seed12,95,456.0
hpmcounter10,jump,seed12,96,456.0
hpmcounter10,jump,seed12,97,456.0
hpmcounter10,jump,seed12,98,456.0
hpmcounter10,jump,seed12,99,456.0
hpmcounter10,jump,seed12,100,456.0
hpmcounter10,jump,seed12,101,456.0
hpmcounter10,jump,seed12,102,456.0
hpmcounter10,jump,seed12,103,456.0
hpmcounter10,jump,seed12,104,456.0
hpmcounter10,jump,seed12,105,456.0
hpmcounter10,jump,seed12,106,456.0
hpmcounter10,jump,seed12,107,456.0
hpmcounter10,jump,seed12,108,456.0
hpmcounter10,jump,seed12,109,456.0
hpmcounter10,jump,seed12,110,456.0
hpmcounter10,jump,seed12,111,456.0
hpmcounter10,jump,seed12,112,456.0
hpmcounter10,jump,seed12,113,456.0
hpmcounter10,jump,seed12,114,456.0
hpmcounter10,jump,seed12,115,456.0
hpmcounter10,jump,seed12,116,456.0
hpmcounter10,jump,seed12,117,456.0
hpmcounter10,jump,seed12,118,456.0
hpmcounter10,jump,seed12,119,456.0
hpmcounter10,jump,seed12,120,456.0
hpmcounter10,jump,seed12,121,456.0
hpmcounter10,jump,seed12,122,456.0
hpmcounter10,jump,seed12,123,456.0
hpmcounter10,jump,seed12,124,456.0
hpmcounter10,jump,seed12,125,456.0
hpmcounter10,jump,seed12,126,456.0
hpmcounter10,jump,seed12,127,456.0
hpmcounter10,jump,seed12,128,456.0
hpmcounter10,jump,seed12,129,456.0
hpmcounter10,jump,seed12,130,456.0
hpmcounter10,jump,seed12,131,456.0
hpmcounter10,jump,seed12,132,456.0
hpmcounter10,jump,seed12,133,456.0
hpmcounter10,jump,seed12,134,456.0
hpmcounter10,jump,seed12,135,456.0
hpmcounter10,jump,seed12,136,456.0
hpmcounter10,jump,seed12,137,456.0
hpmcounter10,jump,seed12,138,456.0
hpmcounter10,jump,seed12,139,456.0
hpmcounter10,jump,seed12,140,456.0
hpmcounter10,jump,seed12,141,456.0
hpmcounter10,jump,seed12,142,456.0
hpmcounter10,jump,seed12,143,456.0
hpmcounter10,jump,seed12,144,456.0
hpmcounter10,jump,seed12,145,456.0
hpmcounter10,jump,seed12,146,456.0
hpmcounter10,jump,seed12,147,456.0
hpmcounter10,jump,seed12,148,456.0
hpmcounter10,jump,seed12,149,456.0
hpmcounter10,jump,seed12,150,456.0
hpmcounter10,jump,seed12,151,459.0
hpmcounter10,jump,seed12,152,464.3333333333333
hpmcounter10,jump,seed12,153,471.3333333333333
hpmcounter10,jump,seed12,154,479.3333333333333
hpmcounter10,jump,seed12,155,487.6666666666667
hpmcounter10,jump,seed12,156,495.6666666666667
hpmcounter10,jump,seed12,157,502.6666666666667
hpmcounter10,jump,seed12,158,508.0
hpmcounter10,jump,seed12,159,511.0
hpmcounter10,jump,seed12,160,511.0
hpmcounter10,jump,seed12,161,510.94545454545454
hpmcounter10,jump,seed12,162,510.9030303030303
hpmcounter10,jump,seed12,163,510.8727272727273
hpmcounter10,jump,seed12,164,510.8545454545455
hpmcounter10,jump,seed12,165,510.8484848484849
hpmcounter10,jump,seed12,166,510.8545454545455
hpmcounter10,jump,seed12,167,510.8727272727273
hpmcounter10,jump,seed12,168,510.9030303030303
hpmcounter10,jump,seed12,169,510.94545454545454
hpmcounter10,jump,seed12,170,511.0
hpmcounter10,jump,seed12,171,511.0
hpmcounter10,jump,seed12,172,510.94545454545454
hpmcounter10,jump,seed12,173,507.9030303030303
hpmcounter10,jump,seed12,174,502.53939393939396
hpmcounter10,jump,seed12,175,495.5212121212121
hpmcounter10,jump,seed12,176,487.5151515151515
hpmcounter10,jump,seed12,177,479.1878787878788
hpmcounter10,jump,seed12,178,471.2060606060606
hpmcounter10,jump,seed12,179,464.23636363636365
hpmcounter10,jump,seed12,180,458.94545454545454
hpmcounter10,jump,seed12,181,456.0
hpmcounter10,jump,seed12,182,456.0
hpmcounter10,jump,seed12,183,456.0
hpmcounter10,jump,seed12,184,456.0
hpmcounter10,jump,seed12,185,456.0
hpmcounter10,jump,seed12,186,456.0
hpmcounter10,jump,seed12,187,456.0
hpmcounter10,jump,seed12,188,456.0
hpmcounter10,jump,seed12,189,456.0
hpmcounter10,jump,seed12,190,456.0
hpmcounter10,jump,seed12,191,456.0
hpmcounter10,jump,seed12,192,456.0
hpmcounter10,jump,seed12,193,456.0
hpmcounter10,jump,seed12,194,456.0
hpmcounter10,jump,seed12,195,456.0
hpmcounter10,jump,seed12,196,456.0
hpmcounter10,jump,seed12,197,456.0
hpmcounter10,jump,seed12,198,456.0
hpmcounter10,jump,seed12,199,456.0
hpmcounter10,jump,seed12,200,456.0
hpmcounter10,jump,seed12,201,456.0
hpmcounter10,jump,seed12,202,456.0
hpmcounter10,jump,seed12,203,456.0
hpmcounter10,jump,seed12,204,456.0
hpmcounter10,jump,seed12,205,456.0
hpmcounter10,jump,seed12,206,456.0
hpmcounter10,jump,seed12,207,456.0
hpmcounter10,jump,seed12,208,456.0
hpmcounter10,jump,seed12,209,456.0
hpmcounter10,jump,seed12,210,456.0
hpmcounter10,jump,seed12,211,456.0
hpmcounter10,jump,seed12,212,456.0
hpmcounter10,jump,seed12,213,456.0
hpmcounter10,jump,seed12,214,456.0
hpmcounter10,jump,seed12,215,456.0
hpmcounter10,jump,seed12,216,456.0
hpmcounter10,jump,seed12,217,456.0
hpmcounter10,jump,seed12,218,456.0
hpmcounter10,jump,seed12,219,456.0
hpmcounter10,jump,seed12,220,456.0
hpmcounter10,jump,seed12,221,456.0
hpmcounter10,jump,seed12,222,456.0
hpmcounter10,jump,seed12,223,456.0
hpmcounter10,jump,seed12,224,459.0
hpmcounter10,jump,seed12,225,464.3333333333333
hpmcounter10,jump,seed12,226,471.3333333333333
hpmcounter10,jump,seed12,227,479.3333333333333
hpmcounter10,jump,seed12,228,487.6666666666667
hpmcounter10,jump,seed12,229,495.6666666666667
hpmcounter10,jump,seed12,230,502.6666666666667
hpmcounter10,jump,seed12,231,508.0
hpmcounter10,jump,seed12,232,510.94545454545454
hpmcounter10,jump,seed12,233,507.9030303030303
hpmcounter10,jump,seed12,234,502.53939393939396
hpmcounter10,jump,seed12,235,495.5212121212121
hpmcounter10,jump,seed12,236,487.5151515151515
hpmcounter10,jump,seed12,237,479.1878787878788
hpmcounter10,jump,seed12,238,471.2060606060606
hpmcounter10,jump,seed12,239,464.23636363636365
hpmcounter10,jump,seed12,240,458.94545454545454
hpmcounter10,jump,seed12,241,456.0
hpmcounter10,jump,seed12,242,456.0
hpmcounter10,jump,seed12,243,456.0
hpmcounter10,jump,seed12,244,456.0
hpmcounter10,jump,seed12,245,456.0
hpmcounter10,jump,seed12,246,456.0
hpmcounter10,jump,seed12,247,456.0
hpmcounter10,jump,seed12,248,456.0
hpmcounter10,jump,seed12,249,456.0
hpmcounter10,jump,seed12,250,456.0
hpmcounter10,jump,seed12,251,456.0
hpmcounter10,jump,seed12,252,456.0
hpmcounter10,jump,seed12,253,456.0
hpmcounter10,jump,seed12,254,456.0
hpmcounter10,jump,seed12,255,456.0
hpmcounter10,jump,seed12,256,456.0
hpmcounter10,jump,seed12,257,456.0
hpmcounter10,jump,seed12,258,456.0
hpmcounter10,jump,seed12,259,456.0
hpmcounter10,jump,seed12,260,456.0
hpmcounter10,jump,seed12,261,456.0
hpmcounter10,jump,seed12,262,456.0
hpmcounter10,jump,seed12,263,456.0
hpmcounter10,jump,seed12,264,456.0
hpmcounter10,jump,seed12,265,456.0
hpmcounter10,jump,seed12,266,456.0
hpmcounter10,jump,seed12,267,456.0
hpmcounter10,jump,seed12,268,456.0
hpmcounter10,jump,seed12,269,456.0
hpmcounter10,jump,seed12,270,456.0
hpmcounter10,jump,seed12,271,456.0
hpmcounter10,jump,seed12,272,456.0
hpmcounter10,jump,seed12,273,456.0
hpmcounter10,jump,seed12,274,456.0
hpmcounter10,jump,seed12,275,459.0
hpmcounter10,jump,seed12,276,464.3333333333333
hpmcounter10,jump,seed12,277,471.3333333333333
hpmcounter10,jump,seed12,278,479.3333333333333
hpmcounter10,jump,seed12,279,487.6666666666667
hpmcounter10,jump,seed12,280,492.6666666666667
hpmcounter10,jump,seed12,281,494.3333333333333
hpmcounter10,jump,seed12,282,492.6666666666667
hpmcounter10,jump,seed12,283,487.6666666666667
hpmcounter10,jump,seed12,284,479.3333333333333
hpmcounter10,jump,seed12,285,471.3333333333333
hpmcounter10,jump,seed12,286,464.3333333333333
hpmcounter10,jump,seed12,287,459.0
hpmcounter10,jump,seed12,288,456.0
hpmcounter10,jump,seed12,289,456.0
hpmcounter10,jump,seed12,290,456.0
hpmcounter10,jump,seed12,291,456.0
hpmcounter10,jump,seed12,292,456.0
hpmcounter10,jump,seed12,293,456.0
hpmcounter10,jump,seed12,294,456.0
hpmcounter10,jump,seed12,295,456.0
hpmcounter10,jump,seed12,296,456.0
hpmcounter10,jump,seed12,297,456.0
hpmcounter10,jump,seed12,298,456.0
hpmcounter10,jump,seed13,9,455.0
hpmcounter10,jump,seed13,10,455.0
hpmcounter10,jump,seed13,11,455.05454545454546
hpmcounter10,jump,seed13,12,455.1515151515151
hpmcounter10,jump,seed13,13,455.27878787878785
hpmcounter10,jump,seed13,14,455.42424242424244
hpmcounter10,jump,seed13,15,455.57575757575756
hpmcounter10,jump,seed13,16,455.72121212121215
hpmcounter10,jump,seed13,17,455.8484848484849
hpmcounter10,jump,seed13,18,455.94545454545454
hpmcounter10,jump,seed13,19,456.0
hpmcounter10,jump,seed13,20,456.0
hpmcounter10,jump,seed13,21,456.0
hpmcounter10,jump,seed13,22,456.0
hpmcounter10,jump,seed13,23,456.0
hpmcounter10,jump,seed13,24,456.0
hpmcounter10,jump,seed13,25,456.0
hpmcounter10,jump,seed13,26,456.0
hpmcounter10,jump,seed13,27,456.0
hpmcounter10,jump,seed13,28,456.0
hpmcounter10,jump,seed13,29,456.0
hpmcounter10,jump,seed13,30,456.0
hpmcounter10,jump,seed13,31,456.0
hpmcounter10,jump,seed13,32,456.0
hpmcounter10,jump,seed13,33,456.0
hpmcounter10,jump,seed13,34,456.0
hpmcounter10,jump,seed13,35,456.0
hpmcounter10,jump,seed13,36,456.0
hpmcounter10,jump,seed13,37,456.0
hpmcounter10,jump,seed13,38,456.0
hpmcounter10,jump,seed13,39,456.0
hpmcounter10,jump,seed13,40,456.0
hpmcounter10,jump,seed13,41,456.0
hpmcounter10,jump,seed13,42,456.0
hpmcounter10,jump,seed13,43,456.0
hpmcounter10,jump,seed13,44,456.0
hpmcounter10,jump,seed13,45,456.0
hpmcounter10,jump,seed13,46,456.0
hpmcounter10,jump,seed13,47,456.0
hpmcounter10,jump,seed13,48,456.0
hpmcounter10,jump,seed13,49,456.0
hpmcounter10,jump,seed13,50,456.0
hpmcounter10,jump,seed13,51,456.0
hpmcounter10,jump,seed13,52,456.0
hpmcounter10,jump,seed13,53,456.0
hpmcounter10,jump,seed13,54,456.0
hpmcounter10,jump,seed13,55,456.0
hpmcounter10,jump,seed13,56,456.0
hpmcounter10,jump,seed13,57,456.0
hpmcounter10,jump,seed13,58,456.0
hpmcounter10,jump,seed13,59,456.0
hpmcounter10,jump,seed13,60,456.0
hpmcounter10,jump,seed13,61,456.0
hpmcounter10,jump,seed13,62,459.0
hpmcounter10,jump,seed13,63,461.3333333333333
hpmcounter10,jump,seed13,64,463.0
hpmcounter10,jump,seed13,65,464.0
hpmcounter10,jump,seed13,66,464.3333333333333
hpmcounter10,jump,seed13,67,464.0
hpmcounter10,jump,seed13,68,463.0
hpmcounter10,jump,seed13,69,461.3333333333333
hpmcounter10,jump,seed13,70,459.0
hpmcounter10,jump,seed13,71,456.0
hpmcounter10,jump,seed13,72,456.0
hpmcounter10,jump,seed13,73,456.0
hpmcounter10,jump,seed13,74,456.0
hpmcounter10,jump,seed13,75,456.0
hpmcounter10,jump,seed13,76,456.0
hpmcounter10,jump,seed13,77,456.0
hpmcounter10,jump,seed13,78,456.0
hpmcounter10,jump,seed13,79,456.0
hpmcounter10,jump,seed13,80,456.0
hpmcounter10,jump,seed13,81,456.0
hpmcounter10,jump,seed13,82,456.0
hpmcounter10,jump,seed13,83,456.0
hpmcounter10,jump,seed13,84,456.0
hpmcounter10,jump,seed13,85,456.0
hpmcounter10,jump,seed13,86,456.0
hpmcounter10,jump,seed13,87,456.0
hpmcounter10,jump,seed13,88,456.0
hpmcounter10,jump,seed13,89,456.0
hpmcounter10,jump,seed13,90,456.0
hpmcounter10,jump,seed13,91,456.0
hpmcounter10,jump,seed13,92,456.0
hpmcounter10,jump,seed13,93,456.0
hpmcounter10,jump,seed13,94,456.0
hpmcounter10,jump,seed13,95,456.0
hpmcounter10,jump,seed13,96,456.0
hpmcounter10,jump,seed13,97,456.0
hpmcounter10,jump,seed13,98,456.0
hpmcounter10,jump,seed13,99,456.0
hpmcounter10,jump,seed13,100,456.0
hpmcounter10,jump,seed13,101,456.0
hpmcounter10,jump,seed13,102,456.0
hpmcounter10,jump,seed13,103,456.0
hpmcounter10,jump,seed13,104,456.0
hpmcounter10,jump,seed13,105,456.0
hpmcounter10,jump,seed13,106,456.0
hpmcounter10,jump,seed13,107,456.0
hpmcounter10,jump,seed13,108,456.0
hpmcounter10,jump,seed13,109,456.0
hpmcounter10,jump,seed13,110,456.0
hpmcounter10,jump,seed13,111,456.0
hpmcounter10,jump,seed13,112,456.0
hpmcounter10,jump,seed13,113,456.0
hpmcounter10,jump,seed13,114,456.0
hpmcounter10,jump,seed13,115,456.0
hpmcounter10,jump,seed13,116,456.0
hpmcounter10,jump,seed13,117,456.0
hpmcounter10,jump,seed13,118,456.0
hpmcounter10,jump,seed13,119,456.0
hpmcounter10,jump,seed13,120,456.0
hpmcounter10,jump,seed13,121,456.0
hpmcounter10,jump,seed13,122,456.0
hpmcounter10,jump,seed13,123,456.0
hpmcounter10,jump,seed13,124,456.0
hpmcounter10,jump,seed13,125,456.0
hpmcounter10,jump,seed13,126,456.0
hpmcounter10,jump,seed13,127,456.0
hpmcounter10,jump,seed13,128,456.0
hpmcounter10,jump,seed13,129,456.0
hpmcounter10,jump,seed13,130,456.0
hpmcounter10,jump,seed13,131,456.0
hpmcounter10,jump,seed13,132,456.0
hpmcounter10,jump,seed13,133,456.0
hpmcounter10,jump,seed13,134,456.0
hpmcounter10,jump,seed13,135,456.0
hpmcounter10,jump,seed13,136,456.0
hpmcounter10,jump,seed13,137,456.0
hpmcounter10,jump,seed13,138,456.0
hpmcounter10,jump,seed13,139,456.0
hpmcounter10,jump,seed13,140,456.0
hpmcounter10,jump,seed13,141,456.0
hpmcounter10,jump,seed13,142,456.0
hpmcounter10,jump,seed13,143,456.0
hpmcounter10,jump,seed13,144,456.0
hpmcounter10,jump,seed13,145,456.0
hpmcounter10,jump,seed13,146,456.0
hpmcounter10,jump,seed13,147,456.0
hpmcounter10,jump,seed13,148,456.0
hpmcounter10,jump,seed13,149,456.0
hpmcounter10,jump,seed13,150,456.0
hpmcounter10,jump,seed13,151,459.0
hpmcounter10,jump,seed13,152,464.3333333333333
hpmcounter10,jump,seed13,153,471.3333333333333
hpmcounter10,jump,seed13,154,479.3333333333333
hpmcounter10,jump,seed13,155,487.6666666666667
hpmcounter10,jump,seed13,156,495.6666666666667
hpmcounter10,jump,seed13,157,502.6666666666667
hpmcounter10,jump,seed13,158,508.0
hpmcounter10,jump,seed13,159,511.0
hpmcounter10,jump,seed13,160,511.0
hpmcounter10,jump,seed13,161,510.94545454545454
hpmcounter10,jump,seed13,162,510.9030303030303
hpmcounter10,jump,seed13,163,510.8727272727273
hpmcounter10,jump,seed13,164,510.8545454545455
hpmcounter10,jump,seed13,165,510.8484848484849
hpmcounter10,jump,seed13,166,510.8545454545455
hpmcounter10,jump,seed13,167,510.8727272727273
hpmcounter10,jump,seed13,168,510.9030303030303
hpmcounter10,jump,seed13,169,510.94545454545454
hpmcounter10,jump,seed13,170,511.0
hpmcounter10,jump,seed13,171,511.0
hpmcounter10,jump,seed13,172,511.0
hpmcounter10,jump,seed13,173,508.0
hpmcounter10,jump,seed13,174,502.6666666666667
hpmcounter10,jump,seed13,175,495.6666666666667
hpmcounter10,jump,seed13,176,487.6666666666667
hpmcounter10,jump,seed13,177,479.3333333333333
hpmcounter10,jump,seed13,178,474.3333333333333
hpmcounter10,jump,seed13,179,472.6666666666667
hpmcounter10,jump,seed13,180,471.3333333333333
hpmcounter10,jump,seed13,181,471.0
hpmcounter10,jump,seed13,182,472.3333333333333
hpmcounter10,jump,seed13,183,472.3333333333333
hpmcounter10,jump,seed13,184,471.0
hpmcounter10,jump,seed13,185,468.3333333333333
hpmcounter10,jump,seed13,186,464.3333333333333
hpmcounter10,jump,seed13,187,459.0
hpmcounter10,jump,seed13,188,456.0
hpmcounter10,jump,seed13,189,456.0
hpmcounter10,jump,seed13,190,456.0
hpmcounter10,jump,seed13,191,456.0
hpmcounter10,jump,seed13,192,456.0
hpmcounter10,jump,seed13,193,456.0
hpmcounter10,jump,seed13,194,456.0
hpmcounter10,jump,seed13,195,456.0
hpmcounter10,jump,seed13,196,456.0
hpmcounter10,jump,seed13,197,456.0
hpmcounter10,jump,seed13,198,456.0
hpmcounter10,jump,seed13,199,456.0
hpmcounter10,jump,seed13,200,456.0
hpmcounter10,jump,seed13,201,456.0
hpmcounter10,jump,seed13,202,456.0
hpmcounter10,jump,seed13,203,456.0
hpmcounter10,jump,seed13,204,456.0
hpmcounter10,jump,seed13,205,456.0
hpmcounter10,jump,seed13,206,456.0
hpmcounter10,jump,seed13,207,456.0
hpmcounter10,jump,seed13,208,456.0
hpmcounter10,jump,seed13,209,456.0
hpmcounter10,jump,seed13,210,456.0
hpmcounter10,jump,seed13,211,456.0
hpmcounter10,jump,seed13,212,456.0
hpmcounter10,jump,seed13,213,456.0
hpmcounter10,jump,seed13,214,456.0
hpmcounter10,jump,seed13,215,456.0
hpmcounter10,jump,seed13,216,456.0
hpmcounter10,jump,seed13,217,456.0
hpmcounter10,jump,seed13,218,456.0
hpmcounter10,jump,seed13,219,456.0
hpmcounter10,jump,seed13,220,456.0
hpmcounter10,jump,seed13,221,456.0
hpmcounter10,jump,seed13,222,456.0
hpmcounter10,jump,seed13,223,456.0
hpmcounter10,jump,seed13,224,456.0
hpmcounter10,jump,seed13,225,456.0
hpmcounter10,jump,seed13,226,456.0
hpmcounter10,jump,seed13,227,456.0
hpmcounter10,jump,seed13,228,456.0
hpmcounter10,jump,seed13,229,456.0
hpmcounter10,jump,seed13,230,456.0
hpmcounter10,jump,seed13,231,456.0
hpmcounter10,jump,seed13,232,456.0
hpmcounter10,jump,seed13,233,456.0
hpmcounter10,jump,seed13,234,456.0
hpmcounter10,jump,seed13,235,456.0
hpmcounter10,jump,seed13,236,456.0
hpmcounter10,jump,seed13,237,456.0
hpmcounter10,jump,seed13,238,456.0
hpmcounter10,jump,seed13,239,456.0
hpmcounter10,jump,seed13,240,456.0
hpmcounter10,jump,seed13,241,456.0
hpmcounter10,jump,seed13,242,456.0
hpmcounter10,jump,seed13,243,456.0
hpmcounter10,jump,seed13,244,456.0
hpmcounter10,jump,seed13,245,456.0
hpmcounter10,jump,seed13,246,456.0
hpmcounter10,jump,seed13,247,456.0
hpmcounter10,jump,seed13,248,456.0
hpmcounter10,jump,seed13,249,456.0
hpmcounter10,jump,seed13,250,456.0
hpmcounter10,jump,seed13,251,456.0
hpmcounter10,jump,seed13,252,456.0
hpmcounter10,jump,seed13,253,456.0
hpmcounter10,jump,seed13,254,456.0
hpmcounter10,jump,seed13,255,456.0
hpmcounter10,jump,seed13,256,456.0
hpmcounter10,jump,seed13,257,456.0
hpmcounter10,jump,seed13,258,456.0
hpmcounter10,jump,seed13,259,456.0
hpmcounter10,jump,seed13,260,456.0
hpmcounter10,jump,seed13,261,456.0
hpmcounter10,jump,seed13,262,456.0
hpmcounter10,jump,seed13,263,456.0
hpmcounter10,jump,seed13,264,456.0
hpmcounter10,jump,seed13,265,456.0
hpmcounter10,jump,seed13,266,456.0
hpmcounter10,jump,seed13,267,456.0
hpmcounter10,jump,seed13,268,456.0
hpmcounter10,jump,seed13,269,456.0
hpmcounter10,jump,seed13,270,456.0
hpmcounter10,jump,seed13,271,456.0
hpmcounter10,jump,seed13,272,456.0
hpmcounter10,jump,seed13,273,456.0
hpmcounter10,jump,seed13,274,456.0
hpmcounter10,jump,seed13,275,456.0
hpmcounter10,jump,seed13,276,456.0
hpmcounter10,jump,seed13,277,456.0
hpmcounter10,jump,seed13,278,456.0
hpmcounter10,jump,seed13,279,456.0
hpmcounter10,jump,seed13,280,456.0
hpmcounter10,jump,seed13,281,456.0
hpmcounter10,jump,seed13,282,456.0
hpmcounter10,jump,seed13,283,456.0
hpmcounter10,jump,seed13,284,456.0
hpmcounter10,jump,seed13,285,456.0
hpmcounter10,jump,seed13,286,456.0
hpmcounter10,jump,seed13,287,456.0
hpmcounter10,jump,seed13,288,456.0
hpmcounter10,jump,seed13,289,456.0
hpmcounter10,jump,seed13,290,456.0
hpmcounter10,jump,seed13,291,456.0
hpmcounter10,jump,seed13,292,456.0
hpmcounter10,jump,seed13,293,456.0
hpmcounter10,jump,seed13,294,456.0
hpmcounter10,jump,seed13,295,456.0
hpmcounter10,jump,seed13,296,456.0
hpmcounter10,jump,seed13,297,456.0
hpmcounter10,jump,seed13,298,459.0
hpmcounter10,jump,seed14,9,455.0
hpmcounter10,jump,seed14,10,455.0
hpmcounter10,jump,seed14,11,455.05454545454546
hpmcounter10,jump,seed14,12,455.1515151515151
hpmcounter10,jump,seed14,13,455.27878787878785
hpmcounter10,jump,seed14,14,455.42424242424244
hpmcounter10,jump,seed14,15,455.57575757575756
hpmcounter10,jump,seed14,16,455.72121212121215
hpmcounter10,jump,seed14,17,455.8484848484849
hpmcounter10,jump,seed14,18,455.94545454545454
hpmcounter10,jump,seed14,19,456.0
hpmcounter10,jump,seed14,20,456.0
hpmcounter10,jump,seed14,21,456.0
hpmcounter10,jump,seed14,22,456.0
hpmcounter10,jump,seed14,23,456.0
hpmcounter10,jump,seed14,24,456.0
hpmcounter10,jump,seed14,25,456.0
hpmcounter10,jump,seed14,26,456.0
hpmcounter10,jump,seed14,27,456.0
hpmcounter10,jump,seed14,28,456.0
hpmcounter10,jump,seed14,29,456.0
hpmcounter10,jump,seed14,30,456.0
hpmcounter10,jump,seed14,31,456.0
hpmcounter10,jump,seed14,32,456.0
hpmcounter10,jump,seed14,33,456.0
hpmcounter10,jump,seed14,34,456.0
hpmcounter10,jump,seed14,35,456.0
hpmcounter10,jump,seed14,36,456.0
hpmcounter10,jump,seed14,37,456.0
hpmcounter10,jump,seed14,38,456.0
hpmcounter10,jump,seed14,39,456.0
hpmcounter10,jump,seed14,40,456.0
hpmcounter10,jump,seed14,41,456.0
hpmcounter10,jump,seed14,42,456.0
hpmcounter10,jump,seed14,43,456.0
hpmcounter10,jump,seed14,44,456.0
hpmcounter10,jump,seed14,45,456.0
hpmcounter10,jump,seed14,46,456.0
hpmcounter10,jump,seed14,47,456.0
hpmcounter10,jump,seed14,48,456.0
hpmcounter10,jump,seed14,49,456.0
hpmcounter10,jump,seed14,50,456.0
hpmcounter10,jump,seed14,51,456.0
hpmcounter10,jump,seed14,52,456.0
hpmcounter10,jump,seed14,53,456.0
hpmcounter10,jump,seed14,54,456.0
hpmcounter10,jump,seed14,55,456.0
hpmcounter10,jump,seed14,56,456.0
hpmcounter10,jump,seed14,57,456.0
hpmcounter10,jump,seed14,58,456.0
hpmcounter10,jump,seed14,59,456.0
hpmcounter10,jump,seed14,60,456.0
hpmcounter10,jump,seed14,61,456.0
hpmcounter10,jump,seed14,62,456.0
hpmcounter10,jump,seed14,63,456.0
hpmcounter10,jump,seed14,64,456.0
hpmcounter10,jump,seed14,65,456.0
hpmcounter10,jump,seed14,66,456.0
hpmcounter10,jump,seed14,67,459.0
hpmcounter10,jump,seed14,68,464.3333333333333
hpmcounter10,jump,seed14,69,471.3333333333333
hpmcounter10,jump,seed14,70,479.3333333333333
hpmcounter10,jump,seed14,71,484.6666666666667
hpmcounter10,jump,seed14,72,490.3333333333333
hpmcounter10,jump,seed14,73,492.6666666666667
hpmcounter10,jump,seed14,74,491.6666666666667
hpmcounter10,jump,seed14,75,487.3333333333333
hpmcounter10,jump,seed14,76,479.6666666666667
hpmcounter10,jump,seed14,77,472.3333333333333
hpmcounter10,jump,seed14,78,466.0
hpmcounter10,jump,seed14,79,461.3333333333333
hpmcounter10,jump,seed14,80,459.0
hpmcounter10,jump,seed14,81,456.0
hpmcounter10,jump,seed14,82,456.0
hpmcounter10,jump,seed14,83,456.0
hpmcounter10,jump,seed14,84,456.0
hpmcounter10,jump,seed14,85,456.0
hpmcounter10,jump,seed14,86,456.0
hpmcounter10,jump,seed14,87,456.0
hpmcounter10,jump,seed14,88,456.0
hpmcounter10,jump,seed14,89,456.0
hpmcounter10,jump,seed14,90,456.0
hpmcounter10,jump,seed14,91,456.0
hpmcounter10,jump,seed14,92,456.0
hpmcounter10,jump,seed14,93,456.0
hpmcounter10,jump,seed14,94,456.0
hpmcounter10,jump,seed14,95,456.0
hpmcounter10,jump,seed14,96,456.0
hpmcounter10,jump,seed14,97,456.0
hpmcounter10,jump,seed14,98,456.0
hpmcounter10,jump,seed14,99,456.0
hpmcounter10,jump,seed14,100,456.0
hpmcounter10,jump,seed14,101,456.0
hpmcounter10,jump,seed14,102,456.0
hpmcounter10,jump,seed14,103,456.0
hpmcounter10,jump,seed14,104,456.0
hpmcounter10,jump,seed14,105,456.0
hpmcounter10,jump,seed14,106,456.0
hpmcounter10,jump,seed14,107,456.0
hpmcounter10,jump,seed14,108,456.0
hpmcounter10,jump,seed14,109,456.0
hpmcounter10,jump,seed14,110,456.0
hpmcounter10,jump,seed14,111,456.0
hpmcounter10,jump,seed14,112,456.0
hpmcounter10,jump,seed14,113,456.0
hpmcounter10,jump,seed14,114,456.0
hpmcounter10,jump,seed14,115,456.0
hpmcounter10,jump,seed14,116,456.0
hpmcounter10,jump,seed14,117,456.0
hpmcounter10,jump,seed14,118,456.0
hpmcounter10,jump,seed14,119,456.0
hpmcounter10,jump,seed14,120,456.0
hpmcounter10,jump,seed14,121,456.0
hpmcounter10,jump,seed14,122,456.0
hpmcounter10,jump,seed14,123,456.0
hpmcounter10,jump,seed14,124,456.0
hpmcounter10,jump,seed14,125,456.0
hpmcounter10,jump,seed14,126,456.0
hpmcounter10,jump,seed14,127,456.0
hpmcounter10,jump,seed14,128,456.0
hpmcounter10,jump,seed14,129,456.0
hpmcounter10,jump,seed14,130,456.0
hpmcounter10,jump,seed14,131,456.0
hpmcounter10,jump,seed14,132,456.0
hpmcounter10,jump,seed14,133,459.0
hpmcounter10,jump,seed14,134,461.3333333333333
hpmcounter10,jump,seed14,135,463.0
hpmcounter10,jump,seed14,136,464.0
hpmcounter10,jump,seed14,137,464.3333333333333
hpmcounter10,jump,seed14,138,464.0
hpmcounter10,jump,seed14,139,463.0
hpmcounter10,jump,seed14,140,461.3333333333333
hpmcounter10,jump,seed14,141,459.0
hpmcounter10,jump,seed14,142,456.0
hpmcounter10,jump,seed14,143,456.0
hpmcounter10,jump,seed14,144,456.0
hpmcounter10,jump,seed14,145,456.0
hpmcounter10,jump,seed14,146,456.0
hpmcounter10,jump,seed14,147,456.0
hpmcounter10,jump,seed14,148,456.0
hpmcounter10,jump,seed14,149,456.0
hpmcounter10,jump,seed14,150,456.0
hpmcounter10,jump,seed14,151,459.0
hpmcounter10,jump,seed14,152,464.3333333333333
hpmcounter10,jump,seed14,153,471.3333333333333
hpmcounter10,jump,seed14,154,479.3333333333333
hpmcounter10,jump,seed14,155,487.6666666666667
hpmcounter10,jump,seed14,156,495.6666666666667
hpmcounter10,jump,seed14,157,502.6666666666667
hpmcounter10,jump,seed14,158,508.0
hpmcounter10,jump,seed14,159,511.0
hpmcounter10,jump,seed14,160,511.0
hpmcounter10,jump,seed14,161,510.94545454545454
hpmcounter10,jump,seed14,162,510.9030303030303
hpmcounter10,jump,seed14,163,510.8727272727273
hpmcounter10,jump,seed14,164,510.8545454545455
hpmcounter10,jump,seed14,165,510.8484848484849
hpmcounter10,jump,seed14,166,510.8545454545455
hpmcounter10,jump,seed14,167,510.8727272727273
hpmcounter10,jump,seed14,168,510.9030303030303
hpmcounter10,jump,seed14,169,507.94545454545454
hpmcounter10,jump,seed14,170,505.6666666666667
hpmcounter10,jump,seed14,171,504.0
hpmcounter10,jump,seed14,172,503.0
hpmcounter10,jump,seed14,173,502.6666666666667
hpmcounter10,jump,seed14,174,503.0
hpmcounter10,jump,seed14,175,501.0
hpmcounter10,jump,seed14,176,497.3333333333333
hpmcounter10,jump,seed14,177,492.6666666666667
hpmcounter10,jump,seed14,178,487.6666666666667
hpmcounter10,jump,seed14,179,479.3333333333333
hpmcounter10,jump,seed14,180,471.3333333333333
hpmcounter10,jump,seed14,181,464.3333333333333
hpmcounter10,jump,seed14,182,459.0
hpmcounter10,jump,seed14,183,456.0
hpmcounter10,jump,seed14,184,459.0
hpmcounter10,jump,seed14,185,464.3333333333333
hpmcounter10,jump,seed14,186,471.3333333333333
hpmcounter10,jump,seed14,187,479.3333333333333
hpmcounter10,jump,seed14,188,487.6666666666667
hpmcounter10,jump,seed14,189,495.6121212121212
hpmcounter10,jump,seed14,190,499.56969696969696
hpmcounter10,jump,seed14,191,499.53939393939396
hpmcounter10,jump,seed14,192,495.5212121212121
hpmcounter10,jump,seed14,193,487.5151515151515
hpmcounter10,jump,seed14,194,479.1878787878788
hpmcounter10,jump,seed14,195,471.2060606060606
hpmcounter10,jump,seed14,196,464.23636363636365
hpmcounter10,jump,seed14,197,458.94545454545454
hpmcounter10,jump,seed14,198,456.0
hpmcounter10,jump,seed14,199,456.0
hpmcounter10,jump,seed14,200,456.0
hpmcounter10,jump,seed14,201,456.0
hpmcounter10,jump,seed14,202,456.0
hpmcounter10,jump,seed14,203,456.0
hpmcounter10,jump,seed14,204,456.0
hpmcounter10,jump,seed14,205,456.0
hpmcounter10,jump,seed14,206,456.0
hpmcounter10,jump,seed14,207,456.0
hpmcounter10,jump,seed14,208,456.0
hpmcounter10,jump,seed14,209,456.0
hpmcounter10,jump,seed14,210,456.0
hpmcounter10,jump,seed14,211,456.0
hpmcounter10,jump,seed14,212,456.0
hpmcounter10,jump,seed14,213,456.0
hpmcounter10,jump,seed14,214,456.0
hpmcounter10,jump,seed14,215,456.0
hpmcounter10,jump,seed14,216,456.0
hpmcounter10,jump,seed14,217,456.0
hpmcounter10,jump,seed14,218,456.0
hpmcounter10,jump,seed14,219,456.0
hpmcounter10,jump,seed14,220,456.0
hpmcounter10,jump,seed14,221,456.0
hpmcounter10,jump,seed14,222,456.0
hpmcounter10,jump,seed14,223,456.0
hpmcounter10,jump,seed14,224,456.0
hpmcounter10,jump,seed14,225,456.0
hpmcounter10,jump,seed14,226,456.0
hpmcounter10,jump,seed14,227,456.0
hpmcounter10,jump,seed14,228,456.0
hpmcounter10,jump,seed14,229,456.0
hpmcounter10,jump,seed14,230,456.0
hpmcounter10,jump,seed14,231,456.0
hpmcounter10,jump,seed14,232,456.0
hpmcounter10,jump,seed14,233,456.0
hpmcounter10,jump,seed14,234,456.0
hpmcounter10,jump,seed14,235,456.0
hpmcounter10,jump,seed14,236,456.0
hpmcounter10,jump,seed14,237,456.0
hpmcounter10,jump,seed14,238,456.0
hpmcounter10,jump,seed14,239,456.0
hpmcounter10,jump,seed14,240,456.0
hpmcounter10,jump,seed14,241,456.0
hpmcounter10,jump,seed14,242,456.0
hpmcounter10,jump,seed14,243,456.0
hpmcounter10,jump,seed14,244,456.0
hpmcounter10,jump,seed14,245,456.0
hpmcounter10,jump,seed14,246,456.0
hpmcounter10,jump,seed14,247,456.0
hpmcounter10,jump,seed14,248,456.0
hpmcounter10,jump,seed14,249,456.0
hpmcounter10,jump,seed14,250,456.0
hpmcounter10,jump,seed14,251,456.0
hpmcounter10,jump,seed14,252,456.0
hpmcounter10,jump,seed14,253,456.0
hpmcounter10,jump,seed14,254,456.0
hpmcounter10,jump,seed14,255,456.0
hpmcounter10,jump,seed14,256,456.0
hpmcounter10,jump,seed14,257,456.0
hpmcounter10,jump,seed14,258,456.0
hpmcounter10,jump,seed14,259,456.0
hpmcounter10,jump,seed14,260,456.0
hpmcounter10,jump,seed14,261,456.0
hpmcounter10,jump,seed14,262,456.0
hpmcounter10,jump,seed14,263,456.0
hpmcounter10,jump,seed14,264,456.0
hpmcounter10,jump,seed14,265,456.0
hpmcounter10,jump,seed14,266,456.0
hpmcounter10,jump,seed14,267,456.0
hpmcounter10,jump,seed14,268,456.0
hpmcounter10,jump,seed14,269,456.0
hpmcounter10,jump,seed14,270,456.0
hpmcounter10,jump,seed14,271,456.0
hpmcounter10,jump,seed14,272,456.0
hpmcounter10,jump,seed14,273,456.0
hpmcounter10,jump,seed14,274,456.0
hpmcounter10,jump,seed14,275,456.0
hpmcounter10,jump,seed14,276,456.0
hpmcounter10,jump,seed14,277,456.0
hpmcounter10,jump,seed14,278,456.0
hpmcounter10,jump,seed14,279,456.0
hpmcounter10,jump,seed14,280,456.0
hpmcounter10,jump,seed14,281,456.0
hpmcounter10,jump,seed14,282,456.0
hpmcounter10,jump,seed14,283,456.0
hpmcounter10,jump,seed14,284,456.0
hpmcounter10,jump,seed14,285,456.0
hpmcounter10,jump,seed14,286,456.0
hpmcounter10,jump,seed14,287,456.0
hpmcounter10,jump,seed14,288,456.0
hpmcounter10,jump,seed14,289,456.0
hpmcounter10,jump,seed14,290,456.0
hpmcounter10,jump,seed14,291,456.0
hpmcounter10,jump,seed14,292,456.0
hpmcounter10,jump,seed14,293,456.0
hpmcounter10,jump,seed14,294,456.0
hpmcounter10,jump,seed14,295,456.0
hpmcounter10,jump,seed14,296,456.0
hpmcounter10,jump,seed14,297,456.0
hpmcounter10,jump,seed14,298,456.0
hpmcounter10,jump,seed15,9,483.2969696969697
hpmcounter10,jump,seed15,10,487.1272727272727
hpmcounter10,jump,seed15,11,491.030303030303
hpmcounter10,jump,seed15,12,494.3272727272727
hpmcounter10,jump,seed15,13,496.3393939393939
hpmcounter10,jump,seed15,14,498.45454545454544
hpmcounter10,jump,seed15,15,500.6363636363636
hpmcounter10,jump,seed15,16,499.8969696969697
hpmcounter10,jump,seed15,17,496.96363636363634
hpmcounter10,jump,seed15,18,492.6121212121212
hpmcounter10,jump,seed15,19,487.6666666666667
hpmcounter10,jump,seed15,20,479.3333333333333
hpmcounter10,jump,seed15,21,471.3333333333333
hpmcounter10,jump,seed15,22,464.3333333333333
hpmcounter10,jump,seed15,23,459.0
hpmcounter10,jump,seed15,24,456.0
hpmcounter10,jump,seed15,25,456.0
hpmcounter10,jump,seed15,26,456.0
hpmcounter10,jump,seed15,27,456.0
hpmcounter10,jump,seed15,28,456.0
hpmcounter10,jump,seed15,29,456.0
hpmcounter10,jump,seed15,30,456.0
hpmcounter10,jump,seed15,31,456.0
hpmcounter10,jump,seed15,32,456.0
hpmcounter10,jump,seed15,33,456.0
hpmcounter10,jump,seed15,34,456.0
hpmcounter10,jump,seed15,35,456.0
hpmcounter10,jump,seed15,36,456.0
hpmcounter10,jump,seed15,37,456.0
hpmcounter10,jump,seed15,38,456.0
hpmcounter10,jump,seed15,39,456.0
hpmcounter10,jump,seed15,40,456.0
hpmcounter10,jump,seed15,41,456.0
hpmcounter10,jump,seed15,42,456.0
hpmcounter10,jump,seed15,43,456.0
hpmcounter10,jump,seed15,44,456.0
hpmcounter10,jump,seed15,45,456.0
hpmcounter10,jump,seed15,46,456.0
hpmcounter10,jump,seed15,47,456.0
hpmcounter10,jump,seed15,48,456.0
hpmcounter10,jump,seed15,49,456.0
hpmcounter10,jump,seed15,50,456.0
hpmcounter10,jump,seed15,51,456.0
hpmcounter10,jump,seed15,52,456.0
hpmcounter10,jump,seed15,53,456.0
hpmcounter10,jump,seed15,54,456.0
hpmcounter10,jump,seed15,55,456.0
hpmcounter10,jump,seed15,56,459.0
hpmcounter10,jump,seed15,57,464.3333333333333
hpmcounter10,jump,seed15,58,468.3333333333333
hpmcounter10,jump,seed15,59,474.0
hpmcounter10,jump,seed15,60,480.6666666666667
hpmcounter10,jump,seed15,61,487.6666666666667
hpmcounter10,jump,seed15,62,494.3333333333333
hpmcounter10,jump,seed15,63,500.0
hpmcounter10,jump,seed15,64,501.0
hpmcounter10,jump,seed15,65,500.3333333333333
hpmcounter10,jump,seed15,66,498.0
hpmcounter10,jump,seed15,67,494.6666666666667
hpmcounter10,jump,seed15,68,487.3333333333333
hpmcounter10,jump,seed15,69,479.6666666666667
hpmcounter10,jump,seed15,70,472.3333333333333
hpmcounter10,jump,seed15,71,466.0
hpmcounter10,jump,seed15,72,461.3333333333333
hpmcounter10,jump,seed15,73,462.0
hpmcounter10,jump,seed15,74,464.3333333333333
hpmcounter10,jump,seed15,75,468.3333333333333
hpmcounter10,jump,seed15,76,471.0
hpmcounter10,jump,seed15,77,472.3333333333333
hpmcounter10,jump,seed15,78,472.3333333333333
hpmcounter10,jump,seed15,79,471.0
hpmcounter10,jump,seed15,80,468.3333333333333
hpmcounter10,jump,seed15,81,464.3333333333333
hpmcounter10,jump,seed15,82,459.0
hpmcounter10,jump,seed15,83,456.0
hpmcounter10,jump,seed15,84,456.0
hpmcounter10,jump,seed15,85,456.0
hpmcounter10,jump,seed15,86,456.0
hpmcounter10,jump,seed15,87,456.0
hpmcounter10,jump,seed15,88,456.0
hpmcounter10,jump,seed15,89,456.0
hpmcounter10,jump,seed15,90,456.0
hpmcounter10,jump,seed15,91,456.0
hpmcounter10,jump,seed15,92,456.0
hpmcounter10,jump,seed15,93,456.0
hpmcounter10,jump,seed15,94,456.0
hpmcounter10,jump,seed15,95,456.0
hpmcounter10,jump,seed15,96,456.0
hpmcounter10,jump,seed15,97,456.0
hpmcounter10,jump,seed15,98,456.0
hpmcounter10,jump,seed15,99,456.0
hpmcounter10,jump,seed15,100,456.0
hpmcounter10,jump,seed15,101,456.0
hpmcounter10,jump,seed15,102,456.0
hpmcounter10,jump,seed15,103,456.0
hpmcounter10,jump,seed15,104,456.0
hpmcounter10,jump,seed15,105,456.0
hpmcounter10,jump,seed15,106,456.0
hpmcounter10,jump,seed15,107,456.0
hpmcounter10,jump,seed15,108,456.0
hpmcounter10,jump,seed15,109,456.0
hpmcounter10,jump,seed15,110,456.0
hpmcounter10,jump,seed15,111,456.0
hpmcounter10,jump,seed15,112,456.0
hpmcounter10,jump,seed15,113,456.0
hpmcounter10,jump,seed15,114,456.0
hpmcounter10,jump,seed15,115,456.0
hpmcounter10,jump,seed15,116,456.0
hpmcounter10,jump,seed15,117,456.0
hpmcounter10,jump,seed15,118,456.0
hpmcounter10,jump,seed15,119,456.0
hpmcounter10,jump,seed15,120,456.0
hpmcounter10,jump,seed15,121,456.0
hpmcounter10,jump,seed15,122,456.0
hpmcounter10,jump,seed15,123,456.0
hpmcounter10,jump,seed15,124,458.94545454545454
hpmcounter10,jump,seed15,125,461.23636363636365
hpmcounter10,jump,seed15,126,462.8727272727273
hpmcounter10,jump,seed15,127,463.8545454545455
hpmcounter10,jump,seed15,128,464.1818181818182
hpmcounter10,jump,seed15,129,463.8545454545455
hpmcounter10,jump,seed15,130,462.8727272727273
hpmcounter10,jump,seed15,131,461.23636363636365
hpmcounter10,jump,seed15,132,458.94545454545454
hpmcounter10,jump,seed15,133,456.0
hpmcounter10,jump,seed15,134,456.0
hpmcounter10,jump,seed15,135,456.0
hpmcounter10,jump,seed15,136,456.0
hpmcounter10,jump,seed15,137,456.0
hpmcounter10,jump,seed15,138,456.0
hpmcounter10,jump,seed15,139,456.0
hpmcounter10,jump,seed15,140,459.0
hpmcounter10,jump,seed15,141,464.3333333333333
hpmcounter10,jump,seed15,142,471.3333333333333
hpmcounter10,jump,seed15,143,479.3333333333333
hpmcounter10,jump,seed15,144,487.6666666666667
hpmcounter10,jump,seed15,145,495.6666666666667
hpmcounter10,jump,seed15,146,502.6666666666667
hpmcounter10,jump,seed15,147,508.0
hpmcounter10,jump,seed15,148,511.0
hpmcounter10,jump,seed15,149,511.0
hpmcounter10,jump,seed15,150,508.0
hpmcounter10,jump,seed15,151,505.6666666666667
hpmcounter10,jump,seed15,152,504.0
hpmcounter10,jump,seed15,153,503.0
hpmcounter10,jump,seed15,154,502.6666666666667
hpmcounter10,jump,seed15,155,503.0
hpmcounter10,jump,seed15,156,504.0
hpmcounter10,jump,seed15,157,505.6666666666667
hpmcounter10,jump,seed15,158,508.0
hpmcounter10,jump,seed15,159,511.0
hpmcounter10,jump,seed15,160,511.0
hpmcounter10,jump,seed15,161,511.0
hpmcounter10,jump,seed15,162,511.0
hpmcounter10,jump,seed15,163,511.0
hpmcounter10,jump,seed15,164,511.0
hpmcounter10,jump,seed15,165,511.0
hpmcounter10,jump,seed15,166,511.0
hpmcounter10,jump,seed15,167,511.0
hpmcounter10,jump,seed15,168,511.0
hpmcounter10,jump,seed15,169,511.0
hpmcounter10,jump,seed15,170,511.0
hpmcounter10,jump,seed15,171,511.0
hpmcounter10,jump,seed15,172,511.0
hpmcounter10,jump,seed15,173,508.0
hpmcounter10,jump,seed15,174,502.6666666666667
hpmcounter10,jump,seed15,175,495.6666666666667
hpmcounter10,jump,seed15,176,487.6666666666667
hpmcounter10,jump,seed15,177,479.3333333333333
hpmcounter10,jump,seed15,178,471.3333333333333
hpmcounter10,jump,seed15,179,464.3333333333333
hpmcounter10,jump,seed15,180,459.0
hpmcounter10,jump,seed15,181,456.0
hpmcounter10,jump,seed15,182,456.0
hpmcounter10,jump,seed15,183,456.0
hpmcounter10,jump,seed15,184,456.0
hpmcounter10,jump,seed15,185,456.0
hpmcounter10,jump,seed15,186,456.0
hpmcounter10,jump,seed15,187,456.0
hpmcounter10,jump,seed15,188,456.0
hpmcounter10,jump,seed15,189,456.0
hpmcounter10,jump,seed15,190,456.0
hpmcounter10,jump,seed15,191,456.0
hpmcounter10,jump,seed15,192,456.0
hpmcounter10,jump,seed15,193,456.0
hpmcounter10,jump,seed15,194,456.0
hpmcounter10,jump,seed15,195,456.0
hpmcounter10,jump,seed15,196,456.0
hpmcounter10,jump,seed15,197,456.0
hpmcounter10,jump,seed15,198,456.0
hpmcounter10,jump,seed15,199,456.0
hpmcounter10,jump,seed15,200,456.0
hpmcounter10,jump,seed15,201,456.0
hpmcounter10,jump,seed15,202,456.0
hpmcounter10,jump,seed15,203,456.0
hpmcounter10,jump,seed15,204,456.0
hpmcounter10,jump,seed15,205,456.0
hpmcounter10,jump,seed15,206,456.0
hpmcounter10,jump,seed15,207,456.0
hpmcounter10,jump,seed15,208,456.0
hpmcounter10,jump,seed15,209,456.0
hpmcounter10,jump,seed15,210,456.0
hpmcounter10,jump,seed15,211,456.0
hpmcounter10,jump,seed15,212,456.0
hpmcounter10,jump,seed15,213,456.0
hpmcounter10,jump,seed15,214,456.0
hpmcounter10,jump,seed15,215,456.0
hpmcounter10,jump,seed15,216,456.0
hpmcounter10,jump,seed15,217,456.0
hpmcounter10,jump,seed15,218,456.0
hpmcounter10,jump,seed15,219,456.0
hpmcounter10,jump,seed15,220,456.0
hpmcounter10,jump,seed15,221,456.0
hpmcounter10,jump,seed15,222,456.0
hpmcounter10,jump,seed15,223,456.0
hpmcounter10,jump,seed15,224,456.0
hpmcounter10,jump,seed15,225,456.0
hpmcounter10,jump,seed15,226,456.0
hpmcounter10,jump,seed15,227,456.0
hpmcounter10,jump,seed15,228,456.0
hpmcounter10,jump,seed15,229,456.0
hpmcounter10,jump,seed15,230,456.0
hpmcounter10,jump,seed15,231,456.0
hpmcounter10,jump,seed15,232,456.0
hpmcounter10,jump,seed15,233,456.0
hpmcounter10,jump,seed15,234,456.0
hpmcounter10,jump,seed15,235,456.0
hpmcounter10,jump,seed15,236,456.0
hpmcounter10,jump,seed15,237,456.0
hpmcounter10,jump,seed15,238,456.0
hpmcounter10,jump,seed15,239,456.0
hpmcounter10,jump,seed15,240,456.0
hpmcounter10,jump,seed15,241,456.0
hpmcounter10,jump,seed15,242,456.0
hpmcounter10,jump,seed15,243,456.0
hpmcounter10,jump,seed15,244,456.0
hpmcounter10,jump,seed15,245,456.0
hpmcounter10,jump,seed15,246,456.0
hpmcounter10,jump,seed15,247,456.0
hpmcounter10,jump,seed15,248,456.0
hpmcounter10,jump,seed15,249,456.0
hpmcounter10,jump,seed15,250,456.0
hpmcounter10,jump,seed15,251,456.0
hpmcounter10,jump,seed15,252,456.0
hpmcounter10,jump,seed15,253,456.0
hpmcounter10,jump,seed15,254,456.0
hpmcounter10,jump,seed15,255,456.0
hpmcounter10,jump,seed15,256,456.0
hpmcounter10,jump,seed15,257,456.0
hpmcounter10,jump,seed15,258,456.0
hpmcounter10,jump,seed15,259,456.0
hpmcounter10,jump,seed15,260,456.0
hpmcounter10,jump,seed15,261,456.0
hpmcounter10,jump,seed15,262,456.0
hpmcounter10,jump,seed15,263,456.0
hpmcounter10,jump,seed15,264,456.0
hpmcounter10,jump,seed15,265,456.0
hpmcounter10,jump,seed15,266,456.0
hpmcounter10,jump,seed15,267,456.0
hpmcounter10,jump,seed15,268,456.0
hpmcounter10,jump,seed15,269,456.0
hpmcounter10,jump,seed15,270,456.0
hpmcounter10,jump,seed15,271,456.0
hpmcounter10,jump,seed15,272,456.0
hpmcounter10,jump,seed15,273,456.0
hpmcounter10,jump,seed15,274,456.0
hpmcounter10,jump,seed15,275,456.0
hpmcounter10,jump,seed15,276,456.0
hpmcounter10,jump,seed15,277,456.0
hpmcounter10,jump,seed15,278,456.0
hpmcounter10,jump,seed15,279,456.0
hpmcounter10,jump,seed15,280,456.0
hpmcounter10,jump,seed15,281,456.0
hpmcounter10,jump,seed15,282,456.0
hpmcounter10,jump,seed15,283,456.0
hpmcounter10,jump,seed15,284,456.0
hpmcounter10,jump,seed15,285,456.0
hpmcounter10,jump,seed15,286,456.0
hpmcounter10,jump,seed15,287,456.0
hpmcounter10,jump,seed15,288,456.0
hpmcounter10,jump,seed15,289,456.0
hpmcounter10,jump,seed15,290,456.0
hpmcounter10,jump,seed15,291,456.0
hpmcounter10,jump,seed15,292,456.0
hpmcounter10,jump,seed15,293,456.0
hpmcounter10,jump,seed15,294,456.0
hpmcounter10,jump,seed15,295,456.0
hpmcounter10,jump,seed15,296,456.0
hpmcounter10,jump,seed15,297,456.0
hpmcounter10,jump,seed15,298,456.0
hpmcounter10,jump,seed16,9,455.0
hpmcounter10,jump,seed16,10,455.0
hpmcounter10,jump,seed16,11,455.05454545454546
hpmcounter10,jump,seed16,12,455.1515151515151
hpmcounter10,jump,seed16,13,455.27878787878785
hpmcounter10,jump,seed16,14,455.42424242424244
hpmcounter10,jump,seed16,15,455.57575757575756
hpmcounter10,jump,seed16,16,455.72121212121215
hpmcounter10,jump,seed16,17,455.8484848484849
hpmcounter10,jump,seed16,18,455.94545454545454
hpmcounter10,jump,seed16,19,456.0
hpmcounter10,jump,seed16,20,456.0
hpmcounter10,jump,seed16,21,456.0
hpmcounter10,jump,seed16,22,456.0
hpmcounter10,jump,seed16,23,456.0
hpmcounter10,jump,seed16,24,456.0
hpmcounter10,jump,seed16,25,456.0
hpmcounter10,jump,seed16,26,456.0
hpmcounter10,jump,seed16,27,456.0
hpmcounter10,jump,seed16,28,456.0
hpmcounter10,jump,seed16,29,456.0
hpmcounter10,jump,seed16,30,456.0
hpmcounter10,jump,seed16,31,456.0
hpmcounter10,jump,seed16,32,456.0
hpmcounter10,jump,seed16,33,456.0
hpmcounter10,jump,seed16,34,456.0
hpmcounter10,jump,seed16,35,456.0
hpmcounter10,jump,seed16,36,456.0
hpmcounter10,jump,seed16,37,456.0
hpmcounter10,jump,seed16,38,456.0
hpmcounter10,jump,seed16,39,456.0
hpmcounter10,jump,seed16,40,456.0
hpmcounter10,jump,seed16,41,456.0
hpmcounter10,jump,seed16,42,456.0
hpmcounter10,jump,seed16,43,456.0
hpmcounter10,jump,seed16,44,456.0
hpmcounter10,jump,seed16,45,456.0
hpmcounter10,jump,seed16,46,456.0
hpmcounter10,jump,seed16,47,456.0
hpmcounter10,jump,seed16,48,456.0
hpmcounter10,jump,seed16,49,456.0
hpmcounter10,jump,seed16,50,456.0
hpmcounter10,jump,seed16,51,456.0
hpmcounter10,jump,seed16,52,456.0
hpmcounter10,jump,seed16,53,456.0
hpmcounter10,jump,seed16,54,456.0
hpmcounter10,jump,seed16,55,456.0
hpmcounter10,jump,seed16,56,456.0
hpmcounter10,jump,seed16,57,456.0
hpmcounter10,jump,seed16,58,456.0
hpmcounter10,jump,seed16,59,456.0
hpmcounter10,jump,seed16,60,456.0
hpmcounter10,jump,seed16,61,456.0
hpmcounter10,jump,seed16,62,456.0
hpmcounter10,jump,seed16,63,456.0
hpmcounter10,jump,seed16,64,456.0
hpmcounter10,jump,seed16,65,456.0
hpmcounter10,jump,seed16,66,456.0
hpmcounter10,jump,seed16,67,456.0
hpmcounter10,jump,seed16,68,456.0
hpmcounter10,jump,seed16,69,456.0
hpmcounter10,jump,seed16,70,456.0
hpmcounter10,jump,seed16,71,456.0
hpmcounter10,jump,seed16,72,456.0
hpmcounter10,jump,seed16,73,456.0
hpmcounter10,jump,seed16,74,456.0
hpmcounter10,jump,seed16,75,456.0
hpmcounter10,jump,seed16,76,456.0
hpmcounter10,jump,seed16,77,456.0
hpmcounter10,jump,seed16,78,456.0
hpmcounter10,jump,seed16,79,456.0
hpmcounter10,jump,seed16,80,456.0
hpmcounter10,jump,seed16,81,456.0
hpmcounter10,jump,seed16,82,456.0
hpmcounter10,jump,seed16,83,456.0
hpmcounter10,jump,seed16,84,456.0
hpmcounter10,jump,seed16,85,456.0
hpmcounter10,jump,seed16,86,456.0
hpmcounter10,jump,seed16,87,456.0
hpmcounter10,jump,seed16,88,456.0
hpmcounter10,jump,seed16,89,456.0
hpmcounter10,jump,seed16,90,456.0
hpmcounter10,jump,seed16,91,456.0
hpmcounter10,jump,seed16,92,456.0
hpmcounter10,jump,seed16,93,456.0
hpmcounter10,jump,seed16,94,456.0
hpmcounter10,jump,seed16,95,456.0
hpmcounter10,jump,seed16,96,456.0
hpmcounter10,jump,seed16,97,456.0
hpmcounter10,jump,seed16,98,456.0
hpmcounter10,jump,seed16,99,456.0
hpmcounter10,jump,seed16,100,456.0
hpmcounter10,jump,seed16,101,456.0
hpmcounter10,jump,seed16,102,456.0
hpmcounter10,jump,seed16,103,456.0
hpmcounter10,jump,seed16,104,456.0
hpmcounter10,jump,seed16,105,456.0
hpmcounter10,jump,seed16,106,456.0
hpmcounter10,jump,seed16,107,456.0
hpmcounter10,jump,seed16,108,456.0
hpmcounter10,jump,seed16,109,456.0
hpmcounter10,jump,seed16,110,456.0
hpmcounter10,jump,seed16,111,456.0
hpmcounter10,jump,seed16,112,456.0
hpmcounter10,jump,seed16,113,456.0
hpmcounter10,jump,seed16,114,456.0
hpmcounter10,jump,seed16,115,456.0
hpmcounter10,jump,seed16,116,456.0
hpmcounter10,jump,seed16,117,459.0
hpmcounter10,jump,seed16,118,461.3333333333333
hpmcounter10,jump,seed16,119,463.0
hpmcounter10,jump,seed16,120,464.0
hpmcounter10,jump,seed16,121,464.3333333333333
hpmcounter10,jump,seed16,122,464.0
hpmcounter10,jump,seed16,123,463.0
hpmcounter10,jump,seed16,124,461.3333333333333
hpmcounter10,jump,seed16,125,459.0
hpmcounter10,jump,seed16,126,456.0
hpmcounter10,jump,seed16,127,456.0
hpmcounter10,jump,seed16,128,456.0
hpmcounter10,jump,seed16,129,456.0
hpmcounter10,jump,seed16,130,456.0
hpmcounter10,jump,seed16,131,456.0
hpmcounter10,jump,seed16,132,456.0
hpmcounter10,jump,seed16,133,456.0
hpmcounter10,jump,seed16,134,456.0
hpmcounter10,jump,seed16,135,456.0
hpmcounter10,jump,seed16,136,456.0
hpmcounter10,jump,seed16,137,456.0
hpmcounter10,jump,seed16,138,456.0
hpmcounter10,jump,seed16,139,456.0
hpmcounter10,jump,seed16,140,456.0
hpmcounter10,jump,seed16,141,456.0
hpmcounter10,jump,seed16,142,456.0
hpmcounter10,jump,seed16,143,456.0
hpmcounter10,jump,seed16,144,456.0
hpmcounter10,jump,seed16,145,456.0
hpmcounter10,jump,seed16,146,459.0
hpmcounter10,jump,seed16,147,464.3333333333333
hpmcounter10,jump,seed16,148,471.3333333333333
hpmcounter10,jump,seed16,149,479.3333333333333
hpmcounter10,jump,seed16,150,487.6666666666667
hpmcounter10,jump,seed16,151,495.6666666666667
hpmcounter10,jump,seed16,152,502.6666666666667
hpmcounter10,jump,seed16,153,508.0
hpmcounter10,jump,seed16,154,511.0
hpmcounter10,jump,seed16,155,511.0
hpmcounter10,jump,seed16,156,511.0
hpmcounter10,jump,seed16,157,511.0
hpmcounter10,jump,seed16,158,511.0
hpmcounter10,jump,seed16,159,511.0
hpmcounter10,jump,seed16,160,510.94545454545454
hpmcounter10,jump,seed16,161,510.8484848484849
hpmcounter10,jump,seed16,162,510.77575757575755
hpmcounter10,jump,seed16,163,510.72727272727275
hpmcounter10,jump,seed16,164,510.7030303030303
hpmcounter10,jump,seed16,165,510.7030303030303
hpmcounter10,jump,seed16,166,510.72727272727275
hpmcounter10,jump,seed16,167,510.77575757575755
hpmcounter10,jump,seed16,168,510.8484848484849
hpmcounter10,jump,seed16,169,510.94545454545454
hpmcounter10,jump,seed16,170,510.94545454545454
hpmcounter10,jump,seed16,171,507.9030303030303
hpmcounter10,jump,seed16,172,502.53939393939396
hpmcounter10,jump,seed16,173,495.5212121212121
hpmcounter10,jump,seed16,174,487.5151515151515
hpmcounter10,jump,seed16,175,479.1878787878788
hpmcounter10,jump,seed16,176,471.2060606060606
hpmcounter10,jump,seed16,177,464.23636363636365
hpmcounter10,jump,seed16,178,458.94545454545454
hpmcounter10,jump,seed16,179,456.0
hpmcounter10,jump,seed16,180,456.0
hpmcounter10,jump,seed16,181,456.0
hpmcounter10,jump,seed16,182,456.0
hpmcounter10,jump,seed16,183,456.0
hpmcounter10,jump,seed16,184,456.0
hpmcounter10,jump,seed16,185,456.0
hpmcounter10,jump,seed16,186,456.0
hpmcounter10,jump,seed16,187,456.0
hpmcounter10,jump,seed16,188,456.0
hpmcounter10,jump,seed16,189,456.0
hpmcounter10,jump,seed16,190,456.0
hpmcounter10,jump,seed16,191,456.0
hpmcounter10,jump,seed16,192,456.0
hpmcounter10,jump,seed16,193,456.0
hpmcounter10,jump,seed16,194,456.0
hpmcounter10,jump,seed16,195,456.0
hpmcounter10,jump,seed16,196,456.0
hpmcounter10,jump,seed16,197,456.0
hpmcounter10,jump,seed16,198,456.0
hpmcounter10,jump,seed16,199,456.0
hpmcounter10,jump,seed16,200,456.0
hpmcounter10,jump,seed16,201,456.0
hpmcounter10,jump,seed16,202,456.0
hpmcounter10,jump,seed16,203,456.0
hpmcounter10,jump,seed16,204,456.0
hpmcounter10,jump,seed16,205,456.0
hpmcounter10,jump,seed16,206,456.0
hpmcounter10,jump,seed16,207,456.0
hpmcounter10,jump,seed16,208,456.0
hpmcounter10,jump,seed16,209,456.0
hpmcounter10,jump,seed16,210,456.0
hpmcounter10,jump,seed16,211,456.0
hpmcounter10,jump,seed16,212,456.0
hpmcounter10,jump,seed16,213,456.0
hpmcounter10,jump,seed16,214,456.0
hpmcounter10,jump,seed16,215,456.0
hpmcounter10,jump,seed16,216,456.0
hpmcounter10,jump,seed16,217,456.0
hpmcounter10,jump,seed16,218,456.0
hpmcounter10,jump,seed16,219,456.0
hpmcounter10,jump,seed16,220,456.0
hpmcounter10,jump,seed16,221,456.0
hpmcounter10,jump,seed16,222,456.0
hpmcounter10,jump,seed16,223,456.0
hpmcounter10,jump,seed16,224,456.0
hpmcounter10,jump,seed16,225,456.0
hpmcounter10,jump,seed16,226,456.0
hpmcounter10,jump,seed16,227,456.0
hpmcounter10,jump,seed16,228,456.0
hpmcounter10,jump,seed16,229,456.0
hpmcounter10,jump,seed16,230,456.0
hpmcounter10,jump,seed16,231,456.0
hpmcounter10,jump,seed16,232,456.0
hpmcounter10,jump,seed16,233,456.0
hpmcounter10,jump,seed16,234,456.0
hpmcounter10,jump,seed16,235,456.0
hpmcounter10,jump,seed16,236,456.0
hpmcounter10,jump,seed16,237,456.0
hpmcounter10,jump,seed16,238,456.0
hpmcounter10,jump,seed16,239,456.0
hpmcounter10,jump,seed16,240,456.0
hpmcounter10,jump,seed16,241,456.0
hpmcounter10,jump,seed16,242,456.0
hpmcounter10,jump,seed16,243,456.0
hpmcounter10,jump,seed16,244,456.0
hpmcounter10,jump,seed16,245,456.0
hpmcounter10,jump,seed16,246,456.0
hpmcounter10,jump,seed16,247,456.0
hpmcounter10,jump,seed16,248,456.0
hpmcounter10,jump,seed16,249,456.0
hpmcounter10,jump,seed16,250,456.0
hpmcounter10,jump,seed16,251,456.0
hpmcounter10,jump,seed16,252,456.0
hpmcounter10,jump,seed16,253,456.0
hpmcounter10,jump,seed16,254,456.0
hpmcounter10,jump,seed16,255,456.0
hpmcounter10,jump,seed16,256,456.0
hpmcounter10,jump,seed16,257,456.0
hpmcounter10,jump,seed16,258,456.0
hpmcounter10,jump,seed16,259,459.0
hpmcounter10,jump,seed16,260,461.3333333333333
hpmcounter10,jump,seed16,261,466.0
hpmcounter10,jump,seed16,262,469.3333333333333
hpmcounter10,jump,seed16,263,471.3333333333333
hpmcounter10,jump,seed16,264,475.0
hpmcounter10,jump,seed16,265,479.6666666666667
hpmcounter10,jump,seed16,266,484.6666666666667
hpmcounter10,jump,seed16,267,489.3333333333333
hpmcounter10,jump,seed16,268,493.0
hpmcounter10,jump,seed16,269,495.6666666666667
hpmcounter10,jump,seed16,270,494.3333333333333
hpmcounter10,jump,seed16,271,492.6666666666667
hpmcounter10,jump,seed16,272,487.6666666666667
hpmcounter10,jump,seed16,273,479.3333333333333
hpmcounter10,jump,seed16,274,471.3333333333333
hpmcounter10,jump,seed16,275,464.3333333333333
hpmcounter10,jump,seed16,276,459.0
hpmcounter10,jump,seed16,277,456.0
hpmcounter10,jump,seed16,278,456.0
hpmcounter10,jump,seed16,279,456.0
hpmcounter10,jump,seed16,280,456.0
hpmcounter10,jump,seed16,281,456.0
hpmcounter10,jump,seed16,282,456.0
hpmcounter10,jump,seed16,283,456.0
hpmcounter10,jump,seed16,284,456.0
hpmcounter10,jump,seed16,285,456.0
hpmcounter10,jump,seed16,286,456.0
hpmcounter10,jump,seed16,287,456.0
hpmcounter10,jump,seed16,288,456.0
hpmcounter10,jump,seed16,289,456.0
hpmcounter10,jump,seed16,290,456.0
hpmcounter10,jump,seed16,291,456.0
hpmcounter10,jump,seed16,292,456.0
hpmcounter10,jump,seed16,293,456.0
hpmcounter10,jump,seed16,294,456.0
hpmcounter10,jump,seed16,295,456.0
hpmcounter10,jump,seed16,296,456.0
hpmcounter10,jump,seed16,297,456.0
hpmcounter10,jump,seed16,298,456.0
hpmcounter10,jump,seed17,9,465.030303030303
hpmcounter10,jump,seed17,10,467.23636363636365
hpmcounter10,jump,seed17,11,471.4060606060606
hpmcounter10,jump,seed17,12,476.8606060606061
hpmcounter10,jump,seed17,13,482.92121212121214
hpmcounter10,jump,seed17,14,488.90909090909093
hpmcounter10,jump,seed17,15,494.1454545454545
hpmcounter10,jump,seed17,16,497.95151515151514
hpmcounter10,jump,seed17,17,502.5151515151515
hpmcounter10,jump,seed17,18,507.94545454545454
hpmcounter10,jump,seed17,19,511.0
hpmcounter10,jump,seed17,20,511.0
hpmcounter10,jump,seed17,21,511.0
hpmcounter10,jump,seed17,22,511.0
hpmcounter10,jump,seed17,23,508.0
hpmcounter10,jump,seed17,24,502.6666666666667
hpmcounter10,jump,seed17,25,495.6666666666667
hpmcounter10,jump,seed17,26,487.6666666666667
hpmcounter10,jump,seed17,27,479.3333333333333
hpmcounter10,jump,seed17,28,471.3333333333333
hpmcounter10,jump,seed17,29,464.3333333333333
hpmcounter10,jump,seed17,30,459.0
hpmcounter10,jump,seed17,31,456.0
hpmcounter10,jump,seed17,32,456.0
hpmcounter10,jump,seed17,33,456.0
hpmcounter10,jump,seed17,34,456.0
hpmcounter10,jump,seed17,35,456.0
hpmcounter10,jump,seed17,36,456.0
hpmcounter10,jump,seed17,37,456.0
hpmcounter10,jump,seed17,38,456.0
hpmcounter10,jump,seed17,39,456.0
hpmcounter10,jump,seed17,40,456.0
hpmcounter10,jump,seed17,41,456.0
hpmcounter10,jump,seed17,42,456.0
hpmcounter10,jump,seed17,43,456.0
hpmcounter10,jump,seed17,44,456.0
hpmcounter10,jump,seed17,45,456.0
hpmcounter10,jump,seed17,46,456.0
hpmcounter10,jump,seed17,47,456.0
hpmcounter10,jump,seed17,48,456.0
hpmcounter10,jump,seed17,49,456.0
hpmcounter10,jump,seed17,50,456.0
hpmcounter10,jump,seed17,51,456.0
hpmcounter10,jump,seed17,52,456.0
hpmcounter10,jump,seed17,53,456.0
hpmcounter10,jump,seed17,54,456.0
hpmcounter10,jump,seed17,55,456.0
hpmcounter10,jump,seed17,56,456.0
hpmcounter10,jump,seed17,57,456.0
hpmcounter10,jump,seed17,58,456.0
hpmcounter10,jump,seed17,59,456.0
hpmcounter10,jump,seed17,60,456.0
hpmcounter10,jump,seed17,61,456.0
hpmcounter10,jump,seed17,62,456.0
hpmcounter10,jump,seed17,63,456.0
hpmcounter10,jump,seed17,64,456.0
hpmcounter10,jump,seed17,65,456.0
hpmcounter10,jump,seed17,66,456.0
hpmcounter10,jump,seed17,67,456.0
hpmcounter10,jump,seed17,68,456.0
hpmcounter10,jump,seed17,69,456.0
hpmcounter10,jump,seed17,70,456.0
hpmcounter10,jump,seed17,71,456.0
hpmcounter10,jump,seed17,72,456.0
hpmcounter10,jump,seed17,73,456.0
hpmcounter10,jump,seed17,74,456.0
hpmcounter10,jump,seed17,75,456.0
hpmcounter10,jump,seed17,76,456.0
hpmcounter10,jump,seed17,77,456.0
hpmcounter10,jump,seed17,78,456.0
hpmcounter10,jump,seed17,79,456.0
hpmcounter10,jump,seed17,80,456.0
hpmcounter10,jump,seed17,81,456.0
hpmcounter10,jump,seed17,82,456.0
hpmcounter10,jump,seed17,83,456.0
hpmcounter10,jump,seed17,84,456.0
hpmcounter10,jump,seed17,85,456.0
hpmcounter10,jump,seed17,86,456.0
hpmcounter10,jump,seed17,87,456.0
hpmcounter10,jump,seed17,88,456.0
hpmcounter10,jump,seed17,89,456.0
hpmcounter10,jump,seed17,90,456.0
hpmcounter10,jump,seed17,91,456.0
hpmcounter10,jump,seed17,92,456.0
hpmcounter10,jump,seed17,93,456.0
hpmcounter10,jump,seed17,94,456.0
hpmcounter10,jump,seed17,95,456.0
hpmcounter10,jump,seed17,96,456.0
hpmcounter10,jump,seed17,97,456.0
hpmcounter10,jump,seed17,98,456.0
hpmcounter10,jump,seed17,99,456.0
hpmcounter10,jump,seed17,100,456.0
hpmcounter10,jump,seed17,101,456.0
hpmcounter10,jump,seed17,102,456.0
hpmcounter10,jump,seed17,103,456.0
hpmcounter10,jump,seed17,104,456.0
hpmcounter10,jump,seed17,105,456.0
hpmcounter10,jump,seed17,106,456.0
hpmcounter10,jump,seed17,107,456.0
hpmcounter10,jump,seed17,108,456.0
hpmcounter10,jump,seed17,109,456.0
hpmcounter10,jump,seed17,110,456.0
hpmcounter10,jump,seed17,111,456.0
hpmcounter10,jump,seed17,112,456.0
hpmcounter10,jump,seed17,113,456.0
hpmcounter10,jump,seed17,114,456.0
hpmcounter10,jump,seed17,115,456.0
hpmcounter10,jump,seed17,116,456.0
hpmcounter10,jump,seed17,117,456.0
hpmcounter10,jump,seed17,118,456.0
hpmcounter10,jump,seed17,119,456.0
hpmcounter10,jump,seed17,120,456.0
hpmcounter10,jump,seed17,121,456.0
hpmcounter10,jump,seed17,122,456.0
hpmcounter10,jump,seed17,123,456.0
hpmcounter10,jump,seed17,124,456.0
hpmcounter10,jump,seed17,125,456.0
hpmcounter10,jump,seed17,126,456.0
hpmcounter10,jump,seed17,127,456.0
hpmcounter10,jump,seed17,128,456.0
hpmcounter10,jump,seed17,129,456.0
hpmcounter10,jump,seed17,130,456.0
hpmcounter10,jump,seed17,131,456.0
hpmcounter10,jump,seed17,132,456.0
hpmcounter10,jump,seed17,133,456.0
hpmcounter10,jump,seed17,134,456.0
hpmcounter10,jump,seed17,135,456.0
hpmcounter10,jump,seed17,136,456.0
hpmcounter10,jump,seed17,137,456.0
hpmcounter10,jump,seed17,138,456.0
hpmcounter10,jump,seed17,139,456.0
hpmcounter10,jump,seed17,140,456.0
hpmcounter10,jump,seed17,141,456.0
hpmcounter10,jump,seed17,142,456.0
hpmcounter10,jump,seed17,143,456.0
hpmcounter10,jump,seed17,144,456.0
hpmcounter10,jump,seed17,145,456.0
hpmcounter10,jump,seed17,146,456.0
hpmcounter10,jump,seed17,147,456.0
hpmcounter10,jump,seed17,148,456.0
hpmcounter10,jump,seed17,149,456.0
hpmcounter10,jump,seed17,150,456.0
hpmcounter10,jump,seed17,151,459.0
hpmcounter10,jump,seed17,152,464.3333333333333
hpmcounter10,jump,seed17,153,471.3333333333333
hpmcounter10,jump,seed17,154,479.3333333333333
hpmcounter10,jump,seed17,155,487.6666666666667
hpmcounter10,jump,seed17,156,495.6666666666667
hpmcounter10,jump,seed17,157,502.6666666666667
hpmcounter10,jump,seed17,158,508.0
hpmcounter10,jump,seed17,159,511.0
hpmcounter10,jump,seed17,160,511.0
hpmcounter10,jump,seed17,161,510.94545454545454
hpmcounter10,jump,seed17,162,510.9030303030303
hpmcounter10,jump,seed17,163,510.8727272727273
hpmcounter10,jump,seed17,164,510.8545454545455
hpmcounter10,jump,seed17,165,510.8484848484849
hpmcounter10,jump,seed17,166,510.8545454545455
hpmcounter10,jump,seed17,167,510.8727272727273
hpmcounter10,jump,seed17,168,510.8484848484849
hpmcounter10,jump,seed17,169,507.8484848484849
hpmcounter10,jump,seed17,170,502.53939393939396
hpmcounter10,jump,seed17,171,495.5212121212121
hpmcounter10,jump,seed17,172,487.5151515151515
hpmcounter10,jump,seed17,173,479.1878787878788
hpmcounter10,jump,seed17,174,471.2060606060606
hpmcounter10,jump,seed17,175,464.23636363636365
hpmcounter10,jump,seed17,176,458.94545454545454
hpmcounter10,jump,seed17,177,456.0
hpmcounter10,jump,seed17,178,456.0
hpmcounter10,jump,seed17,179,456.0
hpmcounter10,jump,seed17,180,456.0
hpmcounter10,jump,seed17,181,456.0
hpmcounter10,jump,seed17,182,456.0
hpmcounter10,jump,seed17,183,456.0
hpmcounter10,jump,seed17,184,456.0
hpmcounter10,jump,seed17,185,456.0
hpmcounter10,jump,seed17,186,456.0
hpmcounter10,jump,seed17,187,456.0
hpmcounter10,jump,seed17,188,456.0
hpmcounter10,jump,seed17,189,456.0
hpmcounter10,jump,seed17,190,456.0
hpmcounter10,jump,seed17,191,456.0
hpmcounter10,jump,seed17,192,456.0
hpmcounter10,jump,seed17,193,456.0
hpmcounter10,jump,seed17,194,456.0
hpmcounter10,jump,seed17,195,456.0
hpmcounter10,jump,seed17,196,456.0
hpmcounter10,jump,seed17,197,456.0
hpmcounter10,jump,seed17,198,456.0
hpmcounter10,jump,seed17,199,456.0
hpmcounter10,jump,seed17,200,456.0
hpmcounter10,jump,seed17,201,456.0
hpmcounter10,jump,seed17,202,456.0
hpmcounter10,jump,seed17,203,456.0
hpmcounter10,jump,seed17,204,456.0
hpmcounter10,jump,seed17,205,456.0
hpmcounter10,jump,seed17,206,456.0
hpmcounter10,jump,seed17,207,456.0
hpmcounter10,jump,seed17,208,456.0
hpmcounter10,jump,seed17,209,456.0
hpmcounter10,jump,seed17,210,456.0
hpmcounter10,jump,seed17,211,456.0
hpmcounter10,jump,seed17,212,456.0
hpmcounter10,jump,seed17,213,456.0
hpmcounter10,jump,seed17,214,456.0
hpmcounter10,jump,seed17,215,456.0
hpmcounter10,jump,seed17,216,456.0
hpmcounter10,jump,seed17,217,456.0
hpmcounter10,jump,seed17,218,456.0
hpmcounter10,jump,seed17,219,456.0
hpmcounter10,jump,seed17,220,456.0
hpmcounter10,jump,seed17,221,456.0
hpmcounter10,jump,seed17,222,456.0
hpmcounter10,jump,seed17,223,456.0
hpmcounter10,jump,seed17,224,456.0
hpmcounter10,jump,seed17,225,456.0
hpmcounter10,jump,seed17,226,456.0
hpmcounter10,jump,seed17,227,456.0
hpmcounter10,jump,seed17,228,456.0
hpmcounter10,jump,seed17,229,456.0
hpmcounter10,jump,seed17,230,456.0
hpmcounter10,jump,seed17,231,456.0
hpmcounter10,jump,seed17,232,456.0
hpmcounter10,jump,seed17,233,456.0
hpmcounter10,jump,seed17,234,456.0
hpmcounter10,jump,seed17,235,456.0
hpmcounter10,jump,seed17,236,456.0
hpmcounter10,jump,seed17,237,456.0
hpmcounter10,jump,seed17,238,456.0
hpmcounter10,jump,seed17,239,456.0
hpmcounter10,jump,seed17,240,456.0
hpmcounter10,jump,seed17,241,456.0
hpmcounter10,jump,seed17,242,456.0
hpmcounter10,jump,seed17,243,456.0
hpmcounter10,jump,seed17,244,456.0
hpmcounter10,jump,seed17,245,456.0
hpmcounter10,jump,seed17,246,456.0
hpmcounter10,jump,seed17,247,456.0
hpmcounter10,jump,seed17,248,456.0
hpmcounter10,jump,seed17,249,456.0
hpmcounter10,jump,seed17,250,456.0
hpmcounter10,jump,seed17,251,456.0
hpmcounter10,jump,seed17,252,456.0
hpmcounter10,jump,seed17,253,456.0
hpmcounter10,jump,seed17,254,456.0
hpmcounter10,jump,seed17,255,456.0
hpmcounter10,jump,seed17,256,456.0
hpmcounter10,jump,seed17,257,456.0
hpmcounter10,jump,seed17,258,456.0
hpmcounter10,jump,seed17,259,456.0
hpmcounter10,jump,seed17,260,456.0
hpmcounter10,jump,seed17,261,456.0
hpmcounter10,jump,seed17,262,456.0
hpmcounter10,jump,seed17,263,456.0
hpmcounter10,jump,seed17,264,456.0
hpmcounter10,jump,seed17,265,456.0
hpmcounter10,jump,seed17,266,456.0
hpmcounter10,jump,seed17,267,456.0
hpmcounter10,jump,seed17,268,456.0
hpmcounter10,jump,seed17,269,456.0
hpmcounter10,jump,seed17,270,456.0
hpmcounter10,jump,seed17,271,456.0
hpmcounter10,jump,seed17,272,456.0
hpmcounter10,jump,seed17,273,456.0
hpmcounter10,jump,seed17,274,456.0
hpmcounter10,jump,seed17,275,456.0
hpmcounter10,jump,seed17,276,456.0
hpmcounter10,jump,seed17,277,456.0
hpmcounter10,jump,seed17,278,456.0
hpmcounter10,jump,seed17,279,456.0
hpmcounter10,jump,seed17,280,456.0
hpmcounter10,jump,seed17,281,456.0
hpmcounter10,jump,seed17,282,456.0
hpmcounter10,jump,seed17,283,456.0
hpmcounter10,jump,seed17,284,456.0
hpmcounter10,jump,seed17,285,456.0
hpmcounter10,jump,seed17,286,456.0
hpmcounter10,jump,seed17,287,456.0
hpmcounter10,jump,seed17,288,456.0
hpmcounter10,jump,seed17,289,456.0
hpmcounter10,jump,seed17,290,456.0
hpmcounter10,jump,seed17,291,456.0
hpmcounter10,jump,seed17,292,456.0
hpmcounter10,jump,seed17,293,456.0
hpmcounter10,jump,seed17,294,456.0
hpmcounter10,jump,seed17,295,456.0
hpmcounter10,jump,seed17,296,456.0
hpmcounter10,jump,seed17,297,456.0
hpmcounter10,jump,seed17,298,456.0
hpmcounter10,jump,seed18,9,455.0
hpmcounter10,jump,seed18,10,455.0
hpmcounter10,jump,seed18,11,455.05454545454546
hpmcounter10,jump,seed18,12,455.1515151515151
hpmcounter10,jump,seed18,13,455.27878787878785
hpmcounter10,jump,seed18,14,455.42424242424244
hpmcounter10,jump,seed18,15,455.57575757575756
hpmcounter10,jump,seed18,16,455.72121212121215
hpmcounter10,jump,seed18,17,455.8484848484849
hpmcounter10,jump,seed18,18,455.94545454545454
hpmcounter10,jump,seed18,19,456.0
hpmcounter10,jump,seed18,20,456.0
hpmcounter10,jump,seed18,21,456.0
hpmcounter10,jump,seed18,22,456.0
hpmcounter10,jump,seed18,23,456.0
hpmcounter10,jump,seed18,24,456.0
hpmcounter10,jump,seed18,25,456.0
hpmcounter10,jump,seed18,26,456.0
hpmcounter10,jump,seed18,27,456.0
hpmcounter10,jump,seed18,28,456.0
hpmcounter10,jump,seed18,29,456.0
hpmcounter10,jump,seed18,30,456.0
hpmcounter10,jump,seed18,31,456.0
hpmcounter10,jump,seed18,32,456.0
hpmcounter10,jump,seed18,33,456.0
hpmcounter10,jump,seed18,34,456.0
hpmcounter10,jump,seed18,35,456.0
hpmcounter10,jump,seed18,36,456.0
hpmcounter10,jump,seed18,37,456.0
hpmcounter10,jump,seed18,38,456.0
hpmcounter10,jump,seed18,39,456.0
hpmcounter10,jump,seed18,40,456.0
hpmcounter10,jump,seed18,41,456.0
hpmcounter10,jump,seed18,42,456.0
hpmcounter10,jump,seed18,43,456.0
hpmcounter10,jump,seed18,44,456.0
hpmcounter10,jump,seed18,45,456.0
hpmcounter10,jump,seed18,46,456.0
hpmcounter10,jump,seed18,47,456.0
hpmcounter10,jump,seed18,48,456.0
hpmcounter10,jump,seed18,49,456.0
hpmcounter10,jump,seed18,50,456.0
hpmcounter10,jump,seed18,51,456.0
hpmcounter10,jump,seed18,52,456.0
hpmcounter10,jump,seed18,53,456.0
hpmcounter10,jump,seed18,54,456.0
hpmcounter10,jump,seed18,55,456.0
hpmcounter10,jump,seed18,56,456.0
hpmcounter10,jump,seed18,57,456.0
hpmcounter10,jump,seed18,58,456.0
hpmcounter10,jump,seed18,59,456.0
hpmcounter10,jump,seed18,60,456.0
hpmcounter10,jump,seed18,61,456.0
hpmcounter10,jump,seed18,62,456.0
hpmcounter10,jump,seed18,63,456.0
hpmcounter10,jump,seed18,64,456.0
hpmcounter10,jump,seed18,65,456.0
hpmcounter10,jump,seed18,66,456.0
hpmcounter10,jump,seed18,67,456.0
hpmcounter10,jump,seed18,68,456.0
hpmcounter10,jump,seed18,69,456.0
hpmcounter10,jump,seed18,70,456.0
hpmcounter10,jump,seed18,71,456.0
hpmcounter10,jump,seed18,72,456.0
hpmcounter10,jump,seed18,73,456.0
hpmcounter10,jump,seed18,74,456.0
hpmcounter10,jump,seed18,75,456.0
hpmcounter10,jump,seed18,76,456.0
hpmcounter10,jump,seed18,77,456.0
hpmcounter10,jump,seed18,78,456.0
hpmcounter10,jump,seed18,79,456.0
hpmcounter10,jump,seed18,80,456.0
hpmcounter10,jump,seed18,81,456.0
hpmcounter10,jump,seed18,82,456.0
hpmcounter10,jump,seed18,83,456.0
hpmcounter10,jump,seed18,84,456.0
hpmcounter10,jump,seed18,85,456.0
hpmcounter10,jump,seed18,86,456.0
hpmcounter10,jump,seed18,87,456.0
hpmcounter10,jump,seed18,88,456.0
hpmcounter10,jump,seed18,89,456.0
hpmcounter10,jump,seed18,90,456.0
hpmcounter10,jump,seed18,91,456.0
hpmcounter10,jump,seed18,92,456.0
hpmcounter10,jump,seed18,93,456.0
hpmcounter10,jump,seed18,94,456.0
hpmcounter10,jump,seed18,95,456.0
hpmcounter10,jump,seed18,96,456.0
hpmcounter10,jump,seed18,97,456.0
hpmcounter10,jump,seed18,98,456.0
hpmcounter10,jump,seed18,99,456.0
hpmcounter10,jump,seed18,100,456.0
hpmcounter10,jump,seed18,101,456.0
hpmcounter10,jump,seed18,102,456.0
hpmcounter10,jump,seed18,103,456.0
hpmcounter10,jump,seed18,104,456.0
hpmcounter10,jump,seed18,105,456.0
hpmcounter10,jump,seed18,106,456.0
hpmcounter10,jump,seed18,107,456.0
hpmcounter10,jump,seed18,108,456.0
hpmcounter10,jump,seed18,109,456.0
hpmcounter10,jump,seed18,110,456.0
hpmcounter10,jump,seed18,111,456.0
hpmcounter10,jump,seed18,112,456.0
hpmcounter10,jump,seed18,113,456.0
hpmcounter10,jump,seed18,114,456.0
hpmcounter10,jump,seed18,115,456.0
hpmcounter10,jump,seed18,116,456.0
hpmcounter10,jump,seed18,117,456.0
hpmcounter10,jump,seed18,118,456.0
hpmcounter10,jump,seed18,119,456.0
hpmcounter10,jump,seed18,120,456.0
hpmcounter10,jump,seed18,121,456.0
hpmcounter10,jump,seed18,122,456.0
hpmcounter10,jump,seed18,123,456.0
hpmcounter10,jump,seed18,124,456.0
hpmcounter10,jump,seed18,125,456.0
hpmcounter10,jump,seed18,126,456.0
hpmcounter10,jump,seed18,127,456.0
hpmcounter10,jump,seed18,128,456.0
hpmcounter10,jump,seed18,129,456.0
hpmcounter10,jump,seed18,130,456.0
hpmcounter10,jump,seed18,131,456.0
hpmcounter10,jump,seed18,132,456.0
hpmcounter10,jump,seed18,133,456.0
hpmcounter10,jump,seed18,134,456.0
hpmcounter10,jump,seed18,135,456.0
hpmcounter10,jump,seed18,136,456.0
hpmcounter10,jump,seed18,137,456.0
hpmcounter10,jump,seed18,138,456.0
hpmcounter10,jump,seed18,139,456.0
hpmcounter10,jump,seed18,140,456.0
hpmcounter10,jump,seed18,141,456.0
hpmcounter10,jump,seed18,142,456.0
hpmcounter10,jump,seed18,143,459.0
hpmcounter10,jump,seed18,144,464.3333333333333
hpmcounter10,jump,seed18,145,471.3333333333333
hpmcounter10,jump,seed18,146,476.3333333333333
hpmcounter10,jump,seed18,147,479.3333333333333
hpmcounter10,jump,seed18,148,480.3333333333333
hpmcounter10,jump,seed18,149,479.3333333333333
hpmcounter10,jump,seed18,150,476.3333333333333
hpmcounter10,jump,seed18,151,474.3333333333333
hpmcounter10,jump,seed18,152,472.6666666666667
hpmcounter10,jump,seed18,153,474.3333333333333
hpmcounter10,jump,seed18,154,479.3333333333333
hpmcounter10,jump,seed18,155,487.6666666666667
hpmcounter10,jump,seed18,156,495.6666666666667
hpmcounter10,jump,seed18,157,502.6666666666667
hpmcounter10,jump,seed18,158,508.0
hpmcounter10,jump,seed18,159,511.0
hpmcounter10,jump,seed18,160,511.0
hpmcounter10,jump,seed18,161,510.94545454545454
hpmcounter10,jump,seed18,162,510.9030303030303
hpmcounter10,jump,seed18,163,510.8727272727273
hpmcounter10,jump,seed18,164,510.8545454545455
hpmcounter10,jump,seed18,165,510.8484848484849
hpmcounter10,jump,seed18,166,510.8545454545455
hpmcounter10,jump,seed18,167,510.8727272727273
hpmcounter10,jump,seed18,168,510.9030303030303
hpmcounter10,jump,seed18,169,510.94545454545454
hpmcounter10,jump,seed18,170,511.0
hpmcounter10,jump,seed18,171,511.0
hpmcounter10,jump,seed18,172,511.0
hpmcounter10,jump,seed18,173,511.0
hpmcounter10,jump,seed18,174,508.0
hpmcounter10,jump,seed18,175,505.6666666666667
hpmcounter10,jump,seed18,176,501.0
hpmcounter10,jump,seed18,177,494.6666666666667
hpmcounter10,jump,seed18,178,487.3333333333333
hpmcounter10,jump,seed18,179,479.6666666666667
hpmcounter10,jump,seed18,180,472.3333333333333
hpmcounter10,jump,seed18,181,466.0
hpmcounter10,jump,seed18,182,461.3333333333333
hpmcounter10,jump,seed18,183,459.0
hpmcounter10,jump,seed18,184,456.0
hpmcounter10,jump,seed18,185,456.0
hpmcounter10,jump,seed18,186,456.0
hpmcounter10,jump,seed18,187,456.0
hpmcounter10,jump,seed18,188,456.0
hpmcounter10,jump,seed18,189,456.0
hpmcounter10,jump,seed18,190,456.0
hpmcounter10,jump,seed18,191,456.0
hpmcounter10,jump,seed18,192,456.0
hpmcounter10,jump,seed18,193,456.0
hpmcounter10,jump,seed18,194,456.0
hpmcounter10,jump,seed18,195,456.0
hpmcounter10,jump,seed18,196,456.0
hpmcounter10,jump,seed18,197,456.0
hpmcounter10,jump,seed18,198,459.0
hpmcounter10,jump,seed18,199,464.3333333333333
hpmcounter10,jump,seed18,200,471.3333333333333
hpmcounter10,jump,seed18,201,479.3333333333333
hpmcounter10,jump,seed18,202,484.6666666666667
hpmcounter10,jump,seed18,203,487.3333333333333
hpmcounter10,jump,seed18,204,487.3333333333333
hpmcounter10,jump,seed18,205,484.6666666666667
hpmcounter10,jump,seed18,206,479.3333333333333
hpmcounter10,jump,seed18,207,471.3333333333333
hpmcounter10,jump,seed18,208,464.3333333333333
hpmcounter10,jump,seed18,209,459.0
hpmcounter10,jump,seed18,210,456.0
hpmcounter10,jump,seed18,211,456.0
hpmcounter10,jump,seed18,212,456.0
hpmcounter10,jump,seed18,213,456.0
hpmcounter10,jump,seed18,214,456.0
hpmcounter10,jump,seed18,215,456.0
hpmcounter10,jump,seed18,216,456.0
hpmcounter10,jump,seed18,217,456.0
hpmcounter10,jump,seed18,218,456.0
hpmcounter10,jump,seed18,219,456.0
hpmcounter10,jump,seed18,220,456.0
hpmcounter10,jump,seed18,221,456.0
hpmcounter10,jump,seed18,222,456.0
hpmcounter10,jump,seed18,223,456.0
hpmcounter10,jump,seed18,224,456.0
hpmcounter10,jump,seed18,225,456.0
hpmcounter10,jump,seed18,226,456.0
hpmcounter10,jump,seed18,227,456.0
hpmcounter10,jump,seed18,228,456.0
hpmcounter10,jump,seed18,229,456.0
hpmcounter10,jump,seed18,230,456.0
hpmcounter10,jump,seed18,231,456.0
hpmcounter10,jump,seed18,232,456.0
hpmcounter10,jump,seed18,233,456.0
hpmcounter10,jump,seed18,234,456.0
hpmcounter10,jump,seed18,235,456.0
hpmcounter10,jump,seed18,236,456.0
hpmcounter10,jump,seed18,237,456.0
hpmcounter10,jump,seed18,238,456.0
hpmcounter10,jump,seed18,239,456.0
hpmcounter10,jump,seed18,240,456.0
hpmcounter10,jump,seed18,241,456.0
hpmcounter10,jump,seed18,242,456.0
hpmcounter10,jump,seed18,243,456.0
hpmcounter10,jump,seed18,244,456.0
hpmcounter10,jump,seed18,245,456.0
hpmcounter10,jump,seed18,246,456.0
hpmcounter10,jump,seed18,247,456.0
hpmcounter10,jump,seed18,248,456.0
hpmcounter10,jump,seed18,249,456.0
hpmcounter10,jump,seed18,250,456.0
hpmcounter10,jump,seed18,251,456.0
hpmcounter10,jump,seed18,252,456.0
hpmcounter10,jump,seed18,253,456.0
hpmcounter10,jump,seed18,254,456.0
hpmcounter10,jump,seed18,255,456.0
hpmcounter10,jump,seed18,256,456.0
hpmcounter10,jump,seed18,257,456.0
hpmcounter10,jump,seed18,258,456.0
hpmcounter10,jump,seed18,259,456.0
hpmcounter10,jump,seed18,260,456.0
hpmcounter10,jump,seed18,261,456.0
hpmcounter10,jump,seed18,262,456.0
hpmcounter10,jump,seed18,263,456.0
hpmcounter10,jump,seed18,264,456.0
hpmcounter10,jump,seed18,265,456.0
hpmcounter10,jump,seed18,266,456.0
hpmcounter10,jump,seed18,267,456.0
hpmcounter10,jump,seed18,268,456.0
hpmcounter10,jump,seed18,269,456.0
hpmcounter10,jump,seed18,270,456.0
hpmcounter10,jump,seed18,271,456.0
hpmcounter10,jump,seed18,272,456.0
hpmcounter10,jump,seed18,273,456.0
hpmcounter10,jump,seed18,274,456.0
hpmcounter10,jump,seed18,275,456.0
hpmcounter10,jump,seed18,276,456.0
hpmcounter10,jump,seed18,277,456.0
hpmcounter10,jump,seed18,278,456.0
hpmcounter10,jump,seed18,279,456.0
hpmcounter10,jump,seed18,280,456.0
hpmcounter10,jump,seed18,281,456.0
hpmcounter10,jump,seed18,282,456.0
hpmcounter10,jump,seed18,283,456.0
hpmcounter10,jump,seed18,284,456.0
hpmcounter10,jump,seed18,285,456.0
hpmcounter10,jump,seed18,286,456.0
hpmcounter10,jump,seed18,287,456.0
hpmcounter10,jump,seed18,288,456.0
hpmcounter10,jump,seed18,289,456.0
hpmcounter10,jump,seed18,290,456.0
hpmcounter10,jump,seed18,291,456.0
hpmcounter10,jump,seed18,292,456.0
hpmcounter10,jump,seed18,293,456.0
hpmcounter10,jump,seed18,294,456.0
hpmcounter10,jump,seed18,295,456.0
hpmcounter10,jump,seed18,296,456.0
hpmcounter10,jump,seed18,297,456.0
hpmcounter10,jump,seed18,298,456.0
hpmcounter10,jump,seed19,9,460.53939393939396
hpmcounter10,jump,seed19,10,458.77575757575755
hpmcounter10,jump,seed19,11,456.4727272727273
hpmcounter10,jump,seed19,12,455.1515151515151
hpmcounter10,jump,seed19,13,455.27878787878785
hpmcounter10,jump,seed19,14,455.42424242424244
hpmcounter10,jump,seed19,15,455.57575757575756
hpmcounter10,jump,seed19,16,455.72121212121215
hpmcounter10,jump,seed19,17,455.8484848484849
hpmcounter10,jump,seed19,18,455.94545454545454
hpmcounter10,jump,seed19,19,456.0
hpmcounter10,jump,seed19,20,456.0
hpmcounter10,jump,seed19,21,456.0
hpmcounter10,jump,seed19,22,456.0
hpmcounter10,jump,seed19,23,456.0
hpmcounter10,jump,seed19,24,456.0
hpmcounter10,jump,seed19,25,456.0
hpmcounter10,jump,seed19,26,456.0
hpmcounter10,jump,seed19,27,456.0
hpmcounter10,jump,seed19,28,456.0
hpmcounter10,jump,seed19,29,456.0
hpmcounter10,jump,seed19,30,456.0
hpmcounter10,jump,seed19,31,456.0
hpmcounter10,jump,seed19,32,456.0
hpmcounter10,jump,seed19,33,456.0
hpmcounter10,jump,seed19,34,456.0
hpmcounter10,jump,seed19,35,456.0
hpmcounter10,jump,seed19,36,456.0
hpmcounter10,jump,seed19,37,456.0
hpmcounter10,jump,seed19,38,456.0
hpmcounter10,jump,seed19,39,456.0
hpmcounter10,jump,seed19,40,456.0
hpmcounter10,jump,seed19,41,456.0
hpmcounter10,jump,seed19,42,456.0
hpmcounter10,jump,seed19,43,456.0
hpmcounter10,jump,seed19,44,456.0
hpmcounter10,jump,seed19,45,456.0
hpmcounter10,jump,seed19,46,456.0
hpmcounter10,jump,seed19,47,456.0
hpmcounter10,jump,seed19,48,456.0
hpmcounter10,jump,seed19,49,456.0
hpmcounter10,jump,seed19,50,456.0
hpmcounter10,jump,seed19,51,456.0
hpmcounter10,jump,seed19,52,456.0
hpmcounter10,jump,seed19,53,456.0
hpmcounter10,jump,seed19,54,456.0
hpmcounter10,jump,seed19,55,456.0
hpmcounter10,jump,seed19,56,456.0
hpmcounter10,jump,seed19,57,456.0
hpmcounter10,jump,seed19,58,456.0
hpmcounter10,jump,seed19,59,456.0
hpmcounter10,jump,seed19,60,456.0
hpmcounter10,jump,seed19,61,456.0
hpmcounter10,jump,seed19,62,456.0
hpmcounter10,jump,seed19,63,456.0
hpmcounter10,jump,seed19,64,456.0
hpmcounter10,jump,seed19,65,456.0
hpmcounter10,jump,seed19,66,456.0
hpmcounter10,jump,seed19,67,456.0
hpmcounter10,jump,seed19,68,456.0
hpmcounter10,jump,seed19,69,456.0
hpmcounter10,jump,seed19,70,456.0
hpmcounter10,jump,seed19,71,456.0
hpmcounter10,jump,seed19,72,456.0
hpmcounter10,jump,seed19,73,456.0
hpmcounter10,jump,seed19,74,456.0
hpmcounter10,jump,seed19,75,456.0
hpmcounter10,jump,seed19,76,456.0
hpmcounter10,jump,seed19,77,456.0
hpmcounter10,jump,seed19,78,459.0
hpmcounter10,jump,seed19,79,461.3333333333333
hpmcounter10,jump,seed19,80,463.0
hpmcounter10,jump,seed19,81,467.0
hpmcounter10,jump,seed19,82,472.6666666666667
hpmcounter10,jump,seed19,83,479.27878787878785
hpmcounter10,jump,seed19,84,483.23636363636365
hpmcounter10,jump,seed19,85,484.53939393939396
hpmcounter10,jump,seed19,86,483.1878787878788
hpmcounter10,jump,seed19,87,479.1818181818182
hpmcounter10,jump,seed19,88,476.1878787878788
hpmcounter10,jump,seed19,89,471.2060606060606
hpmcounter10,jump,seed19,90,464.23636363636365
hpmcounter10,jump,seed19,91,458.94545454545454
hpmcounter10,jump,seed19,92,456.0
hpmcounter10,jump,seed19,93,456.0
hpmcounter10,jump,seed19,94,456.0
hpmcounter10,jump,seed19,95,456.0
hpmcounter10,jump,seed19,96,456.0
hpmcounter10,jump,seed19,97,456.0
hpmcounter10,jump,seed19,98,456.0
hpmcounter10,jump,seed19,99,456.0
hpmcounter10,jump,seed19,100,456.0
hpmcounter10,jump,seed19,101,456.0
hpmcounter10,jump,seed19,102,456.0
hpmcounter10,jump,seed19,103,456.0
hpmcounter10,jump,seed19,104,456.0
hpmcounter10,jump,seed19,105,456.0
hpmcounter10,jump,seed19,106,456.0
hpmcounter10,jump,seed19,107,456.0
hpmcounter10,jump,seed19,108,456.0
hpmcounter10,jump,seed19,109,456.0
hpmcounter10,jump,seed19,110,456.0
hpmcounter10,jump,seed19,111,456.0
hpmcounter10,jump,seed19,112,456.0
hpmcounter10,jump,seed19,113,456.0
hpmcounter10,jump,seed19,114,456.0
hpmcounter10,jump,seed19,115,456.0
hpmcounter10,jump,seed19,116,456.0
hpmcounter10,jump,seed19,117,456.0
hpmcounter10,jump,seed19,118,456.0
hpmcounter10,jump,seed19,119,456.0
hpmcounter10,jump,seed19,120,456.0
hpmcounter10,jump,seed19,121,456.0
hpmcounter10,jump,seed19,122,456.0
hpmcounter10,jump,seed19,123,456.0
hpmcounter10,jump,seed19,124,456.0
hpmcounter10,jump,seed19,125,456.0
hpmcounter10,jump,seed19,126,456.0
hpmcounter10,jump,seed19,127,456.0
hpmcounter10,jump,seed19,128,456.0
hpmcounter10,jump,seed19,129,456.0
hpmcounter10,jump,seed19,130,456.0
hpmcounter10,jump,seed19,131,456.0
hpmcounter10,jump,seed19,132,456.0
hpmcounter10,jump,seed19,133,456.0
hpmcounter10,jump,seed19,134,456.0
hpmcounter10,jump,seed19,135,456.0
hpmcounter10,jump,seed19,136,456.0
hpmcounter10,jump,seed19,137,456.0
hpmcounter10,jump,seed19,138,456.0
hpmcounter10,jump,seed19,139,456.0
hpmcounter10,jump,seed19,140,456.0
hpmcounter10,jump,seed19,141,456.0
hpmcounter10,jump,seed19,142,456.0
hpmcounter10,jump,seed19,143,456.0
hpmcounter10,jump,seed19,144,456.0
hpmcounter10,jump,seed19,145,456.0
hpmcounter10,jump,seed19,146,456.0
hpmcounter10,jump,seed19,147,456.0
hpmcounter10,jump,seed19,148,456.0
hpmcounter10,jump,seed19,149,456.0
hpmcounter10,jump,seed19,150,456.0
hpmcounter10,jump,seed19,151,459.0
hpmcounter10,jump,seed19,152,464.3333333333333
hpmcounter10,jump,seed19,153,471.3333333333333
hpmcounter10,jump,seed19,154,479.3333333333333
hpmcounter10,jump,seed19,155,487.6666666666667
hpmcounter10,jump,seed19,156,495.6666666666667
hpmcounter10,jump,seed19,157,502.6666666666667
hpmcounter10,jump,seed19,158,508.0
hpmcounter10,jump,seed19,159,511.0
hpmcounter10,jump,seed19,160,511.0
hpmcounter10,jump,seed19,161,510.94545454545454
hpmcounter10,jump,seed19,162,510.8484848484849
hpmcounter10,jump,seed19,163,510.77575757575755
hpmcounter10,jump,seed19,164,510.72727272727275
hpmcounter10,jump,seed19,165,510.7030303030303
hpmcounter10,jump,seed19,166,510.7030303030303
hpmcounter10,jump,seed19,167,510.72727272727275
hpmcounter10,jump,seed19,168,510.77575757575755
hpmcounter10,jump,seed19,169,510.8484848484849
hpmcounter10,jump,seed19,170,510.94545454545454
hpmcounter10,jump,seed19,171,508.0
hpmcounter10,jump,seed19,172,502.6666666666667
hpmcounter10,jump,seed19,173,495.6666666666667
hpmcounter10,jump,seed19,174,487.6666666666667
hpmcounter10,jump,seed19,175,479.3333333333333
hpmcounter10,jump,seed19,176,471.3333333333333
hpmcounter10,jump,seed19,177,464.3333333333333
hpmcounter10,jump,seed19,178,459.0
hpmcounter10,jump,seed19,179,456.0
hpmcounter10,jump,seed19,180,456.0
hpmcounter10,jump,seed19,181,456.0
hpmcounter10,jump,seed19,182,456.0
hpmcounter10,jump,seed19,183,456.0
hpmcounter10,jump,seed19,184,456.0
hpmcounter10,jump,seed19,185,456.0
hpmcounter10,jump,seed19,186,456.0
hpmcounter10,jump,seed19,187,456.0
hpmcounter10,jump,seed19,188,456.0
hpmcounter10,jump,seed19,189,456.0
hpmcounter10,jump,seed19,190,456.0
hpmcounter10,jump,seed19,191,456.0
hpmcounter10,jump,seed19,192,456.0
hpmcounter10,jump,seed19,193,456.0
hpmcounter10,jump,seed19,194,456.0
hpmcounter10,jump,seed19,195,456.0
hpmcounter10,jump,seed19,196,456.0
hpmcounter10,jump,seed19,197,456.0
hpmcounter10,jump,seed19,198,456.0
hpmcounter10,jump,seed19,199,456.0
hpmcounter10,jump,seed19,200,456.0
hpmcounter10,jump,seed19,201,456.0
hpmcounter10,jump,seed19,202,456.0
hpmcounter10,jump,seed19,203,456.0
hpmcounter10,jump,seed19,204,456.0
hpmcounter10,jump,seed19,205,456.0
hpmcounter10,jump,seed19,206,456.0
hpmcounter10,jump,seed19,207,456.0
hpmcounter10,jump,seed19,208,456.0
hpmcounter10,jump,seed19,209,456.0
hpmcounter10,jump,seed19,210,456.0
hpmcounter10,jump,seed19,211,456.0
hpmcounter10,jump,seed19,212,456.0
hpmcounter10,jump,seed19,213,456.0
hpmcounter10,jump,seed19,214,456.0
hpmcounter10,jump,seed19,215,456.0
hpmcounter10,jump,seed19,216,456.0
hpmcounter10,jump,seed19,217,456.0
hpmcounter10,jump,seed19,218,456.0
hpmcounter10,jump,seed19,219,456.0
hpmcounter10,jump,seed19,220,456.0
hpmcounter10,jump,seed19,221,456.0
hpmcounter10,jump,seed19,222,456.0
hpmcounter10,jump,seed19,223,456.0
hpmcounter10,jump,seed19,224,456.0
hpmcounter10,jump,seed19,225,456.0
hpmcounter10,jump,seed19,226,456.0
hpmcounter10,jump,seed19,227,456.0
hpmcounter10,jump,seed19,228,456.0
hpmcounter10,jump,seed19,229,456.0
hpmcounter10,jump,seed19,230,456.0
hpmcounter10,jump,seed19,231,456.0
hpmcounter10,jump,seed19,232,456.0
hpmcounter10,jump,seed19,233,456.0
hpmcounter10,jump,seed19,234,456.0
hpmcounter10,jump,seed19,235,456.0
hpmcounter10,jump,seed19,236,456.0
hpmcounter10,jump,seed19,237,456.0
hpmcounter10,jump,seed19,238,456.0
hpmcounter10,jump,seed19,239,456.0
hpmcounter10,jump,seed19,240,456.0
hpmcounter10,jump,seed19,241,456.0
hpmcounter10,jump,seed19,242,456.0
hpmcounter10,jump,seed19,243,456.0
hpmcounter10,jump,seed19,244,456.0
hpmcounter10,jump,seed19,245,456.0
hpmcounter10,jump,seed19,246,456.0
hpmcounter10,jump,seed19,247,456.0
hpmcounter10,jump,seed19,248,456.0
hpmcounter10,jump,seed19,249,456.0
hpmcounter10,jump,seed19,250,456.0
hpmcounter10,jump,seed19,251,456.0
hpmcounter10,jump,seed19,252,456.0
hpmcounter10,jump,seed19,253,456.0
hpmcounter10,jump,seed19,254,456.0
hpmcounter10,jump,seed19,255,456.0
hpmcounter10,jump,seed19,256,456.0
hpmcounter10,jump,seed19,257,456.0
hpmcounter10,jump,seed19,258,456.0
hpmcounter10,jump,seed19,259,456.0
hpmcounter10,jump,seed19,260,456.0
hpmcounter10,jump,seed19,261,456.0
hpmcounter10,jump,seed19,262,456.0
hpmcounter10,jump,seed19,263,456.0
hpmcounter10,jump,seed19,264,456.0
hpmcounter10,jump,seed19,265,456.0
hpmcounter10,jump,seed19,266,456.0
hpmcounter10,jump,seed19,267,456.0
hpmcounter10,jump,seed19,268,456.0
hpmcounter10,jump,seed19,269,456.0
hpmcounter10,jump,seed19,270,456.0
hpmcounter10,jump,seed19,271,456.0
hpmcounter10,jump,seed19,272,456.0
hpmcounter10,jump,seed19,273,456.0
hpmcounter10,jump,seed19,274,456.0
hpmcounter10,jump,seed19,275,456.0
hpmcounter10,jump,seed19,276,456.0
hpmcounter10,jump,seed19,277,456.0
hpmcounter10,jump,seed19,278,456.0
hpmcounter10,jump,seed19,279,456.0
hpmcounter10,jump,seed19,280,456.0
hpmcounter10,jump,seed19,281,456.0
hpmcounter10,jump,seed19,282,456.0
hpmcounter10,jump,seed19,283,456.0
hpmcounter10,jump,seed19,284,456.0
hpmcounter10,jump,seed19,285,456.0
hpmcounter10,jump,seed19,286,456.0
hpmcounter10,jump,seed19,287,456.0
hpmcounter10,jump,seed19,288,456.0
hpmcounter10,jump,seed19,289,456.0
hpmcounter10,jump,seed19,290,456.0
hpmcounter10,jump,seed19,291,456.0
hpmcounter10,jump,seed19,292,456.0
hpmcounter10,jump,seed19,293,456.0
hpmcounter10,jump,seed19,294,456.0
hpmcounter10,jump,seed19,295,456.0
hpmcounter10,jump,seed19,296,456.0
hpmcounter10,jump,seed19,297,456.0
hpmcounter10,jump,seed19,298,456.0
hpmcounter10,jump,seed2,9,455.0
hpmcounter10,jump,seed2,10,455.0
hpmcounter10,jump,seed2,11,455.05454545454546
hpmcounter10,jump,seed2,12,455.1515151515151
hpmcounter10,jump,seed2,13,455.27878787878785
hpmcounter10,jump,seed2,14,455.42424242424244
hpmcounter10,jump,seed2,15,458.57575757575756
hpmcounter10,jump,seed2,16,461.05454545454546
hpmcounter10,jump,seed2,17,462.8484848484849
hpmcounter10,jump,seed2,18,463.94545454545454
hpmcounter10,jump,seed2,19,467.3333333333333
hpmcounter10,jump,seed2,20,472.3333333333333
hpmcounter10,jump,seed2,21,475.3333333333333
hpmcounter10,jump,seed2,22,476.3333333333333
hpmcounter10,jump,seed2,23,475.3333333333333
hpmcounter10,jump,seed2,24,472.3333333333333
hpmcounter10,jump,seed2,25,471.0
hpmcounter10,jump,seed2,26,468.3333333333333
hpmcounter10,jump,seed2,27,464.3333333333333
hpmcounter10,jump,seed2,28,459.0
hpmcounter10,jump,seed2,29,456.0
hpmcounter10,jump,seed2,30,456.0
hpmcounter10,jump,seed2,31,456.0
hpmcounter10,jump,seed2,32,456.0
hpmcounter10,jump,seed2,33,456.0
hpmcounter10,jump,seed2,34,456.0
hpmcounter10,jump,seed2,35,456.0
hpmcounter10,jump,seed2,36,456.0
hpmcounter10,jump,seed2,37,456.0
hpmcounter10,jump,seed2,38,456.0
hpmcounter10,jump,seed2,39,456.0
hpmcounter10,jump,seed2,40,456.0
hpmcounter10,jump,seed2,41,456.0
hpmcounter10,jump,seed2,42,456.0
hpmcounter10,jump,seed2,43,456.0
hpmcounter10,jump,seed2,44,456.0
hpmcounter10,jump,seed2,45,456.0
hpmcounter10,jump,seed2,46,456.0
hpmcounter10,jump,seed2,47,456.0
hpmcounter10,jump,seed2,48,456.0
hpmcounter10,jump,seed2,49,456.0
hpmcounter10,jump,seed2,50,456.0
hpmcounter10,jump,seed2,51,456.0
hpmcounter10,jump,seed2,52,456.0
hpmcounter10,jump,seed2,53,456.0
hpmcounter10,jump,seed2,54,456.0
hpmcounter10,jump,seed2,55,456.0
hpmcounter10,jump,seed2,56,456.0
hpmcounter10,jump,seed2,57,456.0
hpmcounter10,jump,seed2,58,456.0
hpmcounter10,jump,seed2,59,456.0
hpmcounter10,jump,seed2,60,456.0
hpmcounter10,jump,seed2,61,456.0
hpmcounter10,jump,seed2,62,456.0
hpmcounter10,jump,seed2,63,456.0
hpmcounter10,jump,seed2,64,456.0
hpmcounter10,jump,seed2,65,456.0
hpmcounter10,jump,seed2,66,456.0
hpmcounter10,jump,seed2,67,456.0
hpmcounter10,jump,seed2,68,456.0
hpmcounter10,jump,seed2,69,456.0
hpmcounter10,jump,seed2,70,456.0
hpmcounter10,jump,seed2,71,456.0
hpmcounter10,jump,seed2,72,456.0
hpmcounter10,jump,seed2,73,456.0
hpmcounter10,jump,seed2,74,456.0
hpmcounter10,jump,seed2,75,456.0
hpmcounter10,jump,seed2,76,456.0
hpmcounter10,jump,seed2,77,456.0
hpmcounter10,jump,seed2,78,456.0
hpmcounter10,jump,seed2,79,456.0
hpmcounter10,jump,seed2,80,456.0
hpmcounter10,jump,seed2,81,456.0
hpmcounter10,jump,seed2,82,456.0
hpmcounter10,jump,seed2,83,456.0
hpmcounter10,jump,seed2,84,456.0
hpmcounter10,jump,seed2,85,456.0
hpmcounter10,jump,seed2,86,456.0
hpmcounter10,jump,seed2,87,456.0
hpmcounter10,jump,seed2,88,456.0
hpmcounter10,jump,seed2,89,456.0
hpmcounter10,jump,seed2,90,456.0
hpmcounter10,jump,seed2,91,456.0
hpmcounter10,jump,seed2,92,456.0
hpmcounter10,jump,seed2,93,456.0
hpmcounter10,jump,seed2,94,456.0
hpmcounter10,jump,seed2,95,456.0
hpmcounter10,jump,seed2,96,456.0
hpmcounter10,jump,seed2,97,456.0
hpmcounter10,jump,seed2,98,456.0
hpmcounter10,jump,seed2,99,456.0
hpmcounter10,jump,seed2,100,456.0
hpmcounter10,jump,seed2,101,456.0
hpmcounter10,jump,seed2,102,456.0
hpmcounter10,jump,seed2,103,456.0
hpmcounter10,jump,seed2,104,456.0
hpmcounter10,jump,seed2,105,456.0
hpmcounter10,jump,seed2,106,456.0
hpmcounter10,jump,seed2,107,456.0
hpmcounter10,jump,seed2,108,456.0
hpmcounter10,jump,seed2,109,456.0
hpmcounter10,jump,seed2,110,456.0
hpmcounter10,jump,seed2,111,456.0
hpmcounter10,jump,seed2,112,456.0
hpmcounter10,jump,seed2,113,456.0
hpmcounter10,jump,seed2,114,456.0
hpmcounter10,jump,seed2,115,456.0
hpmcounter10,jump,seed2,116,456.0
hpmcounter10,jump,seed2,117,456.0
hpmcounter10,jump,seed2,118,456.0
hpmcounter10,jump,seed2,119,456.0
hpmcounter10,jump,seed2,120,456.0
hpmcounter10,jump,seed2,121,456.0
hpmcounter10,jump,seed2,122,456.0
hpmcounter10,jump,seed2,123,456.0
hpmcounter10,jump,seed2,124,456.0
hpmcounter10,jump,seed2,125,456.0
hpmcounter10,jump,seed2,126,456.0
hpmcounter10,jump,seed2,127,456.0
hpmcounter10,jump,seed2,128,456.0
hpmcounter10,jump,seed2,129,456.0
hpmcounter10,jump,seed2,130,456.0
hpmcounter10,jump,seed2,131,456.0
hpmcounter10,jump,seed2,132,456.0
hpmcounter10,jump,seed2,133,456.0
hpmcounter10,jump,seed2,134,456.0
hpmcounter10,jump,seed2,135,456.0
hpmcounter10,jump,seed2,136,456.0
hpmcounter10,jump,seed2,137,456.0
hpmcounter10,jump,seed2,138,456.0
hpmcounter10,jump,seed2,139,456.0
hpmcounter10,jump,seed2,140,456.0
hpmcounter10,jump,seed2,141,456.0
hpmcounter10,jump,seed2,142,456.0
hpmcounter10,jump,seed2,143,456.0
hpmcounter10,jump,seed2,144,456.0
hpmcounter10,jump,seed2,145,456.0
hpmcounter10,jump,seed2,146,456.0
hpmcounter10,jump,seed2,147,456.0
hpmcounter10,jump,seed2,148,459.0
hpmcounter10,jump,seed2,149,461.3333333333333
hpmcounter10,jump,seed2,150,463.0
hpmcounter10,jump,seed2,151,467.0
hpmcounter10,jump,seed2,152,472.6666666666667
hpmcounter10,jump,seed2,153,479.3333333333333
hpmcounter10,jump,seed2,154,486.3333333333333
hpmcounter10,jump,seed2,155,493.0
hpmcounter10,jump,seed2,156,498.6666666666667
hpmcounter10,jump,seed2,157,502.6666666666667
hpmcounter10,jump,seed2,158,508.0
hpmcounter10,jump,seed2,159,511.0
hpmcounter10,jump,seed2,160,511.0
hpmcounter10,jump,seed2,161,510.94545454545454
hpmcounter10,jump,seed2,162,510.8484848484849
hpmcounter10,jump,seed2,163,510.77575757575755
hpmcounter10,jump,seed2,164,510.72727272727275
hpmcounter10,jump,seed2,165,507.7030303030303
hpmcounter10,jump,seed2,166,502.369696969697
hpmcounter10,jump,seed2,167,495.3939393939394
hpmcounter10,jump,seed2,168,487.44242424242424
hpmcounter10,jump,seed2,169,482.1818181818182
hpmcounter10,jump,seed2,170,479.6121212121212
hpmcounter10,jump,seed2,171,479.6666666666667
hpmcounter10,jump,seed2,172,482.3333333333333
hpmcounter10,jump,seed2,173,487.6666666666667
hpmcounter10,jump,seed2,174,495.6666666666667
hpmcounter10,jump,seed2,175,502.6666666666667
hpmcounter10,jump,seed2,176,508.0
hpmcounter10,jump,seed2,177,508.0
hpmcounter10,jump,seed2,178,502.6666666666667
hpmcounter10,jump,seed2,179,495.6666666666667
hpmcounter10,jump,seed2,180,487.6666666666667
hpmcounter10,jump,seed2,181,479.3333333333333
hpmcounter10,jump,seed2,182,471.3333333333333
hpmcounter10,jump,seed2,183,464.3333333333333
hpmcounter10,jump,seed2,184,459.0
hpmcounter10,jump,seed2,185,456.0
hpmcounter10,jump,seed2,186,456.0
hpmcounter10,jump,seed2,187,456.0
hpmcounter10,jump,seed2,188,456.0
hpmcounter10,jump,seed2,189,456.0
hpmcounter10,jump,seed2,190,456.0
hpmcounter10,jump,seed2,191,456.0
hpmcounter10,jump,seed2,192,456.0
hpmcounter10,jump,seed2,193,456.0
hpmcounter10,jump,seed2,194,456.0
hpmcounter10,jump,seed2,195,456.0
hpmcounter10,jump,seed2,196,456.0
hpmcounter10,jump,seed2,197,456.0
hpmcounter10,jump,seed2,198,456.0
hpmcounter10,jump,seed2,199,456.0
hpmcounter10,jump,seed2,200,456.0
hpmcounter10,jump,seed2,201,456.0
hpmcounter10,jump,seed2,202,456.0
hpmcounter10,jump,seed2,203,456.0
hpmcounter10,jump,seed2,204,456.0
hpmcounter10,jump,seed2,205,456.0
hpmcounter10,jump,seed2,206,456.0
hpmcounter10,jump,seed2,207,456.0
hpmcounter10,jump,seed2,208,456.0
hpmcounter10,jump,seed2,209,456.0
hpmcounter10,jump,seed2,210,456.0
hpmcounter10,jump,seed2,211,456.0
hpmcounter10,jump,seed2,212,456.0
hpmcounter10,jump,seed2,213,456.0
hpmcounter10,jump,seed2,214,456.0
hpmcounter10,jump,seed2,215,456.0
hpmcounter10,jump,seed2,216,456.0
hpmcounter10,jump,seed2,217,456.0
hpmcounter10,jump,seed2,218,456.0
hpmcounter10,jump,seed2,219,456.0
hpmcounter10,jump,seed2,220,456.0
hpmcounter10,jump,seed2,221,456.0
hpmcounter10,jump,seed2,222,456.0
hpmcounter10,jump,seed2,223,456.0
hpmcounter10,jump,seed2,224,456.0
hpmcounter10,jump,seed2,225,456.0
hpmcounter10,jump,seed2,226,456.0
hpmcounter10,jump,seed2,227,456.0
hpmcounter10,jump,seed2,228,456.0
hpmcounter10,jump,seed2,229,456.0
hpmcounter10,jump,seed2,230,456.0
hpmcounter10,jump,seed2,231,456.0
hpmcounter10,jump,seed2,232,456.0
hpmcounter10,jump,seed2,233,456.0
hpmcounter10,jump,seed2,234,456.0
hpmcounter10,jump,seed2,235,456.0
hpmcounter10,jump,seed2,236,456.0
hpmcounter10,jump,seed2,237,456.0
hpmcounter10,jump,seed2,238,456.0
hpmcounter10,jump,seed2,239,456.0
hpmcounter10,jump,seed2,240,456.0
hpmcounter10,jump,seed2,241,456.0
hpmcounter10,jump,seed2,242,456.0
hpmcounter10,jump,seed2,243,456.0
hpmcounter10,jump,seed2,244,456.0
hpmcounter10,jump,seed2,245,456.0
hpmcounter10,jump,seed2,246,456.0
hpmcounter10,jump,seed2,247,456.0
hpmcounter10,jump,seed2,248,456.0
hpmcounter10,jump,seed2,249,456.0
hpmcounter10,jump,seed2,250,456.0
hpmcounter10,jump,seed2,251,456.0
hpmcounter10,jump,seed2,252,456.0
hpmcounter10,jump,seed2,253,456.0
hpmcounter10,jump,seed2,254,456.0
hpmcounter10,jump,seed2,255,456.0
hpmcounter10,jump,seed2,256,456.0
hpmcounter10,jump,seed2,257,456.0
hpmcounter10,jump,seed2,258,456.0
hpmcounter10,jump,seed2,259,456.0
hpmcounter10,jump,seed2,260,456.0
hpmcounter10,jump,seed2,261,456.0
hpmcounter10,jump,seed2,262,456.0
hpmcounter10,jump,seed2,263,456.0
hpmcounter10,jump,seed2,264,456.0
hpmcounter10,jump,seed2,265,456.0
hpmcounter10,jump,seed2,266,456.0
hpmcounter10,jump,seed2,267,456.0
hpmcounter10,jump,seed2,268,456.0
hpmcounter10,jump,seed2,269,456.0
hpmcounter10,jump,seed2,270,456.0
hpmcounter10,jump,seed2,271,456.0
hpmcounter10,jump,seed2,272,456.0
hpmcounter10,jump,seed2,273,456.0
hpmcounter10,jump,seed2,274,456.0
hpmcounter10,jump,seed2,275,456.0
hpmcounter10,jump,seed2,276,456.0
hpmcounter10,jump,seed2,277,456.0
hpmcounter10,jump,seed2,278,456.0
hpmcounter10,jump,seed2,279,456.0
hpmcounter10,jump,seed2,280,456.0
hpmcounter10,jump,seed2,281,456.0
hpmcounter10,jump,seed2,282,456.0
hpmcounter10,jump,seed2,283,456.0
hpmcounter10,jump,seed2,284,456.0
hpmcounter10,jump,seed2,285,456.0
hpmcounter10,jump,seed2,286,456.0
hpmcounter10,jump,seed2,287,456.0
hpmcounter10,jump,seed2,288,456.0
hpmcounter10,jump,seed2,289,456.0
hpmcounter10,jump,seed2,290,456.0
hpmcounter10,jump,seed2,291,456.0
hpmcounter10,jump,seed2,292,456.0
hpmcounter10,jump,seed2,293,456.0
hpmcounter10,jump,seed2,294,456.0
hpmcounter10,jump,seed2,295,456.0
hpmcounter10,jump,seed2,296,456.0
hpmcounter10,jump,seed2,297,456.0
hpmcounter10,jump,seed2,298,456.0
hpmcounter10,jump,seed20,9,486.1818181818182
hpmcounter10,jump,seed20,10,486.05454545454546
hpmcounter10,jump,seed20,11,483.0121212121212
hpmcounter10,jump,seed20,12,478.57575757575756
hpmcounter10,jump,seed20,13,473.27878787878785
hpmcounter10,jump,seed20,14,467.7030303030303
hpmcounter10,jump,seed20,15,462.4787878787879
hpmcounter10,jump,seed20,16,458.2848484848485
hpmcounter10,jump,seed20,17,455.8484848484849
hpmcounter10,jump,seed20,18,455.94545454545454
hpmcounter10,jump,seed20,19,456.0
hpmcounter10,jump,seed20,20,456.0
hpmcounter10,jump,seed20,21,456.0
hpmcounter10,jump,seed20,22,456.0
hpmcounter10,jump,seed20,23,456.0
hpmcounter10,jump,seed20,24,456.0
hpmcounter10,jump,seed20,25,456.0
hpmcounter10,jump,seed20,26,456.0
hpmcounter10,jump,seed20,27,456.0
hpmcounter10,jump,seed20,28,456.0
hpmcounter10,jump,seed20,29,456.0
hpmcounter10,jump,seed20,30,456.0
hpmcounter10,jump,seed20,31,456.0
hpmcounter10,jump,seed20,32,456.0
hpmcounter10,jump,seed20,33,456.0
hpmcounter10,jump,seed20,34,456.0
hpmcounter10,jump,seed20,35,456.0
hpmcounter10,jump,seed20,36,456.0
hpmcounter10,jump,seed20,37,456.0
hpmcounter10,jump,seed20,38,456.0
hpmcounter10,jump,seed20,39,456.0
hpmcounter10,jump,seed20,40,456.0
hpmcounter10,jump,seed20,41,456.0
hpmcounter10,jump,seed20,42,456.0
hpmcounter10,jump,seed20,43,456.0
hpmcounter10,jump,seed20,44,456.0
hpmcounter10,jump,seed20,45,456.0
hpmcounter10,jump,seed20,46,459.0
hpmcounter10,jump,seed20,47,464.3333333333333
hpmcounter10,jump,seed20,48,471.3333333333333
hpmcounter10,jump,seed20,49,479.3333333333333
hpmcounter10,jump,seed20,50,484.6666666666667
hpmcounter10,jump,seed20,51,487.3333333333333
hpmcounter10,jump,seed20,52,487.3333333333333
hpmcounter10,jump,seed20,53,484.6666666666667
hpmcounter10,jump,seed20,54,479.3333333333333
hpmcounter10,jump,seed20,55,471.3333333333333
hpmcounter10,jump,seed20,56,464.3333333333333
hpmcounter10,jump,seed20,57,459.0
hpmcounter10,jump,seed20,58,456.0
hpmcounter10,jump,seed20,59,456.0
hpmcounter10,jump,seed20,60,456.0
hpmcounter10,jump,seed20,61,456.0
hpmcounter10,jump,seed20,62,456.0
hpmcounter10,jump,seed20,63,456.0
hpmcounter10,jump,seed20,64,456.0
hpmcounter10,jump,seed20,65,456.0
hpmcounter10,jump,seed20,66,456.0
hpmcounter10,jump,seed20,67,456.0
hpmcounter10,jump,seed20,68,456.0
hpmcounter10,jump,seed20,69,456.0
hpmcounter10,jump,seed20,70,456.0
hpmcounter10,jump,seed20,71,456.0
hpmcounter10,jump,seed20,72,456.0
hpmcounter10,jump,seed20,73,456.0
hpmcounter10,jump,seed20,74,456.0
hpmcounter10,jump,seed20,75,456.0
hpmcounter10,jump,seed20,76,456.0
hpmcounter10,jump,seed20,77,456.0
hpmcounter10,jump,seed20,78,456.0
hpmcounter10,jump,seed20,79,456.0
hpmcounter10,jump,seed20,80,456.0
hpmcounter10,jump,seed20,81,456.0
hpmcounter10,jump,seed20,82,456.0
hpmcounter10,jump,seed20,83,456.0
hpmcounter10,jump,seed20,84,456.0
hpmcounter10,jump,seed20,85,456.0
hpmcounter10,jump,seed20,86,456.0
hpmcounter10,jump,seed20,87,456.0
hpmcounter10,jump,seed20,88,456.0
hpmcounter10,jump,seed20,89,456.0
hpmcounter10,jump,seed20,90,456.0
hpmcounter10,jump,seed20,91,456.0
hpmcounter10,jump,seed20,92,456.0
hpmcounter10,jump,seed20,93,456.0
hpmcounter10,jump,seed20,94,456.0
hpmcounter10,jump,seed20,95,456.0
hpmcounter10,jump,seed20,96,456.0
hpmcounter10,jump,seed20,97,456.0
hpmcounter10,jump,seed20,98,456.0
hpmcounter10,jump,seed20,99,456.0
hpmcounter10,jump,seed20,100,456.0
hpmcounter10,jump,seed20,101,456.0
hpmcounter10,jump,seed20,102,456.0
hpmcounter10,jump,seed20,103,456.0
hpmcounter10,jump,seed20,104,456.0
hpmcounter10,jump,seed20,105,456.0
hpmcounter10,jump,seed20,106,456.0
hpmcounter10,jump,seed20,107,456.0
hpmcounter10,jump,seed20,108,456.0
hpmcounter10,jump,seed20,109,456.0
hpmcounter10,jump,seed20,110,456.0
hpmcounter10,jump,seed20,111,456.0
hpmcounter10,jump,seed20,112,456.0
hpmcounter10,jump,seed20,113,456.0
hpmcounter10,jump,seed20,114,456.0
hpmcounter10,jump,seed20,115,456.0
hpmcounter10,jump,seed20,116,456.0
hpmcounter10,jump,seed20,117,456.0
hpmcounter10,jump,seed20,118,456.0
hpmcounter10,jump,seed20,119,456.0
hpmcounter10,jump,seed20,120,456.0
hpmcounter10,jump,seed20,121,456.0
hpmcounter10,jump,seed20,122,456.0
hpmcounter10,jump,seed20,123,456.0
hpmcounter10,jump,seed20,124,456.0
hpmcounter10,jump,seed20,125,456.0
hpmcounter10,jump,seed20,126,456.0
hpmcounter10,jump,seed20,127,459.0
hpmcounter10,jump,seed20,128,461.3333333333333
hpmcounter10,jump,seed20,129,463.0
hpmcounter10,jump,seed20,130,464.0
hpmcounter10,jump,seed20,131,464.3333333333333
hpmcounter10,jump,seed20,132,464.0
hpmcounter10,jump,seed20,133,463.0
hpmcounter10,jump,seed20,134,461.3333333333333
hpmcounter10,jump,seed20,135,459.0
hpmcounter10,jump,seed20,136,456.0
hpmcounter10,jump,seed20,137,456.0
hpmcounter10,jump,seed20,138,456.0
hpmcounter10,jump,seed20,139,456.0
hpmcounter10,jump,seed20,140,456.0
hpmcounter10,jump,seed20,141,456.0
hpmcounter10,jump,seed20,142,456.0
hpmcounter10,jump,seed20,143,456.0
hpmcounter10,jump,seed20,144,456.0
hpmcounter10,jump,seed20,145,456.0
hpmcounter10,jump,seed20,146,456.0
hpmcounter10,jump,seed20,147,456.0
hpmcounter10,jump,seed20,148,456.0
hpmcounter10,jump,seed20,149,456.0
hpmcounter10,jump,seed20,150,456.0
hpmcounter10,jump,seed20,151,459.0
hpmcounter10,jump,seed20,152,464.3333333333333
hpmcounter10,jump,seed20,153,471.3333333333333
hpmcounter10,jump,seed20,154,479.3333333333333
hpmcounter10,jump,seed20,155,487.6666666666667
hpmcounter10,jump,seed20,156,495.6666666666667
hpmcounter10,jump,seed20,157,502.6666666666667
hpmcounter10,jump,seed20,158,508.0
hpmcounter10,jump,seed20,159,511.0
hpmcounter10,jump,seed20,160,511.0
hpmcounter10,jump,seed20,161,510.94545454545454
hpmcounter10,jump,seed20,162,510.9030303030303
hpmcounter10,jump,seed20,163,510.8727272727273
hpmcounter10,jump,seed20,164,510.8
hpmcounter10,jump,seed20,165,510.75151515151515
hpmcounter10,jump,seed20,166,510.6727272727273
hpmcounter10,jump,seed20,167,507.630303030303
hpmcounter10,jump,seed20,168,502.2909090909091
hpmcounter10,jump,seed20,169,495.3212121212121
hpmcounter10,jump,seed20,170,487.3878787878788
hpmcounter10,jump,seed20,171,479.09090909090907
hpmcounter10,jump,seed20,172,471.1515151515151
hpmcounter10,jump,seed20,173,464.23636363636365
hpmcounter10,jump,seed20,174,458.94545454545454
hpmcounter10,jump,seed20,175,456.0
hpmcounter10,jump,seed20,176,456.0
hpmcounter10,jump,seed20,177,459.0
hpmcounter10,jump,seed20,178,464.3333333333333
hpmcounter10,jump,seed20,179,468.3333333333333
hpmcounter10,jump,seed20,180,471.0
hpmcounter10,jump,seed20,181,472.3333333333333
hpmcounter10,jump,seed20,182,472.3333333333333
hpmcounter10,jump,seed20,183,471.0
hpmcounter10,jump,seed20,184,468.3333333333333
hpmcounter10,jump,seed20,185,464.3333333333333
hpmcounter10,jump,seed20,186,459.0
hpmcounter10,jump,seed20,187,456.0
hpmcounter10,jump,seed20,188,456.0
hpmcounter10,jump,seed20,189,456.0
hpmcounter10,jump,seed20,190,456.0
hpmcounter10,jump,seed20,191,456.0
hpmcounter10,jump,seed20,192,456.0
hpmcounter10,jump,seed20,193,456.0
hpmcounter10,jump,seed20,194,456.0
hpmcounter10,jump,seed20,195,456.0
hpmcounter10,jump,seed20,196,456.0
hpmcounter10,jump,seed20,197,456.0
hpmcounter10,jump,seed20,198,456.0
hpmcounter10,jump,seed20,199,456.0
hpmcounter10,jump,seed20,200,456.0
hpmcounter10,jump,seed20,201,456.0
hpmcounter10,jump,seed20,202,456.0
hpmcounter10,jump,seed20,203,456.0
hpmcounter10,jump,seed20,204,456.0
hpmcounter10,jump,seed20,205,456.0
hpmcounter10,jump,seed20,206,456.0
hpmcounter10,jump,seed20,207,456.0
hpmcounter10,jump,seed20,208,456.0
hpmcounter10,jump,seed20,209,456.0
hpmcounter10,jump,seed20,210,456.0
hpmcounter10,jump,seed20,211,456.0
hpmcounter10,jump,seed20,212,456.0
hpmcounter10,jump,seed20,213,456.0
hpmcounter10,jump,seed20,214,456.0
hpmcounter10,jump,seed20,215,456.0
hpmcounter10,jump,seed20,216,456.0
hpmcounter10,jump,seed20,217,456.0
hpmcounter10,jump,seed20,218,459.0
hpmcounter10,jump,seed20,219,461.3333333333333
hpmcounter10,jump,seed20,220,463.0
hpmcounter10,jump,seed20,221,464.0
hpmcounter10,jump,seed20,222,464.3333333333333
hpmcounter10,jump,seed20,223,464.0
hpmcounter10,jump,seed20,224,463.0
hpmcounter10,jump,seed20,225,461.3333333333333
hpmcounter10,jump,seed20,226,459.0
hpmcounter10,jump,seed20,227,456.0
hpmcounter10,jump,seed20,228,456.0
hpmcounter10,jump,seed20,229,456.0
hpmcounter10,jump,seed20,230,456.0
hpmcounter10,jump,seed20,231,456.0
hpmcounter10,jump,seed20,232,456.0
hpmcounter10,jump,seed20,233,456.0
hpmcounter10,jump,seed20,234,456.0
hpmcounter10,jump,seed20,235,456.0
hpmcounter10,jump,seed20,236,456.0
hpmcounter10,jump,seed20,237,456.0
hpmcounter10,jump,seed20,238,456.0
hpmcounter10,jump,seed20,239,456.0
hpmcounter10,jump,seed20,240,456.0
hpmcounter10,jump,seed20,241,456.0
hpmcounter10,jump,seed20,242,456.0
hpmcounter10,jump,seed20,243,456.0
hpmcounter10,jump,seed20,244,456.0
hpmcounter10,jump,seed20,245,456.0
hpmcounter10,jump,seed20,246,456.0
hpmcounter10,jump,seed20,247,456.0
hpmcounter10,jump,seed20,248,456.0
hpmcounter10,jump,seed20,249,456.0
hpmcounter10,jump,seed20,250,456.0
hpmcounter10,jump,seed20,251,456.0
hpmcounter10,jump,seed20,252,456.0
hpmcounter10,jump,seed20,253,459.0
hpmcounter10,jump,seed20,254,464.3333333333333
hpmcounter10,jump,seed20,255,471.3333333333333
hpmcounter10,jump,seed20,256,479.3333333333333
hpmcounter10,jump,seed20,257,484.6666666666667
hpmcounter10,jump,seed20,258,487.3333333333333
hpmcounter10,jump,seed20,259,487.3333333333333
hpmcounter10,jump,seed20,260,487.6666666666667
hpmcounter10,jump,seed20,261,487.6121212121212
hpmcounter10,jump,seed20,262,483.56969696969696
hpmcounter10,jump,seed20,263,479.2060606060606
hpmcounter10,jump,seed20,264,475.1878787878788
hpmcounter10,jump,seed20,265,472.1818181818182
hpmcounter10,jump,seed20,266,470.8545454545455
hpmcounter10,jump,seed20,267,468.2060606060606
hpmcounter10,jump,seed20,268,464.23636363636365
hpmcounter10,jump,seed20,269,458.94545454545454
hpmcounter10,jump,seed20,270,456.0
hpmcounter10,jump,seed20,271,456.0
hpmcounter10,jump,seed20,272,456.0
hpmcounter10,jump,seed20,273,456.0
hpmcounter10,jump,seed20,274,456.0
hpmcounter10,jump,seed20,275,456.0
hpmcounter10,jump,seed20,276,456.0
hpmcounter10,jump,seed20,277,456.0
hpmcounter10,jump,seed20,278,456.0
hpmcounter10,jump,seed20,279,456.0
hpmcounter10,jump,seed20,280,456.0
hpmcounter10,jump,seed20,281,456.0
hpmcounter10,jump,seed20,282,456.0
hpmcounter10,jump,seed20,283,456.0
hpmcounter10,jump,seed20,284,456.0
hpmcounter10,jump,seed20,285,456.0
hpmcounter10,jump,seed20,286,456.0
hpmcounter10,jump,seed20,287,456.0
hpmcounter10,jump,seed20,288,456.0
hpmcounter10,jump,seed20,289,456.0
hpmcounter10,jump,seed20,290,456.0
hpmcounter10,jump,seed20,291,456.0
hpmcounter10,jump,seed20,292,456.0
hpmcounter10,jump,seed20,293,456.0
hpmcounter10,jump,seed20,294,456.0
hpmcounter10,jump,seed20,295,456.0
hpmcounter10,jump,seed20,296,456.0
hpmcounter10,jump,seed20,297,456.0
hpmcounter10,jump,seed20,298,456.0
hpmcounter10,jump,seed3,9,455.0
hpmcounter10,jump,seed3,10,455.0
hpmcounter10,jump,seed3,11,455.05454545454546
hpmcounter10,jump,seed3,12,455.1515151515151
hpmcounter10,jump,seed3,13,455.27878787878785
hpmcounter10,jump,seed3,14,455.42424242424244
hpmcounter10,jump,seed3,15,455.57575757575756
hpmcounter10,jump,seed3,16,455.72121212121215
hpmcounter10,jump,seed3,17,455.8484848484849
hpmcounter10,jump,seed3,18,455.94545454545454
hpmcounter10,jump,seed3,19,456.0
hpmcounter10,jump,seed3,20,459.0
hpmcounter10,jump,seed3,21,461.3333333333333
hpmcounter10,jump,seed3,22,463.0
hpmcounter10,jump,seed3,23,467.0
hpmcounter10,jump,seed3,24,469.6666666666667
hpmcounter10,jump,seed3,25,474.0
hpmcounter10,jump,seed3,26,476.3333333333333
hpmcounter10,jump,seed3,27,476.6666666666667
hpmcounter10,jump,seed3,28,475.0
hpmcounter10,jump,seed3,29,471.3333333333333
hpmcounter10,jump,seed3,30,469.3333333333333
hpmcounter10,jump,seed3,31,466.0
hpmcounter10,jump,seed3,32,461.3333333333333
hpmcounter10,jump,seed3,33,459.0
hpmcounter10,jump,seed3,34,456.0
hpmcounter10,jump,seed3,35,456.0
hpmcounter10,jump,seed3,36,456.0
hpmcounter10,jump,seed3,37,456.0
hpmcounter10,jump,seed3,38,456.0
hpmcounter10,jump,seed3,39,456.0
hpmcounter10,jump,seed3,40,456.0
hpmcounter10,jump,seed3,41,456.0
hpmcounter10,jump,seed3,42,456.0
hpmcounter10,jump,seed3,43,456.0
hpmcounter10,jump,seed3,44,456.0
hpmcounter10,jump,seed3,45,456.0
hpmcounter10,jump,seed3,46,456.0
hpmcounter10,jump,seed3,47,456.0
hpmcounter10,jump,seed3,48,456.0
hpmcounter10,jump,seed3,49,456.0
hpmcounter10,jump,seed3,50,456.0
hpmcounter10,jump,seed3,51,456.0
hpmcounter10,jump,seed3,52,456.0
hpmcounter10,jump,seed3,53,456.0
hpmcounter10,jump,seed3,54,456.0
hpmcounter10,jump,seed3,55,456.0
hpmcounter10,jump,seed3,56,456.0
hpmcounter10,jump,seed3,57,456.0
hpmcounter10,jump,seed3,58,456.0
hpmcounter10,jump,seed3,59,456.0
hpmcounter10,jump,seed3,60,456.0
hpmcounter10,jump,seed3,61,456.0
hpmcounter10,jump,seed3,62,456.0
hpmcounter10,jump,seed3,63,456.0
hpmcounter10,jump,seed3,64,456.0
hpmcounter10,jump,seed3,65,456.0
hpmcounter10,jump,seed3,66,456.0
hpmcounter10,jump,seed3,67,456.0
hpmcounter10,jump,seed3,68,456.0
hpmcounter10,jump,seed3,69,456.0
hpmcounter10,jump,seed3,70,456.0
hpmcounter10,jump,seed3,71,456.0
hpmcounter10,jump,seed3,72,456.0
hpmcounter10,jump,seed3,73,456.0
hpmcounter10,jump,seed3,74,456.0
hpmcounter10,jump,seed3,75,456.0
hpmcounter10,jump,seed3,76,456.0
hpmcounter10,jump,seed3,77,456.0
hpmcounter10,jump,seed3,78,456.0
hpmcounter10,jump,seed3,79,456.0
hpmcounter10,jump,seed3,80,456.0
hpmcounter10,jump,seed3,81,456.0
hpmcounter10,jump,seed3,82,456.0
hpmcounter10,jump,seed3,83,456.0
hpmcounter10,jump,seed3,84,456.0
hpmcounter10,jump,seed3,85,456.0
hpmcounter10,jump,seed3,86,456.0
hpmcounter10,jump,seed3,87,456.0
hpmcounter10,jump,seed3,88,456.0
hpmcounter10,jump,seed3,89,456.0
hpmcounter10,jump,seed3,90,456.0
hpmcounter10,jump,seed3,91,456.0
hpmcounter10,jump,seed3,92,456.0
hpmcounter10,jump,seed3,93,456.0
hpmcounter10,jump,seed3,94,456.0
hpmcounter10,jump,seed3,95,456.0
hpmcounter10,jump,seed3,96,456.0
hpmcounter10,jump,seed3,97,456.0
hpmcounter10,jump,seed3,98,456.0
hpmcounter10,jump,seed3,99,456.0
hpmcounter10,jump,seed3,100,456.0
hpmcounter10,jump,seed3,101,456.0
hpmcounter10,jump,seed3,102,456.0
hpmcounter10,jump,seed3,103,456.0
hpmcounter10,jump,seed3,104,456.0
hpmcounter10,jump,seed3,105,456.0
hpmcounter10,jump,seed3,106,456.0
hpmcounter10,jump,seed3,107,456.0
hpmcounter10,jump,seed3,108,456.0
hpmcounter10,jump,seed3,109,456.0
hpmcounter10,jump,seed3,110,456.0
hpmcounter10,jump,seed3,111,456.0
hpmcounter10,jump,seed3,112,456.0
hpmcounter10,jump,seed3,113,456.0
hpmcounter10,jump,seed3,114,456.0
hpmcounter10,jump,seed3,115,456.0
hpmcounter10,jump,seed3,116,456.0
hpmcounter10,jump,seed3,117,456.0
hpmcounter10,jump,seed3,118,456.0
hpmcounter10,jump,seed3,119,456.0
hpmcounter10,jump,seed3,120,456.0
hpmcounter10,jump,seed3,121,456.0
hpmcounter10,jump,seed3,122,456.0
hpmcounter10,jump,seed3,123,456.0
hpmcounter10,jump,seed3,124,456.0
hpmcounter10,jump,seed3,125,456.0
hpmcounter10,jump,seed3,126,456.0
hpmcounter10,jump,seed3,127,456.0
hpmcounter10,jump,seed3,128,456.0
hpmcounter10,jump,seed3,129,456.0
hpmcounter10,jump,seed3,130,456.0
hpmcounter10,jump,seed3,131,456.0
hpmcounter10,jump,seed3,132,459.0
hpmcounter10,jump,seed3,133,461.3333333333333
hpmcounter10,jump,seed3,134,463.0
hpmcounter10,jump,seed3,135,464.0
hpmcounter10,jump,seed3,136,464.3333333333333
hpmcounter10,jump,seed3,137,467.0
hpmcounter10,jump,seed3,138,468.3333333333333
hpmcounter10,jump,seed3,139,468.3333333333333
hpmcounter10,jump,seed3,140,467.0
hpmcounter10,jump,seed3,141,464.3333333333333
hpmcounter10,jump,seed3,142,464.0
hpmcounter10,jump,seed3,143,463.0
hpmcounter10,jump,seed3,144,461.3333333333333
hpmcounter10,jump,seed3,145,459.0
hpmcounter10,jump,seed3,146,456.0
hpmcounter10,jump,seed3,147,456.0
hpmcounter10,jump,seed3,148,456.0
hpmcounter10,jump,seed3,149,456.0
hpmcounter10,jump,seed3,150,456.0
hpmcounter10,jump,seed3,151,459.0
hpmcounter10,jump,seed3,152,464.3333333333333
hpmcounter10,jump,seed3,153,471.3333333333333
hpmcounter10,jump,seed3,154,479.3333333333333
hpmcounter10,jump,seed3,155,487.6666666666667
hpmcounter10,jump,seed3,156,495.6666666666667
hpmcounter10,jump,seed3,157,502.6666666666667
hpmcounter10,jump,seed3,158,508.0
hpmcounter10,jump,seed3,159,511.0
hpmcounter10,jump,seed3,160,511.0
hpmcounter10,jump,seed3,161,510.94545454545454
hpmcounter10,jump,seed3,162,510.8484848484849
hpmcounter10,jump,seed3,163,510.77575757575755
hpmcounter10,jump,seed3,164,510.72727272727275
hpmcounter10,jump,seed3,165,510.7030303030303
hpmcounter10,jump,seed3,166,510.7030303030303
hpmcounter10,jump,seed3,167,510.72727272727275
hpmcounter10,jump,seed3,168,510.77575757575755
hpmcounter10,jump,seed3,169,510.7939393939394
hpmcounter10,jump,seed3,170,507.8484848484849
hpmcounter10,jump,seed3,171,502.53939393939396
hpmcounter10,jump,seed3,172,495.5212121212121
hpmcounter10,jump,seed3,173,487.5151515151515
hpmcounter10,jump,seed3,174,479.1878787878788
hpmcounter10,jump,seed3,175,471.2060606060606
hpmcounter10,jump,seed3,176,464.23636363636365
hpmcounter10,jump,seed3,177,458.94545454545454
hpmcounter10,jump,seed3,178,456.0
hpmcounter10,jump,seed3,179,456.0
hpmcounter10,jump,seed3,180,456.0
hpmcounter10,jump,seed3,181,456.0
hpmcounter10,jump,seed3,182,456.0
hpmcounter10,jump,seed3,183,456.0
hpmcounter10,jump,seed3,184,456.0
hpmcounter10,jump,seed3,185,456.0
hpmcounter10,jump,seed3,186,456.0
hpmcounter10,jump,seed3,187,456.0
hpmcounter10,jump,seed3,188,456.0
hpmcounter10,jump,seed3,189,456.0
hpmcounter10,jump,seed3,190,456.0
hpmcounter10,jump,seed3,191,456.0
hpmcounter10,jump,seed3,192,456.0
hpmcounter10,jump,seed3,193,456.0
hpmcounter10,jump,seed3,194,456.0
hpmcounter10,jump,seed3,195,456.0
hpmcounter10,jump,seed3,196,456.0
hpmcounter10,jump,seed3,197,456.0
hpmcounter10,jump,seed3,198,456.0
hpmcounter10,jump,seed3,199,456.0
hpmcounter10,jump,seed3,200,456.0
hpmcounter10,jump,seed3,201,456.0
hpmcounter10,jump,seed3,202,456.0
hpmcounter10,jump,seed3,203,456.0
hpmcounter10,jump,seed3,204,456.0
hpmcounter10,jump,seed3,205,456.0
hpmcounter10,jump,seed3,206,456.0
hpmcounter10,jump,seed3,207,456.0
hpmcounter10,jump,seed3,208,456.0
hpmcounter10,jump,seed3,209,456.0
hpmcounter10,jump,seed3,210,456.0
hpmcounter10,jump,seed3,211,456.0
hpmcounter10,jump,seed3,212,456.0
hpmcounter10,jump,seed3,213,456.0
hpmcounter10,jump,seed3,214,456.0
hpmcounter10,jump,seed3,215,456.0
hpmcounter10,jump,seed3,216,456.0
hpmcounter10,jump,seed3,217,456.0
hpmcounter10,jump,seed3,218,456.0
hpmcounter10,jump,seed3,219,456.0
hpmcounter10,jump,seed3,220,456.0
hpmcounter10,jump,seed3,221,456.0
hpmcounter10,jump,seed3,222,456.0
hpmcounter10,jump,seed3,223,456.0
hpmcounter10,jump,seed3,224,456.0
hpmcounter10,jump,seed3,225,456.0
hpmcounter10,jump,seed3,226,456.0
hpmcounter10,jump,seed3,227,456.0
hpmcounter10,jump,seed3,228,456.0
hpmcounter10,jump,seed3,229,456.0
hpmcounter10,jump,seed3,230,456.0
hpmcounter10,jump,seed3,231,456.0
hpmcounter10,jump,seed3,232,456.0
hpmcounter10,jump,seed3,233,456.0
hpmcounter10,jump,seed3,234,456.0
hpmcounter10,jump,seed3,235,456.0
hpmcounter10,jump,seed3,236,456.0
hpmcounter10,jump,seed3,237,456.0
hpmcounter10,jump,seed3,238,456.0
hpmcounter10,jump,seed3,239,456.0
hpmcounter10,jump,seed3,240,456.0
hpmcounter10,jump,seed3,241,456.0
hpmcounter10,jump,seed3,242,456.0
hpmcounter10,jump,seed3,243,456.0
hpmcounter10,jump,seed3,244,456.0
hpmcounter10,jump,seed3,245,456.0
hpmcounter10,jump,seed3,246,456.0
hpmcounter10,jump,seed3,247,456.0
hpmcounter10,jump,seed3,248,456.0
hpmcounter10,jump,seed3,249,456.0
hpmcounter10,jump,seed3,250,456.0
hpmcounter10,jump,seed3,251,456.0
hpmcounter10,jump,seed3,252,456.0
hpmcounter10,jump,seed3,253,456.0
hpmcounter10,jump,seed3,254,456.0
hpmcounter10,jump,seed3,255,456.0
hpmcounter10,jump,seed3,256,456.0
hpmcounter10,jump,seed3,257,456.0
hpmcounter10,jump,seed3,258,456.0
hpmcounter10,jump,seed3,259,456.0
hpmcounter10,jump,seed3,260,456.0
hpmcounter10,jump,seed3,261,456.0
hpmcounter10,jump,seed3,262,456.0
hpmcounter10,jump,seed3,263,456.0
hpmcounter10,jump,seed3,264,456.0
hpmcounter10,jump,seed3,265,456.0
hpmcounter10,jump,seed3,266,456.0
hpmcounter10,jump,seed3,267,456.0
hpmcounter10,jump,seed3,268,456.0
hpmcounter10,jump,seed3,269,456.0
hpmcounter10,jump,seed3,270,456.0
hpmcounter10,jump,seed3,271,456.0
hpmcounter10,jump,seed3,272,456.0
hpmcounter10,jump,seed3,273,456.0
hpmcounter10,jump,seed3,274,456.0
hpmcounter10,jump,seed3,275,456.0
hpmcounter10,jump,seed3,276,456.0
hpmcounter10,jump,seed3,277,456.0
hpmcounter10,jump,seed3,278,456.0
hpmcounter10,jump,seed3,279,456.0
hpmcounter10,jump,seed3,280,456.0
hpmcounter10,jump,seed3,281,456.0
hpmcounter10,jump,seed3,282,456.0
hpmcounter10,jump,seed3,283,456.0
hpmcounter10,jump,seed3,284,456.0
hpmcounter10,jump,seed3,285,456.0
hpmcounter10,jump,seed3,286,456.0
hpmcounter10,jump,seed3,287,456.0
hpmcounter10,jump,seed3,288,456.0
hpmcounter10,jump,seed3,289,456.0
hpmcounter10,jump,seed3,290,456.0
hpmcounter10,jump,seed3,291,456.0
hpmcounter10,jump,seed3,292,456.0
hpmcounter10,jump,seed3,293,456.0
hpmcounter10,jump,seed3,294,459.0
hpmcounter10,jump,seed3,295,461.3333333333333
hpmcounter10,jump,seed3,296,463.0
hpmcounter10,jump,seed3,297,464.0
hpmcounter10,jump,seed3,298,464.3333333333333
hpmcounter10,jump,seed4,9,455.0
hpmcounter10,jump,seed4,10,455.0
hpmcounter10,jump,seed4,11,455.05454545454546
hpmcounter10,jump,seed4,12,455.1515151515151
hpmcounter10,jump,seed4,13,455.27878787878785
hpmcounter10,jump,seed4,14,455.42424242424244
hpmcounter10,jump,seed4,15,455.57575757575756
hpmcounter10,jump,seed4,16,455.72121212121215
hpmcounter10,jump,seed4,17,455.8484848484849
hpmcounter10,jump,seed4,18,455.94545454545454
hpmcounter10,jump,seed4,19,456.0
hpmcounter10,jump,seed4,20,456.0
hpmcounter10,jump,seed4,21,456.0
hpmcounter10,jump,seed4,22,456.0
hpmcounter10,jump,seed4,23,456.0
hpmcounter10,jump,seed4,24,456.0
hpmcounter10,jump,seed4,25,456.0
hpmcounter10,jump,seed4,26,456.0
hpmcounter10,jump,seed4,27,456.0
hpmcounter10,jump,seed4,28,456.0
hpmcounter10,jump,seed4,29,456.0
hpmcounter10,jump,seed4,30,456.0
hpmcounter10,jump,seed4,31,456.0
hpmcounter10,jump,seed4,32,456.0
hpmcounter10,jump,seed4,33,456.0
hpmcounter10,jump,seed4,34,456.0
hpmcounter10,jump,seed4,35,456.0
hpmcounter10,jump,seed4,36,456.0
hpmcounter10,jump,seed4,37,456.0
hpmcounter10,jump,seed4,38,456.0
hpmcounter10,jump,seed4,39,456.0
hpmcounter10,jump,seed4,40,456.0
hpmcounter10,jump,seed4,41,456.0
hpmcounter10,jump,seed4,42,456.0
hpmcounter10,jump,seed4,43,456.0
hpmcounter10,jump,seed4,44,456.0
hpmcounter10,jump,seed4,45,456.0
hpmcounter10,jump,seed4,46,456.0
hpmcounter10,jump,seed4,47,456.0
hpmcounter10,jump,seed4,48,456.0
hpmcounter10,jump,seed4,49,456.0
hpmcounter10,jump,seed4,50,456.0
hpmcounter10,jump,seed4,51,456.0
hpmcounter10,jump,seed4,52,456.0
hpmcounter10,jump,seed4,53,456.0
hpmcounter10,jump,seed4,54,456.0
hpmcounter10,jump,seed4,55,456.0
hpmcounter10,jump,seed4,56,456.0
hpmcounter10,jump,seed4,57,456.0
hpmcounter10,jump,seed4,58,456.0
hpmcounter10,jump,seed4,59,456.0
hpmcounter10,jump,seed4,60,456.0
hpmcounter10,jump,seed4,61,456.0
hpmcounter10,jump,seed4,62,456.0
hpmcounter10,jump,seed4,63,456.0
hpmcounter10,jump,seed4,64,456.0
hpmcounter10,jump,seed4,65,456.0
hpmcounter10,jump,seed4,66,456.0
hpmcounter10,jump,seed4,67,456.0
hpmcounter10,jump,seed4,68,456.0
hpmcounter10,jump,seed4,69,456.0
hpmcounter10,jump,seed4,70,456.0
hpmcounter10,jump,seed4,71,456.0
hpmcounter10,jump,seed4,72,456.0
hpmcounter10,jump,seed4,73,456.0
hpmcounter10,jump,seed4,74,456.0
hpmcounter10,jump,seed4,75,456.0
hpmcounter10,jump,seed4,76,456.0
hpmcounter10,jump,seed4,77,456.0
hpmcounter10,jump,seed4,78,456.0
hpmcounter10,jump,seed4,79,456.0
hpmcounter10,jump,seed4,80,456.0
hpmcounter10,jump,seed4,81,456.0
hpmcounter10,jump,seed4,82,456.0
hpmcounter10,jump,seed4,83,456.0
hpmcounter10,jump,seed4,84,456.0
hpmcounter10,jump,seed4,85,456.0
hpmcounter10,jump,seed4,86,456.0
hpmcounter10,jump,seed4,87,456.0
hpmcounter10,jump,seed4,88,456.0
hpmcounter10,jump,seed4,89,456.0
hpmcounter10,jump,seed4,90,456.0
hpmcounter10,jump,seed4,91,456.0
hpmcounter10,jump,seed4,92,456.0
hpmcounter10,jump,seed4,93,456.0
hpmcounter10,jump,seed4,94,456.0
hpmcounter10,jump,seed4,95,456.0
hpmcounter10,jump,seed4,96,456.0
hpmcounter10,jump,seed4,97,456.0
hpmcounter10,jump,seed4,98,456.0
hpmcounter10,jump,seed4,99,456.0
hpmcounter10,jump,seed4,100,456.0
hpmcounter10,jump,seed4,101,456.0
hpmcounter10,jump,seed4,102,456.0
hpmcounter10,jump,seed4,103,456.0
hpmcounter10,jump,seed4,104,456.0
hpmcounter10,jump,seed4,105,456.0
hpmcounter10,jump,seed4,106,456.0
hpmcounter10,jump,seed4,107,456.0
hpmcounter10,jump,seed4,108,456.0
hpmcounter10,jump,seed4,109,456.0
hpmcounter10,jump,seed4,110,456.0
hpmcounter10,jump,seed4,111,456.0
hpmcounter10,jump,seed4,112,456.0
hpmcounter10,jump,seed4,113,456.0
hpmcounter10,jump,seed4,114,456.0
hpmcounter10,jump,seed4,115,456.0
hpmcounter10,jump,seed4,116,459.0
hpmcounter10,jump,seed4,117,464.3333333333333
hpmcounter10,jump,seed4,118,468.3333333333333
hpmcounter10,jump,seed4,119,471.0
hpmcounter10,jump,seed4,120,472.3333333333333
hpmcounter10,jump,seed4,121,472.3333333333333
hpmcounter10,jump,seed4,122,471.0
hpmcounter10,jump,seed4,123,471.3333333333333
hpmcounter10,jump,seed4,124,469.6666666666667
hpmcounter10,jump,seed4,125,466.0
hpmcounter10,jump,seed4,126,464.0
hpmcounter10,jump,seed4,127,464.3333333333333
hpmcounter10,jump,seed4,128,464.0
hpmcounter10,jump,seed4,129,463.0
hpmcounter10,jump,seed4,130,461.3333333333333
hpmcounter10,jump,seed4,131,459.0
hpmcounter10,jump,seed4,132,456.0
hpmcounter10,jump,seed4,133,456.0
hpmcounter10,jump,seed4,134,456.0
hpmcounter10,jump,seed4,135,456.0
hpmcounter10,jump,seed4,136,456.0
hpmcounter10,jump,seed4,137,456.0
hpmcounter10,jump,seed4,138,456.0
hpmcounter10,jump,seed4,139,456.0
hpmcounter10,jump,seed4,140,456.0
hpmcounter10,jump,seed4,141,456.0
hpmcounter10,jump,seed4,142,456.0
hpmcounter10,jump,seed4,143,456.0
hpmcounter10,jump,seed4,144,456.0
hpmcounter10,jump,seed4,145,456.0
hpmcounter10,jump,seed4,146,456.0
hpmcounter10,jump,seed4,147,456.0
hpmcounter10,jump,seed4,148,456.0
hpmcounter10,jump,seed4,149,456.0
hpmcounter10,jump,seed4,150,456.0
hpmcounter10,jump,seed4,151,459.0
hpmcounter10,jump,seed4,152,464.3333333333333
hpmcounter10,jump,seed4,153,471.3333333333333
hpmcounter10,jump,seed4,154,479.3333333333333
hpmcounter10,jump,seed4,155,487.6666666666667
hpmcounter10,jump,seed4,156,495.6666666666667
hpmcounter10,jump,seed4,157,502.6666666666667
hpmcounter10,jump,seed4,158,508.0
hpmcounter10,jump,seed4,159,511.0
hpmcounter10,jump,seed4,160,511.0
hpmcounter10,jump,seed4,161,510.94545454545454
hpmcounter10,jump,seed4,162,510.9030303030303
hpmcounter10,jump,seed4,163,510.8727272727273
hpmcounter10,jump,seed4,164,510.8545454545455
hpmcounter10,jump,seed4,165,510.8484848484849
hpmcounter10,jump,seed4,166,510.8545454545455
hpmcounter10,jump,seed4,167,510.8727272727273
hpmcounter10,jump,seed4,168,510.9030303030303
hpmcounter10,jump,seed4,169,510.94545454545454
hpmcounter10,jump,seed4,170,511.0
hpmcounter10,jump,seed4,171,511.0
hpmcounter10,jump,seed4,172,511.0
hpmcounter10,jump,seed4,173,511.0
hpmcounter10,jump,seed4,174,511.0
hpmcounter10,jump,seed4,175,511.0
hpmcounter10,jump,seed4,176,511.0
hpmcounter10,jump,seed4,177,511.0
hpmcounter10,jump,seed4,178,508.0
hpmcounter10,jump,seed4,179,502.6666666666667
hpmcounter10,jump,seed4,180,498.6666666666667
hpmcounter10,jump,seed4,181,493.0
hpmcounter10,jump,seed4,182,486.3333333333333
hpmcounter10,jump,seed4,183,479.3333333333333
hpmcounter10,jump,seed4,184,472.6666666666667
hpmcounter10,jump,seed4,185,467.0
hpmcounter10,jump,seed4,186,463.0
hpmcounter10,jump,seed4,187,461.3333333333333
hpmcounter10,jump,seed4,188,459.0
hpmcounter10,jump,seed4,189,456.0
hpmcounter10,jump,seed4,190,456.0
hpmcounter10,jump,seed4,191,456.0
hpmcounter10,jump,seed4,192,456.0
hpmcounter10,jump,seed4,193,456.0
hpmcounter10,jump,seed4,194,456.0
hpmcounter10,jump,seed4,195,456.0
hpmcounter10,jump,seed4,196,456.0
hpmcounter10,jump,seed4,197,456.0
hpmcounter10,jump,seed4,198,456.0
hpmcounter10,jump,seed4,199,456.0
hpmcounter10,jump,seed4,200,456.0
hpmcounter10,jump,seed4,201,456.0
hpmcounter10,jump,seed4,202,456.0
hpmcounter10,jump,seed4,203,456.0
hpmcounter10,jump,seed4,204,456.0
hpmcounter10,jump,seed4,205,456.0
hpmcounter10,jump,seed4,206,456.0
hpmcounter10,jump,seed4,207,456.0
hpmcounter10,jump,seed4,208,456.0
hpmcounter10,jump,seed4,209,456.0
hpmcounter10,jump,seed4,210,456.0
hpmcounter10,jump,seed4,211,456.0
hpmcounter10,jump,seed4,212,456.0
hpmcounter10,jump,seed4,213,456.0
hpmcounter10,jump,seed4,214,456.0
hpmcounter10,jump,seed4,215,456.0
hpmcounter10,jump,seed4,216,456.0
hpmcounter10,jump,seed4,217,456.0
hpmcounter10,jump,seed4,218,456.0
hpmcounter10,jump,seed4,219,456.0
hpmcounter10,jump,seed4,220,456.0
hpmcounter10,jump,seed4,221,456.0
hpmcounter10,jump,seed4,222,456.0
hpmcounter10,jump,seed4,223,456.0
hpmcounter10,jump,seed4,224,456.0
hpmcounter10,jump,seed4,225,456.0
hpmcounter10,jump,seed4,226,456.0
hpmcounter10,jump,seed4,227,456.0
hpmcounter10,jump,seed4,228,456.0
hpmcounter10,jump,seed4,229,456.0
hpmcounter10,jump,seed4,230,456.0
hpmcounter10,jump,seed4,231,456.0
hpmcounter10,jump,seed4,232,456.0
hpmcounter10,jump,seed4,233,456.0
hpmcounter10,jump,seed4,234,456.0
hpmcounter10,jump,seed4,235,456.0
hpmcounter10,jump,seed4,236,456.0
hpmcounter10,jump,seed4,237,456.0
hpmcounter10,jump,seed4,238,456.0
hpmcounter10,jump,seed4,239,456.0
hpmcounter10,jump,seed4,240,456.0
hpmcounter10,jump,seed4,241,456.0
hpmcounter10,jump,seed4,242,456.0
hpmcounter10,jump,seed4,243,456.0
hpmcounter10,jump,seed4,244,456.0
hpmcounter10,jump,seed4,245,456.0
hpmcounter10,jump,seed4,246,456.0
hpmcounter10,jump,seed4,247,456.0
hpmcounter10,jump,seed4,248,456.0
hpmcounter10,jump,seed4,249,456.0
hpmcounter10,jump,seed4,250,456.0
hpmcounter10,jump,seed4,251,456.0
hpmcounter10,jump,seed4,252,456.0
hpmcounter10,jump,seed4,253,456.0
hpmcounter10,jump,seed4,254,456.0
hpmcounter10,jump,seed4,255,456.0
hpmcounter10,jump,seed4,256,456.0
hpmcounter10,jump,seed4,257,456.0
hpmcounter10,jump,seed4,258,456.0
hpmcounter10,jump,seed4,259,456.0
hpmcounter10,jump,seed4,260,456.0
hpmcounter10,jump,seed4,261,456.0
hpmcounter10,jump,seed4,262,456.0
hpmcounter10,jump,seed4,263,456.0
hpmcounter10,jump,seed4,264,456.0
hpmcounter10,jump,seed4,265,456.0
hpmcounter10,jump,seed4,266,456.0
hpmcounter10,jump,seed4,267,459.0
hpmcounter10,jump,seed4,268,464.3333333333333
hpmcounter10,jump,seed4,269,471.3333333333333
hpmcounter10,jump,seed4,270,479.3333333333333
hpmcounter10,jump,seed4,271,487.6666666666667
hpmcounter10,jump,seed4,272,495.6666666666667
hpmcounter10,jump,seed4,273,499.6666666666667
hpmcounter10,jump,seed4,274,499.6666666666667
hpmcounter10,jump,seed4,275,495.6666666666667
hpmcounter10,jump,seed4,276,487.6666666666667
hpmcounter10,jump,seed4,277,479.3333333333333
hpmcounter10,jump,seed4,278,471.3333333333333
hpmcounter10,jump,seed4,279,464.3333333333333
hpmcounter10,jump,seed4,280,459.0
hpmcounter10,jump,seed4,281,456.0
hpmcounter10,jump,seed4,282,456.0
hpmcounter10,jump,seed4,283,456.0
hpmcounter10,jump,seed4,284,456.0
hpmcounter10,jump,seed4,285,456.0
hpmcounter10,jump,seed4,286,456.0
hpmcounter10,jump,seed4,287,456.0
hpmcounter10,jump,seed4,288,456.0
hpmcounter10,jump,seed4,289,456.0
hpmcounter10,jump,seed4,290,456.0
hpmcounter10,jump,seed4,291,456.0
hpmcounter10,jump,seed4,292,456.0
hpmcounter10,jump,seed4,293,456.0
hpmcounter10,jump,seed4,294,456.0
hpmcounter10,jump,seed4,295,456.0
hpmcounter10,jump,seed4,296,456.0
hpmcounter10,jump,seed4,297,456.0
hpmcounter10,jump,seed4,298,456.0
hpmcounter10,jump,seed5,9,470.4787878787879
hpmcounter10,jump,seed5,10,467.90909090909093
hpmcounter10,jump,seed5,11,463.9878787878788
hpmcounter10,jump,seed5,12,460.23636363636365
hpmcounter10,jump,seed5,13,457.1878787878788
hpmcounter10,jump,seed5,14,455.42424242424244
hpmcounter10,jump,seed5,15,455.57575757575756
hpmcounter10,jump,seed5,16,455.72121212121215
hpmcounter10,jump,seed5,17,455.8484848484849
hpmcounter10,jump,seed5,18,455.94545454545454
hpmcounter10,jump,seed5,19,456.0
hpmcounter10,jump,seed5,20,456.0
hpmcounter10,jump,seed5,21,456.0
hpmcounter10,jump,seed5,22,456.0
hpmcounter10,jump,seed5,23,456.0
hpmcounter10,jump,seed5,24,456.0
hpmcounter10,jump,seed5,25,456.0
hpmcounter10,jump,seed5,26,456.0
hpmcounter10,jump,seed5,27,456.0
hpmcounter10,jump,seed5,28,456.0
hpmcounter10,jump,seed5,29,456.0
hpmcounter10,jump,seed5,30,459.0
hpmcounter10,jump,seed5,31,464.3333333333333
hpmcounter10,jump,seed5,32,468.3333333333333
hpmcounter10,jump,seed5,33,474.0
hpmcounter10,jump,seed5,34,480.6666666666667
hpmcounter10,jump,seed5,35,487.6666666666667
hpmcounter10,jump,seed5,36,494.3333333333333
hpmcounter10,jump,seed5,37,500.0
hpmcounter10,jump,seed5,38,501.0
hpmcounter10,jump,seed5,39,497.3333333333333
hpmcounter10,jump,seed5,40,492.6666666666667
hpmcounter10,jump,seed5,41,487.6666666666667
hpmcounter10,jump,seed5,42,482.3333333333333
hpmcounter10,jump,seed5,43,476.6666666666667
hpmcounter10,jump,seed5,44,471.3333333333333
hpmcounter10,jump,seed5,45,467.0
hpmcounter10,jump,seed5,46,464.3333333333333
hpmcounter10,jump,seed5,47,464.0
hpmcounter10,jump,seed5,48,463.0
hpmcounter10,jump,seed5,49,461.3333333333333
hpmcounter10,jump,seed5,50,459.0
hpmcounter10,jump,seed5,51,456.0
hpmcounter10,jump,seed5,52,456.0
hpmcounter10,jump,seed5,53,456.0
hpmcounter10,jump,seed5,54,456.0
hpmcounter10,jump,seed5,55,456.0
hpmcounter10,jump,seed5,56,456.0
hpmcounter10,jump,seed5,57,456.0
hpmcounter10,jump,seed5,58,456.0
hpmcounter10,jump,seed5,59,459.0
hpmcounter10,jump,seed5,60,461.3333333333333
hpmcounter10,jump,seed5,61,466.0
hpmcounter10,jump,seed5,62,472.3333333333333
hpmcounter10,jump,seed5,63,479.6666666666667
hpmcounter10,jump,seed5,64,487.3333333333333
hpmcounter10,jump,seed5,65,491.6666666666667
hpmcounter10,jump,seed5,66,492.6666666666667
hpmcounter10,jump,seed5,67,490.3333333333333
hpmcounter10,jump,seed5,68,484.6666666666667
hpmcounter10,jump,seed5,69,479.3333333333333
hpmcounter10,jump,seed5,70,471.3333333333333
hpmcounter10,jump,seed5,71,464.3333333333333
hpmcounter10,jump,seed5,72,459.0
hpmcounter10,jump,seed5,73,456.0
hpmcounter10,jump,seed5,74,456.0
hpmcounter10,jump,seed5,75,456.0
hpmcounter10,jump,seed5,76,456.0
hpmcounter10,jump,seed5,77,456.0
hpmcounter10,jump,seed5,78,456.0
hpmcounter10,jump,seed5,79,456.0
hpmcounter10,jump,seed5,80,456.0
hpmcounter10,jump,seed5,81,456.0
hpmcounter10,jump,seed5,82,456.0
hpmcounter10,jump,seed5,83,456.0
hpmcounter10,jump,seed5,84,456.0
hpmcounter10,jump,seed5,85,456.0
hpmcounter10,jump,seed5,86,456.0
hpmcounter10,jump,seed5,87,456.0
hpmcounter10,jump,seed5,88,456.0
hpmcounter10,jump,seed5,89,456.0
hpmcounter10,jump,seed5,90,456.0
hpmcounter10,jump,seed5,91,456.0
hpmcounter10,jump,seed5,92,456.0
hpmcounter10,jump,seed5,93,456.0
hpmcounter10,jump,seed5,94,456.0
hpmcounter10,jump,seed5,95,456.0
hpmcounter10,jump,seed5,96,456.0
hpmcounter10,jump,seed5,97,456.0
hpmcounter10,jump,seed5,98,456.0
hpmcounter10,jump,seed5,99,456.0
hpmcounter10,jump,seed5,100,456.0
hpmcounter10,jump,seed5,101,456.0
hpmcounter10,jump,seed5,102,456.0
hpmcounter10,jump,seed5,103,456.0
hpmcounter10,jump,seed5,104,456.0
hpmcounter10,jump,seed5,105,456.0
hpmcounter10,jump,seed5,106,456.0
hpmcounter10,jump,seed5,107,456.0
hpmcounter10,jump,seed5,108,456.0
hpmcounter10,jump,seed5,109,456.0
hpmcounter10,jump,seed5,110,456.0
hpmcounter10,jump,seed5,111,456.0
hpmcounter10,jump,seed5,112,456.0
hpmcounter10,jump,seed5,113,456.0
hpmcounter10,jump,seed5,114,456.0
hpmcounter10,jump,seed5,115,456.0
hpmcounter10,jump,seed5,116,456.0
hpmcounter10,jump,seed5,117,456.0
hpmcounter10,jump,seed5,118,456.0
hpmcounter10,jump,seed5,119,459.0
hpmcounter10,jump,seed5,120,461.3333333333333
hpmcounter10,jump,seed5,121,463.0
hpmcounter10,jump,seed5,122,464.0
hpmcounter10,jump,seed5,123,464.3333333333333
hpmcounter10,jump,seed5,124,464.0
hpmcounter10,jump,seed5,125,463.0
hpmcounter10,jump,seed5,126,461.3333333333333
hpmcounter10,jump,seed5,127,459.0
hpmcounter10,jump,seed5,128,456.0
hpmcounter10,jump,seed5,129,456.0
hpmcounter10,jump,seed5,130,456.0
hpmcounter10,jump,seed5,131,456.0
hpmcounter10,jump,seed5,132,456.0
hpmcounter10,jump,seed5,133,456.0
hpmcounter10,jump,seed5,134,456.0
hpmcounter10,jump,seed5,135,456.0
hpmcounter10,jump,seed5,136,456.0
hpmcounter10,jump,seed5,137,456.0
hpmcounter10,jump,seed5,138,456.0
hpmcounter10,jump,seed5,139,456.0
hpmcounter10,jump,seed5,140,456.0
hpmcounter10,jump,seed5,141,456.0
hpmcounter10,jump,seed5,142,456.0
hpmcounter10,jump,seed5,143,456.0
hpmcounter10,jump,seed5,144,456.0
hpmcounter10,jump,seed5,145,456.0
hpmcounter10,jump,seed5,146,456.0
hpmcounter10,jump,seed5,147,456.0
hpmcounter10,jump,seed5,148,456.0
hpmcounter10,jump,seed5,149,456.0
hpmcounter10,jump,seed5,150,456.0
hpmcounter10,jump,seed5,151,459.0
hpmcounter10,jump,seed5,152,464.3333333333333
hpmcounter10,jump,seed5,153,471.3333333333333
hpmcounter10,jump,seed5,154,479.3333333333333
hpmcounter10,jump,seed5,155,487.6666666666667
hpmcounter10,jump,seed5,156,495.6666666666667
hpmcounter10,jump,seed5,157,502.6666666666667
hpmcounter10,jump,seed5,158,508.0
hpmcounter10,jump,seed5,159,511.0
hpmcounter10,jump,seed5,160,511.0
hpmcounter10,jump,seed5,161,510.94545454545454
hpmcounter10,jump,seed5,162,510.9030303030303
hpmcounter10,jump,seed5,163,510.8727272727273
hpmcounter10,jump,seed5,164,510.8545454545455
hpmcounter10,jump,seed5,165,510.8484848484849
hpmcounter10,jump,seed5,166,510.8545454545455
hpmcounter10,jump,seed5,167,510.8727272727273
hpmcounter10,jump,seed5,168,510.9030303030303
hpmcounter10,jump,seed5,169,510.94545454545454
hpmcounter10,jump,seed5,170,511.0
hpmcounter10,jump,seed5,171,511.0
hpmcounter10,jump,seed5,172,508.0
hpmcounter10,jump,seed5,173,502.6666666666667
hpmcounter10,jump,seed5,174,495.6666666666667
hpmcounter10,jump,seed5,175,487.6666666666667
hpmcounter10,jump,seed5,176,479.3333333333333
hpmcounter10,jump,seed5,177,471.3333333333333
hpmcounter10,jump,seed5,178,464.3333333333333
hpmcounter10,jump,seed5,179,459.0
hpmcounter10,jump,seed5,180,456.0
hpmcounter10,jump,seed5,181,456.0
hpmcounter10,jump,seed5,182,456.0
hpmcounter10,jump,seed5,183,456.0
hpmcounter10,jump,seed5,184,456.0
hpmcounter10,jump,seed5,185,456.0
hpmcounter10,jump,seed5,186,456.0
hpmcounter10,jump,seed5,187,456.0
hpmcounter10,jump,seed5,188,456.0
hpmcounter10,jump,seed5,189,456.0
hpmcounter10,jump,seed5,190,456.0
hpmcounter10,jump,seed5,191,456.0
hpmcounter10,jump,seed5,192,456.0
hpmcounter10,jump,seed5,193,456.0
hpmcounter10,jump,seed5,194,456.0
hpmcounter10,jump,seed5,195,456.0
hpmcounter10,jump,seed5,196,456.0
hpmcounter10,jump,seed5,197,456.0
hpmcounter10,jump,seed5,198,456.0
hpmcounter10,jump,seed5,199,456.0
hpmcounter10,jump,seed5,200,456.0
hpmcounter10,jump,seed5,201,456.0
hpmcounter10,jump,seed5,202,456.0
hpmcounter10,jump,seed5,203,456.0
hpmcounter10,jump,seed5,204,456.0
hpmcounter10,jump,seed5,205,456.0
hpmcounter10,jump,seed5,206,456.0
hpmcounter10,jump,seed5,207,456.0
hpmcounter10,jump,seed5,208,456.0
hpmcounter10,jump,seed5,209,456.0
hpmcounter10,jump,seed5,210,456.0
hpmcounter10,jump,seed5,211,456.0
hpmcounter10,jump,seed5,212,456.0
hpmcounter10,jump,seed5,213,456.0
hpmcounter10,jump,seed5,214,456.0
hpmcounter10,jump,seed5,215,456.0
hpmcounter10,jump,seed5,216,456.0
hpmcounter10,jump,seed5,217,456.0
hpmcounter10,jump,seed5,218,456.0
hpmcounter10,jump,seed5,219,456.0
hpmcounter10,jump,seed5,220,456.0
hpmcounter10,jump,seed5,221,456.0
hpmcounter10,jump,seed5,222,456.0
hpmcounter10,jump,seed5,223,456.0
hpmcounter10,jump,seed5,224,456.0
hpmcounter10,jump,seed5,225,456.0
hpmcounter10,jump,seed5,226,456.0
hpmcounter10,jump,seed5,227,456.0
hpmcounter10,jump,seed5,228,456.0
hpmcounter10,jump,seed5,229,456.0
hpmcounter10,jump,seed5,230,456.0
hpmcounter10,jump,seed5,231,456.0
hpmcounter10,jump,seed5,232,456.0
hpmcounter10,jump,seed5,233,456.0
hpmcounter10,jump,seed5,234,456.0
hpmcounter10,jump,seed5,235,456.0
hpmcounter10,jump,seed5,236,456.0
hpmcounter10,jump,seed5,237,456.0
hpmcounter10,jump,seed5,238,456.0
hpmcounter10,jump,seed5,239,456.0
hpmcounter10,jump,seed5,240,456.0
hpmcounter10,jump,seed5,241,456.0
hpmcounter10,jump,seed5,242,456.0
hpmcounter10,jump,seed5,243,456.0
hpmcounter10,jump,seed5,244,456.0
hpmcounter10,jump,seed5,245,456.0
hpmcounter10,jump,seed5,246,456.0
hpmcounter10,jump,seed5,247,456.0
hpmcounter10,jump,seed5,248,456.0
hpmcounter10,jump,seed5,249,456.0
hpmcounter10,jump,seed5,250,456.0
hpmcounter10,jump,seed5,251,456.0
hpmcounter10,jump,seed5,252,456.0
hpmcounter10,jump,seed5,253,456.0
hpmcounter10,jump,seed5,254,456.0
hpmcounter10,jump,seed5,255,456.0
hpmcounter10,jump,seed5,256,456.0
hpmcounter10,jump,seed5,257,456.0
hpmcounter10,jump,seed5,258,456.0
hpmcounter10,jump,seed5,259,456.0
hpmcounter10,jump,seed5,260,456.0
hpmcounter10,jump,seed5,261,456.0
hpmcounter10,jump,seed5,262,459.0
hpmcounter10,jump,seed5,263,464.3333333333333
hpmcounter10,jump,seed5,264,471.27878787878785
hpmcounter10,jump,seed5,265,476.23636363636365
hpmcounter10,jump,seed5,266,479.2060606060606
hpmcounter10,jump,seed5,267,480.1878787878788
hpmcounter10,jump,seed5,268,479.1818181818182
hpmcounter10,jump,seed5,269,476.1878787878788
hpmcounter10,jump,seed5,270,471.2060606060606
hpmcounter10,jump,seed5,271,464.23636363636365
hpmcounter10,jump,seed5,272,458.94545454545454
hpmcounter10,jump,seed5,273,456.0
hpmcounter10,jump,seed5,274,456.0
hpmcounter10,jump,seed5,275,456.0
hpmcounter10,jump,seed5,276,456.0
hpmcounter10,jump,seed5,277,456.0
hpmcounter10,jump,seed5,278,456.0
hpmcounter10,jump,seed5,279,456.0
hpmcounter10,jump,seed5,280,456.0
hpmcounter10,jump,seed5,281,456.0
hpmcounter10,jump,seed5,282,456.0
hpmcounter10,jump,seed5,283,456.0
hpmcounter10,jump,seed5,284,456.0
hpmcounter10,jump,seed5,285,456.0
hpmcounter10,jump,seed5,286,456.0
hpmcounter10,jump,seed5,287,456.0
hpmcounter10,jump,seed5,288,456.0
hpmcounter10,jump,seed5,289,456.0
hpmcounter10,jump,seed5,290,456.0
hpmcounter10,jump,seed5,291,456.0
hpmcounter10,jump,seed5,292,459.0
hpmcounter10,jump,seed5,293,464.27878787878785
hpmcounter10,jump,seed5,294,471.23636363636365
hpmcounter10,jump,seed5,295,479.2060606060606
hpmcounter10,jump,seed5,296,487.5212121212121
hpmcounter10,jump,seed5,297,495.5151515151515
hpmcounter10,jump,seed5,298,499.5212121212121
hpmcounter10,jump,seed6,9,459.5090909090909
hpmcounter10,jump,seed6,10,458.94545454545454
hpmcounter10,jump,seed6,11,458.06060606060606
hpmcounter10,jump,seed6,12,456.8424242424242
hpmcounter10,jump,seed6,13,455.27878787878785
hpmcounter10,jump,seed6,14,455.42424242424244
hpmcounter10,jump,seed6,15,455.57575757575756
hpmcounter10,jump,seed6,16,455.72121212121215
hpmcounter10,jump,seed6,17,455.8484848484849
hpmcounter10,jump,seed6,18,455.94545454545454
hpmcounter10,jump,seed6,19,456.0
hpmcounter10,jump,seed6,20,456.0
hpmcounter10,jump,seed6,21,456.0
hpmcounter10,jump,seed6,22,456.0
hpmcounter10,jump,seed6,23,456.0
hpmcounter10,jump,seed6,24,456.0
hpmcounter10,jump,seed6,25,456.0
hpmcounter10,jump,seed6,26,456.0
hpmcounter10,jump,seed6,27,456.0
hpmcounter10,jump,seed6,28,459.0
hpmcounter10,jump,seed6,29,464.3333333333333
hpmcounter10,jump,seed6,30,471.3333333333333
hpmcounter10,jump,seed6,31,479.3333333333333
hpmcounter10,jump,seed6,32,487.6666666666667
hpmcounter10,jump,seed6,33,492.6666666666667
hpmcounter10,jump,seed6,34,494.3333333333333
hpmcounter10,jump,seed6,35,492.6666666666667
hpmcounter10,jump,seed6,36,487.6666666666667
hpmcounter10,jump,seed6,37,479.3333333333333
hpmcounter10,jump,seed6,38,471.3333333333333
hpmcounter10,jump,seed6,39,464.3333333333333
hpmcounter10,jump,seed6,40,459.0
hpmcounter10,jump,seed6,41,456.0
hpmcounter10,jump,seed6,42,456.0
hpmcounter10,jump,seed6,43,456.0
hpmcounter10,jump,seed6,44,456.0
hpmcounter10,jump,seed6,45,456.0
hpmcounter10,jump,seed6,46,456.0
hpmcounter10,jump,seed6,47,456.0
hpmcounter10,jump,seed6,48,456.0
hpmcounter10,jump,seed6,49,456.0
hpmcounter10,jump,seed6,50,456.0
hpmcounter10,jump,seed6,51,456.0
hpmcounter10,jump,seed6,52,456.0
hpmcounter10,jump,seed6,53,456.0
hpmcounter10,jump,seed6,54,456.0
hpmcounter10,jump,seed6,55,456.0
hpmcounter10,jump,seed6,56,456.0
hpmcounter10,jump,seed6,57,456.0
hpmcounter10,jump,seed6,58,456.0
hpmcounter10,jump,seed6,59,456.0
hpmcounter10,jump,seed6,60,456.0
hpmcounter10,jump,seed6,61,456.0
hpmcounter10,jump,seed6,62,456.0
hpmcounter10,jump,seed6,63,456.0
hpmcounter10,jump,seed6,64,456.0
hpmcounter10,jump,seed6,65,456.0
hpmcounter10,jump,seed6,66,456.0
hpmcounter10,jump,seed6,67,456.0
hpmcounter10,jump,seed6,68,456.0
hpmcounter10,jump,seed6,69,456.0
hpmcounter10,jump,seed6,70,456.0
hpmcounter10,jump,seed6,71,456.0
hpmcounter10,jump,seed6,72,456.0
hpmcounter10,jump,seed6,73,456.0
hpmcounter10,jump,seed6,74,456.0
hpmcounter10,jump,seed6,75,456.0
hpmcounter10,jump,seed6,76,456.0
hpmcounter10,jump,seed6,77,456.0
hpmcounter10,jump,seed6,78,456.0
hpmcounter10,jump,seed6,79,456.0
hpmcounter10,jump,seed6,80,456.0
hpmcounter10,jump,seed6,81,456.0
hpmcounter10,jump,seed6,82,456.0
hpmcounter10,jump,seed6,83,456.0
hpmcounter10,jump,seed6,84,456.0
hpmcounter10,jump,seed6,85,456.0
hpmcounter10,jump,seed6,86,459.0
hpmcounter10,jump,seed6,87,464.27878787878785
hpmcounter10,jump,seed6,88,468.23636363636365
hpmcounter10,jump,seed6,89,470.8727272727273
hpmcounter10,jump,seed6,90,472.1878787878788
hpmcounter10,jump,seed6,91,472.1818181818182
hpmcounter10,jump,seed6,92,470.8545454545455
hpmcounter10,jump,seed6,93,468.2060606060606
hpmcounter10,jump,seed6,94,464.23636363636365
hpmcounter10,jump,seed6,95,458.94545454545454
hpmcounter10,jump,seed6,96,456.0
hpmcounter10,jump,seed6,97,456.0
hpmcounter10,jump,seed6,98,456.0
hpmcounter10,jump,seed6,99,456.0
hpmcounter10,jump,seed6,100,456.0
hpmcounter10,jump,seed6,101,456.0
hpmcounter10,jump,seed6,102,456.0
hpmcounter10,jump,seed6,103,456.0
hpmcounter10,jump,seed6,104,456.0
hpmcounter10,jump,seed6,105,456.0
hpmcounter10,jump,seed6,106,456.0
hpmcounter10,jump,seed6,107,456.0
hpmcounter10,jump,seed6,108,456.0
hpmcounter10,jump,seed6,109,456.0
hpmcounter10,jump,seed6,110,456.0
hpmcounter10,jump,seed6,111,456.0
hpmcounter10,jump,seed6,112,456.0
hpmcounter10,jump,seed6,113,456.0
hpmcounter10,jump,seed6,114,456.0
hpmcounter10,jump,seed6,115,456.0
hpmcounter10,jump,seed6,116,456.0
hpmcounter10,jump,seed6,117,456.0
hpmcounter10,jump,seed6,118,456.0
hpmcounter10,jump,seed6,119,456.0
hpmcounter10,jump,seed6,120,456.0
hpmcounter10,jump,seed6,121,456.0
hpmcounter10,jump,seed6,122,456.0
hpmcounter10,jump,seed6,123,456.0
hpmcounter10,jump,seed6,124,456.0
hpmcounter10,jump,seed6,125,456.0
hpmcounter10,jump,seed6,126,456.0
hpmcounter10,jump,seed6,127,456.0
hpmcounter10,jump,seed6,128,456.0
hpmcounter10,jump,seed6,129,456.0
hpmcounter10,jump,seed6,130,456.0
hpmcounter10,jump,seed6,131,456.0
hpmcounter10,jump,seed6,132,456.0
hpmcounter10,jump,seed6,133,456.0
hpmcounter10,jump,seed6,134,456.0
hpmcounter10,jump,seed6,135,456.0
hpmcounter10,jump,seed6,136,459.0
hpmcounter10,jump,seed6,137,461.3333333333333
hpmcounter10,jump,seed6,138,463.0
hpmcounter10,jump,seed6,139,467.0
hpmcounter10,jump,seed6,140,469.6666666666667
hpmcounter10,jump,seed6,141,471.0
hpmcounter10,jump,seed6,142,471.0
hpmcounter10,jump,seed6,143,469.6666666666667
hpmcounter10,jump,seed6,144,467.0
hpmcounter10,jump,seed6,145,463.0
hpmcounter10,jump,seed6,146,461.3333333333333
hpmcounter10,jump,seed6,147,459.0
hpmcounter10,jump,seed6,148,456.0
hpmcounter10,jump,seed6,149,456.0
hpmcounter10,jump,seed6,150,456.0
hpmcounter10,jump,seed6,151,459.0
hpmcounter10,jump,seed6,152,464.3333333333333
hpmcounter10,jump,seed6,153,471.3333333333333
hpmcounter10,jump,seed6,154,479.3333333333333
hpmcounter10,jump,seed6,155,487.6666666666667
hpmcounter10,jump,seed6,156,495.6666666666667
hpmcounter10,jump,seed6,157,502.6666666666667
hpmcounter10,jump,seed6,158,508.0
hpmcounter10,jump,seed6,159,511.0
hpmcounter10,jump,seed6,160,511.0
hpmcounter10,jump,seed6,161,510.94545454545454
hpmcounter10,jump,seed6,162,510.9030303030303
hpmcounter10,jump,seed6,163,510.8727272727273
hpmcounter10,jump,seed6,164,510.8545454545455
hpmcounter10,jump,seed6,165,510.8484848484849
hpmcounter10,jump,seed6,166,510.8545454545455
hpmcounter10,jump,seed6,167,510.8727272727273
hpmcounter10,jump,seed6,168,510.9030303030303
hpmcounter10,jump,seed6,169,510.94545454545454
hpmcounter10,jump,seed6,170,508.0
hpmcounter10,jump,seed6,171,502.6666666666667
hpmcounter10,jump,seed6,172,495.6666666666667
hpmcounter10,jump,seed6,173,487.6666666666667
hpmcounter10,jump,seed6,174,479.3333333333333
hpmcounter10,jump,seed6,175,471.3333333333333
hpmcounter10,jump,seed6,176,464.3333333333333
hpmcounter10,jump,seed6,177,459.0
hpmcounter10,jump,seed6,178,456.0
hpmcounter10,jump,seed6,179,456.0
hpmcounter10,jump,seed6,180,456.0
hpmcounter10,jump,seed6,181,456.0
hpmcounter10,jump,seed6,182,456.0
hpmcounter10,jump,seed6,183,456.0
hpmcounter10,jump,seed6,184,456.0
hpmcounter10,jump,seed6,185,456.0
hpmcounter10,jump,seed6,186,456.0
hpmcounter10,jump,seed6,187,456.0
hpmcounter10,jump,seed6,188,456.0
hpmcounter10,jump,seed6,189,456.0
hpmcounter10,jump,seed6,190,456.0
hpmcounter10,jump,seed6,191,456.0
hpmcounter10,jump,seed6,192,456.0
hpmcounter10,jump,seed6,193,456.0
hpmcounter10,jump,seed6,194,456.0
hpmcounter10,jump,seed6,195,456.0
hpmcounter10,jump,seed6,196,456.0
hpmcounter10,jump,seed6,197,456.0
hpmcounter10,jump,seed6,198,456.0
hpmcounter10,jump,seed6,199,456.0
hpmcounter10,jump,seed6,200,456.0
hpmcounter10,jump,seed6,201,456.0
hpmcounter10,jump,seed6,202,456.0
hpmcounter10,jump,seed6,203,459.0
hpmcounter10,jump,seed6,204,461.3333333333333
hpmcounter10,jump,seed6,205,463.0
hpmcounter10,jump,seed6,206,464.0
hpmcounter10,jump,seed6,207,464.3333333333333
hpmcounter10,jump,seed6,208,467.0
hpmcounter10,jump,seed6,209,468.3333333333333
hpmcounter10,jump,seed6,210,468.3333333333333
hpmcounter10,jump,seed6,211,467.0
hpmcounter10,jump,seed6,212,464.3333333333333
hpmcounter10,jump,seed6,213,464.0
hpmcounter10,jump,seed6,214,463.0
hpmcounter10,jump,seed6,215,461.3333333333333
hpmcounter10,jump,seed6,216,459.0
hpmcounter10,jump,seed6,217,456.0
hpmcounter10,jump,seed6,218,456.0
hpmcounter10,jump,seed6,219,456.0
hpmcounter10,jump,seed6,220,456.0
hpmcounter10,jump,seed6,221,456.0
hpmcounter10,jump,seed6,222,456.0
hpmcounter10,jump,seed6,223,456.0
hpmcounter10,jump,seed6,224,456.0
hpmcounter10,jump,seed6,225,456.0
hpmcounter10,jump,seed6,226,456.0
hpmcounter10,jump,seed6,227,456.0
hpmcounter10,jump,seed6,228,456.0
hpmcounter10,jump,seed6,229,456.0
hpmcounter10,jump,seed6,230,456.0
hpmcounter10,jump,seed6,231,456.0
hpmcounter10,jump,seed6,232,456.0
hpmcounter10,jump,seed6,233,456.0
hpmcounter10,jump,seed6,234,456.0
hpmcounter10,jump,seed6,235,456.0
hpmcounter10,jump,seed6,236,456.0
hpmcounter10,jump,seed6,237,456.0
hpmcounter10,jump,seed6,238,456.0
hpmcounter10,jump,seed6,239,456.0
hpmcounter10,jump,seed6,240,456.0
hpmcounter10,jump,seed6,241,456.0
hpmcounter10,jump,seed6,242,456.0
hpmcounter10,jump,seed6,243,456.0
hpmcounter10,jump,seed6,244,456.0
hpmcounter10,jump,seed6,245,456.0
hpmcounter10,jump,seed6,246,456.0
hpmcounter10,jump,seed6,247,456.0
hpmcounter10,jump,seed6,248,456.0
hpmcounter10,jump,seed6,249,456.0
hpmcounter10,jump,seed6,250,456.0
hpmcounter10,jump,seed6,251,456.0
hpmcounter10,jump,seed6,252,456.0
hpmcounter10,jump,seed6,253,456.0
hpmcounter10,jump,seed6,254,456.0
hpmcounter10,jump,seed6,255,456.0
hpmcounter10,jump,seed6,256,456.0
hpmcounter10,jump,seed6,257,456.0
hpmcounter10,jump,seed6,258,456.0
hpmcounter10,jump,seed6,259,456.0
hpmcounter10,jump,seed6,260,456.0
hpmcounter10,jump,seed6,261,456.0
hpmcounter10,jump,seed6,262,456.0
hpmcounter10,jump,seed6,263,456.0
hpmcounter10,jump,seed6,264,456.0
hpmcounter10,jump,seed6,265,456.0
hpmcounter10,jump,seed6,266,456.0
hpmcounter10,jump,seed6,267,456.0
hpmcounter10,jump,seed6,268,456.0
hpmcounter10,jump,seed6,269,456.0
hpmcounter10,jump,seed6,270,456.0
hpmcounter10,jump,seed6,271,456.0
hpmcounter10,jump,seed6,272,456.0
hpmcounter10,jump,seed6,273,456.0
hpmcounter10,jump,seed6,274,456.0
hpmcounter10,jump,seed6,275,456.0
hpmcounter10,jump,seed6,276,456.0
hpmcounter10,jump,seed6,277,456.0
hpmcounter10,jump,seed6,278,459.0
hpmcounter10,jump,seed6,279,464.3333333333333
hpmcounter10,jump,seed6,280,471.3333333333333
hpmcounter10,jump,seed6,281,476.3333333333333
hpmcounter10,jump,seed6,282,479.3333333333333
hpmcounter10,jump,seed6,283,480.3333333333333
hpmcounter10,jump,seed6,284,479.3333333333333
hpmcounter10,jump,seed6,285,479.3333333333333
hpmcounter10,jump,seed6,286,476.6666666666667
hpmcounter10,jump,seed6,287,471.3333333333333
hpmcounter10,jump,seed6,288,467.0
hpmcounter10,jump,seed6,289,464.3333333333333
hpmcounter10,jump,seed6,290,464.0
hpmcounter10,jump,seed6,291,463.0
hpmcounter10,jump,seed6,292,461.3333333333333
hpmcounter10,jump,seed6,293,459.0
hpmcounter10,jump,seed6,294,456.0
hpmcounter10,jump,seed6,295,456.0
hpmcounter10,jump,seed6,296,456.0
hpmcounter10,jump,seed6,297,456.0
hpmcounter10,jump,seed6,298,456.0
hpmcounter10,jump,seed7,9,455.0
hpmcounter10,jump,seed7,10,455.0
hpmcounter10,jump,seed7,11,455.05454545454546
hpmcounter10,jump,seed7,12,455.1515151515151
hpmcounter10,jump,seed7,13,455.27878787878785
hpmcounter10,jump,seed7,14,455.42424242424244
hpmcounter10,jump,seed7,15,455.57575757575756
hpmcounter10,jump,seed7,16,455.72121212121215
hpmcounter10,jump,seed7,17,455.8484848484849
hpmcounter10,jump,seed7,18,455.94545454545454
hpmcounter10,jump,seed7,19,456.0
hpmcounter10,jump,seed7,20,456.0
hpmcounter10,jump,seed7,21,456.0
hpmcounter10,jump,seed7,22,456.0
hpmcounter10,jump,seed7,23,456.0
hpmcounter10,jump,seed7,24,456.0
hpmcounter10,jump,seed7,25,456.0
hpmcounter10,jump,seed7,26,456.0
hpmcounter10,jump,seed7,27,456.0
hpmcounter10,jump,seed7,28,456.0
hpmcounter10,jump,seed7,29,456.0
hpmcounter10,jump,seed7,30,456.0
hpmcounter10,jump,seed7,31,459.0
hpmcounter10,jump,seed7,32,464.27878787878785
hpmcounter10,jump,seed7,33,471.1818181818182
hpmcounter10,jump,seed7,34,476.1090909090909
hpmcounter10,jump,seed7,35,479.06060606060606
hpmcounter10,jump,seed7,36,480.03636363636366
hpmcounter10,jump,seed7,37,479.03636363636366
hpmcounter10,jump,seed7,38,476.06060606060606
hpmcounter10,jump,seed7,39,471.1090909090909
hpmcounter10,jump,seed7,40,464.1818181818182
hpmcounter10,jump,seed7,41,458.94545454545454
hpmcounter10,jump,seed7,42,456.0
hpmcounter10,jump,seed7,43,456.0
hpmcounter10,jump,seed7,44,456.0
hpmcounter10,jump,seed7,45,456.0
hpmcounter10,jump,seed7,46,456.0
hpmcounter10,jump,seed7,47,456.0
hpmcounter10,jump,seed7,48,456.0
hpmcounter10,jump,seed7,49,456.0
hpmcounter10,jump,seed7,50,456.0
hpmcounter10,jump,seed7,51,456.0
hpmcounter10,jump,seed7,52,456.0
hpmcounter10,jump,seed7,53,456.0
hpmcounter10,jump,seed7,54,456.0
hpmcounter10,jump,seed7,55,456.0
hpmcounter10,jump,seed7,56,456.0
hpmcounter10,jump,seed7,57,456.0
hpmcounter10,jump,seed7,58,456.0
hpmcounter10,jump,seed7,59,456.0
hpmcounter10,jump,seed7,60,459.0
hpmcounter10,jump,seed7,61,461.3333333333333
hpmcounter10,jump,seed7,62,463.0
hpmcounter10,jump,seed7,63,464.0
hpmcounter10,jump,seed7,64,464.3333333333333
hpmcounter10,jump,seed7,65,464.0
hpmcounter10,jump,seed7,66,463.0
hpmcounter10,jump,seed7,67,461.3333333333333
hpmcounter10,jump,seed7,68,459.0
hpmcounter10,jump,seed7,69,456.0
hpmcounter10,jump,seed7,70,456.0
hpmcounter10,jump,seed7,71,456.0
hpmcounter10,jump,seed7,72,456.0
hpmcounter10,jump,seed7,73,456.0
hpmcounter10,jump,seed7,74,456.0
hpmcounter10,jump,seed7,75,456.0
hpmcounter10,jump,seed7,76,456.0
hpmcounter10,jump,seed7,77,456.0
hpmcounter10,jump,seed7,78,456.0
hpmcounter10,jump,seed7,79,456.0
hpmcounter10,jump,seed7,80,456.0
hpmcounter10,jump,seed7,81,456.0
hpmcounter10,jump,seed7,82,456.0
hpmcounter10,jump,seed7,83,456.0
hpmcounter10,jump,seed7,84,456.0
hpmcounter10,jump,seed7,85,456.0
hpmcounter10,jump,seed7,86,456.0
hpmcounter10,jump,seed7,87,456.0
hpmcounter10,jump,seed7,88,456.0
hpmcounter10,jump,seed7,89,456.0
hpmcounter10,jump,seed7,90,456.0
hpmcounter10,jump,seed7,91,456.0
hpmcounter10,jump,seed7,92,456.0
hpmcounter10,jump,seed7,93,456.0
hpmcounter10,jump,seed7,94,456.0
hpmcounter10,jump,seed7,95,456.0
hpmcounter10,jump,seed7,96,456.0
hpmcounter10,jump,seed7,97,456.0
hpmcounter10,jump,seed7,98,456.0
hpmcounter10,jump,seed7,99,456.0
hpmcounter10,jump,seed7,100,456.0
hpmcounter10,jump,seed7,101,456.0
hpmcounter10,jump,seed7,102,456.0
hpmcounter10,jump,seed7,103,456.0
hpmcounter10,jump,seed7,104,456.0
hpmcounter10,jump,seed7,105,456.0
hpmcounter10,jump,seed7,106,456.0
hpmcounter10,jump,seed7,107,456.0
hpmcounter10,jump,seed7,108,456.0
hpmcounter10,jump,seed7,109,456.0
hpmcounter10,jump,seed7,110,456.0
hpmcounter10,jump,seed7,111,456.0
hpmcounter10,jump,seed7,112,456.0
hpmcounter10,jump,seed7,113,456.0
hpmcounter10,jump,seed7,114,456.0
hpmcounter10,jump,seed7,115,456.0
hpmcounter10,jump,seed7,116,456.0
hpmcounter10,jump,seed7,117,456.0
hpmcounter10,jump,seed7,118,459.0
hpmcounter10,jump,seed7,119,461.3333333333333
hpmcounter10,jump,seed7,120,463.0
hpmcounter10,jump,seed7,121,464.0
hpmcounter10,jump,seed7,122,464.3333333333333
hpmcounter10,jump,seed7,123,464.0
hpmcounter10,jump,seed7,124,463.0
hpmcounter10,jump,seed7,125,461.3333333333333
hpmcounter10,jump,seed7,126,459.0
hpmcounter10,jump,seed7,127,456.0
hpmcounter10,jump,seed7,128,456.0
hpmcounter10,jump,seed7,129,456.0
hpmcounter10,jump,seed7,130,456.0
hpmcounter10,jump,seed7,131,456.0
hpmcounter10,jump,seed7,132,456.0
hpmcounter10,jump,seed7,133,456.0
hpmcounter10,jump,seed7,134,456.0
hpmcounter10,jump,seed7,135,456.0
hpmcounter10,jump,seed7,136,456.0
hpmcounter10,jump,seed7,137,456.0
hpmcounter10,jump,seed7,138,456.0
hpmcounter10,jump,seed7,139,456.0
hpmcounter10,jump,seed7,140,456.0
hpmcounter10,jump,seed7,141,456.0
hpmcounter10,jump,seed7,142,456.0
hpmcounter10,jump,seed7,143,456.0
hpmcounter10,jump,seed7,144,456.0
hpmcounter10,jump,seed7,145,456.0
hpmcounter10,jump,seed7,146,456.0
hpmcounter10,jump,seed7,147,456.0
hpmcounter10,jump,seed7,148,456.0
hpmcounter10,jump,seed7,149,456.0
hpmcounter10,jump,seed7,150,456.0
hpmcounter10,jump,seed7,151,459.0
hpmcounter10,jump,seed7,152,464.3333333333333
hpmcounter10,jump,seed7,153,471.3333333333333
hpmcounter10,jump,seed7,154,479.3333333333333
hpmcounter10,jump,seed7,155,487.6666666666667
hpmcounter10,jump,seed7,156,495.6666666666667
hpmcounter10,jump,seed7,157,502.6666666666667
hpmcounter10,jump,seed7,158,508.0
hpmcounter10,jump,seed7,159,511.0
hpmcounter10,jump,seed7,160,511.0
hpmcounter10,jump,seed7,161,510.94545454545454
hpmcounter10,jump,seed7,162,510.8484848484849
hpmcounter10,jump,seed7,163,510.72121212121215
hpmcounter10,jump,seed7,164,510.630303030303
hpmcounter10,jump,seed7,165,510.57575757575756
hpmcounter10,jump,seed7,166,510.55757575757576
hpmcounter10,jump,seed7,167,510.5212121212121
hpmcounter10,jump,seed7,168,507.53333333333336
hpmcounter10,jump,seed7,169,502.26060606060605
hpmcounter10,jump,seed7,170,495.369696969697
hpmcounter10,jump,seed7,171,487.46060606060604
hpmcounter10,jump,seed7,172,479.1878787878788
hpmcounter10,jump,seed7,173,471.2060606060606
hpmcounter10,jump,seed7,174,464.23636363636365
hpmcounter10,jump,seed7,175,458.94545454545454
hpmcounter10,jump,seed7,176,456.0
hpmcounter10,jump,seed7,177,456.0
hpmcounter10,jump,seed7,178,456.0
hpmcounter10,jump,seed7,179,456.0
hpmcounter10,jump,seed7,180,456.0
hpmcounter10,jump,seed7,181,456.0
hpmcounter10,jump,seed7,182,456.0
hpmcounter10,jump,seed7,183,456.0
hpmcounter10,jump,seed7,184,456.0
hpmcounter10,jump,seed7,185,456.0
hpmcounter10,jump,seed7,186,456.0
hpmcounter10,jump,seed7,187,456.0
hpmcounter10,jump,seed7,188,456.0
hpmcounter10,jump,seed7,189,456.0
hpmcounter10,jump,seed7,190,456.0
hpmcounter10,jump,seed7,191,456.0
hpmcounter10,jump,seed7,192,456.0
hpmcounter10,jump,seed7,193,456.0
hpmcounter10,jump,seed7,194,456.0
hpmcounter10,jump,seed7,195,456.0
hpmcounter10,jump,seed7,196,456.0
hpmcounter10,jump,seed7,197,456.0
hpmcounter10,jump,seed7,198,456.0
hpmcounter10,jump,seed7,199,456.0
hpmcounter10,jump,seed7,200,456.0
hpmcounter10,jump,seed7,201,456.0
hpmcounter10,jump,seed7,202,456.0
hpmcounter10,jump,seed7,203,456.0
hpmcounter10,jump,seed7,204,456.0
hpmcounter10,jump,seed7,205,456.0
hpmcounter10,jump,seed7,206,456.0
hpmcounter10,jump,seed7,207,456.0
hpmcounter10,jump,seed7,208,456.0
hpmcounter10,jump,seed7,209,456.0
hpmcounter10,jump,seed7,210,456.0
hpmcounter10,jump,seed7,211,456.0
hpmcounter10,jump,seed7,212,456.0
hpmcounter10,jump,seed7,213,456.0
hpmcounter10,jump,seed7,214,456.0
hpmcounter10,jump,seed7,215,456.0
hpmcounter10,jump,seed7,216,456.0
hpmcounter10,jump,seed7,217,456.0
hpmcounter10,jump,seed7,218,456.0
hpmcounter10,jump,seed7,219,456.0
hpmcounter10,jump,seed7,220,456.0
hpmcounter10,jump,seed7,221,456.0
hpmcounter10,jump,seed7,222,456.0
hpmcounter10,jump,seed7,223,456.0
hpmcounter10,jump,seed7,224,456.0
hpmcounter10,jump,seed7,225,456.0
hpmcounter10,jump,seed7,226,456.0
hpmcounter10,jump,seed7,227,456.0
hpmcounter10,jump,seed7,228,456.0
hpmcounter10,jump,seed7,229,456.0
hpmcounter10,jump,seed7,230,456.0
hpmcounter10,jump,seed7,231,456.0
hpmcounter10,jump,seed7,232,456.0
hpmcounter10,jump,seed7,233,456.0
hpmcounter10,jump,seed7,234,456.0
hpmcounter10,jump,seed7,235,456.0
hpmcounter10,jump,seed7,236,456.0
hpmcounter10,jump,seed7,237,456.0
hpmcounter10,jump,seed7,238,456.0
hpmcounter10,jump,seed7,239,456.0
hpmcounter10,jump,seed7,240,456.0
hpmcounter10,jump,seed7,241,456.0
hpmcounter10,jump,seed7,242,456.0
hpmcounter10,jump,seed7,243,456.0
hpmcounter10,jump,seed7,244,456.0
hpmcounter10,jump,seed7,245,459.0
hpmcounter10,jump,seed7,246,464.3333333333333
hpmcounter10,jump,seed7,247,471.3333333333333
hpmcounter10,jump,seed7,248,479.3333333333333
hpmcounter10,jump,seed7,249,484.6666666666667
hpmcounter10,jump,seed7,250,487.3333333333333
hpmcounter10,jump,seed7,251,487.3333333333333
hpmcounter10,jump,seed7,252,484.6666666666667
hpmcounter10,jump,seed7,253,479.3333333333333
hpmcounter10,jump,seed7,254,471.3333333333333
hpmcounter10,jump,seed7,255,464.3333333333333
hpmcounter10,jump,seed7,256,459.0
hpmcounter10,jump,seed7,257,456.0
hpmcounter10,jump,seed7,258,456.0
hpmcounter10,jump,seed7,259,456.0
hpmcounter10,jump,seed7,260,456.0
hpmcounter10,jump,seed7,261,456.0
hpmcounter10,jump,seed7,262,456.0
hpmcounter10,jump,seed7,263,456.0
hpmcounter10,jump,seed7,264,456.0
hpmcounter10,jump,seed7,265,456.0
hpmcounter10,jump,seed7,266,456.0
hpmcounter10,jump,seed7,267,456.0
hpmcounter10,jump,seed7,268,456.0
hpmcounter10,jump,seed7,269,456.0
hpmcounter10,jump,seed7,270,456.0
hpmcounter10,jump,seed7,271,456.0
hpmcounter10,jump,seed7,272,456.0
hpmcounter10,jump,seed7,273,456.0
hpmcounter10,jump,seed7,274,456.0
hpmcounter10,jump,seed7,275,456.0
hpmcounter10,jump,seed7,276,456.0
hpmcounter10,jump,seed7,277,456.0
hpmcounter10,jump,seed7,278,456.0
hpmcounter10,jump,seed7,279,456.0
hpmcounter10,jump,seed7,280,456.0
hpmcounter10,jump,seed7,281,456.0
hpmcounter10,jump,seed7,282,456.0
hpmcounter10,jump,seed7,283,456.0
hpmcounter10,jump,seed7,284,456.0
hpmcounter10,jump,seed7,285,456.0
hpmcounter10,jump,seed7,286,456.0
hpmcounter10,jump,seed7,287,456.0
hpmcounter10,jump,seed7,288,456.0
hpmcounter10,jump,seed7,289,456.0
hpmcounter10,jump,seed7,290,456.0
hpmcounter10,jump,seed7,291,456.0
hpmcounter10,jump,seed7,292,456.0
hpmcounter10,jump,seed7,293,456.0
hpmcounter10,jump,seed7,294,456.0
hpmcounter10,jump,seed7,295,456.0
hpmcounter10,jump,seed7,296,456.0
hpmcounter10,jump,seed7,297,456.0
hpmcounter10,jump,seed7,298,456.0
hpmcounter10,jump,seed8,9,455.0
hpmcounter10,jump,seed8,10,455.0
hpmcounter10,jump,seed8,11,455.05454545454546
hpmcounter10,jump,seed8,12,455.1515151515151
hpmcounter10,jump,seed8,13,455.27878787878785
hpmcounter10,jump,seed8,14,455.42424242424244
hpmcounter10,jump,seed8,15,455.57575757575756
hpmcounter10,jump,seed8,16,455.72121212121215
hpmcounter10,jump,seed8,17,455.8484848484849
hpmcounter10,jump,seed8,18,455.94545454545454
hpmcounter10,jump,seed8,19,456.0
hpmcounter10,jump,seed8,20,456.0
hpmcounter10,jump,seed8,21,456.0
hpmcounter10,jump,seed8,22,456.0
hpmcounter10,jump,seed8,23,456.0
hpmcounter10,jump,seed8,24,456.0
hpmcounter10,jump,seed8,25,456.0
hpmcounter10,jump,seed8,26,456.0
hpmcounter10,jump,seed8,27,456.0
hpmcounter10,jump,seed8,28,456.0
hpmcounter10,jump,seed8,29,456.0
hpmcounter10,jump,seed8,30,456.0
hpmcounter10,jump,seed8,31,456.0
hpmcounter10,jump,seed8,32,456.0
hpmcounter10,jump,seed8,33,456.0
hpmcounter10,jump,seed8,34,456.0
hpmcounter10,jump,seed8,35,456.0
hpmcounter10,jump,seed8,36,456.0
hpmcounter10,jump,seed8,37,456.0
hpmcounter10,jump,seed8,38,456.0
hpmcounter10,jump,seed8,39,456.0
hpmcounter10,jump,seed8,40,456.0
hpmcounter10,jump,seed8,41,456.0
hpmcounter10,jump,seed8,42,456.0
hpmcounter10,jump,seed8,43,456.0
hpmcounter10,jump,seed8,44,456.0
hpmcounter10,jump,seed8,45,456.0
hpmcounter10,jump,seed8,46,456.0
hpmcounter10,jump,seed8,47,456.0
hpmcounter10,jump,seed8,48,456.0
hpmcounter10,jump,seed8,49,456.0
hpmcounter10,jump,seed8,50,456.0
hpmcounter10,jump,seed8,51,456.0
hpmcounter10,jump,seed8,52,456.0
hpmcounter10,jump,seed8,53,456.0
hpmcounter10,jump,seed8,54,456.0
hpmcounter10,jump,seed8,55,456.0
hpmcounter10,jump,seed8,56,459.0
hpmcounter10,jump,seed8,57,464.3333333333333
hpmcounter10,jump,seed8,58,471.3333333333333
hpmcounter10,jump,seed8,59,476.3333333333333
hpmcounter10,jump,seed8,60,479.3333333333333
hpmcounter10,jump,seed8,61,483.3333333333333
hpmcounter10,jump,seed8,62,487.6121212121212
hpmcounter10,jump,seed8,63,488.56969696969696
hpmcounter10,jump,seed8,64,486.2060606060606
hpmcounter10,jump,seed8,65,480.5212121212121
hpmcounter10,jump,seed8,66,475.1818181818182
hpmcounter10,jump,seed8,67,470.8545454545455
hpmcounter10,jump,seed8,68,468.2060606060606
hpmcounter10,jump,seed8,69,464.23636363636365
hpmcounter10,jump,seed8,70,458.94545454545454
hpmcounter10,jump,seed8,71,456.0
hpmcounter10,jump,seed8,72,456.0
hpmcounter10,jump,seed8,73,456.0
hpmcounter10,jump,seed8,74,456.0
hpmcounter10,jump,seed8,75,456.0
hpmcounter10,jump,seed8,76,456.0
hpmcounter10,jump,seed8,77,459.0
hpmcounter10,jump,seed8,78,461.3333333333333
hpmcounter10,jump,seed8,79,463.0
hpmcounter10,jump,seed8,80,464.0
hpmcounter10,jump,seed8,81,464.3333333333333
hpmcounter10,jump,seed8,82,464.0
hpmcounter10,jump,seed8,83,463.0
hpmcounter10,jump,seed8,84,461.3333333333333
hpmcounter10,jump,seed8,85,459.0
hpmcounter10,jump,seed8,86,456.0
hpmcounter10,jump,seed8,87,456.0
hpmcounter10,jump,seed8,88,456.0
hpmcounter10,jump,seed8,89,456.0
hpmcounter10,jump,seed8,90,456.0
hpmcounter10,jump,seed8,91,456.0
hpmcounter10,jump,seed8,92,456.0
hpmcounter10,jump,seed8,93,456.0
hpmcounter10,jump,seed8,94,456.0
hpmcounter10,jump,seed8,95,456.0
hpmcounter10,jump,seed8,96,456.0
hpmcounter10,jump,seed8,97,456.0
hpmcounter10,jump,seed8,98,456.0
hpmcounter10,jump,seed8,99,456.0
hpmcounter10,jump,seed8,100,456.0
hpmcounter10,jump,seed8,101,456.0
hpmcounter10,jump,seed8,102,456.0
hpmcounter10,jump,seed8,103,456.0
hpmcounter10,jump,seed8,104,456.0
hpmcounter10,jump,seed8,105,456.0
hpmcounter10,jump,seed8,106,456.0
hpmcounter10,jump,seed8,107,456.0
hpmcounter10,jump,seed8,108,456.0
hpmcounter10,jump,seed8,109,456.0
hpmcounter10,jump,seed8,110,456.0
hpmcounter10,jump,seed8,111,456.0
hpmcounter10,jump,seed8,112,456.0
hpmcounter10,jump,seed8,113,456.0
hpmcounter10,jump,seed8,114,456.0
hpmcounter10,jump,seed8,115,456.0
hpmcounter10,jump,seed8,116,456.0
hpmcounter10,jump,seed8,117,456.0
hpmcounter10,jump,seed8,118,456.0
hpmcounter10,jump,seed8,119,456.0
hpmcounter10,jump,seed8,120,456.0
hpmcounter10,jump,seed8,121,456.0
hpmcounter10,jump,seed8,122,456.0
hpmcounter10,jump,seed8,123,456.0
hpmcounter10,jump,seed8,124,456.0
hpmcounter10,jump,seed8,125,456.0
hpmcounter10,jump,seed8,126,456.0
hpmcounter10,jump,seed8,127,456.0
hpmcounter10,jump,seed8,128,456.0
hpmcounter10,jump,seed8,129,456.0
hpmcounter10,jump,seed8,130,456.0
hpmcounter10,jump,seed8,131,456.0
hpmcounter10,jump,seed8,132,456.0
hpmcounter10,jump,seed8,133,456.0
hpmcounter10,jump,seed8,134,456.0
hpmcounter10,jump,seed8,135,456.0
hpmcounter10,jump,seed8,136,456.0
hpmcounter10,jump,seed8,137,456.0
hpmcounter10,jump,seed8,138,459.0
hpmcounter10,jump,seed8,139,464.3333333333333
hpmcounter10,jump,seed8,140,471.3333333333333
hpmcounter10,jump,seed8,141,479.3333333333333
hpmcounter10,jump,seed8,142,487.6666666666667
hpmcounter10,jump,seed8,143,495.6666666666667
hpmcounter10,jump,seed8,144,502.6666666666667
hpmcounter10,jump,seed8,145,507.94545454545454
hpmcounter10,jump,seed8,146,507.9030303030303
hpmcounter10,jump,seed8,147,502.53939393939396
hpmcounter10,jump,seed8,148,495.5212121212121
hpmcounter10,jump,seed8,149,487.5151515151515
hpmcounter10,jump,seed8,150,479.1878787878788
hpmcounter10,jump,seed8,151,474.2060606060606
hpmcounter10,jump,seed8,152,472.56969696969696
hpmcounter10,jump,seed8,153,474.27878787878785
hpmcounter10,jump,seed8,154,479.3333333333333
hpmcounter10,jump,seed8,155,487.6666666666667
hpmcounter10,jump,seed8,156,495.6666666666667
hpmcounter10,jump,seed8,157,502.6666666666667
hpmcounter10,jump,seed8,158,508.0
hpmcounter10,jump,seed8,159,511.0
hpmcounter10,jump,seed8,160,511.0
hpmcounter10,jump,seed8,161,510.94545454545454
hpmcounter10,jump,seed8,162,510.9030303030303
hpmcounter10,jump,seed8,163,510.8727272727273
hpmcounter10,jump,seed8,164,510.8545454545455
hpmcounter10,jump,seed8,165,510.8484848484849
hpmcounter10,jump,seed8,166,510.8545454545455
hpmcounter10,jump,seed8,167,510.8727272727273
hpmcounter10,jump,seed8,168,510.9030303030303
hpmcounter10,jump,seed8,169,510.94545454545454
hpmcounter10,jump,seed8,170,511.0
hpmcounter10,jump,seed8,171,510.94545454545454
hpmcounter10,jump,seed8,172,507.9030303030303
hpmcounter10,jump,seed8,173,502.53939393939396
hpmcounter10,jump,seed8,174,495.5212121212121
hpmcounter10,jump,seed8,175,487.5151515151515
hpmcounter10,jump,seed8,176,479.1878787878788
hpmcounter10,jump,seed8,177,471.2060606060606
hpmcounter10,jump,seed8,178,464.23636363636365
hpmcounter10,jump,seed8,179,458.94545454545454
hpmcounter10,jump,seed8,180,456.0
hpmcounter10,jump,seed8,181,456.0
hpmcounter10,jump,seed8,182,456.0
hpmcounter10,jump,seed8,183,456.0
hpmcounter10,jump,seed8,184,456.0
hpmcounter10,jump,seed8,185,456.0
hpmcounter10,jump,seed8,186,456.0
hpmcounter10,jump,seed8,187,456.0
hpmcounter10,jump,seed8,188,456.0
hpmcounter10,jump,seed8,189,456.0
hpmcounter10,jump,seed8,190,456.0
hpmcounter10,jump,seed8,191,456.0
hpmcounter10,jump,seed8,192,456.0
hpmcounter10,jump,seed8,193,456.0
hpmcounter10,jump,seed8,194,456.0
hpmcounter10,jump,seed8,195,456.0
hpmcounter10,jump,seed8,196,456.0
hpmcounter10,jump,seed8,197,456.0
hpmcounter10,jump,seed8,198,456.0
hpmcounter10,jump,seed8,199,456.0
hpmcounter10,jump,seed8,200,456.0
hpmcounter10,jump,seed8,201,456.0
hpmcounter10,jump,seed8,202,456.0
hpmcounter10,jump,seed8,203,456.0
hpmcounter10,jump,seed8,204,456.0
hpmcounter10,jump,seed8,205,456.0
hpmcounter10,jump,seed8,206,456.0
hpmcounter10,jump,seed8,207,456.0
hpmcounter10,jump,seed8,208,456.0
hpmcounter10,jump,seed8,209,456.0
hpmcounter10,jump,seed8,210,456.0
hpmcounter10,jump,seed8,211,456.0
hpmcounter10,jump,seed8,212,456.0
hpmcounter10,jump,seed8,213,456.0
hpmcounter10,jump,seed8,214,456.0
hpmcounter10,jump,seed8,215,456.0
hpmcounter10,jump,seed8,216,456.0
hpmcounter10,jump,seed8,217,456.0
hpmcounter10,jump,seed8,218,456.0
hpmcounter10,jump,seed8,219,456.0
hpmcounter10,jump,seed8,220,456.0
hpmcounter10,jump,seed8,221,456.0
hpmcounter10,jump,seed8,222,456.0
hpmcounter10,jump,seed8,223,456.0
hpmcounter10,jump,seed8,224,456.0
hpmcounter10,jump,seed8,225,456.0
hpmcounter10,jump,seed8,226,456.0
hpmcounter10,jump,seed8,227,456.0
hpmcounter10,jump,seed8,228,456.0
hpmcounter10,jump,seed8,229,456.0
hpmcounter10,jump,seed8,230,456.0
hpmcounter10,jump,seed8,231,456.0
hpmcounter10,jump,seed8,232,456.0
hpmcounter10,jump,seed8,233,456.0
hpmcounter10,jump,seed8,234,456.0
hpmcounter10,jump,seed8,235,456.0
hpmcounter10,jump,seed8,236,456.0
hpmcounter10,jump,seed8,237,456.0
hpmcounter10,jump,seed8,238,456.0
hpmcounter10,jump,seed8,239,456.0
hpmcounter10,jump,seed8,240,456.0
hpmcounter10,jump,seed8,241,456.0
hpmcounter10,jump,seed8,242,456.0
hpmcounter10,jump,seed8,243,456.0
hpmcounter10,jump,seed8,244,459.0
hpmcounter10,jump,seed8,245,461.3333333333333
hpmcounter10,jump,seed8,246,463.0
hpmcounter10,jump,seed8,247,464.0
hpmcounter10,jump,seed8,248,464.3333333333333
hpmcounter10,jump,seed8,249,464.0
hpmcounter10,jump,seed8,250,463.0
hpmcounter10,jump,seed8,251,461.3333333333333
hpmcounter10,jump,seed8,252,459.0
hpmcounter10,jump,seed8,253,456.0
hpmcounter10,jump,seed8,254,456.0
hpmcounter10,jump,seed8,255,456.0
hpmcounter10,jump,seed8,256,456.0
hpmcounter10,jump,seed8,257,456.0
hpmcounter10,jump,seed8,258,456.0
hpmcounter10,jump,seed8,259,456.0
hpmcounter10,jump,seed8,260,456.0
hpmcounter10,jump,seed8,261,456.0
hpmcounter10,jump,seed8,262,456.0
hpmcounter10,jump,seed8,263,456.0
hpmcounter10,jump,seed8,264,456.0
hpmcounter10,jump,seed8,265,456.0
hpmcounter10,jump,seed8,266,456.0
hpmcounter10,jump,seed8,267,456.0
hpmcounter10,jump,seed8,268,456.0
hpmcounter10,jump,seed8,269,456.0
hpmcounter10,jump,seed8,270,456.0
hpmcounter10,jump,seed8,271,456.0
hpmcounter10,jump,seed8,272,456.0
hpmcounter10,jump,seed8,273,456.0
hpmcounter10,jump,seed8,274,456.0
hpmcounter10,jump,seed8,275,456.0
hpmcounter10,jump,seed8,276,456.0
hpmcounter10,jump,seed8,277,456.0
hpmcounter10,jump,seed8,278,456.0
hpmcounter10,jump,seed8,279,456.0
hpmcounter10,jump,seed8,280,456.0
hpmcounter10,jump,seed8,281,456.0
hpmcounter10,jump,seed8,282,456.0
hpmcounter10,jump,seed8,283,456.0
hpmcounter10,jump,seed8,284,456.0
hpmcounter10,jump,seed8,285,456.0
hpmcounter10,jump,seed8,286,456.0
hpmcounter10,jump,seed8,287,456.0
hpmcounter10,jump,seed8,288,456.0
hpmcounter10,jump,seed8,289,456.0
hpmcounter10,jump,seed8,290,456.0
hpmcounter10,jump,seed8,291,456.0
hpmcounter10,jump,seed8,292,456.0
hpmcounter10,jump,seed8,293,456.0
hpmcounter10,jump,seed8,294,456.0
hpmcounter10,jump,seed8,295,456.0
hpmcounter10,jump,seed8,296,456.0
hpmcounter10,jump,seed8,297,456.0
hpmcounter10,jump,seed8,298,456.0
hpmcounter10,jump,seed9,9,455.0
hpmcounter10,jump,seed9,10,455.0
hpmcounter10,jump,seed9,11,455.05454545454546
hpmcounter10,jump,seed9,12,455.1515151515151
hpmcounter10,jump,seed9,13,455.27878787878785
hpmcounter10,jump,seed9,14,455.42424242424244
hpmcounter10,jump,seed9,15,455.57575757575756
hpmcounter10,jump,seed9,16,455.72121212121215
hpmcounter10,jump,seed9,17,455.8484848484849
hpmcounter10,jump,seed9,18,455.94545454545454
hpmcounter10,jump,seed9,19,456.0
hpmcounter10,jump,seed9,20,456.0
hpmcounter10,jump,seed9,21,456.0
hpmcounter10,jump,seed9,22,456.0
hpmcounter10,jump,seed9,23,456.0
hpmcounter10,jump,seed9,24,456.0
hpmcounter10,jump,seed9,25,456.0
hpmcounter10,jump,seed9,26,456.0
hpmcounter10,jump,seed9,27,456.0
hpmcounter10,jump,seed9,28,456.0
hpmcounter10,jump,seed9,29,456.0
hpmcounter10,jump,seed9,30,456.0
hpmcounter10,jump,seed9,31,456.0
hpmcounter10,jump,seed9,32,456.0
hpmcounter10,jump,seed9,33,456.0
hpmcounter10,jump,seed9,34,456.0
hpmcounter10,jump,seed9,35,456.0
hpmcounter10,jump,seed9,36,456.0
hpmcounter10,jump,seed9,37,456.0
hpmcounter10,jump,seed9,38,456.0
hpmcounter10,jump,seed9,39,456.0
hpmcounter10,jump,seed9,40,456.0
hpmcounter10,jump,seed9,41,456.0
hpmcounter10,jump,seed9,42,456.0
hpmcounter10,jump,seed9,43,456.0
hpmcounter10,jump,seed9,44,456.0
hpmcounter10,jump,seed9,45,456.0
hpmcounter10,jump,seed9,46,456.0
hpmcounter10,jump,seed9,47,456.0
hpmcounter10,jump,seed9,48,456.0
hpmcounter10,jump,seed9,49,456.0
hpmcounter10,jump,seed9,50,456.0
hpmcounter10,jump,seed9,51,456.0
hpmcounter10,jump,seed9,52,456.0
hpmcounter10,jump,seed9,53,456.0
hpmcounter10,jump,seed9,54,456.0
hpmcounter10,jump,seed9,55,456.0
hpmcounter10,jump,seed9,56,456.0
hpmcounter10,jump,seed9,57,456.0
hpmcounter10,jump,seed9,58,456.0
hpmcounter10,jump,seed9,59,456.0
hpmcounter10,jump,seed9,60,456.0
hpmcounter10,jump,seed9,61,456.0
hpmcounter10,jump,seed9,62,456.0
hpmcounter10,jump,seed9,63,456.0
hpmcounter10,jump,seed9,64,456.0
hpmcounter10,jump,seed9,65,456.0
hpmcounter10,jump,seed9,66,456.0
hpmcounter10,jump,seed9,67,456.0
hpmcounter10,jump,seed9,68,456.0
hpmcounter10,jump,seed9,69,456.0
hpmcounter10,jump,seed9,70,456.0
hpmcounter10,jump,seed9,71,456.0
hpmcounter10,jump,seed9,72,456.0
hpmcounter10,jump,seed9,73,456.0
hpmcounter10,jump,seed9,74,456.0
hpmcounter10,jump,seed9,75,456.0
hpmcounter10,jump,seed9,76,459.0
hpmcounter10,jump,seed9,77,464.3333333333333
hpmcounter10,jump,seed9,78,471.3333333333333
hpmcounter10,jump,seed9,79,479.3333333333333
hpmcounter10,jump,seed9,80,484.6666666666667
hpmcounter10,jump,seed9,81,487.3333333333333
hpmcounter10,jump,seed9,82,487.3333333333333
hpmcounter10,jump,seed9,83,484.6666666666667
hpmcounter10,jump,seed9,84,479.3333333333333
hpmcounter10,jump,seed9,85,471.3333333333333
hpmcounter10,jump,seed9,86,464.3333333333333
hpmcounter10,jump,seed9,87,459.0
hpmcounter10,jump,seed9,88,456.0
hpmcounter10,jump,seed9,89,456.0
hpmcounter10,jump,seed9,90,456.0
hpmcounter10,jump,seed9,91,456.0
hpmcounter10,jump,seed9,92,456.0
hpmcounter10,jump,seed9,93,456.0
hpmcounter10,jump,seed9,94,456.0
hpmcounter10,jump,seed9,95,456.0
hpmcounter10,jump,seed9,96,456.0
hpmcounter10,jump,seed9,97,456.0
hpmcounter10,jump,seed9,98,456.0
hpmcounter10,jump,seed9,99,456.0
hpmcounter10,jump,seed9,100,456.0
hpmcounter10,jump,seed9,101,456.0
hpmcounter10,jump,seed9,102,456.0
hpmcounter10,jump,seed9,103,456.0
hpmcounter10,jump,seed9,104,456.0
hpmcounter10,jump,seed9,105,456.0
hpmcounter10,jump,seed9,106,456.0
hpmcounter10,jump,seed9,107,456.0
hpmcounter10,jump,seed9,108,456.0
hpmcounter10,jump,seed9,109,456.0
hpmcounter10,jump,seed9,110,456.0
hpmcounter10,jump,seed9,111,456.0
hpmcounter10,jump,seed9,112,456.0
hpmcounter10,jump,seed9,113,456.0
hpmcounter10,jump,seed9,114,456.0
hpmcounter10,jump,seed9,115,456.0
hpmcounter10,jump,seed9,116,456.0
hpmcounter10,jump,seed9,117,456.0
hpmcounter10,jump,seed9,118,456.0
hpmcounter10,jump,seed9,119,456.0
hpmcounter10,jump,seed9,120,456.0
hpmcounter10,jump,seed9,121,456.0
hpmcounter10,jump,seed9,122,456.0
hpmcounter10,jump,seed9,123,456.0
hpmcounter10,jump,seed9,124,456.0
hpmcounter10,jump,seed9,125,456.0
hpmcounter10,jump,seed9,126,456.0
hpmcounter10,jump,seed9,127,456.0
hpmcounter10,jump,seed9,128,456.0
hpmcounter10,jump,seed9,129,456.0
hpmcounter10,jump,seed9,130,456.0
hpmcounter10,jump,seed9,131,456.0
hpmcounter10,jump,seed9,132,456.0
hpmcounter10,jump,seed9,133,456.0
hpmcounter10,jump,seed9,134,456.0
hpmcounter10,jump,seed9,135,456.0
hpmcounter10,jump,seed9,136,456.0
hpmcounter10,jump,seed9,137,456.0
hpmcounter10,jump,seed9,138,456.0
hpmcounter10,jump,seed9,139,456.0
hpmcounter10,jump,seed9,140,456.0
hpmcounter10,jump,seed9,141,456.0
hpmcounter10,jump,seed9,142,456.0
hpmcounter10,jump,seed9,143,456.0
hpmcounter10,jump,seed9,144,456.0
hpmcounter10,jump,seed9,145,456.0
hpmcounter10,jump,seed9,146,456.0
hpmcounter10,jump,seed9,147,456.0
hpmcounter10,jump,seed9,148,456.0
hpmcounter10,jump,seed9,149,456.0
hpmcounter10,jump,seed9,150,456.0
hpmcounter10,jump,seed9,151,459.0
hpmcounter10,jump,seed9,152,464.3333333333333
hpmcounter10,jump,seed9,153,471.3333333333333
hpmcounter10,jump,seed9,154,479.3333333333333
hpmcounter10,jump,seed9,155,487.6666666666667
hpmcounter10,jump,seed9,156,495.6666666666667
hpmcounter10,jump,seed9,157,502.6666666666667
hpmcounter10,jump,seed9,158,508.0
hpmcounter10,jump,seed9,159,511.0
hpmcounter10,jump,seed9,160,511.0
hpmcounter10,jump,seed9,161,510.94545454545454
hpmcounter10,jump,seed9,162,510.9030303030303
hpmcounter10,jump,seed9,163,510.8727272727273
hpmcounter10,jump,seed9,164,510.8545454545455
hpmcounter10,jump,seed9,165,510.8484848484849
hpmcounter10,jump,seed9,166,510.8545454545455
hpmcounter10,jump,seed9,167,510.8727272727273
hpmcounter10,jump,seed9,168,510.9030303030303
hpmcounter10,jump,seed9,169,510.94545454545454
hpmcounter10,jump,seed9,170,511.0
hpmcounter10,jump,seed9,171,511.0
hpmcounter10,jump,seed9,172,511.0
hpmcounter10,jump,seed9,173,511.0
hpmcounter10,jump,seed9,174,511.0
hpmcounter10,jump,seed9,175,508.0
hpmcounter10,jump,seed9,176,502.6666666666667
hpmcounter10,jump,seed9,177,495.6666666666667
hpmcounter10,jump,seed9,178,487.6666666666667
hpmcounter10,jump,seed9,179,479.3333333333333
hpmcounter10,jump,seed9,180,471.3333333333333
hpmcounter10,jump,seed9,181,464.3333333333333
hpmcounter10,jump,seed9,182,459.0
hpmcounter10,jump,seed9,183,456.0
hpmcounter10,jump,seed9,184,456.0
hpmcounter10,jump,seed9,185,456.0
hpmcounter10,jump,seed9,186,456.0
hpmcounter10,jump,seed9,187,456.0
hpmcounter10,jump,seed9,188,456.0
hpmcounter10,jump,seed9,189,456.0
hpmcounter10,jump,seed9,190,456.0
hpmcounter10,jump,seed9,191,456.0
hpmcounter10,jump,seed9,192,459.0
hpmcounter10,jump,seed9,193,461.3333333333333
hpmcounter10,jump,seed9,194,466.0
hpmcounter10,jump,seed9,195,469.3333333333333
hpmcounter10,jump,seed9,196,471.3333333333333
hpmcounter10,jump,seed9,197,472.0
hpmcounter10,jump,seed9,198,471.3333333333333
hpmcounter10,jump,seed9,199,469.3333333333333
hpmcounter10,jump,seed9,200,466.0
hpmcounter10,jump,seed9,201,461.3333333333333
hpmcounter10,jump,seed9,202,459.0
hpmcounter10,jump,seed9,203,456.0
hpmcounter10,jump,seed9,204,456.0
hpmcounter10,jump,seed9,205,456.0
hpmcounter10,jump,seed9,206,456.0
hpmcounter10,jump,seed9,207,456.0
hpmcounter10,jump,seed9,208,456.0
hpmcounter10,jump,seed9,209,456.0
hpmcounter10,jump,seed9,210,456.0
hpmcounter10,jump,seed9,211,456.0
hpmcounter10,jump,seed9,212,456.0
hpmcounter10,jump,seed9,213,456.0
hpmcounter10,jump,seed9,214,456.0
hpmcounter10,jump,seed9,215,456.0
hpmcounter10,jump,seed9,216,456.0
hpmcounter10,jump,seed9,217,456.0
hpmcounter10,jump,seed9,218,456.0
hpmcounter10,jump,seed9,219,456.0
hpmcounter10,jump,seed9,220,456.0
hpmcounter10,jump,seed9,221,456.0
hpmcounter10,jump,seed9,222,456.0
hpmcounter10,jump,seed9,223,456.0
hpmcounter10,jump,seed9,224,456.0
hpmcounter10,jump,seed9,225,456.0
hpmcounter10,jump,seed9,226,456.0
hpmcounter10,jump,seed9,227,456.0
hpmcounter10,jump,seed9,228,456.0
hpmcounter10,jump,seed9,229,456.0
hpmcounter10,jump,seed9,230,456.0
hpmcounter10,jump,seed9,231,456.0
hpmcounter10,jump,seed9,232,456.0
hpmcounter10,jump,seed9,233,456.0
hpmcounter10,jump,seed9,234,456.0
hpmcounter10,jump,seed9,235,456.0
hpmcounter10,jump,seed9,236,456.0
hpmcounter10,jump,seed9,237,456.0
hpmcounter10,jump,seed9,238,456.0
hpmcounter10,jump,seed9,239,456.0
hpmcounter10,jump,seed9,240,456.0
hpmcounter10,jump,seed9,241,456.0
hpmcounter10,jump,seed9,242,456.0
hpmcounter10,jump,seed9,243,456.0
hpmcounter10,jump,seed9,244,456.0
hpmcounter10,jump,seed9,245,456.0
hpmcounter10,jump,seed9,246,456.0
hpmcounter10,jump,seed9,247,456.0
hpmcounter10,jump,seed9,248,456.0
hpmcounter10,jump,seed9,249,456.0
hpmcounter10,jump,seed9,250,456.0
hpmcounter10,jump,seed9,251,456.0
hpmcounter10,jump,seed9,252,456.0
hpmcounter10,jump,seed9,253,456.0
hpmcounter10,jump,seed9,254,456.0
hpmcounter10,jump,seed9,255,456.0
hpmcounter10,jump,seed9,256,456.0
hpmcounter10,jump,seed9,257,456.0
hpmcounter10,jump,seed9,258,456.0
hpmcounter10,jump,seed9,259,456.0
hpmcounter10,jump,seed9,260,456.0
hpmcounter10,jump,seed9,261,456.0
hpmcounter10,jump,seed9,262,456.0
hpmcounter10,jump,seed9,263,456.0
hpmcounter10,jump,seed9,264,456.0
hpmcounter10,jump,seed9,265,456.0
hpmcounter10,jump,seed9,266,456.0
hpmcounter10,jump,seed9,267,456.0
hpmcounter10,jump,seed9,268,456.0
hpmcounter10,jump,seed9,269,456.0
hpmcounter10,jump,seed9,270,456.0
hpmcounter10,jump,seed9,271,456.0
hpmcounter10,jump,seed9,272,456.0
hpmcounter10,jump,seed9,273,456.0
hpmcounter10,jump,seed9,274,456.0
hpmcounter10,jump,seed9,275,456.0
hpmcounter10,jump,seed9,276,456.0
hpmcounter10,jump,seed9,277,456.0
hpmcounter10,jump,seed9,278,456.0
hpmcounter10,jump,seed9,279,456.0
hpmcounter10,jump,seed9,280,456.0
hpmcounter10,jump,seed9,281,456.0
hpmcounter10,jump,seed9,282,456.0
hpmcounter10,jump,seed9,283,456.0
hpmcounter10,jump,seed9,284,456.0
hpmcounter10,jump,seed9,285,456.0
hpmcounter10,jump,seed9,286,456.0
hpmcounter10,jump,seed9,287,456.0
hpmcounter10,jump,seed9,288,456.0
hpmcounter10,jump,seed9,289,456.0
hpmcounter10,jump,seed9,290,456.0
hpmcounter10,jump,seed9,291,456.0
hpmcounter10,jump,seed9,292,456.0
hpmcounter10,jump,seed9,293,456.0
hpmcounter10,jump,seed9,294,456.0
hpmcounter10,jump,seed9,295,456.0
hpmcounter10,jump,seed9,296,456.0
hpmcounter10,jump,seed9,297,456.0
hpmcounter10,jump,seed9,298,456.0
hpmcounter10,normal,seed1,9,455.0
hpmcounter10,normal,seed1,10,455.0
hpmcounter10,normal,seed1,11,455.05454545454546
hpmcounter10,normal,seed1,12,455.1515151515151
hpmcounter10,normal,seed1,13,455.27878787878785
hpmcounter10,normal,seed1,14,455.42424242424244
hpmcounter10,normal,seed1,15,455.57575757575756
hpmcounter10,normal,seed1,16,455.72121212121215
hpmcounter10,normal,seed1,17,455.8484848484849
hpmcounter10,normal,seed1,18,455.94545454545454
hpmcounter10,normal,seed1,19,456.0
hpmcounter10,normal,seed1,20,456.0
hpmcounter10,normal,seed1,21,456.0
hpmcounter10,normal,seed1,22,456.0
hpmcounter10,normal,seed1,23,456.0
hpmcounter10,normal,seed1,24,456.0
hpmcounter10,normal,seed1,25,456.0
hpmcounter10,normal,seed1,26,456.0
hpmcounter10,normal,seed1,27,456.0
hpmcounter10,normal,seed1,28,456.0
hpmcounter10,normal,seed1,29,456.0
hpmcounter10,normal,seed1,30,456.0
hpmcounter10,normal,seed1,31,456.0
hpmcounter10,normal,seed1,32,456.0
hpmcounter10,normal,seed1,33,456.0
hpmcounter10,normal,seed1,34,456.0
hpmcounter10,normal,seed1,35,456.0
hpmcounter10,normal,seed1,36,456.0
hpmcounter10,normal,seed1,37,456.0
hpmcounter10,normal,seed1,38,456.0
hpmcounter10,normal,seed1,39,456.0
hpmcounter10,normal,seed1,40,456.0
hpmcounter10,normal,seed1,41,456.0
hpmcounter10,normal,seed1,42,456.0
hpmcounter10,normal,seed1,43,456.0
hpmcounter10,normal,seed1,44,456.0
hpmcounter10,normal,seed1,45,456.0
hpmcounter10,normal,seed1,46,456.0
hpmcounter10,normal,seed1,47,456.0
hpmcounter10,normal,seed1,48,456.0
hpmcounter10,normal,seed1,49,456.0
hpmcounter10,normal,seed1,50,456.0
hpmcounter10,normal,seed1,51,456.0
hpmcounter10,normal,seed1,52,456.0
hpmcounter10,normal,seed1,53,456.0
hpmcounter10,normal,seed1,54,456.0
hpmcounter10,normal,seed1,55,456.0
hpmcounter10,normal,seed1,56,456.0
hpmcounter10,normal,seed1,57,456.0
hpmcounter10,normal,seed1,58,456.0
hpmcounter10,normal,seed1,59,456.0
hpmcounter10,normal,seed1,60,456.0
hpmcounter10,normal,seed1,61,456.0
hpmcounter10,normal,seed1,62,456.0
hpmcounter10,normal,seed1,63,459.0
hpmcounter10,normal,seed1,64,461.3333333333333
hpmcounter10,normal,seed1,65,463.0
hpmcounter10,normal,seed1,66,464.0
hpmcounter10,normal,seed1,67,464.3333333333333
hpmcounter10,normal,seed1,68,464.0
hpmcounter10,normal,seed1,69,463.0
hpmcounter10,normal,seed1,70,461.3333333333333
hpmcounter10,normal,seed1,71,459.0
hpmcounter10,normal,seed1,72,456.0
hpmcounter10,normal,seed1,73,456.0
hpmcounter10,normal,seed1,74,456.0
hpmcounter10,normal,seed1,75,456.0
hpmcounter10,normal,seed1,76,456.0
hpmcounter10,normal,seed1,77,456.0
hpmcounter10,normal,seed1,78,456.0
hpmcounter10,normal,seed1,79,456.0
hpmcounter10,normal,seed1,80,456.0
hpmcounter10,normal,seed1,81,456.0
hpmcounter10,normal,seed1,82,456.0
hpmcounter10,normal,seed1,83,456.0
hpmcounter10,normal,seed1,84,456.0
hpmcounter10,normal,seed1,85,456.0
hpmcounter10,normal,seed1,86,456.0
hpmcounter10,normal,seed1,87,456.0
hpmcounter10,normal,seed1,88,456.0
hpmcounter10,normal,seed1,89,456.0
hpmcounter10,normal,seed1,90,456.0
hpmcounter10,normal,seed1,91,456.0
hpmcounter10,normal,seed1,92,456.0
hpmcounter10,normal,seed1,93,456.0
hpmcounter10,normal,seed1,94,456.0
hpmcounter10,normal,seed1,95,456.0
hpmcounter10,normal,seed1,96,456.0
hpmcounter10,normal,seed1,97,456.0
hpmcounter10,normal,seed1,98,456.0
hpmcounter10,normal,seed1,99,456.0
hpmcounter10,normal,seed1,100,456.0
hpmcounter10,normal,seed1,101,456.0
hpmcounter10,normal,seed1,102,456.0
hpmcounter10,normal,seed1,103,456.0
hpmcounter10,normal,seed1,104,456.0
hpmcounter10,normal,seed1,105,456.0
hpmcounter10,normal,seed1,106,456.0
hpmcounter10,normal,seed1,107,456.0
hpmcounter10,normal,seed1,108,456.0
hpmcounter10,normal,seed1,109,456.0
hpmcounter10,normal,seed1,110,456.0
hpmcounter10,normal,seed1,111,456.0
hpmcounter10,normal,seed1,112,456.0
hpmcounter10,normal,seed1,113,456.0
hpmcounter10,normal,seed1,114,456.0
hpmcounter10,normal,seed1,115,456.0
hpmcounter10,normal,seed1,116,456.0
hpmcounter10,normal,seed1,117,456.0
hpmcounter10,normal,seed1,118,456.0
hpmcounter10,normal,seed1,119,456.0
hpmcounter10,normal,seed1,120,456.0
hpmcounter10,normal,seed1,121,456.0
hpmcounter10,normal,seed1,122,456.0
hpmcounter10,normal,seed1,123,456.0
hpmcounter10,normal,seed1,124,456.0
hpmcounter10,normal,seed1,125,456.0
hpmcounter10,normal,seed1,126,456.0
hpmcounter10,normal,seed1,127,456.0
hpmcounter10,normal,seed1,128,456.0
hpmcounter10,normal,seed1,129,456.0
hpmcounter10,normal,seed1,130,456.0
hpmcounter10,normal,seed1,131,456.0
hpmcounter10,normal,seed1,132,456.0
hpmcounter10,normal,seed1,133,456.0
hpmcounter10,normal,seed1,134,456.0
hpmcounter10,normal,seed1,135,456.0
hpmcounter10,normal,seed1,136,456.0
hpmcounter10,normal,seed1,137,456.0
hpmcounter10,normal,seed1,138,456.0
hpmcounter10,normal,seed1,139,456.0
hpmcounter10,normal,seed1,140,456.0
hpmcounter10,normal,seed1,141,456.0
hpmcounter10,normal,seed1,142,456.0
hpmcounter10,normal,seed1,143,456.0
hpmcounter10,normal,seed1,144,456.0
hpmcounter10,normal,seed1,145,456.0
hpmcounter10,normal,seed1,146,456.0
hpmcounter10,normal,seed1,147,456.0
hpmcounter10,normal,seed1,148,456.0
hpmcounter10,normal,seed1,149,456.0
hpmcounter10,normal,seed1,150,456.0
hpmcounter10,normal,seed1,151,456.0
hpmcounter10,normal,seed1,152,456.0
hpmcounter10,normal,seed1,153,456.0
hpmcounter10,normal,seed1,154,456.0
hpmcounter10,normal,seed1,155,456.0
hpmcounter10,normal,seed1,156,456.0
hpmcounter10,normal,seed1,157,456.0
hpmcounter10,normal,seed1,158,456.0
hpmcounter10,normal,seed1,159,456.0
hpmcounter10,normal,seed1,160,456.0
hpmcounter10,normal,seed1,161,456.0
hpmcounter10,normal,seed1,162,456.0
hpmcounter10,normal,seed1,163,456.0
hpmcounter10,normal,seed1,164,456.0
hpmcounter10,normal,seed1,165,456.0
hpmcounter10,normal,seed1,166,456.0
hpmcounter10,normal,seed1,167,456.0
hpmcounter10,normal,seed1,168,456.0
hpmcounter10,normal,seed1,169,456.0
hpmcounter10,normal,seed1,170,456.0
hpmcounter10,normal,seed1,171,456.0
hpmcounter10,normal,seed1,172,456.0
hpmcounter10,normal,seed1,173,456.0
hpmcounter10,normal,seed1,174,456.0
hpmcounter10,normal,seed1,175,456.0
hpmcounter10,normal,seed1,176,456.0
hpmcounter10,normal,seed1,177,456.0
hpmcounter10,normal,seed1,178,456.0
hpmcounter10,normal,seed1,179,456.0
hpmcounter10,normal,seed1,180,456.0
hpmcounter10,normal,seed1,181,456.0
hpmcounter10,normal,seed1,182,456.0
hpmcounter10,normal,seed1,183,456.0
hpmcounter10,normal,seed1,184,456.0
hpmcounter10,normal,seed1,185,456.0
hpmcounter10,normal,seed1,186,456.0
hpmcounter10,normal,seed1,187,456.0
hpmcounter10,normal,seed1,188,456.0
hpmcounter10,normal,seed1,189,456.0
hpmcounter10,normal,seed1,190,456.0
hpmcounter10,normal,seed1,191,456.0
hpmcounter10,normal,seed1,192,456.0
hpmcounter10,normal,seed1,193,456.0
hpmcounter10,normal,seed1,194,456.0
hpmcounter10,normal,seed1,195,456.0
hpmcounter10,normal,seed1,196,456.0
hpmcounter10,normal,seed1,197,456.0
hpmcounter10,normal,seed1,198,456.0
hpmcounter10,normal,seed1,199,456.0
hpmcounter10,normal,seed1,200,456.0
hpmcounter10,normal,seed1,201,456.0
hpmcounter10,normal,seed1,202,456.0
hpmcounter10,normal,seed1,203,456.0
hpmcounter10,normal,seed1,204,456.0
hpmcounter10,normal,seed1,205,456.0
hpmcounter10,normal,seed1,206,456.0
hpmcounter10,normal,seed1,207,456.0
hpmcounter10,normal,seed1,208,456.0
hpmcounter10,normal,seed1,209,456.0
hpmcounter10,normal,seed1,210,456.0
hpmcounter10,normal,seed1,211,456.0
hpmcounter10,normal,seed1,212,456.0
hpmcounter10,normal,seed1,213,456.0
hpmcounter10,normal,seed1,214,456.0
hpmcounter10,normal,seed1,215,456.0
hpmcounter10,normal,seed1,216,456.0
hpmcounter10,normal,seed1,217,456.0
hpmcounter10,normal,seed1,218,456.0
hpmcounter10,normal,seed1,219,456.0
hpmcounter10,normal,seed1,220,456.0
hpmcounter10,normal,seed1,221,456.0
hpmcounter10,normal,seed1,222,456.0
hpmcounter10,normal,seed1,223,456.0
hpmcounter10,normal,seed1,224,456.0
hpmcounter10,normal,seed1,225,456.0
hpmcounter10,normal,seed1,226,456.0
hpmcounter10,normal,seed1,227,456.0
hpmcounter10,normal,seed1,228,456.0
hpmcounter10,normal,seed1,229,456.0
hpmcounter10,normal,seed1,230,456.0
hpmcounter10,normal,seed1,231,456.0
hpmcounter10,normal,seed1,232,456.0
hpmcounter10,normal,seed1,233,456.0
hpmcounter10,normal,seed1,234,456.0
hpmcounter10,normal,seed1,235,456.0
hpmcounter10,normal,seed1,236,456.0
hpmcounter10,normal,seed1,237,456.0
hpmcounter10,normal,seed1,238,456.0
hpmcounter10,normal,seed1,239,456.0
hpmcounter10,normal,seed1,240,456.0
hpmcounter10,normal,seed1,241,456.0
hpmcounter10,normal,seed1,242,456.0
hpmcounter10,normal,seed1,243,459.0
hpmcounter10,normal,seed1,244,464.3333333333333
hpmcounter10,normal,seed1,245,471.3333333333333
hpmcounter10,normal,seed1,246,479.3333333333333
hpmcounter10,normal,seed1,247,487.6666666666667
hpmcounter10,normal,seed1,248,492.6666666666667
hpmcounter10,normal,seed1,249,494.3333333333333
hpmcounter10,normal,seed1,250,492.6666666666667
hpmcounter10,normal,seed1,251,487.6666666666667
hpmcounter10,normal,seed1,252,479.3333333333333
hpmcounter10,normal,seed1,253,471.3333333333333
hpmcounter10,normal,seed1,254,464.3333333333333
hpmcounter10,normal,seed1,255,459.0
hpmcounter10,normal,seed1,256,456.0
hpmcounter10,normal,seed1,257,456.0
hpmcounter10,normal,seed1,258,456.0
hpmcounter10,normal,seed1,259,456.0
hpmcounter10,normal,seed1,260,456.0
hpmcounter10,normal,seed1,261,456.0
hpmcounter10,normal,seed1,262,456.0
hpmcounter10,normal,seed1,263,456.0
hpmcounter10,normal,seed1,264,456.0
hpmcounter10,normal,seed1,265,456.0
hpmcounter10,normal,seed1,266,459.0
hpmcounter10,normal,seed1,267,464.3333333333333
hpmcounter10,normal,seed1,268,471.3333333333333
hpmcounter10,normal,seed1,269,479.3333333333333
hpmcounter10,normal,seed1,270,487.6666666666667
hpmcounter10,normal,seed1,271,495.6666666666667
hpmcounter10,normal,seed1,272,502.6666666666667
hpmcounter10,normal,seed1,273,508.0
hpmcounter10,normal,seed1,274,508.0
hpmcounter10,normal,seed1,275,502.6666666666667
hpmcounter10,normal,seed1,276,495.6666666666667
hpmcounter10,normal,seed1,277,487.6666666666667
hpmcounter10,normal,seed1,278,479.3333333333333
hpmcounter10,normal,seed1,279,471.3333333333333
hpmcounter10,normal,seed1,280,464.3333333333333
hpmcounter10,normal,seed1,281,459.0
hpmcounter10,normal,seed1,282,456.0
hpmcounter10,normal,seed1,283,456.0
hpmcounter10,normal,seed1,284,456.0
hpmcounter10,normal,seed1,285,456.0
hpmcounter10,normal,seed1,286,456.0
hpmcounter10,normal,seed1,287,456.0
hpmcounter10,normal,seed1,288,456.0
hpmcounter10,normal,seed1,289,456.0
hpmcounter10,normal,seed1,290,456.0
hpmcounter10,normal,seed1,291,456.0
hpmcounter10,normal,seed1,292,456.0
hpmcounter10,normal,seed1,293,456.0
hpmcounter10,normal,seed1,294,456.0
hpmcounter10,normal,seed1,295,456.0
hpmcounter10,normal,seed1,296,456.0
hpmcounter10,normal,seed1,297,456.0
hpmcounter10,normal,seed1,298,456.0
hpmcounter10,normal,seed10,9,455.0
hpmcounter10,normal,seed10,10,455.0
hpmcounter10,normal,seed10,11,455.05454545454546
hpmcounter10,normal,seed10,12,455.1515151515151
hpmcounter10,normal,seed10,13,455.27878787878785
hpmcounter10,normal,seed10,14,455.42424242424244
hpmcounter10,normal,seed10,15,455.57575757575756
hpmcounter10,normal,seed10,16,455.72121212121215
hpmcounter10,normal,seed10,17,455.8484848484849
hpmcounter10,normal,seed10,18,455.94545454545454
hpmcounter10,normal,seed10,19,456.0
hpmcounter10,normal,seed10,20,456.0
hpmcounter10,normal,seed10,21,456.0
hpmcounter10,normal,seed10,22,456.0
hpmcounter10,normal,seed10,23,456.0
hpmcounter10,normal,seed10,24,456.0
hpmcounter10,normal,seed10,25,456.0
hpmcounter10,normal,seed10,26,456.0
hpmcounter10,normal,seed10,27,456.0
hpmcounter10,normal,seed10,28,456.0
hpmcounter10,normal,seed10,29,456.0
hpmcounter10,normal,seed10,30,456.0
hpmcounter10,normal,seed10,31,456.0
hpmcounter10,normal,seed10,32,456.0
hpmcounter10,normal,seed10,33,456.0
hpmcounter10,normal,seed10,34,456.0
hpmcounter10,normal,seed10,35,456.0
hpmcounter10,normal,seed10,36,456.0
hpmcounter10,normal,seed10,37,456.0
hpmcounter10,normal,seed10,38,456.0
hpmcounter10,normal,seed10,39,456.0
hpmcounter10,normal,seed10,40,456.0
hpmcounter10,normal,seed10,41,456.0
hpmcounter10,normal,seed10,42,456.0
hpmcounter10,normal,seed10,43,456.0
hpmcounter10,normal,seed10,44,456.0
hpmcounter10,normal,seed10,45,456.0
hpmcounter10,normal,seed10,46,456.0
hpmcounter10,normal,seed10,47,456.0
hpmcounter10,normal,seed10,48,456.0
hpmcounter10,normal,seed10,49,456.0
hpmcounter10,normal,seed10,50,456.0
hpmcounter10,normal,seed10,51,456.0
hpmcounter10,normal,seed10,52,456.0
hpmcounter10,normal,seed10,53,456.0
hpmcounter10,normal,seed10,54,456.0
hpmcounter10,normal,seed10,55,456.0
hpmcounter10,normal,seed10,56,456.0
hpmcounter10,normal,seed10,57,456.0
hpmcounter10,normal,seed10,58,456.0
hpmcounter10,normal,seed10,59,456.0
hpmcounter10,normal,seed10,60,456.0
hpmcounter10,normal,seed10,61,456.0
hpmcounter10,normal,seed10,62,456.0
hpmcounter10,normal,seed10,63,456.0
hpmcounter10,normal,seed10,64,456.0
hpmcounter10,normal,seed10,65,456.0
hpmcounter10,normal,seed10,66,456.0
hpmcounter10,normal,seed10,67,456.0
hpmcounter10,normal,seed10,68,456.0
hpmcounter10,normal,seed10,69,456.0
hpmcounter10,normal,seed10,70,456.0
hpmcounter10,normal,seed10,71,456.0
hpmcounter10,normal,seed10,72,456.0
hpmcounter10,normal,seed10,73,456.0
hpmcounter10,normal,seed10,74,456.0
hpmcounter10,normal,seed10,75,456.0
hpmcounter10,normal,seed10,76,456.0
hpmcounter10,normal,seed10,77,456.0
hpmcounter10,normal,seed10,78,456.0
hpmcounter10,normal,seed10,79,456.0
hpmcounter10,normal,seed10,80,456.0
hpmcounter10,normal,seed10,81,456.0
hpmcounter10,normal,seed10,82,456.0
hpmcounter10,normal,seed10,83,456.0
hpmcounter10,normal,seed10,84,456.0
hpmcounter10,normal,seed10,85,456.0
hpmcounter10,normal,seed10,86,456.0
hpmcounter10,normal,seed10,87,456.0
hpmcounter10,normal,seed10,88,456.0
hpmcounter10,normal,seed10,89,456.0
hpmcounter10,normal,seed10,90,456.0
hpmcounter10,normal,seed10,91,456.0
hpmcounter10,normal,seed10,92,456.0
hpmcounter10,normal,seed10,93,456.0
hpmcounter10,normal,seed10,94,456.0
hpmcounter10,normal,seed10,95,456.0
hpmcounter10,normal,seed10,96,456.0
hpmcounter10,normal,seed10,97,456.0
hpmcounter10,normal,seed10,98,456.0
hpmcounter10,normal,seed10,99,456.0
hpmcounter10,normal,seed10,100,456.0
hpmcounter10,normal,seed10,101,456.0
hpmcounter10,normal,seed10,102,456.0
hpmcounter10,normal,seed10,103,456.0
hpmcounter10,normal,seed10,104,456.0
hpmcounter10,normal,seed10,105,456.0
hpmcounter10,normal,seed10,106,456.0
hpmcounter10,normal,seed10,107,456.0
hpmcounter10,normal,seed10,108,456.0
hpmcounter10,normal,seed10,109,456.0
hpmcounter10,normal,seed10,110,456.0
hpmcounter10,normal,seed10,111,456.0
hpmcounter10,normal,seed10,112,456.0
hpmcounter10,normal,seed10,113,456.0
hpmcounter10,normal,seed10,114,456.0
hpmcounter10,normal,seed10,115,456.0
hpmcounter10,normal,seed10,116,456.0
hpmcounter10,normal,seed10,117,456.0
hpmcounter10,normal,seed10,118,456.0
hpmcounter10,normal,seed10,119,456.0
hpmcounter10,normal,seed10,120,456.0
hpmcounter10,normal,seed10,121,456.0
hpmcounter10,normal,seed10,122,456.0
hpmcounter10,normal,seed10,123,456.0
hpmcounter10,normal,seed10,124,456.0
hpmcounter10,normal,seed10,125,456.0
hpmcounter10,normal,seed10,126,456.0
hpmcounter10,normal,seed10,127,456.0
hpmcounter10,normal,seed10,128,456.0
hpmcounter10,normal,seed10,129,456.0
hpmcounter10,normal,seed10,130,456.0
hpmcounter10,normal,seed10,131,456.0
hpmcounter10,normal,seed10,132,456.0
hpmcounter10,normal,seed10,133,456.0
hpmcounter10,normal,seed10,134,456.0
hpmcounter10,normal,seed10,135,456.0
hpmcounter10,normal,seed10,136,456.0
hpmcounter10,normal,seed10,137,456.0
hpmcounter10,normal,seed10,138,456.0
hpmcounter10,normal,seed10,139,456.0
hpmcounter10,normal,seed10,140,456.0
hpmcounter10,normal,seed10,141,456.0
hpmcounter10,normal,seed10,142,456.0
hpmcounter10,normal,seed10,143,456.0
hpmcounter10,normal,seed10,144,456.0
hpmcounter10,normal,seed10,145,456.0
hpmcounter10,normal,seed10,146,456.0
hpmcounter10,normal,seed10,147,456.0
hpmcounter10,normal,seed10,148,456.0
hpmcounter10,normal,seed10,149,456.0
hpmcounter10,normal,seed10,150,456.0
hpmcounter10,normal,seed10,151,456.0
hpmcounter10,normal,seed10,152,456.0
hpmcounter10,normal,seed10,153,456.0
hpmcounter10,normal,seed10,154,456.0
hpmcounter10,normal,seed10,155,459.0
hpmcounter10,normal,seed10,156,461.3333333333333
hpmcounter10,normal,seed10,157,463.0
hpmcounter10,normal,seed10,158,464.0
hpmcounter10,normal,seed10,159,464.3333333333333
hpmcounter10,normal,seed10,160,464.0
hpmcounter10,normal,seed10,161,463.0
hpmcounter10,normal,seed10,162,461.3333333333333
hpmcounter10,normal,seed10,163,459.0
hpmcounter10,normal,seed10,164,456.0
hpmcounter10,normal,seed10,165,456.0
hpmcounter10,normal,seed10,166,456.0
hpmcounter10,normal,seed10,167,456.0
hpmcounter10,normal,seed10,168,456.0
hpmcounter10,normal,seed10,169,456.0
hpmcounter10,normal,seed10,170,456.0
hpmcounter10,normal,seed10,171,456.0
hpmcounter10,normal,seed10,172,459.0
hpmcounter10,normal,seed10,173,464.3333333333333
hpmcounter10,normal,seed10,174,471.3333333333333
hpmcounter10,normal,seed10,175,476.3333333333333
hpmcounter10,normal,seed10,176,479.3333333333333
hpmcounter10,normal,seed10,177,480.3333333333333
hpmcounter10,normal,seed10,178,479.3333333333333
hpmcounter10,normal,seed10,179,476.3333333333333
hpmcounter10,normal,seed10,180,471.3333333333333
hpmcounter10,normal,seed10,181,464.3333333333333
hpmcounter10,normal,seed10,182,459.0
hpmcounter10,normal,seed10,183,456.0
hpmcounter10,normal,seed10,184,456.0
hpmcounter10,normal,seed10,185,456.0
hpmcounter10,normal,seed10,186,456.0
hpmcounter10,normal,seed10,187,456.0
hpmcounter10,normal,seed10,188,456.0
hpmcounter10,normal,seed10,189,456.0
hpmcounter10,normal,seed10,190,456.0
hpmcounter10,normal,seed10,191,456.0
hpmcounter10,normal,seed10,192,456.0
hpmcounter10,normal,seed10,193,456.0
hpmcounter10,normal,seed10,194,456.0
hpmcounter10,normal,seed10,195,456.0
hpmcounter10,normal,seed10,196,456.0
hpmcounter10,normal,seed10,197,456.0
hpmcounter10,normal,seed10,198,456.0
hpmcounter10,normal,seed10,199,456.0
hpmcounter10,normal,seed10,200,456.0
hpmcounter10,normal,seed10,201,456.0
hpmcounter10,normal,seed10,202,459.0
hpmcounter10,normal,seed10,203,461.3333333333333
hpmcounter10,normal,seed10,204,463.0
hpmcounter10,normal,seed10,205,464.0
hpmcounter10,normal,seed10,206,464.3333333333333
hpmcounter10,normal,seed10,207,464.0
hpmcounter10,normal,seed10,208,463.0
hpmcounter10,normal,seed10,209,461.3333333333333
hpmcounter10,normal,seed10,210,459.0
hpmcounter10,normal,seed10,211,456.0
hpmcounter10,normal,seed10,212,456.0
hpmcounter10,normal,seed10,213,456.0
hpmcounter10,normal,seed10,214,456.0
hpmcounter10,normal,seed10,215,456.0
hpmcounter10,normal,seed10,216,456.0
hpmcounter10,normal,seed10,217,456.0
hpmcounter10,normal,seed10,218,456.0
hpmcounter10,normal,seed10,219,456.0
hpmcounter10,normal,seed10,220,456.0
hpmcounter10,normal,seed10,221,456.0
hpmcounter10,normal,seed10,222,456.0
hpmcounter10,normal,seed10,223,456.0
hpmcounter10,normal,seed10,224,456.0
hpmcounter10,normal,seed10,225,456.0
hpmcounter10,normal,seed10,226,456.0
hpmcounter10,normal,seed10,227,456.0
hpmcounter10,normal,seed10,228,456.0
hpmcounter10,normal,seed10,229,456.0
hpmcounter10,normal,seed10,230,456.0
hpmcounter10,normal,seed10,231,456.0
hpmcounter10,normal,seed10,232,456.0
hpmcounter10,normal,seed10,233,456.0
hpmcounter10,normal,seed10,234,456.0
hpmcounter10,normal,seed10,235,456.0
hpmcounter10,normal,seed10,236,456.0
hpmcounter10,normal,seed10,237,456.0
hpmcounter10,normal,seed10,238,456.0
hpmcounter10,normal,seed10,239,456.0
hpmcounter10,normal,seed10,240,456.0
hpmcounter10,normal,seed10,241,456.0
hpmcounter10,normal,seed10,242,456.0
hpmcounter10,normal,seed10,243,456.0
hpmcounter10,normal,seed10,244,456.0
hpmcounter10,normal,seed10,245,456.0
hpmcounter10,normal,seed10,246,456.0
hpmcounter10,normal,seed10,247,456.0
hpmcounter10,normal,seed10,248,456.0
hpmcounter10,normal,seed10,249,456.0
hpmcounter10,normal,seed10,250,456.0
hpmcounter10,normal,seed10,251,456.0
hpmcounter10,normal,seed10,252,456.0
hpmcounter10,normal,seed10,253,456.0
hpmcounter10,normal,seed10,254,456.0
hpmcounter10,normal,seed10,255,456.0
hpmcounter10,normal,seed10,256,456.0
hpmcounter10,normal,seed10,257,456.0
hpmcounter10,normal,seed10,258,456.0
hpmcounter10,normal,seed10,259,456.0
hpmcounter10,normal,seed10,260,456.0
hpmcounter10,normal,seed10,261,456.0
hpmcounter10,normal,seed10,262,456.0
hpmcounter10,normal,seed10,263,456.0
hpmcounter10,normal,seed10,264,456.0
hpmcounter10,normal,seed10,265,456.0
hpmcounter10,normal,seed10,266,456.0
hpmcounter10,normal,seed10,267,456.0
hpmcounter10,normal,seed10,268,456.0
hpmcounter10,normal,seed10,269,456.0
hpmcounter10,normal,seed10,270,456.0
hpmcounter10,normal,seed10,271,456.0
hpmcounter10,normal,seed10,272,456.0
hpmcounter10,normal,seed10,273,456.0
hpmcounter10,normal,seed10,274,456.0
hpmcounter10,normal,seed10,275,456.0
hpmcounter10,normal,seed10,276,456.0
hpmcounter10,normal,seed10,277,456.0
hpmcounter10,normal,seed10,278,456.0
hpmcounter10,normal,seed10,279,456.0
hpmcounter10,normal,seed10,280,456.0
hpmcounter10,normal,seed10,281,456.0
hpmcounter10,normal,seed10,282,456.0
hpmcounter10,normal,seed10,283,456.0
hpmcounter10,normal,seed10,284,456.0
hpmcounter10,normal,seed10,285,456.0
hpmcounter10,normal,seed10,286,456.0
hpmcounter10,normal,seed10,287,456.0
hpmcounter10,normal,seed10,288,456.0
hpmcounter10,normal,seed10,289,456.0
hpmcounter10,normal,seed10,290,456.0
hpmcounter10,normal,seed10,291,456.0
hpmcounter10,normal,seed10,292,456.0
hpmcounter10,normal,seed10,293,456.0
hpmcounter10,normal,seed10,294,456.0
hpmcounter10,normal,seed10,295,456.0
hpmcounter10,normal,seed10,296,456.0
hpmcounter10,normal,seed10,297,456.0
hpmcounter10,normal,seed10,298,456.0
hpmcounter10,normal,seed11,9,455.0
hpmcounter10,normal,seed11,10,455.0
hpmcounter10,normal,seed11,11,455.05454545454546
hpmcounter10,normal,seed11,12,455.1515151515151
hpmcounter10,normal,seed11,13,455.27878787878785
hpmcounter10,normal,seed11,14,455.42424242424244
hpmcounter10,normal,seed11,15,455.57575757575756
hpmcounter10,normal,seed11,16,455.72121212121215
hpmcounter10,normal,seed11,17,455.8484848484849
hpmcounter10,normal,seed11,18,455.94545454545454
hpmcounter10,normal,seed11,19,456.0
hpmcounter10,normal,seed11,20,456.0
hpmcounter10,normal,seed11,21,456.0
hpmcounter10,normal,seed11,22,456.0
hpmcounter10,normal,seed11,23,456.0
hpmcounter10,normal,seed11,24,456.0
hpmcounter10,normal,seed11,25,456.0
hpmcounter10,normal,seed11,26,456.0
hpmcounter10,normal,seed11,27,456.0
hpmcounter10,normal,seed11,28,456.0
hpmcounter10,normal,seed11,29,456.0
hpmcounter10,normal,seed11,30,456.0
hpmcounter10,normal,seed11,31,456.0
hpmcounter10,normal,seed11,32,456.0
hpmcounter10,normal,seed11,33,456.0
hpmcounter10,normal,seed11,34,456.0
hpmcounter10,normal,seed11,35,456.0
hpmcounter10,normal,seed11,36,456.0
hpmcounter10,normal,seed11,37,456.0
hpmcounter10,normal,seed11,38,456.0
hpmcounter10,normal,seed11,39,456.0
hpmcounter10,normal,seed11,40,456.0
hpmcounter10,normal,seed11,41,456.0
hpmcounter10,normal,seed11,42,456.0
hpmcounter10,normal,seed11,43,456.0
hpmcounter10,normal,seed11,44,456.0
hpmcounter10,normal,seed11,45,456.0
hpmcounter10,normal,seed11,46,456.0
hpmcounter10,normal,seed11,47,456.0
hpmcounter10,normal,seed11,48,456.0
hpmcounter10,normal,seed11,49,456.0
hpmcounter10,normal,seed11,50,456.0
hpmcounter10,normal,seed11,51,456.0
hpmcounter10,normal,seed11,52,456.0
hpmcounter10,normal,seed11,53,456.0
hpmcounter10,normal,seed11,54,456.0
hpmcounter10,normal,seed11,55,459.0
hpmcounter10,normal,seed11,56,464.3333333333333
hpmcounter10,normal,seed11,57,471.3333333333333
hpmcounter10,normal,seed11,58,479.3333333333333
hpmcounter10,normal,seed11,59,487.6666666666667
hpmcounter10,normal,seed11,60,495.6666666666667
hpmcounter10,normal,seed11,61,502.6666666666667
hpmcounter10,normal,seed11,62,508.0
hpmcounter10,normal,seed11,63,511.0
hpmcounter10,normal,seed11,64,511.0
hpmcounter10,normal,seed11,65,508.0
hpmcounter10,normal,seed11,66,502.6666666666667
hpmcounter10,normal,seed11,67,495.6666666666667
hpmcounter10,normal,seed11,68,487.6666666666667
hpmcounter10,normal,seed11,69,479.3333333333333
hpmcounter10,normal,seed11,70,471.3333333333333
hpmcounter10,normal,seed11,71,464.3333333333333
hpmcounter10,normal,seed11,72,459.0
hpmcounter10,normal,seed11,73,456.0
hpmcounter10,normal,seed11,74,456.0
hpmcounter10,normal,seed11,75,456.0
hpmcounter10,normal,seed11,76,456.0
hpmcounter10,normal,seed11,77,456.0
hpmcounter10,normal,seed11,78,456.0
hpmcounter10,normal,seed11,79,456.0
hpmcounter10,normal,seed11,80,456.0
hpmcounter10,normal,seed11,81,456.0
hpmcounter10,normal,seed11,82,456.0
hpmcounter10,normal,seed11,83,456.0
hpmcounter10,normal,seed11,84,456.0
hpmcounter10,normal,seed11,85,456.0
hpmcounter10,normal,seed11,86,456.0
hpmcounter10,normal,seed11,87,456.0
hpmcounter10,normal,seed11,88,456.0
hpmcounter10,normal,seed11,89,456.0
hpmcounter10,normal,seed11,90,456.0
hpmcounter10,normal,seed11,91,456.0
hpmcounter10,normal,seed11,92,456.0
hpmcounter10,normal,seed11,93,456.0
hpmcounter10,normal,seed11,94,456.0
hpmcounter10,normal,seed11,95,456.0
hpmcounter10,normal,seed11,96,456.0
hpmcounter10,normal,seed11,97,456.0
hpmcounter10,normal,seed11,98,456.0
hpmcounter10,normal,seed11,99,456.0
hpmcounter10,normal,seed11,100,456.0
hpmcounter10,normal,seed11,101,456.0
hpmcounter10,normal,seed11,102,456.0
hpmcounter10,normal,seed11,103,459.0
hpmcounter10,normal,seed11,104,464.3333333333333
hpmcounter10,normal,seed11,105,468.3333333333333
hpmcounter10,normal,seed11,106,471.0
hpmcounter10,normal,seed11,107,472.3333333333333
hpmcounter10,normal,seed11,108,472.3333333333333
hpmcounter10,normal,seed11,109,471.0
hpmcounter10,normal,seed11,110,468.3333333333333
hpmcounter10,normal,seed11,111,464.3333333333333
hpmcounter10,normal,seed11,112,459.0
hpmcounter10,normal,seed11,113,456.0
hpmcounter10,normal,seed11,114,456.0
hpmcounter10,normal,seed11,115,456.0
hpmcounter10,normal,seed11,116,456.0
hpmcounter10,normal,seed11,117,456.0
hpmcounter10,normal,seed11,118,456.0
hpmcounter10,normal,seed11,119,456.0
hpmcounter10,normal,seed11,120,456.0
hpmcounter10,normal,seed11,121,456.0
hpmcounter10,normal,seed11,122,456.0
hpmcounter10,normal,seed11,123,456.0
hpmcounter10,normal,seed11,124,456.0
hpmcounter10,normal,seed11,125,456.0
hpmcounter10,normal,seed11,126,456.0
hpmcounter10,normal,seed11,127,456.0
hpmcounter10,normal,seed11,128,456.0
hpmcounter10,normal,seed11,129,456.0
hpmcounter10,normal,seed11,130,456.0
hpmcounter10,normal,seed11,131,456.0
hpmcounter10,normal,seed11,132,456.0
hpmcounter10,normal,seed11,133,456.0
hpmcounter10,normal,seed11,134,456.0
hpmcounter10,normal,seed11,135,456.0
hpmcounter10,normal,seed11,136,456.0
hpmcounter10,normal,seed11,137,456.0
hpmcounter10,normal,seed11,138,456.0
hpmcounter10,normal,seed11,139,456.0
hpmcounter10,normal,seed11,140,456.0
hpmcounter10,normal,seed11,141,456.0
hpmcounter10,normal,seed11,142,456.0
hpmcounter10,normal,seed11,143,456.0
hpmcounter10,normal,seed11,144,456.0
hpmcounter10,normal,seed11,145,456.0
hpmcounter10,normal,seed11,146,456.0
hpmcounter10,normal,seed11,147,456.0
hpmcounter10,normal,seed11,148,456.0
hpmcounter10,normal,seed11,149,456.0
hpmcounter10,normal,seed11,150,456.0
hpmcounter10,normal,seed11,151,456.0
hpmcounter10,normal,seed11,152,456.0
hpmcounter10,normal,seed11,153,456.0
hpmcounter10,normal,seed11,154,456.0
hpmcounter10,normal,seed11,155,456.0
hpmcounter10,normal,seed11,156,456.0
hpmcounter10,normal,seed11,157,456.0
hpmcounter10,normal,seed11,158,456.0
hpmcounter10,normal,seed11,159,456.0
hpmcounter10,normal,seed11,160,456.0
hpmcounter10,normal,seed11,161,456.0
hpmcounter10,normal,seed11,162,456.0
hpmcounter10,normal,seed11,163,456.0
hpmcounter10,normal,seed11,164,456.0
hpmcounter10,normal,seed11,165,456.0
hpmcounter10,normal,seed11,166,456.0
hpmcounter10,normal,seed11,167,456.0
hpmcounter10,normal,seed11,168,456.0
hpmcounter10,normal,seed11,169,456.0
hpmcounter10,normal,seed11,170,456.0
hpmcounter10,normal,seed11,171,456.0
hpmcounter10,normal,seed11,172,456.0
hpmcounter10,normal,seed11,173,456.0
hpmcounter10,normal,seed11,174,456.0
hpmcounter10,normal,seed11,175,456.0
hpmcounter10,normal,seed11,176,456.0
hpmcounter10,normal,seed11,177,456.0
hpmcounter10,normal,seed11,178,456.0
hpmcounter10,normal,seed11,179,456.0
hpmcounter10,normal,seed11,180,456.0
hpmcounter10,normal,seed11,181,456.0
hpmcounter10,normal,seed11,182,456.0
hpmcounter10,normal,seed11,183,456.0
hpmcounter10,normal,seed11,184,456.0
hpmcounter10,normal,seed11,185,456.0
hpmcounter10,normal,seed11,186,456.0
hpmcounter10,normal,seed11,187,456.0
hpmcounter10,normal,seed11,188,456.0
hpmcounter10,normal,seed11,189,456.0
hpmcounter10,normal,seed11,190,456.0
hpmcounter10,normal,seed11,191,456.0
hpmcounter10,normal,seed11,192,456.0
hpmcounter10,normal,seed11,193,456.0
hpmcounter10,normal,seed11,194,456.0
hpmcounter10,normal,seed11,195,456.0
hpmcounter10,normal,seed11,196,456.0
hpmcounter10,normal,seed11,197,456.0
hpmcounter10,normal,seed11,198,456.0
hpmcounter10,normal,seed11,199,456.0
hpmcounter10,normal,seed11,200,456.0
hpmcounter10,normal,seed11,201,456.0
hpmcounter10,normal,seed11,202,456.0
hpmcounter10,normal,seed11,203,456.0
hpmcounter10,normal,seed11,204,456.0
hpmcounter10,normal,seed11,205,456.0
hpmcounter10,normal,seed11,206,456.0
hpmcounter10,normal,seed11,207,456.0
hpmcounter10,normal,seed11,208,456.0
hpmcounter10,normal,seed11,209,456.0
hpmcounter10,normal,seed11,210,456.0
hpmcounter10,normal,seed11,211,456.0
hpmcounter10,normal,seed11,212,456.0
hpmcounter10,normal,seed11,213,456.0
hpmcounter10,normal,seed11,214,456.0
hpmcounter10,normal,seed11,215,456.0
hpmcounter10,normal,seed11,216,456.0
hpmcounter10,normal,seed11,217,456.0
hpmcounter10,normal,seed11,218,456.0
hpmcounter10,normal,seed11,219,456.0
hpmcounter10,normal,seed11,220,456.0
hpmcounter10,normal,seed11,221,456.0
hpmcounter10,normal,seed11,222,456.0
hpmcounter10,normal,seed11,223,456.0
hpmcounter10,normal,seed11,224,456.0
hpmcounter10,normal,seed11,225,456.0
hpmcounter10,normal,seed11,226,456.0
hpmcounter10,normal,seed11,227,456.0
hpmcounter10,normal,seed11,228,456.0
hpmcounter10,normal,seed11,229,456.0
hpmcounter10,normal,seed11,230,456.0
hpmcounter10,normal,seed11,231,456.0
hpmcounter10,normal,seed11,232,456.0
hpmcounter10,normal,seed11,233,456.0
hpmcounter10,normal,seed11,234,456.0
hpmcounter10,normal,seed11,235,456.0
hpmcounter10,normal,seed11,236,456.0
hpmcounter10,normal,seed11,237,456.0
hpmcounter10,normal,seed11,238,456.0
hpmcounter10,normal,seed11,239,456.0
hpmcounter10,normal,seed11,240,456.0
hpmcounter10,normal,seed11,241,456.0
hpmcounter10,normal,seed11,242,456.0
hpmcounter10,normal,seed11,243,456.0
hpmcounter10,normal,seed11,244,456.0
hpmcounter10,normal,seed11,245,456.0
hpmcounter10,normal,seed11,246,456.0
hpmcounter10,normal,seed11,247,456.0
hpmcounter10,normal,seed11,248,456.0
hpmcounter10,normal,seed11,249,456.0
hpmcounter10,normal,seed11,250,456.0
hpmcounter10,normal,seed11,251,456.0
hpmcounter10,normal,seed11,252,456.0
hpmcounter10,normal,seed11,253,456.0
hpmcounter10,normal,seed11,254,456.0
hpmcounter10,normal,seed11,255,456.0
hpmcounter10,normal,seed11,256,456.0
hpmcounter10,normal,seed11,257,456.0
hpmcounter10,normal,seed11,258,456.0
hpmcounter10,normal,seed11,259,456.0
hpmcounter10,normal,seed11,260,456.0
hpmcounter10,normal,seed11,261,456.0
hpmcounter10,normal,seed11,262,456.0
hpmcounter10,normal,seed11,263,456.0
hpmcounter10,normal,seed11,264,456.0
hpmcounter10,normal,seed11,265,456.0
hpmcounter10,normal,seed11,266,456.0
hpmcounter10,normal,seed11,267,456.0
hpmcounter10,normal,seed11,268,456.0
hpmcounter10,normal,seed11,269,456.0
hpmcounter10,normal,seed11,270,456.0
hpmcounter10,normal,seed11,271,459.0
hpmcounter10,normal,seed11,272,461.3333333333333
hpmcounter10,normal,seed11,273,463.0
hpmcounter10,normal,seed11,274,464.0
hpmcounter10,normal,seed11,275,464.3333333333333
hpmcounter10,normal,seed11,276,464.0
hpmcounter10,normal,seed11,277,463.0
hpmcounter10,normal,seed11,278,461.3333333333333
hpmcounter10,normal,seed11,279,459.0
hpmcounter10,normal,seed11,280,456.0
hpmcounter10,normal,seed11,281,456.0
hpmcounter10,normal,seed11,282,456.0
hpmcounter10,normal,seed11,283,456.0
hpmcounter10,normal,seed11,284,456.0
hpmcounter10,normal,seed11,285,456.0
hpmcounter10,normal,seed11,286,456.0
hpmcounter10,normal,seed11,287,456.0
hpmcounter10,normal,seed11,288,456.0
hpmcounter10,normal,seed11,289,456.0
hpmcounter10,normal,seed11,290,456.0
hpmcounter10,normal,seed11,291,456.0
hpmcounter10,normal,seed11,292,456.0
hpmcounter10,normal,seed11,293,456.0
hpmcounter10,normal,seed11,294,456.0
hpmcounter10,normal,seed11,295,456.0
hpmcounter10,normal,seed11,296,456.0
hpmcounter10,normal,seed11,297,456.0
hpmcounter10,normal,seed11,298,456.0
hpmcounter10,normal,seed12,9,455.0
hpmcounter10,normal,seed12,10,455.0
hpmcounter10,normal,seed12,11,455.05454545454546
hpmcounter10,normal,seed12,12,455.1515151515151
hpmcounter10,normal,seed12,13,455.27878787878785
hpmcounter10,normal,seed12,14,455.42424242424244
hpmcounter10,normal,seed12,15,455.57575757575756
hpmcounter10,normal,seed12,16,455.72121212121215
hpmcounter10,normal,seed12,17,455.8484848484849
hpmcounter10,normal,seed12,18,455.94545454545454
hpmcounter10,normal,seed12,19,456.0
hpmcounter10,normal,seed12,20,456.0
hpmcounter10,normal,seed12,21,456.0
hpmcounter10,normal,seed12,22,456.0
hpmcounter10,normal,seed12,23,456.0
hpmcounter10,normal,seed12,24,456.0
hpmcounter10,normal,seed12,25,456.0
hpmcounter10,normal,seed12,26,456.0
hpmcounter10,normal,seed12,27,456.0
hpmcounter10,normal,seed12,28,456.0
hpmcounter10,normal,seed12,29,456.0
hpmcounter10,normal,seed12,30,456.0
hpmcounter10,normal,seed12,31,456.0
hpmcounter10,normal,seed12,32,456.0
hpmcounter10,normal,seed12,33,459.0
hpmcounter10,normal,seed12,34,461.3333333333333
hpmcounter10,normal,seed12,35,466.0
hpmcounter10,normal,seed12,36,472.3333333333333
hpmcounter10,normal,seed12,37,476.6666666666667
hpmcounter10,normal,seed12,38,479.0
hpmcounter10,normal,seed12,39,479.3333333333333
hpmcounter10,normal,seed12,40,480.6666666666667
hpmcounter10,normal,seed12,41,482.3333333333333
hpmcounter10,normal,seed12,42,483.6121212121212
hpmcounter10,normal,seed12,43,484.56969696969696
hpmcounter10,normal,seed12,44,482.2060606060606
hpmcounter10,normal,seed12,45,483.1878787878788
hpmcounter10,normal,seed12,46,487.5151515151515
hpmcounter10,normal,seed12,47,491.5212121212121
hpmcounter10,normal,seed12,48,491.53939393939396
hpmcounter10,normal,seed12,49,487.56969696969696
hpmcounter10,normal,seed12,50,483.27878787878785
hpmcounter10,normal,seed12,51,482.3333333333333
hpmcounter10,normal,seed12,52,484.6666666666667
hpmcounter10,normal,seed12,53,486.6666666666667
hpmcounter10,normal,seed12,54,484.6666666666667
hpmcounter10,normal,seed12,55,482.3333333333333
hpmcounter10,normal,seed12,56,480.3333333333333
hpmcounter10,normal,seed12,57,479.3333333333333
hpmcounter10,normal,seed12,58,476.3333333333333
hpmcounter10,normal,seed12,59,471.3333333333333
hpmcounter10,normal,seed12,60,464.3333333333333
hpmcounter10,normal,seed12,61,459.0
hpmcounter10,normal,seed12,62,456.0
hpmcounter10,normal,seed12,63,456.0
hpmcounter10,normal,seed12,64,456.0
hpmcounter10,normal,seed12,65,456.0
hpmcounter10,normal,seed12,66,456.0
hpmcounter10,normal,seed12,67,456.0
hpmcounter10,normal,seed12,68,456.0
hpmcounter10,normal,seed12,69,456.0
hpmcounter10,normal,seed12,70,456.0
hpmcounter10,normal,seed12,71,456.0
hpmcounter10,normal,seed12,72,456.0
hpmcounter10,normal,seed12,73,456.0
hpmcounter10,normal,seed12,74,456.0
hpmcounter10,normal,seed12,75,456.0
hpmcounter10,normal,seed12,76,456.0
hpmcounter10,normal,seed12,77,456.0
hpmcounter10,normal,seed12,78,456.0
hpmcounter10,normal,seed12,79,456.0
hpmcounter10,normal,seed12,80,456.0
hpmcounter10,normal,seed12,81,456.0
hpmcounter10,normal,seed12,82,456.0
hpmcounter10,normal,seed12,83,456.0
hpmcounter10,normal,seed12,84,456.0
hpmcounter10,normal,seed12,85,456.0
hpmcounter10,normal,seed12,86,456.0
hpmcounter10,normal,seed12,87,456.0
hpmcounter10,normal,seed12,88,456.0
hpmcounter10,normal,seed12,89,456.0
hpmcounter10,normal,seed12,90,456.0
hpmcounter10,normal,seed12,91,456.0
hpmcounter10,normal,seed12,92,456.0
hpmcounter10,normal,seed12,93,456.0
hpmcounter10,normal,seed12,94,456.0
hpmcounter10,normal,seed12,95,456.0
hpmcounter10,normal,seed12,96,456.0
hpmcounter10,normal,seed12,97,456.0
hpmcounter10,normal,seed12,98,456.0
hpmcounter10,normal,seed12,99,456.0
hpmcounter10,normal,seed12,100,456.0
hpmcounter10,normal,seed12,101,456.0
hpmcounter10,normal,seed12,102,456.0
hpmcounter10,normal,seed12,103,456.0
hpmcounter10,normal,seed12,104,456.0
hpmcounter10,normal,seed12,105,456.0
hpmcounter10,normal,seed12,106,456.0
hpmcounter10,normal,seed12,107,456.0
hpmcounter10,normal,seed12,108,456.0
hpmcounter10,normal,seed12,109,456.0
hpmcounter10,normal,seed12,110,456.0
hpmcounter10,normal,seed12,111,456.0
hpmcounter10,normal,seed12,112,456.0
hpmcounter10,normal,seed12,113,456.0
hpmcounter10,normal,seed12,114,456.0
hpmcounter10,normal,seed12,115,456.0
hpmcounter10,normal,seed12,116,456.0
hpmcounter10,normal,seed12,117,456.0
hpmcounter10,normal,seed12,118,456.0
hpmcounter10,normal,seed12,119,456.0
hpmcounter10,normal,seed12,120,456.0
hpmcounter10,normal,seed12,121,456.0
hpmcounter10,normal,seed12,122,456.0
hpmcounter10,normal,seed12,123,456.0
hpmcounter10,normal,seed12,124,456.0
hpmcounter10,normal,seed12,125,456.0
hpmcounter10,normal,seed12,126,456.0
hpmcounter10,normal,seed12,127,456.0
hpmcounter10,normal,seed12,128,456.0
hpmcounter10,normal,seed12,129,456.0
hpmcounter10,normal,seed12,130,456.0
hpmcounter10,normal,seed12,131,456.0
hpmcounter10,normal,seed12,132,456.0
hpmcounter10,normal,seed12,133,456.0
hpmcounter10,normal,seed12,134,456.0
hpmcounter10,normal,seed12,135,456.0
hpmcounter10,normal,seed12,136,456.0
hpmcounter10,normal,seed12,137,456.0
hpmcounter10,normal,seed12,138,456.0
hpmcounter10,normal,seed12,139,456.0
hpmcounter10,normal,seed12,140,456.0
hpmcounter10,normal,seed12,141,456.0
hpmcounter10,normal,seed12,142,456.0
hpmcounter10,normal,seed12,143,456.0
hpmcounter10,normal,seed12,144,456.0
hpmcounter10,normal,seed12,145,456.0
hpmcounter10,normal,seed12,146,456.0
hpmcounter10,normal,seed12,147,456.0
hpmcounter10,normal,seed12,148,456.0
hpmcounter10,normal,seed12,149,456.0
hpmcounter10,normal,seed12,150,456.0
hpmcounter10,normal,seed12,151,456.0
hpmcounter10,normal,seed12,152,456.0
hpmcounter10,normal,seed12,153,456.0
hpmcounter10,normal,seed12,154,456.0
hpmcounter10,normal,seed12,155,456.0
hpmcounter10,normal,seed12,156,456.0
hpmcounter10,normal,seed12,157,456.0
hpmcounter10,normal,seed12,158,456.0
hpmcounter10,normal,seed12,159,456.0
hpmcounter10,normal,seed12,160,456.0
hpmcounter10,normal,seed12,161,456.0
hpmcounter10,normal,seed12,162,456.0
hpmcounter10,normal,seed12,163,456.0
hpmcounter10,normal,seed12,164,456.0
hpmcounter10,normal,seed12,165,456.0
hpmcounter10,normal,seed12,166,456.0
hpmcounter10,normal,seed12,167,456.0
hpmcounter10,normal,seed12,168,456.0
hpmcounter10,normal,seed12,169,456.0
hpmcounter10,normal,seed12,170,456.0
hpmcounter10,normal,seed12,171,456.0
hpmcounter10,normal,seed12,172,456.0
hpmcounter10,normal,seed12,173,456.0
hpmcounter10,normal,seed12,174,456.0
hpmcounter10,normal,seed12,175,456.0
hpmcounter10,normal,seed12,176,456.0
hpmcounter10,normal,seed12,177,456.0
hpmcounter10,normal,seed12,178,456.0
hpmcounter10,normal,seed12,179,456.0
hpmcounter10,normal,seed12,180,456.0
hpmcounter10,normal,seed12,181,456.0
hpmcounter10,normal,seed12,182,456.0
hpmcounter10,normal,seed12,183,456.0
hpmcounter10,normal,seed12,184,456.0
hpmcounter10,normal,seed12,185,456.0
hpmcounter10,normal,seed12,186,456.0
hpmcounter10,normal,seed12,187,456.0
hpmcounter10,normal,seed12,188,456.0
hpmcounter10,normal,seed12,189,456.0
hpmcounter10,normal,seed12,190,456.0
hpmcounter10,normal,seed12,191,456.0
hpmcounter10,normal,seed12,192,456.0
hpmcounter10,normal,seed12,193,456.0
hpmcounter10,normal,seed12,194,456.0
hpmcounter10,normal,seed12,195,456.0
hpmcounter10,normal,seed12,196,456.0
hpmcounter10,normal,seed12,197,456.0
hpmcounter10,normal,seed12,198,456.0
hpmcounter10,normal,seed12,199,456.0
hpmcounter10,normal,seed12,200,456.0
hpmcounter10,normal,seed12,201,456.0
hpmcounter10,normal,seed12,202,456.0
hpmcounter10,normal,seed12,203,456.0
hpmcounter10,normal,seed12,204,456.0
hpmcounter10,normal,seed12,205,456.0
hpmcounter10,normal,seed12,206,456.0
hpmcounter10,normal,seed12,207,456.0
hpmcounter10,normal,seed12,208,456.0
hpmcounter10,normal,seed12,209,456.0
hpmcounter10,normal,seed12,210,456.0
hpmcounter10,normal,seed12,211,456.0
hpmcounter10,normal,seed12,212,456.0
hpmcounter10,normal,seed12,213,456.0
hpmcounter10,normal,seed12,214,456.0
hpmcounter10,normal,seed12,215,456.0
hpmcounter10,normal,seed12,216,456.0
hpmcounter10,normal,seed12,217,456.0
hpmcounter10,normal,seed12,218,456.0
hpmcounter10,normal,seed12,219,456.0
hpmcounter10,normal,seed12,220,456.0
hpmcounter10,normal,seed12,221,456.0
hpmcounter10,normal,seed12,222,456.0
hpmcounter10,normal,seed12,223,456.0
hpmcounter10,normal,seed12,224,459.0
hpmcounter10,normal,seed12,225,464.3333333333333
hpmcounter10,normal,seed12,226,471.3333333333333
hpmcounter10,normal,seed12,227,479.3333333333333
hpmcounter10,normal,seed12,228,487.6666666666667
hpmcounter10,normal,seed12,229,495.6666666666667
hpmcounter10,normal,seed12,230,502.6666666666667
hpmcounter10,normal,seed12,231,508.0
hpmcounter10,normal,seed12,232,510.94545454545454
hpmcounter10,normal,seed12,233,507.9030303030303
hpmcounter10,normal,seed12,234,502.53939393939396
hpmcounter10,normal,seed12,235,495.5212121212121
hpmcounter10,normal,seed12,236,487.5151515151515
hpmcounter10,normal,seed12,237,479.1878787878788
hpmcounter10,normal,seed12,238,471.2060606060606
hpmcounter10,normal,seed12,239,464.23636363636365
hpmcounter10,normal,seed12,240,458.94545454545454
hpmcounter10,normal,seed12,241,456.0
hpmcounter10,normal,seed12,242,456.0
hpmcounter10,normal,seed12,243,456.0
hpmcounter10,normal,seed12,244,456.0
hpmcounter10,normal,seed12,245,456.0
hpmcounter10,normal,seed12,246,456.0
hpmcounter10,normal,seed12,247,456.0
hpmcounter10,normal,seed12,248,456.0
hpmcounter10,normal,seed12,249,456.0
hpmcounter10,normal,seed12,250,456.0
hpmcounter10,normal,seed12,251,456.0
hpmcounter10,normal,seed12,252,456.0
hpmcounter10,normal,seed12,253,456.0
hpmcounter10,normal,seed12,254,456.0
hpmcounter10,normal,seed12,255,456.0
hpmcounter10,normal,seed12,256,456.0
hpmcounter10,normal,seed12,257,456.0
hpmcounter10,normal,seed12,258,456.0
hpmcounter10,normal,seed12,259,456.0
hpmcounter10,normal,seed12,260,456.0
hpmcounter10,normal,seed12,261,456.0
hpmcounter10,normal,seed12,262,456.0
hpmcounter10,normal,seed12,263,456.0
hpmcounter10,normal,seed12,264,456.0
hpmcounter10,normal,seed12,265,456.0
hpmcounter10,normal,seed12,266,456.0
hpmcounter10,normal,seed12,267,456.0
hpmcounter10,normal,seed12,268,456.0
hpmcounter10,normal,seed12,269,456.0
hpmcounter10,normal,seed12,270,456.0
hpmcounter10,normal,seed12,271,456.0
hpmcounter10,normal,seed12,272,456.0
hpmcounter10,normal,seed12,273,456.0
hpmcounter10,normal,seed12,274,456.0
hpmcounter10,normal,seed12,275,459.0
hpmcounter10,normal,seed12,276,464.3333333333333
hpmcounter10,normal,seed12,277,471.3333333333333
hpmcounter10,normal,seed12,278,479.3333333333333
hpmcounter10,normal,seed12,279,487.6666666666667
hpmcounter10,normal,seed12,280,492.6666666666667
hpmcounter10,normal,seed12,281,494.3333333333333
hpmcounter10,normal,seed12,282,492.6666666666667
hpmcounter10,normal,seed12,283,487.6666666666667
hpmcounter10,normal,seed12,284,479.3333333333333
hpmcounter10,normal,seed12,285,471.3333333333333
hpmcounter10,normal,seed12,286,464.3333333333333
hpmcounter10,normal,seed12,287,459.0
hpmcounter10,normal,seed12,288,456.0
hpmcounter10,normal,seed12,289,456.0
hpmcounter10,normal,seed12,290,456.0
hpmcounter10,normal,seed12,291,456.0
hpmcounter10,normal,seed12,292,456.0
hpmcounter10,normal,seed12,293,456.0
hpmcounter10,normal,seed12,294,456.0
hpmcounter10,normal,seed12,295,456.0
hpmcounter10,normal,seed12,296,456.0
hpmcounter10,normal,seed12,297,456.0
hpmcounter10,normal,seed12,298,456.0
hpmcounter10,normal,seed13,9,455.0
hpmcounter10,normal,seed13,10,455.0
hpmcounter10,normal,seed13,11,455.05454545454546
hpmcounter10,normal,seed13,12,455.1515151515151
hpmcounter10,normal,seed13,13,455.27878787878785
hpmcounter10,normal,seed13,14,455.42424242424244
hpmcounter10,normal,seed13,15,455.57575757575756
hpmcounter10,normal,seed13,16,455.72121212121215
hpmcounter10,normal,seed13,17,455.8484848484849
hpmcounter10,normal,seed13,18,455.94545454545454
hpmcounter10,normal,seed13,19,456.0
hpmcounter10,normal,seed13,20,456.0
hpmcounter10,normal,seed13,21,456.0
hpmcounter10,normal,seed13,22,456.0
hpmcounter10,normal,seed13,23,456.0
hpmcounter10,normal,seed13,24,456.0
hpmcounter10,normal,seed13,25,456.0
hpmcounter10,normal,seed13,26,456.0
hpmcounter10,normal,seed13,27,456.0
hpmcounter10,normal,seed13,28,456.0
hpmcounter10,normal,seed13,29,456.0
hpmcounter10,normal,seed13,30,456.0
hpmcounter10,normal,seed13,31,456.0
hpmcounter10,normal,seed13,32,456.0
hpmcounter10,normal,seed13,33,456.0
hpmcounter10,normal,seed13,34,456.0
hpmcounter10,normal,seed13,35,456.0
hpmcounter10,normal,seed13,36,456.0
hpmcounter10,normal,seed13,37,456.0
hpmcounter10,normal,seed13,38,456.0
hpmcounter10,normal,seed13,39,456.0
hpmcounter10,normal,seed13,40,456.0
hpmcounter10,normal,seed13,41,456.0
hpmcounter10,normal,seed13,42,456.0
hpmcounter10,normal,seed13,43,456.0
hpmcounter10,normal,seed13,44,456.0
hpmcounter10,normal,seed13,45,456.0
hpmcounter10,normal,seed13,46,456.0
hpmcounter10,normal,seed13,47,456.0
hpmcounter10,normal,seed13,48,456.0
hpmcounter10,normal,seed13,49,456.0
hpmcounter10,normal,seed13,50,456.0
hpmcounter10,normal,seed13,51,456.0
hpmcounter10,normal,seed13,52,456.0
hpmcounter10,normal,seed13,53,456.0
hpmcounter10,normal,seed13,54,456.0
hpmcounter10,normal,seed13,55,456.0
hpmcounter10,normal,seed13,56,456.0
hpmcounter10,normal,seed13,57,456.0
hpmcounter10,normal,seed13,58,456.0
hpmcounter10,normal,seed13,59,456.0
hpmcounter10,normal,seed13,60,456.0
hpmcounter10,normal,seed13,61,456.0
hpmcounter10,normal,seed13,62,459.0
hpmcounter10,normal,seed13,63,461.3333333333333
hpmcounter10,normal,seed13,64,463.0
hpmcounter10,normal,seed13,65,464.0
hpmcounter10,normal,seed13,66,464.3333333333333
hpmcounter10,normal,seed13,67,464.0
hpmcounter10,normal,seed13,68,463.0
hpmcounter10,normal,seed13,69,461.3333333333333
hpmcounter10,normal,seed13,70,459.0
hpmcounter10,normal,seed13,71,456.0
hpmcounter10,normal,seed13,72,456.0
hpmcounter10,normal,seed13,73,456.0
hpmcounter10,normal,seed13,74,456.0
hpmcounter10,normal,seed13,75,456.0
hpmcounter10,normal,seed13,76,456.0
hpmcounter10,normal,seed13,77,456.0
hpmcounter10,normal,seed13,78,456.0
hpmcounter10,normal,seed13,79,456.0
hpmcounter10,normal,seed13,80,456.0
hpmcounter10,normal,seed13,81,456.0
hpmcounter10,normal,seed13,82,456.0
hpmcounter10,normal,seed13,83,456.0
hpmcounter10,normal,seed13,84,456.0
hpmcounter10,normal,seed13,85,456.0
hpmcounter10,normal,seed13,86,456.0
hpmcounter10,normal,seed13,87,456.0
hpmcounter10,normal,seed13,88,456.0
hpmcounter10,normal,seed13,89,456.0
hpmcounter10,normal,seed13,90,456.0
hpmcounter10,normal,seed13,91,456.0
hpmcounter10,normal,seed13,92,456.0
hpmcounter10,normal,seed13,93,456.0
hpmcounter10,normal,seed13,94,456.0
hpmcounter10,normal,seed13,95,456.0
hpmcounter10,normal,seed13,96,456.0
hpmcounter10,normal,seed13,97,456.0
hpmcounter10,normal,seed13,98,456.0
hpmcounter10,normal,seed13,99,456.0
hpmcounter10,normal,seed13,100,456.0
hpmcounter10,normal,seed13,101,456.0
hpmcounter10,normal,seed13,102,456.0
hpmcounter10,normal,seed13,103,456.0
hpmcounter10,normal,seed13,104,456.0
hpmcounter10,normal,seed13,105,456.0
hpmcounter10,normal,seed13,106,456.0
hpmcounter10,normal,seed13,107,456.0
hpmcounter10,normal,seed13,108,456.0
hpmcounter10,normal,seed13,109,456.0
hpmcounter10,normal,seed13,110,456.0
hpmcounter10,normal,seed13,111,456.0
hpmcounter10,normal,seed13,112,456.0
hpmcounter10,normal,seed13,113,456.0
hpmcounter10,normal,seed13,114,456.0
hpmcounter10,normal,seed13,115,456.0
hpmcounter10,normal,seed13,116,456.0
hpmcounter10,normal,seed13,117,456.0
hpmcounter10,normal,seed13,118,456.0
hpmcounter10,normal,seed13,119,456.0
hpmcounter10,normal,seed13,120,456.0
hpmcounter10,normal,seed13,121,456.0
hpmcounter10,normal,seed13,122,456.0
hpmcounter10,normal,seed13,123,456.0
hpmcounter10,normal,seed13,124,456.0
hpmcounter10,normal,seed13,125,456.0
hpmcounter10,normal,seed13,126,456.0
hpmcounter10,normal,seed13,127,456.0
hpmcounter10,normal,seed13,128,456.0
hpmcounter10,normal,seed13,129,456.0
hpmcounter10,normal,seed13,130,456.0
hpmcounter10,normal,seed13,131,456.0
hpmcounter10,normal,seed13,132,456.0
hpmcounter10,normal,seed13,133,456.0
hpmcounter10,normal,seed13,134,456.0
hpmcounter10,normal,seed13,135,456.0
hpmcounter10,normal,seed13,136,456.0
hpmcounter10,normal,seed13,137,456.0
hpmcounter10,normal,seed13,138,456.0
hpmcounter10,normal,seed13,139,456.0
hpmcounter10,normal,seed13,140,456.0
hpmcounter10,normal,seed13,141,456.0
hpmcounter10,normal,seed13,142,456.0
hpmcounter10,normal,seed13,143,456.0
hpmcounter10,normal,seed13,144,456.0
hpmcounter10,normal,seed13,145,456.0
hpmcounter10,normal,seed13,146,456.0
hpmcounter10,normal,seed13,147,456.0
hpmcounter10,normal,seed13,148,456.0
hpmcounter10,normal,seed13,149,456.0
hpmcounter10,normal,seed13,150,456.0
hpmcounter10,normal,seed13,151,456.0
hpmcounter10,normal,seed13,152,456.0
hpmcounter10,normal,seed13,153,456.0
hpmcounter10,normal,seed13,154,456.0
hpmcounter10,normal,seed13,155,456.0
hpmcounter10,normal,seed13,156,456.0
hpmcounter10,normal,seed13,157,456.0
hpmcounter10,normal,seed13,158,456.0
hpmcounter10,normal,seed13,159,456.0
hpmcounter10,normal,seed13,160,456.0
hpmcounter10,normal,seed13,161,459.0
hpmcounter10,normal,seed13,162,464.3333333333333
hpmcounter10,normal,seed13,163,471.3333333333333
hpmcounter10,normal,seed13,164,476.3333333333333
hpmcounter10,normal,seed13,165,479.3333333333333
hpmcounter10,normal,seed13,166,480.3333333333333
hpmcounter10,normal,seed13,167,479.3333333333333
hpmcounter10,normal,seed13,168,476.3333333333333
hpmcounter10,normal,seed13,169,471.3333333333333
hpmcounter10,normal,seed13,170,464.3333333333333
hpmcounter10,normal,seed13,171,459.0
hpmcounter10,normal,seed13,172,456.0
hpmcounter10,normal,seed13,173,456.0
hpmcounter10,normal,seed13,174,456.0
hpmcounter10,normal,seed13,175,456.0
hpmcounter10,normal,seed13,176,456.0
hpmcounter10,normal,seed13,177,456.0
hpmcounter10,normal,seed13,178,456.0
hpmcounter10,normal,seed13,179,456.0
hpmcounter10,normal,seed13,180,456.0
hpmcounter10,normal,seed13,181,456.0
hpmcounter10,normal,seed13,182,456.0
hpmcounter10,normal,seed13,183,456.0
hpmcounter10,normal,seed13,184,456.0
hpmcounter10,normal,seed13,185,456.0
hpmcounter10,normal,seed13,186,456.0
hpmcounter10,normal,seed13,187,456.0
hpmcounter10,normal,seed13,188,456.0
hpmcounter10,normal,seed13,189,456.0
hpmcounter10,normal,seed13,190,456.0
hpmcounter10,normal,seed13,191,456.0
hpmcounter10,normal,seed13,192,456.0
hpmcounter10,normal,seed13,193,456.0
hpmcounter10,normal,seed13,194,456.0
hpmcounter10,normal,seed13,195,456.0
hpmcounter10,normal,seed13,196,456.0
hpmcounter10,normal,seed13,197,456.0
hpmcounter10,normal,seed13,198,456.0
hpmcounter10,normal,seed13,199,456.0
hpmcounter10,normal,seed13,200,456.0
hpmcounter10,normal,seed13,201,456.0
hpmcounter10,normal,seed13,202,456.0
hpmcounter10,normal,seed13,203,456.0
hpmcounter10,normal,seed13,204,456.0
hpmcounter10,normal,seed13,205,456.0
hpmcounter10,normal,seed13,206,456.0
hpmcounter10,normal,seed13,207,456.0
hpmcounter10,normal,seed13,208,456.0
hpmcounter10,normal,seed13,209,456.0
hpmcounter10,normal,seed13,210,456.0
hpmcounter10,normal,seed13,211,456.0
hpmcounter10,normal,seed13,212,456.0
hpmcounter10,normal,seed13,213,456.0
hpmcounter10,normal,seed13,214,456.0
hpmcounter10,normal,seed13,215,456.0
hpmcounter10,normal,seed13,216,456.0
hpmcounter10,normal,seed13,217,456.0
hpmcounter10,normal,seed13,218,456.0
hpmcounter10,normal,seed13,219,456.0
hpmcounter10,normal,seed13,220,456.0
hpmcounter10,normal,seed13,221,456.0
hpmcounter10,normal,seed13,222,456.0
hpmcounter10,normal,seed13,223,456.0
hpmcounter10,normal,seed13,224,456.0
hpmcounter10,normal,seed13,225,456.0
hpmcounter10,normal,seed13,226,456.0
hpmcounter10,normal,seed13,227,456.0
hpmcounter10,normal,seed13,228,456.0
hpmcounter10,normal,seed13,229,456.0
hpmcounter10,normal,seed13,230,456.0
hpmcounter10,normal,seed13,231,456.0
hpmcounter10,normal,seed13,232,456.0
hpmcounter10,normal,seed13,233,456.0
hpmcounter10,normal,seed13,234,456.0
hpmcounter10,normal,seed13,235,456.0
hpmcounter10,normal,seed13,236,456.0
hpmcounter10,normal,seed13,237,456.0
hpmcounter10,normal,seed13,238,456.0
hpmcounter10,normal,seed13,239,456.0
hpmcounter10,normal,seed13,240,456.0
hpmcounter10,normal,seed13,241,456.0
hpmcounter10,normal,seed13,242,456.0
hpmcounter10,normal,seed13,243,456.0
hpmcounter10,normal,seed13,244,456.0
hpmcounter10,normal,seed13,245,456.0
hpmcounter10,normal,seed13,246,456.0
hpmcounter10,normal,seed13,247,456.0
hpmcounter10,normal,seed13,248,456.0
hpmcounter10,normal,seed13,249,456.0
hpmcounter10,normal,seed13,250,456.0
hpmcounter10,normal,seed13,251,456.0
hpmcounter10,normal,seed13,252,456.0
hpmcounter10,normal,seed13,253,456.0
hpmcounter10,normal,seed13,254,456.0
hpmcounter10,normal,seed13,255,456.0
hpmcounter10,normal,seed13,256,456.0
hpmcounter10,normal,seed13,257,456.0
hpmcounter10,normal,seed13,258,456.0
hpmcounter10,normal,seed13,259,456.0
hpmcounter10,normal,seed13,260,456.0
hpmcounter10,normal,seed13,261,456.0
hpmcounter10,normal,seed13,262,456.0
hpmcounter10,normal,seed13,263,456.0
hpmcounter10,normal,seed13,264,456.0
hpmcounter10,normal,seed13,265,456.0
hpmcounter10,normal,seed13,266,456.0
hpmcounter10,normal,seed13,267,456.0
hpmcounter10,normal,seed13,268,456.0
hpmcounter10,normal,seed13,269,456.0
hpmcounter10,normal,seed13,270,456.0
hpmcounter10,normal,seed13,271,456.0
hpmcounter10,normal,seed13,272,456.0
hpmcounter10,normal,seed13,273,456.0
hpmcounter10,normal,seed13,274,456.0
hpmcounter10,normal,seed13,275,456.0
hpmcounter10,normal,seed13,276,456.0
hpmcounter10,normal,seed13,277,456.0
hpmcounter10,normal,seed13,278,456.0
hpmcounter10,normal,seed13,279,456.0
hpmcounter10,normal,seed13,280,456.0
hpmcounter10,normal,seed13,281,456.0
hpmcounter10,normal,seed13,282,456.0
hpmcounter10,normal,seed13,283,456.0
hpmcounter10,normal,seed13,284,456.0
hpmcounter10,normal,seed13,285,456.0
hpmcounter10,normal,seed13,286,456.0
hpmcounter10,normal,seed13,287,456.0
hpmcounter10,normal,seed13,288,456.0
hpmcounter10,normal,seed13,289,456.0
hpmcounter10,normal,seed13,290,456.0
hpmcounter10,normal,seed13,291,456.0
hpmcounter10,normal,seed13,292,456.0
hpmcounter10,normal,seed13,293,456.0
hpmcounter10,normal,seed13,294,456.0
hpmcounter10,normal,seed13,295,456.0
hpmcounter10,normal,seed13,296,456.0
hpmcounter10,normal,seed13,297,456.0
hpmcounter10,normal,seed13,298,459.0
hpmcounter10,normal,seed14,9,455.0
hpmcounter10,normal,seed14,10,455.0
hpmcounter10,normal,seed14,11,455.05454545454546
hpmcounter10,normal,seed14,12,455.1515151515151
hpmcounter10,normal,seed14,13,455.27878787878785
hpmcounter10,normal,seed14,14,455.42424242424244
hpmcounter10,normal,seed14,15,455.57575757575756
hpmcounter10,normal,seed14,16,455.72121212121215
hpmcounter10,normal,seed14,17,455.8484848484849
hpmcounter10,normal,seed14,18,455.94545454545454
hpmcounter10,normal,seed14,19,456.0
hpmcounter10,normal,seed14,20,456.0
hpmcounter10,normal,seed14,21,456.0
hpmcounter10,normal,seed14,22,456.0
hpmcounter10,normal,seed14,23,456.0
hpmcounter10,normal,seed14,24,456.0
hpmcounter10,normal,seed14,25,456.0
hpmcounter10,normal,seed14,26,456.0
hpmcounter10,normal,seed14,27,456.0
hpmcounter10,normal,seed14,28,456.0
hpmcounter10,normal,seed14,29,456.0
hpmcounter10,normal,seed14,30,456.0
hpmcounter10,normal,seed14,31,456.0
hpmcounter10,normal,seed14,32,456.0
hpmcounter10,normal,seed14,33,456.0
hpmcounter10,normal,seed14,34,456.0
hpmcounter10,normal,seed14,35,456.0
hpmcounter10,normal,seed14,36,456.0
hpmcounter10,normal,seed14,37,456.0
hpmcounter10,normal,seed14,38,456.0
hpmcounter10,normal,seed14,39,456.0
hpmcounter10,normal,seed14,40,456.0
hpmcounter10,normal,seed14,41,456.0
hpmcounter10,normal,seed14,42,456.0
hpmcounter10,normal,seed14,43,456.0
hpmcounter10,normal,seed14,44,456.0
hpmcounter10,normal,seed14,45,456.0
hpmcounter10,normal,seed14,46,456.0
hpmcounter10,normal,seed14,47,456.0
hpmcounter10,normal,seed14,48,456.0
hpmcounter10,normal,seed14,49,456.0
hpmcounter10,normal,seed14,50,456.0
hpmcounter10,normal,seed14,51,456.0
hpmcounter10,normal,seed14,52,456.0
hpmcounter10,normal,seed14,53,456.0
hpmcounter10,normal,seed14,54,456.0
hpmcounter10,normal,seed14,55,456.0
hpmcounter10,normal,seed14,56,456.0
hpmcounter10,normal,seed14,57,456.0
hpmcounter10,normal,seed14,58,456.0
hpmcounter10,normal,seed14,59,456.0
hpmcounter10,normal,seed14,60,456.0
hpmcounter10,normal,seed14,61,456.0
hpmcounter10,normal,seed14,62,456.0
hpmcounter10,normal,seed14,63,456.0
hpmcounter10,normal,seed14,64,456.0
hpmcounter10,normal,seed14,65,456.0
hpmcounter10,normal,seed14,66,456.0
hpmcounter10,normal,seed14,67,459.0
hpmcounter10,normal,seed14,68,464.3333333333333
hpmcounter10,normal,seed14,69,471.3333333333333
hpmcounter10,normal,seed14,70,479.3333333333333
hpmcounter10,normal,seed14,71,484.6666666666667
hpmcounter10,normal,seed14,72,490.3333333333333
hpmcounter10,normal,seed14,73,492.6666666666667
hpmcounter10,normal,seed14,74,491.6666666666667
hpmcounter10,normal,seed14,75,487.3333333333333
hpmcounter10,normal,seed14,76,479.6666666666667
hpmcounter10,normal,seed14,77,472.3333333333333
hpmcounter10,normal,seed14,78,466.0
hpmcounter10,normal,seed14,79,461.3333333333333
hpmcounter10,normal,seed14,80,459.0
hpmcounter10,normal,seed14,81,456.0
hpmcounter10,normal,seed14,82,456.0
hpmcounter10,normal,seed14,83,456.0
hpmcounter10,normal,seed14,84,456.0
hpmcounter10,normal,seed14,85,456.0
hpmcounter10,normal,seed14,86,456.0
hpmcounter10,normal,seed14,87,456.0
hpmcounter10,normal,seed14,88,456.0
hpmcounter10,normal,seed14,89,456.0
hpmcounter10,normal,seed14,90,456.0
hpmcounter10,normal,seed14,91,456.0
hpmcounter10,normal,seed14,92,456.0
hpmcounter10,normal,seed14,93,456.0
hpmcounter10,normal,seed14,94,456.0
hpmcounter10,normal,seed14,95,456.0
hpmcounter10,normal,seed14,96,456.0
hpmcounter10,normal,seed14,97,456.0
hpmcounter10,normal,seed14,98,456.0
hpmcounter10,normal,seed14,99,456.0
hpmcounter10,normal,seed14,100,456.0
hpmcounter10,normal,seed14,101,456.0
hpmcounter10,normal,seed14,102,456.0
hpmcounter10,normal,seed14,103,456.0
hpmcounter10,normal,seed14,104,456.0
hpmcounter10,normal,seed14,105,456.0
hpmcounter10,normal,seed14,106,456.0
hpmcounter10,normal,seed14,107,456.0
hpmcounter10,normal,seed14,108,456.0
hpmcounter10,normal,seed14,109,456.0
hpmcounter10,normal,seed14,110,456.0
hpmcounter10,normal,seed14,111,456.0
hpmcounter10,normal,seed14,112,456.0
hpmcounter10,normal,seed14,113,456.0
hpmcounter10,normal,seed14,114,456.0
hpmcounter10,normal,seed14,115,456.0
hpmcounter10,normal,seed14,116,456.0
hpmcounter10,normal,seed14,117,456.0
hpmcounter10,normal,seed14,118,456.0
hpmcounter10,normal,seed14,119,456.0
hpmcounter10,normal,seed14,120,456.0
hpmcounter10,normal,seed14,121,456.0
hpmcounter10,normal,seed14,122,456.0
hpmcounter10,normal,seed14,123,456.0
hpmcounter10,normal,seed14,124,456.0
hpmcounter10,normal,seed14,125,456.0
hpmcounter10,normal,seed14,126,456.0
hpmcounter10,normal,seed14,127,456.0
hpmcounter10,normal,seed14,128,456.0
hpmcounter10,normal,seed14,129,456.0
hpmcounter10,normal,seed14,130,456.0
hpmcounter10,normal,seed14,131,456.0
hpmcounter10,normal,seed14,132,456.0
hpmcounter10,normal,seed14,133,459.0
hpmcounter10,normal,seed14,134,461.3333333333333
hpmcounter10,normal,seed14,135,463.0
hpmcounter10,normal,seed14,136,464.0
hpmcounter10,normal,seed14,137,464.3333333333333
hpmcounter10,normal,seed14,138,464.0
hpmcounter10,normal,seed14,139,463.0
hpmcounter10,normal,seed14,140,461.3333333333333
hpmcounter10,normal,seed14,141,459.0
hpmcounter10,normal,seed14,142,456.0
hpmcounter10,normal,seed14,143,456.0
hpmcounter10,normal,seed14,144,456.0
hpmcounter10,normal,seed14,145,456.0
hpmcounter10,normal,seed14,146,456.0
hpmcounter10,normal,seed14,147,456.0
hpmcounter10,normal,seed14,148,456.0
hpmcounter10,normal,seed14,149,456.0
hpmcounter10,normal,seed14,150,456.0
hpmcounter10,normal,seed14,151,456.0
hpmcounter10,normal,seed14,152,456.0
hpmcounter10,normal,seed14,153,456.0
hpmcounter10,normal,seed14,154,456.0
hpmcounter10,normal,seed14,155,459.0
hpmcounter10,normal,seed14,156,464.3333333333333
hpmcounter10,normal,seed14,157,471.3333333333333
hpmcounter10,normal,seed14,158,479.3333333333333
hpmcounter10,normal,seed14,159,484.6666666666667
hpmcounter10,normal,seed14,160,487.3333333333333
hpmcounter10,normal,seed14,161,487.3333333333333
hpmcounter10,normal,seed14,162,484.6666666666667
hpmcounter10,normal,seed14,163,479.3333333333333
hpmcounter10,normal,seed14,164,471.3333333333333
hpmcounter10,normal,seed14,165,464.3333333333333
hpmcounter10,normal,seed14,166,459.0
hpmcounter10,normal,seed14,167,456.0
hpmcounter10,normal,seed14,168,456.0
hpmcounter10,normal,seed14,169,456.0
hpmcounter10,normal,seed14,170,456.0
hpmcounter10,normal,seed14,171,456.0
hpmcounter10,normal,seed14,172,456.0
hpmcounter10,normal,seed14,173,456.0
hpmcounter10,normal,seed14,174,456.0
hpmcounter10,normal,seed14,175,456.0
hpmcounter10,normal,seed14,176,456.0
hpmcounter10,normal,seed14,177,456.0
hpmcounter10,normal,seed14,178,456.0
hpmcounter10,normal,seed14,179,456.0
hpmcounter10,normal,seed14,180,456.0
hpmcounter10,normal,seed14,181,456.0
hpmcounter10,normal,seed14,182,456.0
hpmcounter10,normal,seed14,183,456.0
hpmcounter10,normal,seed14,184,459.0
hpmcounter10,normal,seed14,185,464.3333333333333
hpmcounter10,normal,seed14,186,471.3333333333333
hpmcounter10,normal,seed14,187,479.3333333333333
hpmcounter10,normal,seed14,188,487.6666666666667
hpmcounter10,normal,seed14,189,495.6666666666667
hpmcounter10,normal,seed14,190,499.6666666666667
hpmcounter10,normal,seed14,191,499.6666666666667
hpmcounter10,normal,seed14,192,495.6666666666667
hpmcounter10,normal,seed14,193,487.6666666666667
hpmcounter10,normal,seed14,194,479.3333333333333
hpmcounter10,normal,seed14,195,471.3333333333333
hpmcounter10,normal,seed14,196,464.3333333333333
hpmcounter10,normal,seed14,197,459.0
hpmcounter10,normal,seed14,198,456.0
hpmcounter10,normal,seed14,199,456.0
hpmcounter10,normal,seed14,200,456.0
hpmcounter10,normal,seed14,201,456.0
hpmcounter10,normal,seed14,202,456.0
hpmcounter10,normal,seed14,203,456.0
hpmcounter10,normal,seed14,204,456.0
hpmcounter10,normal,seed14,205,456.0
hpmcounter10,normal,seed14,206,456.0
hpmcounter10,normal,seed14,207,456.0
hpmcounter10,normal,seed14,208,456.0
hpmcounter10,normal,seed14,209,456.0
hpmcounter10,normal,seed14,210,456.0
hpmcounter10,normal,seed14,211,456.0
hpmcounter10,normal,seed14,212,456.0
hpmcounter10,normal,seed14,213,456.0
hpmcounter10,normal,seed14,214,456.0
hpmcounter10,normal,seed14,215,456.0
hpmcounter10,normal,seed14,216,456.0
hpmcounter10,normal,seed14,217,456.0
hpmcounter10,normal,seed14,218,456.0
hpmcounter10,normal,seed14,219,456.0
hpmcounter10,normal,seed14,220,456.0
hpmcounter10,normal,seed14,221,456.0
hpmcounter10,normal,seed14,222,456.0
hpmcounter10,normal,seed14,223,456.0
hpmcounter10,normal,seed14,224,456.0
hpmcounter10,normal,seed14,225,456.0
hpmcounter10,normal,seed14,226,456.0
hpmcounter10,normal,seed14,227,456.0
hpmcounter10,normal,seed14,228,456.0
hpmcounter10,normal,seed14,229,456.0
hpmcounter10,normal,seed14,230,456.0
hpmcounter10,normal,seed14,231,456.0
hpmcounter10,normal,seed14,232,456.0
hpmcounter10,normal,seed14,233,456.0
hpmcounter10,normal,seed14,234,456.0
hpmcounter10,normal,seed14,235,456.0
hpmcounter10,normal,seed14,236,456.0
hpmcounter10,normal,seed14,237,456.0
hpmcounter10,normal,seed14,238,456.0
hpmcounter10,normal,seed14,239,456.0
hpmcounter10,normal,seed14,240,456.0
hpmcounter10,normal,seed14,241,456.0
hpmcounter10,normal,seed14,242,456.0
hpmcounter10,normal,seed14,243,456.0
hpmcounter10,normal,seed14,244,456.0
hpmcounter10,normal,seed14,245,456.0
hpmcounter10,normal,seed14,246,456.0
hpmcounter10,normal,seed14,247,456.0
hpmcounter10,normal,seed14,248,456.0
hpmcounter10,normal,seed14,249,456.0
hpmcounter10,normal,seed14,250,456.0
hpmcounter10,normal,seed14,251,456.0
hpmcounter10,normal,seed14,252,456.0
hpmcounter10,normal,seed14,253,456.0
hpmcounter10,normal,seed14,254,456.0
hpmcounter10,normal,seed14,255,456.0
hpmcounter10,normal,seed14,256,456.0
hpmcounter10,normal,seed14,257,456.0
hpmcounter10,normal,seed14,258,456.0
hpmcounter10,normal,seed14,259,456.0
hpmcounter10,normal,seed14,260,456.0
hpmcounter10,normal,seed14,261,456.0
hpmcounter10,normal,seed14,262,456.0
hpmcounter10,normal,seed14,263,456.0
hpmcounter10,normal,seed14,264,456.0
hpmcounter10,normal,seed14,265,456.0
hpmcounter10,normal,seed14,266,456.0
hpmcounter10,normal,seed14,267,456.0
hpmcounter10,normal,seed14,268,456.0
hpmcounter10,normal,seed14,269,456.0
hpmcounter10,normal,seed14,270,456.0
hpmcounter10,normal,seed14,271,456.0
hpmcounter10,normal,seed14,272,456.0
hpmcounter10,normal,seed14,273,456.0
hpmcounter10,normal,seed14,274,456.0
hpmcounter10,normal,seed14,275,456.0
hpmcounter10,normal,seed14,276,456.0
hpmcounter10,normal,seed14,277,456.0
hpmcounter10,normal,seed14,278,456.0
hpmcounter10,normal,seed14,279,456.0
hpmcounter10,normal,seed14,280,456.0
hpmcounter10,normal,seed14,281,456.0
hpmcounter10,normal,seed14,282,456.0
hpmcounter10,normal,seed14,283,456.0
hpmcounter10,normal,seed14,284,456.0
hpmcounter10,normal,seed14,285,456.0
hpmcounter10,normal,seed14,286,456.0
hpmcounter10,normal,seed14,287,456.0
hpmcounter10,normal,seed14,288,456.0
hpmcounter10,normal,seed14,289,456.0
hpmcounter10,normal,seed14,290,456.0
hpmcounter10,normal,seed14,291,456.0
hpmcounter10,normal,seed14,292,456.0
hpmcounter10,normal,seed14,293,456.0
hpmcounter10,normal,seed14,294,456.0
hpmcounter10,normal,seed14,295,456.0
hpmcounter10,normal,seed14,296,456.0
hpmcounter10,normal,seed14,297,456.0
hpmcounter10,normal,seed14,298,456.0
hpmcounter10,normal,seed15,9,483.2969696969697
hpmcounter10,normal,seed15,10,487.1272727272727
hpmcounter10,normal,seed15,11,491.030303030303
hpmcounter10,normal,seed15,12,494.3272727272727
hpmcounter10,normal,seed15,13,496.3393939393939
hpmcounter10,normal,seed15,14,498.45454545454544
hpmcounter10,normal,seed15,15,500.6363636363636
hpmcounter10,normal,seed15,16,499.8969696969697
hpmcounter10,normal,seed15,17,496.96363636363634
hpmcounter10,normal,seed15,18,492.6121212121212
hpmcounter10,normal,seed15,19,487.6666666666667
hpmcounter10,normal,seed15,20,479.3333333333333
hpmcounter10,normal,seed15,21,471.3333333333333
hpmcounter10,normal,seed15,22,464.3333333333333
hpmcounter10,normal,seed15,23,459.0
hpmcounter10,normal,seed15,24,456.0
hpmcounter10,normal,seed15,25,456.0
hpmcounter10,normal,seed15,26,456.0
hpmcounter10,normal,seed15,27,456.0
hpmcounter10,normal,seed15,28,456.0
hpmcounter10,normal,seed15,29,456.0
hpmcounter10,normal,seed15,30,456.0
hpmcounter10,normal,seed15,31,456.0
hpmcounter10,normal,seed15,32,456.0
hpmcounter10,normal,seed15,33,456.0
hpmcounter10,normal,seed15,34,456.0
hpmcounter10,normal,seed15,35,456.0
hpmcounter10,normal,seed15,36,456.0
hpmcounter10,normal,seed15,37,456.0
hpmcounter10,normal,seed15,38,456.0
hpmcounter10,normal,seed15,39,456.0
hpmcounter10,normal,seed15,40,456.0
hpmcounter10,normal,seed15,41,456.0
hpmcounter10,normal,seed15,42,456.0
hpmcounter10,normal,seed15,43,456.0
hpmcounter10,normal,seed15,44,456.0
hpmcounter10,normal,seed15,45,456.0
hpmcounter10,normal,seed15,46,456.0
hpmcounter10,normal,seed15,47,456.0
hpmcounter10,normal,seed15,48,456.0
hpmcounter10,normal,seed15,49,456.0
hpmcounter10,normal,seed15,50,456.0
hpmcounter10,normal,seed15,51,456.0
hpmcounter10,normal,seed15,52,456.0
hpmcounter10,normal,seed15,53,456.0
hpmcounter10,normal,seed15,54,456.0
hpmcounter10,normal,seed15,55,456.0
hpmcounter10,normal,seed15,56,459.0
hpmcounter10,normal,seed15,57,464.3333333333333
hpmcounter10,normal,seed15,58,468.3333333333333
hpmcounter10,normal,seed15,59,474.0
hpmcounter10,normal,seed15,60,480.6666666666667
hpmcounter10,normal,seed15,61,487.6666666666667
hpmcounter10,normal,seed15,62,494.3333333333333
hpmcounter10,normal,seed15,63,500.0
hpmcounter10,normal,seed15,64,501.0
hpmcounter10,normal,seed15,65,500.3333333333333
hpmcounter10,normal,seed15,66,498.0
hpmcounter10,normal,seed15,67,494.6666666666667
hpmcounter10,normal,seed15,68,487.3333333333333
hpmcounter10,normal,seed15,69,479.6666666666667
hpmcounter10,normal,seed15,70,472.3333333333333
hpmcounter10,normal,seed15,71,466.0
hpmcounter10,normal,seed15,72,461.3333333333333
hpmcounter10,normal,seed15,73,462.0
hpmcounter10,normal,seed15,74,464.3333333333333
hpmcounter10,normal,seed15,75,468.3333333333333
hpmcounter10,normal,seed15,76,471.0
hpmcounter10,normal,seed15,77,472.3333333333333
hpmcounter10,normal,seed15,78,472.3333333333333
hpmcounter10,normal,seed15,79,471.0
hpmcounter10,normal,seed15,80,468.3333333333333
hpmcounter10,normal,seed15,81,464.3333333333333
hpmcounter10,normal,seed15,82,459.0
hpmcounter10,normal,seed15,83,456.0
hpmcounter10,normal,seed15,84,456.0
hpmcounter10,normal,seed15,85,456.0
hpmcounter10,normal,seed15,86,456.0
hpmcounter10,normal,seed15,87,456.0
hpmcounter10,normal,seed15,88,456.0
hpmcounter10,normal,seed15,89,456.0
hpmcounter10,normal,seed15,90,456.0
hpmcounter10,normal,seed15,91,456.0
hpmcounter10,normal,seed15,92,456.0
hpmcounter10,normal,seed15,93,456.0
hpmcounter10,normal,seed15,94,456.0
hpmcounter10,normal,seed15,95,456.0
hpmcounter10,normal,seed15,96,456.0
hpmcounter10,normal,seed15,97,456.0
hpmcounter10,normal,seed15,98,456.0
hpmcounter10,normal,seed15,99,456.0
hpmcounter10,normal,seed15,100,456.0
hpmcounter10,normal,seed15,101,456.0
hpmcounter10,normal,seed15,102,456.0
hpmcounter10,normal,seed15,103,456.0
hpmcounter10,normal,seed15,104,456.0
hpmcounter10,normal,seed15,105,456.0
hpmcounter10,normal,seed15,106,456.0
hpmcounter10,normal,seed15,107,456.0
hpmcounter10,normal,seed15,108,456.0
hpmcounter10,normal,seed15,109,456.0
hpmcounter10,normal,seed15,110,456.0
hpmcounter10,normal,seed15,111,456.0
hpmcounter10,normal,seed15,112,456.0
hpmcounter10,normal,seed15,113,456.0
hpmcounter10,normal,seed15,114,456.0
hpmcounter10,normal,seed15,115,456.0
hpmcounter10,normal,seed15,116,456.0
hpmcounter10,normal,seed15,117,456.0
hpmcounter10,normal,seed15,118,456.0
hpmcounter10,normal,seed15,119,456.0
hpmcounter10,normal,seed15,120,456.0
hpmcounter10,normal,seed15,121,456.0
hpmcounter10,normal,seed15,122,456.0
hpmcounter10,normal,seed15,123,456.0
hpmcounter10,normal,seed15,124,458.94545454545454
hpmcounter10,normal,seed15,125,461.23636363636365
hpmcounter10,normal,seed15,126,462.8727272727273
hpmcounter10,normal,seed15,127,463.8545454545455
hpmcounter10,normal,seed15,128,464.1818181818182
hpmcounter10,normal,seed15,129,463.8545454545455
hpmcounter10,normal,seed15,130,462.8727272727273
hpmcounter10,normal,seed15,131,461.23636363636365
hpmcounter10,normal,seed15,132,458.94545454545454
hpmcounter10,normal,seed15,133,456.0
hpmcounter10,normal,seed15,134,456.0
hpmcounter10,normal,seed15,135,456.0
hpmcounter10,normal,seed15,136,456.0
hpmcounter10,normal,seed15,137,456.0
hpmcounter10,normal,seed15,138,456.0
hpmcounter10,normal,seed15,139,456.0
hpmcounter10,normal,seed15,140,459.0
hpmcounter10,normal,seed15,141,464.3333333333333
hpmcounter10,normal,seed15,142,471.3333333333333
hpmcounter10,normal,seed15,143,479.3333333333333
hpmcounter10,normal,seed15,144,487.6666666666667
hpmcounter10,normal,seed15,145,495.6666666666667
hpmcounter10,normal,seed15,146,502.6666666666667
hpmcounter10,normal,seed15,147,508.0
hpmcounter10,normal,seed15,148,511.0
hpmcounter10,normal,seed15,149,511.0
hpmcounter10,normal,seed15,150,508.0
hpmcounter10,normal,seed15,151,502.6666666666667
hpmcounter10,normal,seed15,152,495.6666666666667
hpmcounter10,normal,seed15,153,487.6666666666667
hpmcounter10,normal,seed15,154,479.3333333333333
hpmcounter10,normal,seed15,155,471.3333333333333
hpmcounter10,normal,seed15,156,464.3333333333333
hpmcounter10,normal,seed15,157,459.0
hpmcounter10,normal,seed15,158,456.0
hpmcounter10,normal,seed15,159,456.0
hpmcounter10,normal,seed15,160,456.0
hpmcounter10,normal,seed15,161,456.0
hpmcounter10,normal,seed15,162,456.0
hpmcounter10,normal,seed15,163,456.0
hpmcounter10,normal,seed15,164,456.0
hpmcounter10,normal,seed15,165,456.0
hpmcounter10,normal,seed15,166,459.0
hpmcounter10,normal,seed15,167,461.3333333333333
hpmcounter10,normal,seed15,168,463.0
hpmcounter10,normal,seed15,169,464.0
hpmcounter10,normal,seed15,170,464.3333333333333
hpmcounter10,normal,seed15,171,464.0
hpmcounter10,normal,seed15,172,463.0
hpmcounter10,normal,seed15,173,461.3333333333333
hpmcounter10,normal,seed15,174,459.0
hpmcounter10,normal,seed15,175,456.0
hpmcounter10,normal,seed15,176,456.0
hpmcounter10,normal,seed15,177,456.0
hpmcounter10,normal,seed15,178,456.0
hpmcounter10,normal,seed15,179,456.0
hpmcounter10,normal,seed15,180,456.0
hpmcounter10,normal,seed15,181,456.0
hpmcounter10,normal,seed15,182,456.0
hpmcounter10,normal,seed15,183,456.0
hpmcounter10,normal,seed15,184,456.0
hpmcounter10,normal,seed15,185,456.0
hpmcounter10,normal,seed15,186,456.0
hpmcounter10,normal,seed15,187,456.0
hpmcounter10,normal,seed15,188,456.0
hpmcounter10,normal,seed15,189,456.0
hpmcounter10,normal,seed15,190,456.0
hpmcounter10,normal,seed15,191,456.0
hpmcounter10,normal,seed15,192,456.0
hpmcounter10,normal,seed15,193,456.0
hpmcounter10,normal,seed15,194,456.0
hpmcounter10,normal,seed15,195,456.0
hpmcounter10,normal,seed15,196,456.0
hpmcounter10,normal,seed15,197,456.0
hpmcounter10,normal,seed15,198,456.0
hpmcounter10,normal,seed15,199,456.0
hpmcounter10,normal,seed15,200,456.0
hpmcounter10,normal,seed15,201,456.0
hpmcounter10,normal,seed15,202,456.0
hpmcounter10,normal,seed15,203,456.0
hpmcounter10,normal,seed15,204,456.0
hpmcounter10,normal,seed15,205,456.0
hpmcounter10,normal,seed15,206,456.0
hpmcounter10,normal,seed15,207,456.0
hpmcounter10,normal,seed15,208,456.0
hpmcounter10,normal,seed15,209,456.0
hpmcounter10,normal,seed15,210,456.0
hpmcounter10,normal,seed15,211,456.0
hpmcounter10,normal,seed15,212,456.0
hpmcounter10,normal,seed15,213,456.0
hpmcounter10,normal,seed15,214,456.0
hpmcounter10,normal,seed15,215,456.0
hpmcounter10,normal,seed15,216,456.0
hpmcounter10,normal,seed15,217,456.0
hpmcounter10,normal,seed15,218,456.0
hpmcounter10,normal,seed15,219,456.0
hpmcounter10,normal,seed15,220,456.0
hpmcounter10,normal,seed15,221,456.0
hpmcounter10,normal,seed15,222,456.0
hpmcounter10,normal,seed15,223,456.0
hpmcounter10,normal,seed15,224,456.0
hpmcounter10,normal,seed15,225,456.0
hpmcounter10,normal,seed15,226,456.0
hpmcounter10,normal,seed15,227,456.0
hpmcounter10,normal,seed15,228,456.0
hpmcounter10,normal,seed15,229,456.0
hpmcounter10,normal,seed15,230,456.0
hpmcounter10,normal,seed15,231,456.0
hpmcounter10,normal,seed15,232,456.0
hpmcounter10,normal,seed15,233,456.0
hpmcounter10,normal,seed15,234,456.0
hpmcounter10,normal,seed15,235,456.0
hpmcounter10,normal,seed15,236,456.0
hpmcounter10,normal,seed15,237,456.0
hpmcounter10,normal,seed15,238,456.0
hpmcounter10,normal,seed15,239,456.0
hpmcounter10,normal,seed15,240,456.0
hpmcounter10,normal,seed15,241,456.0
hpmcounter10,normal,seed15,242,456.0
hpmcounter10,normal,seed15,243,456.0
hpmcounter10,normal,seed15,244,456.0
hpmcounter10,normal,seed15,245,456.0
hpmcounter10,normal,seed15,246,456.0
hpmcounter10,normal,seed15,247,456.0
hpmcounter10,normal,seed15,248,456.0
hpmcounter10,normal,seed15,249,456.0
hpmcounter10,normal,seed15,250,456.0
hpmcounter10,normal,seed15,251,456.0
hpmcounter10,normal,seed15,252,456.0
hpmcounter10,normal,seed15,253,456.0
hpmcounter10,normal,seed15,254,456.0
hpmcounter10,normal,seed15,255,456.0
hpmcounter10,normal,seed15,256,456.0
hpmcounter10,normal,seed15,257,456.0
hpmcounter10,normal,seed15,258,456.0
hpmcounter10,normal,seed15,259,456.0
hpmcounter10,normal,seed15,260,456.0
hpmcounter10,normal,seed15,261,456.0
hpmcounter10,normal,seed15,262,456.0
hpmcounter10,normal,seed15,263,456.0
hpmcounter10,normal,seed15,264,456.0
hpmcounter10,normal,seed15,265,456.0
hpmcounter10,normal,seed15,266,456.0
hpmcounter10,normal,seed15,267,456.0
hpmcounter10,normal,seed15,268,456.0
hpmcounter10,normal,seed15,269,456.0
hpmcounter10,normal,seed15,270,456.0
hpmcounter10,normal,seed15,271,456.0
hpmcounter10,normal,seed15,272,456.0
hpmcounter10,normal,seed15,273,456.0
hpmcounter10,normal,seed15,274,456.0
hpmcounter10,normal,seed15,275,456.0
hpmcounter10,normal,seed15,276,456.0
hpmcounter10,normal,seed15,277,456.0
hpmcounter10,normal,seed15,278,456.0
hpmcounter10,normal,seed15,279,456.0
hpmcounter10,normal,seed15,280,456.0
hpmcounter10,normal,seed15,281,456.0
hpmcounter10,normal,seed15,282,456.0
hpmcounter10,normal,seed15,283,456.0
hpmcounter10,normal,seed15,284,456.0
hpmcounter10,normal,seed15,285,456.0
hpmcounter10,normal,seed15,286,456.0
hpmcounter10,normal,seed15,287,456.0
hpmcounter10,normal,seed15,288,456.0
hpmcounter10,normal,seed15,289,456.0
hpmcounter10,normal,seed15,290,456.0
hpmcounter10,normal,seed15,291,456.0
hpmcounter10,normal,seed15,292,456.0
hpmcounter10,normal,seed15,293,456.0
hpmcounter10,normal,seed15,294,456.0
hpmcounter10,normal,seed15,295,456.0
hpmcounter10,normal,seed15,296,456.0
hpmcounter10,normal,seed15,297,456.0
hpmcounter10,normal,seed15,298,456.0
hpmcounter10,normal,seed16,9,455.0
hpmcounter10,normal,seed16,10,455.0
hpmcounter10,normal,seed16,11,455.05454545454546
hpmcounter10,normal,seed16,12,455.1515151515151
hpmcounter10,normal,seed16,13,455.27878787878785
hpmcounter10,normal,seed16,14,455.42424242424244
hpmcounter10,normal,seed16,15,455.57575757575756
hpmcounter10,normal,seed16,16,455.72121212121215
hpmcounter10,normal,seed16,17,455.8484848484849
hpmcounter10,normal,seed16,18,455.94545454545454
hpmcounter10,normal,seed16,19,456.0
hpmcounter10,normal,seed16,20,456.0
hpmcounter10,normal,seed16,21,456.0
hpmcounter10,normal,seed16,22,456.0
hpmcounter10,normal,seed16,23,456.0
hpmcounter10,normal,seed16,24,456.0
hpmcounter10,normal,seed16,25,456.0
hpmcounter10,normal,seed16,26,456.0
hpmcounter10,normal,seed16,27,456.0
hpmcounter10,normal,seed16,28,456.0
hpmcounter10,normal,seed16,29,456.0
hpmcounter10,normal,seed16,30,456.0
hpmcounter10,normal,seed16,31,456.0
hpmcounter10,normal,seed16,32,456.0
hpmcounter10,normal,seed16,33,456.0
hpmcounter10,normal,seed16,34,456.0
hpmcounter10,normal,seed16,35,456.0
hpmcounter10,normal,seed16,36,456.0
hpmcounter10,normal,seed16,37,456.0
hpmcounter10,normal,seed16,38,456.0
hpmcounter10,normal,seed16,39,456.0
hpmcounter10,normal,seed16,40,456.0
hpmcounter10,normal,seed16,41,456.0
hpmcounter10,normal,seed16,42,456.0
hpmcounter10,normal,seed16,43,456.0
hpmcounter10,normal,seed16,44,456.0
hpmcounter10,normal,seed16,45,456.0
hpmcounter10,normal,seed16,46,456.0
hpmcounter10,normal,seed16,47,456.0
hpmcounter10,normal,seed16,48,456.0
hpmcounter10,normal,seed16,49,456.0
hpmcounter10,normal,seed16,50,456.0
hpmcounter10,normal,seed16,51,456.0
hpmcounter10,normal,seed16,52,456.0
hpmcounter10,normal,seed16,53,456.0
hpmcounter10,normal,seed16,54,456.0
hpmcounter10,normal,seed16,55,456.0
hpmcounter10,normal,seed16,56,456.0
hpmcounter10,normal,seed16,57,456.0
hpmcounter10,normal,seed16,58,456.0
hpmcounter10,normal,seed16,59,456.0
hpmcounter10,normal,seed16,60,456.0
hpmcounter10,normal,seed16,61,456.0
hpmcounter10,normal,seed16,62,456.0
hpmcounter10,normal,seed16,63,456.0
hpmcounter10,normal,seed16,64,456.0
hpmcounter10,normal,seed16,65,456.0
hpmcounter10,normal,seed16,66,456.0
hpmcounter10,normal,seed16,67,456.0
hpmcounter10,normal,seed16,68,456.0
hpmcounter10,normal,seed16,69,456.0
hpmcounter10,normal,seed16,70,456.0
hpmcounter10,normal,seed16,71,456.0
hpmcounter10,normal,seed16,72,456.0
hpmcounter10,normal,seed16,73,456.0
hpmcounter10,normal,seed16,74,456.0
hpmcounter10,normal,seed16,75,456.0
hpmcounter10,normal,seed16,76,456.0
hpmcounter10,normal,seed16,77,456.0
hpmcounter10,normal,seed16,78,456.0
hpmcounter10,normal,seed16,79,456.0
hpmcounter10,normal,seed16,80,456.0
hpmcounter10,normal,seed16,81,456.0
hpmcounter10,normal,seed16,82,456.0
hpmcounter10,normal,seed16,83,456.0
hpmcounter10,normal,seed16,84,456.0
hpmcounter10,normal,seed16,85,456.0
hpmcounter10,normal,seed16,86,456.0
hpmcounter10,normal,seed16,87,456.0
hpmcounter10,normal,seed16,88,456.0
hpmcounter10,normal,seed16,89,456.0
hpmcounter10,normal,seed16,90,456.0
hpmcounter10,normal,seed16,91,456.0
hpmcounter10,normal,seed16,92,456.0
hpmcounter10,normal,seed16,93,456.0
hpmcounter10,normal,seed16,94,456.0
hpmcounter10,normal,seed16,95,456.0
hpmcounter10,normal,seed16,96,456.0
hpmcounter10,normal,seed16,97,456.0
hpmcounter10,normal,seed16,98,456.0
hpmcounter10,normal,seed16,99,456.0
hpmcounter10,normal,seed16,100,456.0
hpmcounter10,normal,seed16,101,456.0
hpmcounter10,normal,seed16,102,456.0
hpmcounter10,normal,seed16,103,456.0
hpmcounter10,normal,seed16,104,456.0
hpmcounter10,normal,seed16,105,456.0
hpmcounter10,normal,seed16,106,456.0
hpmcounter10,normal,seed16,107,456.0
hpmcounter10,normal,seed16,108,456.0
hpmcounter10,normal,seed16,109,456.0
hpmcounter10,normal,seed16,110,456.0
hpmcounter10,normal,seed16,111,456.0
hpmcounter10,normal,seed16,112,456.0
hpmcounter10,normal,seed16,113,456.0
hpmcounter10,normal,seed16,114,456.0
hpmcounter10,normal,seed16,115,456.0
hpmcounter10,normal,seed16,116,456.0
hpmcounter10,normal,seed16,117,459.0
hpmcounter10,normal,seed16,118,461.3333333333333
hpmcounter10,normal,seed16,119,463.0
hpmcounter10,normal,seed16,120,464.0
hpmcounter10,normal,seed16,121,464.3333333333333
hpmcounter10,normal,seed16,122,464.0
hpmcounter10,normal,seed16,123,463.0
hpmcounter10,normal,seed16,124,461.3333333333333
hpmcounter10,normal,seed16,125,459.0
hpmcounter10,normal,seed16,126,456.0
hpmcounter10,normal,seed16,127,456.0
hpmcounter10,normal,seed16,128,456.0
hpmcounter10,normal,seed16,129,456.0
hpmcounter10,normal,seed16,130,456.0
hpmcounter10,normal,seed16,131,456.0
hpmcounter10,normal,seed16,132,456.0
hpmcounter10,normal,seed16,133,456.0
hpmcounter10,normal,seed16,134,456.0
hpmcounter10,normal,seed16,135,456.0
hpmcounter10,normal,seed16,136,456.0
hpmcounter10,normal,seed16,137,456.0
hpmcounter10,normal,seed16,138,456.0
hpmcounter10,normal,seed16,139,456.0
hpmcounter10,normal,seed16,140,456.0
hpmcounter10,normal,seed16,141,456.0
hpmcounter10,normal,seed16,142,456.0
hpmcounter10,normal,seed16,143,456.0
hpmcounter10,normal,seed16,144,456.0
hpmcounter10,normal,seed16,145,456.0
hpmcounter10,normal,seed16,146,459.0
hpmcounter10,normal,seed16,147,464.3333333333333
hpmcounter10,normal,seed16,148,471.3333333333333
hpmcounter10,normal,seed16,149,479.3333333333333
hpmcounter10,normal,seed16,150,487.6666666666667
hpmcounter10,normal,seed16,151,492.6666666666667
hpmcounter10,normal,seed16,152,494.3333333333333
hpmcounter10,normal,seed16,153,492.6666666666667
hpmcounter10,normal,seed16,154,487.6666666666667
hpmcounter10,normal,seed16,155,479.3333333333333
hpmcounter10,normal,seed16,156,471.3333333333333
hpmcounter10,normal,seed16,157,464.3333333333333
hpmcounter10,normal,seed16,158,459.0
hpmcounter10,normal,seed16,159,456.0
hpmcounter10,normal,seed16,160,456.0
hpmcounter10,normal,seed16,161,456.0
hpmcounter10,normal,seed16,162,456.0
hpmcounter10,normal,seed16,163,456.0
hpmcounter10,normal,seed16,164,456.0
hpmcounter10,normal,seed16,165,456.0
hpmcounter10,normal,seed16,166,456.0
hpmcounter10,normal,seed16,167,456.0
hpmcounter10,normal,seed16,168,456.0
hpmcounter10,normal,seed16,169,456.0
hpmcounter10,normal,seed16,170,456.0
hpmcounter10,normal,seed16,171,456.0
hpmcounter10,normal,seed16,172,456.0
hpmcounter10,normal,seed16,173,456.0
hpmcounter10,normal,seed16,174,456.0
hpmcounter10,normal,seed16,175,456.0
hpmcounter10,normal,seed16,176,456.0
hpmcounter10,normal,seed16,177,456.0
hpmcounter10,normal,seed16,178,456.0
hpmcounter10,normal,seed16,179,456.0
hpmcounter10,normal,seed16,180,456.0
hpmcounter10,normal,seed16,181,456.0
hpmcounter10,normal,seed16,182,456.0
hpmcounter10,normal,seed16,183,456.0
hpmcounter10,normal,seed16,184,456.0
hpmcounter10,normal,seed16,185,456.0
hpmcounter10,normal,seed16,186,456.0
hpmcounter10,normal,seed16,187,456.0
hpmcounter10,normal,seed16,188,456.0
hpmcounter10,normal,seed16,189,456.0
hpmcounter10,normal,seed16,190,456.0
hpmcounter10,normal,seed16,191,456.0
hpmcounter10,normal,seed16,192,456.0
hpmcounter10,normal,seed16,193,456.0
hpmcounter10,normal,seed16,194,456.0
hpmcounter10,normal,seed16,195,456.0
hpmcounter10,normal,seed16,196,456.0
hpmcounter10,normal,seed16,197,456.0
hpmcounter10,normal,seed16,198,456.0
hpmcounter10,normal,seed16,199,456.0
hpmcounter10,normal,seed16,200,456.0
hpmcounter10,normal,seed16,201,456.0
hpmcounter10,normal,seed16,202,456.0
hpmcounter10,normal,seed16,203,456.0
hpmcounter10,normal,seed16,204,456.0
hpmcounter10,normal,seed16,205,456.0
hpmcounter10,normal,seed16,206,456.0
hpmcounter10,normal,seed16,207,456.0
hpmcounter10,normal,seed16,208,456.0
hpmcounter10,normal,seed16,209,456.0
hpmcounter10,normal,seed16,210,456.0
hpmcounter10,normal,seed16,211,456.0
hpmcounter10,normal,seed16,212,456.0
hpmcounter10,normal,seed16,213,456.0
hpmcounter10,normal,seed16,214,456.0
hpmcounter10,normal,seed16,215,456.0
hpmcounter10,normal,seed16,216,456.0
hpmcounter10,normal,seed16,217,456.0
hpmcounter10,normal,seed16,218,456.0
hpmcounter10,normal,seed16,219,456.0
hpmcounter10,normal,seed16,220,456.0
hpmcounter10,normal,seed16,221,456.0
hpmcounter10,normal,seed16,222,456.0
hpmcounter10,normal,seed16,223,456.0
hpmcounter10,normal,seed16,224,456.0
hpmcounter10,normal,seed16,225,456.0
hpmcounter10,normal,seed16,226,456.0
hpmcounter10,normal,seed16,227,456.0
hpmcounter10,normal,seed16,228,456.0
hpmcounter10,normal,seed16,229,456.0
hpmcounter10,normal,seed16,230,456.0
hpmcounter10,normal,seed16,231,456.0
hpmcounter10,normal,seed16,232,456.0
hpmcounter10,normal,seed16,233,456.0
hpmcounter10,normal,seed16,234,456.0
hpmcounter10,normal,seed16,235,456.0
hpmcounter10,normal,seed16,236,456.0
hpmcounter10,normal,seed16,237,456.0
hpmcounter10,normal,seed16,238,456.0
hpmcounter10,normal,seed16,239,456.0
hpmcounter10,normal,seed16,240,456.0
hpmcounter10,normal,seed16,241,456.0
hpmcounter10,normal,seed16,242,456.0
hpmcounter10,normal,seed16,243,456.0
hpmcounter10,normal,seed16,244,456.0
hpmcounter10,normal,seed16,245,456.0
hpmcounter10,normal,seed16,246,456.0
hpmcounter10,normal,seed16,247,456.0
hpmcounter10,normal,seed16,248,456.0
hpmcounter10,normal,seed16,249,456.0
hpmcounter10,normal,seed16,250,456.0
hpmcounter10,normal,seed16,251,456.0
hpmcounter10,normal,seed16,252,456.0
hpmcounter10,normal,seed16,253,456.0
hpmcounter10,normal,seed16,254,456.0
hpmcounter10,normal,seed16,255,456.0
hpmcounter10,normal,seed16,256,456.0
hpmcounter10,normal,seed16,257,456.0
hpmcounter10,normal,seed16,258,456.0
hpmcounter10,normal,seed16,259,459.0
hpmcounter10,normal,seed16,260,461.3333333333333
hpmcounter10,normal,seed16,261,466.0
hpmcounter10,normal,seed16,262,469.3333333333333
hpmcounter10,normal,seed16,263,471.3333333333333
hpmcounter10,normal,seed16,264,475.0
hpmcounter10,normal,seed16,265,479.6666666666667
hpmcounter10,normal,seed16,266,484.6666666666667
hpmcounter10,normal,seed16,267,489.3333333333333
hpmcounter10,normal,seed16,268,493.0
hpmcounter10,normal,seed16,269,495.6666666666667
hpmcounter10,normal,seed16,270,494.3333333333333
hpmcounter10,normal,seed16,271,492.6666666666667
hpmcounter10,normal,seed16,272,487.6666666666667
hpmcounter10,normal,seed16,273,479.3333333333333
hpmcounter10,normal,seed16,274,471.3333333333333
hpmcounter10,normal,seed16,275,464.3333333333333
hpmcounter10,normal,seed16,276,459.0
hpmcounter10,normal,seed16,277,456.0
hpmcounter10,normal,seed16,278,456.0
hpmcounter10,normal,seed16,279,456.0
hpmcounter10,normal,seed16,280,456.0
hpmcounter10,normal,seed16,281,456.0
hpmcounter10,normal,seed16,282,456.0
hpmcounter10,normal,seed16,283,456.0
hpmcounter10,normal,seed16,284,456.0
hpmcounter10,normal,seed16,285,456.0
hpmcounter10,normal,seed16,286,456.0
hpmcounter10,normal,seed16,287,456.0
hpmcounter10,normal,seed16,288,456.0
hpmcounter10,normal,seed16,289,456.0
hpmcounter10,normal,seed16,290,456.0
hpmcounter10,normal,seed16,291,456.0
hpmcounter10,normal,seed16,292,456.0
hpmcounter10,normal,seed16,293,456.0
hpmcounter10,normal,seed16,294,456.0
hpmcounter10,normal,seed16,295,456.0
hpmcounter10,normal,seed16,296,456.0
hpmcounter10,normal,seed16,297,456.0
hpmcounter10,normal,seed16,298,456.0
hpmcounter10,normal,seed17,9,465.030303030303
hpmcounter10,normal,seed17,10,467.23636363636365
hpmcounter10,normal,seed17,11,471.4060606060606
hpmcounter10,normal,seed17,12,476.8606060606061
hpmcounter10,normal,seed17,13,482.92121212121214
hpmcounter10,normal,seed17,14,488.90909090909093
hpmcounter10,normal,seed17,15,494.1454545454545
hpmcounter10,normal,seed17,16,497.95151515151514
hpmcounter10,normal,seed17,17,502.5151515151515
hpmcounter10,normal,seed17,18,507.94545454545454
hpmcounter10,normal,seed17,19,511.0
hpmcounter10,normal,seed17,20,511.0
hpmcounter10,normal,seed17,21,511.0
hpmcounter10,normal,seed17,22,511.0
hpmcounter10,normal,seed17,23,508.0
hpmcounter10,normal,seed17,24,502.6666666666667
hpmcounter10,normal,seed17,25,495.6666666666667
hpmcounter10,normal,seed17,26,487.6666666666667
hpmcounter10,normal,seed17,27,479.3333333333333
hpmcounter10,normal,seed17,28,471.3333333333333
hpmcounter10,normal,seed17,29,464.3333333333333
hpmcounter10,normal,seed17,30,459.0
hpmcounter10,normal,seed17,31,456.0
hpmcounter10,normal,seed17,32,456.0
hpmcounter10,normal,seed17,33,456.0
hpmcounter10,normal,seed17,34,456.0
hpmcounter10,normal,seed17,35,456.0
hpmcounter10,normal,seed17,36,456.0
hpmcounter10,normal,seed17,37,456.0
hpmcounter10,normal,seed17,38,456.0
hpmcounter10,normal,seed17,39,456.0
hpmcounter10,normal,seed17,40,456.0
hpmcounter10,normal,seed17,41,456.0
hpmcounter10,normal,seed17,42,456.0
hpmcounter10,normal,seed17,43,456.0
hpmcounter10,normal,seed17,44,456.0
hpmcounter10,normal,seed17,45,456.0
hpmcounter10,normal,seed17,46,456.0
hpmcounter10,normal,seed17,47,456.0
hpmcounter10,normal,seed17,48,456.0
hpmcounter10,normal,seed17,49,456.0
hpmcounter10,normal,seed17,50,456.0
hpmcounter10,normal,seed17,51,456.0
hpmcounter10,normal,seed17,52,456.0
hpmcounter10,normal,seed17,53,456.0
hpmcounter10,normal,seed17,54,456.0
hpmcounter10,normal,seed17,55,456.0
hpmcounter10,normal,seed17,56,456.0
hpmcounter10,normal,seed17,57,456.0
hpmcounter10,normal,seed17,58,456.0
hpmcounter10,normal,seed17,59,456.0
hpmcounter10,normal,seed17,60,456.0
hpmcounter10,normal,seed17,61,456.0
hpmcounter10,normal,seed17,62,456.0
hpmcounter10,normal,seed17,63,456.0
hpmcounter10,normal,seed17,64,456.0
hpmcounter10,normal,seed17,65,456.0
hpmcounter10,normal,seed17,66,456.0
hpmcounter10,normal,seed17,67,456.0
hpmcounter10,normal,seed17,68,456.0
hpmcounter10,normal,seed17,69,456.0
hpmcounter10,normal,seed17,70,456.0
hpmcounter10,normal,seed17,71,456.0
hpmcounter10,normal,seed17,72,456.0
hpmcounter10,normal,seed17,73,456.0
hpmcounter10,normal,seed17,74,456.0
hpmcounter10,normal,seed17,75,456.0
hpmcounter10,normal,seed17,76,456.0
hpmcounter10,normal,seed17,77,456.0
hpmcounter10,normal,seed17,78,456.0
hpmcounter10,normal,seed17,79,456.0
hpmcounter10,normal,seed17,80,456.0
hpmcounter10,normal,seed17,81,456.0
hpmcounter10,normal,seed17,82,456.0
hpmcounter10,normal,seed17,83,456.0
hpmcounter10,normal,seed17,84,456.0
hpmcounter10,normal,seed17,85,456.0
hpmcounter10,normal,seed17,86,456.0
hpmcounter10,normal,seed17,87,456.0
hpmcounter10,normal,seed17,88,456.0
hpmcounter10,normal,seed17,89,456.0
hpmcounter10,normal,seed17,90,456.0
hpmcounter10,normal,seed17,91,456.0
hpmcounter10,normal,seed17,92,456.0
hpmcounter10,normal,seed17,93,456.0
hpmcounter10,normal,seed17,94,456.0
hpmcounter10,normal,seed17,95,456.0
hpmcounter10,normal,seed17,96,456.0
hpmcounter10,normal,seed17,97,456.0
hpmcounter10,normal,seed17,98,456.0
hpmcounter10,normal,seed17,99,456.0
hpmcounter10,normal,seed17,100,456.0
hpmcounter10,normal,seed17,101,456.0
hpmcounter10,normal,seed17,102,456.0
hpmcounter10,normal,seed17,103,456.0
hpmcounter10,normal,seed17,104,456.0
hpmcounter10,normal,seed17,105,456.0
hpmcounter10,normal,seed17,106,456.0
hpmcounter10,normal,seed17,107,456.0
hpmcounter10,normal,seed17,108,456.0
hpmcounter10,normal,seed17,109,456.0
hpmcounter10,normal,seed17,110,456.0
hpmcounter10,normal,seed17,111,456.0
hpmcounter10,normal,seed17,112,456.0
hpmcounter10,normal,seed17,113,456.0
hpmcounter10,normal,seed17,114,456.0
hpmcounter10,normal,seed17,115,456.0
hpmcounter10,normal,seed17,116,456.0
hpmcounter10,normal,seed17,117,456.0
hpmcounter10,normal,seed17,118,456.0
hpmcounter10,normal,seed17,119,456.0
hpmcounter10,normal,seed17,120,456.0
hpmcounter10,normal,seed17,121,456.0
hpmcounter10,normal,seed17,122,456.0
hpmcounter10,normal,seed17,123,456.0
hpmcounter10,normal,seed17,124,456.0
hpmcounter10,normal,seed17,125,456.0
hpmcounter10,normal,seed17,126,456.0
hpmcounter10,normal,seed17,127,456.0
hpmcounter10,normal,seed17,128,456.0
hpmcounter10,normal,seed17,129,456.0
hpmcounter10,normal,seed17,130,456.0
hpmcounter10,normal,seed17,131,456.0
hpmcounter10,normal,seed17,132,456.0
hpmcounter10,normal,seed17,133,456.0
hpmcounter10,normal,seed17,134,456.0
hpmcounter10,normal,seed17,135,456.0
hpmcounter10,normal,seed17,136,456.0
hpmcounter10,normal,seed17,137,456.0
hpmcounter10,normal,seed17,138,456.0
hpmcounter10,normal,seed17,139,456.0
hpmcounter10,normal,seed17,140,456.0
hpmcounter10,normal,seed17,141,456.0
hpmcounter10,normal,seed17,142,456.0
hpmcounter10,normal,seed17,143,456.0
hpmcounter10,normal,seed17,144,456.0
hpmcounter10,normal,seed17,145,456.0
hpmcounter10,normal,seed17,146,456.0
hpmcounter10,normal,seed17,147,456.0
hpmcounter10,normal,seed17,148,456.0
hpmcounter10,normal,seed17,149,456.0
hpmcounter10,normal,seed17,150,456.0
hpmcounter10,normal,seed17,151,456.0
hpmcounter10,normal,seed17,152,456.0
hpmcounter10,normal,seed17,153,456.0
hpmcounter10,normal,seed17,154,456.0
hpmcounter10,normal,seed17,155,456.0
hpmcounter10,normal,seed17,156,456.0
hpmcounter10,normal,seed17,157,456.0
hpmcounter10,normal,seed17,158,459.0
hpmcounter10,normal,seed17,159,461.3333333333333
hpmcounter10,normal,seed17,160,463.0
hpmcounter10,normal,seed17,161,464.0
hpmcounter10,normal,seed17,162,464.3333333333333
hpmcounter10,normal,seed17,163,464.0
hpmcounter10,normal,seed17,164,463.0
hpmcounter10,normal,seed17,165,461.3333333333333
hpmcounter10,normal,seed17,166,459.0
hpmcounter10,normal,seed17,167,456.0
hpmcounter10,normal,seed17,168,456.0
hpmcounter10,normal,seed17,169,456.0
hpmcounter10,normal,seed17,170,456.0
hpmcounter10,normal,seed17,171,456.0
hpmcounter10,normal,seed17,172,456.0
hpmcounter10,normal,seed17,173,456.0
hpmcounter10,normal,seed17,174,456.0
hpmcounter10,normal,seed17,175,456.0
hpmcounter10,normal,seed17,176,456.0
hpmcounter10,normal,seed17,177,456.0
hpmcounter10,normal,seed17,178,456.0
hpmcounter10,normal,seed17,179,456.0
hpmcounter10,normal,seed17,180,456.0
hpmcounter10,normal,seed17,181,456.0
hpmcounter10,normal,seed17,182,456.0
hpmcounter10,normal,seed17,183,456.0
hpmcounter10,normal,seed17,184,456.0
hpmcounter10,normal,seed17,185,456.0
hpmcounter10,normal,seed17,186,456.0
hpmcounter10,normal,seed17,187,456.0
hpmcounter10,normal,seed17,188,456.0
hpmcounter10,normal,seed17,189,456.0
hpmcounter10,normal,seed17,190,456.0
hpmcounter10,normal,seed17,191,456.0
hpmcounter10,normal,seed17,192,456.0
hpmcounter10,normal,seed17,193,456.0
hpmcounter10,normal,seed17,194,456.0
hpmcounter10,normal,seed17,195,456.0
hpmcounter10,normal,seed17,196,456.0
hpmcounter10,normal,seed17,197,456.0
hpmcounter10,normal,seed17,198,456.0
hpmcounter10,normal,seed17,199,456.0
hpmcounter10,normal,seed17,200,456.0
hpmcounter10,normal,seed17,201,456.0
hpmcounter10,normal,seed17,202,456.0
hpmcounter10,normal,seed17,203,456.0
hpmcounter10,normal,seed17,204,456.0
hpmcounter10,normal,seed17,205,456.0
hpmcounter10,normal,seed17,206,456.0
hpmcounter10,normal,seed17,207,456.0
hpmcounter10,normal,seed17,208,456.0
hpmcounter10,normal,seed17,209,456.0
hpmcounter10,normal,seed17,210,456.0
hpmcounter10,normal,seed17,211,456.0
hpmcounter10,normal,seed17,212,456.0
hpmcounter10,normal,seed17,213,456.0
hpmcounter10,normal,seed17,214,456.0
hpmcounter10,normal,seed17,215,456.0
hpmcounter10,normal,seed17,216,456.0
hpmcounter10,normal,seed17,217,456.0
hpmcounter10,normal,seed17,218,456.0
hpmcounter10,normal,seed17,219,456.0
hpmcounter10,normal,seed17,220,456.0
hpmcounter10,normal,seed17,221,456.0
hpmcounter10,normal,seed17,222,456.0
hpmcounter10,normal,seed17,223,456.0
hpmcounter10,normal,seed17,224,456.0
hpmcounter10,normal,seed17,225,456.0
hpmcounter10,normal,seed17,226,456.0
hpmcounter10,normal,seed17,227,456.0
hpmcounter10,normal,seed17,228,456.0
hpmcounter10,normal,seed17,229,456.0
hpmcounter10,normal,seed17,230,456.0
hpmcounter10,normal,seed17,231,456.0
hpmcounter10,normal,seed17,232,456.0
hpmcounter10,normal,seed17,233,456.0
hpmcounter10,normal,seed17,234,456.0
hpmcounter10,normal,seed17,235,456.0
hpmcounter10,normal,seed17,236,456.0
hpmcounter10,normal,seed17,237,456.0
hpmcounter10,normal,seed17,238,456.0
hpmcounter10,normal,seed17,239,456.0
hpmcounter10,normal,seed17,240,456.0
hpmcounter10,normal,seed17,241,456.0
hpmcounter10,normal,seed17,242,456.0
hpmcounter10,normal,seed17,243,456.0
hpmcounter10,normal,seed17,244,456.0
hpmcounter10,normal,seed17,245,456.0
hpmcounter10,normal,seed17,246,456.0
hpmcounter10,normal,seed17,247,456.0
hpmcounter10,normal,seed17,248,456.0
hpmcounter10,normal,seed17,249,456.0
hpmcounter10,normal,seed17,250,456.0
hpmcounter10,normal,seed17,251,456.0
hpmcounter10,normal,seed17,252,456.0
hpmcounter10,normal,seed17,253,456.0
hpmcounter10,normal,seed17,254,456.0
hpmcounter10,normal,seed17,255,456.0
hpmcounter10,normal,seed17,256,456.0
hpmcounter10,normal,seed17,257,456.0
hpmcounter10,normal,seed17,258,456.0
hpmcounter10,normal,seed17,259,456.0
hpmcounter10,normal,seed17,260,456.0
hpmcounter10,normal,seed17,261,456.0
hpmcounter10,normal,seed17,262,456.0
hpmcounter10,normal,seed17,263,456.0
hpmcounter10,normal,seed17,264,456.0
hpmcounter10,normal,seed17,265,456.0
hpmcounter10,normal,seed17,266,456.0
hpmcounter10,normal,seed17,267,456.0
hpmcounter10,normal,seed17,268,456.0
hpmcounter10,normal,seed17,269,456.0
hpmcounter10,normal,seed17,270,456.0
hpmcounter10,normal,seed17,271,456.0
hpmcounter10,normal,seed17,272,456.0
hpmcounter10,normal,seed17,273,456.0
hpmcounter10,normal,seed17,274,456.0
hpmcounter10,normal,seed17,275,456.0
hpmcounter10,normal,seed17,276,456.0
hpmcounter10,normal,seed17,277,456.0
hpmcounter10,normal,seed17,278,456.0
hpmcounter10,normal,seed17,279,456.0
hpmcounter10,normal,seed17,280,456.0
hpmcounter10,normal,seed17,281,456.0
hpmcounter10,normal,seed17,282,456.0
hpmcounter10,normal,seed17,283,456.0
hpmcounter10,normal,seed17,284,456.0
hpmcounter10,normal,seed17,285,456.0
hpmcounter10,normal,seed17,286,456.0
hpmcounter10,normal,seed17,287,456.0
hpmcounter10,normal,seed17,288,456.0
hpmcounter10,normal,seed17,289,456.0
hpmcounter10,normal,seed17,290,456.0
hpmcounter10,normal,seed17,291,456.0
hpmcounter10,normal,seed17,292,456.0
hpmcounter10,normal,seed17,293,456.0
hpmcounter10,normal,seed17,294,456.0
hpmcounter10,normal,seed17,295,456.0
hpmcounter10,normal,seed17,296,456.0
hpmcounter10,normal,seed17,297,456.0
hpmcounter10,normal,seed17,298,456.0
hpmcounter10,normal,seed18,9,455.0
hpmcounter10,normal,seed18,10,455.0
hpmcounter10,normal,seed18,11,455.05454545454546
hpmcounter10,normal,seed18,12,455.1515151515151
hpmcounter10,normal,seed18,13,455.27878787878785
hpmcounter10,normal,seed18,14,455.42424242424244
hpmcounter10,normal,seed18,15,455.57575757575756
hpmcounter10,normal,seed18,16,455.72121212121215
hpmcounter10,normal,seed18,17,455.8484848484849
hpmcounter10,normal,seed18,18,455.94545454545454
hpmcounter10,normal,seed18,19,456.0
hpmcounter10,normal,seed18,20,456.0
hpmcounter10,normal,seed18,21,456.0
hpmcounter10,normal,seed18,22,456.0
hpmcounter10,normal,seed18,23,456.0
hpmcounter10,normal,seed18,24,456.0
hpmcounter10,normal,seed18,25,456.0
hpmcounter10,normal,seed18,26,456.0
hpmcounter10,normal,seed18,27,456.0
hpmcounter10,normal,seed18,28,456.0
hpmcounter10,normal,seed18,29,456.0
hpmcounter10,normal,seed18,30,456.0
hpmcounter10,normal,seed18,31,456.0
hpmcounter10,normal,seed18,32,456.0
hpmcounter10,normal,seed18,33,456.0
hpmcounter10,normal,seed18,34,456.0
hpmcounter10,normal,seed18,35,456.0
hpmcounter10,normal,seed18,36,456.0
hpmcounter10,normal,seed18,37,456.0
hpmcounter10,normal,seed18,38,456.0
hpmcounter10,normal,seed18,39,456.0
hpmcounter10,normal,seed18,40,456.0
hpmcounter10,normal,seed18,41,456.0
hpmcounter10,normal,seed18,42,456.0
hpmcounter10,normal,seed18,43,456.0
hpmcounter10,normal,seed18,44,456.0
hpmcounter10,normal,seed18,45,456.0
hpmcounter10,normal,seed18,46,456.0
hpmcounter10,normal,seed18,47,456.0
hpmcounter10,normal,seed18,48,456.0
hpmcounter10,normal,seed18,49,456.0
hpmcounter10,normal,seed18,50,456.0
hpmcounter10,normal,seed18,51,456.0
hpmcounter10,normal,seed18,52,456.0
hpmcounter10,normal,seed18,53,456.0
hpmcounter10,normal,seed18,54,456.0
hpmcounter10,normal,seed18,55,456.0
hpmcounter10,normal,seed18,56,456.0
hpmcounter10,normal,seed18,57,456.0
hpmcounter10,normal,seed18,58,456.0
hpmcounter10,normal,seed18,59,456.0
hpmcounter10,normal,seed18,60,456.0
hpmcounter10,normal,seed18,61,456.0
hpmcounter10,normal,seed18,62,456.0
hpmcounter10,normal,seed18,63,456.0
hpmcounter10,normal,seed18,64,456.0
hpmcounter10,normal,seed18,65,456.0
hpmcounter10,normal,seed18,66,456.0
hpmcounter10,normal,seed18,67,456.0
hpmcounter10,normal,seed18,68,456.0
hpmcounter10,normal,seed18,69,456.0
hpmcounter10,normal,seed18,70,456.0
hpmcounter10,normal,seed18,71,456.0
hpmcounter10,normal,seed18,72,456.0
hpmcounter10,normal,seed18,73,456.0
hpmcounter10,normal,seed18,74,456.0
hpmcounter10,normal,seed18,75,456.0
hpmcounter10,normal,seed18,76,456.0
hpmcounter10,normal,seed18,77,456.0
hpmcounter10,normal,seed18,78,456.0
hpmcounter10,normal,seed18,79,456.0
hpmcounter10,normal,seed18,80,456.0
hpmcounter10,normal,seed18,81,456.0
hpmcounter10,normal,seed18,82,456.0
hpmcounter10,normal,seed18,83,456.0
hpmcounter10,normal,seed18,84,456.0
hpmcounter10,normal,seed18,85,456.0
hpmcounter10,normal,seed18,86,456.0
hpmcounter10,normal,seed18,87,456.0
hpmcounter10,normal,seed18,88,456.0
hpmcounter10,normal,seed18,89,456.0
hpmcounter10,normal,seed18,90,456.0
hpmcounter10,normal,seed18,91,456.0
hpmcounter10,normal,seed18,92,456.0
hpmcounter10,normal,seed18,93,456.0
hpmcounter10,normal,seed18,94,456.0
hpmcounter10,normal,seed18,95,456.0
hpmcounter10,normal,seed18,96,456.0
hpmcounter10,normal,seed18,97,456.0
hpmcounter10,normal,seed18,98,456.0
hpmcounter10,normal,seed18,99,456.0
hpmcounter10,normal,seed18,100,456.0
hpmcounter10,normal,seed18,101,456.0
hpmcounter10,normal,seed18,102,456.0
hpmcounter10,normal,seed18,103,456.0
hpmcounter10,normal,seed18,104,456.0
hpmcounter10,normal,seed18,105,456.0
hpmcounter10,normal,seed18,106,456.0
hpmcounter10,normal,seed18,107,456.0
hpmcounter10,normal,seed18,108,456.0
hpmcounter10,normal,seed18,109,456.0
hpmcounter10,normal,seed18,110,456.0
hpmcounter10,normal,seed18,111,456.0
hpmcounter10,normal,seed18,112,456.0
hpmcounter10,normal,seed18,113,456.0
hpmcounter10,normal,seed18,114,456.0
hpmcounter10,normal,seed18,115,456.0
hpmcounter10,normal,seed18,116,456.0
hpmcounter10,normal,seed18,117,456.0
hpmcounter10,normal,seed18,118,456.0
hpmcounter10,normal,seed18,119,456.0
hpmcounter10,normal,seed18,120,456.0
hpmcounter10,normal,seed18,121,456.0
hpmcounter10,normal,seed18,122,456.0
hpmcounter10,normal,seed18,123,456.0
hpmcounter10,normal,seed18,124,456.0
hpmcounter10,normal,seed18,125,456.0
hpmcounter10,normal,seed18,126,456.0
hpmcounter10,normal,seed18,127,456.0
hpmcounter10,normal,seed18,128,456.0
hpmcounter10,normal,seed18,129,456.0
hpmcounter10,normal,seed18,130,456.0
hpmcounter10,normal,seed18,131,456.0
hpmcounter10,normal,seed18,132,456.0
hpmcounter10,normal,seed18,133,456.0
hpmcounter10,normal,seed18,134,456.0
hpmcounter10,normal,seed18,135,456.0
hpmcounter10,normal,seed18,136,456.0
hpmcounter10,normal,seed18,137,456.0
hpmcounter10,normal,seed18,138,456.0
hpmcounter10,normal,seed18,139,456.0
hpmcounter10,normal,seed18,140,456.0
hpmcounter10,normal,seed18,141,456.0
hpmcounter10,normal,seed18,142,456.0
hpmcounter10,normal,seed18,143,459.0
hpmcounter10,normal,seed18,144,464.3333333333333
hpmcounter10,normal,seed18,145,471.3333333333333
hpmcounter10,normal,seed18,146,476.3333333333333
hpmcounter10,normal,seed18,147,479.3333333333333
hpmcounter10,normal,seed18,148,480.3333333333333
hpmcounter10,normal,seed18,149,479.3333333333333
hpmcounter10,normal,seed18,150,476.3333333333333
hpmcounter10,normal,seed18,151,471.3333333333333
hpmcounter10,normal,seed18,152,464.3333333333333
hpmcounter10,normal,seed18,153,459.0
hpmcounter10,normal,seed18,154,456.0
hpmcounter10,normal,seed18,155,456.0
hpmcounter10,normal,seed18,156,456.0
hpmcounter10,normal,seed18,157,456.0
hpmcounter10,normal,seed18,158,456.0
hpmcounter10,normal,seed18,159,456.0
hpmcounter10,normal,seed18,160,456.0
hpmcounter10,normal,seed18,161,456.0
hpmcounter10,normal,seed18,162,456.0
hpmcounter10,normal,seed18,163,456.0
hpmcounter10,normal,seed18,164,456.0
hpmcounter10,normal,seed18,165,459.0
hpmcounter10,normal,seed18,166,464.3333333333333
hpmcounter10,normal,seed18,167,471.3333333333333
hpmcounter10,normal,seed18,168,476.3333333333333
hpmcounter10,normal,seed18,169,479.3333333333333
hpmcounter10,normal,seed18,170,480.3333333333333
hpmcounter10,normal,seed18,171,479.3333333333333
hpmcounter10,normal,seed18,172,476.3333333333333
hpmcounter10,normal,seed18,173,471.3333333333333
hpmcounter10,normal,seed18,174,464.3333333333333
hpmcounter10,normal,seed18,175,459.0
hpmcounter10,normal,seed18,176,456.0
hpmcounter10,normal,seed18,177,456.0
hpmcounter10,normal,seed18,178,456.0
hpmcounter10,normal,seed18,179,456.0
hpmcounter10,normal,seed18,180,456.0
hpmcounter10,normal,seed18,181,456.0
hpmcounter10,normal,seed18,182,456.0
hpmcounter10,normal,seed18,183,456.0
hpmcounter10,normal,seed18,184,456.0
hpmcounter10,normal,seed18,185,456.0
hpmcounter10,normal,seed18,186,456.0
hpmcounter10,normal,seed18,187,456.0
hpmcounter10,normal,seed18,188,456.0
hpmcounter10,normal,seed18,189,456.0
hpmcounter10,normal,seed18,190,456.0
hpmcounter10,normal,seed18,191,456.0
hpmcounter10,normal,seed18,192,456.0
hpmcounter10,normal,seed18,193,456.0
hpmcounter10,normal,seed18,194,456.0
hpmcounter10,normal,seed18,195,456.0
hpmcounter10,normal,seed18,196,456.0
hpmcounter10,normal,seed18,197,456.0
hpmcounter10,normal,seed18,198,456.0
hpmcounter10,normal,seed18,199,459.0
hpmcounter10,normal,seed18,200,461.3333333333333
hpmcounter10,normal,seed18,201,463.0
hpmcounter10,normal,seed18,202,464.0
hpmcounter10,normal,seed18,203,464.3333333333333
hpmcounter10,normal,seed18,204,464.0
hpmcounter10,normal,seed18,205,463.0
hpmcounter10,normal,seed18,206,461.3333333333333
hpmcounter10,normal,seed18,207,459.0
hpmcounter10,normal,seed18,208,456.0
hpmcounter10,normal,seed18,209,456.0
hpmcounter10,normal,seed18,210,456.0
hpmcounter10,normal,seed18,211,456.0
hpmcounter10,normal,seed18,212,456.0
hpmcounter10,normal,seed18,213,456.0
hpmcounter10,normal,seed18,214,456.0
hpmcounter10,normal,seed18,215,456.0
hpmcounter10,normal,seed18,216,456.0
hpmcounter10,normal,seed18,217,456.0
hpmcounter10,normal,seed18,218,456.0
hpmcounter10,normal,seed18,219,456.0
hpmcounter10,normal,seed18,220,456.0
hpmcounter10,normal,seed18,221,456.0
hpmcounter10,normal,seed18,222,456.0
hpmcounter10,normal,seed18,223,456.0
hpmcounter10,normal,seed18,224,456.0
hpmcounter10,normal,seed18,225,456.0
hpmcounter10,normal,seed18,226,456.0
hpmcounter10,normal,seed18,227,456.0
hpmcounter10,normal,seed18,228,456.0
hpmcounter10,normal,seed18,229,456.0
hpmcounter10,normal,seed18,230,456.0
hpmcounter10,normal,seed18,231,456.0
hpmcounter10,normal,seed18,232,456.0
hpmcounter10,normal,seed18,233,456.0
hpmcounter10,normal,seed18,234,456.0
hpmcounter10,normal,seed18,235,456.0
hpmcounter10,normal,seed18,236,456.0
hpmcounter10,normal,seed18,237,456.0
hpmcounter10,normal,seed18,238,456.0
hpmcounter10,normal,seed18,239,456.0
hpmcounter10,normal,seed18,240,456.0
hpmcounter10,normal,seed18,241,456.0
hpmcounter10,normal,seed18,242,456.0
hpmcounter10,normal,seed18,243,456.0
hpmcounter10,normal,seed18,244,456.0
hpmcounter10,normal,seed18,245,456.0
hpmcounter10,normal,seed18,246,456.0
hpmcounter10,normal,seed18,247,456.0
hpmcounter10,normal,seed18,248,456.0
hpmcounter10,normal,seed18,249,456.0
hpmcounter10,normal,seed18,250,456.0
hpmcounter10,normal,seed18,251,456.0
hpmcounter10,normal,seed18,252,456.0
hpmcounter10,normal,seed18,253,456.0
hpmcounter10,normal,seed18,254,456.0
hpmcounter10,normal,seed18,255,456.0
hpmcounter10,normal,seed18,256,456.0
hpmcounter10,normal,seed18,257,456.0
hpmcounter10,normal,seed18,258,456.0
hpmcounter10,normal,seed18,259,456.0
hpmcounter10,normal,seed18,260,456.0
hpmcounter10,normal,seed18,261,456.0
hpmcounter10,normal,seed18,262,456.0
hpmcounter10,normal,seed18,263,456.0
hpmcounter10,normal,seed18,264,456.0
hpmcounter10,normal,seed18,265,456.0
hpmcounter10,normal,seed18,266,456.0
hpmcounter10,normal,seed18,267,456.0
hpmcounter10,normal,seed18,268,456.0
hpmcounter10,normal,seed18,269,456.0
hpmcounter10,normal,seed18,270,456.0
hpmcounter10,normal,seed18,271,456.0
hpmcounter10,normal,seed18,272,456.0
hpmcounter10,normal,seed18,273,456.0
hpmcounter10,normal,seed18,274,456.0
hpmcounter10,normal,seed18,275,456.0
hpmcounter10,normal,seed18,276,456.0
hpmcounter10,normal,seed18,277,456.0
hpmcounter10,normal,seed18,278,456.0
hpmcounter10,normal,seed18,279,456.0
hpmcounter10,normal,seed18,280,456.0
hpmcounter10,normal,seed18,281,456.0
hpmcounter10,normal,seed18,282,456.0
hpmcounter10,normal,seed18,283,456.0
hpmcounter10,normal,seed18,284,456.0
hpmcounter10,normal,seed18,285,456.0
hpmcounter10,normal,seed18,286,456.0
hpmcounter10,normal,seed18,287,456.0
hpmcounter10,normal,seed18,288,456.0
hpmcounter10,normal,seed18,289,456.0
hpmcounter10,normal,seed18,290,456.0
hpmcounter10,normal,seed18,291,456.0
hpmcounter10,normal,seed18,292,456.0
hpmcounter10,normal,seed18,293,456.0
hpmcounter10,normal,seed18,294,456.0
hpmcounter10,normal,seed18,295,456.0
hpmcounter10,normal,seed18,296,456.0
hpmcounter10,normal,seed18,297,456.0
hpmcounter10,normal,seed18,298,456.0
hpmcounter10,normal,seed19,9,460.53939393939396
hpmcounter10,normal,seed19,10,458.77575757575755
hpmcounter10,normal,seed19,11,456.4727272727273
hpmcounter10,normal,seed19,12,455.1515151515151
hpmcounter10,normal,seed19,13,455.27878787878785
hpmcounter10,normal,seed19,14,455.42424242424244
hpmcounter10,normal,seed19,15,455.57575757575756
hpmcounter10,normal,seed19,16,455.72121212121215
hpmcounter10,normal,seed19,17,455.8484848484849
hpmcounter10,normal,seed19,18,455.94545454545454
hpmcounter10,normal,seed19,19,456.0
hpmcounter10,normal,seed19,20,456.0
hpmcounter10,normal,seed19,21,456.0
hpmcounter10,normal,seed19,22,456.0
hpmcounter10,normal,seed19,23,456.0
hpmcounter10,normal,seed19,24,456.0
hpmcounter10,normal,seed19,25,456.0
hpmcounter10,normal,seed19,26,456.0
hpmcounter10,normal,seed19,27,456.0
hpmcounter10,normal,seed19,28,456.0
hpmcounter10,normal,seed19,29,456.0
hpmcounter10,normal,seed19,30,456.0
hpmcounter10,normal,seed19,31,456.0
hpmcounter10,normal,seed19,32,456.0
hpmcounter10,normal,seed19,33,456.0
hpmcounter10,normal,seed19,34,456.0
hpmcounter10,normal,seed19,35,456.0
hpmcounter10,normal,seed19,36,456.0
hpmcounter10,normal,seed19,37,456.0
hpmcounter10,normal,seed19,38,456.0
hpmcounter10,normal,seed19,39,456.0
hpmcounter10,normal,seed19,40,456.0
hpmcounter10,normal,seed19,41,456.0
hpmcounter10,normal,seed19,42,456.0
hpmcounter10,normal,seed19,43,456.0
hpmcounter10,normal,seed19,44,456.0
hpmcounter10,normal,seed19,45,456.0
hpmcounter10,normal,seed19,46,456.0
hpmcounter10,normal,seed19,47,456.0
hpmcounter10,normal,seed19,48,456.0
hpmcounter10,normal,seed19,49,456.0
hpmcounter10,normal,seed19,50,456.0
hpmcounter10,normal,seed19,51,456.0
hpmcounter10,normal,seed19,52,456.0
hpmcounter10,normal,seed19,53,456.0
hpmcounter10,normal,seed19,54,456.0
hpmcounter10,normal,seed19,55,456.0
hpmcounter10,normal,seed19,56,456.0
hpmcounter10,normal,seed19,57,456.0
hpmcounter10,normal,seed19,58,456.0
hpmcounter10,normal,seed19,59,456.0
hpmcounter10,normal,seed19,60,456.0
hpmcounter10,normal,seed19,61,456.0
hpmcounter10,normal,seed19,62,456.0
hpmcounter10,normal,seed19,63,456.0
hpmcounter10,normal,seed19,64,456.0
hpmcounter10,normal,seed19,65,456.0
hpmcounter10,normal,seed19,66,456.0
hpmcounter10,normal,seed19,67,456.0
hpmcounter10,normal,seed19,68,456.0
hpmcounter10,normal,seed19,69,456.0
hpmcounter10,normal,seed19,70,456.0
hpmcounter10,normal,seed19,71,456.0
hpmcounter10,normal,seed19,72,456.0
hpmcounter10,normal,seed19,73,456.0
hpmcounter10,normal,seed19,74,456.0
hpmcounter10,normal,seed19,75,456.0
hpmcounter10,normal,seed19,76,456.0
hpmcounter10,normal,seed19,77,456.0
hpmcounter10,normal,seed19,78,459.0
hpmcounter10,normal,seed19,79,461.3333333333333
hpmcounter10,normal,seed19,80,463.0
hpmcounter10,normal,seed19,81,467.0
hpmcounter10,normal,seed19,82,472.6666666666667
hpmcounter10,normal,seed19,83,479.27878787878785
hpmcounter10,normal,seed19,84,483.23636363636365
hpmcounter10,normal,seed19,85,484.53939393939396
hpmcounter10,normal,seed19,86,483.1878787878788
hpmcounter10,normal,seed19,87,479.1818181818182
hpmcounter10,normal,seed19,88,476.1878787878788
hpmcounter10,normal,seed19,89,471.2060606060606
hpmcounter10,normal,seed19,90,464.23636363636365
hpmcounter10,normal,seed19,91,458.94545454545454
hpmcounter10,normal,seed19,92,456.0
hpmcounter10,normal,seed19,93,456.0
hpmcounter10,normal,seed19,94,456.0
hpmcounter10,normal,seed19,95,456.0
hpmcounter10,normal,seed19,96,456.0
hpmcounter10,normal,seed19,97,456.0
hpmcounter10,normal,seed19,98,456.0
hpmcounter10,normal,seed19,99,456.0
hpmcounter10,normal,seed19,100,456.0
hpmcounter10,normal,seed19,101,456.0
hpmcounter10,normal,seed19,102,456.0
hpmcounter10,normal,seed19,103,456.0
hpmcounter10,normal,seed19,104,456.0
hpmcounter10,normal,seed19,105,456.0
hpmcounter10,normal,seed19,106,456.0
hpmcounter10,normal,seed19,107,456.0
hpmcounter10,normal,seed19,108,456.0
hpmcounter10,normal,seed19,109,456.0
hpmcounter10,normal,seed19,110,456.0
hpmcounter10,normal,seed19,111,456.0
hpmcounter10,normal,seed19,112,456.0
hpmcounter10,normal,seed19,113,456.0
hpmcounter10,normal,seed19,114,456.0
hpmcounter10,normal,seed19,115,456.0
hpmcounter10,normal,seed19,116,456.0
hpmcounter10,normal,seed19,117,456.0
hpmcounter10,normal,seed19,118,456.0
hpmcounter10,normal,seed19,119,456.0
hpmcounter10,normal,seed19,120,456.0
hpmcounter10,normal,seed19,121,456.0
hpmcounter10,normal,seed19,122,456.0
hpmcounter10,normal,seed19,123,456.0
hpmcounter10,normal,seed19,124,456.0
hpmcounter10,normal,seed19,125,456.0
hpmcounter10,normal,seed19,126,456.0
hpmcounter10,normal,seed19,127,456.0
hpmcounter10,normal,seed19,128,456.0
hpmcounter10,normal,seed19,129,456.0
hpmcounter10,normal,seed19,130,456.0
hpmcounter10,normal,seed19,131,456.0
hpmcounter10,normal,seed19,132,456.0
hpmcounter10,normal,seed19,133,456.0
hpmcounter10,normal,seed19,134,456.0
hpmcounter10,normal,seed19,135,456.0
hpmcounter10,normal,seed19,136,456.0
hpmcounter10,normal,seed19,137,456.0
hpmcounter10,normal,seed19,138,456.0
hpmcounter10,normal,seed19,139,456.0
hpmcounter10,normal,seed19,140,456.0
hpmcounter10,normal,seed19,141,456.0
hpmcounter10,normal,seed19,142,456.0
hpmcounter10,normal,seed19,143,456.0
hpmcounter10,normal,seed19,144,456.0
hpmcounter10,normal,seed19,145,456.0
hpmcounter10,normal,seed19,146,456.0
hpmcounter10,normal,seed19,147,456.0
hpmcounter10,normal,seed19,148,456.0
hpmcounter10,normal,seed19,149,456.0
hpmcounter10,normal,seed19,150,456.0
hpmcounter10,normal,seed19,151,456.0
hpmcounter10,normal,seed19,152,456.0
hpmcounter10,normal,seed19,153,456.0
hpmcounter10,normal,seed19,154,456.0
hpmcounter10,normal,seed19,155,456.0
hpmcounter10,normal,seed19,156,456.0
hpmcounter10,normal,seed19,157,456.0
hpmcounter10,normal,seed19,158,456.0
hpmcounter10,normal,seed19,159,456.0
hpmcounter10,normal,seed19,160,456.0
hpmcounter10,normal,seed19,161,456.0
hpmcounter10,normal,seed19,162,456.0
hpmcounter10,normal,seed19,163,456.0
hpmcounter10,normal,seed19,164,456.0
hpmcounter10,normal,seed19,165,456.0
hpmcounter10,normal,seed19,166,456.0
hpmcounter10,normal,seed19,167,456.0
hpmcounter10,normal,seed19,168,456.0
hpmcounter10,normal,seed19,169,456.0
hpmcounter10,normal,seed19,170,456.0
hpmcounter10,normal,seed19,171,456.0
hpmcounter10,normal,seed19,172,456.0
hpmcounter10,normal,seed19,173,456.0
hpmcounter10,normal,seed19,174,456.0
hpmcounter10,normal,seed19,175,456.0
hpmcounter10,normal,seed19,176,456.0
hpmcounter10,normal,seed19,177,456.0
hpmcounter10,normal,seed19,178,456.0
hpmcounter10,normal,seed19,179,456.0
hpmcounter10,normal,seed19,180,456.0
hpmcounter10,normal,seed19,181,456.0
hpmcounter10,normal,seed19,182,456.0
hpmcounter10,normal,seed19,183,456.0
hpmcounter10,normal,seed19,184,456.0
hpmcounter10,normal,seed19,185,456.0
hpmcounter10,normal,seed19,186,456.0
hpmcounter10,normal,seed19,187,456.0
hpmcounter10,normal,seed19,188,456.0
hpmcounter10,normal,seed19,189,456.0
hpmcounter10,normal,seed19,190,456.0
hpmcounter10,normal,seed19,191,456.0
hpmcounter10,normal,seed19,192,456.0
hpmcounter10,normal,seed19,193,456.0
hpmcounter10,normal,seed19,194,456.0
hpmcounter10,normal,seed19,195,456.0
hpmcounter10,normal,seed19,196,456.0
hpmcounter10,normal,seed19,197,456.0
hpmcounter10,normal,seed19,198,456.0
hpmcounter10,normal,seed19,199,456.0
hpmcounter10,normal,seed19,200,456.0
hpmcounter10,normal,seed19,201,456.0
hpmcounter10,normal,seed19,202,456.0
hpmcounter10,normal,seed19,203,456.0
hpmcounter10,normal,seed19,204,456.0
hpmcounter10,normal,seed19,205,456.0
hpmcounter10,normal,seed19,206,456.0
hpmcounter10,normal,seed19,207,456.0
hpmcounter10,normal,seed19,208,456.0
hpmcounter10,normal,seed19,209,456.0
hpmcounter10,normal,seed19,210,456.0
hpmcounter10,normal,seed19,211,456.0
hpmcounter10,normal,seed19,212,456.0
hpmcounter10,normal,seed19,213,456.0
hpmcounter10,normal,seed19,214,456.0
hpmcounter10,normal,seed19,215,456.0
hpmcounter10,normal,seed19,216,456.0
hpmcounter10,normal,seed19,217,456.0
hpmcounter10,normal,seed19,218,456.0
hpmcounter10,normal,seed19,219,456.0
hpmcounter10,normal,seed19,220,456.0
hpmcounter10,normal,seed19,221,456.0
hpmcounter10,normal,seed19,222,456.0
hpmcounter10,normal,seed19,223,456.0
hpmcounter10,normal,seed19,224,456.0
hpmcounter10,normal,seed19,225,456.0
hpmcounter10,normal,seed19,226,456.0
hpmcounter10,normal,seed19,227,456.0
hpmcounter10,normal,seed19,228,456.0
hpmcounter10,normal,seed19,229,456.0
hpmcounter10,normal,seed19,230,456.0
hpmcounter10,normal,seed19,231,456.0
hpmcounter10,normal,seed19,232,456.0
hpmcounter10,normal,seed19,233,456.0
hpmcounter10,normal,seed19,234,456.0
hpmcounter10,normal,seed19,235,456.0
hpmcounter10,normal,seed19,236,456.0
hpmcounter10,normal,seed19,237,456.0
hpmcounter10,normal,seed19,238,456.0
hpmcounter10,normal,seed19,239,456.0
hpmcounter10,normal,seed19,240,456.0
hpmcounter10,normal,seed19,241,456.0
hpmcounter10,normal,seed19,242,456.0
hpmcounter10,normal,seed19,243,456.0
hpmcounter10,normal,seed19,244,456.0
hpmcounter10,normal,seed19,245,456.0
hpmcounter10,normal,seed19,246,456.0
hpmcounter10,normal,seed19,247,456.0
hpmcounter10,normal,seed19,248,456.0
hpmcounter10,normal,seed19,249,456.0
hpmcounter10,normal,seed19,250,456.0
hpmcounter10,normal,seed19,251,456.0
hpmcounter10,normal,seed19,252,456.0
hpmcounter10,normal,seed19,253,456.0
hpmcounter10,normal,seed19,254,456.0
hpmcounter10,normal,seed19,255,456.0
hpmcounter10,normal,seed19,256,456.0
hpmcounter10,normal,seed19,257,456.0
hpmcounter10,normal,seed19,258,456.0
hpmcounter10,normal,seed19,259,456.0
hpmcounter10,normal,seed19,260,456.0
hpmcounter10,normal,seed19,261,456.0
hpmcounter10,normal,seed19,262,456.0
hpmcounter10,normal,seed19,263,456.0
hpmcounter10,normal,seed19,264,456.0
hpmcounter10,normal,seed19,265,456.0
hpmcounter10,normal,seed19,266,456.0
hpmcounter10,normal,seed19,267,456.0
hpmcounter10,normal,seed19,268,456.0
hpmcounter10,normal,seed19,269,456.0
hpmcounter10,normal,seed19,270,456.0
hpmcounter10,normal,seed19,271,456.0
hpmcounter10,normal,seed19,272,456.0
hpmcounter10,normal,seed19,273,456.0
hpmcounter10,normal,seed19,274,456.0
hpmcounter10,normal,seed19,275,456.0
hpmcounter10,normal,seed19,276,456.0
hpmcounter10,normal,seed19,277,456.0
hpmcounter10,normal,seed19,278,456.0
hpmcounter10,normal,seed19,279,456.0
hpmcounter10,normal,seed19,280,456.0
hpmcounter10,normal,seed19,281,456.0
hpmcounter10,normal,seed19,282,456.0
hpmcounter10,normal,seed19,283,456.0
hpmcounter10,normal,seed19,284,456.0
hpmcounter10,normal,seed19,285,456.0
hpmcounter10,normal,seed19,286,456.0
hpmcounter10,normal,seed19,287,456.0
hpmcounter10,normal,seed19,288,456.0
hpmcounter10,normal,seed19,289,456.0
hpmcounter10,normal,seed19,290,456.0
hpmcounter10,normal,seed19,291,456.0
hpmcounter10,normal,seed19,292,456.0
hpmcounter10,normal,seed19,293,456.0
hpmcounter10,normal,seed19,294,456.0
hpmcounter10,normal,seed19,295,456.0
hpmcounter10,normal,seed19,296,456.0
hpmcounter10,normal,seed19,297,456.0
hpmcounter10,normal,seed19,298,456.0
hpmcounter10,normal,seed2,9,455.0
hpmcounter10,normal,seed2,10,455.0
hpmcounter10,normal,seed2,11,455.05454545454546
hpmcounter10,normal,seed2,12,455.1515151515151
hpmcounter10,normal,seed2,13,455.27878787878785
hpmcounter10,normal,seed2,14,455.42424242424244
hpmcounter10,normal,seed2,15,458.57575757575756
hpmcounter10,normal,seed2,16,461.05454545454546
hpmcounter10,normal,seed2,17,462.8484848484849
hpmcounter10,normal,seed2,18,463.94545454545454
hpmcounter10,normal,seed2,19,467.3333333333333
hpmcounter10,normal,seed2,20,472.3333333333333
hpmcounter10,normal,seed2,21,475.3333333333333
hpmcounter10,normal,seed2,22,476.3333333333333
hpmcounter10,normal,seed2,23,475.3333333333333
hpmcounter10,normal,seed2,24,472.3333333333333
hpmcounter10,normal,seed2,25,471.0
hpmcounter10,normal,seed2,26,468.3333333333333
hpmcounter10,normal,seed2,27,464.3333333333333
hpmcounter10,normal,seed2,28,459.0
hpmcounter10,normal,seed2,29,456.0
hpmcounter10,normal,seed2,30,456.0
hpmcounter10,normal,seed2,31,456.0
hpmcounter10,normal,seed2,32,456.0
hpmcounter10,normal,seed2,33,456.0
hpmcounter10,normal,seed2,34,456.0
hpmcounter10,normal,seed2,35,456.0
hpmcounter10,normal,seed2,36,456.0
hpmcounter10,normal,seed2,37,456.0
hpmcounter10,normal,seed2,38,456.0
hpmcounter10,normal,seed2,39,456.0
hpmcounter10,normal,seed2,40,456.0
hpmcounter10,normal,seed2,41,456.0
hpmcounter10,normal,seed2,42,456.0
hpmcounter10,normal,seed2,43,456.0
hpmcounter10,normal,seed2,44,456.0
hpmcounter10,normal,seed2,45,456.0
hpmcounter10,normal,seed2,46,456.0
hpmcounter10,normal,seed2,47,456.0
hpmcounter10,normal,seed2,48,456.0
hpmcounter10,normal,seed2,49,456.0
hpmcounter10,normal,seed2,50,456.0
hpmcounter10,normal,seed2,51,456.0
hpmcounter10,normal,seed2,52,456.0
hpmcounter10,normal,seed2,53,456.0
hpmcounter10,normal,seed2,54,456.0
hpmcounter10,normal,seed2,55,456.0
hpmcounter10,normal,seed2,56,456.0
hpmcounter10,normal,seed2,57,456.0
hpmcounter10,normal,seed2,58,456.0
hpmcounter10,normal,seed2,59,456.0
hpmcounter10,normal,seed2,60,456.0
hpmcounter10,normal,seed2,61,456.0
hpmcounter10,normal,seed2,62,456.0
hpmcounter10,normal,seed2,63,456.0
hpmcounter10,normal,seed2,64,456.0
hpmcounter10,normal,seed2,65,456.0
hpmcounter10,normal,seed2,66,456.0
hpmcounter10,normal,seed2,67,456.0
hpmcounter10,normal,seed2,68,456.0
hpmcounter10,normal,seed2,69,456.0
hpmcounter10,normal,seed2,70,456.0
hpmcounter10,normal,seed2,71,456.0
hpmcounter10,normal,seed2,72,456.0
hpmcounter10,normal,seed2,73,456.0
hpmcounter10,normal,seed2,74,456.0
hpmcounter10,normal,seed2,75,456.0
hpmcounter10,normal,seed2,76,456.0
hpmcounter10,normal,seed2,77,456.0
hpmcounter10,normal,seed2,78,456.0
hpmcounter10,normal,seed2,79,456.0
hpmcounter10,normal,seed2,80,456.0
hpmcounter10,normal,seed2,81,456.0
hpmcounter10,normal,seed2,82,456.0
hpmcounter10,normal,seed2,83,456.0
hpmcounter10,normal,seed2,84,456.0
hpmcounter10,normal,seed2,85,456.0
hpmcounter10,normal,seed2,86,456.0
hpmcounter10,normal,seed2,87,456.0
hpmcounter10,normal,seed2,88,456.0
hpmcounter10,normal,seed2,89,456.0
hpmcounter10,normal,seed2,90,456.0
hpmcounter10,normal,seed2,91,456.0
hpmcounter10,normal,seed2,92,456.0
hpmcounter10,normal,seed2,93,456.0
hpmcounter10,normal,seed2,94,456.0
hpmcounter10,normal,seed2,95,456.0
hpmcounter10,normal,seed2,96,456.0
hpmcounter10,normal,seed2,97,456.0
hpmcounter10,normal,seed2,98,456.0
hpmcounter10,normal,seed2,99,456.0
hpmcounter10,normal,seed2,100,456.0
hpmcounter10,normal,seed2,101,456.0
hpmcounter10,normal,seed2,102,456.0
hpmcounter10,normal,seed2,103,456.0
hpmcounter10,normal,seed2,104,456.0
hpmcounter10,normal,seed2,105,456.0
hpmcounter10,normal,seed2,106,456.0
hpmcounter10,normal,seed2,107,456.0
hpmcounter10,normal,seed2,108,456.0
hpmcounter10,normal,seed2,109,456.0
hpmcounter10,normal,seed2,110,456.0
hpmcounter10,normal,seed2,111,456.0
hpmcounter10,normal,seed2,112,456.0
hpmcounter10,normal,seed2,113,456.0
hpmcounter10,normal,seed2,114,456.0
hpmcounter10,normal,seed2,115,456.0
hpmcounter10,normal,seed2,116,456.0
hpmcounter10,normal,seed2,117,456.0
hpmcounter10,normal,seed2,118,456.0
hpmcounter10,normal,seed2,119,456.0
hpmcounter10,normal,seed2,120,456.0
hpmcounter10,normal,seed2,121,456.0
hpmcounter10,normal,seed2,122,456.0
hpmcounter10,normal,seed2,123,456.0
hpmcounter10,normal,seed2,124,456.0
hpmcounter10,normal,seed2,125,456.0
hpmcounter10,normal,seed2,126,456.0
hpmcounter10,normal,seed2,127,456.0
hpmcounter10,normal,seed2,128,456.0
hpmcounter10,normal,seed2,129,456.0
hpmcounter10,normal,seed2,130,456.0
hpmcounter10,normal,seed2,131,456.0
hpmcounter10,normal,seed2,132,456.0
hpmcounter10,normal,seed2,133,456.0
hpmcounter10,normal,seed2,134,456.0
hpmcounter10,normal,seed2,135,456.0
hpmcounter10,normal,seed2,136,456.0
hpmcounter10,normal,seed2,137,456.0
hpmcounter10,normal,seed2,138,456.0
hpmcounter10,normal,seed2,139,456.0
hpmcounter10,normal,seed2,140,456.0
hpmcounter10,normal,seed2,141,456.0
hpmcounter10,normal,seed2,142,456.0
hpmcounter10,normal,seed2,143,456.0
hpmcounter10,normal,seed2,144,456.0
hpmcounter10,normal,seed2,145,456.0
hpmcounter10,normal,seed2,146,456.0
hpmcounter10,normal,seed2,147,456.0
hpmcounter10,normal,seed2,148,459.0
hpmcounter10,normal,seed2,149,461.3333333333333
hpmcounter10,normal,seed2,150,463.0
hpmcounter10,normal,seed2,151,464.0
hpmcounter10,normal,seed2,152,467.3333333333333
hpmcounter10,normal,seed2,153,472.3333333333333
hpmcounter10,normal,seed2,154,478.3333333333333
hpmcounter10,normal,seed2,155,481.6666666666667
hpmcounter10,normal,seed2,156,482.3333333333333
hpmcounter10,normal,seed2,157,480.3333333333333
hpmcounter10,normal,seed2,158,479.3333333333333
hpmcounter10,normal,seed2,159,476.3333333333333
hpmcounter10,normal,seed2,160,471.3333333333333
hpmcounter10,normal,seed2,161,464.3333333333333
hpmcounter10,normal,seed2,162,459.0
hpmcounter10,normal,seed2,163,456.0
hpmcounter10,normal,seed2,164,456.0
hpmcounter10,normal,seed2,165,456.0
hpmcounter10,normal,seed2,166,456.0
hpmcounter10,normal,seed2,167,456.0
hpmcounter10,normal,seed2,168,456.0
hpmcounter10,normal,seed2,169,456.0
hpmcounter10,normal,seed2,170,456.0
hpmcounter10,normal,seed2,171,456.0
hpmcounter10,normal,seed2,172,456.0
hpmcounter10,normal,seed2,173,459.0
hpmcounter10,normal,seed2,174,464.3333333333333
hpmcounter10,normal,seed2,175,471.3333333333333
hpmcounter10,normal,seed2,176,476.3333333333333
hpmcounter10,normal,seed2,177,479.3333333333333
hpmcounter10,normal,seed2,178,480.3333333333333
hpmcounter10,normal,seed2,179,479.3333333333333
hpmcounter10,normal,seed2,180,476.3333333333333
hpmcounter10,normal,seed2,181,471.3333333333333
hpmcounter10,normal,seed2,182,464.3333333333333
hpmcounter10,normal,seed2,183,459.0
hpmcounter10,normal,seed2,184,456.0
hpmcounter10,normal,seed2,185,456.0
hpmcounter10,normal,seed2,186,456.0
hpmcounter10,normal,seed2,187,456.0
hpmcounter10,normal,seed2,188,456.0
hpmcounter10,normal,seed2,189,456.0
hpmcounter10,normal,seed2,190,456.0
hpmcounter10,normal,seed2,191,456.0
hpmcounter10,normal,seed2,192,456.0
hpmcounter10,normal,seed2,193,456.0
hpmcounter10,normal,seed2,194,456.0
hpmcounter10,normal,seed2,195,456.0
hpmcounter10,normal,seed2,196,456.0
hpmcounter10,normal,seed2,197,456.0
hpmcounter10,normal,seed2,198,456.0
hpmcounter10,normal,seed2,199,456.0
hpmcounter10,normal,seed2,200,456.0
hpmcounter10,normal,seed2,201,456.0
hpmcounter10,normal,seed2,202,456.0
hpmcounter10,normal,seed2,203,456.0
hpmcounter10,normal,seed2,204,456.0
hpmcounter10,normal,seed2,205,456.0
hpmcounter10,normal,seed2,206,456.0
hpmcounter10,normal,seed2,207,456.0
hpmcounter10,normal,seed2,208,456.0
hpmcounter10,normal,seed2,209,456.0
hpmcounter10,normal,seed2,210,456.0
hpmcounter10,normal,seed2,211,456.0
hpmcounter10,normal,seed2,212,456.0
hpmcounter10,normal,seed2,213,456.0
hpmcounter10,normal,seed2,214,456.0
hpmcounter10,normal,seed2,215,456.0
hpmcounter10,normal,seed2,216,456.0
hpmcounter10,normal,seed2,217,456.0
hpmcounter10,normal,seed2,218,456.0
hpmcounter10,normal,seed2,219,456.0
hpmcounter10,normal,seed2,220,456.0
hpmcounter10,normal,seed2,221,456.0
hpmcounter10,normal,seed2,222,456.0
hpmcounter10,normal,seed2,223,456.0
hpmcounter10,normal,seed2,224,456.0
hpmcounter10,normal,seed2,225,456.0
hpmcounter10,normal,seed2,226,456.0
hpmcounter10,normal,seed2,227,456.0
hpmcounter10,normal,seed2,228,456.0
hpmcounter10,normal,seed2,229,456.0
hpmcounter10,normal,seed2,230,456.0
hpmcounter10,normal,seed2,231,456.0
hpmcounter10,normal,seed2,232,456.0
hpmcounter10,normal,seed2,233,456.0
hpmcounter10,normal,seed2,234,456.0
hpmcounter10,normal,seed2,235,456.0
hpmcounter10,normal,seed2,236,456.0
hpmcounter10,normal,seed2,237,456.0
hpmcounter10,normal,seed2,238,456.0
hpmcounter10,normal,seed2,239,456.0
hpmcounter10,normal,seed2,240,456.0
hpmcounter10,normal,seed2,241,456.0
hpmcounter10,normal,seed2,242,456.0
hpmcounter10,normal,seed2,243,456.0
hpmcounter10,normal,seed2,244,456.0
hpmcounter10,normal,seed2,245,456.0
hpmcounter10,normal,seed2,246,456.0
hpmcounter10,normal,seed2,247,456.0
hpmcounter10,normal,seed2,248,456.0
hpmcounter10,normal,seed2,249,456.0
hpmcounter10,normal,seed2,250,456.0
hpmcounter10,normal,seed2,251,456.0
hpmcounter10,normal,seed2,252,456.0
hpmcounter10,normal,seed2,253,456.0
hpmcounter10,normal,seed2,254,456.0
hpmcounter10,normal,seed2,255,456.0
hpmcounter10,normal,seed2,256,456.0
hpmcounter10,normal,seed2,257,456.0
hpmcounter10,normal,seed2,258,456.0
hpmcounter10,normal,seed2,259,456.0
hpmcounter10,normal,seed2,260,456.0
hpmcounter10,normal,seed2,261,456.0
hpmcounter10,normal,seed2,262,456.0
hpmcounter10,normal,seed2,263,456.0
hpmcounter10,normal,seed2,264,456.0
hpmcounter10,normal,seed2,265,456.0
hpmcounter10,normal,seed2,266,456.0
hpmcounter10,normal,seed2,267,456.0
hpmcounter10,normal,seed2,268,456.0
hpmcounter10,normal,seed2,269,456.0
hpmcounter10,normal,seed2,270,456.0
hpmcounter10,normal,seed2,271,456.0
hpmcounter10,normal,seed2,272,456.0
hpmcounter10,normal,seed2,273,456.0
hpmcounter10,normal,seed2,274,456.0
hpmcounter10,normal,seed2,275,456.0
hpmcounter10,normal,seed2,276,456.0
hpmcounter10,normal,seed2,277,456.0
hpmcounter10,normal,seed2,278,456.0
hpmcounter10,normal,seed2,279,456.0
hpmcounter10,normal,seed2,280,456.0
hpmcounter10,normal,seed2,281,456.0
hpmcounter10,normal,seed2,282,456.0
hpmcounter10,normal,seed2,283,456.0
hpmcounter10,normal,seed2,284,456.0
hpmcounter10,normal,seed2,285,456.0
hpmcounter10,normal,seed2,286,456.0
hpmcounter10,normal,seed2,287,456.0
hpmcounter10,normal,seed2,288,456.0
hpmcounter10,normal,seed2,289,456.0
hpmcounter10,normal,seed2,290,456.0
hpmcounter10,normal,seed2,291,456.0
hpmcounter10,normal,seed2,292,456.0
hpmcounter10,normal,seed2,293,456.0
hpmcounter10,normal,seed2,294,456.0
hpmcounter10,normal,seed2,295,456.0
hpmcounter10,normal,seed2,296,456.0
hpmcounter10,normal,seed2,297,456.0
hpmcounter10,normal,seed2,298,456.0
hpmcounter10,normal,seed20,9,486.1818181818182
hpmcounter10,normal,seed20,10,486.05454545454546
hpmcounter10,normal,seed20,11,483.0121212121212
hpmcounter10,normal,seed20,12,478.57575757575756
hpmcounter10,normal,seed20,13,473.27878787878785
hpmcounter10,normal,seed20,14,467.7030303030303
hpmcounter10,normal,seed20,15,462.4787878787879
hpmcounter10,normal,seed20,16,458.2848484848485
hpmcounter10,normal,seed20,17,455.8484848484849
hpmcounter10,normal,seed20,18,455.94545454545454
hpmcounter10,normal,seed20,19,456.0
hpmcounter10,normal,seed20,20,456.0
hpmcounter10,normal,seed20,21,456.0
hpmcounter10,normal,seed20,22,456.0
hpmcounter10,normal,seed20,23,456.0
hpmcounter10,normal,seed20,24,456.0
hpmcounter10,normal,seed20,25,456.0
hpmcounter10,normal,seed20,26,456.0
hpmcounter10,normal,seed20,27,456.0
hpmcounter10,normal,seed20,28,456.0
hpmcounter10,normal,seed20,29,456.0
hpmcounter10,normal,seed20,30,456.0
hpmcounter10,normal,seed20,31,456.0
hpmcounter10,normal,seed20,32,456.0
hpmcounter10,normal,seed20,33,456.0
hpmcounter10,normal,seed20,34,456.0
hpmcounter10,normal,seed20,35,456.0
hpmcounter10,normal,seed20,36,456.0
hpmcounter10,normal,seed20,37,456.0
hpmcounter10,normal,seed20,38,456.0
hpmcounter10,normal,seed20,39,456.0
hpmcounter10,normal,seed20,40,456.0
hpmcounter10,normal,seed20,41,456.0
hpmcounter10,normal,seed20,42,456.0
hpmcounter10,normal,seed20,43,456.0
hpmcounter10,normal,seed20,44,456.0
hpmcounter10,normal,seed20,45,456.0
hpmcounter10,normal,seed20,46,459.0
hpmcounter10,normal,seed20,47,464.3333333333333
hpmcounter10,normal,seed20,48,471.3333333333333
hpmcounter10,normal,seed20,49,479.3333333333333
hpmcounter10,normal,seed20,50,484.6666666666667
hpmcounter10,normal,seed20,51,487.3333333333333
hpmcounter10,normal,seed20,52,487.3333333333333
hpmcounter10,normal,seed20,53,484.6666666666667
hpmcounter10,normal,seed20,54,479.3333333333333
hpmcounter10,normal,seed20,55,471.3333333333333
hpmcounter10,normal,seed20,56,464.3333333333333
hpmcounter10,normal,seed20,57,459.0
hpmcounter10,normal,seed20,58,456.0
hpmcounter10,normal,seed20,59,456.0
hpmcounter10,normal,seed20,60,456.0
hpmcounter10,normal,seed20,61,456.0
hpmcounter10,normal,seed20,62,456.0
hpmcounter10,normal,seed20,63,456.0
hpmcounter10,normal,seed20,64,456.0
hpmcounter10,normal,seed20,65,456.0
hpmcounter10,normal,seed20,66,456.0
hpmcounter10,normal,seed20,67,456.0
hpmcounter10,normal,seed20,68,456.0
hpmcounter10,normal,seed20,69,456.0
hpmcounter10,normal,seed20,70,456.0
hpmcounter10,normal,seed20,71,456.0
hpmcounter10,normal,seed20,72,456.0
hpmcounter10,normal,seed20,73,456.0
hpmcounter10,normal,seed20,74,456.0
hpmcounter10,normal,seed20,75,456.0
hpmcounter10,normal,seed20,76,456.0
hpmcounter10,normal,seed20,77,456.0
hpmcounter10,normal,seed20,78,456.0
hpmcounter10,normal,seed20,79,456.0
hpmcounter10,normal,seed20,80,456.0
hpmcounter10,normal,seed20,81,456.0
hpmcounter10,normal,seed20,82,456.0
hpmcounter10,normal,seed20,83,456.0
hpmcounter10,normal,seed20,84,456.0
hpmcounter10,normal,seed20,85,456.0
hpmcounter10,normal,seed20,86,456.0
hpmcounter10,normal,seed20,87,456.0
hpmcounter10,normal,seed20,88,456.0
hpmcounter10,normal,seed20,89,456.0
hpmcounter10,normal,seed20,90,456.0
hpmcounter10,normal,seed20,91,456.0
hpmcounter10,normal,seed20,92,456.0
hpmcounter10,normal,seed20,93,456.0
hpmcounter10,normal,seed20,94,456.0
hpmcounter10,normal,seed20,95,456.0
hpmcounter10,normal,seed20,96,456.0
hpmcounter10,normal,seed20,97,456.0
hpmcounter10,normal,seed20,98,456.0
hpmcounter10,normal,seed20,99,456.0
hpmcounter10,normal,seed20,100,456.0
hpmcounter10,normal,seed20,101,456.0
hpmcounter10,normal,seed20,102,456.0
hpmcounter10,normal,seed20,103,456.0
hpmcounter10,normal,seed20,104,456.0
hpmcounter10,normal,seed20,105,456.0
hpmcounter10,normal,seed20,106,456.0
hpmcounter10,normal,seed20,107,456.0
hpmcounter10,normal,seed20,108,456.0
hpmcounter10,normal,seed20,109,456.0
hpmcounter10,normal,seed20,110,456.0
hpmcounter10,normal,seed20,111,456.0
hpmcounter10,normal,seed20,112,456.0
hpmcounter10,normal,seed20,113,456.0
hpmcounter10,normal,seed20,114,456.0
hpmcounter10,normal,seed20,115,456.0
hpmcounter10,normal,seed20,116,456.0
hpmcounter10,normal,seed20,117,456.0
hpmcounter10,normal,seed20,118,456.0
hpmcounter10,normal,seed20,119,456.0
hpmcounter10,normal,seed20,120,456.0
hpmcounter10,normal,seed20,121,456.0
hpmcounter10,normal,seed20,122,456.0
hpmcounter10,normal,seed20,123,456.0
hpmcounter10,normal,seed20,124,456.0
hpmcounter10,normal,seed20,125,456.0
hpmcounter10,normal,seed20,126,456.0
hpmcounter10,normal,seed20,127,459.0
hpmcounter10,normal,seed20,128,461.3333333333333
hpmcounter10,normal,seed20,129,463.0
hpmcounter10,normal,seed20,130,464.0
hpmcounter10,normal,seed20,131,464.3333333333333
hpmcounter10,normal,seed20,132,464.0
hpmcounter10,normal,seed20,133,463.0
hpmcounter10,normal,seed20,134,461.3333333333333
hpmcounter10,normal,seed20,135,459.0
hpmcounter10,normal,seed20,136,456.0
hpmcounter10,normal,seed20,137,456.0
hpmcounter10,normal,seed20,138,456.0
hpmcounter10,normal,seed20,139,456.0
hpmcounter10,normal,seed20,140,456.0
hpmcounter10,normal,seed20,141,456.0
hpmcounter10,normal,seed20,142,456.0
hpmcounter10,normal,seed20,143,456.0
hpmcounter10,normal,seed20,144,456.0
hpmcounter10,normal,seed20,145,456.0
hpmcounter10,normal,seed20,146,456.0
hpmcounter10,normal,seed20,147,456.0
hpmcounter10,normal,seed20,148,456.0
hpmcounter10,normal,seed20,149,456.0
hpmcounter10,normal,seed20,150,456.0
hpmcounter10,normal,seed20,151,456.0
hpmcounter10,normal,seed20,152,456.0
hpmcounter10,normal,seed20,153,456.0
hpmcounter10,normal,seed20,154,456.0
hpmcounter10,normal,seed20,155,456.0
hpmcounter10,normal,seed20,156,456.0
hpmcounter10,normal,seed20,157,456.0
hpmcounter10,normal,seed20,158,456.0
hpmcounter10,normal,seed20,159,456.0
hpmcounter10,normal,seed20,160,456.0
hpmcounter10,normal,seed20,161,456.0
hpmcounter10,normal,seed20,162,456.0
hpmcounter10,normal,seed20,163,456.0
hpmcounter10,normal,seed20,164,456.0
hpmcounter10,normal,seed20,165,456.0
hpmcounter10,normal,seed20,166,456.0
hpmcounter10,normal,seed20,167,456.0
hpmcounter10,normal,seed20,168,456.0
hpmcounter10,normal,seed20,169,456.0
hpmcounter10,normal,seed20,170,456.0
hpmcounter10,normal,seed20,171,456.0
hpmcounter10,normal,seed20,172,456.0
hpmcounter10,normal,seed20,173,456.0
hpmcounter10,normal,seed20,174,456.0
hpmcounter10,normal,seed20,175,456.0
hpmcounter10,normal,seed20,176,456.0
hpmcounter10,normal,seed20,177,456.0
hpmcounter10,normal,seed20,178,456.0
hpmcounter10,normal,seed20,179,456.0
hpmcounter10,normal,seed20,180,456.0
hpmcounter10,normal,seed20,181,456.0
hpmcounter10,normal,seed20,182,456.0
hpmcounter10,normal,seed20,183,456.0
hpmcounter10,normal,seed20,184,456.0
hpmcounter10,normal,seed20,185,456.0
hpmcounter10,normal,seed20,186,456.0
hpmcounter10,normal,seed20,187,456.0
hpmcounter10,normal,seed20,188,456.0
hpmcounter10,normal,seed20,189,456.0
hpmcounter10,normal,seed20,190,456.0
hpmcounter10,normal,seed20,191,456.0
hpmcounter10,normal,seed20,192,456.0
hpmcounter10,normal,seed20,193,456.0
hpmcounter10,normal,seed20,194,456.0
hpmcounter10,normal,seed20,195,456.0
hpmcounter10,normal,seed20,196,456.0
hpmcounter10,normal,seed20,197,456.0
hpmcounter10,normal,seed20,198,456.0
hpmcounter10,normal,seed20,199,456.0
hpmcounter10,normal,seed20,200,456.0
hpmcounter10,normal,seed20,201,456.0
hpmcounter10,normal,seed20,202,456.0
hpmcounter10,normal,seed20,203,456.0
hpmcounter10,normal,seed20,204,456.0
hpmcounter10,normal,seed20,205,456.0
hpmcounter10,normal,seed20,206,456.0
hpmcounter10,normal,seed20,207,456.0
hpmcounter10,normal,seed20,208,456.0
hpmcounter10,normal,seed20,209,456.0
hpmcounter10,normal,seed20,210,456.0
hpmcounter10,normal,seed20,211,456.0
hpmcounter10,normal,seed20,212,456.0
hpmcounter10,normal,seed20,213,456.0
hpmcounter10,normal,seed20,214,456.0
hpmcounter10,normal,seed20,215,456.0
hpmcounter10,normal,seed20,216,456.0
hpmcounter10,normal,seed20,217,456.0
hpmcounter10,normal,seed20,218,456.0
hpmcounter10,normal,seed20,219,456.0
hpmcounter10,normal,seed20,220,456.0
hpmcounter10,normal,seed20,221,456.0
hpmcounter10,normal,seed20,222,456.0
hpmcounter10,normal,seed20,223,459.0
hpmcounter10,normal,seed20,224,461.3333333333333
hpmcounter10,normal,seed20,225,463.0
hpmcounter10,normal,seed20,226,464.0
hpmcounter10,normal,seed20,227,464.3333333333333
hpmcounter10,normal,seed20,228,464.0
hpmcounter10,normal,seed20,229,463.0
hpmcounter10,normal,seed20,230,461.3333333333333
hpmcounter10,normal,seed20,231,459.0
hpmcounter10,normal,seed20,232,456.0
hpmcounter10,normal,seed20,233,456.0
hpmcounter10,normal,seed20,234,456.0
hpmcounter10,normal,seed20,235,456.0
hpmcounter10,normal,seed20,236,456.0
hpmcounter10,normal,seed20,237,456.0
hpmcounter10,normal,seed20,238,456.0
hpmcounter10,normal,seed20,239,456.0
hpmcounter10,normal,seed20,240,456.0
hpmcounter10,normal,seed20,241,456.0
hpmcounter10,normal,seed20,242,456.0
hpmcounter10,normal,seed20,243,456.0
hpmcounter10,normal,seed20,244,456.0
hpmcounter10,normal,seed20,245,456.0
hpmcounter10,normal,seed20,246,456.0
hpmcounter10,normal,seed20,247,456.0
hpmcounter10,normal,seed20,248,456.0
hpmcounter10,normal,seed20,249,456.0
hpmcounter10,normal,seed20,250,456.0
hpmcounter10,normal,seed20,251,456.0
hpmcounter10,normal,seed20,252,456.0
hpmcounter10,normal,seed20,253,459.0
hpmcounter10,normal,seed20,254,464.27878787878785
hpmcounter10,normal,seed20,255,471.23636363636365
hpmcounter10,normal,seed20,256,479.2060606060606
hpmcounter10,normal,seed20,257,484.5212121212121
hpmcounter10,normal,seed20,258,487.1818181818182
hpmcounter10,normal,seed20,259,487.1878787878788
hpmcounter10,normal,seed20,260,487.53939393939396
hpmcounter10,normal,seed20,261,487.5151515151515
hpmcounter10,normal,seed20,262,483.5151515151515
hpmcounter10,normal,seed20,263,479.2060606060606
hpmcounter10,normal,seed20,264,475.1878787878788
hpmcounter10,normal,seed20,265,472.1818181818182
hpmcounter10,normal,seed20,266,470.8545454545455
hpmcounter10,normal,seed20,267,468.2060606060606
hpmcounter10,normal,seed20,268,464.23636363636365
hpmcounter10,normal,seed20,269,458.94545454545454
hpmcounter10,normal,seed20,270,456.0
hpmcounter10,normal,seed20,271,456.0
hpmcounter10,normal,seed20,272,456.0
hpmcounter10,normal,seed20,273,456.0
hpmcounter10,normal,seed20,274,456.0
hpmcounter10,normal,seed20,275,456.0
hpmcounter10,normal,seed20,276,456.0
hpmcounter10,normal,seed20,277,456.0
hpmcounter10,normal,seed20,278,456.0
hpmcounter10,normal,seed20,279,456.0
hpmcounter10,normal,seed20,280,456.0
hpmcounter10,normal,seed20,281,456.0
hpmcounter10,normal,seed20,282,456.0
hpmcounter10,normal,seed20,283,456.0
hpmcounter10,normal,seed20,284,456.0
hpmcounter10,normal,seed20,285,456.0
hpmcounter10,normal,seed20,286,456.0
hpmcounter10,normal,seed20,287,456.0
hpmcounter10,normal,seed20,288,456.0
hpmcounter10,normal,seed20,289,456.0
hpmcounter10,normal,seed20,290,456.0
hpmcounter10,normal,seed20,291,456.0
hpmcounter10,normal,seed20,292,456.0
hpmcounter10,normal,seed20,293,456.0
hpmcounter10,normal,seed20,294,456.0
hpmcounter10,normal,seed20,295,456.0
hpmcounter10,normal,seed20,296,456.0
hpmcounter10,normal,seed20,297,456.0
hpmcounter10,normal,seed20,298,456.0
hpmcounter10,normal,seed3,9,455.0
hpmcounter10,normal,seed3,10,455.0
hpmcounter10,normal,seed3,11,455.05454545454546
hpmcounter10,normal,seed3,12,455.1515151515151
hpmcounter10,normal,seed3,13,455.27878787878785
hpmcounter10,normal,seed3,14,455.42424242424244
hpmcounter10,normal,seed3,15,455.57575757575756
hpmcounter10,normal,seed3,16,455.72121212121215
hpmcounter10,normal,seed3,17,455.8484848484849
hpmcounter10,normal,seed3,18,455.94545454545454
hpmcounter10,normal,seed3,19,456.0
hpmcounter10,normal,seed3,20,459.0
hpmcounter10,normal,seed3,21,461.3333333333333
hpmcounter10,normal,seed3,22,463.0
hpmcounter10,normal,seed3,23,467.0
hpmcounter10,normal,seed3,24,469.6666666666667
hpmcounter10,normal,seed3,25,474.0
hpmcounter10,normal,seed3,26,476.3333333333333
hpmcounter10,normal,seed3,27,476.6666666666667
hpmcounter10,normal,seed3,28,475.0
hpmcounter10,normal,seed3,29,471.3333333333333
hpmcounter10,normal,seed3,30,469.3333333333333
hpmcounter10,normal,seed3,31,466.0
hpmcounter10,normal,seed3,32,461.3333333333333
hpmcounter10,normal,seed3,33,459.0
hpmcounter10,normal,seed3,34,456.0
hpmcounter10,normal,seed3,35,456.0
hpmcounter10,normal,seed3,36,456.0
hpmcounter10,normal,seed3,37,456.0
hpmcounter10,normal,seed3,38,456.0
hpmcounter10,normal,seed3,39,456.0
hpmcounter10,normal,seed3,40,456.0
hpmcounter10,normal,seed3,41,456.0
hpmcounter10,normal,seed3,42,456.0
hpmcounter10,normal,seed3,43,456.0
hpmcounter10,normal,seed3,44,456.0
hpmcounter10,normal,seed3,45,456.0
hpmcounter10,normal,seed3,46,456.0
hpmcounter10,normal,seed3,47,456.0
hpmcounter10,normal,seed3,48,456.0
hpmcounter10,normal,seed3,49,456.0
hpmcounter10,normal,seed3,50,456.0
hpmcounter10,normal,seed3,51,456.0
hpmcounter10,normal,seed3,52,456.0
hpmcounter10,normal,seed3,53,456.0
hpmcounter10,normal,seed3,54,456.0
hpmcounter10,normal,seed3,55,456.0
hpmcounter10,normal,seed3,56,456.0
hpmcounter10,normal,seed3,57,456.0
hpmcounter10,normal,seed3,58,456.0
hpmcounter10,normal,seed3,59,456.0
hpmcounter10,normal,seed3,60,456.0
hpmcounter10,normal,seed3,61,456.0
hpmcounter10,normal,seed3,62,456.0
hpmcounter10,normal,seed3,63,456.0
hpmcounter10,normal,seed3,64,456.0
hpmcounter10,normal,seed3,65,456.0
hpmcounter10,normal,seed3,66,456.0
hpmcounter10,normal,seed3,67,456.0
hpmcounter10,normal,seed3,68,456.0
hpmcounter10,normal,seed3,69,456.0
hpmcounter10,normal,seed3,70,456.0
hpmcounter10,normal,seed3,71,456.0
hpmcounter10,normal,seed3,72,456.0
hpmcounter10,normal,seed3,73,456.0
hpmcounter10,normal,seed3,74,456.0
hpmcounter10,normal,seed3,75,456.0
hpmcounter10,normal,seed3,76,456.0
hpmcounter10,normal,seed3,77,456.0
hpmcounter10,normal,seed3,78,456.0
hpmcounter10,normal,seed3,79,456.0
hpmcounter10,normal,seed3,80,456.0
hpmcounter10,normal,seed3,81,456.0
hpmcounter10,normal,seed3,82,456.0
hpmcounter10,normal,seed3,83,456.0
hpmcounter10,normal,seed3,84,456.0
hpmcounter10,normal,seed3,85,456.0
hpmcounter10,normal,seed3,86,456.0
hpmcounter10,normal,seed3,87,456.0
hpmcounter10,normal,seed3,88,456.0
hpmcounter10,normal,seed3,89,456.0
hpmcounter10,normal,seed3,90,456.0
hpmcounter10,normal,seed3,91,456.0
hpmcounter10,normal,seed3,92,456.0
hpmcounter10,normal,seed3,93,456.0
hpmcounter10,normal,seed3,94,456.0
hpmcounter10,normal,seed3,95,456.0
hpmcounter10,normal,seed3,96,456.0
hpmcounter10,normal,seed3,97,456.0
hpmcounter10,normal,seed3,98,456.0
hpmcounter10,normal,seed3,99,456.0
hpmcounter10,normal,seed3,100,456.0
hpmcounter10,normal,seed3,101,456.0
hpmcounter10,normal,seed3,102,456.0
hpmcounter10,normal,seed3,103,456.0
hpmcounter10,normal,seed3,104,456.0
hpmcounter10,normal,seed3,105,456.0
hpmcounter10,normal,seed3,106,456.0
hpmcounter10,normal,seed3,107,456.0
hpmcounter10,normal,seed3,108,456.0
hpmcounter10,normal,seed3,109,456.0
hpmcounter10,normal,seed3,110,456.0
hpmcounter10,normal,seed3,111,456.0
hpmcounter10,normal,seed3,112,456.0
hpmcounter10,normal,seed3,113,456.0
hpmcounter10,normal,seed3,114,456.0
hpmcounter10,normal,seed3,115,456.0
hpmcounter10,normal,seed3,116,456.0
hpmcounter10,normal,seed3,117,456.0
hpmcounter10,normal,seed3,118,456.0
hpmcounter10,normal,seed3,119,456.0
hpmcounter10,normal,seed3,120,456.0
hpmcounter10,normal,seed3,121,456.0
hpmcounter10,normal,seed3,122,456.0
hpmcounter10,normal,seed3,123,456.0
hpmcounter10,normal,seed3,124,456.0
hpmcounter10,normal,seed3,125,456.0
hpmcounter10,normal,seed3,126,456.0
hpmcounter10,normal,seed3,127,456.0
hpmcounter10,normal,seed3,128,456.0
hpmcounter10,normal,seed3,129,456.0
hpmcounter10,normal,seed3,130,456.0
hpmcounter10,normal,seed3,131,456.0
hpmcounter10,normal,seed3,132,459.0
hpmcounter10,normal,seed3,133,461.3333333333333
hpmcounter10,normal,seed3,134,463.0
hpmcounter10,normal,seed3,135,464.0
hpmcounter10,normal,seed3,136,464.3333333333333
hpmcounter10,normal,seed3,137,467.0
hpmcounter10,normal,seed3,138,468.3333333333333
hpmcounter10,normal,seed3,139,468.3333333333333
hpmcounter10,normal,seed3,140,467.0
hpmcounter10,normal,seed3,141,464.3333333333333
hpmcounter10,normal,seed3,142,464.0
hpmcounter10,normal,seed3,143,463.0
hpmcounter10,normal,seed3,144,461.3333333333333
hpmcounter10,normal,seed3,145,459.0
hpmcounter10,normal,seed3,146,456.0
hpmcounter10,normal,seed3,147,456.0
hpmcounter10,normal,seed3,148,456.0
hpmcounter10,normal,seed3,149,456.0
hpmcounter10,normal,seed3,150,456.0
hpmcounter10,normal,seed3,151,456.0
hpmcounter10,normal,seed3,152,456.0
hpmcounter10,normal,seed3,153,456.0
hpmcounter10,normal,seed3,154,456.0
hpmcounter10,normal,seed3,155,456.0
hpmcounter10,normal,seed3,156,456.0
hpmcounter10,normal,seed3,157,456.0
hpmcounter10,normal,seed3,158,456.0
hpmcounter10,normal,seed3,159,456.0
hpmcounter10,normal,seed3,160,456.0
hpmcounter10,normal,seed3,161,456.0
hpmcounter10,normal,seed3,162,456.0
hpmcounter10,normal,seed3,163,456.0
hpmcounter10,normal,seed3,164,456.0
hpmcounter10,normal,seed3,165,456.0
hpmcounter10,normal,seed3,166,456.0
hpmcounter10,normal,seed3,167,456.0
hpmcounter10,normal,seed3,168,456.0
hpmcounter10,normal,seed3,169,456.0
hpmcounter10,normal,seed3,170,456.0
hpmcounter10,normal,seed3,171,456.0
hpmcounter10,normal,seed3,172,456.0
hpmcounter10,normal,seed3,173,456.0
hpmcounter10,normal,seed3,174,456.0
hpmcounter10,normal,seed3,175,456.0
hpmcounter10,normal,seed3,176,456.0
hpmcounter10,normal,seed3,177,456.0
hpmcounter10,normal,seed3,178,456.0
hpmcounter10,normal,seed3,179,456.0
hpmcounter10,normal,seed3,180,456.0
hpmcounter10,normal,seed3,181,456.0
hpmcounter10,normal,seed3,182,456.0
hpmcounter10,normal,seed3,183,456.0
hpmcounter10,normal,seed3,184,456.0
hpmcounter10,normal,seed3,185,456.0
hpmcounter10,normal,seed3,186,456.0
hpmcounter10,normal,seed3,187,456.0
hpmcounter10,normal,seed3,188,456.0
hpmcounter10,normal,seed3,189,456.0
hpmcounter10,normal,seed3,190,456.0
hpmcounter10,normal,seed3,191,456.0
hpmcounter10,normal,seed3,192,456.0
hpmcounter10,normal,seed3,193,456.0
hpmcounter10,normal,seed3,194,456.0
hpmcounter10,normal,seed3,195,456.0
hpmcounter10,normal,seed3,196,456.0
hpmcounter10,normal,seed3,197,456.0
hpmcounter10,normal,seed3,198,456.0
hpmcounter10,normal,seed3,199,456.0
hpmcounter10,normal,seed3,200,456.0
hpmcounter10,normal,seed3,201,456.0
hpmcounter10,normal,seed3,202,456.0
hpmcounter10,normal,seed3,203,456.0
hpmcounter10,normal,seed3,204,456.0
hpmcounter10,normal,seed3,205,456.0
hpmcounter10,normal,seed3,206,456.0
hpmcounter10,normal,seed3,207,456.0
hpmcounter10,normal,seed3,208,456.0
hpmcounter10,normal,seed3,209,456.0
hpmcounter10,normal,seed3,210,456.0
hpmcounter10,normal,seed3,211,456.0
hpmcounter10,normal,seed3,212,456.0
hpmcounter10,normal,seed3,213,456.0
hpmcounter10,normal,seed3,214,456.0
hpmcounter10,normal,seed3,215,456.0
hpmcounter10,normal,seed3,216,456.0
hpmcounter10,normal,seed3,217,456.0
hpmcounter10,normal,seed3,218,456.0
hpmcounter10,normal,seed3,219,456.0
hpmcounter10,normal,seed3,220,456.0
hpmcounter10,normal,seed3,221,456.0
hpmcounter10,normal,seed3,222,456.0
hpmcounter10,normal,seed3,223,456.0
hpmcounter10,normal,seed3,224,456.0
hpmcounter10,normal,seed3,225,456.0
hpmcounter10,normal,seed3,226,456.0
hpmcounter10,normal,seed3,227,456.0
hpmcounter10,normal,seed3,228,456.0
hpmcounter10,normal,seed3,229,456.0
hpmcounter10,normal,seed3,230,456.0
hpmcounter10,normal,seed3,231,456.0
hpmcounter10,normal,seed3,232,456.0
hpmcounter10,normal,seed3,233,456.0
hpmcounter10,normal,seed3,234,456.0
hpmcounter10,normal,seed3,235,456.0
hpmcounter10,normal,seed3,236,456.0
hpmcounter10,normal,seed3,237,456.0
hpmcounter10,normal,seed3,238,456.0
hpmcounter10,normal,seed3,239,456.0
hpmcounter10,normal,seed3,240,456.0
hpmcounter10,normal,seed3,241,456.0
hpmcounter10,normal,seed3,242,456.0
hpmcounter10,normal,seed3,243,456.0
hpmcounter10,normal,seed3,244,456.0
hpmcounter10,normal,seed3,245,456.0
hpmcounter10,normal,seed3,246,456.0
hpmcounter10,normal,seed3,247,456.0
hpmcounter10,normal,seed3,248,456.0
hpmcounter10,normal,seed3,249,456.0
hpmcounter10,normal,seed3,250,456.0
hpmcounter10,normal,seed3,251,456.0
hpmcounter10,normal,seed3,252,456.0
hpmcounter10,normal,seed3,253,456.0
hpmcounter10,normal,seed3,254,456.0
hpmcounter10,normal,seed3,255,456.0
hpmcounter10,normal,seed3,256,456.0
hpmcounter10,normal,seed3,257,456.0
hpmcounter10,normal,seed3,258,456.0
hpmcounter10,normal,seed3,259,456.0
hpmcounter10,normal,seed3,260,456.0
hpmcounter10,normal,seed3,261,456.0
hpmcounter10,normal,seed3,262,456.0
hpmcounter10,normal,seed3,263,456.0
hpmcounter10,normal,seed3,264,456.0
hpmcounter10,normal,seed3,265,456.0
hpmcounter10,normal,seed3,266,456.0
hpmcounter10,normal,seed3,267,456.0
hpmcounter10,normal,seed3,268,456.0
hpmcounter10,normal,seed3,269,456.0
hpmcounter10,normal,seed3,270,456.0
hpmcounter10,normal,seed3,271,456.0
hpmcounter10,normal,seed3,272,456.0
hpmcounter10,normal,seed3,273,456.0
hpmcounter10,normal,seed3,274,456.0
hpmcounter10,normal,seed3,275,456.0
hpmcounter10,normal,seed3,276,456.0
hpmcounter10,normal,seed3,277,456.0
hpmcounter10,normal,seed3,278,456.0
hpmcounter10,normal,seed3,279,456.0
hpmcounter10,normal,seed3,280,456.0
hpmcounter10,normal,seed3,281,456.0
hpmcounter10,normal,seed3,282,456.0
hpmcounter10,normal,seed3,283,456.0
hpmcounter10,normal,seed3,284,456.0
hpmcounter10,normal,seed3,285,456.0
hpmcounter10,normal,seed3,286,456.0
hpmcounter10,normal,seed3,287,456.0
hpmcounter10,normal,seed3,288,456.0
hpmcounter10,normal,seed3,289,456.0
hpmcounter10,normal,seed3,290,456.0
hpmcounter10,normal,seed3,291,456.0
hpmcounter10,normal,seed3,292,456.0
hpmcounter10,normal,seed3,293,456.0
hpmcounter10,normal,seed3,294,459.0
hpmcounter10,normal,seed3,295,461.3333333333333
hpmcounter10,normal,seed3,296,463.0
hpmcounter10,normal,seed3,297,464.0
hpmcounter10,normal,seed3,298,464.3333333333333
hpmcounter10,normal,seed4,9,455.0
hpmcounter10,normal,seed4,10,455.0
hpmcounter10,normal,seed4,11,455.05454545454546
hpmcounter10,normal,seed4,12,455.1515151515151
hpmcounter10,normal,seed4,13,455.27878787878785
hpmcounter10,normal,seed4,14,455.42424242424244
hpmcounter10,normal,seed4,15,455.57575757575756
hpmcounter10,normal,seed4,16,455.72121212121215
hpmcounter10,normal,seed4,17,455.8484848484849
hpmcounter10,normal,seed4,18,455.94545454545454
hpmcounter10,normal,seed4,19,456.0
hpmcounter10,normal,seed4,20,456.0
hpmcounter10,normal,seed4,21,456.0
hpmcounter10,normal,seed4,22,456.0
hpmcounter10,normal,seed4,23,456.0
hpmcounter10,normal,seed4,24,456.0
hpmcounter10,normal,seed4,25,456.0
hpmcounter10,normal,seed4,26,456.0
hpmcounter10,normal,seed4,27,456.0
hpmcounter10,normal,seed4,28,456.0
hpmcounter10,normal,seed4,29,456.0
hpmcounter10,normal,seed4,30,456.0
hpmcounter10,normal,seed4,31,456.0
hpmcounter10,normal,seed4,32,456.0
hpmcounter10,normal,seed4,33,456.0
hpmcounter10,normal,seed4,34,456.0
hpmcounter10,normal,seed4,35,456.0
hpmcounter10,normal,seed4,36,456.0
hpmcounter10,normal,seed4,37,456.0
hpmcounter10,normal,seed4,38,456.0
hpmcounter10,normal,seed4,39,456.0
hpmcounter10,normal,seed4,40,456.0
hpmcounter10,normal,seed4,41,456.0
hpmcounter10,normal,seed4,42,456.0
hpmcounter10,normal,seed4,43,456.0
hpmcounter10,normal,seed4,44,456.0
hpmcounter10,normal,seed4,45,456.0
hpmcounter10,normal,seed4,46,456.0
hpmcounter10,normal,seed4,47,456.0
hpmcounter10,normal,seed4,48,456.0
hpmcounter10,normal,seed4,49,456.0
hpmcounter10,normal,seed4,50,456.0
hpmcounter10,normal,seed4,51,456.0
hpmcounter10,normal,seed4,52,456.0
hpmcounter10,normal,seed4,53,456.0
hpmcounter10,normal,seed4,54,456.0
hpmcounter10,normal,seed4,55,456.0
hpmcounter10,normal,seed4,56,456.0
hpmcounter10,normal,seed4,57,456.0
hpmcounter10,normal,seed4,58,456.0
hpmcounter10,normal,seed4,59,456.0
hpmcounter10,normal,seed4,60,456.0
hpmcounter10,normal,seed4,61,456.0
hpmcounter10,normal,seed4,62,456.0
hpmcounter10,normal,seed4,63,456.0
hpmcounter10,normal,seed4,64,456.0
hpmcounter10,normal,seed4,65,456.0
hpmcounter10,normal,seed4,66,456.0
hpmcounter10,normal,seed4,67,456.0
hpmcounter10,normal,seed4,68,456.0
hpmcounter10,normal,seed4,69,456.0
hpmcounter10,normal,seed4,70,456.0
hpmcounter10,normal,seed4,71,456.0
hpmcounter10,normal,seed4,72,456.0
hpmcounter10,normal,seed4,73,456.0
hpmcounter10,normal,seed4,74,456.0
hpmcounter10,normal,seed4,75,456.0
hpmcounter10,normal,seed4,76,456.0
hpmcounter10,normal,seed4,77,456.0
hpmcounter10,normal,seed4,78,456.0
hpmcounter10,normal,seed4,79,456.0
hpmcounter10,normal,seed4,80,456.0
hpmcounter10,normal,seed4,81,456.0
hpmcounter10,normal,seed4,82,456.0
hpmcounter10,normal,seed4,83,456.0
hpmcounter10,normal,seed4,84,456.0
hpmcounter10,normal,seed4,85,456.0
hpmcounter10,normal,seed4,86,456.0
hpmcounter10,normal,seed4,87,456.0
hpmcounter10,normal,seed4,88,456.0
hpmcounter10,normal,seed4,89,456.0
hpmcounter10,normal,seed4,90,456.0
hpmcounter10,normal,seed4,91,456.0
hpmcounter10,normal,seed4,92,456.0
hpmcounter10,normal,seed4,93,456.0
hpmcounter10,normal,seed4,94,456.0
hpmcounter10,normal,seed4,95,456.0
hpmcounter10,normal,seed4,96,456.0
hpmcounter10,normal,seed4,97,456.0
hpmcounter10,normal,seed4,98,456.0
hpmcounter10,normal,seed4,99,456.0
hpmcounter10,normal,seed4,100,456.0
hpmcounter10,normal,seed4,101,456.0
hpmcounter10,normal,seed4,102,456.0
hpmcounter10,normal,seed4,103,456.0
hpmcounter10,normal,seed4,104,456.0
hpmcounter10,normal,seed4,105,456.0
hpmcounter10,normal,seed4,106,456.0
hpmcounter10,normal,seed4,107,456.0
hpmcounter10,normal,seed4,108,456.0
hpmcounter10,normal,seed4,109,456.0
hpmcounter10,normal,seed4,110,456.0
hpmcounter10,normal,seed4,111,456.0
hpmcounter10,normal,seed4,112,456.0
hpmcounter10,normal,seed4,113,456.0
hpmcounter10,normal,seed4,114,456.0
hpmcounter10,normal,seed4,115,456.0
hpmcounter10,normal,seed4,116,459.0
hpmcounter10,normal,seed4,117,464.3333333333333
hpmcounter10,normal,seed4,118,468.3333333333333
hpmcounter10,normal,seed4,119,471.0
hpmcounter10,normal,seed4,120,472.3333333333333
hpmcounter10,normal,seed4,121,472.3333333333333
hpmcounter10,normal,seed4,122,471.0
hpmcounter10,normal,seed4,123,471.3333333333333
hpmcounter10,normal,seed4,124,469.6666666666667
hpmcounter10,normal,seed4,125,466.0
hpmcounter10,normal,seed4,126,464.0
hpmcounter10,normal,seed4,127,464.3333333333333
hpmcounter10,normal,seed4,128,464.0
hpmcounter10,normal,seed4,129,463.0
hpmcounter10,normal,seed4,130,461.3333333333333
hpmcounter10,normal,seed4,131,459.0
hpmcounter10,normal,seed4,132,456.0
hpmcounter10,normal,seed4,133,456.0
hpmcounter10,normal,seed4,134,456.0
hpmcounter10,normal,seed4,135,456.0
hpmcounter10,normal,seed4,136,456.0
hpmcounter10,normal,seed4,137,456.0
hpmcounter10,normal,seed4,138,456.0
hpmcounter10,normal,seed4,139,456.0
hpmcounter10,normal,seed4,140,456.0
hpmcounter10,normal,seed4,141,456.0
hpmcounter10,normal,seed4,142,456.0
hpmcounter10,normal,seed4,143,456.0
hpmcounter10,normal,seed4,144,456.0
hpmcounter10,normal,seed4,145,456.0
hpmcounter10,normal,seed4,146,456.0
hpmcounter10,normal,seed4,147,456.0
hpmcounter10,normal,seed4,148,456.0
hpmcounter10,normal,seed4,149,456.0
hpmcounter10,normal,seed4,150,456.0
hpmcounter10,normal,seed4,151,456.0
hpmcounter10,normal,seed4,152,456.0
hpmcounter10,normal,seed4,153,456.0
hpmcounter10,normal,seed4,154,456.0
hpmcounter10,normal,seed4,155,456.0
hpmcounter10,normal,seed4,156,456.0
hpmcounter10,normal,seed4,157,456.0
hpmcounter10,normal,seed4,158,456.0
hpmcounter10,normal,seed4,159,456.0
hpmcounter10,normal,seed4,160,456.0
hpmcounter10,normal,seed4,161,456.0
hpmcounter10,normal,seed4,162,456.0
hpmcounter10,normal,seed4,163,456.0
hpmcounter10,normal,seed4,164,456.0
hpmcounter10,normal,seed4,165,459.0
hpmcounter10,normal,seed4,166,461.3333333333333
hpmcounter10,normal,seed4,167,463.0
hpmcounter10,normal,seed4,168,467.0
hpmcounter10,normal,seed4,169,469.6666666666667
hpmcounter10,normal,seed4,170,471.0
hpmcounter10,normal,seed4,171,474.0
hpmcounter10,normal,seed4,172,478.0
hpmcounter10,normal,seed4,173,482.3333333333333
hpmcounter10,normal,seed4,174,483.3333333333333
hpmcounter10,normal,seed4,175,484.6666666666667
hpmcounter10,normal,seed4,176,483.3333333333333
hpmcounter10,normal,seed4,177,479.3333333333333
hpmcounter10,normal,seed4,178,476.3333333333333
hpmcounter10,normal,seed4,179,471.3333333333333
hpmcounter10,normal,seed4,180,464.3333333333333
hpmcounter10,normal,seed4,181,459.0
hpmcounter10,normal,seed4,182,456.0
hpmcounter10,normal,seed4,183,456.0
hpmcounter10,normal,seed4,184,456.0
hpmcounter10,normal,seed4,185,456.0
hpmcounter10,normal,seed4,186,456.0
hpmcounter10,normal,seed4,187,456.0
hpmcounter10,normal,seed4,188,456.0
hpmcounter10,normal,seed4,189,456.0
hpmcounter10,normal,seed4,190,456.0
hpmcounter10,normal,seed4,191,456.0
hpmcounter10,normal,seed4,192,456.0
hpmcounter10,normal,seed4,193,456.0
hpmcounter10,normal,seed4,194,456.0
hpmcounter10,normal,seed4,195,456.0
hpmcounter10,normal,seed4,196,456.0
hpmcounter10,normal,seed4,197,456.0
hpmcounter10,normal,seed4,198,456.0
hpmcounter10,normal,seed4,199,456.0
hpmcounter10,normal,seed4,200,456.0
hpmcounter10,normal,seed4,201,456.0
hpmcounter10,normal,seed4,202,456.0
hpmcounter10,normal,seed4,203,456.0
hpmcounter10,normal,seed4,204,456.0
hpmcounter10,normal,seed4,205,456.0
hpmcounter10,normal,seed4,206,456.0
hpmcounter10,normal,seed4,207,456.0
hpmcounter10,normal,seed4,208,456.0
hpmcounter10,normal,seed4,209,456.0
hpmcounter10,normal,seed4,210,456.0
hpmcounter10,normal,seed4,211,456.0
hpmcounter10,normal,seed4,212,456.0
hpmcounter10,normal,seed4,213,456.0
hpmcounter10,normal,seed4,214,456.0
hpmcounter10,normal,seed4,215,456.0
hpmcounter10,normal,seed4,216,456.0
hpmcounter10,normal,seed4,217,456.0
hpmcounter10,normal,seed4,218,456.0
hpmcounter10,normal,seed4,219,456.0
hpmcounter10,normal,seed4,220,456.0
hpmcounter10,normal,seed4,221,456.0
hpmcounter10,normal,seed4,222,456.0
hpmcounter10,normal,seed4,223,456.0
hpmcounter10,normal,seed4,224,456.0
hpmcounter10,normal,seed4,225,456.0
hpmcounter10,normal,seed4,226,456.0
hpmcounter10,normal,seed4,227,456.0
hpmcounter10,normal,seed4,228,456.0
hpmcounter10,normal,seed4,229,456.0
hpmcounter10,normal,seed4,230,456.0
hpmcounter10,normal,seed4,231,456.0
hpmcounter10,normal,seed4,232,456.0
hpmcounter10,normal,seed4,233,456.0
hpmcounter10,normal,seed4,234,456.0
hpmcounter10,normal,seed4,235,456.0
hpmcounter10,normal,seed4,236,456.0
hpmcounter10,normal,seed4,237,456.0
hpmcounter10,normal,seed4,238,456.0
hpmcounter10,normal,seed4,239,456.0
hpmcounter10,normal,seed4,240,456.0
hpmcounter10,normal,seed4,241,456.0
hpmcounter10,normal,seed4,242,456.0
hpmcounter10,normal,seed4,243,456.0
hpmcounter10,normal,seed4,244,456.0
hpmcounter10,normal,seed4,245,456.0
hpmcounter10,normal,seed4,246,456.0
hpmcounter10,normal,seed4,247,456.0
hpmcounter10,normal,seed4,248,456.0
hpmcounter10,normal,seed4,249,456.0
hpmcounter10,normal,seed4,250,456.0
hpmcounter10,normal,seed4,251,456.0
hpmcounter10,normal,seed4,252,456.0
hpmcounter10,normal,seed4,253,456.0
hpmcounter10,normal,seed4,254,456.0
hpmcounter10,normal,seed4,255,456.0
hpmcounter10,normal,seed4,256,456.0
hpmcounter10,normal,seed4,257,456.0
hpmcounter10,normal,seed4,258,456.0
hpmcounter10,normal,seed4,259,456.0
hpmcounter10,normal,seed4,260,456.0
hpmcounter10,normal,seed4,261,456.0
hpmcounter10,normal,seed4,262,456.0
hpmcounter10,normal,seed4,263,456.0
hpmcounter10,normal,seed4,264,456.0
hpmcounter10,normal,seed4,265,456.0
hpmcounter10,normal,seed4,266,456.0
hpmcounter10,normal,seed4,267,459.0
hpmcounter10,normal,seed4,268,464.3333333333333
hpmcounter10,normal,seed4,269,471.3333333333333
hpmcounter10,normal,seed4,270,479.3333333333333
hpmcounter10,normal,seed4,271,487.6666666666667
hpmcounter10,normal,seed4,272,492.6666666666667
hpmcounter10,normal,seed4,273,494.3333333333333
hpmcounter10,normal,seed4,274,492.6666666666667
hpmcounter10,normal,seed4,275,487.6666666666667
hpmcounter10,normal,seed4,276,479.3333333333333
hpmcounter10,normal,seed4,277,471.3333333333333
hpmcounter10,normal,seed4,278,464.3333333333333
hpmcounter10,normal,seed4,279,459.0
hpmcounter10,normal,seed4,280,456.0
hpmcounter10,normal,seed4,281,456.0
hpmcounter10,normal,seed4,282,456.0
hpmcounter10,normal,seed4,283,456.0
hpmcounter10,normal,seed4,284,456.0
hpmcounter10,normal,seed4,285,456.0
hpmcounter10,normal,seed4,286,456.0
hpmcounter10,normal,seed4,287,456.0
hpmcounter10,normal,seed4,288,456.0
hpmcounter10,normal,seed4,289,456.0
hpmcounter10,normal,seed4,290,456.0
hpmcounter10,normal,seed4,291,456.0
hpmcounter10,normal,seed4,292,456.0
hpmcounter10,normal,seed4,293,456.0
hpmcounter10,normal,seed4,294,456.0
hpmcounter10,normal,seed4,295,456.0
hpmcounter10,normal,seed4,296,456.0
hpmcounter10,normal,seed4,297,456.0
hpmcounter10,normal,seed4,298,456.0
hpmcounter10,normal,seed5,9,470.4787878787879
hpmcounter10,normal,seed5,10,467.90909090909093
hpmcounter10,normal,seed5,11,463.9878787878788
hpmcounter10,normal,seed5,12,460.23636363636365
hpmcounter10,normal,seed5,13,457.1878787878788
hpmcounter10,normal,seed5,14,455.42424242424244
hpmcounter10,normal,seed5,15,455.57575757575756
hpmcounter10,normal,seed5,16,455.72121212121215
hpmcounter10,normal,seed5,17,455.8484848484849
hpmcounter10,normal,seed5,18,455.94545454545454
hpmcounter10,normal,seed5,19,456.0
hpmcounter10,normal,seed5,20,456.0
hpmcounter10,normal,seed5,21,456.0
hpmcounter10,normal,seed5,22,456.0
hpmcounter10,normal,seed5,23,456.0
hpmcounter10,normal,seed5,24,456.0
hpmcounter10,normal,seed5,25,456.0
hpmcounter10,normal,seed5,26,456.0
hpmcounter10,normal,seed5,27,456.0
hpmcounter10,normal,seed5,28,456.0
hpmcounter10,normal,seed5,29,456.0
hpmcounter10,normal,seed5,30,459.0
hpmcounter10,normal,seed5,31,464.3333333333333
hpmcounter10,normal,seed5,32,468.3333333333333
hpmcounter10,normal,seed5,33,474.0
hpmcounter10,normal,seed5,34,480.6666666666667
hpmcounter10,normal,seed5,35,487.6666666666667
hpmcounter10,normal,seed5,36,494.3333333333333
hpmcounter10,normal,seed5,37,500.0
hpmcounter10,normal,seed5,38,501.0
hpmcounter10,normal,seed5,39,497.3333333333333
hpmcounter10,normal,seed5,40,492.6666666666667
hpmcounter10,normal,seed5,41,487.6666666666667
hpmcounter10,normal,seed5,42,482.3333333333333
hpmcounter10,normal,seed5,43,476.6666666666667
hpmcounter10,normal,seed5,44,471.3333333333333
hpmcounter10,normal,seed5,45,467.0
hpmcounter10,normal,seed5,46,464.3333333333333
hpmcounter10,normal,seed5,47,464.0
hpmcounter10,normal,seed5,48,463.0
hpmcounter10,normal,seed5,49,461.3333333333333
hpmcounter10,normal,seed5,50,459.0
hpmcounter10,normal,seed5,51,456.0
hpmcounter10,normal,seed5,52,456.0
hpmcounter10,normal,seed5,53,456.0
hpmcounter10,normal,seed5,54,456.0
hpmcounter10,normal,seed5,55,456.0
hpmcounter10,normal,seed5,56,456.0
hpmcounter10,normal,seed5,57,456.0
hpmcounter10,normal,seed5,58,456.0
hpmcounter10,normal,seed5,59,459.0
hpmcounter10,normal,seed5,60,461.3333333333333
hpmcounter10,normal,seed5,61,466.0
hpmcounter10,normal,seed5,62,472.3333333333333
hpmcounter10,normal,seed5,63,479.6666666666667
hpmcounter10,normal,seed5,64,487.3333333333333
hpmcounter10,normal,seed5,65,491.6666666666667
hpmcounter10,normal,seed5,66,492.6666666666667
hpmcounter10,normal,seed5,67,490.3333333333333
hpmcounter10,normal,seed5,68,484.6666666666667
hpmcounter10,normal,seed5,69,479.3333333333333
hpmcounter10,normal,seed5,70,471.3333333333333
hpmcounter10,normal,seed5,71,464.3333333333333
hpmcounter10,normal,seed5,72,459.0
hpmcounter10,normal,seed5,73,456.0
hpmcounter10,normal,seed5,74,456.0
hpmcounter10,normal,seed5,75,456.0
hpmcounter10,normal,seed5,76,456.0
hpmcounter10,normal,seed5,77,456.0
hpmcounter10,normal,seed5,78,456.0
hpmcounter10,normal,seed5,79,456.0
hpmcounter10,normal,seed5,80,456.0
hpmcounter10,normal,seed5,81,456.0
hpmcounter10,normal,seed5,82,456.0
hpmcounter10,normal,seed5,83,456.0
hpmcounter10,normal,seed5,84,456.0
hpmcounter10,normal,seed5,85,456.0
hpmcounter10,normal,seed5,86,456.0
hpmcounter10,normal,seed5,87,456.0
hpmcounter10,normal,seed5,88,456.0
hpmcounter10,normal,seed5,89,456.0
hpmcounter10,normal,seed5,90,456.0
hpmcounter10,normal,seed5,91,456.0
hpmcounter10,normal,seed5,92,456.0
hpmcounter10,normal,seed5,93,456.0
hpmcounter10,normal,seed5,94,456.0
hpmcounter10,normal,seed5,95,456.0
hpmcounter10,normal,seed5,96,456.0
hpmcounter10,normal,seed5,97,456.0
hpmcounter10,normal,seed5,98,456.0
hpmcounter10,normal,seed5,99,456.0
hpmcounter10,normal,seed5,100,456.0
hpmcounter10,normal,seed5,101,456.0
hpmcounter10,normal,seed5,102,456.0
hpmcounter10,normal,seed5,103,456.0
hpmcounter10,normal,seed5,104,456.0
hpmcounter10,normal,seed5,105,456.0
hpmcounter10,normal,seed5,106,456.0
hpmcounter10,normal,seed5,107,456.0
hpmcounter10,normal,seed5,108,456.0
hpmcounter10,normal,seed5,109,456.0
hpmcounter10,normal,seed5,110,456.0
hpmcounter10,normal,seed5,111,456.0
hpmcounter10,normal,seed5,112,456.0
hpmcounter10,normal,seed5,113,456.0
hpmcounter10,normal,seed5,114,456.0
hpmcounter10,normal,seed5,115,456.0
hpmcounter10,normal,seed5,116,456.0
hpmcounter10,normal,seed5,117,456.0
hpmcounter10,normal,seed5,118,456.0
hpmcounter10,normal,seed5,119,459.0
hpmcounter10,normal,seed5,120,461.3333333333333
hpmcounter10,normal,seed5,121,463.0
hpmcounter10,normal,seed5,122,464.0
hpmcounter10,normal,seed5,123,464.3333333333333
hpmcounter10,normal,seed5,124,464.0
hpmcounter10,normal,seed5,125,463.0
hpmcounter10,normal,seed5,126,461.3333333333333
hpmcounter10,normal,seed5,127,459.0
hpmcounter10,normal,seed5,128,456.0
hpmcounter10,normal,seed5,129,456.0
hpmcounter10,normal,seed5,130,456.0
hpmcounter10,normal,seed5,131,456.0
hpmcounter10,normal,seed5,132,456.0
hpmcounter10,normal,seed5,133,456.0
hpmcounter10,normal,seed5,134,456.0
hpmcounter10,normal,seed5,135,456.0
hpmcounter10,normal,seed5,136,456.0
hpmcounter10,normal,seed5,137,456.0
hpmcounter10,normal,seed5,138,456.0
hpmcounter10,normal,seed5,139,456.0
hpmcounter10,normal,seed5,140,456.0
hpmcounter10,normal,seed5,141,456.0
hpmcounter10,normal,seed5,142,456.0
hpmcounter10,normal,seed5,143,456.0
hpmcounter10,normal,seed5,144,456.0
hpmcounter10,normal,seed5,145,456.0
hpmcounter10,normal,seed5,146,456.0
hpmcounter10,normal,seed5,147,456.0
hpmcounter10,normal,seed5,148,456.0
hpmcounter10,normal,seed5,149,456.0
hpmcounter10,normal,seed5,150,456.0
hpmcounter10,normal,seed5,151,456.0
hpmcounter10,normal,seed5,152,456.0
hpmcounter10,normal,seed5,153,456.0
hpmcounter10,normal,seed5,154,456.0
hpmcounter10,normal,seed5,155,456.0
hpmcounter10,normal,seed5,156,456.0
hpmcounter10,normal,seed5,157,456.0
hpmcounter10,normal,seed5,158,456.0
hpmcounter10,normal,seed5,159,456.0
hpmcounter10,normal,seed5,160,456.0
hpmcounter10,normal,seed5,161,456.0
hpmcounter10,normal,seed5,162,456.0
hpmcounter10,normal,seed5,163,456.0
hpmcounter10,normal,seed5,164,456.0
hpmcounter10,normal,seed5,165,456.0
hpmcounter10,normal,seed5,166,456.0
hpmcounter10,normal,seed5,167,456.0
hpmcounter10,normal,seed5,168,456.0
hpmcounter10,normal,seed5,169,456.0
hpmcounter10,normal,seed5,170,456.0
hpmcounter10,normal,seed5,171,456.0
hpmcounter10,normal,seed5,172,456.0
hpmcounter10,normal,seed5,173,456.0
hpmcounter10,normal,seed5,174,456.0
hpmcounter10,normal,seed5,175,456.0
hpmcounter10,normal,seed5,176,456.0
hpmcounter10,normal,seed5,177,456.0
hpmcounter10,normal,seed5,178,456.0
hpmcounter10,normal,seed5,179,456.0
hpmcounter10,normal,seed5,180,456.0
hpmcounter10,normal,seed5,181,456.0
hpmcounter10,normal,seed5,182,456.0
hpmcounter10,normal,seed5,183,456.0
hpmcounter10,normal,seed5,184,456.0
hpmcounter10,normal,seed5,185,456.0
hpmcounter10,normal,seed5,186,456.0
hpmcounter10,normal,seed5,187,456.0
hpmcounter10,normal,seed5,188,456.0
hpmcounter10,normal,seed5,189,456.0
hpmcounter10,normal,seed5,190,456.0
hpmcounter10,normal,seed5,191,456.0
hpmcounter10,normal,seed5,192,456.0
hpmcounter10,normal,seed5,193,456.0
hpmcounter10,normal,seed5,194,456.0
hpmcounter10,normal,seed5,195,456.0
hpmcounter10,normal,seed5,196,456.0
hpmcounter10,normal,seed5,197,456.0
hpmcounter10,normal,seed5,198,456.0
hpmcounter10,normal,seed5,199,456.0
hpmcounter10,normal,seed5,200,456.0
hpmcounter10,normal,seed5,201,456.0
hpmcounter10,normal,seed5,202,456.0
hpmcounter10,normal,seed5,203,456.0
hpmcounter10,normal,seed5,204,456.0
hpmcounter10,normal,seed5,205,456.0
hpmcounter10,normal,seed5,206,456.0
hpmcounter10,normal,seed5,207,456.0
hpmcounter10,normal,seed5,208,456.0
hpmcounter10,normal,seed5,209,456.0
hpmcounter10,normal,seed5,210,456.0
hpmcounter10,normal,seed5,211,456.0
hpmcounter10,normal,seed5,212,456.0
hpmcounter10,normal,seed5,213,456.0
hpmcounter10,normal,seed5,214,456.0
hpmcounter10,normal,seed5,215,456.0
hpmcounter10,normal,seed5,216,456.0
hpmcounter10,normal,seed5,217,456.0
hpmcounter10,normal,seed5,218,456.0
hpmcounter10,normal,seed5,219,456.0
hpmcounter10,normal,seed5,220,456.0
hpmcounter10,normal,seed5,221,456.0
hpmcounter10,normal,seed5,222,456.0
hpmcounter10,normal,seed5,223,456.0
hpmcounter10,normal,seed5,224,456.0
hpmcounter10,normal,seed5,225,456.0
hpmcounter10,normal,seed5,226,456.0
hpmcounter10,normal,seed5,227,456.0
hpmcounter10,normal,seed5,228,456.0
hpmcounter10,normal,seed5,229,456.0
hpmcounter10,normal,seed5,230,456.0
hpmcounter10,normal,seed5,231,456.0
hpmcounter10,normal,seed5,232,456.0
hpmcounter10,normal,seed5,233,456.0
hpmcounter10,normal,seed5,234,456.0
hpmcounter10,normal,seed5,235,456.0
hpmcounter10,normal,seed5,236,456.0
hpmcounter10,normal,seed5,237,456.0
hpmcounter10,normal,seed5,238,456.0
hpmcounter10,normal,seed5,239,456.0
hpmcounter10,normal,seed5,240,456.0
hpmcounter10,normal,seed5,241,456.0
hpmcounter10,normal,seed5,242,456.0
hpmcounter10,normal,seed5,243,456.0
hpmcounter10,normal,seed5,244,456.0
hpmcounter10,normal,seed5,245,456.0
hpmcounter10,normal,seed5,246,456.0
hpmcounter10,normal,seed5,247,456.0
hpmcounter10,normal,seed5,248,456.0
hpmcounter10,normal,seed5,249,456.0
hpmcounter10,normal,seed5,250,456.0
hpmcounter10,normal,seed5,251,456.0
hpmcounter10,normal,seed5,252,456.0
hpmcounter10,normal,seed5,253,456.0
hpmcounter10,normal,seed5,254,456.0
hpmcounter10,normal,seed5,255,456.0
hpmcounter10,normal,seed5,256,456.0
hpmcounter10,normal,seed5,257,456.0
hpmcounter10,normal,seed5,258,456.0
hpmcounter10,normal,seed5,259,456.0
hpmcounter10,normal,seed5,260,456.0
hpmcounter10,normal,seed5,261,456.0
hpmcounter10,normal,seed5,262,456.0
hpmcounter10,normal,seed5,263,459.0
hpmcounter10,normal,seed5,264,464.27878787878785
hpmcounter10,normal,seed5,265,468.23636363636365
hpmcounter10,normal,seed5,266,470.8727272727273
hpmcounter10,normal,seed5,267,472.1878787878788
hpmcounter10,normal,seed5,268,472.1818181818182
hpmcounter10,normal,seed5,269,470.8545454545455
hpmcounter10,normal,seed5,270,468.2060606060606
hpmcounter10,normal,seed5,271,464.23636363636365
hpmcounter10,normal,seed5,272,458.94545454545454
hpmcounter10,normal,seed5,273,456.0
hpmcounter10,normal,seed5,274,456.0
hpmcounter10,normal,seed5,275,456.0
hpmcounter10,normal,seed5,276,456.0
hpmcounter10,normal,seed5,277,456.0
hpmcounter10,normal,seed5,278,456.0
hpmcounter10,normal,seed5,279,456.0
hpmcounter10,normal,seed5,280,456.0
hpmcounter10,normal,seed5,281,456.0
hpmcounter10,normal,seed5,282,456.0
hpmcounter10,normal,seed5,283,456.0
hpmcounter10,normal,seed5,284,456.0
hpmcounter10,normal,seed5,285,456.0
hpmcounter10,normal,seed5,286,456.0
hpmcounter10,normal,seed5,287,456.0
hpmcounter10,normal,seed5,288,456.0
hpmcounter10,normal,seed5,289,456.0
hpmcounter10,normal,seed5,290,456.0
hpmcounter10,normal,seed5,291,456.0
hpmcounter10,normal,seed5,292,459.0
hpmcounter10,normal,seed5,293,464.27878787878785
hpmcounter10,normal,seed5,294,471.23636363636365
hpmcounter10,normal,seed5,295,479.2060606060606
hpmcounter10,normal,seed5,296,487.5212121212121
hpmcounter10,normal,seed5,297,495.5151515151515
hpmcounter10,normal,seed5,298,499.5212121212121
hpmcounter10,normal,seed6,9,459.5090909090909
hpmcounter10,normal,seed6,10,458.94545454545454
hpmcounter10,normal,seed6,11,458.06060606060606
hpmcounter10,normal,seed6,12,456.8424242424242
hpmcounter10,normal,seed6,13,455.27878787878785
hpmcounter10,normal,seed6,14,455.42424242424244
hpmcounter10,normal,seed6,15,455.57575757575756
hpmcounter10,normal,seed6,16,455.72121212121215
hpmcounter10,normal,seed6,17,455.8484848484849
hpmcounter10,normal,seed6,18,455.94545454545454
hpmcounter10,normal,seed6,19,456.0
hpmcounter10,normal,seed6,20,456.0
hpmcounter10,normal,seed6,21,456.0
hpmcounter10,normal,seed6,22,456.0
hpmcounter10,normal,seed6,23,456.0
hpmcounter10,normal,seed6,24,456.0
hpmcounter10,normal,seed6,25,456.0
hpmcounter10,normal,seed6,26,456.0
hpmcounter10,normal,seed6,27,456.0
hpmcounter10,normal,seed6,28,459.0
hpmcounter10,normal,seed6,29,464.3333333333333
hpmcounter10,normal,seed6,30,471.3333333333333
hpmcounter10,normal,seed6,31,479.3333333333333
hpmcounter10,normal,seed6,32,487.6666666666667
hpmcounter10,normal,seed6,33,492.6666666666667
hpmcounter10,normal,seed6,34,494.3333333333333
hpmcounter10,normal,seed6,35,492.6666666666667
hpmcounter10,normal,seed6,36,487.6666666666667
hpmcounter10,normal,seed6,37,479.3333333333333
hpmcounter10,normal,seed6,38,471.3333333333333
hpmcounter10,normal,seed6,39,464.3333333333333
hpmcounter10,normal,seed6,40,459.0
hpmcounter10,normal,seed6,41,456.0
hpmcounter10,normal,seed6,42,456.0
hpmcounter10,normal,seed6,43,456.0
hpmcounter10,normal,seed6,44,456.0
hpmcounter10,normal,seed6,45,456.0
hpmcounter10,normal,seed6,46,456.0
hpmcounter10,normal,seed6,47,456.0
hpmcounter10,normal,seed6,48,456.0
hpmcounter10,normal,seed6,49,456.0
hpmcounter10,normal,seed6,50,456.0
hpmcounter10,normal,seed6,51,456.0
hpmcounter10,normal,seed6,52,456.0
hpmcounter10,normal,seed6,53,456.0
hpmcounter10,normal,seed6,54,456.0
hpmcounter10,normal,seed6,55,456.0
hpmcounter10,normal,seed6,56,456.0
hpmcounter10,normal,seed6,57,456.0
hpmcounter10,normal,seed6,58,456.0
hpmcounter10,normal,seed6,59,456.0
hpmcounter10,normal,seed6,60,456.0
hpmcounter10,normal,seed6,61,456.0
hpmcounter10,normal,seed6,62,456.0
hpmcounter10,normal,seed6,63,456.0
hpmcounter10,normal,seed6,64,456.0
hpmcounter10,normal,seed6,65,456.0
hpmcounter10,normal,seed6,66,456.0
hpmcounter10,normal,seed6,67,456.0
hpmcounter10,normal,seed6,68,456.0
hpmcounter10,normal,seed6,69,456.0
hpmcounter10,normal,seed6,70,456.0
hpmcounter10,normal,seed6,71,456.0
hpmcounter10,normal,seed6,72,456.0
hpmcounter10,normal,seed6,73,456.0
hpmcounter10,normal,seed6,74,456.0
hpmcounter10,normal,seed6,75,456.0
hpmcounter10,normal,seed6,76,456.0
hpmcounter10,normal,seed6,77,456.0
hpmcounter10,normal,seed6,78,456.0
hpmcounter10,normal,seed6,79,456.0
hpmcounter10,normal,seed6,80,456.0
hpmcounter10,normal,seed6,81,456.0
hpmcounter10,normal,seed6,82,456.0
hpmcounter10,normal,seed6,83,456.0
hpmcounter10,normal,seed6,84,456.0
hpmcounter10,normal,seed6,85,456.0
hpmcounter10,normal,seed6,86,459.0
hpmcounter10,normal,seed6,87,464.27878787878785
hpmcounter10,normal,seed6,88,468.23636363636365
hpmcounter10,normal,seed6,89,470.8727272727273
hpmcounter10,normal,seed6,90,472.1878787878788
hpmcounter10,normal,seed6,91,472.1818181818182
hpmcounter10,normal,seed6,92,470.8545454545455
hpmcounter10,normal,seed6,93,468.2060606060606
hpmcounter10,normal,seed6,94,464.23636363636365
hpmcounter10,normal,seed6,95,458.94545454545454
hpmcounter10,normal,seed6,96,456.0
hpmcounter10,normal,seed6,97,456.0
hpmcounter10,normal,seed6,98,456.0
hpmcounter10,normal,seed6,99,456.0
hpmcounter10,normal,seed6,100,456.0
hpmcounter10,normal,seed6,101,456.0
hpmcounter10,normal,seed6,102,456.0
hpmcounter10,normal,seed6,103,456.0
hpmcounter10,normal,seed6,104,456.0
hpmcounter10,normal,seed6,105,456.0
hpmcounter10,normal,seed6,106,456.0
hpmcounter10,normal,seed6,107,456.0
hpmcounter10,normal,seed6,108,456.0
hpmcounter10,normal,seed6,109,456.0
hpmcounter10,normal,seed6,110,456.0
hpmcounter10,normal,seed6,111,456.0
hpmcounter10,normal,seed6,112,456.0
hpmcounter10,normal,seed6,113,456.0
hpmcounter10,normal,seed6,114,456.0
hpmcounter10,normal,seed6,115,456.0
hpmcounter10,normal,seed6,116,456.0
hpmcounter10,normal,seed6,117,456.0
hpmcounter10,normal,seed6,118,456.0
hpmcounter10,normal,seed6,119,456.0
hpmcounter10,normal,seed6,120,456.0
hpmcounter10,normal,seed6,121,456.0
hpmcounter10,normal,seed6,122,456.0
hpmcounter10,normal,seed6,123,456.0
hpmcounter10,normal,seed6,124,456.0
hpmcounter10,normal,seed6,125,456.0
hpmcounter10,normal,seed6,126,456.0
hpmcounter10,normal,seed6,127,456.0
hpmcounter10,normal,seed6,128,456.0
hpmcounter10,normal,seed6,129,456.0
hpmcounter10,normal,seed6,130,456.0
hpmcounter10,normal,seed6,131,456.0
hpmcounter10,normal,seed6,132,456.0
hpmcounter10,normal,seed6,133,456.0
hpmcounter10,normal,seed6,134,456.0
hpmcounter10,normal,seed6,135,456.0
hpmcounter10,normal,seed6,136,459.0
hpmcounter10,normal,seed6,137,461.3333333333333
hpmcounter10,normal,seed6,138,463.0
hpmcounter10,normal,seed6,139,467.0
hpmcounter10,normal,seed6,140,469.6666666666667
hpmcounter10,normal,seed6,141,471.0
hpmcounter10,normal,seed6,142,471.0
hpmcounter10,normal,seed6,143,469.6666666666667
hpmcounter10,normal,seed6,144,467.0
hpmcounter10,normal,seed6,145,463.0
hpmcounter10,normal,seed6,146,461.3333333333333
hpmcounter10,normal,seed6,147,459.0
hpmcounter10,normal,seed6,148,456.0
hpmcounter10,normal,seed6,149,456.0
hpmcounter10,normal,seed6,150,456.0
hpmcounter10,normal,seed6,151,456.0
hpmcounter10,normal,seed6,152,456.0
hpmcounter10,normal,seed6,153,456.0
hpmcounter10,normal,seed6,154,456.0
hpmcounter10,normal,seed6,155,456.0
hpmcounter10,normal,seed6,156,456.0
hpmcounter10,normal,seed6,157,456.0
hpmcounter10,normal,seed6,158,456.0
hpmcounter10,normal,seed6,159,456.0
hpmcounter10,normal,seed6,160,456.0
hpmcounter10,normal,seed6,161,456.0
hpmcounter10,normal,seed6,162,456.0
hpmcounter10,normal,seed6,163,456.0
hpmcounter10,normal,seed6,164,456.0
hpmcounter10,normal,seed6,165,456.0
hpmcounter10,normal,seed6,166,456.0
hpmcounter10,normal,seed6,167,456.0
hpmcounter10,normal,seed6,168,456.0
hpmcounter10,normal,seed6,169,456.0
hpmcounter10,normal,seed6,170,456.0
hpmcounter10,normal,seed6,171,456.0
hpmcounter10,normal,seed6,172,456.0
hpmcounter10,normal,seed6,173,456.0
hpmcounter10,normal,seed6,174,456.0
hpmcounter10,normal,seed6,175,456.0
hpmcounter10,normal,seed6,176,456.0
hpmcounter10,normal,seed6,177,456.0
hpmcounter10,normal,seed6,178,456.0
hpmcounter10,normal,seed6,179,456.0
hpmcounter10,normal,seed6,180,456.0
hpmcounter10,normal,seed6,181,456.0
hpmcounter10,normal,seed6,182,456.0
hpmcounter10,normal,seed6,183,456.0
hpmcounter10,normal,seed6,184,456.0
hpmcounter10,normal,seed6,185,456.0
hpmcounter10,normal,seed6,186,456.0
hpmcounter10,normal,seed6,187,456.0
hpmcounter10,normal,seed6,188,456.0
hpmcounter10,normal,seed6,189,456.0
hpmcounter10,normal,seed6,190,456.0
hpmcounter10,normal,seed6,191,456.0
hpmcounter10,normal,seed6,192,456.0
hpmcounter10,normal,seed6,193,456.0
hpmcounter10,normal,seed6,194,456.0
hpmcounter10,normal,seed6,195,456.0
hpmcounter10,normal,seed6,196,456.0
hpmcounter10,normal,seed6,197,456.0
hpmcounter10,normal,seed6,198,456.0
hpmcounter10,normal,seed6,199,456.0
hpmcounter10,normal,seed6,200,456.0
hpmcounter10,normal,seed6,201,456.0
hpmcounter10,normal,seed6,202,459.0
hpmcounter10,normal,seed6,203,464.27878787878785
hpmcounter10,normal,seed6,204,468.23636363636365
hpmcounter10,normal,seed6,205,470.8727272727273
hpmcounter10,normal,seed6,206,472.1878787878788
hpmcounter10,normal,seed6,207,475.1818181818182
hpmcounter10,normal,seed6,208,479.1333333333333
hpmcounter10,normal,seed6,209,480.44242424242424
hpmcounter10,normal,seed6,210,479.1090909090909
hpmcounter10,normal,seed6,211,475.1333333333333
hpmcounter10,normal,seed6,212,472.1818181818182
hpmcounter10,normal,seed6,213,470.8545454545455
hpmcounter10,normal,seed6,214,468.2060606060606
hpmcounter10,normal,seed6,215,464.23636363636365
hpmcounter10,normal,seed6,216,458.94545454545454
hpmcounter10,normal,seed6,217,456.0
hpmcounter10,normal,seed6,218,456.0
hpmcounter10,normal,seed6,219,456.0
hpmcounter10,normal,seed6,220,456.0
hpmcounter10,normal,seed6,221,456.0
hpmcounter10,normal,seed6,222,456.0
hpmcounter10,normal,seed6,223,456.0
hpmcounter10,normal,seed6,224,456.0
hpmcounter10,normal,seed6,225,456.0
hpmcounter10,normal,seed6,226,456.0
hpmcounter10,normal,seed6,227,456.0
hpmcounter10,normal,seed6,228,456.0
hpmcounter10,normal,seed6,229,456.0
hpmcounter10,normal,seed6,230,456.0
hpmcounter10,normal,seed6,231,456.0
hpmcounter10,normal,seed6,232,456.0
hpmcounter10,normal,seed6,233,456.0
hpmcounter10,normal,seed6,234,456.0
hpmcounter10,normal,seed6,235,456.0
hpmcounter10,normal,seed6,236,456.0
hpmcounter10,normal,seed6,237,456.0
hpmcounter10,normal,seed6,238,456.0
hpmcounter10,normal,seed6,239,456.0
hpmcounter10,normal,seed6,240,456.0
hpmcounter10,normal,seed6,241,456.0
hpmcounter10,normal,seed6,242,456.0
hpmcounter10,normal,seed6,243,456.0
hpmcounter10,normal,seed6,244,456.0
hpmcounter10,normal,seed6,245,456.0
hpmcounter10,normal,seed6,246,456.0
hpmcounter10,normal,seed6,247,456.0
hpmcounter10,normal,seed6,248,456.0
hpmcounter10,normal,seed6,249,456.0
hpmcounter10,normal,seed6,250,456.0
hpmcounter10,normal,seed6,251,456.0
hpmcounter10,normal,seed6,252,456.0
hpmcounter10,normal,seed6,253,456.0
hpmcounter10,normal,seed6,254,456.0
hpmcounter10,normal,seed6,255,456.0
hpmcounter10,normal,seed6,256,456.0
hpmcounter10,normal,seed6,257,456.0
hpmcounter10,normal,seed6,258,456.0
hpmcounter10,normal,seed6,259,456.0
hpmcounter10,normal,seed6,260,456.0
hpmcounter10,normal,seed6,261,456.0
hpmcounter10,normal,seed6,262,456.0
hpmcounter10,normal,seed6,263,456.0
hpmcounter10,normal,seed6,264,456.0
hpmcounter10,normal,seed6,265,456.0
hpmcounter10,normal,seed6,266,456.0
hpmcounter10,normal,seed6,267,456.0
hpmcounter10,normal,seed6,268,456.0
hpmcounter10,normal,seed6,269,456.0
hpmcounter10,normal,seed6,270,456.0
hpmcounter10,normal,seed6,271,456.0
hpmcounter10,normal,seed6,272,456.0
hpmcounter10,normal,seed6,273,456.0
hpmcounter10,normal,seed6,274,456.0
hpmcounter10,normal,seed6,275,456.0
hpmcounter10,normal,seed6,276,456.0
hpmcounter10,normal,seed6,277,456.0
hpmcounter10,normal,seed6,278,459.0
hpmcounter10,normal,seed6,279,464.3333333333333
hpmcounter10,normal,seed6,280,471.3333333333333
hpmcounter10,normal,seed6,281,476.3333333333333
hpmcounter10,normal,seed6,282,479.3333333333333
hpmcounter10,normal,seed6,283,480.3333333333333
hpmcounter10,normal,seed6,284,479.3333333333333
hpmcounter10,normal,seed6,285,479.3333333333333
hpmcounter10,normal,seed6,286,476.6666666666667
hpmcounter10,normal,seed6,287,471.3333333333333
hpmcounter10,normal,seed6,288,467.0
hpmcounter10,normal,seed6,289,464.3333333333333
hpmcounter10,normal,seed6,290,464.0
hpmcounter10,normal,seed6,291,463.0
hpmcounter10,normal,seed6,292,461.3333333333333
hpmcounter10,normal,seed6,293,459.0
hpmcounter10,normal,seed6,294,456.0
hpmcounter10,normal,seed6,295,456.0
hpmcounter10,normal,seed6,296,456.0
hpmcounter10,normal,seed6,297,456.0
hpmcounter10,normal,seed6,298,456.0
hpmcounter10,normal,seed7,9,455.0
hpmcounter10,normal,seed7,10,455.0
hpmcounter10,normal,seed7,11,455.05454545454546
hpmcounter10,normal,seed7,12,455.1515151515151
hpmcounter10,normal,seed7,13,455.27878787878785
hpmcounter10,normal,seed7,14,455.42424242424244
hpmcounter10,normal,seed7,15,455.57575757575756
hpmcounter10,normal,seed7,16,455.72121212121215
hpmcounter10,normal,seed7,17,455.8484848484849
hpmcounter10,normal,seed7,18,455.94545454545454
hpmcounter10,normal,seed7,19,456.0
hpmcounter10,normal,seed7,20,456.0
hpmcounter10,normal,seed7,21,456.0
hpmcounter10,normal,seed7,22,456.0
hpmcounter10,normal,seed7,23,456.0
hpmcounter10,normal,seed7,24,456.0
hpmcounter10,normal,seed7,25,456.0
hpmcounter10,normal,seed7,26,456.0
hpmcounter10,normal,seed7,27,456.0
hpmcounter10,normal,seed7,28,456.0
hpmcounter10,normal,seed7,29,456.0
hpmcounter10,normal,seed7,30,456.0
hpmcounter10,normal,seed7,31,459.0
hpmcounter10,normal,seed7,32,464.27878787878785
hpmcounter10,normal,seed7,33,471.1818181818182
hpmcounter10,normal,seed7,34,476.1090909090909
hpmcounter10,normal,seed7,35,479.06060606060606
hpmcounter10,normal,seed7,36,480.03636363636366
hpmcounter10,normal,seed7,37,479.03636363636366
hpmcounter10,normal,seed7,38,476.06060606060606
hpmcounter10,normal,seed7,39,471.1090909090909
hpmcounter10,normal,seed7,40,464.1818181818182
hpmcounter10,normal,seed7,41,458.94545454545454
hpmcounter10,normal,seed7,42,456.0
hpmcounter10,normal,seed7,43,456.0
hpmcounter10,normal,seed7,44,456.0
hpmcounter10,normal,seed7,45,456.0
hpmcounter10,normal,seed7,46,456.0
hpmcounter10,normal,seed7,47,456.0
hpmcounter10,normal,seed7,48,456.0
hpmcounter10,normal,seed7,49,456.0
hpmcounter10,normal,seed7,50,456.0
hpmcounter10,normal,seed7,51,456.0
hpmcounter10,normal,seed7,52,456.0
hpmcounter10,normal,seed7,53,456.0
hpmcounter10,normal,seed7,54,456.0
hpmcounter10,normal,seed7,55,456.0
hpmcounter10,normal,seed7,56,456.0
hpmcounter10,normal,seed7,57,456.0
hpmcounter10,normal,seed7,58,456.0
hpmcounter10,normal,seed7,59,456.0
hpmcounter10,normal,seed7,60,459.0
hpmcounter10,normal,seed7,61,461.3333333333333
hpmcounter10,normal,seed7,62,463.0
hpmcounter10,normal,seed7,63,464.0
hpmcounter10,normal,seed7,64,464.3333333333333
hpmcounter10,normal,seed7,65,464.0
hpmcounter10,normal,seed7,66,463.0
hpmcounter10,normal,seed7,67,461.3333333333333
hpmcounter10,normal,seed7,68,459.0
hpmcounter10,normal,seed7,69,456.0
hpmcounter10,normal,seed7,70,456.0
hpmcounter10,normal,seed7,71,456.0
hpmcounter10,normal,seed7,72,456.0
hpmcounter10,normal,seed7,73,456.0
hpmcounter10,normal,seed7,74,456.0
hpmcounter10,normal,seed7,75,456.0
hpmcounter10,normal,seed7,76,456.0
hpmcounter10,normal,seed7,77,456.0
hpmcounter10,normal,seed7,78,456.0
hpmcounter10,normal,seed7,79,456.0
hpmcounter10,normal,seed7,80,456.0
hpmcounter10,normal,seed7,81,456.0
hpmcounter10,normal,seed7,82,456.0
hpmcounter10,normal,seed7,83,456.0
hpmcounter10,normal,seed7,84,456.0
hpmcounter10,normal,seed7,85,456.0
hpmcounter10,normal,seed7,86,456.0
hpmcounter10,normal,seed7,87,456.0
hpmcounter10,normal,seed7,88,456.0
hpmcounter10,normal,seed7,89,456.0
hpmcounter10,normal,seed7,90,456.0
hpmcounter10,normal,seed7,91,456.0
hpmcounter10,normal,seed7,92,456.0
hpmcounter10,normal,seed7,93,456.0
hpmcounter10,normal,seed7,94,456.0
hpmcounter10,normal,seed7,95,456.0
hpmcounter10,normal,seed7,96,456.0
hpmcounter10,normal,seed7,97,456.0
hpmcounter10,normal,seed7,98,456.0
hpmcounter10,normal,seed7,99,456.0
hpmcounter10,normal,seed7,100,456.0
hpmcounter10,normal,seed7,101,456.0
hpmcounter10,normal,seed7,102,456.0
hpmcounter10,normal,seed7,103,456.0
hpmcounter10,normal,seed7,104,456.0
hpmcounter10,normal,seed7,105,456.0
hpmcounter10,normal,seed7,106,456.0
hpmcounter10,normal,seed7,107,456.0
hpmcounter10,normal,seed7,108,456.0
hpmcounter10,normal,seed7,109,456.0
hpmcounter10,normal,seed7,110,456.0
hpmcounter10,normal,seed7,111,456.0
hpmcounter10,normal,seed7,112,456.0
hpmcounter10,normal,seed7,113,456.0
hpmcounter10,normal,seed7,114,456.0
hpmcounter10,normal,seed7,115,456.0
hpmcounter10,normal,seed7,116,456.0
hpmcounter10,normal,seed7,117,456.0
hpmcounter10,normal,seed7,118,459.0
hpmcounter10,normal,seed7,119,461.3333333333333
hpmcounter10,normal,seed7,120,463.0
hpmcounter10,normal,seed7,121,464.0
hpmcounter10,normal,seed7,122,464.3333333333333
hpmcounter10,normal,seed7,123,464.0
hpmcounter10,normal,seed7,124,463.0
hpmcounter10,normal,seed7,125,461.3333333333333
hpmcounter10,normal,seed7,126,459.0
hpmcounter10,normal,seed7,127,456.0
hpmcounter10,normal,seed7,128,456.0
hpmcounter10,normal,seed7,129,456.0
hpmcounter10,normal,seed7,130,456.0
hpmcounter10,normal,seed7,131,456.0
hpmcounter10,normal,seed7,132,456.0
hpmcounter10,normal,seed7,133,456.0
hpmcounter10,normal,seed7,134,456.0
hpmcounter10,normal,seed7,135,456.0
hpmcounter10,normal,seed7,136,456.0
hpmcounter10,normal,seed7,137,456.0
hpmcounter10,normal,seed7,138,456.0
hpmcounter10,normal,seed7,139,456.0
hpmcounter10,normal,seed7,140,456.0
hpmcounter10,normal,seed7,141,456.0
hpmcounter10,normal,seed7,142,456.0
hpmcounter10,normal,seed7,143,456.0
hpmcounter10,normal,seed7,144,456.0
hpmcounter10,normal,seed7,145,456.0
hpmcounter10,normal,seed7,146,456.0
hpmcounter10,normal,seed7,147,456.0
hpmcounter10,normal,seed7,148,456.0
hpmcounter10,normal,seed7,149,456.0
hpmcounter10,normal,seed7,150,456.0
hpmcounter10,normal,seed7,151,456.0
hpmcounter10,normal,seed7,152,456.0
hpmcounter10,normal,seed7,153,456.0
hpmcounter10,normal,seed7,154,456.0
hpmcounter10,normal,seed7,155,456.0
hpmcounter10,normal,seed7,156,456.0
hpmcounter10,normal,seed7,157,456.0
hpmcounter10,normal,seed7,158,456.0
hpmcounter10,normal,seed7,159,456.0
hpmcounter10,normal,seed7,160,456.0
hpmcounter10,normal,seed7,161,456.0
hpmcounter10,normal,seed7,162,456.0
hpmcounter10,normal,seed7,163,456.0
hpmcounter10,normal,seed7,164,456.0
hpmcounter10,normal,seed7,165,456.0
hpmcounter10,normal,seed7,166,456.0
hpmcounter10,normal,seed7,167,456.0
hpmcounter10,normal,seed7,168,456.0
hpmcounter10,normal,seed7,169,456.0
hpmcounter10,normal,seed7,170,456.0
hpmcounter10,normal,seed7,171,456.0
hpmcounter10,normal,seed7,172,456.0
hpmcounter10,normal,seed7,173,456.0
hpmcounter10,normal,seed7,174,456.0
hpmcounter10,normal,seed7,175,456.0
hpmcounter10,normal,seed7,176,456.0
hpmcounter10,normal,seed7,177,456.0
hpmcounter10,normal,seed7,178,456.0
hpmcounter10,normal,seed7,179,456.0
hpmcounter10,normal,seed7,180,456.0
hpmcounter10,normal,seed7,181,456.0
hpmcounter10,normal,seed7,182,456.0
hpmcounter10,normal,seed7,183,456.0
hpmcounter10,normal,seed7,184,456.0
hpmcounter10,normal,seed7,185,456.0
hpmcounter10,normal,seed7,186,456.0
hpmcounter10,normal,seed7,187,456.0
hpmcounter10,normal,seed7,188,456.0
hpmcounter10,normal,seed7,189,456.0
hpmcounter10,normal,seed7,190,456.0
hpmcounter10,normal,seed7,191,456.0
hpmcounter10,normal,seed7,192,456.0
hpmcounter10,normal,seed7,193,456.0
hpmcounter10,normal,seed7,194,456.0
hpmcounter10,normal,seed7,195,456.0
hpmcounter10,normal,seed7,196,456.0
hpmcounter10,normal,seed7,197,456.0
hpmcounter10,normal,seed7,198,456.0
hpmcounter10,normal,seed7,199,456.0
hpmcounter10,normal,seed7,200,456.0
hpmcounter10,normal,seed7,201,456.0
hpmcounter10,normal,seed7,202,456.0
hpmcounter10,normal,seed7,203,456.0
hpmcounter10,normal,seed7,204,456.0
hpmcounter10,normal,seed7,205,456.0
hpmcounter10,normal,seed7,206,456.0
hpmcounter10,normal,seed7,207,456.0
hpmcounter10,normal,seed7,208,456.0
hpmcounter10,normal,seed7,209,456.0
hpmcounter10,normal,seed7,210,456.0
hpmcounter10,normal,seed7,211,456.0
hpmcounter10,normal,seed7,212,456.0
hpmcounter10,normal,seed7,213,456.0
hpmcounter10,normal,seed7,214,456.0
hpmcounter10,normal,seed7,215,456.0
hpmcounter10,normal,seed7,216,456.0
hpmcounter10,normal,seed7,217,456.0
hpmcounter10,normal,seed7,218,456.0
hpmcounter10,normal,seed7,219,456.0
hpmcounter10,normal,seed7,220,456.0
hpmcounter10,normal,seed7,221,456.0
hpmcounter10,normal,seed7,222,456.0
hpmcounter10,normal,seed7,223,456.0
hpmcounter10,normal,seed7,224,456.0
hpmcounter10,normal,seed7,225,456.0
hpmcounter10,normal,seed7,226,456.0
hpmcounter10,normal,seed7,227,456.0
hpmcounter10,normal,seed7,228,456.0
hpmcounter10,normal,seed7,229,456.0
hpmcounter10,normal,seed7,230,456.0
hpmcounter10,normal,seed7,231,456.0
hpmcounter10,normal,seed7,232,456.0
hpmcounter10,normal,seed7,233,456.0
hpmcounter10,normal,seed7,234,456.0
hpmcounter10,normal,seed7,235,456.0
hpmcounter10,normal,seed7,236,456.0
hpmcounter10,normal,seed7,237,456.0
hpmcounter10,normal,seed7,238,456.0
hpmcounter10,normal,seed7,239,456.0
hpmcounter10,normal,seed7,240,456.0
hpmcounter10,normal,seed7,241,456.0
hpmcounter10,normal,seed7,242,456.0
hpmcounter10,normal,seed7,243,456.0
hpmcounter10,normal,seed7,244,456.0
hpmcounter10,normal,seed7,245,459.0
hpmcounter10,normal,seed7,246,464.3333333333333
hpmcounter10,normal,seed7,247,471.3333333333333
hpmcounter10,normal,seed7,248,479.3333333333333
hpmcounter10,normal,seed7,249,484.6666666666667
hpmcounter10,normal,seed7,250,487.3333333333333
hpmcounter10,normal,seed7,251,487.3333333333333
hpmcounter10,normal,seed7,252,484.6666666666667
hpmcounter10,normal,seed7,253,479.3333333333333
hpmcounter10,normal,seed7,254,471.3333333333333
hpmcounter10,normal,seed7,255,464.3333333333333
hpmcounter10,normal,seed7,256,459.0
hpmcounter10,normal,seed7,257,456.0
hpmcounter10,normal,seed7,258,456.0
hpmcounter10,normal,seed7,259,456.0
hpmcounter10,normal,seed7,260,456.0
hpmcounter10,normal,seed7,261,456.0
hpmcounter10,normal,seed7,262,456.0
hpmcounter10,normal,seed7,263,456.0
hpmcounter10,normal,seed7,264,456.0
hpmcounter10,normal,seed7,265,456.0
hpmcounter10,normal,seed7,266,456.0
hpmcounter10,normal,seed7,267,456.0
hpmcounter10,normal,seed7,268,456.0
hpmcounter10,normal,seed7,269,456.0
hpmcounter10,normal,seed7,270,456.0
hpmcounter10,normal,seed7,271,456.0
hpmcounter10,normal,seed7,272,456.0
hpmcounter10,normal,seed7,273,456.0
hpmcounter10,normal,seed7,274,456.0
hpmcounter10,normal,seed7,275,456.0
hpmcounter10,normal,seed7,276,456.0
hpmcounter10,normal,seed7,277,456.0
hpmcounter10,normal,seed7,278,456.0
hpmcounter10,normal,seed7,279,456.0
hpmcounter10,normal,seed7,280,456.0
hpmcounter10,normal,seed7,281,456.0
hpmcounter10,normal,seed7,282,456.0
hpmcounter10,normal,seed7,283,456.0
hpmcounter10,normal,seed7,284,456.0
hpmcounter10,normal,seed7,285,456.0
hpmcounter10,normal,seed7,286,456.0
hpmcounter10,normal,seed7,287,456.0
hpmcounter10,normal,seed7,288,456.0
hpmcounter10,normal,seed7,289,456.0
hpmcounter10,normal,seed7,290,456.0
hpmcounter10,normal,seed7,291,456.0
hpmcounter10,normal,seed7,292,456.0
hpmcounter10,normal,seed7,293,456.0
hpmcounter10,normal,seed7,294,456.0
hpmcounter10,normal,seed7,295,456.0
hpmcounter10,normal,seed7,296,456.0
hpmcounter10,normal,seed7,297,456.0
hpmcounter10,normal,seed7,298,456.0
hpmcounter10,normal,seed8,9,455.0
hpmcounter10,normal,seed8,10,455.0
hpmcounter10,normal,seed8,11,455.05454545454546
hpmcounter10,normal,seed8,12,455.1515151515151
hpmcounter10,normal,seed8,13,455.27878787878785
hpmcounter10,normal,seed8,14,455.42424242424244
hpmcounter10,normal,seed8,15,455.57575757575756
hpmcounter10,normal,seed8,16,455.72121212121215
hpmcounter10,normal,seed8,17,455.8484848484849
hpmcounter10,normal,seed8,18,455.94545454545454
hpmcounter10,normal,seed8,19,456.0
hpmcounter10,normal,seed8,20,456.0
hpmcounter10,normal,seed8,21,456.0
hpmcounter10,normal,seed8,22,456.0
hpmcounter10,normal,seed8,23,456.0
hpmcounter10,normal,seed8,24,456.0
hpmcounter10,normal,seed8,25,456.0
hpmcounter10,normal,seed8,26,456.0
hpmcounter10,normal,seed8,27,456.0
hpmcounter10,normal,seed8,28,456.0
hpmcounter10,normal,seed8,29,456.0
hpmcounter10,normal,seed8,30,456.0
hpmcounter10,normal,seed8,31,456.0
hpmcounter10,normal,seed8,32,456.0
hpmcounter10,normal,seed8,33,456.0
hpmcounter10,normal,seed8,34,456.0
hpmcounter10,normal,seed8,35,456.0
hpmcounter10,normal,seed8,36,456.0
hpmcounter10,normal,seed8,37,456.0
hpmcounter10,normal,seed8,38,456.0
hpmcounter10,normal,seed8,39,456.0
hpmcounter10,normal,seed8,40,456.0
hpmcounter10,normal,seed8,41,456.0
hpmcounter10,normal,seed8,42,456.0
hpmcounter10,normal,seed8,43,456.0
hpmcounter10,normal,seed8,44,456.0
hpmcounter10,normal,seed8,45,456.0
hpmcounter10,normal,seed8,46,456.0
hpmcounter10,normal,seed8,47,456.0
hpmcounter10,normal,seed8,48,456.0
hpmcounter10,normal,seed8,49,456.0
hpmcounter10,normal,seed8,50,456.0
hpmcounter10,normal,seed8,51,456.0
hpmcounter10,normal,seed8,52,456.0
hpmcounter10,normal,seed8,53,456.0
hpmcounter10,normal,seed8,54,456.0
hpmcounter10,normal,seed8,55,456.0
hpmcounter10,normal,seed8,56,459.0
hpmcounter10,normal,seed8,57,464.3333333333333
hpmcounter10,normal,seed8,58,471.3333333333333
hpmcounter10,normal,seed8,59,476.3333333333333
hpmcounter10,normal,seed8,60,479.3333333333333
hpmcounter10,normal,seed8,61,483.3333333333333
hpmcounter10,normal,seed8,62,487.6121212121212
hpmcounter10,normal,seed8,63,488.56969696969696
hpmcounter10,normal,seed8,64,486.2060606060606
hpmcounter10,normal,seed8,65,480.5212121212121
hpmcounter10,normal,seed8,66,475.1818181818182
hpmcounter10,normal,seed8,67,470.8545454545455
hpmcounter10,normal,seed8,68,468.2060606060606
hpmcounter10,normal,seed8,69,464.23636363636365
hpmcounter10,normal,seed8,70,458.94545454545454
hpmcounter10,normal,seed8,71,456.0
hpmcounter10,normal,seed8,72,456.0
hpmcounter10,normal,seed8,73,456.0
hpmcounter10,normal,seed8,74,456.0
hpmcounter10,normal,seed8,75,456.0
hpmcounter10,normal,seed8,76,456.0
hpmcounter10,normal,seed8,77,459.0
hpmcounter10,normal,seed8,78,461.3333333333333
hpmcounter10,normal,seed8,79,463.0
hpmcounter10,normal,seed8,80,464.0
hpmcounter10,normal,seed8,81,464.3333333333333
hpmcounter10,normal,seed8,82,464.0
hpmcounter10,normal,seed8,83,463.0
hpmcounter10,normal,seed8,84,461.3333333333333
hpmcounter10,normal,seed8,85,459.0
hpmcounter10,normal,seed8,86,456.0
hpmcounter10,normal,seed8,87,456.0
hpmcounter10,normal,seed8,88,456.0
hpmcounter10,normal,seed8,89,456.0
hpmcounter10,normal,seed8,90,456.0
hpmcounter10,normal,seed8,91,456.0
hpmcounter10,normal,seed8,92,456.0
hpmcounter10,normal,seed8,93,456.0
hpmcounter10,normal,seed8,94,456.0
hpmcounter10,normal,seed8,95,456.0
hpmcounter10,normal,seed8,96,456.0
hpmcounter10,normal,seed8,97,456.0
hpmcounter10,normal,seed8,98,456.0
hpmcounter10,normal,seed8,99,456.0
hpmcounter10,normal,seed8,100,456.0
hpmcounter10,normal,seed8,101,456.0
hpmcounter10,normal,seed8,102,456.0
hpmcounter10,normal,seed8,103,456.0
hpmcounter10,normal,seed8,104,456.0
hpmcounter10,normal,seed8,105,456.0
hpmcounter10,normal,seed8,106,456.0
hpmcounter10,normal,seed8,107,456.0
hpmcounter10,normal,seed8,108,456.0
hpmcounter10,normal,seed8,109,456.0
hpmcounter10,normal,seed8,110,456.0
hpmcounter10,normal,seed8,111,456.0
hpmcounter10,normal,seed8,112,456.0
hpmcounter10,normal,seed8,113,456.0
hpmcounter10,normal,seed8,114,456.0
hpmcounter10,normal,seed8,115,456.0
hpmcounter10,normal,seed8,116,456.0
hpmcounter10,normal,seed8,117,456.0
hpmcounter10,normal,seed8,118,456.0
hpmcounter10,normal,seed8,119,456.0
hpmcounter10,normal,seed8,120,456.0
hpmcounter10,normal,seed8,121,456.0
hpmcounter10,normal,seed8,122,456.0
hpmcounter10,normal,seed8,123,456.0
hpmcounter10,normal,seed8,124,456.0
hpmcounter10,normal,seed8,125,456.0
hpmcounter10,normal,seed8,126,456.0
hpmcounter10,normal,seed8,127,456.0
hpmcounter10,normal,seed8,128,456.0
hpmcounter10,normal,seed8,129,456.0
hpmcounter10,normal,seed8,130,456.0
hpmcounter10,normal,seed8,131,456.0
hpmcounter10,normal,seed8,132,456.0
hpmcounter10,normal,seed8,133,456.0
hpmcounter10,normal,seed8,134,456.0
hpmcounter10,normal,seed8,135,456.0
hpmcounter10,normal,seed8,136,456.0
hpmcounter10,normal,seed8,137,456.0
hpmcounter10,normal,seed8,138,459.0
hpmcounter10,normal,seed8,139,464.3333333333333
hpmcounter10,normal,seed8,140,471.3333333333333
hpmcounter10,normal,seed8,141,479.3333333333333
hpmcounter10,normal,seed8,142,487.6666666666667
hpmcounter10,normal,seed8,143,495.6666666666667
hpmcounter10,normal,seed8,144,502.6666666666667
hpmcounter10,normal,seed8,145,507.94545454545454
hpmcounter10,normal,seed8,146,507.9030303030303
hpmcounter10,normal,seed8,147,502.53939393939396
hpmcounter10,normal,seed8,148,495.5212121212121
hpmcounter10,normal,seed8,149,487.5151515151515
hpmcounter10,normal,seed8,150,479.1878787878788
hpmcounter10,normal,seed8,151,471.2060606060606
hpmcounter10,normal,seed8,152,464.23636363636365
hpmcounter10,normal,seed8,153,458.94545454545454
hpmcounter10,normal,seed8,154,456.0
hpmcounter10,normal,seed8,155,456.0
hpmcounter10,normal,seed8,156,456.0
hpmcounter10,normal,seed8,157,456.0
hpmcounter10,normal,seed8,158,456.0
hpmcounter10,normal,seed8,159,456.0
hpmcounter10,normal,seed8,160,456.0
hpmcounter10,normal,seed8,161,456.0
hpmcounter10,normal,seed8,162,456.0
hpmcounter10,normal,seed8,163,456.0
hpmcounter10,normal,seed8,164,456.0
hpmcounter10,normal,seed8,165,456.0
hpmcounter10,normal,seed8,166,456.0
hpmcounter10,normal,seed8,167,456.0
hpmcounter10,normal,seed8,168,456.0
hpmcounter10,normal,seed8,169,456.0
hpmcounter10,normal,seed8,170,456.0
hpmcounter10,normal,seed8,171,456.0
hpmcounter10,normal,seed8,172,456.0
hpmcounter10,normal,seed8,173,456.0
hpmcounter10,normal,seed8,174,456.0
hpmcounter10,normal,seed8,175,456.0
hpmcounter10,normal,seed8,176,456.0
hpmcounter10,normal,seed8,177,456.0
hpmcounter10,normal,seed8,178,456.0
hpmcounter10,normal,seed8,179,456.0
hpmcounter10,normal,seed8,180,456.0
hpmcounter10,normal,seed8,181,456.0
hpmcounter10,normal,seed8,182,456.0
hpmcounter10,normal,seed8,183,456.0
hpmcounter10,normal,seed8,184,456.0
hpmcounter10,normal,seed8,185,456.0
hpmcounter10,normal,seed8,186,456.0
hpmcounter10,normal,seed8,187,456.0
hpmcounter10,normal,seed8,188,456.0
hpmcounter10,normal,seed8,189,456.0
hpmcounter10,normal,seed8,190,456.0
hpmcounter10,normal,seed8,191,456.0
hpmcounter10,normal,seed8,192,456.0
hpmcounter10,normal,seed8,193,456.0
hpmcounter10,normal,seed8,194,456.0
hpmcounter10,normal,seed8,195,456.0
hpmcounter10,normal,seed8,196,456.0
hpmcounter10,normal,seed8,197,456.0
hpmcounter10,normal,seed8,198,456.0
hpmcounter10,normal,seed8,199,456.0
hpmcounter10,normal,seed8,200,456.0
hpmcounter10,normal,seed8,201,456.0
hpmcounter10,normal,seed8,202,456.0
hpmcounter10,normal,seed8,203,456.0
hpmcounter10,normal,seed8,204,456.0
hpmcounter10,normal,seed8,205,456.0
hpmcounter10,normal,seed8,206,456.0
hpmcounter10,normal,seed8,207,456.0
hpmcounter10,normal,seed8,208,456.0
hpmcounter10,normal,seed8,209,456.0
hpmcounter10,normal,seed8,210,456.0
hpmcounter10,normal,seed8,211,456.0
hpmcounter10,normal,seed8,212,456.0
hpmcounter10,normal,seed8,213,456.0
hpmcounter10,normal,seed8,214,456.0
hpmcounter10,normal,seed8,215,456.0
hpmcounter10,normal,seed8,216,456.0
hpmcounter10,normal,seed8,217,456.0
hpmcounter10,normal,seed8,218,456.0
hpmcounter10,normal,seed8,219,456.0
hpmcounter10,normal,seed8,220,456.0
hpmcounter10,normal,seed8,221,456.0
hpmcounter10,normal,seed8,222,456.0
hpmcounter10,normal,seed8,223,456.0
hpmcounter10,normal,seed8,224,456.0
hpmcounter10,normal,seed8,225,456.0
hpmcounter10,normal,seed8,226,456.0
hpmcounter10,normal,seed8,227,456.0
hpmcounter10,normal,seed8,228,456.0
hpmcounter10,normal,seed8,229,456.0
hpmcounter10,normal,seed8,230,456.0
hpmcounter10,normal,seed8,231,456.0
hpmcounter10,normal,seed8,232,456.0
hpmcounter10,normal,seed8,233,456.0
hpmcounter10,normal,seed8,234,456.0
hpmcounter10,normal,seed8,235,456.0
hpmcounter10,normal,seed8,236,456.0
hpmcounter10,normal,seed8,237,456.0
hpmcounter10,normal,seed8,238,456.0
hpmcounter10,normal,seed8,239,456.0
hpmcounter10,normal,seed8,240,456.0
hpmcounter10,normal,seed8,241,456.0
hpmcounter10,normal,seed8,242,456.0
hpmcounter10,normal,seed8,243,456.0
hpmcounter10,normal,seed8,244,456.0
hpmcounter10,normal,seed8,245,456.0
hpmcounter10,normal,seed8,246,456.0
hpmcounter10,normal,seed8,247,456.0
hpmcounter10,normal,seed8,248,456.0
hpmcounter10,normal,seed8,249,456.0
hpmcounter10,normal,seed8,250,456.0
hpmcounter10,normal,seed8,251,456.0
hpmcounter10,normal,seed8,252,456.0
hpmcounter10,normal,seed8,253,456.0
hpmcounter10,normal,seed8,254,456.0
hpmcounter10,normal,seed8,255,456.0
hpmcounter10,normal,seed8,256,456.0
hpmcounter10,normal,seed8,257,456.0
hpmcounter10,normal,seed8,258,456.0
hpmcounter10,normal,seed8,259,456.0
hpmcounter10,normal,seed8,260,456.0
hpmcounter10,normal,seed8,261,456.0
hpmcounter10,normal,seed8,262,456.0
hpmcounter10,normal,seed8,263,456.0
hpmcounter10,normal,seed8,264,456.0
hpmcounter10,normal,seed8,265,456.0
hpmcounter10,normal,seed8,266,456.0
hpmcounter10,normal,seed8,267,456.0
hpmcounter10,normal,seed8,268,456.0
hpmcounter10,normal,seed8,269,456.0
hpmcounter10,normal,seed8,270,456.0
hpmcounter10,normal,seed8,271,456.0
hpmcounter10,normal,seed8,272,456.0
hpmcounter10,normal,seed8,273,456.0
hpmcounter10,normal,seed8,274,456.0
hpmcounter10,normal,seed8,275,456.0
hpmcounter10,normal,seed8,276,456.0
hpmcounter10,normal,seed8,277,456.0
hpmcounter10,normal,seed8,278,456.0
hpmcounter10,normal,seed8,279,456.0
hpmcounter10,normal,seed8,280,456.0
hpmcounter10,normal,seed8,281,456.0
hpmcounter10,normal,seed8,282,456.0
hpmcounter10,normal,seed8,283,456.0
hpmcounter10,normal,seed8,284,456.0
hpmcounter10,normal,seed8,285,456.0
hpmcounter10,normal,seed8,286,456.0
hpmcounter10,normal,seed8,287,456.0
hpmcounter10,normal,seed8,288,456.0
hpmcounter10,normal,seed8,289,456.0
hpmcounter10,normal,seed8,290,456.0
hpmcounter10,normal,seed8,291,456.0
hpmcounter10,normal,seed8,292,456.0
hpmcounter10,normal,seed8,293,456.0
hpmcounter10,normal,seed8,294,456.0
hpmcounter10,normal,seed8,295,456.0
hpmcounter10,normal,seed8,296,456.0
hpmcounter10,normal,seed8,297,456.0
hpmcounter10,normal,seed8,298,456.0
hpmcounter10,normal,seed9,9,455.0
hpmcounter10,normal,seed9,10,455.0
hpmcounter10,normal,seed9,11,455.05454545454546
hpmcounter10,normal,seed9,12,455.1515151515151
hpmcounter10,normal,seed9,13,455.27878787878785
hpmcounter10,normal,seed9,14,455.42424242424244
hpmcounter10,normal,seed9,15,455.57575757575756
hpmcounter10,normal,seed9,16,455.72121212121215
hpmcounter10,normal,seed9,17,455.8484848484849
hpmcounter10,normal,seed9,18,455.94545454545454
hpmcounter10,normal,seed9,19,456.0
hpmcounter10,normal,seed9,20,456.0
hpmcounter10,normal,seed9,21,456.0
hpmcounter10,normal,seed9,22,456.0
hpmcounter10,normal,seed9,23,456.0
hpmcounter10,normal,seed9,24,456.0
hpmcounter10,normal,seed9,25,456.0
hpmcounter10,normal,seed9,26,456.0
hpmcounter10,normal,seed9,27,456.0
hpmcounter10,normal,seed9,28,456.0
hpmcounter10,normal,seed9,29,456.0
hpmcounter10,normal,seed9,30,456.0
hpmcounter10,normal,seed9,31,456.0
hpmcounter10,normal,seed9,32,456.0
hpmcounter10,normal,seed9,33,456.0
hpmcounter10,normal,seed9,34,456.0
hpmcounter10,normal,seed9,35,456.0
hpmcounter10,normal,seed9,36,456.0
hpmcounter10,normal,seed9,37,456.0
hpmcounter10,normal,seed9,38,456.0
hpmcounter10,normal,seed9,39,456.0
hpmcounter10,normal,seed9,40,456.0
hpmcounter10,normal,seed9,41,456.0
hpmcounter10,normal,seed9,42,456.0
hpmcounter10,normal,seed9,43,456.0
hpmcounter10,normal,seed9,44,456.0
hpmcounter10,normal,seed9,45,456.0
hpmcounter10,normal,seed9,46,456.0
hpmcounter10,normal,seed9,47,456.0
hpmcounter10,normal,seed9,48,456.0
hpmcounter10,normal,seed9,49,456.0
hpmcounter10,normal,seed9,50,456.0
hpmcounter10,normal,seed9,51,456.0
hpmcounter10,normal,seed9,52,456.0
hpmcounter10,normal,seed9,53,456.0
hpmcounter10,normal,seed9,54,456.0
hpmcounter10,normal,seed9,55,456.0
hpmcounter10,normal,seed9,56,456.0
hpmcounter10,normal,seed9,57,456.0
hpmcounter10,normal,seed9,58,456.0
hpmcounter10,normal,seed9,59,456.0
hpmcounter10,normal,seed9,60,456.0
hpmcounter10,normal,seed9,61,456.0
hpmcounter10,normal,seed9,62,456.0
hpmcounter10,normal,seed9,63,456.0
hpmcounter10,normal,seed9,64,456.0
hpmcounter10,normal,seed9,65,456.0
hpmcounter10,normal,seed9,66,456.0
hpmcounter10,normal,seed9,67,456.0
hpmcounter10,normal,seed9,68,456.0
hpmcounter10,normal,seed9,69,456.0
hpmcounter10,normal,seed9,70,456.0
hpmcounter10,normal,seed9,71,456.0
hpmcounter10,normal,seed9,72,456.0
hpmcounter10,normal,seed9,73,456.0
hpmcounter10,normal,seed9,74,456.0
hpmcounter10,normal,seed9,75,456.0
hpmcounter10,normal,seed9,76,459.0
hpmcounter10,normal,seed9,77,464.3333333333333
hpmcounter10,normal,seed9,78,471.3333333333333
hpmcounter10,normal,seed9,79,479.3333333333333
hpmcounter10,normal,seed9,80,484.6666666666667
hpmcounter10,normal,seed9,81,487.3333333333333
hpmcounter10,normal,seed9,82,487.3333333333333
hpmcounter10,normal,seed9,83,484.6666666666667
hpmcounter10,normal,seed9,84,479.3333333333333
hpmcounter10,normal,seed9,85,471.3333333333333
hpmcounter10,normal,seed9,86,464.3333333333333
hpmcounter10,normal,seed9,87,459.0
hpmcounter10,normal,seed9,88,456.0
hpmcounter10,normal,seed9,89,456.0
hpmcounter10,normal,seed9,90,456.0
hpmcounter10,normal,seed9,91,456.0
hpmcounter10,normal,seed9,92,456.0
hpmcounter10,normal,seed9,93,456.0
hpmcounter10,normal,seed9,94,456.0
hpmcounter10,normal,seed9,95,456.0
hpmcounter10,normal,seed9,96,456.0
hpmcounter10,normal,seed9,97,456.0
hpmcounter10,normal,seed9,98,456.0
hpmcounter10,normal,seed9,99,456.0
hpmcounter10,normal,seed9,100,456.0
hpmcounter10,normal,seed9,101,456.0
hpmcounter10,normal,seed9,102,456.0
hpmcounter10,normal,seed9,103,456.0
hpmcounter10,normal,seed9,104,456.0
hpmcounter10,normal,seed9,105,456.0
hpmcounter10,normal,seed9,106,456.0
hpmcounter10,normal,seed9,107,456.0
hpmcounter10,normal,seed9,108,456.0
hpmcounter10,normal,seed9,109,456.0
hpmcounter10,normal,seed9,110,456.0
hpmcounter10,normal,seed9,111,456.0
hpmcounter10,normal,seed9,112,456.0
hpmcounter10,normal,seed9,113,456.0
hpmcounter10,normal,seed9,114,456.0
hpmcounter10,normal,seed9,115,456.0
hpmcounter10,normal,seed9,116,456.0
hpmcounter10,normal,seed9,117,456.0
hpmcounter10,normal,seed9,118,456.0
hpmcounter10,normal,seed9,119,456.0
hpmcounter10,normal,seed9,120,456.0
hpmcounter10,normal,seed9,121,456.0
hpmcounter10,normal,seed9,122,456.0
hpmcounter10,normal,seed9,123,456.0
hpmcounter10,normal,seed9,124,456.0
hpmcounter10,normal,seed9,125,456.0
hpmcounter10,normal,seed9,126,456.0
hpmcounter10,normal,seed9,127,456.0
hpmcounter10,normal,seed9,128,456.0
hpmcounter10,normal,seed9,129,456.0
hpmcounter10,normal,seed9,130,456.0
hpmcounter10,normal,seed9,131,456.0
hpmcounter10,normal,seed9,132,456.0
hpmcounter10,normal,seed9,133,456.0
hpmcounter10,normal,seed9,134,456.0
hpmcounter10,normal,seed9,135,456.0
hpmcounter10,normal,seed9,136,456.0
hpmcounter10,normal,seed9,137,456.0
hpmcounter10,normal,seed9,138,456.0
hpmcounter10,normal,seed9,139,456.0
hpmcounter10,normal,seed9,140,456.0
hpmcounter10,normal,seed9,141,456.0
hpmcounter10,normal,seed9,142,456.0
hpmcounter10,normal,seed9,143,456.0
hpmcounter10,normal,seed9,144,456.0
hpmcounter10,normal,seed9,145,456.0
hpmcounter10,normal,seed9,146,456.0
hpmcounter10,normal,seed9,147,456.0
hpmcounter10,normal,seed9,148,456.0
hpmcounter10,normal,seed9,149,456.0
hpmcounter10,normal,seed9,150,456.0
hpmcounter10,normal,seed9,151,456.0
hpmcounter10,normal,seed9,152,456.0
hpmcounter10,normal,seed9,153,456.0
hpmcounter10,normal,seed9,154,456.0
hpmcounter10,normal,seed9,155,456.0
hpmcounter10,normal,seed9,156,459.0
hpmcounter10,normal,seed9,157,464.3333333333333
hpmcounter10,normal,seed9,158,471.3333333333333
hpmcounter10,normal,seed9,159,479.3333333333333
hpmcounter10,normal,seed9,160,487.6666666666667
hpmcounter10,normal,seed9,161,495.6666666666667
hpmcounter10,normal,seed9,162,499.6666666666667
hpmcounter10,normal,seed9,163,499.6666666666667
hpmcounter10,normal,seed9,164,495.6666666666667
hpmcounter10,normal,seed9,165,487.6666666666667
hpmcounter10,normal,seed9,166,479.3333333333333
hpmcounter10,normal,seed9,167,471.3333333333333
hpmcounter10,normal,seed9,168,464.3333333333333
hpmcounter10,normal,seed9,169,459.0
hpmcounter10,normal,seed9,170,456.0
hpmcounter10,normal,seed9,171,456.0
hpmcounter10,normal,seed9,172,456.0
hpmcounter10,normal,seed9,173,456.0
hpmcounter10,normal,seed9,174,456.0
hpmcounter10,normal,seed9,175,456.0
hpmcounter10,normal,seed9,176,456.0
hpmcounter10,normal,seed9,177,456.0
hpmcounter10,normal,seed9,178,456.0
hpmcounter10,normal,seed9,179,456.0
hpmcounter10,normal,seed9,180,456.0
hpmcounter10,normal,seed9,181,456.0
hpmcounter10,normal,seed9,182,456.0
hpmcounter10,normal,seed9,183,456.0
hpmcounter10,normal,seed9,184,456.0
hpmcounter10,normal,seed9,185,456.0
hpmcounter10,normal,seed9,186,456.0
hpmcounter10,normal,seed9,187,456.0
hpmcounter10,normal,seed9,188,456.0
hpmcounter10,normal,seed9,189,456.0
hpmcounter10,normal,seed9,190,456.0
hpmcounter10,normal,seed9,191,459.0
hpmcounter10,normal,seed9,192,464.3333333333333
hpmcounter10,normal,seed9,193,471.3333333333333
hpmcounter10,normal,seed9,194,479.3333333333333
hpmcounter10,normal,seed9,195,484.6666666666667
hpmcounter10,normal,seed9,196,487.3333333333333
hpmcounter10,normal,seed9,197,487.3333333333333
hpmcounter10,normal,seed9,198,484.6666666666667
hpmcounter10,normal,seed9,199,479.3333333333333
hpmcounter10,normal,seed9,200,471.3333333333333
hpmcounter10,normal,seed9,201,464.3333333333333
hpmcounter10,normal,seed9,202,459.0
hpmcounter10,normal,seed9,203,456.0
hpmcounter10,normal,seed9,204,456.0
hpmcounter10,normal,seed9,205,456.0
hpmcounter10,normal,seed9,206,456.0
hpmcounter10,normal,seed9,207,456.0
hpmcounter10,normal,seed9,208,456.0
hpmcounter10,normal,seed9,209,456.0
hpmcounter10,normal,seed9,210,456.0
hpmcounter10,normal,seed9,211,456.0
hpmcounter10,normal,seed9,212,456.0
hpmcounter10,normal,seed9,213,456.0
hpmcounter10,normal,seed9,214,456.0
hpmcounter10,normal,seed9,215,456.0
hpmcounter10,normal,seed9,216,456.0
hpmcounter10,normal,seed9,217,456.0
hpmcounter10,normal,seed9,218,456.0
hpmcounter10,normal,seed9,219,456.0
hpmcounter10,normal,seed9,220,456.0
hpmcounter10,normal,seed9,221,456.0
hpmcounter10,normal,seed9,222,456.0
hpmcounter10,normal,seed9,223,456.0
hpmcounter10,normal,seed9,224,456.0
hpmcounter10,normal,seed9,225,456.0
hpmcounter10,normal,seed9,226,456.0
hpmcounter10,normal,seed9,227,456.0
hpmcounter10,normal,seed9,228,456.0
hpmcounter10,normal,seed9,229,456.0
hpmcounter10,normal,seed9,230,456.0
hpmcounter10,normal,seed9,231,456.0
hpmcounter10,normal,seed9,232,456.0
hpmcounter10,normal,seed9,233,456.0
hpmcounter10,normal,seed9,234,456.0
hpmcounter10,normal,seed9,235,456.0
hpmcounter10,normal,seed9,236,456.0
hpmcounter10,normal,seed9,237,456.0
hpmcounter10,normal,seed9,238,456.0
hpmcounter10,normal,seed9,239,456.0
hpmcounter10,normal,seed9,240,456.0
hpmcounter10,normal,seed9,241,456.0
hpmcounter10,normal,seed9,242,456.0
hpmcounter10,normal,seed9,243,456.0
hpmcounter10,normal,seed9,244,456.0
hpmcounter10,normal,seed9,245,456.0
hpmcounter10,normal,seed9,246,456.0
hpmcounter10,normal,seed9,247,456.0
hpmcounter10,normal,seed9,248,456.0
hpmcounter10,normal,seed9,249,456.0
hpmcounter10,normal,seed9,250,456.0
hpmcounter10,normal,seed9,251,456.0
hpmcounter10,normal,seed9,252,456.0
hpmcounter10,normal,seed9,253,456.0
hpmcounter10,normal,seed9,254,456.0
hpmcounter10,normal,seed9,255,456.0
hpmcounter10,normal,seed9,256,456.0
hpmcounter10,normal,seed9,257,456.0
hpmcounter10,normal,seed9,258,456.0
hpmcounter10,normal,seed9,259,456.0
hpmcounter10,normal,seed9,260,456.0
hpmcounter10,normal,seed9,261,456.0
hpmcounter10,normal,seed9,262,456.0
hpmcounter10,normal,seed9,263,456.0
hpmcounter10,normal,seed9,264,456.0
hpmcounter10,normal,seed9,265,456.0
hpmcounter10,normal,seed9,266,456.0
hpmcounter10,normal,seed9,267,456.0
hpmcounter10,normal,seed9,268,456.0
hpmcounter10,normal,seed9,269,456.0
hpmcounter10,normal,seed9,270,456.0
hpmcounter10,normal,seed9,271,456.0
hpmcounter10,normal,seed9,272,456.0
hpmcounter10,normal,seed9,273,456.0
hpmcounter10,normal,seed9,274,456.0
hpmcounter10,normal,seed9,275,456.0
hpmcounter10,normal,seed9,276,456.0
hpmcounter10,normal,seed9,277,456.0
hpmcounter10,normal,seed9,278,456.0
hpmcounter10,normal,seed9,279,456.0
hpmcounter10,normal,seed9,280,456.0
hpmcounter10,normal,seed9,281,456.0
hpmcounter10,normal,seed9,282,456.0
hpmcounter10,normal,seed9,283,456.0
hpmcounter10,normal,seed9,284,456.0
hpmcounter10,normal,seed9,285,456.0
hpmcounter10,normal,seed9,286,456.0
hpmcounter10,normal,seed9,287,456.0
hpmcounter10,normal,seed9,288,456.0
hpmcounter10,normal,seed9,289,456.0
hpmcounter10,normal,seed9,290,456.0
hpmcounter10,normal,seed9,291,456.0
hpmcounter10,normal,seed9,292,456.0
hpmcounter10,normal,seed9,293,456.0
hpmcounter10,normal,seed9,294,456.0
hpmcounter10,normal,seed9,295,456.0
hpmcounter10,normal,seed9,296,456.0
hpmcounter10,normal,seed9,297,456.0
hpmcounter10,normal,seed9,298,456.0
hpmcounter3,drift,seed1,9,9016.181818181818
hpmcounter3,drift,seed1,10,9015.733333333334
hpmcounter3,drift,seed1,11,9015.70303030303
hpmcounter3,drift,seed1,12,9016.248484848486
hpmcounter3,drift,seed1,13,9017.084848484848
hpmcounter3,drift,seed1,14,9018.315151515151
hpmcounter3,drift,seed1,15,9019.854545454546
hpmcounter3,drift,seed1,16,9021.527272727273
hpmcounter3,drift,seed1,17,9023.078787878789
hpmcounter3,drift,seed1,18,9024.036363636364
hpmcounter3,drift,seed1,19,9024.545454545454
hpmcounter3,drift,seed1,20,9024.593939393939
hpmcounter3,drift,seed1,21,9024.569696969696
hpmcounter3,drift,seed1,22,9024.581818181818
hpmcounter3,drift,seed1,23,9024.630303030302
hpmcounter3,drift,seed1,24,9024.636363636364
hpmcounter3,drift,seed1,25,9024.557575757575
hpmcounter3,drift,seed1,26,9024.387878787878
hpmcounter3,drift,seed1,27,9024.242424242424
hpmcounter3,drift,seed1,28,9023.987878787879
hpmcounter3,drift,seed1,29,9023.709090909091
hpmcounter3,drift,seed1,30,9023.375757575757
hpmcounter3,drift,seed1,31,9023.103030303031
hpmcounter3,drift,seed1,32,9022.80606060606
hpmcounter3,drift,seed1,33,9022.751515151514
hpmcounter3,drift,seed1,34,9022.842424242424
hpmcounter3,drift,seed1,35,9022.848484848484
hpmcounter3,drift,seed1,36,9022.81212121212
hpmcounter3,drift,seed1,37,9022.654545454545
hpmcounter3,drift,seed1,38,9022.69696969697
hpmcounter3,drift,seed1,39,9022.842424242424
hpmcounter3,drift,seed1,40,9022.90303030303
hpmcounter3,drift,seed1,41,9022.757575757576
hpmcounter3,drift,seed1,42,9022.484848484848
hpmcounter3,drift,seed1,43,9022.339393939394
hpmcounter3,drift,seed1,44,9022.430303030304
hpmcounter3,drift,seed1,45,9022.436363636363
hpmcounter3,drift,seed1,46,9022.436363636363
hpmcounter3,drift,seed1,47,9022.387878787878
hpmcounter3,drift,seed1,48,9022.466666666667
hpmcounter3,drift,seed1,49,9022.333333333334
hpmcounter3,drift,seed1,50,9022.212121212122
hpmcounter3,drift,seed1,51,9022.036363636364
hpmcounter3,drift,seed1,52,9021.89090909091
hpmcounter3,drift,seed1,53,9021.763636363636
hpmcounter3,drift,seed1,54,9021.866666666667
hpmcounter3,drift,seed1,55,9021.763636363636
hpmcounter3,drift,seed1,56,9021.927272727273
hpmcounter3,drift,seed1,57,9021.860606060605
hpmcounter3,drift,seed1,58,9021.854545454546
hpmcounter3,drift,seed1,59,9021.557575757575
hpmcounter3,drift,seed1,60,9021.254545454545
hpmcounter3,drift,seed1,61,9020.848484848484
hpmcounter3,drift,seed1,62,9020.79393939394
hpmcounter3,drift,seed1,63,9240.121212121212
hpmcounter3,drift,seed1,64,9410.830303030303
hpmcounter3,drift,seed1,65,9532.763636363636
hpmcounter3,drift,seed1,66,9606.448484848484
hpmcounter3,drift,seed1,67,9631.103030303031
hpmcounter3,drift,seed1,68,9607.054545454546
hpmcounter3,drift,seed1,69,9534.145454545454
hpmcounter3,drift,seed1,70,9412.484848484848
hpmcounter3,drift,seed1,71,9241.969696969696
hpmcounter3,drift,seed1,72,9022.860606060605
hpmcounter3,drift,seed1,73,9022.915151515152
hpmcounter3,drift,seed1,74,9022.915151515152
hpmcounter3,drift,seed1,75,9022.927272727273
hpmcounter3,drift,seed1,76,9023.084848484848
hpmcounter3,drift,seed1,77,9023.012121212121
hpmcounter3,drift,seed1,78,9023.006060606062
hpmcounter3,drift,seed1,79,9022.836363636363
hpmcounter3,drift,seed1,80,9022.460606060606
hpmcounter3,drift,seed1,81,9022.212121212122
hpmcounter3,drift,seed1,82,9022.006060606062
hpmcounter3,drift,seed1,83,9021.636363636364
hpmcounter3,drift,seed1,84,9021.369696969698
hpmcounter3,drift,seed1,85,9020.824242424242
hpmcounter3,drift,seed1,86,9020.424242424242
hpmcounter3,drift,seed1,87,9020.084848484848
hpmcounter3,drift,seed1,88,9019.951515151515
hpmcounter3,drift,seed1,89,9020.024242424242
hpmcounter3,drift,seed1,90,9020.157575757576
hpmcounter3,drift,seed1,91,9020.460606060606
hpmcounter3,drift,seed1,92,9021.030303030304
hpmcounter3,drift,seed1,93,9021.521212121212
hpmcounter3,drift,seed1,94,9021.987878787879
hpmcounter3,drift,seed1,95,9022.054545454546
hpmcounter3,drift,seed1,96,9021.830303030303
hpmcounter3,drift,seed1,97,9021.50303030303
hpmcounter3,drift,seed1,98,9021.072727272727
hpmcounter3,drift,seed1,99,9020.848484848484
hpmcounter3,drift,seed1,100,9020.818181818182
hpmcounter3,drift,seed1,101,9020.848484848484
hpmcounter3,drift,seed1,102,9021.139393939395
hpmcounter3,drift,seed1,103,9021.690909090908
hpmcounter3,drift,seed1,104,9022.387878787878
hpmcounter3,drift,seed1,105,9022.939393939394
hpmcounter3,drift,seed1,106,9023.18787878788
hpmcounter3,drift,seed1,107,9023.50303030303
hpmcounter3,drift,seed1,108,9023.539393939394
hpmcounter3,drift,seed1,109,9023.636363636364
hpmcounter3,drift,seed1,110,9023.727272727272
hpmcounter3,drift,seed1,111,9023.636363636364
hpmcounter3,drift,seed1,112,9023.472727272727
hpmcounter3,drift,seed1,113,9023.084848484848
hpmcounter3,drift,seed1,114,9022.951515151515
hpmcounter3,drift,seed1,115,9022.721212121212
hpmcounter3,drift,seed1,116,9022.39393939394
hpmcounter3,drift,seed1,117,9022.236363636364
hpmcounter3,drift,seed1,118,9022.084848484848
hpmcounter3,drift,seed1,119,9021.963636363636
hpmcounter3,drift,seed1,120,9021.690909090908
hpmcounter3,drift,seed1,121,9021.478787878788
hpmcounter3,drift,seed1,122,9021.351515151515
hpmcounter3,drift,seed1,123,9020.848484848484
hpmcounter3,drift,seed1,124,9020.69696969697
hpmcounter3,drift,seed1,125,9020.709090909091
hpmcounter3,drift,seed1,126,9020.818181818182
hpmcounter3,drift,seed1,127,9021.024242424242
hpmcounter3,drift,seed1,128,9021.28484848485
hpmcounter3,drift,seed1,129,9021.381818181819
hpmcounter3,drift,seed1,130,9021.466666666667
hpmcounter3,drift,seed1,131,9021.624242424243
hpmcounter3,drift,seed1,132,9021.939393939394
hpmcounter3,drift,seed1,133,9022.042424242425
hpmcounter3,drift,seed1,134,9022.381818181819
hpmcounter3,drift,seed1,135,9022.769696969697
hpmcounter3,drift,seed1,136,9023.19393939394
hpmcounter3,drift,seed1,137,9023.521212121212
hpmcounter3,drift,seed1,138,9023.727272727272
hpmcounter3,drift,seed1,139,9023.478787878788
hpmcounter3,drift,seed1,140,9023.315151515151
hpmcounter3,drift,seed1,141,9023.048484848485
hpmcounter3,drift,seed1,142,9022.933333333332
hpmcounter3,drift,seed1,143,9022.642424242424
hpmcounter3,drift,seed1,144,9022.345454545455
hpmcounter3,drift,seed1,145,9021.80606060606
hpmcounter3,drift,seed1,146,9021.381818181819
hpmcounter3,drift,seed1,147,9021.248484848486
hpmcounter3,drift,seed1,148,9021.763636363636
hpmcounter3,drift,seed1,149,9021.975757575758
hpmcounter3,drift,seed1,150,9022.369696969698
hpmcounter3,drift,seed1,151,9022.551515151516
hpmcounter3,drift,seed1,152,9022.963636363636
hpmcounter3,drift,seed1,153,9023.381818181819
hpmcounter3,drift,seed1,154,9023.636363636364
hpmcounter3,drift,seed1,155,9023.49090909091
hpmcounter3,drift,seed1,156,9023.357575757576
hpmcounter3,drift,seed1,157,9023.278787878788
hpmcounter3,drift,seed1,158,9023.624242424243
hpmcounter3,drift,seed1,159,9023.70303030303
hpmcounter3,drift,seed1,160,9023.648484848485
hpmcounter3,drift,seed1,161,9242.163636363637
hpmcounter3,drift,seed1,162,9630.684848484849
hpmcounter3,drift,seed1,163,10140.230303030303
hpmcounter3,drift,seed1,164,10722.327272727272
hpmcounter3,drift,seed1,165,11328.260606060607
hpmcounter3,drift,seed1,166,11909.957575757575
hpmcounter3,drift,seed1,167,12418.727272727272
hpmcounter3,drift,seed1,168,12806.09696969697
hpmcounter3,drift,seed1,169,13023.418181818182
hpmcounter3,drift,seed1,170,12803.915151515152
hpmcounter3,drift,seed1,171,12415.321212121213
hpmcounter3,drift,seed1,172,11906.18787878788
hpmcounter3,drift,seed1,173,11324.418181818182
hpmcounter3,drift,seed1,174,10718.672727272728
hpmcounter3,drift,seed1,175,10137.224242424243
hpmcounter3,drift,seed1,176,9628.248484848486
hpmcounter3,drift,seed1,177,9240.278787878788
hpmcounter3,drift,seed1,178,9022.066666666668
hpmcounter3,drift,seed1,179,9022.072727272727
hpmcounter3,drift,seed1,180,9022.121212121212
hpmcounter3,drift,seed1,181,9022.042424242425
hpmcounter3,drift,seed1,182,9022.18787878788
hpmcounter3,drift,seed1,183,9022.545454545454
hpmcounter3,drift,seed1,184,9022.927272727273
hpmcounter3,drift,seed1,185,9023.533333333333
hpmcounter3,drift,seed1,186,9023.690909090908
hpmcounter3,drift,seed1,187,9023.484848484848
hpmcounter3,drift,seed1,188,9023.29696969697
hpmcounter3,drift,seed1,189,9022.951515151515
hpmcounter3,drift,seed1,190,9022.781818181818
hpmcounter3,drift,seed1,191,9022.666666666666
hpmcounter3,drift,seed1,192,9022.442424242425
hpmcounter3,drift,seed1,193,9022.345454545455
hpmcounter3,drift,seed1,194,9022.224242424243
hpmcounter3,drift,seed1,195,9022.266666666666
hpmcounter3,drift,seed1,196,9022.381818181819
hpmcounter3,drift,seed1,197,9022.41212121212
hpmcounter3,drift,seed1,198,9022.557575757575
hpmcounter3,drift,seed1,199,9022.521212121212
hpmcounter3,drift,seed1,200,9022.545454545454
hpmcounter3,drift,seed1,201,9022.763636363636
hpmcounter3,drift,seed1,202,9022.854545454546
hpmcounter3,drift,seed1,203,9022.90303030303
hpmcounter3,drift,seed1,204,9022.939393939394
hpmcounter3,drift,seed1,205,9022.896969696969
hpmcounter3,drift,seed1,206,9022.878787878788
hpmcounter3,drift,seed1,207,9022.90909090909
hpmcounter3,drift,seed1,208,9022.8
hpmcounter3,drift,seed1,209,9022.563636363637
hpmcounter3,drift,seed1,210,9022.266666666666
hpmcounter3,drift,seed1,211,9021.933333333332
hpmcounter3,drift,seed1,212,9021.709090909091
hpmcounter3,drift,seed1,213,9021.387878787878
hpmcounter3,drift,seed1,214,9021.042424242425
hpmcounter3,drift,seed1,215,9020.721212121212
hpmcounter3,drift,seed1,216,9020.315151515151
hpmcounter3,drift,seed1,217,9020.145454545454
hpmcounter3,drift,seed1,218,9019.939393939394
hpmcounter3,drift,seed1,219,9019.884848484848
hpmcounter3,drift,seed1,220,9020.09090909091
hpmcounter3,drift,seed1,221,9020.30303030303
hpmcounter3,drift,seed1,222,9020.981818181817
hpmcounter3,drift,seed1,223,9021.430303030304
hpmcounter3,drift,seed1,224,9021.678787878787
hpmcounter3,drift,seed1,225,9021.71515151515
hpmcounter3,drift,seed1,226,9021.60606060606
hpmcounter3,drift,seed1,227,9021.472727272727
hpmcounter3,drift,seed1,228,9021.127272727274
hpmcounter3,drift,seed1,229,9020.757575757576
hpmcounter3,drift,seed1,230,9020.454545454546
hpmcounter3,drift,seed1,231,9020.121212121212
hpmcounter3,drift,seed1,232,9020.048484848485
hpmcounter3,drift,seed1,233,9019.866666666667
hpmcounter3,drift,seed1,234,9019.830303030303
hpmcounter3,drift,seed1,235,9019.969696969696
hpmcounter3,drift,seed1,236,9020.290909090909
hpmcounter3,drift,seed1,237,9020.70303030303
hpmcounter3,drift,seed1,238,9020.8
hpmcounter3,drift,seed1,239,9021.066666666668
hpmcounter3,drift,seed1,240,9021.345454545455
hpmcounter3,drift,seed1,241,9021.612121212122
hpmcounter3,drift,seed1,242,9021.775757575757
hpmcounter3,drift,seed1,243,9021.624242424243
hpmcounter3,drift,seed1,244,9021.660606060606
hpmcounter3,drift,seed1,245,9240.80606060606
hpmcounter3,drift,seed1,246,9629.709090909091
hpmcounter3,drift,seed1,247,10139.860606060605
hpmcounter3,drift,seed1,248,10503.981818181817
hpmcounter3,drift,seed1,249,10722.41212121212
hpmcounter3,drift,seed1,250,10794.89090909091
hpmcounter3,drift,seed1,251,10722.012121212121
hpmcounter3,drift,seed1,252,10503.648484848485
hpmcounter3,drift,seed1,253,10139.551515151516
hpmcounter3,drift,seed1,254,9629.939393939394
hpmcounter3,drift,seed1,255,9242.236363636364
hpmcounter3,drift,seed1,256,9024.10909090909
hpmcounter3,drift,seed1,257,9024.09090909091
hpmcounter3,drift,seed1,258,9023.927272727273
hpmcounter3,drift,seed1,259,9023.454545454546
hpmcounter3,drift,seed1,260,9022.593939393939
hpmcounter3,drift,seed1,261,9021.963636363636
hpmcounter3,drift,seed1,262,9021.460606060606
hpmcounter3,drift,seed1,263,9021.212121212122
hpmcounter3,drift,seed1,264,9021.18787878788
hpmcounter3,drift,seed1,265,9021.454545454546
hpmcounter3,drift,seed1,266,9240.660606060606
hpmcounter3,drift,seed1,267,9629.321212121213
hpmcounter3,drift,seed1,268,10139.103030303031
hpmcounter3,drift,seed1,269,10721.254545454545
hpmcounter3,drift,seed1,270,11327.575757575758
hpmcounter3,drift,seed1,271,11909.557575757575
hpmcounter3,drift,seed1,272,12418.50303030303
hpmcounter3,drift,seed1,273,12806.078787878789
hpmcounter3,drift,seed1,274,12805.551515151516
hpmcounter3,drift,seed1,275,12417.0
hpmcounter3,drift,seed1,276,11907.79393939394
hpmcounter3,drift,seed1,277,11325.666666666666
hpmcounter3,drift,seed1,278,10719.315151515151
hpmcounter3,drift,seed1,279,10137.115151515152
hpmcounter3,drift,seed1,280,9627.739393939393
hpmcounter3,drift,seed1,281,9239.58787878788
hpmcounter3,drift,seed1,282,9021.290909090909
hpmcounter3,drift,seed1,283,9021.290909090909
hpmcounter3,drift,seed1,284,9021.527272727273
hpmcounter3,drift,seed1,285,9021.8
hpmcounter3,drift,seed1,286,9021.933333333332
hpmcounter3,drift,seed1,287,9022.09090909091
hpmcounter3,drift,seed1,288,9022.072727272727
hpmcounter3,drift,seed1,289,9021.848484848484
hpmcounter3,drift,seed1,290,9021.575757575758
hpmcounter3,drift,seed1,291,9021.309090909092
hpmcounter3,drift,seed1,292,9021.157575757576
hpmcounter3,drift,seed1,293,9020.89090909091
hpmcounter3,drift,seed1,294,9020.896969696969
hpmcounter3,drift,seed1,295,9021.066666666668
hpmcounter3,drift,seed1,296,9021.09090909091
hpmcounter3,drift,seed1,297,9021.236363636364
hpmcounter3,drift,seed1,298,9021.39393939394
hpmcounter3,drift,seed10,9,9013.19393939394
hpmcounter3,drift,seed10,10,9012.69696969697
hpmcounter3,drift,seed10,11,9012.90909090909
hpmcounter3,drift,seed10,12,9013.79393939394
hpmcounter3,drift,seed10,13,9014.878787878788
hpmcounter3,drift,seed10,14,9016.242424242424
hpmcounter3,drift,seed10,15,9018.006060606062
hpmcounter3,drift,seed10,16,9020.139393939395
hpmcounter3,drift,seed10,17,9022.248484848486
hpmcounter3,drift,seed10,18,9023.921212121211
hpmcounter3,drift,seed10,19,9025.012121212121
hpmcounter3,drift,seed10,20,9025.672727272728
hpmcounter3,drift,seed10,21,9026.036363636364
hpmcounter3,drift,seed10,22,9025.90303030303
hpmcounter3,drift,seed10,23,9025.636363636364
hpmcounter3,drift,seed10,24,9024.848484848484
hpmcounter3,drift,seed10,25,9024.157575757576
hpmcounter3,drift,seed10,26,9023.593939393939
hpmcounter3,drift,seed10,27,9023.09090909091
hpmcounter3,drift,seed10,28,9022.80606060606
hpmcounter3,drift,seed10,29,9022.71515151515
hpmcounter3,drift,seed10,30,9022.666666666666
hpmcounter3,drift,seed10,31,9022.612121212122
hpmcounter3,drift,seed10,32,9022.387878787878
hpmcounter3,drift,seed10,33,9022.357575757576
hpmcounter3,drift,seed10,34,9022.290909090909
hpmcounter3,drift,seed10,35,9022.375757575757
hpmcounter3,drift,seed10,36,9022.466666666667
hpmcounter3,drift,seed10,37,9022.339393939394
hpmcounter3,drift,seed10,38,9022.369696969698
hpmcounter3,drift,seed10,39,9022.60606060606
hpmcounter3,drift,seed10,40,9022.58787878788
hpmcounter3,drift,seed10,41,9022.424242424242
hpmcounter3,drift,seed10,42,9022.278787878788
hpmcounter3,drift,seed10,43,9022.151515151516
hpmcounter3,drift,seed10,44,9022.20606060606
hpmcounter3,drift,seed10,45,9022.133333333333
hpmcounter3,drift,seed10,46,9022.212121212122
hpmcounter3,drift,seed10,47,9022.278787878788
hpmcounter3,drift,seed10,48,9022.333333333334
hpmcounter3,drift,seed10,49,9022.266666666666
hpmcounter3,drift,seed10,50,9022.078787878789
hpmcounter3,drift,seed10,51,9021.824242424242
hpmcounter3,drift,seed10,52,9021.745454545455
hpmcounter3,drift,seed10,53,9021.654545454545
hpmcounter3,drift,seed10,54,9021.872727272726
hpmcounter3,drift,seed10,55,9021.872727272726
hpmcounter3,drift,seed10,56,9021.896969696969
hpmcounter3,drift,seed10,57,9021.836363636363
hpmcounter3,drift,seed10,58,9021.987878787879
hpmcounter3,drift,seed10,59,9022.018181818183
hpmcounter3,drift,seed10,60,9022.036363636364
hpmcounter3,drift,seed10,61,9021.975757575758
hpmcounter3,drift,seed10,62,9022.024242424242
hpmcounter3,drift,seed10,63,9021.963636363636
hpmcounter3,drift,seed10,64,9021.884848484848
hpmcounter3,drift,seed10,65,9021.678787878787
hpmcounter3,drift,seed10,66,9021.521212121212
hpmcounter3,drift,seed10,67,9021.387878787878
hpmcounter3,drift,seed10,68,9021.618181818181
hpmcounter3,drift,seed10,69,9021.90303030303
hpmcounter3,drift,seed10,70,9022.230303030303
hpmcounter3,drift,seed10,71,9022.424242424242
hpmcounter3,drift,seed10,72,9022.50909090909
hpmcounter3,drift,seed10,73,9022.593939393939
hpmcounter3,drift,seed10,74,9022.575757575758
hpmcounter3,drift,seed10,75,9022.539393939394
hpmcounter3,drift,seed10,76,9022.569696969696
hpmcounter3,drift,seed10,77,9022.545454545454
hpmcounter3,drift,seed10,78,9022.460606060606
hpmcounter3,drift,seed10,79,9022.363636363636
hpmcounter3,drift,seed10,80,9022.442424242425
hpmcounter3,drift,seed10,81,9022.375757575757
hpmcounter3,drift,seed10,82,9022.139393939395
hpmcounter3,drift,seed10,83,9021.975757575758
hpmcounter3,drift,seed10,84,9021.842424242424
hpmcounter3,drift,seed10,85,9021.872727272726
hpmcounter3,drift,seed10,86,9021.981818181817
hpmcounter3,drift,seed10,87,9022.127272727274
hpmcounter3,drift,seed10,88,9022.151515151516
hpmcounter3,drift,seed10,89,9021.921212121211
hpmcounter3,drift,seed10,90,9021.769696969697
hpmcounter3,drift,seed10,91,9021.654545454545
hpmcounter3,drift,seed10,92,9021.684848484849
hpmcounter3,drift,seed10,93,9021.727272727272
hpmcounter3,drift,seed10,94,9022.054545454546
hpmcounter3,drift,seed10,95,9022.290909090909
hpmcounter3,drift,seed10,96,9022.381818181819
hpmcounter3,drift,seed10,97,9022.50303030303
hpmcounter3,drift,seed10,98,9022.775757575757
hpmcounter3,drift,seed10,99,9022.757575757576
hpmcounter3,drift,seed10,100,9022.721212121212
hpmcounter3,drift,seed10,101,9022.69696969697
hpmcounter3,drift,seed10,102,9022.739393939393
hpmcounter3,drift,seed10,103,9022.618181818181
hpmcounter3,drift,seed10,104,9022.733333333334
hpmcounter3,drift,seed10,105,9022.460606060606
hpmcounter3,drift,seed10,106,9022.175757575758
hpmcounter3,drift,seed10,107,9021.878787878788
hpmcounter3,drift,seed10,108,9021.757575757576
hpmcounter3,drift,seed10,109,9021.569696969696
hpmcounter3,drift,seed10,110,9021.666666666666
hpmcounter3,drift,seed10,111,9022.036363636364
hpmcounter3,drift,seed10,112,9022.436363636363
hpmcounter3,drift,seed10,113,9022.636363636364
hpmcounter3,drift,seed10,114,9022.769696969697
hpmcounter3,drift,seed10,115,9022.527272727273
hpmcounter3,drift,seed10,116,9022.369696969698
hpmcounter3,drift,seed10,117,9022.10909090909
hpmcounter3,drift,seed10,118,9021.71515151515
hpmcounter3,drift,seed10,119,9021.49696969697
hpmcounter3,drift,seed10,120,9021.345454545455
hpmcounter3,drift,seed10,121,9021.321212121213
hpmcounter3,drift,seed10,122,9021.175757575758
hpmcounter3,drift,seed10,123,9020.824242424242
hpmcounter3,drift,seed10,124,9020.575757575758
hpmcounter3,drift,seed10,125,9020.351515151515
hpmcounter3,drift,seed10,126,9020.39393939394
hpmcounter3,drift,seed10,127,9020.581818181818
hpmcounter3,drift,seed10,128,9020.593939393939
hpmcounter3,drift,seed10,129,9020.981818181817
hpmcounter3,drift,seed10,130,9021.545454545454
hpmcounter3,drift,seed10,131,9022.060606060606
hpmcounter3,drift,seed10,132,9022.369696969698
hpmcounter3,drift,seed10,133,9022.424242424242
hpmcounter3,drift,seed10,134,9022.387878787878
hpmcounter3,drift,seed10,135,9022.381818181819
hpmcounter3,drift,seed10,136,9022.230303030303
hpmcounter3,drift,seed10,137,9021.915151515152
hpmcounter3,drift,seed10,138,9021.624242424243
hpmcounter3,drift,seed10,139,9021.50909090909
hpmcounter3,drift,seed10,140,9021.8
hpmcounter3,drift,seed10,141,9022.066666666668
hpmcounter3,drift,seed10,142,9022.309090909092
hpmcounter3,drift,seed10,143,9022.636363636364
hpmcounter3,drift,seed10,144,9022.739393939393
hpmcounter3,drift,seed10,145,9022.654545454545
hpmcounter3,drift,seed10,146,9022.460606060606
hpmcounter3,drift,seed10,147,9022.10909090909
hpmcounter3,drift,seed10,148,9021.818181818182
hpmcounter3,drift,seed10,149,9021.50303030303
hpmcounter3,drift,seed10,150,9021.563636363637
hpmcounter3,drift,seed10,151,9021.648484848485
hpmcounter3,drift,seed10,152,9021.648484848485
hpmcounter3,drift,seed10,153,9021.612121212122
hpmcounter3,drift,seed10,154,9021.345454545455
hpmcounter3,drift,seed10,155,9239.79393939394
hpmcounter3,drift,seed10,156,9628.218181818182
hpmcounter3,drift,seed10,157,10137.648484848485
hpmcounter3,drift,seed10,158,10501.466666666667
hpmcounter3,drift,seed10,159,10719.454545454546
hpmcounter3,drift,seed10,160,10792.066666666668
hpmcounter3,drift,seed10,161,10719.151515151516
hpmcounter3,drift,seed10,162,10500.6
hpmcounter3,drift,seed10,163,10136.278787878788
hpmcounter3,drift,seed10,164,9626.327272727272
hpmcounter3,drift,seed10,165,9238.254545454545
hpmcounter3,drift,seed10,166,9020.369696969698
hpmcounter3,drift,seed10,167,9020.575757575758
hpmcounter3,drift,seed10,168,9020.624242424243
hpmcounter3,drift,seed10,169,9020.515151515152
hpmcounter3,drift,seed10,170,9020.533333333333
hpmcounter3,drift,seed10,171,9020.327272727272
hpmcounter3,drift,seed10,172,9238.824242424242
hpmcounter3,drift,seed10,173,9627.036363636364
hpmcounter3,drift,seed10,174,10136.424242424242
hpmcounter3,drift,seed10,175,10718.351515151515
hpmcounter3,drift,seed10,176,11324.41212121212
hpmcounter3,drift,seed10,177,11906.036363636364
hpmcounter3,drift,seed10,178,12196.678787878787
hpmcounter3,drift,seed10,179,12196.315151515151
hpmcounter3,drift,seed10,180,11905.18787878788
hpmcounter3,drift,seed10,181,11322.963636363636
hpmcounter3,drift,seed10,182,10717.115151515152
hpmcounter3,drift,seed10,183,10135.539393939394
hpmcounter3,drift,seed10,184,9626.624242424243
hpmcounter3,drift,seed10,185,9238.896969696969
hpmcounter3,drift,seed10,186,9020.709090909091
hpmcounter3,drift,seed10,187,9020.466666666667
hpmcounter3,drift,seed10,188,9020.557575757575
hpmcounter3,drift,seed10,189,9020.648484848485
hpmcounter3,drift,seed10,190,9020.739393939393
hpmcounter3,drift,seed10,191,9021.072727272727
hpmcounter3,drift,seed10,192,9021.515151515152
hpmcounter3,drift,seed10,193,9021.854545454546
hpmcounter3,drift,seed10,194,9022.10909090909
hpmcounter3,drift,seed10,195,9022.157575757576
hpmcounter3,drift,seed10,196,9022.163636363637
hpmcounter3,drift,seed10,197,9021.915151515152
hpmcounter3,drift,seed10,198,9022.181818181818
hpmcounter3,drift,seed10,199,9022.4
hpmcounter3,drift,seed10,200,9022.327272727272
hpmcounter3,drift,seed10,201,9022.448484848484
hpmcounter3,drift,seed10,202,9022.521212121212
hpmcounter3,drift,seed10,203,9022.666666666666
hpmcounter3,drift,seed10,204,9237.672727272728
hpmcounter3,drift,seed10,205,9404.672727272728
hpmcounter3,drift,seed10,206,9523.854545454546
hpmcounter3,drift,seed10,207,9595.10909090909
hpmcounter3,drift,seed10,208,9619.054545454546
hpmcounter3,drift,seed10,209,9595.121212121212
hpmcounter3,drift,seed10,210,9523.309090909092
hpmcounter3,drift,seed10,211,9404.024242424242
hpmcounter3,drift,seed10,212,9237.012121212121
hpmcounter3,drift,seed10,213,9022.163636363637
hpmcounter3,drift,seed10,214,9022.333333333334
hpmcounter3,drift,seed10,215,9022.369696969698
hpmcounter3,drift,seed10,216,9022.272727272728
hpmcounter3,drift,seed10,217,9022.042424242425
hpmcounter3,drift,seed10,218,9021.836363636363
hpmcounter3,drift,seed10,219,9021.545454545454
hpmcounter3,drift,seed10,220,9021.224242424243
hpmcounter3,drift,seed10,221,9020.921212121211
hpmcounter3,drift,seed10,222,9020.69696969697
hpmcounter3,drift,seed10,223,9020.387878787878
hpmcounter3,drift,seed10,224,9020.424242424242
hpmcounter3,drift,seed10,225,9020.387878787878
hpmcounter3,drift,seed10,226,9020.466666666667
hpmcounter3,drift,seed10,227,9020.484848484848
hpmcounter3,drift,seed10,228,9020.442424242425
hpmcounter3,drift,seed10,229,9020.472727272727
hpmcounter3,drift,seed10,230,9020.315151515151
hpmcounter3,drift,seed10,231,9020.048484848485
hpmcounter3,drift,seed10,232,9019.836363636363
hpmcounter3,drift,seed10,233,9019.721212121212
hpmcounter3,drift,seed10,234,9019.769696969697
hpmcounter3,drift,seed10,235,9019.872727272726
hpmcounter3,drift,seed10,236,9020.248484848486
hpmcounter3,drift,seed10,237,9020.848484848484
hpmcounter3,drift,seed10,238,9021.448484848484
hpmcounter3,drift,seed10,239,9021.915151515152
hpmcounter3,drift,seed10,240,9022.09090909091
hpmcounter3,drift,seed10,241,9022.115151515152
hpmcounter3,drift,seed10,242,9022.315151515151
hpmcounter3,drift,seed10,243,9022.478787878788
hpmcounter3,drift,seed10,244,9022.8
hpmcounter3,drift,seed10,245,9022.866666666667
hpmcounter3,drift,seed10,246,9022.824242424242
hpmcounter3,drift,seed10,247,9023.006060606062
hpmcounter3,drift,seed10,248,9023.115151515152
hpmcounter3,drift,seed10,249,9022.963636363636
hpmcounter3,drift,seed10,250,9022.727272727272
hpmcounter3,drift,seed10,251,9022.39393939394
hpmcounter3,drift,seed10,252,9022.436363636363
hpmcounter3,drift,seed10,253,9022.69696969697
hpmcounter3,drift,seed10,254,9023.121212121212
hpmcounter3,drift,seed10,255,9023.272727272728
hpmcounter3,drift,seed10,256,9023.09696969697
hpmcounter3,drift,seed10,257,9023.078787878789
hpmcounter3,drift,seed10,258,9022.757575757576
hpmcounter3,drift,seed10,259,9022.387878787878
hpmcounter3,drift,seed10,260,9022.066666666668
hpmcounter3,drift,seed10,261,9021.618181818181
hpmcounter3,drift,seed10,262,9021.387878787878
hpmcounter3,drift,seed10,263,9021.612121212122
hpmcounter3,drift,seed10,264,9021.830303030303
hpmcounter3,drift,seed10,265,9021.90909090909
hpmcounter3,drift,seed10,266,9022.0
hpmcounter3,drift,seed10,267,9022.212121212122
hpmcounter3,drift,seed10,268,9022.278787878788
hpmcounter3,drift,seed10,269,9022.406060606061
hpmcounter3,drift,seed10,270,9022.49696969697
hpmcounter3,drift,seed10,271,9022.442424242425
hpmcounter3,drift,seed10,272,9022.351515151515
hpmcounter3,drift,seed10,273,9022.290909090909
hpmcounter3,drift,seed10,274,9022.369696969698
hpmcounter3,drift,seed10,275,9022.430303030304
hpmcounter3,drift,seed10,276,9022.581818181818
hpmcounter3,drift,seed10,277,9022.70303030303
hpmcounter3,drift,seed10,278,9022.860606060605
hpmcounter3,drift,seed10,279,9022.90303030303
hpmcounter3,drift,seed10,280,9022.830303030303
hpmcounter3,drift,seed10,281,9022.79393939394
hpmcounter3,drift,seed10,282,9022.660606060606
hpmcounter3,drift,seed10,283,9022.430303030304
hpmcounter3,drift,seed10,284,9022.30303030303
hpmcounter3,drift,seed10,285,9022.357575757576
hpmcounter3,drift,seed10,286,9022.2
hpmcounter3,drift,seed10,287,9022.054545454546
hpmcounter3,drift,seed10,288,9021.987878787879
hpmcounter3,drift,seed10,289,9021.854545454546
hpmcounter3,drift,seed10,290,9021.763636363636
hpmcounter3,drift,seed10,291,9021.575757575758
hpmcounter3,drift,seed10,292,9021.612121212122
hpmcounter3,drift,seed10,293,9021.563636363637
hpmcounter3,drift,seed10,294,9021.454545454546
hpmcounter3,drift,seed10,295,9021.60606060606
hpmcounter3,drift,seed10,296,9021.575757575758
hpmcounter3,drift,seed10,297,9021.351515151515
hpmcounter3,drift,seed10,298,9021.145454545454
hpmcounter3,drift,seed11,9,9015.230303030303
hpmcounter3,drift,seed11,10,9014.49696969697
hpmcounter3,drift,seed11,11,9014.466666666667
hpmcounter3,drift,seed11,12,9014.830303030303
hpmcounter3,drift,seed11,13,9015.527272727273
hpmcounter3,drift,seed11,14,9016.321212121213
hpmcounter3,drift,seed11,15,9017.49090909091
hpmcounter3,drift,seed11,16,9018.80606060606
hpmcounter3,drift,seed11,17,9020.224242424243
hpmcounter3,drift,seed11,18,9021.436363636363
hpmcounter3,drift,seed11,19,9022.309090909092
hpmcounter3,drift,seed11,20,9022.721212121212
hpmcounter3,drift,seed11,21,9023.248484848486
hpmcounter3,drift,seed11,22,9023.315151515151
hpmcounter3,drift,seed11,23,9023.18787878788
hpmcounter3,drift,seed11,24,9022.896969696969
hpmcounter3,drift,seed11,25,9022.836363636363
hpmcounter3,drift,seed11,26,9022.545454545454
hpmcounter3,drift,seed11,27,9022.248484848486
hpmcounter3,drift,seed11,28,9022.363636363636
hpmcounter3,drift,seed11,29,9022.884848484848
hpmcounter3,drift,seed11,30,9023.236363636364
hpmcounter3,drift,seed11,31,9023.751515151514
hpmcounter3,drift,seed11,32,9023.836363636363
hpmcounter3,drift,seed11,33,9023.642424242424
hpmcounter3,drift,seed11,34,9023.478787878788
hpmcounter3,drift,seed11,35,9023.478787878788
hpmcounter3,drift,seed11,36,9023.309090909092
hpmcounter3,drift,seed11,37,9022.70303030303
hpmcounter3,drift,seed11,38,9022.424242424242
hpmcounter3,drift,seed11,39,9022.6
hpmcounter3,drift,seed11,40,9022.71515151515
hpmcounter3,drift,seed11,41,9022.769696969697
hpmcounter3,drift,seed11,42,9022.969696969696
hpmcounter3,drift,seed11,43,9023.036363636364
hpmcounter3,drift,seed11,44,9023.18787878788
hpmcounter3,drift,seed11,45,9023.466666666667
hpmcounter3,drift,seed11,46,9023.6
hpmcounter3,drift,seed11,47,9023.478787878788
hpmcounter3,drift,seed11,48,9023.278787878788
hpmcounter3,drift,seed11,49,9023.078787878789
hpmcounter3,drift,seed11,50,9022.878787878788
hpmcounter3,drift,seed11,51,9022.6
hpmcounter3,drift,seed11,52,9022.727272727272
hpmcounter3,drift,seed11,53,9022.721212121212
hpmcounter3,drift,seed11,54,9022.957575757575
hpmcounter3,drift,seed11,55,9242.0
hpmcounter3,drift,seed11,56,9630.660606060606
hpmcounter3,drift,seed11,57,10140.230303030303
hpmcounter3,drift,seed11,58,10722.224242424243
hpmcounter3,drift,seed11,59,11328.212121212122
hpmcounter3,drift,seed11,60,11909.666666666666
hpmcounter3,drift,seed11,61,12418.30303030303
hpmcounter3,drift,seed11,62,12805.49696969697
hpmcounter3,drift,seed11,63,13022.921212121211
hpmcounter3,drift,seed11,64,13022.309090909092
hpmcounter3,drift,seed11,65,12804.018181818183
hpmcounter3,drift,seed11,66,12416.430303030304
hpmcounter3,drift,seed11,67,11907.557575757575
hpmcounter3,drift,seed11,68,11326.103030303031
hpmcounter3,drift,seed11,69,10720.460606060606
hpmcounter3,drift,seed11,70,10138.739393939393
hpmcounter3,drift,seed11,71,9629.842424242424
hpmcounter3,drift,seed11,72,9241.636363636364
hpmcounter3,drift,seed11,73,9023.09090909091
hpmcounter3,drift,seed11,74,9022.957575757575
hpmcounter3,drift,seed11,75,9022.70303030303
hpmcounter3,drift,seed11,76,9022.527272727273
hpmcounter3,drift,seed11,77,9022.321212121213
hpmcounter3,drift,seed11,78,9022.339393939394
hpmcounter3,drift,seed11,79,9022.539393939394
hpmcounter3,drift,seed11,80,9022.557575757575
hpmcounter3,drift,seed11,81,9022.539393939394
hpmcounter3,drift,seed11,82,9022.648484848485
hpmcounter3,drift,seed11,83,9022.660606060606
hpmcounter3,drift,seed11,84,9022.927272727273
hpmcounter3,drift,seed11,85,9023.181818181818
hpmcounter3,drift,seed11,86,9023.290909090909
hpmcounter3,drift,seed11,87,9023.375757575757
hpmcounter3,drift,seed11,88,9023.272727272728
hpmcounter3,drift,seed11,89,9023.139393939395
hpmcounter3,drift,seed11,90,9022.866666666667
hpmcounter3,drift,seed11,91,9022.375757575757
hpmcounter3,drift,seed11,92,9022.272727272728
hpmcounter3,drift,seed11,93,9022.19393939394
hpmcounter3,drift,seed11,94,9022.272727272728
hpmcounter3,drift,seed11,95,9022.533333333333
hpmcounter3,drift,seed11,96,9022.842424242424
hpmcounter3,drift,seed11,97,9023.242424242424
hpmcounter3,drift,seed11,98,9023.739393939393
hpmcounter3,drift,seed11,99,9023.866666666667
hpmcounter3,drift,seed11,100,9023.70303030303
hpmcounter3,drift,seed11,101,9023.49090909091
hpmcounter3,drift,seed11,102,9023.406060606061
hpmcounter3,drift,seed11,103,9242.39393939394
hpmcounter3,drift,seed11,104,9631.0
hpmcounter3,drift,seed11,105,9922.41212121212
hpmcounter3,drift,seed11,106,10116.58787878788
hpmcounter3,drift,seed11,107,10213.71515151515
hpmcounter3,drift,seed11,108,10214.103030303031
hpmcounter3,drift,seed11,109,10117.024242424242
hpmcounter3,drift,seed11,110,9922.454545454546
hpmcounter3,drift,seed11,111,9630.745454545455
hpmcounter3,drift,seed11,112,9241.896969696969
hpmcounter3,drift,seed11,113,9023.575757575758
hpmcounter3,drift,seed11,114,9023.757575757576
hpmcounter3,drift,seed11,115,9023.842424242424
hpmcounter3,drift,seed11,116,9023.872727272726
hpmcounter3,drift,seed11,117,9023.957575757575
hpmcounter3,drift,seed11,118,9024.012121212121
hpmcounter3,drift,seed11,119,9023.775757575757
hpmcounter3,drift,seed11,120,9023.272727272728
hpmcounter3,drift,seed11,121,9022.987878787879
hpmcounter3,drift,seed11,122,9022.678787878787
hpmcounter3,drift,seed11,123,9022.478787878788
hpmcounter3,drift,seed11,124,9022.630303030302
hpmcounter3,drift,seed11,125,9022.60606060606
hpmcounter3,drift,seed11,126,9022.575757575758
hpmcounter3,drift,seed11,127,9022.80606060606
hpmcounter3,drift,seed11,128,9022.81212121212
hpmcounter3,drift,seed11,129,9022.70303030303
hpmcounter3,drift,seed11,130,9022.224242424243
hpmcounter3,drift,seed11,131,9022.006060606062
hpmcounter3,drift,seed11,132,9021.927272727273
hpmcounter3,drift,seed11,133,9021.921212121211
hpmcounter3,drift,seed11,134,9022.036363636364
hpmcounter3,drift,seed11,135,9021.945454545454
hpmcounter3,drift,seed11,136,9021.539393939394
hpmcounter3,drift,seed11,137,9021.175757575758
hpmcounter3,drift,seed11,138,9020.71515151515
hpmcounter3,drift,seed11,139,9020.357575757576
hpmcounter3,drift,seed11,140,9019.981818181817
hpmcounter3,drift,seed11,141,9019.709090909091
hpmcounter3,drift,seed11,142,9019.6
hpmcounter3,drift,seed11,143,9019.757575757576
hpmcounter3,drift,seed11,144,9019.939393939394
hpmcounter3,drift,seed11,145,9020.363636363636
hpmcounter3,drift,seed11,146,9020.521212121212
hpmcounter3,drift,seed11,147,9020.521212121212
hpmcounter3,drift,seed11,148,9020.472727272727
hpmcounter3,drift,seed11,149,9020.484848484848
hpmcounter3,drift,seed11,150,9020.775757575757
hpmcounter3,drift,seed11,151,9021.18787878788
hpmcounter3,drift,seed11,152,9021.648484848485
hpmcounter3,drift,seed11,153,9022.10909090909
hpmcounter3,drift,seed11,154,9022.49090909091
hpmcounter3,drift,seed11,155,9022.969696969696
hpmcounter3,drift,seed11,156,9023.387878787878
hpmcounter3,drift,seed11,157,9023.727272727272
hpmcounter3,drift,seed11,158,9023.927272727273
hpmcounter3,drift,seed11,159,9023.951515151515
hpmcounter3,drift,seed11,160,9023.921212121211
hpmcounter3,drift,seed11,161,9023.684848484849
hpmcounter3,drift,seed11,162,9023.424242424242
hpmcounter3,drift,seed11,163,9023.054545454546
hpmcounter3,drift,seed11,164,9022.751515151514
hpmcounter3,drift,seed11,165,9022.327272727272
hpmcounter3,drift,seed11,166,9241.103030303031
hpmcounter3,drift,seed11,167,9629.781818181818
hpmcounter3,drift,seed11,168,10139.636363636364
hpmcounter3,drift,seed11,169,10721.8
hpmcounter3,drift,seed11,170,11327.739393939393
hpmcounter3,drift,seed11,171,11909.181818181818
hpmcounter3,drift,seed11,172,12413.581818181818
hpmcounter3,drift,seed11,173,12793.515151515152
hpmcounter3,drift,seed11,174,13005.551515151516
hpmcounter3,drift,seed11,175,12997.048484848485
hpmcounter3,drift,seed11,176,12773.721212121212
hpmcounter3,drift,seed11,177,12597.927272727273
hpmcounter3,drift,seed11,178,12256.103030303031
hpmcounter3,drift,seed11,179,11796.545454545454
hpmcounter3,drift,seed11,180,11267.448484848484
hpmcounter3,drift,seed11,181,10717.648484848485
hpmcounter3,drift,seed11,182,10190.775757575757
hpmcounter3,drift,seed11,183,9734.442424242425
hpmcounter3,drift,seed11,184,9401.315151515151
hpmcounter3,drift,seed11,185,9234.957575757575
hpmcounter3,drift,seed11,186,9020.79393939394
hpmcounter3,drift,seed11,187,9021.018181818183
hpmcounter3,drift,seed11,188,9021.381818181819
hpmcounter3,drift,seed11,189,9021.90303030303
hpmcounter3,drift,seed11,190,9022.20606060606
hpmcounter3,drift,seed11,191,9022.290909090909
hpmcounter3,drift,seed11,192,9022.224242424243
hpmcounter3,drift,seed11,193,9021.951515151515
hpmcounter3,drift,seed11,194,9021.769696969697
hpmcounter3,drift,seed11,195,9021.50303030303
hpmcounter3,drift,seed11,196,9021.315151515151
hpmcounter3,drift,seed11,197,9021.248484848486
hpmcounter3,drift,seed11,198,9021.28484848485
hpmcounter3,drift,seed11,199,9021.418181818182
hpmcounter3,drift,seed11,200,9021.539393939394
hpmcounter3,drift,seed11,201,9021.515151515152
hpmcounter3,drift,seed11,202,9021.345454545455
hpmcounter3,drift,seed11,203,9020.921212121211
hpmcounter3,drift,seed11,204,9239.575757575758
hpmcounter3,drift,seed11,205,9627.878787878788
hpmcounter3,drift,seed11,206,10137.521212121212
hpmcounter3,drift,seed11,207,10719.745454545455
hpmcounter3,drift,seed11,208,11322.248484848486
hpmcounter3,drift,seed11,209,11682.896969696969
hpmcounter3,drift,seed11,210,11801.824242424242
hpmcounter3,drift,seed11,211,11678.921212121211
hpmcounter3,drift,seed11,212,11314.29696969697
hpmcounter3,drift,seed11,213,10707.79393939394
hpmcounter3,drift,seed11,214,10127.218181818182
hpmcounter3,drift,seed11,215,9620.41212121212
hpmcounter3,drift,seed11,216,9235.751515151514
hpmcounter3,drift,seed11,217,9021.533333333333
hpmcounter3,drift,seed11,218,9021.80606060606
hpmcounter3,drift,seed11,219,9022.115151515152
hpmcounter3,drift,seed11,220,9022.30303030303
hpmcounter3,drift,seed11,221,9022.345454545455
hpmcounter3,drift,seed11,222,9022.351515151515
hpmcounter3,drift,seed11,223,9022.103030303031
hpmcounter3,drift,seed11,224,9021.933333333332
hpmcounter3,drift,seed11,225,9021.896969696969
hpmcounter3,drift,seed11,226,9022.024242424242
hpmcounter3,drift,seed11,227,9022.048484848485
hpmcounter3,drift,seed11,228,9022.309090909092
hpmcounter3,drift,seed11,229,9022.945454545454
hpmcounter3,drift,seed11,230,9023.39393939394
hpmcounter3,drift,seed11,231,9023.884848484848
hpmcounter3,drift,seed11,232,9024.272727272728
hpmcounter3,drift,seed11,233,9024.169696969697
hpmcounter3,drift,seed11,234,9023.751515151514
hpmcounter3,drift,seed11,235,9022.848484848484
hpmcounter3,drift,seed11,236,9021.866666666667
hpmcounter3,drift,seed11,237,9020.90909090909
hpmcounter3,drift,seed11,238,9020.242424242424
hpmcounter3,drift,seed11,239,9020.157575757576
hpmcounter3,drift,seed11,240,9020.127272727274
hpmcounter3,drift,seed11,241,9020.406060606061
hpmcounter3,drift,seed11,242,9021.115151515152
hpmcounter3,drift,seed11,243,9022.139393939395
hpmcounter3,drift,seed11,244,9023.666666666666
hpmcounter3,drift,seed11,245,9024.648484848485
hpmcounter3,drift,seed11,246,9025.230303030303
hpmcounter3,drift,seed11,247,9025.60606060606
hpmcounter3,drift,seed11,248,9025.533333333333
hpmcounter3,drift,seed11,249,9025.60606060606
hpmcounter3,drift,seed11,250,9025.369696969698
hpmcounter3,drift,seed11,251,9024.648484848485
hpmcounter3,drift,seed11,252,9023.951515151515
hpmcounter3,drift,seed11,253,9023.042424242425
hpmcounter3,drift,seed11,254,9022.81212121212
hpmcounter3,drift,seed11,255,9022.484848484848
hpmcounter3,drift,seed11,256,9022.218181818182
hpmcounter3,drift,seed11,257,9022.036363636364
hpmcounter3,drift,seed11,258,9021.533333333333
hpmcounter3,drift,seed11,259,9021.418181818182
hpmcounter3,drift,seed11,260,9021.648484848485
hpmcounter3,drift,seed11,261,9021.878787878788
hpmcounter3,drift,seed11,262,9022.327272727272
hpmcounter3,drift,seed11,263,9022.484848484848
hpmcounter3,drift,seed11,264,9022.660606060606
hpmcounter3,drift,seed11,265,9022.690909090908
hpmcounter3,drift,seed11,266,9022.739393939393
hpmcounter3,drift,seed11,267,9022.630303030302
hpmcounter3,drift,seed11,268,9241.133333333333
hpmcounter3,drift,seed11,269,9410.89090909091
hpmcounter3,drift,seed11,270,9532.127272727274
hpmcounter3,drift,seed11,271,9823.290909090909
hpmcounter3,drift,seed11,272,10017.472727272727
hpmcounter3,drift,seed11,273,10114.454545454546
hpmcounter3,drift,seed11,274,10114.127272727274
hpmcounter3,drift,seed11,275,10016.733333333334
hpmcounter3,drift,seed11,276,9822.339393939394
hpmcounter3,drift,seed11,277,9530.648484848485
hpmcounter3,drift,seed11,278,9409.260606060607
hpmcounter3,drift,seed11,279,9239.515151515152
hpmcounter3,drift,seed11,280,9021.2
hpmcounter3,drift,seed11,281,9021.357575757576
hpmcounter3,drift,seed11,282,9021.478787878788
hpmcounter3,drift,seed11,283,9021.727272727272
hpmcounter3,drift,seed11,284,9022.20606060606
hpmcounter3,drift,seed11,285,9022.624242424243
hpmcounter3,drift,seed11,286,9022.872727272726
hpmcounter3,drift,seed11,287,9023.115151515152
hpmcounter3,drift,seed11,288,9023.236363636364
hpmcounter3,drift,seed11,289,9023.4
hpmcounter3,drift,seed11,290,9023.375757575757
hpmcounter3,drift,seed11,291,9023.339393939394
hpmcounter3,drift,seed11,292,9023.024242424242
hpmcounter3,drift,seed11,293,9022.630303030302
hpmcounter3,drift,seed11,294,9022.418181818182
hpmcounter3,drift,seed11,295,9022.139393939395
hpmcounter3,drift,seed11,296,9021.727272727272
hpmcounter3,drift,seed11,297,9021.709090909091
hpmcounter3,drift,seed11,298,9021.842424242424
hpmcounter3,drift,seed12,9,9016.369696969698
hpmcounter3,drift,seed12,10,9015.163636363637
hpmcounter3,drift,seed12,11,9014.80606060606
hpmcounter3,drift,seed12,12,9015.072727272727
hpmcounter3,drift,seed12,13,9015.551515151516
hpmcounter3,drift,seed12,14,9016.593939393939
hpmcounter3,drift,seed12,15,9018.218181818182
hpmcounter3,drift,seed12,16,9019.545454545454
hpmcounter3,drift,seed12,17,9020.733333333334
hpmcounter3,drift,seed12,18,9021.563636363637
hpmcounter3,drift,seed12,19,9021.739393939393
hpmcounter3,drift,seed12,20,9021.557575757575
hpmcounter3,drift,seed12,21,9021.4
hpmcounter3,drift,seed12,22,9021.315151515151
hpmcounter3,drift,seed12,23,9021.19393939394
hpmcounter3,drift,seed12,24,9021.024242424242
hpmcounter3,drift,seed12,25,9021.139393939395
hpmcounter3,drift,seed12,26,9020.969696969696
hpmcounter3,drift,seed12,27,9020.660606060606
hpmcounter3,drift,seed12,28,9020.521212121212
hpmcounter3,drift,seed12,29,9020.460606060606
hpmcounter3,drift,seed12,30,9020.545454545454
hpmcounter3,drift,seed12,31,9020.448484848484
hpmcounter3,drift,seed12,32,9020.30303030303
hpmcounter3,drift,seed12,33,9239.515151515152
hpmcounter3,drift,seed12,34,9410.09696969697
hpmcounter3,drift,seed12,35,9750.612121212122
hpmcounter3,drift,seed12,36,10212.290909090909
hpmcounter3,drift,seed12,37,10528.127272727274
hpmcounter3,drift,seed12,38,10698.327272727272
hpmcounter3,drift,seed12,39,10723.0
hpmcounter3,drift,seed12,40,10820.103030303031
hpmcounter3,drift,seed12,41,10940.957575757575
hpmcounter3,drift,seed12,42,11033.254545454545
hpmcounter3,drift,seed12,43,11102.945454545454
hpmcounter3,drift,seed12,44,10930.557575757575
hpmcounter3,drift,seed12,45,11001.745454545455
hpmcounter3,drift,seed12,46,11316.478787878788
hpmcounter3,drift,seed12,47,11607.58787878788
hpmcounter3,drift,seed12,48,11608.660606060606
hpmcounter3,drift,seed12,49,11319.915151515152
hpmcounter3,drift,seed12,50,11007.612121212122
hpmcounter3,drift,seed12,51,10938.533333333333
hpmcounter3,drift,seed12,52,11107.939393939394
hpmcounter3,drift,seed12,53,11253.084848484848
hpmcounter3,drift,seed12,54,11107.181818181818
hpmcounter3,drift,seed12,55,10937.260606060607
hpmcounter3,drift,seed12,56,10791.721212121212
hpmcounter3,drift,seed12,57,10718.915151515152
hpmcounter3,drift,seed12,58,10500.824242424242
hpmcounter3,drift,seed12,59,10137.387878787878
hpmcounter3,drift,seed12,60,9628.563636363637
hpmcounter3,drift,seed12,61,9240.751515151514
hpmcounter3,drift,seed12,62,9022.49090909091
hpmcounter3,drift,seed12,63,9022.309090909092
hpmcounter3,drift,seed12,64,9022.2
hpmcounter3,drift,seed12,65,9022.0
hpmcounter3,drift,seed12,66,9021.787878787878
hpmcounter3,drift,seed12,67,9021.763636363636
hpmcounter3,drift,seed12,68,9022.048484848485
hpmcounter3,drift,seed12,69,9022.121212121212
hpmcounter3,drift,seed12,70,9022.236363636364
hpmcounter3,drift,seed12,71,9022.28484848485
hpmcounter3,drift,seed12,72,9022.2
hpmcounter3,drift,seed12,73,9022.224242424243
hpmcounter3,drift,seed12,74,9022.290909090909
hpmcounter3,drift,seed12,75,9022.375757575757
hpmcounter3,drift,seed12,76,9022.551515151516
hpmcounter3,drift,seed12,77,9022.50909090909
hpmcounter3,drift,seed12,78,9022.648484848485
hpmcounter3,drift,seed12,79,9022.860606060605
hpmcounter3,drift,seed12,80,9022.987878787879
hpmcounter3,drift,seed12,81,9023.127272727274
hpmcounter3,drift,seed12,82,9023.024242424242
hpmcounter3,drift,seed12,83,9022.81212121212
hpmcounter3,drift,seed12,84,9022.733333333334
hpmcounter3,drift,seed12,85,9022.666666666666
hpmcounter3,drift,seed12,86,9022.71515151515
hpmcounter3,drift,seed12,87,9022.527272727273
hpmcounter3,drift,seed12,88,9022.278787878788
hpmcounter3,drift,seed12,89,9022.103030303031
hpmcounter3,drift,seed12,90,9022.024242424242
hpmcounter3,drift,seed12,91,9021.945454545454
hpmcounter3,drift,seed12,92,9021.987878787879
hpmcounter3,drift,seed12,93,9021.884848484848
hpmcounter3,drift,seed12,94,9021.90303030303
hpmcounter3,drift,seed12,95,9021.781818181818
hpmcounter3,drift,seed12,96,9021.709090909091
hpmcounter3,drift,seed12,97,9021.50909090909
hpmcounter3,drift,seed12,98,9021.260606060607
hpmcounter3,drift,seed12,99,9021.09696969697
hpmcounter3,drift,seed12,100,9021.127272727274
hpmcounter3,drift,seed12,101,9020.933333333332
hpmcounter3,drift,seed12,102,9020.751515151514
hpmcounter3,drift,seed12,103,9020.630303030302
hpmcounter3,drift,seed12,104,9020.569696969696
hpmcounter3,drift,seed12,105,9020.327272727272
hpmcounter3,drift,seed12,106,9020.224242424243
hpmcounter3,drift,seed12,107,9020.084848484848
hpmcounter3,drift,seed12,108,9020.127272727274
hpmcounter3,drift,seed12,109,9020.381818181819
hpmcounter3,drift,seed12,110,9020.915151515152
hpmcounter3,drift,seed12,111,9021.133333333333
hpmcounter3,drift,seed12,112,9021.145454545454
hpmcounter3,drift,seed12,113,9021.387878787878
hpmcounter3,drift,seed12,114,9021.757575757576
hpmcounter3,drift,seed12,115,9021.866666666667
hpmcounter3,drift,seed12,116,9021.878787878788
hpmcounter3,drift,seed12,117,9021.836363636363
hpmcounter3,drift,seed12,118,9021.915151515152
hpmcounter3,drift,seed12,119,9022.072727272727
hpmcounter3,drift,seed12,120,9022.145454545454
hpmcounter3,drift,seed12,121,9022.10909090909
hpmcounter3,drift,seed12,122,9021.915151515152
hpmcounter3,drift,seed12,123,9021.939393939394
hpmcounter3,drift,seed12,124,9022.139393939395
hpmcounter3,drift,seed12,125,9022.260606060607
hpmcounter3,drift,seed12,126,9022.4
hpmcounter3,drift,seed12,127,9022.654545454545
hpmcounter3,drift,seed12,128,9023.0
hpmcounter3,drift,seed12,129,9023.345454545455
hpmcounter3,drift,seed12,130,9023.424242424242
hpmcounter3,drift,seed12,131,9023.642424242424
hpmcounter3,drift,seed12,132,9023.854545454546
hpmcounter3,drift,seed12,133,9023.80606060606
hpmcounter3,drift,seed12,134,9023.80606060606
hpmcounter3,drift,seed12,135,9023.557575757575
hpmcounter3,drift,seed12,136,9023.260606060607
hpmcounter3,drift,seed12,137,9023.048484848485
hpmcounter3,drift,seed12,138,9022.878787878788
hpmcounter3,drift,seed12,139,9022.775757575757
hpmcounter3,drift,seed12,140,9022.781818181818
hpmcounter3,drift,seed12,141,9022.830303030303
hpmcounter3,drift,seed12,142,9022.957575757575
hpmcounter3,drift,seed12,143,9023.042424242425
hpmcounter3,drift,seed12,144,9023.248484848486
hpmcounter3,drift,seed12,145,9023.375757575757
hpmcounter3,drift,seed12,146,9023.50909090909
hpmcounter3,drift,seed12,147,9023.581818181818
hpmcounter3,drift,seed12,148,9023.70303030303
hpmcounter3,drift,seed12,149,9023.672727272728
hpmcounter3,drift,seed12,150,9023.70303030303
hpmcounter3,drift,seed12,151,9023.575757575758
hpmcounter3,drift,seed12,152,9023.181818181818
hpmcounter3,drift,seed12,153,9022.787878787878
hpmcounter3,drift,seed12,154,9022.527272727273
hpmcounter3,drift,seed12,155,9022.290909090909
hpmcounter3,drift,seed12,156,9022.387878787878
hpmcounter3,drift,seed12,157,9022.387878787878
hpmcounter3,drift,seed12,158,9022.448484848484
hpmcounter3,drift,seed12,159,9241.975757575758
hpmcounter3,drift,seed12,160,9412.70303030303
hpmcounter3,drift,seed12,161,9753.19393939394
hpmcounter3,drift,seed12,162,10214.472727272727
hpmcounter3,drift,seed12,163,10748.139393939395
hpmcounter3,drift,seed12,164,11305.872727272726
hpmcounter3,drift,seed12,165,11838.987878787879
hpmcounter3,drift,seed12,166,12299.133333333333
hpmcounter3,drift,seed12,167,12633.787878787878
hpmcounter3,drift,seed12,168,12581.036363636364
hpmcounter3,drift,seed12,169,12408.933333333332
hpmcounter3,drift,seed12,170,11898.272727272728
hpmcounter3,drift,seed12,171,11315.921212121211
hpmcounter3,drift,seed12,172,10710.278787878788
hpmcounter3,drift,seed12,173,10129.763636363636
hpmcounter3,drift,seed12,174,9622.763636363636
hpmcounter3,drift,seed12,175,9237.690909090908
hpmcounter3,drift,seed12,176,9022.945454545454
hpmcounter3,drift,seed12,177,9022.260606060607
hpmcounter3,drift,seed12,178,9021.751515151514
hpmcounter3,drift,seed12,179,9020.981818181817
hpmcounter3,drift,seed12,180,9020.430303030304
hpmcounter3,drift,seed12,181,9019.79393939394
hpmcounter3,drift,seed12,182,9019.321212121213
hpmcounter3,drift,seed12,183,9019.139393939395
hpmcounter3,drift,seed12,184,9019.151515151516
hpmcounter3,drift,seed12,185,9019.290909090909
hpmcounter3,drift,seed12,186,9019.49090909091
hpmcounter3,drift,seed12,187,9238.4
hpmcounter3,drift,seed12,188,9408.957575757575
hpmcounter3,drift,seed12,189,9530.775757575757
hpmcounter3,drift,seed12,190,9604.072727272727
hpmcounter3,drift,seed12,191,9628.527272727273
hpmcounter3,drift,seed12,192,9604.181818181818
hpmcounter3,drift,seed12,193,9531.145454545454
hpmcounter3,drift,seed12,194,9409.484848484848
hpmcounter3,drift,seed12,195,9239.212121212122
hpmcounter3,drift,seed12,196,9020.49090909091
hpmcounter3,drift,seed12,197,9020.672727272728
hpmcounter3,drift,seed12,198,9020.8
hpmcounter3,drift,seed12,199,9020.842424242424
hpmcounter3,drift,seed12,200,9020.824242424242
hpmcounter3,drift,seed12,201,9020.921212121211
hpmcounter3,drift,seed12,202,9021.030303030304
hpmcounter3,drift,seed12,203,9021.127272727274
hpmcounter3,drift,seed12,204,9021.29696969697
hpmcounter3,drift,seed12,205,9021.381818181819
hpmcounter3,drift,seed12,206,9021.515151515152
hpmcounter3,drift,seed12,207,9021.963636363636
hpmcounter3,drift,seed12,208,9022.272727272728
hpmcounter3,drift,seed12,209,9022.351515151515
hpmcounter3,drift,seed12,210,9022.175757575758
hpmcounter3,drift,seed12,211,9022.09696969697
hpmcounter3,drift,seed12,212,9022.060606060606
hpmcounter3,drift,seed12,213,9022.10909090909
hpmcounter3,drift,seed12,214,9022.242424242424
hpmcounter3,drift,seed12,215,9022.18787878788
hpmcounter3,drift,seed12,216,9021.90303030303
hpmcounter3,drift,seed12,217,9021.818181818182
hpmcounter3,drift,seed12,218,9022.042424242425
hpmcounter3,drift,seed12,219,9022.121212121212
hpmcounter3,drift,seed12,220,9022.163636363637
hpmcounter3,drift,seed12,221,9022.060606060606
hpmcounter3,drift,seed12,222,9022.066666666668
hpmcounter3,drift,seed12,223,9022.084848484848
hpmcounter3,drift,seed12,224,9241.084848484848
hpmcounter3,drift,seed12,225,9629.557575757575
hpmcounter3,drift,seed12,226,10138.751515151514
hpmcounter3,drift,seed12,227,10720.339393939394
hpmcounter3,drift,seed12,228,11326.315151515151
hpmcounter3,drift,seed12,229,11907.757575757576
hpmcounter3,drift,seed12,230,12416.28484848485
hpmcounter3,drift,seed12,231,12803.369696969698
hpmcounter3,drift,seed12,232,13016.90909090909
hpmcounter3,drift,seed12,233,12794.957575757575
hpmcounter3,drift,seed12,234,12405.09090909091
hpmcounter3,drift,seed12,235,11895.272727272728
hpmcounter3,drift,seed12,236,11313.709090909091
hpmcounter3,drift,seed12,237,10708.690909090908
hpmcounter3,drift,seed12,238,10128.896969696969
hpmcounter3,drift,seed12,239,9622.521212121212
hpmcounter3,drift,seed12,240,9237.933333333332
hpmcounter3,drift,seed12,241,9023.70303030303
hpmcounter3,drift,seed12,242,9023.448484848484
hpmcounter3,drift,seed12,243,9023.127272727274
hpmcounter3,drift,seed12,244,9022.860606060605
hpmcounter3,drift,seed12,245,9022.636363636364
hpmcounter3,drift,seed12,246,9022.58787878788
hpmcounter3,drift,seed12,247,9022.333333333334
hpmcounter3,drift,seed12,248,9022.327272727272
hpmcounter3,drift,seed12,249,9022.50303030303
hpmcounter3,drift,seed12,250,9022.836363636363
hpmcounter3,drift,seed12,251,9022.963636363636
hpmcounter3,drift,seed12,252,9023.224242424243
hpmcounter3,drift,seed12,253,9023.20606060606
hpmcounter3,drift,seed12,254,9023.230303030303
hpmcounter3,drift,seed12,255,9023.309090909092
hpmcounter3,drift,seed12,256,9023.49696969697
hpmcounter3,drift,seed12,257,9023.39393939394
hpmcounter3,drift,seed12,258,9023.448484848484
hpmcounter3,drift,seed12,259,9023.430303030304
hpmcounter3,drift,seed12,260,9023.769696969697
hpmcounter3,drift,seed12,261,9023.824242424242
hpmcounter3,drift,seed12,262,9024.078787878789
hpmcounter3,drift,seed12,263,9024.127272727274
hpmcounter3,drift,seed12,264,9023.848484848484
hpmcounter3,drift,seed12,265,9023.618181818181
hpmcounter3,drift,seed12,266,9023.218181818182
hpmcounter3,drift,seed12,267,9022.969696969696
hpmcounter3,drift,seed12,268,9022.872727272726
hpmcounter3,drift,seed12,269,9022.79393939394
hpmcounter3,drift,seed12,270,9023.084848484848
hpmcounter3,drift,seed12,271,9023.39393939394
hpmcounter3,drift,seed12,272,9023.612121212122
hpmcounter3,drift,seed12,273,9023.751515151514
hpmcounter3,drift,seed12,274,9023.787878787878
hpmcounter3,drift,seed12,275,9242.381818181819
hpmcounter3,drift,seed12,276,9630.436363636363
hpmcounter3,drift,seed12,277,10139.684848484849
hpmcounter3,drift,seed12,278,10721.369696969698
hpmcounter3,drift,seed12,279,11327.28484848485
hpmcounter3,drift,seed12,280,11690.963636363636
hpmcounter3,drift,seed12,281,11811.945454545454
hpmcounter3,drift,seed12,282,11690.418181818182
hpmcounter3,drift,seed12,283,11326.357575757576
hpmcounter3,drift,seed12,284,10720.103030303031
hpmcounter3,drift,seed12,285,10138.41212121212
hpmcounter3,drift,seed12,286,9629.521212121212
hpmcounter3,drift,seed12,287,9241.818181818182
hpmcounter3,drift,seed12,288,9023.6
hpmcounter3,drift,seed12,289,9023.460606060606
hpmcounter3,drift,seed12,290,9023.363636363636
hpmcounter3,drift,seed12,291,9023.121212121212
hpmcounter3,drift,seed12,292,9022.951515151515
hpmcounter3,drift,seed12,293,9022.90909090909
hpmcounter3,drift,seed12,294,9023.127272727274
hpmcounter3,drift,seed12,295,9023.375757575757
hpmcounter3,drift,seed12,296,9023.751515151514
hpmcounter3,drift,seed12,297,9024.09696969697
hpmcounter3,drift,seed12,298,9024.387878787878
hpmcounter3,drift,seed13,9,9015.460606060606
hpmcounter3,drift,seed13,10,9014.71515151515
hpmcounter3,drift,seed13,11,9014.472727272727
hpmcounter3,drift,seed13,12,9014.830303030303
hpmcounter3,drift,seed13,13,9015.690909090908
hpmcounter3,drift,seed13,14,9016.80606060606
hpmcounter3,drift,seed13,15,9018.127272727274
hpmcounter3,drift,seed13,16,9019.515151515152
hpmcounter3,drift,seed13,17,9020.818181818182
hpmcounter3,drift,seed13,18,9021.727272727272
hpmcounter3,drift,seed13,19,9022.272727272728
hpmcounter3,drift,seed13,20,9022.684848484849
hpmcounter3,drift,seed13,21,9022.921212121211
hpmcounter3,drift,seed13,22,9023.242424242424
hpmcounter3,drift,seed13,23,9023.60606060606
hpmcounter3,drift,seed13,24,9023.60606060606
hpmcounter3,drift,seed13,25,9023.648484848485
hpmcounter3,drift,seed13,26,9023.424242424242
hpmcounter3,drift,seed13,27,9022.957575757575
hpmcounter3,drift,seed13,28,9022.448484848484
hpmcounter3,drift,seed13,29,9022.139393939395
hpmcounter3,drift,seed13,30,9021.878787878788
hpmcounter3,drift,seed13,31,9021.563636363637
hpmcounter3,drift,seed13,32,9021.212121212122
hpmcounter3,drift,seed13,33,9021.036363636364
hpmcounter3,drift,seed13,34,9020.727272727272
hpmcounter3,drift,seed13,35,9020.781818181818
hpmcounter3,drift,seed13,36,9020.89090909091
hpmcounter3,drift,seed13,37,9020.8
hpmcounter3,drift,seed13,38,9020.709090909091
hpmcounter3,drift,seed13,39,9020.842424242424
hpmcounter3,drift,seed13,40,9021.036363636364
hpmcounter3,drift,seed13,41,9021.024242424242
hpmcounter3,drift,seed13,42,9020.781818181818
hpmcounter3,drift,seed13,43,9020.563636363637
hpmcounter3,drift,seed13,44,9020.49090909091
hpmcounter3,drift,seed13,45,9020.387878787878
hpmcounter3,drift,seed13,46,9020.424242424242
hpmcounter3,drift,seed13,47,9020.369696969698
hpmcounter3,drift,seed13,48,9020.333333333334
hpmcounter3,drift,seed13,49,9020.248484848486
hpmcounter3,drift,seed13,50,9020.30303030303
hpmcounter3,drift,seed13,51,9020.430303030304
hpmcounter3,drift,seed13,52,9020.824242424242
hpmcounter3,drift,seed13,53,9021.127272727274
hpmcounter3,drift,seed13,54,9021.745454545455
hpmcounter3,drift,seed13,55,9022.169696969697
hpmcounter3,drift,seed13,56,9022.593939393939
hpmcounter3,drift,seed13,57,9022.915151515152
hpmcounter3,drift,seed13,58,9023.054545454546
hpmcounter3,drift,seed13,59,9023.0
hpmcounter3,drift,seed13,60,9022.90303030303
hpmcounter3,drift,seed13,61,9022.79393939394
hpmcounter3,drift,seed13,62,9241.969696969696
hpmcounter3,drift,seed13,63,9412.345454545455
hpmcounter3,drift,seed13,64,9534.10909090909
hpmcounter3,drift,seed13,65,9607.084848484848
hpmcounter3,drift,seed13,66,9631.29696969697
hpmcounter3,drift,seed13,67,9606.836363636363
hpmcounter3,drift,seed13,68,9533.636363636364
hpmcounter3,drift,seed13,69,9411.684848484849
hpmcounter3,drift,seed13,70,9241.115151515152
hpmcounter3,drift,seed13,71,9021.951515151515
hpmcounter3,drift,seed13,72,9021.951515151515
hpmcounter3,drift,seed13,73,9022.006060606062
hpmcounter3,drift,seed13,74,9022.060606060606
hpmcounter3,drift,seed13,75,9021.963636363636
hpmcounter3,drift,seed13,76,9021.781818181818
hpmcounter3,drift,seed13,77,9021.515151515152
hpmcounter3,drift,seed13,78,9021.472727272727
hpmcounter3,drift,seed13,79,9021.41212121212
hpmcounter3,drift,seed13,80,9021.181818181818
hpmcounter3,drift,seed13,81,9020.939393939394
hpmcounter3,drift,seed13,82,9020.709090909091
hpmcounter3,drift,seed13,83,9020.581818181818
hpmcounter3,drift,seed13,84,9020.787878787878
hpmcounter3,drift,seed13,85,9020.915151515152
hpmcounter3,drift,seed13,86,9021.072727272727
hpmcounter3,drift,seed13,87,9021.248484848486
hpmcounter3,drift,seed13,88,9021.672727272728
hpmcounter3,drift,seed13,89,9022.103030303031
hpmcounter3,drift,seed13,90,9022.218181818182
hpmcounter3,drift,seed13,91,9022.181818181818
hpmcounter3,drift,seed13,92,9022.036363636364
hpmcounter3,drift,seed13,93,9021.539393939394
hpmcounter3,drift,seed13,94,9021.224242424243
hpmcounter3,drift,seed13,95,9020.896969696969
hpmcounter3,drift,seed13,96,9020.624242424243
hpmcounter3,drift,seed13,97,9020.636363636364
hpmcounter3,drift,seed13,98,9020.70303030303
hpmcounter3,drift,seed13,99,9020.79393939394
hpmcounter3,drift,seed13,100,9020.90909090909
hpmcounter3,drift,seed13,101,9020.872727272726
hpmcounter3,drift,seed13,102,9020.842424242424
hpmcounter3,drift,seed13,103,9020.69696969697
hpmcounter3,drift,seed13,104,9020.642424242424
hpmcounter3,drift,seed13,105,9020.533333333333
hpmcounter3,drift,seed13,106,9020.436363636363
hpmcounter3,drift,seed13,107,9020.563636363637
hpmcounter3,drift,seed13,108,9020.739393939393
hpmcounter3,drift,seed13,109,9020.939393939394
hpmcounter3,drift,seed13,110,9021.272727272728
hpmcounter3,drift,seed13,111,9021.254545454545
hpmcounter3,drift,seed13,112,9021.060606060606
hpmcounter3,drift,seed13,113,9020.975757575758
hpmcounter3,drift,seed13,114,9021.054545454546
hpmcounter3,drift,seed13,115,9021.230303030303
hpmcounter3,drift,seed13,116,9021.575757575758
hpmcounter3,drift,seed13,117,9021.975757575758
hpmcounter3,drift,seed13,118,9022.29696969697
hpmcounter3,drift,seed13,119,9022.60606060606
hpmcounter3,drift,seed13,120,9023.066666666668
hpmcounter3,drift,seed13,121,9023.103030303031
hpmcounter3,drift,seed13,122,9023.09696969697
hpmcounter3,drift,seed13,123,9023.078787878789
hpmcounter3,drift,seed13,124,9023.036363636364
hpmcounter3,drift,seed13,125,9023.121212121212
hpmcounter3,drift,seed13,126,9023.387878787878
hpmcounter3,drift,seed13,127,9023.50909090909
hpmcounter3,drift,seed13,128,9023.333333333334
hpmcounter3,drift,seed13,129,9023.266666666666
hpmcounter3,drift,seed13,130,9023.351515151515
hpmcounter3,drift,seed13,131,9023.048484848485
hpmcounter3,drift,seed13,132,9022.8
hpmcounter3,drift,seed13,133,9022.4
hpmcounter3,drift,seed13,134,9022.006060606062
hpmcounter3,drift,seed13,135,9021.733333333334
hpmcounter3,drift,seed13,136,9021.521212121212
hpmcounter3,drift,seed13,137,9021.424242424242
hpmcounter3,drift,seed13,138,9021.10909090909
hpmcounter3,drift,seed13,139,9021.084848484848
hpmcounter3,drift,seed13,140,9021.375757575757
hpmcounter3,drift,seed13,141,9021.60606060606
hpmcounter3,drift,seed13,142,9021.884848484848
hpmcounter3,drift,seed13,143,9022.078787878789
hpmcounter3,drift,seed13,144,9022.066666666668
hpmcounter3,drift,seed13,145,9021.969696969696
hpmcounter3,drift,seed13,146,9021.709090909091
hpmcounter3,drift,seed13,147,9021.660606060606
hpmcounter3,drift,seed13,148,9021.690909090908
hpmcounter3,drift,seed13,149,9021.763636363636
hpmcounter3,drift,seed13,150,9021.945454545454
hpmcounter3,drift,seed13,151,9022.072727272727
hpmcounter3,drift,seed13,152,9022.157575757576
hpmcounter3,drift,seed13,153,9022.321212121213
hpmcounter3,drift,seed13,154,9022.406060606061
hpmcounter3,drift,seed13,155,9022.333333333334
hpmcounter3,drift,seed13,156,9022.278787878788
hpmcounter3,drift,seed13,157,9022.054545454546
hpmcounter3,drift,seed13,158,9021.993939393938
hpmcounter3,drift,seed13,159,9021.89090909091
hpmcounter3,drift,seed13,160,9021.824242424242
hpmcounter3,drift,seed13,161,9240.672727272728
hpmcounter3,drift,seed13,162,9629.60606060606
hpmcounter3,drift,seed13,163,10139.745454545455
hpmcounter3,drift,seed13,164,10722.745454545455
hpmcounter3,drift,seed13,165,11111.242424242424
hpmcounter3,drift,seed13,166,11305.709090909091
hpmcounter3,drift,seed13,167,11305.757575757576
hpmcounter3,drift,seed13,168,11111.539393939394
hpmcounter3,drift,seed13,169,10722.787878787878
hpmcounter3,drift,seed13,170,10139.39393939394
hpmcounter3,drift,seed13,171,9629.115151515152
hpmcounter3,drift,seed13,172,9240.648484848485
hpmcounter3,drift,seed13,173,9022.175757575758
hpmcounter3,drift,seed13,174,9022.218181818182
hpmcounter3,drift,seed13,175,9022.133333333333
hpmcounter3,drift,seed13,176,9022.121212121212
hpmcounter3,drift,seed13,177,9022.151515151516
hpmcounter3,drift,seed13,178,9022.357575757576
hpmcounter3,drift,seed13,179,9022.563636363637
hpmcounter3,drift,seed13,180,9022.612121212122
hpmcounter3,drift,seed13,181,9022.454545454546
hpmcounter3,drift,seed13,182,9022.333333333334
hpmcounter3,drift,seed13,183,9022.448484848484
hpmcounter3,drift,seed13,184,9022.515151515152
hpmcounter3,drift,seed13,185,9022.545454545454
hpmcounter3,drift,seed13,186,9022.472727272727
hpmcounter3,drift,seed13,187,9022.242424242424
hpmcounter3,drift,seed13,188,9022.163636363637
hpmcounter3,drift,seed13,189,9021.939393939394
hpmcounter3,drift,seed13,190,9021.727272727272
hpmcounter3,drift,seed13,191,9021.442424242425
hpmcounter3,drift,seed13,192,9021.218181818182
hpmcounter3,drift,seed13,193,9021.18787878788
hpmcounter3,drift,seed13,194,9020.957575757575
hpmcounter3,drift,seed13,195,9020.848484848484
hpmcounter3,drift,seed13,196,9020.860606060605
hpmcounter3,drift,seed13,197,9020.860606060605
hpmcounter3,drift,seed13,198,9020.981818181817
hpmcounter3,drift,seed13,199,9021.115151515152
hpmcounter3,drift,seed13,200,9021.127272727274
hpmcounter3,drift,seed13,201,9021.181818181818
hpmcounter3,drift,seed13,202,9021.484848484848
hpmcounter3,drift,seed13,203,9021.836363636363
hpmcounter3,drift,seed13,204,9022.078787878789
hpmcounter3,drift,seed13,205,9022.351515151515
hpmcounter3,drift,seed13,206,9022.478787878788
hpmcounter3,drift,seed13,207,9022.484848484848
hpmcounter3,drift,seed13,208,9022.369696969698
hpmcounter3,drift,seed13,209,9022.078787878789
hpmcounter3,drift,seed13,210,9021.678787878787
hpmcounter3,drift,seed13,211,9021.236363636364
hpmcounter3,drift,seed13,212,9021.030303030304
hpmcounter3,drift,seed13,213,9020.896969696969
hpmcounter3,drift,seed13,214,9020.860606060605
hpmcounter3,drift,seed13,215,9020.90303030303
hpmcounter3,drift,seed13,216,9020.969696969696
hpmcounter3,drift,seed13,217,9021.036363636364
hpmcounter3,drift,seed13,218,9021.266666666666
hpmcounter3,drift,seed13,219,9021.50303030303
hpmcounter3,drift,seed13,220,9021.775757575757
hpmcounter3,drift,seed13,221,9021.787878787878
hpmcounter3,drift,seed13,222,9021.739393939393
hpmcounter3,drift,seed13,223,9021.654545454545
hpmcounter3,drift,seed13,224,9021.533333333333
hpmcounter3,drift,seed13,225,9021.242424242424
hpmcounter3,drift,seed13,226,9020.969696969696
hpmcounter3,drift,seed13,227,9020.672727272728
hpmcounter3,drift,seed13,228,9020.551515151516
hpmcounter3,drift,seed13,229,9020.630303030302
hpmcounter3,drift,seed13,230,9020.81212121212
hpmcounter3,drift,seed13,231,9020.963636363636
hpmcounter3,drift,seed13,232,9021.115151515152
hpmcounter3,drift,seed13,233,9021.515151515152
hpmcounter3,drift,seed13,234,9021.939393939394
hpmcounter3,drift,seed13,235,9022.309090909092
hpmcounter3,drift,seed13,236,9022.709090909091
hpmcounter3,drift,seed13,237,9023.036363636364
hpmcounter3,drift,seed13,238,9023.375757575757
hpmcounter3,drift,seed13,239,9023.636363636364
hpmcounter3,drift,seed13,240,9023.781818181818
hpmcounter3,drift,seed13,241,9023.733333333334
hpmcounter3,drift,seed13,242,9023.709090909091
hpmcounter3,drift,seed13,243,9023.666666666666
hpmcounter3,drift,seed13,244,9023.630303030302
hpmcounter3,drift,seed13,245,9023.521212121212
hpmcounter3,drift,seed13,246,9023.242424242424
hpmcounter3,drift,seed13,247,9022.842424242424
hpmcounter3,drift,seed13,248,9022.369696969698
hpmcounter3,drift,seed13,249,9021.981818181817
hpmcounter3,drift,seed13,250,9021.484848484848
hpmcounter3,drift,seed13,251,9021.036363636364
hpmcounter3,drift,seed13,252,9021.012121212121
hpmcounter3,drift,seed13,253,9021.036363636364
hpmcounter3,drift,seed13,254,9021.121212121212
hpmcounter3,drift,seed13,255,9021.369696969698
hpmcounter3,drift,seed13,256,9021.593939393939
hpmcounter3,drift,seed13,257,9021.769696969697
hpmcounter3,drift,seed13,258,9021.872727272726
hpmcounter3,drift,seed13,259,9022.121212121212
hpmcounter3,drift,seed13,260,9022.169696969697
hpmcounter3,drift,seed13,261,9022.224242424243
hpmcounter3,drift,seed13,262,9022.460606060606
hpmcounter3,drift,seed13,263,9022.71515151515
hpmcounter3,drift,seed13,264,9022.636363636364
hpmcounter3,drift,seed13,265,9022.41212121212
hpmcounter3,drift,seed13,266,9021.957575757575
hpmcounter3,drift,seed13,267,9021.484848484848
hpmcounter3,drift,seed13,268,9021.115151515152
hpmcounter3,drift,seed13,269,9020.80606060606
hpmcounter3,drift,seed13,270,9020.593939393939
hpmcounter3,drift,seed13,271,9020.448484848484
hpmcounter3,drift,seed13,272,9020.527272727273
hpmcounter3,drift,seed13,273,9020.612121212122
hpmcounter3,drift,seed13,274,9020.648484848485
hpmcounter3,drift,seed13,275,9020.745454545455
hpmcounter3,drift,seed13,276,9020.854545454546
hpmcounter3,drift,seed13,277,9020.884848484848
hpmcounter3,drift,seed13,278,9021.2
hpmcounter3,drift,seed13,279,9021.642424242424
hpmcounter3,drift,seed13,280,9022.218181818182
hpmcounter3,drift,seed13,281,9022.648484848485
hpmcounter3,drift,seed13,282,9022.975757575758
hpmcounter3,drift,seed13,283,9023.012121212121
hpmcounter3,drift,seed13,284,9023.030303030304
hpmcounter3,drift,seed13,285,9022.830303030303
hpmcounter3,drift,seed13,286,9022.733333333334
hpmcounter3,drift,seed13,287,9022.484848484848
hpmcounter3,drift,seed13,288,9022.315151515151
hpmcounter3,drift,seed13,289,9022.248484848486
hpmcounter3,drift,seed13,290,9022.375757575757
hpmcounter3,drift,seed13,291,9022.357575757576
hpmcounter3,drift,seed13,292,9022.436363636363
hpmcounter3,drift,seed13,293,9022.290909090909
hpmcounter3,drift,seed13,294,9022.351515151515
hpmcounter3,drift,seed13,295,9022.309090909092
hpmcounter3,drift,seed13,296,9022.272727272728
hpmcounter3,drift,seed13,297,9022.2
hpmcounter3,drift,seed13,298,9241.169696969697
hpmcounter3,drift,seed14,9,9014.818181818182
hpmcounter3,drift,seed14,10,9014.121212121212
hpmcounter3,drift,seed14,11,9014.0
hpmcounter3,drift,seed14,12,9014.418181818182
hpmcounter3,drift,seed14,13,9015.115151515152
hpmcounter3,drift,seed14,14,9015.975757575758
hpmcounter3,drift,seed14,15,9017.09696969697
hpmcounter3,drift,seed14,16,9018.242424242424
hpmcounter3,drift,seed14,17,9019.381818181819
hpmcounter3,drift,seed14,18,9020.163636363637
hpmcounter3,drift,seed14,19,9020.521212121212
hpmcounter3,drift,seed14,20,9020.915151515152
hpmcounter3,drift,seed14,21,9021.315151515151
hpmcounter3,drift,seed14,22,9021.545454545454
hpmcounter3,drift,seed14,23,9021.872727272726
hpmcounter3,drift,seed14,24,9021.975757575758
hpmcounter3,drift,seed14,25,9021.896969696969
hpmcounter3,drift,seed14,26,9021.527272727273
hpmcounter3,drift,seed14,27,9021.024242424242
hpmcounter3,drift,seed14,28,9020.630303030302
hpmcounter3,drift,seed14,29,9020.321212121213
hpmcounter3,drift,seed14,30,9020.430303030304
hpmcounter3,drift,seed14,31,9020.860606060605
hpmcounter3,drift,seed14,32,9021.048484848485
hpmcounter3,drift,seed14,33,9021.290909090909
hpmcounter3,drift,seed14,34,9021.478787878788
hpmcounter3,drift,seed14,35,9021.830303030303
hpmcounter3,drift,seed14,36,9022.20606060606
hpmcounter3,drift,seed14,37,9022.072727272727
hpmcounter3,drift,seed14,38,9022.157575757576
hpmcounter3,drift,seed14,39,9022.10909090909
hpmcounter3,drift,seed14,40,9021.951515151515
hpmcounter3,drift,seed14,41,9021.733333333334
hpmcounter3,drift,seed14,42,9021.478787878788
hpmcounter3,drift,seed14,43,9021.121212121212
hpmcounter3,drift,seed14,44,9020.71515151515
hpmcounter3,drift,seed14,45,9020.678787878787
hpmcounter3,drift,seed14,46,9021.036363636364
hpmcounter3,drift,seed14,47,9021.127272727274
hpmcounter3,drift,seed14,48,9021.49090909091
hpmcounter3,drift,seed14,49,9021.927272727273
hpmcounter3,drift,seed14,50,9022.442424242425
hpmcounter3,drift,seed14,51,9022.678787878787
hpmcounter3,drift,seed14,52,9022.854545454546
hpmcounter3,drift,seed14,53,9022.945454545454
hpmcounter3,drift,seed14,54,9023.036363636364
hpmcounter3,drift,seed14,55,9023.236363636364
hpmcounter3,drift,seed14,56,9023.533333333333
hpmcounter3,drift,seed14,57,9023.648484848485
hpmcounter3,drift,seed14,58,9023.733333333334
hpmcounter3,drift,seed14,59,9023.733333333334
hpmcounter3,drift,seed14,60,9023.90303030303
hpmcounter3,drift,seed14,61,9023.878787878788
hpmcounter3,drift,seed14,62,9023.878787878788
hpmcounter3,drift,seed14,63,9023.878787878788
hpmcounter3,drift,seed14,64,9023.824242424242
hpmcounter3,drift,seed14,65,9023.563636363637
hpmcounter3,drift,seed14,66,9023.321212121213
hpmcounter3,drift,seed14,67,9241.90303030303
hpmcounter3,drift,seed14,68,9630.430303030304
hpmcounter3,drift,seed14,69,10140.060606060606
hpmcounter3,drift,seed14,70,10722.351515151515
hpmcounter3,drift,seed14,71,11110.448484848484
hpmcounter3,drift,seed14,72,11522.775757575757
hpmcounter3,drift,seed14,73,11692.448484848484
hpmcounter3,drift,seed14,74,11619.533333333333
hpmcounter3,drift,seed14,75,11303.818181818182
hpmcounter3,drift,seed14,76,10745.278787878788
hpmcounter3,drift,seed14,77,10211.49090909091
hpmcounter3,drift,seed14,78,9750.618181818181
hpmcounter3,drift,seed14,79,9411.19393939394
hpmcounter3,drift,seed14,80,9241.309090909092
hpmcounter3,drift,seed14,81,9023.048484848485
hpmcounter3,drift,seed14,82,9023.078787878789
hpmcounter3,drift,seed14,83,9023.084848484848
hpmcounter3,drift,seed14,84,9023.175757575758
hpmcounter3,drift,seed14,85,9023.351515151515
hpmcounter3,drift,seed14,86,9023.369696969698
hpmcounter3,drift,seed14,87,9023.581818181818
hpmcounter3,drift,seed14,88,9023.612121212122
hpmcounter3,drift,seed14,89,9023.769696969697
hpmcounter3,drift,seed14,90,9023.624242424243
hpmcounter3,drift,seed14,91,9023.418181818182
hpmcounter3,drift,seed14,92,9023.175757575758
hpmcounter3,drift,seed14,93,9022.866666666667
hpmcounter3,drift,seed14,94,9022.581818181818
hpmcounter3,drift,seed14,95,9022.290909090909
hpmcounter3,drift,seed14,96,9022.060606060606
hpmcounter3,drift,seed14,97,9022.133333333333
hpmcounter3,drift,seed14,98,9022.157575757576
hpmcounter3,drift,seed14,99,9022.212121212122
hpmcounter3,drift,seed14,100,9022.418181818182
hpmcounter3,drift,seed14,101,9022.521212121212
hpmcounter3,drift,seed14,102,9022.58787878788
hpmcounter3,drift,seed14,103,9022.660606060606
hpmcounter3,drift,seed14,104,9022.551515151516
hpmcounter3,drift,seed14,105,9022.49090909091
hpmcounter3,drift,seed14,106,9022.357575757576
hpmcounter3,drift,seed14,107,9022.309090909092
hpmcounter3,drift,seed14,108,9022.127272727274
hpmcounter3,drift,seed14,109,9022.09696969697
hpmcounter3,drift,seed14,110,9022.151515151516
hpmcounter3,drift,seed14,111,9021.90909090909
hpmcounter3,drift,seed14,112,9021.854545454546
hpmcounter3,drift,seed14,113,9022.084848484848
hpmcounter3,drift,seed14,114,9022.266666666666
hpmcounter3,drift,seed14,115,9022.739393939393
hpmcounter3,drift,seed14,116,9023.115151515152
hpmcounter3,drift,seed14,117,9023.369696969698
hpmcounter3,drift,seed14,118,9023.424242424242
hpmcounter3,drift,seed14,119,9023.860606060605
hpmcounter3,drift,seed14,120,9024.115151515152
hpmcounter3,drift,seed14,121,9023.8
hpmcounter3,drift,seed14,122,9023.357575757576
hpmcounter3,drift,seed14,123,9023.012121212121
hpmcounter3,drift,seed14,124,9022.775757575757
hpmcounter3,drift,seed14,125,9022.60606060606
hpmcounter3,drift,seed14,126,9022.472727272727
hpmcounter3,drift,seed14,127,9022.266666666666
hpmcounter3,drift,seed14,128,9022.218181818182
hpmcounter3,drift,seed14,129,9022.351515151515
hpmcounter3,drift,seed14,130,9022.418181818182
hpmcounter3,drift,seed14,131,9022.527272727273
hpmcounter3,drift,seed14,132,9022.454545454546
hpmcounter3,drift,seed14,133,9241.321212121213
hpmcounter3,drift,seed14,134,9411.49696969697
hpmcounter3,drift,seed14,135,9533.115151515152
hpmcounter3,drift,seed14,136,9606.151515151516
hpmcounter3,drift,seed14,137,9630.472727272727
hpmcounter3,drift,seed14,138,9606.278787878788
hpmcounter3,drift,seed14,139,9533.339393939394
hpmcounter3,drift,seed14,140,9411.575757575758
hpmcounter3,drift,seed14,141,9241.29696969697
hpmcounter3,drift,seed14,142,9022.230303030303
hpmcounter3,drift,seed14,143,9022.0
hpmcounter3,drift,seed14,144,9021.933333333332
hpmcounter3,drift,seed14,145,9021.993939393938
hpmcounter3,drift,seed14,146,9022.19393939394
hpmcounter3,drift,seed14,147,9022.357575757576
hpmcounter3,drift,seed14,148,9022.593939393939
hpmcounter3,drift,seed14,149,9022.71515151515
hpmcounter3,drift,seed14,150,9022.787878787878
hpmcounter3,drift,seed14,151,9022.70303030303
hpmcounter3,drift,seed14,152,9022.460606060606
hpmcounter3,drift,seed14,153,9021.981818181817
hpmcounter3,drift,seed14,154,9021.775757575757
hpmcounter3,drift,seed14,155,9240.690909090908
hpmcounter3,drift,seed14,156,9629.406060606061
hpmcounter3,drift,seed14,157,10139.006060606062
hpmcounter3,drift,seed14,158,10721.218181818182
hpmcounter3,drift,seed14,159,11327.50303030303
hpmcounter3,drift,seed14,160,11691.345454545455
hpmcounter3,drift,seed14,161,11812.466666666667
hpmcounter3,drift,seed14,162,11691.018181818183
hpmcounter3,drift,seed14,163,11326.90909090909
hpmcounter3,drift,seed14,164,10720.169696969697
hpmcounter3,drift,seed14,165,10138.563636363637
hpmcounter3,drift,seed14,166,9629.878787878788
hpmcounter3,drift,seed14,167,9242.333333333334
hpmcounter3,drift,seed14,168,9024.406060606061
hpmcounter3,drift,seed14,169,9024.6
hpmcounter3,drift,seed14,170,9024.787878787878
hpmcounter3,drift,seed14,171,9024.848484848484
hpmcounter3,drift,seed14,172,9024.836363636363
hpmcounter3,drift,seed14,173,9024.642424242424
hpmcounter3,drift,seed14,174,9024.454545454546
hpmcounter3,drift,seed14,175,9024.272727272728
hpmcounter3,drift,seed14,176,9023.933333333332
hpmcounter3,drift,seed14,177,9023.484848484848
hpmcounter3,drift,seed14,178,9023.0
hpmcounter3,drift,seed14,179,9022.484848484848
hpmcounter3,drift,seed14,180,9022.151515151516
hpmcounter3,drift,seed14,181,9021.836363636363
hpmcounter3,drift,seed14,182,9240.139393939395
hpmcounter3,drift,seed14,183,9627.957575757575
hpmcounter3,drift,seed14,184,10137.030303030304
hpmcounter3,drift,seed14,185,10718.866666666667
hpmcounter3,drift,seed14,186,11325.006060606062
hpmcounter3,drift,seed14,187,11906.830303030303
hpmcounter3,drift,seed14,188,12415.830303030303
hpmcounter3,drift,seed14,189,12803.49696969697
hpmcounter3,drift,seed14,190,12803.18787878788
hpmcounter3,drift,seed14,191,12414.775757575757
hpmcounter3,drift,seed14,192,11905.648484848485
hpmcounter3,drift,seed14,193,11323.939393939394
hpmcounter3,drift,seed14,194,10717.81212121212
hpmcounter3,drift,seed14,195,10135.818181818182
hpmcounter3,drift,seed14,196,9626.684848484849
hpmcounter3,drift,seed14,197,9239.006060606062
hpmcounter3,drift,seed14,198,9021.133333333333
hpmcounter3,drift,seed14,199,9021.660606060606
hpmcounter3,drift,seed14,200,9022.006060606062
hpmcounter3,drift,seed14,201,9022.230303030303
hpmcounter3,drift,seed14,202,9022.418181818182
hpmcounter3,drift,seed14,203,9022.70303030303
hpmcounter3,drift,seed14,204,9023.048484848485
hpmcounter3,drift,seed14,205,9023.20606060606
hpmcounter3,drift,seed14,206,9023.327272727272
hpmcounter3,drift,seed14,207,9023.41212121212
hpmcounter3,drift,seed14,208,9023.351515151515
hpmcounter3,drift,seed14,209,9023.333333333334
hpmcounter3,drift,seed14,210,9023.181818181818
hpmcounter3,drift,seed14,211,9023.139393939395
hpmcounter3,drift,seed14,212,9023.181818181818
hpmcounter3,drift,seed14,213,9023.260606060607
hpmcounter3,drift,seed14,214,9023.49696969697
hpmcounter3,drift,seed14,215,9023.563636363637
hpmcounter3,drift,seed14,216,9023.387878787878
hpmcounter3,drift,seed14,217,9023.127272727274
hpmcounter3,drift,seed14,218,9022.672727272728
hpmcounter3,drift,seed14,219,9022.333333333334
hpmcounter3,drift,seed14,220,9022.139393939395
hpmcounter3,drift,seed14,221,9021.848484848484
hpmcounter3,drift,seed14,222,9021.751515151514
hpmcounter3,drift,seed14,223,9021.787878787878
hpmcounter3,drift,seed14,224,9021.884848484848
hpmcounter3,drift,seed14,225,9021.878787878788
hpmcounter3,drift,seed14,226,9021.8
hpmcounter3,drift,seed14,227,9021.733333333334
hpmcounter3,drift,seed14,228,9021.545454545454
hpmcounter3,drift,seed14,229,9021.69696969697
hpmcounter3,drift,seed14,230,9021.969696969696
hpmcounter3,drift,seed14,231,9022.145454545454
hpmcounter3,drift,seed14,232,9022.278787878788
hpmcounter3,drift,seed14,233,9022.30303030303
hpmcounter3,drift,seed14,234,9022.260606060607
hpmcounter3,drift,seed14,235,9022.127272727274
hpmcounter3,drift,seed14,236,9022.078787878789
hpmcounter3,drift,seed14,237,9021.678787878787
hpmcounter3,drift,seed14,238,9021.218181818182
hpmcounter3,drift,seed14,239,9020.987878787879
hpmcounter3,drift,seed14,240,9020.660606060606
hpmcounter3,drift,seed14,241,9020.69696969697
hpmcounter3,drift,seed14,242,9020.818181818182
hpmcounter3,drift,seed14,243,9020.90303030303
hpmcounter3,drift,seed14,244,9021.19393939394
hpmcounter3,drift,seed14,245,9021.678787878787
hpmcounter3,drift,seed14,246,9022.181818181818
hpmcounter3,drift,seed14,247,9022.424242424242
hpmcounter3,drift,seed14,248,9022.533333333333
hpmcounter3,drift,seed14,249,9022.375757575757
hpmcounter3,drift,seed14,250,9022.006060606062
hpmcounter3,drift,seed14,251,9021.757575757576
hpmcounter3,drift,seed14,252,9021.612121212122
hpmcounter3,drift,seed14,253,9021.272727272728
hpmcounter3,drift,seed14,254,9021.006060606062
hpmcounter3,drift,seed14,255,9020.684848484849
hpmcounter3,drift,seed14,256,9020.236363636364
hpmcounter3,drift,seed14,257,9019.830303030303
hpmcounter3,drift,seed14,258,9019.569696969696
hpmcounter3,drift,seed14,259,9019.345454545455
hpmcounter3,drift,seed14,260,9019.387878787878
hpmcounter3,drift,seed14,261,9019.551515151516
hpmcounter3,drift,seed14,262,9019.727272727272
hpmcounter3,drift,seed14,263,9020.048484848485
hpmcounter3,drift,seed14,264,9020.49090909091
hpmcounter3,drift,seed14,265,9021.006060606062
hpmcounter3,drift,seed14,266,9021.41212121212
hpmcounter3,drift,seed14,267,9021.551515151516
hpmcounter3,drift,seed14,268,9021.860606060605
hpmcounter3,drift,seed14,269,9021.939393939394
hpmcounter3,drift,seed14,270,9021.987878787879
hpmcounter3,drift,seed14,271,9022.19393939394
hpmcounter3,drift,seed14,272,9022.048484848485
hpmcounter3,drift,seed14,273,9021.79393939394
hpmcounter3,drift,seed14,274,9021.345454545455
hpmcounter3,drift,seed14,275,9020.993939393938
hpmcounter3,drift,seed14,276,9020.872727272726
hpmcounter3,drift,seed14,277,9020.71515151515
hpmcounter3,drift,seed14,278,9021.006060606062
hpmcounter3,drift,seed14,279,9021.151515151516
hpmcounter3,drift,seed14,280,9021.151515151516
hpmcounter3,drift,seed14,281,9021.381818181819
hpmcounter3,drift,seed14,282,9021.654545454545
hpmcounter3,drift,seed14,283,9022.042424242425
hpmcounter3,drift,seed14,284,9022.29696969697
hpmcounter3,drift,seed14,285,9022.369696969698
hpmcounter3,drift,seed14,286,9022.50303030303
hpmcounter3,drift,seed14,287,9022.424242424242
hpmcounter3,drift,seed14,288,9022.466666666667
hpmcounter3,drift,seed14,289,9022.169696969697
hpmcounter3,drift,seed14,290,9021.666666666666
hpmcounter3,drift,seed14,291,9020.981818181817
hpmcounter3,drift,seed14,292,9020.448484848484
hpmcounter3,drift,seed14,293,9020.212121212122
hpmcounter3,drift,seed14,294,9020.078787878789
hpmcounter3,drift,seed14,295,9020.030303030304
hpmcounter3,drift,seed14,296,9020.2
hpmcounter3,drift,seed14,297,9020.333333333334
hpmcounter3,drift,seed14,298,9020.60606060606
hpmcounter3,drift,seed15,9,11822.163636363637
hpmcounter3,drift,seed15,10,12111.690909090908
hpmcounter3,drift,seed15,11,12335.739393939393
hpmcounter3,drift,seed15,12,12445.939393939394
hpmcounter3,drift,seed15,13,12393.424242424242
hpmcounter3,drift,seed15,14,12386.478787878788
hpmcounter3,drift,seed15,15,12423.733333333334
hpmcounter3,drift,seed15,16,12286.8
hpmcounter3,drift,seed15,17,12024.975757575758
hpmcounter3,drift,seed15,18,11687.224242424243
hpmcounter3,drift,seed15,19,11323.103030303031
hpmcounter3,drift,seed15,20,10716.030303030304
hpmcounter3,drift,seed15,21,10133.333333333334
hpmcounter3,drift,seed15,22,9623.89090909091
hpmcounter3,drift,seed15,23,9236.163636363637
hpmcounter3,drift,seed15,24,9018.29696969697
hpmcounter3,drift,seed15,25,9018.50909090909
hpmcounter3,drift,seed15,26,9018.593939393939
hpmcounter3,drift,seed15,27,9018.90303030303
hpmcounter3,drift,seed15,28,9019.345454545455
hpmcounter3,drift,seed15,29,9019.41212121212
hpmcounter3,drift,seed15,30,9019.290909090909
hpmcounter3,drift,seed15,31,9019.224242424243
hpmcounter3,drift,seed15,32,9019.133333333333
hpmcounter3,drift,seed15,33,9019.018181818183
hpmcounter3,drift,seed15,34,9019.121212121212
hpmcounter3,drift,seed15,35,9019.515151515152
hpmcounter3,drift,seed15,36,9020.278787878788
hpmcounter3,drift,seed15,37,9021.260606060607
hpmcounter3,drift,seed15,38,9022.424242424242
hpmcounter3,drift,seed15,39,9023.236363636364
hpmcounter3,drift,seed15,40,9023.690909090908
hpmcounter3,drift,seed15,41,9024.036363636364
hpmcounter3,drift,seed15,42,9024.224242424243
hpmcounter3,drift,seed15,43,9024.072727272727
hpmcounter3,drift,seed15,44,9023.884848484848
hpmcounter3,drift,seed15,45,9023.593939393939
hpmcounter3,drift,seed15,46,9023.28484848485
hpmcounter3,drift,seed15,47,9022.987878787879
hpmcounter3,drift,seed15,48,9022.630303030302
hpmcounter3,drift,seed15,49,9022.236363636364
hpmcounter3,drift,seed15,50,9021.80606060606
hpmcounter3,drift,seed15,51,9021.581818181818
hpmcounter3,drift,seed15,52,9021.836363636363
hpmcounter3,drift,seed15,53,9022.127272727274
hpmcounter3,drift,seed15,54,9022.50303030303
hpmcounter3,drift,seed15,55,9022.769696969697
hpmcounter3,drift,seed15,56,9241.248484848486
hpmcounter3,drift,seed15,57,9629.49090909091
hpmcounter3,drift,seed15,58,9920.375757575757
hpmcounter3,drift,seed15,59,10332.436363636363
hpmcounter3,drift,seed15,60,10817.054545454546
hpmcounter3,drift,seed15,61,11325.71515151515
hpmcounter3,drift,seed15,62,11810.436363636363
hpmcounter3,drift,seed15,63,12222.09090909091
hpmcounter3,drift,seed15,64,12294.333333333334
hpmcounter3,drift,seed15,65,12245.036363636364
hpmcounter3,drift,seed15,66,12074.581818181818
hpmcounter3,drift,seed15,67,11831.630303030302
hpmcounter3,drift,seed15,68,11297.915151515152
hpmcounter3,drift,seed15,69,10740.345454545455
hpmcounter3,drift,seed15,70,10207.515151515152
hpmcounter3,drift,seed15,71,9747.49696969697
hpmcounter3,drift,seed15,72,9408.80606060606
hpmcounter3,drift,seed15,73,9457.927272727273
hpmcounter3,drift,seed15,74,9628.551515151516
hpmcounter3,drift,seed15,75,9920.157575757576
hpmcounter3,drift,seed15,76,10114.709090909091
hpmcounter3,drift,seed15,77,10211.975757575758
hpmcounter3,drift,seed15,78,10212.042424242425
hpmcounter3,drift,seed15,79,10114.690909090908
hpmcounter3,drift,seed15,80,9920.345454545455
hpmcounter3,drift,seed15,81,9628.769696969697
hpmcounter3,drift,seed15,82,9240.012121212121
hpmcounter3,drift,seed15,83,9020.81212121212
hpmcounter3,drift,seed15,84,9020.09090909091
hpmcounter3,drift,seed15,85,9019.448484848484
hpmcounter3,drift,seed15,86,9019.024242424242
hpmcounter3,drift,seed15,87,9018.915151515152
hpmcounter3,drift,seed15,88,9018.927272727273
hpmcounter3,drift,seed15,89,9019.006060606062
hpmcounter3,drift,seed15,90,9019.357575757576
hpmcounter3,drift,seed15,91,9019.539393939394
hpmcounter3,drift,seed15,92,9019.836363636363
hpmcounter3,drift,seed15,93,9019.79393939394
hpmcounter3,drift,seed15,94,9020.006060606062
hpmcounter3,drift,seed15,95,9020.29696969697
hpmcounter3,drift,seed15,96,9020.345454545455
hpmcounter3,drift,seed15,97,9020.20606060606
hpmcounter3,drift,seed15,98,9019.836363636363
hpmcounter3,drift,seed15,99,9019.49090909091
hpmcounter3,drift,seed15,100,9019.6
hpmcounter3,drift,seed15,101,9019.6
hpmcounter3,drift,seed15,102,9019.624242424243
hpmcounter3,drift,seed15,103,9019.4
hpmcounter3,drift,seed15,104,9019.424242424242
hpmcounter3,drift,seed15,105,9019.357575757576
hpmcounter3,drift,seed15,106,9019.4
hpmcounter3,drift,seed15,107,9019.351515151515
hpmcounter3,drift,seed15,108,9019.406060606061
hpmcounter3,drift,seed15,109,9019.29696969697
hpmcounter3,drift,seed15,110,9019.478787878788
hpmcounter3,drift,seed15,111,9019.515151515152
hpmcounter3,drift,seed15,112,9019.430303030304
hpmcounter3,drift,seed15,113,9019.157575757576
hpmcounter3,drift,seed15,114,9019.115151515152
hpmcounter3,drift,seed15,115,9019.09090909091
hpmcounter3,drift,seed15,116,9019.115151515152
hpmcounter3,drift,seed15,117,9019.078787878789
hpmcounter3,drift,seed15,118,9019.20606060606
hpmcounter3,drift,seed15,119,9019.115151515152
hpmcounter3,drift,seed15,120,9019.181818181818
hpmcounter3,drift,seed15,121,9019.248484848486
hpmcounter3,drift,seed15,122,9019.212121212122
hpmcounter3,drift,seed15,123,9019.115151515152
hpmcounter3,drift,seed15,124,9234.58787878788
hpmcounter3,drift,seed15,125,9402.593939393939
hpmcounter3,drift,seed15,126,9522.757575757576
hpmcounter3,drift,seed15,127,9595.0
hpmcounter3,drift,seed15,128,9619.28484848485
hpmcounter3,drift,seed15,129,9595.387878787878
hpmcounter3,drift,seed15,130,9523.527272727273
hpmcounter3,drift,seed15,131,9403.727272727272
hpmcounter3,drift,seed15,132,9235.945454545454
hpmcounter3,drift,seed15,133,9020.236363636364
hpmcounter3,drift,seed15,134,9019.987878787879
hpmcounter3,drift,seed15,135,9019.836363636363
hpmcounter3,drift,seed15,136,9019.751515151514
hpmcounter3,drift,seed15,137,9019.787878787878
hpmcounter3,drift,seed15,138,9019.89090909091
hpmcounter3,drift,seed15,139,9019.896969696969
hpmcounter3,drift,seed15,140,9238.775757575757
hpmcounter3,drift,seed15,141,9627.10909090909
hpmcounter3,drift,seed15,142,10136.575757575758
hpmcounter3,drift,seed15,143,10718.787878787878
hpmcounter3,drift,seed15,144,11325.072727272727
hpmcounter3,drift,seed15,145,11906.824242424242
hpmcounter3,drift,seed15,146,12415.624242424243
hpmcounter3,drift,seed15,147,12803.024242424242
hpmcounter3,drift,seed15,148,13021.0
hpmcounter3,drift,seed15,149,13020.630303030302
hpmcounter3,drift,seed15,150,12802.569696969696
hpmcounter3,drift,seed15,151,12414.878787878788
hpmcounter3,drift,seed15,152,11906.127272727274
hpmcounter3,drift,seed15,153,11324.733333333334
hpmcounter3,drift,seed15,154,10718.884848484848
hpmcounter3,drift,seed15,155,10137.012121212121
hpmcounter3,drift,seed15,156,9627.6
hpmcounter3,drift,seed15,157,9239.0
hpmcounter3,drift,seed15,158,9020.29696969697
hpmcounter3,drift,seed15,159,9019.927272727273
hpmcounter3,drift,seed15,160,9019.478787878788
hpmcounter3,drift,seed15,161,9019.20606060606
hpmcounter3,drift,seed15,162,9019.212121212122
hpmcounter3,drift,seed15,163,9019.345454545455
hpmcounter3,drift,seed15,164,9019.49696969697
hpmcounter3,drift,seed15,165,9019.654545454545
hpmcounter3,drift,seed15,166,9019.751515151514
hpmcounter3,drift,seed15,167,9019.787878787878
hpmcounter3,drift,seed15,168,9019.90303030303
hpmcounter3,drift,seed15,169,9019.951515151515
hpmcounter3,drift,seed15,170,9020.0
hpmcounter3,drift,seed15,171,9020.266666666666
hpmcounter3,drift,seed15,172,9020.81212121212
hpmcounter3,drift,seed15,173,9021.4
hpmcounter3,drift,seed15,174,9021.872727272726
hpmcounter3,drift,seed15,175,9022.272727272728
hpmcounter3,drift,seed15,176,9022.290909090909
hpmcounter3,drift,seed15,177,9022.157575757576
hpmcounter3,drift,seed15,178,9022.115151515152
hpmcounter3,drift,seed15,179,9021.690909090908
hpmcounter3,drift,seed15,180,9021.290909090909
hpmcounter3,drift,seed15,181,9020.860606060605
hpmcounter3,drift,seed15,182,9020.70303030303
hpmcounter3,drift,seed15,183,9020.733333333334
hpmcounter3,drift,seed15,184,9021.006060606062
hpmcounter3,drift,seed15,185,9021.103030303031
hpmcounter3,drift,seed15,186,9020.872727272726
hpmcounter3,drift,seed15,187,9020.636363636364
hpmcounter3,drift,seed15,188,9020.472727272727
hpmcounter3,drift,seed15,189,9019.921212121211
hpmcounter3,drift,seed15,190,9019.515151515152
hpmcounter3,drift,seed15,191,9019.103030303031
hpmcounter3,drift,seed15,192,9018.69696969697
hpmcounter3,drift,seed15,193,9018.4
hpmcounter3,drift,seed15,194,9018.666666666666
hpmcounter3,drift,seed15,195,9019.0
hpmcounter3,drift,seed15,196,9019.29696969697
hpmcounter3,drift,seed15,197,9019.545454545454
hpmcounter3,drift,seed15,198,9019.769696969697
hpmcounter3,drift,seed15,199,9019.836363636363
hpmcounter3,drift,seed15,200,9019.721212121212
hpmcounter3,drift,seed15,201,9019.557575757575
hpmcounter3,drift,seed15,202,9019.236363636364
hpmcounter3,drift,seed15,203,9018.866666666667
hpmcounter3,drift,seed15,204,9018.81212121212
hpmcounter3,drift,seed15,205,9018.90909090909
hpmcounter3,drift,seed15,206,9019.060606060606
hpmcounter3,drift,seed15,207,9019.157575757576
hpmcounter3,drift,seed15,208,9019.242424242424
hpmcounter3,drift,seed15,209,9019.315151515151
hpmcounter3,drift,seed15,210,9019.266666666666
hpmcounter3,drift,seed15,211,9018.987878787879
hpmcounter3,drift,seed15,212,9018.939393939394
hpmcounter3,drift,seed15,213,9019.018181818183
hpmcounter3,drift,seed15,214,9019.333333333334
hpmcounter3,drift,seed15,215,9019.80606060606
hpmcounter3,drift,seed15,216,9020.060606060606
hpmcounter3,drift,seed15,217,9020.163636363637
hpmcounter3,drift,seed15,218,9020.19393939394
hpmcounter3,drift,seed15,219,9020.260606060607
hpmcounter3,drift,seed15,220,9020.20606060606
hpmcounter3,drift,seed15,221,9019.818181818182
hpmcounter3,drift,seed15,222,9019.757575757576
hpmcounter3,drift,seed15,223,9019.739393939393
hpmcounter3,drift,seed15,224,9019.842424242424
hpmcounter3,drift,seed15,225,9020.09090909091
hpmcounter3,drift,seed15,226,9020.242424242424
hpmcounter3,drift,seed15,227,9020.381818181819
hpmcounter3,drift,seed15,228,9020.351515151515
hpmcounter3,drift,seed15,229,9020.28484848485
hpmcounter3,drift,seed15,230,9020.20606060606
hpmcounter3,drift,seed15,231,9020.321212121213
hpmcounter3,drift,seed15,232,9020.484848484848
hpmcounter3,drift,seed15,233,9020.642424242424
hpmcounter3,drift,seed15,234,9021.10909090909
hpmcounter3,drift,seed15,235,9021.690909090908
hpmcounter3,drift,seed15,236,9022.436363636363
hpmcounter3,drift,seed15,237,9023.066666666668
hpmcounter3,drift,seed15,238,9023.406060606061
hpmcounter3,drift,seed15,239,9023.430303030304
hpmcounter3,drift,seed15,240,9023.224242424243
hpmcounter3,drift,seed15,241,9022.769696969697
hpmcounter3,drift,seed15,242,9022.060606060606
hpmcounter3,drift,seed15,243,9021.163636363637
hpmcounter3,drift,seed15,244,9020.6
hpmcounter3,drift,seed15,245,9020.078787878789
hpmcounter3,drift,seed15,246,9019.927272727273
hpmcounter3,drift,seed15,247,9019.775757575757
hpmcounter3,drift,seed15,248,9019.527272727273
hpmcounter3,drift,seed15,249,9019.448484848484
hpmcounter3,drift,seed15,250,9019.563636363637
hpmcounter3,drift,seed15,251,9019.387878787878
hpmcounter3,drift,seed15,252,9019.381818181819
hpmcounter3,drift,seed15,253,9019.41212121212
hpmcounter3,drift,seed15,254,9019.50303030303
hpmcounter3,drift,seed15,255,9019.545454545454
hpmcounter3,drift,seed15,256,9019.648484848485
hpmcounter3,drift,seed15,257,9019.745454545455
hpmcounter3,drift,seed15,258,9019.81212121212
hpmcounter3,drift,seed15,259,9019.89090909091
hpmcounter3,drift,seed15,260,9020.09090909091
hpmcounter3,drift,seed15,261,9020.036363636364
hpmcounter3,drift,seed15,262,9019.993939393938
hpmcounter3,drift,seed15,263,9019.987878787879
hpmcounter3,drift,seed15,264,9019.939393939394
hpmcounter3,drift,seed15,265,9019.781818181818
hpmcounter3,drift,seed15,266,9019.81212121212
hpmcounter3,drift,seed15,267,9019.830303030303
hpmcounter3,drift,seed15,268,9020.066666666668
hpmcounter3,drift,seed15,269,9020.266666666666
hpmcounter3,drift,seed15,270,9020.50909090909
hpmcounter3,drift,seed15,271,9020.50909090909
hpmcounter3,drift,seed15,272,9020.375757575757
hpmcounter3,drift,seed15,273,9020.10909090909
hpmcounter3,drift,seed15,274,9019.90909090909
hpmcounter3,drift,seed15,275,9019.69696969697
hpmcounter3,drift,seed15,276,9019.757575757576
hpmcounter3,drift,seed15,277,9019.79393939394
hpmcounter3,drift,seed15,278,9020.006060606062
hpmcounter3,drift,seed15,279,9020.121212121212
hpmcounter3,drift,seed15,280,9020.20606060606
hpmcounter3,drift,seed15,281,9020.181818181818
hpmcounter3,drift,seed15,282,9020.430303030304
hpmcounter3,drift,seed15,283,9020.430303030304
hpmcounter3,drift,seed15,284,9020.41212121212
hpmcounter3,drift,seed15,285,9020.442424242425
hpmcounter3,drift,seed15,286,9020.545454545454
hpmcounter3,drift,seed15,287,9020.775757575757
hpmcounter3,drift,seed15,288,9020.824242424242
hpmcounter3,drift,seed15,289,9020.690909090908
hpmcounter3,drift,seed15,290,9020.375757575757
hpmcounter3,drift,seed15,291,9020.012121212121
hpmcounter3,drift,seed15,292,9020.260606060607
hpmcounter3,drift,seed15,293,9020.436363636363
hpmcounter3,drift,seed15,294,9020.430303030304
hpmcounter3,drift,seed15,295,9020.278787878788
hpmcounter3,drift,seed15,296,9019.896969696969
hpmcounter3,drift,seed15,297,9019.533333333333
hpmcounter3,drift,seed15,298,9019.103030303031
hpmcounter3,drift,seed16,9,9011.472727272727
hpmcounter3,drift,seed16,10,9010.460606060606
hpmcounter3,drift,seed16,11,9010.036363636364
hpmcounter3,drift,seed16,12,9010.363636363636
hpmcounter3,drift,seed16,13,9011.333333333334
hpmcounter3,drift,seed16,14,9012.436363636363
hpmcounter3,drift,seed16,15,9013.818181818182
hpmcounter3,drift,seed16,16,9015.224242424243
hpmcounter3,drift,seed16,17,9016.751515151514
hpmcounter3,drift,seed16,18,9017.848484848484
hpmcounter3,drift,seed16,19,9018.624242424243
hpmcounter3,drift,seed16,20,9019.381818181819
hpmcounter3,drift,seed16,21,9020.121212121212
hpmcounter3,drift,seed16,22,9020.860606060605
hpmcounter3,drift,seed16,23,9021.309090909092
hpmcounter3,drift,seed16,24,9021.527272727273
hpmcounter3,drift,seed16,25,9021.654545454545
hpmcounter3,drift,seed16,26,9021.624242424243
hpmcounter3,drift,seed16,27,9021.569696969696
hpmcounter3,drift,seed16,28,9021.181818181818
hpmcounter3,drift,seed16,29,9020.581818181818
hpmcounter3,drift,seed16,30,9020.315151515151
hpmcounter3,drift,seed16,31,9019.957575757575
hpmcounter3,drift,seed16,32,9019.721212121212
hpmcounter3,drift,seed16,33,9019.49696969697
hpmcounter3,drift,seed16,34,9019.418181818182
hpmcounter3,drift,seed16,35,9019.49696969697
hpmcounter3,drift,seed16,36,9019.666666666666
hpmcounter3,drift,seed16,37,9019.751515151514
hpmcounter3,drift,seed16,38,9019.775757575757
hpmcounter3,drift,seed16,39,9019.684848484849
hpmcounter3,drift,seed16,40,9019.436363636363
hpmcounter3,drift,seed16,41,9019.163636363637
hpmcounter3,drift,seed16,42,9018.921212121211
hpmcounter3,drift,seed16,43,9018.721212121212
hpmcounter3,drift,seed16,44,9018.521212121212
hpmcounter3,drift,seed16,45,9018.41212121212
hpmcounter3,drift,seed16,46,9018.484848484848
hpmcounter3,drift,seed16,47,9018.672727272728
hpmcounter3,drift,seed16,48,9018.884848484848
hpmcounter3,drift,seed16,49,9019.054545454546
hpmcounter3,drift,seed16,50,9019.157575757576
hpmcounter3,drift,seed16,51,9019.345454545455
hpmcounter3,drift,seed16,52,9019.71515151515
hpmcounter3,drift,seed16,53,9019.781818181818
hpmcounter3,drift,seed16,54,9019.8
hpmcounter3,drift,seed16,55,9019.745454545455
hpmcounter3,drift,seed16,56,9019.442424242425
hpmcounter3,drift,seed16,57,9019.278787878788
hpmcounter3,drift,seed16,58,9019.2
hpmcounter3,drift,seed16,59,9018.963636363636
hpmcounter3,drift,seed16,60,9019.042424242425
hpmcounter3,drift,seed16,61,9019.181818181818
hpmcounter3,drift,seed16,62,9019.472727272727
hpmcounter3,drift,seed16,63,9019.442424242425
hpmcounter3,drift,seed16,64,9019.278787878788
hpmcounter3,drift,seed16,65,9019.19393939394
hpmcounter3,drift,seed16,66,9018.987878787879
hpmcounter3,drift,seed16,67,9018.769696969697
hpmcounter3,drift,seed16,68,9018.672727272728
hpmcounter3,drift,seed16,69,9018.50909090909
hpmcounter3,drift,seed16,70,9018.763636363636
hpmcounter3,drift,seed16,71,9018.921212121211
hpmcounter3,drift,seed16,72,9018.896969696969
hpmcounter3,drift,seed16,73,9018.824242424242
hpmcounter3,drift,seed16,74,9019.060606060606
hpmcounter3,drift,seed16,75,9019.345454545455
hpmcounter3,drift,seed16,76,9019.830303030303
hpmcounter3,drift,seed16,77,9020.127272727274
hpmcounter3,drift,seed16,78,9020.357575757576
hpmcounter3,drift,seed16,79,9020.30303030303
hpmcounter3,drift,seed16,80,9020.472727272727
hpmcounter3,drift,seed16,81,9020.533333333333
hpmcounter3,drift,seed16,82,9020.19393939394
hpmcounter3,drift,seed16,83,9019.618181818181
hpmcounter3,drift,seed16,84,9019.721212121212
hpmcounter3,drift,seed16,85,9019.90909090909
hpmcounter3,drift,seed16,86,9020.424242424242
hpmcounter3,drift,seed16,87,9020.945454545454
hpmcounter3,drift,seed16,88,9021.327272727272
hpmcounter3,drift,seed16,89,9021.19393939394
hpmcounter3,drift,seed16,90,9021.084848484848
hpmcounter3,drift,seed16,91,9020.90303030303
hpmcounter3,drift,seed16,92,9020.757575757576
hpmcounter3,drift,seed16,93,9020.424242424242
hpmcounter3,drift,seed16,94,9020.290909090909
hpmcounter3,drift,seed16,95,9020.151515151516
hpmcounter3,drift,seed16,96,9020.369696969698
hpmcounter3,drift,seed16,97,9020.81212121212
hpmcounter3,drift,seed16,98,9021.224242424243
hpmcounter3,drift,seed16,99,9021.39393939394
hpmcounter3,drift,seed16,100,9021.484848484848
hpmcounter3,drift,seed16,101,9021.418181818182
hpmcounter3,drift,seed16,102,9021.436363636363
hpmcounter3,drift,seed16,103,9021.212121212122
hpmcounter3,drift,seed16,104,9020.987878787879
hpmcounter3,drift,seed16,105,9020.41212121212
hpmcounter3,drift,seed16,106,9020.018181818183
hpmcounter3,drift,seed16,107,9019.678787878787
hpmcounter3,drift,seed16,108,9019.430303030304
hpmcounter3,drift,seed16,109,9019.339393939394
hpmcounter3,drift,seed16,110,9019.066666666668
hpmcounter3,drift,seed16,111,9019.066666666668
hpmcounter3,drift,seed16,112,9019.054545454546
hpmcounter3,drift,seed16,113,9018.921212121211
hpmcounter3,drift,seed16,114,9018.987878787879
hpmcounter3,drift,seed16,115,9018.89090909091
hpmcounter3,drift,seed16,116,9019.024242424242
hpmcounter3,drift,seed16,117,9237.957575757575
hpmcounter3,drift,seed16,118,9408.224242424243
hpmcounter3,drift,seed16,119,9530.133333333333
hpmcounter3,drift,seed16,120,9603.230303030303
hpmcounter3,drift,seed16,121,9627.690909090908
hpmcounter3,drift,seed16,122,9603.351515151515
hpmcounter3,drift,seed16,123,9530.212121212122
hpmcounter3,drift,seed16,124,9408.666666666666
hpmcounter3,drift,seed16,125,9238.436363636363
hpmcounter3,drift,seed16,126,9019.49090909091
hpmcounter3,drift,seed16,127,9019.345454545455
hpmcounter3,drift,seed16,128,9019.163636363637
hpmcounter3,drift,seed16,129,9019.18787878788
hpmcounter3,drift,seed16,130,9019.2
hpmcounter3,drift,seed16,131,9019.2
hpmcounter3,drift,seed16,132,9019.163636363637
hpmcounter3,drift,seed16,133,9018.957575757575
hpmcounter3,drift,seed16,134,9019.036363636364
hpmcounter3,drift,seed16,135,9019.139393939395
hpmcounter3,drift,seed16,136,9019.133333333333
hpmcounter3,drift,seed16,137,9018.993939393938
hpmcounter3,drift,seed16,138,9018.963636363636
hpmcounter3,drift,seed16,139,9019.042424242425
hpmcounter3,drift,seed16,140,9019.09696969697
hpmcounter3,drift,seed16,141,9018.8
hpmcounter3,drift,seed16,142,9018.684848484849
hpmcounter3,drift,seed16,143,9018.50909090909
hpmcounter3,drift,seed16,144,9018.50303030303
hpmcounter3,drift,seed16,145,9018.41212121212
hpmcounter3,drift,seed16,146,9236.769696969697
hpmcounter3,drift,seed16,147,9625.042424242425
hpmcounter3,drift,seed16,148,10135.024242424242
hpmcounter3,drift,seed16,149,10717.642424242424
hpmcounter3,drift,seed16,150,11324.58787878788
hpmcounter3,drift,seed16,151,11688.527272727273
hpmcounter3,drift,seed16,152,11809.951515151515
hpmcounter3,drift,seed16,153,11688.71515151515
hpmcounter3,drift,seed16,154,11324.927272727273
hpmcounter3,drift,seed16,155,10718.4
hpmcounter3,drift,seed16,156,10136.151515151516
hpmcounter3,drift,seed16,157,9626.581818181818
hpmcounter3,drift,seed16,158,9238.624242424243
hpmcounter3,drift,seed16,159,9020.260606060607
hpmcounter3,drift,seed16,160,9020.218181818182
hpmcounter3,drift,seed16,161,9020.30303030303
hpmcounter3,drift,seed16,162,9020.381818181819
hpmcounter3,drift,seed16,163,9020.630303030302
hpmcounter3,drift,seed16,164,9020.90303030303
hpmcounter3,drift,seed16,165,9021.066666666668
hpmcounter3,drift,seed16,166,9021.418181818182
hpmcounter3,drift,seed16,167,9021.733333333334
hpmcounter3,drift,seed16,168,9021.854545454546
hpmcounter3,drift,seed16,169,9021.672727272728
hpmcounter3,drift,seed16,170,9021.387878787878
hpmcounter3,drift,seed16,171,9021.363636363636
hpmcounter3,drift,seed16,172,9021.387878787878
hpmcounter3,drift,seed16,173,9021.28484848485
hpmcounter3,drift,seed16,174,9021.321212121213
hpmcounter3,drift,seed16,175,9021.18787878788
hpmcounter3,drift,seed16,176,9021.030303030304
hpmcounter3,drift,seed16,177,9021.018181818183
hpmcounter3,drift,seed16,178,9020.933333333332
hpmcounter3,drift,seed16,179,9020.751515151514
hpmcounter3,drift,seed16,180,9020.666666666666
hpmcounter3,drift,seed16,181,9020.896969696969
hpmcounter3,drift,seed16,182,9021.224242424243
hpmcounter3,drift,seed16,183,9021.29696969697
hpmcounter3,drift,seed16,184,9021.424242424242
hpmcounter3,drift,seed16,185,9021.442424242425
hpmcounter3,drift,seed16,186,9021.28484848485
hpmcounter3,drift,seed16,187,9020.896969696969
hpmcounter3,drift,seed16,188,9020.521212121212
hpmcounter3,drift,seed16,189,9020.266666666666
hpmcounter3,drift,seed16,190,9020.157575757576
hpmcounter3,drift,seed16,191,9020.351515151515
hpmcounter3,drift,seed16,192,9020.60606060606
hpmcounter3,drift,seed16,193,9020.896969696969
hpmcounter3,drift,seed16,194,9021.254545454545
hpmcounter3,drift,seed16,195,9021.315151515151
hpmcounter3,drift,seed16,196,9021.387878787878
hpmcounter3,drift,seed16,197,9020.987878787879
hpmcounter3,drift,seed16,198,9020.678787878787
hpmcounter3,drift,seed16,199,9020.8
hpmcounter3,drift,seed16,200,9020.993939393938
hpmcounter3,drift,seed16,201,9021.4
hpmcounter3,drift,seed16,202,9021.763636363636
hpmcounter3,drift,seed16,203,9022.09696969697
hpmcounter3,drift,seed16,204,9022.533333333333
hpmcounter3,drift,seed16,205,9022.739393939393
hpmcounter3,drift,seed16,206,9022.81212121212
hpmcounter3,drift,seed16,207,9022.539393939394
hpmcounter3,drift,seed16,208,9022.224242424243
hpmcounter3,drift,seed16,209,9022.012121212121
hpmcounter3,drift,seed16,210,9021.896969696969
hpmcounter3,drift,seed16,211,9021.969696969696
hpmcounter3,drift,seed16,212,9021.781818181818
hpmcounter3,drift,seed16,213,9021.751515151514
hpmcounter3,drift,seed16,214,9021.733333333334
hpmcounter3,drift,seed16,215,9021.90303030303
hpmcounter3,drift,seed16,216,9022.048484848485
hpmcounter3,drift,seed16,217,9022.212121212122
hpmcounter3,drift,seed16,218,9022.418181818182
hpmcounter3,drift,seed16,219,9022.49090909091
hpmcounter3,drift,seed16,220,9022.757575757576
hpmcounter3,drift,seed16,221,9022.842424242424
hpmcounter3,drift,seed16,222,9022.339393939394
hpmcounter3,drift,seed16,223,9021.781818181818
hpmcounter3,drift,seed16,224,9021.272727272728
hpmcounter3,drift,seed16,225,9020.89090909091
hpmcounter3,drift,seed16,226,9020.727272727272
hpmcounter3,drift,seed16,227,9020.563636363637
hpmcounter3,drift,seed16,228,9020.575757575758
hpmcounter3,drift,seed16,229,9020.684848484849
hpmcounter3,drift,seed16,230,9021.157575757576
hpmcounter3,drift,seed16,231,9021.69696969697
hpmcounter3,drift,seed16,232,9021.90303030303
hpmcounter3,drift,seed16,233,9021.860606060605
hpmcounter3,drift,seed16,234,9021.527272727273
hpmcounter3,drift,seed16,235,9021.181818181818
hpmcounter3,drift,seed16,236,9020.836363636363
hpmcounter3,drift,seed16,237,9020.381818181819
hpmcounter3,drift,seed16,238,9019.975757575758
hpmcounter3,drift,seed16,239,9019.830303030303
hpmcounter3,drift,seed16,240,9019.551515151516
hpmcounter3,drift,seed16,241,9019.71515151515
hpmcounter3,drift,seed16,242,9019.945454545454
hpmcounter3,drift,seed16,243,9020.242424242424
hpmcounter3,drift,seed16,244,9020.39393939394
hpmcounter3,drift,seed16,245,9020.551515151516
hpmcounter3,drift,seed16,246,9020.660606060606
hpmcounter3,drift,seed16,247,9020.557575757575
hpmcounter3,drift,seed16,248,9020.418181818182
hpmcounter3,drift,seed16,249,9020.636363636364
hpmcounter3,drift,seed16,250,9020.624242424243
hpmcounter3,drift,seed16,251,9021.006060606062
hpmcounter3,drift,seed16,252,9021.569696969696
hpmcounter3,drift,seed16,253,9021.927272727273
hpmcounter3,drift,seed16,254,9022.212121212122
hpmcounter3,drift,seed16,255,9022.20606060606
hpmcounter3,drift,seed16,256,9022.151515151516
hpmcounter3,drift,seed16,257,9021.933333333332
hpmcounter3,drift,seed16,258,9021.472727272727
hpmcounter3,drift,seed16,259,9240.333333333334
hpmcounter3,drift,seed16,260,9410.648484848485
hpmcounter3,drift,seed16,261,9750.775757575757
hpmcounter3,drift,seed16,262,9993.951515151515
hpmcounter3,drift,seed16,263,10139.769696969697
hpmcounter3,drift,seed16,264,10406.848484848484
hpmcounter3,drift,seed16,265,10746.09090909091
hpmcounter3,drift,seed16,266,11109.133333333333
hpmcounter3,drift,seed16,267,11447.660606060606
hpmcounter3,drift,seed16,268,11712.957575757575
hpmcounter3,drift,seed16,269,11906.454545454546
hpmcounter3,drift,seed16,270,11809.078787878789
hpmcounter3,drift,seed16,271,11687.545454545454
hpmcounter3,drift,seed16,272,11323.751515151514
hpmcounter3,drift,seed16,273,10717.60606060606
hpmcounter3,drift,seed16,274,10136.20606060606
hpmcounter3,drift,seed16,275,9627.630303030302
hpmcounter3,drift,seed16,276,9240.09696969697
hpmcounter3,drift,seed16,277,9022.012121212121
hpmcounter3,drift,seed16,278,9022.363636363636
hpmcounter3,drift,seed16,279,9022.515151515152
hpmcounter3,drift,seed16,280,9022.466666666667
hpmcounter3,drift,seed16,281,9022.042424242425
hpmcounter3,drift,seed16,282,9021.575757575758
hpmcounter3,drift,seed16,283,9021.224242424243
hpmcounter3,drift,seed16,284,9021.012121212121
hpmcounter3,drift,seed16,285,9020.787878787878
hpmcounter3,drift,seed16,286,9020.41212121212
hpmcounter3,drift,seed16,287,9020.181818181818
hpmcounter3,drift,seed16,288,9020.18787878788
hpmcounter3,drift,seed16,289,9020.127272727274
hpmcounter3,drift,seed16,290,9020.024242424242
hpmcounter3,drift,seed16,291,9019.71515151515
hpmcounter3,drift,seed16,292,9019.660606060606
hpmcounter3,drift,seed16,293,9019.660606060606
hpmcounter3,drift,seed16,294,9019.79393939394
hpmcounter3,drift,seed16,295,9019.775757575757
hpmcounter3,drift,seed16,296,9019.60606060606
hpmcounter3,drift,seed16,297,9019.727272727272
hpmcounter3,drift,seed16,298,9019.569696969696
hpmcounter3,drift,seed17,9,9896.58787878788
hpmcounter3,drift,seed17,10,10087.951515151515
hpmcounter3,drift,seed17,11,10403.036363636364
hpmcounter3,drift,seed17,12,10792.569696969696
hpmcounter3,drift,seed17,13,11207.884848484848
hpmcounter3,drift,seed17,14,11600.29696969697
hpmcounter3,drift,seed17,15,11921.49696969697
hpmcounter3,drift,seed17,16,12122.81212121212
hpmcounter3,drift,seed17,17,12417.660606060606
hpmcounter3,drift,seed17,18,12806.28484848485
hpmcounter3,drift,seed17,19,13024.818181818182
hpmcounter3,drift,seed17,20,13024.69696969697
hpmcounter3,drift,seed17,21,13024.684848484849
hpmcounter3,drift,seed17,22,13024.939393939394
hpmcounter3,drift,seed17,23,12806.80606060606
hpmcounter3,drift,seed17,24,12418.4
hpmcounter3,drift,seed17,25,11908.642424242424
hpmcounter3,drift,seed17,26,11326.133333333333
hpmcounter3,drift,seed17,27,10719.09696969697
hpmcounter3,drift,seed17,28,10136.539393939394
hpmcounter3,drift,seed17,29,9626.721212121212
hpmcounter3,drift,seed17,30,9238.345454545455
hpmcounter3,drift,seed17,31,9019.987878787879
hpmcounter3,drift,seed17,32,9020.387878787878
hpmcounter3,drift,seed17,33,9020.90303030303
hpmcounter3,drift,seed17,34,9020.927272727273
hpmcounter3,drift,seed17,35,9020.878787878788
hpmcounter3,drift,seed17,36,9020.987878787879
hpmcounter3,drift,seed17,37,9020.933333333332
hpmcounter3,drift,seed17,38,9020.915151515152
hpmcounter3,drift,seed17,39,9020.745454545455
hpmcounter3,drift,seed17,40,9020.345454545455
hpmcounter3,drift,seed17,41,9020.115151515152
hpmcounter3,drift,seed17,42,9020.103030303031
hpmcounter3,drift,seed17,43,9020.103030303031
hpmcounter3,drift,seed17,44,9020.09090909091
hpmcounter3,drift,seed17,45,9020.030303030304
hpmcounter3,drift,seed17,46,9020.012121212121
hpmcounter3,drift,seed17,47,9019.787878787878
hpmcounter3,drift,seed17,48,9019.666666666666
hpmcounter3,drift,seed17,49,9019.593939393939
hpmcounter3,drift,seed17,50,9019.569696969696
hpmcounter3,drift,seed17,51,9019.678787878787
hpmcounter3,drift,seed17,52,9019.787878787878
hpmcounter3,drift,seed17,53,9019.939393939394
hpmcounter3,drift,seed17,54,9020.145454545454
hpmcounter3,drift,seed17,55,9020.321212121213
hpmcounter3,drift,seed17,56,9020.290909090909
hpmcounter3,drift,seed17,57,9020.084848484848
hpmcounter3,drift,seed17,58,9020.042424242425
hpmcounter3,drift,seed17,59,9019.963636363636
hpmcounter3,drift,seed17,60,9020.012121212121
hpmcounter3,drift,seed17,61,9020.145454545454
hpmcounter3,drift,seed17,62,9020.472727272727
hpmcounter3,drift,seed17,63,9020.751515151514
hpmcounter3,drift,seed17,64,9020.927272727273
hpmcounter3,drift,seed17,65,9020.975757575758
hpmcounter3,drift,seed17,66,9020.927272727273
hpmcounter3,drift,seed17,67,9020.824242424242
hpmcounter3,drift,seed17,68,9020.733333333334
hpmcounter3,drift,seed17,69,9020.884848484848
hpmcounter3,drift,seed17,70,9020.969696969696
hpmcounter3,drift,seed17,71,9020.933333333332
hpmcounter3,drift,seed17,72,9020.824242424242
hpmcounter3,drift,seed17,73,9020.721212121212
hpmcounter3,drift,seed17,74,9020.6
hpmcounter3,drift,seed17,75,9020.29696969697
hpmcounter3,drift,seed17,76,9020.29696969697
hpmcounter3,drift,seed17,77,9020.224242424243
hpmcounter3,drift,seed17,78,9020.036363636364
hpmcounter3,drift,seed17,79,9020.18787878788
hpmcounter3,drift,seed17,80,9020.218181818182
hpmcounter3,drift,seed17,81,9020.151515151516
hpmcounter3,drift,seed17,82,9019.854545454546
hpmcounter3,drift,seed17,83,9019.636363636364
hpmcounter3,drift,seed17,84,9019.575757575758
hpmcounter3,drift,seed17,85,9019.29696969697
hpmcounter3,drift,seed17,86,9019.309090909092
hpmcounter3,drift,seed17,87,9019.39393939394
hpmcounter3,drift,seed17,88,9019.418181818182
hpmcounter3,drift,seed17,89,9019.460606060606
hpmcounter3,drift,seed17,90,9019.369696969698
hpmcounter3,drift,seed17,91,9019.363636363636
hpmcounter3,drift,seed17,92,9019.527272727273
hpmcounter3,drift,seed17,93,9019.648484848485
hpmcounter3,drift,seed17,94,9020.066666666668
hpmcounter3,drift,seed17,95,9020.339393939394
hpmcounter3,drift,seed17,96,9020.466666666667
hpmcounter3,drift,seed17,97,9020.690909090908
hpmcounter3,drift,seed17,98,9020.878787878788
hpmcounter3,drift,seed17,99,9021.048484848485
hpmcounter3,drift,seed17,100,9021.290909090909
hpmcounter3,drift,seed17,101,9021.612121212122
hpmcounter3,drift,seed17,102,9021.836363636363
hpmcounter3,drift,seed17,103,9021.921212121211
hpmcounter3,drift,seed17,104,9022.012121212121
hpmcounter3,drift,seed17,105,9022.054545454546
hpmcounter3,drift,seed17,106,9021.945454545454
hpmcounter3,drift,seed17,107,9022.0
hpmcounter3,drift,seed17,108,9021.939393939394
hpmcounter3,drift,seed17,109,9021.830303030303
hpmcounter3,drift,seed17,110,9021.854545454546
hpmcounter3,drift,seed17,111,9021.830303030303
hpmcounter3,drift,seed17,112,9021.660606060606
hpmcounter3,drift,seed17,113,9021.236363636364
hpmcounter3,drift,seed17,114,9020.690909090908
hpmcounter3,drift,seed17,115,9020.266666666666
hpmcounter3,drift,seed17,116,9020.139393939395
hpmcounter3,drift,seed17,117,9020.375757575757
hpmcounter3,drift,seed17,118,9020.70303030303
hpmcounter3,drift,seed17,119,9020.848484848484
hpmcounter3,drift,seed17,120,9021.054545454546
hpmcounter3,drift,seed17,121,9021.012121212121
hpmcounter3,drift,seed17,122,9021.072727272727
hpmcounter3,drift,seed17,123,9020.90303030303
hpmcounter3,drift,seed17,124,9020.612121212122
hpmcounter3,drift,seed17,125,9020.278787878788
hpmcounter3,drift,seed17,126,9020.072727272727
hpmcounter3,drift,seed17,127,9020.042424242425
hpmcounter3,drift,seed17,128,9020.024242424242
hpmcounter3,drift,seed17,129,9019.993939393938
hpmcounter3,drift,seed17,130,9020.060606060606
hpmcounter3,drift,seed17,131,9019.872727272726
hpmcounter3,drift,seed17,132,9020.036363636364
hpmcounter3,drift,seed17,133,9020.133333333333
hpmcounter3,drift,seed17,134,9020.121212121212
hpmcounter3,drift,seed17,135,9020.012121212121
hpmcounter3,drift,seed17,136,9020.024242424242
hpmcounter3,drift,seed17,137,9020.012121212121
hpmcounter3,drift,seed17,138,9019.975757575758
hpmcounter3,drift,seed17,139,9019.830303030303
hpmcounter3,drift,seed17,140,9020.169696969697
hpmcounter3,drift,seed17,141,9020.654545454545
hpmcounter3,drift,seed17,142,9021.139393939395
hpmcounter3,drift,seed17,143,9021.460606060606
hpmcounter3,drift,seed17,144,9021.539393939394
hpmcounter3,drift,seed17,145,9021.363636363636
hpmcounter3,drift,seed17,146,9021.418181818182
hpmcounter3,drift,seed17,147,9021.50303030303
hpmcounter3,drift,seed17,148,9021.690909090908
hpmcounter3,drift,seed17,149,9021.49090909091
hpmcounter3,drift,seed17,150,9021.521212121212
hpmcounter3,drift,seed17,151,9021.90909090909
hpmcounter3,drift,seed17,152,9022.060606060606
hpmcounter3,drift,seed17,153,9022.248484848486
hpmcounter3,drift,seed17,154,9022.260606060607
hpmcounter3,drift,seed17,155,9022.127272727274
hpmcounter3,drift,seed17,156,9021.957575757575
hpmcounter3,drift,seed17,157,9021.721212121212
hpmcounter3,drift,seed17,158,9240.533333333333
hpmcounter3,drift,seed17,159,9629.0
hpmcounter3,drift,seed17,160,10134.781818181818
hpmcounter3,drift,seed17,161,10495.636363636364
hpmcounter3,drift,seed17,162,10711.533333333333
hpmcounter3,drift,seed17,163,10782.848484848484
hpmcounter3,drift,seed17,164,10927.969696969696
hpmcounter3,drift,seed17,165,10879.775757575757
hpmcounter3,drift,seed17,166,10638.224242424243
hpmcounter3,drift,seed17,167,10203.19393939394
hpmcounter3,drift,seed17,168,9842.175757575758
hpmcounter3,drift,seed17,169,9603.115151515152
hpmcounter3,drift,seed17,170,9530.024242424242
hpmcounter3,drift,seed17,171,9408.321212121213
hpmcounter3,drift,seed17,172,9238.157575757576
hpmcounter3,drift,seed17,173,9019.533333333333
hpmcounter3,drift,seed17,174,9019.442424242425
hpmcounter3,drift,seed17,175,9019.19393939394
hpmcounter3,drift,seed17,176,9237.739393939393
hpmcounter3,drift,seed17,177,9625.951515151515
hpmcounter3,drift,seed17,178,10131.242424242424
hpmcounter3,drift,seed17,179,10491.90909090909
hpmcounter3,drift,seed17,180,10708.024242424242
hpmcounter3,drift,seed17,181,10779.563636363637
hpmcounter3,drift,seed17,182,10706.60606060606
hpmcounter3,drift,seed17,183,10489.20606060606
hpmcounter3,drift,seed17,184,10126.90909090909
hpmcounter3,drift,seed17,185,9619.515151515152
hpmcounter3,drift,seed17,186,9234.642424242424
hpmcounter3,drift,seed17,187,9020.163636363637
hpmcounter3,drift,seed17,188,9019.981818181817
hpmcounter3,drift,seed17,189,9019.818181818182
hpmcounter3,drift,seed17,190,9020.036363636364
hpmcounter3,drift,seed17,191,9020.09696969697
hpmcounter3,drift,seed17,192,9020.18787878788
hpmcounter3,drift,seed17,193,9020.442424242425
hpmcounter3,drift,seed17,194,9020.684848484849
hpmcounter3,drift,seed17,195,9020.70303030303
hpmcounter3,drift,seed17,196,9020.71515151515
hpmcounter3,drift,seed17,197,9020.41212121212
hpmcounter3,drift,seed17,198,9020.072727272727
hpmcounter3,drift,seed17,199,9019.733333333334
hpmcounter3,drift,seed17,200,9019.60606060606
hpmcounter3,drift,seed17,201,9019.406060606061
hpmcounter3,drift,seed17,202,9019.254545454545
hpmcounter3,drift,seed17,203,9019.218181818182
hpmcounter3,drift,seed17,204,9019.460606060606
hpmcounter3,drift,seed17,205,9019.672727272728
hpmcounter3,drift,seed17,206,9019.987878787879
hpmcounter3,drift,seed17,207,9020.272727272728
hpmcounter3,drift,seed17,208,9020.478787878788
hpmcounter3,drift,seed17,209,9020.527272727273
hpmcounter3,drift,seed17,210,9020.593939393939
hpmcounter3,drift,seed17,211,9020.6
hpmcounter3,drift,seed17,212,9020.369696969698
hpmcounter3,drift,seed17,213,9020.266666666666
hpmcounter3,drift,seed17,214,9020.084848484848
hpmcounter3,drift,seed17,215,9019.860606060605
hpmcounter3,drift,seed17,216,9019.648484848485
hpmcounter3,drift,seed17,217,9019.515151515152
hpmcounter3,drift,seed17,218,9019.593939393939
hpmcounter3,drift,seed17,219,9019.575757575758
hpmcounter3,drift,seed17,220,9019.921212121211
hpmcounter3,drift,seed17,221,9020.254545454545
hpmcounter3,drift,seed17,222,9020.442424242425
hpmcounter3,drift,seed17,223,9020.618181818181
hpmcounter3,drift,seed17,224,9020.430303030304
hpmcounter3,drift,seed17,225,9020.28484848485
hpmcounter3,drift,seed17,226,9020.006060606062
hpmcounter3,drift,seed17,227,9019.618181818181
hpmcounter3,drift,seed17,228,9019.321212121213
hpmcounter3,drift,seed17,229,9018.896969696969
hpmcounter3,drift,seed17,230,9018.70303030303
hpmcounter3,drift,seed17,231,9018.545454545454
hpmcounter3,drift,seed17,232,9018.448484848484
hpmcounter3,drift,seed17,233,9018.30303030303
hpmcounter3,drift,seed17,234,9018.0
hpmcounter3,drift,seed17,235,9018.036363636364
hpmcounter3,drift,seed17,236,9018.157575757576
hpmcounter3,drift,seed17,237,9018.339393939394
hpmcounter3,drift,seed17,238,9018.8
hpmcounter3,drift,seed17,239,9019.20606060606
hpmcounter3,drift,seed17,240,9019.478787878788
hpmcounter3,drift,seed17,241,9019.727272727272
hpmcounter3,drift,seed17,242,9019.763636363636
hpmcounter3,drift,seed17,243,9019.654545454545
hpmcounter3,drift,seed17,244,9019.484848484848
hpmcounter3,drift,seed17,245,9019.29696969697
hpmcounter3,drift,seed17,246,9019.060606060606
hpmcounter3,drift,seed17,247,9018.8
hpmcounter3,drift,seed17,248,9018.781818181818
hpmcounter3,drift,seed17,249,9018.842424242424
hpmcounter3,drift,seed17,250,9018.915151515152
hpmcounter3,drift,seed17,251,9019.0
hpmcounter3,drift,seed17,252,9019.139393939395
hpmcounter3,drift,seed17,253,9019.448484848484
hpmcounter3,drift,seed17,254,9019.848484848484
hpmcounter3,drift,seed17,255,9019.945454545454
hpmcounter3,drift,seed17,256,9019.981818181817
hpmcounter3,drift,seed17,257,9019.824242424242
hpmcounter3,drift,seed17,258,9019.60606060606
hpmcounter3,drift,seed17,259,9019.448484848484
hpmcounter3,drift,seed17,260,9019.721212121212
hpmcounter3,drift,seed17,261,9019.60606060606
hpmcounter3,drift,seed17,262,9019.666666666666
hpmcounter3,drift,seed17,263,9019.884848484848
hpmcounter3,drift,seed17,264,9020.10909090909
hpmcounter3,drift,seed17,265,9020.072727272727
hpmcounter3,drift,seed17,266,9020.115151515152
hpmcounter3,drift,seed17,267,9019.927272727273
hpmcounter3,drift,seed17,268,9019.727272727272
hpmcounter3,drift,seed17,269,9019.557575757575
hpmcounter3,drift,seed17,270,9019.830303030303
hpmcounter3,drift,seed17,271,9019.787878787878
hpmcounter3,drift,seed17,272,9019.90303030303
hpmcounter3,drift,seed17,273,9019.921212121211
hpmcounter3,drift,seed17,274,9019.896969696969
hpmcounter3,drift,seed17,275,9019.939393939394
hpmcounter3,drift,seed17,276,9020.036363636364
hpmcounter3,drift,seed17,277,9020.10909090909
hpmcounter3,drift,seed17,278,9020.157575757576
hpmcounter3,drift,seed17,279,9020.20606060606
hpmcounter3,drift,seed17,280,9020.254545454545
hpmcounter3,drift,seed17,281,9020.115151515152
hpmcounter3,drift,seed17,282,9020.084848484848
hpmcounter3,drift,seed17,283,9020.042424242425
hpmcounter3,drift,seed17,284,9019.866666666667
hpmcounter3,drift,seed17,285,9019.70303030303
hpmcounter3,drift,seed17,286,9019.466666666667
hpmcounter3,drift,seed17,287,9019.20606060606
hpmcounter3,drift,seed17,288,9018.89090909091
hpmcounter3,drift,seed17,289,9018.642424242424
hpmcounter3,drift,seed17,290,9018.309090909092
hpmcounter3,drift,seed17,291,9017.927272727273
hpmcounter3,drift,seed17,292,9017.927272727273
hpmcounter3,drift,seed17,293,9018.175757575758
hpmcounter3,drift,seed17,294,9018.648484848485
hpmcounter3,drift,seed17,295,9019.406060606061
hpmcounter3,drift,seed17,296,9020.09090909091
hpmcounter3,drift,seed17,297,9020.654545454545
hpmcounter3,drift,seed17,298,9021.169696969697
hpmcounter3,drift,seed18,9,9014.557575757575
hpmcounter3,drift,seed18,10,9014.012121212121
hpmcounter3,drift,seed18,11,9014.121212121212
hpmcounter3,drift,seed18,12,9014.551515151516
hpmcounter3,drift,seed18,13,9015.0
hpmcounter3,drift,seed18,14,9015.860606060605
hpmcounter3,drift,seed18,15,9016.745454545455
hpmcounter3,drift,seed18,16,9017.448484848484
hpmcounter3,drift,seed18,17,9018.248484848486
hpmcounter3,drift,seed18,18,9018.884848484848
hpmcounter3,drift,seed18,19,9019.39393939394
hpmcounter3,drift,seed18,20,9019.569696969696
hpmcounter3,drift,seed18,21,9019.945454545454
hpmcounter3,drift,seed18,22,9020.103030303031
hpmcounter3,drift,seed18,23,9020.28484848485
hpmcounter3,drift,seed18,24,9020.618181818181
hpmcounter3,drift,seed18,25,9020.70303030303
hpmcounter3,drift,seed18,26,9020.660606060606
hpmcounter3,drift,seed18,27,9020.557575757575
hpmcounter3,drift,seed18,28,9020.515151515152
hpmcounter3,drift,seed18,29,9020.41212121212
hpmcounter3,drift,seed18,30,9020.20606060606
hpmcounter3,drift,seed18,31,9020.175757575758
hpmcounter3,drift,seed18,32,9020.054545454546
hpmcounter3,drift,seed18,33,9019.939393939394
hpmcounter3,drift,seed18,34,9020.054545454546
hpmcounter3,drift,seed18,35,9020.333333333334
hpmcounter3,drift,seed18,36,9020.660606060606
hpmcounter3,drift,seed18,37,9020.836363636363
hpmcounter3,drift,seed18,38,9021.048484848485
hpmcounter3,drift,seed18,39,9021.230303030303
hpmcounter3,drift,seed18,40,9020.963636363636
hpmcounter3,drift,seed18,41,9020.624242424243
hpmcounter3,drift,seed18,42,9020.357575757576
hpmcounter3,drift,seed18,43,9020.0
hpmcounter3,drift,seed18,44,9019.933333333332
hpmcounter3,drift,seed18,45,9020.024242424242
hpmcounter3,drift,seed18,46,9020.254545454545
hpmcounter3,drift,seed18,47,9020.39393939394
hpmcounter3,drift,seed18,48,9020.454545454546
hpmcounter3,drift,seed18,49,9020.472727272727
hpmcounter3,drift,seed18,50,9020.20606060606
hpmcounter3,drift,seed18,51,9019.830303030303
hpmcounter3,drift,seed18,52,9019.19393939394
hpmcounter3,drift,seed18,53,9018.618181818181
hpmcounter3,drift,seed18,54,9018.666666666666
hpmcounter3,drift,seed18,55,9018.757575757576
hpmcounter3,drift,seed18,56,9018.848484848484
hpmcounter3,drift,seed18,57,9019.072727272727
hpmcounter3,drift,seed18,58,9019.29696969697
hpmcounter3,drift,seed18,59,9019.387878787878
hpmcounter3,drift,seed18,60,9019.521212121212
hpmcounter3,drift,seed18,61,9019.4
hpmcounter3,drift,seed18,62,9019.133333333333
hpmcounter3,drift,seed18,63,9018.939393939394
hpmcounter3,drift,seed18,64,9018.90909090909
hpmcounter3,drift,seed18,65,9018.727272727272
hpmcounter3,drift,seed18,66,9018.581818181818
hpmcounter3,drift,seed18,67,9018.636363636364
hpmcounter3,drift,seed18,68,9018.987878787879
hpmcounter3,drift,seed18,69,9019.30303030303
hpmcounter3,drift,seed18,70,9019.581818181818
hpmcounter3,drift,seed18,71,9019.581818181818
hpmcounter3,drift,seed18,72,9019.6
hpmcounter3,drift,seed18,73,9019.593939393939
hpmcounter3,drift,seed18,74,9019.454545454546
hpmcounter3,drift,seed18,75,9019.539393939394
hpmcounter3,drift,seed18,76,9019.763636363636
hpmcounter3,drift,seed18,77,9020.212121212122
hpmcounter3,drift,seed18,78,9020.818181818182
hpmcounter3,drift,seed18,79,9021.406060606061
hpmcounter3,drift,seed18,80,9021.884848484848
hpmcounter3,drift,seed18,81,9022.151515151516
hpmcounter3,drift,seed18,82,9022.236363636364
hpmcounter3,drift,seed18,83,9021.830303030303
hpmcounter3,drift,seed18,84,9021.218181818182
hpmcounter3,drift,seed18,85,9020.896969696969
hpmcounter3,drift,seed18,86,9020.50909090909
hpmcounter3,drift,seed18,87,9020.345454545455
hpmcounter3,drift,seed18,88,9020.133333333333
hpmcounter3,drift,seed18,89,9019.842424242424
hpmcounter3,drift,seed18,90,9019.739393939393
hpmcounter3,drift,seed18,91,9019.71515151515
hpmcounter3,drift,seed18,92,9019.727272727272
hpmcounter3,drift,seed18,93,9019.642424242424
hpmcounter3,drift,seed18,94,9019.690909090908
hpmcounter3,drift,seed18,95,9019.939393939394
hpmcounter3,drift,seed18,96,9020.066666666668
hpmcounter3,drift,seed18,97,9020.248484848486
hpmcounter3,drift,seed18,98,9020.254545454545
hpmcounter3,drift,seed18,99,9019.921212121211
hpmcounter3,drift,seed18,100,9019.690909090908
hpmcounter3,drift,seed18,101,9019.4
hpmcounter3,drift,seed18,102,9019.060606060606
hpmcounter3,drift,seed18,103,9019.024242424242
hpmcounter3,drift,seed18,104,9019.2
hpmcounter3,drift,seed18,105,9019.41212121212
hpmcounter3,drift,seed18,106,9019.684848484849
hpmcounter3,drift,seed18,107,9020.072727272727
hpmcounter3,drift,seed18,108,9020.593939393939
hpmcounter3,drift,seed18,109,9020.769696969697
hpmcounter3,drift,seed18,110,9020.884848484848
hpmcounter3,drift,seed18,111,9020.860606060605
hpmcounter3,drift,seed18,112,9020.781818181818
hpmcounter3,drift,seed18,113,9020.71515151515
hpmcounter3,drift,seed18,114,9020.927272727273
hpmcounter3,drift,seed18,115,9020.81212121212
hpmcounter3,drift,seed18,116,9020.775757575757
hpmcounter3,drift,seed18,117,9020.79393939394
hpmcounter3,drift,seed18,118,9020.89090909091
hpmcounter3,drift,seed18,119,9020.739393939393
hpmcounter3,drift,seed18,120,9020.527272727273
hpmcounter3,drift,seed18,121,9020.212121212122
hpmcounter3,drift,seed18,122,9020.006060606062
hpmcounter3,drift,seed18,123,9019.733333333334
hpmcounter3,drift,seed18,124,9019.81212121212
hpmcounter3,drift,seed18,125,9019.963636363636
hpmcounter3,drift,seed18,126,9020.39393939394
hpmcounter3,drift,seed18,127,9020.927272727273
hpmcounter3,drift,seed18,128,9021.266666666666
hpmcounter3,drift,seed18,129,9021.4
hpmcounter3,drift,seed18,130,9021.436363636363
hpmcounter3,drift,seed18,131,9021.460606060606
hpmcounter3,drift,seed18,132,9021.478787878788
hpmcounter3,drift,seed18,133,9021.345454545455
hpmcounter3,drift,seed18,134,9021.084848484848
hpmcounter3,drift,seed18,135,9021.042424242425
hpmcounter3,drift,seed18,136,9020.848484848484
hpmcounter3,drift,seed18,137,9020.454545454546
hpmcounter3,drift,seed18,138,9020.006060606062
hpmcounter3,drift,seed18,139,9019.666666666666
hpmcounter3,drift,seed18,140,9019.466666666667
hpmcounter3,drift,seed18,141,9019.581818181818
hpmcounter3,drift,seed18,142,9019.969696969696
hpmcounter3,drift,seed18,143,9239.290909090909
hpmcounter3,drift,seed18,144,9628.224242424243
hpmcounter3,drift,seed18,145,10138.151515151516
hpmcounter3,drift,seed18,146,10502.054545454546
hpmcounter3,drift,seed18,147,10720.072727272727
hpmcounter3,drift,seed18,148,10792.521212121212
hpmcounter3,drift,seed18,149,10719.60606060606
hpmcounter3,drift,seed18,150,10501.084848484848
hpmcounter3,drift,seed18,151,10136.818181818182
hpmcounter3,drift,seed18,152,9626.854545454546
hpmcounter3,drift,seed18,153,9238.80606060606
hpmcounter3,drift,seed18,154,9020.648484848485
hpmcounter3,drift,seed18,155,9020.569696969696
hpmcounter3,drift,seed18,156,9020.406060606061
hpmcounter3,drift,seed18,157,9020.2
hpmcounter3,drift,seed18,158,9020.09696969697
hpmcounter3,drift,seed18,159,9020.266666666666
hpmcounter3,drift,seed18,160,9020.327272727272
hpmcounter3,drift,seed18,161,9020.224242424243
hpmcounter3,drift,seed18,162,9020.054545454546
hpmcounter3,drift,seed18,163,9238.327272727272
hpmcounter3,drift,seed18,164,9626.345454545455
hpmcounter3,drift,seed18,165,10135.557575757575
hpmcounter3,drift,seed18,166,10717.666666666666
hpmcounter3,drift,seed18,167,11324.10909090909
hpmcounter3,drift,seed18,168,11906.2
hpmcounter3,drift,seed18,169,12197.272727272728
hpmcounter3,drift,seed18,170,12197.248484848486
hpmcounter3,drift,seed18,171,11906.103030303031
hpmcounter3,drift,seed18,172,11324.066666666668
hpmcounter3,drift,seed18,173,10717.830303030303
hpmcounter3,drift,seed18,174,10135.860606060605
hpmcounter3,drift,seed18,175,9626.424242424242
hpmcounter3,drift,seed18,176,9238.327272727272
hpmcounter3,drift,seed18,177,9020.133333333333
hpmcounter3,drift,seed18,178,9020.315151515151
hpmcounter3,drift,seed18,179,9020.533333333333
hpmcounter3,drift,seed18,180,9020.830303030303
hpmcounter3,drift,seed18,181,9021.181818181818
hpmcounter3,drift,seed18,182,9021.41212121212
hpmcounter3,drift,seed18,183,9021.533333333333
hpmcounter3,drift,seed18,184,9021.424242424242
hpmcounter3,drift,seed18,185,9020.975757575758
hpmcounter3,drift,seed18,186,9020.49696969697
hpmcounter3,drift,seed18,187,9019.89090909091
hpmcounter3,drift,seed18,188,9019.50303030303
hpmcounter3,drift,seed18,189,9019.139393939395
hpmcounter3,drift,seed18,190,9018.957575757575
hpmcounter3,drift,seed18,191,9019.212121212122
hpmcounter3,drift,seed18,192,9019.515151515152
hpmcounter3,drift,seed18,193,9020.018181818183
hpmcounter3,drift,seed18,194,9020.50909090909
hpmcounter3,drift,seed18,195,9020.830303030303
hpmcounter3,drift,seed18,196,9021.2
hpmcounter3,drift,seed18,197,9021.406060606061
hpmcounter3,drift,seed18,198,9240.10909090909
hpmcounter3,drift,seed18,199,9628.103030303031
hpmcounter3,drift,seed18,200,10137.078787878789
hpmcounter3,drift,seed18,201,10500.624242424243
hpmcounter3,drift,seed18,202,10718.751515151514
hpmcounter3,drift,seed18,203,10791.242424242424
hpmcounter3,drift,seed18,204,10718.363636363636
hpmcounter3,drift,seed18,205,10499.872727272726
hpmcounter3,drift,seed18,206,10135.90303030303
hpmcounter3,drift,seed18,207,9626.30303030303
hpmcounter3,drift,seed18,208,9238.460606060606
hpmcounter3,drift,seed18,209,9020.224242424243
hpmcounter3,drift,seed18,210,9020.078787878789
hpmcounter3,drift,seed18,211,9019.866666666667
hpmcounter3,drift,seed18,212,9019.8
hpmcounter3,drift,seed18,213,9019.636363636364
hpmcounter3,drift,seed18,214,9019.672727272728
hpmcounter3,drift,seed18,215,9019.624242424243
hpmcounter3,drift,seed18,216,9019.624242424243
hpmcounter3,drift,seed18,217,9019.539393939394
hpmcounter3,drift,seed18,218,9019.884848484848
hpmcounter3,drift,seed18,219,9020.381818181819
hpmcounter3,drift,seed18,220,9020.872727272726
hpmcounter3,drift,seed18,221,9021.036363636364
hpmcounter3,drift,seed18,222,9021.006060606062
hpmcounter3,drift,seed18,223,9020.915151515152
hpmcounter3,drift,seed18,224,9020.830303030303
hpmcounter3,drift,seed18,225,9020.454545454546
hpmcounter3,drift,seed18,226,9020.139393939395
hpmcounter3,drift,seed18,227,9019.80606060606
hpmcounter3,drift,seed18,228,9019.721212121212
hpmcounter3,drift,seed18,229,9019.81212121212
hpmcounter3,drift,seed18,230,9020.048484848485
hpmcounter3,drift,seed18,231,9020.29696969697
hpmcounter3,drift,seed18,232,9020.454545454546
hpmcounter3,drift,seed18,233,9020.4
hpmcounter3,drift,seed18,234,9020.333333333334
hpmcounter3,drift,seed18,235,9020.28484848485
hpmcounter3,drift,seed18,236,9020.29696969697
hpmcounter3,drift,seed18,237,9020.218181818182
hpmcounter3,drift,seed18,238,9020.127272727274
hpmcounter3,drift,seed18,239,9019.915151515152
hpmcounter3,drift,seed18,240,9019.60606060606
hpmcounter3,drift,seed18,241,9019.357575757576
hpmcounter3,drift,seed18,242,9019.151515151516
hpmcounter3,drift,seed18,243,9018.975757575758
hpmcounter3,drift,seed18,244,9018.751515151514
hpmcounter3,drift,seed18,245,9018.648484848485
hpmcounter3,drift,seed18,246,9018.81212121212
hpmcounter3,drift,seed18,247,9018.975757575758
hpmcounter3,drift,seed18,248,9019.139393939395
hpmcounter3,drift,seed18,249,9019.30303030303
hpmcounter3,drift,seed18,250,9019.442424242425
hpmcounter3,drift,seed18,251,9019.533333333333
hpmcounter3,drift,seed18,252,9019.551515151516
hpmcounter3,drift,seed18,253,9019.848484848484
hpmcounter3,drift,seed18,254,9020.048484848485
hpmcounter3,drift,seed18,255,9020.169696969697
hpmcounter3,drift,seed18,256,9020.266666666666
hpmcounter3,drift,seed18,257,9020.363636363636
hpmcounter3,drift,seed18,258,9020.381818181819
hpmcounter3,drift,seed18,259,9020.363636363636
hpmcounter3,drift,seed18,260,9020.472727272727
hpmcounter3,drift,seed18,261,9020.290909090909
hpmcounter3,drift,seed18,262,9019.975757575758
hpmcounter3,drift,seed18,263,9019.848484848484
hpmcounter3,drift,seed18,264,9019.624242424243
hpmcounter3,drift,seed18,265,9019.569696969696
hpmcounter3,drift,seed18,266,9019.49696969697
hpmcounter3,drift,seed18,267,9019.39393939394
hpmcounter3,drift,seed18,268,9019.50303030303
hpmcounter3,drift,seed18,269,9019.527272727273
hpmcounter3,drift,seed18,270,9019.8
hpmcounter3,drift,seed18,271,9019.945454545454
hpmcounter3,drift,seed18,272,9019.872727272726
hpmcounter3,drift,seed18,273,9019.89090909091
hpmcounter3,drift,seed18,274,9019.975757575758
hpmcounter3,drift,seed18,275,9019.981818181817
hpmcounter3,drift,seed18,276,9019.933333333332
hpmcounter3,drift,seed18,277,9019.678787878787
hpmcounter3,drift,seed18,278,9019.551515151516
hpmcounter3,drift,seed18,279,9019.266666666666
hpmcounter3,drift,seed18,280,9018.957575757575
hpmcounter3,drift,seed18,281,9018.71515151515
hpmcounter3,drift,seed18,282,9018.430303030304
hpmcounter3,drift,seed18,283,9018.115151515152
hpmcounter3,drift,seed18,284,9018.224242424243
hpmcounter3,drift,seed18,285,9018.515151515152
hpmcounter3,drift,seed18,286,9018.733333333334
hpmcounter3,drift,seed18,287,9018.757575757576
hpmcounter3,drift,seed18,288,9018.830303030303
hpmcounter3,drift,seed18,289,9018.830303030303
hpmcounter3,drift,seed18,290,9018.975757575758
hpmcounter3,drift,seed18,291,9018.89090909091
hpmcounter3,drift,seed18,292,9018.775757575757
hpmcounter3,drift,seed18,293,9018.4
hpmcounter3,drift,seed18,294,9018.151515151516
hpmcounter3,drift,seed18,295,9018.066666666668
hpmcounter3,drift,seed18,296,9018.09090909091
hpmcounter3,drift,seed18,297,9018.133333333333
hpmcounter3,drift,seed18,298,9018.072727272727
hpmcounter3,drift,seed19,9,9858.60606060606
hpmcounter3,drift,seed19,10,9583.981818181817
hpmcounter3,drift,seed19,11,9218.545454545454
hpmcounter3,drift,seed19,12,9015.49090909091
hpmcounter3,drift,seed19,13,9016.260606060607
hpmcounter3,drift,seed19,14,9017.2
hpmcounter3,drift,seed19,15,9018.048484848485
hpmcounter3,drift,seed19,16,9018.612121212122
hpmcounter3,drift,seed19,17,9019.20606060606
hpmcounter3,drift,seed19,18,9019.79393939394
hpmcounter3,drift,seed19,19,9020.072727272727
hpmcounter3,drift,seed19,20,9020.066666666668
hpmcounter3,drift,seed19,21,9019.945454545454
hpmcounter3,drift,seed19,22,9020.369696969698
hpmcounter3,drift,seed19,23,9020.612121212122
hpmcounter3,drift,seed19,24,9020.79393939394
hpmcounter3,drift,seed19,25,9020.927272727273
hpmcounter3,drift,seed19,26,9020.987878787879
hpmcounter3,drift,seed19,27,9020.842424242424
hpmcounter3,drift,seed19,28,9020.842424242424
hpmcounter3,drift,seed19,29,9020.721212121212
hpmcounter3,drift,seed19,30,9020.612121212122
hpmcounter3,drift,seed19,31,9020.472727272727
hpmcounter3,drift,seed19,32,9020.733333333334
hpmcounter3,drift,seed19,33,9020.8
hpmcounter3,drift,seed19,34,9020.739393939393
hpmcounter3,drift,seed19,35,9020.387878787878
hpmcounter3,drift,seed19,36,9020.09090909091
hpmcounter3,drift,seed19,37,9019.618181818181
hpmcounter3,drift,seed19,38,9019.41212121212
hpmcounter3,drift,seed19,39,9019.254545454545
hpmcounter3,drift,seed19,40,9019.2
hpmcounter3,drift,seed19,41,9019.236363636364
hpmcounter3,drift,seed19,42,9019.454545454546
hpmcounter3,drift,seed19,43,9019.636363636364
hpmcounter3,drift,seed19,44,9019.781818181818
hpmcounter3,drift,seed19,45,9019.70303030303
hpmcounter3,drift,seed19,46,9019.618181818181
hpmcounter3,drift,seed19,47,9019.515151515152
hpmcounter3,drift,seed19,48,9019.448484848484
hpmcounter3,drift,seed19,49,9019.363636363636
hpmcounter3,drift,seed19,50,9019.28484848485
hpmcounter3,drift,seed19,51,9019.357575757576
hpmcounter3,drift,seed19,52,9019.50303030303
hpmcounter3,drift,seed19,53,9019.915151515152
hpmcounter3,drift,seed19,54,9020.19393939394
hpmcounter3,drift,seed19,55,9020.49090909091
hpmcounter3,drift,seed19,56,9020.618181818181
hpmcounter3,drift,seed19,57,9021.036363636364
hpmcounter3,drift,seed19,58,9021.454545454546
hpmcounter3,drift,seed19,59,9021.672727272728
hpmcounter3,drift,seed19,60,9021.721212121212
hpmcounter3,drift,seed19,61,9021.630303030302
hpmcounter3,drift,seed19,62,9021.466666666667
hpmcounter3,drift,seed19,63,9021.278787878788
hpmcounter3,drift,seed19,64,9020.872727272726
hpmcounter3,drift,seed19,65,9020.406060606061
hpmcounter3,drift,seed19,66,9019.769696969697
hpmcounter3,drift,seed19,67,9019.363636363636
hpmcounter3,drift,seed19,68,9019.181818181818
hpmcounter3,drift,seed19,69,9018.939393939394
hpmcounter3,drift,seed19,70,9018.79393939394
hpmcounter3,drift,seed19,71,9018.781818181818
hpmcounter3,drift,seed19,72,9018.915151515152
hpmcounter3,drift,seed19,73,9019.224242424243
hpmcounter3,drift,seed19,74,9019.375757575757
hpmcounter3,drift,seed19,75,9019.478787878788
hpmcounter3,drift,seed19,76,9019.751515151514
hpmcounter3,drift,seed19,77,9019.763636363636
hpmcounter3,drift,seed19,78,9238.50909090909
hpmcounter3,drift,seed19,79,9408.49090909091
hpmcounter3,drift,seed19,80,9529.818181818182
hpmcounter3,drift,seed19,81,9821.09696969697
hpmcounter3,drift,seed19,82,10233.321212121213
hpmcounter3,drift,seed19,83,10714.30303030303
hpmcounter3,drift,seed19,84,11002.121212121212
hpmcounter3,drift,seed19,85,11096.751515151514
hpmcounter3,drift,seed19,86,10998.327272727272
hpmcounter3,drift,seed19,87,10706.757575757576
hpmcounter3,drift,seed19,88,10489.19393939394
hpmcounter3,drift,seed19,89,10126.927272727273
hpmcounter3,drift,seed19,90,9620.042424242425
hpmcounter3,drift,seed19,91,9235.539393939394
hpmcounter3,drift,seed19,92,9021.49696969697
hpmcounter3,drift,seed19,93,9021.442424242425
hpmcounter3,drift,seed19,94,9021.472727272727
hpmcounter3,drift,seed19,95,9021.454545454546
hpmcounter3,drift,seed19,96,9021.145454545454
hpmcounter3,drift,seed19,97,9020.836363636363
hpmcounter3,drift,seed19,98,9020.50909090909
hpmcounter3,drift,seed19,99,9020.242424242424
hpmcounter3,drift,seed19,100,9020.060606060606
hpmcounter3,drift,seed19,101,9019.8
hpmcounter3,drift,seed19,102,9019.71515151515
hpmcounter3,drift,seed19,103,9019.957575757575
hpmcounter3,drift,seed19,104,9020.58787878788
hpmcounter3,drift,seed19,105,9021.557575757575
hpmcounter3,drift,seed19,106,9022.278787878788
hpmcounter3,drift,seed19,107,9022.71515151515
hpmcounter3,drift,seed19,108,9023.072727272727
hpmcounter3,drift,seed19,109,9023.151515151516
hpmcounter3,drift,seed19,110,9022.951515151515
hpmcounter3,drift,seed19,111,9022.460606060606
hpmcounter3,drift,seed19,112,9021.951515151515
hpmcounter3,drift,seed19,113,9021.612121212122
hpmcounter3,drift,seed19,114,9021.49090909091
hpmcounter3,drift,seed19,115,9021.636363636364
hpmcounter3,drift,seed19,116,9021.763636363636
hpmcounter3,drift,seed19,117,9021.915151515152
hpmcounter3,drift,seed19,118,9022.145454545454
hpmcounter3,drift,seed19,119,9022.266666666666
hpmcounter3,drift,seed19,120,9022.309090909092
hpmcounter3,drift,seed19,121,9022.139393939395
hpmcounter3,drift,seed19,122,9022.242424242424
hpmcounter3,drift,seed19,123,9022.2
hpmcounter3,drift,seed19,124,9022.145454545454
hpmcounter3,drift,seed19,125,9021.860606060605
hpmcounter3,drift,seed19,126,9021.448484848484
hpmcounter3,drift,seed19,127,9021.066666666668
hpmcounter3,drift,seed19,128,9020.79393939394
hpmcounter3,drift,seed19,129,9020.41212121212
hpmcounter3,drift,seed19,130,9020.145454545454
hpmcounter3,drift,seed19,131,9020.048484848485
hpmcounter3,drift,seed19,132,9020.406060606061
hpmcounter3,drift,seed19,133,9020.678787878787
hpmcounter3,drift,seed19,134,9021.0
hpmcounter3,drift,seed19,135,9021.236363636364
hpmcounter3,drift,seed19,136,9021.18787878788
hpmcounter3,drift,seed19,137,9020.933333333332
hpmcounter3,drift,seed19,138,9020.684848484849
hpmcounter3,drift,seed19,139,9020.103030303031
hpmcounter3,drift,seed19,140,9019.60606060606
hpmcounter3,drift,seed19,141,9019.218181818182
hpmcounter3,drift,seed19,142,9019.121212121212
hpmcounter3,drift,seed19,143,9018.987878787879
hpmcounter3,drift,seed19,144,9019.224242424243
hpmcounter3,drift,seed19,145,9019.739393939393
hpmcounter3,drift,seed19,146,9020.266666666666
hpmcounter3,drift,seed19,147,9020.648484848485
hpmcounter3,drift,seed19,148,9021.145454545454
hpmcounter3,drift,seed19,149,9021.345454545455
hpmcounter3,drift,seed19,150,9021.49090909091
hpmcounter3,drift,seed19,151,9021.29696969697
hpmcounter3,drift,seed19,152,9020.896969696969
hpmcounter3,drift,seed19,153,9020.072727272727
hpmcounter3,drift,seed19,154,9019.533333333333
hpmcounter3,drift,seed19,155,9018.921212121211
hpmcounter3,drift,seed19,156,9018.527272727273
hpmcounter3,drift,seed19,157,9018.133333333333
hpmcounter3,drift,seed19,158,9018.030303030304
hpmcounter3,drift,seed19,159,9018.024242424242
hpmcounter3,drift,seed19,160,9237.072727272727
hpmcounter3,drift,seed19,161,9407.618181818181
hpmcounter3,drift,seed19,162,9748.133333333333
hpmcounter3,drift,seed19,163,10209.50909090909
hpmcounter3,drift,seed19,164,10743.58787878788
hpmcounter3,drift,seed19,165,11083.41212121212
hpmcounter3,drift,seed19,166,11229.066666666668
hpmcounter3,drift,seed19,167,11180.527272727273
hpmcounter3,drift,seed19,168,10937.636363636364
hpmcounter3,drift,seed19,169,10500.369696969698
hpmcounter3,drift,seed19,170,10136.260606060607
hpmcounter3,drift,seed19,171,9626.781818181818
hpmcounter3,drift,seed19,172,9238.975757575758
hpmcounter3,drift,seed19,173,9020.745454545455
hpmcounter3,drift,seed19,174,9020.6
hpmcounter3,drift,seed19,175,9020.406060606061
hpmcounter3,drift,seed19,176,9020.078787878789
hpmcounter3,drift,seed19,177,9019.775757575757
hpmcounter3,drift,seed19,178,9019.521212121212
hpmcounter3,drift,seed19,179,9019.151515151516
hpmcounter3,drift,seed19,180,9018.733333333334
hpmcounter3,drift,seed19,181,9018.575757575758
hpmcounter3,drift,seed19,182,9018.660606060606
hpmcounter3,drift,seed19,183,9018.89090909091
hpmcounter3,drift,seed19,184,9018.969696969696
hpmcounter3,drift,seed19,185,9019.236363636364
hpmcounter3,drift,seed19,186,9019.466666666667
hpmcounter3,drift,seed19,187,9019.636363636364
hpmcounter3,drift,seed19,188,9020.072727272727
hpmcounter3,drift,seed19,189,9238.49090909091
hpmcounter3,drift,seed19,190,9622.80606060606
hpmcounter3,drift,seed19,191,10125.20606060606
hpmcounter3,drift,seed19,192,10483.757575757576
hpmcounter3,drift,seed19,193,10698.515151515152
hpmcounter3,drift,seed19,194,10769.278787878788
hpmcounter3,drift,seed19,195,10696.521212121212
hpmcounter3,drift,seed19,196,10480.10909090909
hpmcounter3,drift,seed19,197,10120.060606060606
hpmcounter3,drift,seed19,198,9616.321212121213
hpmcounter3,drift,seed19,199,9235.406060606061
hpmcounter3,drift,seed19,200,9021.2
hpmcounter3,drift,seed19,201,9021.260606060607
hpmcounter3,drift,seed19,202,9021.145454545454
hpmcounter3,drift,seed19,203,9020.975757575758
hpmcounter3,drift,seed19,204,9020.79393939394
hpmcounter3,drift,seed19,205,9020.709090909091
hpmcounter3,drift,seed19,206,9020.569696969696
hpmcounter3,drift,seed19,207,9020.612121212122
hpmcounter3,drift,seed19,208,9020.442424242425
hpmcounter3,drift,seed19,209,9020.248484848486
hpmcounter3,drift,seed19,210,9020.139393939395
hpmcounter3,drift,seed19,211,9020.224242424243
hpmcounter3,drift,seed19,212,9020.466666666667
hpmcounter3,drift,seed19,213,9020.818181818182
hpmcounter3,drift,seed19,214,9021.212121212122
hpmcounter3,drift,seed19,215,9021.71515151515
hpmcounter3,drift,seed19,216,9022.115151515152
hpmcounter3,drift,seed19,217,9022.430303030304
hpmcounter3,drift,seed19,218,9022.448484848484
hpmcounter3,drift,seed19,219,9022.375757575757
hpmcounter3,drift,seed19,220,9022.036363636364
hpmcounter3,drift,seed19,221,9021.533333333333
hpmcounter3,drift,seed19,222,9021.266666666666
hpmcounter3,drift,seed19,223,9020.975757575758
hpmcounter3,drift,seed19,224,9020.575757575758
hpmcounter3,drift,seed19,225,9020.321212121213
hpmcounter3,drift,seed19,226,9020.60606060606
hpmcounter3,drift,seed19,227,9020.975757575758
hpmcounter3,drift,seed19,228,9021.527272727273
hpmcounter3,drift,seed19,229,9022.072727272727
hpmcounter3,drift,seed19,230,9022.315151515151
hpmcounter3,drift,seed19,231,9022.351515151515
hpmcounter3,drift,seed19,232,9022.30303030303
hpmcounter3,drift,seed19,233,9021.884848484848
hpmcounter3,drift,seed19,234,9021.327272727272
hpmcounter3,drift,seed19,235,9020.79393939394
hpmcounter3,drift,seed19,236,9020.684848484849
hpmcounter3,drift,seed19,237,9020.672727272728
hpmcounter3,drift,seed19,238,9020.739393939393
hpmcounter3,drift,seed19,239,9020.854545454546
hpmcounter3,drift,seed19,240,9020.993939393938
hpmcounter3,drift,seed19,241,9021.254545454545
hpmcounter3,drift,seed19,242,9021.272727272728
hpmcounter3,drift,seed19,243,9021.048484848485
hpmcounter3,drift,seed19,244,9021.042424242425
hpmcounter3,drift,seed19,245,9020.79393939394
hpmcounter3,drift,seed19,246,9020.484848484848
hpmcounter3,drift,seed19,247,9020.381818181819
hpmcounter3,drift,seed19,248,9020.10909090909
hpmcounter3,drift,seed19,249,9020.018181818183
hpmcounter3,drift,seed19,250,9020.0
hpmcounter3,drift,seed19,251,9020.309090909092
hpmcounter3,drift,seed19,252,9020.775757575757
hpmcounter3,drift,seed19,253,9021.218181818182
hpmcounter3,drift,seed19,254,9021.769696969697
hpmcounter3,drift,seed19,255,9022.0
hpmcounter3,drift,seed19,256,9021.927272727273
hpmcounter3,drift,seed19,257,9021.79393939394
hpmcounter3,drift,seed19,258,9021.381818181819
hpmcounter3,drift,seed19,259,9021.012121212121
hpmcounter3,drift,seed19,260,9020.781818181818
hpmcounter3,drift,seed19,261,9020.612121212122
hpmcounter3,drift,seed19,262,9020.781818181818
hpmcounter3,drift,seed19,263,9021.127272727274
hpmcounter3,drift,seed19,264,9021.50303030303
hpmcounter3,drift,seed19,265,9021.775757575757
hpmcounter3,drift,seed19,266,9022.0
hpmcounter3,drift,seed19,267,9021.933333333332
hpmcounter3,drift,seed19,268,9021.79393939394
hpmcounter3,drift,seed19,269,9021.49090909091
hpmcounter3,drift,seed19,270,9021.19393939394
hpmcounter3,drift,seed19,271,9020.721212121212
hpmcounter3,drift,seed19,272,9020.28484848485
hpmcounter3,drift,seed19,273,9019.866666666667
hpmcounter3,drift,seed19,274,9019.745454545455
hpmcounter3,drift,seed19,275,9019.733333333334
hpmcounter3,drift,seed19,276,9020.103030303031
hpmcounter3,drift,seed19,277,9020.224242424243
hpmcounter3,drift,seed19,278,9020.484848484848
hpmcounter3,drift,seed19,279,9020.733333333334
hpmcounter3,drift,seed19,280,9020.727272727272
hpmcounter3,drift,seed19,281,9020.357575757576
hpmcounter3,drift,seed19,282,9020.054545454546
hpmcounter3,drift,seed19,283,9019.618181818181
hpmcounter3,drift,seed19,284,9019.4
hpmcounter3,drift,seed19,285,9019.290909090909
hpmcounter3,drift,seed19,286,9019.406060606061
hpmcounter3,drift,seed19,287,9019.321212121213
hpmcounter3,drift,seed19,288,9019.181818181818
hpmcounter3,drift,seed19,289,9019.175757575758
hpmcounter3,drift,seed19,290,9019.278787878788
hpmcounter3,drift,seed19,291,9019.309090909092
hpmcounter3,drift,seed19,292,9019.690909090908
hpmcounter3,drift,seed19,293,9020.036363636364
hpmcounter3,drift,seed19,294,9020.478787878788
hpmcounter3,drift,seed19,295,9020.8
hpmcounter3,drift,seed19,296,9020.89090909091
hpmcounter3,drift,seed19,297,9020.618181818181
hpmcounter3,drift,seed19,298,9020.2
hpmcounter3,drift,seed2,9,9013.448484848484
hpmcounter3,drift,seed2,10,9012.563636363637
hpmcounter3,drift,seed2,11,9012.345454545455
hpmcounter3,drift,seed2,12,9012.848484848484
hpmcounter3,drift,seed2,13,9013.581818181818
hpmcounter3,drift,seed2,14,9014.727272727272
hpmcounter3,drift,seed2,15,9234.993939393938
hpmcounter3,drift,seed2,16,9406.50909090909
hpmcounter3,drift,seed2,17,9529.29696969697
hpmcounter3,drift,seed2,18,9603.072727272727
hpmcounter3,drift,seed2,19,9846.345454545455
hpmcounter3,drift,seed2,20,10210.624242424243
hpmcounter3,drift,seed2,21,10429.024242424242
hpmcounter3,drift,seed2,22,10501.939393939394
hpmcounter3,drift,seed2,23,10428.830303030303
hpmcounter3,drift,seed2,24,10209.787878787878
hpmcounter3,drift,seed2,25,10112.6
hpmcounter3,drift,seed2,26,9918.309090909092
hpmcounter3,drift,seed2,27,9626.90303030303
hpmcounter3,drift,seed2,28,9238.315151515151
hpmcounter3,drift,seed2,29,9019.733333333334
hpmcounter3,drift,seed2,30,9019.50909090909
hpmcounter3,drift,seed2,31,9019.345454545455
hpmcounter3,drift,seed2,32,9019.345454545455
hpmcounter3,drift,seed2,33,9018.896969696969
hpmcounter3,drift,seed2,34,9018.375757575757
hpmcounter3,drift,seed2,35,9017.915151515152
hpmcounter3,drift,seed2,36,9017.769696969697
hpmcounter3,drift,seed2,37,9017.763636363636
hpmcounter3,drift,seed2,38,9018.072727272727
hpmcounter3,drift,seed2,39,9018.50909090909
hpmcounter3,drift,seed2,40,9018.927272727273
hpmcounter3,drift,seed2,41,9019.369696969698
hpmcounter3,drift,seed2,42,9019.878787878788
hpmcounter3,drift,seed2,43,9020.139393939395
hpmcounter3,drift,seed2,44,9020.49696969697
hpmcounter3,drift,seed2,45,9020.824242424242
hpmcounter3,drift,seed2,46,9020.987878787879
hpmcounter3,drift,seed2,47,9021.054545454546
hpmcounter3,drift,seed2,48,9020.927272727273
hpmcounter3,drift,seed2,49,9020.69696969697
hpmcounter3,drift,seed2,50,9020.375757575757
hpmcounter3,drift,seed2,51,9019.90909090909
hpmcounter3,drift,seed2,52,9019.648484848485
hpmcounter3,drift,seed2,53,9019.418181818182
hpmcounter3,drift,seed2,54,9019.321212121213
hpmcounter3,drift,seed2,55,9019.581818181818
hpmcounter3,drift,seed2,56,9019.660606060606
hpmcounter3,drift,seed2,57,9019.757575757576
hpmcounter3,drift,seed2,58,9019.521212121212
hpmcounter3,drift,seed2,59,9019.369696969698
hpmcounter3,drift,seed2,60,9019.333333333334
hpmcounter3,drift,seed2,61,9019.321212121213
hpmcounter3,drift,seed2,62,9019.684848484849
hpmcounter3,drift,seed2,63,9020.048484848485
hpmcounter3,drift,seed2,64,9020.224242424243
hpmcounter3,drift,seed2,65,9020.466666666667
hpmcounter3,drift,seed2,66,9020.6
hpmcounter3,drift,seed2,67,9020.654545454545
hpmcounter3,drift,seed2,68,9020.690909090908
hpmcounter3,drift,seed2,69,9020.49696969697
hpmcounter3,drift,seed2,70,9020.406060606061
hpmcounter3,drift,seed2,71,9020.254545454545
hpmcounter3,drift,seed2,72,9020.418181818182
hpmcounter3,drift,seed2,73,9020.6
hpmcounter3,drift,seed2,74,9020.666666666666
hpmcounter3,drift,seed2,75,9020.769696969697
hpmcounter3,drift,seed2,76,9020.872727272726
hpmcounter3,drift,seed2,77,9020.90909090909
hpmcounter3,drift,seed2,78,9021.2
hpmcounter3,drift,seed2,79,9021.533333333333
hpmcounter3,drift,seed2,80,9021.739393939393
hpmcounter3,drift,seed2,81,9021.751515151514
hpmcounter3,drift,seed2,82,9021.593939393939
hpmcounter3,drift,seed2,83,9021.521212121212
hpmcounter3,drift,seed2,84,9021.169696969697
hpmcounter3,drift,seed2,85,9020.763636363636
hpmcounter3,drift,seed2,86,9020.29696969697
hpmcounter3,drift,seed2,87,9019.684848484849
hpmcounter3,drift,seed2,88,9018.975757575758
hpmcounter3,drift,seed2,89,9018.660606060606
hpmcounter3,drift,seed2,90,9018.315151515151
hpmcounter3,drift,seed2,91,9018.151515151516
hpmcounter3,drift,seed2,92,9018.145454545454
hpmcounter3,drift,seed2,93,9018.418181818182
hpmcounter3,drift,seed2,94,9018.79393939394
hpmcounter3,drift,seed2,95,9019.345454545455
hpmcounter3,drift,seed2,96,9019.848484848484
hpmcounter3,drift,seed2,97,9020.169696969697
hpmcounter3,drift,seed2,98,9020.175757575758
hpmcounter3,drift,seed2,99,9020.436363636363
hpmcounter3,drift,seed2,100,9020.636363636364
hpmcounter3,drift,seed2,101,9020.836363636363
hpmcounter3,drift,seed2,102,9021.036363636364
hpmcounter3,drift,seed2,103,9021.169696969697
hpmcounter3,drift,seed2,104,9021.333333333334
hpmcounter3,drift,seed2,105,9021.593939393939
hpmcounter3,drift,seed2,106,9021.612121212122
hpmcounter3,drift,seed2,107,9021.333333333334
hpmcounter3,drift,seed2,108,9020.963636363636
hpmcounter3,drift,seed2,109,9020.678787878787
hpmcounter3,drift,seed2,110,9020.690909090908
hpmcounter3,drift,seed2,111,9020.878787878788
hpmcounter3,drift,seed2,112,9020.769696969697
hpmcounter3,drift,seed2,113,9020.69696969697
hpmcounter3,drift,seed2,114,9020.79393939394
hpmcounter3,drift,seed2,115,9020.884848484848
hpmcounter3,drift,seed2,116,9020.945454545454
hpmcounter3,drift,seed2,117,9020.818181818182
hpmcounter3,drift,seed2,118,9020.648484848485
hpmcounter3,drift,seed2,119,9020.515151515152
hpmcounter3,drift,seed2,120,9020.484848484848
hpmcounter3,drift,seed2,121,9020.648484848485
hpmcounter3,drift,seed2,122,9020.466666666667
hpmcounter3,drift,seed2,123,9020.018181818183
hpmcounter3,drift,seed2,124,9019.81212121212
hpmcounter3,drift,seed2,125,9019.60606060606
hpmcounter3,drift,seed2,126,9019.709090909091
hpmcounter3,drift,seed2,127,9019.824242424242
hpmcounter3,drift,seed2,128,9019.709090909091
hpmcounter3,drift,seed2,129,9019.739393939393
hpmcounter3,drift,seed2,130,9019.915151515152
hpmcounter3,drift,seed2,131,9020.169696969697
hpmcounter3,drift,seed2,132,9020.424242424242
hpmcounter3,drift,seed2,133,9020.278787878788
hpmcounter3,drift,seed2,134,9020.163636363637
hpmcounter3,drift,seed2,135,9020.036363636364
hpmcounter3,drift,seed2,136,9019.921212121211
hpmcounter3,drift,seed2,137,9019.842424242424
hpmcounter3,drift,seed2,138,9019.175757575758
hpmcounter3,drift,seed2,139,9018.630303030302
hpmcounter3,drift,seed2,140,9018.448484848484
hpmcounter3,drift,seed2,141,9018.387878787878
hpmcounter3,drift,seed2,142,9018.745454545455
hpmcounter3,drift,seed2,143,9019.18787878788
hpmcounter3,drift,seed2,144,9019.733333333334
hpmcounter3,drift,seed2,145,9020.41212121212
hpmcounter3,drift,seed2,146,9020.957575757575
hpmcounter3,drift,seed2,147,9021.533333333333
hpmcounter3,drift,seed2,148,9240.636363636364
hpmcounter3,drift,seed2,149,9410.945454545454
hpmcounter3,drift,seed2,150,9532.527272727273
hpmcounter3,drift,seed2,151,9823.236363636364
hpmcounter3,drift,seed2,152,10235.436363636363
hpmcounter3,drift,seed2,153,10720.2
hpmcounter3,drift,seed2,154,11229.054545454546
hpmcounter3,drift,seed2,155,11713.636363636364
hpmcounter3,drift,seed2,156,11906.969696969696
hpmcounter3,drift,seed2,157,11809.28484848485
hpmcounter3,drift,seed2,158,11688.30303030303
hpmcounter3,drift,seed2,159,11325.28484848485
hpmcounter3,drift,seed2,160,10719.41212121212
hpmcounter3,drift,seed2,161,10137.28484848485
hpmcounter3,drift,seed2,162,9628.072727272727
hpmcounter3,drift,seed2,163,9239.945454545454
hpmcounter3,drift,seed2,164,9021.50909090909
hpmcounter3,drift,seed2,165,9021.20606060606
hpmcounter3,drift,seed2,166,9020.70303030303
hpmcounter3,drift,seed2,167,9020.157575757576
hpmcounter3,drift,seed2,168,9019.454545454546
hpmcounter3,drift,seed2,169,9019.351515151515
hpmcounter3,drift,seed2,170,9019.266666666666
hpmcounter3,drift,seed2,171,9019.448484848484
hpmcounter3,drift,seed2,172,9019.848484848484
hpmcounter3,drift,seed2,173,9238.927272727273
hpmcounter3,drift,seed2,174,9627.993939393938
hpmcounter3,drift,seed2,175,10138.09696969697
hpmcounter3,drift,seed2,176,10720.824242424242
hpmcounter3,drift,seed2,177,11109.654545454545
hpmcounter3,drift,seed2,178,11304.048484848485
hpmcounter3,drift,seed2,179,11303.957575757575
hpmcounter3,drift,seed2,180,11109.351515151515
hpmcounter3,drift,seed2,181,10720.751515151514
hpmcounter3,drift,seed2,182,10138.115151515152
hpmcounter3,drift,seed2,183,9628.424242424242
hpmcounter3,drift,seed2,184,9240.127272727274
hpmcounter3,drift,seed2,185,9021.381818181819
hpmcounter3,drift,seed2,186,9020.830303030303
hpmcounter3,drift,seed2,187,9020.672727272728
hpmcounter3,drift,seed2,188,9020.90303030303
hpmcounter3,drift,seed2,189,9021.145454545454
hpmcounter3,drift,seed2,190,9021.28484848485
hpmcounter3,drift,seed2,191,9021.527272727273
hpmcounter3,drift,seed2,192,9021.709090909091
hpmcounter3,drift,seed2,193,9021.830303030303
hpmcounter3,drift,seed2,194,9021.781818181818
hpmcounter3,drift,seed2,195,9021.260606060607
hpmcounter3,drift,seed2,196,9020.721212121212
hpmcounter3,drift,seed2,197,9020.260606060607
hpmcounter3,drift,seed2,198,9020.054545454546
hpmcounter3,drift,seed2,199,9019.939393939394
hpmcounter3,drift,seed2,200,9020.224242424243
hpmcounter3,drift,seed2,201,9020.612121212122
hpmcounter3,drift,seed2,202,9020.927272727273
hpmcounter3,drift,seed2,203,9021.521212121212
hpmcounter3,drift,seed2,204,9022.103030303031
hpmcounter3,drift,seed2,205,9022.115151515152
hpmcounter3,drift,seed2,206,9021.951515151515
hpmcounter3,drift,seed2,207,9021.70303030303
hpmcounter3,drift,seed2,208,9021.29696969697
hpmcounter3,drift,seed2,209,9020.769696969697
hpmcounter3,drift,seed2,210,9019.8
hpmcounter3,drift,seed2,211,9018.860606060605
hpmcounter3,drift,seed2,212,9018.139393939395
hpmcounter3,drift,seed2,213,9017.551515151516
hpmcounter3,drift,seed2,214,9017.30303030303
hpmcounter3,drift,seed2,215,9017.418181818182
hpmcounter3,drift,seed2,216,9017.872727272726
hpmcounter3,drift,seed2,217,9018.248484848486
hpmcounter3,drift,seed2,218,9018.842424242424
hpmcounter3,drift,seed2,219,9019.563636363637
hpmcounter3,drift,seed2,220,9019.896969696969
hpmcounter3,drift,seed2,221,9020.0
hpmcounter3,drift,seed2,222,9020.30303030303
hpmcounter3,drift,seed2,223,9020.472727272727
hpmcounter3,drift,seed2,224,9020.569696969696
hpmcounter3,drift,seed2,225,9020.266666666666
hpmcounter3,drift,seed2,226,9020.066666666668
hpmcounter3,drift,seed2,227,9019.824242424242
hpmcounter3,drift,seed2,228,9019.745454545455
hpmcounter3,drift,seed2,229,9019.709090909091
hpmcounter3,drift,seed2,230,9019.739393939393
hpmcounter3,drift,seed2,231,9019.672727272728
hpmcounter3,drift,seed2,232,9019.79393939394
hpmcounter3,drift,seed2,233,9020.157575757576
hpmcounter3,drift,seed2,234,9020.709090909091
hpmcounter3,drift,seed2,235,9020.90303030303
hpmcounter3,drift,seed2,236,9021.018181818183
hpmcounter3,drift,seed2,237,9021.230303030303
hpmcounter3,drift,seed2,238,9021.266666666666
hpmcounter3,drift,seed2,239,9021.163636363637
hpmcounter3,drift,seed2,240,9020.648484848485
hpmcounter3,drift,seed2,241,9020.20606060606
hpmcounter3,drift,seed2,242,9019.727272727272
hpmcounter3,drift,seed2,243,9019.58787878788
hpmcounter3,drift,seed2,244,9019.642424242424
hpmcounter3,drift,seed2,245,9019.836363636363
hpmcounter3,drift,seed2,246,9020.357575757576
hpmcounter3,drift,seed2,247,9020.951515151515
hpmcounter3,drift,seed2,248,9021.418181818182
hpmcounter3,drift,seed2,249,9021.666666666666
hpmcounter3,drift,seed2,250,9021.539393939394
hpmcounter3,drift,seed2,251,9021.387878787878
hpmcounter3,drift,seed2,252,9021.133333333333
hpmcounter3,drift,seed2,253,9020.787878787878
hpmcounter3,drift,seed2,254,9020.424242424242
hpmcounter3,drift,seed2,255,9019.630303030302
hpmcounter3,drift,seed2,256,9019.030303030304
hpmcounter3,drift,seed2,257,9018.60606060606
hpmcounter3,drift,seed2,258,9018.260606060607
hpmcounter3,drift,seed2,259,9017.963636363636
hpmcounter3,drift,seed2,260,9017.90303030303
hpmcounter3,drift,seed2,261,9017.90303030303
hpmcounter3,drift,seed2,262,9018.29696969697
hpmcounter3,drift,seed2,263,9018.50303030303
hpmcounter3,drift,seed2,264,9018.709090909091
hpmcounter3,drift,seed2,265,9018.581818181818
hpmcounter3,drift,seed2,266,9018.50303030303
hpmcounter3,drift,seed2,267,9018.472727272727
hpmcounter3,drift,seed2,268,9018.545454545454
hpmcounter3,drift,seed2,269,9018.630303030302
hpmcounter3,drift,seed2,270,9018.957575757575
hpmcounter3,drift,seed2,271,9019.163636363637
hpmcounter3,drift,seed2,272,9019.545454545454
hpmcounter3,drift,seed2,273,9019.71515151515
hpmcounter3,drift,seed2,274,9019.769696969697
hpmcounter3,drift,seed2,275,9019.80606060606
hpmcounter3,drift,seed2,276,9020.084848484848
hpmcounter3,drift,seed2,277,9020.20606060606
hpmcounter3,drift,seed2,278,9020.4
hpmcounter3,drift,seed2,279,9020.545454545454
hpmcounter3,drift,seed2,280,9020.709090909091
hpmcounter3,drift,seed2,281,9020.70303030303
hpmcounter3,drift,seed2,282,9020.593939393939
hpmcounter3,drift,seed2,283,9020.175757575758
hpmcounter3,drift,seed2,284,9019.70303030303
hpmcounter3,drift,seed2,285,9019.18787878788
hpmcounter3,drift,seed2,286,9018.921212121211
hpmcounter3,drift,seed2,287,9018.860606060605
hpmcounter3,drift,seed2,288,9018.884848484848
hpmcounter3,drift,seed2,289,9019.006060606062
hpmcounter3,drift,seed2,290,9019.006060606062
hpmcounter3,drift,seed2,291,9019.042424242425
hpmcounter3,drift,seed2,292,9019.278787878788
hpmcounter3,drift,seed2,293,9019.248484848486
hpmcounter3,drift,seed2,294,9019.41212121212
hpmcounter3,drift,seed2,295,9019.612121212122
hpmcounter3,drift,seed2,296,9019.648484848485
hpmcounter3,drift,seed2,297,9020.006060606062
hpmcounter3,drift,seed2,298,9020.2
hpmcounter3,drift,seed20,9,12457.751515151514
hpmcounter3,drift,seed20,10,12301.818181818182
hpmcounter3,drift,seed20,11,11818.424242424242
hpmcounter3,drift,seed20,12,11260.521212121212
hpmcounter3,drift,seed20,13,10675.024242424242
hpmcounter3,drift,seed20,14,10109.854545454546
hpmcounter3,drift,seed20,15,9613.315151515151
hpmcounter3,drift,seed20,16,9233.89090909091
hpmcounter3,drift,seed20,17,9019.896969696969
hpmcounter3,drift,seed20,18,9020.636363636364
hpmcounter3,drift,seed20,19,9020.939393939394
hpmcounter3,drift,seed20,20,9021.060606060606
hpmcounter3,drift,seed20,21,9020.981818181817
hpmcounter3,drift,seed20,22,9021.218181818182
hpmcounter3,drift,seed20,23,9021.50303030303
hpmcounter3,drift,seed20,24,9021.866666666667
hpmcounter3,drift,seed20,25,9022.230303030303
hpmcounter3,drift,seed20,26,9022.387878787878
hpmcounter3,drift,seed20,27,9022.242424242424
hpmcounter3,drift,seed20,28,9022.012121212121
hpmcounter3,drift,seed20,29,9021.618181818181
hpmcounter3,drift,seed20,30,9021.260606060607
hpmcounter3,drift,seed20,31,9020.787878787878
hpmcounter3,drift,seed20,32,9020.533333333333
hpmcounter3,drift,seed20,33,9020.248484848486
hpmcounter3,drift,seed20,34,9020.060606060606
hpmcounter3,drift,seed20,35,9019.90909090909
hpmcounter3,drift,seed20,36,9019.672727272728
hpmcounter3,drift,seed20,37,9019.448484848484
hpmcounter3,drift,seed20,38,9019.369696969698
hpmcounter3,drift,seed20,39,9019.39393939394
hpmcounter3,drift,seed20,40,9019.41212121212
hpmcounter3,drift,seed20,41,9019.381818181819
hpmcounter3,drift,seed20,42,9019.50303030303
hpmcounter3,drift,seed20,43,9019.369696969698
hpmcounter3,drift,seed20,44,9019.333333333334
hpmcounter3,drift,seed20,45,9019.236363636364
hpmcounter3,drift,seed20,46,9237.763636363636
hpmcounter3,drift,seed20,47,9626.084848484848
hpmcounter3,drift,seed20,48,10135.636363636364
hpmcounter3,drift,seed20,49,10718.084848484848
hpmcounter3,drift,seed20,50,11106.593939393939
hpmcounter3,drift,seed20,51,11300.884848484848
hpmcounter3,drift,seed20,52,11300.957575757575
hpmcounter3,drift,seed20,53,11106.569696969696
hpmcounter3,drift,seed20,54,10718.09696969697
hpmcounter3,drift,seed20,55,10135.345454545455
hpmcounter3,drift,seed20,56,9625.648484848485
hpmcounter3,drift,seed20,57,9237.078787878789
hpmcounter3,drift,seed20,58,9018.345454545455
hpmcounter3,drift,seed20,59,9018.2
hpmcounter3,drift,seed20,60,9018.484848484848
hpmcounter3,drift,seed20,61,9018.79393939394
hpmcounter3,drift,seed20,62,9019.018181818183
hpmcounter3,drift,seed20,63,9019.266666666666
hpmcounter3,drift,seed20,64,9019.515151515152
hpmcounter3,drift,seed20,65,9019.71515151515
hpmcounter3,drift,seed20,66,9020.115151515152
hpmcounter3,drift,seed20,67,9020.139393939395
hpmcounter3,drift,seed20,68,9020.248484848486
hpmcounter3,drift,seed20,69,9020.484848484848
hpmcounter3,drift,seed20,70,9021.121212121212
hpmcounter3,drift,seed20,71,9021.678787878787
hpmcounter3,drift,seed20,72,9022.09696969697
hpmcounter3,drift,seed20,73,9022.339393939394
hpmcounter3,drift,seed20,74,9022.39393939394
hpmcounter3,drift,seed20,75,9022.381818181819
hpmcounter3,drift,seed20,76,9022.545454545454
hpmcounter3,drift,seed20,77,9022.212121212122
hpmcounter3,drift,seed20,78,9021.648484848485
hpmcounter3,drift,seed20,79,9020.957575757575
hpmcounter3,drift,seed20,80,9020.60606060606
hpmcounter3,drift,seed20,81,9020.333333333334
hpmcounter3,drift,seed20,82,9020.175757575758
hpmcounter3,drift,seed20,83,9020.036363636364
hpmcounter3,drift,seed20,84,9020.145454545454
hpmcounter3,drift,seed20,85,9020.248484848486
hpmcounter3,drift,seed20,86,9020.448484848484
hpmcounter3,drift,seed20,87,9020.418181818182
hpmcounter3,drift,seed20,88,9020.321212121213
hpmcounter3,drift,seed20,89,9020.078787878789
hpmcounter3,drift,seed20,90,9019.836363636363
hpmcounter3,drift,seed20,91,9019.618181818181
hpmcounter3,drift,seed20,92,9019.533333333333
hpmcounter3,drift,seed20,93,9019.50303030303
hpmcounter3,drift,seed20,94,9019.836363636363
hpmcounter3,drift,seed20,95,9020.181818181818
hpmcounter3,drift,seed20,96,9020.406060606061
hpmcounter3,drift,seed20,97,9020.430303030304
hpmcounter3,drift,seed20,98,9020.387878787878
hpmcounter3,drift,seed20,99,9020.181818181818
hpmcounter3,drift,seed20,100,9020.030303030304
hpmcounter3,drift,seed20,101,9019.733333333334
hpmcounter3,drift,seed20,102,9019.230303030303
hpmcounter3,drift,seed20,103,9018.933333333332
hpmcounter3,drift,seed20,104,9018.90909090909
hpmcounter3,drift,seed20,105,9018.872727272726
hpmcounter3,drift,seed20,106,9019.012121212121
hpmcounter3,drift,seed20,107,9019.030303030304
hpmcounter3,drift,seed20,108,9018.939393939394
hpmcounter3,drift,seed20,109,9018.739393939393
hpmcounter3,drift,seed20,110,9018.818181818182
hpmcounter3,drift,seed20,111,9018.836363636363
hpmcounter3,drift,seed20,112,9018.636363636364
hpmcounter3,drift,seed20,113,9018.50303030303
hpmcounter3,drift,seed20,114,9018.472727272727
hpmcounter3,drift,seed20,115,9018.327272727272
hpmcounter3,drift,seed20,116,9018.60606060606
hpmcounter3,drift,seed20,117,9018.8
hpmcounter3,drift,seed20,118,9019.006060606062
hpmcounter3,drift,seed20,119,9019.363636363636
hpmcounter3,drift,seed20,120,9020.042424242425
hpmcounter3,drift,seed20,121,9020.454545454546
hpmcounter3,drift,seed20,122,9020.951515151515
hpmcounter3,drift,seed20,123,9021.430303030304
hpmcounter3,drift,seed20,124,9021.830303030303
hpmcounter3,drift,seed20,125,9022.024242424242
hpmcounter3,drift,seed20,126,9022.28484848485
hpmcounter3,drift,seed20,127,9241.90303030303
hpmcounter3,drift,seed20,128,9412.521212121212
hpmcounter3,drift,seed20,129,9534.381818181819
hpmcounter3,drift,seed20,130,9607.69696969697
hpmcounter3,drift,seed20,131,9631.927272727273
hpmcounter3,drift,seed20,132,9607.357575757576
hpmcounter3,drift,seed20,133,9533.945454545454
hpmcounter3,drift,seed20,134,9411.781818181818
hpmcounter3,drift,seed20,135,9240.836363636363
hpmcounter3,drift,seed20,136,9020.969696969696
hpmcounter3,drift,seed20,137,9020.50909090909
hpmcounter3,drift,seed20,138,9019.90303030303
hpmcounter3,drift,seed20,139,9019.539393939394
hpmcounter3,drift,seed20,140,9019.309090909092
hpmcounter3,drift,seed20,141,9019.006060606062
hpmcounter3,drift,seed20,142,9018.90909090909
hpmcounter3,drift,seed20,143,9018.8
hpmcounter3,drift,seed20,144,9018.769696969697
hpmcounter3,drift,seed20,145,9018.842424242424
hpmcounter3,drift,seed20,146,9018.951515151515
hpmcounter3,drift,seed20,147,9018.896969696969
hpmcounter3,drift,seed20,148,9018.666666666666
hpmcounter3,drift,seed20,149,9018.690909090908
hpmcounter3,drift,seed20,150,9018.860606060605
hpmcounter3,drift,seed20,151,9018.975757575758
hpmcounter3,drift,seed20,152,9019.09090909091
hpmcounter3,drift,seed20,153,9019.20606060606
hpmcounter3,drift,seed20,154,9019.18787878788
hpmcounter3,drift,seed20,155,9019.212121212122
hpmcounter3,drift,seed20,156,9019.442424242425
hpmcounter3,drift,seed20,157,9019.721212121212
hpmcounter3,drift,seed20,158,9238.836363636363
hpmcounter3,drift,seed20,159,9627.860606060605
hpmcounter3,drift,seed20,160,10134.18787878788
hpmcounter3,drift,seed20,161,10495.672727272728
hpmcounter3,drift,seed20,162,10712.169696969697
hpmcounter3,drift,seed20,163,10783.884848484848
hpmcounter3,drift,seed20,164,10710.648484848485
hpmcounter3,drift,seed20,165,10492.478787878788
hpmcounter3,drift,seed20,166,10129.375757575757
hpmcounter3,drift,seed20,167,9621.363636363636
hpmcounter3,drift,seed20,168,9235.71515151515
hpmcounter3,drift,seed20,169,9021.103030303031
hpmcounter3,drift,seed20,170,9021.115151515152
hpmcounter3,drift,seed20,171,9020.80606060606
hpmcounter3,drift,seed20,172,9020.454545454546
hpmcounter3,drift,seed20,173,9020.09696969697
hpmcounter3,drift,seed20,174,9019.848484848484
hpmcounter3,drift,seed20,175,9019.745454545455
hpmcounter3,drift,seed20,176,9019.569696969696
hpmcounter3,drift,seed20,177,9238.018181818183
hpmcounter3,drift,seed20,178,9407.581818181818
hpmcounter3,drift,seed20,179,9528.769696969697
hpmcounter3,drift,seed20,180,9601.872727272726
hpmcounter3,drift,seed20,181,9626.163636363637
hpmcounter3,drift,seed20,182,9602.157575757576
hpmcounter3,drift,seed20,183,9529.739393939393
hpmcounter3,drift,seed20,184,9408.79393939394
hpmcounter3,drift,seed20,185,9239.133333333333
hpmcounter3,drift,seed20,186,9020.648484848485
hpmcounter3,drift,seed20,187,9020.60606060606
hpmcounter3,drift,seed20,188,9020.551515151516
hpmcounter3,drift,seed20,189,9020.327272727272
hpmcounter3,drift,seed20,190,9020.175757575758
hpmcounter3,drift,seed20,191,9019.854545454546
hpmcounter3,drift,seed20,192,9019.50909090909
hpmcounter3,drift,seed20,193,9019.387878787878
hpmcounter3,drift,seed20,194,9019.363636363636
hpmcounter3,drift,seed20,195,9019.436363636363
hpmcounter3,drift,seed20,196,9019.666666666666
hpmcounter3,drift,seed20,197,9019.763636363636
hpmcounter3,drift,seed20,198,9019.969696969696
hpmcounter3,drift,seed20,199,9020.28484848485
hpmcounter3,drift,seed20,200,9020.684848484849
hpmcounter3,drift,seed20,201,9021.145454545454
hpmcounter3,drift,seed20,202,9021.333333333334
hpmcounter3,drift,seed20,203,9021.454545454546
hpmcounter3,drift,seed20,204,9021.624242424243
hpmcounter3,drift,seed20,205,9021.79393939394
hpmcounter3,drift,seed20,206,9021.987878787879
hpmcounter3,drift,seed20,207,9021.824242424242
hpmcounter3,drift,seed20,208,9021.39393939394
hpmcounter3,drift,seed20,209,9020.854545454546
hpmcounter3,drift,seed20,210,9020.2
hpmcounter3,drift,seed20,211,9019.818181818182
hpmcounter3,drift,seed20,212,9019.50909090909
hpmcounter3,drift,seed20,213,9019.327272727272
hpmcounter3,drift,seed20,214,9019.49696969697
hpmcounter3,drift,seed20,215,9019.824242424242
hpmcounter3,drift,seed20,216,9020.2
hpmcounter3,drift,seed20,217,9020.533333333333
hpmcounter3,drift,seed20,218,9239.884848484848
hpmcounter3,drift,seed20,219,9410.363636363636
hpmcounter3,drift,seed20,220,9532.042424242425
hpmcounter3,drift,seed20,221,9605.248484848486
hpmcounter3,drift,seed20,222,9629.915151515152
hpmcounter3,drift,seed20,223,9605.854545454546
hpmcounter3,drift,seed20,224,9533.0
hpmcounter3,drift,seed20,225,9411.448484848484
hpmcounter3,drift,seed20,226,9241.0
hpmcounter3,drift,seed20,227,9021.678787878787
hpmcounter3,drift,seed20,228,9021.430303030304
hpmcounter3,drift,seed20,229,9021.024242424242
hpmcounter3,drift,seed20,230,9020.71515151515
hpmcounter3,drift,seed20,231,9020.363636363636
hpmcounter3,drift,seed20,232,9020.248484848486
hpmcounter3,drift,seed20,233,9020.139393939395
hpmcounter3,drift,seed20,234,9020.048484848485
hpmcounter3,drift,seed20,235,9020.230303030303
hpmcounter3,drift,seed20,236,9020.60606060606
hpmcounter3,drift,seed20,237,9020.775757575757
hpmcounter3,drift,seed20,238,9020.751515151514
hpmcounter3,drift,seed20,239,9020.787878787878
hpmcounter3,drift,seed20,240,9021.036363636364
hpmcounter3,drift,seed20,241,9020.933333333332
hpmcounter3,drift,seed20,242,9020.963636363636
hpmcounter3,drift,seed20,243,9020.939393939394
hpmcounter3,drift,seed20,244,9021.012121212121
hpmcounter3,drift,seed20,245,9021.048484848485
hpmcounter3,drift,seed20,246,9021.09696969697
hpmcounter3,drift,seed20,247,9020.90909090909
hpmcounter3,drift,seed20,248,9020.484848484848
hpmcounter3,drift,seed20,249,9020.28484848485
hpmcounter3,drift,seed20,250,9020.375757575757
hpmcounter3,drift,seed20,251,9020.381818181819
hpmcounter3,drift,seed20,252,9020.630303030302
hpmcounter3,drift,seed20,253,9240.248484848486
hpmcounter3,drift,seed20,254,9629.921212121211
hpmcounter3,drift,seed20,255,10140.727272727272
hpmcounter3,drift,seed20,256,10723.636363636364
hpmcounter3,drift,seed20,257,11111.933333333332
hpmcounter3,drift,seed20,258,11305.375757575757
hpmcounter3,drift,seed20,259,11304.387878787878
hpmcounter3,drift,seed20,260,11327.309090909092
hpmcounter3,drift,seed20,261,11321.957575757575
hpmcounter3,drift,seed20,262,11026.181818181818
hpmcounter3,drift,seed20,263,10708.09696969697
hpmcounter3,drift,seed20,264,10415.533333333333
hpmcounter3,drift,seed20,265,10196.842424242424
hpmcounter3,drift,seed20,266,10100.10909090909
hpmcounter3,drift,seed20,267,9907.49696969697
hpmcounter3,drift,seed20,268,9618.563636363637
hpmcounter3,drift,seed20,269,9233.39393939394
hpmcounter3,drift,seed20,270,9018.896969696969
hpmcounter3,drift,seed20,271,9019.036363636364
hpmcounter3,drift,seed20,272,9019.042424242425
hpmcounter3,drift,seed20,273,9019.048484848485
hpmcounter3,drift,seed20,274,9019.078787878789
hpmcounter3,drift,seed20,275,9019.133333333333
hpmcounter3,drift,seed20,276,9019.218181818182
hpmcounter3,drift,seed20,277,9019.133333333333
hpmcounter3,drift,seed20,278,9019.145454545454
hpmcounter3,drift,seed20,279,9019.29696969697
hpmcounter3,drift,seed20,280,9019.781818181818
hpmcounter3,drift,seed20,281,9020.375757575757
hpmcounter3,drift,seed20,282,9020.757575757576
hpmcounter3,drift,seed20,283,9020.969696969696
hpmcounter3,drift,seed20,284,9020.987878787879
hpmcounter3,drift,seed20,285,9021.084848484848
hpmcounter3,drift,seed20,286,9021.260606060607
hpmcounter3,drift,seed20,287,9021.030303030304
hpmcounter3,drift,seed20,288,9020.569696969696
hpmcounter3,drift,seed20,289,9020.036363636364
hpmcounter3,drift,seed20,290,9019.733333333334
hpmcounter3,drift,seed20,291,9019.533333333333
hpmcounter3,drift,seed20,292,9019.49090909091
hpmcounter3,drift,seed20,293,9019.460606060606
hpmcounter3,drift,seed20,294,9019.387878787878
hpmcounter3,drift,seed20,295,9019.430303030304
hpmcounter3,drift,seed20,296,9019.612121212122
hpmcounter3,drift,seed20,297,9019.690909090908
hpmcounter3,drift,seed20,298,9019.612121212122
hpmcounter3,drift,seed3,9,9014.545454545454
hpmcounter3,drift,seed3,10,9013.818181818182
hpmcounter3,drift,seed3,11,9013.70303030303
hpmcounter3,drift,seed3,12,9013.60606060606
hpmcounter3,drift,seed3,13,9013.987878787879
hpmcounter3,drift,seed3,14,9014.81212121212
hpmcounter3,drift,seed3,15,9015.842424242424
hpmcounter3,drift,seed3,16,9017.133333333333
hpmcounter3,drift,seed3,17,9018.630303030302
hpmcounter3,drift,seed3,18,9019.80606060606
hpmcounter3,drift,seed3,19,9020.442424242425
hpmcounter3,drift,seed3,20,9239.533333333333
hpmcounter3,drift,seed3,21,9410.212121212122
hpmcounter3,drift,seed3,22,9531.363636363636
hpmcounter3,drift,seed3,23,9822.09696969697
hpmcounter3,drift,seed3,24,10015.678787878787
hpmcounter3,drift,seed3,25,10330.236363636364
hpmcounter3,drift,seed3,26,10499.460606060606
hpmcounter3,drift,seed3,27,10523.333333333334
hpmcounter3,drift,seed3,28,10401.745454545455
hpmcounter3,drift,seed3,29,10134.442424242425
hpmcounter3,drift,seed3,30,9988.848484848484
hpmcounter3,drift,seed3,31,9746.660606060606
hpmcounter3,drift,seed3,32,9406.975757575758
hpmcounter3,drift,seed3,33,9236.71515151515
hpmcounter3,drift,seed3,34,9018.339393939394
hpmcounter3,drift,seed3,35,9018.248484848486
hpmcounter3,drift,seed3,36,9018.4
hpmcounter3,drift,seed3,37,9018.660606060606
hpmcounter3,drift,seed3,38,9018.987878787879
hpmcounter3,drift,seed3,39,9019.39393939394
hpmcounter3,drift,seed3,40,9019.666666666666
hpmcounter3,drift,seed3,41,9020.133333333333
hpmcounter3,drift,seed3,42,9020.175757575758
hpmcounter3,drift,seed3,43,9019.878787878788
hpmcounter3,drift,seed3,44,9019.745454545455
hpmcounter3,drift,seed3,45,9019.50303030303
hpmcounter3,drift,seed3,46,9019.49696969697
hpmcounter3,drift,seed3,47,9019.551515151516
hpmcounter3,drift,seed3,48,9018.987878787879
hpmcounter3,drift,seed3,49,9018.581818181818
hpmcounter3,drift,seed3,50,9018.49696969697
hpmcounter3,drift,seed3,51,9018.557575757575
hpmcounter3,drift,seed3,52,9018.630303030302
hpmcounter3,drift,seed3,53,9018.8
hpmcounter3,drift,seed3,54,9019.2
hpmcounter3,drift,seed3,55,9019.618181818181
hpmcounter3,drift,seed3,56,9020.139393939395
hpmcounter3,drift,seed3,57,9020.818181818182
hpmcounter3,drift,seed3,58,9020.854545454546
hpmcounter3,drift,seed3,59,9020.684848484849
hpmcounter3,drift,seed3,60,9020.751515151514
hpmcounter3,drift,seed3,61,9020.624242424243
hpmcounter3,drift,seed3,62,9020.49090909091
hpmcounter3,drift,seed3,63,9020.472727272727
hpmcounter3,drift,seed3,64,9020.369696969698
hpmcounter3,drift,seed3,65,9020.545454545454
hpmcounter3,drift,seed3,66,9020.745454545455
hpmcounter3,drift,seed3,67,9021.024242424242
hpmcounter3,drift,seed3,68,9021.20606060606
hpmcounter3,drift,seed3,69,9021.321212121213
hpmcounter3,drift,seed3,70,9021.41212121212
hpmcounter3,drift,seed3,71,9021.260606060607
hpmcounter3,drift,seed3,72,9021.042424242425
hpmcounter3,drift,seed3,73,9021.09696969697
hpmcounter3,drift,seed3,74,9021.157575757576
hpmcounter3,drift,seed3,75,9021.333333333334
hpmcounter3,drift,seed3,76,9021.842424242424
hpmcounter3,drift,seed3,77,9022.175757575758
hpmcounter3,drift,seed3,78,9022.278787878788
hpmcounter3,drift,seed3,79,9022.078787878789
hpmcounter3,drift,seed3,80,9021.854545454546
hpmcounter3,drift,seed3,81,9021.612121212122
hpmcounter3,drift,seed3,82,9021.533333333333
hpmcounter3,drift,seed3,83,9021.333333333334
hpmcounter3,drift,seed3,84,9021.127272727274
hpmcounter3,drift,seed3,85,9020.884848484848
hpmcounter3,drift,seed3,86,9020.963636363636
hpmcounter3,drift,seed3,87,9021.036363636364
hpmcounter3,drift,seed3,88,9021.145454545454
hpmcounter3,drift,seed3,89,9020.933333333332
hpmcounter3,drift,seed3,90,9020.945454545454
hpmcounter3,drift,seed3,91,9021.236363636364
hpmcounter3,drift,seed3,92,9021.884848484848
hpmcounter3,drift,seed3,93,9022.327272727272
hpmcounter3,drift,seed3,94,9022.266666666666
hpmcounter3,drift,seed3,95,9022.036363636364
hpmcounter3,drift,seed3,96,9021.745454545455
hpmcounter3,drift,seed3,97,9021.218181818182
hpmcounter3,drift,seed3,98,9020.884848484848
hpmcounter3,drift,seed3,99,9020.721212121212
hpmcounter3,drift,seed3,100,9020.957575757575
hpmcounter3,drift,seed3,101,9021.242424242424
hpmcounter3,drift,seed3,102,9021.884848484848
hpmcounter3,drift,seed3,103,9022.466666666667
hpmcounter3,drift,seed3,104,9022.763636363636
hpmcounter3,drift,seed3,105,9023.0
hpmcounter3,drift,seed3,106,9023.315151515151
hpmcounter3,drift,seed3,107,9023.351515151515
hpmcounter3,drift,seed3,108,9023.49090909091
hpmcounter3,drift,seed3,109,9023.448484848484
hpmcounter3,drift,seed3,110,9023.50303030303
hpmcounter3,drift,seed3,111,9023.139393939395
hpmcounter3,drift,seed3,112,9022.824242424242
hpmcounter3,drift,seed3,113,9022.327272727272
hpmcounter3,drift,seed3,114,9021.781818181818
hpmcounter3,drift,seed3,115,9021.345454545455
hpmcounter3,drift,seed3,116,9021.10909090909
hpmcounter3,drift,seed3,117,9020.933333333332
hpmcounter3,drift,seed3,118,9021.151515151516
hpmcounter3,drift,seed3,119,9021.333333333334
hpmcounter3,drift,seed3,120,9021.709090909091
hpmcounter3,drift,seed3,121,9021.781818181818
hpmcounter3,drift,seed3,122,9021.781818181818
hpmcounter3,drift,seed3,123,9021.775757575757
hpmcounter3,drift,seed3,124,9021.58787878788
hpmcounter3,drift,seed3,125,9021.624242424243
hpmcounter3,drift,seed3,126,9021.630303030302
hpmcounter3,drift,seed3,127,9021.484848484848
hpmcounter3,drift,seed3,128,9021.387878787878
hpmcounter3,drift,seed3,129,9021.472727272727
hpmcounter3,drift,seed3,130,9021.454545454546
hpmcounter3,drift,seed3,131,9021.30303030303
hpmcounter3,drift,seed3,132,9240.357575757576
hpmcounter3,drift,seed3,133,9410.739393939393
hpmcounter3,drift,seed3,134,9532.478787878788
hpmcounter3,drift,seed3,135,9605.69696969697
hpmcounter3,drift,seed3,136,9630.339393939394
hpmcounter3,drift,seed3,137,9824.71515151515
hpmcounter3,drift,seed3,138,9921.636363636364
hpmcounter3,drift,seed3,139,9921.151515151516
hpmcounter3,drift,seed3,140,9823.28484848485
hpmcounter3,drift,seed3,141,9627.90303030303
hpmcounter3,drift,seed3,142,9603.248484848486
hpmcounter3,drift,seed3,143,9530.157575757576
hpmcounter3,drift,seed3,144,9408.654545454545
hpmcounter3,drift,seed3,145,9238.642424242424
hpmcounter3,drift,seed3,146,9020.375757575757
hpmcounter3,drift,seed3,147,9020.745454545455
hpmcounter3,drift,seed3,148,9021.49090909091
hpmcounter3,drift,seed3,149,9021.70303030303
hpmcounter3,drift,seed3,150,9022.139393939395
hpmcounter3,drift,seed3,151,9022.333333333334
hpmcounter3,drift,seed3,152,9022.448484848484
hpmcounter3,drift,seed3,153,9022.551515151516
hpmcounter3,drift,seed3,154,9022.290909090909
hpmcounter3,drift,seed3,155,9021.921212121211
hpmcounter3,drift,seed3,156,9021.563636363637
hpmcounter3,drift,seed3,157,9021.327272727272
hpmcounter3,drift,seed3,158,9021.58787878788
hpmcounter3,drift,seed3,159,9021.4
hpmcounter3,drift,seed3,160,9021.339393939394
hpmcounter3,drift,seed3,161,9021.375757575757
hpmcounter3,drift,seed3,162,9021.442424242425
hpmcounter3,drift,seed3,163,9021.484848484848
hpmcounter3,drift,seed3,164,9021.478787878788
hpmcounter3,drift,seed3,165,9021.49696969697
hpmcounter3,drift,seed3,166,9021.418181818182
hpmcounter3,drift,seed3,167,9021.4
hpmcounter3,drift,seed3,168,9236.563636363637
hpmcounter3,drift,seed3,169,9618.545454545454
hpmcounter3,drift,seed3,170,10119.545454545454
hpmcounter3,drift,seed3,171,10692.042424242425
hpmcounter3,drift,seed3,172,11288.175757575758
hpmcounter3,drift,seed3,173,11859.660606060606
hpmcounter3,drift,seed3,174,12359.515151515152
hpmcounter3,drift,seed3,175,12739.854545454546
hpmcounter3,drift,seed3,176,12738.987878787879
hpmcounter3,drift,seed3,177,12356.581818181818
hpmcounter3,drift,seed3,178,11855.830303030303
hpmcounter3,drift,seed3,179,11283.860606060605
hpmcounter3,drift,seed3,180,10688.6
hpmcounter3,drift,seed3,181,10335.866666666667
hpmcounter3,drift,seed3,182,10006.006060606062
hpmcounter3,drift,seed3,183,9745.854545454546
hpmcounter3,drift,seed3,184,9603.854545454546
hpmcounter3,drift,seed3,185,9627.49696969697
hpmcounter3,drift,seed3,186,9820.963636363636
hpmcounter3,drift,seed3,187,10135.878787878788
hpmcounter3,drift,seed3,188,10305.727272727272
hpmcounter3,drift,seed3,189,10548.369696969698
hpmcounter3,drift,seed3,190,10597.49090909091
hpmcounter3,drift,seed3,191,10719.672727272728
hpmcounter3,drift,seed3,192,10696.4
hpmcounter3,drift,seed3,193,10527.18787878788
hpmcounter3,drift,seed3,194,10212.575757575758
hpmcounter3,drift,seed3,195,9752.369696969698
hpmcounter3,drift,seed3,196,9413.012121212121
hpmcounter3,drift,seed3,197,9243.351515151515
hpmcounter3,drift,seed3,198,9025.0
hpmcounter3,drift,seed3,199,9024.71515151515
hpmcounter3,drift,seed3,200,9024.175757575758
hpmcounter3,drift,seed3,201,9023.363636363636
hpmcounter3,drift,seed3,202,9022.515151515152
hpmcounter3,drift,seed3,203,9021.690909090908
hpmcounter3,drift,seed3,204,9021.20606060606
hpmcounter3,drift,seed3,205,9020.781818181818
hpmcounter3,drift,seed3,206,9020.478787878788
hpmcounter3,drift,seed3,207,9020.169696969697
hpmcounter3,drift,seed3,208,9019.957575757575
hpmcounter3,drift,seed3,209,9020.030303030304
hpmcounter3,drift,seed3,210,9020.078787878789
hpmcounter3,drift,seed3,211,9020.103030303031
hpmcounter3,drift,seed3,212,9020.266666666666
hpmcounter3,drift,seed3,213,9020.49090909091
hpmcounter3,drift,seed3,214,9020.612121212122
hpmcounter3,drift,seed3,215,9020.58787878788
hpmcounter3,drift,seed3,216,9020.484848484848
hpmcounter3,drift,seed3,217,9020.127272727274
hpmcounter3,drift,seed3,218,9019.757575757576
hpmcounter3,drift,seed3,219,9019.575757575758
hpmcounter3,drift,seed3,220,9019.581818181818
hpmcounter3,drift,seed3,221,9019.79393939394
hpmcounter3,drift,seed3,222,9020.2
hpmcounter3,drift,seed3,223,9020.745454545455
hpmcounter3,drift,seed3,224,9021.0
hpmcounter3,drift,seed3,225,9021.139393939395
hpmcounter3,drift,seed3,226,9021.042424242425
hpmcounter3,drift,seed3,227,9020.654545454545
hpmcounter3,drift,seed3,228,9020.10909090909
hpmcounter3,drift,seed3,229,9019.81212121212
hpmcounter3,drift,seed3,230,9019.79393939394
hpmcounter3,drift,seed3,231,9020.175757575758
hpmcounter3,drift,seed3,232,9020.70303030303
hpmcounter3,drift,seed3,233,9021.309090909092
hpmcounter3,drift,seed3,234,9021.684848484849
hpmcounter3,drift,seed3,235,9021.993939393938
hpmcounter3,drift,seed3,236,9022.2
hpmcounter3,drift,seed3,237,9021.969696969696
hpmcounter3,drift,seed3,238,9021.30303030303
hpmcounter3,drift,seed3,239,9020.557575757575
hpmcounter3,drift,seed3,240,9019.818181818182
hpmcounter3,drift,seed3,241,9019.266666666666
hpmcounter3,drift,seed3,242,9018.951515151515
hpmcounter3,drift,seed3,243,9018.666666666666
hpmcounter3,drift,seed3,244,9018.49090909091
hpmcounter3,drift,seed3,245,9018.49090909091
hpmcounter3,drift,seed3,246,9018.81212121212
hpmcounter3,drift,seed3,247,9019.212121212122
hpmcounter3,drift,seed3,248,9019.49090909091
hpmcounter3,drift,seed3,249,9019.406060606061
hpmcounter3,drift,seed3,250,9018.981818181817
hpmcounter3,drift,seed3,251,9018.551515151516
hpmcounter3,drift,seed3,252,9018.575757575758
hpmcounter3,drift,seed3,253,9018.478787878788
hpmcounter3,drift,seed3,254,9018.557575757575
hpmcounter3,drift,seed3,255,9018.636363636364
hpmcounter3,drift,seed3,256,9018.957575757575
hpmcounter3,drift,seed3,257,9019.454545454546
hpmcounter3,drift,seed3,258,9019.939393939394
hpmcounter3,drift,seed3,259,9020.254545454545
hpmcounter3,drift,seed3,260,9020.436363636363
hpmcounter3,drift,seed3,261,9020.30303030303
hpmcounter3,drift,seed3,262,9020.375757575757
hpmcounter3,drift,seed3,263,9020.260606060607
hpmcounter3,drift,seed3,264,9020.09090909091
hpmcounter3,drift,seed3,265,9019.757575757576
hpmcounter3,drift,seed3,266,9019.460606060606
hpmcounter3,drift,seed3,267,9019.115151515152
hpmcounter3,drift,seed3,268,9018.854545454546
hpmcounter3,drift,seed3,269,9018.842424242424
hpmcounter3,drift,seed3,270,9019.254545454545
hpmcounter3,drift,seed3,271,9019.49696969697
hpmcounter3,drift,seed3,272,9019.636363636364
hpmcounter3,drift,seed3,273,9019.684848484849
hpmcounter3,drift,seed3,274,9019.58787878788
hpmcounter3,drift,seed3,275,9019.41212121212
hpmcounter3,drift,seed3,276,9019.212121212122
hpmcounter3,drift,seed3,277,9019.127272727274
hpmcounter3,drift,seed3,278,9018.957575757575
hpmcounter3,drift,seed3,279,9019.036363636364
hpmcounter3,drift,seed3,280,9019.333333333334
hpmcounter3,drift,seed3,281,9019.60606060606
hpmcounter3,drift,seed3,282,9019.830303030303
hpmcounter3,drift,seed3,283,9020.09090909091
hpmcounter3,drift,seed3,284,9020.50303030303
hpmcounter3,drift,seed3,285,9020.927272727273
hpmcounter3,drift,seed3,286,9021.315151515151
hpmcounter3,drift,seed3,287,9021.842424242424
hpmcounter3,drift,seed3,288,9021.860606060605
hpmcounter3,drift,seed3,289,9021.745454545455
hpmcounter3,drift,seed3,290,9021.49696969697
hpmcounter3,drift,seed3,291,9021.115151515152
hpmcounter3,drift,seed3,292,9020.709090909091
hpmcounter3,drift,seed3,293,9020.278787878788
hpmcounter3,drift,seed3,294,9020.266666666666
hpmcounter3,drift,seed3,295,9020.618181818181
hpmcounter3,drift,seed3,296,9020.763636363636
hpmcounter3,drift,seed3,297,9020.939393939394
hpmcounter3,drift,seed3,298,9020.727272727272
hpmcounter3,drift,seed4,9,9014.727272727272
hpmcounter3,drift,seed4,10,9013.945454545454
hpmcounter3,drift,seed4,11,9013.563636363637
hpmcounter3,drift,seed4,12,9013.733333333334
hpmcounter3,drift,seed4,13,9014.242424242424
hpmcounter3,drift,seed4,14,9015.575757575758
hpmcounter3,drift,seed4,15,9016.824242424242
hpmcounter3,drift,seed4,16,9018.10909090909
hpmcounter3,drift,seed4,17,9019.2
hpmcounter3,drift,seed4,18,9019.89090909091
hpmcounter3,drift,seed4,19,9020.327272727272
hpmcounter3,drift,seed4,20,9020.41212121212
hpmcounter3,drift,seed4,21,9020.448484848484
hpmcounter3,drift,seed4,22,9020.545454545454
hpmcounter3,drift,seed4,23,9020.515151515152
hpmcounter3,drift,seed4,24,9020.69696969697
hpmcounter3,drift,seed4,25,9020.781818181818
hpmcounter3,drift,seed4,26,9021.066666666668
hpmcounter3,drift,seed4,27,9021.133333333333
hpmcounter3,drift,seed4,28,9021.2
hpmcounter3,drift,seed4,29,9021.351515151515
hpmcounter3,drift,seed4,30,9021.345454545455
hpmcounter3,drift,seed4,31,9021.424242424242
hpmcounter3,drift,seed4,32,9021.236363636364
hpmcounter3,drift,seed4,33,9021.09090909091
hpmcounter3,drift,seed4,34,9021.10909090909
hpmcounter3,drift,seed4,35,9021.103030303031
hpmcounter3,drift,seed4,36,9021.357575757576
hpmcounter3,drift,seed4,37,9021.145454545454
hpmcounter3,drift,seed4,38,9021.042424242425
hpmcounter3,drift,seed4,39,9021.072727272727
hpmcounter3,drift,seed4,40,9020.884848484848
hpmcounter3,drift,seed4,41,9020.854545454546
hpmcounter3,drift,seed4,42,9020.824242424242
hpmcounter3,drift,seed4,43,9020.824242424242
hpmcounter3,drift,seed4,44,9021.139393939395
hpmcounter3,drift,seed4,45,9021.39393939394
hpmcounter3,drift,seed4,46,9021.8
hpmcounter3,drift,seed4,47,9021.927272727273
hpmcounter3,drift,seed4,48,9021.981818181817
hpmcounter3,drift,seed4,49,9022.072727272727
hpmcounter3,drift,seed4,50,9022.09696969697
hpmcounter3,drift,seed4,51,9022.236363636364
hpmcounter3,drift,seed4,52,9022.533333333333
hpmcounter3,drift,seed4,53,9022.460606060606
hpmcounter3,drift,seed4,54,9022.60606060606
hpmcounter3,drift,seed4,55,9022.4
hpmcounter3,drift,seed4,56,9022.042424242425
hpmcounter3,drift,seed4,57,9021.436363636363
hpmcounter3,drift,seed4,58,9020.739393939393
hpmcounter3,drift,seed4,59,9020.151515151516
hpmcounter3,drift,seed4,60,9019.763636363636
hpmcounter3,drift,seed4,61,9019.690909090908
hpmcounter3,drift,seed4,62,9019.751515151514
hpmcounter3,drift,seed4,63,9019.727272727272
hpmcounter3,drift,seed4,64,9019.751515151514
hpmcounter3,drift,seed4,65,9019.71515151515
hpmcounter3,drift,seed4,66,9019.836363636363
hpmcounter3,drift,seed4,67,9019.90303030303
hpmcounter3,drift,seed4,68,9019.945454545454
hpmcounter3,drift,seed4,69,9020.084848484848
hpmcounter3,drift,seed4,70,9020.266666666666
hpmcounter3,drift,seed4,71,9020.49090909091
hpmcounter3,drift,seed4,72,9020.678787878787
hpmcounter3,drift,seed4,73,9020.915151515152
hpmcounter3,drift,seed4,74,9021.20606060606
hpmcounter3,drift,seed4,75,9021.436363636363
hpmcounter3,drift,seed4,76,9022.042424242425
hpmcounter3,drift,seed4,77,9022.557575757575
hpmcounter3,drift,seed4,78,9022.751515151514
hpmcounter3,drift,seed4,79,9022.921212121211
hpmcounter3,drift,seed4,80,9023.19393939394
hpmcounter3,drift,seed4,81,9023.333333333334
hpmcounter3,drift,seed4,82,9023.424242424242
hpmcounter3,drift,seed4,83,9023.387878787878
hpmcounter3,drift,seed4,84,9023.357575757576
hpmcounter3,drift,seed4,85,9023.115151515152
hpmcounter3,drift,seed4,86,9023.290909090909
hpmcounter3,drift,seed4,87,9023.139393939395
hpmcounter3,drift,seed4,88,9022.442424242425
hpmcounter3,drift,seed4,89,9021.981818181817
hpmcounter3,drift,seed4,90,9021.660606060606
hpmcounter3,drift,seed4,91,9021.351515151515
hpmcounter3,drift,seed4,92,9021.430303030304
hpmcounter3,drift,seed4,93,9021.69696969697
hpmcounter3,drift,seed4,94,9022.181818181818
hpmcounter3,drift,seed4,95,9022.442424242425
hpmcounter3,drift,seed4,96,9022.866666666667
hpmcounter3,drift,seed4,97,9023.133333333333
hpmcounter3,drift,seed4,98,9022.951515151515
hpmcounter3,drift,seed4,99,9022.763636363636
hpmcounter3,drift,seed4,100,9022.581818181818
hpmcounter3,drift,seed4,101,9022.19393939394
hpmcounter3,drift,seed4,102,9022.030303030304
hpmcounter3,drift,seed4,103,9021.721212121212
hpmcounter3,drift,seed4,104,9021.745454545455
hpmcounter3,drift,seed4,105,9021.739393939393
hpmcounter3,drift,seed4,106,9021.90909090909
hpmcounter3,drift,seed4,107,9022.242424242424
hpmcounter3,drift,seed4,108,9022.539393939394
hpmcounter3,drift,seed4,109,9022.533333333333
hpmcounter3,drift,seed4,110,9022.49090909091
hpmcounter3,drift,seed4,111,9022.327272727272
hpmcounter3,drift,seed4,112,9022.29696969697
hpmcounter3,drift,seed4,113,9022.012121212121
hpmcounter3,drift,seed4,114,9021.81212121212
hpmcounter3,drift,seed4,115,9021.424242424242
hpmcounter3,drift,seed4,116,9240.315151515151
hpmcounter3,drift,seed4,117,9628.836363636363
hpmcounter3,drift,seed4,118,9920.290909090909
hpmcounter3,drift,seed4,119,10114.460606060606
hpmcounter3,drift,seed4,120,10211.236363636364
hpmcounter3,drift,seed4,121,10210.969696969696
hpmcounter3,drift,seed4,122,10113.70303030303
hpmcounter3,drift,seed4,123,10137.781818181818
hpmcounter3,drift,seed4,124,10016.448484848484
hpmcounter3,drift,seed4,125,9749.357575757576
hpmcounter3,drift,seed4,126,9604.436363636363
hpmcounter3,drift,seed4,127,9629.218181818182
hpmcounter3,drift,seed4,128,9605.484848484848
hpmcounter3,drift,seed4,129,9533.121212121212
hpmcounter3,drift,seed4,130,9412.0
hpmcounter3,drift,seed4,131,9242.6
hpmcounter3,drift,seed4,132,9024.630303030302
hpmcounter3,drift,seed4,133,9024.975757575758
hpmcounter3,drift,seed4,134,9025.212121212122
hpmcounter3,drift,seed4,135,9025.448484848484
hpmcounter3,drift,seed4,136,9025.60606060606
hpmcounter3,drift,seed4,137,9025.60606060606
hpmcounter3,drift,seed4,138,9025.39393939394
hpmcounter3,drift,seed4,139,9025.048484848485
hpmcounter3,drift,seed4,140,9024.690909090908
hpmcounter3,drift,seed4,141,9024.357575757576
hpmcounter3,drift,seed4,142,9024.260606060607
hpmcounter3,drift,seed4,143,9024.333333333334
hpmcounter3,drift,seed4,144,9024.442424242425
hpmcounter3,drift,seed4,145,9024.915151515152
hpmcounter3,drift,seed4,146,9025.2
hpmcounter3,drift,seed4,147,9025.551515151516
hpmcounter3,drift,seed4,148,9025.866666666667
hpmcounter3,drift,seed4,149,9025.987878787879
hpmcounter3,drift,seed4,150,9025.872727272726
hpmcounter3,drift,seed4,151,9025.357575757576
hpmcounter3,drift,seed4,152,9024.775757575757
hpmcounter3,drift,seed4,153,9024.121212121212
hpmcounter3,drift,seed4,154,9023.551515151516
hpmcounter3,drift,seed4,155,9023.248484848486
hpmcounter3,drift,seed4,156,9022.775757575757
hpmcounter3,drift,seed4,157,9022.345454545455
hpmcounter3,drift,seed4,158,9022.20606060606
hpmcounter3,drift,seed4,159,9022.272727272728
hpmcounter3,drift,seed4,160,9022.357575757576
hpmcounter3,drift,seed4,161,9022.612121212122
hpmcounter3,drift,seed4,162,9022.878787878788
hpmcounter3,drift,seed4,163,9242.024242424242
hpmcounter3,drift,seed4,164,9631.18787878788
hpmcounter3,drift,seed4,165,10141.28484848485
hpmcounter3,drift,seed4,166,10723.642424242424
hpmcounter3,drift,seed4,167,11329.448484848484
hpmcounter3,drift,seed4,168,11910.50909090909
hpmcounter3,drift,seed4,169,12200.6
hpmcounter3,drift,seed4,170,12199.545454545454
hpmcounter3,drift,seed4,171,12125.684848484849
hpmcounter3,drift,seed4,172,11930.624242424243
hpmcounter3,drift,seed4,173,11833.248484848486
hpmcounter3,drift,seed4,174,11615.387878787878
hpmcounter3,drift,seed4,175,11324.751515151514
hpmcounter3,drift,seed4,176,11009.915151515152
hpmcounter3,drift,seed4,177,10718.854545454546
hpmcounter3,drift,seed4,178,10500.381818181819
hpmcounter3,drift,seed4,179,10136.50303030303
hpmcounter3,drift,seed4,180,9627.242424242424
hpmcounter3,drift,seed4,181,9239.145454545454
hpmcounter3,drift,seed4,182,9021.333333333334
hpmcounter3,drift,seed4,183,9021.866666666667
hpmcounter3,drift,seed4,184,9022.824242424242
hpmcounter3,drift,seed4,185,9023.551515151516
hpmcounter3,drift,seed4,186,9024.242424242424
hpmcounter3,drift,seed4,187,9024.454545454546
hpmcounter3,drift,seed4,188,9024.593939393939
hpmcounter3,drift,seed4,189,9024.175757575758
hpmcounter3,drift,seed4,190,9023.466666666667
hpmcounter3,drift,seed4,191,9022.424242424242
hpmcounter3,drift,seed4,192,9021.593939393939
hpmcounter3,drift,seed4,193,9020.993939393938
hpmcounter3,drift,seed4,194,9020.739393939393
hpmcounter3,drift,seed4,195,9020.636363636364
hpmcounter3,drift,seed4,196,9020.775757575757
hpmcounter3,drift,seed4,197,9020.80606060606
hpmcounter3,drift,seed4,198,9020.993939393938
hpmcounter3,drift,seed4,199,9020.987878787879
hpmcounter3,drift,seed4,200,9020.951515151515
hpmcounter3,drift,seed4,201,9020.927272727273
hpmcounter3,drift,seed4,202,9021.0
hpmcounter3,drift,seed4,203,9021.254545454545
hpmcounter3,drift,seed4,204,9021.557575757575
hpmcounter3,drift,seed4,205,9021.733333333334
hpmcounter3,drift,seed4,206,9021.969696969696
hpmcounter3,drift,seed4,207,9022.242424242424
hpmcounter3,drift,seed4,208,9022.175757575758
hpmcounter3,drift,seed4,209,9022.121212121212
hpmcounter3,drift,seed4,210,9021.987878787879
hpmcounter3,drift,seed4,211,9021.939393939394
hpmcounter3,drift,seed4,212,9021.975757575758
hpmcounter3,drift,seed4,213,9022.012121212121
hpmcounter3,drift,seed4,214,9022.072727272727
hpmcounter3,drift,seed4,215,9022.024242424242
hpmcounter3,drift,seed4,216,9021.866666666667
hpmcounter3,drift,seed4,217,9021.757575757576
hpmcounter3,drift,seed4,218,9021.4
hpmcounter3,drift,seed4,219,9021.103030303031
hpmcounter3,drift,seed4,220,9020.89090909091
hpmcounter3,drift,seed4,221,9020.842424242424
hpmcounter3,drift,seed4,222,9021.078787878789
hpmcounter3,drift,seed4,223,9021.375757575757
hpmcounter3,drift,seed4,224,9021.709090909091
hpmcounter3,drift,seed4,225,9021.860606060605
hpmcounter3,drift,seed4,226,9021.963636363636
hpmcounter3,drift,seed4,227,9021.939393939394
hpmcounter3,drift,seed4,228,9021.787878787878
hpmcounter3,drift,seed4,229,9021.563636363637
hpmcounter3,drift,seed4,230,9021.375757575757
hpmcounter3,drift,seed4,231,9021.048484848485
hpmcounter3,drift,seed4,232,9021.024242424242
hpmcounter3,drift,seed4,233,9021.09696969697
hpmcounter3,drift,seed4,234,9021.181818181818
hpmcounter3,drift,seed4,235,9021.09090909091
hpmcounter3,drift,seed4,236,9021.218181818182
hpmcounter3,drift,seed4,237,9021.145454545454
hpmcounter3,drift,seed4,238,9020.951515151515
hpmcounter3,drift,seed4,239,9020.824242424242
hpmcounter3,drift,seed4,240,9020.775757575757
hpmcounter3,drift,seed4,241,9020.79393939394
hpmcounter3,drift,seed4,242,9020.878787878788
hpmcounter3,drift,seed4,243,9021.030303030304
hpmcounter3,drift,seed4,244,9021.266666666666
hpmcounter3,drift,seed4,245,9021.387878787878
hpmcounter3,drift,seed4,246,9021.60606060606
hpmcounter3,drift,seed4,247,9021.515151515152
hpmcounter3,drift,seed4,248,9021.50909090909
hpmcounter3,drift,seed4,249,9021.278787878788
hpmcounter3,drift,seed4,250,9020.969696969696
hpmcounter3,drift,seed4,251,9020.727272727272
hpmcounter3,drift,seed4,252,9020.60606060606
hpmcounter3,drift,seed4,253,9020.648484848485
hpmcounter3,drift,seed4,254,9020.824242424242
hpmcounter3,drift,seed4,255,9020.80606060606
hpmcounter3,drift,seed4,256,9020.836363636363
hpmcounter3,drift,seed4,257,9020.933333333332
hpmcounter3,drift,seed4,258,9021.315151515151
hpmcounter3,drift,seed4,259,9021.593939393939
hpmcounter3,drift,seed4,260,9021.951515151515
hpmcounter3,drift,seed4,261,9022.163636363637
hpmcounter3,drift,seed4,262,9022.363636363636
hpmcounter3,drift,seed4,263,9022.466666666667
hpmcounter3,drift,seed4,264,9022.472727272727
hpmcounter3,drift,seed4,265,9022.115151515152
hpmcounter3,drift,seed4,266,9021.745454545455
hpmcounter3,drift,seed4,267,9240.60606060606
hpmcounter3,drift,seed4,268,9629.527272727273
hpmcounter3,drift,seed4,269,10139.436363636363
hpmcounter3,drift,seed4,270,10721.884848484848
hpmcounter3,drift,seed4,271,11328.357575757576
hpmcounter3,drift,seed4,272,11692.10909090909
hpmcounter3,drift,seed4,273,11813.048484848485
hpmcounter3,drift,seed4,274,11691.28484848485
hpmcounter3,drift,seed4,275,11326.739393939393
hpmcounter3,drift,seed4,276,10719.563636363637
hpmcounter3,drift,seed4,277,10137.533333333333
hpmcounter3,drift,seed4,278,9628.781818181818
hpmcounter3,drift,seed4,279,9241.060606060606
hpmcounter3,drift,seed4,280,9022.745454545455
hpmcounter3,drift,seed4,281,9022.836363636363
hpmcounter3,drift,seed4,282,9022.939393939394
hpmcounter3,drift,seed4,283,9023.042424242425
hpmcounter3,drift,seed4,284,9023.012121212121
hpmcounter3,drift,seed4,285,9022.751515151514
hpmcounter3,drift,seed4,286,9022.648484848485
hpmcounter3,drift,seed4,287,9022.81212121212
hpmcounter3,drift,seed4,288,9023.163636363637
hpmcounter3,drift,seed4,289,9023.751515151514
hpmcounter3,drift,seed4,290,9023.951515151515
hpmcounter3,drift,seed4,291,9024.20606060606
hpmcounter3,drift,seed4,292,9024.2
hpmcounter3,drift,seed4,293,9024.145454545454
hpmcounter3,drift,seed4,294,9023.878787878788
hpmcounter3,drift,seed4,295,9023.266666666666
hpmcounter3,drift,seed4,296,9022.551515151516
hpmcounter3,drift,seed4,297,9021.848484848484
hpmcounter3,drift,seed4,298,9021.163636363637
hpmcounter3,drift,seed5,9,11011.127272727274
hpmcounter3,drift,seed5,10,10641.721212121212
hpmcounter3,drift,seed5,11,10087.290909090909
hpmcounter3,drift,seed5,12,9599.975757575758
hpmcounter3,drift,seed5,13,9227.236363636364
hpmcounter3,drift,seed5,14,9017.115151515152
hpmcounter3,drift,seed5,15,9017.80606060606
hpmcounter3,drift,seed5,16,9018.781818181818
hpmcounter3,drift,seed5,17,9019.969696969696
hpmcounter3,drift,seed5,18,9020.987878787879
hpmcounter3,drift,seed5,19,9021.551515151516
hpmcounter3,drift,seed5,20,9021.957575757575
hpmcounter3,drift,seed5,21,9022.024242424242
hpmcounter3,drift,seed5,22,9022.290909090909
hpmcounter3,drift,seed5,23,9022.424242424242
hpmcounter3,drift,seed5,24,9022.357575757576
hpmcounter3,drift,seed5,25,9021.927272727273
hpmcounter3,drift,seed5,26,9021.533333333333
hpmcounter3,drift,seed5,27,9021.375757575757
hpmcounter3,drift,seed5,28,9021.375757575757
hpmcounter3,drift,seed5,29,9021.224242424243
hpmcounter3,drift,seed5,30,9239.884848484848
hpmcounter3,drift,seed5,31,9628.042424242425
hpmcounter3,drift,seed5,32,9919.272727272728
hpmcounter3,drift,seed5,33,10331.672727272728
hpmcounter3,drift,seed5,34,10816.690909090908
hpmcounter3,drift,seed5,35,11325.521212121212
hpmcounter3,drift,seed5,36,11810.072727272727
hpmcounter3,drift,seed5,37,12221.969696969696
hpmcounter3,drift,seed5,38,12294.460606060606
hpmcounter3,drift,seed5,39,12027.381818181819
hpmcounter3,drift,seed5,40,11688.084848484848
hpmcounter3,drift,seed5,41,11324.551515151516
hpmcounter3,drift,seed5,42,10936.781818181818
hpmcounter3,drift,seed5,43,10524.860606060605
hpmcounter3,drift,seed5,44,10137.41212121212
hpmcounter3,drift,seed5,45,9822.563636363637
hpmcounter3,drift,seed5,46,9629.181818181818
hpmcounter3,drift,seed5,47,9605.70303030303
hpmcounter3,drift,seed5,48,9533.575757575758
hpmcounter3,drift,seed5,49,9412.642424242424
hpmcounter3,drift,seed5,50,9243.254545454545
hpmcounter3,drift,seed5,51,9025.133333333333
hpmcounter3,drift,seed5,52,9025.139393939395
hpmcounter3,drift,seed5,53,9025.012121212121
hpmcounter3,drift,seed5,54,9024.775757575757
hpmcounter3,drift,seed5,55,9024.4
hpmcounter3,drift,seed5,56,9024.139393939395
hpmcounter3,drift,seed5,57,9023.866666666667
hpmcounter3,drift,seed5,58,9023.533333333333
hpmcounter3,drift,seed5,59,9241.333333333334
hpmcounter3,drift,seed5,60,9410.612121212122
hpmcounter3,drift,seed5,61,9749.6
hpmcounter3,drift,seed5,62,10209.709090909091
hpmcounter3,drift,seed5,63,10742.648484848485
hpmcounter3,drift,seed5,64,11299.781818181818
hpmcounter3,drift,seed5,65,11614.533333333333
hpmcounter3,drift,seed5,66,11687.127272727274
hpmcounter3,drift,seed5,67,11517.333333333334
hpmcounter3,drift,seed5,68,11105.30303030303
hpmcounter3,drift,seed5,69,10717.921212121211
hpmcounter3,drift,seed5,70,10136.521212121212
hpmcounter3,drift,seed5,71,9627.89090909091
hpmcounter3,drift,seed5,72,9240.236363636364
hpmcounter3,drift,seed5,73,9022.248484848486
hpmcounter3,drift,seed5,74,9022.387878787878
hpmcounter3,drift,seed5,75,9022.381818181819
hpmcounter3,drift,seed5,76,9022.272727272728
hpmcounter3,drift,seed5,77,9022.169696969697
hpmcounter3,drift,seed5,78,9022.030303030304
hpmcounter3,drift,seed5,79,9022.133333333333
hpmcounter3,drift,seed5,80,9022.115151515152
hpmcounter3,drift,seed5,81,9021.975757575758
hpmcounter3,drift,seed5,82,9021.739393939393
hpmcounter3,drift,seed5,83,9021.539393939394
hpmcounter3,drift,seed5,84,9021.551515151516
hpmcounter3,drift,seed5,85,9021.642424242424
hpmcounter3,drift,seed5,86,9021.690909090908
hpmcounter3,drift,seed5,87,9021.721212121212
hpmcounter3,drift,seed5,88,9021.733333333334
hpmcounter3,drift,seed5,89,9021.727272727272
hpmcounter3,drift,seed5,90,9021.672727272728
hpmcounter3,drift,seed5,91,9021.515151515152
hpmcounter3,drift,seed5,92,9021.18787878788
hpmcounter3,drift,seed5,93,9021.042424242425
hpmcounter3,drift,seed5,94,9021.024242424242
hpmcounter3,drift,seed5,95,9021.157575757576
hpmcounter3,drift,seed5,96,9021.321212121213
hpmcounter3,drift,seed5,97,9021.436363636363
hpmcounter3,drift,seed5,98,9021.515151515152
hpmcounter3,drift,seed5,99,9021.569696969696
hpmcounter3,drift,seed5,100,9021.575757575758
hpmcounter3,drift,seed5,101,9021.466666666667
hpmcounter3,drift,seed5,102,9021.242424242424
hpmcounter3,drift,seed5,103,9021.212121212122
hpmcounter3,drift,seed5,104,9021.09090909091
hpmcounter3,drift,seed5,105,9021.066666666668
hpmcounter3,drift,seed5,106,9021.030303030304
hpmcounter3,drift,seed5,107,9021.060606060606
hpmcounter3,drift,seed5,108,9021.078787878789
hpmcounter3,drift,seed5,109,9021.181818181818
hpmcounter3,drift,seed5,110,9021.369696969698
hpmcounter3,drift,seed5,111,9021.50909090909
hpmcounter3,drift,seed5,112,9021.69696969697
hpmcounter3,drift,seed5,113,9021.975757575758
hpmcounter3,drift,seed5,114,9022.036363636364
hpmcounter3,drift,seed5,115,9022.012121212121
hpmcounter3,drift,seed5,116,9022.012121212121
hpmcounter3,drift,seed5,117,9021.781818181818
hpmcounter3,drift,seed5,118,9021.533333333333
hpmcounter3,drift,seed5,119,9240.4
hpmcounter3,drift,seed5,120,9410.757575757576
hpmcounter3,drift,seed5,121,9532.472727272727
hpmcounter3,drift,seed5,122,9605.721212121212
hpmcounter3,drift,seed5,123,9630.49090909091
hpmcounter3,drift,seed5,124,9606.678787878787
hpmcounter3,drift,seed5,125,9534.157575757576
hpmcounter3,drift,seed5,126,9413.133333333333
hpmcounter3,drift,seed5,127,9243.09696969697
hpmcounter3,drift,seed5,128,9024.18787878788
hpmcounter3,drift,seed5,129,9024.169696969697
hpmcounter3,drift,seed5,130,9024.163636363637
hpmcounter3,drift,seed5,131,9024.2
hpmcounter3,drift,seed5,132,9024.29696969697
hpmcounter3,drift,seed5,133,9024.212121212122
hpmcounter3,drift,seed5,134,9024.375757575757
hpmcounter3,drift,seed5,135,9024.654545454545
hpmcounter3,drift,seed5,136,9024.818181818182
hpmcounter3,drift,seed5,137,9024.921212121211
hpmcounter3,drift,seed5,138,9025.103030303031
hpmcounter3,drift,seed5,139,9024.769696969697
hpmcounter3,drift,seed5,140,9024.484848484848
hpmcounter3,drift,seed5,141,9024.20606060606
hpmcounter3,drift,seed5,142,9024.145454545454
hpmcounter3,drift,seed5,143,9023.818181818182
hpmcounter3,drift,seed5,144,9023.557575757575
hpmcounter3,drift,seed5,145,9023.41212121212
hpmcounter3,drift,seed5,146,9023.315151515151
hpmcounter3,drift,seed5,147,9023.375757575757
hpmcounter3,drift,seed5,148,9023.79393939394
hpmcounter3,drift,seed5,149,9023.872727272726
hpmcounter3,drift,seed5,150,9024.072727272727
hpmcounter3,drift,seed5,151,9023.933333333332
hpmcounter3,drift,seed5,152,9023.854545454546
hpmcounter3,drift,seed5,153,9023.618181818181
hpmcounter3,drift,seed5,154,9023.442424242425
hpmcounter3,drift,seed5,155,9023.018181818183
hpmcounter3,drift,seed5,156,9022.90909090909
hpmcounter3,drift,seed5,157,9022.654545454545
hpmcounter3,drift,seed5,158,9241.272727272728
hpmcounter3,drift,seed5,159,9411.345454545455
hpmcounter3,drift,seed5,160,9532.896969696969
hpmcounter3,drift,seed5,161,9824.084848484848
hpmcounter3,drift,seed5,162,10236.266666666666
hpmcounter3,drift,seed5,163,10720.848484848484
hpmcounter3,drift,seed5,164,11225.818181818182
hpmcounter3,drift,seed5,165,11489.066666666668
hpmcounter3,drift,seed5,166,11510.727272727272
hpmcounter3,drift,seed5,167,11290.581818181818
hpmcounter3,drift,seed5,168,11096.072727272727
hpmcounter3,drift,seed5,169,10708.636363636364
hpmcounter3,drift,seed5,170,10128.181818181818
hpmcounter3,drift,seed5,171,9621.345454545455
hpmcounter3,drift,seed5,172,9236.70303030303
hpmcounter3,drift,seed5,173,9022.472727272727
hpmcounter3,drift,seed5,174,9022.448484848484
hpmcounter3,drift,seed5,175,9022.50909090909
hpmcounter3,drift,seed5,176,9022.466666666667
hpmcounter3,drift,seed5,177,9022.254545454545
hpmcounter3,drift,seed5,178,9022.115151515152
hpmcounter3,drift,seed5,179,9022.224242424243
hpmcounter3,drift,seed5,180,9022.527272727273
hpmcounter3,drift,seed5,181,9022.581818181818
hpmcounter3,drift,seed5,182,9022.90303030303
hpmcounter3,drift,seed5,183,9023.115151515152
hpmcounter3,drift,seed5,184,9023.218181818182
hpmcounter3,drift,seed5,185,9023.484848484848
hpmcounter3,drift,seed5,186,9023.70303030303
hpmcounter3,drift,seed5,187,9023.618181818181
hpmcounter3,drift,seed5,188,9023.636363636364
hpmcounter3,drift,seed5,189,9023.581818181818
hpmcounter3,drift,seed5,190,9023.58787878788
hpmcounter3,drift,seed5,191,9023.41212121212
hpmcounter3,drift,seed5,192,9023.212121212122
hpmcounter3,drift,seed5,193,9023.012121212121
hpmcounter3,drift,seed5,194,9022.678787878787
hpmcounter3,drift,seed5,195,9022.545454545454
hpmcounter3,drift,seed5,196,9022.515151515152
hpmcounter3,drift,seed5,197,9022.4
hpmcounter3,drift,seed5,198,9022.4
hpmcounter3,drift,seed5,199,9022.351515151515
hpmcounter3,drift,seed5,200,9022.278787878788
hpmcounter3,drift,seed5,201,9022.20606060606
hpmcounter3,drift,seed5,202,9021.836363636363
hpmcounter3,drift,seed5,203,9021.612121212122
hpmcounter3,drift,seed5,204,9021.642424242424
hpmcounter3,drift,seed5,205,9021.660606060606
hpmcounter3,drift,seed5,206,9021.690909090908
hpmcounter3,drift,seed5,207,9021.81212121212
hpmcounter3,drift,seed5,208,9021.848484848484
hpmcounter3,drift,seed5,209,9021.933333333332
hpmcounter3,drift,seed5,210,9021.71515151515
hpmcounter3,drift,seed5,211,9021.678787878787
hpmcounter3,drift,seed5,212,9021.49090909091
hpmcounter3,drift,seed5,213,9021.20606060606
hpmcounter3,drift,seed5,214,9021.333333333334
hpmcounter3,drift,seed5,215,9021.41212121212
hpmcounter3,drift,seed5,216,9021.442424242425
hpmcounter3,drift,seed5,217,9021.49090909091
hpmcounter3,drift,seed5,218,9021.612121212122
hpmcounter3,drift,seed5,219,9021.836363636363
hpmcounter3,drift,seed5,220,9021.721212121212
hpmcounter3,drift,seed5,221,9021.533333333333
hpmcounter3,drift,seed5,222,9021.321212121213
hpmcounter3,drift,seed5,223,9021.084848484848
hpmcounter3,drift,seed5,224,9020.957575757575
hpmcounter3,drift,seed5,225,9020.721212121212
hpmcounter3,drift,seed5,226,9020.618181818181
hpmcounter3,drift,seed5,227,9020.460606060606
hpmcounter3,drift,seed5,228,9020.666666666666
hpmcounter3,drift,seed5,229,9021.115151515152
hpmcounter3,drift,seed5,230,9021.442424242425
hpmcounter3,drift,seed5,231,9021.624242424243
hpmcounter3,drift,seed5,232,9021.690909090908
hpmcounter3,drift,seed5,233,9021.818181818182
hpmcounter3,drift,seed5,234,9021.818181818182
hpmcounter3,drift,seed5,235,9021.678787878787
hpmcounter3,drift,seed5,236,9021.739393939393
hpmcounter3,drift,seed5,237,9021.733333333334
hpmcounter3,drift,seed5,238,9021.848484848484
hpmcounter3,drift,seed5,239,9021.933333333332
hpmcounter3,drift,seed5,240,9021.824242424242
hpmcounter3,drift,seed5,241,9021.654545454545
hpmcounter3,drift,seed5,242,9021.381818181819
hpmcounter3,drift,seed5,243,9020.975757575758
hpmcounter3,drift,seed5,244,9020.527272727273
hpmcounter3,drift,seed5,245,9020.103030303031
hpmcounter3,drift,seed5,246,9019.969696969696
hpmcounter3,drift,seed5,247,9019.921212121211
hpmcounter3,drift,seed5,248,9019.872727272726
hpmcounter3,drift,seed5,249,9019.957575757575
hpmcounter3,drift,seed5,250,9020.260606060607
hpmcounter3,drift,seed5,251,9020.569696969696
hpmcounter3,drift,seed5,252,9020.927272727273
hpmcounter3,drift,seed5,253,9021.066666666668
hpmcounter3,drift,seed5,254,9021.20606060606
hpmcounter3,drift,seed5,255,9021.224242424243
hpmcounter3,drift,seed5,256,9021.09090909091
hpmcounter3,drift,seed5,257,9020.993939393938
hpmcounter3,drift,seed5,258,9020.775757575757
hpmcounter3,drift,seed5,259,9020.709090909091
hpmcounter3,drift,seed5,260,9020.860606060605
hpmcounter3,drift,seed5,261,9021.10909090909
hpmcounter3,drift,seed5,262,9240.278787878788
hpmcounter3,drift,seed5,263,9629.006060606062
hpmcounter3,drift,seed5,264,10135.19393939394
hpmcounter3,drift,seed5,265,10496.278787878788
hpmcounter3,drift,seed5,266,10712.248484848486
hpmcounter3,drift,seed5,267,10783.345454545455
hpmcounter3,drift,seed5,268,10709.70303030303
hpmcounter3,drift,seed5,269,10491.442424242425
hpmcounter3,drift,seed5,270,10128.442424242425
hpmcounter3,drift,seed5,271,9620.769696969697
hpmcounter3,drift,seed5,272,9235.836363636363
hpmcounter3,drift,seed5,273,9021.593939393939
hpmcounter3,drift,seed5,274,9021.721212121212
hpmcounter3,drift,seed5,275,9021.866666666667
hpmcounter3,drift,seed5,276,9021.818181818182
hpmcounter3,drift,seed5,277,9021.684848484849
hpmcounter3,drift,seed5,278,9021.575757575758
hpmcounter3,drift,seed5,279,9021.666666666666
hpmcounter3,drift,seed5,280,9021.769696969697
hpmcounter3,drift,seed5,281,9021.993939393938
hpmcounter3,drift,seed5,282,9022.042424242425
hpmcounter3,drift,seed5,283,9021.963636363636
hpmcounter3,drift,seed5,284,9021.757575757576
hpmcounter3,drift,seed5,285,9021.6
hpmcounter3,drift,seed5,286,9021.6
hpmcounter3,drift,seed5,287,9021.545454545454
hpmcounter3,drift,seed5,288,9021.39393939394
hpmcounter3,drift,seed5,289,9021.521212121212
hpmcounter3,drift,seed5,290,9021.684848484849
hpmcounter3,drift,seed5,291,9022.018181818183
hpmcounter3,drift,seed5,292,9240.830303030303
hpmcounter3,drift,seed5,293,9625.181818181818
hpmcounter3,drift,seed5,294,10131.70303030303
hpmcounter3,drift,seed5,295,10711.466666666667
hpmcounter3,drift,seed5,296,11316.70303030303
hpmcounter3,drift,seed5,297,11898.363636363636
hpmcounter3,drift,seed5,298,12189.581818181818
hpmcounter3,drift,seed6,9,9576.242424242424
hpmcounter3,drift,seed6,10,9505.727272727272
hpmcounter3,drift,seed6,11,9389.224242424243
hpmcounter3,drift,seed6,12,9226.50909090909
hpmcounter3,drift,seed6,13,9017.333333333334
hpmcounter3,drift,seed6,14,9018.290909090909
hpmcounter3,drift,seed6,15,9019.29696969697
hpmcounter3,drift,seed6,16,9020.50909090909
hpmcounter3,drift,seed6,17,9021.58787878788
hpmcounter3,drift,seed6,18,9022.436363636363
hpmcounter3,drift,seed6,19,9022.739393939393
hpmcounter3,drift,seed6,20,9022.763636363636
hpmcounter3,drift,seed6,21,9022.866666666667
hpmcounter3,drift,seed6,22,9022.981818181817
hpmcounter3,drift,seed6,23,9022.987878787879
hpmcounter3,drift,seed6,24,9023.048484848485
hpmcounter3,drift,seed6,25,9022.81212121212
hpmcounter3,drift,seed6,26,9022.569696969696
hpmcounter3,drift,seed6,27,9022.30303030303
hpmcounter3,drift,seed6,28,9240.436363636363
hpmcounter3,drift,seed6,29,9628.084848484848
hpmcounter3,drift,seed6,30,10137.127272727274
hpmcounter3,drift,seed6,31,10718.981818181817
hpmcounter3,drift,seed6,32,11325.121212121212
hpmcounter3,drift,seed6,33,11688.824242424242
hpmcounter3,drift,seed6,34,11810.4
hpmcounter3,drift,seed6,35,11689.50303030303
hpmcounter3,drift,seed6,36,11326.290909090909
hpmcounter3,drift,seed6,37,10720.569696969696
hpmcounter3,drift,seed6,38,10139.224242424243
hpmcounter3,drift,seed6,39,9630.660606060606
hpmcounter3,drift,seed6,40,9243.315151515151
hpmcounter3,drift,seed6,41,9025.351515151515
hpmcounter3,drift,seed6,42,9025.363636363636
hpmcounter3,drift,seed6,43,9025.036363636364
hpmcounter3,drift,seed6,44,9024.612121212122
hpmcounter3,drift,seed6,45,9024.387878787878
hpmcounter3,drift,seed6,46,9024.036363636364
hpmcounter3,drift,seed6,47,9024.121212121212
hpmcounter3,drift,seed6,48,9024.18787878788
hpmcounter3,drift,seed6,49,9024.151515151516
hpmcounter3,drift,seed6,50,9024.30303030303
hpmcounter3,drift,seed6,51,9024.224242424243
hpmcounter3,drift,seed6,52,9024.266666666666
hpmcounter3,drift,seed6,53,9024.272727272728
hpmcounter3,drift,seed6,54,9024.436363636363
hpmcounter3,drift,seed6,55,9024.8
hpmcounter3,drift,seed6,56,9024.90909090909
hpmcounter3,drift,seed6,57,9025.139393939395
hpmcounter3,drift,seed6,58,9025.363636363636
hpmcounter3,drift,seed6,59,9025.260606060607
hpmcounter3,drift,seed6,60,9025.169696969697
hpmcounter3,drift,seed6,61,9024.89090909091
hpmcounter3,drift,seed6,62,9024.381818181819
hpmcounter3,drift,seed6,63,9023.769696969697
hpmcounter3,drift,seed6,64,9023.575757575758
hpmcounter3,drift,seed6,65,9023.351515151515
hpmcounter3,drift,seed6,66,9023.321212121213
hpmcounter3,drift,seed6,67,9023.024242424242
hpmcounter3,drift,seed6,68,9022.89090909091
hpmcounter3,drift,seed6,69,9022.636363636364
hpmcounter3,drift,seed6,70,9022.484848484848
hpmcounter3,drift,seed6,71,9022.254545454545
hpmcounter3,drift,seed6,72,9022.078787878789
hpmcounter3,drift,seed6,73,9021.690909090908
hpmcounter3,drift,seed6,74,9021.612121212122
hpmcounter3,drift,seed6,75,9021.39393939394
hpmcounter3,drift,seed6,76,9021.575757575758
hpmcounter3,drift,seed6,77,9021.757575757576
hpmcounter3,drift,seed6,78,9022.115151515152
hpmcounter3,drift,seed6,79,9022.733333333334
hpmcounter3,drift,seed6,80,9023.363636363636
hpmcounter3,drift,seed6,81,9023.60606060606
hpmcounter3,drift,seed6,82,9023.878787878788
hpmcounter3,drift,seed6,83,9023.993939393938
hpmcounter3,drift,seed6,84,9024.036363636364
hpmcounter3,drift,seed6,85,9023.79393939394
hpmcounter3,drift,seed6,86,9242.521212121212
hpmcounter3,drift,seed6,87,9627.169696969697
hpmcounter3,drift,seed6,88,9915.29696969697
hpmcounter3,drift,seed6,89,10107.260606060607
hpmcounter3,drift,seed6,90,10202.836363636363
hpmcounter3,drift,seed6,91,10202.048484848485
hpmcounter3,drift,seed6,92,10105.006060606062
hpmcounter3,drift,seed6,93,9911.763636363636
hpmcounter3,drift,seed6,94,9622.278787878788
hpmcounter3,drift,seed6,95,9236.50909090909
hpmcounter3,drift,seed6,96,9021.89090909091
hpmcounter3,drift,seed6,97,9022.0
hpmcounter3,drift,seed6,98,9022.024242424242
hpmcounter3,drift,seed6,99,9021.854545454546
hpmcounter3,drift,seed6,100,9021.763636363636
hpmcounter3,drift,seed6,101,9021.878787878788
hpmcounter3,drift,seed6,102,9022.175757575758
hpmcounter3,drift,seed6,103,9022.533333333333
hpmcounter3,drift,seed6,104,9022.939393939394
hpmcounter3,drift,seed6,105,9023.642424242424
hpmcounter3,drift,seed6,106,9023.824242424242
hpmcounter3,drift,seed6,107,9023.818181818182
hpmcounter3,drift,seed6,108,9023.787878787878
hpmcounter3,drift,seed6,109,9023.333333333334
hpmcounter3,drift,seed6,110,9023.060606060606
hpmcounter3,drift,seed6,111,9022.763636363636
hpmcounter3,drift,seed6,112,9022.49090909091
hpmcounter3,drift,seed6,113,9022.09090909091
hpmcounter3,drift,seed6,114,9021.557575757575
hpmcounter3,drift,seed6,115,9021.18787878788
hpmcounter3,drift,seed6,116,9020.951515151515
hpmcounter3,drift,seed6,117,9020.557575757575
hpmcounter3,drift,seed6,118,9020.569696969696
hpmcounter3,drift,seed6,119,9020.733333333334
hpmcounter3,drift,seed6,120,9021.048484848485
hpmcounter3,drift,seed6,121,9021.242424242424
hpmcounter3,drift,seed6,122,9021.50303030303
hpmcounter3,drift,seed6,123,9021.763636363636
hpmcounter3,drift,seed6,124,9022.084848484848
hpmcounter3,drift,seed6,125,9022.018181818183
hpmcounter3,drift,seed6,126,9022.321212121213
hpmcounter3,drift,seed6,127,9022.224242424243
hpmcounter3,drift,seed6,128,9022.169696969697
hpmcounter3,drift,seed6,129,9022.248484848486
hpmcounter3,drift,seed6,130,9022.230303030303
hpmcounter3,drift,seed6,131,9021.927272727273
hpmcounter3,drift,seed6,132,9021.690909090908
hpmcounter3,drift,seed6,133,9021.551515151516
hpmcounter3,drift,seed6,134,9021.58787878788
hpmcounter3,drift,seed6,135,9021.70303030303
hpmcounter3,drift,seed6,136,9240.648484848485
hpmcounter3,drift,seed6,137,9410.79393939394
hpmcounter3,drift,seed6,138,9532.357575757576
hpmcounter3,drift,seed6,139,9823.89090909091
hpmcounter3,drift,seed6,140,10018.357575757576
hpmcounter3,drift,seed6,141,10115.424242424242
hpmcounter3,drift,seed6,142,10115.278787878788
hpmcounter3,drift,seed6,143,10018.078787878789
hpmcounter3,drift,seed6,144,9823.484848484848
hpmcounter3,drift,seed6,145,9531.872727272726
hpmcounter3,drift,seed6,146,9410.212121212122
hpmcounter3,drift,seed6,147,9240.018181818183
hpmcounter3,drift,seed6,148,9021.236363636364
hpmcounter3,drift,seed6,149,9021.133333333333
hpmcounter3,drift,seed6,150,9021.387878787878
hpmcounter3,drift,seed6,151,9021.690909090908
hpmcounter3,drift,seed6,152,9022.181818181818
hpmcounter3,drift,seed6,153,9022.745454545455
hpmcounter3,drift,seed6,154,9023.103030303031
hpmcounter3,drift,seed6,155,9023.309090909092
hpmcounter3,drift,seed6,156,9023.581818181818
hpmcounter3,drift,seed6,157,9023.80606060606
hpmcounter3,drift,seed6,158,9024.0
hpmcounter3,drift,seed6,159,9023.951515151515
hpmcounter3,drift,seed6,160,9023.969696969696
hpmcounter3,drift,seed6,161,9023.81212121212
hpmcounter3,drift,seed6,162,9023.745454545455
hpmcounter3,drift,seed6,163,9242.030303030304
hpmcounter3,drift,seed6,164,9630.2
hpmcounter3,drift,seed6,165,10139.072727272727
hpmcounter3,drift,seed6,166,10720.739393939393
hpmcounter3,drift,seed6,167,11108.39393939394
hpmcounter3,drift,seed6,168,11302.248484848486
hpmcounter3,drift,seed6,169,11301.963636363636
hpmcounter3,drift,seed6,170,11107.630303030302
hpmcounter3,drift,seed6,171,10719.448484848484
hpmcounter3,drift,seed6,172,10137.339393939394
hpmcounter3,drift,seed6,173,9628.321212121213
hpmcounter3,drift,seed6,174,9240.684848484849
hpmcounter3,drift,seed6,175,9022.58787878788
hpmcounter3,drift,seed6,176,9022.515151515152
hpmcounter3,drift,seed6,177,9022.418181818182
hpmcounter3,drift,seed6,178,9022.363636363636
hpmcounter3,drift,seed6,179,9022.28484848485
hpmcounter3,drift,seed6,180,9022.2
hpmcounter3,drift,seed6,181,9022.260606060607
hpmcounter3,drift,seed6,182,9022.248484848486
hpmcounter3,drift,seed6,183,9022.4
hpmcounter3,drift,seed6,184,9022.321212121213
hpmcounter3,drift,seed6,185,9022.418181818182
hpmcounter3,drift,seed6,186,9022.139393939395
hpmcounter3,drift,seed6,187,9021.642424242424
hpmcounter3,drift,seed6,188,9021.030303030304
hpmcounter3,drift,seed6,189,9020.515151515152
hpmcounter3,drift,seed6,190,9020.2
hpmcounter3,drift,seed6,191,9020.078787878789
hpmcounter3,drift,seed6,192,9020.042424242425
hpmcounter3,drift,seed6,193,9020.18787878788
hpmcounter3,drift,seed6,194,9020.260606060607
hpmcounter3,drift,seed6,195,9020.81212121212
hpmcounter3,drift,seed6,196,9021.278787878788
hpmcounter3,drift,seed6,197,9021.39393939394
hpmcounter3,drift,seed6,198,9021.49696969697
hpmcounter3,drift,seed6,199,9021.618181818181
hpmcounter3,drift,seed6,200,9021.678787878787
hpmcounter3,drift,seed6,201,9021.654545454545
hpmcounter3,drift,seed6,202,9021.6
hpmcounter3,drift,seed6,203,9021.593939393939
hpmcounter3,drift,seed6,204,9021.624242424243
hpmcounter3,drift,seed6,205,9021.690909090908
hpmcounter3,drift,seed6,206,9021.709090909091
hpmcounter3,drift,seed6,207,9021.436363636363
hpmcounter3,drift,seed6,208,9240.018181818183
hpmcounter3,drift,seed6,209,9409.739393939393
hpmcounter3,drift,seed6,210,9531.163636363637
hpmcounter3,drift,seed6,211,9604.036363636364
hpmcounter3,drift,seed6,212,9628.466666666667
hpmcounter3,drift,seed6,213,9604.254545454545
hpmcounter3,drift,seed6,214,9531.654545454545
hpmcounter3,drift,seed6,215,9410.424242424242
hpmcounter3,drift,seed6,216,9240.321212121213
hpmcounter3,drift,seed6,217,9021.369696969698
hpmcounter3,drift,seed6,218,9021.278787878788
hpmcounter3,drift,seed6,219,9020.975757575758
hpmcounter3,drift,seed6,220,9021.139393939395
hpmcounter3,drift,seed6,221,9021.272727272728
hpmcounter3,drift,seed6,222,9021.454545454546
hpmcounter3,drift,seed6,223,9021.533333333333
hpmcounter3,drift,seed6,224,9021.58787878788
hpmcounter3,drift,seed6,225,9021.642424242424
hpmcounter3,drift,seed6,226,9021.618181818181
hpmcounter3,drift,seed6,227,9021.4
hpmcounter3,drift,seed6,228,9021.20606060606
hpmcounter3,drift,seed6,229,9021.103030303031
hpmcounter3,drift,seed6,230,9021.30303030303
hpmcounter3,drift,seed6,231,9021.58787878788
hpmcounter3,drift,seed6,232,9021.71515151515
hpmcounter3,drift,seed6,233,9021.575757575758
hpmcounter3,drift,seed6,234,9021.248484848486
hpmcounter3,drift,seed6,235,9020.854545454546
hpmcounter3,drift,seed6,236,9020.636363636364
hpmcounter3,drift,seed6,237,9020.430303030304
hpmcounter3,drift,seed6,238,9020.260606060607
hpmcounter3,drift,seed6,239,9020.260606060607
hpmcounter3,drift,seed6,240,9020.484848484848
hpmcounter3,drift,seed6,241,9020.81212121212
hpmcounter3,drift,seed6,242,9021.121212121212
hpmcounter3,drift,seed6,243,9021.321212121213
hpmcounter3,drift,seed6,244,9021.593939393939
hpmcounter3,drift,seed6,245,9021.836363636363
hpmcounter3,drift,seed6,246,9022.212121212122
hpmcounter3,drift,seed6,247,9022.454545454546
hpmcounter3,drift,seed6,248,9022.593939393939
hpmcounter3,drift,seed6,249,9022.727272727272
hpmcounter3,drift,seed6,250,9022.690909090908
hpmcounter3,drift,seed6,251,9022.563636363637
hpmcounter3,drift,seed6,252,9022.333333333334
hpmcounter3,drift,seed6,253,9022.054545454546
hpmcounter3,drift,seed6,254,9021.818181818182
hpmcounter3,drift,seed6,255,9021.70303030303
hpmcounter3,drift,seed6,256,9021.872727272726
hpmcounter3,drift,seed6,257,9022.072727272727
hpmcounter3,drift,seed6,258,9022.30303030303
hpmcounter3,drift,seed6,259,9022.575757575758
hpmcounter3,drift,seed6,260,9022.690909090908
hpmcounter3,drift,seed6,261,9022.745454545455
hpmcounter3,drift,seed6,262,9022.90303030303
hpmcounter3,drift,seed6,263,9022.963636363636
hpmcounter3,drift,seed6,264,9022.79393939394
hpmcounter3,drift,seed6,265,9022.745454545455
hpmcounter3,drift,seed6,266,9022.884848484848
hpmcounter3,drift,seed6,267,9023.09090909091
hpmcounter3,drift,seed6,268,9023.230303030303
hpmcounter3,drift,seed6,269,9023.236363636364
hpmcounter3,drift,seed6,270,9023.230303030303
hpmcounter3,drift,seed6,271,9023.036363636364
hpmcounter3,drift,seed6,272,9023.084848484848
hpmcounter3,drift,seed6,273,9023.012121212121
hpmcounter3,drift,seed6,274,9023.036363636364
hpmcounter3,drift,seed6,275,9022.915151515152
hpmcounter3,drift,seed6,276,9022.860606060605
hpmcounter3,drift,seed6,277,9022.721212121212
hpmcounter3,drift,seed6,278,9241.424242424242
hpmcounter3,drift,seed6,279,9629.957575757575
hpmcounter3,drift,seed6,280,10139.666666666666
hpmcounter3,drift,seed6,281,10503.781818181818
hpmcounter3,drift,seed6,282,10722.345454545455
hpmcounter3,drift,seed6,283,10794.90909090909
hpmcounter3,drift,seed6,284,10722.060606060606
hpmcounter3,drift,seed6,285,10721.781818181818
hpmcounter3,drift,seed6,286,10527.20606060606
hpmcounter3,drift,seed6,287,10138.442424242425
hpmcounter3,drift,seed6,288,9822.975757575758
hpmcounter3,drift,seed6,289,9629.066666666668
hpmcounter3,drift,seed6,290,9604.981818181817
hpmcounter3,drift,seed6,291,9532.4
hpmcounter3,drift,seed6,292,9411.521212121212
hpmcounter3,drift,seed6,293,9241.81212121212
hpmcounter3,drift,seed6,294,9023.381818181819
hpmcounter3,drift,seed6,295,9023.242424242424
hpmcounter3,drift,seed6,296,9022.751515151514
hpmcounter3,drift,seed6,297,9022.242424242424
hpmcounter3,drift,seed6,298,9021.872727272726
hpmcounter3,drift,seed7,9,9015.466666666667
hpmcounter3,drift,seed7,10,9015.10909090909
hpmcounter3,drift,seed7,11,9015.381818181819
hpmcounter3,drift,seed7,12,9015.951515151515
hpmcounter3,drift,seed7,13,9016.8
hpmcounter3,drift,seed7,14,9017.884848484848
hpmcounter3,drift,seed7,15,9019.175757575758
hpmcounter3,drift,seed7,16,9020.333333333334
hpmcounter3,drift,seed7,17,9021.448484848484
hpmcounter3,drift,seed7,18,9022.248484848486
hpmcounter3,drift,seed7,19,9022.854545454546
hpmcounter3,drift,seed7,20,9023.254545454545
hpmcounter3,drift,seed7,21,9023.618181818181
hpmcounter3,drift,seed7,22,9023.678787878787
hpmcounter3,drift,seed7,23,9023.678787878787
hpmcounter3,drift,seed7,24,9023.630303030302
hpmcounter3,drift,seed7,25,9023.654545454545
hpmcounter3,drift,seed7,26,9023.50909090909
hpmcounter3,drift,seed7,27,9023.09696969697
hpmcounter3,drift,seed7,28,9022.672727272728
hpmcounter3,drift,seed7,29,9022.478787878788
hpmcounter3,drift,seed7,30,9022.539393939394
hpmcounter3,drift,seed7,31,9241.690909090908
hpmcounter3,drift,seed7,32,9626.836363636363
hpmcounter3,drift,seed7,33,10129.981818181817
hpmcounter3,drift,seed7,34,10488.951515151515
hpmcounter3,drift,seed7,35,10703.848484848484
hpmcounter3,drift,seed7,36,10775.078787878789
hpmcounter3,drift,seed7,37,10702.19393939394
hpmcounter3,drift,seed7,38,10485.278787878788
hpmcounter3,drift,seed7,39,10124.236363636364
hpmcounter3,drift,seed7,40,9619.157575757576
hpmcounter3,drift,seed7,41,9237.666666666666
hpmcounter3,drift,seed7,42,9023.230303030303
hpmcounter3,drift,seed7,43,9023.278787878788
hpmcounter3,drift,seed7,44,9023.345454545455
hpmcounter3,drift,seed7,45,9023.181818181818
hpmcounter3,drift,seed7,46,9023.121212121212
hpmcounter3,drift,seed7,47,9023.127272727274
hpmcounter3,drift,seed7,48,9023.006060606062
hpmcounter3,drift,seed7,49,9022.878787878788
hpmcounter3,drift,seed7,50,9022.666666666666
hpmcounter3,drift,seed7,51,9022.478787878788
hpmcounter3,drift,seed7,52,9022.357575757576
hpmcounter3,drift,seed7,53,9022.139393939395
hpmcounter3,drift,seed7,54,9022.127272727274
hpmcounter3,drift,seed7,55,9022.248484848486
hpmcounter3,drift,seed7,56,9022.315151515151
hpmcounter3,drift,seed7,57,9022.248484848486
hpmcounter3,drift,seed7,58,9022.09090909091
hpmcounter3,drift,seed7,59,9022.018181818183
hpmcounter3,drift,seed7,60,9240.921212121211
hpmcounter3,drift,seed7,61,9411.321212121213
hpmcounter3,drift,seed7,62,9533.066666666668
hpmcounter3,drift,seed7,63,9606.048484848485
hpmcounter3,drift,seed7,64,9630.145454545454
hpmcounter3,drift,seed7,65,9605.721212121212
hpmcounter3,drift,seed7,66,9532.49090909091
hpmcounter3,drift,seed7,67,9410.763636363636
hpmcounter3,drift,seed7,68,9240.624242424243
hpmcounter3,drift,seed7,69,9021.818181818182
hpmcounter3,drift,seed7,70,9021.957575757575
hpmcounter3,drift,seed7,71,9022.39393939394
hpmcounter3,drift,seed7,72,9022.781818181818
hpmcounter3,drift,seed7,73,9022.878787878788
hpmcounter3,drift,seed7,74,9022.751515151514
hpmcounter3,drift,seed7,75,9022.58787878788
hpmcounter3,drift,seed7,76,9022.363636363636
hpmcounter3,drift,seed7,77,9022.39393939394
hpmcounter3,drift,seed7,78,9022.406060606061
hpmcounter3,drift,seed7,79,9022.369696969698
hpmcounter3,drift,seed7,80,9022.218181818182
hpmcounter3,drift,seed7,81,9022.10909090909
hpmcounter3,drift,seed7,82,9022.157575757576
hpmcounter3,drift,seed7,83,9021.878787878788
hpmcounter3,drift,seed7,84,9021.787878787878
hpmcounter3,drift,seed7,85,9021.660606060606
hpmcounter3,drift,seed7,86,9021.848484848484
hpmcounter3,drift,seed7,87,9022.145454545454
hpmcounter3,drift,seed7,88,9022.484848484848
hpmcounter3,drift,seed7,89,9022.666666666666
hpmcounter3,drift,seed7,90,9022.71515151515
hpmcounter3,drift,seed7,91,9022.50909090909
hpmcounter3,drift,seed7,92,9022.49696969697
hpmcounter3,drift,seed7,93,9022.060606060606
hpmcounter3,drift,seed7,94,9021.666666666666
hpmcounter3,drift,seed7,95,9021.2
hpmcounter3,drift,seed7,96,9020.951515151515
hpmcounter3,drift,seed7,97,9020.636363636364
hpmcounter3,drift,seed7,98,9020.478787878788
hpmcounter3,drift,seed7,99,9020.327272727272
hpmcounter3,drift,seed7,100,9020.224242424243
hpmcounter3,drift,seed7,101,9020.321212121213
hpmcounter3,drift,seed7,102,9020.69696969697
hpmcounter3,drift,seed7,103,9021.0
hpmcounter3,drift,seed7,104,9021.09696969697
hpmcounter3,drift,seed7,105,9021.20606060606
hpmcounter3,drift,seed7,106,9021.466666666667
hpmcounter3,drift,seed7,107,9021.624242424243
hpmcounter3,drift,seed7,108,9021.654545454545
hpmcounter3,drift,seed7,109,9021.654545454545
hpmcounter3,drift,seed7,110,9021.460606060606
hpmcounter3,drift,seed7,111,9021.418181818182
hpmcounter3,drift,seed7,112,9021.242424242424
hpmcounter3,drift,seed7,113,9021.066666666668
hpmcounter3,drift,seed7,114,9020.648484848485
hpmcounter3,drift,seed7,115,9020.472727272727
hpmcounter3,drift,seed7,116,9020.71515151515
hpmcounter3,drift,seed7,117,9021.09696969697
hpmcounter3,drift,seed7,118,9240.484848484848
hpmcounter3,drift,seed7,119,9411.224242424243
hpmcounter3,drift,seed7,120,9533.006060606062
hpmcounter3,drift,seed7,121,9606.006060606062
hpmcounter3,drift,seed7,122,9630.169696969697
hpmcounter3,drift,seed7,123,9605.71515151515
hpmcounter3,drift,seed7,124,9532.70303030303
hpmcounter3,drift,seed7,125,9410.975757575758
hpmcounter3,drift,seed7,126,9240.690909090908
hpmcounter3,drift,seed7,127,9021.896969696969
hpmcounter3,drift,seed7,128,9022.19393939394
hpmcounter3,drift,seed7,129,9022.218181818182
hpmcounter3,drift,seed7,130,9022.212121212122
hpmcounter3,drift,seed7,131,9022.030303030304
hpmcounter3,drift,seed7,132,9021.660606060606
hpmcounter3,drift,seed7,133,9021.19393939394
hpmcounter3,drift,seed7,134,9021.163636363637
hpmcounter3,drift,seed7,135,9021.218181818182
hpmcounter3,drift,seed7,136,9021.115151515152
hpmcounter3,drift,seed7,137,9020.987878787879
hpmcounter3,drift,seed7,138,9020.939393939394
hpmcounter3,drift,seed7,139,9020.848484848484
hpmcounter3,drift,seed7,140,9020.933333333332
hpmcounter3,drift,seed7,141,9021.236363636364
hpmcounter3,drift,seed7,142,9021.545454545454
hpmcounter3,drift,seed7,143,9021.648484848485
hpmcounter3,drift,seed7,144,9021.896969696969
hpmcounter3,drift,seed7,145,9022.236363636364
hpmcounter3,drift,seed7,146,9022.357575757576
hpmcounter3,drift,seed7,147,9022.20606060606
hpmcounter3,drift,seed7,148,9021.945454545454
hpmcounter3,drift,seed7,149,9021.79393939394
hpmcounter3,drift,seed7,150,9021.684848484849
hpmcounter3,drift,seed7,151,9021.69696969697
hpmcounter3,drift,seed7,152,9021.624242424243
hpmcounter3,drift,seed7,153,9021.381818181819
hpmcounter3,drift,seed7,154,9021.018181818183
hpmcounter3,drift,seed7,155,9020.757575757576
hpmcounter3,drift,seed7,156,9020.654545454545
hpmcounter3,drift,seed7,157,9020.375757575757
hpmcounter3,drift,seed7,158,9020.175757575758
hpmcounter3,drift,seed7,159,9020.09090909091
hpmcounter3,drift,seed7,160,9020.266666666666
hpmcounter3,drift,seed7,161,9020.418181818182
hpmcounter3,drift,seed7,162,9020.666666666666
hpmcounter3,drift,seed7,163,9020.854545454546
hpmcounter3,drift,seed7,164,9021.042424242425
hpmcounter3,drift,seed7,165,9021.290909090909
hpmcounter3,drift,seed7,166,9021.545454545454
hpmcounter3,drift,seed7,167,9021.709090909091
hpmcounter3,drift,seed7,168,9021.71515151515
hpmcounter3,drift,seed7,169,9021.563636363637
hpmcounter3,drift,seed7,170,9021.387878787878
hpmcounter3,drift,seed7,171,9021.012121212121
hpmcounter3,drift,seed7,172,9239.678787878787
hpmcounter3,drift,seed7,173,9628.18787878788
hpmcounter3,drift,seed7,174,10138.139393939395
hpmcounter3,drift,seed7,175,10720.69696969697
hpmcounter3,drift,seed7,176,11327.2
hpmcounter3,drift,seed7,177,11909.042424242425
hpmcounter3,drift,seed7,178,12417.818181818182
hpmcounter3,drift,seed7,179,12805.042424242425
hpmcounter3,drift,seed7,180,13022.39393939394
hpmcounter3,drift,seed7,181,13021.18787878788
hpmcounter3,drift,seed7,182,13020.781818181818
hpmcounter3,drift,seed7,183,12802.49696969697
hpmcounter3,drift,seed7,184,12414.975757575758
hpmcounter3,drift,seed7,185,11906.218181818182
hpmcounter3,drift,seed7,186,11324.818181818182
hpmcounter3,drift,seed7,187,10718.993939393938
hpmcounter3,drift,seed7,188,10137.20606060606
hpmcounter3,drift,seed7,189,9627.993939393938
hpmcounter3,drift,seed7,190,9240.19393939394
hpmcounter3,drift,seed7,191,9021.860606060605
hpmcounter3,drift,seed7,192,9021.612121212122
hpmcounter3,drift,seed7,193,9021.563636363637
hpmcounter3,drift,seed7,194,9021.593939393939
hpmcounter3,drift,seed7,195,9021.660606060606
hpmcounter3,drift,seed7,196,9021.872727272726
hpmcounter3,drift,seed7,197,9022.042424242425
hpmcounter3,drift,seed7,198,9021.993939393938
hpmcounter3,drift,seed7,199,9021.957575757575
hpmcounter3,drift,seed7,200,9021.836363636363
hpmcounter3,drift,seed7,201,9021.709090909091
hpmcounter3,drift,seed7,202,9021.484848484848
hpmcounter3,drift,seed7,203,9021.363636363636
hpmcounter3,drift,seed7,204,9021.41212121212
hpmcounter3,drift,seed7,205,9021.375757575757
hpmcounter3,drift,seed7,206,9021.521212121212
hpmcounter3,drift,seed7,207,9021.563636363637
hpmcounter3,drift,seed7,208,9021.612121212122
hpmcounter3,drift,seed7,209,9021.884848484848
hpmcounter3,drift,seed7,210,9022.036363636364
hpmcounter3,drift,seed7,211,9022.10909090909
hpmcounter3,drift,seed7,212,9022.4
hpmcounter3,drift,seed7,213,9022.50909090909
hpmcounter3,drift,seed7,214,9022.854545454546
hpmcounter3,drift,seed7,215,9023.006060606062
hpmcounter3,drift,seed7,216,9023.072727272727
hpmcounter3,drift,seed7,217,9022.921212121211
hpmcounter3,drift,seed7,218,9022.89090909091
hpmcounter3,drift,seed7,219,9022.751515151514
hpmcounter3,drift,seed7,220,9022.769696969697
hpmcounter3,drift,seed7,221,9022.569696969696
hpmcounter3,drift,seed7,222,9022.527272727273
hpmcounter3,drift,seed7,223,9022.315151515151
hpmcounter3,drift,seed7,224,9022.2
hpmcounter3,drift,seed7,225,9022.236363636364
hpmcounter3,drift,seed7,226,9022.006060606062
hpmcounter3,drift,seed7,227,9021.666666666666
hpmcounter3,drift,seed7,228,9021.442424242425
hpmcounter3,drift,seed7,229,9021.115151515152
hpmcounter3,drift,seed7,230,9021.048484848485
hpmcounter3,drift,seed7,231,9021.066666666668
hpmcounter3,drift,seed7,232,9021.169696969697
hpmcounter3,drift,seed7,233,9021.115151515152
hpmcounter3,drift,seed7,234,9021.145454545454
hpmcounter3,drift,seed7,235,9021.351515151515
hpmcounter3,drift,seed7,236,9021.436363636363
hpmcounter3,drift,seed7,237,9021.375757575757
hpmcounter3,drift,seed7,238,9021.060606060606
hpmcounter3,drift,seed7,239,9020.745454545455
hpmcounter3,drift,seed7,240,9020.50909090909
hpmcounter3,drift,seed7,241,9020.375757575757
hpmcounter3,drift,seed7,242,9020.466666666667
hpmcounter3,drift,seed7,243,9020.581818181818
hpmcounter3,drift,seed7,244,9020.830303030303
hpmcounter3,drift,seed7,245,9239.969696969696
hpmcounter3,drift,seed7,246,9628.81212121212
hpmcounter3,drift,seed7,247,10138.672727272728
hpmcounter3,drift,seed7,248,10720.8
hpmcounter3,drift,seed7,249,11108.70303030303
hpmcounter3,drift,seed7,250,11302.327272727272
hpmcounter3,drift,seed7,251,11301.848484848484
hpmcounter3,drift,seed7,252,11107.49696969697
hpmcounter3,drift,seed7,253,10719.084848484848
hpmcounter3,drift,seed7,254,10136.721212121212
hpmcounter3,drift,seed7,255,9627.58787878788
hpmcounter3,drift,seed7,256,9239.79393939394
hpmcounter3,drift,seed7,257,9021.769696969697
hpmcounter3,drift,seed7,258,9021.921212121211
hpmcounter3,drift,seed7,259,9022.030303030304
hpmcounter3,drift,seed7,260,9022.278787878788
hpmcounter3,drift,seed7,261,9022.442424242425
hpmcounter3,drift,seed7,262,9022.545454545454
hpmcounter3,drift,seed7,263,9022.557575757575
hpmcounter3,drift,seed7,264,9022.569696969696
hpmcounter3,drift,seed7,265,9022.39393939394
hpmcounter3,drift,seed7,266,9022.181818181818
hpmcounter3,drift,seed7,267,9021.933333333332
hpmcounter3,drift,seed7,268,9021.824242424242
hpmcounter3,drift,seed7,269,9021.624242424243
hpmcounter3,drift,seed7,270,9021.745454545455
hpmcounter3,drift,seed7,271,9021.915151515152
hpmcounter3,drift,seed7,272,9022.054545454546
hpmcounter3,drift,seed7,273,9022.357575757576
hpmcounter3,drift,seed7,274,9022.751515151514
hpmcounter3,drift,seed7,275,9023.18787878788
hpmcounter3,drift,seed7,276,9023.69696969697
hpmcounter3,drift,seed7,277,9023.957575757575
hpmcounter3,drift,seed7,278,9024.060606060606
hpmcounter3,drift,seed7,279,9023.951515151515
hpmcounter3,drift,seed7,280,9023.727272727272
hpmcounter3,drift,seed7,281,9023.430303030304
hpmcounter3,drift,seed7,282,9023.048484848485
hpmcounter3,drift,seed7,283,9022.945454545454
hpmcounter3,drift,seed7,284,9023.078787878789
hpmcounter3,drift,seed7,285,9023.28484848485
hpmcounter3,drift,seed7,286,9023.478787878788
hpmcounter3,drift,seed7,287,9023.4
hpmcounter3,drift,seed7,288,9023.212121212122
hpmcounter3,drift,seed7,289,9022.957575757575
hpmcounter3,drift,seed7,290,9022.648484848485
hpmcounter3,drift,seed7,291,9022.363636363636
hpmcounter3,drift,seed7,292,9022.060606060606
hpmcounter3,drift,seed7,293,9021.896969696969
hpmcounter3,drift,seed7,294,9021.854545454546
hpmcounter3,drift,seed7,295,9021.90303030303
hpmcounter3,drift,seed7,296,9021.70303030303
hpmcounter3,drift,seed7,297,9021.321212121213
hpmcounter3,drift,seed7,298,9020.969696969696
hpmcounter3,drift,seed8,9,9016.290909090909
hpmcounter3,drift,seed8,10,9015.830303030303
hpmcounter3,drift,seed8,11,9015.678787878787
hpmcounter3,drift,seed8,12,9015.927272727273
hpmcounter3,drift,seed8,13,9016.448484848484
hpmcounter3,drift,seed8,14,9017.218181818182
hpmcounter3,drift,seed8,15,9018.375757575757
hpmcounter3,drift,seed8,16,9019.781818181818
hpmcounter3,drift,seed8,17,9021.248484848486
hpmcounter3,drift,seed8,18,9022.290909090909
hpmcounter3,drift,seed8,19,9022.81212121212
hpmcounter3,drift,seed8,20,9022.933333333332
hpmcounter3,drift,seed8,21,9023.066666666668
hpmcounter3,drift,seed8,22,9023.321212121213
hpmcounter3,drift,seed8,23,9023.387878787878
hpmcounter3,drift,seed8,24,9023.406060606061
hpmcounter3,drift,seed8,25,9023.460606060606
hpmcounter3,drift,seed8,26,9023.551515151516
hpmcounter3,drift,seed8,27,9023.660606060606
hpmcounter3,drift,seed8,28,9023.896969696969
hpmcounter3,drift,seed8,29,9024.066666666668
hpmcounter3,drift,seed8,30,9024.375757575757
hpmcounter3,drift,seed8,31,9024.515151515152
hpmcounter3,drift,seed8,32,9024.50909090909
hpmcounter3,drift,seed8,33,9024.41212121212
hpmcounter3,drift,seed8,34,9024.290909090909
hpmcounter3,drift,seed8,35,9024.060606060606
hpmcounter3,drift,seed8,36,9023.854545454546
hpmcounter3,drift,seed8,37,9023.18787878788
hpmcounter3,drift,seed8,38,9022.769696969697
hpmcounter3,drift,seed8,39,9022.472727272727
hpmcounter3,drift,seed8,40,9022.290909090909
hpmcounter3,drift,seed8,41,9022.19393939394
hpmcounter3,drift,seed8,42,9022.266666666666
hpmcounter3,drift,seed8,43,9022.442424242425
hpmcounter3,drift,seed8,44,9022.775757575757
hpmcounter3,drift,seed8,45,9023.10909090909
hpmcounter3,drift,seed8,46,9023.442424242425
hpmcounter3,drift,seed8,47,9023.478787878788
hpmcounter3,drift,seed8,48,9023.557575757575
hpmcounter3,drift,seed8,49,9023.818181818182
hpmcounter3,drift,seed8,50,9024.012121212121
hpmcounter3,drift,seed8,51,9024.266666666666
hpmcounter3,drift,seed8,52,9024.690909090908
hpmcounter3,drift,seed8,53,9024.8
hpmcounter3,drift,seed8,54,9025.024242424242
hpmcounter3,drift,seed8,55,9025.133333333333
hpmcounter3,drift,seed8,56,9243.896969696969
hpmcounter3,drift,seed8,57,9632.048484848485
hpmcounter3,drift,seed8,58,10141.09090909091
hpmcounter3,drift,seed8,59,10504.636363636364
hpmcounter3,drift,seed8,60,10722.775757575757
hpmcounter3,drift,seed8,61,11013.70303030303
hpmcounter3,drift,seed8,62,11324.896969696969
hpmcounter3,drift,seed8,63,11394.30303030303
hpmcounter3,drift,seed8,64,11221.921212121211
hpmcounter3,drift,seed8,65,10807.818181818182
hpmcounter3,drift,seed8,66,10419.230303030303
hpmcounter3,drift,seed8,67,10104.387878787878
hpmcounter3,drift,seed8,68,9911.533333333333
hpmcounter3,drift,seed8,69,9622.484848484848
hpmcounter3,drift,seed8,70,9237.49696969697
hpmcounter3,drift,seed8,71,9023.248484848486
hpmcounter3,drift,seed8,72,9023.09696969697
hpmcounter3,drift,seed8,73,9023.066666666668
hpmcounter3,drift,seed8,74,9022.818181818182
hpmcounter3,drift,seed8,75,9022.684848484849
hpmcounter3,drift,seed8,76,9022.533333333333
hpmcounter3,drift,seed8,77,9241.133333333333
hpmcounter3,drift,seed8,78,9411.175757575758
hpmcounter3,drift,seed8,79,9532.442424242425
hpmcounter3,drift,seed8,80,9605.375757575757
hpmcounter3,drift,seed8,81,9629.921212121211
hpmcounter3,drift,seed8,82,9605.593939393939
hpmcounter3,drift,seed8,83,9532.81212121212
hpmcounter3,drift,seed8,84,9411.254545454545
hpmcounter3,drift,seed8,85,9240.975757575758
hpmcounter3,drift,seed8,86,9022.18787878788
hpmcounter3,drift,seed8,87,9022.072727272727
hpmcounter3,drift,seed8,88,9021.860606060605
hpmcounter3,drift,seed8,89,9021.442424242425
hpmcounter3,drift,seed8,90,9021.30303030303
hpmcounter3,drift,seed8,91,9021.333333333334
hpmcounter3,drift,seed8,92,9021.454545454546
hpmcounter3,drift,seed8,93,9021.654545454545
hpmcounter3,drift,seed8,94,9021.781818181818
hpmcounter3,drift,seed8,95,9021.957575757575
hpmcounter3,drift,seed8,96,9022.103030303031
hpmcounter3,drift,seed8,97,9022.369696969698
hpmcounter3,drift,seed8,98,9022.260606060607
hpmcounter3,drift,seed8,99,9022.018181818183
hpmcounter3,drift,seed8,100,9021.884848484848
hpmcounter3,drift,seed8,101,9021.751515151514
hpmcounter3,drift,seed8,102,9021.763636363636
hpmcounter3,drift,seed8,103,9021.81212121212
hpmcounter3,drift,seed8,104,9021.751515151514
hpmcounter3,drift,seed8,105,9021.648484848485
hpmcounter3,drift,seed8,106,9021.581818181818
hpmcounter3,drift,seed8,107,9021.642424242424
hpmcounter3,drift,seed8,108,9021.642424242424
hpmcounter3,drift,seed8,109,9021.557575757575
hpmcounter3,drift,seed8,110,9021.684848484849
hpmcounter3,drift,seed8,111,9021.769696969697
hpmcounter3,drift,seed8,112,9021.81212121212
hpmcounter3,drift,seed8,113,9021.933333333332
hpmcounter3,drift,seed8,114,9022.078787878789
hpmcounter3,drift,seed8,115,9022.006060606062
hpmcounter3,drift,seed8,116,9022.066666666668
hpmcounter3,drift,seed8,117,9021.939393939394
hpmcounter3,drift,seed8,118,9021.824242424242
hpmcounter3,drift,seed8,119,9021.50303030303
hpmcounter3,drift,seed8,120,9021.2
hpmcounter3,drift,seed8,121,9021.115151515152
hpmcounter3,drift,seed8,122,9021.266666666666
hpmcounter3,drift,seed8,123,9021.454545454546
hpmcounter3,drift,seed8,124,9021.951515151515
hpmcounter3,drift,seed8,125,9022.4
hpmcounter3,drift,seed8,126,9023.018181818183
hpmcounter3,drift,seed8,127,9023.60606060606
hpmcounter3,drift,seed8,128,9024.060606060606
hpmcounter3,drift,seed8,129,9024.115151515152
hpmcounter3,drift,seed8,130,9023.745454545455
hpmcounter3,drift,seed8,131,9023.478787878788
hpmcounter3,drift,seed8,132,9023.436363636363
hpmcounter3,drift,seed8,133,9023.18787878788
hpmcounter3,drift,seed8,134,9023.121212121212
hpmcounter3,drift,seed8,135,9023.139393939395
hpmcounter3,drift,seed8,136,9023.024242424242
hpmcounter3,drift,seed8,137,9022.824242424242
hpmcounter3,drift,seed8,138,9241.315151515151
hpmcounter3,drift,seed8,139,9629.454545454546
hpmcounter3,drift,seed8,140,10138.654545454545
hpmcounter3,drift,seed8,141,10720.442424242425
hpmcounter3,drift,seed8,142,11326.557575757575
hpmcounter3,drift,seed8,143,11908.406060606061
hpmcounter3,drift,seed8,144,12417.381818181819
hpmcounter3,drift,seed8,145,12801.272727272728
hpmcounter3,drift,seed8,146,12797.90303030303
hpmcounter3,drift,seed8,147,12407.248484848486
hpmcounter3,drift,seed8,148,11896.618181818181
hpmcounter3,drift,seed8,149,11314.327272727272
hpmcounter3,drift,seed8,150,10708.709090909091
hpmcounter3,drift,seed8,151,10128.127272727274
hpmcounter3,drift,seed8,152,9621.121212121212
hpmcounter3,drift,seed8,153,9236.418181818182
hpmcounter3,drift,seed8,154,9022.30303030303
hpmcounter3,drift,seed8,155,9022.448484848484
hpmcounter3,drift,seed8,156,9022.709090909091
hpmcounter3,drift,seed8,157,9022.993939393938
hpmcounter3,drift,seed8,158,9023.169696969697
hpmcounter3,drift,seed8,159,9023.236363636364
hpmcounter3,drift,seed8,160,9023.248484848486
hpmcounter3,drift,seed8,161,9241.648484848485
hpmcounter3,drift,seed8,162,9629.769696969697
hpmcounter3,drift,seed8,163,10139.321212121213
hpmcounter3,drift,seed8,164,10721.551515151516
hpmcounter3,drift,seed8,165,11327.951515151515
hpmcounter3,drift,seed8,166,11910.078787878789
hpmcounter3,drift,seed8,167,12419.39393939394
hpmcounter3,drift,seed8,168,12807.333333333334
hpmcounter3,drift,seed8,169,13021.721212121212
hpmcounter3,drift,seed8,170,12800.387878787878
hpmcounter3,drift,seed8,171,12410.309090909092
hpmcounter3,drift,seed8,172,11899.709090909091
hpmcounter3,drift,seed8,173,11317.363636363636
hpmcounter3,drift,seed8,174,10711.484848484848
hpmcounter3,drift,seed8,175,10130.430303030304
hpmcounter3,drift,seed8,176,9622.757575757576
hpmcounter3,drift,seed8,177,9237.272727272728
hpmcounter3,drift,seed8,178,9022.351515151515
hpmcounter3,drift,seed8,179,9021.939393939394
hpmcounter3,drift,seed8,180,9021.733333333334
hpmcounter3,drift,seed8,181,9021.593939393939
hpmcounter3,drift,seed8,182,9021.436363636363
hpmcounter3,drift,seed8,183,9021.624242424243
hpmcounter3,drift,seed8,184,9021.80606060606
hpmcounter3,drift,seed8,185,9021.684848484849
hpmcounter3,drift,seed8,186,9021.478787878788
hpmcounter3,drift,seed8,187,9021.387878787878
hpmcounter3,drift,seed8,188,9021.272727272728
hpmcounter3,drift,seed8,189,9021.078787878789
hpmcounter3,drift,seed8,190,9020.884848484848
hpmcounter3,drift,seed8,191,9020.757575757576
hpmcounter3,drift,seed8,192,9020.618181818181
hpmcounter3,drift,seed8,193,9020.842424242424
hpmcounter3,drift,seed8,194,9020.848484848484
hpmcounter3,drift,seed8,195,9020.769696969697
hpmcounter3,drift,seed8,196,9020.90303030303
hpmcounter3,drift,seed8,197,9020.830303030303
hpmcounter3,drift,seed8,198,9020.739393939393
hpmcounter3,drift,seed8,199,9020.848484848484
hpmcounter3,drift,seed8,200,9020.878787878788
hpmcounter3,drift,seed8,201,9021.006060606062
hpmcounter3,drift,seed8,202,9021.066666666668
hpmcounter3,drift,seed8,203,9021.20606060606
hpmcounter3,drift,seed8,204,9021.236363636364
hpmcounter3,drift,seed8,205,9021.133333333333
hpmcounter3,drift,seed8,206,9021.369696969698
hpmcounter3,drift,seed8,207,9021.424242424242
hpmcounter3,drift,seed8,208,9021.339393939394
hpmcounter3,drift,seed8,209,9021.6
hpmcounter3,drift,seed8,210,9021.842424242424
hpmcounter3,drift,seed8,211,9021.957575757575
hpmcounter3,drift,seed8,212,9022.0
hpmcounter3,drift,seed8,213,9022.0
hpmcounter3,drift,seed8,214,9021.781818181818
hpmcounter3,drift,seed8,215,9021.424242424242
hpmcounter3,drift,seed8,216,9021.41212121212
hpmcounter3,drift,seed8,217,9021.448484848484
hpmcounter3,drift,seed8,218,9021.4
hpmcounter3,drift,seed8,219,9021.357575757576
hpmcounter3,drift,seed8,220,9021.41212121212
hpmcounter3,drift,seed8,221,9021.418181818182
hpmcounter3,drift,seed8,222,9021.484848484848
hpmcounter3,drift,seed8,223,9021.624242424243
hpmcounter3,drift,seed8,224,9021.690909090908
hpmcounter3,drift,seed8,225,9021.484848484848
hpmcounter3,drift,seed8,226,9021.569696969696
hpmcounter3,drift,seed8,227,9021.70303030303
hpmcounter3,drift,seed8,228,9022.266666666666
hpmcounter3,drift,seed8,229,9022.745454545455
hpmcounter3,drift,seed8,230,9023.375757575757
hpmcounter3,drift,seed8,231,9023.836363636363
hpmcounter3,drift,seed8,232,9024.345454545455
hpmcounter3,drift,seed8,233,9024.678787878787
hpmcounter3,drift,seed8,234,9025.163636363637
hpmcounter3,drift,seed8,235,9025.309090909092
hpmcounter3,drift,seed8,236,9025.418181818182
hpmcounter3,drift,seed8,237,9025.224242424243
hpmcounter3,drift,seed8,238,9025.224242424243
hpmcounter3,drift,seed8,239,9025.484848484848
hpmcounter3,drift,seed8,240,9025.80606060606
hpmcounter3,drift,seed8,241,9025.81212121212
hpmcounter3,drift,seed8,242,9025.745454545455
hpmcounter3,drift,seed8,243,9025.387878787878
hpmcounter3,drift,seed8,244,9243.90909090909
hpmcounter3,drift,seed8,245,9631.993939393938
hpmcounter3,drift,seed8,246,10141.127272727274
hpmcounter3,drift,seed8,247,10504.49090909091
hpmcounter3,drift,seed8,248,10722.339393939394
hpmcounter3,drift,seed8,249,10794.993939393938
hpmcounter3,drift,seed8,250,10722.345454545455
hpmcounter3,drift,seed8,251,10504.030303030304
hpmcounter3,drift,seed8,252,10140.333333333334
hpmcounter3,drift,seed8,253,9631.072727272727
hpmcounter3,drift,seed8,254,9243.28484848485
hpmcounter3,drift,seed8,255,9024.860606060605
hpmcounter3,drift,seed8,256,9024.71515151515
hpmcounter3,drift,seed8,257,9024.169696969697
hpmcounter3,drift,seed8,258,9023.775757575757
hpmcounter3,drift,seed8,259,9023.369696969698
hpmcounter3,drift,seed8,260,9023.066666666668
hpmcounter3,drift,seed8,261,9022.824242424242
hpmcounter3,drift,seed8,262,9022.896969696969
hpmcounter3,drift,seed8,263,9023.387878787878
hpmcounter3,drift,seed8,264,9023.406060606061
hpmcounter3,drift,seed8,265,9023.224242424243
hpmcounter3,drift,seed8,266,9023.20606060606
hpmcounter3,drift,seed8,267,9022.836363636363
hpmcounter3,drift,seed8,268,9022.515151515152
hpmcounter3,drift,seed8,269,9022.103030303031
hpmcounter3,drift,seed8,270,9021.666666666666
hpmcounter3,drift,seed8,271,9021.18787878788
hpmcounter3,drift,seed8,272,9020.684848484849
hpmcounter3,drift,seed8,273,9020.678787878787
hpmcounter3,drift,seed8,274,9020.49696969697
hpmcounter3,drift,seed8,275,9020.515151515152
hpmcounter3,drift,seed8,276,9020.636363636364
hpmcounter3,drift,seed8,277,9020.684848484849
hpmcounter3,drift,seed8,278,9020.660606060606
hpmcounter3,drift,seed8,279,9020.630303030302
hpmcounter3,drift,seed8,280,9020.89090909091
hpmcounter3,drift,seed8,281,9020.824242424242
hpmcounter3,drift,seed8,282,9020.70303030303
hpmcounter3,drift,seed8,283,9020.933333333332
hpmcounter3,drift,seed8,284,9021.20606060606
hpmcounter3,drift,seed8,285,9021.333333333334
hpmcounter3,drift,seed8,286,9021.448484848484
hpmcounter3,drift,seed8,287,9021.484848484848
hpmcounter3,drift,seed8,288,9021.539393939394
hpmcounter3,drift,seed8,289,9021.41212121212
hpmcounter3,drift,seed8,290,9021.478787878788
hpmcounter3,drift,seed8,291,9021.254545454545
hpmcounter3,drift,seed8,292,9021.266666666666
hpmcounter3,drift,seed8,293,9021.50303030303
hpmcounter3,drift,seed8,294,9021.515151515152
hpmcounter3,drift,seed8,295,9021.39393939394
hpmcounter3,drift,seed8,296,9021.248484848486
hpmcounter3,drift,seed8,297,9021.18787878788
hpmcounter3,drift,seed8,298,9021.157575757576
hpmcounter3,drift,seed9,9,9014.29696969697
hpmcounter3,drift,seed9,10,9013.842424242424
hpmcounter3,drift,seed9,11,9013.854545454546
hpmcounter3,drift,seed9,12,9014.430303030304
hpmcounter3,drift,seed9,13,9015.309090909092
hpmcounter3,drift,seed9,14,9016.309090909092
hpmcounter3,drift,seed9,15,9017.49090909091
hpmcounter3,drift,seed9,16,9018.757575757576
hpmcounter3,drift,seed9,17,9019.878787878788
hpmcounter3,drift,seed9,18,9020.733333333334
hpmcounter3,drift,seed9,19,9021.418181818182
hpmcounter3,drift,seed9,20,9021.933333333332
hpmcounter3,drift,seed9,21,9022.10909090909
hpmcounter3,drift,seed9,22,9022.29696969697
hpmcounter3,drift,seed9,23,9022.60606060606
hpmcounter3,drift,seed9,24,9022.745454545455
hpmcounter3,drift,seed9,25,9022.90909090909
hpmcounter3,drift,seed9,26,9022.854545454546
hpmcounter3,drift,seed9,27,9022.551515151516
hpmcounter3,drift,seed9,28,9022.309090909092
hpmcounter3,drift,seed9,29,9022.315151515151
hpmcounter3,drift,seed9,30,9022.242424242424
hpmcounter3,drift,seed9,31,9022.036363636364
hpmcounter3,drift,seed9,32,9021.80606060606
hpmcounter3,drift,seed9,33,9021.575757575758
hpmcounter3,drift,seed9,34,9021.50303030303
hpmcounter3,drift,seed9,35,9021.612121212122
hpmcounter3,drift,seed9,36,9021.769696969697
hpmcounter3,drift,seed9,37,9021.642424242424
hpmcounter3,drift,seed9,38,9021.660606060606
hpmcounter3,drift,seed9,39,9021.672727272728
hpmcounter3,drift,seed9,40,9021.569696969696
hpmcounter3,drift,seed9,41,9021.418181818182
hpmcounter3,drift,seed9,42,9021.460606060606
hpmcounter3,drift,seed9,43,9021.321212121213
hpmcounter3,drift,seed9,44,9021.460606060606
hpmcounter3,drift,seed9,45,9021.721212121212
hpmcounter3,drift,seed9,46,9022.157575757576
hpmcounter3,drift,seed9,47,9022.460606060606
hpmcounter3,drift,seed9,48,9022.848484848484
hpmcounter3,drift,seed9,49,9023.054545454546
hpmcounter3,drift,seed9,50,9023.28484848485
hpmcounter3,drift,seed9,51,9023.260606060607
hpmcounter3,drift,seed9,52,9023.49696969697
hpmcounter3,drift,seed9,53,9023.581818181818
hpmcounter3,drift,seed9,54,9023.581818181818
hpmcounter3,drift,seed9,55,9023.327272727272
hpmcounter3,drift,seed9,56,9022.824242424242
hpmcounter3,drift,seed9,57,9022.066666666668
hpmcounter3,drift,seed9,58,9021.454545454546
hpmcounter3,drift,seed9,59,9020.769696969697
hpmcounter3,drift,seed9,60,9020.345454545455
hpmcounter3,drift,seed9,61,9020.018181818183
hpmcounter3,drift,seed9,62,9020.066666666668
hpmcounter3,drift,seed9,63,9020.375757575757
hpmcounter3,drift,seed9,64,9020.781818181818
hpmcounter3,drift,seed9,65,9021.290909090909
hpmcounter3,drift,seed9,66,9021.763636363636
hpmcounter3,drift,seed9,67,9022.236363636364
hpmcounter3,drift,seed9,68,9022.878787878788
hpmcounter3,drift,seed9,69,9023.4
hpmcounter3,drift,seed9,70,9023.884848484848
hpmcounter3,drift,seed9,71,9024.09090909091
hpmcounter3,drift,seed9,72,9024.084848484848
hpmcounter3,drift,seed9,73,9023.896969696969
hpmcounter3,drift,seed9,74,9023.50303030303
hpmcounter3,drift,seed9,75,9023.212121212122
hpmcounter3,drift,seed9,76,9241.80606060606
hpmcounter3,drift,seed9,77,9630.242424242424
hpmcounter3,drift,seed9,78,10139.927272727273
hpmcounter3,drift,seed9,79,10722.321212121213
hpmcounter3,drift,seed9,80,11110.690909090908
hpmcounter3,drift,seed9,81,11304.660606060606
hpmcounter3,drift,seed9,82,11304.39393939394
hpmcounter3,drift,seed9,83,11110.012121212121
hpmcounter3,drift,seed9,84,10721.39393939394
hpmcounter3,drift,seed9,85,10138.387878787878
hpmcounter3,drift,seed9,86,9628.751515151514
hpmcounter3,drift,seed9,87,9240.527272727273
hpmcounter3,drift,seed9,88,9022.048484848485
hpmcounter3,drift,seed9,89,9022.0
hpmcounter3,drift,seed9,90,9022.254545454545
hpmcounter3,drift,seed9,91,9022.327272727272
hpmcounter3,drift,seed9,92,9022.690909090908
hpmcounter3,drift,seed9,93,9023.18787878788
hpmcounter3,drift,seed9,94,9023.739393939393
hpmcounter3,drift,seed9,95,9024.0
hpmcounter3,drift,seed9,96,9024.163636363637
hpmcounter3,drift,seed9,97,9024.272727272728
hpmcounter3,drift,seed9,98,9024.30303030303
hpmcounter3,drift,seed9,99,9024.351515151515
hpmcounter3,drift,seed9,100,9024.757575757576
hpmcounter3,drift,seed9,101,9024.866666666667
hpmcounter3,drift,seed9,102,9025.030303030304
hpmcounter3,drift,seed9,103,9025.260606060607
hpmcounter3,drift,seed9,104,9025.424242424242
hpmcounter3,drift,seed9,105,9025.50909090909
hpmcounter3,drift,seed9,106,9025.448484848484
hpmcounter3,drift,seed9,107,9025.242424242424
hpmcounter3,drift,seed9,108,9025.012121212121
hpmcounter3,drift,seed9,109,9024.757575757576
hpmcounter3,drift,seed9,110,9024.690909090908
hpmcounter3,drift,seed9,111,9024.60606060606
hpmcounter3,drift,seed9,112,9024.448484848484
hpmcounter3,drift,seed9,113,9024.29696969697
hpmcounter3,drift,seed9,114,9024.066666666668
hpmcounter3,drift,seed9,115,9023.684848484849
hpmcounter3,drift,seed9,116,9023.145454545454
hpmcounter3,drift,seed9,117,9022.60606060606
hpmcounter3,drift,seed9,118,9022.266666666666
hpmcounter3,drift,seed9,119,9022.084848484848
hpmcounter3,drift,seed9,120,9021.90909090909
hpmcounter3,drift,seed9,121,9021.721212121212
hpmcounter3,drift,seed9,122,9021.787878787878
hpmcounter3,drift,seed9,123,9021.824242424242
hpmcounter3,drift,seed9,124,9022.018181818183
hpmcounter3,drift,seed9,125,9021.884848484848
hpmcounter3,drift,seed9,126,9021.557575757575
hpmcounter3,drift,seed9,127,9021.169696969697
hpmcounter3,drift,seed9,128,9020.878787878788
hpmcounter3,drift,seed9,129,9020.557575757575
hpmcounter3,drift,seed9,130,9020.351515151515
hpmcounter3,drift,seed9,131,9020.345454545455
hpmcounter3,drift,seed9,132,9020.363636363636
hpmcounter3,drift,seed9,133,9020.430303030304
hpmcounter3,drift,seed9,134,9020.678787878787
hpmcounter3,drift,seed9,135,9020.975757575758
hpmcounter3,drift,seed9,136,9021.272727272728
hpmcounter3,drift,seed9,137,9021.545454545454
hpmcounter3,drift,seed9,138,9021.660606060606
hpmcounter3,drift,seed9,139,9021.648484848485
hpmcounter3,drift,seed9,140,9021.660606060606
hpmcounter3,drift,seed9,141,9021.787878787878
hpmcounter3,drift,seed9,142,9021.624242424243
hpmcounter3,drift,seed9,143,9021.684848484849
hpmcounter3,drift,seed9,144,9021.527272727273
hpmcounter3,drift,seed9,145,9021.418181818182
hpmcounter3,drift,seed9,146,9021.436363636363
hpmcounter3,drift,seed9,147,9021.460606060606
hpmcounter3,drift,seed9,148,9021.478787878788
hpmcounter3,drift,seed9,149,9021.654545454545
hpmcounter3,drift,seed9,150,9021.648484848485
hpmcounter3,drift,seed9,151,9021.484848484848
hpmcounter3,drift,seed9,152,9021.054545454546
hpmcounter3,drift,seed9,153,9020.933333333332
hpmcounter3,drift,seed9,154,9020.769696969697
hpmcounter3,drift,seed9,155,9239.660606060606
hpmcounter3,drift,seed9,156,9628.448484848484
hpmcounter3,drift,seed9,157,10138.042424242425
hpmcounter3,drift,seed9,158,10720.072727272727
hpmcounter3,drift,seed9,159,11326.290909090909
hpmcounter3,drift,seed9,160,11907.80606060606
hpmcounter3,drift,seed9,161,12416.157575757576
hpmcounter3,drift,seed9,162,12799.066666666668
hpmcounter3,drift,seed9,163,12794.8
hpmcounter3,drift,seed9,164,12403.557575757575
hpmcounter3,drift,seed9,165,11893.127272727274
hpmcounter3,drift,seed9,166,11311.224242424243
hpmcounter3,drift,seed9,167,10705.939393939394
hpmcounter3,drift,seed9,168,10125.721212121212
hpmcounter3,drift,seed9,169,9619.315151515151
hpmcounter3,drift,seed9,170,9234.872727272726
hpmcounter3,drift,seed9,171,9020.775757575757
hpmcounter3,drift,seed9,172,9021.078787878789
hpmcounter3,drift,seed9,173,9021.345454545455
hpmcounter3,drift,seed9,174,9021.442424242425
hpmcounter3,drift,seed9,175,9021.8
hpmcounter3,drift,seed9,176,9022.018181818183
hpmcounter3,drift,seed9,177,9022.236363636364
hpmcounter3,drift,seed9,178,9022.472727272727
hpmcounter3,drift,seed9,179,9022.71515151515
hpmcounter3,drift,seed9,180,9022.993939393938
hpmcounter3,drift,seed9,181,9022.975757575758
hpmcounter3,drift,seed9,182,9022.927272727273
hpmcounter3,drift,seed9,183,9022.830303030303
hpmcounter3,drift,seed9,184,9022.551515151516
hpmcounter3,drift,seed9,185,9022.212121212122
hpmcounter3,drift,seed9,186,9021.90303030303
hpmcounter3,drift,seed9,187,9021.745454545455
hpmcounter3,drift,seed9,188,9021.80606060606
hpmcounter3,drift,seed9,189,9021.733333333334
hpmcounter3,drift,seed9,190,9021.872727272726
hpmcounter3,drift,seed9,191,9240.557575757575
hpmcounter3,drift,seed9,192,9628.593939393939
hpmcounter3,drift,seed9,193,10137.684848484849
hpmcounter3,drift,seed9,194,10719.424242424242
hpmcounter3,drift,seed9,195,11107.145454545454
hpmcounter3,drift,seed9,196,11301.054545454546
hpmcounter3,drift,seed9,197,11300.921212121211
hpmcounter3,drift,seed9,198,11107.121212121212
hpmcounter3,drift,seed9,199,10719.484848484848
hpmcounter3,drift,seed9,200,10137.775757575757
hpmcounter3,drift,seed9,201,9629.236363636364
hpmcounter3,drift,seed9,202,9241.690909090908
hpmcounter3,drift,seed9,203,9023.818181818182
hpmcounter3,drift,seed9,204,9023.878787878788
hpmcounter3,drift,seed9,205,9023.963636363636
hpmcounter3,drift,seed9,206,9024.018181818183
hpmcounter3,drift,seed9,207,9023.842424242424
hpmcounter3,drift,seed9,208,9023.721212121212
hpmcounter3,drift,seed9,209,9023.636363636364
hpmcounter3,drift,seed9,210,9023.448484848484
hpmcounter3,drift,seed9,211,9023.169696969697
hpmcounter3,drift,seed9,212,9022.987878787879
hpmcounter3,drift,seed9,213,9022.90303030303
hpmcounter3,drift,seed9,214,9022.69696969697
hpmcounter3,drift,seed9,215,9022.527272727273
hpmcounter3,drift,seed9,216,9022.351515151515
hpmcounter3,drift,seed9,217,9022.30303030303
hpmcounter3,drift,seed9,218,9022.39393939394
hpmcounter3,drift,seed9,219,9022.327272727272
hpmcounter3,drift,seed9,220,9022.333333333334
hpmcounter3,drift,seed9,221,9022.278787878788
hpmcounter3,drift,seed9,222,9022.460606060606
hpmcounter3,drift,seed9,223,9022.70303030303
hpmcounter3,drift,seed9,224,9022.763636363636
hpmcounter3,drift,seed9,225,9022.969696969696
hpmcounter3,drift,seed9,226,9022.836363636363
hpmcounter3,drift,seed9,227,9022.80606060606
hpmcounter3,drift,seed9,228,9022.866666666667
hpmcounter3,drift,seed9,229,9022.981818181817
hpmcounter3,drift,seed9,230,9023.181818181818
hpmcounter3,drift,seed9,231,9022.951515151515
hpmcounter3,drift,seed9,232,9022.71515151515
hpmcounter3,drift,seed9,233,9022.333333333334
hpmcounter3,drift,seed9,234,9021.721212121212
hpmcounter3,drift,seed9,235,9021.466666666667
hpmcounter3,drift,seed9,236,9021.181818181818
hpmcounter3,drift,seed9,237,9020.90909090909
hpmcounter3,drift,seed9,238,9020.69696969697
hpmcounter3,drift,seed9,239,9020.781818181818
hpmcounter3,drift,seed9,240,9021.036363636364
hpmcounter3,drift,seed9,241,9020.933333333332
hpmcounter3,drift,seed9,242,9020.824242424242
hpmcounter3,drift,seed9,243,9020.642424242424
hpmcounter3,drift,seed9,244,9020.254545454545
hpmcounter3,drift,seed9,245,9019.969696969696
hpmcounter3,drift,seed9,246,9019.957575757575
hpmcounter3,drift,seed9,247,9020.0
hpmcounter3,drift,seed9,248,9020.030303030304
hpmcounter3,drift,seed9,249,9020.115151515152
hpmcounter3,drift,seed9,250,9020.09090909091
hpmcounter3,drift,seed9,251,9020.012121212121
hpmcounter3,drift,seed9,252,9019.987878787879
hpmcounter3,drift,seed9,253,9019.8
hpmcounter3,drift,seed9,254,9019.757575757576
hpmcounter3,drift,seed9,255,9019.836363636363
hpmcounter3,drift,seed9,256,9019.79393939394
hpmcounter3,drift,seed9,257,9019.939393939394
hpmcounter3,drift,seed9,258,9020.30303030303
hpmcounter3,drift,seed9,259,9020.781818181818
hpmcounter3,drift,seed9,260,9021.151515151516
hpmcounter3,drift,seed9,261,9021.618181818181
hpmcounter3,drift,seed9,262,9022.145454545454
hpmcounter3,drift,seed9,263,9022.266666666666
hpmcounter3,drift,seed9,264,9022.278787878788
hpmcounter3,drift,seed9,265,9022.315151515151
hpmcounter3,drift,seed9,266,9021.89090909091
hpmcounter3,drift,seed9,267,9021.49090909091
hpmcounter3,drift,seed9,268,9021.41212121212
hpmcounter3,drift,seed9,269,9021.466666666667
hpmcounter3,drift,seed9,270,9021.424242424242
hpmcounter3,drift,seed9,271,9021.375757575757
hpmcounter3,drift,seed9,272,9021.424242424242
hpmcounter3,drift,seed9,273,9021.351515151515
hpmcounter3,drift,seed9,274,9021.157575757576
hpmcounter3,drift,seed9,275,9021.030303030304
hpmcounter3,drift,seed9,276,9020.824242424242
hpmcounter3,drift,seed9,277,9020.472727272727
hpmcounter3,drift,seed9,278,9020.387878787878
hpmcounter3,drift,seed9,279,9020.430303030304
hpmcounter3,drift,seed9,280,9020.6
hpmcounter3,drift,seed9,281,9020.58787878788
hpmcounter3,drift,seed9,282,9020.636363636364
hpmcounter3,drift,seed9,283,9020.666666666666
hpmcounter3,drift,seed9,284,9020.884848484848
hpmcounter3,drift,seed9,285,9021.133333333333
hpmcounter3,drift,seed9,286,9021.58787878788
hpmcounter3,drift,seed9,287,9021.860606060605
hpmcounter3,drift,seed9,288,9021.993939393938
hpmcounter3,drift,seed9,289,9022.042424242425
hpmcounter3,drift,seed9,290,9022.181818181818
hpmcounter3,drift,seed9,291,9021.981818181817
hpmcounter3,drift,seed9,292,9022.012121212121
hpmcounter3,drift,seed9,293,9021.884848484848
hpmcounter3,drift,seed9,294,9021.70303030303
hpmcounter3,drift,seed9,295,9021.569696969696
hpmcounter3,drift,seed9,296,9021.442424242425
hpmcounter3,drift,seed9,297,9021.290909090909
hpmcounter3,drift,seed9,298,9021.060606060606
hpmcounter3,jump,seed1,9,9016.727272727272
hpmcounter3,jump,seed1,10,9015.969696969696
hpmcounter3,jump,seed1,11,9015.872727272726
hpmcounter3,jump,seed1,12,9016.4
hpmcounter3,jump,seed1,13,9017.230303030303
hpmcounter3,jump,seed1,14,9018.272727272728
hpmcounter3,jump,seed1,15,9019.290909090909
hpmcounter3,jump,seed1,16,9020.212121212122
hpmcounter3,jump,seed1,17,9021.072727272727
hpmcounter3,jump,seed1,18,9021.751515151514
hpmcounter3,jump,seed1,19,9022.084848484848
hpmcounter3,jump,seed1,20,9021.987878787879
hpmcounter3,jump,seed1,21,9022.218181818182
hpmcounter3,jump,seed1,22,9022.315151515151
hpmcounter3,jump,seed1,23,9022.41212121212
hpmcounter3,jump,seed1,24,9022.430303030304
hpmcounter3,jump,seed1,25,9022.357575757576
hpmcounter3,jump,seed1,26,9022.018181818183
hpmcounter3,jump,seed1,27,9021.678787878787
hpmcounter3,jump,seed1,28,9021.60606060606
hpmcounter3,jump,seed1,29,9021.557575757575
hpmcounter3,jump,seed1,30,9021.315151515151
hpmcounter3,jump,seed1,31,9021.169696969697
hpmcounter3,jump,seed1,32,9020.90303030303
hpmcounter3,jump,seed1,33,9021.030303030304
hpmcounter3,jump,seed1,34,9021.28484848485
hpmcounter3,jump,seed1,35,9021.654545454545
hpmcounter3,jump,seed1,36,9022.036363636364
hpmcounter3,jump,seed1,37,9022.163636363637
hpmcounter3,jump,seed1,38,9022.41212121212
hpmcounter3,jump,seed1,39,9022.672727272728
hpmcounter3,jump,seed1,40,9022.460606060606
hpmcounter3,jump,seed1,41,9022.127272727274
hpmcounter3,jump,seed1,42,9021.539393939394
hpmcounter3,jump,seed1,43,9021.163636363637
hpmcounter3,jump,seed1,44,9021.078787878789
hpmcounter3,jump,seed1,45,9021.151515151516
hpmcounter3,jump,seed1,46,9021.29696969697
hpmcounter3,jump,seed1,47,9021.242424242424
hpmcounter3,jump,seed1,48,9021.406060606061
hpmcounter3,jump,seed1,49,9021.654545454545
hpmcounter3,jump,seed1,50,9021.993939393938
hpmcounter3,jump,seed1,51,9022.309090909092
hpmcounter3,jump,seed1,52,9022.684848484849
hpmcounter3,jump,seed1,53,9022.939393939394
hpmcounter3,jump,seed1,54,9023.09696969697
hpmcounter3,jump,seed1,55,9023.20606060606
hpmcounter3,jump,seed1,56,9023.024242424242
hpmcounter3,jump,seed1,57,9022.593939393939
hpmcounter3,jump,seed1,58,9022.157575757576
hpmcounter3,jump,seed1,59,9021.563636363637
hpmcounter3,jump,seed1,60,9021.387878787878
hpmcounter3,jump,seed1,61,9021.224242424243
hpmcounter3,jump,seed1,62,9021.339393939394
hpmcounter3,jump,seed1,63,9240.81212121212
hpmcounter3,jump,seed1,64,9411.4
hpmcounter3,jump,seed1,65,9533.484848484848
hpmcounter3,jump,seed1,66,9606.733333333334
hpmcounter3,jump,seed1,67,9631.254545454545
hpmcounter3,jump,seed1,68,9607.2
hpmcounter3,jump,seed1,69,9534.333333333334
hpmcounter3,jump,seed1,70,9412.872727272726
hpmcounter3,jump,seed1,71,9242.466666666667
hpmcounter3,jump,seed1,72,9023.248484848486
hpmcounter3,jump,seed1,73,9022.975757575758
hpmcounter3,jump,seed1,74,9022.563636363637
hpmcounter3,jump,seed1,75,9022.169696969697
hpmcounter3,jump,seed1,76,9021.763636363636
hpmcounter3,jump,seed1,77,9021.236363636364
hpmcounter3,jump,seed1,78,9020.878787878788
hpmcounter3,jump,seed1,79,9020.79393939394
hpmcounter3,jump,seed1,80,9020.884848484848
hpmcounter3,jump,seed1,81,9020.921212121211
hpmcounter3,jump,seed1,82,9021.024242424242
hpmcounter3,jump,seed1,83,9021.127272727274
hpmcounter3,jump,seed1,84,9021.272727272728
hpmcounter3,jump,seed1,85,9021.272727272728
hpmcounter3,jump,seed1,86,9021.260606060607
hpmcounter3,jump,seed1,87,9021.181818181818
hpmcounter3,jump,seed1,88,9020.969696969696
hpmcounter3,jump,seed1,89,9020.824242424242
hpmcounter3,jump,seed1,90,9020.81212121212
hpmcounter3,jump,seed1,91,9020.745454545455
hpmcounter3,jump,seed1,92,9020.854545454546
hpmcounter3,jump,seed1,93,9020.951515151515
hpmcounter3,jump,seed1,94,9021.169696969697
hpmcounter3,jump,seed1,95,9021.375757575757
hpmcounter3,jump,seed1,96,9021.545454545454
hpmcounter3,jump,seed1,97,9021.612121212122
hpmcounter3,jump,seed1,98,9021.575757575758
hpmcounter3,jump,seed1,99,9021.533333333333
hpmcounter3,jump,seed1,100,9021.70303030303
hpmcounter3,jump,seed1,101,9021.545454545454
hpmcounter3,jump,seed1,102,9021.460606060606
hpmcounter3,jump,seed1,103,9021.339393939394
hpmcounter3,jump,seed1,104,9021.290909090909
hpmcounter3,jump,seed1,105,9021.424242424242
hpmcounter3,jump,seed1,106,9021.49696969697
hpmcounter3,jump,seed1,107,9021.50909090909
hpmcounter3,jump,seed1,108,9021.50303030303
hpmcounter3,jump,seed1,109,9021.6
hpmcounter3,jump,seed1,110,9021.987878787879
hpmcounter3,jump,seed1,111,9022.157575757576
hpmcounter3,jump,seed1,112,9022.30303030303
hpmcounter3,jump,seed1,113,9022.181818181818
hpmcounter3,jump,seed1,114,9022.278787878788
hpmcounter3,jump,seed1,115,9022.515151515152
hpmcounter3,jump,seed1,116,9022.581818181818
hpmcounter3,jump,seed1,117,9022.58787878788
hpmcounter3,jump,seed1,118,9022.533333333333
hpmcounter3,jump,seed1,119,9022.309090909092
hpmcounter3,jump,seed1,120,9022.181818181818
hpmcounter3,jump,seed1,121,9022.151515151516
hpmcounter3,jump,seed1,122,9022.163636363637
hpmcounter3,jump,seed1,123,9021.8
hpmcounter3,jump,seed1,124,9021.896969696969
hpmcounter3,jump,seed1,125,9022.145454545454
hpmcounter3,jump,seed1,126,9022.357575757576
hpmcounter3,jump,seed1,127,9022.69696969697
hpmcounter3,jump,seed1,128,9023.127272727274
hpmcounter3,jump,seed1,129,9023.315151515151
hpmcounter3,jump,seed1,130,9023.315151515151
hpmcounter3,jump,seed1,131,9023.327272727272
hpmcounter3,jump,seed1,132,9023.175757575758
hpmcounter3,jump,seed1,133,9022.945454545454
hpmcounter3,jump,seed1,134,9022.866666666667
hpmcounter3,jump,seed1,135,9022.896969696969
hpmcounter3,jump,seed1,136,9022.90303030303
hpmcounter3,jump,seed1,137,9023.006060606062
hpmcounter3,jump,seed1,138,9023.39393939394
hpmcounter3,jump,seed1,139,9023.527272727273
hpmcounter3,jump,seed1,140,9023.745454545455
hpmcounter3,jump,seed1,141,9023.71515151515
hpmcounter3,jump,seed1,142,9023.557575757575
hpmcounter3,jump,seed1,143,9023.242424242424
hpmcounter3,jump,seed1,144,9023.036363636364
hpmcounter3,jump,seed1,145,9023.09090909091
hpmcounter3,jump,seed1,146,9022.824242424242
hpmcounter3,jump,seed1,147,9022.527272727273
hpmcounter3,jump,seed1,148,9022.684848484849
hpmcounter3,jump,seed1,149,9022.830303030303
hpmcounter3,jump,seed1,150,9023.139393939395
hpmcounter3,jump,seed1,151,9242.436363636363
hpmcounter3,jump,seed1,152,9631.430303030304
hpmcounter3,jump,seed1,153,10140.884848484848
hpmcounter3,jump,seed1,154,10722.933333333332
hpmcounter3,jump,seed1,155,11329.139393939395
hpmcounter3,jump,seed1,156,11910.860606060605
hpmcounter3,jump,seed1,157,12419.472727272727
hpmcounter3,jump,seed1,158,12806.70303030303
hpmcounter3,jump,seed1,159,13024.018181818183
hpmcounter3,jump,seed1,160,13022.848484848484
hpmcounter3,jump,seed1,161,13018.539393939394
hpmcounter3,jump,seed1,162,12797.19393939394
hpmcounter3,jump,seed1,163,12406.824242424242
hpmcounter3,jump,seed1,164,11896.254545454545
hpmcounter3,jump,seed1,165,11313.71515151515
hpmcounter3,jump,seed1,166,10708.212121212122
hpmcounter3,jump,seed1,167,10345.933333333332
hpmcounter3,jump,seed1,168,10227.012121212121
hpmcounter3,jump,seed1,169,10351.30303030303
hpmcounter3,jump,seed1,170,10718.80606060606
hpmcounter3,jump,seed1,171,11106.539393939394
hpmcounter3,jump,seed1,172,11300.521212121212
hpmcounter3,jump,seed1,173,11518.624242424243
hpmcounter3,jump,seed1,174,11494.448484848484
hpmcounter3,jump,seed1,175,11227.939393939394
hpmcounter3,jump,seed1,176,10719.084848484848
hpmcounter3,jump,seed1,177,10234.28484848485
hpmcounter3,jump,seed1,178,9822.363636363636
hpmcounter3,jump,seed1,179,9531.618181818181
hpmcounter3,jump,seed1,180,9410.50909090909
hpmcounter3,jump,seed1,181,9240.721212121212
hpmcounter3,jump,seed1,182,9022.69696969697
hpmcounter3,jump,seed1,183,9022.781818181818
hpmcounter3,jump,seed1,184,9022.824242424242
hpmcounter3,jump,seed1,185,9022.824242424242
hpmcounter3,jump,seed1,186,9022.90303030303
hpmcounter3,jump,seed1,187,9022.872727272726
hpmcounter3,jump,seed1,188,9022.975757575758
hpmcounter3,jump,seed1,189,9022.969696969696
hpmcounter3,jump,seed1,190,9022.987878787879
hpmcounter3,jump,seed1,191,9022.951515151515
hpmcounter3,jump,seed1,192,9023.121212121212
hpmcounter3,jump,seed1,193,9023.309090909092
hpmcounter3,jump,seed1,194,9023.406060606061
hpmcounter3,jump,seed1,195,9023.357575757576
hpmcounter3,jump,seed1,196,9023.29696969697
hpmcounter3,jump,seed1,197,9023.115151515152
hpmcounter3,jump,seed1,198,9023.163636363637
hpmcounter3,jump,seed1,199,9023.28484848485
hpmcounter3,jump,seed1,200,9023.212121212122
hpmcounter3,jump,seed1,201,9023.254545454545
hpmcounter3,jump,seed1,202,9023.381818181819
hpmcounter3,jump,seed1,203,9023.333333333334
hpmcounter3,jump,seed1,204,9023.351515151515
hpmcounter3,jump,seed1,205,9023.345454545455
hpmcounter3,jump,seed1,206,9023.181818181818
hpmcounter3,jump,seed1,207,9022.860606060605
hpmcounter3,jump,seed1,208,9022.70303030303
hpmcounter3,jump,seed1,209,9022.581818181818
hpmcounter3,jump,seed1,210,9022.41212121212
hpmcounter3,jump,seed1,211,9022.49090909091
hpmcounter3,jump,seed1,212,9022.89090909091
hpmcounter3,jump,seed1,213,9023.121212121212
hpmcounter3,jump,seed1,214,9023.357575757576
hpmcounter3,jump,seed1,215,9023.460606060606
hpmcounter3,jump,seed1,216,9023.50909090909
hpmcounter3,jump,seed1,217,9023.436363636363
hpmcounter3,jump,seed1,218,9023.418181818182
hpmcounter3,jump,seed1,219,9023.024242424242
hpmcounter3,jump,seed1,220,9022.60606060606
hpmcounter3,jump,seed1,221,9022.230303030303
hpmcounter3,jump,seed1,222,9022.363636363636
hpmcounter3,jump,seed1,223,9022.557575757575
hpmcounter3,jump,seed1,224,9022.593939393939
hpmcounter3,jump,seed1,225,9022.472727272727
hpmcounter3,jump,seed1,226,9022.315151515151
hpmcounter3,jump,seed1,227,9021.915151515152
hpmcounter3,jump,seed1,228,9021.781818181818
hpmcounter3,jump,seed1,229,9021.539393939394
hpmcounter3,jump,seed1,230,9021.539393939394
hpmcounter3,jump,seed1,231,9021.430303030304
hpmcounter3,jump,seed1,232,9021.545454545454
hpmcounter3,jump,seed1,233,9021.775757575757
hpmcounter3,jump,seed1,234,9021.866666666667
hpmcounter3,jump,seed1,235,9021.939393939394
hpmcounter3,jump,seed1,236,9022.157575757576
hpmcounter3,jump,seed1,237,9022.10909090909
hpmcounter3,jump,seed1,238,9021.709090909091
hpmcounter3,jump,seed1,239,9021.49090909091
hpmcounter3,jump,seed1,240,9021.345454545455
hpmcounter3,jump,seed1,241,9240.272727272728
hpmcounter3,jump,seed1,242,9410.8
hpmcounter3,jump,seed1,243,9532.836363636363
hpmcounter3,jump,seed1,244,9606.181818181818
hpmcounter3,jump,seed1,245,9630.757575757576
hpmcounter3,jump,seed1,246,9606.763636363636
hpmcounter3,jump,seed1,247,9533.993939393938
hpmcounter3,jump,seed1,248,9412.103030303031
hpmcounter3,jump,seed1,249,9241.648484848485
hpmcounter3,jump,seed1,250,9022.648484848485
hpmcounter3,jump,seed1,251,9022.775757575757
hpmcounter3,jump,seed1,252,9023.20606060606
hpmcounter3,jump,seed1,253,9023.69696969697
hpmcounter3,jump,seed1,254,9024.181818181818
hpmcounter3,jump,seed1,255,9024.581818181818
hpmcounter3,jump,seed1,256,9024.860606060605
hpmcounter3,jump,seed1,257,9024.90303030303
hpmcounter3,jump,seed1,258,9024.684848484849
hpmcounter3,jump,seed1,259,9024.327272727272
hpmcounter3,jump,seed1,260,9024.20606060606
hpmcounter3,jump,seed1,261,9023.993939393938
hpmcounter3,jump,seed1,262,9023.957575757575
hpmcounter3,jump,seed1,263,9023.81212121212
hpmcounter3,jump,seed1,264,9023.472727272727
hpmcounter3,jump,seed1,265,9241.387878787878
hpmcounter3,jump,seed1,266,9410.957575757575
hpmcounter3,jump,seed1,267,9750.375757575757
hpmcounter3,jump,seed1,268,10210.969696969696
hpmcounter3,jump,seed1,269,10744.254545454545
hpmcounter3,jump,seed1,270,11302.10909090909
hpmcounter3,jump,seed1,271,11835.71515151515
hpmcounter3,jump,seed1,272,12296.751515151514
hpmcounter3,jump,seed1,273,12636.369696969698
hpmcounter3,jump,seed1,274,12587.769696969697
hpmcounter3,jump,seed1,275,12417.642424242424
hpmcounter3,jump,seed1,276,11908.09696969697
hpmcounter3,jump,seed1,277,11325.71515151515
hpmcounter3,jump,seed1,278,10719.19393939394
hpmcounter3,jump,seed1,279,10136.951515151515
hpmcounter3,jump,seed1,280,9627.563636363637
hpmcounter3,jump,seed1,281,9239.684848484849
hpmcounter3,jump,seed1,282,9021.757575757576
hpmcounter3,jump,seed1,283,9022.309090909092
hpmcounter3,jump,seed1,284,9022.987878787879
hpmcounter3,jump,seed1,285,9023.218181818182
hpmcounter3,jump,seed1,286,9023.351515151515
hpmcounter3,jump,seed1,287,9023.363636363636
hpmcounter3,jump,seed1,288,9023.351515151515
hpmcounter3,jump,seed1,289,9023.381818181819
hpmcounter3,jump,seed1,290,9023.145454545454
hpmcounter3,jump,seed1,291,9022.884848484848
hpmcounter3,jump,seed1,292,9022.775757575757
hpmcounter3,jump,seed1,293,9022.830303030303
hpmcounter3,jump,seed1,294,9023.030303030304
hpmcounter3,jump,seed1,295,9023.012121212121
hpmcounter3,jump,seed1,296,9022.884848484848
hpmcounter3,jump,seed1,297,9022.672727272728
hpmcounter3,jump,seed1,298,9022.357575757576
hpmcounter3,jump,seed10,9,9016.066666666668
hpmcounter3,jump,seed10,10,9015.563636363637
hpmcounter3,jump,seed10,11,9015.684848484849
hpmcounter3,jump,seed10,12,9016.369696969698
hpmcounter3,jump,seed10,13,9017.333333333334
hpmcounter3,jump,seed10,14,9018.581818181818
hpmcounter3,jump,seed10,15,9020.218181818182
hpmcounter3,jump,seed10,16,9021.50303030303
hpmcounter3,jump,seed10,17,9022.690909090908
hpmcounter3,jump,seed10,18,9023.333333333334
hpmcounter3,jump,seed10,19,9023.575757575758
hpmcounter3,jump,seed10,20,9023.49696969697
hpmcounter3,jump,seed10,21,9023.4
hpmcounter3,jump,seed10,22,9023.242424242424
hpmcounter3,jump,seed10,23,9022.963636363636
hpmcounter3,jump,seed10,24,9022.684848484849
hpmcounter3,jump,seed10,25,9022.660606060606
hpmcounter3,jump,seed10,26,9022.345454545455
hpmcounter3,jump,seed10,27,9022.139393939395
hpmcounter3,jump,seed10,28,9021.90909090909
hpmcounter3,jump,seed10,29,9021.927272727273
hpmcounter3,jump,seed10,30,9021.963636363636
hpmcounter3,jump,seed10,31,9022.175757575758
hpmcounter3,jump,seed10,32,9022.321212121213
hpmcounter3,jump,seed10,33,9022.418181818182
hpmcounter3,jump,seed10,34,9022.642424242424
hpmcounter3,jump,seed10,35,9022.939393939394
hpmcounter3,jump,seed10,36,9023.127272727274
hpmcounter3,jump,seed10,37,9023.157575757576
hpmcounter3,jump,seed10,38,9023.163636363637
hpmcounter3,jump,seed10,39,9023.236363636364
hpmcounter3,jump,seed10,40,9023.036363636364
hpmcounter3,jump,seed10,41,9022.860606060605
hpmcounter3,jump,seed10,42,9022.642424242424
hpmcounter3,jump,seed10,43,9022.406060606061
hpmcounter3,jump,seed10,44,9022.327272727272
hpmcounter3,jump,seed10,45,9022.163636363637
hpmcounter3,jump,seed10,46,9022.260606060607
hpmcounter3,jump,seed10,47,9022.387878787878
hpmcounter3,jump,seed10,48,9022.478787878788
hpmcounter3,jump,seed10,49,9022.642424242424
hpmcounter3,jump,seed10,50,9022.721212121212
hpmcounter3,jump,seed10,51,9022.660606060606
hpmcounter3,jump,seed10,52,9022.660606060606
hpmcounter3,jump,seed10,53,9022.521212121212
hpmcounter3,jump,seed10,54,9022.672727272728
hpmcounter3,jump,seed10,55,9022.630303030302
hpmcounter3,jump,seed10,56,9022.351515151515
hpmcounter3,jump,seed10,57,9022.115151515152
hpmcounter3,jump,seed10,58,9021.921212121211
hpmcounter3,jump,seed10,59,9021.727272727272
hpmcounter3,jump,seed10,60,9021.690909090908
hpmcounter3,jump,seed10,61,9021.721212121212
hpmcounter3,jump,seed10,62,9022.012121212121
hpmcounter3,jump,seed10,63,9022.2
hpmcounter3,jump,seed10,64,9022.539393939394
hpmcounter3,jump,seed10,65,9022.8
hpmcounter3,jump,seed10,66,9022.836363636363
hpmcounter3,jump,seed10,67,9022.90909090909
hpmcounter3,jump,seed10,68,9023.224242424243
hpmcounter3,jump,seed10,69,9023.20606060606
hpmcounter3,jump,seed10,70,9023.030303030304
hpmcounter3,jump,seed10,71,9022.8
hpmcounter3,jump,seed10,72,9022.642424242424
hpmcounter3,jump,seed10,73,9022.448484848484
hpmcounter3,jump,seed10,74,9022.327272727272
hpmcounter3,jump,seed10,75,9022.09090909091
hpmcounter3,jump,seed10,76,9021.915151515152
hpmcounter3,jump,seed10,77,9021.757575757576
hpmcounter3,jump,seed10,78,9021.854545454546
hpmcounter3,jump,seed10,79,9021.71515151515
hpmcounter3,jump,seed10,80,9021.60606060606
hpmcounter3,jump,seed10,81,9021.448484848484
hpmcounter3,jump,seed10,82,9021.163636363637
hpmcounter3,jump,seed10,83,9021.006060606062
hpmcounter3,jump,seed10,84,9021.09696969697
hpmcounter3,jump,seed10,85,9021.19393939394
hpmcounter3,jump,seed10,86,9021.321212121213
hpmcounter3,jump,seed10,87,9021.436363636363
hpmcounter3,jump,seed10,88,9021.539393939394
hpmcounter3,jump,seed10,89,9021.375757575757
hpmcounter3,jump,seed10,90,9021.230303030303
hpmcounter3,jump,seed10,91,9021.115151515152
hpmcounter3,jump,seed10,92,9020.975757575758
hpmcounter3,jump,seed10,93,9020.81212121212
hpmcounter3,jump,seed10,94,9020.945454545454
hpmcounter3,jump,seed10,95,9021.024242424242
hpmcounter3,jump,seed10,96,9020.884848484848
hpmcounter3,jump,seed10,97,9020.781818181818
hpmcounter3,jump,seed10,98,9020.878787878788
hpmcounter3,jump,seed10,99,9020.8
hpmcounter3,jump,seed10,100,9020.963636363636
hpmcounter3,jump,seed10,101,9021.103030303031
hpmcounter3,jump,seed10,102,9021.381818181819
hpmcounter3,jump,seed10,103,9021.654545454545
hpmcounter3,jump,seed10,104,9022.30303030303
hpmcounter3,jump,seed10,105,9022.751515151514
hpmcounter3,jump,seed10,106,9022.963636363636
hpmcounter3,jump,seed10,107,9022.915151515152
hpmcounter3,jump,seed10,108,9022.927272727273
hpmcounter3,jump,seed10,109,9022.690909090908
hpmcounter3,jump,seed10,110,9022.50303030303
hpmcounter3,jump,seed10,111,9022.418181818182
hpmcounter3,jump,seed10,112,9022.248484848486
hpmcounter3,jump,seed10,113,9022.018181818183
hpmcounter3,jump,seed10,114,9022.181818181818
hpmcounter3,jump,seed10,115,9022.048484848485
hpmcounter3,jump,seed10,116,9022.006060606062
hpmcounter3,jump,seed10,117,9021.81212121212
hpmcounter3,jump,seed10,118,9021.533333333333
hpmcounter3,jump,seed10,119,9021.357575757576
hpmcounter3,jump,seed10,120,9021.0
hpmcounter3,jump,seed10,121,9020.818181818182
hpmcounter3,jump,seed10,122,9020.49696969697
hpmcounter3,jump,seed10,123,9020.181818181818
hpmcounter3,jump,seed10,124,9020.30303030303
hpmcounter3,jump,seed10,125,9020.351515151515
hpmcounter3,jump,seed10,126,9020.436363636363
hpmcounter3,jump,seed10,127,9020.569696969696
hpmcounter3,jump,seed10,128,9020.521212121212
hpmcounter3,jump,seed10,129,9020.733333333334
hpmcounter3,jump,seed10,130,9020.830303030303
hpmcounter3,jump,seed10,131,9021.018181818183
hpmcounter3,jump,seed10,132,9020.963636363636
hpmcounter3,jump,seed10,133,9020.775757575757
hpmcounter3,jump,seed10,134,9020.830303030303
hpmcounter3,jump,seed10,135,9021.018181818183
hpmcounter3,jump,seed10,136,9020.987878787879
hpmcounter3,jump,seed10,137,9020.939393939394
hpmcounter3,jump,seed10,138,9020.957575757575
hpmcounter3,jump,seed10,139,9021.115151515152
hpmcounter3,jump,seed10,140,9021.387878787878
hpmcounter3,jump,seed10,141,9021.654545454545
hpmcounter3,jump,seed10,142,9021.642424242424
hpmcounter3,jump,seed10,143,9021.593939393939
hpmcounter3,jump,seed10,144,9021.50909090909
hpmcounter3,jump,seed10,145,9021.30303030303
hpmcounter3,jump,seed10,146,9020.866666666667
hpmcounter3,jump,seed10,147,9020.309090909092
hpmcounter3,jump,seed10,148,9020.072727272727
hpmcounter3,jump,seed10,149,9020.060606060606
hpmcounter3,jump,seed10,150,9020.406060606061
hpmcounter3,jump,seed10,151,9239.636363636364
hpmcounter3,jump,seed10,152,9628.636363636364
hpmcounter3,jump,seed10,153,10138.90303030303
hpmcounter3,jump,seed10,154,10721.454545454546
hpmcounter3,jump,seed10,155,11327.848484848484
hpmcounter3,jump,seed10,156,11909.79393939394
hpmcounter3,jump,seed10,157,12418.648484848485
hpmcounter3,jump,seed10,158,12806.09090909091
hpmcounter3,jump,seed10,159,13023.460606060606
hpmcounter3,jump,seed10,160,13022.581818181818
hpmcounter3,jump,seed10,161,13018.484848484848
hpmcounter3,jump,seed10,162,13015.515151515152
hpmcounter3,jump,seed10,163,13013.654545454545
hpmcounter3,jump,seed10,164,13012.569696969696
hpmcounter3,jump,seed10,165,13012.387878787878
hpmcounter3,jump,seed10,166,13009.333333333334
hpmcounter3,jump,seed10,167,13004.066666666668
hpmcounter3,jump,seed10,168,13001.2
hpmcounter3,jump,seed10,169,13000.557575757575
hpmcounter3,jump,seed10,170,13002.448484848484
hpmcounter3,jump,seed10,171,13002.054545454546
hpmcounter3,jump,seed10,172,13003.272727272728
hpmcounter3,jump,seed10,173,13006.236363636364
hpmcounter3,jump,seed10,174,13011.418181818182
hpmcounter3,jump,seed10,175,13018.551515151516
hpmcounter3,jump,seed10,176,13022.521212121212
hpmcounter3,jump,seed10,177,13022.70303030303
hpmcounter3,jump,seed10,178,13022.684848484849
hpmcounter3,jump,seed10,179,13018.824242424242
hpmcounter3,jump,seed10,180,12797.81212121212
hpmcounter3,jump,seed10,181,12407.733333333334
hpmcounter3,jump,seed10,182,11897.290909090909
hpmcounter3,jump,seed10,183,11314.836363636363
hpmcounter3,jump,seed10,184,10709.321212121213
hpmcounter3,jump,seed10,185,10129.212121212122
hpmcounter3,jump,seed10,186,9622.363636363636
hpmcounter3,jump,seed10,187,9237.478787878788
hpmcounter3,jump,seed10,188,9023.018181818183
hpmcounter3,jump,seed10,189,9022.842424242424
hpmcounter3,jump,seed10,190,9022.690909090908
hpmcounter3,jump,seed10,191,9022.424242424242
hpmcounter3,jump,seed10,192,9022.133333333333
hpmcounter3,jump,seed10,193,9021.733333333334
hpmcounter3,jump,seed10,194,9021.30303030303
hpmcounter3,jump,seed10,195,9021.054545454546
hpmcounter3,jump,seed10,196,9020.89090909091
hpmcounter3,jump,seed10,197,9020.81212121212
hpmcounter3,jump,seed10,198,9021.060606060606
hpmcounter3,jump,seed10,199,9021.39393939394
hpmcounter3,jump,seed10,200,9021.678787878787
hpmcounter3,jump,seed10,201,9021.957575757575
hpmcounter3,jump,seed10,202,9240.71515151515
hpmcounter3,jump,seed10,203,9629.19393939394
hpmcounter3,jump,seed10,204,10135.030303030304
hpmcounter3,jump,seed10,205,10496.012121212121
hpmcounter3,jump,seed10,206,10712.084848484848
hpmcounter3,jump,seed10,207,10783.381818181819
hpmcounter3,jump,seed10,208,10709.927272727273
hpmcounter3,jump,seed10,209,10491.8
hpmcounter3,jump,seed10,210,10129.042424242425
hpmcounter3,jump,seed10,211,9621.739393939393
hpmcounter3,jump,seed10,212,9236.866666666667
hpmcounter3,jump,seed10,213,9022.71515151515
hpmcounter3,jump,seed10,214,9023.127272727274
hpmcounter3,jump,seed10,215,9023.442424242425
hpmcounter3,jump,seed10,216,9023.527272727273
hpmcounter3,jump,seed10,217,9023.272727272728
hpmcounter3,jump,seed10,218,9022.70303030303
hpmcounter3,jump,seed10,219,9022.072727272727
hpmcounter3,jump,seed10,220,9021.581818181818
hpmcounter3,jump,seed10,221,9021.212121212122
hpmcounter3,jump,seed10,222,9020.90303030303
hpmcounter3,jump,seed10,223,9020.745454545455
hpmcounter3,jump,seed10,224,9020.927272727273
hpmcounter3,jump,seed10,225,9021.315151515151
hpmcounter3,jump,seed10,226,9021.721212121212
hpmcounter3,jump,seed10,227,9022.0
hpmcounter3,jump,seed10,228,9022.060606060606
hpmcounter3,jump,seed10,229,9021.860606060605
hpmcounter3,jump,seed10,230,9021.678787878787
hpmcounter3,jump,seed10,231,9021.406060606061
hpmcounter3,jump,seed10,232,9020.921212121211
hpmcounter3,jump,seed10,233,9020.478787878788
hpmcounter3,jump,seed10,234,9020.169696969697
hpmcounter3,jump,seed10,235,9020.260606060607
hpmcounter3,jump,seed10,236,9020.442424242425
hpmcounter3,jump,seed10,237,9020.836363636363
hpmcounter3,jump,seed10,238,9021.254545454545
hpmcounter3,jump,seed10,239,9021.375757575757
hpmcounter3,jump,seed10,240,9021.430303030304
hpmcounter3,jump,seed10,241,9021.418181818182
hpmcounter3,jump,seed10,242,9021.163636363637
hpmcounter3,jump,seed10,243,9021.018181818183
hpmcounter3,jump,seed10,244,9020.945454545454
hpmcounter3,jump,seed10,245,9021.163636363637
hpmcounter3,jump,seed10,246,9021.375757575757
hpmcounter3,jump,seed10,247,9021.539393939394
hpmcounter3,jump,seed10,248,9021.787878787878
hpmcounter3,jump,seed10,249,9021.81212121212
hpmcounter3,jump,seed10,250,9021.787878787878
hpmcounter3,jump,seed10,251,9021.70303030303
hpmcounter3,jump,seed10,252,9021.466666666667
hpmcounter3,jump,seed10,253,9021.309090909092
hpmcounter3,jump,seed10,254,9021.2
hpmcounter3,jump,seed10,255,9021.29696969697
hpmcounter3,jump,seed10,256,9021.424242424242
hpmcounter3,jump,seed10,257,9021.448484848484
hpmcounter3,jump,seed10,258,9021.6
hpmcounter3,jump,seed10,259,9021.678787878787
hpmcounter3,jump,seed10,260,9021.836363636363
hpmcounter3,jump,seed10,261,9022.103030303031
hpmcounter3,jump,seed10,262,9022.290909090909
hpmcounter3,jump,seed10,263,9022.466666666667
hpmcounter3,jump,seed10,264,9022.49696969697
hpmcounter3,jump,seed10,265,9022.381818181819
hpmcounter3,jump,seed10,266,9022.036363636364
hpmcounter3,jump,seed10,267,9021.551515151516
hpmcounter3,jump,seed10,268,9021.072727272727
hpmcounter3,jump,seed10,269,9020.569696969696
hpmcounter3,jump,seed10,270,9020.418181818182
hpmcounter3,jump,seed10,271,9020.4
hpmcounter3,jump,seed10,272,9020.472727272727
hpmcounter3,jump,seed10,273,9020.581818181818
hpmcounter3,jump,seed10,274,9020.751515151514
hpmcounter3,jump,seed10,275,9020.981818181817
hpmcounter3,jump,seed10,276,9021.333333333334
hpmcounter3,jump,seed10,277,9021.406060606061
hpmcounter3,jump,seed10,278,9021.551515151516
hpmcounter3,jump,seed10,279,9021.612121212122
hpmcounter3,jump,seed10,280,9021.830303030303
hpmcounter3,jump,seed10,281,9022.072727272727
hpmcounter3,jump,seed10,282,9022.369696969698
hpmcounter3,jump,seed10,283,9022.41212121212
hpmcounter3,jump,seed10,284,9022.418181818182
hpmcounter3,jump,seed10,285,9022.472727272727
hpmcounter3,jump,seed10,286,9022.927272727273
hpmcounter3,jump,seed10,287,9023.084848484848
hpmcounter3,jump,seed10,288,9023.39393939394
hpmcounter3,jump,seed10,289,9023.654545454545
hpmcounter3,jump,seed10,290,9023.787878787878
hpmcounter3,jump,seed10,291,9023.751515151514
hpmcounter3,jump,seed10,292,9023.745454545455
hpmcounter3,jump,seed10,293,9023.339393939394
hpmcounter3,jump,seed10,294,9022.8
hpmcounter3,jump,seed10,295,9022.175757575758
hpmcounter3,jump,seed10,296,9021.866666666667
hpmcounter3,jump,seed10,297,9021.369696969698
hpmcounter3,jump,seed10,298,9021.20606060606
hpmcounter3,jump,seed11,9,9015.0
hpmcounter3,jump,seed11,10,9014.048484848485
hpmcounter3,jump,seed11,11,9013.89090909091
hpmcounter3,jump,seed11,12,9014.436363636363
hpmcounter3,jump,seed11,13,9015.290909090909
hpmcounter3,jump,seed11,14,9016.381818181819
hpmcounter3,jump,seed11,15,9018.012121212121
hpmcounter3,jump,seed11,16,9019.721212121212
hpmcounter3,jump,seed11,17,9021.09090909091
hpmcounter3,jump,seed11,18,9022.0
hpmcounter3,jump,seed11,19,9022.381818181819
hpmcounter3,jump,seed11,20,9022.290909090909
hpmcounter3,jump,seed11,21,9022.218181818182
hpmcounter3,jump,seed11,22,9022.0
hpmcounter3,jump,seed11,23,9021.80606060606
hpmcounter3,jump,seed11,24,9021.515151515152
hpmcounter3,jump,seed11,25,9021.49090909091
hpmcounter3,jump,seed11,26,9021.569696969696
hpmcounter3,jump,seed11,27,9021.684848484849
hpmcounter3,jump,seed11,28,9021.81212121212
hpmcounter3,jump,seed11,29,9022.157575757576
hpmcounter3,jump,seed11,30,9022.357575757576
hpmcounter3,jump,seed11,31,9022.50303030303
hpmcounter3,jump,seed11,32,9022.418181818182
hpmcounter3,jump,seed11,33,9022.254545454545
hpmcounter3,jump,seed11,34,9022.012121212121
hpmcounter3,jump,seed11,35,9021.878787878788
hpmcounter3,jump,seed11,36,9021.896969696969
hpmcounter3,jump,seed11,37,9021.769696969697
hpmcounter3,jump,seed11,38,9021.763636363636
hpmcounter3,jump,seed11,39,9021.969696969696
hpmcounter3,jump,seed11,40,9022.09090909091
hpmcounter3,jump,seed11,41,9022.266666666666
hpmcounter3,jump,seed11,42,9022.448484848484
hpmcounter3,jump,seed11,43,9022.678787878787
hpmcounter3,jump,seed11,44,9022.921212121211
hpmcounter3,jump,seed11,45,9023.042424242425
hpmcounter3,jump,seed11,46,9022.981818181817
hpmcounter3,jump,seed11,47,9022.763636363636
hpmcounter3,jump,seed11,48,9022.387878787878
hpmcounter3,jump,seed11,49,9022.151515151516
hpmcounter3,jump,seed11,50,9021.90909090909
hpmcounter3,jump,seed11,51,9021.684848484849
hpmcounter3,jump,seed11,52,9021.690909090908
hpmcounter3,jump,seed11,53,9021.533333333333
hpmcounter3,jump,seed11,54,9021.690909090908
hpmcounter3,jump,seed11,55,9240.375757575757
hpmcounter3,jump,seed11,56,9628.58787878788
hpmcounter3,jump,seed11,57,10138.145454545454
hpmcounter3,jump,seed11,58,10720.163636363637
hpmcounter3,jump,seed11,59,11326.357575757576
hpmcounter3,jump,seed11,60,11908.278787878788
hpmcounter3,jump,seed11,61,12417.145454545454
hpmcounter3,jump,seed11,62,12804.79393939394
hpmcounter3,jump,seed11,63,13022.375757575757
hpmcounter3,jump,seed11,64,13021.636363636364
hpmcounter3,jump,seed11,65,12803.0
hpmcounter3,jump,seed11,66,12414.89090909091
hpmcounter3,jump,seed11,67,11905.884848484848
hpmcounter3,jump,seed11,68,11324.466666666667
hpmcounter3,jump,seed11,69,10718.721212121212
hpmcounter3,jump,seed11,70,10137.242424242424
hpmcounter3,jump,seed11,71,9628.272727272728
hpmcounter3,jump,seed11,72,9240.363636363636
hpmcounter3,jump,seed11,73,9022.121212121212
hpmcounter3,jump,seed11,74,9021.90909090909
hpmcounter3,jump,seed11,75,9021.763636363636
hpmcounter3,jump,seed11,76,9021.660606060606
hpmcounter3,jump,seed11,77,9021.436363636363
hpmcounter3,jump,seed11,78,9021.381818181819
hpmcounter3,jump,seed11,79,9021.466666666667
hpmcounter3,jump,seed11,80,9021.624242424243
hpmcounter3,jump,seed11,81,9021.612121212122
hpmcounter3,jump,seed11,82,9021.648484848485
hpmcounter3,jump,seed11,83,9021.763636363636
hpmcounter3,jump,seed11,84,9021.866666666667
hpmcounter3,jump,seed11,85,9022.133333333333
hpmcounter3,jump,seed11,86,9022.4
hpmcounter3,jump,seed11,87,9022.58787878788
hpmcounter3,jump,seed11,88,9022.49696969697
hpmcounter3,jump,seed11,89,9022.436363636363
hpmcounter3,jump,seed11,90,9022.406060606061
hpmcounter3,jump,seed11,91,9022.09696969697
hpmcounter3,jump,seed11,92,9021.884848484848
hpmcounter3,jump,seed11,93,9021.727272727272
hpmcounter3,jump,seed11,94,9021.593939393939
hpmcounter3,jump,seed11,95,9021.454545454546
hpmcounter3,jump,seed11,96,9021.430303030304
hpmcounter3,jump,seed11,97,9021.521212121212
hpmcounter3,jump,seed11,98,9021.593939393939
hpmcounter3,jump,seed11,99,9021.581818181818
hpmcounter3,jump,seed11,100,9021.630303030302
hpmcounter3,jump,seed11,101,9021.618181818181
hpmcounter3,jump,seed11,102,9021.6
hpmcounter3,jump,seed11,103,9240.151515151516
hpmcounter3,jump,seed11,104,9628.2
hpmcounter3,jump,seed11,105,9919.133333333333
hpmcounter3,jump,seed11,106,10113.139393939395
hpmcounter3,jump,seed11,107,10210.163636363637
hpmcounter3,jump,seed11,108,10210.272727272728
hpmcounter3,jump,seed11,109,10113.169696969697
hpmcounter3,jump,seed11,110,9919.139393939395
hpmcounter3,jump,seed11,111,9628.103030303031
hpmcounter3,jump,seed11,112,9240.103030303031
hpmcounter3,jump,seed11,113,9022.290909090909
hpmcounter3,jump,seed11,114,9022.557575757575
hpmcounter3,jump,seed11,115,9022.763636363636
hpmcounter3,jump,seed11,116,9023.115151515152
hpmcounter3,jump,seed11,117,9023.454545454546
hpmcounter3,jump,seed11,118,9023.593939393939
hpmcounter3,jump,seed11,119,9023.466666666667
hpmcounter3,jump,seed11,120,9023.369696969698
hpmcounter3,jump,seed11,121,9023.127272727274
hpmcounter3,jump,seed11,122,9022.872727272726
hpmcounter3,jump,seed11,123,9022.915151515152
hpmcounter3,jump,seed11,124,9023.151515151516
hpmcounter3,jump,seed11,125,9023.084848484848
hpmcounter3,jump,seed11,126,9023.236363636364
hpmcounter3,jump,seed11,127,9023.551515151516
hpmcounter3,jump,seed11,128,9023.654545454545
hpmcounter3,jump,seed11,129,9023.6
hpmcounter3,jump,seed11,130,9023.345454545455
hpmcounter3,jump,seed11,131,9023.024242424242
hpmcounter3,jump,seed11,132,9022.624242424243
hpmcounter3,jump,seed11,133,9022.236363636364
hpmcounter3,jump,seed11,134,9022.175757575758
hpmcounter3,jump,seed11,135,9021.69696969697
hpmcounter3,jump,seed11,136,9021.145454545454
hpmcounter3,jump,seed11,137,9020.878787878788
hpmcounter3,jump,seed11,138,9020.678787878787
hpmcounter3,jump,seed11,139,9020.39393939394
hpmcounter3,jump,seed11,140,9020.048484848485
hpmcounter3,jump,seed11,141,9020.060606060606
hpmcounter3,jump,seed11,142,9020.636363636364
hpmcounter3,jump,seed11,143,9021.406060606061
hpmcounter3,jump,seed11,144,9022.321212121213
hpmcounter3,jump,seed11,145,9022.927272727273
hpmcounter3,jump,seed11,146,9023.242424242424
hpmcounter3,jump,seed11,147,9023.375757575757
hpmcounter3,jump,seed11,148,9023.28484848485
hpmcounter3,jump,seed11,149,9022.836363636363
hpmcounter3,jump,seed11,150,9022.181818181818
hpmcounter3,jump,seed11,151,9240.290909090909
hpmcounter3,jump,seed11,152,9628.30303030303
hpmcounter3,jump,seed11,153,10137.727272727272
hpmcounter3,jump,seed11,154,10720.2
hpmcounter3,jump,seed11,155,11326.945454545454
hpmcounter3,jump,seed11,156,11909.430303030304
hpmcounter3,jump,seed11,157,12418.781818181818
hpmcounter3,jump,seed11,158,12806.612121212122
hpmcounter3,jump,seed11,159,13024.521212121212
hpmcounter3,jump,seed11,160,13023.89090909091
hpmcounter3,jump,seed11,161,13019.927272727273
hpmcounter3,jump,seed11,162,13012.690909090908
hpmcounter3,jump,seed11,163,13006.884848484848
hpmcounter3,jump,seed11,164,13003.042424242425
hpmcounter3,jump,seed11,165,13001.09090909091
hpmcounter3,jump,seed11,166,13000.848484848484
hpmcounter3,jump,seed11,167,13002.339393939394
hpmcounter3,jump,seed11,168,13001.8
hpmcounter3,jump,seed11,169,12999.993939393938
hpmcounter3,jump,seed11,170,13001.557575757575
hpmcounter3,jump,seed11,171,12998.042424242425
hpmcounter3,jump,seed11,172,12989.254545454545
hpmcounter3,jump,seed11,173,12765.672727272728
hpmcounter3,jump,seed11,174,12376.012121212121
hpmcounter3,jump,seed11,175,11868.70303030303
hpmcounter3,jump,seed11,176,11292.030303030304
hpmcounter3,jump,seed11,177,10694.763636363636
hpmcounter3,jump,seed11,178,10120.49090909091
hpmcounter3,jump,seed11,179,9617.0
hpmcounter3,jump,seed11,180,9236.860606060605
hpmcounter3,jump,seed11,181,9023.2
hpmcounter3,jump,seed11,182,9023.430303030304
hpmcounter3,jump,seed11,183,9023.321212121213
hpmcounter3,jump,seed11,184,9023.139393939395
hpmcounter3,jump,seed11,185,9022.993939393938
hpmcounter3,jump,seed11,186,9022.751515151514
hpmcounter3,jump,seed11,187,9022.533333333333
hpmcounter3,jump,seed11,188,9022.357575757576
hpmcounter3,jump,seed11,189,9022.375757575757
hpmcounter3,jump,seed11,190,9022.878787878788
hpmcounter3,jump,seed11,191,9023.472727272727
hpmcounter3,jump,seed11,192,9024.0
hpmcounter3,jump,seed11,193,9024.212121212122
hpmcounter3,jump,seed11,194,9024.19393939394
hpmcounter3,jump,seed11,195,9024.18787878788
hpmcounter3,jump,seed11,196,9023.951515151515
hpmcounter3,jump,seed11,197,9023.442424242425
hpmcounter3,jump,seed11,198,9022.963636363636
hpmcounter3,jump,seed11,199,9022.672727272728
hpmcounter3,jump,seed11,200,9022.39393939394
hpmcounter3,jump,seed11,201,9022.151515151516
hpmcounter3,jump,seed11,202,9021.818181818182
hpmcounter3,jump,seed11,203,9021.630303030302
hpmcounter3,jump,seed11,204,9021.642424242424
hpmcounter3,jump,seed11,205,9021.678787878787
hpmcounter3,jump,seed11,206,9021.763636363636
hpmcounter3,jump,seed11,207,9021.709090909091
hpmcounter3,jump,seed11,208,9021.612121212122
hpmcounter3,jump,seed11,209,9021.60606060606
hpmcounter3,jump,seed11,210,9021.878787878788
hpmcounter3,jump,seed11,211,9022.163636363637
hpmcounter3,jump,seed11,212,9022.357575757576
hpmcounter3,jump,seed11,213,9022.533333333333
hpmcounter3,jump,seed11,214,9022.71515151515
hpmcounter3,jump,seed11,215,9022.630303030302
hpmcounter3,jump,seed11,216,9022.521212121212
hpmcounter3,jump,seed11,217,9022.321212121213
hpmcounter3,jump,seed11,218,9022.151515151516
hpmcounter3,jump,seed11,219,9021.71515151515
hpmcounter3,jump,seed11,220,9021.684848484849
hpmcounter3,jump,seed11,221,9021.533333333333
hpmcounter3,jump,seed11,222,9021.484848484848
hpmcounter3,jump,seed11,223,9021.466666666667
hpmcounter3,jump,seed11,224,9021.260606060607
hpmcounter3,jump,seed11,225,9020.987878787879
hpmcounter3,jump,seed11,226,9020.71515151515
hpmcounter3,jump,seed11,227,9020.630303030302
hpmcounter3,jump,seed11,228,9020.666666666666
hpmcounter3,jump,seed11,229,9020.636363636364
hpmcounter3,jump,seed11,230,9020.915151515152
hpmcounter3,jump,seed11,231,9021.20606060606
hpmcounter3,jump,seed11,232,9021.266666666666
hpmcounter3,jump,seed11,233,9021.28484848485
hpmcounter3,jump,seed11,234,9021.236363636364
hpmcounter3,jump,seed11,235,9021.327272727272
hpmcounter3,jump,seed11,236,9021.50909090909
hpmcounter3,jump,seed11,237,9021.70303030303
hpmcounter3,jump,seed11,238,9021.866666666667
hpmcounter3,jump,seed11,239,9022.0
hpmcounter3,jump,seed11,240,9022.048484848485
hpmcounter3,jump,seed11,241,9022.09090909091
hpmcounter3,jump,seed11,242,9021.818181818182
hpmcounter3,jump,seed11,243,9021.624242424243
hpmcounter3,jump,seed11,244,9021.81212121212
hpmcounter3,jump,seed11,245,9022.157575757576
hpmcounter3,jump,seed11,246,9022.727272727272
hpmcounter3,jump,seed11,247,9023.266666666666
hpmcounter3,jump,seed11,248,9023.79393939394
hpmcounter3,jump,seed11,249,9024.381818181819
hpmcounter3,jump,seed11,250,9024.630303030302
hpmcounter3,jump,seed11,251,9024.8
hpmcounter3,jump,seed11,252,9024.872727272726
hpmcounter3,jump,seed11,253,9024.90909090909
hpmcounter3,jump,seed11,254,9025.163636363637
hpmcounter3,jump,seed11,255,9025.18787878788
hpmcounter3,jump,seed11,256,9025.169696969697
hpmcounter3,jump,seed11,257,9025.09696969697
hpmcounter3,jump,seed11,258,9024.969696969696
hpmcounter3,jump,seed11,259,9024.866666666667
hpmcounter3,jump,seed11,260,9024.654545454545
hpmcounter3,jump,seed11,261,9024.333333333334
hpmcounter3,jump,seed11,262,9024.248484848486
hpmcounter3,jump,seed11,263,9024.357575757576
hpmcounter3,jump,seed11,264,9024.266666666666
hpmcounter3,jump,seed11,265,9024.10909090909
hpmcounter3,jump,seed11,266,9023.884848484848
hpmcounter3,jump,seed11,267,9023.848484848484
hpmcounter3,jump,seed11,268,9023.921212121211
hpmcounter3,jump,seed11,269,9023.915151515152
hpmcounter3,jump,seed11,270,9024.030303030304
hpmcounter3,jump,seed11,271,9242.860606060605
hpmcounter3,jump,seed11,272,9413.006060606062
hpmcounter3,jump,seed11,273,9534.678787878787
hpmcounter3,jump,seed11,274,9607.50303030303
hpmcounter3,jump,seed11,275,9631.709090909091
hpmcounter3,jump,seed11,276,9607.175757575758
hpmcounter3,jump,seed11,277,9534.2
hpmcounter3,jump,seed11,278,9412.684848484849
hpmcounter3,jump,seed11,279,9242.248484848486
hpmcounter3,jump,seed11,280,9023.169696969697
hpmcounter3,jump,seed11,281,9023.048484848485
hpmcounter3,jump,seed11,282,9022.860606060605
hpmcounter3,jump,seed11,283,9022.618181818181
hpmcounter3,jump,seed11,284,9022.466666666667
hpmcounter3,jump,seed11,285,9022.29696969697
hpmcounter3,jump,seed11,286,9022.078787878789
hpmcounter3,jump,seed11,287,9021.981818181817
hpmcounter3,jump,seed11,288,9022.084848484848
hpmcounter3,jump,seed11,289,9021.89090909091
hpmcounter3,jump,seed11,290,9021.58787878788
hpmcounter3,jump,seed11,291,9021.333333333334
hpmcounter3,jump,seed11,292,9021.381818181819
hpmcounter3,jump,seed11,293,9021.30303030303
hpmcounter3,jump,seed11,294,9021.515151515152
hpmcounter3,jump,seed11,295,9021.927272727273
hpmcounter3,jump,seed11,296,9022.09696969697
hpmcounter3,jump,seed11,297,9022.2
hpmcounter3,jump,seed11,298,9022.533333333333
hpmcounter3,jump,seed12,9,9013.745454545455
hpmcounter3,jump,seed12,10,9013.745454545455
hpmcounter3,jump,seed12,11,9014.29696969697
hpmcounter3,jump,seed12,12,9015.357575757576
hpmcounter3,jump,seed12,13,9016.321212121213
hpmcounter3,jump,seed12,14,9017.254545454545
hpmcounter3,jump,seed12,15,9018.30303030303
hpmcounter3,jump,seed12,16,9019.09696969697
hpmcounter3,jump,seed12,17,9019.884848484848
hpmcounter3,jump,seed12,18,9020.551515151516
hpmcounter3,jump,seed12,19,9020.89090909091
hpmcounter3,jump,seed12,20,9020.781818181818
hpmcounter3,jump,seed12,21,9020.71515151515
hpmcounter3,jump,seed12,22,9020.672727272728
hpmcounter3,jump,seed12,23,9020.460606060606
hpmcounter3,jump,seed12,24,9020.387878787878
hpmcounter3,jump,seed12,25,9020.50909090909
hpmcounter3,jump,seed12,26,9020.448484848484
hpmcounter3,jump,seed12,27,9020.6
hpmcounter3,jump,seed12,28,9020.915151515152
hpmcounter3,jump,seed12,29,9021.357575757576
hpmcounter3,jump,seed12,30,9021.751515151514
hpmcounter3,jump,seed12,31,9022.163636363637
hpmcounter3,jump,seed12,32,9022.6
hpmcounter3,jump,seed12,33,9241.527272727273
hpmcounter3,jump,seed12,34,9411.818181818182
hpmcounter3,jump,seed12,35,9751.80606060606
hpmcounter3,jump,seed12,36,10212.933333333332
hpmcounter3,jump,seed12,37,10528.321212121213
hpmcounter3,jump,seed12,38,10698.345454545455
hpmcounter3,jump,seed12,39,10722.751515151514
hpmcounter3,jump,seed12,40,10819.618181818181
hpmcounter3,jump,seed12,41,10940.30303030303
hpmcounter3,jump,seed12,42,11032.660606060606
hpmcounter3,jump,seed12,43,11102.006060606062
hpmcounter3,jump,seed12,44,10929.624242424243
hpmcounter3,jump,seed12,45,11000.630303030302
hpmcounter3,jump,seed12,46,11315.139393939395
hpmcounter3,jump,seed12,47,11605.981818181817
hpmcounter3,jump,seed12,48,11606.945454545454
hpmcounter3,jump,seed12,49,11317.781818181818
hpmcounter3,jump,seed12,50,11005.406060606061
hpmcounter3,jump,seed12,51,10936.781818181818
hpmcounter3,jump,seed12,52,11106.69696969697
hpmcounter3,jump,seed12,53,11252.50909090909
hpmcounter3,jump,seed12,54,11107.242424242424
hpmcounter3,jump,seed12,55,10937.763636363636
hpmcounter3,jump,seed12,56,10792.39393939394
hpmcounter3,jump,seed12,57,10719.672727272728
hpmcounter3,jump,seed12,58,10501.351515151515
hpmcounter3,jump,seed12,59,10137.145454545454
hpmcounter3,jump,seed12,60,9627.515151515152
hpmcounter3,jump,seed12,61,9239.39393939394
hpmcounter3,jump,seed12,62,9021.084848484848
hpmcounter3,jump,seed12,63,9021.218181818182
hpmcounter3,jump,seed12,64,9021.369696969698
hpmcounter3,jump,seed12,65,9021.363636363636
hpmcounter3,jump,seed12,66,9021.224242424243
hpmcounter3,jump,seed12,67,9021.260606060607
hpmcounter3,jump,seed12,68,9021.175757575758
hpmcounter3,jump,seed12,69,9021.054545454546
hpmcounter3,jump,seed12,70,9021.181818181818
hpmcounter3,jump,seed12,71,9021.369696969698
hpmcounter3,jump,seed12,72,9021.484848484848
hpmcounter3,jump,seed12,73,9021.769696969697
hpmcounter3,jump,seed12,74,9022.266666666666
hpmcounter3,jump,seed12,75,9022.575757575758
hpmcounter3,jump,seed12,76,9022.769696969697
hpmcounter3,jump,seed12,77,9022.89090909091
hpmcounter3,jump,seed12,78,9022.69696969697
hpmcounter3,jump,seed12,79,9022.50909090909
hpmcounter3,jump,seed12,80,9022.175757575758
hpmcounter3,jump,seed12,81,9022.072727272727
hpmcounter3,jump,seed12,82,9021.824242424242
hpmcounter3,jump,seed12,83,9021.781818181818
hpmcounter3,jump,seed12,84,9022.054545454546
hpmcounter3,jump,seed12,85,9022.60606060606
hpmcounter3,jump,seed12,86,9023.333333333334
hpmcounter3,jump,seed12,87,9024.078787878789
hpmcounter3,jump,seed12,88,9024.50909090909
hpmcounter3,jump,seed12,89,9024.775757575757
hpmcounter3,jump,seed12,90,9024.884848484848
hpmcounter3,jump,seed12,91,9025.084848484848
hpmcounter3,jump,seed12,92,9025.260606060607
hpmcounter3,jump,seed12,93,9025.363636363636
hpmcounter3,jump,seed12,94,9025.557575757575
hpmcounter3,jump,seed12,95,9025.733333333334
hpmcounter3,jump,seed12,96,9025.969696969696
hpmcounter3,jump,seed12,97,9026.254545454545
hpmcounter3,jump,seed12,98,9026.309090909092
hpmcounter3,jump,seed12,99,9026.218181818182
hpmcounter3,jump,seed12,100,9026.2
hpmcounter3,jump,seed12,101,9026.078787878789
hpmcounter3,jump,seed12,102,9025.957575757575
hpmcounter3,jump,seed12,103,9025.751515151514
hpmcounter3,jump,seed12,104,9025.660606060606
hpmcounter3,jump,seed12,105,9025.387878787878
hpmcounter3,jump,seed12,106,9025.175757575758
hpmcounter3,jump,seed12,107,9025.036363636364
hpmcounter3,jump,seed12,108,9024.872727272726
hpmcounter3,jump,seed12,109,9024.709090909091
hpmcounter3,jump,seed12,110,9024.593939393939
hpmcounter3,jump,seed12,111,9024.442424242425
hpmcounter3,jump,seed12,112,9024.145454545454
hpmcounter3,jump,seed12,113,9023.836363636363
hpmcounter3,jump,seed12,114,9023.539393939394
hpmcounter3,jump,seed12,115,9023.278787878788
hpmcounter3,jump,seed12,116,9023.242424242424
hpmcounter3,jump,seed12,117,9023.321212121213
hpmcounter3,jump,seed12,118,9023.460606060606
hpmcounter3,jump,seed12,119,9023.60606060606
hpmcounter3,jump,seed12,120,9023.581818181818
hpmcounter3,jump,seed12,121,9023.630303030302
hpmcounter3,jump,seed12,122,9023.50909090909
hpmcounter3,jump,seed12,123,9023.406060606061
hpmcounter3,jump,seed12,124,9023.254545454545
hpmcounter3,jump,seed12,125,9023.10909090909
hpmcounter3,jump,seed12,126,9022.993939393938
hpmcounter3,jump,seed12,127,9022.987878787879
hpmcounter3,jump,seed12,128,9023.09090909091
hpmcounter3,jump,seed12,129,9023.236363636364
hpmcounter3,jump,seed12,130,9023.236363636364
hpmcounter3,jump,seed12,131,9023.333333333334
hpmcounter3,jump,seed12,132,9023.50303030303
hpmcounter3,jump,seed12,133,9023.49090909091
hpmcounter3,jump,seed12,134,9023.442424242425
hpmcounter3,jump,seed12,135,9023.20606060606
hpmcounter3,jump,seed12,136,9022.860606060605
hpmcounter3,jump,seed12,137,9022.648484848485
hpmcounter3,jump,seed12,138,9022.515151515152
hpmcounter3,jump,seed12,139,9022.472727272727
hpmcounter3,jump,seed12,140,9022.618181818181
hpmcounter3,jump,seed12,141,9022.642424242424
hpmcounter3,jump,seed12,142,9022.727272727272
hpmcounter3,jump,seed12,143,9022.884848484848
hpmcounter3,jump,seed12,144,9022.969696969696
hpmcounter3,jump,seed12,145,9022.957575757575
hpmcounter3,jump,seed12,146,9022.824242424242
hpmcounter3,jump,seed12,147,9022.648484848485
hpmcounter3,jump,seed12,148,9022.563636363637
hpmcounter3,jump,seed12,149,9022.339393939394
hpmcounter3,jump,seed12,150,9022.333333333334
hpmcounter3,jump,seed12,151,9241.151515151516
hpmcounter3,jump,seed12,152,9629.351515151515
hpmcounter3,jump,seed12,153,10138.70303030303
hpmcounter3,jump,seed12,154,10720.733333333334
hpmcounter3,jump,seed12,155,11326.957575757575
hpmcounter3,jump,seed12,156,11909.0
hpmcounter3,jump,seed12,157,12418.151515151516
hpmcounter3,jump,seed12,158,12805.872727272726
hpmcounter3,jump,seed12,159,13023.515151515152
hpmcounter3,jump,seed12,160,13022.757575757576
hpmcounter3,jump,seed12,161,13018.775757575757
hpmcounter3,jump,seed12,162,13015.49696969697
hpmcounter3,jump,seed12,163,13012.878787878788
hpmcounter3,jump,seed12,164,13011.29696969697
hpmcounter3,jump,seed12,165,13010.739393939393
hpmcounter3,jump,seed12,166,13011.327272727272
hpmcounter3,jump,seed12,167,13012.690909090908
hpmcounter3,jump,seed12,168,13014.854545454546
hpmcounter3,jump,seed12,169,13017.915151515152
hpmcounter3,jump,seed12,170,13021.981818181817
hpmcounter3,jump,seed12,171,13022.351515151515
hpmcounter3,jump,seed12,172,13018.842424242424
hpmcounter3,jump,seed12,173,12798.0
hpmcounter3,jump,seed12,174,12408.654545454545
hpmcounter3,jump,seed12,175,11899.175757575758
hpmcounter3,jump,seed12,176,11317.618181818181
hpmcounter3,jump,seed12,177,10712.145454545454
hpmcounter3,jump,seed12,178,10131.460606060606
hpmcounter3,jump,seed12,179,9624.224242424243
hpmcounter3,jump,seed12,180,9239.018181818183
hpmcounter3,jump,seed12,181,9024.272727272728
hpmcounter3,jump,seed12,182,9023.993939393938
hpmcounter3,jump,seed12,183,9023.69696969697
hpmcounter3,jump,seed12,184,9023.630303030302
hpmcounter3,jump,seed12,185,9023.690909090908
hpmcounter3,jump,seed12,186,9023.71515151515
hpmcounter3,jump,seed12,187,9023.624242424243
hpmcounter3,jump,seed12,188,9023.569696969696
hpmcounter3,jump,seed12,189,9023.418181818182
hpmcounter3,jump,seed12,190,9023.381818181819
hpmcounter3,jump,seed12,191,9023.175757575758
hpmcounter3,jump,seed12,192,9023.133333333333
hpmcounter3,jump,seed12,193,9022.939393939394
hpmcounter3,jump,seed12,194,9022.781818181818
hpmcounter3,jump,seed12,195,9022.581818181818
hpmcounter3,jump,seed12,196,9022.569696969696
hpmcounter3,jump,seed12,197,9022.666666666666
hpmcounter3,jump,seed12,198,9022.939393939394
hpmcounter3,jump,seed12,199,9023.103030303031
hpmcounter3,jump,seed12,200,9023.169696969697
hpmcounter3,jump,seed12,201,9023.151515151516
hpmcounter3,jump,seed12,202,9022.939393939394
hpmcounter3,jump,seed12,203,9022.424242424242
hpmcounter3,jump,seed12,204,9022.254545454545
hpmcounter3,jump,seed12,205,9022.054545454546
hpmcounter3,jump,seed12,206,9021.915151515152
hpmcounter3,jump,seed12,207,9021.939393939394
hpmcounter3,jump,seed12,208,9022.030303030304
hpmcounter3,jump,seed12,209,9022.133333333333
hpmcounter3,jump,seed12,210,9022.072727272727
hpmcounter3,jump,seed12,211,9021.927272727273
hpmcounter3,jump,seed12,212,9021.69696969697
hpmcounter3,jump,seed12,213,9021.139393939395
hpmcounter3,jump,seed12,214,9020.854545454546
hpmcounter3,jump,seed12,215,9020.757575757576
hpmcounter3,jump,seed12,216,9020.71515151515
hpmcounter3,jump,seed12,217,9020.618181818181
hpmcounter3,jump,seed12,218,9020.448484848484
hpmcounter3,jump,seed12,219,9020.472727272727
hpmcounter3,jump,seed12,220,9020.666666666666
hpmcounter3,jump,seed12,221,9021.036363636364
hpmcounter3,jump,seed12,222,9021.381818181819
hpmcounter3,jump,seed12,223,9021.624242424243
hpmcounter3,jump,seed12,224,9241.218181818182
hpmcounter3,jump,seed12,225,9631.030303030304
hpmcounter3,jump,seed12,226,10141.981818181817
hpmcounter3,jump,seed12,227,10725.20606060606
hpmcounter3,jump,seed12,228,11332.066666666668
hpmcounter3,jump,seed12,229,11914.19393939394
hpmcounter3,jump,seed12,230,12423.2
hpmcounter3,jump,seed12,231,12810.49090909091
hpmcounter3,jump,seed12,232,13023.630303030302
hpmcounter3,jump,seed12,233,12800.70303030303
hpmcounter3,jump,seed12,234,12409.939393939394
hpmcounter3,jump,seed12,235,11899.442424242425
hpmcounter3,jump,seed12,236,11317.163636363637
hpmcounter3,jump,seed12,237,10711.775757575757
hpmcounter3,jump,seed12,238,10131.563636363637
hpmcounter3,jump,seed12,239,9624.89090909091
hpmcounter3,jump,seed12,240,9240.29696969697
hpmcounter3,jump,seed12,241,9026.054545454546
hpmcounter3,jump,seed12,242,9026.351515151515
hpmcounter3,jump,seed12,243,9026.369696969698
hpmcounter3,jump,seed12,244,9026.351515151515
hpmcounter3,jump,seed12,245,9026.254545454545
hpmcounter3,jump,seed12,246,9026.024242424242
hpmcounter3,jump,seed12,247,9025.915151515152
hpmcounter3,jump,seed12,248,9025.830303030303
hpmcounter3,jump,seed12,249,9025.81212121212
hpmcounter3,jump,seed12,250,9025.672727272728
hpmcounter3,jump,seed12,251,9025.545454545454
hpmcounter3,jump,seed12,252,9025.58787878788
hpmcounter3,jump,seed12,253,9025.363636363636
hpmcounter3,jump,seed12,254,9025.030303030304
hpmcounter3,jump,seed12,255,9024.666666666666
hpmcounter3,jump,seed12,256,9024.339393939394
hpmcounter3,jump,seed12,257,9023.896969696969
hpmcounter3,jump,seed12,258,9023.442424242425
hpmcounter3,jump,seed12,259,9023.157575757576
hpmcounter3,jump,seed12,260,9022.957575757575
hpmcounter3,jump,seed12,261,9022.757575757576
hpmcounter3,jump,seed12,262,9022.49696969697
hpmcounter3,jump,seed12,263,9022.09090909091
hpmcounter3,jump,seed12,264,9021.781818181818
hpmcounter3,jump,seed12,265,9021.690909090908
hpmcounter3,jump,seed12,266,9021.775757575757
hpmcounter3,jump,seed12,267,9021.860606060605
hpmcounter3,jump,seed12,268,9021.89090909091
hpmcounter3,jump,seed12,269,9021.933333333332
hpmcounter3,jump,seed12,270,9022.175757575758
hpmcounter3,jump,seed12,271,9022.145454545454
hpmcounter3,jump,seed12,272,9022.181818181818
hpmcounter3,jump,seed12,273,9022.060606060606
hpmcounter3,jump,seed12,274,9022.024242424242
hpmcounter3,jump,seed12,275,9240.539393939394
hpmcounter3,jump,seed12,276,9628.951515151515
hpmcounter3,jump,seed12,277,10138.345454545455
hpmcounter3,jump,seed12,278,10720.357575757576
hpmcounter3,jump,seed12,279,11326.218181818182
hpmcounter3,jump,seed12,280,11689.660606060606
hpmcounter3,jump,seed12,281,11810.212121212122
hpmcounter3,jump,seed12,282,11688.39393939394
hpmcounter3,jump,seed12,283,11324.121212121212
hpmcounter3,jump,seed12,284,10717.351515151515
hpmcounter3,jump,seed12,285,10135.339393939394
hpmcounter3,jump,seed12,286,9626.442424242425
hpmcounter3,jump,seed12,287,9238.848484848484
hpmcounter3,jump,seed12,288,9021.315151515151
hpmcounter3,jump,seed12,289,9021.684848484849
hpmcounter3,jump,seed12,290,9022.060606060606
hpmcounter3,jump,seed12,291,9021.915151515152
hpmcounter3,jump,seed12,292,9021.842424242424
hpmcounter3,jump,seed12,293,9021.642424242424
hpmcounter3,jump,seed12,294,9021.260606060607
hpmcounter3,jump,seed12,295,9020.678787878787
hpmcounter3,jump,seed12,296,9020.133333333333
hpmcounter3,jump,seed12,297,9019.769696969697
hpmcounter3,jump,seed12,298,9019.690909090908
hpmcounter3,jump,seed13,9,9014.163636363637
hpmcounter3,jump,seed13,10,9013.624242424243
hpmcounter3,jump,seed13,11,9013.733333333334
hpmcounter3,jump,seed13,12,9014.254545454545
hpmcounter3,jump,seed13,13,9015.157575757576
hpmcounter3,jump,seed13,14,9016.236363636364
hpmcounter3,jump,seed13,15,9017.81212121212
hpmcounter3,jump,seed13,16,9019.333333333334
hpmcounter3,jump,seed13,17,9020.745454545455
hpmcounter3,jump,seed13,18,9021.872727272726
hpmcounter3,jump,seed13,19,9022.81212121212
hpmcounter3,jump,seed13,20,9023.339393939394
hpmcounter3,jump,seed13,21,9023.872727272726
hpmcounter3,jump,seed13,22,9024.18787878788
hpmcounter3,jump,seed13,23,9024.448484848484
hpmcounter3,jump,seed13,24,9024.60606060606
hpmcounter3,jump,seed13,25,9024.769696969697
hpmcounter3,jump,seed13,26,9024.50303030303
hpmcounter3,jump,seed13,27,9023.8
hpmcounter3,jump,seed13,28,9023.103030303031
hpmcounter3,jump,seed13,29,9022.654545454545
hpmcounter3,jump,seed13,30,9022.19393939394
hpmcounter3,jump,seed13,31,9021.860606060605
hpmcounter3,jump,seed13,32,9021.351515151515
hpmcounter3,jump,seed13,33,9021.175757575758
hpmcounter3,jump,seed13,34,9021.30303030303
hpmcounter3,jump,seed13,35,9021.745454545455
hpmcounter3,jump,seed13,36,9022.145454545454
hpmcounter3,jump,seed13,37,9022.309090909092
hpmcounter3,jump,seed13,38,9022.630303030302
hpmcounter3,jump,seed13,39,9023.121212121212
hpmcounter3,jump,seed13,40,9023.418181818182
hpmcounter3,jump,seed13,41,9023.60606060606
hpmcounter3,jump,seed13,42,9023.460606060606
hpmcounter3,jump,seed13,43,9023.333333333334
hpmcounter3,jump,seed13,44,9023.321212121213
hpmcounter3,jump,seed13,45,9023.290909090909
hpmcounter3,jump,seed13,46,9023.278787878788
hpmcounter3,jump,seed13,47,9023.078787878789
hpmcounter3,jump,seed13,48,9023.066666666668
hpmcounter3,jump,seed13,49,9023.10909090909
hpmcounter3,jump,seed13,50,9023.127272727274
hpmcounter3,jump,seed13,51,9023.121212121212
hpmcounter3,jump,seed13,52,9022.872727272726
hpmcounter3,jump,seed13,53,9022.690909090908
hpmcounter3,jump,seed13,54,9022.775757575757
hpmcounter3,jump,seed13,55,9022.951515151515
hpmcounter3,jump,seed13,56,9023.127272727274
hpmcounter3,jump,seed13,57,9023.2
hpmcounter3,jump,seed13,58,9023.278787878788
hpmcounter3,jump,seed13,59,9023.224242424243
hpmcounter3,jump,seed13,60,9023.19393939394
hpmcounter3,jump,seed13,61,9023.078787878789
hpmcounter3,jump,seed13,62,9241.745454545455
hpmcounter3,jump,seed13,63,9411.660606060606
hpmcounter3,jump,seed13,64,9532.80606060606
hpmcounter3,jump,seed13,65,9605.406060606061
hpmcounter3,jump,seed13,66,9629.824242424242
hpmcounter3,jump,seed13,67,9605.69696969697
hpmcounter3,jump,seed13,68,9532.927272727273
hpmcounter3,jump,seed13,69,9411.272727272728
hpmcounter3,jump,seed13,70,9241.084848484848
hpmcounter3,jump,seed13,71,9022.230303030303
hpmcounter3,jump,seed13,72,9022.375757575757
hpmcounter3,jump,seed13,73,9022.387878787878
hpmcounter3,jump,seed13,74,9022.242424242424
hpmcounter3,jump,seed13,75,9021.763636363636
hpmcounter3,jump,seed13,76,9021.727272727272
hpmcounter3,jump,seed13,77,9021.563636363637
hpmcounter3,jump,seed13,78,9021.624242424243
hpmcounter3,jump,seed13,79,9021.575757575758
hpmcounter3,jump,seed13,80,9021.551515151516
hpmcounter3,jump,seed13,81,9021.575757575758
hpmcounter3,jump,seed13,82,9021.757575757576
hpmcounter3,jump,seed13,83,9022.018181818183
hpmcounter3,jump,seed13,84,9022.290909090909
hpmcounter3,jump,seed13,85,9022.418181818182
hpmcounter3,jump,seed13,86,9022.60606060606
hpmcounter3,jump,seed13,87,9022.709090909091
hpmcounter3,jump,seed13,88,9022.957575757575
hpmcounter3,jump,seed13,89,9022.90303030303
hpmcounter3,jump,seed13,90,9022.569696969696
hpmcounter3,jump,seed13,91,9022.145454545454
hpmcounter3,jump,seed13,92,9022.048484848485
hpmcounter3,jump,seed13,93,9021.969696969696
hpmcounter3,jump,seed13,94,9021.90909090909
hpmcounter3,jump,seed13,95,9021.933333333332
hpmcounter3,jump,seed13,96,9021.89090909091
hpmcounter3,jump,seed13,97,9022.103030303031
hpmcounter3,jump,seed13,98,9022.39393939394
hpmcounter3,jump,seed13,99,9022.224242424243
hpmcounter3,jump,seed13,100,9022.10909090909
hpmcounter3,jump,seed13,101,9021.781818181818
hpmcounter3,jump,seed13,102,9021.69696969697
hpmcounter3,jump,seed13,103,9021.527272727273
hpmcounter3,jump,seed13,104,9021.418181818182
hpmcounter3,jump,seed13,105,9021.327272727272
hpmcounter3,jump,seed13,106,9020.969696969696
hpmcounter3,jump,seed13,107,9020.745454545455
hpmcounter3,jump,seed13,108,9020.678787878787
hpmcounter3,jump,seed13,109,9020.28484848485
hpmcounter3,jump,seed13,110,9020.30303030303
hpmcounter3,jump,seed13,111,9020.260606060607
hpmcounter3,jump,seed13,112,9020.454545454546
hpmcounter3,jump,seed13,113,9020.630303030302
hpmcounter3,jump,seed13,114,9021.006060606062
hpmcounter3,jump,seed13,115,9021.381818181819
hpmcounter3,jump,seed13,116,9021.50303030303
hpmcounter3,jump,seed13,117,9021.58787878788
hpmcounter3,jump,seed13,118,9021.690909090908
hpmcounter3,jump,seed13,119,9021.612121212122
hpmcounter3,jump,seed13,120,9021.527272727273
hpmcounter3,jump,seed13,121,9021.272727272728
hpmcounter3,jump,seed13,122,9021.157575757576
hpmcounter3,jump,seed13,123,9021.115151515152
hpmcounter3,jump,seed13,124,9021.375757575757
hpmcounter3,jump,seed13,125,9021.630303030302
hpmcounter3,jump,seed13,126,9021.90909090909
hpmcounter3,jump,seed13,127,9022.078787878789
hpmcounter3,jump,seed13,128,9021.987878787879
hpmcounter3,jump,seed13,129,9022.066666666668
hpmcounter3,jump,seed13,130,9022.157575757576
hpmcounter3,jump,seed13,131,9021.993939393938
hpmcounter3,jump,seed13,132,9021.981818181817
hpmcounter3,jump,seed13,133,9021.878787878788
hpmcounter3,jump,seed13,134,9021.896969696969
hpmcounter3,jump,seed13,135,9021.927272727273
hpmcounter3,jump,seed13,136,9022.103030303031
hpmcounter3,jump,seed13,137,9022.236363636364
hpmcounter3,jump,seed13,138,9021.993939393938
hpmcounter3,jump,seed13,139,9021.751515151514
hpmcounter3,jump,seed13,140,9021.775757575757
hpmcounter3,jump,seed13,141,9021.690909090908
hpmcounter3,jump,seed13,142,9021.860606060605
hpmcounter3,jump,seed13,143,9021.921212121211
hpmcounter3,jump,seed13,144,9021.818181818182
hpmcounter3,jump,seed13,145,9021.642424242424
hpmcounter3,jump,seed13,146,9021.418181818182
hpmcounter3,jump,seed13,147,9021.181818181818
hpmcounter3,jump,seed13,148,9021.10909090909
hpmcounter3,jump,seed13,149,9020.866666666667
hpmcounter3,jump,seed13,150,9020.612121212122
hpmcounter3,jump,seed13,151,9239.339393939394
hpmcounter3,jump,seed13,152,9627.993939393938
hpmcounter3,jump,seed13,153,10138.0
hpmcounter3,jump,seed13,154,10720.636363636364
hpmcounter3,jump,seed13,155,11327.521212121212
hpmcounter3,jump,seed13,156,11910.139393939395
hpmcounter3,jump,seed13,157,12419.678787878787
hpmcounter3,jump,seed13,158,12807.763636363636
hpmcounter3,jump,seed13,159,13025.733333333334
hpmcounter3,jump,seed13,160,13024.60606060606
hpmcounter3,jump,seed13,161,13019.933333333332
hpmcounter3,jump,seed13,162,13016.127272727274
hpmcounter3,jump,seed13,163,13013.278787878788
hpmcounter3,jump,seed13,164,13011.521212121212
hpmcounter3,jump,seed13,165,13010.769696969697
hpmcounter3,jump,seed13,166,13011.163636363637
hpmcounter3,jump,seed13,167,13012.424242424242
hpmcounter3,jump,seed13,168,13014.478787878788
hpmcounter3,jump,seed13,169,13017.472727272727
hpmcounter3,jump,seed13,170,13021.151515151516
hpmcounter3,jump,seed13,171,13020.81212121212
hpmcounter3,jump,seed13,172,13020.678787878787
hpmcounter3,jump,seed13,173,12802.39393939394
hpmcounter3,jump,seed13,174,12414.884848484848
hpmcounter3,jump,seed13,175,11905.987878787879
hpmcounter3,jump,seed13,176,11324.442424242425
hpmcounter3,jump,seed13,177,10718.575757575758
hpmcounter3,jump,seed13,178,10355.236363636364
hpmcounter3,jump,seed13,179,10234.145454545454
hpmcounter3,jump,seed13,180,10137.460606060606
hpmcounter3,jump,seed13,181,10113.387878787878
hpmcounter3,jump,seed13,182,10210.533333333333
hpmcounter3,jump,seed13,183,10210.593939393939
hpmcounter3,jump,seed13,184,10113.70303030303
hpmcounter3,jump,seed13,185,9919.727272727272
hpmcounter3,jump,seed13,186,9628.575757575758
hpmcounter3,jump,seed13,187,9240.230303030303
hpmcounter3,jump,seed13,188,9021.933333333332
hpmcounter3,jump,seed13,189,9021.630303030302
hpmcounter3,jump,seed13,190,9021.636363636364
hpmcounter3,jump,seed13,191,9021.612121212122
hpmcounter3,jump,seed13,192,9021.460606060606
hpmcounter3,jump,seed13,193,9021.436363636363
hpmcounter3,jump,seed13,194,9021.351515151515
hpmcounter3,jump,seed13,195,9021.624242424243
hpmcounter3,jump,seed13,196,9021.824242424242
hpmcounter3,jump,seed13,197,9021.848484848484
hpmcounter3,jump,seed13,198,9022.212121212122
hpmcounter3,jump,seed13,199,9022.309090909092
hpmcounter3,jump,seed13,200,9022.406060606061
hpmcounter3,jump,seed13,201,9022.28484848485
hpmcounter3,jump,seed13,202,9022.054545454546
hpmcounter3,jump,seed13,203,9021.824242424242
hpmcounter3,jump,seed13,204,9021.70303030303
hpmcounter3,jump,seed13,205,9021.581818181818
hpmcounter3,jump,seed13,206,9021.539393939394
hpmcounter3,jump,seed13,207,9021.357575757576
hpmcounter3,jump,seed13,208,9021.230303030303
hpmcounter3,jump,seed13,209,9021.018181818183
hpmcounter3,jump,seed13,210,9020.830303030303
hpmcounter3,jump,seed13,211,9020.533333333333
hpmcounter3,jump,seed13,212,9020.315151515151
hpmcounter3,jump,seed13,213,9020.18787878788
hpmcounter3,jump,seed13,214,9020.351515151515
hpmcounter3,jump,seed13,215,9020.454545454546
hpmcounter3,jump,seed13,216,9020.58787878788
hpmcounter3,jump,seed13,217,9020.478787878788
hpmcounter3,jump,seed13,218,9020.345454545455
hpmcounter3,jump,seed13,219,9020.218181818182
hpmcounter3,jump,seed13,220,9020.327272727272
hpmcounter3,jump,seed13,221,9020.472727272727
hpmcounter3,jump,seed13,222,9020.69696969697
hpmcounter3,jump,seed13,223,9020.769696969697
hpmcounter3,jump,seed13,224,9020.79393939394
hpmcounter3,jump,seed13,225,9020.466666666667
hpmcounter3,jump,seed13,226,9020.163636363637
hpmcounter3,jump,seed13,227,9019.836363636363
hpmcounter3,jump,seed13,228,9019.70303030303
hpmcounter3,jump,seed13,229,9019.69696969697
hpmcounter3,jump,seed13,230,9020.048484848485
hpmcounter3,jump,seed13,231,9020.242424242424
hpmcounter3,jump,seed13,232,9020.678787878787
hpmcounter3,jump,seed13,233,9021.09090909091
hpmcounter3,jump,seed13,234,9021.484848484848
hpmcounter3,jump,seed13,235,9021.69696969697
hpmcounter3,jump,seed13,236,9021.896969696969
hpmcounter3,jump,seed13,237,9022.248484848486
hpmcounter3,jump,seed13,238,9022.878787878788
hpmcounter3,jump,seed13,239,9023.278787878788
hpmcounter3,jump,seed13,240,9023.71515151515
hpmcounter3,jump,seed13,241,9023.569696969696
hpmcounter3,jump,seed13,242,9023.41212121212
hpmcounter3,jump,seed13,243,9023.0
hpmcounter3,jump,seed13,244,9022.533333333333
hpmcounter3,jump,seed13,245,9022.115151515152
hpmcounter3,jump,seed13,246,9021.60606060606
hpmcounter3,jump,seed13,247,9021.327272727272
hpmcounter3,jump,seed13,248,9021.339393939394
hpmcounter3,jump,seed13,249,9021.260606060607
hpmcounter3,jump,seed13,250,9021.321212121213
hpmcounter3,jump,seed13,251,9021.321212121213
hpmcounter3,jump,seed13,252,9021.50303030303
hpmcounter3,jump,seed13,253,9021.787878787878
hpmcounter3,jump,seed13,254,9022.084848484848
hpmcounter3,jump,seed13,255,9022.042424242425
hpmcounter3,jump,seed13,256,9021.969696969696
hpmcounter3,jump,seed13,257,9021.878787878788
hpmcounter3,jump,seed13,258,9021.660606060606
hpmcounter3,jump,seed13,259,9021.533333333333
hpmcounter3,jump,seed13,260,9021.648484848485
hpmcounter3,jump,seed13,261,9021.80606060606
hpmcounter3,jump,seed13,262,9021.939393939394
hpmcounter3,jump,seed13,263,9022.139393939395
hpmcounter3,jump,seed13,264,9022.375757575757
hpmcounter3,jump,seed13,265,9022.163636363637
hpmcounter3,jump,seed13,266,9021.987878787879
hpmcounter3,jump,seed13,267,9021.49696969697
hpmcounter3,jump,seed13,268,9021.10909090909
hpmcounter3,jump,seed13,269,9021.042424242425
hpmcounter3,jump,seed13,270,9021.242424242424
hpmcounter3,jump,seed13,271,9021.49090909091
hpmcounter3,jump,seed13,272,9021.8
hpmcounter3,jump,seed13,273,9021.927272727273
hpmcounter3,jump,seed13,274,9022.006060606062
hpmcounter3,jump,seed13,275,9021.848484848484
hpmcounter3,jump,seed13,276,9021.79393939394
hpmcounter3,jump,seed13,277,9021.50909090909
hpmcounter3,jump,seed13,278,9021.50909090909
hpmcounter3,jump,seed13,279,9021.630303030302
hpmcounter3,jump,seed13,280,9021.896969696969
hpmcounter3,jump,seed13,281,9022.175757575758
hpmcounter3,jump,seed13,282,9022.563636363637
hpmcounter3,jump,seed13,283,9022.90303030303
hpmcounter3,jump,seed13,284,9023.2
hpmcounter3,jump,seed13,285,9023.351515151515
hpmcounter3,jump,seed13,286,9023.30303030303
hpmcounter3,jump,seed13,287,9023.024242424242
hpmcounter3,jump,seed13,288,9022.79393939394
hpmcounter3,jump,seed13,289,9022.339393939394
hpmcounter3,jump,seed13,290,9022.024242424242
hpmcounter3,jump,seed13,291,9021.618181818181
hpmcounter3,jump,seed13,292,9021.442424242425
hpmcounter3,jump,seed13,293,9021.387878787878
hpmcounter3,jump,seed13,294,9021.436363636363
hpmcounter3,jump,seed13,295,9021.624242424243
hpmcounter3,jump,seed13,296,9021.654545454545
hpmcounter3,jump,seed13,297,9021.8
hpmcounter3,jump,seed13,298,9241.175757575758
hpmcounter3,jump,seed14,9,9012.709090909091
hpmcounter3,jump,seed14,10,9012.066666666668
hpmcounter3,jump,seed14,11,9012.163636363637
hpmcounter3,jump,seed14,12,9012.842424242424
hpmcounter3,jump,seed14,13,9013.612121212122
hpmcounter3,jump,seed14,14,9014.654545454545
hpmcounter3,jump,seed14,15,9015.709090909091
hpmcounter3,jump,seed14,16,9016.81212121212
hpmcounter3,jump,seed14,17,9018.0
hpmcounter3,jump,seed14,18,9018.8
hpmcounter3,jump,seed14,19,9019.169696969697
hpmcounter3,jump,seed14,20,9019.351515151515
hpmcounter3,jump,seed14,21,9019.581818181818
hpmcounter3,jump,seed14,22,9019.80606060606
hpmcounter3,jump,seed14,23,9019.90303030303
hpmcounter3,jump,seed14,24,9019.915151515152
hpmcounter3,jump,seed14,25,9019.842424242424
hpmcounter3,jump,seed14,26,9019.521212121212
hpmcounter3,jump,seed14,27,9019.28484848485
hpmcounter3,jump,seed14,28,9019.242424242424
hpmcounter3,jump,seed14,29,9019.224242424243
hpmcounter3,jump,seed14,30,9019.309090909092
hpmcounter3,jump,seed14,31,9019.357575757576
hpmcounter3,jump,seed14,32,9019.49090909091
hpmcounter3,jump,seed14,33,9019.684848484849
hpmcounter3,jump,seed14,34,9019.872727272726
hpmcounter3,jump,seed14,35,9019.987878787879
hpmcounter3,jump,seed14,36,9020.048484848485
hpmcounter3,jump,seed14,37,9019.896969696969
hpmcounter3,jump,seed14,38,9019.866666666667
hpmcounter3,jump,seed14,39,9019.939393939394
hpmcounter3,jump,seed14,40,9019.818181818182
hpmcounter3,jump,seed14,41,9019.612121212122
hpmcounter3,jump,seed14,42,9019.387878787878
hpmcounter3,jump,seed14,43,9019.290909090909
hpmcounter3,jump,seed14,44,9019.309090909092
hpmcounter3,jump,seed14,45,9019.254545454545
hpmcounter3,jump,seed14,46,9019.39393939394
hpmcounter3,jump,seed14,47,9019.442424242425
hpmcounter3,jump,seed14,48,9019.4
hpmcounter3,jump,seed14,49,9019.442424242425
hpmcounter3,jump,seed14,50,9019.436363636363
hpmcounter3,jump,seed14,51,9019.381818181819
hpmcounter3,jump,seed14,52,9019.060606060606
hpmcounter3,jump,seed14,53,9018.848484848484
hpmcounter3,jump,seed14,54,9018.987878787879
hpmcounter3,jump,seed14,55,9019.103030303031
hpmcounter3,jump,seed14,56,9019.19393939394
hpmcounter3,jump,seed14,57,9019.151515151516
hpmcounter3,jump,seed14,58,9019.09696969697
hpmcounter3,jump,seed14,59,9019.151515151516
hpmcounter3,jump,seed14,60,9019.58787878788
hpmcounter3,jump,seed14,61,9020.103030303031
hpmcounter3,jump,seed14,62,9020.448484848484
hpmcounter3,jump,seed14,63,9020.654545454545
hpmcounter3,jump,seed14,64,9020.921212121211
hpmcounter3,jump,seed14,65,9021.139393939395
hpmcounter3,jump,seed14,66,9021.175757575758
hpmcounter3,jump,seed14,67,9239.896969696969
hpmcounter3,jump,seed14,68,9628.212121212122
hpmcounter3,jump,seed14,69,10137.369696969698
hpmcounter3,jump,seed14,70,10719.448484848484
hpmcounter3,jump,seed14,71,11107.50909090909
hpmcounter3,jump,seed14,72,11519.866666666667
hpmcounter3,jump,seed14,73,11689.478787878788
hpmcounter3,jump,seed14,74,11616.290909090909
hpmcounter3,jump,seed14,75,11300.327272727272
hpmcounter3,jump,seed14,76,10741.721212121212
hpmcounter3,jump,seed14,77,10207.896969696969
hpmcounter3,jump,seed14,78,9747.030303030304
hpmcounter3,jump,seed14,79,9407.484848484848
hpmcounter3,jump,seed14,80,9237.581818181818
hpmcounter3,jump,seed14,81,9019.29696969697
hpmcounter3,jump,seed14,82,9019.321212121213
hpmcounter3,jump,seed14,83,9019.442424242425
hpmcounter3,jump,seed14,84,9019.636363636364
hpmcounter3,jump,seed14,85,9019.90909090909
hpmcounter3,jump,seed14,86,9020.169696969697
hpmcounter3,jump,seed14,87,9020.339393939394
hpmcounter3,jump,seed14,88,9020.460606060606
hpmcounter3,jump,seed14,89,9020.733333333334
hpmcounter3,jump,seed14,90,9020.727272727272
hpmcounter3,jump,seed14,91,9020.727272727272
hpmcounter3,jump,seed14,92,9020.545454545454
hpmcounter3,jump,seed14,93,9020.181818181818
hpmcounter3,jump,seed14,94,9019.90303030303
hpmcounter3,jump,seed14,95,9019.745454545455
hpmcounter3,jump,seed14,96,9019.612121212122
hpmcounter3,jump,seed14,97,9019.569696969696
hpmcounter3,jump,seed14,98,9019.454545454546
hpmcounter3,jump,seed14,99,9019.290909090909
hpmcounter3,jump,seed14,100,9019.484848484848
hpmcounter3,jump,seed14,101,9019.593939393939
hpmcounter3,jump,seed14,102,9019.751515151514
hpmcounter3,jump,seed14,103,9020.042424242425
hpmcounter3,jump,seed14,104,9020.309090909092
hpmcounter3,jump,seed14,105,9020.430303030304
hpmcounter3,jump,seed14,106,9020.472727272727
hpmcounter3,jump,seed14,107,9020.50303030303
hpmcounter3,jump,seed14,108,9020.387878787878
hpmcounter3,jump,seed14,109,9020.212121212122
hpmcounter3,jump,seed14,110,9020.28484848485
hpmcounter3,jump,seed14,111,9020.09090909091
hpmcounter3,jump,seed14,112,9020.09090909091
hpmcounter3,jump,seed14,113,9020.339393939394
hpmcounter3,jump,seed14,114,9020.660606060606
hpmcounter3,jump,seed14,115,9020.854545454546
hpmcounter3,jump,seed14,116,9021.181818181818
hpmcounter3,jump,seed14,117,9021.363636363636
hpmcounter3,jump,seed14,118,9021.50909090909
hpmcounter3,jump,seed14,119,9021.672727272728
hpmcounter3,jump,seed14,120,9021.842424242424
hpmcounter3,jump,seed14,121,9021.79393939394
hpmcounter3,jump,seed14,122,9021.769696969697
hpmcounter3,jump,seed14,123,9021.781818181818
hpmcounter3,jump,seed14,124,9021.927272727273
hpmcounter3,jump,seed14,125,9021.830303030303
hpmcounter3,jump,seed14,126,9021.878787878788
hpmcounter3,jump,seed14,127,9021.842424242424
hpmcounter3,jump,seed14,128,9021.50303030303
hpmcounter3,jump,seed14,129,9021.19393939394
hpmcounter3,jump,seed14,130,9020.927272727273
hpmcounter3,jump,seed14,131,9020.672727272728
hpmcounter3,jump,seed14,132,9020.430303030304
hpmcounter3,jump,seed14,133,9238.993939393938
hpmcounter3,jump,seed14,134,9409.133333333333
hpmcounter3,jump,seed14,135,9530.521212121212
hpmcounter3,jump,seed14,136,9603.521212121212
hpmcounter3,jump,seed14,137,9628.121212121212
hpmcounter3,jump,seed14,138,9603.81212121212
hpmcounter3,jump,seed14,139,9531.163636363637
hpmcounter3,jump,seed14,140,9409.8
hpmcounter3,jump,seed14,141,9239.721212121212
hpmcounter3,jump,seed14,142,9020.951515151515
hpmcounter3,jump,seed14,143,9020.739393939393
hpmcounter3,jump,seed14,144,9020.545454545454
hpmcounter3,jump,seed14,145,9020.278787878788
hpmcounter3,jump,seed14,146,9020.169696969697
hpmcounter3,jump,seed14,147,9020.175757575758
hpmcounter3,jump,seed14,148,9020.230303030303
hpmcounter3,jump,seed14,149,9020.521212121212
hpmcounter3,jump,seed14,150,9020.709090909091
hpmcounter3,jump,seed14,151,9239.424242424242
hpmcounter3,jump,seed14,152,9627.472727272727
hpmcounter3,jump,seed14,153,10136.151515151516
hpmcounter3,jump,seed14,154,10717.387878787878
hpmcounter3,jump,seed14,155,11322.757575757576
hpmcounter3,jump,seed14,156,11904.218181818182
hpmcounter3,jump,seed14,157,12413.030303030304
hpmcounter3,jump,seed14,158,12800.569696969696
hpmcounter3,jump,seed14,159,13018.357575757576
hpmcounter3,jump,seed14,160,13017.836363636363
hpmcounter3,jump,seed14,161,13013.993939393938
hpmcounter3,jump,seed14,162,13011.072727272727
hpmcounter3,jump,seed14,163,13008.69696969697
hpmcounter3,jump,seed14,164,13007.20606060606
hpmcounter3,jump,seed14,165,13006.454545454546
hpmcounter3,jump,seed14,166,13006.896969696969
hpmcounter3,jump,seed14,167,13008.624242424243
hpmcounter3,jump,seed14,168,13011.236363636364
hpmcounter3,jump,seed14,169,12796.50303030303
hpmcounter3,jump,seed14,170,12630.933333333332
hpmcounter3,jump,seed14,171,12509.90303030303
hpmcounter3,jump,seed14,172,12437.28484848485
hpmcounter3,jump,seed14,173,12413.0
hpmcounter3,jump,seed14,174,12437.266666666666
hpmcounter3,jump,seed14,175,12291.933333333332
hpmcounter3,jump,seed14,176,12025.260606060607
hpmcounter3,jump,seed14,177,11685.921212121211
hpmcounter3,jump,seed14,178,11322.315151515151
hpmcounter3,jump,seed14,179,10716.339393939394
hpmcounter3,jump,seed14,180,10134.593939393939
hpmcounter3,jump,seed14,181,9625.430303030304
hpmcounter3,jump,seed14,182,9237.442424242425
hpmcounter3,jump,seed14,183,9019.157575757576
hpmcounter3,jump,seed14,184,9237.515151515152
hpmcounter3,jump,seed14,185,9625.551515151516
hpmcounter3,jump,seed14,186,10134.709090909091
hpmcounter3,jump,seed14,187,10716.460606060606
hpmcounter3,jump,seed14,188,11322.593939393939
hpmcounter3,jump,seed14,189,11900.866666666667
hpmcounter3,jump,seed14,190,12188.848484848484
hpmcounter3,jump,seed14,191,12186.563636363637
hpmcounter3,jump,seed14,192,11894.254545454545
hpmcounter3,jump,seed14,193,11311.921212121211
hpmcounter3,jump,seed14,194,10706.49696969697
hpmcounter3,jump,seed14,195,10126.048484848485
hpmcounter3,jump,seed14,196,9619.18787878788
hpmcounter3,jump,seed14,197,9234.230303030303
hpmcounter3,jump,seed14,198,9020.024242424242
hpmcounter3,jump,seed14,199,9020.424242424242
hpmcounter3,jump,seed14,200,9020.472727272727
hpmcounter3,jump,seed14,201,9020.551515151516
hpmcounter3,jump,seed14,202,9020.569696969696
hpmcounter3,jump,seed14,203,9020.581818181818
hpmcounter3,jump,seed14,204,9020.684848484849
hpmcounter3,jump,seed14,205,9020.733333333334
hpmcounter3,jump,seed14,206,9021.024242424242
hpmcounter3,jump,seed14,207,9021.084848484848
hpmcounter3,jump,seed14,208,9021.006060606062
hpmcounter3,jump,seed14,209,9020.866666666667
hpmcounter3,jump,seed14,210,9020.369696969698
hpmcounter3,jump,seed14,211,9020.024242424242
hpmcounter3,jump,seed14,212,9019.775757575757
hpmcounter3,jump,seed14,213,9019.339393939394
hpmcounter3,jump,seed14,214,9019.236363636364
hpmcounter3,jump,seed14,215,9019.236363636364
hpmcounter3,jump,seed14,216,9019.539393939394
hpmcounter3,jump,seed14,217,9019.618181818181
hpmcounter3,jump,seed14,218,9019.70303030303
hpmcounter3,jump,seed14,219,9019.89090909091
hpmcounter3,jump,seed14,220,9019.80606060606
hpmcounter3,jump,seed14,221,9019.636363636364
hpmcounter3,jump,seed14,222,9019.539393939394
hpmcounter3,jump,seed14,223,9019.054545454546
hpmcounter3,jump,seed14,224,9018.690909090908
hpmcounter3,jump,seed14,225,9018.472727272727
hpmcounter3,jump,seed14,226,9018.41212121212
hpmcounter3,jump,seed14,227,9018.539393939394
hpmcounter3,jump,seed14,228,9019.036363636364
hpmcounter3,jump,seed14,229,9019.921212121211
hpmcounter3,jump,seed14,230,9020.672727272728
hpmcounter3,jump,seed14,231,9021.70303030303
hpmcounter3,jump,seed14,232,9022.672727272728
hpmcounter3,jump,seed14,233,9023.157575757576
hpmcounter3,jump,seed14,234,9023.351515151515
hpmcounter3,jump,seed14,235,9023.39393939394
hpmcounter3,jump,seed14,236,9023.181818181818
hpmcounter3,jump,seed14,237,9022.945454545454
hpmcounter3,jump,seed14,238,9022.6
hpmcounter3,jump,seed14,239,9022.533333333333
hpmcounter3,jump,seed14,240,9022.357575757576
hpmcounter3,jump,seed14,241,9022.448484848484
hpmcounter3,jump,seed14,242,9022.50303030303
hpmcounter3,jump,seed14,243,9022.630303030302
hpmcounter3,jump,seed14,244,9022.781818181818
hpmcounter3,jump,seed14,245,9022.945454545454
hpmcounter3,jump,seed14,246,9022.957575757575
hpmcounter3,jump,seed14,247,9022.678787878787
hpmcounter3,jump,seed14,248,9022.242424242424
hpmcounter3,jump,seed14,249,9021.848484848484
hpmcounter3,jump,seed14,250,9021.545454545454
hpmcounter3,jump,seed14,251,9021.290909090909
hpmcounter3,jump,seed14,252,9021.278787878788
hpmcounter3,jump,seed14,253,9021.757575757576
hpmcounter3,jump,seed14,254,9022.2
hpmcounter3,jump,seed14,255,9022.58787878788
hpmcounter3,jump,seed14,256,9022.866666666667
hpmcounter3,jump,seed14,257,9022.878787878788
hpmcounter3,jump,seed14,258,9022.842424242424
hpmcounter3,jump,seed14,259,9022.733333333334
hpmcounter3,jump,seed14,260,9022.624242424243
hpmcounter3,jump,seed14,261,9022.478787878788
hpmcounter3,jump,seed14,262,9022.345454545455
hpmcounter3,jump,seed14,263,9022.387878787878
hpmcounter3,jump,seed14,264,9022.49696969697
hpmcounter3,jump,seed14,265,9022.448484848484
hpmcounter3,jump,seed14,266,9022.29696969697
hpmcounter3,jump,seed14,267,9021.89090909091
hpmcounter3,jump,seed14,268,9021.60606060606
hpmcounter3,jump,seed14,269,9021.333333333334
hpmcounter3,jump,seed14,270,9021.242424242424
hpmcounter3,jump,seed14,271,9021.315151515151
hpmcounter3,jump,seed14,272,9021.133333333333
hpmcounter3,jump,seed14,273,9020.860606060605
hpmcounter3,jump,seed14,274,9020.763636363636
hpmcounter3,jump,seed14,275,9020.648484848485
hpmcounter3,jump,seed14,276,9020.70303030303
hpmcounter3,jump,seed14,277,9020.648484848485
hpmcounter3,jump,seed14,278,9021.0
hpmcounter3,jump,seed14,279,9021.20606060606
hpmcounter3,jump,seed14,280,9021.71515151515
hpmcounter3,jump,seed14,281,9022.345454545455
hpmcounter3,jump,seed14,282,9022.818181818182
hpmcounter3,jump,seed14,283,9023.175757575758
hpmcounter3,jump,seed14,284,9023.448484848484
hpmcounter3,jump,seed14,285,9023.684848484849
hpmcounter3,jump,seed14,286,9023.89090909091
hpmcounter3,jump,seed14,287,9023.933333333332
hpmcounter3,jump,seed14,288,9023.836363636363
hpmcounter3,jump,seed14,289,9023.436363636363
hpmcounter3,jump,seed14,290,9023.339393939394
hpmcounter3,jump,seed14,291,9023.10909090909
hpmcounter3,jump,seed14,292,9022.89090909091
hpmcounter3,jump,seed14,293,9022.551515151516
hpmcounter3,jump,seed14,294,9022.115151515152
hpmcounter3,jump,seed14,295,9021.721212121212
hpmcounter3,jump,seed14,296,9021.442424242425
hpmcounter3,jump,seed14,297,9021.30303030303
hpmcounter3,jump,seed14,298,9021.224242424243
hpmcounter3,jump,seed15,9,11824.745454545455
hpmcounter3,jump,seed15,10,12113.896969696969
hpmcounter3,jump,seed15,11,12337.80606060606
hpmcounter3,jump,seed15,12,12447.933333333332
hpmcounter3,jump,seed15,13,12395.2
hpmcounter3,jump,seed15,14,12387.8
hpmcounter3,jump,seed15,15,12425.018181818183
hpmcounter3,jump,seed15,16,12288.50909090909
hpmcounter3,jump,seed15,17,12027.018181818183
hpmcounter3,jump,seed15,18,11689.848484848484
hpmcounter3,jump,seed15,19,11326.563636363637
hpmcounter3,jump,seed15,20,10720.266666666666
hpmcounter3,jump,seed15,21,10138.369696969698
hpmcounter3,jump,seed15,22,9629.175757575758
hpmcounter3,jump,seed15,23,9241.260606060607
hpmcounter3,jump,seed15,24,9022.987878787879
hpmcounter3,jump,seed15,25,9022.8
hpmcounter3,jump,seed15,26,9022.593939393939
hpmcounter3,jump,seed15,27,9022.20606060606
hpmcounter3,jump,seed15,28,9021.90303030303
hpmcounter3,jump,seed15,29,9021.6
hpmcounter3,jump,seed15,30,9021.345454545455
hpmcounter3,jump,seed15,31,9021.066666666668
hpmcounter3,jump,seed15,32,9020.448484848484
hpmcounter3,jump,seed15,33,9019.80606060606
hpmcounter3,jump,seed15,34,9019.430303030304
hpmcounter3,jump,seed15,35,9019.254545454545
hpmcounter3,jump,seed15,36,9019.442424242425
hpmcounter3,jump,seed15,37,9019.89090909091
hpmcounter3,jump,seed15,38,9020.618181818181
hpmcounter3,jump,seed15,39,9021.357575757576
hpmcounter3,jump,seed15,40,9022.084848484848
hpmcounter3,jump,seed15,41,9022.927272727273
hpmcounter3,jump,seed15,42,9023.6
hpmcounter3,jump,seed15,43,9023.927272727273
hpmcounter3,jump,seed15,44,9024.036363636364
hpmcounter3,jump,seed15,45,9023.981818181817
hpmcounter3,jump,seed15,46,9023.612121212122
hpmcounter3,jump,seed15,47,9023.339393939394
hpmcounter3,jump,seed15,48,9023.066666666668
hpmcounter3,jump,seed15,49,9022.575757575758
hpmcounter3,jump,seed15,50,9022.0
hpmcounter3,jump,seed15,51,9021.60606060606
hpmcounter3,jump,seed15,52,9021.442424242425
hpmcounter3,jump,seed15,53,9021.381818181819
hpmcounter3,jump,seed15,54,9021.50303030303
hpmcounter3,jump,seed15,55,9021.739393939393
hpmcounter3,jump,seed15,56,9240.333333333334
hpmcounter3,jump,seed15,57,9628.618181818181
hpmcounter3,jump,seed15,58,9919.872727272726
hpmcounter3,jump,seed15,59,10332.2
hpmcounter3,jump,seed15,60,10817.375757575757
hpmcounter3,jump,seed15,61,11326.648484848485
hpmcounter3,jump,seed15,62,11811.860606060605
hpmcounter3,jump,seed15,63,12224.103030303031
hpmcounter3,jump,seed15,64,12296.872727272726
hpmcounter3,jump,seed15,65,12248.39393939394
hpmcounter3,jump,seed15,66,12078.866666666667
hpmcounter3,jump,seed15,67,11836.50303030303
hpmcounter3,jump,seed15,68,11303.151515151516
hpmcounter3,jump,seed15,69,10745.4
hpmcounter3,jump,seed15,70,10211.987878787879
hpmcounter3,jump,seed15,71,9750.830303030303
hpmcounter3,jump,seed15,72,9411.078787878789
hpmcounter3,jump,seed15,73,9459.315151515151
hpmcounter3,jump,seed15,74,9628.915151515152
hpmcounter3,jump,seed15,75,9919.71515151515
hpmcounter3,jump,seed15,76,10113.557575757575
hpmcounter3,jump,seed15,77,10210.224242424243
hpmcounter3,jump,seed15,78,10210.127272727274
hpmcounter3,jump,seed15,79,10113.266666666666
hpmcounter3,jump,seed15,80,9919.466666666667
hpmcounter3,jump,seed15,81,9628.363636363636
hpmcounter3,jump,seed15,82,9240.351515151515
hpmcounter3,jump,seed15,83,9022.09696969697
hpmcounter3,jump,seed15,84,9022.242424242424
hpmcounter3,jump,seed15,85,9022.309090909092
hpmcounter3,jump,seed15,86,9022.472727272727
hpmcounter3,jump,seed15,87,9022.521212121212
hpmcounter3,jump,seed15,88,9022.430303030304
hpmcounter3,jump,seed15,89,9022.369696969698
hpmcounter3,jump,seed15,90,9022.29696969697
hpmcounter3,jump,seed15,91,9022.024242424242
hpmcounter3,jump,seed15,92,9022.09090909091
hpmcounter3,jump,seed15,93,9022.066666666668
hpmcounter3,jump,seed15,94,9022.072727272727
hpmcounter3,jump,seed15,95,9021.781818181818
hpmcounter3,jump,seed15,96,9021.430303030304
hpmcounter3,jump,seed15,97,9021.242424242424
hpmcounter3,jump,seed15,98,9020.836363636363
hpmcounter3,jump,seed15,99,9020.454545454546
hpmcounter3,jump,seed15,100,9020.436363636363
hpmcounter3,jump,seed15,101,9020.28484848485
hpmcounter3,jump,seed15,102,9020.290909090909
hpmcounter3,jump,seed15,103,9020.163636363637
hpmcounter3,jump,seed15,104,9020.575757575758
hpmcounter3,jump,seed15,105,9020.80606060606
hpmcounter3,jump,seed15,106,9021.103030303031
hpmcounter3,jump,seed15,107,9021.266666666666
hpmcounter3,jump,seed15,108,9021.163636363637
hpmcounter3,jump,seed15,109,9020.927272727273
hpmcounter3,jump,seed15,110,9020.80606060606
hpmcounter3,jump,seed15,111,9020.660606060606
hpmcounter3,jump,seed15,112,9020.139393939395
hpmcounter3,jump,seed15,113,9019.418181818182
hpmcounter3,jump,seed15,114,9019.115151515152
hpmcounter3,jump,seed15,115,9019.078787878789
hpmcounter3,jump,seed15,116,9019.70303030303
hpmcounter3,jump,seed15,117,9020.4
hpmcounter3,jump,seed15,118,9020.981818181817
hpmcounter3,jump,seed15,119,9021.272727272728
hpmcounter3,jump,seed15,120,9021.381818181819
hpmcounter3,jump,seed15,121,9021.2
hpmcounter3,jump,seed15,122,9020.563636363637
hpmcounter3,jump,seed15,123,9019.89090909091
hpmcounter3,jump,seed15,124,9234.539393939394
hpmcounter3,jump,seed15,125,9401.454545454546
hpmcounter3,jump,seed15,126,9520.951515151515
hpmcounter3,jump,seed15,127,9592.751515151514
hpmcounter3,jump,seed15,128,9616.866666666667
hpmcounter3,jump,seed15,129,9593.260606060607
hpmcounter3,jump,seed15,130,9521.90909090909
hpmcounter3,jump,seed15,131,9402.545454545454
hpmcounter3,jump,seed15,132,9235.242424242424
hpmcounter3,jump,seed15,133,9020.151515151516
hpmcounter3,jump,seed15,134,9020.28484848485
hpmcounter3,jump,seed15,135,9020.309090909092
hpmcounter3,jump,seed15,136,9020.115151515152
hpmcounter3,jump,seed15,137,9019.70303030303
hpmcounter3,jump,seed15,138,9019.49090909091
hpmcounter3,jump,seed15,139,9019.20606060606
hpmcounter3,jump,seed15,140,9237.624242424243
hpmcounter3,jump,seed15,141,9625.727272727272
hpmcounter3,jump,seed15,142,10135.09696969697
hpmcounter3,jump,seed15,143,10717.260606060607
hpmcounter3,jump,seed15,144,11323.666666666666
hpmcounter3,jump,seed15,145,11905.79393939394
hpmcounter3,jump,seed15,146,12415.218181818182
hpmcounter3,jump,seed15,147,12803.163636363637
hpmcounter3,jump,seed15,148,13021.60606060606
hpmcounter3,jump,seed15,149,13021.363636363636
hpmcounter3,jump,seed15,150,12803.472727272727
hpmcounter3,jump,seed15,151,12634.006060606062
hpmcounter3,jump,seed15,152,12513.048484848485
hpmcounter3,jump,seed15,153,12440.60606060606
hpmcounter3,jump,seed15,154,12416.466666666667
hpmcounter3,jump,seed15,155,12440.860606060605
hpmcounter3,jump,seed15,156,12513.842424242424
hpmcounter3,jump,seed15,157,12635.048484848485
hpmcounter3,jump,seed15,158,12804.733333333334
hpmcounter3,jump,seed15,159,13022.763636363636
hpmcounter3,jump,seed15,160,13022.527272727273
hpmcounter3,jump,seed15,161,13022.012121212121
hpmcounter3,jump,seed15,162,13021.618181818181
hpmcounter3,jump,seed15,163,13021.381818181819
hpmcounter3,jump,seed15,164,13021.248484848486
hpmcounter3,jump,seed15,165,13021.218181818182
hpmcounter3,jump,seed15,166,13021.369696969698
hpmcounter3,jump,seed15,167,13021.406060606061
hpmcounter3,jump,seed15,168,13021.39393939394
hpmcounter3,jump,seed15,169,13021.478787878788
hpmcounter3,jump,seed15,170,13021.551515151516
hpmcounter3,jump,seed15,171,13021.454545454546
hpmcounter3,jump,seed15,172,13021.351515151515
hpmcounter3,jump,seed15,173,12802.951515151515
hpmcounter3,jump,seed15,174,12414.896969696969
hpmcounter3,jump,seed15,175,11905.478787878788
hpmcounter3,jump,seed15,176,11323.569696969696
hpmcounter3,jump,seed15,177,10717.357575757576
hpmcounter3,jump,seed15,178,10135.39393939394
hpmcounter3,jump,seed15,179,9626.218181818182
hpmcounter3,jump,seed15,180,9238.533333333333
hpmcounter3,jump,seed15,181,9020.363636363636
hpmcounter3,jump,seed15,182,9020.527272727273
hpmcounter3,jump,seed15,183,9020.654545454545
hpmcounter3,jump,seed15,184,9020.569696969696
hpmcounter3,jump,seed15,185,9020.327272727272
hpmcounter3,jump,seed15,186,9020.115151515152
hpmcounter3,jump,seed15,187,9020.0
hpmcounter3,jump,seed15,188,9020.066666666668
hpmcounter3,jump,seed15,189,9020.072727272727
hpmcounter3,jump,seed15,190,9020.309090909092
hpmcounter3,jump,seed15,191,9020.4
hpmcounter3,jump,seed15,192,9020.563636363637
hpmcounter3,jump,seed15,193,9020.8
hpmcounter3,jump,seed15,194,9020.842424242424
hpmcounter3,jump,seed15,195,9021.018181818183
hpmcounter3,jump,seed15,196,9021.048484848485
hpmcounter3,jump,seed15,197,9021.054545454546
hpmcounter3,jump,seed15,198,9021.030303030304
hpmcounter3,jump,seed15,199,9020.71515151515
hpmcounter3,jump,seed15,200,9020.242424242424
hpmcounter3,jump,seed15,201,9019.769696969697
hpmcounter3,jump,seed15,202,9019.375757575757
hpmcounter3,jump,seed15,203,9019.127272727274
hpmcounter3,jump,seed15,204,9019.078787878789
hpmcounter3,jump,seed15,205,9019.18787878788
hpmcounter3,jump,seed15,206,9019.381818181819
hpmcounter3,jump,seed15,207,9019.563636363637
hpmcounter3,jump,seed15,208,9019.666666666666
hpmcounter3,jump,seed15,209,9019.50303030303
hpmcounter3,jump,seed15,210,9019.533333333333
hpmcounter3,jump,seed15,211,9019.466666666667
hpmcounter3,jump,seed15,212,9019.642424242424
hpmcounter3,jump,seed15,213,9019.915151515152
hpmcounter3,jump,seed15,214,9020.460606060606
hpmcounter3,jump,seed15,215,9020.575757575758
hpmcounter3,jump,seed15,216,9020.690909090908
hpmcounter3,jump,seed15,217,9020.769696969697
hpmcounter3,jump,seed15,218,9020.678787878787
hpmcounter3,jump,seed15,219,9020.448484848484
hpmcounter3,jump,seed15,220,9020.363636363636
hpmcounter3,jump,seed15,221,9020.20606060606
hpmcounter3,jump,seed15,222,9020.175757575758
hpmcounter3,jump,seed15,223,9020.242424242424
hpmcounter3,jump,seed15,224,9020.484848484848
hpmcounter3,jump,seed15,225,9020.39393939394
hpmcounter3,jump,seed15,226,9020.363636363636
hpmcounter3,jump,seed15,227,9020.406060606061
hpmcounter3,jump,seed15,228,9020.333333333334
hpmcounter3,jump,seed15,229,9020.387878787878
hpmcounter3,jump,seed15,230,9020.351515151515
hpmcounter3,jump,seed15,231,9020.181818181818
hpmcounter3,jump,seed15,232,9020.121212121212
hpmcounter3,jump,seed15,233,9020.145454545454
hpmcounter3,jump,seed15,234,9020.242424242424
hpmcounter3,jump,seed15,235,9020.290909090909
hpmcounter3,jump,seed15,236,9020.466666666667
hpmcounter3,jump,seed15,237,9020.472727272727
hpmcounter3,jump,seed15,238,9020.50909090909
hpmcounter3,jump,seed15,239,9020.41212121212
hpmcounter3,jump,seed15,240,9020.139393939395
hpmcounter3,jump,seed15,241,9019.527272727273
hpmcounter3,jump,seed15,242,9018.975757575758
hpmcounter3,jump,seed15,243,9018.533333333333
hpmcounter3,jump,seed15,244,9018.345454545455
hpmcounter3,jump,seed15,245,9018.454545454546
hpmcounter3,jump,seed15,246,9018.90303030303
hpmcounter3,jump,seed15,247,9019.369696969698
hpmcounter3,jump,seed15,248,9019.951515151515
hpmcounter3,jump,seed15,249,9020.339393939394
hpmcounter3,jump,seed15,250,9020.751515151514
hpmcounter3,jump,seed15,251,9021.006060606062
hpmcounter3,jump,seed15,252,9021.054545454546
hpmcounter3,jump,seed15,253,9020.872727272726
hpmcounter3,jump,seed15,254,9020.636363636364
hpmcounter3,jump,seed15,255,9020.6
hpmcounter3,jump,seed15,256,9020.6
hpmcounter3,jump,seed15,257,9020.81212121212
hpmcounter3,jump,seed15,258,9020.927272727273
hpmcounter3,jump,seed15,259,9020.71515151515
hpmcounter3,jump,seed15,260,9020.660606060606
hpmcounter3,jump,seed15,261,9020.545454545454
hpmcounter3,jump,seed15,262,9020.448484848484
hpmcounter3,jump,seed15,263,9020.30303030303
hpmcounter3,jump,seed15,264,9020.10909090909
hpmcounter3,jump,seed15,265,9020.0
hpmcounter3,jump,seed15,266,9019.757575757576
hpmcounter3,jump,seed15,267,9019.781818181818
hpmcounter3,jump,seed15,268,9020.006060606062
hpmcounter3,jump,seed15,269,9020.139393939395
hpmcounter3,jump,seed15,270,9020.521212121212
hpmcounter3,jump,seed15,271,9020.818181818182
hpmcounter3,jump,seed15,272,9021.181818181818
hpmcounter3,jump,seed15,273,9021.642424242424
hpmcounter3,jump,seed15,274,9022.20606060606
hpmcounter3,jump,seed15,275,9022.757575757576
hpmcounter3,jump,seed15,276,9023.224242424243
hpmcounter3,jump,seed15,277,9023.315151515151
hpmcounter3,jump,seed15,278,9023.29696969697
hpmcounter3,jump,seed15,279,9023.072727272727
hpmcounter3,jump,seed15,280,9022.939393939394
hpmcounter3,jump,seed15,281,9022.709090909091
hpmcounter3,jump,seed15,282,9022.054545454546
hpmcounter3,jump,seed15,283,9021.290909090909
hpmcounter3,jump,seed15,284,9020.721212121212
hpmcounter3,jump,seed15,285,9020.163636363637
hpmcounter3,jump,seed15,286,9019.824242424242
hpmcounter3,jump,seed15,287,9019.50909090909
hpmcounter3,jump,seed15,288,9019.381818181819
hpmcounter3,jump,seed15,289,9019.363636363636
hpmcounter3,jump,seed15,290,9019.709090909091
hpmcounter3,jump,seed15,291,9020.254545454545
hpmcounter3,jump,seed15,292,9020.612121212122
hpmcounter3,jump,seed15,293,9020.8
hpmcounter3,jump,seed15,294,9020.884848484848
hpmcounter3,jump,seed15,295,9020.921212121211
hpmcounter3,jump,seed15,296,9020.58787878788
hpmcounter3,jump,seed15,297,9020.19393939394
hpmcounter3,jump,seed15,298,9019.830303030303
hpmcounter3,jump,seed16,9,9012.41212121212
hpmcounter3,jump,seed16,10,9011.8
hpmcounter3,jump,seed16,11,9012.006060606062
hpmcounter3,jump,seed16,12,9012.90303030303
hpmcounter3,jump,seed16,13,9014.018181818183
hpmcounter3,jump,seed16,14,9015.278787878788
hpmcounter3,jump,seed16,15,9016.830303030303
hpmcounter3,jump,seed16,16,9018.309090909092
hpmcounter3,jump,seed16,17,9019.727272727272
hpmcounter3,jump,seed16,18,9020.654545454545
hpmcounter3,jump,seed16,19,9021.121212121212
hpmcounter3,jump,seed16,20,9021.236363636364
hpmcounter3,jump,seed16,21,9021.357575757576
hpmcounter3,jump,seed16,22,9021.49696969697
hpmcounter3,jump,seed16,23,9021.612121212122
hpmcounter3,jump,seed16,24,9021.327272727272
hpmcounter3,jump,seed16,25,9021.09696969697
hpmcounter3,jump,seed16,26,9020.769696969697
hpmcounter3,jump,seed16,27,9020.478787878788
hpmcounter3,jump,seed16,28,9020.115151515152
hpmcounter3,jump,seed16,29,9019.878787878788
hpmcounter3,jump,seed16,30,9019.630303030302
hpmcounter3,jump,seed16,31,9019.593939393939
hpmcounter3,jump,seed16,32,9019.593939393939
hpmcounter3,jump,seed16,33,9019.860606060605
hpmcounter3,jump,seed16,34,9020.236363636364
hpmcounter3,jump,seed16,35,9020.769696969697
hpmcounter3,jump,seed16,36,9021.290909090909
hpmcounter3,jump,seed16,37,9021.666666666666
hpmcounter3,jump,seed16,38,9021.951515151515
hpmcounter3,jump,seed16,39,9021.969696969696
hpmcounter3,jump,seed16,40,9021.775757575757
hpmcounter3,jump,seed16,41,9021.466666666667
hpmcounter3,jump,seed16,42,9021.042424242425
hpmcounter3,jump,seed16,43,9020.636363636364
hpmcounter3,jump,seed16,44,9020.557575757575
hpmcounter3,jump,seed16,45,9020.545454545454
hpmcounter3,jump,seed16,46,9020.648484848485
hpmcounter3,jump,seed16,47,9020.581818181818
hpmcounter3,jump,seed16,48,9020.709090909091
hpmcounter3,jump,seed16,49,9020.642424242424
hpmcounter3,jump,seed16,50,9020.612121212122
hpmcounter3,jump,seed16,51,9020.563636363637
hpmcounter3,jump,seed16,52,9020.442424242425
hpmcounter3,jump,seed16,53,9020.369696969698
hpmcounter3,jump,seed16,54,9020.49090909091
hpmcounter3,jump,seed16,55,9020.50909090909
hpmcounter3,jump,seed16,56,9020.424242424242
hpmcounter3,jump,seed16,57,9020.345454545455
hpmcounter3,jump,seed16,58,9020.436363636363
hpmcounter3,jump,seed16,59,9020.41212121212
hpmcounter3,jump,seed16,60,9020.406060606061
hpmcounter3,jump,seed16,61,9020.690909090908
hpmcounter3,jump,seed16,62,9020.975757575758
hpmcounter3,jump,seed16,63,9021.19393939394
hpmcounter3,jump,seed16,64,9021.290909090909
hpmcounter3,jump,seed16,65,9021.333333333334
hpmcounter3,jump,seed16,66,9021.406060606061
hpmcounter3,jump,seed16,67,9021.648484848485
hpmcounter3,jump,seed16,68,9022.036363636364
hpmcounter3,jump,seed16,69,9022.006060606062
hpmcounter3,jump,seed16,70,9021.854545454546
hpmcounter3,jump,seed16,71,9021.739393939393
hpmcounter3,jump,seed16,72,9021.545454545454
hpmcounter3,jump,seed16,73,9021.28484848485
hpmcounter3,jump,seed16,74,9020.945454545454
hpmcounter3,jump,seed16,75,9020.515151515152
hpmcounter3,jump,seed16,76,9020.260606060607
hpmcounter3,jump,seed16,77,9020.10909090909
hpmcounter3,jump,seed16,78,9020.121212121212
hpmcounter3,jump,seed16,79,9019.80606060606
hpmcounter3,jump,seed16,80,9019.50909090909
hpmcounter3,jump,seed16,81,9019.351515151515
hpmcounter3,jump,seed16,82,9019.28484848485
hpmcounter3,jump,seed16,83,9019.242424242424
hpmcounter3,jump,seed16,84,9019.30303030303
hpmcounter3,jump,seed16,85,9019.533333333333
hpmcounter3,jump,seed16,86,9019.921212121211
hpmcounter3,jump,seed16,87,9020.224242424243
hpmcounter3,jump,seed16,88,9020.333333333334
hpmcounter3,jump,seed16,89,9020.115151515152
hpmcounter3,jump,seed16,90,9019.666666666666
hpmcounter3,jump,seed16,91,9019.309090909092
hpmcounter3,jump,seed16,92,9019.254545454545
hpmcounter3,jump,seed16,93,9019.30303030303
hpmcounter3,jump,seed16,94,9019.484848484848
hpmcounter3,jump,seed16,95,9019.733333333334
hpmcounter3,jump,seed16,96,9020.236363636364
hpmcounter3,jump,seed16,97,9020.781818181818
hpmcounter3,jump,seed16,98,9021.036363636364
hpmcounter3,jump,seed16,99,9021.10909090909
hpmcounter3,jump,seed16,100,9021.042424242425
hpmcounter3,jump,seed16,101,9021.139393939395
hpmcounter3,jump,seed16,102,9021.28484848485
hpmcounter3,jump,seed16,103,9021.751515151514
hpmcounter3,jump,seed16,104,9022.315151515151
hpmcounter3,jump,seed16,105,9022.49090909091
hpmcounter3,jump,seed16,106,9022.709090909091
hpmcounter3,jump,seed16,107,9022.860606060605
hpmcounter3,jump,seed16,108,9022.757575757576
hpmcounter3,jump,seed16,109,9022.375757575757
hpmcounter3,jump,seed16,110,9021.824242424242
hpmcounter3,jump,seed16,111,9021.6
hpmcounter3,jump,seed16,112,9021.418181818182
hpmcounter3,jump,seed16,113,9021.327272727272
hpmcounter3,jump,seed16,114,9021.454545454546
hpmcounter3,jump,seed16,115,9021.260606060607
hpmcounter3,jump,seed16,116,9021.230303030303
hpmcounter3,jump,seed16,117,9240.230303030303
hpmcounter3,jump,seed16,118,9410.418181818182
hpmcounter3,jump,seed16,119,9531.818181818182
hpmcounter3,jump,seed16,120,9604.563636363637
hpmcounter3,jump,seed16,121,9628.636363636364
hpmcounter3,jump,seed16,122,9604.09696969697
hpmcounter3,jump,seed16,123,9530.672727272728
hpmcounter3,jump,seed16,124,9409.066666666668
hpmcounter3,jump,seed16,125,9238.866666666667
hpmcounter3,jump,seed16,126,9019.951515151515
hpmcounter3,jump,seed16,127,9020.321212121213
hpmcounter3,jump,seed16,128,9020.6
hpmcounter3,jump,seed16,129,9020.993939393938
hpmcounter3,jump,seed16,130,9021.248484848486
hpmcounter3,jump,seed16,131,9021.460606060606
hpmcounter3,jump,seed16,132,9021.515151515152
hpmcounter3,jump,seed16,133,9021.363636363636
hpmcounter3,jump,seed16,134,9021.545454545454
hpmcounter3,jump,seed16,135,9021.842424242424
hpmcounter3,jump,seed16,136,9021.987878787879
hpmcounter3,jump,seed16,137,9022.024242424242
hpmcounter3,jump,seed16,138,9021.8
hpmcounter3,jump,seed16,139,9021.648484848485
hpmcounter3,jump,seed16,140,9021.327272727272
hpmcounter3,jump,seed16,141,9020.69696969697
hpmcounter3,jump,seed16,142,9020.127272727274
hpmcounter3,jump,seed16,143,9019.69696969697
hpmcounter3,jump,seed16,144,9019.321212121213
hpmcounter3,jump,seed16,145,9018.993939393938
hpmcounter3,jump,seed16,146,9237.666666666666
hpmcounter3,jump,seed16,147,9626.29696969697
hpmcounter3,jump,seed16,148,10136.20606060606
hpmcounter3,jump,seed16,149,10719.024242424242
hpmcounter3,jump,seed16,150,11326.054545454546
hpmcounter3,jump,seed16,151,11908.224242424243
hpmcounter3,jump,seed16,152,12417.266666666666
hpmcounter3,jump,seed16,153,12805.006060606062
hpmcounter3,jump,seed16,154,13022.636363636364
hpmcounter3,jump,seed16,155,13021.648484848485
hpmcounter3,jump,seed16,156,13021.10909090909
hpmcounter3,jump,seed16,157,13020.672727272728
hpmcounter3,jump,seed16,158,13020.4
hpmcounter3,jump,seed16,159,13020.351515151515
hpmcounter3,jump,seed16,160,13016.515151515152
hpmcounter3,jump,seed16,161,13009.751515151514
hpmcounter3,jump,seed16,162,13004.418181818182
hpmcounter3,jump,seed16,163,13000.727272727272
hpmcounter3,jump,seed16,164,12998.878787878788
hpmcounter3,jump,seed16,165,12998.90303030303
hpmcounter3,jump,seed16,166,13000.896969696969
hpmcounter3,jump,seed16,167,13004.333333333334
hpmcounter3,jump,seed16,168,13009.860606060605
hpmcounter3,jump,seed16,169,13017.121212121212
hpmcounter3,jump,seed16,170,13017.484848484848
hpmcounter3,jump,seed16,171,12796.642424242424
hpmcounter3,jump,seed16,172,12406.763636363636
hpmcounter3,jump,seed16,173,11896.230303030303
hpmcounter3,jump,seed16,174,11313.81212121212
hpmcounter3,jump,seed16,175,10708.018181818183
hpmcounter3,jump,seed16,176,10127.369696969698
hpmcounter3,jump,seed16,177,9619.921212121211
hpmcounter3,jump,seed16,178,9234.842424242424
hpmcounter3,jump,seed16,179,9020.424242424242
hpmcounter3,jump,seed16,180,9020.375757575757
hpmcounter3,jump,seed16,181,9020.278787878788
hpmcounter3,jump,seed16,182,9020.254545454545
hpmcounter3,jump,seed16,183,9020.30303030303
hpmcounter3,jump,seed16,184,9020.369696969698
hpmcounter3,jump,seed16,185,9020.4
hpmcounter3,jump,seed16,186,9020.28484848485
hpmcounter3,jump,seed16,187,9020.048484848485
hpmcounter3,jump,seed16,188,9019.769696969697
hpmcounter3,jump,seed16,189,9019.472727272727
hpmcounter3,jump,seed16,190,9019.345454545455
hpmcounter3,jump,seed16,191,9019.254545454545
hpmcounter3,jump,seed16,192,9019.266666666666
hpmcounter3,jump,seed16,193,9019.339393939394
hpmcounter3,jump,seed16,194,9019.539393939394
hpmcounter3,jump,seed16,195,9019.8
hpmcounter3,jump,seed16,196,9020.09696969697
hpmcounter3,jump,seed16,197,9020.163636363637
hpmcounter3,jump,seed16,198,9020.066666666668
hpmcounter3,jump,seed16,199,9019.915151515152
hpmcounter3,jump,seed16,200,9019.775757575757
hpmcounter3,jump,seed16,201,9019.836363636363
hpmcounter3,jump,seed16,202,9020.060606060606
hpmcounter3,jump,seed16,203,9020.181818181818
hpmcounter3,jump,seed16,204,9020.375757575757
hpmcounter3,jump,seed16,205,9020.41212121212
hpmcounter3,jump,seed16,206,9020.557575757575
hpmcounter3,jump,seed16,207,9020.569696969696
hpmcounter3,jump,seed16,208,9020.424242424242
hpmcounter3,jump,seed16,209,9020.406060606061
hpmcounter3,jump,seed16,210,9019.975757575758
hpmcounter3,jump,seed16,211,9019.981818181817
hpmcounter3,jump,seed16,212,9020.236363636364
hpmcounter3,jump,seed16,213,9020.442424242425
hpmcounter3,jump,seed16,214,9020.775757575757
hpmcounter3,jump,seed16,215,9020.69696969697
hpmcounter3,jump,seed16,216,9020.581818181818
hpmcounter3,jump,seed16,217,9020.539393939394
hpmcounter3,jump,seed16,218,9020.545454545454
hpmcounter3,jump,seed16,219,9020.709090909091
hpmcounter3,jump,seed16,220,9020.684848484849
hpmcounter3,jump,seed16,221,9020.878787878788
hpmcounter3,jump,seed16,222,9021.248484848486
hpmcounter3,jump,seed16,223,9021.484848484848
hpmcounter3,jump,seed16,224,9021.721212121212
hpmcounter3,jump,seed16,225,9021.8
hpmcounter3,jump,seed16,226,9021.618181818181
hpmcounter3,jump,seed16,227,9021.430303030304
hpmcounter3,jump,seed16,228,9021.41212121212
hpmcounter3,jump,seed16,229,9021.212121212122
hpmcounter3,jump,seed16,230,9021.054545454546
hpmcounter3,jump,seed16,231,9020.842424242424
hpmcounter3,jump,seed16,232,9020.50303030303
hpmcounter3,jump,seed16,233,9020.030303030304
hpmcounter3,jump,seed16,234,9019.666666666666
hpmcounter3,jump,seed16,235,9019.818181818182
hpmcounter3,jump,seed16,236,9020.139393939395
hpmcounter3,jump,seed16,237,9020.309090909092
hpmcounter3,jump,seed16,238,9020.563636363637
hpmcounter3,jump,seed16,239,9020.575757575758
hpmcounter3,jump,seed16,240,9020.533333333333
hpmcounter3,jump,seed16,241,9020.557575757575
hpmcounter3,jump,seed16,242,9020.424242424242
hpmcounter3,jump,seed16,243,9019.975757575758
hpmcounter3,jump,seed16,244,9019.860606060605
hpmcounter3,jump,seed16,245,9019.860606060605
hpmcounter3,jump,seed16,246,9020.169696969697
hpmcounter3,jump,seed16,247,9020.163636363637
hpmcounter3,jump,seed16,248,9020.030303030304
hpmcounter3,jump,seed16,249,9019.70303030303
hpmcounter3,jump,seed16,250,9019.357575757576
hpmcounter3,jump,seed16,251,9019.115151515152
hpmcounter3,jump,seed16,252,9019.054545454546
hpmcounter3,jump,seed16,253,9018.824242424242
hpmcounter3,jump,seed16,254,9019.054545454546
hpmcounter3,jump,seed16,255,9019.272727272728
hpmcounter3,jump,seed16,256,9019.478787878788
hpmcounter3,jump,seed16,257,9019.593939393939
hpmcounter3,jump,seed16,258,9019.757575757576
hpmcounter3,jump,seed16,259,9238.71515151515
hpmcounter3,jump,seed16,260,9409.315151515151
hpmcounter3,jump,seed16,261,9749.460606060606
hpmcounter3,jump,seed16,262,9992.472727272727
hpmcounter3,jump,seed16,263,10138.20606060606
hpmcounter3,jump,seed16,264,10405.224242424243
hpmcounter3,jump,seed16,265,10745.036363636364
hpmcounter3,jump,seed16,266,11108.448484848484
hpmcounter3,jump,seed16,267,11447.339393939394
hpmcounter3,jump,seed16,268,11713.387878787878
hpmcounter3,jump,seed16,269,11907.139393939395
hpmcounter3,jump,seed16,270,11810.09090909091
hpmcounter3,jump,seed16,271,11688.636363636364
hpmcounter3,jump,seed16,272,11324.551515151516
hpmcounter3,jump,seed16,273,10717.860606060605
hpmcounter3,jump,seed16,274,10135.630303030302
hpmcounter3,jump,seed16,275,9626.363636363636
hpmcounter3,jump,seed16,276,9238.327272727272
hpmcounter3,jump,seed16,277,9019.981818181817
hpmcounter3,jump,seed16,278,9020.133333333333
hpmcounter3,jump,seed16,279,9020.248484848486
hpmcounter3,jump,seed16,280,9020.28484848485
hpmcounter3,jump,seed16,281,9020.212121212122
hpmcounter3,jump,seed16,282,9020.151515151516
hpmcounter3,jump,seed16,283,9019.915151515152
hpmcounter3,jump,seed16,284,9019.866666666667
hpmcounter3,jump,seed16,285,9019.466666666667
hpmcounter3,jump,seed16,286,9019.236363636364
hpmcounter3,jump,seed16,287,9019.242424242424
hpmcounter3,jump,seed16,288,9019.636363636364
hpmcounter3,jump,seed16,289,9020.260606060607
hpmcounter3,jump,seed16,290,9020.71515151515
hpmcounter3,jump,seed16,291,9021.139393939395
hpmcounter3,jump,seed16,292,9021.727272727272
hpmcounter3,jump,seed16,293,9022.18787878788
hpmcounter3,jump,seed16,294,9022.618181818181
hpmcounter3,jump,seed16,295,9022.739393939393
hpmcounter3,jump,seed16,296,9022.50303030303
hpmcounter3,jump,seed16,297,9022.163636363637
hpmcounter3,jump,seed16,298,9021.878787878788
hpmcounter3,jump,seed17,9,9897.672727272728
hpmcounter3,jump,seed17,10,10088.254545454545
hpmcounter3,jump,seed17,11,10402.30303030303
hpmcounter3,jump,seed17,12,10790.787878787878
hpmcounter3,jump,seed17,13,11204.866666666667
hpmcounter3,jump,seed17,14,11596.39393939394
hpmcounter3,jump,seed17,15,11916.848484848484
hpmcounter3,jump,seed17,16,12117.4
hpmcounter3,jump,seed17,17,12411.769696969697
hpmcounter3,jump,seed17,18,12800.127272727274
hpmcounter3,jump,seed17,19,13018.50303030303
hpmcounter3,jump,seed17,20,13018.327272727272
hpmcounter3,jump,seed17,21,13018.484848484848
hpmcounter3,jump,seed17,22,13018.648484848485
hpmcounter3,jump,seed17,23,12800.460606060606
hpmcounter3,jump,seed17,24,12412.460606060606
hpmcounter3,jump,seed17,25,11903.49696969697
hpmcounter3,jump,seed17,26,11321.666666666666
hpmcounter3,jump,seed17,27,10715.727272727272
hpmcounter3,jump,seed17,28,10134.19393939394
hpmcounter3,jump,seed17,29,9625.351515151515
hpmcounter3,jump,seed17,30,9237.630303030302
hpmcounter3,jump,seed17,31,9019.70303030303
hpmcounter3,jump,seed17,32,9019.90909090909
hpmcounter3,jump,seed17,33,9020.030303030304
hpmcounter3,jump,seed17,34,9019.866666666667
hpmcounter3,jump,seed17,35,9019.672727272728
hpmcounter3,jump,seed17,36,9019.624242424243
hpmcounter3,jump,seed17,37,9019.69696969697
hpmcounter3,jump,seed17,38,9019.79393939394
hpmcounter3,jump,seed17,39,9020.036363636364
hpmcounter3,jump,seed17,40,9020.036363636364
hpmcounter3,jump,seed17,41,9020.036363636364
hpmcounter3,jump,seed17,42,9020.103030303031
hpmcounter3,jump,seed17,43,9020.181818181818
hpmcounter3,jump,seed17,44,9020.248484848486
hpmcounter3,jump,seed17,45,9020.309090909092
hpmcounter3,jump,seed17,46,9020.363636363636
hpmcounter3,jump,seed17,47,9020.339393939394
hpmcounter3,jump,seed17,48,9020.181818181818
hpmcounter3,jump,seed17,49,9020.254545454545
hpmcounter3,jump,seed17,50,9020.521212121212
hpmcounter3,jump,seed17,51,9020.745454545455
hpmcounter3,jump,seed17,52,9020.969696969696
hpmcounter3,jump,seed17,53,9021.224242424243
hpmcounter3,jump,seed17,54,9021.442424242425
hpmcounter3,jump,seed17,55,9021.824242424242
hpmcounter3,jump,seed17,56,9021.939393939394
hpmcounter3,jump,seed17,57,9021.763636363636
hpmcounter3,jump,seed17,58,9021.406060606061
hpmcounter3,jump,seed17,59,9020.933333333332
hpmcounter3,jump,seed17,60,9020.690909090908
hpmcounter3,jump,seed17,61,9020.472727272727
hpmcounter3,jump,seed17,62,9020.236363636364
hpmcounter3,jump,seed17,63,9020.030303030304
hpmcounter3,jump,seed17,64,9019.71515151515
hpmcounter3,jump,seed17,65,9019.448484848484
hpmcounter3,jump,seed17,66,9019.254545454545
hpmcounter3,jump,seed17,67,9019.133333333333
hpmcounter3,jump,seed17,68,9019.030303030304
hpmcounter3,jump,seed17,69,9019.175757575758
hpmcounter3,jump,seed17,70,9019.369696969698
hpmcounter3,jump,seed17,71,9019.678787878787
hpmcounter3,jump,seed17,72,9019.818181818182
hpmcounter3,jump,seed17,73,9019.963636363636
hpmcounter3,jump,seed17,74,9019.969696969696
hpmcounter3,jump,seed17,75,9019.769696969697
hpmcounter3,jump,seed17,76,9019.71515151515
hpmcounter3,jump,seed17,77,9019.672727272728
hpmcounter3,jump,seed17,78,9019.357575757576
hpmcounter3,jump,seed17,79,9019.290909090909
hpmcounter3,jump,seed17,80,9019.2
hpmcounter3,jump,seed17,81,9019.218181818182
hpmcounter3,jump,seed17,82,9019.036363636364
hpmcounter3,jump,seed17,83,9019.018181818183
hpmcounter3,jump,seed17,84,9019.478787878788
hpmcounter3,jump,seed17,85,9019.69696969697
hpmcounter3,jump,seed17,86,9020.157575757576
hpmcounter3,jump,seed17,87,9020.672727272728
hpmcounter3,jump,seed17,88,9020.8
hpmcounter3,jump,seed17,89,9020.727272727272
hpmcounter3,jump,seed17,90,9020.466666666667
hpmcounter3,jump,seed17,91,9020.248484848486
hpmcounter3,jump,seed17,92,9019.872727272726
hpmcounter3,jump,seed17,93,9019.557575757575
hpmcounter3,jump,seed17,94,9019.593939393939
hpmcounter3,jump,seed17,95,9019.545454545454
hpmcounter3,jump,seed17,96,9019.436363636363
hpmcounter3,jump,seed17,97,9019.6
hpmcounter3,jump,seed17,98,9019.60606060606
hpmcounter3,jump,seed17,99,9019.278787878788
hpmcounter3,jump,seed17,100,9019.09090909091
hpmcounter3,jump,seed17,101,9019.030303030304
hpmcounter3,jump,seed17,102,9019.042424242425
hpmcounter3,jump,seed17,103,9019.151515151516
hpmcounter3,jump,seed17,104,9019.19393939394
hpmcounter3,jump,seed17,105,9019.454545454546
hpmcounter3,jump,seed17,106,9019.751515151514
hpmcounter3,jump,seed17,107,9020.115151515152
hpmcounter3,jump,seed17,108,9020.424242424242
hpmcounter3,jump,seed17,109,9020.50909090909
hpmcounter3,jump,seed17,110,9020.545454545454
hpmcounter3,jump,seed17,111,9020.448484848484
hpmcounter3,jump,seed17,112,9020.351515151515
hpmcounter3,jump,seed17,113,9020.012121212121
hpmcounter3,jump,seed17,114,9019.60606060606
hpmcounter3,jump,seed17,115,9019.593939393939
hpmcounter3,jump,seed17,116,9020.072727272727
hpmcounter3,jump,seed17,117,9020.533333333333
hpmcounter3,jump,seed17,118,9020.963636363636
hpmcounter3,jump,seed17,119,9021.266666666666
hpmcounter3,jump,seed17,120,9021.442424242425
hpmcounter3,jump,seed17,121,9021.290909090909
hpmcounter3,jump,seed17,122,9021.327272727272
hpmcounter3,jump,seed17,123,9021.19393939394
hpmcounter3,jump,seed17,124,9021.084848484848
hpmcounter3,jump,seed17,125,9021.28484848485
hpmcounter3,jump,seed17,126,9021.642424242424
hpmcounter3,jump,seed17,127,9022.224242424243
hpmcounter3,jump,seed17,128,9022.642424242424
hpmcounter3,jump,seed17,129,9022.915151515152
hpmcounter3,jump,seed17,130,9023.224242424243
hpmcounter3,jump,seed17,131,9023.212121212122
hpmcounter3,jump,seed17,132,9023.339393939394
hpmcounter3,jump,seed17,133,9023.2
hpmcounter3,jump,seed17,134,9022.842424242424
hpmcounter3,jump,seed17,135,9022.448484848484
hpmcounter3,jump,seed17,136,9021.648484848485
hpmcounter3,jump,seed17,137,9020.878787878788
hpmcounter3,jump,seed17,138,9020.066666666668
hpmcounter3,jump,seed17,139,9019.315151515151
hpmcounter3,jump,seed17,140,9018.981818181817
hpmcounter3,jump,seed17,141,9018.860606060605
hpmcounter3,jump,seed17,142,9019.163636363637
hpmcounter3,jump,seed17,143,9019.648484848485
hpmcounter3,jump,seed17,144,9020.103030303031
hpmcounter3,jump,seed17,145,9020.460606060606
hpmcounter3,jump,seed17,146,9020.69696969697
hpmcounter3,jump,seed17,147,9020.981818181817
hpmcounter3,jump,seed17,148,9021.375757575757
hpmcounter3,jump,seed17,149,9021.642424242424
hpmcounter3,jump,seed17,150,9021.824242424242
hpmcounter3,jump,seed17,151,9241.030303030304
hpmcounter3,jump,seed17,152,9630.078787878789
hpmcounter3,jump,seed17,153,10140.30303030303
hpmcounter3,jump,seed17,154,10722.993939393938
hpmcounter3,jump,seed17,155,11329.484848484848
hpmcounter3,jump,seed17,156,11911.527272727273
hpmcounter3,jump,seed17,157,12420.557575757575
hpmcounter3,jump,seed17,158,12808.157575757576
hpmcounter3,jump,seed17,159,13025.830303030303
hpmcounter3,jump,seed17,160,13024.866666666667
hpmcounter3,jump,seed17,161,13020.672727272728
hpmcounter3,jump,seed17,162,13017.278787878788
hpmcounter3,jump,seed17,163,13014.648484848485
hpmcounter3,jump,seed17,164,13012.939393939394
hpmcounter3,jump,seed17,165,13012.163636363637
hpmcounter3,jump,seed17,166,13012.466666666667
hpmcounter3,jump,seed17,167,13013.50909090909
hpmcounter3,jump,seed17,168,13011.618181818181
hpmcounter3,jump,seed17,169,12793.315151515151
hpmcounter3,jump,seed17,170,12407.078787878789
hpmcounter3,jump,seed17,171,11896.58787878788
hpmcounter3,jump,seed17,172,11314.254545454545
hpmcounter3,jump,seed17,173,10708.460606060606
hpmcounter3,jump,seed17,174,10127.81212121212
hpmcounter3,jump,seed17,175,9620.818181818182
hpmcounter3,jump,seed17,176,9236.042424242425
hpmcounter3,jump,seed17,177,9021.684848484849
hpmcounter3,jump,seed17,178,9021.69696969697
hpmcounter3,jump,seed17,179,9021.878787878788
hpmcounter3,jump,seed17,180,9022.169696969697
hpmcounter3,jump,seed17,181,9022.278787878788
hpmcounter3,jump,seed17,182,9022.339393939394
hpmcounter3,jump,seed17,183,9022.333333333334
hpmcounter3,jump,seed17,184,9022.054545454546
hpmcounter3,jump,seed17,185,9021.71515151515
hpmcounter3,jump,seed17,186,9021.50303030303
hpmcounter3,jump,seed17,187,9021.327272727272
hpmcounter3,jump,seed17,188,9021.369696969698
hpmcounter3,jump,seed17,189,9021.49696969697
hpmcounter3,jump,seed17,190,9021.660606060606
hpmcounter3,jump,seed17,191,9021.854545454546
hpmcounter3,jump,seed17,192,9021.90303030303
hpmcounter3,jump,seed17,193,9022.024242424242
hpmcounter3,jump,seed17,194,9021.818181818182
hpmcounter3,jump,seed17,195,9021.175757575758
hpmcounter3,jump,seed17,196,9020.781818181818
hpmcounter3,jump,seed17,197,9020.472727272727
hpmcounter3,jump,seed17,198,9020.49696969697
hpmcounter3,jump,seed17,199,9020.648484848485
hpmcounter3,jump,seed17,200,9020.60606060606
hpmcounter3,jump,seed17,201,9020.436363636363
hpmcounter3,jump,seed17,202,9020.163636363637
hpmcounter3,jump,seed17,203,9020.012121212121
hpmcounter3,jump,seed17,204,9019.896969696969
hpmcounter3,jump,seed17,205,9019.333333333334
hpmcounter3,jump,seed17,206,9019.127272727274
hpmcounter3,jump,seed17,207,9018.993939393938
hpmcounter3,jump,seed17,208,9018.824242424242
hpmcounter3,jump,seed17,209,9018.884848484848
hpmcounter3,jump,seed17,210,9019.28484848485
hpmcounter3,jump,seed17,211,9019.624242424243
hpmcounter3,jump,seed17,212,9019.945454545454
hpmcounter3,jump,seed17,213,9020.224242424243
hpmcounter3,jump,seed17,214,9020.557575757575
hpmcounter3,jump,seed17,215,9020.612121212122
hpmcounter3,jump,seed17,216,9020.454545454546
hpmcounter3,jump,seed17,217,9020.351515151515
hpmcounter3,jump,seed17,218,9019.884848484848
hpmcounter3,jump,seed17,219,9019.375757575757
hpmcounter3,jump,seed17,220,9019.321212121213
hpmcounter3,jump,seed17,221,9019.19393939394
hpmcounter3,jump,seed17,222,9019.018181818183
hpmcounter3,jump,seed17,223,9018.939393939394
hpmcounter3,jump,seed17,224,9019.09090909091
hpmcounter3,jump,seed17,225,9019.406060606061
hpmcounter3,jump,seed17,226,9019.551515151516
hpmcounter3,jump,seed17,227,9019.70303030303
hpmcounter3,jump,seed17,228,9019.781818181818
hpmcounter3,jump,seed17,229,9019.80606060606
hpmcounter3,jump,seed17,230,9020.139393939395
hpmcounter3,jump,seed17,231,9020.406060606061
hpmcounter3,jump,seed17,232,9020.569696969696
hpmcounter3,jump,seed17,233,9020.71515151515
hpmcounter3,jump,seed17,234,9020.612121212122
hpmcounter3,jump,seed17,235,9020.593939393939
hpmcounter3,jump,seed17,236,9020.70303030303
hpmcounter3,jump,seed17,237,9020.71515151515
hpmcounter3,jump,seed17,238,9020.630303030302
hpmcounter3,jump,seed17,239,9020.363636363636
hpmcounter3,jump,seed17,240,9020.127272727274
hpmcounter3,jump,seed17,241,9019.945454545454
hpmcounter3,jump,seed17,242,9019.830303030303
hpmcounter3,jump,seed17,243,9019.969696969696
hpmcounter3,jump,seed17,244,9020.018181818183
hpmcounter3,jump,seed17,245,9020.006060606062
hpmcounter3,jump,seed17,246,9020.09090909091
hpmcounter3,jump,seed17,247,9020.363636363636
hpmcounter3,jump,seed17,248,9020.515151515152
hpmcounter3,jump,seed17,249,9020.41212121212
hpmcounter3,jump,seed17,250,9020.230303030303
hpmcounter3,jump,seed17,251,9020.078787878789
hpmcounter3,jump,seed17,252,9020.054545454546
hpmcounter3,jump,seed17,253,9020.09090909091
hpmcounter3,jump,seed17,254,9020.278787878788
hpmcounter3,jump,seed17,255,9020.387878787878
hpmcounter3,jump,seed17,256,9020.18787878788
hpmcounter3,jump,seed17,257,9019.848484848484
hpmcounter3,jump,seed17,258,9019.472727272727
hpmcounter3,jump,seed17,259,9019.278787878788
hpmcounter3,jump,seed17,260,9019.218181818182
hpmcounter3,jump,seed17,261,9019.060606060606
hpmcounter3,jump,seed17,262,9019.151515151516
hpmcounter3,jump,seed17,263,9019.218181818182
hpmcounter3,jump,seed17,264,9019.28484848485
hpmcounter3,jump,seed17,265,9019.484848484848
hpmcounter3,jump,seed17,266,9019.551515151516
hpmcounter3,jump,seed17,267,9019.327272727272
hpmcounter3,jump,seed17,268,9018.921212121211
hpmcounter3,jump,seed17,269,9018.733333333334
hpmcounter3,jump,seed17,270,9018.81212121212
hpmcounter3,jump,seed17,271,9018.79393939394
hpmcounter3,jump,seed17,272,9018.690909090908
hpmcounter3,jump,seed17,273,9018.527272727273
hpmcounter3,jump,seed17,274,9018.19393939394
hpmcounter3,jump,seed17,275,9018.066666666668
hpmcounter3,jump,seed17,276,9018.363636363636
hpmcounter3,jump,seed17,277,9018.466666666667
hpmcounter3,jump,seed17,278,9018.727272727272
hpmcounter3,jump,seed17,279,9018.878787878788
hpmcounter3,jump,seed17,280,9019.10909090909
hpmcounter3,jump,seed17,281,9019.2
hpmcounter3,jump,seed17,282,9019.20606060606
hpmcounter3,jump,seed17,283,9019.103030303031
hpmcounter3,jump,seed17,284,9018.975757575758
hpmcounter3,jump,seed17,285,9019.236363636364
hpmcounter3,jump,seed17,286,9019.80606060606
hpmcounter3,jump,seed17,287,9020.024242424242
hpmcounter3,jump,seed17,288,9020.539393939394
hpmcounter3,jump,seed17,289,9020.963636363636
hpmcounter3,jump,seed17,290,9021.272727272728
hpmcounter3,jump,seed17,291,9021.254545454545
hpmcounter3,jump,seed17,292,9021.236363636364
hpmcounter3,jump,seed17,293,9020.951515151515
hpmcounter3,jump,seed17,294,9020.58787878788
hpmcounter3,jump,seed17,295,9020.339393939394
hpmcounter3,jump,seed17,296,9020.036363636364
hpmcounter3,jump,seed17,297,9019.460606060606
hpmcounter3,jump,seed17,298,9019.066666666668
hpmcounter3,jump,seed18,9,9014.351515151515
hpmcounter3,jump,seed18,10,9014.084848484848
hpmcounter3,jump,seed18,11,9014.375757575757
hpmcounter3,jump,seed18,12,9014.854545454546
hpmcounter3,jump,seed18,13,9015.448484848484
hpmcounter3,jump,seed18,14,9016.272727272728
hpmcounter3,jump,seed18,15,9017.157575757576
hpmcounter3,jump,seed18,16,9018.030303030304
hpmcounter3,jump,seed18,17,9018.884848484848
hpmcounter3,jump,seed18,18,9019.593939393939
hpmcounter3,jump,seed18,19,9020.006060606062
hpmcounter3,jump,seed18,20,9019.957575757575
hpmcounter3,jump,seed18,21,9020.084848484848
hpmcounter3,jump,seed18,22,9020.036363636364
hpmcounter3,jump,seed18,23,9019.945454545454
hpmcounter3,jump,seed18,24,9019.824242424242
hpmcounter3,jump,seed18,25,9019.727272727272
hpmcounter3,jump,seed18,26,9019.49090909091
hpmcounter3,jump,seed18,27,9019.315151515151
hpmcounter3,jump,seed18,28,9019.418181818182
hpmcounter3,jump,seed18,29,9019.6
hpmcounter3,jump,seed18,30,9019.80606060606
hpmcounter3,jump,seed18,31,9019.818181818182
hpmcounter3,jump,seed18,32,9019.781818181818
hpmcounter3,jump,seed18,33,9019.684848484849
hpmcounter3,jump,seed18,34,9019.636363636364
hpmcounter3,jump,seed18,35,9019.745454545455
hpmcounter3,jump,seed18,36,9019.787878787878
hpmcounter3,jump,seed18,37,9019.739393939393
hpmcounter3,jump,seed18,38,9019.987878787879
hpmcounter3,jump,seed18,39,9020.30303030303
hpmcounter3,jump,seed18,40,9020.50909090909
hpmcounter3,jump,seed18,41,9020.472727272727
hpmcounter3,jump,seed18,42,9020.236363636364
hpmcounter3,jump,seed18,43,9019.987878787879
hpmcounter3,jump,seed18,44,9019.836363636363
hpmcounter3,jump,seed18,45,9019.672727272728
hpmcounter3,jump,seed18,46,9019.927272727273
hpmcounter3,jump,seed18,47,9020.309090909092
hpmcounter3,jump,seed18,48,9020.618181818181
hpmcounter3,jump,seed18,49,9020.824242424242
hpmcounter3,jump,seed18,50,9020.872727272726
hpmcounter3,jump,seed18,51,9020.927272727273
hpmcounter3,jump,seed18,52,9020.733333333334
hpmcounter3,jump,seed18,53,9020.466666666667
hpmcounter3,jump,seed18,54,9020.315151515151
hpmcounter3,jump,seed18,55,9019.915151515152
hpmcounter3,jump,seed18,56,9019.666666666666
hpmcounter3,jump,seed18,57,9019.69696969697
hpmcounter3,jump,seed18,58,9019.721212121212
hpmcounter3,jump,seed18,59,9019.551515151516
hpmcounter3,jump,seed18,60,9019.539393939394
hpmcounter3,jump,seed18,61,9019.618181818181
hpmcounter3,jump,seed18,62,9019.775757575757
hpmcounter3,jump,seed18,63,9019.878787878788
hpmcounter3,jump,seed18,64,9020.060606060606
hpmcounter3,jump,seed18,65,9020.09090909091
hpmcounter3,jump,seed18,66,9019.969696969696
hpmcounter3,jump,seed18,67,9019.818181818182
hpmcounter3,jump,seed18,68,9019.593939393939
hpmcounter3,jump,seed18,69,9019.078787878789
hpmcounter3,jump,seed18,70,9018.618181818181
hpmcounter3,jump,seed18,71,9018.19393939394
hpmcounter3,jump,seed18,72,9017.854545454546
hpmcounter3,jump,seed18,73,9017.581818181818
hpmcounter3,jump,seed18,74,9017.672727272728
hpmcounter3,jump,seed18,75,9017.915151515152
hpmcounter3,jump,seed18,76,9018.39393939394
hpmcounter3,jump,seed18,77,9018.963636363636
hpmcounter3,jump,seed18,78,9019.545454545454
hpmcounter3,jump,seed18,79,9019.654545454545
hpmcounter3,jump,seed18,80,9019.6
hpmcounter3,jump,seed18,81,9019.545454545454
hpmcounter3,jump,seed18,82,9019.333333333334
hpmcounter3,jump,seed18,83,9019.048484848485
hpmcounter3,jump,seed18,84,9019.042424242425
hpmcounter3,jump,seed18,85,9019.30303030303
hpmcounter3,jump,seed18,86,9019.709090909091
hpmcounter3,jump,seed18,87,9020.260606060607
hpmcounter3,jump,seed18,88,9020.824242424242
hpmcounter3,jump,seed18,89,9021.0
hpmcounter3,jump,seed18,90,9020.981818181817
hpmcounter3,jump,seed18,91,9020.987878787879
hpmcounter3,jump,seed18,92,9020.884848484848
hpmcounter3,jump,seed18,93,9020.727272727272
hpmcounter3,jump,seed18,94,9020.581818181818
hpmcounter3,jump,seed18,95,9020.539393939394
hpmcounter3,jump,seed18,96,9020.218181818182
hpmcounter3,jump,seed18,97,9020.018181818183
hpmcounter3,jump,seed18,98,9019.939393939394
hpmcounter3,jump,seed18,99,9019.739393939393
hpmcounter3,jump,seed18,100,9019.769696969697
hpmcounter3,jump,seed18,101,9019.896969696969
hpmcounter3,jump,seed18,102,9020.175757575758
hpmcounter3,jump,seed18,103,9020.690909090908
hpmcounter3,jump,seed18,104,9021.012121212121
hpmcounter3,jump,seed18,105,9021.272727272728
hpmcounter3,jump,seed18,106,9021.20606060606
hpmcounter3,jump,seed18,107,9021.139393939395
hpmcounter3,jump,seed18,108,9021.127272727274
hpmcounter3,jump,seed18,109,9020.915151515152
hpmcounter3,jump,seed18,110,9020.81212121212
hpmcounter3,jump,seed18,111,9020.709090909091
hpmcounter3,jump,seed18,112,9020.781818181818
hpmcounter3,jump,seed18,113,9020.89090909091
hpmcounter3,jump,seed18,114,9020.818181818182
hpmcounter3,jump,seed18,115,9020.672727272728
hpmcounter3,jump,seed18,116,9020.563636363637
hpmcounter3,jump,seed18,117,9020.654545454545
hpmcounter3,jump,seed18,118,9020.484848484848
hpmcounter3,jump,seed18,119,9020.551515151516
hpmcounter3,jump,seed18,120,9020.751515151514
hpmcounter3,jump,seed18,121,9020.951515151515
hpmcounter3,jump,seed18,122,9021.230303030303
hpmcounter3,jump,seed18,123,9021.278787878788
hpmcounter3,jump,seed18,124,9021.533333333333
hpmcounter3,jump,seed18,125,9021.648484848485
hpmcounter3,jump,seed18,126,9021.690909090908
hpmcounter3,jump,seed18,127,9021.915151515152
hpmcounter3,jump,seed18,128,9021.581818181818
hpmcounter3,jump,seed18,129,9021.309090909092
hpmcounter3,jump,seed18,130,9021.09090909091
hpmcounter3,jump,seed18,131,9020.884848484848
hpmcounter3,jump,seed18,132,9020.842424242424
hpmcounter3,jump,seed18,133,9020.80606060606
hpmcounter3,jump,seed18,134,9021.084848484848
hpmcounter3,jump,seed18,135,9021.50303030303
hpmcounter3,jump,seed18,136,9021.630303030302
hpmcounter3,jump,seed18,137,9021.690909090908
hpmcounter3,jump,seed18,138,9021.521212121212
hpmcounter3,jump,seed18,139,9021.39393939394
hpmcounter3,jump,seed18,140,9021.369696969698
hpmcounter3,jump,seed18,141,9021.345454545455
hpmcounter3,jump,seed18,142,9021.563636363637
hpmcounter3,jump,seed18,143,9240.79393939394
hpmcounter3,jump,seed18,144,9630.0
hpmcounter3,jump,seed18,145,10140.460606060606
hpmcounter3,jump,seed18,146,10505.042424242425
hpmcounter3,jump,seed18,147,10723.618181818181
hpmcounter3,jump,seed18,148,10796.20606060606
hpmcounter3,jump,seed18,149,10723.036363636364
hpmcounter3,jump,seed18,150,10504.145454545454
hpmcounter3,jump,seed18,151,10357.739393939393
hpmcounter3,jump,seed18,152,10235.278787878788
hpmcounter3,jump,seed18,153,10355.945454545454
hpmcounter3,jump,seed18,154,10719.212121212122
hpmcounter3,jump,seed18,155,11324.987878787879
hpmcounter3,jump,seed18,156,11906.642424242424
hpmcounter3,jump,seed18,157,12415.375757575757
hpmcounter3,jump,seed18,158,12802.818181818182
hpmcounter3,jump,seed18,159,13020.69696969697
hpmcounter3,jump,seed18,160,13020.242424242424
hpmcounter3,jump,seed18,161,13015.987878787879
hpmcounter3,jump,seed18,162,13012.593939393939
hpmcounter3,jump,seed18,163,13010.28484848485
hpmcounter3,jump,seed18,164,13008.896969696969
hpmcounter3,jump,seed18,165,13008.539393939394
hpmcounter3,jump,seed18,166,13009.278787878788
hpmcounter3,jump,seed18,167,13010.630303030302
hpmcounter3,jump,seed18,168,13012.769696969697
hpmcounter3,jump,seed18,169,13015.830303030303
hpmcounter3,jump,seed18,170,13019.757575757576
hpmcounter3,jump,seed18,171,13019.575757575758
hpmcounter3,jump,seed18,172,13019.236363636364
hpmcounter3,jump,seed18,173,13018.709090909091
hpmcounter3,jump,seed18,174,12800.145454545454
hpmcounter3,jump,seed18,175,12630.236363636364
hpmcounter3,jump,seed18,176,12290.660606060606
hpmcounter3,jump,seed18,177,11829.981818181817
hpmcounter3,jump,seed18,178,11296.618181818181
hpmcounter3,jump,seed18,179,10739.012121212121
hpmcounter3,jump,seed18,180,10206.012121212121
hpmcounter3,jump,seed18,181,9745.660606060606
hpmcounter3,jump,seed18,182,9406.593939393939
hpmcounter3,jump,seed18,183,9237.018181818183
hpmcounter3,jump,seed18,184,9018.927272727273
hpmcounter3,jump,seed18,185,9019.272727272728
hpmcounter3,jump,seed18,186,9019.406060606061
hpmcounter3,jump,seed18,187,9019.50303030303
hpmcounter3,jump,seed18,188,9019.672727272728
hpmcounter3,jump,seed18,189,9019.745454545455
hpmcounter3,jump,seed18,190,9020.333333333334
hpmcounter3,jump,seed18,191,9020.618181818181
hpmcounter3,jump,seed18,192,9020.8
hpmcounter3,jump,seed18,193,9021.042424242425
hpmcounter3,jump,seed18,194,9021.163636363637
hpmcounter3,jump,seed18,195,9021.39393939394
hpmcounter3,jump,seed18,196,9021.654545454545
hpmcounter3,jump,seed18,197,9021.709090909091
hpmcounter3,jump,seed18,198,9240.230303030303
hpmcounter3,jump,seed18,199,9628.49696969697
hpmcounter3,jump,seed18,200,10138.212121212122
hpmcounter3,jump,seed18,201,10720.351515151515
hpmcounter3,jump,seed18,202,11108.309090909092
hpmcounter3,jump,seed18,203,11302.19393939394
hpmcounter3,jump,seed18,204,11302.139393939395
hpmcounter3,jump,seed18,205,11108.054545454546
hpmcounter3,jump,seed18,206,10719.884848484848
hpmcounter3,jump,seed18,207,10137.436363636363
hpmcounter3,jump,seed18,208,9627.757575757576
hpmcounter3,jump,seed18,209,9239.418181818182
hpmcounter3,jump,seed18,210,9020.545454545454
hpmcounter3,jump,seed18,211,9019.80606060606
hpmcounter3,jump,seed18,212,9019.309090909092
hpmcounter3,jump,seed18,213,9018.727272727272
hpmcounter3,jump,seed18,214,9018.351515151515
hpmcounter3,jump,seed18,215,9018.254545454545
hpmcounter3,jump,seed18,216,9018.242424242424
hpmcounter3,jump,seed18,217,9018.151515151516
hpmcounter3,jump,seed18,218,9018.103030303031
hpmcounter3,jump,seed18,219,9018.6
hpmcounter3,jump,seed18,220,9019.030303030304
hpmcounter3,jump,seed18,221,9019.30303030303
hpmcounter3,jump,seed18,222,9019.442424242425
hpmcounter3,jump,seed18,223,9019.581818181818
hpmcounter3,jump,seed18,224,9019.642424242424
hpmcounter3,jump,seed18,225,9019.612121212122
hpmcounter3,jump,seed18,226,9019.424242424242
hpmcounter3,jump,seed18,227,9018.90303030303
hpmcounter3,jump,seed18,228,9018.466666666667
hpmcounter3,jump,seed18,229,9018.39393939394
hpmcounter3,jump,seed18,230,9018.612121212122
hpmcounter3,jump,seed18,231,9018.757575757576
hpmcounter3,jump,seed18,232,9018.969696969696
hpmcounter3,jump,seed18,233,9019.212121212122
hpmcounter3,jump,seed18,234,9019.593939393939
hpmcounter3,jump,seed18,235,9020.18787878788
hpmcounter3,jump,seed18,236,9020.81212121212
hpmcounter3,jump,seed18,237,9021.218181818182
hpmcounter3,jump,seed18,238,9021.50303030303
hpmcounter3,jump,seed18,239,9021.545454545454
hpmcounter3,jump,seed18,240,9021.521212121212
hpmcounter3,jump,seed18,241,9021.460606060606
hpmcounter3,jump,seed18,242,9021.29696969697
hpmcounter3,jump,seed18,243,9020.824242424242
hpmcounter3,jump,seed18,244,9020.472727272727
hpmcounter3,jump,seed18,245,9020.266666666666
hpmcounter3,jump,seed18,246,9019.969696969696
hpmcounter3,jump,seed18,247,9019.818181818182
hpmcounter3,jump,seed18,248,9019.636363636364
hpmcounter3,jump,seed18,249,9019.369696969698
hpmcounter3,jump,seed18,250,9019.151515151516
hpmcounter3,jump,seed18,251,9019.139393939395
hpmcounter3,jump,seed18,252,9019.278787878788
hpmcounter3,jump,seed18,253,9019.345454545455
hpmcounter3,jump,seed18,254,9019.527272727273
hpmcounter3,jump,seed18,255,9019.781818181818
hpmcounter3,jump,seed18,256,9019.842424242424
hpmcounter3,jump,seed18,257,9019.818181818182
hpmcounter3,jump,seed18,258,9019.733333333334
hpmcounter3,jump,seed18,259,9019.642424242424
hpmcounter3,jump,seed18,260,9019.58787878788
hpmcounter3,jump,seed18,261,9019.545454545454
hpmcounter3,jump,seed18,262,9019.8
hpmcounter3,jump,seed18,263,9020.054545454546
hpmcounter3,jump,seed18,264,9020.133333333333
hpmcounter3,jump,seed18,265,9020.442424242425
hpmcounter3,jump,seed18,266,9020.71515151515
hpmcounter3,jump,seed18,267,9020.709090909091
hpmcounter3,jump,seed18,268,9020.69696969697
hpmcounter3,jump,seed18,269,9020.545454545454
hpmcounter3,jump,seed18,270,9020.333333333334
hpmcounter3,jump,seed18,271,9020.19393939394
hpmcounter3,jump,seed18,272,9020.151515151516
hpmcounter3,jump,seed18,273,9020.09696969697
hpmcounter3,jump,seed18,274,9019.896969696969
hpmcounter3,jump,seed18,275,9019.927272727273
hpmcounter3,jump,seed18,276,9020.133333333333
hpmcounter3,jump,seed18,277,9020.072727272727
hpmcounter3,jump,seed18,278,9020.242424242424
hpmcounter3,jump,seed18,279,9020.387878787878
hpmcounter3,jump,seed18,280,9020.484848484848
hpmcounter3,jump,seed18,281,9020.424242424242
hpmcounter3,jump,seed18,282,9020.230303030303
hpmcounter3,jump,seed18,283,9020.09090909091
hpmcounter3,jump,seed18,284,9020.048484848485
hpmcounter3,jump,seed18,285,9019.860606060605
hpmcounter3,jump,seed18,286,9019.80606060606
hpmcounter3,jump,seed18,287,9019.654545454545
hpmcounter3,jump,seed18,288,9019.472727272727
hpmcounter3,jump,seed18,289,9019.472727272727
hpmcounter3,jump,seed18,290,9019.381818181819
hpmcounter3,jump,seed18,291,9019.266666666666
hpmcounter3,jump,seed18,292,9019.212121212122
hpmcounter3,jump,seed18,293,9019.260606060607
hpmcounter3,jump,seed18,294,9019.381818181819
hpmcounter3,jump,seed18,295,9019.357575757576
hpmcounter3,jump,seed18,296,9019.254545454545
hpmcounter3,jump,seed18,297,9019.042424242425
hpmcounter3,jump,seed18,298,9018.854545454546
hpmcounter3,jump,seed19,9,9858.115151515152
hpmcounter3,jump,seed19,10,9583.321212121213
hpmcounter3,jump,seed19,11,9217.551515151516
hpmcounter3,jump,seed19,12,9013.854545454546
hpmcounter3,jump,seed19,13,9014.436363636363
hpmcounter3,jump,seed19,14,9015.139393939395
hpmcounter3,jump,seed19,15,9015.836363636363
hpmcounter3,jump,seed19,16,9016.521212121212
hpmcounter3,jump,seed19,17,9017.41212121212
hpmcounter3,jump,seed19,18,9018.10909090909
hpmcounter3,jump,seed19,19,9018.539393939394
hpmcounter3,jump,seed19,20,9018.581818181818
hpmcounter3,jump,seed19,21,9018.515151515152
hpmcounter3,jump,seed19,22,9018.49696969697
hpmcounter3,jump,seed19,23,9018.333333333334
hpmcounter3,jump,seed19,24,9018.212121212122
hpmcounter3,jump,seed19,25,9018.133333333333
hpmcounter3,jump,seed19,26,9018.151515151516
hpmcounter3,jump,seed19,27,9018.133333333333
hpmcounter3,jump,seed19,28,9018.18787878788
hpmcounter3,jump,seed19,29,9018.181818181818
hpmcounter3,jump,seed19,30,9018.381818181819
hpmcounter3,jump,seed19,31,9018.787878787878
hpmcounter3,jump,seed19,32,9019.10909090909
hpmcounter3,jump,seed19,33,9019.078787878789
hpmcounter3,jump,seed19,34,9019.115151515152
hpmcounter3,jump,seed19,35,9018.921212121211
hpmcounter3,jump,seed19,36,9018.818181818182
hpmcounter3,jump,seed19,37,9018.739393939393
hpmcounter3,jump,seed19,38,9018.79393939394
hpmcounter3,jump,seed19,39,9018.739393939393
hpmcounter3,jump,seed19,40,9018.466666666667
hpmcounter3,jump,seed19,41,9018.375757575757
hpmcounter3,jump,seed19,42,9018.436363636363
hpmcounter3,jump,seed19,43,9018.50303030303
hpmcounter3,jump,seed19,44,9018.727272727272
hpmcounter3,jump,seed19,45,9018.896969696969
hpmcounter3,jump,seed19,46,9019.09696969697
hpmcounter3,jump,seed19,47,9019.272727272728
hpmcounter3,jump,seed19,48,9019.612121212122
hpmcounter3,jump,seed19,49,9019.915151515152
hpmcounter3,jump,seed19,50,9019.969696969696
hpmcounter3,jump,seed19,51,9020.09090909091
hpmcounter3,jump,seed19,52,9020.012121212121
hpmcounter3,jump,seed19,53,9019.933333333332
hpmcounter3,jump,seed19,54,9019.757575757576
hpmcounter3,jump,seed19,55,9019.684848484849
hpmcounter3,jump,seed19,56,9019.442424242425
hpmcounter3,jump,seed19,57,9019.163636363637
hpmcounter3,jump,seed19,58,9019.078787878789
hpmcounter3,jump,seed19,59,9018.957575757575
hpmcounter3,jump,seed19,60,9019.030303030304
hpmcounter3,jump,seed19,61,9019.242424242424
hpmcounter3,jump,seed19,62,9019.321212121213
hpmcounter3,jump,seed19,63,9019.333333333334
hpmcounter3,jump,seed19,64,9019.278787878788
hpmcounter3,jump,seed19,65,9019.115151515152
hpmcounter3,jump,seed19,66,9018.842424242424
hpmcounter3,jump,seed19,67,9018.569696969696
hpmcounter3,jump,seed19,68,9018.49696969697
hpmcounter3,jump,seed19,69,9018.327272727272
hpmcounter3,jump,seed19,70,9018.50303030303
hpmcounter3,jump,seed19,71,9018.781818181818
hpmcounter3,jump,seed19,72,9018.963636363636
hpmcounter3,jump,seed19,73,9019.157575757576
hpmcounter3,jump,seed19,74,9019.29696969697
hpmcounter3,jump,seed19,75,9019.19393939394
hpmcounter3,jump,seed19,76,9019.2
hpmcounter3,jump,seed19,77,9019.236363636364
hpmcounter3,jump,seed19,78,9238.4
hpmcounter3,jump,seed19,79,9408.769696969697
hpmcounter3,jump,seed19,80,9530.521212121212
hpmcounter3,jump,seed19,81,9822.666666666666
hpmcounter3,jump,seed19,82,10235.654545454545
hpmcounter3,jump,seed19,83,10717.60606060606
hpmcounter3,jump,seed19,84,11005.921212121211
hpmcounter3,jump,seed19,85,11100.575757575758
hpmcounter3,jump,seed19,86,11001.678787878787
hpmcounter3,jump,seed19,87,10709.242424242424
hpmcounter3,jump,seed19,88,10491.012121212121
hpmcounter3,jump,seed19,89,10127.866666666667
hpmcounter3,jump,seed19,90,9619.860606060605
hpmcounter3,jump,seed19,91,9234.757575757576
hpmcounter3,jump,seed19,92,9020.2
hpmcounter3,jump,seed19,93,9020.460606060606
hpmcounter3,jump,seed19,94,9020.878787878788
hpmcounter3,jump,seed19,95,9021.29696969697
hpmcounter3,jump,seed19,96,9021.363636363636
hpmcounter3,jump,seed19,97,9021.278787878788
hpmcounter3,jump,seed19,98,9021.09696969697
hpmcounter3,jump,seed19,99,9020.709090909091
hpmcounter3,jump,seed19,100,9020.30303030303
hpmcounter3,jump,seed19,101,9020.012121212121
hpmcounter3,jump,seed19,102,9019.521212121212
hpmcounter3,jump,seed19,103,9018.957575757575
hpmcounter3,jump,seed19,104,9018.745454545455
hpmcounter3,jump,seed19,105,9018.8
hpmcounter3,jump,seed19,106,9018.690909090908
hpmcounter3,jump,seed19,107,9018.484848484848
hpmcounter3,jump,seed19,108,9018.666666666666
hpmcounter3,jump,seed19,109,9018.836363636363
hpmcounter3,jump,seed19,110,9019.060606060606
hpmcounter3,jump,seed19,111,9019.254545454545
hpmcounter3,jump,seed19,112,9019.351515151515
hpmcounter3,jump,seed19,113,9019.19393939394
hpmcounter3,jump,seed19,114,9019.078787878789
hpmcounter3,jump,seed19,115,9019.127272727274
hpmcounter3,jump,seed19,116,9019.315151515151
hpmcounter3,jump,seed19,117,9019.29696969697
hpmcounter3,jump,seed19,118,9019.666666666666
hpmcounter3,jump,seed19,119,9020.072727272727
hpmcounter3,jump,seed19,120,9020.436363636363
hpmcounter3,jump,seed19,121,9020.49090909091
hpmcounter3,jump,seed19,122,9020.533333333333
hpmcounter3,jump,seed19,123,9020.321212121213
hpmcounter3,jump,seed19,124,9020.139393939395
hpmcounter3,jump,seed19,125,9019.866666666667
hpmcounter3,jump,seed19,126,9019.551515151516
hpmcounter3,jump,seed19,127,9019.28484848485
hpmcounter3,jump,seed19,128,9019.309090909092
hpmcounter3,jump,seed19,129,9019.218181818182
hpmcounter3,jump,seed19,130,9019.169696969697
hpmcounter3,jump,seed19,131,9019.10909090909
hpmcounter3,jump,seed19,132,9019.309090909092
hpmcounter3,jump,seed19,133,9019.6
hpmcounter3,jump,seed19,134,9019.80606060606
hpmcounter3,jump,seed19,135,9020.060606060606
hpmcounter3,jump,seed19,136,9020.139393939395
hpmcounter3,jump,seed19,137,9020.20606060606
hpmcounter3,jump,seed19,138,9020.28484848485
hpmcounter3,jump,seed19,139,9020.145454545454
hpmcounter3,jump,seed19,140,9019.939393939394
hpmcounter3,jump,seed19,141,9019.49090909091
hpmcounter3,jump,seed19,142,9019.266666666666
hpmcounter3,jump,seed19,143,9019.19393939394
hpmcounter3,jump,seed19,144,9018.975757575758
hpmcounter3,jump,seed19,145,9019.072727272727
hpmcounter3,jump,seed19,146,9019.29696969697
hpmcounter3,jump,seed19,147,9019.472727272727
hpmcounter3,jump,seed19,148,9019.818181818182
hpmcounter3,jump,seed19,149,9020.163636363637
hpmcounter3,jump,seed19,150,9020.345454545455
hpmcounter3,jump,seed19,151,9238.981818181817
hpmcounter3,jump,seed19,152,9627.369696969698
hpmcounter3,jump,seed19,153,10136.636363636364
hpmcounter3,jump,seed19,154,10718.745454545455
hpmcounter3,jump,seed19,155,11324.90303030303
hpmcounter3,jump,seed19,156,11906.71515151515
hpmcounter3,jump,seed19,157,12415.727272727272
hpmcounter3,jump,seed19,158,12803.618181818181
hpmcounter3,jump,seed19,159,13021.90303030303
hpmcounter3,jump,seed19,160,13021.563636363637
hpmcounter3,jump,seed19,161,13017.551515151516
hpmcounter3,jump,seed19,162,13010.569696969696
hpmcounter3,jump,seed19,163,13004.957575757575
hpmcounter3,jump,seed19,164,13001.19393939394
hpmcounter3,jump,seed19,165,12999.169696969697
hpmcounter3,jump,seed19,166,12998.79393939394
hpmcounter3,jump,seed19,167,13000.278787878788
hpmcounter3,jump,seed19,168,13003.593939393939
hpmcounter3,jump,seed19,169,13008.775757575757
hpmcounter3,jump,seed19,170,13015.80606060606
hpmcounter3,jump,seed19,171,12801.472727272727
hpmcounter3,jump,seed19,172,12413.642424242424
hpmcounter3,jump,seed19,173,11904.363636363636
hpmcounter3,jump,seed19,174,11322.175757575758
hpmcounter3,jump,seed19,175,10716.006060606062
hpmcounter3,jump,seed19,176,10134.066666666668
hpmcounter3,jump,seed19,177,9624.963636363636
hpmcounter3,jump,seed19,178,9237.181818181818
hpmcounter3,jump,seed19,179,9018.866666666667
hpmcounter3,jump,seed19,180,9019.042424242425
hpmcounter3,jump,seed19,181,9019.084848484848
hpmcounter3,jump,seed19,182,9019.236363636364
hpmcounter3,jump,seed19,183,9019.254545454545
hpmcounter3,jump,seed19,184,9019.30303030303
hpmcounter3,jump,seed19,185,9019.533333333333
hpmcounter3,jump,seed19,186,9019.678787878787
hpmcounter3,jump,seed19,187,9019.915151515152
hpmcounter3,jump,seed19,188,9020.339393939394
hpmcounter3,jump,seed19,189,9020.581818181818
hpmcounter3,jump,seed19,190,9020.927272727273
hpmcounter3,jump,seed19,191,9021.18787878788
hpmcounter3,jump,seed19,192,9021.339393939394
hpmcounter3,jump,seed19,193,9021.357575757576
hpmcounter3,jump,seed19,194,9021.448484848484
hpmcounter3,jump,seed19,195,9021.6
hpmcounter3,jump,seed19,196,9021.842424242424
hpmcounter3,jump,seed19,197,9021.842424242424
hpmcounter3,jump,seed19,198,9021.921212121211
hpmcounter3,jump,seed19,199,9022.145454545454
hpmcounter3,jump,seed19,200,9022.248484848486
hpmcounter3,jump,seed19,201,9022.39393939394
hpmcounter3,jump,seed19,202,9022.218181818182
hpmcounter3,jump,seed19,203,9022.030303030304
hpmcounter3,jump,seed19,204,9022.006060606062
hpmcounter3,jump,seed19,205,9021.90303030303
hpmcounter3,jump,seed19,206,9021.987878787879
hpmcounter3,jump,seed19,207,9021.963636363636
hpmcounter3,jump,seed19,208,9021.763636363636
hpmcounter3,jump,seed19,209,9021.381818181819
hpmcounter3,jump,seed19,210,9020.89090909091
hpmcounter3,jump,seed19,211,9020.569696969696
hpmcounter3,jump,seed19,212,9020.230303030303
hpmcounter3,jump,seed19,213,9019.818181818182
hpmcounter3,jump,seed19,214,9019.733333333334
hpmcounter3,jump,seed19,215,9019.690909090908
hpmcounter3,jump,seed19,216,9019.660606060606
hpmcounter3,jump,seed19,217,9019.745454545455
hpmcounter3,jump,seed19,218,9019.79393939394
hpmcounter3,jump,seed19,219,9019.672727272728
hpmcounter3,jump,seed19,220,9019.466666666667
hpmcounter3,jump,seed19,221,9019.242424242424
hpmcounter3,jump,seed19,222,9019.157575757576
hpmcounter3,jump,seed19,223,9019.036363636364
hpmcounter3,jump,seed19,224,9019.066666666668
hpmcounter3,jump,seed19,225,9019.20606060606
hpmcounter3,jump,seed19,226,9019.266666666666
hpmcounter3,jump,seed19,227,9019.248484848486
hpmcounter3,jump,seed19,228,9019.315151515151
hpmcounter3,jump,seed19,229,9019.442424242425
hpmcounter3,jump,seed19,230,9020.012121212121
hpmcounter3,jump,seed19,231,9020.58787878788
hpmcounter3,jump,seed19,232,9021.28484848485
hpmcounter3,jump,seed19,233,9021.878787878788
hpmcounter3,jump,seed19,234,9022.181818181818
hpmcounter3,jump,seed19,235,9022.369696969698
hpmcounter3,jump,seed19,236,9022.527272727273
hpmcounter3,jump,seed19,237,9022.363636363636
hpmcounter3,jump,seed19,238,9021.945454545454
hpmcounter3,jump,seed19,239,9021.078787878789
hpmcounter3,jump,seed19,240,9020.49696969697
hpmcounter3,jump,seed19,241,9020.072727272727
hpmcounter3,jump,seed19,242,9019.90909090909
hpmcounter3,jump,seed19,243,9019.690909090908
hpmcounter3,jump,seed19,244,9019.539393939394
hpmcounter3,jump,seed19,245,9019.49696969697
hpmcounter3,jump,seed19,246,9019.49090909091
hpmcounter3,jump,seed19,247,9019.527272727273
hpmcounter3,jump,seed19,248,9019.442424242425
hpmcounter3,jump,seed19,249,9019.321212121213
hpmcounter3,jump,seed19,250,9019.357575757576
hpmcounter3,jump,seed19,251,9019.593939393939
hpmcounter3,jump,seed19,252,9020.006060606062
hpmcounter3,jump,seed19,253,9020.369696969698
hpmcounter3,jump,seed19,254,9020.630303030302
hpmcounter3,jump,seed19,255,9021.0
hpmcounter3,jump,seed19,256,9021.036363636364
hpmcounter3,jump,seed19,257,9020.781818181818
hpmcounter3,jump,seed19,258,9020.236363636364
hpmcounter3,jump,seed19,259,9019.830303030303
hpmcounter3,jump,seed19,260,9019.630303030302
hpmcounter3,jump,seed19,261,9019.418181818182
hpmcounter3,jump,seed19,262,9019.418181818182
hpmcounter3,jump,seed19,263,9019.49090909091
hpmcounter3,jump,seed19,264,9019.351515151515
hpmcounter3,jump,seed19,265,9019.472727272727
hpmcounter3,jump,seed19,266,9019.49090909091
hpmcounter3,jump,seed19,267,9019.351515151515
hpmcounter3,jump,seed19,268,9019.163636363637
hpmcounter3,jump,seed19,269,9019.048484848485
hpmcounter3,jump,seed19,270,9018.933333333332
hpmcounter3,jump,seed19,271,9018.842424242424
hpmcounter3,jump,seed19,272,9018.775757575757
hpmcounter3,jump,seed19,273,9018.842424242424
hpmcounter3,jump,seed19,274,9018.884848484848
hpmcounter3,jump,seed19,275,9019.145454545454
hpmcounter3,jump,seed19,276,9019.49090909091
hpmcounter3,jump,seed19,277,9019.545454545454
hpmcounter3,jump,seed19,278,9019.466666666667
hpmcounter3,jump,seed19,279,9019.236363636364
hpmcounter3,jump,seed19,280,9018.90909090909
hpmcounter3,jump,seed19,281,9018.593939393939
hpmcounter3,jump,seed19,282,9018.345454545455
hpmcounter3,jump,seed19,283,9018.339393939394
hpmcounter3,jump,seed19,284,9018.575757575758
hpmcounter3,jump,seed19,285,9019.19393939394
hpmcounter3,jump,seed19,286,9019.884848484848
hpmcounter3,jump,seed19,287,9020.406060606061
hpmcounter3,jump,seed19,288,9020.49090909091
hpmcounter3,jump,seed19,289,9020.41212121212
hpmcounter3,jump,seed19,290,9020.103030303031
hpmcounter3,jump,seed19,291,9019.69696969697
hpmcounter3,jump,seed19,292,9019.478787878788
hpmcounter3,jump,seed19,293,9019.042424242425
hpmcounter3,jump,seed19,294,9018.951515151515
hpmcounter3,jump,seed19,295,9019.012121212121
hpmcounter3,jump,seed19,296,9018.866666666667
hpmcounter3,jump,seed19,297,9018.89090909091
hpmcounter3,jump,seed19,298,9018.709090909091
hpmcounter3,jump,seed2,9,9014.339393939394
hpmcounter3,jump,seed2,10,9013.527272727273
hpmcounter3,jump,seed2,11,9013.242424242424
hpmcounter3,jump,seed2,12,9013.81212121212
hpmcounter3,jump,seed2,13,9014.58787878788
hpmcounter3,jump,seed2,14,9015.884848484848
hpmcounter3,jump,seed2,15,9236.127272727274
hpmcounter3,jump,seed2,16,9407.442424242425
hpmcounter3,jump,seed2,17,9529.987878787879
hpmcounter3,jump,seed2,18,9603.636363636364
hpmcounter3,jump,seed2,19,9846.690909090908
hpmcounter3,jump,seed2,20,10210.333333333334
hpmcounter3,jump,seed2,21,10428.133333333333
hpmcounter3,jump,seed2,22,10500.642424242424
hpmcounter3,jump,seed2,23,10427.58787878788
hpmcounter3,jump,seed2,24,10208.575757575758
hpmcounter3,jump,seed2,25,10111.527272727273
hpmcounter3,jump,seed2,26,9917.309090909092
hpmcounter3,jump,seed2,27,9626.09696969697
hpmcounter3,jump,seed2,28,9237.975757575758
hpmcounter3,jump,seed2,29,9019.854545454546
hpmcounter3,jump,seed2,30,9019.739393939393
hpmcounter3,jump,seed2,31,9019.824242424242
hpmcounter3,jump,seed2,32,9020.20606060606
hpmcounter3,jump,seed2,33,9020.739393939393
hpmcounter3,jump,seed2,34,9020.90303030303
hpmcounter3,jump,seed2,35,9020.981818181817
hpmcounter3,jump,seed2,36,9021.072727272727
hpmcounter3,jump,seed2,37,9021.084848484848
hpmcounter3,jump,seed2,38,9021.163636363637
hpmcounter3,jump,seed2,39,9021.157575757576
hpmcounter3,jump,seed2,40,9020.690909090908
hpmcounter3,jump,seed2,41,9020.20606060606
hpmcounter3,jump,seed2,42,9019.763636363636
hpmcounter3,jump,seed2,43,9019.478787878788
hpmcounter3,jump,seed2,44,9019.18787878788
hpmcounter3,jump,seed2,45,9018.836363636363
hpmcounter3,jump,seed2,46,9018.648484848485
hpmcounter3,jump,seed2,47,9018.71515151515
hpmcounter3,jump,seed2,48,9018.739393939393
hpmcounter3,jump,seed2,49,9019.018181818183
hpmcounter3,jump,seed2,50,9019.39393939394
hpmcounter3,jump,seed2,51,9019.709090909091
hpmcounter3,jump,seed2,52,9020.157575757576
hpmcounter3,jump,seed2,53,9020.569696969696
hpmcounter3,jump,seed2,54,9020.824242424242
hpmcounter3,jump,seed2,55,9021.139393939395
hpmcounter3,jump,seed2,56,9021.224242424243
hpmcounter3,jump,seed2,57,9021.363636363636
hpmcounter3,jump,seed2,58,9021.454545454546
hpmcounter3,jump,seed2,59,9021.363636363636
hpmcounter3,jump,seed2,60,9021.30303030303
hpmcounter3,jump,seed2,61,9021.09696969697
hpmcounter3,jump,seed2,62,9021.230303030303
hpmcounter3,jump,seed2,63,9021.50303030303
hpmcounter3,jump,seed2,64,9021.569696969696
hpmcounter3,jump,seed2,65,9021.727272727272
hpmcounter3,jump,seed2,66,9021.854545454546
hpmcounter3,jump,seed2,67,9022.157575757576
hpmcounter3,jump,seed2,68,9022.787878787878
hpmcounter3,jump,seed2,69,9023.103030303031
hpmcounter3,jump,seed2,70,9023.254545454545
hpmcounter3,jump,seed2,71,9023.381818181819
hpmcounter3,jump,seed2,72,9023.569696969696
hpmcounter3,jump,seed2,73,9023.818181818182
hpmcounter3,jump,seed2,74,9023.993939393938
hpmcounter3,jump,seed2,75,9024.006060606062
hpmcounter3,jump,seed2,76,9023.951515151515
hpmcounter3,jump,seed2,77,9023.951515151515
hpmcounter3,jump,seed2,78,9023.757575757576
hpmcounter3,jump,seed2,79,9023.581818181818
hpmcounter3,jump,seed2,80,9023.115151515152
hpmcounter3,jump,seed2,81,9022.648484848485
hpmcounter3,jump,seed2,82,9022.230303030303
hpmcounter3,jump,seed2,83,9021.830303030303
hpmcounter3,jump,seed2,84,9021.375757575757
hpmcounter3,jump,seed2,85,9020.981818181817
hpmcounter3,jump,seed2,86,9020.58787878788
hpmcounter3,jump,seed2,87,9020.266666666666
hpmcounter3,jump,seed2,88,9019.690909090908
hpmcounter3,jump,seed2,89,9019.49090909091
hpmcounter3,jump,seed2,90,9019.10909090909
hpmcounter3,jump,seed2,91,9018.70303030303
hpmcounter3,jump,seed2,92,9018.212121212122
hpmcounter3,jump,seed2,93,9017.939393939394
hpmcounter3,jump,seed2,94,9017.721212121212
hpmcounter3,jump,seed2,95,9017.690909090908
hpmcounter3,jump,seed2,96,9017.672727272728
hpmcounter3,jump,seed2,97,9017.775757575757
hpmcounter3,jump,seed2,98,9017.866666666667
hpmcounter3,jump,seed2,99,9018.254545454545
hpmcounter3,jump,seed2,100,9018.727272727272
hpmcounter3,jump,seed2,101,9019.4
hpmcounter3,jump,seed2,102,9019.672727272728
hpmcounter3,jump,seed2,103,9019.993939393938
hpmcounter3,jump,seed2,104,9020.218181818182
hpmcounter3,jump,seed2,105,9020.442424242425
hpmcounter3,jump,seed2,106,9020.41212121212
hpmcounter3,jump,seed2,107,9019.933333333332
hpmcounter3,jump,seed2,108,9019.569696969696
hpmcounter3,jump,seed2,109,9019.230303030303
hpmcounter3,jump,seed2,110,9019.103030303031
hpmcounter3,jump,seed2,111,9019.266666666666
hpmcounter3,jump,seed2,112,9019.357575757576
hpmcounter3,jump,seed2,113,9019.551515151516
hpmcounter3,jump,seed2,114,9019.79393939394
hpmcounter3,jump,seed2,115,9019.878787878788
hpmcounter3,jump,seed2,116,9019.842424242424
hpmcounter3,jump,seed2,117,9019.39393939394
hpmcounter3,jump,seed2,118,9019.060606060606
hpmcounter3,jump,seed2,119,9018.757575757576
hpmcounter3,jump,seed2,120,9018.618181818181
hpmcounter3,jump,seed2,121,9018.709090909091
hpmcounter3,jump,seed2,122,9018.963636363636
hpmcounter3,jump,seed2,123,9019.09696969697
hpmcounter3,jump,seed2,124,9019.484848484848
hpmcounter3,jump,seed2,125,9019.660606060606
hpmcounter3,jump,seed2,126,9019.545454545454
hpmcounter3,jump,seed2,127,9019.515151515152
hpmcounter3,jump,seed2,128,9019.381818181819
hpmcounter3,jump,seed2,129,9019.254545454545
hpmcounter3,jump,seed2,130,9019.078787878789
hpmcounter3,jump,seed2,131,9018.945454545454
hpmcounter3,jump,seed2,132,9019.0
hpmcounter3,jump,seed2,133,9018.921212121211
hpmcounter3,jump,seed2,134,9018.951515151515
hpmcounter3,jump,seed2,135,9019.224242424243
hpmcounter3,jump,seed2,136,9019.339393939394
hpmcounter3,jump,seed2,137,9019.515151515152
hpmcounter3,jump,seed2,138,9019.575757575758
hpmcounter3,jump,seed2,139,9019.709090909091
hpmcounter3,jump,seed2,140,9020.0
hpmcounter3,jump,seed2,141,9020.266666666666
hpmcounter3,jump,seed2,142,9020.648484848485
hpmcounter3,jump,seed2,143,9020.945454545454
hpmcounter3,jump,seed2,144,9021.024242424242
hpmcounter3,jump,seed2,145,9021.345454545455
hpmcounter3,jump,seed2,146,9021.424242424242
hpmcounter3,jump,seed2,147,9021.339393939394
hpmcounter3,jump,seed2,148,9240.29696969697
hpmcounter3,jump,seed2,149,9410.624242424243
hpmcounter3,jump,seed2,150,9532.70303030303
hpmcounter3,jump,seed2,151,9824.381818181819
hpmcounter3,jump,seed2,152,10237.163636363637
hpmcounter3,jump,seed2,153,10722.254545454545
hpmcounter3,jump,seed2,154,11231.266666666666
hpmcounter3,jump,seed2,155,11715.727272727272
hpmcounter3,jump,seed2,156,12126.866666666667
hpmcounter3,jump,seed2,157,12416.078787878789
hpmcounter3,jump,seed2,158,12803.242424242424
hpmcounter3,jump,seed2,159,13020.569696969696
hpmcounter3,jump,seed2,160,13020.078787878789
hpmcounter3,jump,seed2,161,13016.006060606062
hpmcounter3,jump,seed2,162,13009.006060606062
hpmcounter3,jump,seed2,163,13003.945454545454
hpmcounter3,jump,seed2,164,13000.933333333332
hpmcounter3,jump,seed2,165,12781.357575757576
hpmcounter3,jump,seed2,166,12393.757575757576
hpmcounter3,jump,seed2,167,11886.418181818182
hpmcounter3,jump,seed2,168,11308.339393939394
hpmcounter3,jump,seed2,169,10925.884848484848
hpmcounter3,jump,seed2,170,10739.060606060606
hpmcounter3,jump,seed2,171,10743.024242424242
hpmcounter3,jump,seed2,172,10936.915151515152
hpmcounter3,jump,seed2,173,11324.672727272728
hpmcounter3,jump,seed2,174,11906.345454545455
hpmcounter3,jump,seed2,175,12415.224242424243
hpmcounter3,jump,seed2,176,12802.593939393939
hpmcounter3,jump,seed2,177,12801.878787878788
hpmcounter3,jump,seed2,178,12413.260606060607
hpmcounter3,jump,seed2,179,11903.787878787878
hpmcounter3,jump,seed2,180,11321.860606060605
hpmcounter3,jump,seed2,181,10715.339393939394
hpmcounter3,jump,seed2,182,10133.254545454545
hpmcounter3,jump,seed2,183,9623.939393939394
hpmcounter3,jump,seed2,184,9236.054545454546
hpmcounter3,jump,seed2,185,9018.139393939395
hpmcounter3,jump,seed2,186,9018.315151515151
hpmcounter3,jump,seed2,187,9018.672727272728
hpmcounter3,jump,seed2,188,9019.139393939395
hpmcounter3,jump,seed2,189,9019.448484848484
hpmcounter3,jump,seed2,190,9019.824242424242
hpmcounter3,jump,seed2,191,9019.878787878788
hpmcounter3,jump,seed2,192,9019.915151515152
hpmcounter3,jump,seed2,193,9019.733333333334
hpmcounter3,jump,seed2,194,9019.58787878788
hpmcounter3,jump,seed2,195,9019.6
hpmcounter3,jump,seed2,196,9019.50303030303
hpmcounter3,jump,seed2,197,9019.484848484848
hpmcounter3,jump,seed2,198,9019.660606060606
hpmcounter3,jump,seed2,199,9019.951515151515
hpmcounter3,jump,seed2,200,9020.10909090909
hpmcounter3,jump,seed2,201,9020.351515151515
hpmcounter3,jump,seed2,202,9020.557575757575
hpmcounter3,jump,seed2,203,9020.60606060606
hpmcounter3,jump,seed2,204,9020.539393939394
hpmcounter3,jump,seed2,205,9020.327272727272
hpmcounter3,jump,seed2,206,9020.236363636364
hpmcounter3,jump,seed2,207,9020.012121212121
hpmcounter3,jump,seed2,208,9019.69696969697
hpmcounter3,jump,seed2,209,9019.612121212122
hpmcounter3,jump,seed2,210,9019.551515151516
hpmcounter3,jump,seed2,211,9019.757575757576
hpmcounter3,jump,seed2,212,9019.921212121211
hpmcounter3,jump,seed2,213,9019.987878787879
hpmcounter3,jump,seed2,214,9019.872727272726
hpmcounter3,jump,seed2,215,9019.41212121212
hpmcounter3,jump,seed2,216,9019.048484848485
hpmcounter3,jump,seed2,217,9018.630303030302
hpmcounter3,jump,seed2,218,9018.466666666667
hpmcounter3,jump,seed2,219,9018.260606060607
hpmcounter3,jump,seed2,220,9018.309090909092
hpmcounter3,jump,seed2,221,9018.557575757575
hpmcounter3,jump,seed2,222,9018.963636363636
hpmcounter3,jump,seed2,223,9019.50303030303
hpmcounter3,jump,seed2,224,9019.884848484848
hpmcounter3,jump,seed2,225,9020.181818181818
hpmcounter3,jump,seed2,226,9020.521212121212
hpmcounter3,jump,seed2,227,9020.569696969696
hpmcounter3,jump,seed2,228,9020.745454545455
hpmcounter3,jump,seed2,229,9020.836363636363
hpmcounter3,jump,seed2,230,9020.951515151515
hpmcounter3,jump,seed2,231,9020.969696969696
hpmcounter3,jump,seed2,232,9020.878787878788
hpmcounter3,jump,seed2,233,9020.81212121212
hpmcounter3,jump,seed2,234,9020.71515151515
hpmcounter3,jump,seed2,235,9020.533333333333
hpmcounter3,jump,seed2,236,9020.69696969697
hpmcounter3,jump,seed2,237,9020.751515151514
hpmcounter3,jump,seed2,238,9020.80606060606
hpmcounter3,jump,seed2,239,9020.775757575757
hpmcounter3,jump,seed2,240,9020.575757575758
hpmcounter3,jump,seed2,241,9020.351515151515
hpmcounter3,jump,seed2,242,9020.060606060606
hpmcounter3,jump,seed2,243,9019.551515151516
hpmcounter3,jump,seed2,244,9019.157575757576
hpmcounter3,jump,seed2,245,9018.539393939394
hpmcounter3,jump,seed2,246,9018.066666666668
hpmcounter3,jump,seed2,247,9017.757575757576
hpmcounter3,jump,seed2,248,9017.539393939394
hpmcounter3,jump,seed2,249,9017.424242424242
hpmcounter3,jump,seed2,250,9017.454545454546
hpmcounter3,jump,seed2,251,9017.618181818181
hpmcounter3,jump,seed2,252,9017.969696969696
hpmcounter3,jump,seed2,253,9018.406060606061
hpmcounter3,jump,seed2,254,9018.957575757575
hpmcounter3,jump,seed2,255,9019.315151515151
hpmcounter3,jump,seed2,256,9019.563636363637
hpmcounter3,jump,seed2,257,9019.612121212122
hpmcounter3,jump,seed2,258,9019.448484848484
hpmcounter3,jump,seed2,259,9019.19393939394
hpmcounter3,jump,seed2,260,9019.036363636364
hpmcounter3,jump,seed2,261,9019.018181818183
hpmcounter3,jump,seed2,262,9018.951515151515
hpmcounter3,jump,seed2,263,9019.048484848485
hpmcounter3,jump,seed2,264,9019.09090909091
hpmcounter3,jump,seed2,265,9019.024242424242
hpmcounter3,jump,seed2,266,9019.09090909091
hpmcounter3,jump,seed2,267,9019.157575757576
hpmcounter3,jump,seed2,268,9019.363636363636
hpmcounter3,jump,seed2,269,9019.375757575757
hpmcounter3,jump,seed2,270,9019.49090909091
hpmcounter3,jump,seed2,271,9019.666666666666
hpmcounter3,jump,seed2,272,9019.79393939394
hpmcounter3,jump,seed2,273,9019.860606060605
hpmcounter3,jump,seed2,274,9019.854545454546
hpmcounter3,jump,seed2,275,9019.751515151514
hpmcounter3,jump,seed2,276,9019.769696969697
hpmcounter3,jump,seed2,277,9019.721212121212
hpmcounter3,jump,seed2,278,9019.872727272726
hpmcounter3,jump,seed2,279,9019.818181818182
hpmcounter3,jump,seed2,280,9020.084848484848
hpmcounter3,jump,seed2,281,9020.10909090909
hpmcounter3,jump,seed2,282,9020.133333333333
hpmcounter3,jump,seed2,283,9019.981818181817
hpmcounter3,jump,seed2,284,9019.951515151515
hpmcounter3,jump,seed2,285,9019.90909090909
hpmcounter3,jump,seed2,286,9019.878787878788
hpmcounter3,jump,seed2,287,9019.6
hpmcounter3,jump,seed2,288,9019.28484848485
hpmcounter3,jump,seed2,289,9018.824242424242
hpmcounter3,jump,seed2,290,9018.727272727272
hpmcounter3,jump,seed2,291,9018.533333333333
hpmcounter3,jump,seed2,292,9018.593939393939
hpmcounter3,jump,seed2,293,9018.533333333333
hpmcounter3,jump,seed2,294,9018.89090909091
hpmcounter3,jump,seed2,295,9019.248484848486
hpmcounter3,jump,seed2,296,9019.71515151515
hpmcounter3,jump,seed2,297,9020.054545454546
hpmcounter3,jump,seed2,298,9020.28484848485
hpmcounter3,jump,seed20,9,12459.769696969697
hpmcounter3,jump,seed20,10,12304.024242424242
hpmcounter3,jump,seed20,11,11820.612121212122
hpmcounter3,jump,seed20,12,11262.484848484848
hpmcounter3,jump,seed20,13,10676.527272727273
hpmcounter3,jump,seed20,14,10110.830303030303
hpmcounter3,jump,seed20,15,9613.612121212122
hpmcounter3,jump,seed20,16,9233.515151515152
hpmcounter3,jump,seed20,17,9018.945454545454
hpmcounter3,jump,seed20,18,9019.521212121212
hpmcounter3,jump,seed20,19,9019.71515151515
hpmcounter3,jump,seed20,20,9019.630303030302
hpmcounter3,jump,seed20,21,9019.624242424243
hpmcounter3,jump,seed20,22,9019.751515151514
hpmcounter3,jump,seed20,23,9019.781818181818
hpmcounter3,jump,seed20,24,9020.042424242425
hpmcounter3,jump,seed20,25,9020.539393939394
hpmcounter3,jump,seed20,26,9021.181818181818
hpmcounter3,jump,seed20,27,9021.70303030303
hpmcounter3,jump,seed20,28,9022.163636363637
hpmcounter3,jump,seed20,29,9022.39393939394
hpmcounter3,jump,seed20,30,9022.163636363637
hpmcounter3,jump,seed20,31,9021.993939393938
hpmcounter3,jump,seed20,32,9021.533333333333
hpmcounter3,jump,seed20,33,9020.79393939394
hpmcounter3,jump,seed20,34,9020.066666666668
hpmcounter3,jump,seed20,35,9019.49090909091
hpmcounter3,jump,seed20,36,9019.224242424243
hpmcounter3,jump,seed20,37,9019.309090909092
hpmcounter3,jump,seed20,38,9019.963636363636
hpmcounter3,jump,seed20,39,9020.745454545455
hpmcounter3,jump,seed20,40,9021.309090909092
hpmcounter3,jump,seed20,41,9021.80606060606
hpmcounter3,jump,seed20,42,9022.115151515152
hpmcounter3,jump,seed20,43,9022.157575757576
hpmcounter3,jump,seed20,44,9021.90909090909
hpmcounter3,jump,seed20,45,9021.236363636364
hpmcounter3,jump,seed20,46,9239.09090909091
hpmcounter3,jump,seed20,47,9626.636363636364
hpmcounter3,jump,seed20,48,10135.581818181818
hpmcounter3,jump,seed20,49,10717.151515151516
hpmcounter3,jump,seed20,50,11104.79393939394
hpmcounter3,jump,seed20,51,11298.533333333333
hpmcounter3,jump,seed20,52,11298.478787878788
hpmcounter3,jump,seed20,53,11104.49696969697
hpmcounter3,jump,seed20,54,10716.369696969698
hpmcounter3,jump,seed20,55,10134.121212121212
hpmcounter3,jump,seed20,56,9625.115151515152
hpmcounter3,jump,seed20,57,9237.157575757576
hpmcounter3,jump,seed20,58,9018.878787878788
hpmcounter3,jump,seed20,59,9018.642424242424
hpmcounter3,jump,seed20,60,9018.539393939394
hpmcounter3,jump,seed20,61,9018.436363636363
hpmcounter3,jump,seed20,62,9018.49090909091
hpmcounter3,jump,seed20,63,9018.50909090909
hpmcounter3,jump,seed20,64,9018.49090909091
hpmcounter3,jump,seed20,65,9018.521212121212
hpmcounter3,jump,seed20,66,9018.775757575757
hpmcounter3,jump,seed20,67,9018.769696969697
hpmcounter3,jump,seed20,68,9018.787878787878
hpmcounter3,jump,seed20,69,9018.860606060605
hpmcounter3,jump,seed20,70,9019.054545454546
hpmcounter3,jump,seed20,71,9019.20606060606
hpmcounter3,jump,seed20,72,9019.139393939395
hpmcounter3,jump,seed20,73,9018.854545454546
hpmcounter3,jump,seed20,74,9018.539393939394
hpmcounter3,jump,seed20,75,9018.339393939394
hpmcounter3,jump,seed20,76,9018.375757575757
hpmcounter3,jump,seed20,77,9018.327272727272
hpmcounter3,jump,seed20,78,9018.369696969698
hpmcounter3,jump,seed20,79,9018.527272727273
hpmcounter3,jump,seed20,80,9018.8
hpmcounter3,jump,seed20,81,9019.10909090909
hpmcounter3,jump,seed20,82,9019.418181818182
hpmcounter3,jump,seed20,83,9019.569696969696
hpmcounter3,jump,seed20,84,9019.60606060606
hpmcounter3,jump,seed20,85,9019.787878787878
hpmcounter3,jump,seed20,86,9020.09090909091
hpmcounter3,jump,seed20,87,9020.327272727272
hpmcounter3,jump,seed20,88,9020.593939393939
hpmcounter3,jump,seed20,89,9020.787878787878
hpmcounter3,jump,seed20,90,9020.951515151515
hpmcounter3,jump,seed20,91,9020.90909090909
hpmcounter3,jump,seed20,92,9020.915151515152
hpmcounter3,jump,seed20,93,9020.727272727272
hpmcounter3,jump,seed20,94,9020.563636363637
hpmcounter3,jump,seed20,95,9020.49090909091
hpmcounter3,jump,seed20,96,9020.41212121212
hpmcounter3,jump,seed20,97,9020.218181818182
hpmcounter3,jump,seed20,98,9020.0
hpmcounter3,jump,seed20,99,9019.80606060606
hpmcounter3,jump,seed20,100,9019.878787878788
hpmcounter3,jump,seed20,101,9019.775757575757
hpmcounter3,jump,seed20,102,9019.466666666667
hpmcounter3,jump,seed20,103,9019.10909090909
hpmcounter3,jump,seed20,104,9019.078787878789
hpmcounter3,jump,seed20,105,9019.078787878789
hpmcounter3,jump,seed20,106,9019.28484848485
hpmcounter3,jump,seed20,107,9019.60606060606
hpmcounter3,jump,seed20,108,9020.048484848485
hpmcounter3,jump,seed20,109,9020.321212121213
hpmcounter3,jump,seed20,110,9020.963636363636
hpmcounter3,jump,seed20,111,9021.478787878788
hpmcounter3,jump,seed20,112,9021.58787878788
hpmcounter3,jump,seed20,113,9021.49696969697
hpmcounter3,jump,seed20,114,9021.436363636363
hpmcounter3,jump,seed20,115,9021.0
hpmcounter3,jump,seed20,116,9020.630303030302
hpmcounter3,jump,seed20,117,9020.175757575758
hpmcounter3,jump,seed20,118,9019.818181818182
hpmcounter3,jump,seed20,119,9019.418181818182
hpmcounter3,jump,seed20,120,9019.242424242424
hpmcounter3,jump,seed20,121,9019.084848484848
hpmcounter3,jump,seed20,122,9018.90303030303
hpmcounter3,jump,seed20,123,9018.884848484848
hpmcounter3,jump,seed20,124,9019.151515151516
hpmcounter3,jump,seed20,125,9019.478787878788
hpmcounter3,jump,seed20,126,9020.006060606062
hpmcounter3,jump,seed20,127,9239.739393939393
hpmcounter3,jump,seed20,128,9410.642424242424
hpmcounter3,jump,seed20,129,9532.690909090908
hpmcounter3,jump,seed20,130,9605.939393939394
hpmcounter3,jump,seed20,131,9630.309090909092
hpmcounter3,jump,seed20,132,9605.993939393938
hpmcounter3,jump,seed20,133,9532.781818181818
hpmcounter3,jump,seed20,134,9410.860606060605
hpmcounter3,jump,seed20,135,9240.145454545454
hpmcounter3,jump,seed20,136,9020.739393939393
hpmcounter3,jump,seed20,137,9020.763636363636
hpmcounter3,jump,seed20,138,9020.648484848485
hpmcounter3,jump,seed20,139,9020.527272727273
hpmcounter3,jump,seed20,140,9020.551515151516
hpmcounter3,jump,seed20,141,9020.630303030302
hpmcounter3,jump,seed20,142,9021.006060606062
hpmcounter3,jump,seed20,143,9021.369696969698
hpmcounter3,jump,seed20,144,9021.654545454545
hpmcounter3,jump,seed20,145,9021.672727272728
hpmcounter3,jump,seed20,146,9021.642424242424
hpmcounter3,jump,seed20,147,9021.739393939393
hpmcounter3,jump,seed20,148,9021.642424242424
hpmcounter3,jump,seed20,149,9021.39393939394
hpmcounter3,jump,seed20,150,9021.20606060606
hpmcounter3,jump,seed20,151,9239.993939393938
hpmcounter3,jump,seed20,152,9628.690909090908
hpmcounter3,jump,seed20,153,10138.654545454545
hpmcounter3,jump,seed20,154,10721.121212121212
hpmcounter3,jump,seed20,155,11327.569696969696
hpmcounter3,jump,seed20,156,11909.721212121212
hpmcounter3,jump,seed20,157,12418.89090909091
hpmcounter3,jump,seed20,158,12806.70303030303
hpmcounter3,jump,seed20,159,13024.515151515152
hpmcounter3,jump,seed20,160,13023.630303030302
hpmcounter3,jump,seed20,161,13019.563636363637
hpmcounter3,jump,seed20,162,13016.515151515152
hpmcounter3,jump,seed20,163,13014.49696969697
hpmcounter3,jump,seed20,164,13009.557575757575
hpmcounter3,jump,seed20,165,13006.28484848485
hpmcounter3,jump,seed20,166,13000.872727272726
hpmcounter3,jump,seed20,167,12779.533333333333
hpmcounter3,jump,seed20,168,12390.8
hpmcounter3,jump,seed20,169,11883.557575757575
hpmcounter3,jump,seed20,170,11306.145454545454
hpmcounter3,jump,seed20,171,10702.042424242425
hpmcounter3,jump,seed20,172,10123.975757575758
hpmcounter3,jump,seed20,173,9620.630303030302
hpmcounter3,jump,seed20,174,9235.50909090909
hpmcounter3,jump,seed20,175,9020.933333333332
hpmcounter3,jump,seed20,176,9020.933333333332
hpmcounter3,jump,seed20,177,9239.181818181818
hpmcounter3,jump,seed20,178,9626.915151515152
hpmcounter3,jump,seed20,179,9917.775757575757
hpmcounter3,jump,seed20,180,10112.09696969697
hpmcounter3,jump,seed20,181,10209.072727272727
hpmcounter3,jump,seed20,182,10209.054545454546
hpmcounter3,jump,seed20,183,10112.309090909092
hpmcounter3,jump,seed20,184,9918.624242424243
hpmcounter3,jump,seed20,185,9627.751515151514
hpmcounter3,jump,seed20,186,9239.975757575758
hpmcounter3,jump,seed20,187,9021.866666666667
hpmcounter3,jump,seed20,188,9021.70303030303
hpmcounter3,jump,seed20,189,9021.436363636363
hpmcounter3,jump,seed20,190,9021.212121212122
hpmcounter3,jump,seed20,191,9020.660606060606
hpmcounter3,jump,seed20,192,9020.157575757576
hpmcounter3,jump,seed20,193,9019.81212121212
hpmcounter3,jump,seed20,194,9019.60606060606
hpmcounter3,jump,seed20,195,9019.533333333333
hpmcounter3,jump,seed20,196,9019.618181818181
hpmcounter3,jump,seed20,197,9019.80606060606
hpmcounter3,jump,seed20,198,9019.951515151515
hpmcounter3,jump,seed20,199,9020.10909090909
hpmcounter3,jump,seed20,200,9020.224242424243
hpmcounter3,jump,seed20,201,9020.030303030304
hpmcounter3,jump,seed20,202,9020.0
hpmcounter3,jump,seed20,203,9020.2
hpmcounter3,jump,seed20,204,9020.418181818182
hpmcounter3,jump,seed20,205,9020.618181818181
hpmcounter3,jump,seed20,206,9020.733333333334
hpmcounter3,jump,seed20,207,9020.830303030303
hpmcounter3,jump,seed20,208,9021.139393939395
hpmcounter3,jump,seed20,209,9021.381818181819
hpmcounter3,jump,seed20,210,9021.642424242424
hpmcounter3,jump,seed20,211,9021.818181818182
hpmcounter3,jump,seed20,212,9022.103030303031
hpmcounter3,jump,seed20,213,9022.29696969697
hpmcounter3,jump,seed20,214,9022.424242424242
hpmcounter3,jump,seed20,215,9022.278787878788
hpmcounter3,jump,seed20,216,9021.939393939394
hpmcounter3,jump,seed20,217,9021.406060606061
hpmcounter3,jump,seed20,218,9239.836363636363
hpmcounter3,jump,seed20,219,9409.612121212122
hpmcounter3,jump,seed20,220,9530.987878787879
hpmcounter3,jump,seed20,221,9603.8
hpmcounter3,jump,seed20,222,9628.218181818182
hpmcounter3,jump,seed20,223,9603.818181818182
hpmcounter3,jump,seed20,224,9530.70303030303
hpmcounter3,jump,seed20,225,9408.981818181817
hpmcounter3,jump,seed20,226,9238.630303030302
hpmcounter3,jump,seed20,227,9019.430303030304
hpmcounter3,jump,seed20,228,9019.181818181818
hpmcounter3,jump,seed20,229,9018.939393939394
hpmcounter3,jump,seed20,230,9018.969696969696
hpmcounter3,jump,seed20,231,9018.89090909091
hpmcounter3,jump,seed20,232,9018.860606060605
hpmcounter3,jump,seed20,233,9018.636363636364
hpmcounter3,jump,seed20,234,9018.436363636363
hpmcounter3,jump,seed20,235,9018.557575757575
hpmcounter3,jump,seed20,236,9019.042424242425
hpmcounter3,jump,seed20,237,9019.357575757576
hpmcounter3,jump,seed20,238,9019.50303030303
hpmcounter3,jump,seed20,239,9019.733333333334
hpmcounter3,jump,seed20,240,9020.145454545454
hpmcounter3,jump,seed20,241,9020.230303030303
hpmcounter3,jump,seed20,242,9020.151515151516
hpmcounter3,jump,seed20,243,9019.951515151515
hpmcounter3,jump,seed20,244,9019.739393939393
hpmcounter3,jump,seed20,245,9019.636363636364
hpmcounter3,jump,seed20,246,9019.733333333334
hpmcounter3,jump,seed20,247,9019.878787878788
hpmcounter3,jump,seed20,248,9019.69696969697
hpmcounter3,jump,seed20,249,9019.551515151516
hpmcounter3,jump,seed20,250,9019.751515151514
hpmcounter3,jump,seed20,251,9019.745454545455
hpmcounter3,jump,seed20,252,9019.818181818182
hpmcounter3,jump,seed20,253,9238.781818181818
hpmcounter3,jump,seed20,254,9627.612121212122
hpmcounter3,jump,seed20,255,10137.763636363636
hpmcounter3,jump,seed20,256,10720.515151515152
hpmcounter3,jump,seed20,257,11109.20606060606
hpmcounter3,jump,seed20,258,11303.6
hpmcounter3,jump,seed20,259,11303.539393939394
hpmcounter3,jump,seed20,260,11327.678787878787
hpmcounter3,jump,seed20,261,11323.151515151516
hpmcounter3,jump,seed20,262,11028.2
hpmcounter3,jump,seed20,263,10710.139393939395
hpmcounter3,jump,seed20,264,10417.278787878788
hpmcounter3,jump,seed20,265,10198.0
hpmcounter3,jump,seed20,266,10100.915151515152
hpmcounter3,jump,seed20,267,9907.89090909091
hpmcounter3,jump,seed20,268,9619.236363636364
hpmcounter3,jump,seed20,269,9234.551515151516
hpmcounter3,jump,seed20,270,9020.733333333334
hpmcounter3,jump,seed20,271,9021.236363636364
hpmcounter3,jump,seed20,272,9021.630303030302
hpmcounter3,jump,seed20,273,9021.672727272728
hpmcounter3,jump,seed20,274,9021.551515151516
hpmcounter3,jump,seed20,275,9021.09090909091
hpmcounter3,jump,seed20,276,9020.80606060606
hpmcounter3,jump,seed20,277,9020.581818181818
hpmcounter3,jump,seed20,278,9020.551515151516
hpmcounter3,jump,seed20,279,9020.80606060606
hpmcounter3,jump,seed20,280,9021.224242424243
hpmcounter3,jump,seed20,281,9021.575757575758
hpmcounter3,jump,seed20,282,9021.915151515152
hpmcounter3,jump,seed20,283,9022.084848484848
hpmcounter3,jump,seed20,284,9022.212121212122
hpmcounter3,jump,seed20,285,9022.060606060606
hpmcounter3,jump,seed20,286,9021.939393939394
hpmcounter3,jump,seed20,287,9021.951515151515
hpmcounter3,jump,seed20,288,9021.963636363636
hpmcounter3,jump,seed20,289,9022.084848484848
hpmcounter3,jump,seed20,290,9022.369696969698
hpmcounter3,jump,seed20,291,9022.484848484848
hpmcounter3,jump,seed20,292,9022.70303030303
hpmcounter3,jump,seed20,293,9022.824242424242
hpmcounter3,jump,seed20,294,9022.927272727273
hpmcounter3,jump,seed20,295,9022.80606060606
hpmcounter3,jump,seed20,296,9022.309090909092
hpmcounter3,jump,seed20,297,9021.70303030303
hpmcounter3,jump,seed20,298,9021.363636363636
hpmcounter3,jump,seed3,9,9013.975757575758
hpmcounter3,jump,seed3,10,9013.309090909092
hpmcounter3,jump,seed3,11,9013.278787878788
hpmcounter3,jump,seed3,12,9013.80606060606
hpmcounter3,jump,seed3,13,9014.533333333333
hpmcounter3,jump,seed3,14,9015.642424242424
hpmcounter3,jump,seed3,15,9016.939393939394
hpmcounter3,jump,seed3,16,9018.315151515151
hpmcounter3,jump,seed3,17,9019.484848484848
hpmcounter3,jump,seed3,18,9020.218181818182
hpmcounter3,jump,seed3,19,9020.593939393939
hpmcounter3,jump,seed3,20,9239.539393939394
hpmcounter3,jump,seed3,21,9409.781818181818
hpmcounter3,jump,seed3,22,9531.212121212122
hpmcounter3,jump,seed3,23,9822.309090909092
hpmcounter3,jump,seed3,24,10016.315151515151
hpmcounter3,jump,seed3,25,10331.41212121212
hpmcounter3,jump,seed3,26,10501.066666666668
hpmcounter3,jump,seed3,27,10525.145454545454
hpmcounter3,jump,seed3,28,10403.242424242424
hpmcounter3,jump,seed3,29,10135.90909090909
hpmcounter3,jump,seed3,30,9990.58787878788
hpmcounter3,jump,seed3,31,9748.309090909092
hpmcounter3,jump,seed3,32,9408.915151515152
hpmcounter3,jump,seed3,33,9238.975757575758
hpmcounter3,jump,seed3,34,9020.830303030303
hpmcounter3,jump,seed3,35,9020.878787878788
hpmcounter3,jump,seed3,36,9021.212121212122
hpmcounter3,jump,seed3,37,9021.630303030302
hpmcounter3,jump,seed3,38,9021.557575757575
hpmcounter3,jump,seed3,39,9021.315151515151
hpmcounter3,jump,seed3,40,9021.19393939394
hpmcounter3,jump,seed3,41,9021.139393939395
hpmcounter3,jump,seed3,42,9021.218181818182
hpmcounter3,jump,seed3,43,9020.854545454546
hpmcounter3,jump,seed3,44,9020.80606060606
hpmcounter3,jump,seed3,45,9020.612121212122
hpmcounter3,jump,seed3,46,9020.575757575758
hpmcounter3,jump,seed3,47,9020.678787878787
hpmcounter3,jump,seed3,48,9020.2
hpmcounter3,jump,seed3,49,9019.484848484848
hpmcounter3,jump,seed3,50,9019.060606060606
hpmcounter3,jump,seed3,51,9018.915151515152
hpmcounter3,jump,seed3,52,9019.309090909092
hpmcounter3,jump,seed3,53,9019.557575757575
hpmcounter3,jump,seed3,54,9020.169696969697
hpmcounter3,jump,seed3,55,9020.551515151516
hpmcounter3,jump,seed3,56,9020.769696969697
hpmcounter3,jump,seed3,57,9021.078787878789
hpmcounter3,jump,seed3,58,9020.70303030303
hpmcounter3,jump,seed3,59,9020.133333333333
hpmcounter3,jump,seed3,60,9019.787878787878
hpmcounter3,jump,seed3,61,9019.557575757575
hpmcounter3,jump,seed3,62,9019.581818181818
hpmcounter3,jump,seed3,63,9018.945454545454
hpmcounter3,jump,seed3,64,9018.406060606061
hpmcounter3,jump,seed3,65,9017.878787878788
hpmcounter3,jump,seed3,66,9017.254545454545
hpmcounter3,jump,seed3,67,9016.8
hpmcounter3,jump,seed3,68,9016.581818181818
hpmcounter3,jump,seed3,69,9016.69696969697
hpmcounter3,jump,seed3,70,9017.266666666666
hpmcounter3,jump,seed3,71,9017.90909090909
hpmcounter3,jump,seed3,72,9018.690909090908
hpmcounter3,jump,seed3,73,9018.933333333332
hpmcounter3,jump,seed3,74,9019.157575757576
hpmcounter3,jump,seed3,75,9019.381818181819
hpmcounter3,jump,seed3,76,9019.557575757575
hpmcounter3,jump,seed3,77,9019.527272727273
hpmcounter3,jump,seed3,78,9019.260606060607
hpmcounter3,jump,seed3,79,9019.224242424243
hpmcounter3,jump,seed3,80,9019.309090909092
hpmcounter3,jump,seed3,81,9019.30303030303
hpmcounter3,jump,seed3,82,9019.521212121212
hpmcounter3,jump,seed3,83,9019.739393939393
hpmcounter3,jump,seed3,84,9020.10909090909
hpmcounter3,jump,seed3,85,9020.551515151516
hpmcounter3,jump,seed3,86,9020.957575757575
hpmcounter3,jump,seed3,87,9021.381818181819
hpmcounter3,jump,seed3,88,9021.290909090909
hpmcounter3,jump,seed3,89,9020.981818181817
hpmcounter3,jump,seed3,90,9020.533333333333
hpmcounter3,jump,seed3,91,9020.133333333333
hpmcounter3,jump,seed3,92,9019.860606060605
hpmcounter3,jump,seed3,93,9019.19393939394
hpmcounter3,jump,seed3,94,9018.866666666667
hpmcounter3,jump,seed3,95,9018.660606060606
hpmcounter3,jump,seed3,96,9018.630303030302
hpmcounter3,jump,seed3,97,9018.775757575757
hpmcounter3,jump,seed3,98,9018.933333333332
hpmcounter3,jump,seed3,99,9019.133333333333
hpmcounter3,jump,seed3,100,9019.460606060606
hpmcounter3,jump,seed3,101,9019.79393939394
hpmcounter3,jump,seed3,102,9020.103030303031
hpmcounter3,jump,seed3,103,9019.81212121212
hpmcounter3,jump,seed3,104,9019.678787878787
hpmcounter3,jump,seed3,105,9019.242424242424
hpmcounter3,jump,seed3,106,9019.133333333333
hpmcounter3,jump,seed3,107,9018.987878787879
hpmcounter3,jump,seed3,108,9018.58787878788
hpmcounter3,jump,seed3,109,9018.454545454546
hpmcounter3,jump,seed3,110,9018.381818181819
hpmcounter3,jump,seed3,111,9018.28484848485
hpmcounter3,jump,seed3,112,9018.163636363637
hpmcounter3,jump,seed3,113,9018.345454545455
hpmcounter3,jump,seed3,114,9018.781818181818
hpmcounter3,jump,seed3,115,9019.4
hpmcounter3,jump,seed3,116,9020.41212121212
hpmcounter3,jump,seed3,117,9021.636363636364
hpmcounter3,jump,seed3,118,9022.612121212122
hpmcounter3,jump,seed3,119,9023.672727272728
hpmcounter3,jump,seed3,120,9024.381818181819
hpmcounter3,jump,seed3,121,9024.775757575757
hpmcounter3,jump,seed3,122,9024.563636363637
hpmcounter3,jump,seed3,123,9024.175757575758
hpmcounter3,jump,seed3,124,9023.460606060606
hpmcounter3,jump,seed3,125,9022.709090909091
hpmcounter3,jump,seed3,126,9021.939393939394
hpmcounter3,jump,seed3,127,9021.224242424243
hpmcounter3,jump,seed3,128,9020.624242424243
hpmcounter3,jump,seed3,129,9020.309090909092
hpmcounter3,jump,seed3,130,9020.030303030304
hpmcounter3,jump,seed3,131,9020.133333333333
hpmcounter3,jump,seed3,132,9239.309090909092
hpmcounter3,jump,seed3,133,9409.933333333332
hpmcounter3,jump,seed3,134,9531.818181818182
hpmcounter3,jump,seed3,135,9604.745454545455
hpmcounter3,jump,seed3,136,9629.078787878789
hpmcounter3,jump,seed3,137,9823.127272727274
hpmcounter3,jump,seed3,138,9919.89090909091
hpmcounter3,jump,seed3,139,9919.50303030303
hpmcounter3,jump,seed3,140,9821.721212121212
hpmcounter3,jump,seed3,141,9626.745454545455
hpmcounter3,jump,seed3,142,9602.345454545455
hpmcounter3,jump,seed3,143,9529.054545454546
hpmcounter3,jump,seed3,144,9407.363636363636
hpmcounter3,jump,seed3,145,9237.006060606062
hpmcounter3,jump,seed3,146,9018.290909090909
hpmcounter3,jump,seed3,147,9018.18787878788
hpmcounter3,jump,seed3,148,9018.29696969697
hpmcounter3,jump,seed3,149,9018.333333333334
hpmcounter3,jump,seed3,150,9018.618181818181
hpmcounter3,jump,seed3,151,9237.242424242424
hpmcounter3,jump,seed3,152,9625.860606060605
hpmcounter3,jump,seed3,153,10135.351515151515
hpmcounter3,jump,seed3,154,10717.466666666667
hpmcounter3,jump,seed3,155,11323.515151515152
hpmcounter3,jump,seed3,156,11905.212121212122
hpmcounter3,jump,seed3,157,12414.018181818183
hpmcounter3,jump,seed3,158,12801.660606060606
hpmcounter3,jump,seed3,159,13019.4
hpmcounter3,jump,seed3,160,13018.763636363636
hpmcounter3,jump,seed3,161,13014.581818181818
hpmcounter3,jump,seed3,162,13007.727272727272
hpmcounter3,jump,seed3,163,13002.739393939393
hpmcounter3,jump,seed3,164,12999.751515151514
hpmcounter3,jump,seed3,165,12997.957575757575
hpmcounter3,jump,seed3,166,12998.084848484848
hpmcounter3,jump,seed3,167,12999.975757575758
hpmcounter3,jump,seed3,168,13003.593939393939
hpmcounter3,jump,seed3,169,13005.066666666668
hpmcounter3,jump,seed3,170,12790.569696969696
hpmcounter3,jump,seed3,171,12404.50303030303
hpmcounter3,jump,seed3,172,11894.315151515151
hpmcounter3,jump,seed3,173,11312.218181818182
hpmcounter3,jump,seed3,174,10707.145454545454
hpmcounter3,jump,seed3,175,10126.751515151514
hpmcounter3,jump,seed3,176,9620.133333333333
hpmcounter3,jump,seed3,177,9235.69696969697
hpmcounter3,jump,seed3,178,9021.79393939394
hpmcounter3,jump,seed3,179,9021.866666666667
hpmcounter3,jump,seed3,180,9021.769696969697
hpmcounter3,jump,seed3,181,9021.721212121212
hpmcounter3,jump,seed3,182,9021.369696969698
hpmcounter3,jump,seed3,183,9020.763636363636
hpmcounter3,jump,seed3,184,9020.218181818182
hpmcounter3,jump,seed3,185,9019.539393939394
hpmcounter3,jump,seed3,186,9019.072727272727
hpmcounter3,jump,seed3,187,9018.8
hpmcounter3,jump,seed3,188,9018.745454545455
hpmcounter3,jump,seed3,189,9018.612121212122
hpmcounter3,jump,seed3,190,9018.545454545454
hpmcounter3,jump,seed3,191,9018.660606060606
hpmcounter3,jump,seed3,192,9018.739393939393
hpmcounter3,jump,seed3,193,9018.648484848485
hpmcounter3,jump,seed3,194,9018.60606060606
hpmcounter3,jump,seed3,195,9018.642424242424
hpmcounter3,jump,seed3,196,9018.624242424243
hpmcounter3,jump,seed3,197,9018.739393939393
hpmcounter3,jump,seed3,198,9018.878787878788
hpmcounter3,jump,seed3,199,9019.054545454546
hpmcounter3,jump,seed3,200,9019.133333333333
hpmcounter3,jump,seed3,201,9019.157575757576
hpmcounter3,jump,seed3,202,9019.115151515152
hpmcounter3,jump,seed3,203,9019.048484848485
hpmcounter3,jump,seed3,204,9019.121212121212
hpmcounter3,jump,seed3,205,9019.387878787878
hpmcounter3,jump,seed3,206,9019.484848484848
hpmcounter3,jump,seed3,207,9019.545454545454
hpmcounter3,jump,seed3,208,9019.624242424243
hpmcounter3,jump,seed3,209,9019.58787878788
hpmcounter3,jump,seed3,210,9019.612121212122
hpmcounter3,jump,seed3,211,9019.50909090909
hpmcounter3,jump,seed3,212,9019.618181818181
hpmcounter3,jump,seed3,213,9019.836363636363
hpmcounter3,jump,seed3,214,9020.151515151516
hpmcounter3,jump,seed3,215,9020.50909090909
hpmcounter3,jump,seed3,216,9020.721212121212
hpmcounter3,jump,seed3,217,9020.654545454545
hpmcounter3,jump,seed3,218,9020.618181818181
hpmcounter3,jump,seed3,219,9020.20606060606
hpmcounter3,jump,seed3,220,9019.860606060605
hpmcounter3,jump,seed3,221,9019.39393939394
hpmcounter3,jump,seed3,222,9019.236363636364
hpmcounter3,jump,seed3,223,9019.290909090909
hpmcounter3,jump,seed3,224,9019.28484848485
hpmcounter3,jump,seed3,225,9019.581818181818
hpmcounter3,jump,seed3,226,9020.078787878789
hpmcounter3,jump,seed3,227,9020.49696969697
hpmcounter3,jump,seed3,228,9020.987878787879
hpmcounter3,jump,seed3,229,9021.260606060607
hpmcounter3,jump,seed3,230,9021.345454545455
hpmcounter3,jump,seed3,231,9021.2
hpmcounter3,jump,seed3,232,9020.80606060606
hpmcounter3,jump,seed3,233,9020.387878787878
hpmcounter3,jump,seed3,234,9019.648484848485
hpmcounter3,jump,seed3,235,9019.09696969697
hpmcounter3,jump,seed3,236,9018.672727272728
hpmcounter3,jump,seed3,237,9018.41212121212
hpmcounter3,jump,seed3,238,9018.28484848485
hpmcounter3,jump,seed3,239,9018.448484848484
hpmcounter3,jump,seed3,240,9018.618181818181
hpmcounter3,jump,seed3,241,9018.630303030302
hpmcounter3,jump,seed3,242,9018.484848484848
hpmcounter3,jump,seed3,243,9018.466666666667
hpmcounter3,jump,seed3,244,9018.551515151516
hpmcounter3,jump,seed3,245,9018.60606060606
hpmcounter3,jump,seed3,246,9018.466666666667
hpmcounter3,jump,seed3,247,9018.618181818181
hpmcounter3,jump,seed3,248,9018.684848484849
hpmcounter3,jump,seed3,249,9019.018181818183
hpmcounter3,jump,seed3,250,9019.460606060606
hpmcounter3,jump,seed3,251,9019.721212121212
hpmcounter3,jump,seed3,252,9020.157575757576
hpmcounter3,jump,seed3,253,9020.545454545454
hpmcounter3,jump,seed3,254,9020.896969696969
hpmcounter3,jump,seed3,255,9020.981818181817
hpmcounter3,jump,seed3,256,9020.830303030303
hpmcounter3,jump,seed3,257,9020.672727272728
hpmcounter3,jump,seed3,258,9020.224242424243
hpmcounter3,jump,seed3,259,9019.751515151514
hpmcounter3,jump,seed3,260,9019.41212121212
hpmcounter3,jump,seed3,261,9019.042424242425
hpmcounter3,jump,seed3,262,9018.933333333332
hpmcounter3,jump,seed3,263,9018.89090909091
hpmcounter3,jump,seed3,264,9018.860606060605
hpmcounter3,jump,seed3,265,9019.157575757576
hpmcounter3,jump,seed3,266,9019.557575757575
hpmcounter3,jump,seed3,267,9019.830303030303
hpmcounter3,jump,seed3,268,9019.921212121211
hpmcounter3,jump,seed3,269,9019.830303030303
hpmcounter3,jump,seed3,270,9019.636363636364
hpmcounter3,jump,seed3,271,9019.363636363636
hpmcounter3,jump,seed3,272,9019.121212121212
hpmcounter3,jump,seed3,273,9018.775757575757
hpmcounter3,jump,seed3,274,9018.50303030303
hpmcounter3,jump,seed3,275,9018.690909090908
hpmcounter3,jump,seed3,276,9019.121212121212
hpmcounter3,jump,seed3,277,9019.527272727273
hpmcounter3,jump,seed3,278,9019.884848484848
hpmcounter3,jump,seed3,279,9020.060606060606
hpmcounter3,jump,seed3,280,9020.369696969698
hpmcounter3,jump,seed3,281,9020.618181818181
hpmcounter3,jump,seed3,282,9020.41212121212
hpmcounter3,jump,seed3,283,9019.878787878788
hpmcounter3,jump,seed3,284,9019.569696969696
hpmcounter3,jump,seed3,285,9019.29696969697
hpmcounter3,jump,seed3,286,9019.19393939394
hpmcounter3,jump,seed3,287,9019.09696969697
hpmcounter3,jump,seed3,288,9018.90909090909
hpmcounter3,jump,seed3,289,9018.58787878788
hpmcounter3,jump,seed3,290,9018.654545454545
hpmcounter3,jump,seed3,291,9018.818181818182
hpmcounter3,jump,seed3,292,9018.70303030303
hpmcounter3,jump,seed3,293,9018.315151515151
hpmcounter3,jump,seed3,294,9237.260606060607
hpmcounter3,jump,seed3,295,9407.58787878788
hpmcounter3,jump,seed3,296,9529.321212121213
hpmcounter3,jump,seed3,297,9602.581818181818
hpmcounter3,jump,seed3,298,9627.212121212122
hpmcounter3,jump,seed4,9,9015.830303030303
hpmcounter3,jump,seed4,10,9015.460606060606
hpmcounter3,jump,seed4,11,9015.436363636363
hpmcounter3,jump,seed4,12,9015.872727272726
hpmcounter3,jump,seed4,13,9016.321212121213
hpmcounter3,jump,seed4,14,9017.10909090909
hpmcounter3,jump,seed4,15,9018.145454545454
hpmcounter3,jump,seed4,16,9019.224242424243
hpmcounter3,jump,seed4,17,9020.369696969698
hpmcounter3,jump,seed4,18,9021.2
hpmcounter3,jump,seed4,19,9021.50909090909
hpmcounter3,jump,seed4,20,9021.4
hpmcounter3,jump,seed4,21,9021.254545454545
hpmcounter3,jump,seed4,22,9021.20606060606
hpmcounter3,jump,seed4,23,9020.927272727273
hpmcounter3,jump,seed4,24,9020.660606060606
hpmcounter3,jump,seed4,25,9020.406060606061
hpmcounter3,jump,seed4,26,9020.363636363636
hpmcounter3,jump,seed4,27,9020.327272727272
hpmcounter3,jump,seed4,28,9020.484848484848
hpmcounter3,jump,seed4,29,9020.569696969696
hpmcounter3,jump,seed4,30,9020.581818181818
hpmcounter3,jump,seed4,31,9020.709090909091
hpmcounter3,jump,seed4,32,9020.884848484848
hpmcounter3,jump,seed4,33,9020.951515151515
hpmcounter3,jump,seed4,34,9021.127272727274
hpmcounter3,jump,seed4,35,9021.278787878788
hpmcounter3,jump,seed4,36,9021.678787878787
hpmcounter3,jump,seed4,37,9021.58787878788
hpmcounter3,jump,seed4,38,9021.690909090908
hpmcounter3,jump,seed4,39,9021.636363636364
hpmcounter3,jump,seed4,40,9021.315151515151
hpmcounter3,jump,seed4,41,9021.145454545454
hpmcounter3,jump,seed4,42,9020.939393939394
hpmcounter3,jump,seed4,43,9020.721212121212
hpmcounter3,jump,seed4,44,9020.896969696969
hpmcounter3,jump,seed4,45,9021.024242424242
hpmcounter3,jump,seed4,46,9021.272727272728
hpmcounter3,jump,seed4,47,9021.345454545455
hpmcounter3,jump,seed4,48,9021.515151515152
hpmcounter3,jump,seed4,49,9021.648484848485
hpmcounter3,jump,seed4,50,9021.69696969697
hpmcounter3,jump,seed4,51,9021.878787878788
hpmcounter3,jump,seed4,52,9022.169696969697
hpmcounter3,jump,seed4,53,9021.951515151515
hpmcounter3,jump,seed4,54,9022.175757575758
hpmcounter3,jump,seed4,55,9022.41212121212
hpmcounter3,jump,seed4,56,9022.436363636363
hpmcounter3,jump,seed4,57,9022.41212121212
hpmcounter3,jump,seed4,58,9022.339393939394
hpmcounter3,jump,seed4,59,9022.10909090909
hpmcounter3,jump,seed4,60,9022.260606060607
hpmcounter3,jump,seed4,61,9022.460606060606
hpmcounter3,jump,seed4,62,9022.842424242424
hpmcounter3,jump,seed4,63,9022.678787878787
hpmcounter3,jump,seed4,64,9022.563636363637
hpmcounter3,jump,seed4,65,9022.30303030303
hpmcounter3,jump,seed4,66,9022.054545454546
hpmcounter3,jump,seed4,67,9021.872727272726
hpmcounter3,jump,seed4,68,9021.854545454546
hpmcounter3,jump,seed4,69,9021.721212121212
hpmcounter3,jump,seed4,70,9021.957575757575
hpmcounter3,jump,seed4,71,9022.181818181818
hpmcounter3,jump,seed4,72,9022.309090909092
hpmcounter3,jump,seed4,73,9022.339393939394
hpmcounter3,jump,seed4,74,9022.381818181819
hpmcounter3,jump,seed4,75,9022.060606060606
hpmcounter3,jump,seed4,76,9021.836363636363
hpmcounter3,jump,seed4,77,9021.533333333333
hpmcounter3,jump,seed4,78,9021.321212121213
hpmcounter3,jump,seed4,79,9021.018181818183
hpmcounter3,jump,seed4,80,9020.969696969696
hpmcounter3,jump,seed4,81,9020.933333333332
hpmcounter3,jump,seed4,82,9020.884848484848
hpmcounter3,jump,seed4,83,9020.824242424242
hpmcounter3,jump,seed4,84,9021.048484848485
hpmcounter3,jump,seed4,85,9021.278787878788
hpmcounter3,jump,seed4,86,9021.581818181818
hpmcounter3,jump,seed4,87,9021.848484848484
hpmcounter3,jump,seed4,88,9022.163636363637
hpmcounter3,jump,seed4,89,9022.236363636364
hpmcounter3,jump,seed4,90,9022.448484848484
hpmcounter3,jump,seed4,91,9022.763636363636
hpmcounter3,jump,seed4,92,9023.2
hpmcounter3,jump,seed4,93,9023.466666666667
hpmcounter3,jump,seed4,94,9023.957575757575
hpmcounter3,jump,seed4,95,9024.309090909092
hpmcounter3,jump,seed4,96,9024.224242424243
hpmcounter3,jump,seed4,97,9023.836363636363
hpmcounter3,jump,seed4,98,9023.466666666667
hpmcounter3,jump,seed4,99,9022.939393939394
hpmcounter3,jump,seed4,100,9022.563636363637
hpmcounter3,jump,seed4,101,9022.242424242424
hpmcounter3,jump,seed4,102,9021.860606060605
hpmcounter3,jump,seed4,103,9021.6
hpmcounter3,jump,seed4,104,9021.781818181818
hpmcounter3,jump,seed4,105,9021.878787878788
hpmcounter3,jump,seed4,106,9021.945454545454
hpmcounter3,jump,seed4,107,9021.89090909091
hpmcounter3,jump,seed4,108,9021.781818181818
hpmcounter3,jump,seed4,109,9021.915151515152
hpmcounter3,jump,seed4,110,9022.048484848485
hpmcounter3,jump,seed4,111,9022.09696969697
hpmcounter3,jump,seed4,112,9021.872727272726
hpmcounter3,jump,seed4,113,9021.442424242425
hpmcounter3,jump,seed4,114,9021.272727272728
hpmcounter3,jump,seed4,115,9020.90303030303
hpmcounter3,jump,seed4,116,9240.145454545454
hpmcounter3,jump,seed4,117,9629.036363636364
hpmcounter3,jump,seed4,118,9920.642424242424
hpmcounter3,jump,seed4,119,10115.339393939394
hpmcounter3,jump,seed4,120,10212.666666666666
hpmcounter3,jump,seed4,121,10212.733333333334
hpmcounter3,jump,seed4,122,10115.636363636364
hpmcounter3,jump,seed4,123,10139.442424242425
hpmcounter3,jump,seed4,124,10017.666666666666
hpmcounter3,jump,seed4,125,9749.854545454546
hpmcounter3,jump,seed4,126,9604.436363636363
hpmcounter3,jump,seed4,127,9628.830303030303
hpmcounter3,jump,seed4,128,9604.787878787878
hpmcounter3,jump,seed4,129,9532.339393939394
hpmcounter3,jump,seed4,130,9411.09696969697
hpmcounter3,jump,seed4,131,9241.345454545455
hpmcounter3,jump,seed4,132,9023.236363636364
hpmcounter3,jump,seed4,133,9023.315151515151
hpmcounter3,jump,seed4,134,9023.436363636363
hpmcounter3,jump,seed4,135,9023.369696969698
hpmcounter3,jump,seed4,136,9023.387878787878
hpmcounter3,jump,seed4,137,9023.50909090909
hpmcounter3,jump,seed4,138,9023.545454545454
hpmcounter3,jump,seed4,139,9023.69696969697
hpmcounter3,jump,seed4,140,9023.818181818182
hpmcounter3,jump,seed4,141,9023.939393939394
hpmcounter3,jump,seed4,142,9024.19393939394
hpmcounter3,jump,seed4,143,9024.230303030303
hpmcounter3,jump,seed4,144,9024.157575757576
hpmcounter3,jump,seed4,145,9023.951515151515
hpmcounter3,jump,seed4,146,9023.745454545455
hpmcounter3,jump,seed4,147,9023.69696969697
hpmcounter3,jump,seed4,148,9023.563636363637
hpmcounter3,jump,seed4,149,9023.345454545455
hpmcounter3,jump,seed4,150,9023.09090909091
hpmcounter3,jump,seed4,151,9241.521212121212
hpmcounter3,jump,seed4,152,9629.630303030302
hpmcounter3,jump,seed4,153,10138.921212121211
hpmcounter3,jump,seed4,154,10720.951515151515
hpmcounter3,jump,seed4,155,11327.127272727274
hpmcounter3,jump,seed4,156,11909.127272727274
hpmcounter3,jump,seed4,157,12418.266666666666
hpmcounter3,jump,seed4,158,12806.030303030304
hpmcounter3,jump,seed4,159,13024.0
hpmcounter3,jump,seed4,160,13023.533333333333
hpmcounter3,jump,seed4,161,13019.406060606061
hpmcounter3,jump,seed4,162,13016.006060606062
hpmcounter3,jump,seed4,163,13013.49090909091
hpmcounter3,jump,seed4,164,13011.842424242424
hpmcounter3,jump,seed4,165,13010.90909090909
hpmcounter3,jump,seed4,166,13011.048484848485
hpmcounter3,jump,seed4,167,13012.121212121212
hpmcounter3,jump,seed4,168,13014.006060606062
hpmcounter3,jump,seed4,169,13016.90303030303
hpmcounter3,jump,seed4,170,13021.121212121212
hpmcounter3,jump,seed4,171,13021.472727272727
hpmcounter3,jump,seed4,172,13022.18787878788
hpmcounter3,jump,seed4,173,13022.896969696969
hpmcounter3,jump,seed4,174,13023.345454545455
hpmcounter3,jump,seed4,175,13023.478787878788
hpmcounter3,jump,seed4,176,13023.515151515152
hpmcounter3,jump,seed4,177,13023.593939393939
hpmcounter3,jump,seed4,178,12805.375757575757
hpmcounter3,jump,seed4,179,12417.418181818182
hpmcounter3,jump,seed4,180,12126.824242424242
hpmcounter3,jump,seed4,181,11714.957575757575
hpmcounter3,jump,seed4,182,11230.515151515152
hpmcounter3,jump,seed4,183,10721.842424242424
hpmcounter3,jump,seed4,184,10237.048484848485
hpmcounter3,jump,seed4,185,9824.757575757576
hpmcounter3,jump,seed4,186,9533.551515151516
hpmcounter3,jump,seed4,187,9412.048484848485
hpmcounter3,jump,seed4,188,9242.121212121212
hpmcounter3,jump,seed4,189,9023.769696969697
hpmcounter3,jump,seed4,190,9023.993939393938
hpmcounter3,jump,seed4,191,9024.327272727272
hpmcounter3,jump,seed4,192,9024.29696969697
hpmcounter3,jump,seed4,193,9024.060606060606
hpmcounter3,jump,seed4,194,9023.80606060606
hpmcounter3,jump,seed4,195,9023.642424242424
hpmcounter3,jump,seed4,196,9023.448484848484
hpmcounter3,jump,seed4,197,9023.224242424243
hpmcounter3,jump,seed4,198,9023.169696969697
hpmcounter3,jump,seed4,199,9023.066666666668
hpmcounter3,jump,seed4,200,9023.072727272727
hpmcounter3,jump,seed4,201,9023.169696969697
hpmcounter3,jump,seed4,202,9023.060606060606
hpmcounter3,jump,seed4,203,9022.775757575757
hpmcounter3,jump,seed4,204,9022.666666666666
hpmcounter3,jump,seed4,205,9022.406060606061
hpmcounter3,jump,seed4,206,9022.10909090909
hpmcounter3,jump,seed4,207,9021.648484848485
hpmcounter3,jump,seed4,208,9021.315151515151
hpmcounter3,jump,seed4,209,9021.012121212121
hpmcounter3,jump,seed4,210,9020.69696969697
hpmcounter3,jump,seed4,211,9020.557575757575
hpmcounter3,jump,seed4,212,9020.636363636364
hpmcounter3,jump,seed4,213,9020.757575757576
hpmcounter3,jump,seed4,214,9021.29696969697
hpmcounter3,jump,seed4,215,9021.745454545455
hpmcounter3,jump,seed4,216,9022.024242424242
hpmcounter3,jump,seed4,217,9022.218181818182
hpmcounter3,jump,seed4,218,9022.454545454546
hpmcounter3,jump,seed4,219,9022.478787878788
hpmcounter3,jump,seed4,220,9022.454545454546
hpmcounter3,jump,seed4,221,9022.424242424242
hpmcounter3,jump,seed4,222,9022.41212121212
hpmcounter3,jump,seed4,223,9022.460606060606
hpmcounter3,jump,seed4,224,9022.775757575757
hpmcounter3,jump,seed4,225,9022.884848484848
hpmcounter3,jump,seed4,226,9022.951515151515
hpmcounter3,jump,seed4,227,9022.90909090909
hpmcounter3,jump,seed4,228,9022.80606060606
hpmcounter3,jump,seed4,229,9022.424242424242
hpmcounter3,jump,seed4,230,9022.030303030304
hpmcounter3,jump,seed4,231,9021.757575757576
hpmcounter3,jump,seed4,232,9021.351515151515
hpmcounter3,jump,seed4,233,9021.145454545454
hpmcounter3,jump,seed4,234,9021.18787878788
hpmcounter3,jump,seed4,235,9021.4
hpmcounter3,jump,seed4,236,9021.933333333332
hpmcounter3,jump,seed4,237,9022.41212121212
hpmcounter3,jump,seed4,238,9022.854545454546
hpmcounter3,jump,seed4,239,9023.103030303031
hpmcounter3,jump,seed4,240,9023.18787878788
hpmcounter3,jump,seed4,241,9023.28484848485
hpmcounter3,jump,seed4,242,9023.218181818182
hpmcounter3,jump,seed4,243,9022.975757575758
hpmcounter3,jump,seed4,244,9022.612121212122
hpmcounter3,jump,seed4,245,9022.175757575758
hpmcounter3,jump,seed4,246,9021.739393939393
hpmcounter3,jump,seed4,247,9021.28484848485
hpmcounter3,jump,seed4,248,9020.969696969696
hpmcounter3,jump,seed4,249,9020.533333333333
hpmcounter3,jump,seed4,250,9020.2
hpmcounter3,jump,seed4,251,9020.048484848485
hpmcounter3,jump,seed4,252,9020.078787878789
hpmcounter3,jump,seed4,253,9020.290909090909
hpmcounter3,jump,seed4,254,9020.630303030302
hpmcounter3,jump,seed4,255,9020.896969696969
hpmcounter3,jump,seed4,256,9021.066666666668
hpmcounter3,jump,seed4,257,9021.139393939395
hpmcounter3,jump,seed4,258,9021.290909090909
hpmcounter3,jump,seed4,259,9021.145454545454
hpmcounter3,jump,seed4,260,9020.987878787879
hpmcounter3,jump,seed4,261,9020.927272727273
hpmcounter3,jump,seed4,262,9020.854545454546
hpmcounter3,jump,seed4,263,9020.79393939394
hpmcounter3,jump,seed4,264,9020.81212121212
hpmcounter3,jump,seed4,265,9020.963636363636
hpmcounter3,jump,seed4,266,9021.006060606062
hpmcounter3,jump,seed4,267,9239.884848484848
hpmcounter3,jump,seed4,268,9628.751515151514
hpmcounter3,jump,seed4,269,10138.575757575758
hpmcounter3,jump,seed4,270,10721.024242424242
hpmcounter3,jump,seed4,271,11327.49090909091
hpmcounter3,jump,seed4,272,11909.315151515151
hpmcounter3,jump,seed4,273,12199.993939393938
hpmcounter3,jump,seed4,274,12199.787878787878
hpmcounter3,jump,seed4,275,11908.375757575757
hpmcounter3,jump,seed4,276,11325.90909090909
hpmcounter3,jump,seed4,277,10719.860606060605
hpmcounter3,jump,seed4,278,10138.151515151516
hpmcounter3,jump,seed4,279,9629.030303030304
hpmcounter3,jump,seed4,280,9241.018181818183
hpmcounter3,jump,seed4,281,9022.721212121212
hpmcounter3,jump,seed4,282,9022.30303030303
hpmcounter3,jump,seed4,283,9021.89090909091
hpmcounter3,jump,seed4,284,9021.915151515152
hpmcounter3,jump,seed4,285,9021.71515151515
hpmcounter3,jump,seed4,286,9021.581818181818
hpmcounter3,jump,seed4,287,9021.58787878788
hpmcounter3,jump,seed4,288,9021.460606060606
hpmcounter3,jump,seed4,289,9021.309090909092
hpmcounter3,jump,seed4,290,9021.0
hpmcounter3,jump,seed4,291,9020.8
hpmcounter3,jump,seed4,292,9020.6
hpmcounter3,jump,seed4,293,9020.4
hpmcounter3,jump,seed4,294,9020.709090909091
hpmcounter3,jump,seed4,295,9021.260606060607
hpmcounter3,jump,seed4,296,9021.642424242424
hpmcounter3,jump,seed4,297,9021.951515151515
hpmcounter3,jump,seed4,298,9022.49090909091
hpmcounter3,jump,seed5,9,11014.70303030303
hpmcounter3,jump,seed5,10,10644.763636363636
hpmcounter3,jump,seed5,11,10089.709090909091
hpmcounter3,jump,seed5,12,9601.945454545454
hpmcounter3,jump,seed5,13,9228.993939393938
hpmcounter3,jump,seed5,14,9018.727272727272
hpmcounter3,jump,seed5,15,9019.466666666667
hpmcounter3,jump,seed5,16,9020.103030303031
hpmcounter3,jump,seed5,17,9021.048484848485
hpmcounter3,jump,seed5,18,9021.81212121212
hpmcounter3,jump,seed5,19,9022.569696969696
hpmcounter3,jump,seed5,20,9023.369696969698
hpmcounter3,jump,seed5,21,9024.103030303031
hpmcounter3,jump,seed5,22,9024.987878787879
hpmcounter3,jump,seed5,23,9025.581818181818
hpmcounter3,jump,seed5,24,9025.915151515152
hpmcounter3,jump,seed5,25,9025.939393939394
hpmcounter3,jump,seed5,26,9025.684848484849
hpmcounter3,jump,seed5,27,9025.436363636363
hpmcounter3,jump,seed5,28,9024.981818181817
hpmcounter3,jump,seed5,29,9024.739393939393
hpmcounter3,jump,seed5,30,9243.618181818181
hpmcounter3,jump,seed5,31,9632.018181818183
hpmcounter3,jump,seed5,32,9923.18787878788
hpmcounter3,jump,seed5,33,10335.224242424243
hpmcounter3,jump,seed5,34,10819.612121212122
hpmcounter3,jump,seed5,35,11327.927272727273
hpmcounter3,jump,seed5,36,11811.951515151515
hpmcounter3,jump,seed5,37,12223.333333333334
hpmcounter3,jump,seed5,38,12295.212121212122
hpmcounter3,jump,seed5,39,12027.71515151515
hpmcounter3,jump,seed5,40,11688.224242424243
hpmcounter3,jump,seed5,41,11324.71515151515
hpmcounter3,jump,seed5,42,10937.0
hpmcounter3,jump,seed5,43,10525.121212121212
hpmcounter3,jump,seed5,44,10137.309090909092
hpmcounter3,jump,seed5,45,9822.078787878789
hpmcounter3,jump,seed5,46,9628.103030303031
hpmcounter3,jump,seed5,47,9603.957575757575
hpmcounter3,jump,seed5,48,9531.163636363637
hpmcounter3,jump,seed5,49,9409.612121212122
hpmcounter3,jump,seed5,50,9239.515151515152
hpmcounter3,jump,seed5,51,9020.896969696969
hpmcounter3,jump,seed5,52,9020.8
hpmcounter3,jump,seed5,53,9020.745454545455
hpmcounter3,jump,seed5,54,9020.581818181818
hpmcounter3,jump,seed5,55,9020.575757575758
hpmcounter3,jump,seed5,56,9020.660606060606
hpmcounter3,jump,seed5,57,9020.781818181818
hpmcounter3,jump,seed5,58,9021.169696969697
hpmcounter3,jump,seed5,59,9239.757575757576
hpmcounter3,jump,seed5,60,9409.763636363636
hpmcounter3,jump,seed5,61,9749.345454545455
hpmcounter3,jump,seed5,62,10210.151515151516
hpmcounter3,jump,seed5,63,10743.545454545454
hpmcounter3,jump,seed5,64,11300.690909090908
hpmcounter3,jump,seed5,65,11615.472727272727
hpmcounter3,jump,seed5,66,11687.945454545454
hpmcounter3,jump,seed5,67,11517.90909090909
hpmcounter3,jump,seed5,68,11106.0
hpmcounter3,jump,seed5,69,10718.630303030302
hpmcounter3,jump,seed5,70,10137.375757575757
hpmcounter3,jump,seed5,71,9628.89090909091
hpmcounter3,jump,seed5,72,9241.569696969696
hpmcounter3,jump,seed5,73,9023.684848484849
hpmcounter3,jump,seed5,74,9023.727272727272
hpmcounter3,jump,seed5,75,9023.58787878788
hpmcounter3,jump,seed5,76,9023.224242424243
hpmcounter3,jump,seed5,77,9022.71515151515
hpmcounter3,jump,seed5,78,9022.460606060606
hpmcounter3,jump,seed5,79,9022.048484848485
hpmcounter3,jump,seed5,80,9021.484848484848
hpmcounter3,jump,seed5,81,9021.103030303031
hpmcounter3,jump,seed5,82,9020.80606060606
hpmcounter3,jump,seed5,83,9020.551515151516
hpmcounter3,jump,seed5,84,9020.593939393939
hpmcounter3,jump,seed5,85,9020.933333333332
hpmcounter3,jump,seed5,86,9021.345454545455
hpmcounter3,jump,seed5,87,9021.58787878788
hpmcounter3,jump,seed5,88,9022.09090909091
hpmcounter3,jump,seed5,89,9022.387878787878
hpmcounter3,jump,seed5,90,9022.266666666666
hpmcounter3,jump,seed5,91,9022.157575757576
hpmcounter3,jump,seed5,92,9021.993939393938
hpmcounter3,jump,seed5,93,9021.818181818182
hpmcounter3,jump,seed5,94,9021.684848484849
hpmcounter3,jump,seed5,95,9021.618181818181
hpmcounter3,jump,seed5,96,9021.666666666666
hpmcounter3,jump,seed5,97,9021.466666666667
hpmcounter3,jump,seed5,98,9021.50303030303
hpmcounter3,jump,seed5,99,9021.50303030303
hpmcounter3,jump,seed5,100,9021.618181818181
hpmcounter3,jump,seed5,101,9021.787878787878
hpmcounter3,jump,seed5,102,9021.89090909091
hpmcounter3,jump,seed5,103,9022.006060606062
hpmcounter3,jump,seed5,104,9021.981818181817
hpmcounter3,jump,seed5,105,9021.678787878787
hpmcounter3,jump,seed5,106,9021.515151515152
hpmcounter3,jump,seed5,107,9021.345454545455
hpmcounter3,jump,seed5,108,9021.224242424243
hpmcounter3,jump,seed5,109,9020.90909090909
hpmcounter3,jump,seed5,110,9020.690909090908
hpmcounter3,jump,seed5,111,9020.751515151514
hpmcounter3,jump,seed5,112,9020.848484848484
hpmcounter3,jump,seed5,113,9020.872727272726
hpmcounter3,jump,seed5,114,9020.71515151515
hpmcounter3,jump,seed5,115,9020.351515151515
hpmcounter3,jump,seed5,116,9020.048484848485
hpmcounter3,jump,seed5,117,9019.745454545455
hpmcounter3,jump,seed5,118,9019.709090909091
hpmcounter3,jump,seed5,119,9238.478787878788
hpmcounter3,jump,seed5,120,9408.79393939394
hpmcounter3,jump,seed5,121,9530.836363636363
hpmcounter3,jump,seed5,122,9604.406060606061
hpmcounter3,jump,seed5,123,9629.127272727274
hpmcounter3,jump,seed5,124,9605.327272727272
hpmcounter3,jump,seed5,125,9532.739393939393
hpmcounter3,jump,seed5,126,9411.448484848484
hpmcounter3,jump,seed5,127,9241.218181818182
hpmcounter3,jump,seed5,128,9022.333333333334
hpmcounter3,jump,seed5,129,9021.951515151515
hpmcounter3,jump,seed5,130,9021.678787878787
hpmcounter3,jump,seed5,131,9021.672727272728
hpmcounter3,jump,seed5,132,9021.81212121212
hpmcounter3,jump,seed5,133,9021.775757575757
hpmcounter3,jump,seed5,134,9021.872727272726
hpmcounter3,jump,seed5,135,9021.860606060605
hpmcounter3,jump,seed5,136,9022.09090909091
hpmcounter3,jump,seed5,137,9022.2
hpmcounter3,jump,seed5,138,9022.418181818182
hpmcounter3,jump,seed5,139,9022.369696969698
hpmcounter3,jump,seed5,140,9022.339393939394
hpmcounter3,jump,seed5,141,9022.424242424242
hpmcounter3,jump,seed5,142,9022.460606060606
hpmcounter3,jump,seed5,143,9022.460606060606
hpmcounter3,jump,seed5,144,9022.41212121212
hpmcounter3,jump,seed5,145,9022.09696969697
hpmcounter3,jump,seed5,146,9021.915151515152
hpmcounter3,jump,seed5,147,9021.581818181818
hpmcounter3,jump,seed5,148,9021.472727272727
hpmcounter3,jump,seed5,149,9021.333333333334
hpmcounter3,jump,seed5,150,9021.339393939394
hpmcounter3,jump,seed5,151,9239.915151515152
hpmcounter3,jump,seed5,152,9628.230303030303
hpmcounter3,jump,seed5,153,10137.775757575757
hpmcounter3,jump,seed5,154,10720.066666666668
hpmcounter3,jump,seed5,155,11326.28484848485
hpmcounter3,jump,seed5,156,11908.054545454546
hpmcounter3,jump,seed5,157,12416.89090909091
hpmcounter3,jump,seed5,158,12804.70303030303
hpmcounter3,jump,seed5,159,13022.860606060605
hpmcounter3,jump,seed5,160,13022.472727272727
hpmcounter3,jump,seed5,161,13018.327272727272
hpmcounter3,jump,seed5,162,13015.09696969697
hpmcounter3,jump,seed5,163,13012.533333333333
hpmcounter3,jump,seed5,164,13011.133333333333
hpmcounter3,jump,seed5,165,13010.80606060606
hpmcounter3,jump,seed5,166,13011.218181818182
hpmcounter3,jump,seed5,167,13012.424242424242
hpmcounter3,jump,seed5,168,13014.70303030303
hpmcounter3,jump,seed5,169,13018.2
hpmcounter3,jump,seed5,170,13022.230303030303
hpmcounter3,jump,seed5,171,13022.181818181818
hpmcounter3,jump,seed5,172,12803.975757575758
hpmcounter3,jump,seed5,173,12415.751515151514
hpmcounter3,jump,seed5,174,11906.424242424242
hpmcounter3,jump,seed5,175,11324.745454545455
hpmcounter3,jump,seed5,176,10718.836363636363
hpmcounter3,jump,seed5,177,10137.169696969697
hpmcounter3,jump,seed5,178,9628.20606060606
hpmcounter3,jump,seed5,179,9240.563636363637
hpmcounter3,jump,seed5,180,9022.71515151515
hpmcounter3,jump,seed5,181,9022.733333333334
hpmcounter3,jump,seed5,182,9022.8
hpmcounter3,jump,seed5,183,9022.630303030302
hpmcounter3,jump,seed5,184,9022.454545454546
hpmcounter3,jump,seed5,185,9022.39393939394
hpmcounter3,jump,seed5,186,9022.175757575758
hpmcounter3,jump,seed5,187,9021.89090909091
hpmcounter3,jump,seed5,188,9021.848484848484
hpmcounter3,jump,seed5,189,9021.727272727272
hpmcounter3,jump,seed5,190,9022.175757575758
hpmcounter3,jump,seed5,191,9022.727272727272
hpmcounter3,jump,seed5,192,9023.169696969697
hpmcounter3,jump,seed5,193,9023.533333333333
hpmcounter3,jump,seed5,194,9024.024242424242
hpmcounter3,jump,seed5,195,9024.333333333334
hpmcounter3,jump,seed5,196,9024.6
hpmcounter3,jump,seed5,197,9024.630303030302
hpmcounter3,jump,seed5,198,9024.533333333333
hpmcounter3,jump,seed5,199,9024.145454545454
hpmcounter3,jump,seed5,200,9023.975757575758
hpmcounter3,jump,seed5,201,9023.939393939394
hpmcounter3,jump,seed5,202,9024.012121212121
hpmcounter3,jump,seed5,203,9024.157575757576
hpmcounter3,jump,seed5,204,9024.539393939394
hpmcounter3,jump,seed5,205,9024.81212121212
hpmcounter3,jump,seed5,206,9025.151515151516
hpmcounter3,jump,seed5,207,9025.460606060606
hpmcounter3,jump,seed5,208,9025.333333333334
hpmcounter3,jump,seed5,209,9024.90303030303
hpmcounter3,jump,seed5,210,9024.466666666667
hpmcounter3,jump,seed5,211,9024.066666666668
hpmcounter3,jump,seed5,212,9023.89090909091
hpmcounter3,jump,seed5,213,9023.775757575757
hpmcounter3,jump,seed5,214,9023.757575757576
hpmcounter3,jump,seed5,215,9023.830303030303
hpmcounter3,jump,seed5,216,9024.006060606062
hpmcounter3,jump,seed5,217,9024.0
hpmcounter3,jump,seed5,218,9023.593939393939
hpmcounter3,jump,seed5,219,9022.975757575758
hpmcounter3,jump,seed5,220,9022.575757575758
hpmcounter3,jump,seed5,221,9022.18787878788
hpmcounter3,jump,seed5,222,9022.09090909091
hpmcounter3,jump,seed5,223,9022.230303030303
hpmcounter3,jump,seed5,224,9022.2
hpmcounter3,jump,seed5,225,9022.09090909091
hpmcounter3,jump,seed5,226,9022.072727272727
hpmcounter3,jump,seed5,227,9021.872727272726
hpmcounter3,jump,seed5,228,9021.654545454545
hpmcounter3,jump,seed5,229,9021.175757575758
hpmcounter3,jump,seed5,230,9020.848484848484
hpmcounter3,jump,seed5,231,9020.50909090909
hpmcounter3,jump,seed5,232,9020.41212121212
hpmcounter3,jump,seed5,233,9020.593939393939
hpmcounter3,jump,seed5,234,9020.593939393939
hpmcounter3,jump,seed5,235,9020.763636363636
hpmcounter3,jump,seed5,236,9021.054545454546
hpmcounter3,jump,seed5,237,9021.254545454545
hpmcounter3,jump,seed5,238,9021.551515151516
hpmcounter3,jump,seed5,239,9021.636363636364
hpmcounter3,jump,seed5,240,9021.49696969697
hpmcounter3,jump,seed5,241,9021.442424242425
hpmcounter3,jump,seed5,242,9021.18787878788
hpmcounter3,jump,seed5,243,9021.054545454546
hpmcounter3,jump,seed5,244,9020.775757575757
hpmcounter3,jump,seed5,245,9020.593939393939
hpmcounter3,jump,seed5,246,9020.775757575757
hpmcounter3,jump,seed5,247,9021.012121212121
hpmcounter3,jump,seed5,248,9021.290909090909
hpmcounter3,jump,seed5,249,9021.49090909091
hpmcounter3,jump,seed5,250,9021.49090909091
hpmcounter3,jump,seed5,251,9021.369696969698
hpmcounter3,jump,seed5,252,9021.127272727274
hpmcounter3,jump,seed5,253,9020.981818181817
hpmcounter3,jump,seed5,254,9020.824242424242
hpmcounter3,jump,seed5,255,9020.6
hpmcounter3,jump,seed5,256,9020.672727272728
hpmcounter3,jump,seed5,257,9020.866666666667
hpmcounter3,jump,seed5,258,9021.018181818183
hpmcounter3,jump,seed5,259,9021.248484848486
hpmcounter3,jump,seed5,260,9021.575757575758
hpmcounter3,jump,seed5,261,9021.709090909091
hpmcounter3,jump,seed5,262,9240.921212121211
hpmcounter3,jump,seed5,263,9629.71515151515
hpmcounter3,jump,seed5,264,10135.533333333333
hpmcounter3,jump,seed5,265,10496.266666666666
hpmcounter3,jump,seed5,266,10712.19393939394
hpmcounter3,jump,seed5,267,10783.448484848484
hpmcounter3,jump,seed5,268,10709.981818181817
hpmcounter3,jump,seed5,269,10491.648484848485
hpmcounter3,jump,seed5,270,10128.71515151515
hpmcounter3,jump,seed5,271,9621.115151515152
hpmcounter3,jump,seed5,272,9236.721212121212
hpmcounter3,jump,seed5,273,9022.824242424242
hpmcounter3,jump,seed5,274,9023.133333333333
hpmcounter3,jump,seed5,275,9023.030303030304
hpmcounter3,jump,seed5,276,9022.624242424243
hpmcounter3,jump,seed5,277,9022.115151515152
hpmcounter3,jump,seed5,278,9021.957575757575
hpmcounter3,jump,seed5,279,9021.884848484848
hpmcounter3,jump,seed5,280,9021.915151515152
hpmcounter3,jump,seed5,281,9021.775757575757
hpmcounter3,jump,seed5,282,9022.012121212121
hpmcounter3,jump,seed5,283,9022.054545454546
hpmcounter3,jump,seed5,284,9022.09090909091
hpmcounter3,jump,seed5,285,9022.042424242425
hpmcounter3,jump,seed5,286,9021.721212121212
hpmcounter3,jump,seed5,287,9021.357575757576
hpmcounter3,jump,seed5,288,9020.90909090909
hpmcounter3,jump,seed5,289,9020.854545454546
hpmcounter3,jump,seed5,290,9020.933333333332
hpmcounter3,jump,seed5,291,9021.012121212121
hpmcounter3,jump,seed5,292,9239.915151515152
hpmcounter3,jump,seed5,293,9624.648484848485
hpmcounter3,jump,seed5,294,10131.575757575758
hpmcounter3,jump,seed5,295,10711.945454545454
hpmcounter3,jump,seed5,296,11317.018181818183
hpmcounter3,jump,seed5,297,11898.49696969697
hpmcounter3,jump,seed5,298,12189.309090909092
hpmcounter3,jump,seed6,9,9576.709090909091
hpmcounter3,jump,seed6,10,9505.927272727273
hpmcounter3,jump,seed6,11,9388.80606060606
hpmcounter3,jump,seed6,12,9225.781818181818
hpmcounter3,jump,seed6,13,9016.551515151516
hpmcounter3,jump,seed6,14,9017.424242424242
hpmcounter3,jump,seed6,15,9018.71515151515
hpmcounter3,jump,seed6,16,9020.260606060607
hpmcounter3,jump,seed6,17,9021.69696969697
hpmcounter3,jump,seed6,18,9022.751515151514
hpmcounter3,jump,seed6,19,9023.315151515151
hpmcounter3,jump,seed6,20,9023.157575757576
hpmcounter3,jump,seed6,21,9023.10909090909
hpmcounter3,jump,seed6,22,9023.145454545454
hpmcounter3,jump,seed6,23,9023.278787878788
hpmcounter3,jump,seed6,24,9023.078787878789
hpmcounter3,jump,seed6,25,9022.745454545455
hpmcounter3,jump,seed6,26,9022.527272727273
hpmcounter3,jump,seed6,27,9022.351515151515
hpmcounter3,jump,seed6,28,9240.60606060606
hpmcounter3,jump,seed6,29,9628.745454545455
hpmcounter3,jump,seed6,30,10137.721212121212
hpmcounter3,jump,seed6,31,10719.678787878787
hpmcounter3,jump,seed6,32,11326.133333333333
hpmcounter3,jump,seed6,33,11690.163636363637
hpmcounter3,jump,seed6,34,11811.648484848485
hpmcounter3,jump,seed6,35,11690.333333333334
hpmcounter3,jump,seed6,36,11326.436363636363
hpmcounter3,jump,seed6,37,10719.933333333332
hpmcounter3,jump,seed6,38,10138.0
hpmcounter3,jump,seed6,39,9629.09090909091
hpmcounter3,jump,seed6,40,9241.357575757576
hpmcounter3,jump,seed6,41,9023.19393939394
hpmcounter3,jump,seed6,42,9023.472727272727
hpmcounter3,jump,seed6,43,9023.71515151515
hpmcounter3,jump,seed6,44,9024.290909090909
hpmcounter3,jump,seed6,45,9024.58787878788
hpmcounter3,jump,seed6,46,9024.824242424242
hpmcounter3,jump,seed6,47,9024.866666666667
hpmcounter3,jump,seed6,48,9024.878787878788
hpmcounter3,jump,seed6,49,9024.80606060606
hpmcounter3,jump,seed6,50,9024.79393939394
hpmcounter3,jump,seed6,51,9024.545454545454
hpmcounter3,jump,seed6,52,9024.236363636364
hpmcounter3,jump,seed6,53,9023.975757575758
hpmcounter3,jump,seed6,54,9024.19393939394
hpmcounter3,jump,seed6,55,9024.418181818182
hpmcounter3,jump,seed6,56,9024.472727272727
hpmcounter3,jump,seed6,57,9024.218181818182
hpmcounter3,jump,seed6,58,9024.054545454546
hpmcounter3,jump,seed6,59,9023.915151515152
hpmcounter3,jump,seed6,60,9023.787878787878
hpmcounter3,jump,seed6,61,9023.60606060606
hpmcounter3,jump,seed6,62,9023.315151515151
hpmcounter3,jump,seed6,63,9023.181818181818
hpmcounter3,jump,seed6,64,9023.29696969697
hpmcounter3,jump,seed6,65,9023.4
hpmcounter3,jump,seed6,66,9023.39393939394
hpmcounter3,jump,seed6,67,9022.860606060605
hpmcounter3,jump,seed6,68,9022.472727272727
hpmcounter3,jump,seed6,69,9022.29696969697
hpmcounter3,jump,seed6,70,9022.169696969697
hpmcounter3,jump,seed6,71,9022.060606060606
hpmcounter3,jump,seed6,72,9022.036363636364
hpmcounter3,jump,seed6,73,9022.09696969697
hpmcounter3,jump,seed6,74,9022.266666666666
hpmcounter3,jump,seed6,75,9022.424242424242
hpmcounter3,jump,seed6,76,9022.775757575757
hpmcounter3,jump,seed6,77,9022.896969696969
hpmcounter3,jump,seed6,78,9023.169696969697
hpmcounter3,jump,seed6,79,9023.418181818182
hpmcounter3,jump,seed6,80,9023.642424242424
hpmcounter3,jump,seed6,81,9023.642424242424
hpmcounter3,jump,seed6,82,9023.933333333332
hpmcounter3,jump,seed6,83,9024.060606060606
hpmcounter3,jump,seed6,84,9023.957575757575
hpmcounter3,jump,seed6,85,9023.854545454546
hpmcounter3,jump,seed6,86,9242.709090909091
hpmcounter3,jump,seed6,87,9627.527272727273
hpmcounter3,jump,seed6,88,9916.218181818182
hpmcounter3,jump,seed6,89,10108.569696969696
hpmcounter3,jump,seed6,90,10204.775757575757
hpmcounter3,jump,seed6,91,10204.545454545454
hpmcounter3,jump,seed6,92,10108.230303030303
hpmcounter3,jump,seed6,93,9915.521212121212
hpmcounter3,jump,seed6,94,9626.09696969697
hpmcounter3,jump,seed6,95,9240.266666666666
hpmcounter3,jump,seed6,96,9025.333333333334
hpmcounter3,jump,seed6,97,9024.80606060606
hpmcounter3,jump,seed6,98,9024.19393939394
hpmcounter3,jump,seed6,99,9023.545454545454
hpmcounter3,jump,seed6,100,9023.260606060607
hpmcounter3,jump,seed6,101,9023.121212121212
hpmcounter3,jump,seed6,102,9023.042424242425
hpmcounter3,jump,seed6,103,9023.236363636364
hpmcounter3,jump,seed6,104,9023.448484848484
hpmcounter3,jump,seed6,105,9023.666666666666
hpmcounter3,jump,seed6,106,9023.60606060606
hpmcounter3,jump,seed6,107,9023.521212121212
hpmcounter3,jump,seed6,108,9023.290909090909
hpmcounter3,jump,seed6,109,9023.024242424242
hpmcounter3,jump,seed6,110,9022.854545454546
hpmcounter3,jump,seed6,111,9022.478787878788
hpmcounter3,jump,seed6,112,9021.945454545454
hpmcounter3,jump,seed6,113,9021.478787878788
hpmcounter3,jump,seed6,114,9021.248484848486
hpmcounter3,jump,seed6,115,9021.048484848485
hpmcounter3,jump,seed6,116,9021.042424242425
hpmcounter3,jump,seed6,117,9021.139393939395
hpmcounter3,jump,seed6,118,9021.39393939394
hpmcounter3,jump,seed6,119,9021.80606060606
hpmcounter3,jump,seed6,120,9022.048484848485
hpmcounter3,jump,seed6,121,9022.121212121212
hpmcounter3,jump,seed6,122,9022.10909090909
hpmcounter3,jump,seed6,123,9021.824242424242
hpmcounter3,jump,seed6,124,9021.684848484849
hpmcounter3,jump,seed6,125,9021.369696969698
hpmcounter3,jump,seed6,126,9021.212121212122
hpmcounter3,jump,seed6,127,9021.018181818183
hpmcounter3,jump,seed6,128,9021.054545454546
hpmcounter3,jump,seed6,129,9021.157575757576
hpmcounter3,jump,seed6,130,9021.018181818183
hpmcounter3,jump,seed6,131,9020.824242424242
hpmcounter3,jump,seed6,132,9020.884848484848
hpmcounter3,jump,seed6,133,9020.81212121212
hpmcounter3,jump,seed6,134,9020.860606060605
hpmcounter3,jump,seed6,135,9020.878787878788
hpmcounter3,jump,seed6,136,9239.648484848485
hpmcounter3,jump,seed6,137,9409.593939393939
hpmcounter3,jump,seed6,138,9531.2
hpmcounter3,jump,seed6,139,9822.666666666666
hpmcounter3,jump,seed6,140,10017.145454545454
hpmcounter3,jump,seed6,141,10114.454545454546
hpmcounter3,jump,seed6,142,10114.81212121212
hpmcounter3,jump,seed6,143,10018.084848484848
hpmcounter3,jump,seed6,144,9823.951515151515
hpmcounter3,jump,seed6,145,9532.41212121212
hpmcounter3,jump,seed6,146,9411.042424242425
hpmcounter3,jump,seed6,147,9240.90303030303
hpmcounter3,jump,seed6,148,9022.387878787878
hpmcounter3,jump,seed6,149,9022.078787878789
hpmcounter3,jump,seed6,150,9021.8
hpmcounter3,jump,seed6,151,9239.836363636363
hpmcounter3,jump,seed6,152,9627.71515151515
hpmcounter3,jump,seed6,153,10136.963636363636
hpmcounter3,jump,seed6,154,10718.636363636364
hpmcounter3,jump,seed6,155,11324.327272727272
hpmcounter3,jump,seed6,156,11906.024242424242
hpmcounter3,jump,seed6,157,12415.272727272728
hpmcounter3,jump,seed6,158,12803.521212121212
hpmcounter3,jump,seed6,159,13022.030303030304
hpmcounter3,jump,seed6,160,13022.169696969697
hpmcounter3,jump,seed6,161,13018.478787878788
hpmcounter3,jump,seed6,162,13015.8
hpmcounter3,jump,seed6,163,13013.945454545454
hpmcounter3,jump,seed6,164,13012.593939393939
hpmcounter3,jump,seed6,165,13011.721212121212
hpmcounter3,jump,seed6,166,13011.551515151516
hpmcounter3,jump,seed6,167,13012.454545454546
hpmcounter3,jump,seed6,168,13014.278787878788
hpmcounter3,jump,seed6,169,13017.048484848485
hpmcounter3,jump,seed6,170,12802.527272727273
hpmcounter3,jump,seed6,171,12414.478787878788
hpmcounter3,jump,seed6,172,11905.581818181818
hpmcounter3,jump,seed6,173,11324.078787878789
hpmcounter3,jump,seed6,174,10718.387878787878
hpmcounter3,jump,seed6,175,10136.80606060606
hpmcounter3,jump,seed6,176,9627.563636363637
hpmcounter3,jump,seed6,177,9239.563636363637
hpmcounter3,jump,seed6,178,9021.345454545455
hpmcounter3,jump,seed6,179,9021.260606060607
hpmcounter3,jump,seed6,180,9021.357575757576
hpmcounter3,jump,seed6,181,9021.424242424242
hpmcounter3,jump,seed6,182,9021.745454545455
hpmcounter3,jump,seed6,183,9022.133333333333
hpmcounter3,jump,seed6,184,9022.630303030302
hpmcounter3,jump,seed6,185,9022.969696969696
hpmcounter3,jump,seed6,186,9023.115151515152
hpmcounter3,jump,seed6,187,9023.09696969697
hpmcounter3,jump,seed6,188,9023.036363636364
hpmcounter3,jump,seed6,189,9022.70303030303
hpmcounter3,jump,seed6,190,9022.2
hpmcounter3,jump,seed6,191,9021.58787878788
hpmcounter3,jump,seed6,192,9021.145454545454
hpmcounter3,jump,seed6,193,9020.993939393938
hpmcounter3,jump,seed6,194,9021.066666666668
hpmcounter3,jump,seed6,195,9021.078787878789
hpmcounter3,jump,seed6,196,9021.230303030303
hpmcounter3,jump,seed6,197,9021.466666666667
hpmcounter3,jump,seed6,198,9021.569696969696
hpmcounter3,jump,seed6,199,9021.836363636363
hpmcounter3,jump,seed6,200,9021.90909090909
hpmcounter3,jump,seed6,201,9021.860606060605
hpmcounter3,jump,seed6,202,9021.787878787878
hpmcounter3,jump,seed6,203,9240.4
hpmcounter3,jump,seed6,204,9410.533333333333
hpmcounter3,jump,seed6,205,9532.10909090909
hpmcounter3,jump,seed6,206,9605.266666666666
hpmcounter3,jump,seed6,207,9629.915151515152
hpmcounter3,jump,seed6,208,9824.10909090909
hpmcounter3,jump,seed6,209,9921.048484848485
hpmcounter3,jump,seed6,210,9920.727272727272
hpmcounter3,jump,seed6,211,9823.290909090909
hpmcounter3,jump,seed6,212,9628.860606060605
hpmcounter3,jump,seed6,213,9604.478787878788
hpmcounter3,jump,seed6,214,9531.557575757575
hpmcounter3,jump,seed6,215,9410.272727272728
hpmcounter3,jump,seed6,216,9240.690909090908
hpmcounter3,jump,seed6,217,9022.648484848485
hpmcounter3,jump,seed6,218,9023.09090909091
hpmcounter3,jump,seed6,219,9023.121212121212
hpmcounter3,jump,seed6,220,9023.066666666668
hpmcounter3,jump,seed6,221,9022.836363636363
hpmcounter3,jump,seed6,222,9022.563636363637
hpmcounter3,jump,seed6,223,9022.339393939394
hpmcounter3,jump,seed6,224,9022.066666666668
hpmcounter3,jump,seed6,225,9021.836363636363
hpmcounter3,jump,seed6,226,9021.739393939393
hpmcounter3,jump,seed6,227,9021.721212121212
hpmcounter3,jump,seed6,228,9021.89090909091
hpmcounter3,jump,seed6,229,9021.818181818182
hpmcounter3,jump,seed6,230,9021.660606060606
hpmcounter3,jump,seed6,231,9021.575757575758
hpmcounter3,jump,seed6,232,9021.387878787878
hpmcounter3,jump,seed6,233,9021.012121212121
hpmcounter3,jump,seed6,234,9020.71515151515
hpmcounter3,jump,seed6,235,9020.430303030304
hpmcounter3,jump,seed6,236,9020.387878787878
hpmcounter3,jump,seed6,237,9020.521212121212
hpmcounter3,jump,seed6,238,9020.8
hpmcounter3,jump,seed6,239,9021.006060606062
hpmcounter3,jump,seed6,240,9021.169696969697
hpmcounter3,jump,seed6,241,9021.442424242425
hpmcounter3,jump,seed6,242,9021.8
hpmcounter3,jump,seed6,243,9021.939393939394
hpmcounter3,jump,seed6,244,9022.175757575758
hpmcounter3,jump,seed6,245,9022.2
hpmcounter3,jump,seed6,246,9022.224242424243
hpmcounter3,jump,seed6,247,9022.054545454546
hpmcounter3,jump,seed6,248,9021.60606060606
hpmcounter3,jump,seed6,249,9021.230303030303
hpmcounter3,jump,seed6,250,9020.969696969696
hpmcounter3,jump,seed6,251,9020.71515151515
hpmcounter3,jump,seed6,252,9020.775757575757
hpmcounter3,jump,seed6,253,9020.81212121212
hpmcounter3,jump,seed6,254,9020.993939393938
hpmcounter3,jump,seed6,255,9021.321212121213
hpmcounter3,jump,seed6,256,9021.581818181818
hpmcounter3,jump,seed6,257,9021.739393939393
hpmcounter3,jump,seed6,258,9021.733333333334
hpmcounter3,jump,seed6,259,9021.848484848484
hpmcounter3,jump,seed6,260,9022.084848484848
hpmcounter3,jump,seed6,261,9022.024242424242
hpmcounter3,jump,seed6,262,9022.230303030303
hpmcounter3,jump,seed6,263,9022.151515151516
hpmcounter3,jump,seed6,264,9022.006060606062
hpmcounter3,jump,seed6,265,9021.969696969696
hpmcounter3,jump,seed6,266,9021.757575757576
hpmcounter3,jump,seed6,267,9021.515151515152
hpmcounter3,jump,seed6,268,9021.387878787878
hpmcounter3,jump,seed6,269,9021.212121212122
hpmcounter3,jump,seed6,270,9021.254545454545
hpmcounter3,jump,seed6,271,9021.030303030304
hpmcounter3,jump,seed6,272,9021.024242424242
hpmcounter3,jump,seed6,273,9020.993939393938
hpmcounter3,jump,seed6,274,9021.278787878788
hpmcounter3,jump,seed6,275,9021.787878787878
hpmcounter3,jump,seed6,276,9022.406060606061
hpmcounter3,jump,seed6,277,9022.733333333334
hpmcounter3,jump,seed6,278,9241.739393939393
hpmcounter3,jump,seed6,279,9630.248484848486
hpmcounter3,jump,seed6,280,10139.751515151514
hpmcounter3,jump,seed6,281,10503.612121212122
hpmcounter3,jump,seed6,282,10721.630303030302
hpmcounter3,jump,seed6,283,10793.830303030303
hpmcounter3,jump,seed6,284,10720.6
hpmcounter3,jump,seed6,285,10720.09090909091
hpmcounter3,jump,seed6,286,10525.739393939393
hpmcounter3,jump,seed6,287,10137.30303030303
hpmcounter3,jump,seed6,288,9822.2
hpmcounter3,jump,seed6,289,9628.369696969698
hpmcounter3,jump,seed6,290,9604.18787878788
hpmcounter3,jump,seed6,291,9531.563636363637
hpmcounter3,jump,seed6,292,9410.551515151516
hpmcounter3,jump,seed6,293,9240.860606060605
hpmcounter3,jump,seed6,294,9022.612121212122
hpmcounter3,jump,seed6,295,9022.593939393939
hpmcounter3,jump,seed6,296,9022.49090909091
hpmcounter3,jump,seed6,297,9022.545454545454
hpmcounter3,jump,seed6,298,9022.866666666667
hpmcounter3,jump,seed7,9,9014.654545454545
hpmcounter3,jump,seed7,10,9014.145454545454
hpmcounter3,jump,seed7,11,9014.115151515152
hpmcounter3,jump,seed7,12,9014.569696969696
hpmcounter3,jump,seed7,13,9015.260606060607
hpmcounter3,jump,seed7,14,9016.181818181818
hpmcounter3,jump,seed7,15,9017.248484848486
hpmcounter3,jump,seed7,16,9018.521212121212
hpmcounter3,jump,seed7,17,9019.575757575758
hpmcounter3,jump,seed7,18,9020.315151515151
hpmcounter3,jump,seed7,19,9020.642424242424
hpmcounter3,jump,seed7,20,9020.745454545455
hpmcounter3,jump,seed7,21,9020.957575757575
hpmcounter3,jump,seed7,22,9021.254545454545
hpmcounter3,jump,seed7,23,9021.39393939394
hpmcounter3,jump,seed7,24,9021.551515151516
hpmcounter3,jump,seed7,25,9021.781818181818
hpmcounter3,jump,seed7,26,9021.951515151515
hpmcounter3,jump,seed7,27,9022.09090909091
hpmcounter3,jump,seed7,28,9022.218181818182
hpmcounter3,jump,seed7,29,9022.230303030303
hpmcounter3,jump,seed7,30,9022.084848484848
hpmcounter3,jump,seed7,31,9241.127272727274
hpmcounter3,jump,seed7,32,9625.824242424242
hpmcounter3,jump,seed7,33,10128.363636363636
hpmcounter3,jump,seed7,34,10487.151515151516
hpmcounter3,jump,seed7,35,10701.878787878788
hpmcounter3,jump,seed7,36,10772.842424242424
hpmcounter3,jump,seed7,37,10699.854545454546
hpmcounter3,jump,seed7,38,10482.951515151515
hpmcounter3,jump,seed7,39,10122.169696969697
hpmcounter3,jump,seed7,40,9617.254545454545
hpmcounter3,jump,seed7,41,9236.048484848485
hpmcounter3,jump,seed7,42,9021.345454545455
hpmcounter3,jump,seed7,43,9020.860606060605
hpmcounter3,jump,seed7,44,9020.836363636363
hpmcounter3,jump,seed7,45,9020.993939393938
hpmcounter3,jump,seed7,46,9021.375757575757
hpmcounter3,jump,seed7,47,9021.80606060606
hpmcounter3,jump,seed7,48,9022.19393939394
hpmcounter3,jump,seed7,49,9022.515151515152
hpmcounter3,jump,seed7,50,9022.824242424242
hpmcounter3,jump,seed7,51,9023.09696969697
hpmcounter3,jump,seed7,52,9023.260606060607
hpmcounter3,jump,seed7,53,9023.133333333333
hpmcounter3,jump,seed7,54,9023.078787878789
hpmcounter3,jump,seed7,55,9023.18787878788
hpmcounter3,jump,seed7,56,9023.175757575758
hpmcounter3,jump,seed7,57,9023.0
hpmcounter3,jump,seed7,58,9022.860606060605
hpmcounter3,jump,seed7,59,9022.636363636364
hpmcounter3,jump,seed7,60,9240.945454545454
hpmcounter3,jump,seed7,61,9410.884848484848
hpmcounter3,jump,seed7,62,9532.521212121212
hpmcounter3,jump,seed7,63,9605.50303030303
hpmcounter3,jump,seed7,64,9629.896969696969
hpmcounter3,jump,seed7,65,9605.824242424242
hpmcounter3,jump,seed7,66,9533.151515151516
hpmcounter3,jump,seed7,67,9411.678787878787
hpmcounter3,jump,seed7,68,9242.018181818183
hpmcounter3,jump,seed7,69,9024.018181818183
hpmcounter3,jump,seed7,70,9024.345454545455
hpmcounter3,jump,seed7,71,9024.8
hpmcounter3,jump,seed7,72,9025.084848484848
hpmcounter3,jump,seed7,73,9025.145454545454
hpmcounter3,jump,seed7,74,9025.024242424242
hpmcounter3,jump,seed7,75,9024.775757575757
hpmcounter3,jump,seed7,76,9024.4
hpmcounter3,jump,seed7,77,9023.872727272726
hpmcounter3,jump,seed7,78,9023.527272727273
hpmcounter3,jump,seed7,79,9023.460606060606
hpmcounter3,jump,seed7,80,9023.236363636364
hpmcounter3,jump,seed7,81,9022.957575757575
hpmcounter3,jump,seed7,82,9022.387878787878
hpmcounter3,jump,seed7,83,9021.69696969697
hpmcounter3,jump,seed7,84,9021.218181818182
hpmcounter3,jump,seed7,85,9020.733333333334
hpmcounter3,jump,seed7,86,9020.563636363637
hpmcounter3,jump,seed7,87,9020.612121212122
hpmcounter3,jump,seed7,88,9020.672727272728
hpmcounter3,jump,seed7,89,9020.769696969697
hpmcounter3,jump,seed7,90,9020.927272727273
hpmcounter3,jump,seed7,91,9021.133333333333
hpmcounter3,jump,seed7,92,9021.49090909091
hpmcounter3,jump,seed7,93,9021.575757575758
hpmcounter3,jump,seed7,94,9021.642424242424
hpmcounter3,jump,seed7,95,9021.418181818182
hpmcounter3,jump,seed7,96,9021.521212121212
hpmcounter3,jump,seed7,97,9021.533333333333
hpmcounter3,jump,seed7,98,9021.4
hpmcounter3,jump,seed7,99,9021.121212121212
hpmcounter3,jump,seed7,100,9020.69696969697
hpmcounter3,jump,seed7,101,9020.545454545454
hpmcounter3,jump,seed7,102,9021.030303030304
hpmcounter3,jump,seed7,103,9021.478787878788
hpmcounter3,jump,seed7,104,9021.757575757576
hpmcounter3,jump,seed7,105,9021.896969696969
hpmcounter3,jump,seed7,106,9022.072727272727
hpmcounter3,jump,seed7,107,9022.121212121212
hpmcounter3,jump,seed7,108,9022.19393939394
hpmcounter3,jump,seed7,109,9022.242424242424
hpmcounter3,jump,seed7,110,9022.218181818182
hpmcounter3,jump,seed7,111,9022.28484848485
hpmcounter3,jump,seed7,112,9022.424242424242
hpmcounter3,jump,seed7,113,9022.660606060606
hpmcounter3,jump,seed7,114,9022.618181818181
hpmcounter3,jump,seed7,115,9022.769696969697
hpmcounter3,jump,seed7,116,9023.0
hpmcounter3,jump,seed7,117,9023.127272727274
hpmcounter3,jump,seed7,118,9242.151515151516
hpmcounter3,jump,seed7,119,9412.49696969697
hpmcounter3,jump,seed7,120,9534.242424242424
hpmcounter3,jump,seed7,121,9607.278787878788
hpmcounter3,jump,seed7,122,9631.418181818182
hpmcounter3,jump,seed7,123,9607.012121212121
hpmcounter3,jump,seed7,124,9533.79393939394
hpmcounter3,jump,seed7,125,9411.830303030303
hpmcounter3,jump,seed7,126,9241.315151515151
hpmcounter3,jump,seed7,127,9022.133333333333
hpmcounter3,jump,seed7,128,9021.8
hpmcounter3,jump,seed7,129,9021.28484848485
hpmcounter3,jump,seed7,130,9020.81212121212
hpmcounter3,jump,seed7,131,9020.351515151515
hpmcounter3,jump,seed7,132,9020.254545454545
hpmcounter3,jump,seed7,133,9020.333333333334
hpmcounter3,jump,seed7,134,9020.678787878787
hpmcounter3,jump,seed7,135,9020.993939393938
hpmcounter3,jump,seed7,136,9021.212121212122
hpmcounter3,jump,seed7,137,9021.442424242425
hpmcounter3,jump,seed7,138,9021.49696969697
hpmcounter3,jump,seed7,139,9021.309090909092
hpmcounter3,jump,seed7,140,9020.987878787879
hpmcounter3,jump,seed7,141,9020.80606060606
hpmcounter3,jump,seed7,142,9020.939393939394
hpmcounter3,jump,seed7,143,9020.993939393938
hpmcounter3,jump,seed7,144,9021.157575757576
hpmcounter3,jump,seed7,145,9021.418181818182
hpmcounter3,jump,seed7,146,9021.521212121212
hpmcounter3,jump,seed7,147,9021.763636363636
hpmcounter3,jump,seed7,148,9021.987878787879
hpmcounter3,jump,seed7,149,9022.145454545454
hpmcounter3,jump,seed7,150,9022.09090909091
hpmcounter3,jump,seed7,151,9240.654545454545
hpmcounter3,jump,seed7,152,9628.690909090908
hpmcounter3,jump,seed7,153,10137.89090909091
hpmcounter3,jump,seed7,154,10719.854545454546
hpmcounter3,jump,seed7,155,11326.030303030304
hpmcounter3,jump,seed7,156,11908.072727272727
hpmcounter3,jump,seed7,157,12417.272727272728
hpmcounter3,jump,seed7,158,12805.224242424243
hpmcounter3,jump,seed7,159,13023.4
hpmcounter3,jump,seed7,160,13023.19393939394
hpmcounter3,jump,seed7,161,13019.357575757576
hpmcounter3,jump,seed7,162,13012.103030303031
hpmcounter3,jump,seed7,163,13002.612121212122
hpmcounter3,jump,seed7,164,12995.666666666666
hpmcounter3,jump,seed7,165,12991.345454545455
hpmcounter3,jump,seed7,166,12989.981818181817
hpmcounter3,jump,seed7,167,12987.321212121213
hpmcounter3,jump,seed7,168,12769.872727272726
hpmcounter3,jump,seed7,169,12386.254545454545
hpmcounter3,jump,seed7,170,11885.060606060606
hpmcounter3,jump,seed7,171,11310.19393939394
hpmcounter3,jump,seed7,172,10709.042424242425
hpmcounter3,jump,seed7,173,10128.884848484848
hpmcounter3,jump,seed7,174,9622.230303030303
hpmcounter3,jump,seed7,175,9237.49696969697
hpmcounter3,jump,seed7,176,9023.139393939395
hpmcounter3,jump,seed7,177,9022.975757575758
hpmcounter3,jump,seed7,178,9022.618181818181
hpmcounter3,jump,seed7,179,9022.066666666668
hpmcounter3,jump,seed7,180,9021.80606060606
hpmcounter3,jump,seed7,181,9021.727272727272
hpmcounter3,jump,seed7,182,9021.878787878788
hpmcounter3,jump,seed7,183,9022.139393939395
hpmcounter3,jump,seed7,184,9022.387878787878
hpmcounter3,jump,seed7,185,9022.624242424243
hpmcounter3,jump,seed7,186,9022.8
hpmcounter3,jump,seed7,187,9022.89090909091
hpmcounter3,jump,seed7,188,9023.006060606062
hpmcounter3,jump,seed7,189,9022.933333333332
hpmcounter3,jump,seed7,190,9023.09090909091
hpmcounter3,jump,seed7,191,9023.290909090909
hpmcounter3,jump,seed7,192,9023.442424242425
hpmcounter3,jump,seed7,193,9023.50303030303
hpmcounter3,jump,seed7,194,9023.418181818182
hpmcounter3,jump,seed7,195,9023.18787878788
hpmcounter3,jump,seed7,196,9023.078787878789
hpmcounter3,jump,seed7,197,9022.848484848484
hpmcounter3,jump,seed7,198,9022.521212121212
hpmcounter3,jump,seed7,199,9022.078787878789
hpmcounter3,jump,seed7,200,9021.624242424243
hpmcounter3,jump,seed7,201,9021.272727272728
hpmcounter3,jump,seed7,202,9021.127272727274
hpmcounter3,jump,seed7,203,9021.054545454546
hpmcounter3,jump,seed7,204,9021.49090909091
hpmcounter3,jump,seed7,205,9021.90303030303
hpmcounter3,jump,seed7,206,9022.50909090909
hpmcounter3,jump,seed7,207,9023.066666666668
hpmcounter3,jump,seed7,208,9023.551515151516
hpmcounter3,jump,seed7,209,9023.915151515152
hpmcounter3,jump,seed7,210,9024.0
hpmcounter3,jump,seed7,211,9023.727272727272
hpmcounter3,jump,seed7,212,9023.272727272728
hpmcounter3,jump,seed7,213,9022.824242424242
hpmcounter3,jump,seed7,214,9022.60606060606
hpmcounter3,jump,seed7,215,9022.315151515151
hpmcounter3,jump,seed7,216,9022.10909090909
hpmcounter3,jump,seed7,217,9021.878787878788
hpmcounter3,jump,seed7,218,9021.757575757576
hpmcounter3,jump,seed7,219,9021.660606060606
hpmcounter3,jump,seed7,220,9021.721212121212
hpmcounter3,jump,seed7,221,9021.684848484849
hpmcounter3,jump,seed7,222,9021.672727272728
hpmcounter3,jump,seed7,223,9021.751515151514
hpmcounter3,jump,seed7,224,9021.866666666667
hpmcounter3,jump,seed7,225,9021.830303030303
hpmcounter3,jump,seed7,226,9021.818181818182
hpmcounter3,jump,seed7,227,9021.721212121212
hpmcounter3,jump,seed7,228,9021.836363636363
hpmcounter3,jump,seed7,229,9021.721212121212
hpmcounter3,jump,seed7,230,9021.860606060605
hpmcounter3,jump,seed7,231,9022.10909090909
hpmcounter3,jump,seed7,232,9022.321212121213
hpmcounter3,jump,seed7,233,9022.60606060606
hpmcounter3,jump,seed7,234,9022.939393939394
hpmcounter3,jump,seed7,235,9023.339393939394
hpmcounter3,jump,seed7,236,9023.757575757576
hpmcounter3,jump,seed7,237,9023.751515151514
hpmcounter3,jump,seed7,238,9023.654545454545
hpmcounter3,jump,seed7,239,9023.30303030303
hpmcounter3,jump,seed7,240,9023.048484848485
hpmcounter3,jump,seed7,241,9022.957575757575
hpmcounter3,jump,seed7,242,9023.060606060606
hpmcounter3,jump,seed7,243,9023.2
hpmcounter3,jump,seed7,244,9023.484848484848
hpmcounter3,jump,seed7,245,9242.915151515152
hpmcounter3,jump,seed7,246,9632.127272727274
hpmcounter3,jump,seed7,247,10142.278787878788
hpmcounter3,jump,seed7,248,10724.8
hpmcounter3,jump,seed7,249,11112.8
hpmcounter3,jump,seed7,250,11306.630303030302
hpmcounter3,jump,seed7,251,11306.157575757576
hpmcounter3,jump,seed7,252,11111.757575757576
hpmcounter3,jump,seed7,253,10723.024242424242
hpmcounter3,jump,seed7,254,10140.157575757576
hpmcounter3,jump,seed7,255,9630.49696969697
hpmcounter3,jump,seed7,256,9242.066666666668
hpmcounter3,jump,seed7,257,9023.521212121212
hpmcounter3,jump,seed7,258,9023.381818181819
hpmcounter3,jump,seed7,259,9023.060606060606
hpmcounter3,jump,seed7,260,9023.042424242425
hpmcounter3,jump,seed7,261,9022.81212121212
hpmcounter3,jump,seed7,262,9022.727272727272
hpmcounter3,jump,seed7,263,9022.690909090908
hpmcounter3,jump,seed7,264,9022.60606060606
hpmcounter3,jump,seed7,265,9022.418181818182
hpmcounter3,jump,seed7,266,9022.278787878788
hpmcounter3,jump,seed7,267,9022.406060606061
hpmcounter3,jump,seed7,268,9022.830303030303
hpmcounter3,jump,seed7,269,9023.10909090909
hpmcounter3,jump,seed7,270,9023.50909090909
hpmcounter3,jump,seed7,271,9023.612121212122
hpmcounter3,jump,seed7,272,9023.690909090908
hpmcounter3,jump,seed7,273,9023.896969696969
hpmcounter3,jump,seed7,274,9023.830303030303
hpmcounter3,jump,seed7,275,9023.436363636363
hpmcounter3,jump,seed7,276,9022.993939393938
hpmcounter3,jump,seed7,277,9022.660606060606
hpmcounter3,jump,seed7,278,9022.442424242425
hpmcounter3,jump,seed7,279,9022.2
hpmcounter3,jump,seed7,280,9021.933333333332
hpmcounter3,jump,seed7,281,9021.58787878788
hpmcounter3,jump,seed7,282,9021.418181818182
hpmcounter3,jump,seed7,283,9021.569696969696
hpmcounter3,jump,seed7,284,9021.933333333332
hpmcounter3,jump,seed7,285,9022.012121212121
hpmcounter3,jump,seed7,286,9022.157575757576
hpmcounter3,jump,seed7,287,9022.248484848486
hpmcounter3,jump,seed7,288,9022.163636363637
hpmcounter3,jump,seed7,289,9021.969696969696
hpmcounter3,jump,seed7,290,9021.8
hpmcounter3,jump,seed7,291,9021.533333333333
hpmcounter3,jump,seed7,292,9021.466666666667
hpmcounter3,jump,seed7,293,9021.642424242424
hpmcounter3,jump,seed7,294,9021.830303030303
hpmcounter3,jump,seed7,295,9021.975757575758
hpmcounter3,jump,seed7,296,9022.351515151515
hpmcounter3,jump,seed7,297,9022.690909090908
hpmcounter3,jump,seed7,298,9022.969696969696
hpmcounter3,jump,seed8,9,9016.49696969697
hpmcounter3,jump,seed8,10,9015.860606060605
hpmcounter3,jump,seed8,11,9015.8
hpmcounter3,jump,seed8,12,9016.169696969697
hpmcounter3,jump,seed8,13,9016.866666666667
hpmcounter3,jump,seed8,14,9018.042424242425
hpmcounter3,jump,seed8,15,9019.151515151516
hpmcounter3,jump,seed8,16,9020.218181818182
hpmcounter3,jump,seed8,17,9021.309090909092
hpmcounter3,jump,seed8,18,9021.842424242424
hpmcounter3,jump,seed8,19,9022.121212121212
hpmcounter3,jump,seed8,20,9022.236363636364
hpmcounter3,jump,seed8,21,9022.424242424242
hpmcounter3,jump,seed8,22,9022.442424242425
hpmcounter3,jump,seed8,23,9022.478787878788
hpmcounter3,jump,seed8,24,9022.466666666667
hpmcounter3,jump,seed8,25,9022.515151515152
hpmcounter3,jump,seed8,26,9022.381818181819
hpmcounter3,jump,seed8,27,9022.41212121212
hpmcounter3,jump,seed8,28,9022.29696969697
hpmcounter3,jump,seed8,29,9022.121212121212
hpmcounter3,jump,seed8,30,9022.030303030304
hpmcounter3,jump,seed8,31,9022.006060606062
hpmcounter3,jump,seed8,32,9021.763636363636
hpmcounter3,jump,seed8,33,9021.50303030303
hpmcounter3,jump,seed8,34,9021.19393939394
hpmcounter3,jump,seed8,35,9020.884848484848
hpmcounter3,jump,seed8,36,9020.654545454545
hpmcounter3,jump,seed8,37,9020.315151515151
hpmcounter3,jump,seed8,38,9020.09090909091
hpmcounter3,jump,seed8,39,9019.854545454546
hpmcounter3,jump,seed8,40,9019.751515151514
hpmcounter3,jump,seed8,41,9019.618181818181
hpmcounter3,jump,seed8,42,9019.58787878788
hpmcounter3,jump,seed8,43,9019.484848484848
hpmcounter3,jump,seed8,44,9019.660606060606
hpmcounter3,jump,seed8,45,9019.71515151515
hpmcounter3,jump,seed8,46,9020.066666666668
hpmcounter3,jump,seed8,47,9020.242424242424
hpmcounter3,jump,seed8,48,9020.472727272727
hpmcounter3,jump,seed8,49,9020.709090909091
hpmcounter3,jump,seed8,50,9021.036363636364
hpmcounter3,jump,seed8,51,9021.133333333333
hpmcounter3,jump,seed8,52,9021.39393939394
hpmcounter3,jump,seed8,53,9021.472727272727
hpmcounter3,jump,seed8,54,9021.775757575757
hpmcounter3,jump,seed8,55,9021.939393939394
hpmcounter3,jump,seed8,56,9241.41212121212
hpmcounter3,jump,seed8,57,9630.272727272728
hpmcounter3,jump,seed8,58,10140.0
hpmcounter3,jump,seed8,59,10504.060606060606
hpmcounter3,jump,seed8,60,10722.4
hpmcounter3,jump,seed8,61,11012.957575757575
hpmcounter3,jump,seed8,62,11323.80606060606
hpmcounter3,jump,seed8,63,11392.727272727272
hpmcounter3,jump,seed8,64,11219.921212121211
hpmcounter3,jump,seed8,65,10805.321212121213
hpmcounter3,jump,seed8,66,10417.024242424242
hpmcounter3,jump,seed8,67,10102.49090909091
hpmcounter3,jump,seed8,68,9910.30303030303
hpmcounter3,jump,seed8,69,9621.933333333332
hpmcounter3,jump,seed8,70,9237.49090909091
hpmcounter3,jump,seed8,71,9023.375757575757
hpmcounter3,jump,seed8,72,9023.406060606061
hpmcounter3,jump,seed8,73,9023.10909090909
hpmcounter3,jump,seed8,74,9022.618181818181
hpmcounter3,jump,seed8,75,9022.18787878788
hpmcounter3,jump,seed8,76,9021.884848484848
hpmcounter3,jump,seed8,77,9240.042424242425
hpmcounter3,jump,seed8,78,9409.884848484848
hpmcounter3,jump,seed8,79,9531.10909090909
hpmcounter3,jump,seed8,80,9603.981818181817
hpmcounter3,jump,seed8,81,9628.28484848485
hpmcounter3,jump,seed8,82,9604.018181818183
hpmcounter3,jump,seed8,83,9531.266666666666
hpmcounter3,jump,seed8,84,9410.09090909091
hpmcounter3,jump,seed8,85,9240.4
hpmcounter3,jump,seed8,86,9022.260606060607
hpmcounter3,jump,seed8,87,9022.618181818181
hpmcounter3,jump,seed8,88,9022.830303030303
hpmcounter3,jump,seed8,89,9022.763636363636
hpmcounter3,jump,seed8,90,9022.71515151515
hpmcounter3,jump,seed8,91,9022.375757575757
hpmcounter3,jump,seed8,92,9022.09696969697
hpmcounter3,jump,seed8,93,9021.769696969697
hpmcounter3,jump,seed8,94,9021.630303030302
hpmcounter3,jump,seed8,95,9021.745454545455
hpmcounter3,jump,seed8,96,9022.078787878789
hpmcounter3,jump,seed8,97,9022.539393939394
hpmcounter3,jump,seed8,98,9023.036363636364
hpmcounter3,jump,seed8,99,9023.41212121212
hpmcounter3,jump,seed8,100,9023.709090909091
hpmcounter3,jump,seed8,101,9023.684848484849
hpmcounter3,jump,seed8,102,9023.593939393939
hpmcounter3,jump,seed8,103,9023.260606060607
hpmcounter3,jump,seed8,104,9022.618181818181
hpmcounter3,jump,seed8,105,9022.121212121212
hpmcounter3,jump,seed8,106,9021.915151515152
hpmcounter3,jump,seed8,107,9021.945454545454
hpmcounter3,jump,seed8,108,9022.266666666666
hpmcounter3,jump,seed8,109,9022.745454545455
hpmcounter3,jump,seed8,110,9023.521212121212
hpmcounter3,jump,seed8,111,9024.442424242425
hpmcounter3,jump,seed8,112,9025.248484848486
hpmcounter3,jump,seed8,113,9026.054545454546
hpmcounter3,jump,seed8,114,9026.654545454545
hpmcounter3,jump,seed8,115,9026.921212121211
hpmcounter3,jump,seed8,116,9027.236363636364
hpmcounter3,jump,seed8,117,9027.212121212122
hpmcounter3,jump,seed8,118,9026.981818181817
hpmcounter3,jump,seed8,119,9026.545454545454
hpmcounter3,jump,seed8,120,9026.103030303031
hpmcounter3,jump,seed8,121,9025.49696969697
hpmcounter3,jump,seed8,122,9024.8
hpmcounter3,jump,seed8,123,9024.018181818183
hpmcounter3,jump,seed8,124,9023.41212121212
hpmcounter3,jump,seed8,125,9022.787878787878
hpmcounter3,jump,seed8,126,9022.50303030303
hpmcounter3,jump,seed8,127,9022.351515151515
hpmcounter3,jump,seed8,128,9022.115151515152
hpmcounter3,jump,seed8,129,9022.19393939394
hpmcounter3,jump,seed8,130,9022.478787878788
hpmcounter3,jump,seed8,131,9022.757575757576
hpmcounter3,jump,seed8,132,9023.333333333334
hpmcounter3,jump,seed8,133,9023.618181818181
hpmcounter3,jump,seed8,134,9023.787878787878
hpmcounter3,jump,seed8,135,9023.678787878787
hpmcounter3,jump,seed8,136,9023.381818181819
hpmcounter3,jump,seed8,137,9022.89090909091
hpmcounter3,jump,seed8,138,9240.957575757575
hpmcounter3,jump,seed8,139,9628.89090909091
hpmcounter3,jump,seed8,140,10138.290909090909
hpmcounter3,jump,seed8,141,10720.418181818182
hpmcounter3,jump,seed8,142,11327.012121212121
hpmcounter3,jump,seed8,143,11909.19393939394
hpmcounter3,jump,seed8,144,12418.424242424242
hpmcounter3,jump,seed8,145,12802.387878787878
hpmcounter3,jump,seed8,146,12799.103030303031
hpmcounter3,jump,seed8,147,12408.278787878788
hpmcounter3,jump,seed8,148,11897.575757575758
hpmcounter3,jump,seed8,149,11315.066666666668
hpmcounter3,jump,seed8,150,10709.527272727273
hpmcounter3,jump,seed8,151,10347.28484848485
hpmcounter3,jump,seed8,152,10228.339393939394
hpmcounter3,jump,seed8,153,10352.569696969696
hpmcounter3,jump,seed8,154,10719.854545454546
hpmcounter3,jump,seed8,155,11325.442424242425
hpmcounter3,jump,seed8,156,11906.733333333334
hpmcounter3,jump,seed8,157,12415.278787878788
hpmcounter3,jump,seed8,158,12802.739393939393
hpmcounter3,jump,seed8,159,13020.58787878788
hpmcounter3,jump,seed8,160,13020.09090909091
hpmcounter3,jump,seed8,161,13015.763636363636
hpmcounter3,jump,seed8,162,13012.563636363637
hpmcounter3,jump,seed8,163,13010.666666666666
hpmcounter3,jump,seed8,164,13009.80606060606
hpmcounter3,jump,seed8,165,13009.648484848485
hpmcounter3,jump,seed8,166,13010.224242424243
hpmcounter3,jump,seed8,167,13011.6
hpmcounter3,jump,seed8,168,13013.854545454546
hpmcounter3,jump,seed8,169,13017.28484848485
hpmcounter3,jump,seed8,170,13021.127272727274
hpmcounter3,jump,seed8,171,13017.09090909091
hpmcounter3,jump,seed8,172,12795.642424242424
hpmcounter3,jump,seed8,173,12405.981818181817
hpmcounter3,jump,seed8,174,11896.19393939394
hpmcounter3,jump,seed8,175,11314.387878787878
hpmcounter3,jump,seed8,176,10709.212121212122
hpmcounter3,jump,seed8,177,10129.09090909091
hpmcounter3,jump,seed8,178,9622.339393939394
hpmcounter3,jump,seed8,179,9237.684848484849
hpmcounter3,jump,seed8,180,9023.41212121212
hpmcounter3,jump,seed8,181,9023.357575757576
hpmcounter3,jump,seed8,182,9023.121212121212
hpmcounter3,jump,seed8,183,9022.969696969696
hpmcounter3,jump,seed8,184,9022.963636363636
hpmcounter3,jump,seed8,185,9022.739393939393
hpmcounter3,jump,seed8,186,9022.648484848485
hpmcounter3,jump,seed8,187,9022.757575757576
hpmcounter3,jump,seed8,188,9022.660606060606
hpmcounter3,jump,seed8,189,9022.545454545454
hpmcounter3,jump,seed8,190,9022.533333333333
hpmcounter3,jump,seed8,191,9022.569696969696
hpmcounter3,jump,seed8,192,9022.666666666666
hpmcounter3,jump,seed8,193,9022.363636363636
hpmcounter3,jump,seed8,194,9022.048484848485
hpmcounter3,jump,seed8,195,9021.624242424243
hpmcounter3,jump,seed8,196,9021.30303030303
hpmcounter3,jump,seed8,197,9021.175757575758
hpmcounter3,jump,seed8,198,9020.89090909091
hpmcounter3,jump,seed8,199,9020.648484848485
hpmcounter3,jump,seed8,200,9020.484848484848
hpmcounter3,jump,seed8,201,9020.436363636363
hpmcounter3,jump,seed8,202,9020.636363636364
hpmcounter3,jump,seed8,203,9020.860606060605
hpmcounter3,jump,seed8,204,9021.181818181818
hpmcounter3,jump,seed8,205,9021.345454545455
hpmcounter3,jump,seed8,206,9021.472727272727
hpmcounter3,jump,seed8,207,9021.630303030302
hpmcounter3,jump,seed8,208,9021.751515151514
hpmcounter3,jump,seed8,209,9021.70303030303
hpmcounter3,jump,seed8,210,9021.70303030303
hpmcounter3,jump,seed8,211,9021.70303030303
hpmcounter3,jump,seed8,212,9021.745454545455
hpmcounter3,jump,seed8,213,9021.8
hpmcounter3,jump,seed8,214,9022.175757575758
hpmcounter3,jump,seed8,215,9022.418181818182
hpmcounter3,jump,seed8,216,9022.678787878787
hpmcounter3,jump,seed8,217,9022.921212121211
hpmcounter3,jump,seed8,218,9023.066666666668
hpmcounter3,jump,seed8,219,9022.872727272726
hpmcounter3,jump,seed8,220,9022.987878787879
hpmcounter3,jump,seed8,221,9023.212121212122
hpmcounter3,jump,seed8,222,9023.30303030303
hpmcounter3,jump,seed8,223,9023.018181818183
hpmcounter3,jump,seed8,224,9022.866666666667
hpmcounter3,jump,seed8,225,9022.41212121212
hpmcounter3,jump,seed8,226,9022.163636363637
hpmcounter3,jump,seed8,227,9022.012121212121
hpmcounter3,jump,seed8,228,9021.848484848484
hpmcounter3,jump,seed8,229,9021.539393939394
hpmcounter3,jump,seed8,230,9021.581818181818
hpmcounter3,jump,seed8,231,9021.660606060606
hpmcounter3,jump,seed8,232,9021.90909090909
hpmcounter3,jump,seed8,233,9022.115151515152
hpmcounter3,jump,seed8,234,9022.321212121213
hpmcounter3,jump,seed8,235,9022.424242424242
hpmcounter3,jump,seed8,236,9022.90303030303
hpmcounter3,jump,seed8,237,9023.139393939395
hpmcounter3,jump,seed8,238,9023.157575757576
hpmcounter3,jump,seed8,239,9023.254545454545
hpmcounter3,jump,seed8,240,9023.406060606061
hpmcounter3,jump,seed8,241,9023.50909090909
hpmcounter3,jump,seed8,242,9023.593939393939
hpmcounter3,jump,seed8,243,9023.660606060606
hpmcounter3,jump,seed8,244,9242.357575757576
hpmcounter3,jump,seed8,245,9412.309090909092
hpmcounter3,jump,seed8,246,9533.884848484848
hpmcounter3,jump,seed8,247,9606.678787878787
hpmcounter3,jump,seed8,248,9630.49090909091
hpmcounter3,jump,seed8,249,9605.709090909091
hpmcounter3,jump,seed8,250,9532.151515151516
hpmcounter3,jump,seed8,251,9410.242424242424
hpmcounter3,jump,seed8,252,9239.939393939394
hpmcounter3,jump,seed8,253,9021.078787878789
hpmcounter3,jump,seed8,254,9021.042424242425
hpmcounter3,jump,seed8,255,9020.993939393938
hpmcounter3,jump,seed8,256,9020.933333333332
hpmcounter3,jump,seed8,257,9021.169696969697
hpmcounter3,jump,seed8,258,9021.49090909091
hpmcounter3,jump,seed8,259,9021.69696969697
hpmcounter3,jump,seed8,260,9021.818181818182
hpmcounter3,jump,seed8,261,9021.939393939394
hpmcounter3,jump,seed8,262,9022.248484848486
hpmcounter3,jump,seed8,263,9022.436363636363
hpmcounter3,jump,seed8,264,9022.369696969698
hpmcounter3,jump,seed8,265,9022.290909090909
hpmcounter3,jump,seed8,266,9022.175757575758
hpmcounter3,jump,seed8,267,9022.133333333333
hpmcounter3,jump,seed8,268,9022.406060606061
hpmcounter3,jump,seed8,269,9022.430303030304
hpmcounter3,jump,seed8,270,9022.406060606061
hpmcounter3,jump,seed8,271,9022.248484848486
hpmcounter3,jump,seed8,272,9022.048484848485
hpmcounter3,jump,seed8,273,9021.775757575757
hpmcounter3,jump,seed8,274,9021.321212121213
hpmcounter3,jump,seed8,275,9020.818181818182
hpmcounter3,jump,seed8,276,9020.58787878788
hpmcounter3,jump,seed8,277,9020.50909090909
hpmcounter3,jump,seed8,278,9020.89090909091
hpmcounter3,jump,seed8,279,9021.20606060606
hpmcounter3,jump,seed8,280,9021.4
hpmcounter3,jump,seed8,281,9021.472727272727
hpmcounter3,jump,seed8,282,9021.424242424242
hpmcounter3,jump,seed8,283,9021.472727272727
hpmcounter3,jump,seed8,284,9021.569696969696
hpmcounter3,jump,seed8,285,9021.666666666666
hpmcounter3,jump,seed8,286,9021.69696969697
hpmcounter3,jump,seed8,287,9021.969696969696
hpmcounter3,jump,seed8,288,9022.254545454545
hpmcounter3,jump,seed8,289,9022.442424242425
hpmcounter3,jump,seed8,290,9022.290909090909
hpmcounter3,jump,seed8,291,9022.042424242425
hpmcounter3,jump,seed8,292,9021.672727272728
hpmcounter3,jump,seed8,293,9021.315151515151
hpmcounter3,jump,seed8,294,9021.018181818183
hpmcounter3,jump,seed8,295,9020.939393939394
hpmcounter3,jump,seed8,296,9020.618181818181
hpmcounter3,jump,seed8,297,9020.521212121212
hpmcounter3,jump,seed8,298,9020.430303030304
hpmcounter3,jump,seed9,9,9014.939393939394
hpmcounter3,jump,seed9,10,9014.218181818182
hpmcounter3,jump,seed9,11,9013.981818181817
hpmcounter3,jump,seed9,12,9014.448484848484
hpmcounter3,jump,seed9,13,9015.345454545455
hpmcounter3,jump,seed9,14,9016.854545454546
hpmcounter3,jump,seed9,15,9018.351515151515
hpmcounter3,jump,seed9,16,9019.81212121212
hpmcounter3,jump,seed9,17,9021.127272727274
hpmcounter3,jump,seed9,18,9021.969696969696
hpmcounter3,jump,seed9,19,9022.351515151515
hpmcounter3,jump,seed9,20,9022.351515151515
hpmcounter3,jump,seed9,21,9021.975757575758
hpmcounter3,jump,seed9,22,9021.6
hpmcounter3,jump,seed9,23,9021.272727272728
hpmcounter3,jump,seed9,24,9021.127272727274
hpmcounter3,jump,seed9,25,9021.20606060606
hpmcounter3,jump,seed9,26,9021.454545454546
hpmcounter3,jump,seed9,27,9021.58787878788
hpmcounter3,jump,seed9,28,9021.987878787879
hpmcounter3,jump,seed9,29,9022.363636363636
hpmcounter3,jump,seed9,30,9022.60606060606
hpmcounter3,jump,seed9,31,9022.660606060606
hpmcounter3,jump,seed9,32,9022.460606060606
hpmcounter3,jump,seed9,33,9022.006060606062
hpmcounter3,jump,seed9,34,9021.563636363637
hpmcounter3,jump,seed9,35,9021.290909090909
hpmcounter3,jump,seed9,36,9021.078787878789
hpmcounter3,jump,seed9,37,9020.684848484849
hpmcounter3,jump,seed9,38,9020.751515151514
hpmcounter3,jump,seed9,39,9020.842424242424
hpmcounter3,jump,seed9,40,9021.012121212121
hpmcounter3,jump,seed9,41,9021.127272727274
hpmcounter3,jump,seed9,42,9021.133333333333
hpmcounter3,jump,seed9,43,9021.139393939395
hpmcounter3,jump,seed9,44,9021.39393939394
hpmcounter3,jump,seed9,45,9021.563636363637
hpmcounter3,jump,seed9,46,9021.836363636363
hpmcounter3,jump,seed9,47,9022.012121212121
hpmcounter3,jump,seed9,48,9022.2
hpmcounter3,jump,seed9,49,9022.266666666666
hpmcounter3,jump,seed9,50,9022.333333333334
hpmcounter3,jump,seed9,51,9022.278787878788
hpmcounter3,jump,seed9,52,9022.078787878789
hpmcounter3,jump,seed9,53,9021.733333333334
hpmcounter3,jump,seed9,54,9021.6
hpmcounter3,jump,seed9,55,9021.460606060606
hpmcounter3,jump,seed9,56,9021.315151515151
hpmcounter3,jump,seed9,57,9021.133333333333
hpmcounter3,jump,seed9,58,9020.939393939394
hpmcounter3,jump,seed9,59,9020.757575757576
hpmcounter3,jump,seed9,60,9020.872727272726
hpmcounter3,jump,seed9,61,9021.072727272727
hpmcounter3,jump,seed9,62,9021.41212121212
hpmcounter3,jump,seed9,63,9021.636363636364
hpmcounter3,jump,seed9,64,9021.787878787878
hpmcounter3,jump,seed9,65,9021.878787878788
hpmcounter3,jump,seed9,66,9021.921212121211
hpmcounter3,jump,seed9,67,9021.945454545454
hpmcounter3,jump,seed9,68,9022.024242424242
hpmcounter3,jump,seed9,69,9022.042424242425
hpmcounter3,jump,seed9,70,9022.133333333333
hpmcounter3,jump,seed9,71,9022.103030303031
hpmcounter3,jump,seed9,72,9022.042424242425
hpmcounter3,jump,seed9,73,9022.290909090909
hpmcounter3,jump,seed9,74,9022.612121212122
hpmcounter3,jump,seed9,75,9022.836363636363
hpmcounter3,jump,seed9,76,9242.036363636364
hpmcounter3,jump,seed9,77,9630.878787878788
hpmcounter3,jump,seed9,78,10140.866666666667
hpmcounter3,jump,seed9,79,10723.29696969697
hpmcounter3,jump,seed9,80,11111.327272727272
hpmcounter3,jump,seed9,81,11304.769696969697
hpmcounter3,jump,seed9,82,11303.90909090909
hpmcounter3,jump,seed9,83,11109.28484848485
hpmcounter3,jump,seed9,84,10720.612121212122
hpmcounter3,jump,seed9,85,10137.630303030302
hpmcounter3,jump,seed9,86,9628.242424242424
hpmcounter3,jump,seed9,87,9240.327272727272
hpmcounter3,jump,seed9,88,9022.10909090909
hpmcounter3,jump,seed9,89,9022.030303030304
hpmcounter3,jump,seed9,90,9022.018181818183
hpmcounter3,jump,seed9,91,9021.58787878788
hpmcounter3,jump,seed9,92,9021.41212121212
hpmcounter3,jump,seed9,93,9021.39393939394
hpmcounter3,jump,seed9,94,9021.460606060606
hpmcounter3,jump,seed9,95,9021.260606060607
hpmcounter3,jump,seed9,96,9021.036363636364
hpmcounter3,jump,seed9,97,9021.09696969697
hpmcounter3,jump,seed9,98,9021.175757575758
hpmcounter3,jump,seed9,99,9021.315151515151
hpmcounter3,jump,seed9,100,9021.8
hpmcounter3,jump,seed9,101,9022.09696969697
hpmcounter3,jump,seed9,102,9022.6
hpmcounter3,jump,seed9,103,9022.89090909091
hpmcounter3,jump,seed9,104,9023.024242424242
hpmcounter3,jump,seed9,105,9022.866666666667
hpmcounter3,jump,seed9,106,9022.418181818182
hpmcounter3,jump,seed9,107,9021.945454545454
hpmcounter3,jump,seed9,108,9021.539393939394
hpmcounter3,jump,seed9,109,9021.036363636364
hpmcounter3,jump,seed9,110,9020.836363636363
hpmcounter3,jump,seed9,111,9020.678787878787
hpmcounter3,jump,seed9,112,9021.048484848485
hpmcounter3,jump,seed9,113,9021.369696969698
hpmcounter3,jump,seed9,114,9021.642424242424
hpmcounter3,jump,seed9,115,9021.757575757576
hpmcounter3,jump,seed9,116,9021.71515151515
hpmcounter3,jump,seed9,117,9021.842424242424
hpmcounter3,jump,seed9,118,9021.872727272726
hpmcounter3,jump,seed9,119,9021.915151515152
hpmcounter3,jump,seed9,120,9021.727272727272
hpmcounter3,jump,seed9,121,9021.442424242425
hpmcounter3,jump,seed9,122,9021.50303030303
hpmcounter3,jump,seed9,123,9021.636363636364
hpmcounter3,jump,seed9,124,9021.818181818182
hpmcounter3,jump,seed9,125,9021.781818181818
hpmcounter3,jump,seed9,126,9021.636363636364
hpmcounter3,jump,seed9,127,9021.757575757576
hpmcounter3,jump,seed9,128,9021.575757575758
hpmcounter3,jump,seed9,129,9021.163636363637
hpmcounter3,jump,seed9,130,9020.678787878787
hpmcounter3,jump,seed9,131,9020.230303030303
hpmcounter3,jump,seed9,132,9020.169696969697
hpmcounter3,jump,seed9,133,9020.448484848484
hpmcounter3,jump,seed9,134,9020.933333333332
hpmcounter3,jump,seed9,135,9021.49090909091
hpmcounter3,jump,seed9,136,9022.20606060606
hpmcounter3,jump,seed9,137,9022.945454545454
hpmcounter3,jump,seed9,138,9023.442424242425
hpmcounter3,jump,seed9,139,9023.381818181819
hpmcounter3,jump,seed9,140,9023.363636363636
hpmcounter3,jump,seed9,141,9022.945454545454
hpmcounter3,jump,seed9,142,9022.363636363636
hpmcounter3,jump,seed9,143,9022.054545454546
hpmcounter3,jump,seed9,144,9021.678787878787
hpmcounter3,jump,seed9,145,9021.327272727272
hpmcounter3,jump,seed9,146,9021.321212121213
hpmcounter3,jump,seed9,147,9021.242424242424
hpmcounter3,jump,seed9,148,9021.387878787878
hpmcounter3,jump,seed9,149,9021.339393939394
hpmcounter3,jump,seed9,150,9021.345454545455
hpmcounter3,jump,seed9,151,9240.321212121213
hpmcounter3,jump,seed9,152,9628.842424242424
hpmcounter3,jump,seed9,153,10138.551515151516
hpmcounter3,jump,seed9,154,10720.666666666666
hpmcounter3,jump,seed9,155,11326.70303030303
hpmcounter3,jump,seed9,156,11908.660606060606
hpmcounter3,jump,seed9,157,12417.460606060606
hpmcounter3,jump,seed9,158,12805.072727272727
hpmcounter3,jump,seed9,159,13022.593939393939
hpmcounter3,jump,seed9,160,13021.993939393938
hpmcounter3,jump,seed9,161,13018.418181818182
hpmcounter3,jump,seed9,162,13015.836363636363
hpmcounter3,jump,seed9,163,13014.151515151516
hpmcounter3,jump,seed9,164,13013.218181818182
hpmcounter3,jump,seed9,165,13012.89090909091
hpmcounter3,jump,seed9,166,13013.533333333333
hpmcounter3,jump,seed9,167,13014.866666666667
hpmcounter3,jump,seed9,168,13016.842424242424
hpmcounter3,jump,seed9,169,13019.381818181819
hpmcounter3,jump,seed9,170,13023.127272727274
hpmcounter3,jump,seed9,171,13023.327272727272
hpmcounter3,jump,seed9,172,13023.369696969698
hpmcounter3,jump,seed9,173,13023.321212121213
hpmcounter3,jump,seed9,174,13023.315151515151
hpmcounter3,jump,seed9,175,12805.09090909091
hpmcounter3,jump,seed9,176,12417.121212121212
hpmcounter3,jump,seed9,177,11908.036363636364
hpmcounter3,jump,seed9,178,11326.266666666666
hpmcounter3,jump,seed9,179,10720.163636363637
hpmcounter3,jump,seed9,180,10138.484848484848
hpmcounter3,jump,seed9,181,9629.70303030303
hpmcounter3,jump,seed9,182,9242.115151515152
hpmcounter3,jump,seed9,183,9024.060606060606
hpmcounter3,jump,seed9,184,9024.29696969697
hpmcounter3,jump,seed9,185,9024.50909090909
hpmcounter3,jump,seed9,186,9024.575757575758
hpmcounter3,jump,seed9,187,9024.484848484848
hpmcounter3,jump,seed9,188,9024.630303030302
hpmcounter3,jump,seed9,189,9024.775757575757
hpmcounter3,jump,seed9,190,9024.866666666667
hpmcounter3,jump,seed9,191,9024.818181818182
hpmcounter3,jump,seed9,192,9242.836363636363
hpmcounter3,jump,seed9,193,9412.321212121213
hpmcounter3,jump,seed9,194,9751.69696969697
hpmcounter3,jump,seed9,195,9993.89090909091
hpmcounter3,jump,seed9,196,10139.309090909092
hpmcounter3,jump,seed9,197,10187.50909090909
hpmcounter3,jump,seed9,198,10139.012121212121
hpmcounter3,jump,seed9,199,9993.636363636364
hpmcounter3,jump,seed9,200,9751.272727272728
hpmcounter3,jump,seed9,201,9411.896969696969
hpmcounter3,jump,seed9,202,9242.20606060606
hpmcounter3,jump,seed9,203,9023.951515151515
hpmcounter3,jump,seed9,204,9024.054545454546
hpmcounter3,jump,seed9,205,9024.121212121212
hpmcounter3,jump,seed9,206,9024.50303030303
hpmcounter3,jump,seed9,207,9024.60606060606
hpmcounter3,jump,seed9,208,9024.618181818181
hpmcounter3,jump,seed9,209,9024.309090909092
hpmcounter3,jump,seed9,210,9024.0
hpmcounter3,jump,seed9,211,9023.593939393939
hpmcounter3,jump,seed9,212,9023.357575757576
hpmcounter3,jump,seed9,213,9022.993939393938
hpmcounter3,jump,seed9,214,9022.70303030303
hpmcounter3,jump,seed9,215,9022.533333333333
hpmcounter3,jump,seed9,216,9022.533333333333
hpmcounter3,jump,seed9,217,9022.375757575757
hpmcounter3,jump,seed9,218,9022.315151515151
hpmcounter3,jump,seed9,219,9022.163636363637
hpmcounter3,jump,seed9,220,9021.933333333332
hpmcounter3,jump,seed9,221,9021.81212121212
hpmcounter3,jump,seed9,222,9021.8
hpmcounter3,jump,seed9,223,9021.963636363636
hpmcounter3,jump,seed9,224,9022.387878787878
hpmcounter3,jump,seed9,225,9022.90303030303
hpmcounter3,jump,seed9,226,9023.363636363636
hpmcounter3,jump,seed9,227,9023.624242424243
hpmcounter3,jump,seed9,228,9023.848484848484
hpmcounter3,jump,seed9,229,9024.078787878789
hpmcounter3,jump,seed9,230,9023.872727272726
hpmcounter3,jump,seed9,231,9023.769696969697
hpmcounter3,jump,seed9,232,9023.406060606061
hpmcounter3,jump,seed9,233,9022.872727272726
hpmcounter3,jump,seed9,234,9022.418181818182
hpmcounter3,jump,seed9,235,9022.157575757576
hpmcounter3,jump,seed9,236,9022.036363636364
hpmcounter3,jump,seed9,237,9021.824242424242
hpmcounter3,jump,seed9,238,9021.612121212122
hpmcounter3,jump,seed9,239,9021.50303030303
hpmcounter3,jump,seed9,240,9021.115151515152
hpmcounter3,jump,seed9,241,9020.80606060606
hpmcounter3,jump,seed9,242,9020.50303030303
hpmcounter3,jump,seed9,243,9020.151515151516
hpmcounter3,jump,seed9,244,9019.860606060605
hpmcounter3,jump,seed9,245,9019.58787878788
hpmcounter3,jump,seed9,246,9019.515151515152
hpmcounter3,jump,seed9,247,9019.49090909091
hpmcounter3,jump,seed9,248,9019.690909090908
hpmcounter3,jump,seed9,249,9019.872727272726
hpmcounter3,jump,seed9,250,9020.078787878789
hpmcounter3,jump,seed9,251,9020.315151515151
hpmcounter3,jump,seed9,252,9020.709090909091
hpmcounter3,jump,seed9,253,9021.266666666666
hpmcounter3,jump,seed9,254,9021.678787878787
hpmcounter3,jump,seed9,255,9021.727272727272
hpmcounter3,jump,seed9,256,9021.642424242424
hpmcounter3,jump,seed9,257,9021.30303030303
hpmcounter3,jump,seed9,258,9020.975757575758
hpmcounter3,jump,seed9,259,9020.484848484848
hpmcounter3,jump,seed9,260,9020.127272727274
hpmcounter3,jump,seed9,261,9019.860606060605
hpmcounter3,jump,seed9,262,9019.787878787878
hpmcounter3,jump,seed9,263,9020.133333333333
hpmcounter3,jump,seed9,264,9020.575757575758
hpmcounter3,jump,seed9,265,9020.933333333332
hpmcounter3,jump,seed9,266,9021.248484848486
hpmcounter3,jump,seed9,267,9021.442424242425
hpmcounter3,jump,seed9,268,9021.709090909091
hpmcounter3,jump,seed9,269,9022.0
hpmcounter3,jump,seed9,270,9022.181818181818
hpmcounter3,jump,seed9,271,9022.2
hpmcounter3,jump,seed9,272,9022.09696969697
hpmcounter3,jump,seed9,273,9021.981818181817
hpmcounter3,jump,seed9,274,9022.042424242425
hpmcounter3,jump,seed9,275,9022.266666666666
hpmcounter3,jump,seed9,276,9022.539393939394
hpmcounter3,jump,seed9,277,9022.866666666667
hpmcounter3,jump,seed9,278,9023.181818181818
hpmcounter3,jump,seed9,279,9023.4
hpmcounter3,jump,seed9,280,9023.575757575758
hpmcounter3,jump,seed9,281,9023.333333333334
hpmcounter3,jump,seed9,282,9023.048484848485
hpmcounter3,jump,seed9,283,9022.654545454545
hpmcounter3,jump,seed9,284,9022.218181818182
hpmcounter3,jump,seed9,285,9021.993939393938
hpmcounter3,jump,seed9,286,9022.115151515152
hpmcounter3,jump,seed9,287,9022.309090909092
hpmcounter3,jump,seed9,288,9022.478787878788
hpmcounter3,jump,seed9,289,9022.436363636363
hpmcounter3,jump,seed9,290,9022.50303030303
hpmcounter3,jump,seed9,291,9022.260606060607
hpmcounter3,jump,seed9,292,9022.060606060606
hpmcounter3,jump,seed9,293,9021.848484848484
hpmcounter3,jump,seed9,294,9021.406060606061
hpmcounter3,jump,seed9,295,9020.915151515152
hpmcounter3,jump,seed9,296,9020.733333333334
hpmcounter3,jump,seed9,297,9020.630303030302
hpmcounter3,jump,seed9,298,9020.769696969697
hpmcounter3,normal,seed1,9,9012.739393939393
hpmcounter3,normal,seed1,10,9012.115151515152
hpmcounter3,normal,seed1,11,9012.09090909091
hpmcounter3,normal,seed1,12,9012.58787878788
hpmcounter3,normal,seed1,13,9013.290909090909
hpmcounter3,normal,seed1,14,9014.103030303031
hpmcounter3,normal,seed1,15,9015.018181818183
hpmcounter3,normal,seed1,16,9016.030303030304
hpmcounter3,normal,seed1,17,9017.18787878788
hpmcounter3,normal,seed1,18,9018.230303030303
hpmcounter3,normal,seed1,19,9018.80606060606
hpmcounter3,normal,seed1,20,9019.024242424242
hpmcounter3,normal,seed1,21,9019.339393939394
hpmcounter3,normal,seed1,22,9019.648484848485
hpmcounter3,normal,seed1,23,9020.103030303031
hpmcounter3,normal,seed1,24,9020.218181818182
hpmcounter3,normal,seed1,25,9019.745454545455
hpmcounter3,normal,seed1,26,9019.10909090909
hpmcounter3,normal,seed1,27,9018.466666666667
hpmcounter3,normal,seed1,28,9018.169696969697
hpmcounter3,normal,seed1,29,9018.048484848485
hpmcounter3,normal,seed1,30,9018.309090909092
hpmcounter3,normal,seed1,31,9018.763636363636
hpmcounter3,normal,seed1,32,9019.369696969698
hpmcounter3,normal,seed1,33,9020.315151515151
hpmcounter3,normal,seed1,34,9021.2
hpmcounter3,normal,seed1,35,9021.727272727272
hpmcounter3,normal,seed1,36,9022.072727272727
hpmcounter3,normal,seed1,37,9021.933333333332
hpmcounter3,normal,seed1,38,9021.69696969697
hpmcounter3,normal,seed1,39,9021.41212121212
hpmcounter3,normal,seed1,40,9020.90909090909
hpmcounter3,normal,seed1,41,9020.369696969698
hpmcounter3,normal,seed1,42,9019.684848484849
hpmcounter3,normal,seed1,43,9019.121212121212
hpmcounter3,normal,seed1,44,9018.921212121211
hpmcounter3,normal,seed1,45,9019.139393939395
hpmcounter3,normal,seed1,46,9019.460606060606
hpmcounter3,normal,seed1,47,9019.581818181818
hpmcounter3,normal,seed1,48,9019.472727272727
hpmcounter3,normal,seed1,49,9019.50909090909
hpmcounter3,normal,seed1,50,9019.290909090909
hpmcounter3,normal,seed1,51,9019.036363636364
hpmcounter3,normal,seed1,52,9018.963636363636
hpmcounter3,normal,seed1,53,9019.024242424242
hpmcounter3,normal,seed1,54,9019.460606060606
hpmcounter3,normal,seed1,55,9020.012121212121
hpmcounter3,normal,seed1,56,9020.39393939394
hpmcounter3,normal,seed1,57,9020.624242424243
hpmcounter3,normal,seed1,58,9020.533333333333
hpmcounter3,normal,seed1,59,9020.460606060606
hpmcounter3,normal,seed1,60,9020.50303030303
hpmcounter3,normal,seed1,61,9020.436363636363
hpmcounter3,normal,seed1,62,9020.612121212122
hpmcounter3,normal,seed1,63,9240.19393939394
hpmcounter3,normal,seed1,64,9411.072727272727
hpmcounter3,normal,seed1,65,9533.006060606062
hpmcounter3,normal,seed1,66,9606.036363636364
hpmcounter3,normal,seed1,67,9630.28484848485
hpmcounter3,normal,seed1,68,9605.739393939393
hpmcounter3,normal,seed1,69,9532.551515151516
hpmcounter3,normal,seed1,70,9410.448484848484
hpmcounter3,normal,seed1,71,9239.775757575757
hpmcounter3,normal,seed1,72,9020.424242424242
hpmcounter3,normal,seed1,73,9020.309090909092
hpmcounter3,normal,seed1,74,9020.290909090909
hpmcounter3,normal,seed1,75,9020.181818181818
hpmcounter3,normal,seed1,76,9020.212121212122
hpmcounter3,normal,seed1,77,9020.290909090909
hpmcounter3,normal,seed1,78,9020.309090909092
hpmcounter3,normal,seed1,79,9020.49090909091
hpmcounter3,normal,seed1,80,9020.351515151515
hpmcounter3,normal,seed1,81,9020.2
hpmcounter3,normal,seed1,82,9020.060606060606
hpmcounter3,normal,seed1,83,9019.854545454546
hpmcounter3,normal,seed1,84,9019.757575757576
hpmcounter3,normal,seed1,85,9019.70303030303
hpmcounter3,normal,seed1,86,9019.81212121212
hpmcounter3,normal,seed1,87,9019.945454545454
hpmcounter3,normal,seed1,88,9019.884848484848
hpmcounter3,normal,seed1,89,9019.763636363636
hpmcounter3,normal,seed1,90,9019.648484848485
hpmcounter3,normal,seed1,91,9019.351515151515
hpmcounter3,normal,seed1,92,9019.224242424243
hpmcounter3,normal,seed1,93,9019.363636363636
hpmcounter3,normal,seed1,94,9019.515151515152
hpmcounter3,normal,seed1,95,9019.70303030303
hpmcounter3,normal,seed1,96,9019.951515151515
hpmcounter3,normal,seed1,97,9020.072727272727
hpmcounter3,normal,seed1,98,9020.163636363637
hpmcounter3,normal,seed1,99,9019.915151515152
hpmcounter3,normal,seed1,100,9019.70303030303
hpmcounter3,normal,seed1,101,9019.175757575758
hpmcounter3,normal,seed1,102,9018.733333333334
hpmcounter3,normal,seed1,103,9018.49090909091
hpmcounter3,normal,seed1,104,9018.527272727273
hpmcounter3,normal,seed1,105,9018.575757575758
hpmcounter3,normal,seed1,106,9018.745454545455
hpmcounter3,normal,seed1,107,9019.078787878789
hpmcounter3,normal,seed1,108,9019.727272727272
hpmcounter3,normal,seed1,109,9020.278787878788
hpmcounter3,normal,seed1,110,9020.818181818182
hpmcounter3,normal,seed1,111,9021.460606060606
hpmcounter3,normal,seed1,112,9022.151515151516
hpmcounter3,normal,seed1,113,9022.466666666667
hpmcounter3,normal,seed1,114,9022.81212121212
hpmcounter3,normal,seed1,115,9022.660606060606
hpmcounter3,normal,seed1,116,9022.278787878788
hpmcounter3,normal,seed1,117,9021.8
hpmcounter3,normal,seed1,118,9021.20606060606
hpmcounter3,normal,seed1,119,9020.49090909091
hpmcounter3,normal,seed1,120,9019.678787878787
hpmcounter3,normal,seed1,121,9019.236363636364
hpmcounter3,normal,seed1,122,9019.236363636364
hpmcounter3,normal,seed1,123,9019.28484848485
hpmcounter3,normal,seed1,124,9019.636363636364
hpmcounter3,normal,seed1,125,9019.90303030303
hpmcounter3,normal,seed1,126,9020.169696969697
hpmcounter3,normal,seed1,127,9020.654545454545
hpmcounter3,normal,seed1,128,9021.121212121212
hpmcounter3,normal,seed1,129,9021.236363636364
hpmcounter3,normal,seed1,130,9021.351515151515
hpmcounter3,normal,seed1,131,9021.387878787878
hpmcounter3,normal,seed1,132,9020.963636363636
hpmcounter3,normal,seed1,133,9020.545454545454
hpmcounter3,normal,seed1,134,9020.351515151515
hpmcounter3,normal,seed1,135,9020.41212121212
hpmcounter3,normal,seed1,136,9020.242424242424
hpmcounter3,normal,seed1,137,9020.29696969697
hpmcounter3,normal,seed1,138,9020.6
hpmcounter3,normal,seed1,139,9020.612121212122
hpmcounter3,normal,seed1,140,9020.818181818182
hpmcounter3,normal,seed1,141,9021.09696969697
hpmcounter3,normal,seed1,142,9021.18787878788
hpmcounter3,normal,seed1,143,9021.19393939394
hpmcounter3,normal,seed1,144,9021.369696969698
hpmcounter3,normal,seed1,145,9021.575757575758
hpmcounter3,normal,seed1,146,9021.690909090908
hpmcounter3,normal,seed1,147,9021.309090909092
hpmcounter3,normal,seed1,148,9021.139393939395
hpmcounter3,normal,seed1,149,9020.739393939393
hpmcounter3,normal,seed1,150,9020.351515151515
hpmcounter3,normal,seed1,151,9019.933333333332
hpmcounter3,normal,seed1,152,9019.830303030303
hpmcounter3,normal,seed1,153,9019.727272727272
hpmcounter3,normal,seed1,154,9019.878787878788
hpmcounter3,normal,seed1,155,9019.866666666667
hpmcounter3,normal,seed1,156,9020.078787878789
hpmcounter3,normal,seed1,157,9019.884848484848
hpmcounter3,normal,seed1,158,9019.757575757576
hpmcounter3,normal,seed1,159,9019.448484848484
hpmcounter3,normal,seed1,160,9019.224242424243
hpmcounter3,normal,seed1,161,9018.921212121211
hpmcounter3,normal,seed1,162,9018.248484848486
hpmcounter3,normal,seed1,163,9017.630303030302
hpmcounter3,normal,seed1,164,9017.49696969697
hpmcounter3,normal,seed1,165,9017.472727272727
hpmcounter3,normal,seed1,166,9017.557575757575
hpmcounter3,normal,seed1,167,9017.884848484848
hpmcounter3,normal,seed1,168,9018.212121212122
hpmcounter3,normal,seed1,169,9018.351515151515
hpmcounter3,normal,seed1,170,9018.50303030303
hpmcounter3,normal,seed1,171,9018.624242424243
hpmcounter3,normal,seed1,172,9018.521212121212
hpmcounter3,normal,seed1,173,9018.363636363636
hpmcounter3,normal,seed1,174,9018.351515151515
hpmcounter3,normal,seed1,175,9018.454545454546
hpmcounter3,normal,seed1,176,9018.660606060606
hpmcounter3,normal,seed1,177,9018.79393939394
hpmcounter3,normal,seed1,178,9018.933333333332
hpmcounter3,normal,seed1,179,9019.054545454546
hpmcounter3,normal,seed1,180,9019.272727272728
hpmcounter3,normal,seed1,181,9019.515151515152
hpmcounter3,normal,seed1,182,9020.10909090909
hpmcounter3,normal,seed1,183,9020.830303030303
hpmcounter3,normal,seed1,184,9021.49696969697
hpmcounter3,normal,seed1,185,9021.842424242424
hpmcounter3,normal,seed1,186,9022.175757575758
hpmcounter3,normal,seed1,187,9022.0
hpmcounter3,normal,seed1,188,9021.654545454545
hpmcounter3,normal,seed1,189,9021.127272727274
hpmcounter3,normal,seed1,190,9020.684848484849
hpmcounter3,normal,seed1,191,9020.406060606061
hpmcounter3,normal,seed1,192,9020.248484848486
hpmcounter3,normal,seed1,193,9020.151515151516
hpmcounter3,normal,seed1,194,9020.339393939394
hpmcounter3,normal,seed1,195,9020.272727272728
hpmcounter3,normal,seed1,196,9020.260606060607
hpmcounter3,normal,seed1,197,9020.115151515152
hpmcounter3,normal,seed1,198,9019.90303030303
hpmcounter3,normal,seed1,199,9019.648484848485
hpmcounter3,normal,seed1,200,9019.309090909092
hpmcounter3,normal,seed1,201,9019.10909090909
hpmcounter3,normal,seed1,202,9019.127272727274
hpmcounter3,normal,seed1,203,9019.20606060606
hpmcounter3,normal,seed1,204,9019.454545454546
hpmcounter3,normal,seed1,205,9019.521212121212
hpmcounter3,normal,seed1,206,9019.648484848485
hpmcounter3,normal,seed1,207,9019.89090909091
hpmcounter3,normal,seed1,208,9019.939393939394
hpmcounter3,normal,seed1,209,9020.078787878789
hpmcounter3,normal,seed1,210,9020.20606060606
hpmcounter3,normal,seed1,211,9020.163636363637
hpmcounter3,normal,seed1,212,9020.139393939395
hpmcounter3,normal,seed1,213,9020.224242424243
hpmcounter3,normal,seed1,214,9020.418181818182
hpmcounter3,normal,seed1,215,9020.563636363637
hpmcounter3,normal,seed1,216,9020.745454545455
hpmcounter3,normal,seed1,217,9020.896969696969
hpmcounter3,normal,seed1,218,9020.939393939394
hpmcounter3,normal,seed1,219,9021.09090909091
hpmcounter3,normal,seed1,220,9021.460606060606
hpmcounter3,normal,seed1,221,9021.672727272728
hpmcounter3,normal,seed1,222,9021.769696969697
hpmcounter3,normal,seed1,223,9021.672727272728
hpmcounter3,normal,seed1,224,9021.624242424243
hpmcounter3,normal,seed1,225,9021.515151515152
hpmcounter3,normal,seed1,226,9021.478787878788
hpmcounter3,normal,seed1,227,9021.381818181819
hpmcounter3,normal,seed1,228,9021.333333333334
hpmcounter3,normal,seed1,229,9021.224242424243
hpmcounter3,normal,seed1,230,9021.212121212122
hpmcounter3,normal,seed1,231,9021.18787878788
hpmcounter3,normal,seed1,232,9020.987878787879
hpmcounter3,normal,seed1,233,9020.757575757576
hpmcounter3,normal,seed1,234,9020.50909090909
hpmcounter3,normal,seed1,235,9020.363636363636
hpmcounter3,normal,seed1,236,9020.363636363636
hpmcounter3,normal,seed1,237,9020.4
hpmcounter3,normal,seed1,238,9020.49696969697
hpmcounter3,normal,seed1,239,9020.6
hpmcounter3,normal,seed1,240,9020.58787878788
hpmcounter3,normal,seed1,241,9020.660606060606
hpmcounter3,normal,seed1,242,9020.50909090909
hpmcounter3,normal,seed1,243,9239.363636363636
hpmcounter3,normal,seed1,244,9627.945454545454
hpmcounter3,normal,seed1,245,10137.787878787878
hpmcounter3,normal,seed1,246,10720.121212121212
hpmcounter3,normal,seed1,247,11326.472727272727
hpmcounter3,normal,seed1,248,11690.0
hpmcounter3,normal,seed1,249,11810.90303030303
hpmcounter3,normal,seed1,250,11689.006060606062
hpmcounter3,normal,seed1,251,11324.484848484848
hpmcounter3,normal,seed1,252,10717.381818181819
hpmcounter3,normal,seed1,253,10135.448484848484
hpmcounter3,normal,seed1,254,9626.266666666666
hpmcounter3,normal,seed1,255,9238.569696969696
hpmcounter3,normal,seed1,256,9020.58787878788
hpmcounter3,normal,seed1,257,9020.848484848484
hpmcounter3,normal,seed1,258,9021.024242424242
hpmcounter3,normal,seed1,259,9021.145454545454
hpmcounter3,normal,seed1,260,9021.29696969697
hpmcounter3,normal,seed1,261,9021.278787878788
hpmcounter3,normal,seed1,262,9021.454545454546
hpmcounter3,normal,seed1,263,9021.660606060606
hpmcounter3,normal,seed1,264,9021.58787878788
hpmcounter3,normal,seed1,265,9021.563636363637
hpmcounter3,normal,seed1,266,9240.533333333333
hpmcounter3,normal,seed1,267,9629.121212121212
hpmcounter3,normal,seed1,268,10138.763636363636
hpmcounter3,normal,seed1,269,10720.636363636364
hpmcounter3,normal,seed1,270,11326.557575757575
hpmcounter3,normal,seed1,271,11907.781818181818
hpmcounter3,normal,seed1,272,12416.49696969697
hpmcounter3,normal,seed1,273,12803.775757575757
hpmcounter3,normal,seed1,274,12803.115151515152
hpmcounter3,normal,seed1,275,12414.406060606061
hpmcounter3,normal,seed1,276,11905.436363636363
hpmcounter3,normal,seed1,277,11324.048484848485
hpmcounter3,normal,seed1,278,10718.442424242425
hpmcounter3,normal,seed1,279,10136.575757575758
hpmcounter3,normal,seed1,280,9627.121212121212
hpmcounter3,normal,seed1,281,9238.454545454546
hpmcounter3,normal,seed1,282,9019.593939393939
hpmcounter3,normal,seed1,283,9018.963636363636
hpmcounter3,normal,seed1,284,9018.648484848485
hpmcounter3,normal,seed1,285,9018.460606060606
hpmcounter3,normal,seed1,286,9018.424242424242
hpmcounter3,normal,seed1,287,9018.709090909091
hpmcounter3,normal,seed1,288,9019.260606060607
hpmcounter3,normal,seed1,289,9019.569696969696
hpmcounter3,normal,seed1,290,9019.745454545455
hpmcounter3,normal,seed1,291,9019.654545454545
hpmcounter3,normal,seed1,292,9019.624242424243
hpmcounter3,normal,seed1,293,9019.71515151515
hpmcounter3,normal,seed1,294,9020.066666666668
hpmcounter3,normal,seed1,295,9020.381818181819
hpmcounter3,normal,seed1,296,9020.321212121213
hpmcounter3,normal,seed1,297,9020.151515151516
hpmcounter3,normal,seed1,298,9019.539393939394
hpmcounter3,normal,seed10,9,9014.963636363636
hpmcounter3,normal,seed10,10,9014.242424242424
hpmcounter3,normal,seed10,11,9014.169696969697
hpmcounter3,normal,seed10,12,9014.478787878788
hpmcounter3,normal,seed10,13,9015.10909090909
hpmcounter3,normal,seed10,14,9016.224242424243
hpmcounter3,normal,seed10,15,9017.763636363636
hpmcounter3,normal,seed10,16,9019.218181818182
hpmcounter3,normal,seed10,17,9020.466666666667
hpmcounter3,normal,seed10,18,9021.169696969697
hpmcounter3,normal,seed10,19,9021.539393939394
hpmcounter3,normal,seed10,20,9021.6
hpmcounter3,normal,seed10,21,9021.612121212122
hpmcounter3,normal,seed10,22,9021.345454545455
hpmcounter3,normal,seed10,23,9021.175757575758
hpmcounter3,normal,seed10,24,9020.672727272728
hpmcounter3,normal,seed10,25,9020.533333333333
hpmcounter3,normal,seed10,26,9020.333333333334
hpmcounter3,normal,seed10,27,9020.175757575758
hpmcounter3,normal,seed10,28,9019.993939393938
hpmcounter3,normal,seed10,29,9019.896969696969
hpmcounter3,normal,seed10,30,9019.8
hpmcounter3,normal,seed10,31,9019.684848484849
hpmcounter3,normal,seed10,32,9019.387878787878
hpmcounter3,normal,seed10,33,9019.28484848485
hpmcounter3,normal,seed10,34,9019.2
hpmcounter3,normal,seed10,35,9019.254545454545
hpmcounter3,normal,seed10,36,9019.369696969698
hpmcounter3,normal,seed10,37,9019.345454545455
hpmcounter3,normal,seed10,38,9019.612121212122
hpmcounter3,normal,seed10,39,9020.036363636364
hpmcounter3,normal,seed10,40,9020.351515151515
hpmcounter3,normal,seed10,41,9020.751515151514
hpmcounter3,normal,seed10,42,9021.054545454546
hpmcounter3,normal,seed10,43,9021.290909090909
hpmcounter3,normal,seed10,44,9021.39393939394
hpmcounter3,normal,seed10,45,9021.363636363636
hpmcounter3,normal,seed10,46,9021.442424242425
hpmcounter3,normal,seed10,47,9021.254545454545
hpmcounter3,normal,seed10,48,9021.042424242425
hpmcounter3,normal,seed10,49,9020.830303030303
hpmcounter3,normal,seed10,50,9020.618181818181
hpmcounter3,normal,seed10,51,9020.375757575757
hpmcounter3,normal,seed10,52,9020.327272727272
hpmcounter3,normal,seed10,53,9020.29696969697
hpmcounter3,normal,seed10,54,9020.121212121212
hpmcounter3,normal,seed10,55,9019.933333333332
hpmcounter3,normal,seed10,56,9019.866666666667
hpmcounter3,normal,seed10,57,9019.70303030303
hpmcounter3,normal,seed10,58,9019.466666666667
hpmcounter3,normal,seed10,59,9019.236363636364
hpmcounter3,normal,seed10,60,9019.212121212122
hpmcounter3,normal,seed10,61,9019.248484848486
hpmcounter3,normal,seed10,62,9019.551515151516
hpmcounter3,normal,seed10,63,9019.769696969697
hpmcounter3,normal,seed10,64,9019.79393939394
hpmcounter3,normal,seed10,65,9019.757575757576
hpmcounter3,normal,seed10,66,9019.684848484849
hpmcounter3,normal,seed10,67,9019.575757575758
hpmcounter3,normal,seed10,68,9019.678787878787
hpmcounter3,normal,seed10,69,9019.921212121211
hpmcounter3,normal,seed10,70,9020.2
hpmcounter3,normal,seed10,71,9020.363636363636
hpmcounter3,normal,seed10,72,9020.593939393939
hpmcounter3,normal,seed10,73,9020.71515151515
hpmcounter3,normal,seed10,74,9020.81212121212
hpmcounter3,normal,seed10,75,9020.618181818181
hpmcounter3,normal,seed10,76,9020.351515151515
hpmcounter3,normal,seed10,77,9019.987878787879
hpmcounter3,normal,seed10,78,9019.969696969696
hpmcounter3,normal,seed10,79,9020.048484848485
hpmcounter3,normal,seed10,80,9020.327272727272
hpmcounter3,normal,seed10,81,9020.418181818182
hpmcounter3,normal,seed10,82,9020.406060606061
hpmcounter3,normal,seed10,83,9020.345454545455
hpmcounter3,normal,seed10,84,9020.369696969698
hpmcounter3,normal,seed10,85,9019.90909090909
hpmcounter3,normal,seed10,86,9019.660606060606
hpmcounter3,normal,seed10,87,9019.50303030303
hpmcounter3,normal,seed10,88,9019.721212121212
hpmcounter3,normal,seed10,89,9019.69696969697
hpmcounter3,normal,seed10,90,9019.79393939394
hpmcounter3,normal,seed10,91,9020.066666666668
hpmcounter3,normal,seed10,92,9020.327272727272
hpmcounter3,normal,seed10,93,9020.630303030302
hpmcounter3,normal,seed10,94,9021.072727272727
hpmcounter3,normal,seed10,95,9021.218181818182
hpmcounter3,normal,seed10,96,9021.20606060606
hpmcounter3,normal,seed10,97,9021.224242424243
hpmcounter3,normal,seed10,98,9021.351515151515
hpmcounter3,normal,seed10,99,9021.290909090909
hpmcounter3,normal,seed10,100,9021.315151515151
hpmcounter3,normal,seed10,101,9021.30303030303
hpmcounter3,normal,seed10,102,9021.036363636364
hpmcounter3,normal,seed10,103,9020.71515151515
hpmcounter3,normal,seed10,104,9020.484848484848
hpmcounter3,normal,seed10,105,9020.327272727272
hpmcounter3,normal,seed10,106,9020.024242424242
hpmcounter3,normal,seed10,107,9019.884848484848
hpmcounter3,normal,seed10,108,9019.678787878787
hpmcounter3,normal,seed10,109,9019.430303030304
hpmcounter3,normal,seed10,110,9019.363636363636
hpmcounter3,normal,seed10,111,9019.436363636363
hpmcounter3,normal,seed10,112,9019.448484848484
hpmcounter3,normal,seed10,113,9019.4
hpmcounter3,normal,seed10,114,9019.478787878788
hpmcounter3,normal,seed10,115,9019.60606060606
hpmcounter3,normal,seed10,116,9019.70303030303
hpmcounter3,normal,seed10,117,9019.781818181818
hpmcounter3,normal,seed10,118,9019.854545454546
hpmcounter3,normal,seed10,119,9019.842424242424
hpmcounter3,normal,seed10,120,9019.896969696969
hpmcounter3,normal,seed10,121,9020.060606060606
hpmcounter3,normal,seed10,122,9020.103030303031
hpmcounter3,normal,seed10,123,9020.024242424242
hpmcounter3,normal,seed10,124,9020.10909090909
hpmcounter3,normal,seed10,125,9020.236363636364
hpmcounter3,normal,seed10,126,9020.406060606061
hpmcounter3,normal,seed10,127,9020.472727272727
hpmcounter3,normal,seed10,128,9020.369696969698
hpmcounter3,normal,seed10,129,9020.339393939394
hpmcounter3,normal,seed10,130,9020.49090909091
hpmcounter3,normal,seed10,131,9020.593939393939
hpmcounter3,normal,seed10,132,9020.527272727273
hpmcounter3,normal,seed10,133,9020.454545454546
hpmcounter3,normal,seed10,134,9020.333333333334
hpmcounter3,normal,seed10,135,9020.29696969697
hpmcounter3,normal,seed10,136,9020.387878787878
hpmcounter3,normal,seed10,137,9020.484848484848
hpmcounter3,normal,seed10,138,9020.563636363637
hpmcounter3,normal,seed10,139,9020.993939393938
hpmcounter3,normal,seed10,140,9021.618181818181
hpmcounter3,normal,seed10,141,9021.993939393938
hpmcounter3,normal,seed10,142,9022.066666666668
hpmcounter3,normal,seed10,143,9022.254545454545
hpmcounter3,normal,seed10,144,9021.612121212122
hpmcounter3,normal,seed10,145,9020.872727272726
hpmcounter3,normal,seed10,146,9020.41212121212
hpmcounter3,normal,seed10,147,9019.854545454546
hpmcounter3,normal,seed10,148,9019.563636363637
hpmcounter3,normal,seed10,149,9019.575757575758
hpmcounter3,normal,seed10,150,9020.103030303031
hpmcounter3,normal,seed10,151,9020.70303030303
hpmcounter3,normal,seed10,152,9021.327272727272
hpmcounter3,normal,seed10,153,9021.975757575758
hpmcounter3,normal,seed10,154,9021.963636363636
hpmcounter3,normal,seed10,155,9240.757575757576
hpmcounter3,normal,seed10,156,9411.042424242425
hpmcounter3,normal,seed10,157,9532.357575757576
hpmcounter3,normal,seed10,158,9605.09090909091
hpmcounter3,normal,seed10,159,9628.90303030303
hpmcounter3,normal,seed10,160,9604.315151515151
hpmcounter3,normal,seed10,161,9531.121212121212
hpmcounter3,normal,seed10,162,9409.315151515151
hpmcounter3,normal,seed10,163,9238.636363636364
hpmcounter3,normal,seed10,164,9019.327272727272
hpmcounter3,normal,seed10,165,9019.18787878788
hpmcounter3,normal,seed10,166,9019.133333333333
hpmcounter3,normal,seed10,167,9019.163636363637
hpmcounter3,normal,seed10,168,9019.157575757576
hpmcounter3,normal,seed10,169,9019.4
hpmcounter3,normal,seed10,170,9019.733333333334
hpmcounter3,normal,seed10,171,9019.993939393938
hpmcounter3,normal,seed10,172,9238.624242424243
hpmcounter3,normal,seed10,173,9627.042424242425
hpmcounter3,normal,seed10,174,10136.81212121212
hpmcounter3,normal,seed10,175,10500.824242424242
hpmcounter3,normal,seed10,176,10719.078787878789
hpmcounter3,normal,seed10,177,10791.818181818182
hpmcounter3,normal,seed10,178,10718.678787878787
hpmcounter3,normal,seed10,179,10500.169696969697
hpmcounter3,normal,seed10,180,10136.248484848486
hpmcounter3,normal,seed10,181,9626.581818181818
hpmcounter3,normal,seed10,182,9238.345454545455
hpmcounter3,normal,seed10,183,9020.084848484848
hpmcounter3,normal,seed10,184,9020.278787878788
hpmcounter3,normal,seed10,185,9020.339393939394
hpmcounter3,normal,seed10,186,9020.484848484848
hpmcounter3,normal,seed10,187,9020.472727272727
hpmcounter3,normal,seed10,188,9020.533333333333
hpmcounter3,normal,seed10,189,9020.236363636364
hpmcounter3,normal,seed10,190,9020.103030303031
hpmcounter3,normal,seed10,191,9019.969696969696
hpmcounter3,normal,seed10,192,9019.781818181818
hpmcounter3,normal,seed10,193,9019.781818181818
hpmcounter3,normal,seed10,194,9019.89090909091
hpmcounter3,normal,seed10,195,9019.975757575758
hpmcounter3,normal,seed10,196,9020.278787878788
hpmcounter3,normal,seed10,197,9020.478787878788
hpmcounter3,normal,seed10,198,9020.818181818182
hpmcounter3,normal,seed10,199,9020.648484848485
hpmcounter3,normal,seed10,200,9020.454545454546
hpmcounter3,normal,seed10,201,9020.236363636364
hpmcounter3,normal,seed10,202,9238.818181818182
hpmcounter3,normal,seed10,203,9409.018181818183
hpmcounter3,normal,seed10,204,9530.878787878788
hpmcounter3,normal,seed10,205,9604.024242424242
hpmcounter3,normal,seed10,206,9628.69696969697
hpmcounter3,normal,seed10,207,9604.830303030303
hpmcounter3,normal,seed10,208,9532.127272727274
hpmcounter3,normal,seed10,209,9410.4
hpmcounter3,normal,seed10,210,9239.933333333332
hpmcounter3,normal,seed10,211,9020.727272727272
hpmcounter3,normal,seed10,212,9020.533333333333
hpmcounter3,normal,seed10,213,9020.39393939394
hpmcounter3,normal,seed10,214,9020.630303030302
hpmcounter3,normal,seed10,215,9020.757575757576
hpmcounter3,normal,seed10,216,9020.854545454546
hpmcounter3,normal,seed10,217,9021.012121212121
hpmcounter3,normal,seed10,218,9020.878787878788
hpmcounter3,normal,seed10,219,9020.521212121212
hpmcounter3,normal,seed10,220,9020.018181818183
hpmcounter3,normal,seed10,221,9019.28484848485
hpmcounter3,normal,seed10,222,9018.636363636364
hpmcounter3,normal,seed10,223,9018.230303030303
hpmcounter3,normal,seed10,224,9018.2
hpmcounter3,normal,seed10,225,9018.218181818182
hpmcounter3,normal,seed10,226,9018.515151515152
hpmcounter3,normal,seed10,227,9018.836363636363
hpmcounter3,normal,seed10,228,9019.4
hpmcounter3,normal,seed10,229,9019.751515151514
hpmcounter3,normal,seed10,230,9020.121212121212
hpmcounter3,normal,seed10,231,9020.230303030303
hpmcounter3,normal,seed10,232,9019.878787878788
hpmcounter3,normal,seed10,233,9019.466666666667
hpmcounter3,normal,seed10,234,9019.09696969697
hpmcounter3,normal,seed10,235,9018.648484848485
hpmcounter3,normal,seed10,236,9018.49696969697
hpmcounter3,normal,seed10,237,9018.290909090909
hpmcounter3,normal,seed10,238,9018.472727272727
hpmcounter3,normal,seed10,239,9018.624242424243
hpmcounter3,normal,seed10,240,9019.084848484848
hpmcounter3,normal,seed10,241,9019.6
hpmcounter3,normal,seed10,242,9020.012121212121
hpmcounter3,normal,seed10,243,9020.315151515151
hpmcounter3,normal,seed10,244,9020.581818181818
hpmcounter3,normal,seed10,245,9020.569696969696
hpmcounter3,normal,seed10,246,9020.478787878788
hpmcounter3,normal,seed10,247,9020.363636363636
hpmcounter3,normal,seed10,248,9020.212121212122
hpmcounter3,normal,seed10,249,9019.915151515152
hpmcounter3,normal,seed10,250,9019.521212121212
hpmcounter3,normal,seed10,251,9019.133333333333
hpmcounter3,normal,seed10,252,9019.048484848485
hpmcounter3,normal,seed10,253,9019.145454545454
hpmcounter3,normal,seed10,254,9019.381818181819
hpmcounter3,normal,seed10,255,9019.50303030303
hpmcounter3,normal,seed10,256,9019.660606060606
hpmcounter3,normal,seed10,257,9019.963636363636
hpmcounter3,normal,seed10,258,9020.181818181818
hpmcounter3,normal,seed10,259,9020.315151515151
hpmcounter3,normal,seed10,260,9020.09696969697
hpmcounter3,normal,seed10,261,9019.921212121211
hpmcounter3,normal,seed10,262,9019.90909090909
hpmcounter3,normal,seed10,263,9019.787878787878
hpmcounter3,normal,seed10,264,9019.472727272727
hpmcounter3,normal,seed10,265,9019.066666666668
hpmcounter3,normal,seed10,266,9018.836363636363
hpmcounter3,normal,seed10,267,9018.848484848484
hpmcounter3,normal,seed10,268,9019.012121212121
hpmcounter3,normal,seed10,269,9019.290909090909
hpmcounter3,normal,seed10,270,9019.430303030304
hpmcounter3,normal,seed10,271,9019.630303030302
hpmcounter3,normal,seed10,272,9019.915151515152
hpmcounter3,normal,seed10,273,9020.042424242425
hpmcounter3,normal,seed10,274,9019.878787878788
hpmcounter3,normal,seed10,275,9019.521212121212
hpmcounter3,normal,seed10,276,9019.2
hpmcounter3,normal,seed10,277,9019.09090909091
hpmcounter3,normal,seed10,278,9019.151515151516
hpmcounter3,normal,seed10,279,9019.242424242424
hpmcounter3,normal,seed10,280,9019.375757575757
hpmcounter3,normal,seed10,281,9019.472727272727
hpmcounter3,normal,seed10,282,9019.533333333333
hpmcounter3,normal,seed10,283,9019.612121212122
hpmcounter3,normal,seed10,284,9019.618181818181
hpmcounter3,normal,seed10,285,9019.757575757576
hpmcounter3,normal,seed10,286,9019.775757575757
hpmcounter3,normal,seed10,287,9019.830303030303
hpmcounter3,normal,seed10,288,9019.71515151515
hpmcounter3,normal,seed10,289,9019.442424242425
hpmcounter3,normal,seed10,290,9019.145454545454
hpmcounter3,normal,seed10,291,9018.739393939393
hpmcounter3,normal,seed10,292,9018.357575757576
hpmcounter3,normal,seed10,293,9018.175757575758
hpmcounter3,normal,seed10,294,9018.030303030304
hpmcounter3,normal,seed10,295,9018.145454545454
hpmcounter3,normal,seed10,296,9018.357575757576
hpmcounter3,normal,seed10,297,9018.642424242424
hpmcounter3,normal,seed10,298,9018.8
hpmcounter3,normal,seed11,9,9013.684848484849
hpmcounter3,normal,seed11,10,9013.012121212121
hpmcounter3,normal,seed11,11,9012.575757575758
hpmcounter3,normal,seed11,12,9012.848484848484
hpmcounter3,normal,seed11,13,9013.430303030304
hpmcounter3,normal,seed11,14,9014.339393939394
hpmcounter3,normal,seed11,15,9015.636363636364
hpmcounter3,normal,seed11,16,9016.89090909091
hpmcounter3,normal,seed11,17,9018.181818181818
hpmcounter3,normal,seed11,18,9019.169696969697
hpmcounter3,normal,seed11,19,9019.987878787879
hpmcounter3,normal,seed11,20,9020.218181818182
hpmcounter3,normal,seed11,21,9020.50303030303
hpmcounter3,normal,seed11,22,9020.50909090909
hpmcounter3,normal,seed11,23,9020.436363636363
hpmcounter3,normal,seed11,24,9020.260606060607
hpmcounter3,normal,seed11,25,9020.266666666666
hpmcounter3,normal,seed11,26,9020.181818181818
hpmcounter3,normal,seed11,27,9020.139393939395
hpmcounter3,normal,seed11,28,9020.290909090909
hpmcounter3,normal,seed11,29,9020.654545454545
hpmcounter3,normal,seed11,30,9020.745454545455
hpmcounter3,normal,seed11,31,9021.060606060606
hpmcounter3,normal,seed11,32,9021.224242424243
hpmcounter3,normal,seed11,33,9021.2
hpmcounter3,normal,seed11,34,9021.121212121212
hpmcounter3,normal,seed11,35,9021.121212121212
hpmcounter3,normal,seed11,36,9021.151515151516
hpmcounter3,normal,seed11,37,9020.89090909091
hpmcounter3,normal,seed11,38,9020.969696969696
hpmcounter3,normal,seed11,39,9021.115151515152
hpmcounter3,normal,seed11,40,9021.030303030304
hpmcounter3,normal,seed11,41,9020.957575757575
hpmcounter3,normal,seed11,42,9020.854545454546
hpmcounter3,normal,seed11,43,9020.787878787878
hpmcounter3,normal,seed11,44,9020.50303030303
hpmcounter3,normal,seed11,45,9020.309090909092
hpmcounter3,normal,seed11,46,9020.254545454545
hpmcounter3,normal,seed11,47,9019.945454545454
hpmcounter3,normal,seed11,48,9019.769696969697
hpmcounter3,normal,seed11,49,9019.630303030302
hpmcounter3,normal,seed11,50,9019.90909090909
hpmcounter3,normal,seed11,51,9019.975757575758
hpmcounter3,normal,seed11,52,9020.030303030304
hpmcounter3,normal,seed11,53,9020.030303030304
hpmcounter3,normal,seed11,54,9020.10909090909
hpmcounter3,normal,seed11,55,9238.927272727273
hpmcounter3,normal,seed11,56,9627.539393939394
hpmcounter3,normal,seed11,57,10137.212121212122
hpmcounter3,normal,seed11,58,10719.357575757576
hpmcounter3,normal,seed11,59,11325.642424242424
hpmcounter3,normal,seed11,60,11908.230303030303
hpmcounter3,normal,seed11,61,12417.69696969697
hpmcounter3,normal,seed11,62,12805.478787878788
hpmcounter3,normal,seed11,63,13023.145454545454
hpmcounter3,normal,seed11,64,13022.375757575757
hpmcounter3,normal,seed11,65,12803.60606060606
hpmcounter3,normal,seed11,66,12415.351515151515
hpmcounter3,normal,seed11,67,11905.945454545454
hpmcounter3,normal,seed11,68,11323.818181818182
hpmcounter3,normal,seed11,69,10717.575757575758
hpmcounter3,normal,seed11,70,10135.981818181817
hpmcounter3,normal,seed11,71,9627.139393939395
hpmcounter3,normal,seed11,72,9239.181818181818
hpmcounter3,normal,seed11,73,9020.90303030303
hpmcounter3,normal,seed11,74,9020.8
hpmcounter3,normal,seed11,75,9020.612121212122
hpmcounter3,normal,seed11,76,9020.666666666666
hpmcounter3,normal,seed11,77,9020.545454545454
hpmcounter3,normal,seed11,78,9020.460606060606
hpmcounter3,normal,seed11,79,9020.545454545454
hpmcounter3,normal,seed11,80,9020.90909090909
hpmcounter3,normal,seed11,81,9020.90303030303
hpmcounter3,normal,seed11,82,9020.727272727272
hpmcounter3,normal,seed11,83,9020.49090909091
hpmcounter3,normal,seed11,84,9020.41212121212
hpmcounter3,normal,seed11,85,9020.521212121212
hpmcounter3,normal,seed11,86,9020.884848484848
hpmcounter3,normal,seed11,87,9021.236363636364
hpmcounter3,normal,seed11,88,9021.309090909092
hpmcounter3,normal,seed11,89,9021.369696969698
hpmcounter3,normal,seed11,90,9021.630303030302
hpmcounter3,normal,seed11,91,9021.254545454545
hpmcounter3,normal,seed11,92,9020.836363636363
hpmcounter3,normal,seed11,93,9020.309090909092
hpmcounter3,normal,seed11,94,9019.884848484848
hpmcounter3,normal,seed11,95,9019.50303030303
hpmcounter3,normal,seed11,96,9018.884848484848
hpmcounter3,normal,seed11,97,9018.654545454545
hpmcounter3,normal,seed11,98,9018.515151515152
hpmcounter3,normal,seed11,99,9018.4
hpmcounter3,normal,seed11,100,9018.4
hpmcounter3,normal,seed11,101,9018.381818181819
hpmcounter3,normal,seed11,102,9018.563636363637
hpmcounter3,normal,seed11,103,9237.836363636363
hpmcounter3,normal,seed11,104,9626.987878787879
hpmcounter3,normal,seed11,105,9918.830303030303
hpmcounter3,normal,seed11,106,10113.139393939395
hpmcounter3,normal,seed11,107,10210.351515151515
hpmcounter3,normal,seed11,108,10210.575757575758
hpmcounter3,normal,seed11,109,10113.381818181819
hpmcounter3,normal,seed11,110,9918.769696969697
hpmcounter3,normal,seed11,111,9627.048484848485
hpmcounter3,normal,seed11,112,9238.163636363637
hpmcounter3,normal,seed11,113,9019.987878787879
hpmcounter3,normal,seed11,114,9020.515151515152
hpmcounter3,normal,seed11,115,9020.824242424242
hpmcounter3,normal,seed11,116,9021.18787878788
hpmcounter3,normal,seed11,117,9021.254545454545
hpmcounter3,normal,seed11,118,9021.424242424242
hpmcounter3,normal,seed11,119,9021.278787878788
hpmcounter3,normal,seed11,120,9020.981818181817
hpmcounter3,normal,seed11,121,9020.575757575758
hpmcounter3,normal,seed11,122,9020.115151515152
hpmcounter3,normal,seed11,123,9020.030303030304
hpmcounter3,normal,seed11,124,9020.290909090909
hpmcounter3,normal,seed11,125,9020.272727272728
hpmcounter3,normal,seed11,126,9020.387878787878
hpmcounter3,normal,seed11,127,9020.272727272728
hpmcounter3,normal,seed11,128,9020.103030303031
hpmcounter3,normal,seed11,129,9019.878787878788
hpmcounter3,normal,seed11,130,9019.654545454545
hpmcounter3,normal,seed11,131,9019.60606060606
hpmcounter3,normal,seed11,132,9019.381818181819
hpmcounter3,normal,seed11,133,9019.28484848485
hpmcounter3,normal,seed11,134,9019.2
hpmcounter3,normal,seed11,135,9018.90909090909
hpmcounter3,normal,seed11,136,9018.478787878788
hpmcounter3,normal,seed11,137,9018.012121212121
hpmcounter3,normal,seed11,138,9017.642424242424
hpmcounter3,normal,seed11,139,9017.436363636363
hpmcounter3,normal,seed11,140,9017.515151515152
hpmcounter3,normal,seed11,141,9017.781818181818
hpmcounter3,normal,seed11,142,9018.236363636364
hpmcounter3,normal,seed11,143,9018.654545454545
hpmcounter3,normal,seed11,144,9019.012121212121
hpmcounter3,normal,seed11,145,9019.339393939394
hpmcounter3,normal,seed11,146,9019.49090909091
hpmcounter3,normal,seed11,147,9019.539393939394
hpmcounter3,normal,seed11,148,9019.690909090908
hpmcounter3,normal,seed11,149,9019.8
hpmcounter3,normal,seed11,150,9019.987878787879
hpmcounter3,normal,seed11,151,9019.836363636363
hpmcounter3,normal,seed11,152,9019.896969696969
hpmcounter3,normal,seed11,153,9019.818181818182
hpmcounter3,normal,seed11,154,9019.775757575757
hpmcounter3,normal,seed11,155,9019.539393939394
hpmcounter3,normal,seed11,156,9019.406060606061
hpmcounter3,normal,seed11,157,9019.309090909092
hpmcounter3,normal,seed11,158,9019.163636363637
hpmcounter3,normal,seed11,159,9019.072727272727
hpmcounter3,normal,seed11,160,9018.884848484848
hpmcounter3,normal,seed11,161,9018.884848484848
hpmcounter3,normal,seed11,162,9018.872727272726
hpmcounter3,normal,seed11,163,9018.80606060606
hpmcounter3,normal,seed11,164,9018.981818181817
hpmcounter3,normal,seed11,165,9019.066666666668
hpmcounter3,normal,seed11,166,9019.139393939395
hpmcounter3,normal,seed11,167,9019.236363636364
hpmcounter3,normal,seed11,168,9019.278787878788
hpmcounter3,normal,seed11,169,9019.29696969697
hpmcounter3,normal,seed11,170,9019.2
hpmcounter3,normal,seed11,171,9019.460606060606
hpmcounter3,normal,seed11,172,9019.757575757576
hpmcounter3,normal,seed11,173,9019.824242424242
hpmcounter3,normal,seed11,174,9019.818181818182
hpmcounter3,normal,seed11,175,9019.842424242424
hpmcounter3,normal,seed11,176,9019.80606060606
hpmcounter3,normal,seed11,177,9019.672727272728
hpmcounter3,normal,seed11,178,9019.618181818181
hpmcounter3,normal,seed11,179,9019.630303030302
hpmcounter3,normal,seed11,180,9019.80606060606
hpmcounter3,normal,seed11,181,9020.18787878788
hpmcounter3,normal,seed11,182,9020.448484848484
hpmcounter3,normal,seed11,183,9020.612121212122
hpmcounter3,normal,seed11,184,9020.575757575758
hpmcounter3,normal,seed11,185,9020.533333333333
hpmcounter3,normal,seed11,186,9020.648484848485
hpmcounter3,normal,seed11,187,9020.612121212122
hpmcounter3,normal,seed11,188,9020.654545454545
hpmcounter3,normal,seed11,189,9020.709090909091
hpmcounter3,normal,seed11,190,9020.90909090909
hpmcounter3,normal,seed11,191,9021.048484848485
hpmcounter3,normal,seed11,192,9020.939393939394
hpmcounter3,normal,seed11,193,9020.733333333334
hpmcounter3,normal,seed11,194,9020.387878787878
hpmcounter3,normal,seed11,195,9020.115151515152
hpmcounter3,normal,seed11,196,9020.103030303031
hpmcounter3,normal,seed11,197,9019.933333333332
hpmcounter3,normal,seed11,198,9019.872727272726
hpmcounter3,normal,seed11,199,9019.933333333332
hpmcounter3,normal,seed11,200,9020.060606060606
hpmcounter3,normal,seed11,201,9020.230303030303
hpmcounter3,normal,seed11,202,9020.2
hpmcounter3,normal,seed11,203,9020.181818181818
hpmcounter3,normal,seed11,204,9020.042424242425
hpmcounter3,normal,seed11,205,9020.054545454546
hpmcounter3,normal,seed11,206,9020.327272727272
hpmcounter3,normal,seed11,207,9020.375757575757
hpmcounter3,normal,seed11,208,9020.375757575757
hpmcounter3,normal,seed11,209,9020.28484848485
hpmcounter3,normal,seed11,210,9019.963636363636
hpmcounter3,normal,seed11,211,9019.933333333332
hpmcounter3,normal,seed11,212,9019.80606060606
hpmcounter3,normal,seed11,213,9019.557575757575
hpmcounter3,normal,seed11,214,9019.430303030304
hpmcounter3,normal,seed11,215,9019.381818181819
hpmcounter3,normal,seed11,216,9019.406060606061
hpmcounter3,normal,seed11,217,9019.569696969696
hpmcounter3,normal,seed11,218,9019.79393939394
hpmcounter3,normal,seed11,219,9019.836363636363
hpmcounter3,normal,seed11,220,9019.618181818181
hpmcounter3,normal,seed11,221,9019.49090909091
hpmcounter3,normal,seed11,222,9019.642424242424
hpmcounter3,normal,seed11,223,9019.751515151514
hpmcounter3,normal,seed11,224,9019.993939393938
hpmcounter3,normal,seed11,225,9020.072727272727
hpmcounter3,normal,seed11,226,9020.084848484848
hpmcounter3,normal,seed11,227,9020.20606060606
hpmcounter3,normal,seed11,228,9020.381818181819
hpmcounter3,normal,seed11,229,9020.466666666667
hpmcounter3,normal,seed11,230,9020.49090909091
hpmcounter3,normal,seed11,231,9020.333333333334
hpmcounter3,normal,seed11,232,9020.260606060607
hpmcounter3,normal,seed11,233,9020.175757575758
hpmcounter3,normal,seed11,234,9020.036363636364
hpmcounter3,normal,seed11,235,9019.787878787878
hpmcounter3,normal,seed11,236,9019.345454545455
hpmcounter3,normal,seed11,237,9019.09696969697
hpmcounter3,normal,seed11,238,9018.975757575758
hpmcounter3,normal,seed11,239,9018.993939393938
hpmcounter3,normal,seed11,240,9019.054545454546
hpmcounter3,normal,seed11,241,9019.103030303031
hpmcounter3,normal,seed11,242,9019.357575757576
hpmcounter3,normal,seed11,243,9019.563636363637
hpmcounter3,normal,seed11,244,9019.830303030303
hpmcounter3,normal,seed11,245,9019.969696969696
hpmcounter3,normal,seed11,246,9019.836363636363
hpmcounter3,normal,seed11,247,9019.836363636363
hpmcounter3,normal,seed11,248,9019.751515151514
hpmcounter3,normal,seed11,249,9019.71515151515
hpmcounter3,normal,seed11,250,9019.375757575757
hpmcounter3,normal,seed11,251,9018.672727272728
hpmcounter3,normal,seed11,252,9018.272727272728
hpmcounter3,normal,seed11,253,9018.0
hpmcounter3,normal,seed11,254,9017.975757575758
hpmcounter3,normal,seed11,255,9017.957575757575
hpmcounter3,normal,seed11,256,9018.066666666668
hpmcounter3,normal,seed11,257,9018.260606060607
hpmcounter3,normal,seed11,258,9018.430303030304
hpmcounter3,normal,seed11,259,9018.763636363636
hpmcounter3,normal,seed11,260,9019.224242424243
hpmcounter3,normal,seed11,261,9019.29696969697
hpmcounter3,normal,seed11,262,9019.418181818182
hpmcounter3,normal,seed11,263,9019.751515151514
hpmcounter3,normal,seed11,264,9019.878787878788
hpmcounter3,normal,seed11,265,9019.89090909091
hpmcounter3,normal,seed11,266,9020.072727272727
hpmcounter3,normal,seed11,267,9020.254545454545
hpmcounter3,normal,seed11,268,9020.278787878788
hpmcounter3,normal,seed11,269,9020.078787878789
hpmcounter3,normal,seed11,270,9019.933333333332
hpmcounter3,normal,seed11,271,9238.866666666667
hpmcounter3,normal,seed11,272,9409.09090909091
hpmcounter3,normal,seed11,273,9530.763636363636
hpmcounter3,normal,seed11,274,9603.58787878788
hpmcounter3,normal,seed11,275,9627.757575757576
hpmcounter3,normal,seed11,276,9603.557575757575
hpmcounter3,normal,seed11,277,9530.824242424242
hpmcounter3,normal,seed11,278,9409.39393939394
hpmcounter3,normal,seed11,279,9239.145454545454
hpmcounter3,normal,seed11,280,9020.121212121212
hpmcounter3,normal,seed11,281,9020.272727272728
hpmcounter3,normal,seed11,282,9020.345454545455
hpmcounter3,normal,seed11,283,9020.260606060607
hpmcounter3,normal,seed11,284,9019.90909090909
hpmcounter3,normal,seed11,285,9019.690909090908
hpmcounter3,normal,seed11,286,9019.630303030302
hpmcounter3,normal,seed11,287,9019.618181818181
hpmcounter3,normal,seed11,288,9019.58787878788
hpmcounter3,normal,seed11,289,9019.527272727273
hpmcounter3,normal,seed11,290,9019.49090909091
hpmcounter3,normal,seed11,291,9019.557575757575
hpmcounter3,normal,seed11,292,9019.848484848484
hpmcounter3,normal,seed11,293,9020.10909090909
hpmcounter3,normal,seed11,294,9020.248484848486
hpmcounter3,normal,seed11,295,9020.29696969697
hpmcounter3,normal,seed11,296,9020.157575757576
hpmcounter3,normal,seed11,297,9019.921212121211
hpmcounter3,normal,seed11,298,9019.612121212122
hpmcounter3,normal,seed12,9,9013.684848484849
hpmcounter3,normal,seed12,10,9013.58787878788
hpmcounter3,normal,seed12,11,9013.987878787879
hpmcounter3,normal,seed12,12,9014.666666666666
hpmcounter3,normal,seed12,13,9015.557575757575
hpmcounter3,normal,seed12,14,9016.763636363636
hpmcounter3,normal,seed12,15,9018.430303030304
hpmcounter3,normal,seed12,16,9019.848484848484
hpmcounter3,normal,seed12,17,9021.163636363637
hpmcounter3,normal,seed12,18,9022.006060606062
hpmcounter3,normal,seed12,19,9022.387878787878
hpmcounter3,normal,seed12,20,9022.321212121213
hpmcounter3,normal,seed12,21,9022.230303030303
hpmcounter3,normal,seed12,22,9021.884848484848
hpmcounter3,normal,seed12,23,9021.50909090909
hpmcounter3,normal,seed12,24,9020.939393939394
hpmcounter3,normal,seed12,25,9020.763636363636
hpmcounter3,normal,seed12,26,9020.678787878787
hpmcounter3,normal,seed12,27,9020.41212121212
hpmcounter3,normal,seed12,28,9020.424242424242
hpmcounter3,normal,seed12,29,9020.557575757575
hpmcounter3,normal,seed12,30,9020.70303030303
hpmcounter3,normal,seed12,31,9020.951515151515
hpmcounter3,normal,seed12,32,9020.787878787878
hpmcounter3,normal,seed12,33,9239.58787878788
hpmcounter3,normal,seed12,34,9409.79393939394
hpmcounter3,normal,seed12,35,9749.739393939393
hpmcounter3,normal,seed12,36,10210.781818181818
hpmcounter3,normal,seed12,37,10525.975757575758
hpmcounter3,normal,seed12,38,10695.981818181817
hpmcounter3,normal,seed12,39,10720.339393939394
hpmcounter3,normal,seed12,40,10817.28484848485
hpmcounter3,normal,seed12,41,10938.351515151515
hpmcounter3,normal,seed12,42,11030.975757575758
hpmcounter3,normal,seed12,43,11100.709090909091
hpmcounter3,normal,seed12,44,10928.79393939394
hpmcounter3,normal,seed12,45,11000.048484848485
hpmcounter3,normal,seed12,46,11314.521212121212
hpmcounter3,normal,seed12,47,11605.448484848484
hpmcounter3,normal,seed12,48,11606.103030303031
hpmcounter3,normal,seed12,49,11316.6
hpmcounter3,normal,seed12,50,11003.80606060606
hpmcounter3,normal,seed12,51,10934.49090909091
hpmcounter3,normal,seed12,52,11104.103030303031
hpmcounter3,normal,seed12,53,11249.575757575758
hpmcounter3,normal,seed12,54,11104.254545454545
hpmcounter3,normal,seed12,55,10934.80606060606
hpmcounter3,normal,seed12,56,10789.636363636364
hpmcounter3,normal,seed12,57,10717.50303030303
hpmcounter3,normal,seed12,58,10499.557575757575
hpmcounter3,normal,seed12,59,10135.963636363636
hpmcounter3,normal,seed12,60,9627.018181818183
hpmcounter3,normal,seed12,61,9239.18787878788
hpmcounter3,normal,seed12,62,9021.066666666668
hpmcounter3,normal,seed12,63,9021.181818181818
hpmcounter3,normal,seed12,64,9020.824242424242
hpmcounter3,normal,seed12,65,9020.460606060606
hpmcounter3,normal,seed12,66,9020.048484848485
hpmcounter3,normal,seed12,67,9020.084848484848
hpmcounter3,normal,seed12,68,9020.09696969697
hpmcounter3,normal,seed12,69,9020.060606060606
hpmcounter3,normal,seed12,70,9020.260606060607
hpmcounter3,normal,seed12,71,9020.50909090909
hpmcounter3,normal,seed12,72,9020.69696969697
hpmcounter3,normal,seed12,73,9021.2
hpmcounter3,normal,seed12,74,9021.309090909092
hpmcounter3,normal,seed12,75,9021.339393939394
hpmcounter3,normal,seed12,76,9021.375757575757
hpmcounter3,normal,seed12,77,9021.418181818182
hpmcounter3,normal,seed12,78,9021.30303030303
hpmcounter3,normal,seed12,79,9021.163636363637
hpmcounter3,normal,seed12,80,9021.133333333333
hpmcounter3,normal,seed12,81,9021.266666666666
hpmcounter3,normal,seed12,82,9021.121212121212
hpmcounter3,normal,seed12,83,9021.072727272727
hpmcounter3,normal,seed12,84,9021.121212121212
hpmcounter3,normal,seed12,85,9021.242424242424
hpmcounter3,normal,seed12,86,9021.557575757575
hpmcounter3,normal,seed12,87,9021.757575757576
hpmcounter3,normal,seed12,88,9021.775757575757
hpmcounter3,normal,seed12,89,9021.721212121212
hpmcounter3,normal,seed12,90,9021.81212121212
hpmcounter3,normal,seed12,91,9021.818181818182
hpmcounter3,normal,seed12,92,9021.751515151514
hpmcounter3,normal,seed12,93,9021.478787878788
hpmcounter3,normal,seed12,94,9021.157575757576
hpmcounter3,normal,seed12,95,9020.672727272728
hpmcounter3,normal,seed12,96,9020.424242424242
hpmcounter3,normal,seed12,97,9020.018181818183
hpmcounter3,normal,seed12,98,9019.654545454545
hpmcounter3,normal,seed12,99,9019.181818181818
hpmcounter3,normal,seed12,100,9019.133333333333
hpmcounter3,normal,seed12,101,9019.09090909091
hpmcounter3,normal,seed12,102,9019.29696969697
hpmcounter3,normal,seed12,103,9019.575757575758
hpmcounter3,normal,seed12,104,9019.90303030303
hpmcounter3,normal,seed12,105,9020.163636363637
hpmcounter3,normal,seed12,106,9021.012121212121
hpmcounter3,normal,seed12,107,9021.430303030304
hpmcounter3,normal,seed12,108,9021.781818181818
hpmcounter3,normal,seed12,109,9021.636363636364
hpmcounter3,normal,seed12,110,9021.369696969698
hpmcounter3,normal,seed12,111,9021.060606060606
hpmcounter3,normal,seed12,112,9020.6
hpmcounter3,normal,seed12,113,9020.230303030303
hpmcounter3,normal,seed12,114,9019.830303030303
hpmcounter3,normal,seed12,115,9019.49090909091
hpmcounter3,normal,seed12,116,9019.757575757576
hpmcounter3,normal,seed12,117,9019.830303030303
hpmcounter3,normal,seed12,118,9019.951515151515
hpmcounter3,normal,seed12,119,9020.042424242425
hpmcounter3,normal,seed12,120,9020.121212121212
hpmcounter3,normal,seed12,121,9020.28484848485
hpmcounter3,normal,seed12,122,9020.278787878788
hpmcounter3,normal,seed12,123,9020.30303030303
hpmcounter3,normal,seed12,124,9020.369696969698
hpmcounter3,normal,seed12,125,9020.4
hpmcounter3,normal,seed12,126,9020.460606060606
hpmcounter3,normal,seed12,127,9020.418181818182
hpmcounter3,normal,seed12,128,9020.369696969698
hpmcounter3,normal,seed12,129,9020.424242424242
hpmcounter3,normal,seed12,130,9020.527272727273
hpmcounter3,normal,seed12,131,9020.636363636364
hpmcounter3,normal,seed12,132,9020.751515151514
hpmcounter3,normal,seed12,133,9020.781818181818
hpmcounter3,normal,seed12,134,9020.89090909091
hpmcounter3,normal,seed12,135,9020.79393939394
hpmcounter3,normal,seed12,136,9020.624242424243
hpmcounter3,normal,seed12,137,9020.557575757575
hpmcounter3,normal,seed12,138,9020.472727272727
hpmcounter3,normal,seed12,139,9020.39393939394
hpmcounter3,normal,seed12,140,9020.387878787878
hpmcounter3,normal,seed12,141,9020.321212121213
hpmcounter3,normal,seed12,142,9020.151515151516
hpmcounter3,normal,seed12,143,9020.254545454545
hpmcounter3,normal,seed12,144,9020.278787878788
hpmcounter3,normal,seed12,145,9020.169696969697
hpmcounter3,normal,seed12,146,9019.981818181817
hpmcounter3,normal,seed12,147,9019.969696969696
hpmcounter3,normal,seed12,148,9019.957575757575
hpmcounter3,normal,seed12,149,9019.878787878788
hpmcounter3,normal,seed12,150,9019.921212121211
hpmcounter3,normal,seed12,151,9019.921212121211
hpmcounter3,normal,seed12,152,9019.593939393939
hpmcounter3,normal,seed12,153,9019.515151515152
hpmcounter3,normal,seed12,154,9019.278787878788
hpmcounter3,normal,seed12,155,9019.236363636364
hpmcounter3,normal,seed12,156,9019.406060606061
hpmcounter3,normal,seed12,157,9019.533333333333
hpmcounter3,normal,seed12,158,9019.533333333333
hpmcounter3,normal,seed12,159,9019.49696969697
hpmcounter3,normal,seed12,160,9019.448484848484
hpmcounter3,normal,seed12,161,9019.563636363637
hpmcounter3,normal,seed12,162,9019.71515151515
hpmcounter3,normal,seed12,163,9019.90909090909
hpmcounter3,normal,seed12,164,9020.327272727272
hpmcounter3,normal,seed12,165,9020.690909090908
hpmcounter3,normal,seed12,166,9021.278787878788
hpmcounter3,normal,seed12,167,9021.727272727272
hpmcounter3,normal,seed12,168,9021.824242424242
hpmcounter3,normal,seed12,169,9021.448484848484
hpmcounter3,normal,seed12,170,9020.951515151515
hpmcounter3,normal,seed12,171,9020.333333333334
hpmcounter3,normal,seed12,172,9019.993939393938
hpmcounter3,normal,seed12,173,9019.757575757576
hpmcounter3,normal,seed12,174,9019.79393939394
hpmcounter3,normal,seed12,175,9019.678787878787
hpmcounter3,normal,seed12,176,9019.557575757575
hpmcounter3,normal,seed12,177,9019.684848484849
hpmcounter3,normal,seed12,178,9019.915151515152
hpmcounter3,normal,seed12,179,9019.79393939394
hpmcounter3,normal,seed12,180,9019.915151515152
hpmcounter3,normal,seed12,181,9019.957575757575
hpmcounter3,normal,seed12,182,9020.09696969697
hpmcounter3,normal,seed12,183,9020.575757575758
hpmcounter3,normal,seed12,184,9020.993939393938
hpmcounter3,normal,seed12,185,9021.30303030303
hpmcounter3,normal,seed12,186,9021.563636363637
hpmcounter3,normal,seed12,187,9021.860606060605
hpmcounter3,normal,seed12,188,9022.30303030303
hpmcounter3,normal,seed12,189,9022.49090909091
hpmcounter3,normal,seed12,190,9022.533333333333
hpmcounter3,normal,seed12,191,9022.387878787878
hpmcounter3,normal,seed12,192,9022.054545454546
hpmcounter3,normal,seed12,193,9021.733333333334
hpmcounter3,normal,seed12,194,9021.339393939394
hpmcounter3,normal,seed12,195,9020.896969696969
hpmcounter3,normal,seed12,196,9020.618181818181
hpmcounter3,normal,seed12,197,9020.351515151515
hpmcounter3,normal,seed12,198,9020.254545454545
hpmcounter3,normal,seed12,199,9020.351515151515
hpmcounter3,normal,seed12,200,9020.4
hpmcounter3,normal,seed12,201,9020.50909090909
hpmcounter3,normal,seed12,202,9020.721212121212
hpmcounter3,normal,seed12,203,9020.739393939393
hpmcounter3,normal,seed12,204,9020.80606060606
hpmcounter3,normal,seed12,205,9020.787878787878
hpmcounter3,normal,seed12,206,9020.751515151514
hpmcounter3,normal,seed12,207,9020.69696969697
hpmcounter3,normal,seed12,208,9020.557575757575
hpmcounter3,normal,seed12,209,9020.575757575758
hpmcounter3,normal,seed12,210,9020.618181818181
hpmcounter3,normal,seed12,211,9020.684848484849
hpmcounter3,normal,seed12,212,9021.018181818183
hpmcounter3,normal,seed12,213,9021.0
hpmcounter3,normal,seed12,214,9020.896969696969
hpmcounter3,normal,seed12,215,9020.624242424243
hpmcounter3,normal,seed12,216,9020.315151515151
hpmcounter3,normal,seed12,217,9019.818181818182
hpmcounter3,normal,seed12,218,9019.236363636364
hpmcounter3,normal,seed12,219,9018.727272727272
hpmcounter3,normal,seed12,220,9018.339393939394
hpmcounter3,normal,seed12,221,9018.09696969697
hpmcounter3,normal,seed12,222,9018.157575757576
hpmcounter3,normal,seed12,223,9018.30303030303
hpmcounter3,normal,seed12,224,9237.618181818181
hpmcounter3,normal,seed12,225,9626.569696969696
hpmcounter3,normal,seed12,226,10136.757575757576
hpmcounter3,normal,seed12,227,10719.29696969697
hpmcounter3,normal,seed12,228,11325.951515151515
hpmcounter3,normal,seed12,229,11907.90303030303
hpmcounter3,normal,seed12,230,12416.993939393938
hpmcounter3,normal,seed12,231,12804.581818181818
hpmcounter3,normal,seed12,232,13018.339393939394
hpmcounter3,normal,seed12,233,12796.242424242424
hpmcounter3,normal,seed12,234,12406.036363636364
hpmcounter3,normal,seed12,235,11895.424242424242
hpmcounter3,normal,seed12,236,11312.927272727273
hpmcounter3,normal,seed12,237,10707.042424242425
hpmcounter3,normal,seed12,238,10126.442424242425
hpmcounter3,normal,seed12,239,9619.30303030303
hpmcounter3,normal,seed12,240,9234.309090909092
hpmcounter3,normal,seed12,241,9019.860606060605
hpmcounter3,normal,seed12,242,9019.90909090909
hpmcounter3,normal,seed12,243,9020.254545454545
hpmcounter3,normal,seed12,244,9020.71515151515
hpmcounter3,normal,seed12,245,9021.012121212121
hpmcounter3,normal,seed12,246,9021.133333333333
hpmcounter3,normal,seed12,247,9021.2
hpmcounter3,normal,seed12,248,9021.006060606062
hpmcounter3,normal,seed12,249,9020.666666666666
hpmcounter3,normal,seed12,250,9020.30303030303
hpmcounter3,normal,seed12,251,9020.0
hpmcounter3,normal,seed12,252,9019.678787878787
hpmcounter3,normal,seed12,253,9019.49696969697
hpmcounter3,normal,seed12,254,9019.472727272727
hpmcounter3,normal,seed12,255,9019.521212121212
hpmcounter3,normal,seed12,256,9019.69696969697
hpmcounter3,normal,seed12,257,9019.824242424242
hpmcounter3,normal,seed12,258,9019.660606060606
hpmcounter3,normal,seed12,259,9019.248484848486
hpmcounter3,normal,seed12,260,9019.072727272727
hpmcounter3,normal,seed12,261,9019.09090909091
hpmcounter3,normal,seed12,262,9019.260606060607
hpmcounter3,normal,seed12,263,9019.28484848485
hpmcounter3,normal,seed12,264,9019.163636363637
hpmcounter3,normal,seed12,265,9019.139393939395
hpmcounter3,normal,seed12,266,9019.278787878788
hpmcounter3,normal,seed12,267,9019.28484848485
hpmcounter3,normal,seed12,268,9019.375757575757
hpmcounter3,normal,seed12,269,9019.28484848485
hpmcounter3,normal,seed12,270,9019.212121212122
hpmcounter3,normal,seed12,271,9019.290909090909
hpmcounter3,normal,seed12,272,9019.345454545455
hpmcounter3,normal,seed12,273,9019.266666666666
hpmcounter3,normal,seed12,274,9019.272727272728
hpmcounter3,normal,seed12,275,9238.066666666668
hpmcounter3,normal,seed12,276,9626.660606060606
hpmcounter3,normal,seed12,277,10136.127272727274
hpmcounter3,normal,seed12,278,10718.466666666667
hpmcounter3,normal,seed12,279,11324.872727272726
hpmcounter3,normal,seed12,280,11688.58787878788
hpmcounter3,normal,seed12,281,11810.006060606062
hpmcounter3,normal,seed12,282,11688.672727272728
hpmcounter3,normal,seed12,283,11324.50909090909
hpmcounter3,normal,seed12,284,10717.933333333332
hpmcounter3,normal,seed12,285,10135.927272727273
hpmcounter3,normal,seed12,286,9626.763636363636
hpmcounter3,normal,seed12,287,9238.684848484849
hpmcounter3,normal,seed12,288,9020.406060606061
hpmcounter3,normal,seed12,289,9020.41212121212
hpmcounter3,normal,seed12,290,9020.387878787878
hpmcounter3,normal,seed12,291,9020.424242424242
hpmcounter3,normal,seed12,292,9020.654545454545
hpmcounter3,normal,seed12,293,9020.8
hpmcounter3,normal,seed12,294,9020.818181818182
hpmcounter3,normal,seed12,295,9020.666666666666
hpmcounter3,normal,seed12,296,9020.454545454546
hpmcounter3,normal,seed12,297,9020.139393939395
hpmcounter3,normal,seed12,298,9019.921212121211
hpmcounter3,normal,seed13,9,9012.957575757575
hpmcounter3,normal,seed13,10,9012.79393939394
hpmcounter3,normal,seed13,11,9012.721212121212
hpmcounter3,normal,seed13,12,9013.121212121212
hpmcounter3,normal,seed13,13,9013.69696969697
hpmcounter3,normal,seed13,14,9014.575757575758
hpmcounter3,normal,seed13,15,9015.58787878788
hpmcounter3,normal,seed13,16,9016.581818181818
hpmcounter3,normal,seed13,17,9017.418181818182
hpmcounter3,normal,seed13,18,9018.212121212122
hpmcounter3,normal,seed13,19,9018.933333333332
hpmcounter3,normal,seed13,20,9019.242424242424
hpmcounter3,normal,seed13,21,9019.28484848485
hpmcounter3,normal,seed13,22,9019.442424242425
hpmcounter3,normal,seed13,23,9019.563636363637
hpmcounter3,normal,seed13,24,9019.472727272727
hpmcounter3,normal,seed13,25,9019.575757575758
hpmcounter3,normal,seed13,26,9019.672727272728
hpmcounter3,normal,seed13,27,9019.466666666667
hpmcounter3,normal,seed13,28,9019.375757575757
hpmcounter3,normal,seed13,29,9019.50909090909
hpmcounter3,normal,seed13,30,9019.557575757575
hpmcounter3,normal,seed13,31,9019.654545454545
hpmcounter3,normal,seed13,32,9019.648484848485
hpmcounter3,normal,seed13,33,9019.70303030303
hpmcounter3,normal,seed13,34,9019.660606060606
hpmcounter3,normal,seed13,35,9019.927272727273
hpmcounter3,normal,seed13,36,9020.30303030303
hpmcounter3,normal,seed13,37,9020.169696969697
hpmcounter3,normal,seed13,38,9020.145454545454
hpmcounter3,normal,seed13,39,9020.18787878788
hpmcounter3,normal,seed13,40,9019.860606060605
hpmcounter3,normal,seed13,41,9019.60606060606
hpmcounter3,normal,seed13,42,9019.375757575757
hpmcounter3,normal,seed13,43,9019.169696969697
hpmcounter3,normal,seed13,44,9019.39393939394
hpmcounter3,normal,seed13,45,9019.781818181818
hpmcounter3,normal,seed13,46,9020.521212121212
hpmcounter3,normal,seed13,47,9020.860606060605
hpmcounter3,normal,seed13,48,9021.042424242425
hpmcounter3,normal,seed13,49,9021.2
hpmcounter3,normal,seed13,50,9020.866666666667
hpmcounter3,normal,seed13,51,9020.612121212122
hpmcounter3,normal,seed13,52,9020.50303030303
hpmcounter3,normal,seed13,53,9020.163636363637
hpmcounter3,normal,seed13,54,9020.115151515152
hpmcounter3,normal,seed13,55,9020.09696969697
hpmcounter3,normal,seed13,56,9020.309090909092
hpmcounter3,normal,seed13,57,9020.454545454546
hpmcounter3,normal,seed13,58,9020.551515151516
hpmcounter3,normal,seed13,59,9020.466666666667
hpmcounter3,normal,seed13,60,9020.551515151516
hpmcounter3,normal,seed13,61,9020.71515151515
hpmcounter3,normal,seed13,62,9240.230303030303
hpmcounter3,normal,seed13,63,9411.030303030304
hpmcounter3,normal,seed13,64,9532.915151515152
hpmcounter3,normal,seed13,65,9606.115151515152
hpmcounter3,normal,seed13,66,9630.442424242425
hpmcounter3,normal,seed13,67,9605.854545454546
hpmcounter3,normal,seed13,68,9532.563636363637
hpmcounter3,normal,seed13,69,9410.10909090909
hpmcounter3,normal,seed13,70,9239.078787878789
hpmcounter3,normal,seed13,71,9019.563636363637
hpmcounter3,normal,seed13,72,9019.278787878788
hpmcounter3,normal,seed13,73,9019.327272727272
hpmcounter3,normal,seed13,74,9019.454545454546
hpmcounter3,normal,seed13,75,9019.50909090909
hpmcounter3,normal,seed13,76,9019.81212121212
hpmcounter3,normal,seed13,77,9019.866666666667
hpmcounter3,normal,seed13,78,9020.036363636364
hpmcounter3,normal,seed13,79,9019.987878787879
hpmcounter3,normal,seed13,80,9019.763636363636
hpmcounter3,normal,seed13,81,9019.684848484849
hpmcounter3,normal,seed13,82,9019.290909090909
hpmcounter3,normal,seed13,83,9019.157575757576
hpmcounter3,normal,seed13,84,9019.078787878789
hpmcounter3,normal,seed13,85,9018.866666666667
hpmcounter3,normal,seed13,86,9018.884848484848
hpmcounter3,normal,seed13,87,9019.054545454546
hpmcounter3,normal,seed13,88,9019.339393939394
hpmcounter3,normal,seed13,89,9019.575757575758
hpmcounter3,normal,seed13,90,9019.763636363636
hpmcounter3,normal,seed13,91,9019.957575757575
hpmcounter3,normal,seed13,92,9020.175757575758
hpmcounter3,normal,seed13,93,9020.478787878788
hpmcounter3,normal,seed13,94,9020.6
hpmcounter3,normal,seed13,95,9020.81212121212
hpmcounter3,normal,seed13,96,9020.848484848484
hpmcounter3,normal,seed13,97,9020.921212121211
hpmcounter3,normal,seed13,98,9020.945454545454
hpmcounter3,normal,seed13,99,9020.624242424243
hpmcounter3,normal,seed13,100,9020.375757575757
hpmcounter3,normal,seed13,101,9019.89090909091
hpmcounter3,normal,seed13,102,9019.624242424243
hpmcounter3,normal,seed13,103,9019.654545454545
hpmcounter3,normal,seed13,104,9019.781818181818
hpmcounter3,normal,seed13,105,9020.072727272727
hpmcounter3,normal,seed13,106,9020.254545454545
hpmcounter3,normal,seed13,107,9020.218181818182
hpmcounter3,normal,seed13,108,9020.315151515151
hpmcounter3,normal,seed13,109,9020.321212121213
hpmcounter3,normal,seed13,110,9020.454545454546
hpmcounter3,normal,seed13,111,9020.351515151515
hpmcounter3,normal,seed13,112,9020.18787878788
hpmcounter3,normal,seed13,113,9020.10909090909
hpmcounter3,normal,seed13,114,9020.260606060607
hpmcounter3,normal,seed13,115,9020.181818181818
hpmcounter3,normal,seed13,116,9019.896969696969
hpmcounter3,normal,seed13,117,9019.515151515152
hpmcounter3,normal,seed13,118,9019.224242424243
hpmcounter3,normal,seed13,119,9019.115151515152
hpmcounter3,normal,seed13,120,9019.254545454545
hpmcounter3,normal,seed13,121,9019.278787878788
hpmcounter3,normal,seed13,122,9019.266666666666
hpmcounter3,normal,seed13,123,9019.339393939394
hpmcounter3,normal,seed13,124,9019.727272727272
hpmcounter3,normal,seed13,125,9019.81212121212
hpmcounter3,normal,seed13,126,9019.921212121211
hpmcounter3,normal,seed13,127,9020.030303030304
hpmcounter3,normal,seed13,128,9019.963636363636
hpmcounter3,normal,seed13,129,9020.018181818183
hpmcounter3,normal,seed13,130,9020.30303030303
hpmcounter3,normal,seed13,131,9020.333333333334
hpmcounter3,normal,seed13,132,9020.272727272728
hpmcounter3,normal,seed13,133,9020.230303030303
hpmcounter3,normal,seed13,134,9020.28484848485
hpmcounter3,normal,seed13,135,9020.19393939394
hpmcounter3,normal,seed13,136,9020.309090909092
hpmcounter3,normal,seed13,137,9020.387878787878
hpmcounter3,normal,seed13,138,9020.29696969697
hpmcounter3,normal,seed13,139,9020.169696969697
hpmcounter3,normal,seed13,140,9020.327272727272
hpmcounter3,normal,seed13,141,9020.436363636363
hpmcounter3,normal,seed13,142,9020.593939393939
hpmcounter3,normal,seed13,143,9020.787878787878
hpmcounter3,normal,seed13,144,9020.775757575757
hpmcounter3,normal,seed13,145,9020.690909090908
hpmcounter3,normal,seed13,146,9020.557575757575
hpmcounter3,normal,seed13,147,9020.236363636364
hpmcounter3,normal,seed13,148,9020.036363636364
hpmcounter3,normal,seed13,149,9019.745454545455
hpmcounter3,normal,seed13,150,9019.71515151515
hpmcounter3,normal,seed13,151,9019.618181818181
hpmcounter3,normal,seed13,152,9019.666666666666
hpmcounter3,normal,seed13,153,9020.036363636364
hpmcounter3,normal,seed13,154,9020.175757575758
hpmcounter3,normal,seed13,155,9020.218181818182
hpmcounter3,normal,seed13,156,9020.272727272728
hpmcounter3,normal,seed13,157,9020.115151515152
hpmcounter3,normal,seed13,158,9020.369696969698
hpmcounter3,normal,seed13,159,9020.648484848485
hpmcounter3,normal,seed13,160,9020.854545454546
hpmcounter3,normal,seed13,161,9239.975757575758
hpmcounter3,normal,seed13,162,9628.557575757575
hpmcounter3,normal,seed13,163,10138.260606060607
hpmcounter3,normal,seed13,164,10502.121212121212
hpmcounter3,normal,seed13,165,10720.115151515152
hpmcounter3,normal,seed13,166,10792.375757575757
hpmcounter3,normal,seed13,167,10718.709090909091
hpmcounter3,normal,seed13,168,10499.727272727272
hpmcounter3,normal,seed13,169,10135.290909090909
hpmcounter3,normal,seed13,170,9624.927272727273
hpmcounter3,normal,seed13,171,9236.933333333332
hpmcounter3,normal,seed13,172,9018.90909090909
hpmcounter3,normal,seed13,173,9019.084848484848
hpmcounter3,normal,seed13,174,9019.345454545455
hpmcounter3,normal,seed13,175,9019.690909090908
hpmcounter3,normal,seed13,176,9019.878787878788
hpmcounter3,normal,seed13,177,9019.884848484848
hpmcounter3,normal,seed13,178,9019.751515151514
hpmcounter3,normal,seed13,179,9019.624242424243
hpmcounter3,normal,seed13,180,9019.533333333333
hpmcounter3,normal,seed13,181,9019.442424242425
hpmcounter3,normal,seed13,182,9019.454545454546
hpmcounter3,normal,seed13,183,9019.527272727273
hpmcounter3,normal,seed13,184,9019.484848484848
hpmcounter3,normal,seed13,185,9019.581818181818
hpmcounter3,normal,seed13,186,9019.50909090909
hpmcounter3,normal,seed13,187,9019.50909090909
hpmcounter3,normal,seed13,188,9019.557575757575
hpmcounter3,normal,seed13,189,9019.60606060606
hpmcounter3,normal,seed13,190,9019.733333333334
hpmcounter3,normal,seed13,191,9019.745454545455
hpmcounter3,normal,seed13,192,9019.478787878788
hpmcounter3,normal,seed13,193,9019.430303030304
hpmcounter3,normal,seed13,194,9019.060606060606
hpmcounter3,normal,seed13,195,9018.70303030303
hpmcounter3,normal,seed13,196,9018.369696969698
hpmcounter3,normal,seed13,197,9018.169696969697
hpmcounter3,normal,seed13,198,9018.345454545455
hpmcounter3,normal,seed13,199,9018.678787878787
hpmcounter3,normal,seed13,200,9018.939393939394
hpmcounter3,normal,seed13,201,9019.333333333334
hpmcounter3,normal,seed13,202,9019.678787878787
hpmcounter3,normal,seed13,203,9020.236363636364
hpmcounter3,normal,seed13,204,9020.71515151515
hpmcounter3,normal,seed13,205,9020.824242424242
hpmcounter3,normal,seed13,206,9020.751515151514
hpmcounter3,normal,seed13,207,9020.630303030302
hpmcounter3,normal,seed13,208,9020.70303030303
hpmcounter3,normal,seed13,209,9020.81212121212
hpmcounter3,normal,seed13,210,9020.678787878787
hpmcounter3,normal,seed13,211,9020.557575757575
hpmcounter3,normal,seed13,212,9020.690909090908
hpmcounter3,normal,seed13,213,9020.727272727272
hpmcounter3,normal,seed13,214,9020.781818181818
hpmcounter3,normal,seed13,215,9020.8
hpmcounter3,normal,seed13,216,9020.678787878787
hpmcounter3,normal,seed13,217,9020.078787878789
hpmcounter3,normal,seed13,218,9019.6
hpmcounter3,normal,seed13,219,9019.454545454546
hpmcounter3,normal,seed13,220,9019.4
hpmcounter3,normal,seed13,221,9019.466666666667
hpmcounter3,normal,seed13,222,9019.733333333334
hpmcounter3,normal,seed13,223,9019.969696969696
hpmcounter3,normal,seed13,224,9020.084848484848
hpmcounter3,normal,seed13,225,9020.321212121213
hpmcounter3,normal,seed13,226,9020.8
hpmcounter3,normal,seed13,227,9020.690909090908
hpmcounter3,normal,seed13,228,9020.4
hpmcounter3,normal,seed13,229,9020.018181818183
hpmcounter3,normal,seed13,230,9019.757575757576
hpmcounter3,normal,seed13,231,9019.533333333333
hpmcounter3,normal,seed13,232,9019.19393939394
hpmcounter3,normal,seed13,233,9018.884848484848
hpmcounter3,normal,seed13,234,9018.575757575758
hpmcounter3,normal,seed13,235,9018.4
hpmcounter3,normal,seed13,236,9018.448484848484
hpmcounter3,normal,seed13,237,9018.557575757575
hpmcounter3,normal,seed13,238,9018.593939393939
hpmcounter3,normal,seed13,239,9018.557575757575
hpmcounter3,normal,seed13,240,9018.472727272727
hpmcounter3,normal,seed13,241,9018.418181818182
hpmcounter3,normal,seed13,242,9018.436363636363
hpmcounter3,normal,seed13,243,9018.39393939394
hpmcounter3,normal,seed13,244,9018.50909090909
hpmcounter3,normal,seed13,245,9018.593939393939
hpmcounter3,normal,seed13,246,9018.71515151515
hpmcounter3,normal,seed13,247,9018.763636363636
hpmcounter3,normal,seed13,248,9018.872727272726
hpmcounter3,normal,seed13,249,9018.90909090909
hpmcounter3,normal,seed13,250,9018.630303030302
hpmcounter3,normal,seed13,251,9018.4
hpmcounter3,normal,seed13,252,9018.50303030303
hpmcounter3,normal,seed13,253,9018.60606060606
hpmcounter3,normal,seed13,254,9018.733333333334
hpmcounter3,normal,seed13,255,9018.842424242424
hpmcounter3,normal,seed13,256,9018.987878787879
hpmcounter3,normal,seed13,257,9018.981818181817
hpmcounter3,normal,seed13,258,9019.163636363637
hpmcounter3,normal,seed13,259,9019.224242424243
hpmcounter3,normal,seed13,260,9019.139393939395
hpmcounter3,normal,seed13,261,9019.060606060606
hpmcounter3,normal,seed13,262,9019.133333333333
hpmcounter3,normal,seed13,263,9019.436363636363
hpmcounter3,normal,seed13,264,9019.515151515152
hpmcounter3,normal,seed13,265,9019.709090909091
hpmcounter3,normal,seed13,266,9019.709090909091
hpmcounter3,normal,seed13,267,9019.690909090908
hpmcounter3,normal,seed13,268,9019.775757575757
hpmcounter3,normal,seed13,269,9019.721212121212
hpmcounter3,normal,seed13,270,9019.593939393939
hpmcounter3,normal,seed13,271,9019.581818181818
hpmcounter3,normal,seed13,272,9019.484848484848
hpmcounter3,normal,seed13,273,9019.436363636363
hpmcounter3,normal,seed13,274,9019.50303030303
hpmcounter3,normal,seed13,275,9019.563636363637
hpmcounter3,normal,seed13,276,9019.563636363637
hpmcounter3,normal,seed13,277,9019.721212121212
hpmcounter3,normal,seed13,278,9019.90303030303
hpmcounter3,normal,seed13,279,9020.09696969697
hpmcounter3,normal,seed13,280,9020.266666666666
hpmcounter3,normal,seed13,281,9020.50909090909
hpmcounter3,normal,seed13,282,9020.593939393939
hpmcounter3,normal,seed13,283,9020.630303030302
hpmcounter3,normal,seed13,284,9020.945454545454
hpmcounter3,normal,seed13,285,9021.030303030304
hpmcounter3,normal,seed13,286,9021.157575757576
hpmcounter3,normal,seed13,287,9021.151515151516
hpmcounter3,normal,seed13,288,9021.036363636364
hpmcounter3,normal,seed13,289,9020.987878787879
hpmcounter3,normal,seed13,290,9021.006060606062
hpmcounter3,normal,seed13,291,9020.872727272726
hpmcounter3,normal,seed13,292,9020.533333333333
hpmcounter3,normal,seed13,293,9020.121212121212
hpmcounter3,normal,seed13,294,9020.036363636364
hpmcounter3,normal,seed13,295,9020.145454545454
hpmcounter3,normal,seed13,296,9020.49090909091
hpmcounter3,normal,seed13,297,9020.751515151514
hpmcounter3,normal,seed13,298,9240.066666666668
hpmcounter3,normal,seed14,9,9014.50909090909
hpmcounter3,normal,seed14,10,9013.678787878787
hpmcounter3,normal,seed14,11,9013.8
hpmcounter3,normal,seed14,12,9014.351515151515
hpmcounter3,normal,seed14,13,9015.236363636364
hpmcounter3,normal,seed14,14,9016.448484848484
hpmcounter3,normal,seed14,15,9017.872727272726
hpmcounter3,normal,seed14,16,9019.50909090909
hpmcounter3,normal,seed14,17,9021.024242424242
hpmcounter3,normal,seed14,18,9022.272727272728
hpmcounter3,normal,seed14,19,9022.866666666667
hpmcounter3,normal,seed14,20,9023.157575757576
hpmcounter3,normal,seed14,21,9023.327272727272
hpmcounter3,normal,seed14,22,9023.266666666666
hpmcounter3,normal,seed14,23,9023.175757575758
hpmcounter3,normal,seed14,24,9022.866666666667
hpmcounter3,normal,seed14,25,9022.448484848484
hpmcounter3,normal,seed14,26,9021.969696969696
hpmcounter3,normal,seed14,27,9021.28484848485
hpmcounter3,normal,seed14,28,9021.036363636364
hpmcounter3,normal,seed14,29,9020.739393939393
hpmcounter3,normal,seed14,30,9020.4
hpmcounter3,normal,seed14,31,9020.254545454545
hpmcounter3,normal,seed14,32,9019.951515151515
hpmcounter3,normal,seed14,33,9019.757575757576
hpmcounter3,normal,seed14,34,9019.751515151514
hpmcounter3,normal,seed14,35,9019.945454545454
hpmcounter3,normal,seed14,36,9020.19393939394
hpmcounter3,normal,seed14,37,9020.030303030304
hpmcounter3,normal,seed14,38,9020.424242424242
hpmcounter3,normal,seed14,39,9020.89090909091
hpmcounter3,normal,seed14,40,9020.648484848485
hpmcounter3,normal,seed14,41,9020.624242424243
hpmcounter3,normal,seed14,42,9020.551515151516
hpmcounter3,normal,seed14,43,9020.406060606061
hpmcounter3,normal,seed14,44,9020.581818181818
hpmcounter3,normal,seed14,45,9020.8
hpmcounter3,normal,seed14,46,9021.236363636364
hpmcounter3,normal,seed14,47,9021.50303030303
hpmcounter3,normal,seed14,48,9021.842424242424
hpmcounter3,normal,seed14,49,9022.224242424243
hpmcounter3,normal,seed14,50,9022.115151515152
hpmcounter3,normal,seed14,51,9021.951515151515
hpmcounter3,normal,seed14,52,9021.90909090909
hpmcounter3,normal,seed14,53,9021.612121212122
hpmcounter3,normal,seed14,54,9021.624242424243
hpmcounter3,normal,seed14,55,9021.551515151516
hpmcounter3,normal,seed14,56,9021.484848484848
hpmcounter3,normal,seed14,57,9021.28484848485
hpmcounter3,normal,seed14,58,9020.975757575758
hpmcounter3,normal,seed14,59,9020.678787878787
hpmcounter3,normal,seed14,60,9020.515151515152
hpmcounter3,normal,seed14,61,9020.145454545454
hpmcounter3,normal,seed14,62,9019.981818181817
hpmcounter3,normal,seed14,63,9019.69696969697
hpmcounter3,normal,seed14,64,9019.733333333334
hpmcounter3,normal,seed14,65,9020.066666666668
hpmcounter3,normal,seed14,66,9020.363636363636
hpmcounter3,normal,seed14,67,9239.218181818182
hpmcounter3,normal,seed14,68,9627.915151515152
hpmcounter3,normal,seed14,69,10137.8
hpmcounter3,normal,seed14,70,10720.157575757576
hpmcounter3,normal,seed14,71,11108.145454545454
hpmcounter3,normal,seed14,72,11520.0
hpmcounter3,normal,seed14,73,11689.163636363637
hpmcounter3,normal,seed14,74,11615.745454545455
hpmcounter3,normal,seed14,75,11299.969696969696
hpmcounter3,normal,seed14,76,10741.727272727272
hpmcounter3,normal,seed14,77,10208.260606060607
hpmcounter3,normal,seed14,78,9747.830303030303
hpmcounter3,normal,seed14,79,9408.89090909091
hpmcounter3,normal,seed14,80,9239.484848484848
hpmcounter3,normal,seed14,81,9021.636363636364
hpmcounter3,normal,seed14,82,9021.951515151515
hpmcounter3,normal,seed14,83,9021.830303030303
hpmcounter3,normal,seed14,84,9021.836363636363
hpmcounter3,normal,seed14,85,9021.745454545455
hpmcounter3,normal,seed14,86,9021.733333333334
hpmcounter3,normal,seed14,87,9021.90909090909
hpmcounter3,normal,seed14,88,9022.115151515152
hpmcounter3,normal,seed14,89,9022.39393939394
hpmcounter3,normal,seed14,90,9022.666666666666
hpmcounter3,normal,seed14,91,9022.81212121212
hpmcounter3,normal,seed14,92,9023.218181818182
hpmcounter3,normal,seed14,93,9022.836363636363
hpmcounter3,normal,seed14,94,9022.460606060606
hpmcounter3,normal,seed14,95,9021.842424242424
hpmcounter3,normal,seed14,96,9021.139393939395
hpmcounter3,normal,seed14,97,9020.357575757576
hpmcounter3,normal,seed14,98,9019.757575757576
hpmcounter3,normal,seed14,99,9019.430303030304
hpmcounter3,normal,seed14,100,9019.50909090909
hpmcounter3,normal,seed14,101,9019.575757575758
hpmcounter3,normal,seed14,102,9019.896969696969
hpmcounter3,normal,seed14,103,9020.121212121212
hpmcounter3,normal,seed14,104,9020.575757575758
hpmcounter3,normal,seed14,105,9020.860606060605
hpmcounter3,normal,seed14,106,9021.19393939394
hpmcounter3,normal,seed14,107,9021.175757575758
hpmcounter3,normal,seed14,108,9020.915151515152
hpmcounter3,normal,seed14,109,9020.842424242424
hpmcounter3,normal,seed14,110,9021.012121212121
hpmcounter3,normal,seed14,111,9021.169696969697
hpmcounter3,normal,seed14,112,9021.290909090909
hpmcounter3,normal,seed14,113,9021.242424242424
hpmcounter3,normal,seed14,114,9021.4
hpmcounter3,normal,seed14,115,9021.521212121212
hpmcounter3,normal,seed14,116,9021.878787878788
hpmcounter3,normal,seed14,117,9022.30303030303
hpmcounter3,normal,seed14,118,9022.436363636363
hpmcounter3,normal,seed14,119,9022.618181818181
hpmcounter3,normal,seed14,120,9022.90303030303
hpmcounter3,normal,seed14,121,9023.048484848485
hpmcounter3,normal,seed14,122,9023.230303030303
hpmcounter3,normal,seed14,123,9023.127272727274
hpmcounter3,normal,seed14,124,9022.915151515152
hpmcounter3,normal,seed14,125,9022.375757575757
hpmcounter3,normal,seed14,126,9021.866666666667
hpmcounter3,normal,seed14,127,9021.557575757575
hpmcounter3,normal,seed14,128,9021.448484848484
hpmcounter3,normal,seed14,129,9020.80606060606
hpmcounter3,normal,seed14,130,9020.442424242425
hpmcounter3,normal,seed14,131,9019.963636363636
hpmcounter3,normal,seed14,132,9019.933333333332
hpmcounter3,normal,seed14,133,9238.660606060606
hpmcounter3,normal,seed14,134,9408.945454545454
hpmcounter3,normal,seed14,135,9530.478787878788
hpmcounter3,normal,seed14,136,9603.260606060607
hpmcounter3,normal,seed14,137,9627.612121212122
hpmcounter3,normal,seed14,138,9603.690909090908
hpmcounter3,normal,seed14,139,9530.406060606061
hpmcounter3,normal,seed14,140,9408.648484848485
hpmcounter3,normal,seed14,141,9238.066666666668
hpmcounter3,normal,seed14,142,9019.169696969697
hpmcounter3,normal,seed14,143,9019.072727272727
hpmcounter3,normal,seed14,144,9019.060606060606
hpmcounter3,normal,seed14,145,9018.927272727273
hpmcounter3,normal,seed14,146,9018.751515151514
hpmcounter3,normal,seed14,147,9018.666666666666
hpmcounter3,normal,seed14,148,9018.860606060605
hpmcounter3,normal,seed14,149,9018.933333333332
hpmcounter3,normal,seed14,150,9019.212121212122
hpmcounter3,normal,seed14,151,9019.430303030304
hpmcounter3,normal,seed14,152,9019.69696969697
hpmcounter3,normal,seed14,153,9020.121212121212
hpmcounter3,normal,seed14,154,9020.721212121212
hpmcounter3,normal,seed14,155,9239.363636363636
hpmcounter3,normal,seed14,156,9627.678787878787
hpmcounter3,normal,seed14,157,10136.957575757575
hpmcounter3,normal,seed14,158,10718.89090909091
hpmcounter3,normal,seed14,159,11106.757575757576
hpmcounter3,normal,seed14,160,11300.787878787878
hpmcounter3,normal,seed14,161,11300.672727272728
hpmcounter3,normal,seed14,162,11106.466666666667
hpmcounter3,normal,seed14,163,10718.181818181818
hpmcounter3,normal,seed14,164,10136.151515151516
hpmcounter3,normal,seed14,165,9626.781818181818
hpmcounter3,normal,seed14,166,9238.618181818181
hpmcounter3,normal,seed14,167,9020.236363636364
hpmcounter3,normal,seed14,168,9019.945454545454
hpmcounter3,normal,seed14,169,9019.751515151514
hpmcounter3,normal,seed14,170,9019.842424242424
hpmcounter3,normal,seed14,171,9019.757575757576
hpmcounter3,normal,seed14,172,9019.763636363636
hpmcounter3,normal,seed14,173,9019.739393939393
hpmcounter3,normal,seed14,174,9019.818181818182
hpmcounter3,normal,seed14,175,9019.933333333332
hpmcounter3,normal,seed14,176,9019.872727272726
hpmcounter3,normal,seed14,177,9020.09696969697
hpmcounter3,normal,seed14,178,9020.272727272728
hpmcounter3,normal,seed14,179,9020.563636363637
hpmcounter3,normal,seed14,180,9021.024242424242
hpmcounter3,normal,seed14,181,9021.266666666666
hpmcounter3,normal,seed14,182,9021.278787878788
hpmcounter3,normal,seed14,183,9021.30303030303
hpmcounter3,normal,seed14,184,9239.81212121212
hpmcounter3,normal,seed14,185,9628.290909090909
hpmcounter3,normal,seed14,186,10137.775757575757
hpmcounter3,normal,seed14,187,10719.79393939394
hpmcounter3,normal,seed14,188,11325.787878787878
hpmcounter3,normal,seed14,189,11907.363636363636
hpmcounter3,normal,seed14,190,12197.836363636363
hpmcounter3,normal,seed14,191,12197.29696969697
hpmcounter3,normal,seed14,192,11905.557575757575
hpmcounter3,normal,seed14,193,11322.751515151514
hpmcounter3,normal,seed14,194,10716.169696969697
hpmcounter3,normal,seed14,195,10134.381818181819
hpmcounter3,normal,seed14,196,9625.666666666666
hpmcounter3,normal,seed14,197,9238.078787878789
hpmcounter3,normal,seed14,198,9020.036363636364
hpmcounter3,normal,seed14,199,9020.2
hpmcounter3,normal,seed14,200,9020.242424242424
hpmcounter3,normal,seed14,201,9020.163636363637
hpmcounter3,normal,seed14,202,9020.151515151516
hpmcounter3,normal,seed14,203,9020.115151515152
hpmcounter3,normal,seed14,204,9020.139393939395
hpmcounter3,normal,seed14,205,9020.115151515152
hpmcounter3,normal,seed14,206,9020.09090909091
hpmcounter3,normal,seed14,207,9020.09090909091
hpmcounter3,normal,seed14,208,9020.254545454545
hpmcounter3,normal,seed14,209,9020.424242424242
hpmcounter3,normal,seed14,210,9020.545454545454
hpmcounter3,normal,seed14,211,9020.593939393939
hpmcounter3,normal,seed14,212,9020.830303030303
hpmcounter3,normal,seed14,213,9021.066666666668
hpmcounter3,normal,seed14,214,9021.327272727272
hpmcounter3,normal,seed14,215,9021.58787878788
hpmcounter3,normal,seed14,216,9021.557575757575
hpmcounter3,normal,seed14,217,9021.4
hpmcounter3,normal,seed14,218,9021.49090909091
hpmcounter3,normal,seed14,219,9021.315151515151
hpmcounter3,normal,seed14,220,9021.387878787878
hpmcounter3,normal,seed14,221,9021.375757575757
hpmcounter3,normal,seed14,222,9021.436363636363
hpmcounter3,normal,seed14,223,9021.242424242424
hpmcounter3,normal,seed14,224,9020.927272727273
hpmcounter3,normal,seed14,225,9020.866666666667
hpmcounter3,normal,seed14,226,9020.709090909091
hpmcounter3,normal,seed14,227,9020.630303030302
hpmcounter3,normal,seed14,228,9020.90303030303
hpmcounter3,normal,seed14,229,9021.212121212122
hpmcounter3,normal,seed14,230,9021.951515151515
hpmcounter3,normal,seed14,231,9022.690909090908
hpmcounter3,normal,seed14,232,9023.272727272728
hpmcounter3,normal,seed14,233,9023.539393939394
hpmcounter3,normal,seed14,234,9023.30303030303
hpmcounter3,normal,seed14,235,9022.951515151515
hpmcounter3,normal,seed14,236,9022.418181818182
hpmcounter3,normal,seed14,237,9021.81212121212
hpmcounter3,normal,seed14,238,9021.454545454546
hpmcounter3,normal,seed14,239,9021.218181818182
hpmcounter3,normal,seed14,240,9020.987878787879
hpmcounter3,normal,seed14,241,9021.09696969697
hpmcounter3,normal,seed14,242,9021.19393939394
hpmcounter3,normal,seed14,243,9021.41212121212
hpmcounter3,normal,seed14,244,9021.527272727273
hpmcounter3,normal,seed14,245,9021.721212121212
hpmcounter3,normal,seed14,246,9021.915151515152
hpmcounter3,normal,seed14,247,9022.218181818182
hpmcounter3,normal,seed14,248,9022.563636363637
hpmcounter3,normal,seed14,249,9022.381818181819
hpmcounter3,normal,seed14,250,9022.048484848485
hpmcounter3,normal,seed14,251,9021.860606060605
hpmcounter3,normal,seed14,252,9021.684848484849
hpmcounter3,normal,seed14,253,9021.60606060606
hpmcounter3,normal,seed14,254,9021.569696969696
hpmcounter3,normal,seed14,255,9021.830303030303
hpmcounter3,normal,seed14,256,9021.969696969696
hpmcounter3,normal,seed14,257,9022.145454545454
hpmcounter3,normal,seed14,258,9022.381818181819
hpmcounter3,normal,seed14,259,9022.103030303031
hpmcounter3,normal,seed14,260,9022.042424242425
hpmcounter3,normal,seed14,261,9021.933333333332
hpmcounter3,normal,seed14,262,9021.854545454546
hpmcounter3,normal,seed14,263,9021.896969696969
hpmcounter3,normal,seed14,264,9021.666666666666
hpmcounter3,normal,seed14,265,9021.466666666667
hpmcounter3,normal,seed14,266,9021.266666666666
hpmcounter3,normal,seed14,267,9020.933333333332
hpmcounter3,normal,seed14,268,9020.818181818182
hpmcounter3,normal,seed14,269,9020.436363636363
hpmcounter3,normal,seed14,270,9020.430303030304
hpmcounter3,normal,seed14,271,9020.581818181818
hpmcounter3,normal,seed14,272,9020.987878787879
hpmcounter3,normal,seed14,273,9021.666666666666
hpmcounter3,normal,seed14,274,9022.09696969697
hpmcounter3,normal,seed14,275,9022.351515151515
hpmcounter3,normal,seed14,276,9022.690909090908
hpmcounter3,normal,seed14,277,9022.739393939393
hpmcounter3,normal,seed14,278,9022.654545454545
hpmcounter3,normal,seed14,279,9022.272727272728
hpmcounter3,normal,seed14,280,9022.042424242425
hpmcounter3,normal,seed14,281,9021.763636363636
hpmcounter3,normal,seed14,282,9021.581818181818
hpmcounter3,normal,seed14,283,9021.381818181819
hpmcounter3,normal,seed14,284,9021.09090909091
hpmcounter3,normal,seed14,285,9020.8
hpmcounter3,normal,seed14,286,9020.678787878787
hpmcounter3,normal,seed14,287,9020.4
hpmcounter3,normal,seed14,288,9019.963636363636
hpmcounter3,normal,seed14,289,9019.709090909091
hpmcounter3,normal,seed14,290,9019.660606060606
hpmcounter3,normal,seed14,291,9019.90909090909
hpmcounter3,normal,seed14,292,9020.321212121213
hpmcounter3,normal,seed14,293,9020.684848484849
hpmcounter3,normal,seed14,294,9021.030303030304
hpmcounter3,normal,seed14,295,9021.333333333334
hpmcounter3,normal,seed14,296,9021.678787878787
hpmcounter3,normal,seed14,297,9021.842424242424
hpmcounter3,normal,seed14,298,9021.963636363636
hpmcounter3,normal,seed15,9,11826.133333333333
hpmcounter3,normal,seed15,10,12115.327272727272
hpmcounter3,normal,seed15,11,12338.981818181817
hpmcounter3,normal,seed15,12,12448.484848484848
hpmcounter3,normal,seed15,13,12394.80606060606
hpmcounter3,normal,seed15,14,12386.709090909091
hpmcounter3,normal,seed15,15,12423.527272727273
hpmcounter3,normal,seed15,16,12286.290909090909
hpmcounter3,normal,seed15,17,12024.333333333334
hpmcounter3,normal,seed15,18,11686.569696969696
hpmcounter3,normal,seed15,19,11322.684848484849
hpmcounter3,normal,seed15,20,10716.042424242425
hpmcounter3,normal,seed15,21,10133.957575757575
hpmcounter3,normal,seed15,22,9624.763636363636
hpmcounter3,normal,seed15,23,9236.60606060606
hpmcounter3,normal,seed15,24,9018.333333333334
hpmcounter3,normal,seed15,25,9018.69696969697
hpmcounter3,normal,seed15,26,9019.018181818183
hpmcounter3,normal,seed15,27,9019.581818181818
hpmcounter3,normal,seed15,28,9019.921212121211
hpmcounter3,normal,seed15,29,9020.042424242425
hpmcounter3,normal,seed15,30,9020.054545454546
hpmcounter3,normal,seed15,31,9020.254545454545
hpmcounter3,normal,seed15,32,9020.224242424243
hpmcounter3,normal,seed15,33,9019.581818181818
hpmcounter3,normal,seed15,34,9019.145454545454
hpmcounter3,normal,seed15,35,9018.630303030302
hpmcounter3,normal,seed15,36,9018.58787878788
hpmcounter3,normal,seed15,37,9018.684848484849
hpmcounter3,normal,seed15,38,9019.151515151516
hpmcounter3,normal,seed15,39,9019.545454545454
hpmcounter3,normal,seed15,40,9019.866666666667
hpmcounter3,normal,seed15,41,9020.20606060606
hpmcounter3,normal,seed15,42,9020.563636363637
hpmcounter3,normal,seed15,43,9020.49090909091
hpmcounter3,normal,seed15,44,9020.58787878788
hpmcounter3,normal,seed15,45,9020.345454545455
hpmcounter3,normal,seed15,46,9020.369696969698
hpmcounter3,normal,seed15,47,9020.333333333334
hpmcounter3,normal,seed15,48,9020.066666666668
hpmcounter3,normal,seed15,49,9019.654545454545
hpmcounter3,normal,seed15,50,9019.121212121212
hpmcounter3,normal,seed15,51,9018.684848484849
hpmcounter3,normal,seed15,52,9018.49696969697
hpmcounter3,normal,seed15,53,9018.28484848485
hpmcounter3,normal,seed15,54,9018.230303030303
hpmcounter3,normal,seed15,55,9018.248484848486
hpmcounter3,normal,seed15,56,9237.375757575757
hpmcounter3,normal,seed15,57,9626.20606060606
hpmcounter3,normal,seed15,58,9917.551515151516
hpmcounter3,normal,seed15,59,10329.787878787878
hpmcounter3,normal,seed15,60,10814.745454545455
hpmcounter3,normal,seed15,61,11323.49090909091
hpmcounter3,normal,seed15,62,11808.10909090909
hpmcounter3,normal,seed15,63,12219.642424242424
hpmcounter3,normal,seed15,64,12291.818181818182
hpmcounter3,normal,seed15,65,12242.49696969697
hpmcounter3,normal,seed15,66,12072.951515151515
hpmcounter3,normal,seed15,67,11830.866666666667
hpmcounter3,normal,seed15,68,11297.860606060605
hpmcounter3,normal,seed15,69,10740.533333333333
hpmcounter3,normal,seed15,70,10207.921212121211
hpmcounter3,normal,seed15,71,9747.654545454545
hpmcounter3,normal,seed15,72,9408.50909090909
hpmcounter3,normal,seed15,73,9456.951515151515
hpmcounter3,normal,seed15,74,9626.787878787878
hpmcounter3,normal,seed15,75,9917.739393939393
hpmcounter3,normal,seed15,76,10112.006060606062
hpmcounter3,normal,seed15,77,10209.006060606062
hpmcounter3,normal,seed15,78,10208.951515151515
hpmcounter3,normal,seed15,79,10111.49090909091
hpmcounter3,normal,seed15,80,9917.09090909091
hpmcounter3,normal,seed15,81,9625.745454545455
hpmcounter3,normal,seed15,82,9237.424242424242
hpmcounter3,normal,seed15,83,9018.739393939393
hpmcounter3,normal,seed15,84,9018.321212121213
hpmcounter3,normal,seed15,85,9018.157575757576
hpmcounter3,normal,seed15,86,9018.2
hpmcounter3,normal,seed15,87,9018.175757575758
hpmcounter3,normal,seed15,88,9018.369696969698
hpmcounter3,normal,seed15,89,9018.133333333333
hpmcounter3,normal,seed15,90,9018.018181818183
hpmcounter3,normal,seed15,91,9017.836363636363
hpmcounter3,normal,seed15,92,9017.884848484848
hpmcounter3,normal,seed15,93,9017.975757575758
hpmcounter3,normal,seed15,94,9018.272727272728
hpmcounter3,normal,seed15,95,9018.575757575758
hpmcounter3,normal,seed15,96,9018.69696969697
hpmcounter3,normal,seed15,97,9018.757575757576
hpmcounter3,normal,seed15,98,9018.79393939394
hpmcounter3,normal,seed15,99,9018.551515151516
hpmcounter3,normal,seed15,100,9018.751515151514
hpmcounter3,normal,seed15,101,9018.860606060605
hpmcounter3,normal,seed15,102,9019.0
hpmcounter3,normal,seed15,103,9018.951515151515
hpmcounter3,normal,seed15,104,9019.157575757576
hpmcounter3,normal,seed15,105,9019.212121212122
hpmcounter3,normal,seed15,106,9019.290909090909
hpmcounter3,normal,seed15,107,9019.30303030303
hpmcounter3,normal,seed15,108,9019.036363636364
hpmcounter3,normal,seed15,109,9018.830303030303
hpmcounter3,normal,seed15,110,9019.006060606062
hpmcounter3,normal,seed15,111,9019.072727272727
hpmcounter3,normal,seed15,112,9019.054545454546
hpmcounter3,normal,seed15,113,9018.993939393938
hpmcounter3,normal,seed15,114,9019.10909090909
hpmcounter3,normal,seed15,115,9019.133333333333
hpmcounter3,normal,seed15,116,9019.230303030303
hpmcounter3,normal,seed15,117,9019.290909090909
hpmcounter3,normal,seed15,118,9019.260606060607
hpmcounter3,normal,seed15,119,9018.836363636363
hpmcounter3,normal,seed15,120,9018.41212121212
hpmcounter3,normal,seed15,121,9018.09696969697
hpmcounter3,normal,seed15,122,9017.787878787878
hpmcounter3,normal,seed15,123,9017.551515151516
hpmcounter3,normal,seed15,124,9232.71515151515
hpmcounter3,normal,seed15,125,9400.4
hpmcounter3,normal,seed15,126,9520.472727272727
hpmcounter3,normal,seed15,127,9592.90909090909
hpmcounter3,normal,seed15,128,9617.781818181818
hpmcounter3,normal,seed15,129,9594.278787878788
hpmcounter3,normal,seed15,130,9522.787878787878
hpmcounter3,normal,seed15,131,9403.745454545455
hpmcounter3,normal,seed15,132,9236.709090909091
hpmcounter3,normal,seed15,133,9021.49090909091
hpmcounter3,normal,seed15,134,9021.321212121213
hpmcounter3,normal,seed15,135,9021.139393939395
hpmcounter3,normal,seed15,136,9020.4
hpmcounter3,normal,seed15,137,9019.933333333332
hpmcounter3,normal,seed15,138,9019.739393939393
hpmcounter3,normal,seed15,139,9019.521212121212
hpmcounter3,normal,seed15,140,9238.30303030303
hpmcounter3,normal,seed15,141,9626.836363636363
hpmcounter3,normal,seed15,142,10136.593939393939
hpmcounter3,normal,seed15,143,10719.09696969697
hpmcounter3,normal,seed15,144,11325.70303030303
hpmcounter3,normal,seed15,145,11908.036363636364
hpmcounter3,normal,seed15,146,12417.09696969697
hpmcounter3,normal,seed15,147,12804.769696969697
hpmcounter3,normal,seed15,148,13022.866666666667
hpmcounter3,normal,seed15,149,13022.557575757575
hpmcounter3,normal,seed15,150,12804.563636363637
hpmcounter3,normal,seed15,151,12416.527272727273
hpmcounter3,normal,seed15,152,11907.230303030303
hpmcounter3,normal,seed15,153,11325.139393939395
hpmcounter3,normal,seed15,154,10718.545454545454
hpmcounter3,normal,seed15,155,10136.09090909091
hpmcounter3,normal,seed15,156,9626.60606060606
hpmcounter3,normal,seed15,157,9238.224242424243
hpmcounter3,normal,seed15,158,9019.830303030303
hpmcounter3,normal,seed15,159,9019.836363636363
hpmcounter3,normal,seed15,160,9019.896969696969
hpmcounter3,normal,seed15,161,9019.957575757575
hpmcounter3,normal,seed15,162,9019.60606060606
hpmcounter3,normal,seed15,163,9019.212121212122
hpmcounter3,normal,seed15,164,9019.048484848485
hpmcounter3,normal,seed15,165,9018.836363636363
hpmcounter3,normal,seed15,166,9237.163636363637
hpmcounter3,normal,seed15,167,9407.054545454546
hpmcounter3,normal,seed15,168,9528.290909090909
hpmcounter3,normal,seed15,169,9601.315151515151
hpmcounter3,normal,seed15,170,9625.830303030303
hpmcounter3,normal,seed15,171,9601.860606060605
hpmcounter3,normal,seed15,172,9528.981818181817
hpmcounter3,normal,seed15,173,9407.375757575757
hpmcounter3,normal,seed15,174,9237.60606060606
hpmcounter3,normal,seed15,175,9019.430303030304
hpmcounter3,normal,seed15,176,9019.648484848485
hpmcounter3,normal,seed15,177,9019.915151515152
hpmcounter3,normal,seed15,178,9019.963636363636
hpmcounter3,normal,seed15,179,9020.036363636364
hpmcounter3,normal,seed15,180,9020.078787878789
hpmcounter3,normal,seed15,181,9019.89090909091
hpmcounter3,normal,seed15,182,9019.848484848484
hpmcounter3,normal,seed15,183,9019.533333333333
hpmcounter3,normal,seed15,184,9019.430303030304
hpmcounter3,normal,seed15,185,9019.321212121213
hpmcounter3,normal,seed15,186,9019.175757575758
hpmcounter3,normal,seed15,187,9019.018181818183
hpmcounter3,normal,seed15,188,9019.09090909091
hpmcounter3,normal,seed15,189,9019.018181818183
hpmcounter3,normal,seed15,190,9018.89090909091
hpmcounter3,normal,seed15,191,9018.787878787878
hpmcounter3,normal,seed15,192,9018.872727272726
hpmcounter3,normal,seed15,193,9018.836363636363
hpmcounter3,normal,seed15,194,9018.987878787879
hpmcounter3,normal,seed15,195,9019.030303030304
hpmcounter3,normal,seed15,196,9019.290909090909
hpmcounter3,normal,seed15,197,9019.533333333333
hpmcounter3,normal,seed15,198,9019.933333333332
hpmcounter3,normal,seed15,199,9020.357575757576
hpmcounter3,normal,seed15,200,9020.678787878787
hpmcounter3,normal,seed15,201,9020.915151515152
hpmcounter3,normal,seed15,202,9021.078787878789
hpmcounter3,normal,seed15,203,9021.212121212122
hpmcounter3,normal,seed15,204,9021.442424242425
hpmcounter3,normal,seed15,205,9021.642424242424
hpmcounter3,normal,seed15,206,9021.963636363636
hpmcounter3,normal,seed15,207,9022.230303030303
hpmcounter3,normal,seed15,208,9022.254545454545
hpmcounter3,normal,seed15,209,9022.333333333334
hpmcounter3,normal,seed15,210,9021.975757575758
hpmcounter3,normal,seed15,211,9021.375757575757
hpmcounter3,normal,seed15,212,9020.654545454545
hpmcounter3,normal,seed15,213,9020.0
hpmcounter3,normal,seed15,214,9019.515151515152
hpmcounter3,normal,seed15,215,9019.151515151516
hpmcounter3,normal,seed15,216,9018.969696969696
hpmcounter3,normal,seed15,217,9018.993939393938
hpmcounter3,normal,seed15,218,9019.224242424243
hpmcounter3,normal,seed15,219,9019.945454545454
hpmcounter3,normal,seed15,220,9020.533333333333
hpmcounter3,normal,seed15,221,9021.012121212121
hpmcounter3,normal,seed15,222,9021.424242424242
hpmcounter3,normal,seed15,223,9021.769696969697
hpmcounter3,normal,seed15,224,9021.981818181817
hpmcounter3,normal,seed15,225,9021.58787878788
hpmcounter3,normal,seed15,226,9021.139393939395
hpmcounter3,normal,seed15,227,9020.624242424243
hpmcounter3,normal,seed15,228,9020.163636363637
hpmcounter3,normal,seed15,229,9020.012121212121
hpmcounter3,normal,seed15,230,9020.084848484848
hpmcounter3,normal,seed15,231,9020.29696969697
hpmcounter3,normal,seed15,232,9020.363636363636
hpmcounter3,normal,seed15,233,9020.375757575757
hpmcounter3,normal,seed15,234,9020.41212121212
hpmcounter3,normal,seed15,235,9020.084848484848
hpmcounter3,normal,seed15,236,9019.8
hpmcounter3,normal,seed15,237,9019.515151515152
hpmcounter3,normal,seed15,238,9019.309090909092
hpmcounter3,normal,seed15,239,9019.327272727272
hpmcounter3,normal,seed15,240,9019.406060606061
hpmcounter3,normal,seed15,241,9019.612121212122
hpmcounter3,normal,seed15,242,9019.921212121211
hpmcounter3,normal,seed15,243,9020.272727272728
hpmcounter3,normal,seed15,244,9020.739393939393
hpmcounter3,normal,seed15,245,9021.10909090909
hpmcounter3,normal,seed15,246,9021.424242424242
hpmcounter3,normal,seed15,247,9021.442424242425
hpmcounter3,normal,seed15,248,9021.242424242424
hpmcounter3,normal,seed15,249,9020.848484848484
hpmcounter3,normal,seed15,250,9020.448484848484
hpmcounter3,normal,seed15,251,9020.139393939395
hpmcounter3,normal,seed15,252,9019.921212121211
hpmcounter3,normal,seed15,253,9019.884848484848
hpmcounter3,normal,seed15,254,9020.054545454546
hpmcounter3,normal,seed15,255,9020.212121212122
hpmcounter3,normal,seed15,256,9020.327272727272
hpmcounter3,normal,seed15,257,9020.618181818181
hpmcounter3,normal,seed15,258,9020.781818181818
hpmcounter3,normal,seed15,259,9020.618181818181
hpmcounter3,normal,seed15,260,9020.545454545454
hpmcounter3,normal,seed15,261,9020.466666666667
hpmcounter3,normal,seed15,262,9020.351515151515
hpmcounter3,normal,seed15,263,9020.266666666666
hpmcounter3,normal,seed15,264,9020.278787878788
hpmcounter3,normal,seed15,265,9020.145454545454
hpmcounter3,normal,seed15,266,9019.854545454546
hpmcounter3,normal,seed15,267,9019.957575757575
hpmcounter3,normal,seed15,268,9020.224242424243
hpmcounter3,normal,seed15,269,9020.224242424243
hpmcounter3,normal,seed15,270,9020.333333333334
hpmcounter3,normal,seed15,271,9020.363636363636
hpmcounter3,normal,seed15,272,9020.248484848486
hpmcounter3,normal,seed15,273,9020.230303030303
hpmcounter3,normal,seed15,274,9020.242424242424
hpmcounter3,normal,seed15,275,9020.218181818182
hpmcounter3,normal,seed15,276,9020.418181818182
hpmcounter3,normal,seed15,277,9020.533333333333
hpmcounter3,normal,seed15,278,9020.612121212122
hpmcounter3,normal,seed15,279,9020.6
hpmcounter3,normal,seed15,280,9020.539393939394
hpmcounter3,normal,seed15,281,9020.60606060606
hpmcounter3,normal,seed15,282,9020.478787878788
hpmcounter3,normal,seed15,283,9020.4
hpmcounter3,normal,seed15,284,9020.478787878788
hpmcounter3,normal,seed15,285,9020.569696969696
hpmcounter3,normal,seed15,286,9020.666666666666
hpmcounter3,normal,seed15,287,9020.630303030302
hpmcounter3,normal,seed15,288,9020.327272727272
hpmcounter3,normal,seed15,289,9020.066666666668
hpmcounter3,normal,seed15,290,9019.79393939394
hpmcounter3,normal,seed15,291,9019.424242424242
hpmcounter3,normal,seed15,292,9019.006060606062
hpmcounter3,normal,seed15,293,9018.727272727272
hpmcounter3,normal,seed15,294,9018.678787878787
hpmcounter3,normal,seed15,295,9018.842424242424
hpmcounter3,normal,seed15,296,9019.060606060606
hpmcounter3,normal,seed15,297,9019.29696969697
hpmcounter3,normal,seed15,298,9019.484848484848
hpmcounter3,normal,seed16,9,9013.072727272727
hpmcounter3,normal,seed16,10,9012.454545454546
hpmcounter3,normal,seed16,11,9012.321212121213
hpmcounter3,normal,seed16,12,9012.921212121211
hpmcounter3,normal,seed16,13,9013.763636363636
hpmcounter3,normal,seed16,14,9014.981818181817
hpmcounter3,normal,seed16,15,9016.521212121212
hpmcounter3,normal,seed16,16,9017.878787878788
hpmcounter3,normal,seed16,17,9019.224242424243
hpmcounter3,normal,seed16,18,9020.10909090909
hpmcounter3,normal,seed16,19,9020.466666666667
hpmcounter3,normal,seed16,20,9020.515151515152
hpmcounter3,normal,seed16,21,9020.58787878788
hpmcounter3,normal,seed16,22,9020.836363636363
hpmcounter3,normal,seed16,23,9020.993939393938
hpmcounter3,normal,seed16,24,9021.30303030303
hpmcounter3,normal,seed16,25,9021.666666666666
hpmcounter3,normal,seed16,26,9021.666666666666
hpmcounter3,normal,seed16,27,9021.545454545454
hpmcounter3,normal,seed16,28,9021.278787878788
hpmcounter3,normal,seed16,29,9021.018181818183
hpmcounter3,normal,seed16,30,9020.557575757575
hpmcounter3,normal,seed16,31,9020.309090909092
hpmcounter3,normal,seed16,32,9020.28484848485
hpmcounter3,normal,seed16,33,9020.539393939394
hpmcounter3,normal,seed16,34,9020.872727272726
hpmcounter3,normal,seed16,35,9021.272727272728
hpmcounter3,normal,seed16,36,9021.309090909092
hpmcounter3,normal,seed16,37,9021.224242424243
hpmcounter3,normal,seed16,38,9021.260606060607
hpmcounter3,normal,seed16,39,9021.2
hpmcounter3,normal,seed16,40,9020.309090909092
hpmcounter3,normal,seed16,41,9019.539393939394
hpmcounter3,normal,seed16,42,9018.80606060606
hpmcounter3,normal,seed16,43,9018.290909090909
hpmcounter3,normal,seed16,44,9018.260606060607
hpmcounter3,normal,seed16,45,9018.363636363636
hpmcounter3,normal,seed16,46,9018.545454545454
hpmcounter3,normal,seed16,47,9018.79393939394
hpmcounter3,normal,seed16,48,9019.418181818182
hpmcounter3,normal,seed16,49,9019.987878787879
hpmcounter3,normal,seed16,50,9020.078787878789
hpmcounter3,normal,seed16,51,9020.072727272727
hpmcounter3,normal,seed16,52,9020.18787878788
hpmcounter3,normal,seed16,53,9019.751515151514
hpmcounter3,normal,seed16,54,9019.60606060606
hpmcounter3,normal,seed16,55,9019.345454545455
hpmcounter3,normal,seed16,56,9019.048484848485
hpmcounter3,normal,seed16,57,9018.957575757575
hpmcounter3,normal,seed16,58,9019.060606060606
hpmcounter3,normal,seed16,59,9019.072727272727
hpmcounter3,normal,seed16,60,9019.454545454546
hpmcounter3,normal,seed16,61,9019.957575757575
hpmcounter3,normal,seed16,62,9020.8
hpmcounter3,normal,seed16,63,9020.945454545454
hpmcounter3,normal,seed16,64,9020.933333333332
hpmcounter3,normal,seed16,65,9020.721212121212
hpmcounter3,normal,seed16,66,9020.351515151515
hpmcounter3,normal,seed16,67,9020.175757575758
hpmcounter3,normal,seed16,68,9019.963636363636
hpmcounter3,normal,seed16,69,9019.690909090908
hpmcounter3,normal,seed16,70,9019.666666666666
hpmcounter3,normal,seed16,71,9019.666666666666
hpmcounter3,normal,seed16,72,9019.872727272726
hpmcounter3,normal,seed16,73,9019.8
hpmcounter3,normal,seed16,74,9019.721212121212
hpmcounter3,normal,seed16,75,9019.6
hpmcounter3,normal,seed16,76,9019.818181818182
hpmcounter3,normal,seed16,77,9020.0
hpmcounter3,normal,seed16,78,9020.157575757576
hpmcounter3,normal,seed16,79,9020.533333333333
hpmcounter3,normal,seed16,80,9020.884848484848
hpmcounter3,normal,seed16,81,9021.054545454546
hpmcounter3,normal,seed16,82,9021.018181818183
hpmcounter3,normal,seed16,83,9020.666666666666
hpmcounter3,normal,seed16,84,9020.309090909092
hpmcounter3,normal,seed16,85,9019.630303030302
hpmcounter3,normal,seed16,86,9019.309090909092
hpmcounter3,normal,seed16,87,9018.896969696969
hpmcounter3,normal,seed16,88,9018.472727272727
hpmcounter3,normal,seed16,89,9018.248484848486
hpmcounter3,normal,seed16,90,9018.345454545455
hpmcounter3,normal,seed16,91,9018.80606060606
hpmcounter3,normal,seed16,92,9019.581818181818
hpmcounter3,normal,seed16,93,9020.357575757576
hpmcounter3,normal,seed16,94,9021.10909090909
hpmcounter3,normal,seed16,95,9021.436363636363
hpmcounter3,normal,seed16,96,9021.666666666666
hpmcounter3,normal,seed16,97,9021.612121212122
hpmcounter3,normal,seed16,98,9021.260606060607
hpmcounter3,normal,seed16,99,9020.666666666666
hpmcounter3,normal,seed16,100,9020.260606060607
hpmcounter3,normal,seed16,101,9019.878787878788
hpmcounter3,normal,seed16,102,9020.084848484848
hpmcounter3,normal,seed16,103,9020.242424242424
hpmcounter3,normal,seed16,104,9020.266666666666
hpmcounter3,normal,seed16,105,9020.181818181818
hpmcounter3,normal,seed16,106,9020.121212121212
hpmcounter3,normal,seed16,107,9019.8
hpmcounter3,normal,seed16,108,9019.472727272727
hpmcounter3,normal,seed16,109,9019.018181818183
hpmcounter3,normal,seed16,110,9018.648484848485
hpmcounter3,normal,seed16,111,9018.278787878788
hpmcounter3,normal,seed16,112,9018.157575757576
hpmcounter3,normal,seed16,113,9018.036363636364
hpmcounter3,normal,seed16,114,9017.969696969696
hpmcounter3,normal,seed16,115,9017.563636363637
hpmcounter3,normal,seed16,116,9017.351515151515
hpmcounter3,normal,seed16,117,9236.145454545454
hpmcounter3,normal,seed16,118,9406.50909090909
hpmcounter3,normal,seed16,119,9528.266666666666
hpmcounter3,normal,seed16,120,9601.309090909092
hpmcounter3,normal,seed16,121,9625.769696969697
hpmcounter3,normal,seed16,122,9601.678787878787
hpmcounter3,normal,seed16,123,9529.163636363637
hpmcounter3,normal,seed16,124,9408.406060606061
hpmcounter3,normal,seed16,125,9238.866666666667
hpmcounter3,normal,seed16,126,9020.515151515152
hpmcounter3,normal,seed16,127,9021.278787878788
hpmcounter3,normal,seed16,128,9022.09696969697
hpmcounter3,normal,seed16,129,9022.733333333334
hpmcounter3,normal,seed16,130,9022.787878787878
hpmcounter3,normal,seed16,131,9022.642424242424
hpmcounter3,normal,seed16,132,9022.6
hpmcounter3,normal,seed16,133,9022.066666666668
hpmcounter3,normal,seed16,134,9021.763636363636
hpmcounter3,normal,seed16,135,9021.551515151516
hpmcounter3,normal,seed16,136,9021.375757575757
hpmcounter3,normal,seed16,137,9021.236363636364
hpmcounter3,normal,seed16,138,9021.181818181818
hpmcounter3,normal,seed16,139,9021.127272727274
hpmcounter3,normal,seed16,140,9020.612121212122
hpmcounter3,normal,seed16,141,9020.103030303031
hpmcounter3,normal,seed16,142,9020.078787878789
hpmcounter3,normal,seed16,143,9019.745454545455
hpmcounter3,normal,seed16,144,9019.521212121212
hpmcounter3,normal,seed16,145,9019.363636363636
hpmcounter3,normal,seed16,146,9238.90909090909
hpmcounter3,normal,seed16,147,9628.30303030303
hpmcounter3,normal,seed16,148,10138.866666666667
hpmcounter3,normal,seed16,149,10722.0
hpmcounter3,normal,seed16,150,11328.79393939394
hpmcounter3,normal,seed16,151,11692.533333333333
hpmcounter3,normal,seed16,152,11813.460606060606
hpmcounter3,normal,seed16,153,11691.357575757576
hpmcounter3,normal,seed16,154,11326.290909090909
hpmcounter3,normal,seed16,155,10718.436363636363
hpmcounter3,normal,seed16,156,10135.872727272726
hpmcounter3,normal,seed16,157,9626.406060606061
hpmcounter3,normal,seed16,158,9238.50303030303
hpmcounter3,normal,seed16,159,9020.49696969697
hpmcounter3,normal,seed16,160,9020.721212121212
hpmcounter3,normal,seed16,161,9020.884848484848
hpmcounter3,normal,seed16,162,9020.769696969697
hpmcounter3,normal,seed16,163,9020.50909090909
hpmcounter3,normal,seed16,164,9020.430303030304
hpmcounter3,normal,seed16,165,9020.551515151516
hpmcounter3,normal,seed16,166,9020.71515151515
hpmcounter3,normal,seed16,167,9021.018181818183
hpmcounter3,normal,seed16,168,9021.515151515152
hpmcounter3,normal,seed16,169,9021.854545454546
hpmcounter3,normal,seed16,170,9021.939393939394
hpmcounter3,normal,seed16,171,9022.066666666668
hpmcounter3,normal,seed16,172,9021.824242424242
hpmcounter3,normal,seed16,173,9021.418181818182
hpmcounter3,normal,seed16,174,9021.103030303031
hpmcounter3,normal,seed16,175,9020.642424242424
hpmcounter3,normal,seed16,176,9020.39393939394
hpmcounter3,normal,seed16,177,9019.878787878788
hpmcounter3,normal,seed16,178,9019.381818181819
hpmcounter3,normal,seed16,179,9018.830303030303
hpmcounter3,normal,seed16,180,9018.551515151516
hpmcounter3,normal,seed16,181,9018.630303030302
hpmcounter3,normal,seed16,182,9018.781818181818
hpmcounter3,normal,seed16,183,9019.084848484848
hpmcounter3,normal,seed16,184,9019.442424242425
hpmcounter3,normal,seed16,185,9019.557575757575
hpmcounter3,normal,seed16,186,9019.915151515152
hpmcounter3,normal,seed16,187,9019.993939393938
hpmcounter3,normal,seed16,188,9019.842424242424
hpmcounter3,normal,seed16,189,9019.545454545454
hpmcounter3,normal,seed16,190,9019.49090909091
hpmcounter3,normal,seed16,191,9019.660606060606
hpmcounter3,normal,seed16,192,9019.975757575758
hpmcounter3,normal,seed16,193,9020.4
hpmcounter3,normal,seed16,194,9020.775757575757
hpmcounter3,normal,seed16,195,9021.054545454546
hpmcounter3,normal,seed16,196,9021.539393939394
hpmcounter3,normal,seed16,197,9022.006060606062
hpmcounter3,normal,seed16,198,9022.430303030304
hpmcounter3,normal,seed16,199,9022.448484848484
hpmcounter3,normal,seed16,200,9022.357575757576
hpmcounter3,normal,seed16,201,9022.078787878789
hpmcounter3,normal,seed16,202,9021.648484848485
hpmcounter3,normal,seed16,203,9021.169696969697
hpmcounter3,normal,seed16,204,9020.721212121212
hpmcounter3,normal,seed16,205,9020.151515151516
hpmcounter3,normal,seed16,206,9019.939393939394
hpmcounter3,normal,seed16,207,9019.442424242425
hpmcounter3,normal,seed16,208,9019.10909090909
hpmcounter3,normal,seed16,209,9018.709090909091
hpmcounter3,normal,seed16,210,9018.551515151516
hpmcounter3,normal,seed16,211,9018.430303030304
hpmcounter3,normal,seed16,212,9018.563636363637
hpmcounter3,normal,seed16,213,9018.630303030302
hpmcounter3,normal,seed16,214,9018.787878787878
hpmcounter3,normal,seed16,215,9018.981818181817
hpmcounter3,normal,seed16,216,9019.49696969697
hpmcounter3,normal,seed16,217,9019.460606060606
hpmcounter3,normal,seed16,218,9019.333333333334
hpmcounter3,normal,seed16,219,9019.290909090909
hpmcounter3,normal,seed16,220,9019.266666666666
hpmcounter3,normal,seed16,221,9019.127272727274
hpmcounter3,normal,seed16,222,9018.71515151515
hpmcounter3,normal,seed16,223,9018.290909090909
hpmcounter3,normal,seed16,224,9018.006060606062
hpmcounter3,normal,seed16,225,9017.957575757575
hpmcounter3,normal,seed16,226,9018.266666666666
hpmcounter3,normal,seed16,227,9018.654545454545
hpmcounter3,normal,seed16,228,9019.018181818183
hpmcounter3,normal,seed16,229,9019.424242424242
hpmcounter3,normal,seed16,230,9020.103030303031
hpmcounter3,normal,seed16,231,9020.678787878787
hpmcounter3,normal,seed16,232,9020.442424242425
hpmcounter3,normal,seed16,233,9020.127272727274
hpmcounter3,normal,seed16,234,9019.745454545455
hpmcounter3,normal,seed16,235,9019.442424242425
hpmcounter3,normal,seed16,236,9019.339393939394
hpmcounter3,normal,seed16,237,9018.957575757575
hpmcounter3,normal,seed16,238,9018.557575757575
hpmcounter3,normal,seed16,239,9018.042424242425
hpmcounter3,normal,seed16,240,9017.933333333332
hpmcounter3,normal,seed16,241,9017.824242424242
hpmcounter3,normal,seed16,242,9017.70303030303
hpmcounter3,normal,seed16,243,9017.8
hpmcounter3,normal,seed16,244,9017.872727272726
hpmcounter3,normal,seed16,245,9018.163636363637
hpmcounter3,normal,seed16,246,9018.80606060606
hpmcounter3,normal,seed16,247,9018.981818181817
hpmcounter3,normal,seed16,248,9019.072727272727
hpmcounter3,normal,seed16,249,9018.836363636363
hpmcounter3,normal,seed16,250,9019.030303030304
hpmcounter3,normal,seed16,251,9019.18787878788
hpmcounter3,normal,seed16,252,9019.133333333333
hpmcounter3,normal,seed16,253,9019.29696969697
hpmcounter3,normal,seed16,254,9019.30303030303
hpmcounter3,normal,seed16,255,9019.448484848484
hpmcounter3,normal,seed16,256,9019.557575757575
hpmcounter3,normal,seed16,257,9019.630303030302
hpmcounter3,normal,seed16,258,9019.533333333333
hpmcounter3,normal,seed16,259,9237.969696969696
hpmcounter3,normal,seed16,260,9408.484848484848
hpmcounter3,normal,seed16,261,9748.642424242424
hpmcounter3,normal,seed16,262,9991.551515151516
hpmcounter3,normal,seed16,263,10137.430303030304
hpmcounter3,normal,seed16,264,10404.272727272728
hpmcounter3,normal,seed16,265,10743.866666666667
hpmcounter3,normal,seed16,266,11107.230303030303
hpmcounter3,normal,seed16,267,11446.121212121212
hpmcounter3,normal,seed16,268,11711.921212121211
hpmcounter3,normal,seed16,269,11905.460606060606
hpmcounter3,normal,seed16,270,11808.018181818183
hpmcounter3,normal,seed16,271,11686.290909090909
hpmcounter3,normal,seed16,272,11322.309090909092
hpmcounter3,normal,seed16,273,10715.854545454546
hpmcounter3,normal,seed16,274,10133.684848484849
hpmcounter3,normal,seed16,275,9624.50909090909
hpmcounter3,normal,seed16,276,9236.690909090908
hpmcounter3,normal,seed16,277,9018.636363636364
hpmcounter3,normal,seed16,278,9018.951515151515
hpmcounter3,normal,seed16,279,9019.563636363637
hpmcounter3,normal,seed16,280,9019.939393939394
hpmcounter3,normal,seed16,281,9020.315151515151
hpmcounter3,normal,seed16,282,9020.884848484848
hpmcounter3,normal,seed16,283,9021.41212121212
hpmcounter3,normal,seed16,284,9021.672727272728
hpmcounter3,normal,seed16,285,9021.818181818182
hpmcounter3,normal,seed16,286,9021.79393939394
hpmcounter3,normal,seed16,287,9021.448484848484
hpmcounter3,normal,seed16,288,9021.254545454545
hpmcounter3,normal,seed16,289,9021.024242424242
hpmcounter3,normal,seed16,290,9020.769696969697
hpmcounter3,normal,seed16,291,9020.50303030303
hpmcounter3,normal,seed16,292,9020.763636363636
hpmcounter3,normal,seed16,293,9021.066666666668
hpmcounter3,normal,seed16,294,9021.357575757576
hpmcounter3,normal,seed16,295,9021.527272727273
hpmcounter3,normal,seed16,296,9021.41212121212
hpmcounter3,normal,seed16,297,9021.0
hpmcounter3,normal,seed16,298,9020.733333333334
hpmcounter3,normal,seed17,9,9895.084848484848
hpmcounter3,normal,seed17,10,10086.266666666666
hpmcounter3,normal,seed17,11,10400.90909090909
hpmcounter3,normal,seed17,12,10790.19393939394
hpmcounter3,normal,seed17,13,11205.260606060607
hpmcounter3,normal,seed17,14,11597.90303030303
hpmcounter3,normal,seed17,15,11919.175757575758
hpmcounter3,normal,seed17,16,12120.363636363636
hpmcounter3,normal,seed17,17,12414.818181818182
hpmcounter3,normal,seed17,18,12802.915151515152
hpmcounter3,normal,seed17,19,13020.969696969696
hpmcounter3,normal,seed17,20,13020.41212121212
hpmcounter3,normal,seed17,21,13020.0
hpmcounter3,normal,seed17,22,13019.751515151514
hpmcounter3,normal,seed17,23,12801.4
hpmcounter3,normal,seed17,24,12413.442424242425
hpmcounter3,normal,seed17,25,11904.442424242425
hpmcounter3,normal,seed17,26,11322.478787878788
hpmcounter3,normal,seed17,27,10716.236363636364
hpmcounter3,normal,seed17,28,10134.309090909092
hpmcounter3,normal,seed17,29,9625.30303030303
hpmcounter3,normal,seed17,30,9237.375757575757
hpmcounter3,normal,seed17,31,9019.242424242424
hpmcounter3,normal,seed17,32,9019.29696969697
hpmcounter3,normal,seed17,33,9019.30303030303
hpmcounter3,normal,seed17,34,9019.230303030303
hpmcounter3,normal,seed17,35,9019.278787878788
hpmcounter3,normal,seed17,36,9019.357575757576
hpmcounter3,normal,seed17,37,9019.418181818182
hpmcounter3,normal,seed17,38,9019.527272727273
hpmcounter3,normal,seed17,39,9019.751515151514
hpmcounter3,normal,seed17,40,9019.81212121212
hpmcounter3,normal,seed17,41,9019.842424242424
hpmcounter3,normal,seed17,42,9020.09696969697
hpmcounter3,normal,seed17,43,9020.29696969697
hpmcounter3,normal,seed17,44,9020.50303030303
hpmcounter3,normal,seed17,45,9020.666666666666
hpmcounter3,normal,seed17,46,9020.690909090908
hpmcounter3,normal,seed17,47,9020.569696969696
hpmcounter3,normal,seed17,48,9020.315151515151
hpmcounter3,normal,seed17,49,9020.224242424243
hpmcounter3,normal,seed17,50,9020.339393939394
hpmcounter3,normal,seed17,51,9020.248484848486
hpmcounter3,normal,seed17,52,9020.466666666667
hpmcounter3,normal,seed17,53,9020.90303030303
hpmcounter3,normal,seed17,54,9021.327272727272
hpmcounter3,normal,seed17,55,9021.612121212122
hpmcounter3,normal,seed17,56,9021.636363636364
hpmcounter3,normal,seed17,57,9021.418181818182
hpmcounter3,normal,seed17,58,9021.054545454546
hpmcounter3,normal,seed17,59,9020.50303030303
hpmcounter3,normal,seed17,60,9020.381818181819
hpmcounter3,normal,seed17,61,9020.369696969698
hpmcounter3,normal,seed17,62,9020.69696969697
hpmcounter3,normal,seed17,63,9021.212121212122
hpmcounter3,normal,seed17,64,9021.4
hpmcounter3,normal,seed17,65,9021.533333333333
hpmcounter3,normal,seed17,66,9021.575757575758
hpmcounter3,normal,seed17,67,9021.745454545455
hpmcounter3,normal,seed17,68,9021.993939393938
hpmcounter3,normal,seed17,69,9022.018181818183
hpmcounter3,normal,seed17,70,9022.060606060606
hpmcounter3,normal,seed17,71,9022.048484848485
hpmcounter3,normal,seed17,72,9021.866666666667
hpmcounter3,normal,seed17,73,9021.563636363637
hpmcounter3,normal,seed17,74,9021.060606060606
hpmcounter3,normal,seed17,75,9020.381818181819
hpmcounter3,normal,seed17,76,9019.80606060606
hpmcounter3,normal,seed17,77,9019.630303030302
hpmcounter3,normal,seed17,78,9019.593939393939
hpmcounter3,normal,seed17,79,9019.866666666667
hpmcounter3,normal,seed17,80,9020.151515151516
hpmcounter3,normal,seed17,81,9020.448484848484
hpmcounter3,normal,seed17,82,9020.381818181819
hpmcounter3,normal,seed17,83,9020.30303030303
hpmcounter3,normal,seed17,84,9020.49696969697
hpmcounter3,normal,seed17,85,9020.484848484848
hpmcounter3,normal,seed17,86,9020.593939393939
hpmcounter3,normal,seed17,87,9020.957575757575
hpmcounter3,normal,seed17,88,9021.09090909091
hpmcounter3,normal,seed17,89,9021.290909090909
hpmcounter3,normal,seed17,90,9021.10909090909
hpmcounter3,normal,seed17,91,9021.09696969697
hpmcounter3,normal,seed17,92,9021.018181818183
hpmcounter3,normal,seed17,93,9020.89090909091
hpmcounter3,normal,seed17,94,9021.066666666668
hpmcounter3,normal,seed17,95,9021.30303030303
hpmcounter3,normal,seed17,96,9021.381818181819
hpmcounter3,normal,seed17,97,9021.460606060606
hpmcounter3,normal,seed17,98,9021.375757575757
hpmcounter3,normal,seed17,99,9021.260606060607
hpmcounter3,normal,seed17,100,9020.945454545454
hpmcounter3,normal,seed17,101,9020.757575757576
hpmcounter3,normal,seed17,102,9020.775757575757
hpmcounter3,normal,seed17,103,9020.824242424242
hpmcounter3,normal,seed17,104,9020.775757575757
hpmcounter3,normal,seed17,105,9020.70303030303
hpmcounter3,normal,seed17,106,9020.49696969697
hpmcounter3,normal,seed17,107,9020.157575757576
hpmcounter3,normal,seed17,108,9019.80606060606
hpmcounter3,normal,seed17,109,9019.430303030304
hpmcounter3,normal,seed17,110,9019.29696969697
hpmcounter3,normal,seed17,111,9019.145454545454
hpmcounter3,normal,seed17,112,9019.254545454545
hpmcounter3,normal,seed17,113,9019.472727272727
hpmcounter3,normal,seed17,114,9019.654545454545
hpmcounter3,normal,seed17,115,9019.860606060605
hpmcounter3,normal,seed17,116,9020.28484848485
hpmcounter3,normal,seed17,117,9020.690909090908
hpmcounter3,normal,seed17,118,9021.218181818182
hpmcounter3,normal,seed17,119,9021.50303030303
hpmcounter3,normal,seed17,120,9021.842424242424
hpmcounter3,normal,seed17,121,9021.79393939394
hpmcounter3,normal,seed17,122,9021.6
hpmcounter3,normal,seed17,123,9021.19393939394
hpmcounter3,normal,seed17,124,9020.763636363636
hpmcounter3,normal,seed17,125,9020.333333333334
hpmcounter3,normal,seed17,126,9019.842424242424
hpmcounter3,normal,seed17,127,9019.593939393939
hpmcounter3,normal,seed17,128,9019.50303030303
hpmcounter3,normal,seed17,129,9019.339393939394
hpmcounter3,normal,seed17,130,9019.41212121212
hpmcounter3,normal,seed17,131,9019.315151515151
hpmcounter3,normal,seed17,132,9019.50909090909
hpmcounter3,normal,seed17,133,9019.672727272728
hpmcounter3,normal,seed17,134,9019.872727272726
hpmcounter3,normal,seed17,135,9020.0
hpmcounter3,normal,seed17,136,9019.866666666667
hpmcounter3,normal,seed17,137,9019.824242424242
hpmcounter3,normal,seed17,138,9019.751515151514
hpmcounter3,normal,seed17,139,9019.70303030303
hpmcounter3,normal,seed17,140,9019.787878787878
hpmcounter3,normal,seed17,141,9019.739393939393
hpmcounter3,normal,seed17,142,9019.824242424242
hpmcounter3,normal,seed17,143,9019.945454545454
hpmcounter3,normal,seed17,144,9019.981818181817
hpmcounter3,normal,seed17,145,9019.824242424242
hpmcounter3,normal,seed17,146,9019.81212121212
hpmcounter3,normal,seed17,147,9019.8
hpmcounter3,normal,seed17,148,9020.060606060606
hpmcounter3,normal,seed17,149,9020.260606060607
hpmcounter3,normal,seed17,150,9020.533333333333
hpmcounter3,normal,seed17,151,9020.824242424242
hpmcounter3,normal,seed17,152,9020.933333333332
hpmcounter3,normal,seed17,153,9021.145454545454
hpmcounter3,normal,seed17,154,9021.139393939395
hpmcounter3,normal,seed17,155,9020.727272727272
hpmcounter3,normal,seed17,156,9020.527272727273
hpmcounter3,normal,seed17,157,9020.133333333333
hpmcounter3,normal,seed17,158,9238.957575757575
hpmcounter3,normal,seed17,159,9409.127272727274
hpmcounter3,normal,seed17,160,9530.751515151514
hpmcounter3,normal,seed17,161,9603.654545454545
hpmcounter3,normal,seed17,162,9627.915151515152
hpmcounter3,normal,seed17,163,9603.557575757575
hpmcounter3,normal,seed17,164,9530.824242424242
hpmcounter3,normal,seed17,165,9409.248484848486
hpmcounter3,normal,seed17,166,9239.4
hpmcounter3,normal,seed17,167,9020.593939393939
hpmcounter3,normal,seed17,168,9020.727272727272
hpmcounter3,normal,seed17,169,9020.787878787878
hpmcounter3,normal,seed17,170,9020.8
hpmcounter3,normal,seed17,171,9020.654545454545
hpmcounter3,normal,seed17,172,9020.569696969696
hpmcounter3,normal,seed17,173,9020.224242424243
hpmcounter3,normal,seed17,174,9020.060606060606
hpmcounter3,normal,seed17,175,9019.751515151514
hpmcounter3,normal,seed17,176,9019.927272727273
hpmcounter3,normal,seed17,177,9020.036363636364
hpmcounter3,normal,seed17,178,9020.18787878788
hpmcounter3,normal,seed17,179,9020.327272727272
hpmcounter3,normal,seed17,180,9020.539393939394
hpmcounter3,normal,seed17,181,9020.557575757575
hpmcounter3,normal,seed17,182,9020.757575757576
hpmcounter3,normal,seed17,183,9020.721212121212
hpmcounter3,normal,seed17,184,9020.690909090908
hpmcounter3,normal,seed17,185,9020.466666666667
hpmcounter3,normal,seed17,186,9020.466666666667
hpmcounter3,normal,seed17,187,9020.351515151515
hpmcounter3,normal,seed17,188,9020.309090909092
hpmcounter3,normal,seed17,189,9020.20606060606
hpmcounter3,normal,seed17,190,9020.2
hpmcounter3,normal,seed17,191,9020.072727272727
hpmcounter3,normal,seed17,192,9020.012121212121
hpmcounter3,normal,seed17,193,9019.733333333334
hpmcounter3,normal,seed17,194,9019.49090909091
hpmcounter3,normal,seed17,195,9019.133333333333
hpmcounter3,normal,seed17,196,9019.048484848485
hpmcounter3,normal,seed17,197,9018.818181818182
hpmcounter3,normal,seed17,198,9018.654545454545
hpmcounter3,normal,seed17,199,9018.539393939394
hpmcounter3,normal,seed17,200,9018.254545454545
hpmcounter3,normal,seed17,201,9018.175757575758
hpmcounter3,normal,seed17,202,9018.236363636364
hpmcounter3,normal,seed17,203,9018.521212121212
hpmcounter3,normal,seed17,204,9018.927272727273
hpmcounter3,normal,seed17,205,9019.18787878788
hpmcounter3,normal,seed17,206,9019.545454545454
hpmcounter3,normal,seed17,207,9019.824242424242
hpmcounter3,normal,seed17,208,9019.945454545454
hpmcounter3,normal,seed17,209,9019.842424242424
hpmcounter3,normal,seed17,210,9019.448484848484
hpmcounter3,normal,seed17,211,9019.006060606062
hpmcounter3,normal,seed17,212,9019.084848484848
hpmcounter3,normal,seed17,213,9019.351515151515
hpmcounter3,normal,seed17,214,9019.6
hpmcounter3,normal,seed17,215,9019.842424242424
hpmcounter3,normal,seed17,216,9020.066666666668
hpmcounter3,normal,seed17,217,9020.315151515151
hpmcounter3,normal,seed17,218,9020.454545454546
hpmcounter3,normal,seed17,219,9020.29696969697
hpmcounter3,normal,seed17,220,9020.006060606062
hpmcounter3,normal,seed17,221,9019.612121212122
hpmcounter3,normal,seed17,222,9019.745454545455
hpmcounter3,normal,seed17,223,9020.066666666668
hpmcounter3,normal,seed17,224,9020.18787878788
hpmcounter3,normal,seed17,225,9020.28484848485
hpmcounter3,normal,seed17,226,9020.466666666667
hpmcounter3,normal,seed17,227,9020.830303030303
hpmcounter3,normal,seed17,228,9021.327272727272
hpmcounter3,normal,seed17,229,9021.654545454545
hpmcounter3,normal,seed17,230,9021.896969696969
hpmcounter3,normal,seed17,231,9021.987878787879
hpmcounter3,normal,seed17,232,9022.048484848485
hpmcounter3,normal,seed17,233,9022.309090909092
hpmcounter3,normal,seed17,234,9022.381818181819
hpmcounter3,normal,seed17,235,9022.242424242424
hpmcounter3,normal,seed17,236,9022.121212121212
hpmcounter3,normal,seed17,237,9021.90909090909
hpmcounter3,normal,seed17,238,9021.830303030303
hpmcounter3,normal,seed17,239,9021.678787878787
hpmcounter3,normal,seed17,240,9021.478787878788
hpmcounter3,normal,seed17,241,9021.175757575758
hpmcounter3,normal,seed17,242,9020.727272727272
hpmcounter3,normal,seed17,243,9020.424242424242
hpmcounter3,normal,seed17,244,9020.236363636364
hpmcounter3,normal,seed17,245,9019.945454545454
hpmcounter3,normal,seed17,246,9019.721212121212
hpmcounter3,normal,seed17,247,9019.533333333333
hpmcounter3,normal,seed17,248,9019.339393939394
hpmcounter3,normal,seed17,249,9019.327272727272
hpmcounter3,normal,seed17,250,9019.145454545454
hpmcounter3,normal,seed17,251,9019.345454545455
hpmcounter3,normal,seed17,252,9019.745454545455
hpmcounter3,normal,seed17,253,9020.230303030303
hpmcounter3,normal,seed17,254,9020.733333333334
hpmcounter3,normal,seed17,255,9021.066666666668
hpmcounter3,normal,seed17,256,9021.315151515151
hpmcounter3,normal,seed17,257,9021.345454545455
hpmcounter3,normal,seed17,258,9020.993939393938
hpmcounter3,normal,seed17,259,9020.70303030303
hpmcounter3,normal,seed17,260,9020.09696969697
hpmcounter3,normal,seed17,261,9019.769696969697
hpmcounter3,normal,seed17,262,9019.81212121212
hpmcounter3,normal,seed17,263,9019.733333333334
hpmcounter3,normal,seed17,264,9019.636363636364
hpmcounter3,normal,seed17,265,9019.478787878788
hpmcounter3,normal,seed17,266,9019.309090909092
hpmcounter3,normal,seed17,267,9019.151515151516
hpmcounter3,normal,seed17,268,9019.024242424242
hpmcounter3,normal,seed17,269,9018.957575757575
hpmcounter3,normal,seed17,270,9018.842424242424
hpmcounter3,normal,seed17,271,9018.89090909091
hpmcounter3,normal,seed17,272,9019.30303030303
hpmcounter3,normal,seed17,273,9019.515151515152
hpmcounter3,normal,seed17,274,9019.745454545455
hpmcounter3,normal,seed17,275,9019.751515151514
hpmcounter3,normal,seed17,276,9019.739393939393
hpmcounter3,normal,seed17,277,9020.0
hpmcounter3,normal,seed17,278,9020.224242424243
hpmcounter3,normal,seed17,279,9020.654545454545
hpmcounter3,normal,seed17,280,9021.0
hpmcounter3,normal,seed17,281,9021.387878787878
hpmcounter3,normal,seed17,282,9021.739393939393
hpmcounter3,normal,seed17,283,9022.042424242425
hpmcounter3,normal,seed17,284,9022.315151515151
hpmcounter3,normal,seed17,285,9022.266666666666
hpmcounter3,normal,seed17,286,9022.181818181818
hpmcounter3,normal,seed17,287,9022.218181818182
hpmcounter3,normal,seed17,288,9022.012121212121
hpmcounter3,normal,seed17,289,9021.80606060606
hpmcounter3,normal,seed17,290,9021.624242424243
hpmcounter3,normal,seed17,291,9021.381818181819
hpmcounter3,normal,seed17,292,9021.048484848485
hpmcounter3,normal,seed17,293,9021.139393939395
hpmcounter3,normal,seed17,294,9021.278787878788
hpmcounter3,normal,seed17,295,9021.424242424242
hpmcounter3,normal,seed17,296,9021.521212121212
hpmcounter3,normal,seed17,297,9021.351515151515
hpmcounter3,normal,seed17,298,9021.19393939394
hpmcounter3,normal,seed18,9,9015.90303030303
hpmcounter3,normal,seed18,10,9015.278787878788
hpmcounter3,normal,seed18,11,9015.048484848485
hpmcounter3,normal,seed18,12,9015.248484848486
hpmcounter3,normal,seed18,13,9015.363636363636
hpmcounter3,normal,seed18,14,9016.163636363637
hpmcounter3,normal,seed18,15,9017.242424242424
hpmcounter3,normal,seed18,16,9018.309090909092
hpmcounter3,normal,seed18,17,9019.424242424242
hpmcounter3,normal,seed18,18,9020.19393939394
hpmcounter3,normal,seed18,19,9020.71515151515
hpmcounter3,normal,seed18,20,9020.787878787878
hpmcounter3,normal,seed18,21,9020.957575757575
hpmcounter3,normal,seed18,22,9021.181818181818
hpmcounter3,normal,seed18,23,9021.29696969697
hpmcounter3,normal,seed18,24,9021.41212121212
hpmcounter3,normal,seed18,25,9021.339393939394
hpmcounter3,normal,seed18,26,9020.981818181817
hpmcounter3,normal,seed18,27,9020.539393939394
hpmcounter3,normal,seed18,28,9020.515151515152
hpmcounter3,normal,seed18,29,9020.69696969697
hpmcounter3,normal,seed18,30,9020.866666666667
hpmcounter3,normal,seed18,31,9020.939393939394
hpmcounter3,normal,seed18,32,9020.884848484848
hpmcounter3,normal,seed18,33,9020.769696969697
hpmcounter3,normal,seed18,34,9020.672727272728
hpmcounter3,normal,seed18,35,9020.648484848485
hpmcounter3,normal,seed18,36,9020.569696969696
hpmcounter3,normal,seed18,37,9020.333333333334
hpmcounter3,normal,seed18,38,9020.472727272727
hpmcounter3,normal,seed18,39,9020.575757575758
hpmcounter3,normal,seed18,40,9020.612121212122
hpmcounter3,normal,seed18,41,9020.515151515152
hpmcounter3,normal,seed18,42,9020.327272727272
hpmcounter3,normal,seed18,43,9020.157575757576
hpmcounter3,normal,seed18,44,9020.09090909091
hpmcounter3,normal,seed18,45,9020.006060606062
hpmcounter3,normal,seed18,46,9020.030303030304
hpmcounter3,normal,seed18,47,9019.969696969696
hpmcounter3,normal,seed18,48,9019.957575757575
hpmcounter3,normal,seed18,49,9019.751515151514
hpmcounter3,normal,seed18,50,9019.418181818182
hpmcounter3,normal,seed18,51,9019.309090909092
hpmcounter3,normal,seed18,52,9019.006060606062
hpmcounter3,normal,seed18,53,9018.842424242424
hpmcounter3,normal,seed18,54,9019.030303030304
hpmcounter3,normal,seed18,55,9019.10909090909
hpmcounter3,normal,seed18,56,9019.078787878789
hpmcounter3,normal,seed18,57,9019.103030303031
hpmcounter3,normal,seed18,58,9019.224242424243
hpmcounter3,normal,seed18,59,9019.309090909092
hpmcounter3,normal,seed18,60,9019.551515151516
hpmcounter3,normal,seed18,61,9019.939393939394
hpmcounter3,normal,seed18,62,9020.10909090909
hpmcounter3,normal,seed18,63,9020.115151515152
hpmcounter3,normal,seed18,64,9020.157575757576
hpmcounter3,normal,seed18,65,9020.103030303031
hpmcounter3,normal,seed18,66,9019.927272727273
hpmcounter3,normal,seed18,67,9019.69696969697
hpmcounter3,normal,seed18,68,9019.49090909091
hpmcounter3,normal,seed18,69,9019.363636363636
hpmcounter3,normal,seed18,70,9019.351515151515
hpmcounter3,normal,seed18,71,9019.260606060607
hpmcounter3,normal,seed18,72,9019.169696969697
hpmcounter3,normal,seed18,73,9019.012121212121
hpmcounter3,normal,seed18,74,9019.006060606062
hpmcounter3,normal,seed18,75,9019.030303030304
hpmcounter3,normal,seed18,76,9019.151515151516
hpmcounter3,normal,seed18,77,9019.236363636364
hpmcounter3,normal,seed18,78,9019.39393939394
hpmcounter3,normal,seed18,79,9019.690909090908
hpmcounter3,normal,seed18,80,9019.927272727273
hpmcounter3,normal,seed18,81,9020.175757575758
hpmcounter3,normal,seed18,82,9020.278787878788
hpmcounter3,normal,seed18,83,9020.236363636364
hpmcounter3,normal,seed18,84,9020.41212121212
hpmcounter3,normal,seed18,85,9020.648484848485
hpmcounter3,normal,seed18,86,9020.690909090908
hpmcounter3,normal,seed18,87,9020.672727272728
hpmcounter3,normal,seed18,88,9020.70303030303
hpmcounter3,normal,seed18,89,9020.648484848485
hpmcounter3,normal,seed18,90,9020.630303030302
hpmcounter3,normal,seed18,91,9020.551515151516
hpmcounter3,normal,seed18,92,9020.654545454545
hpmcounter3,normal,seed18,93,9020.593939393939
hpmcounter3,normal,seed18,94,9020.50303030303
hpmcounter3,normal,seed18,95,9020.49696969697
hpmcounter3,normal,seed18,96,9020.345454545455
hpmcounter3,normal,seed18,97,9020.048484848485
hpmcounter3,normal,seed18,98,9019.763636363636
hpmcounter3,normal,seed18,99,9019.406060606061
hpmcounter3,normal,seed18,100,9019.28484848485
hpmcounter3,normal,seed18,101,9018.860606060605
hpmcounter3,normal,seed18,102,9018.721212121212
hpmcounter3,normal,seed18,103,9018.672727272728
hpmcounter3,normal,seed18,104,9018.660606060606
hpmcounter3,normal,seed18,105,9018.727272727272
hpmcounter3,normal,seed18,106,9018.927272727273
hpmcounter3,normal,seed18,107,9019.127272727274
hpmcounter3,normal,seed18,108,9019.357575757576
hpmcounter3,normal,seed18,109,9019.527272727273
hpmcounter3,normal,seed18,110,9019.933333333332
hpmcounter3,normal,seed18,111,9020.242424242424
hpmcounter3,normal,seed18,112,9020.472727272727
hpmcounter3,normal,seed18,113,9020.6
hpmcounter3,normal,seed18,114,9020.721212121212
hpmcounter3,normal,seed18,115,9020.71515151515
hpmcounter3,normal,seed18,116,9020.81212121212
hpmcounter3,normal,seed18,117,9020.81212121212
hpmcounter3,normal,seed18,118,9020.672727272728
hpmcounter3,normal,seed18,119,9020.527272727273
hpmcounter3,normal,seed18,120,9020.266666666666
hpmcounter3,normal,seed18,121,9019.884848484848
hpmcounter3,normal,seed18,122,9019.648484848485
hpmcounter3,normal,seed18,123,9019.272727272728
hpmcounter3,normal,seed18,124,9019.145454545454
hpmcounter3,normal,seed18,125,9019.012121212121
hpmcounter3,normal,seed18,126,9019.345454545455
hpmcounter3,normal,seed18,127,9019.769696969697
hpmcounter3,normal,seed18,128,9020.084848484848
hpmcounter3,normal,seed18,129,9020.357575757576
hpmcounter3,normal,seed18,130,9020.533333333333
hpmcounter3,normal,seed18,131,9020.50909090909
hpmcounter3,normal,seed18,132,9020.624242424243
hpmcounter3,normal,seed18,133,9020.381818181819
hpmcounter3,normal,seed18,134,9020.418181818182
hpmcounter3,normal,seed18,135,9020.466666666667
hpmcounter3,normal,seed18,136,9020.660606060606
hpmcounter3,normal,seed18,137,9020.79393939394
hpmcounter3,normal,seed18,138,9020.878787878788
hpmcounter3,normal,seed18,139,9020.89090909091
hpmcounter3,normal,seed18,140,9020.915151515152
hpmcounter3,normal,seed18,141,9020.993939393938
hpmcounter3,normal,seed18,142,9021.006060606062
hpmcounter3,normal,seed18,143,9239.993939393938
hpmcounter3,normal,seed18,144,9628.866666666667
hpmcounter3,normal,seed18,145,10138.775757575757
hpmcounter3,normal,seed18,146,10502.933333333332
hpmcounter3,normal,seed18,147,10721.315151515151
hpmcounter3,normal,seed18,148,10793.896969696969
hpmcounter3,normal,seed18,149,10720.581818181818
hpmcounter3,normal,seed18,150,10501.484848484848
hpmcounter3,normal,seed18,151,10136.654545454545
hpmcounter3,normal,seed18,152,9626.169696969697
hpmcounter3,normal,seed18,153,9237.775757575757
hpmcounter3,normal,seed18,154,9019.430303030304
hpmcounter3,normal,seed18,155,9019.290909090909
hpmcounter3,normal,seed18,156,9019.363636363636
hpmcounter3,normal,seed18,157,9019.70303030303
hpmcounter3,normal,seed18,158,9020.242424242424
hpmcounter3,normal,seed18,159,9020.375757575757
hpmcounter3,normal,seed18,160,9020.290909090909
hpmcounter3,normal,seed18,161,9020.09696969697
hpmcounter3,normal,seed18,162,9020.024242424242
hpmcounter3,normal,seed18,163,9019.939393939394
hpmcounter3,normal,seed18,164,9020.006060606062
hpmcounter3,normal,seed18,165,9238.424242424242
hpmcounter3,normal,seed18,166,9626.727272727272
hpmcounter3,normal,seed18,167,10136.418181818182
hpmcounter3,normal,seed18,168,10500.436363636363
hpmcounter3,normal,seed18,169,10718.563636363637
hpmcounter3,normal,seed18,170,10791.072727272727
hpmcounter3,normal,seed18,171,10718.060606060606
hpmcounter3,normal,seed18,172,10499.636363636364
hpmcounter3,normal,seed18,173,10135.678787878787
hpmcounter3,normal,seed18,174,9626.266666666666
hpmcounter3,normal,seed18,175,9238.290909090909
hpmcounter3,normal,seed18,176,9020.10909090909
hpmcounter3,normal,seed18,177,9020.254545454545
hpmcounter3,normal,seed18,178,9020.072727272727
hpmcounter3,normal,seed18,179,9019.781818181818
hpmcounter3,normal,seed18,180,9019.775757575757
hpmcounter3,normal,seed18,181,9020.127272727274
hpmcounter3,normal,seed18,182,9020.460606060606
hpmcounter3,normal,seed18,183,9020.733333333334
hpmcounter3,normal,seed18,184,9021.163636363637
hpmcounter3,normal,seed18,185,9021.484848484848
hpmcounter3,normal,seed18,186,9021.79393939394
hpmcounter3,normal,seed18,187,9021.987878787879
hpmcounter3,normal,seed18,188,9022.018181818183
hpmcounter3,normal,seed18,189,9021.848484848484
hpmcounter3,normal,seed18,190,9021.678787878787
hpmcounter3,normal,seed18,191,9021.690909090908
hpmcounter3,normal,seed18,192,9021.327272727272
hpmcounter3,normal,seed18,193,9020.624242424243
hpmcounter3,normal,seed18,194,9020.115151515152
hpmcounter3,normal,seed18,195,9019.581818181818
hpmcounter3,normal,seed18,196,9019.224242424243
hpmcounter3,normal,seed18,197,9018.90303030303
hpmcounter3,normal,seed18,198,9018.624242424243
hpmcounter3,normal,seed18,199,9237.612121212122
hpmcounter3,normal,seed18,200,9407.969696969696
hpmcounter3,normal,seed18,201,9529.830303030303
hpmcounter3,normal,seed18,202,9602.884848484848
hpmcounter3,normal,seed18,203,9627.218181818182
hpmcounter3,normal,seed18,204,9603.254545454545
hpmcounter3,normal,seed18,205,9530.660606060606
hpmcounter3,normal,seed18,206,9409.381818181819
hpmcounter3,normal,seed18,207,9239.351515151515
hpmcounter3,normal,seed18,208,9020.248484848486
hpmcounter3,normal,seed18,209,9020.278787878788
hpmcounter3,normal,seed18,210,9020.133333333333
hpmcounter3,normal,seed18,211,9019.878787878788
hpmcounter3,normal,seed18,212,9019.733333333334
hpmcounter3,normal,seed18,213,9019.71515151515
hpmcounter3,normal,seed18,214,9019.860606060605
hpmcounter3,normal,seed18,215,9019.866666666667
hpmcounter3,normal,seed18,216,9019.866666666667
hpmcounter3,normal,seed18,217,9019.80606060606
hpmcounter3,normal,seed18,218,9019.563636363637
hpmcounter3,normal,seed18,219,9019.49090909091
hpmcounter3,normal,seed18,220,9019.50909090909
hpmcounter3,normal,seed18,221,9019.406060606061
hpmcounter3,normal,seed18,222,9019.557575757575
hpmcounter3,normal,seed18,223,9019.769696969697
hpmcounter3,normal,seed18,224,9019.824242424242
hpmcounter3,normal,seed18,225,9019.763636363636
hpmcounter3,normal,seed18,226,9019.69696969697
hpmcounter3,normal,seed18,227,9019.557575757575
hpmcounter3,normal,seed18,228,9019.442424242425
hpmcounter3,normal,seed18,229,9019.351515151515
hpmcounter3,normal,seed18,230,9019.430303030304
hpmcounter3,normal,seed18,231,9019.460606060606
hpmcounter3,normal,seed18,232,9019.630303030302
hpmcounter3,normal,seed18,233,9019.739393939393
hpmcounter3,normal,seed18,234,9019.818181818182
hpmcounter3,normal,seed18,235,9019.963636363636
hpmcounter3,normal,seed18,236,9020.09696969697
hpmcounter3,normal,seed18,237,9020.09696969697
hpmcounter3,normal,seed18,238,9020.163636363637
hpmcounter3,normal,seed18,239,9020.066666666668
hpmcounter3,normal,seed18,240,9020.048484848485
hpmcounter3,normal,seed18,241,9019.8
hpmcounter3,normal,seed18,242,9019.630303030302
hpmcounter3,normal,seed18,243,9019.484848484848
hpmcounter3,normal,seed18,244,9019.593939393939
hpmcounter3,normal,seed18,245,9019.769696969697
hpmcounter3,normal,seed18,246,9020.242424242424
hpmcounter3,normal,seed18,247,9020.50303030303
hpmcounter3,normal,seed18,248,9020.781818181818
hpmcounter3,normal,seed18,249,9020.933333333332
hpmcounter3,normal,seed18,250,9021.175757575758
hpmcounter3,normal,seed18,251,9021.242424242424
hpmcounter3,normal,seed18,252,9021.175757575758
hpmcounter3,normal,seed18,253,9020.921212121211
hpmcounter3,normal,seed18,254,9020.636363636364
hpmcounter3,normal,seed18,255,9020.181818181818
hpmcounter3,normal,seed18,256,9019.739393939393
hpmcounter3,normal,seed18,257,9019.290909090909
hpmcounter3,normal,seed18,258,9018.957575757575
hpmcounter3,normal,seed18,259,9018.751515151514
hpmcounter3,normal,seed18,260,9018.860606060605
hpmcounter3,normal,seed18,261,9019.0
hpmcounter3,normal,seed18,262,9019.139393939395
hpmcounter3,normal,seed18,263,9019.127272727274
hpmcounter3,normal,seed18,264,9019.042424242425
hpmcounter3,normal,seed18,265,9018.993939393938
hpmcounter3,normal,seed18,266,9018.878787878788
hpmcounter3,normal,seed18,267,9018.90303030303
hpmcounter3,normal,seed18,268,9019.163636363637
hpmcounter3,normal,seed18,269,9019.515151515152
hpmcounter3,normal,seed18,270,9019.915151515152
hpmcounter3,normal,seed18,271,9020.2
hpmcounter3,normal,seed18,272,9020.357575757576
hpmcounter3,normal,seed18,273,9020.18787878788
hpmcounter3,normal,seed18,274,9019.854545454546
hpmcounter3,normal,seed18,275,9019.478787878788
hpmcounter3,normal,seed18,276,9019.19393939394
hpmcounter3,normal,seed18,277,9019.121212121212
hpmcounter3,normal,seed18,278,9019.272727272728
hpmcounter3,normal,seed18,279,9019.71515151515
hpmcounter3,normal,seed18,280,9020.169696969697
hpmcounter3,normal,seed18,281,9020.6
hpmcounter3,normal,seed18,282,9020.872727272726
hpmcounter3,normal,seed18,283,9020.921212121211
hpmcounter3,normal,seed18,284,9020.854545454546
hpmcounter3,normal,seed18,285,9020.49696969697
hpmcounter3,normal,seed18,286,9019.884848484848
hpmcounter3,normal,seed18,287,9019.309090909092
hpmcounter3,normal,seed18,288,9018.575757575758
hpmcounter3,normal,seed18,289,9018.042424242425
hpmcounter3,normal,seed18,290,9017.70303030303
hpmcounter3,normal,seed18,291,9017.866666666667
hpmcounter3,normal,seed18,292,9018.254545454545
hpmcounter3,normal,seed18,293,9018.50303030303
hpmcounter3,normal,seed18,294,9018.933333333332
hpmcounter3,normal,seed18,295,9019.345454545455
hpmcounter3,normal,seed18,296,9019.581818181818
hpmcounter3,normal,seed18,297,9019.90303030303
hpmcounter3,normal,seed18,298,9019.963636363636
hpmcounter3,normal,seed19,9,9859.527272727273
hpmcounter3,normal,seed19,10,9584.975757575758
hpmcounter3,normal,seed19,11,9219.472727272727
hpmcounter3,normal,seed19,12,9015.945454545454
hpmcounter3,normal,seed19,13,9016.69696969697
hpmcounter3,normal,seed19,14,9017.6
hpmcounter3,normal,seed19,15,9018.581818181818
hpmcounter3,normal,seed19,16,9019.357575757576
hpmcounter3,normal,seed19,17,9020.230303030303
hpmcounter3,normal,seed19,18,9021.09696969697
hpmcounter3,normal,seed19,19,9021.575757575758
hpmcounter3,normal,seed19,20,9021.678787878787
hpmcounter3,normal,seed19,21,9021.739393939393
hpmcounter3,normal,seed19,22,9021.866666666667
hpmcounter3,normal,seed19,23,9022.006060606062
hpmcounter3,normal,seed19,24,9022.145454545454
hpmcounter3,normal,seed19,25,9022.163636363637
hpmcounter3,normal,seed19,26,9022.030303030304
hpmcounter3,normal,seed19,27,9021.593939393939
hpmcounter3,normal,seed19,28,9021.18787878788
hpmcounter3,normal,seed19,29,9020.648484848485
hpmcounter3,normal,seed19,30,9020.351515151515
hpmcounter3,normal,seed19,31,9020.309090909092
hpmcounter3,normal,seed19,32,9020.290909090909
hpmcounter3,normal,seed19,33,9020.430303030304
hpmcounter3,normal,seed19,34,9020.79393939394
hpmcounter3,normal,seed19,35,9021.084848484848
hpmcounter3,normal,seed19,36,9021.290909090909
hpmcounter3,normal,seed19,37,9021.157575757576
hpmcounter3,normal,seed19,38,9020.818181818182
hpmcounter3,normal,seed19,39,9020.460606060606
hpmcounter3,normal,seed19,40,9020.20606060606
hpmcounter3,normal,seed19,41,9020.024242424242
hpmcounter3,normal,seed19,42,9019.872727272726
hpmcounter3,normal,seed19,43,9019.818181818182
hpmcounter3,normal,seed19,44,9019.993939393938
hpmcounter3,normal,seed19,45,9020.321212121213
hpmcounter3,normal,seed19,46,9020.666666666666
hpmcounter3,normal,seed19,47,9020.733333333334
hpmcounter3,normal,seed19,48,9020.739393939393
hpmcounter3,normal,seed19,49,9020.836363636363
hpmcounter3,normal,seed19,50,9021.121212121212
hpmcounter3,normal,seed19,51,9021.424242424242
hpmcounter3,normal,seed19,52,9021.818181818182
hpmcounter3,normal,seed19,53,9022.145454545454
hpmcounter3,normal,seed19,54,9022.50303030303
hpmcounter3,normal,seed19,55,9022.781818181818
hpmcounter3,normal,seed19,56,9022.818181818182
hpmcounter3,normal,seed19,57,9022.478787878788
hpmcounter3,normal,seed19,58,9022.115151515152
hpmcounter3,normal,seed19,59,9021.50909090909
hpmcounter3,normal,seed19,60,9021.060606060606
hpmcounter3,normal,seed19,61,9020.630303030302
hpmcounter3,normal,seed19,62,9020.333333333334
hpmcounter3,normal,seed19,63,9020.151515151516
hpmcounter3,normal,seed19,64,9020.012121212121
hpmcounter3,normal,seed19,65,9019.721212121212
hpmcounter3,normal,seed19,66,9019.369696969698
hpmcounter3,normal,seed19,67,9019.145454545454
hpmcounter3,normal,seed19,68,9019.115151515152
hpmcounter3,normal,seed19,69,9019.2
hpmcounter3,normal,seed19,70,9019.442424242425
hpmcounter3,normal,seed19,71,9019.830303030303
hpmcounter3,normal,seed19,72,9020.218181818182
hpmcounter3,normal,seed19,73,9020.60606060606
hpmcounter3,normal,seed19,74,9020.751515151514
hpmcounter3,normal,seed19,75,9020.69696969697
hpmcounter3,normal,seed19,76,9020.472727272727
hpmcounter3,normal,seed19,77,9020.145454545454
hpmcounter3,normal,seed19,78,9238.630303030302
hpmcounter3,normal,seed19,79,9408.71515151515
hpmcounter3,normal,seed19,80,9530.060606060606
hpmcounter3,normal,seed19,81,9821.454545454546
hpmcounter3,normal,seed19,82,10234.133333333333
hpmcounter3,normal,seed19,83,10715.745454545455
hpmcounter3,normal,seed19,84,11003.89090909091
hpmcounter3,normal,seed19,85,11098.678787878787
hpmcounter3,normal,seed19,86,11000.163636363637
hpmcounter3,normal,seed19,87,10708.254545454545
hpmcounter3,normal,seed19,88,10490.339393939394
hpmcounter3,normal,seed19,89,10127.878787878788
hpmcounter3,normal,seed19,90,9620.593939393939
hpmcounter3,normal,seed19,91,9235.678787878787
hpmcounter3,normal,seed19,92,9021.618181818181
hpmcounter3,normal,seed19,93,9021.945454545454
hpmcounter3,normal,seed19,94,9022.078787878789
hpmcounter3,normal,seed19,95,9022.018181818183
hpmcounter3,normal,seed19,96,9021.830303030303
hpmcounter3,normal,seed19,97,9021.648484848485
hpmcounter3,normal,seed19,98,9021.230303030303
hpmcounter3,normal,seed19,99,9020.993939393938
hpmcounter3,normal,seed19,100,9020.763636363636
hpmcounter3,normal,seed19,101,9020.575757575758
hpmcounter3,normal,seed19,102,9020.50303030303
hpmcounter3,normal,seed19,103,9020.351515151515
hpmcounter3,normal,seed19,104,9020.18787878788
hpmcounter3,normal,seed19,105,9020.121212121212
hpmcounter3,normal,seed19,106,9019.963636363636
hpmcounter3,normal,seed19,107,9019.90303030303
hpmcounter3,normal,seed19,108,9019.818181818182
hpmcounter3,normal,seed19,109,9019.8
hpmcounter3,normal,seed19,110,9019.775757575757
hpmcounter3,normal,seed19,111,9019.648484848485
hpmcounter3,normal,seed19,112,9019.636363636364
hpmcounter3,normal,seed19,113,9019.581818181818
hpmcounter3,normal,seed19,114,9019.70303030303
hpmcounter3,normal,seed19,115,9020.09696969697
hpmcounter3,normal,seed19,116,9020.387878787878
hpmcounter3,normal,seed19,117,9020.69696969697
hpmcounter3,normal,seed19,118,9021.078787878789
hpmcounter3,normal,seed19,119,9021.266666666666
hpmcounter3,normal,seed19,120,9021.181818181818
hpmcounter3,normal,seed19,121,9020.757575757576
hpmcounter3,normal,seed19,122,9020.436363636363
hpmcounter3,normal,seed19,123,9020.054545454546
hpmcounter3,normal,seed19,124,9019.921212121211
hpmcounter3,normal,seed19,125,9019.884848484848
hpmcounter3,normal,seed19,126,9019.79393939394
hpmcounter3,normal,seed19,127,9019.71515151515
hpmcounter3,normal,seed19,128,9019.781818181818
hpmcounter3,normal,seed19,129,9019.884848484848
hpmcounter3,normal,seed19,130,9019.957575757575
hpmcounter3,normal,seed19,131,9020.030303030304
hpmcounter3,normal,seed19,132,9020.242424242424
hpmcounter3,normal,seed19,133,9020.39393939394
hpmcounter3,normal,seed19,134,9020.454545454546
hpmcounter3,normal,seed19,135,9020.448484848484
hpmcounter3,normal,seed19,136,9020.254545454545
hpmcounter3,normal,seed19,137,9019.951515151515
hpmcounter3,normal,seed19,138,9019.618181818181
hpmcounter3,normal,seed19,139,9019.212121212122
hpmcounter3,normal,seed19,140,9019.030303030304
hpmcounter3,normal,seed19,141,9018.896969696969
hpmcounter3,normal,seed19,142,9019.145454545454
hpmcounter3,normal,seed19,143,9019.369696969698
hpmcounter3,normal,seed19,144,9019.666666666666
hpmcounter3,normal,seed19,145,9020.10909090909
hpmcounter3,normal,seed19,146,9020.430303030304
hpmcounter3,normal,seed19,147,9020.49696969697
hpmcounter3,normal,seed19,148,9020.593939393939
hpmcounter3,normal,seed19,149,9020.50909090909
hpmcounter3,normal,seed19,150,9020.442424242425
hpmcounter3,normal,seed19,151,9020.230303030303
hpmcounter3,normal,seed19,152,9020.006060606062
hpmcounter3,normal,seed19,153,9019.551515151516
hpmcounter3,normal,seed19,154,9019.254545454545
hpmcounter3,normal,seed19,155,9019.042424242425
hpmcounter3,normal,seed19,156,9019.048484848485
hpmcounter3,normal,seed19,157,9019.006060606062
hpmcounter3,normal,seed19,158,9019.048484848485
hpmcounter3,normal,seed19,159,9019.145454545454
hpmcounter3,normal,seed19,160,9019.230303030303
hpmcounter3,normal,seed19,161,9019.30303030303
hpmcounter3,normal,seed19,162,9019.254545454545
hpmcounter3,normal,seed19,163,9019.19393939394
hpmcounter3,normal,seed19,164,9019.163636363637
hpmcounter3,normal,seed19,165,9018.975757575758
hpmcounter3,normal,seed19,166,9019.060606060606
hpmcounter3,normal,seed19,167,9019.242424242424
hpmcounter3,normal,seed19,168,9019.278787878788
hpmcounter3,normal,seed19,169,9019.454545454546
hpmcounter3,normal,seed19,170,9019.581818181818
hpmcounter3,normal,seed19,171,9019.769696969697
hpmcounter3,normal,seed19,172,9019.969696969696
hpmcounter3,normal,seed19,173,9020.157575757576
hpmcounter3,normal,seed19,174,9020.442424242425
hpmcounter3,normal,seed19,175,9020.557575757575
hpmcounter3,normal,seed19,176,9020.787878787878
hpmcounter3,normal,seed19,177,9020.945454545454
hpmcounter3,normal,seed19,178,9021.060606060606
hpmcounter3,normal,seed19,179,9021.230303030303
hpmcounter3,normal,seed19,180,9021.418181818182
hpmcounter3,normal,seed19,181,9021.58787878788
hpmcounter3,normal,seed19,182,9021.751515151514
hpmcounter3,normal,seed19,183,9021.624242424243
hpmcounter3,normal,seed19,184,9021.472727272727
hpmcounter3,normal,seed19,185,9020.969696969696
hpmcounter3,normal,seed19,186,9020.242424242424
hpmcounter3,normal,seed19,187,9019.406060606061
hpmcounter3,normal,seed19,188,9018.79393939394
hpmcounter3,normal,seed19,189,9018.418181818182
hpmcounter3,normal,seed19,190,9018.369696969698
hpmcounter3,normal,seed19,191,9018.454545454546
hpmcounter3,normal,seed19,192,9018.642424242424
hpmcounter3,normal,seed19,193,9018.769696969697
hpmcounter3,normal,seed19,194,9018.860606060605
hpmcounter3,normal,seed19,195,9018.915151515152
hpmcounter3,normal,seed19,196,9018.981818181817
hpmcounter3,normal,seed19,197,9018.89090909091
hpmcounter3,normal,seed19,198,9018.993939393938
hpmcounter3,normal,seed19,199,9019.4
hpmcounter3,normal,seed19,200,9019.745454545455
hpmcounter3,normal,seed19,201,9020.084848484848
hpmcounter3,normal,seed19,202,9020.339393939394
hpmcounter3,normal,seed19,203,9020.593939393939
hpmcounter3,normal,seed19,204,9020.775757575757
hpmcounter3,normal,seed19,205,9020.945454545454
hpmcounter3,normal,seed19,206,9021.278787878788
hpmcounter3,normal,seed19,207,9021.454545454546
hpmcounter3,normal,seed19,208,9021.690909090908
hpmcounter3,normal,seed19,209,9021.769696969697
hpmcounter3,normal,seed19,210,9021.757575757576
hpmcounter3,normal,seed19,211,9021.684848484849
hpmcounter3,normal,seed19,212,9021.8
hpmcounter3,normal,seed19,213,9021.660606060606
hpmcounter3,normal,seed19,214,9021.557575757575
hpmcounter3,normal,seed19,215,9021.460606060606
hpmcounter3,normal,seed19,216,9021.436363636363
hpmcounter3,normal,seed19,217,9021.375757575757
hpmcounter3,normal,seed19,218,9021.575757575758
hpmcounter3,normal,seed19,219,9021.515151515152
hpmcounter3,normal,seed19,220,9021.58787878788
hpmcounter3,normal,seed19,221,9021.660606060606
hpmcounter3,normal,seed19,222,9022.175757575758
hpmcounter3,normal,seed19,223,9022.460606060606
hpmcounter3,normal,seed19,224,9022.272727272728
hpmcounter3,normal,seed19,225,9021.836363636363
hpmcounter3,normal,seed19,226,9021.472727272727
hpmcounter3,normal,seed19,227,9020.939393939394
hpmcounter3,normal,seed19,228,9020.460606060606
hpmcounter3,normal,seed19,229,9019.745454545455
hpmcounter3,normal,seed19,230,9019.327272727272
hpmcounter3,normal,seed19,231,9019.381818181819
hpmcounter3,normal,seed19,232,9019.884848484848
hpmcounter3,normal,seed19,233,9020.375757575757
hpmcounter3,normal,seed19,234,9020.612121212122
hpmcounter3,normal,seed19,235,9020.569696969696
hpmcounter3,normal,seed19,236,9020.515151515152
hpmcounter3,normal,seed19,237,9020.472727272727
hpmcounter3,normal,seed19,238,9020.2
hpmcounter3,normal,seed19,239,9019.672727272728
hpmcounter3,normal,seed19,240,9018.957575757575
hpmcounter3,normal,seed19,241,9018.448484848484
hpmcounter3,normal,seed19,242,9018.460606060606
hpmcounter3,normal,seed19,243,9018.4
hpmcounter3,normal,seed19,244,9018.618181818181
hpmcounter3,normal,seed19,245,9018.739393939393
hpmcounter3,normal,seed19,246,9018.763636363636
hpmcounter3,normal,seed19,247,9018.824242424242
hpmcounter3,normal,seed19,248,9019.139393939395
hpmcounter3,normal,seed19,249,9019.49696969697
hpmcounter3,normal,seed19,250,9019.478787878788
hpmcounter3,normal,seed19,251,9019.357575757576
hpmcounter3,normal,seed19,252,9019.472727272727
hpmcounter3,normal,seed19,253,9019.569696969696
hpmcounter3,normal,seed19,254,9019.769696969697
hpmcounter3,normal,seed19,255,9019.787878787878
hpmcounter3,normal,seed19,256,9019.787878787878
hpmcounter3,normal,seed19,257,9019.678787878787
hpmcounter3,normal,seed19,258,9019.89090909091
hpmcounter3,normal,seed19,259,9019.963636363636
hpmcounter3,normal,seed19,260,9019.927272727273
hpmcounter3,normal,seed19,261,9019.987878787879
hpmcounter3,normal,seed19,262,9019.981818181817
hpmcounter3,normal,seed19,263,9020.0
hpmcounter3,normal,seed19,264,9019.769696969697
hpmcounter3,normal,seed19,265,9019.369696969698
hpmcounter3,normal,seed19,266,9019.10909090909
hpmcounter3,normal,seed19,267,9018.933333333332
hpmcounter3,normal,seed19,268,9019.127272727274
hpmcounter3,normal,seed19,269,9019.127272727274
hpmcounter3,normal,seed19,270,9019.254545454545
hpmcounter3,normal,seed19,271,9019.424242424242
hpmcounter3,normal,seed19,272,9019.581818181818
hpmcounter3,normal,seed19,273,9019.660606060606
hpmcounter3,normal,seed19,274,9019.472727272727
hpmcounter3,normal,seed19,275,9019.127272727274
hpmcounter3,normal,seed19,276,9018.975757575758
hpmcounter3,normal,seed19,277,9018.721212121212
hpmcounter3,normal,seed19,278,9018.721212121212
hpmcounter3,normal,seed19,279,9018.648484848485
hpmcounter3,normal,seed19,280,9018.787878787878
hpmcounter3,normal,seed19,281,9018.818181818182
hpmcounter3,normal,seed19,282,9018.763636363636
hpmcounter3,normal,seed19,283,9018.757575757576
hpmcounter3,normal,seed19,284,9018.775757575757
hpmcounter3,normal,seed19,285,9018.684848484849
hpmcounter3,normal,seed19,286,9018.69696969697
hpmcounter3,normal,seed19,287,9018.593939393939
hpmcounter3,normal,seed19,288,9018.430303030304
hpmcounter3,normal,seed19,289,9018.424242424242
hpmcounter3,normal,seed19,290,9018.575757575758
hpmcounter3,normal,seed19,291,9018.830303030303
hpmcounter3,normal,seed19,292,9018.963636363636
hpmcounter3,normal,seed19,293,9019.248484848486
hpmcounter3,normal,seed19,294,9019.618181818181
hpmcounter3,normal,seed19,295,9019.884848484848
hpmcounter3,normal,seed19,296,9020.133333333333
hpmcounter3,normal,seed19,297,9020.369696969698
hpmcounter3,normal,seed19,298,9020.6
hpmcounter3,normal,seed2,9,9013.848484848484
hpmcounter3,normal,seed2,10,9013.60606060606
hpmcounter3,normal,seed2,11,9013.80606060606
hpmcounter3,normal,seed2,12,9014.351515151515
hpmcounter3,normal,seed2,13,9015.2
hpmcounter3,normal,seed2,14,9016.266666666666
hpmcounter3,normal,seed2,15,9235.945454545454
hpmcounter3,normal,seed2,16,9407.042424242425
hpmcounter3,normal,seed2,17,9529.484848484848
hpmcounter3,normal,seed2,18,9603.066666666668
hpmcounter3,normal,seed2,19,9846.066666666668
hpmcounter3,normal,seed2,20,10210.006060606062
hpmcounter3,normal,seed2,21,10428.442424242425
hpmcounter3,normal,seed2,22,10501.418181818182
hpmcounter3,normal,seed2,23,10429.030303030304
hpmcounter3,normal,seed2,24,10210.739393939393
hpmcounter3,normal,seed2,25,10113.745454545455
hpmcounter3,normal,seed2,26,9919.593939393939
hpmcounter3,normal,seed2,27,9628.10909090909
hpmcounter3,normal,seed2,28,9239.533333333333
hpmcounter3,normal,seed2,29,9020.8
hpmcounter3,normal,seed2,30,9020.30303030303
hpmcounter3,normal,seed2,31,9019.866666666667
hpmcounter3,normal,seed2,32,9019.321212121213
hpmcounter3,normal,seed2,33,9019.387878787878
hpmcounter3,normal,seed2,34,9019.272727272728
hpmcounter3,normal,seed2,35,9019.10909090909
hpmcounter3,normal,seed2,36,9019.09696969697
hpmcounter3,normal,seed2,37,9019.048484848485
hpmcounter3,normal,seed2,38,9019.151515151516
hpmcounter3,normal,seed2,39,9019.527272727273
hpmcounter3,normal,seed2,40,9019.775757575757
hpmcounter3,normal,seed2,41,9020.060606060606
hpmcounter3,normal,seed2,42,9020.09090909091
hpmcounter3,normal,seed2,43,9020.448484848484
hpmcounter3,normal,seed2,44,9020.933333333332
hpmcounter3,normal,seed2,45,9021.406060606061
hpmcounter3,normal,seed2,46,9021.818181818182
hpmcounter3,normal,seed2,47,9021.709090909091
hpmcounter3,normal,seed2,48,9021.466666666667
hpmcounter3,normal,seed2,49,9021.49696969697
hpmcounter3,normal,seed2,50,9021.478787878788
hpmcounter3,normal,seed2,51,9021.387878787878
hpmcounter3,normal,seed2,52,9021.442424242425
hpmcounter3,normal,seed2,53,9021.49696969697
hpmcounter3,normal,seed2,54,9021.630303030302
hpmcounter3,normal,seed2,55,9022.0
hpmcounter3,normal,seed2,56,9022.430303030304
hpmcounter3,normal,seed2,57,9022.387878787878
hpmcounter3,normal,seed2,58,9021.969696969696
hpmcounter3,normal,seed2,59,9021.751515151514
hpmcounter3,normal,seed2,60,9021.557575757575
hpmcounter3,normal,seed2,61,9021.278787878788
hpmcounter3,normal,seed2,62,9021.50909090909
hpmcounter3,normal,seed2,63,9021.915151515152
hpmcounter3,normal,seed2,64,9022.066666666668
hpmcounter3,normal,seed2,65,9022.054545454546
hpmcounter3,normal,seed2,66,9022.09090909091
hpmcounter3,normal,seed2,67,9022.175757575758
hpmcounter3,normal,seed2,68,9022.084848484848
hpmcounter3,normal,seed2,69,9021.80606060606
hpmcounter3,normal,seed2,70,9021.442424242425
hpmcounter3,normal,seed2,71,9020.884848484848
hpmcounter3,normal,seed2,72,9020.612121212122
hpmcounter3,normal,seed2,73,9020.41212121212
hpmcounter3,normal,seed2,74,9020.09090909091
hpmcounter3,normal,seed2,75,9019.648484848485
hpmcounter3,normal,seed2,76,9019.545454545454
hpmcounter3,normal,seed2,77,9019.539393939394
hpmcounter3,normal,seed2,78,9019.678787878787
hpmcounter3,normal,seed2,79,9019.90909090909
hpmcounter3,normal,seed2,80,9020.139393939395
hpmcounter3,normal,seed2,81,9020.20606060606
hpmcounter3,normal,seed2,82,9020.351515151515
hpmcounter3,normal,seed2,83,9020.581818181818
hpmcounter3,normal,seed2,84,9020.49696969697
hpmcounter3,normal,seed2,85,9020.230303030303
hpmcounter3,normal,seed2,86,9020.072727272727
hpmcounter3,normal,seed2,87,9019.939393939394
hpmcounter3,normal,seed2,88,9019.478787878788
hpmcounter3,normal,seed2,89,9019.266666666666
hpmcounter3,normal,seed2,90,9019.248484848486
hpmcounter3,normal,seed2,91,9019.145454545454
hpmcounter3,normal,seed2,92,9019.29696969697
hpmcounter3,normal,seed2,93,9019.781818181818
hpmcounter3,normal,seed2,94,9020.236363636364
hpmcounter3,normal,seed2,95,9020.733333333334
hpmcounter3,normal,seed2,96,9021.048484848485
hpmcounter3,normal,seed2,97,9021.4
hpmcounter3,normal,seed2,98,9021.278787878788
hpmcounter3,normal,seed2,99,9021.145454545454
hpmcounter3,normal,seed2,100,9021.218181818182
hpmcounter3,normal,seed2,101,9021.18787878788
hpmcounter3,normal,seed2,102,9021.133333333333
hpmcounter3,normal,seed2,103,9021.121212121212
hpmcounter3,normal,seed2,104,9021.030303030304
hpmcounter3,normal,seed2,105,9021.060606060606
hpmcounter3,normal,seed2,106,9020.981818181817
hpmcounter3,normal,seed2,107,9020.927272727273
hpmcounter3,normal,seed2,108,9020.709090909091
hpmcounter3,normal,seed2,109,9020.557575757575
hpmcounter3,normal,seed2,110,9020.50909090909
hpmcounter3,normal,seed2,111,9020.466666666667
hpmcounter3,normal,seed2,112,9020.418181818182
hpmcounter3,normal,seed2,113,9020.484848484848
hpmcounter3,normal,seed2,114,9020.545454545454
hpmcounter3,normal,seed2,115,9020.49090909091
hpmcounter3,normal,seed2,116,9020.4
hpmcounter3,normal,seed2,117,9020.381818181819
hpmcounter3,normal,seed2,118,9020.260606060607
hpmcounter3,normal,seed2,119,9020.4
hpmcounter3,normal,seed2,120,9020.466666666667
hpmcounter3,normal,seed2,121,9020.624242424243
hpmcounter3,normal,seed2,122,9020.642424242424
hpmcounter3,normal,seed2,123,9020.448484848484
hpmcounter3,normal,seed2,124,9020.430303030304
hpmcounter3,normal,seed2,125,9020.375757575757
hpmcounter3,normal,seed2,126,9020.260606060607
hpmcounter3,normal,seed2,127,9020.218181818182
hpmcounter3,normal,seed2,128,9020.006060606062
hpmcounter3,normal,seed2,129,9020.218181818182
hpmcounter3,normal,seed2,130,9020.436363636363
hpmcounter3,normal,seed2,131,9020.739393939393
hpmcounter3,normal,seed2,132,9020.884848484848
hpmcounter3,normal,seed2,133,9020.933333333332
hpmcounter3,normal,seed2,134,9020.860606060605
hpmcounter3,normal,seed2,135,9020.933333333332
hpmcounter3,normal,seed2,136,9020.8
hpmcounter3,normal,seed2,137,9020.593939393939
hpmcounter3,normal,seed2,138,9020.424242424242
hpmcounter3,normal,seed2,139,9020.315151515151
hpmcounter3,normal,seed2,140,9020.072727272727
hpmcounter3,normal,seed2,141,9019.721212121212
hpmcounter3,normal,seed2,142,9019.39393939394
hpmcounter3,normal,seed2,143,9019.357575757576
hpmcounter3,normal,seed2,144,9019.151515151516
hpmcounter3,normal,seed2,145,9019.042424242425
hpmcounter3,normal,seed2,146,9018.921212121211
hpmcounter3,normal,seed2,147,9018.678787878787
hpmcounter3,normal,seed2,148,9238.042424242425
hpmcounter3,normal,seed2,149,9408.757575757576
hpmcounter3,normal,seed2,150,9530.842424242424
hpmcounter3,normal,seed2,151,9604.139393939395
hpmcounter3,normal,seed2,152,9847.212121212122
hpmcounter3,normal,seed2,153,10211.406060606061
hpmcounter3,normal,seed2,154,10647.90303030303
hpmcounter3,normal,seed2,155,10889.90303030303
hpmcounter3,normal,seed2,156,10937.757575757576
hpmcounter3,normal,seed2,157,10790.848484848484
hpmcounter3,normal,seed2,158,10717.781818181818
hpmcounter3,normal,seed2,159,10499.39393939394
hpmcounter3,normal,seed2,160,10135.454545454546
hpmcounter3,normal,seed2,161,9625.987878787879
hpmcounter3,normal,seed2,162,9237.884848484848
hpmcounter3,normal,seed2,163,9019.581818181818
hpmcounter3,normal,seed2,164,9019.424242424242
hpmcounter3,normal,seed2,165,9019.175757575758
hpmcounter3,normal,seed2,166,9019.09090909091
hpmcounter3,normal,seed2,167,9018.860606060605
hpmcounter3,normal,seed2,168,9018.660606060606
hpmcounter3,normal,seed2,169,9018.551515151516
hpmcounter3,normal,seed2,170,9018.448484848484
hpmcounter3,normal,seed2,171,9018.690909090908
hpmcounter3,normal,seed2,172,9018.945454545454
hpmcounter3,normal,seed2,173,9238.024242424242
hpmcounter3,normal,seed2,174,9627.218181818182
hpmcounter3,normal,seed2,175,10137.787878787878
hpmcounter3,normal,seed2,176,10502.79393939394
hpmcounter3,normal,seed2,177,10721.957575757575
hpmcounter3,normal,seed2,178,10795.036363636364
hpmcounter3,normal,seed2,179,10721.951515151515
hpmcounter3,normal,seed2,180,10503.139393939395
hpmcounter3,normal,seed2,181,10138.642424242424
hpmcounter3,normal,seed2,182,9628.175757575758
hpmcounter3,normal,seed2,183,9239.163636363637
hpmcounter3,normal,seed2,184,9020.357575757576
hpmcounter3,normal,seed2,185,9020.0
hpmcounter3,normal,seed2,186,9020.103030303031
hpmcounter3,normal,seed2,187,9019.975757575758
hpmcounter3,normal,seed2,188,9019.969696969696
hpmcounter3,normal,seed2,189,9019.860606060605
hpmcounter3,normal,seed2,190,9020.133333333333
hpmcounter3,normal,seed2,191,9020.436363636363
hpmcounter3,normal,seed2,192,9020.539393939394
hpmcounter3,normal,seed2,193,9020.442424242425
hpmcounter3,normal,seed2,194,9020.387878787878
hpmcounter3,normal,seed2,195,9020.18787878788
hpmcounter3,normal,seed2,196,9020.260606060607
hpmcounter3,normal,seed2,197,9019.987878787879
hpmcounter3,normal,seed2,198,9019.81212121212
hpmcounter3,normal,seed2,199,9019.648484848485
hpmcounter3,normal,seed2,200,9019.69696969697
hpmcounter3,normal,seed2,201,9019.79393939394
hpmcounter3,normal,seed2,202,9019.478787878788
hpmcounter3,normal,seed2,203,9019.139393939395
hpmcounter3,normal,seed2,204,9019.060606060606
hpmcounter3,normal,seed2,205,9018.933333333332
hpmcounter3,normal,seed2,206,9019.024242424242
hpmcounter3,normal,seed2,207,9019.157575757576
hpmcounter3,normal,seed2,208,9019.145454545454
hpmcounter3,normal,seed2,209,9019.121212121212
hpmcounter3,normal,seed2,210,9019.218181818182
hpmcounter3,normal,seed2,211,9019.6
hpmcounter3,normal,seed2,212,9019.775757575757
hpmcounter3,normal,seed2,213,9019.763636363636
hpmcounter3,normal,seed2,214,9019.842424242424
hpmcounter3,normal,seed2,215,9019.79393939394
hpmcounter3,normal,seed2,216,9019.90303030303
hpmcounter3,normal,seed2,217,9020.09090909091
hpmcounter3,normal,seed2,218,9020.157575757576
hpmcounter3,normal,seed2,219,9020.18787878788
hpmcounter3,normal,seed2,220,9020.266666666666
hpmcounter3,normal,seed2,221,9020.406060606061
hpmcounter3,normal,seed2,222,9020.424242424242
hpmcounter3,normal,seed2,223,9020.50909090909
hpmcounter3,normal,seed2,224,9020.436363636363
hpmcounter3,normal,seed2,225,9020.30303030303
hpmcounter3,normal,seed2,226,9020.39393939394
hpmcounter3,normal,seed2,227,9020.357575757576
hpmcounter3,normal,seed2,228,9020.327272727272
hpmcounter3,normal,seed2,229,9020.260606060607
hpmcounter3,normal,seed2,230,9020.315151515151
hpmcounter3,normal,seed2,231,9020.260606060607
hpmcounter3,normal,seed2,232,9019.842424242424
hpmcounter3,normal,seed2,233,9019.721212121212
hpmcounter3,normal,seed2,234,9019.6
hpmcounter3,normal,seed2,235,9019.6
hpmcounter3,normal,seed2,236,9020.018181818183
hpmcounter3,normal,seed2,237,9020.290909090909
hpmcounter3,normal,seed2,238,9020.593939393939
hpmcounter3,normal,seed2,239,9020.684848484849
hpmcounter3,normal,seed2,240,9020.521212121212
hpmcounter3,normal,seed2,241,9020.19393939394
hpmcounter3,normal,seed2,242,9019.921212121211
hpmcounter3,normal,seed2,243,9019.636363636364
hpmcounter3,normal,seed2,244,9019.363636363636
hpmcounter3,normal,seed2,245,9019.169696969697
hpmcounter3,normal,seed2,246,9019.266666666666
hpmcounter3,normal,seed2,247,9019.327272727272
hpmcounter3,normal,seed2,248,9019.593939393939
hpmcounter3,normal,seed2,249,9019.866666666667
hpmcounter3,normal,seed2,250,9019.933333333332
hpmcounter3,normal,seed2,251,9019.987878787879
hpmcounter3,normal,seed2,252,9020.369696969698
hpmcounter3,normal,seed2,253,9020.745454545455
hpmcounter3,normal,seed2,254,9021.133333333333
hpmcounter3,normal,seed2,255,9021.50909090909
hpmcounter3,normal,seed2,256,9021.739393939393
hpmcounter3,normal,seed2,257,9021.690909090908
hpmcounter3,normal,seed2,258,9021.60606060606
hpmcounter3,normal,seed2,259,9021.321212121213
hpmcounter3,normal,seed2,260,9020.90303030303
hpmcounter3,normal,seed2,261,9020.593939393939
hpmcounter3,normal,seed2,262,9020.406060606061
hpmcounter3,normal,seed2,263,9020.309090909092
hpmcounter3,normal,seed2,264,9020.272727272728
hpmcounter3,normal,seed2,265,9020.757575757576
hpmcounter3,normal,seed2,266,9021.121212121212
hpmcounter3,normal,seed2,267,9021.363636363636
hpmcounter3,normal,seed2,268,9021.70303030303
hpmcounter3,normal,seed2,269,9021.751515151514
hpmcounter3,normal,seed2,270,9021.848484848484
hpmcounter3,normal,seed2,271,9021.969696969696
hpmcounter3,normal,seed2,272,9022.048484848485
hpmcounter3,normal,seed2,273,9022.006060606062
hpmcounter3,normal,seed2,274,9021.709090909091
hpmcounter3,normal,seed2,275,9021.8
hpmcounter3,normal,seed2,276,9021.818181818182
hpmcounter3,normal,seed2,277,9021.957575757575
hpmcounter3,normal,seed2,278,9022.19393939394
hpmcounter3,normal,seed2,279,9022.0
hpmcounter3,normal,seed2,280,9021.993939393938
hpmcounter3,normal,seed2,281,9022.054545454546
hpmcounter3,normal,seed2,282,9021.951515151515
hpmcounter3,normal,seed2,283,9021.666666666666
hpmcounter3,normal,seed2,284,9021.224242424243
hpmcounter3,normal,seed2,285,9020.866666666667
hpmcounter3,normal,seed2,286,9020.484848484848
hpmcounter3,normal,seed2,287,9020.478787878788
hpmcounter3,normal,seed2,288,9020.521212121212
hpmcounter3,normal,seed2,289,9020.151515151516
hpmcounter3,normal,seed2,290,9019.781818181818
hpmcounter3,normal,seed2,291,9019.593939393939
hpmcounter3,normal,seed2,292,9019.315151515151
hpmcounter3,normal,seed2,293,9019.054545454546
hpmcounter3,normal,seed2,294,9018.745454545455
hpmcounter3,normal,seed2,295,9018.6
hpmcounter3,normal,seed2,296,9018.684848484849
hpmcounter3,normal,seed2,297,9019.0
hpmcounter3,normal,seed2,298,9019.545454545454
hpmcounter3,normal,seed20,9,12457.533333333333
hpmcounter3,normal,seed20,10,12301.709090909091
hpmcounter3,normal,seed20,11,11818.454545454546
hpmcounter3,normal,seed20,12,11261.054545454546
hpmcounter3,normal,seed20,13,10675.896969696969
hpmcounter3,normal,seed20,14,10110.90909090909
hpmcounter3,normal,seed20,15,9614.212121212122
hpmcounter3,normal,seed20,16,9234.50909090909
hpmcounter3,normal,seed20,17,9020.315151515151
hpmcounter3,normal,seed20,18,9020.818181818182
hpmcounter3,normal,seed20,19,9020.787878787878
hpmcounter3,normal,seed20,20,9020.666666666666
hpmcounter3,normal,seed20,21,9020.49090909091
hpmcounter3,normal,seed20,22,9020.381818181819
hpmcounter3,normal,seed20,23,9020.29696969697
hpmcounter3,normal,seed20,24,9020.20606060606
hpmcounter3,normal,seed20,25,9020.321212121213
hpmcounter3,normal,seed20,26,9020.763636363636
hpmcounter3,normal,seed20,27,9021.145454545454
hpmcounter3,normal,seed20,28,9021.39393939394
hpmcounter3,normal,seed20,29,9021.327272727272
hpmcounter3,normal,seed20,30,9021.442424242425
hpmcounter3,normal,seed20,31,9021.69696969697
hpmcounter3,normal,seed20,32,9021.672727272728
hpmcounter3,normal,seed20,33,9021.624242424243
hpmcounter3,normal,seed20,34,9021.406060606061
hpmcounter3,normal,seed20,35,9021.181818181818
hpmcounter3,normal,seed20,36,9021.19393939394
hpmcounter3,normal,seed20,37,9021.363636363636
hpmcounter3,normal,seed20,38,9021.690909090908
hpmcounter3,normal,seed20,39,9021.824242424242
hpmcounter3,normal,seed20,40,9021.884848484848
hpmcounter3,normal,seed20,41,9022.115151515152
hpmcounter3,normal,seed20,42,9022.127272727274
hpmcounter3,normal,seed20,43,9022.018181818183
hpmcounter3,normal,seed20,44,9022.127272727274
hpmcounter3,normal,seed20,45,9021.957575757575
hpmcounter3,normal,seed20,46,9240.733333333334
hpmcounter3,normal,seed20,47,9629.19393939394
hpmcounter3,normal,seed20,48,10138.8
hpmcounter3,normal,seed20,49,10721.084848484848
hpmcounter3,normal,seed20,50,11109.048484848485
hpmcounter3,normal,seed20,51,11302.89090909091
hpmcounter3,normal,seed20,52,11302.460606060606
hpmcounter3,normal,seed20,53,11107.781818181818
hpmcounter3,normal,seed20,54,10719.09090909091
hpmcounter3,normal,seed20,55,10136.236363636364
hpmcounter3,normal,seed20,56,9626.848484848484
hpmcounter3,normal,seed20,57,9238.648484848485
hpmcounter3,normal,seed20,58,9019.993939393938
hpmcounter3,normal,seed20,59,9019.763636363636
hpmcounter3,normal,seed20,60,9019.581818181818
hpmcounter3,normal,seed20,61,9019.406060606061
hpmcounter3,normal,seed20,62,9019.139393939395
hpmcounter3,normal,seed20,63,9018.860606060605
hpmcounter3,normal,seed20,64,9018.460606060606
hpmcounter3,normal,seed20,65,9018.315151515151
hpmcounter3,normal,seed20,66,9018.339393939394
hpmcounter3,normal,seed20,67,9018.448484848484
hpmcounter3,normal,seed20,68,9018.618181818181
hpmcounter3,normal,seed20,69,9018.8
hpmcounter3,normal,seed20,70,9019.212121212122
hpmcounter3,normal,seed20,71,9019.478787878788
hpmcounter3,normal,seed20,72,9019.49090909091
hpmcounter3,normal,seed20,73,9019.381818181819
hpmcounter3,normal,seed20,74,9019.151515151516
hpmcounter3,normal,seed20,75,9018.987878787879
hpmcounter3,normal,seed20,76,9018.987878787879
hpmcounter3,normal,seed20,77,9018.981818181817
hpmcounter3,normal,seed20,78,9019.036363636364
hpmcounter3,normal,seed20,79,9019.175757575758
hpmcounter3,normal,seed20,80,9019.533333333333
hpmcounter3,normal,seed20,81,9019.975757575758
hpmcounter3,normal,seed20,82,9020.375757575757
hpmcounter3,normal,seed20,83,9020.672727272728
hpmcounter3,normal,seed20,84,9020.884848484848
hpmcounter3,normal,seed20,85,9021.084848484848
hpmcounter3,normal,seed20,86,9021.327272727272
hpmcounter3,normal,seed20,87,9021.406060606061
hpmcounter3,normal,seed20,88,9021.375757575757
hpmcounter3,normal,seed20,89,9021.266666666666
hpmcounter3,normal,seed20,90,9020.90303030303
hpmcounter3,normal,seed20,91,9020.49696969697
hpmcounter3,normal,seed20,92,9020.369696969698
hpmcounter3,normal,seed20,93,9020.115151515152
hpmcounter3,normal,seed20,94,9019.945454545454
hpmcounter3,normal,seed20,95,9020.060606060606
hpmcounter3,normal,seed20,96,9020.272727272728
hpmcounter3,normal,seed20,97,9020.20606060606
hpmcounter3,normal,seed20,98,9020.127272727274
hpmcounter3,normal,seed20,99,9020.127272727274
hpmcounter3,normal,seed20,100,9020.127272727274
hpmcounter3,normal,seed20,101,9019.927272727273
hpmcounter3,normal,seed20,102,9019.915151515152
hpmcounter3,normal,seed20,103,9019.848484848484
hpmcounter3,normal,seed20,104,9019.769696969697
hpmcounter3,normal,seed20,105,9019.81212121212
hpmcounter3,normal,seed20,106,9020.10909090909
hpmcounter3,normal,seed20,107,9020.28484848485
hpmcounter3,normal,seed20,108,9020.424242424242
hpmcounter3,normal,seed20,109,9020.39393939394
hpmcounter3,normal,seed20,110,9020.515151515152
hpmcounter3,normal,seed20,111,9020.533333333333
hpmcounter3,normal,seed20,112,9020.381818181819
hpmcounter3,normal,seed20,113,9020.151515151516
hpmcounter3,normal,seed20,114,9019.81212121212
hpmcounter3,normal,seed20,115,9019.442424242425
hpmcounter3,normal,seed20,116,9019.242424242424
hpmcounter3,normal,seed20,117,9019.103030303031
hpmcounter3,normal,seed20,118,9019.157575757576
hpmcounter3,normal,seed20,119,9019.0
hpmcounter3,normal,seed20,120,9018.896969696969
hpmcounter3,normal,seed20,121,9018.884848484848
hpmcounter3,normal,seed20,122,9018.745454545455
hpmcounter3,normal,seed20,123,9018.763636363636
hpmcounter3,normal,seed20,124,9018.945454545454
hpmcounter3,normal,seed20,125,9019.29696969697
hpmcounter3,normal,seed20,126,9019.89090909091
hpmcounter3,normal,seed20,127,9239.569696969696
hpmcounter3,normal,seed20,128,9410.424242424242
hpmcounter3,normal,seed20,129,9532.49696969697
hpmcounter3,normal,seed20,130,9605.684848484849
hpmcounter3,normal,seed20,131,9630.018181818183
hpmcounter3,normal,seed20,132,9605.50303030303
hpmcounter3,normal,seed20,133,9532.127272727274
hpmcounter3,normal,seed20,134,9410.169696969697
hpmcounter3,normal,seed20,135,9239.49090909091
hpmcounter3,normal,seed20,136,9020.272727272728
hpmcounter3,normal,seed20,137,9020.218181818182
hpmcounter3,normal,seed20,138,9019.90909090909
hpmcounter3,normal,seed20,139,9019.50303030303
hpmcounter3,normal,seed20,140,9019.157575757576
hpmcounter3,normal,seed20,141,9018.775757575757
hpmcounter3,normal,seed20,142,9018.70303030303
hpmcounter3,normal,seed20,143,9018.533333333333
hpmcounter3,normal,seed20,144,9018.739393939393
hpmcounter3,normal,seed20,145,9018.987878787879
hpmcounter3,normal,seed20,146,9019.472727272727
hpmcounter3,normal,seed20,147,9020.157575757576
hpmcounter3,normal,seed20,148,9020.830303030303
hpmcounter3,normal,seed20,149,9021.418181818182
hpmcounter3,normal,seed20,150,9021.872727272726
hpmcounter3,normal,seed20,151,9022.157575757576
hpmcounter3,normal,seed20,152,9022.345454545455
hpmcounter3,normal,seed20,153,9022.333333333334
hpmcounter3,normal,seed20,154,9022.230303030303
hpmcounter3,normal,seed20,155,9021.830303030303
hpmcounter3,normal,seed20,156,9021.58787878788
hpmcounter3,normal,seed20,157,9021.448484848484
hpmcounter3,normal,seed20,158,9021.236363636364
hpmcounter3,normal,seed20,159,9021.163636363637
hpmcounter3,normal,seed20,160,9021.054545454546
hpmcounter3,normal,seed20,161,9020.975757575758
hpmcounter3,normal,seed20,162,9021.115151515152
hpmcounter3,normal,seed20,163,9021.460606060606
hpmcounter3,normal,seed20,164,9021.648484848485
hpmcounter3,normal,seed20,165,9021.327272727272
hpmcounter3,normal,seed20,166,9021.006060606062
hpmcounter3,normal,seed20,167,9020.557575757575
hpmcounter3,normal,seed20,168,9019.866666666667
hpmcounter3,normal,seed20,169,9019.157575757576
hpmcounter3,normal,seed20,170,9018.533333333333
hpmcounter3,normal,seed20,171,9017.963636363636
hpmcounter3,normal,seed20,172,9017.781818181818
hpmcounter3,normal,seed20,173,9018.078787878789
hpmcounter3,normal,seed20,174,9018.557575757575
hpmcounter3,normal,seed20,175,9018.896969696969
hpmcounter3,normal,seed20,176,9019.163636363637
hpmcounter3,normal,seed20,177,9019.248484848486
hpmcounter3,normal,seed20,178,9019.236363636364
hpmcounter3,normal,seed20,179,9019.157575757576
hpmcounter3,normal,seed20,180,9019.163636363637
hpmcounter3,normal,seed20,181,9019.218181818182
hpmcounter3,normal,seed20,182,9019.309090909092
hpmcounter3,normal,seed20,183,9019.678787878787
hpmcounter3,normal,seed20,184,9020.19393939394
hpmcounter3,normal,seed20,185,9020.654545454545
hpmcounter3,normal,seed20,186,9020.90303030303
hpmcounter3,normal,seed20,187,9020.848484848484
hpmcounter3,normal,seed20,188,9020.624242424243
hpmcounter3,normal,seed20,189,9020.18787878788
hpmcounter3,normal,seed20,190,9019.860606060605
hpmcounter3,normal,seed20,191,9019.872727272726
hpmcounter3,normal,seed20,192,9019.836363636363
hpmcounter3,normal,seed20,193,9019.993939393938
hpmcounter3,normal,seed20,194,9020.290909090909
hpmcounter3,normal,seed20,195,9020.442424242425
hpmcounter3,normal,seed20,196,9020.539393939394
hpmcounter3,normal,seed20,197,9020.418181818182
hpmcounter3,normal,seed20,198,9020.078787878789
hpmcounter3,normal,seed20,199,9019.739393939393
hpmcounter3,normal,seed20,200,9019.430303030304
hpmcounter3,normal,seed20,201,9019.418181818182
hpmcounter3,normal,seed20,202,9019.321212121213
hpmcounter3,normal,seed20,203,9019.18787878788
hpmcounter3,normal,seed20,204,9019.133333333333
hpmcounter3,normal,seed20,205,9019.103030303031
hpmcounter3,normal,seed20,206,9019.072727272727
hpmcounter3,normal,seed20,207,9018.8
hpmcounter3,normal,seed20,208,9018.527272727273
hpmcounter3,normal,seed20,209,9018.60606060606
hpmcounter3,normal,seed20,210,9018.860606060605
hpmcounter3,normal,seed20,211,9019.290909090909
hpmcounter3,normal,seed20,212,9019.969696969696
hpmcounter3,normal,seed20,213,9020.515151515152
hpmcounter3,normal,seed20,214,9020.878787878788
hpmcounter3,normal,seed20,215,9021.278787878788
hpmcounter3,normal,seed20,216,9021.472727272727
hpmcounter3,normal,seed20,217,9021.6
hpmcounter3,normal,seed20,218,9021.763636363636
hpmcounter3,normal,seed20,219,9021.939393939394
hpmcounter3,normal,seed20,220,9022.157575757576
hpmcounter3,normal,seed20,221,9022.260606060607
hpmcounter3,normal,seed20,222,9022.612121212122
hpmcounter3,normal,seed20,223,9242.024242424242
hpmcounter3,normal,seed20,224,9412.236363636364
hpmcounter3,normal,seed20,225,9533.593939393939
hpmcounter3,normal,seed20,226,9605.921212121211
hpmcounter3,normal,seed20,227,9629.49696969697
hpmcounter3,normal,seed20,228,9604.624242424243
hpmcounter3,normal,seed20,229,9531.030303030304
hpmcounter3,normal,seed20,230,9409.006060606062
hpmcounter3,normal,seed20,231,9238.30303030303
hpmcounter3,normal,seed20,232,9019.321212121213
hpmcounter3,normal,seed20,233,9019.58787878788
hpmcounter3,normal,seed20,234,9019.575757575758
hpmcounter3,normal,seed20,235,9019.515151515152
hpmcounter3,normal,seed20,236,9019.418181818182
hpmcounter3,normal,seed20,237,9019.218181818182
hpmcounter3,normal,seed20,238,9019.321212121213
hpmcounter3,normal,seed20,239,9019.363636363636
hpmcounter3,normal,seed20,240,9019.466666666667
hpmcounter3,normal,seed20,241,9019.49696969697
hpmcounter3,normal,seed20,242,9019.58787878788
hpmcounter3,normal,seed20,243,9019.69696969697
hpmcounter3,normal,seed20,244,9019.854545454546
hpmcounter3,normal,seed20,245,9019.860606060605
hpmcounter3,normal,seed20,246,9019.824242424242
hpmcounter3,normal,seed20,247,9019.733333333334
hpmcounter3,normal,seed20,248,9019.896969696969
hpmcounter3,normal,seed20,249,9020.115151515152
hpmcounter3,normal,seed20,250,9020.309090909092
hpmcounter3,normal,seed20,251,9020.424242424242
hpmcounter3,normal,seed20,252,9020.39393939394
hpmcounter3,normal,seed20,253,9238.836363636363
hpmcounter3,normal,seed20,254,9623.072727272727
hpmcounter3,normal,seed20,255,10129.066666666668
hpmcounter3,normal,seed20,256,10708.315151515151
hpmcounter3,normal,seed20,257,11094.266666666666
hpmcounter3,normal,seed20,258,11287.2
hpmcounter3,normal,seed20,259,11287.272727272728
hpmcounter3,normal,seed20,260,11312.557575757575
hpmcounter3,normal,seed20,261,11310.630303030302
hpmcounter3,normal,seed20,262,11019.666666666666
hpmcounter3,normal,seed20,263,10706.557575757575
hpmcounter3,normal,seed20,264,10414.79393939394
hpmcounter3,normal,seed20,265,10196.763636363636
hpmcounter3,normal,seed20,266,10100.690909090908
hpmcounter3,normal,seed20,267,9908.430303030304
hpmcounter3,normal,seed20,268,9620.09696969697
hpmcounter3,normal,seed20,269,9235.533333333333
hpmcounter3,normal,seed20,270,9021.460606060606
hpmcounter3,normal,seed20,271,9021.618181818181
hpmcounter3,normal,seed20,272,9021.80606060606
hpmcounter3,normal,seed20,273,9021.81212121212
hpmcounter3,normal,seed20,274,9021.830303030303
hpmcounter3,normal,seed20,275,9021.727272727272
hpmcounter3,normal,seed20,276,9021.757575757576
hpmcounter3,normal,seed20,277,9021.636363636364
hpmcounter3,normal,seed20,278,9021.58787878788
hpmcounter3,normal,seed20,279,9021.448484848484
hpmcounter3,normal,seed20,280,9021.218181818182
hpmcounter3,normal,seed20,281,9020.963636363636
hpmcounter3,normal,seed20,282,9020.751515151514
hpmcounter3,normal,seed20,283,9020.593939393939
hpmcounter3,normal,seed20,284,9020.690909090908
hpmcounter3,normal,seed20,285,9020.8
hpmcounter3,normal,seed20,286,9021.09696969697
hpmcounter3,normal,seed20,287,9021.327272727272
hpmcounter3,normal,seed20,288,9021.248484848486
hpmcounter3,normal,seed20,289,9021.018181818183
hpmcounter3,normal,seed20,290,9020.49696969697
hpmcounter3,normal,seed20,291,9020.018181818183
hpmcounter3,normal,seed20,292,9019.866666666667
hpmcounter3,normal,seed20,293,9019.721212121212
hpmcounter3,normal,seed20,294,9019.660606060606
hpmcounter3,normal,seed20,295,9019.709090909091
hpmcounter3,normal,seed20,296,9020.0
hpmcounter3,normal,seed20,297,9020.69696969697
hpmcounter3,normal,seed20,298,9021.430303030304
hpmcounter3,normal,seed3,9,9013.866666666667
hpmcounter3,normal,seed3,10,9013.557575757575
hpmcounter3,normal,seed3,11,9013.787878787878
hpmcounter3,normal,seed3,12,9014.563636363637
hpmcounter3,normal,seed3,13,9015.387878787878
hpmcounter3,normal,seed3,14,9016.769696969697
hpmcounter3,normal,seed3,15,9018.30303030303
hpmcounter3,normal,seed3,16,9019.733333333334
hpmcounter3,normal,seed3,17,9021.248484848486
hpmcounter3,normal,seed3,18,9022.254545454545
hpmcounter3,normal,seed3,19,9022.763636363636
hpmcounter3,normal,seed3,20,9241.90909090909
hpmcounter3,normal,seed3,21,9411.963636363636
hpmcounter3,normal,seed3,22,9533.30303030303
hpmcounter3,normal,seed3,23,9824.406060606061
hpmcounter3,normal,seed3,24,10018.339393939394
hpmcounter3,normal,seed3,25,10333.266666666666
hpmcounter3,normal,seed3,26,10502.448484848484
hpmcounter3,normal,seed3,27,10526.218181818182
hpmcounter3,normal,seed3,28,10404.387878787878
hpmcounter3,normal,seed3,29,10136.933333333332
hpmcounter3,normal,seed3,30,9991.58787878788
hpmcounter3,normal,seed3,31,9749.054545454546
hpmcounter3,normal,seed3,32,9409.442424242425
hpmcounter3,normal,seed3,33,9239.751515151514
hpmcounter3,normal,seed3,34,9021.71515151515
hpmcounter3,normal,seed3,35,9021.624242424243
hpmcounter3,normal,seed3,36,9021.460606060606
hpmcounter3,normal,seed3,37,9021.551515151516
hpmcounter3,normal,seed3,38,9021.763636363636
hpmcounter3,normal,seed3,39,9021.824242424242
hpmcounter3,normal,seed3,40,9021.824242424242
hpmcounter3,normal,seed3,41,9021.818181818182
hpmcounter3,normal,seed3,42,9021.630303030302
hpmcounter3,normal,seed3,43,9021.448484848484
hpmcounter3,normal,seed3,44,9021.381818181819
hpmcounter3,normal,seed3,45,9021.078787878789
hpmcounter3,normal,seed3,46,9020.79393939394
hpmcounter3,normal,seed3,47,9020.80606060606
hpmcounter3,normal,seed3,48,9020.418181818182
hpmcounter3,normal,seed3,49,9019.878787878788
hpmcounter3,normal,seed3,50,9019.484848484848
hpmcounter3,normal,seed3,51,9019.30303030303
hpmcounter3,normal,seed3,52,9019.309090909092
hpmcounter3,normal,seed3,53,9019.369696969698
hpmcounter3,normal,seed3,54,9019.860606060605
hpmcounter3,normal,seed3,55,9020.381818181819
hpmcounter3,normal,seed3,56,9020.866666666667
hpmcounter3,normal,seed3,57,9021.612121212122
hpmcounter3,normal,seed3,58,9021.818181818182
hpmcounter3,normal,seed3,59,9021.612121212122
hpmcounter3,normal,seed3,60,9021.58787878788
hpmcounter3,normal,seed3,61,9021.260606060607
hpmcounter3,normal,seed3,62,9021.042424242425
hpmcounter3,normal,seed3,63,9020.484848484848
hpmcounter3,normal,seed3,64,9020.163636363637
hpmcounter3,normal,seed3,65,9019.939393939394
hpmcounter3,normal,seed3,66,9019.418181818182
hpmcounter3,normal,seed3,67,9019.242424242424
hpmcounter3,normal,seed3,68,9019.248484848486
hpmcounter3,normal,seed3,69,9019.181818181818
hpmcounter3,normal,seed3,70,9019.309090909092
hpmcounter3,normal,seed3,71,9019.19393939394
hpmcounter3,normal,seed3,72,9019.254545454545
hpmcounter3,normal,seed3,73,9019.060606060606
hpmcounter3,normal,seed3,74,9019.042424242425
hpmcounter3,normal,seed3,75,9019.133333333333
hpmcounter3,normal,seed3,76,9019.175757575758
hpmcounter3,normal,seed3,77,9019.212121212122
hpmcounter3,normal,seed3,78,9019.278787878788
hpmcounter3,normal,seed3,79,9019.454545454546
hpmcounter3,normal,seed3,80,9019.660606060606
hpmcounter3,normal,seed3,81,9019.563636363637
hpmcounter3,normal,seed3,82,9019.593939393939
hpmcounter3,normal,seed3,83,9019.224242424243
hpmcounter3,normal,seed3,84,9018.896969696969
hpmcounter3,normal,seed3,85,9018.527272727273
hpmcounter3,normal,seed3,86,9018.230303030303
hpmcounter3,normal,seed3,87,9017.975757575758
hpmcounter3,normal,seed3,88,9017.80606060606
hpmcounter3,normal,seed3,89,9017.721212121212
hpmcounter3,normal,seed3,90,9017.866666666667
hpmcounter3,normal,seed3,91,9017.957575757575
hpmcounter3,normal,seed3,92,9018.236363636364
hpmcounter3,normal,seed3,93,9018.381818181819
hpmcounter3,normal,seed3,94,9018.50303030303
hpmcounter3,normal,seed3,95,9018.642424242424
hpmcounter3,normal,seed3,96,9018.69696969697
hpmcounter3,normal,seed3,97,9018.6
hpmcounter3,normal,seed3,98,9018.781818181818
hpmcounter3,normal,seed3,99,9019.030303030304
hpmcounter3,normal,seed3,100,9019.539393939394
hpmcounter3,normal,seed3,101,9019.842424242424
hpmcounter3,normal,seed3,102,9020.333333333334
hpmcounter3,normal,seed3,103,9020.460606060606
hpmcounter3,normal,seed3,104,9020.466666666667
hpmcounter3,normal,seed3,105,9020.460606060606
hpmcounter3,normal,seed3,106,9020.387878787878
hpmcounter3,normal,seed3,107,9019.939393939394
hpmcounter3,normal,seed3,108,9019.49090909091
hpmcounter3,normal,seed3,109,9019.133333333333
hpmcounter3,normal,seed3,110,9018.860606060605
hpmcounter3,normal,seed3,111,9018.654545454545
hpmcounter3,normal,seed3,112,9018.71515151515
hpmcounter3,normal,seed3,113,9018.787878787878
hpmcounter3,normal,seed3,114,9018.957575757575
hpmcounter3,normal,seed3,115,9019.333333333334
hpmcounter3,normal,seed3,116,9019.71515151515
hpmcounter3,normal,seed3,117,9020.024242424242
hpmcounter3,normal,seed3,118,9020.290909090909
hpmcounter3,normal,seed3,119,9020.448484848484
hpmcounter3,normal,seed3,120,9020.363636363636
hpmcounter3,normal,seed3,121,9020.2
hpmcounter3,normal,seed3,122,9019.957575757575
hpmcounter3,normal,seed3,123,9019.71515151515
hpmcounter3,normal,seed3,124,9019.49696969697
hpmcounter3,normal,seed3,125,9019.436363636363
hpmcounter3,normal,seed3,126,9019.533333333333
hpmcounter3,normal,seed3,127,9019.709090909091
hpmcounter3,normal,seed3,128,9020.236363636364
hpmcounter3,normal,seed3,129,9020.921212121211
hpmcounter3,normal,seed3,130,9021.363636363636
hpmcounter3,normal,seed3,131,9021.630303030302
hpmcounter3,normal,seed3,132,9240.884848484848
hpmcounter3,normal,seed3,133,9410.975757575758
hpmcounter3,normal,seed3,134,9532.278787878788
hpmcounter3,normal,seed3,135,9604.90303030303
hpmcounter3,normal,seed3,136,9628.739393939393
hpmcounter3,normal,seed3,137,9822.115151515152
hpmcounter3,normal,seed3,138,9918.630303030302
hpmcounter3,normal,seed3,139,9918.345454545455
hpmcounter3,normal,seed3,140,9820.8
hpmcounter3,normal,seed3,141,9626.048484848485
hpmcounter3,normal,seed3,142,9602.012121212121
hpmcounter3,normal,seed3,143,9529.248484848486
hpmcounter3,normal,seed3,144,9407.866666666667
hpmcounter3,normal,seed3,145,9238.133333333333
hpmcounter3,normal,seed3,146,9019.80606060606
hpmcounter3,normal,seed3,147,9019.727272727272
hpmcounter3,normal,seed3,148,9019.836363636363
hpmcounter3,normal,seed3,149,9019.727272727272
hpmcounter3,normal,seed3,150,9019.721212121212
hpmcounter3,normal,seed3,151,9019.848484848484
hpmcounter3,normal,seed3,152,9019.921212121211
hpmcounter3,normal,seed3,153,9019.90909090909
hpmcounter3,normal,seed3,154,9019.70303030303
hpmcounter3,normal,seed3,155,9019.327272727272
hpmcounter3,normal,seed3,156,9019.048484848485
hpmcounter3,normal,seed3,157,9018.648484848485
hpmcounter3,normal,seed3,158,9018.418181818182
hpmcounter3,normal,seed3,159,9017.733333333334
hpmcounter3,normal,seed3,160,9017.345454545455
hpmcounter3,normal,seed3,161,9017.290909090909
hpmcounter3,normal,seed3,162,9017.406060606061
hpmcounter3,normal,seed3,163,9017.666666666666
hpmcounter3,normal,seed3,164,9018.157575757576
hpmcounter3,normal,seed3,165,9018.58787878788
hpmcounter3,normal,seed3,166,9018.957575757575
hpmcounter3,normal,seed3,167,9019.157575757576
hpmcounter3,normal,seed3,168,9019.351515151515
hpmcounter3,normal,seed3,169,9019.248484848486
hpmcounter3,normal,seed3,170,9019.121212121212
hpmcounter3,normal,seed3,171,9018.751515151514
hpmcounter3,normal,seed3,172,9018.624242424243
hpmcounter3,normal,seed3,173,9018.60606060606
hpmcounter3,normal,seed3,174,9018.721212121212
hpmcounter3,normal,seed3,175,9018.993939393938
hpmcounter3,normal,seed3,176,9019.212121212122
hpmcounter3,normal,seed3,177,9019.39393939394
hpmcounter3,normal,seed3,178,9019.8
hpmcounter3,normal,seed3,179,9020.49090909091
hpmcounter3,normal,seed3,180,9021.218181818182
hpmcounter3,normal,seed3,181,9021.557575757575
hpmcounter3,normal,seed3,182,9021.860606060605
hpmcounter3,normal,seed3,183,9021.90909090909
hpmcounter3,normal,seed3,184,9021.539393939394
hpmcounter3,normal,seed3,185,9021.169696969697
hpmcounter3,normal,seed3,186,9020.842424242424
hpmcounter3,normal,seed3,187,9020.369696969698
hpmcounter3,normal,seed3,188,9020.127272727274
hpmcounter3,normal,seed3,189,9020.20606060606
hpmcounter3,normal,seed3,190,9020.575757575758
hpmcounter3,normal,seed3,191,9020.775757575757
hpmcounter3,normal,seed3,192,9020.775757575757
hpmcounter3,normal,seed3,193,9020.642424242424
hpmcounter3,normal,seed3,194,9020.557575757575
hpmcounter3,normal,seed3,195,9020.593939393939
hpmcounter3,normal,seed3,196,9020.860606060605
hpmcounter3,normal,seed3,197,9021.2
hpmcounter3,normal,seed3,198,9021.478787878788
hpmcounter3,normal,seed3,199,9021.830303030303
hpmcounter3,normal,seed3,200,9022.418181818182
hpmcounter3,normal,seed3,201,9022.775757575757
hpmcounter3,normal,seed3,202,9022.787878787878
hpmcounter3,normal,seed3,203,9022.648484848485
hpmcounter3,normal,seed3,204,9022.709090909091
hpmcounter3,normal,seed3,205,9022.345454545455
hpmcounter3,normal,seed3,206,9022.036363636364
hpmcounter3,normal,seed3,207,9021.872727272726
hpmcounter3,normal,seed3,208,9021.39393939394
hpmcounter3,normal,seed3,209,9020.757575757576
hpmcounter3,normal,seed3,210,9020.103030303031
hpmcounter3,normal,seed3,211,9019.557575757575
hpmcounter3,normal,seed3,212,9019.036363636364
hpmcounter3,normal,seed3,213,9018.709090909091
hpmcounter3,normal,seed3,214,9018.636363636364
hpmcounter3,normal,seed3,215,9018.521212121212
hpmcounter3,normal,seed3,216,9018.581818181818
hpmcounter3,normal,seed3,217,9018.678787878787
hpmcounter3,normal,seed3,218,9018.727272727272
hpmcounter3,normal,seed3,219,9018.672727272728
hpmcounter3,normal,seed3,220,9018.448484848484
hpmcounter3,normal,seed3,221,9018.29696969697
hpmcounter3,normal,seed3,222,9018.327272727272
hpmcounter3,normal,seed3,223,9018.50303030303
hpmcounter3,normal,seed3,224,9018.569696969696
hpmcounter3,normal,seed3,225,9018.618181818181
hpmcounter3,normal,seed3,226,9019.133333333333
hpmcounter3,normal,seed3,227,9019.515151515152
hpmcounter3,normal,seed3,228,9019.739393939393
hpmcounter3,normal,seed3,229,9019.739393939393
hpmcounter3,normal,seed3,230,9019.678787878787
hpmcounter3,normal,seed3,231,9019.424242424242
hpmcounter3,normal,seed3,232,9019.515151515152
hpmcounter3,normal,seed3,233,9019.927272727273
hpmcounter3,normal,seed3,234,9020.369696969698
hpmcounter3,normal,seed3,235,9020.321212121213
hpmcounter3,normal,seed3,236,9020.751515151514
hpmcounter3,normal,seed3,237,9021.121212121212
hpmcounter3,normal,seed3,238,9021.406060606061
hpmcounter3,normal,seed3,239,9021.448484848484
hpmcounter3,normal,seed3,240,9021.41212121212
hpmcounter3,normal,seed3,241,9021.315151515151
hpmcounter3,normal,seed3,242,9021.309090909092
hpmcounter3,normal,seed3,243,9021.309090909092
hpmcounter3,normal,seed3,244,9021.581818181818
hpmcounter3,normal,seed3,245,9021.60606060606
hpmcounter3,normal,seed3,246,9021.678787878787
hpmcounter3,normal,seed3,247,9021.581818181818
hpmcounter3,normal,seed3,248,9021.557575757575
hpmcounter3,normal,seed3,249,9021.472727272727
hpmcounter3,normal,seed3,250,9021.042424242425
hpmcounter3,normal,seed3,251,9020.690909090908
hpmcounter3,normal,seed3,252,9020.50909090909
hpmcounter3,normal,seed3,253,9020.29696969697
hpmcounter3,normal,seed3,254,9020.460606060606
hpmcounter3,normal,seed3,255,9020.81212121212
hpmcounter3,normal,seed3,256,9021.151515151516
hpmcounter3,normal,seed3,257,9021.345454545455
hpmcounter3,normal,seed3,258,9021.527272727273
hpmcounter3,normal,seed3,259,9021.721212121212
hpmcounter3,normal,seed3,260,9021.660606060606
hpmcounter3,normal,seed3,261,9021.254545454545
hpmcounter3,normal,seed3,262,9020.933333333332
hpmcounter3,normal,seed3,263,9020.69696969697
hpmcounter3,normal,seed3,264,9020.624242424243
hpmcounter3,normal,seed3,265,9020.684848484849
hpmcounter3,normal,seed3,266,9020.781818181818
hpmcounter3,normal,seed3,267,9020.69696969697
hpmcounter3,normal,seed3,268,9020.672727272728
hpmcounter3,normal,seed3,269,9020.575757575758
hpmcounter3,normal,seed3,270,9020.484848484848
hpmcounter3,normal,seed3,271,9020.333333333334
hpmcounter3,normal,seed3,272,9020.121212121212
hpmcounter3,normal,seed3,273,9020.115151515152
hpmcounter3,normal,seed3,274,9020.139393939395
hpmcounter3,normal,seed3,275,9020.260606060607
hpmcounter3,normal,seed3,276,9020.357575757576
hpmcounter3,normal,seed3,277,9020.133333333333
hpmcounter3,normal,seed3,278,9020.030303030304
hpmcounter3,normal,seed3,279,9019.884848484848
hpmcounter3,normal,seed3,280,9019.58787878788
hpmcounter3,normal,seed3,281,9019.460606060606
hpmcounter3,normal,seed3,282,9019.260606060607
hpmcounter3,normal,seed3,283,9019.28484848485
hpmcounter3,normal,seed3,284,9019.575757575758
hpmcounter3,normal,seed3,285,9019.824242424242
hpmcounter3,normal,seed3,286,9020.0
hpmcounter3,normal,seed3,287,9020.036363636364
hpmcounter3,normal,seed3,288,9020.260606060607
hpmcounter3,normal,seed3,289,9020.460606060606
hpmcounter3,normal,seed3,290,9020.654545454545
hpmcounter3,normal,seed3,291,9020.751515151514
hpmcounter3,normal,seed3,292,9020.969696969696
hpmcounter3,normal,seed3,293,9021.436363636363
hpmcounter3,normal,seed3,294,9241.127272727274
hpmcounter3,normal,seed3,295,9411.987878787879
hpmcounter3,normal,seed3,296,9533.79393939394
hpmcounter3,normal,seed3,297,9606.709090909091
hpmcounter3,normal,seed3,298,9630.866666666667
hpmcounter3,normal,seed4,9,9012.660606060606
hpmcounter3,normal,seed4,10,9012.145454545454
hpmcounter3,normal,seed4,11,9012.333333333334
hpmcounter3,normal,seed4,12,9013.024242424242
hpmcounter3,normal,seed4,13,9013.957575757575
hpmcounter3,normal,seed4,14,9015.357575757576
hpmcounter3,normal,seed4,15,9017.036363636364
hpmcounter3,normal,seed4,16,9018.636363636364
hpmcounter3,normal,seed4,17,9020.242424242424
hpmcounter3,normal,seed4,18,9021.315151515151
hpmcounter3,normal,seed4,19,9021.933333333332
hpmcounter3,normal,seed4,20,9022.230303030303
hpmcounter3,normal,seed4,21,9022.321212121213
hpmcounter3,normal,seed4,22,9022.181818181818
hpmcounter3,normal,seed4,23,9021.921212121211
hpmcounter3,normal,seed4,24,9021.527272727273
hpmcounter3,normal,seed4,25,9021.278787878788
hpmcounter3,normal,seed4,26,9021.103030303031
hpmcounter3,normal,seed4,27,9020.993939393938
hpmcounter3,normal,seed4,28,9020.896969696969
hpmcounter3,normal,seed4,29,9020.678787878787
hpmcounter3,normal,seed4,30,9020.49696969697
hpmcounter3,normal,seed4,31,9020.593939393939
hpmcounter3,normal,seed4,32,9020.70303030303
hpmcounter3,normal,seed4,33,9020.824242424242
hpmcounter3,normal,seed4,34,9020.915151515152
hpmcounter3,normal,seed4,35,9020.921212121211
hpmcounter3,normal,seed4,36,9020.90909090909
hpmcounter3,normal,seed4,37,9020.581818181818
hpmcounter3,normal,seed4,38,9020.557575757575
hpmcounter3,normal,seed4,39,9020.242424242424
hpmcounter3,normal,seed4,40,9019.824242424242
hpmcounter3,normal,seed4,41,9019.745454545455
hpmcounter3,normal,seed4,42,9019.951515151515
hpmcounter3,normal,seed4,43,9020.18787878788
hpmcounter3,normal,seed4,44,9020.71515151515
hpmcounter3,normal,seed4,45,9021.242424242424
hpmcounter3,normal,seed4,46,9021.636363636364
hpmcounter3,normal,seed4,47,9021.654545454545
hpmcounter3,normal,seed4,48,9021.781818181818
hpmcounter3,normal,seed4,49,9021.751515151514
hpmcounter3,normal,seed4,50,9021.472727272727
hpmcounter3,normal,seed4,51,9021.18787878788
hpmcounter3,normal,seed4,52,9020.81212121212
hpmcounter3,normal,seed4,53,9020.327272727272
hpmcounter3,normal,seed4,54,9020.363636363636
hpmcounter3,normal,seed4,55,9020.29696969697
hpmcounter3,normal,seed4,56,9020.218181818182
hpmcounter3,normal,seed4,57,9019.884848484848
hpmcounter3,normal,seed4,58,9019.618181818181
hpmcounter3,normal,seed4,59,9019.50909090909
hpmcounter3,normal,seed4,60,9019.448484848484
hpmcounter3,normal,seed4,61,9019.50303030303
hpmcounter3,normal,seed4,62,9019.266666666666
hpmcounter3,normal,seed4,63,9019.103030303031
hpmcounter3,normal,seed4,64,9019.212121212122
hpmcounter3,normal,seed4,65,9019.18787878788
hpmcounter3,normal,seed4,66,9019.424242424242
hpmcounter3,normal,seed4,67,9019.69696969697
hpmcounter3,normal,seed4,68,9020.024242424242
hpmcounter3,normal,seed4,69,9020.436363636363
hpmcounter3,normal,seed4,70,9020.854545454546
hpmcounter3,normal,seed4,71,9021.103030303031
hpmcounter3,normal,seed4,72,9021.157575757576
hpmcounter3,normal,seed4,73,9021.169696969697
hpmcounter3,normal,seed4,74,9021.018181818183
hpmcounter3,normal,seed4,75,9020.963636363636
hpmcounter3,normal,seed4,76,9021.145454545454
hpmcounter3,normal,seed4,77,9021.266666666666
hpmcounter3,normal,seed4,78,9021.515151515152
hpmcounter3,normal,seed4,79,9021.71515151515
hpmcounter3,normal,seed4,80,9021.987878787879
hpmcounter3,normal,seed4,81,9022.054545454546
hpmcounter3,normal,seed4,82,9022.133333333333
hpmcounter3,normal,seed4,83,9022.036363636364
hpmcounter3,normal,seed4,84,9021.80606060606
hpmcounter3,normal,seed4,85,9021.80606060606
hpmcounter3,normal,seed4,86,9021.830303030303
hpmcounter3,normal,seed4,87,9021.442424242425
hpmcounter3,normal,seed4,88,9021.0
hpmcounter3,normal,seed4,89,9020.690909090908
hpmcounter3,normal,seed4,90,9020.50303030303
hpmcounter3,normal,seed4,91,9020.339393939394
hpmcounter3,normal,seed4,92,9020.333333333334
hpmcounter3,normal,seed4,93,9020.2
hpmcounter3,normal,seed4,94,9020.20606060606
hpmcounter3,normal,seed4,95,9020.266666666666
hpmcounter3,normal,seed4,96,9020.569696969696
hpmcounter3,normal,seed4,97,9020.472727272727
hpmcounter3,normal,seed4,98,9020.30303030303
hpmcounter3,normal,seed4,99,9020.30303030303
hpmcounter3,normal,seed4,100,9020.430303030304
hpmcounter3,normal,seed4,101,9020.49696969697
hpmcounter3,normal,seed4,102,9020.8
hpmcounter3,normal,seed4,103,9020.787878787878
hpmcounter3,normal,seed4,104,9021.042424242425
hpmcounter3,normal,seed4,105,9021.042424242425
hpmcounter3,normal,seed4,106,9021.49090909091
hpmcounter3,normal,seed4,107,9021.527272727273
hpmcounter3,normal,seed4,108,9021.527272727273
hpmcounter3,normal,seed4,109,9021.327272727272
hpmcounter3,normal,seed4,110,9021.018181818183
hpmcounter3,normal,seed4,111,9020.515151515152
hpmcounter3,normal,seed4,112,9020.09696969697
hpmcounter3,normal,seed4,113,9019.315151515151
hpmcounter3,normal,seed4,114,9018.71515151515
hpmcounter3,normal,seed4,115,9018.060606060606
hpmcounter3,normal,seed4,116,9236.896969696969
hpmcounter3,normal,seed4,117,9625.454545454546
hpmcounter3,normal,seed4,118,9917.042424242425
hpmcounter3,normal,seed4,119,10111.593939393939
hpmcounter3,normal,seed4,120,10208.81212121212
hpmcounter3,normal,seed4,121,10208.884848484848
hpmcounter3,normal,seed4,122,10112.084848484848
hpmcounter3,normal,seed4,123,10136.454545454546
hpmcounter3,normal,seed4,124,10015.066666666668
hpmcounter3,normal,seed4,125,9747.981818181817
hpmcounter3,normal,seed4,126,9602.763636363636
hpmcounter3,normal,seed4,127,9627.266666666666
hpmcounter3,normal,seed4,128,9603.254545454545
hpmcounter3,normal,seed4,129,9530.769696969697
hpmcounter3,normal,seed4,130,9409.466666666667
hpmcounter3,normal,seed4,131,9239.648484848485
hpmcounter3,normal,seed4,132,9021.521212121212
hpmcounter3,normal,seed4,133,9021.927272727273
hpmcounter3,normal,seed4,134,9022.254545454545
hpmcounter3,normal,seed4,135,9022.733333333334
hpmcounter3,normal,seed4,136,9023.042424242425
hpmcounter3,normal,seed4,137,9023.048484848485
hpmcounter3,normal,seed4,138,9022.927272727273
hpmcounter3,normal,seed4,139,9022.896969696969
hpmcounter3,normal,seed4,140,9022.581818181818
hpmcounter3,normal,seed4,141,9022.248484848486
hpmcounter3,normal,seed4,142,9021.933333333332
hpmcounter3,normal,seed4,143,9021.575757575758
hpmcounter3,normal,seed4,144,9021.169696969697
hpmcounter3,normal,seed4,145,9020.872727272726
hpmcounter3,normal,seed4,146,9020.49090909091
hpmcounter3,normal,seed4,147,9020.048484848485
hpmcounter3,normal,seed4,148,9019.678787878787
hpmcounter3,normal,seed4,149,9019.60606060606
hpmcounter3,normal,seed4,150,9019.448484848484
hpmcounter3,normal,seed4,151,9019.406060606061
hpmcounter3,normal,seed4,152,9019.6
hpmcounter3,normal,seed4,153,9019.763636363636
hpmcounter3,normal,seed4,154,9020.048484848485
hpmcounter3,normal,seed4,155,9020.321212121213
hpmcounter3,normal,seed4,156,9020.666666666666
hpmcounter3,normal,seed4,157,9021.145454545454
hpmcounter3,normal,seed4,158,9021.49090909091
hpmcounter3,normal,seed4,159,9021.81212121212
hpmcounter3,normal,seed4,160,9021.951515151515
hpmcounter3,normal,seed4,161,9021.884848484848
hpmcounter3,normal,seed4,162,9021.690909090908
hpmcounter3,normal,seed4,163,9021.230303030303
hpmcounter3,normal,seed4,164,9020.836363636363
hpmcounter3,normal,seed4,165,9239.060606060606
hpmcounter3,normal,seed4,166,9408.89090909091
hpmcounter3,normal,seed4,167,9530.2
hpmcounter3,normal,seed4,168,9821.248484848486
hpmcounter3,normal,seed4,169,10015.19393939394
hpmcounter3,normal,seed4,170,10112.084848484848
hpmcounter3,normal,seed4,171,10330.4
hpmcounter3,normal,seed4,172,10621.636363636364
hpmcounter3,normal,seed4,173,10936.69696969697
hpmcounter3,normal,seed4,174,11009.309090909092
hpmcounter3,normal,seed4,175,11106.660606060606
hpmcounter3,normal,seed4,176,11010.066666666668
hpmcounter3,normal,seed4,177,10719.151515151516
hpmcounter3,normal,seed4,178,10500.957575757575
hpmcounter3,normal,seed4,179,10137.006060606062
hpmcounter3,normal,seed4,180,9627.327272727272
hpmcounter3,normal,seed4,181,9238.527272727273
hpmcounter3,normal,seed4,182,9019.927272727273
hpmcounter3,normal,seed4,183,9019.551515151516
hpmcounter3,normal,seed4,184,9019.351515151515
hpmcounter3,normal,seed4,185,9019.18787878788
hpmcounter3,normal,seed4,186,9019.10909090909
hpmcounter3,normal,seed4,187,9019.072727272727
hpmcounter3,normal,seed4,188,9019.024242424242
hpmcounter3,normal,seed4,189,9019.151515151516
hpmcounter3,normal,seed4,190,9019.50909090909
hpmcounter3,normal,seed4,191,9019.551515151516
hpmcounter3,normal,seed4,192,9019.660606060606
hpmcounter3,normal,seed4,193,9019.751515151514
hpmcounter3,normal,seed4,194,9019.90303030303
hpmcounter3,normal,seed4,195,9020.036363636364
hpmcounter3,normal,seed4,196,9019.678787878787
hpmcounter3,normal,seed4,197,9019.406060606061
hpmcounter3,normal,seed4,198,9018.975757575758
hpmcounter3,normal,seed4,199,9018.58787878788
hpmcounter3,normal,seed4,200,9018.387878787878
hpmcounter3,normal,seed4,201,9018.4
hpmcounter3,normal,seed4,202,9018.515151515152
hpmcounter3,normal,seed4,203,9018.545454545454
hpmcounter3,normal,seed4,204,9018.896969696969
hpmcounter3,normal,seed4,205,9019.436363636363
hpmcounter3,normal,seed4,206,9019.642424242424
hpmcounter3,normal,seed4,207,9019.787878787878
hpmcounter3,normal,seed4,208,9019.818181818182
hpmcounter3,normal,seed4,209,9019.666666666666
hpmcounter3,normal,seed4,210,9019.357575757576
hpmcounter3,normal,seed4,211,9018.872727272726
hpmcounter3,normal,seed4,212,9018.424242424242
hpmcounter3,normal,seed4,213,9018.012121212121
hpmcounter3,normal,seed4,214,9017.836363636363
hpmcounter3,normal,seed4,215,9017.757575757576
hpmcounter3,normal,seed4,216,9017.8
hpmcounter3,normal,seed4,217,9017.8
hpmcounter3,normal,seed4,218,9018.0
hpmcounter3,normal,seed4,219,9018.321212121213
hpmcounter3,normal,seed4,220,9018.71515151515
hpmcounter3,normal,seed4,221,9018.781818181818
hpmcounter3,normal,seed4,222,9018.872727272726
hpmcounter3,normal,seed4,223,9019.20606060606
hpmcounter3,normal,seed4,224,9019.515151515152
hpmcounter3,normal,seed4,225,9019.666666666666
hpmcounter3,normal,seed4,226,9019.49696969697
hpmcounter3,normal,seed4,227,9019.30303030303
hpmcounter3,normal,seed4,228,9019.50909090909
hpmcounter3,normal,seed4,229,9019.987878787879
hpmcounter3,normal,seed4,230,9020.539393939394
hpmcounter3,normal,seed4,231,9020.787878787878
hpmcounter3,normal,seed4,232,9020.733333333334
hpmcounter3,normal,seed4,233,9020.612121212122
hpmcounter3,normal,seed4,234,9020.515151515152
hpmcounter3,normal,seed4,235,9020.363636363636
hpmcounter3,normal,seed4,236,9019.975757575758
hpmcounter3,normal,seed4,237,9019.612121212122
hpmcounter3,normal,seed4,238,9019.442424242425
hpmcounter3,normal,seed4,239,9019.660606060606
hpmcounter3,normal,seed4,240,9019.927272727273
hpmcounter3,normal,seed4,241,9019.969696969696
hpmcounter3,normal,seed4,242,9019.854545454546
hpmcounter3,normal,seed4,243,9019.6
hpmcounter3,normal,seed4,244,9019.478787878788
hpmcounter3,normal,seed4,245,9019.424242424242
hpmcounter3,normal,seed4,246,9019.460606060606
hpmcounter3,normal,seed4,247,9019.612121212122
hpmcounter3,normal,seed4,248,9019.8
hpmcounter3,normal,seed4,249,9020.066666666668
hpmcounter3,normal,seed4,250,9020.248484848486
hpmcounter3,normal,seed4,251,9020.2
hpmcounter3,normal,seed4,252,9020.290909090909
hpmcounter3,normal,seed4,253,9020.375757575757
hpmcounter3,normal,seed4,254,9020.521212121212
hpmcounter3,normal,seed4,255,9020.454545454546
hpmcounter3,normal,seed4,256,9020.2
hpmcounter3,normal,seed4,257,9019.836363636363
hpmcounter3,normal,seed4,258,9019.41212121212
hpmcounter3,normal,seed4,259,9018.975757575758
hpmcounter3,normal,seed4,260,9018.636363636364
hpmcounter3,normal,seed4,261,9018.381818181819
hpmcounter3,normal,seed4,262,9018.533333333333
hpmcounter3,normal,seed4,263,9018.860606060605
hpmcounter3,normal,seed4,264,9019.363636363636
hpmcounter3,normal,seed4,265,9019.775757575757
hpmcounter3,normal,seed4,266,9019.963636363636
hpmcounter3,normal,seed4,267,9239.375757575757
hpmcounter3,normal,seed4,268,9628.2
hpmcounter3,normal,seed4,269,10137.781818181818
hpmcounter3,normal,seed4,270,10719.89090909091
hpmcounter3,normal,seed4,271,11326.151515151516
hpmcounter3,normal,seed4,272,11689.927272727273
hpmcounter3,normal,seed4,273,11810.975757575758
hpmcounter3,normal,seed4,274,11689.472727272727
hpmcounter3,normal,seed4,275,11325.339393939394
hpmcounter3,normal,seed4,276,10718.351515151515
hpmcounter3,normal,seed4,277,10136.484848484848
hpmcounter3,normal,seed4,278,9627.181818181818
hpmcounter3,normal,seed4,279,9239.018181818183
hpmcounter3,normal,seed4,280,9020.50909090909
hpmcounter3,normal,seed4,281,9020.10909090909
hpmcounter3,normal,seed4,282,9019.6
hpmcounter3,normal,seed4,283,9018.975757575758
hpmcounter3,normal,seed4,284,9018.460606060606
hpmcounter3,normal,seed4,285,9018.157575757576
hpmcounter3,normal,seed4,286,9018.157575757576
hpmcounter3,normal,seed4,287,9018.066666666668
hpmcounter3,normal,seed4,288,9017.830303030303
hpmcounter3,normal,seed4,289,9017.757575757576
hpmcounter3,normal,seed4,290,9017.951515151515
hpmcounter3,normal,seed4,291,9018.115151515152
hpmcounter3,normal,seed4,292,9018.266666666666
hpmcounter3,normal,seed4,293,9018.315151515151
hpmcounter3,normal,seed4,294,9018.533333333333
hpmcounter3,normal,seed4,295,9018.830303030303
hpmcounter3,normal,seed4,296,9019.424242424242
hpmcounter3,normal,seed4,297,9019.739393939393
hpmcounter3,normal,seed4,298,9020.048484848485
hpmcounter3,normal,seed5,9,11009.975757575758
hpmcounter3,normal,seed5,10,10639.139393939395
hpmcounter3,normal,seed5,11,10083.41212121212
hpmcounter3,normal,seed5,12,9595.90303030303
hpmcounter3,normal,seed5,13,9223.533333333333
hpmcounter3,normal,seed5,14,9013.745454545455
hpmcounter3,normal,seed5,15,9014.745454545455
hpmcounter3,normal,seed5,16,9016.024242424242
hpmcounter3,normal,seed5,17,9017.327272727272
hpmcounter3,normal,seed5,18,9018.466666666667
hpmcounter3,normal,seed5,19,9019.418181818182
hpmcounter3,normal,seed5,20,9020.242424242424
hpmcounter3,normal,seed5,21,9020.6
hpmcounter3,normal,seed5,22,9021.163636363637
hpmcounter3,normal,seed5,23,9021.775757575757
hpmcounter3,normal,seed5,24,9021.836363636363
hpmcounter3,normal,seed5,25,9021.442424242425
hpmcounter3,normal,seed5,26,9021.145454545454
hpmcounter3,normal,seed5,27,9020.563636363637
hpmcounter3,normal,seed5,28,9020.139393939395
hpmcounter3,normal,seed5,29,9019.818181818182
hpmcounter3,normal,seed5,30,9238.248484848486
hpmcounter3,normal,seed5,31,9625.987878787879
hpmcounter3,normal,seed5,32,9916.745454545455
hpmcounter3,normal,seed5,33,10328.993939393938
hpmcounter3,normal,seed5,34,10814.006060606062
hpmcounter3,normal,seed5,35,11323.30303030303
hpmcounter3,normal,seed5,36,11808.70303030303
hpmcounter3,normal,seed5,37,12221.054545454546
hpmcounter3,normal,seed5,38,12293.933333333332
hpmcounter3,normal,seed5,39,12027.363636363636
hpmcounter3,normal,seed5,40,11688.254545454545
hpmcounter3,normal,seed5,41,11324.71515151515
hpmcounter3,normal,seed5,42,10936.6
hpmcounter3,normal,seed5,43,10524.357575757576
hpmcounter3,normal,seed5,44,10136.49090909091
hpmcounter3,normal,seed5,45,9821.309090909092
hpmcounter3,normal,seed5,46,9627.80606060606
hpmcounter3,normal,seed5,47,9604.036363636364
hpmcounter3,normal,seed5,48,9531.430303030304
hpmcounter3,normal,seed5,49,9409.89090909091
hpmcounter3,normal,seed5,50,9239.939393939394
hpmcounter3,normal,seed5,51,9021.4
hpmcounter3,normal,seed5,52,9021.036363636364
hpmcounter3,normal,seed5,53,9021.006060606062
hpmcounter3,normal,seed5,54,9021.036363636364
hpmcounter3,normal,seed5,55,9020.963636363636
hpmcounter3,normal,seed5,56,9021.218181818182
hpmcounter3,normal,seed5,57,9021.418181818182
hpmcounter3,normal,seed5,58,9021.58787878788
hpmcounter3,normal,seed5,59,9239.50909090909
hpmcounter3,normal,seed5,60,9408.81212121212
hpmcounter3,normal,seed5,61,9747.593939393939
hpmcounter3,normal,seed5,62,10207.660606060606
hpmcounter3,normal,seed5,63,10740.654545454545
hpmcounter3,normal,seed5,64,11297.830303030303
hpmcounter3,normal,seed5,65,11612.557575757575
hpmcounter3,normal,seed5,66,11685.072727272727
hpmcounter3,normal,seed5,67,11515.212121212122
hpmcounter3,normal,seed5,68,11103.478787878788
hpmcounter3,normal,seed5,69,10716.030303030304
hpmcounter3,normal,seed5,70,10134.50909090909
hpmcounter3,normal,seed5,71,9625.690909090908
hpmcounter3,normal,seed5,72,9238.036363636364
hpmcounter3,normal,seed5,73,9020.127272727274
hpmcounter3,normal,seed5,74,9020.466666666667
hpmcounter3,normal,seed5,75,9020.581818181818
hpmcounter3,normal,seed5,76,9020.612121212122
hpmcounter3,normal,seed5,77,9020.151515151516
hpmcounter3,normal,seed5,78,9020.066666666668
hpmcounter3,normal,seed5,79,9019.854545454546
hpmcounter3,normal,seed5,80,9019.406060606061
hpmcounter3,normal,seed5,81,9018.921212121211
hpmcounter3,normal,seed5,82,9018.424242424242
hpmcounter3,normal,seed5,83,9018.115151515152
hpmcounter3,normal,seed5,84,9018.139393939395
hpmcounter3,normal,seed5,85,9018.333333333334
hpmcounter3,normal,seed5,86,9018.830303030303
hpmcounter3,normal,seed5,87,9019.054545454546
hpmcounter3,normal,seed5,88,9019.442424242425
hpmcounter3,normal,seed5,89,9019.684848484849
hpmcounter3,normal,seed5,90,9019.824242424242
hpmcounter3,normal,seed5,91,9019.781818181818
hpmcounter3,normal,seed5,92,9019.721212121212
hpmcounter3,normal,seed5,93,9019.575757575758
hpmcounter3,normal,seed5,94,9019.424242424242
hpmcounter3,normal,seed5,95,9019.224242424243
hpmcounter3,normal,seed5,96,9019.163636363637
hpmcounter3,normal,seed5,97,9019.28484848485
hpmcounter3,normal,seed5,98,9019.630303030302
hpmcounter3,normal,seed5,99,9019.878787878788
hpmcounter3,normal,seed5,100,9020.19393939394
hpmcounter3,normal,seed5,101,9020.266666666666
hpmcounter3,normal,seed5,102,9020.406060606061
hpmcounter3,normal,seed5,103,9020.424242424242
hpmcounter3,normal,seed5,104,9020.363636363636
hpmcounter3,normal,seed5,105,9020.145454545454
hpmcounter3,normal,seed5,106,9019.89090909091
hpmcounter3,normal,seed5,107,9019.690909090908
hpmcounter3,normal,seed5,108,9019.636363636364
hpmcounter3,normal,seed5,109,9019.50909090909
hpmcounter3,normal,seed5,110,9019.50909090909
hpmcounter3,normal,seed5,111,9019.448484848484
hpmcounter3,normal,seed5,112,9019.545454545454
hpmcounter3,normal,seed5,113,9019.612121212122
hpmcounter3,normal,seed5,114,9019.71515151515
hpmcounter3,normal,seed5,115,9019.854545454546
hpmcounter3,normal,seed5,116,9019.963636363636
hpmcounter3,normal,seed5,117,9019.921212121211
hpmcounter3,normal,seed5,118,9020.024242424242
hpmcounter3,normal,seed5,119,9238.733333333334
hpmcounter3,normal,seed5,120,9408.933333333332
hpmcounter3,normal,seed5,121,9530.545454545454
hpmcounter3,normal,seed5,122,9603.636363636364
hpmcounter3,normal,seed5,123,9628.030303030304
hpmcounter3,normal,seed5,124,9603.945454545454
hpmcounter3,normal,seed5,125,9531.181818181818
hpmcounter3,normal,seed5,126,9409.630303030302
hpmcounter3,normal,seed5,127,9239.290909090909
hpmcounter3,normal,seed5,128,9020.460606060606
hpmcounter3,normal,seed5,129,9020.133333333333
hpmcounter3,normal,seed5,130,9019.80606060606
hpmcounter3,normal,seed5,131,9019.569696969696
hpmcounter3,normal,seed5,132,9019.369696969698
hpmcounter3,normal,seed5,133,9019.20606060606
hpmcounter3,normal,seed5,134,9019.169696969697
hpmcounter3,normal,seed5,135,9019.175757575758
hpmcounter3,normal,seed5,136,9019.266666666666
hpmcounter3,normal,seed5,137,9019.472727272727
hpmcounter3,normal,seed5,138,9019.684848484849
hpmcounter3,normal,seed5,139,9019.672727272728
hpmcounter3,normal,seed5,140,9019.6
hpmcounter3,normal,seed5,141,9019.357575757576
hpmcounter3,normal,seed5,142,9019.103030303031
hpmcounter3,normal,seed5,143,9019.024242424242
hpmcounter3,normal,seed5,144,9018.81212121212
hpmcounter3,normal,seed5,145,9018.533333333333
hpmcounter3,normal,seed5,146,9018.4
hpmcounter3,normal,seed5,147,9018.39393939394
hpmcounter3,normal,seed5,148,9018.460606060606
hpmcounter3,normal,seed5,149,9018.30303030303
hpmcounter3,normal,seed5,150,9018.363636363636
hpmcounter3,normal,seed5,151,9018.266666666666
hpmcounter3,normal,seed5,152,9018.175757575758
hpmcounter3,normal,seed5,153,9018.49696969697
hpmcounter3,normal,seed5,154,9018.842424242424
hpmcounter3,normal,seed5,155,9018.80606060606
hpmcounter3,normal,seed5,156,9019.103030303031
hpmcounter3,normal,seed5,157,9019.266666666666
hpmcounter3,normal,seed5,158,9019.484848484848
hpmcounter3,normal,seed5,159,9019.327272727272
hpmcounter3,normal,seed5,160,9019.266666666666
hpmcounter3,normal,seed5,161,9019.115151515152
hpmcounter3,normal,seed5,162,9019.036363636364
hpmcounter3,normal,seed5,163,9019.272727272728
hpmcounter3,normal,seed5,164,9019.593939393939
hpmcounter3,normal,seed5,165,9019.424242424242
hpmcounter3,normal,seed5,166,9019.612121212122
hpmcounter3,normal,seed5,167,9019.80606060606
hpmcounter3,normal,seed5,168,9019.981818181817
hpmcounter3,normal,seed5,169,9019.884848484848
hpmcounter3,normal,seed5,170,9019.430303030304
hpmcounter3,normal,seed5,171,9019.018181818183
hpmcounter3,normal,seed5,172,9019.042424242425
hpmcounter3,normal,seed5,173,9019.4
hpmcounter3,normal,seed5,174,9019.769696969697
hpmcounter3,normal,seed5,175,9020.018181818183
hpmcounter3,normal,seed5,176,9020.581818181818
hpmcounter3,normal,seed5,177,9021.345454545455
hpmcounter3,normal,seed5,178,9022.260606060607
hpmcounter3,normal,seed5,179,9023.18787878788
hpmcounter3,normal,seed5,180,9023.751515151514
hpmcounter3,normal,seed5,181,9024.19393939394
hpmcounter3,normal,seed5,182,9024.448484848484
hpmcounter3,normal,seed5,183,9024.50909090909
hpmcounter3,normal,seed5,184,9024.212121212122
hpmcounter3,normal,seed5,185,9023.0
hpmcounter3,normal,seed5,186,9021.763636363636
hpmcounter3,normal,seed5,187,9020.521212121212
hpmcounter3,normal,seed5,188,9019.345454545455
hpmcounter3,normal,seed5,189,9018.49696969697
hpmcounter3,normal,seed5,190,9018.060606060606
hpmcounter3,normal,seed5,191,9018.012121212121
hpmcounter3,normal,seed5,192,9018.048484848485
hpmcounter3,normal,seed5,193,9018.30303030303
hpmcounter3,normal,seed5,194,9018.733333333334
hpmcounter3,normal,seed5,195,9018.763636363636
hpmcounter3,normal,seed5,196,9018.981818181817
hpmcounter3,normal,seed5,197,9019.230303030303
hpmcounter3,normal,seed5,198,9019.212121212122
hpmcounter3,normal,seed5,199,9019.19393939394
hpmcounter3,normal,seed5,200,9018.860606060605
hpmcounter3,normal,seed5,201,9018.654545454545
hpmcounter3,normal,seed5,202,9018.430303030304
hpmcounter3,normal,seed5,203,9018.145454545454
hpmcounter3,normal,seed5,204,9018.151515151516
hpmcounter3,normal,seed5,205,9018.006060606062
hpmcounter3,normal,seed5,206,9018.121212121212
hpmcounter3,normal,seed5,207,9018.357575757576
hpmcounter3,normal,seed5,208,9018.581818181818
hpmcounter3,normal,seed5,209,9018.878787878788
hpmcounter3,normal,seed5,210,9018.89090909091
hpmcounter3,normal,seed5,211,9019.121212121212
hpmcounter3,normal,seed5,212,9019.381818181819
hpmcounter3,normal,seed5,213,9019.460606060606
hpmcounter3,normal,seed5,214,9019.733333333334
hpmcounter3,normal,seed5,215,9019.357575757576
hpmcounter3,normal,seed5,216,9018.90909090909
hpmcounter3,normal,seed5,217,9018.333333333334
hpmcounter3,normal,seed5,218,9017.884848484848
hpmcounter3,normal,seed5,219,9017.521212121212
hpmcounter3,normal,seed5,220,9017.157575757576
hpmcounter3,normal,seed5,221,9017.181818181818
hpmcounter3,normal,seed5,222,9017.472727272727
hpmcounter3,normal,seed5,223,9017.81212121212
hpmcounter3,normal,seed5,224,9018.115151515152
hpmcounter3,normal,seed5,225,9018.048484848485
hpmcounter3,normal,seed5,226,9017.993939393938
hpmcounter3,normal,seed5,227,9017.775757575757
hpmcounter3,normal,seed5,228,9017.757575757576
hpmcounter3,normal,seed5,229,9017.642424242424
hpmcounter3,normal,seed5,230,9017.212121212122
hpmcounter3,normal,seed5,231,9016.987878787879
hpmcounter3,normal,seed5,232,9016.896969696969
hpmcounter3,normal,seed5,233,9016.993939393938
hpmcounter3,normal,seed5,234,9017.0
hpmcounter3,normal,seed5,235,9017.254545454545
hpmcounter3,normal,seed5,236,9017.884848484848
hpmcounter3,normal,seed5,237,9018.41212121212
hpmcounter3,normal,seed5,238,9019.012121212121
hpmcounter3,normal,seed5,239,9019.49696969697
hpmcounter3,normal,seed5,240,9019.751515151514
hpmcounter3,normal,seed5,241,9019.90303030303
hpmcounter3,normal,seed5,242,9019.79393939394
hpmcounter3,normal,seed5,243,9019.775757575757
hpmcounter3,normal,seed5,244,9019.593939393939
hpmcounter3,normal,seed5,245,9019.369696969698
hpmcounter3,normal,seed5,246,9019.39393939394
hpmcounter3,normal,seed5,247,9019.448484848484
hpmcounter3,normal,seed5,248,9019.4
hpmcounter3,normal,seed5,249,9019.30303030303
hpmcounter3,normal,seed5,250,9019.060606060606
hpmcounter3,normal,seed5,251,9018.884848484848
hpmcounter3,normal,seed5,252,9018.939393939394
hpmcounter3,normal,seed5,253,9019.078787878789
hpmcounter3,normal,seed5,254,9019.357575757576
hpmcounter3,normal,seed5,255,9019.684848484849
hpmcounter3,normal,seed5,256,9019.80606060606
hpmcounter3,normal,seed5,257,9019.866666666667
hpmcounter3,normal,seed5,258,9019.824242424242
hpmcounter3,normal,seed5,259,9019.8
hpmcounter3,normal,seed5,260,9019.581818181818
hpmcounter3,normal,seed5,261,9019.321212121213
hpmcounter3,normal,seed5,262,9019.327272727272
hpmcounter3,normal,seed5,263,9238.424242424242
hpmcounter3,normal,seed5,264,9623.636363636364
hpmcounter3,normal,seed5,265,9912.642424242424
hpmcounter3,normal,seed5,266,10104.80606060606
hpmcounter3,normal,seed5,267,10200.339393939394
hpmcounter3,normal,seed5,268,10199.648484848485
hpmcounter3,normal,seed5,269,10102.642424242424
hpmcounter3,normal,seed5,270,9909.321212121213
hpmcounter3,normal,seed5,271,9619.684848484849
hpmcounter3,normal,seed5,272,9233.8
hpmcounter3,normal,seed5,273,9019.454545454546
hpmcounter3,normal,seed5,274,9019.80606060606
hpmcounter3,normal,seed5,275,9020.175757575758
hpmcounter3,normal,seed5,276,9020.339393939394
hpmcounter3,normal,seed5,277,9020.169696969697
hpmcounter3,normal,seed5,278,9020.151515151516
hpmcounter3,normal,seed5,279,9020.066666666668
hpmcounter3,normal,seed5,280,9019.763636363636
hpmcounter3,normal,seed5,281,9019.4
hpmcounter3,normal,seed5,282,9019.163636363637
hpmcounter3,normal,seed5,283,9019.121212121212
hpmcounter3,normal,seed5,284,9019.151515151516
hpmcounter3,normal,seed5,285,9019.230303030303
hpmcounter3,normal,seed5,286,9019.315151515151
hpmcounter3,normal,seed5,287,9019.593939393939
hpmcounter3,normal,seed5,288,9019.921212121211
hpmcounter3,normal,seed5,289,9020.175757575758
hpmcounter3,normal,seed5,290,9020.157575757576
hpmcounter3,normal,seed5,291,9020.072727272727
hpmcounter3,normal,seed5,292,9238.975757575758
hpmcounter3,normal,seed5,293,9623.575757575758
hpmcounter3,normal,seed5,294,10130.28484848485
hpmcounter3,normal,seed5,295,10710.484848484848
hpmcounter3,normal,seed5,296,11315.424242424242
hpmcounter3,normal,seed5,297,11896.69696969697
hpmcounter3,normal,seed5,298,12187.739393939393
hpmcounter3,normal,seed6,9,9570.854545454546
hpmcounter3,normal,seed6,10,9500.915151515152
hpmcounter3,normal,seed6,11,9384.642424242424
hpmcounter3,normal,seed6,12,9222.484848484848
hpmcounter3,normal,seed6,13,9013.993939393938
hpmcounter3,normal,seed6,14,9014.690909090908
hpmcounter3,normal,seed6,15,9015.654545454545
hpmcounter3,normal,seed6,16,9016.884848484848
hpmcounter3,normal,seed6,17,9017.975757575758
hpmcounter3,normal,seed6,18,9018.872727272726
hpmcounter3,normal,seed6,19,9019.478787878788
hpmcounter3,normal,seed6,20,9019.939393939394
hpmcounter3,normal,seed6,21,9020.236363636364
hpmcounter3,normal,seed6,22,9020.466666666667
hpmcounter3,normal,seed6,23,9020.927272727273
hpmcounter3,normal,seed6,24,9020.763636363636
hpmcounter3,normal,seed6,25,9020.515151515152
hpmcounter3,normal,seed6,26,9020.242424242424
hpmcounter3,normal,seed6,27,9020.024242424242
hpmcounter3,normal,seed6,28,9238.369696969698
hpmcounter3,normal,seed6,29,9626.6
hpmcounter3,normal,seed6,30,10135.975757575758
hpmcounter3,normal,seed6,31,10717.981818181817
hpmcounter3,normal,seed6,32,11324.18787878788
hpmcounter3,normal,seed6,33,11687.939393939394
hpmcounter3,normal,seed6,34,11809.20606060606
hpmcounter3,normal,seed6,35,11687.666666666666
hpmcounter3,normal,seed6,36,11323.539393939394
hpmcounter3,normal,seed6,37,10716.769696969697
hpmcounter3,normal,seed6,38,10134.515151515152
hpmcounter3,normal,seed6,39,9625.018181818183
hpmcounter3,normal,seed6,40,9236.933333333332
hpmcounter3,normal,seed6,41,9018.6
hpmcounter3,normal,seed6,42,9018.8
hpmcounter3,normal,seed6,43,9018.975757575758
hpmcounter3,normal,seed6,44,9019.4
hpmcounter3,normal,seed6,45,9019.80606060606
hpmcounter3,normal,seed6,46,9020.139393939395
hpmcounter3,normal,seed6,47,9020.290909090909
hpmcounter3,normal,seed6,48,9020.20606060606
hpmcounter3,normal,seed6,49,9019.739393939393
hpmcounter3,normal,seed6,50,9019.472727272727
hpmcounter3,normal,seed6,51,9019.066666666668
hpmcounter3,normal,seed6,52,9018.854545454546
hpmcounter3,normal,seed6,53,9018.672727272728
hpmcounter3,normal,seed6,54,9018.678787878787
hpmcounter3,normal,seed6,55,9018.733333333334
hpmcounter3,normal,seed6,56,9018.672727272728
hpmcounter3,normal,seed6,57,9018.672727272728
hpmcounter3,normal,seed6,58,9018.642424242424
hpmcounter3,normal,seed6,59,9018.569696969696
hpmcounter3,normal,seed6,60,9018.763636363636
hpmcounter3,normal,seed6,61,9018.90303030303
hpmcounter3,normal,seed6,62,9019.09696969697
hpmcounter3,normal,seed6,63,9019.290909090909
hpmcounter3,normal,seed6,64,9019.690909090908
hpmcounter3,normal,seed6,65,9020.115151515152
hpmcounter3,normal,seed6,66,9020.339393939394
hpmcounter3,normal,seed6,67,9020.472727272727
hpmcounter3,normal,seed6,68,9020.581818181818
hpmcounter3,normal,seed6,69,9020.424242424242
hpmcounter3,normal,seed6,70,9020.472727272727
hpmcounter3,normal,seed6,71,9020.363636363636
hpmcounter3,normal,seed6,72,9020.163636363637
hpmcounter3,normal,seed6,73,9019.751515151514
hpmcounter3,normal,seed6,74,9019.581818181818
hpmcounter3,normal,seed6,75,9019.351515151515
hpmcounter3,normal,seed6,76,9019.436363636363
hpmcounter3,normal,seed6,77,9019.612121212122
hpmcounter3,normal,seed6,78,9019.8
hpmcounter3,normal,seed6,79,9019.921212121211
hpmcounter3,normal,seed6,80,9020.49090909091
hpmcounter3,normal,seed6,81,9020.769696969697
hpmcounter3,normal,seed6,82,9020.781818181818
hpmcounter3,normal,seed6,83,9020.551515151516
hpmcounter3,normal,seed6,84,9019.993939393938
hpmcounter3,normal,seed6,85,9018.969696969696
hpmcounter3,normal,seed6,86,9237.18787878788
hpmcounter3,normal,seed6,87,9621.612121212122
hpmcounter3,normal,seed6,88,9909.866666666667
hpmcounter3,normal,seed6,89,10101.963636363636
hpmcounter3,normal,seed6,90,10198.41212121212
hpmcounter3,normal,seed6,91,10198.60606060606
hpmcounter3,normal,seed6,92,10102.278787878788
hpmcounter3,normal,seed6,93,9909.648484848485
hpmcounter3,normal,seed6,94,9620.424242424242
hpmcounter3,normal,seed6,95,9234.6
hpmcounter3,normal,seed6,96,9019.872727272726
hpmcounter3,normal,seed6,97,9019.533333333333
hpmcounter3,normal,seed6,98,9019.266666666666
hpmcounter3,normal,seed6,99,9019.006060606062
hpmcounter3,normal,seed6,100,9019.224242424243
hpmcounter3,normal,seed6,101,9019.654545454545
hpmcounter3,normal,seed6,102,9019.854545454546
hpmcounter3,normal,seed6,103,9020.121212121212
hpmcounter3,normal,seed6,104,9020.824242424242
hpmcounter3,normal,seed6,105,9021.484848484848
hpmcounter3,normal,seed6,106,9022.230303030303
hpmcounter3,normal,seed6,107,9022.557575757575
hpmcounter3,normal,seed6,108,9022.672727272728
hpmcounter3,normal,seed6,109,9022.781818181818
hpmcounter3,normal,seed6,110,9022.927272727273
hpmcounter3,normal,seed6,111,9022.957575757575
hpmcounter3,normal,seed6,112,9022.630303030302
hpmcounter3,normal,seed6,113,9021.945454545454
hpmcounter3,normal,seed6,114,9021.624242424243
hpmcounter3,normal,seed6,115,9021.163636363637
hpmcounter3,normal,seed6,116,9021.127272727274
hpmcounter3,normal,seed6,117,9021.042424242425
hpmcounter3,normal,seed6,118,9020.963636363636
hpmcounter3,normal,seed6,119,9021.145454545454
hpmcounter3,normal,seed6,120,9021.151515151516
hpmcounter3,normal,seed6,121,9021.072727272727
hpmcounter3,normal,seed6,122,9020.866666666667
hpmcounter3,normal,seed6,123,9020.369696969698
hpmcounter3,normal,seed6,124,9020.175757575758
hpmcounter3,normal,seed6,125,9020.018181818183
hpmcounter3,normal,seed6,126,9020.139393939395
hpmcounter3,normal,seed6,127,9020.145454545454
hpmcounter3,normal,seed6,128,9020.248484848486
hpmcounter3,normal,seed6,129,9020.363636363636
hpmcounter3,normal,seed6,130,9020.315151515151
hpmcounter3,normal,seed6,131,9020.103030303031
hpmcounter3,normal,seed6,132,9020.012121212121
hpmcounter3,normal,seed6,133,9019.751515151514
hpmcounter3,normal,seed6,134,9020.024242424242
hpmcounter3,normal,seed6,135,9020.563636363637
hpmcounter3,normal,seed6,136,9239.745454545455
hpmcounter3,normal,seed6,137,9409.963636363636
hpmcounter3,normal,seed6,138,9531.636363636364
hpmcounter3,normal,seed6,139,9822.624242424243
hpmcounter3,normal,seed6,140,10016.545454545454
hpmcounter3,normal,seed6,141,10113.012121212121
hpmcounter3,normal,seed6,142,10112.521212121212
hpmcounter3,normal,seed6,143,10014.963636363636
hpmcounter3,normal,seed6,144,9820.660606060606
hpmcounter3,normal,seed6,145,9529.484848484848
hpmcounter3,normal,seed6,146,9408.527272727273
hpmcounter3,normal,seed6,147,9238.836363636363
hpmcounter3,normal,seed6,148,9020.818181818182
hpmcounter3,normal,seed6,149,9020.830303030303
hpmcounter3,normal,seed6,150,9020.769696969697
hpmcounter3,normal,seed6,151,9020.648484848485
hpmcounter3,normal,seed6,152,9020.781818181818
hpmcounter3,normal,seed6,153,9021.012121212121
hpmcounter3,normal,seed6,154,9021.054545454546
hpmcounter3,normal,seed6,155,9020.878787878788
hpmcounter3,normal,seed6,156,9020.751515151514
hpmcounter3,normal,seed6,157,9020.672727272728
hpmcounter3,normal,seed6,158,9020.642424242424
hpmcounter3,normal,seed6,159,9020.442424242425
hpmcounter3,normal,seed6,160,9020.072727272727
hpmcounter3,normal,seed6,161,9019.545454545454
hpmcounter3,normal,seed6,162,9019.406060606061
hpmcounter3,normal,seed6,163,9019.460606060606
hpmcounter3,normal,seed6,164,9019.357575757576
hpmcounter3,normal,seed6,165,9019.151515151516
hpmcounter3,normal,seed6,166,9018.90909090909
hpmcounter3,normal,seed6,167,9018.951515151515
hpmcounter3,normal,seed6,168,9019.048484848485
hpmcounter3,normal,seed6,169,9019.078787878789
hpmcounter3,normal,seed6,170,9019.10909090909
hpmcounter3,normal,seed6,171,9019.127272727274
hpmcounter3,normal,seed6,172,9019.50303030303
hpmcounter3,normal,seed6,173,9019.90303030303
hpmcounter3,normal,seed6,174,9020.30303030303
hpmcounter3,normal,seed6,175,9020.50303030303
hpmcounter3,normal,seed6,176,9020.666666666666
hpmcounter3,normal,seed6,177,9020.618181818181
hpmcounter3,normal,seed6,178,9020.39393939394
hpmcounter3,normal,seed6,179,9020.060606060606
hpmcounter3,normal,seed6,180,9019.49696969697
hpmcounter3,normal,seed6,181,9018.90303030303
hpmcounter3,normal,seed6,182,9018.690909090908
hpmcounter3,normal,seed6,183,9018.58787878788
hpmcounter3,normal,seed6,184,9018.727272727272
hpmcounter3,normal,seed6,185,9018.866666666667
hpmcounter3,normal,seed6,186,9019.248484848486
hpmcounter3,normal,seed6,187,9019.387878787878
hpmcounter3,normal,seed6,188,9019.50303030303
hpmcounter3,normal,seed6,189,9019.636363636364
hpmcounter3,normal,seed6,190,9019.763636363636
hpmcounter3,normal,seed6,191,9019.90303030303
hpmcounter3,normal,seed6,192,9019.975757575758
hpmcounter3,normal,seed6,193,9020.048484848485
hpmcounter3,normal,seed6,194,9020.175757575758
hpmcounter3,normal,seed6,195,9020.454545454546
hpmcounter3,normal,seed6,196,9020.90303030303
hpmcounter3,normal,seed6,197,9021.175757575758
hpmcounter3,normal,seed6,198,9021.369696969698
hpmcounter3,normal,seed6,199,9021.418181818182
hpmcounter3,normal,seed6,200,9021.278787878788
hpmcounter3,normal,seed6,201,9021.10909090909
hpmcounter3,normal,seed6,202,9239.745454545455
hpmcounter3,normal,seed6,203,9624.060606060606
hpmcounter3,normal,seed6,204,9912.0
hpmcounter3,normal,seed6,205,10103.557575757575
hpmcounter3,normal,seed6,206,10198.993939393938
hpmcounter3,normal,seed6,207,10416.636363636364
hpmcounter3,normal,seed6,208,10703.830303030303
hpmcounter3,normal,seed6,209,10798.50303030303
hpmcounter3,normal,seed6,210,10700.733333333334
hpmcounter3,normal,seed6,211,10410.684848484849
hpmcounter3,normal,seed6,212,10195.945454545454
hpmcounter3,normal,seed6,213,10099.636363636364
hpmcounter3,normal,seed6,214,9907.054545454546
hpmcounter3,normal,seed6,215,9618.254545454545
hpmcounter3,normal,seed6,216,9233.212121212122
hpmcounter3,normal,seed6,217,9018.818181818182
hpmcounter3,normal,seed6,218,9018.848484848484
hpmcounter3,normal,seed6,219,9018.933333333332
hpmcounter3,normal,seed6,220,9019.133333333333
hpmcounter3,normal,seed6,221,9019.436363636363
hpmcounter3,normal,seed6,222,9019.896969696969
hpmcounter3,normal,seed6,223,9020.272727272728
hpmcounter3,normal,seed6,224,9020.430303030304
hpmcounter3,normal,seed6,225,9020.478787878788
hpmcounter3,normal,seed6,226,9020.472727272727
hpmcounter3,normal,seed6,227,9020.18787878788
hpmcounter3,normal,seed6,228,9019.90909090909
hpmcounter3,normal,seed6,229,9019.563636363637
hpmcounter3,normal,seed6,230,9019.442424242425
hpmcounter3,normal,seed6,231,9019.478787878788
hpmcounter3,normal,seed6,232,9019.618181818181
hpmcounter3,normal,seed6,233,9019.739393939393
hpmcounter3,normal,seed6,234,9019.884848484848
hpmcounter3,normal,seed6,235,9020.084848484848
hpmcounter3,normal,seed6,236,9020.533333333333
hpmcounter3,normal,seed6,237,9020.90909090909
hpmcounter3,normal,seed6,238,9021.321212121213
hpmcounter3,normal,seed6,239,9021.369696969698
hpmcounter3,normal,seed6,240,9021.39393939394
hpmcounter3,normal,seed6,241,9021.624242424243
hpmcounter3,normal,seed6,242,9021.618181818181
hpmcounter3,normal,seed6,243,9021.49696969697
hpmcounter3,normal,seed6,244,9021.20606060606
hpmcounter3,normal,seed6,245,9020.945454545454
hpmcounter3,normal,seed6,246,9021.036363636364
hpmcounter3,normal,seed6,247,9020.993939393938
hpmcounter3,normal,seed6,248,9021.060606060606
hpmcounter3,normal,seed6,249,9021.048484848485
hpmcounter3,normal,seed6,250,9021.230303030303
hpmcounter3,normal,seed6,251,9021.593939393939
hpmcounter3,normal,seed6,252,9022.169696969697
hpmcounter3,normal,seed6,253,9022.272727272728
hpmcounter3,normal,seed6,254,9022.060606060606
hpmcounter3,normal,seed6,255,9021.557575757575
hpmcounter3,normal,seed6,256,9021.0
hpmcounter3,normal,seed6,257,9020.260606060607
hpmcounter3,normal,seed6,258,9019.60606060606
hpmcounter3,normal,seed6,259,9018.993939393938
hpmcounter3,normal,seed6,260,9018.81212121212
hpmcounter3,normal,seed6,261,9018.787878787878
hpmcounter3,normal,seed6,262,9019.278787878788
hpmcounter3,normal,seed6,263,9019.581818181818
hpmcounter3,normal,seed6,264,9019.90303030303
hpmcounter3,normal,seed6,265,9020.260606060607
hpmcounter3,normal,seed6,266,9020.484848484848
hpmcounter3,normal,seed6,267,9020.484848484848
hpmcounter3,normal,seed6,268,9020.545454545454
hpmcounter3,normal,seed6,269,9020.424242424242
hpmcounter3,normal,seed6,270,9020.442424242425
hpmcounter3,normal,seed6,271,9020.424242424242
hpmcounter3,normal,seed6,272,9020.260606060607
hpmcounter3,normal,seed6,273,9020.072727272727
hpmcounter3,normal,seed6,274,9020.024242424242
hpmcounter3,normal,seed6,275,9020.060606060606
hpmcounter3,normal,seed6,276,9020.30303030303
hpmcounter3,normal,seed6,277,9020.266666666666
hpmcounter3,normal,seed6,278,9239.339393939394
hpmcounter3,normal,seed6,279,9628.066666666668
hpmcounter3,normal,seed6,280,10137.642424242424
hpmcounter3,normal,seed6,281,10501.436363636363
hpmcounter3,normal,seed6,282,10719.39393939394
hpmcounter3,normal,seed6,283,10791.593939393939
hpmcounter3,normal,seed6,284,10718.20606060606
hpmcounter3,normal,seed6,285,10717.436363636363
hpmcounter3,normal,seed6,286,10522.709090909091
hpmcounter3,normal,seed6,287,10133.739393939393
hpmcounter3,normal,seed6,288,9818.315151515151
hpmcounter3,normal,seed6,289,9624.460606060606
hpmcounter3,normal,seed6,290,9600.266666666666
hpmcounter3,normal,seed6,291,9527.648484848485
hpmcounter3,normal,seed6,292,9406.648484848485
hpmcounter3,normal,seed6,293,9236.90303030303
hpmcounter3,normal,seed6,294,9018.6
hpmcounter3,normal,seed6,295,9018.539393939394
hpmcounter3,normal,seed6,296,9018.321212121213
hpmcounter3,normal,seed6,297,9018.254545454545
hpmcounter3,normal,seed6,298,9018.151515151516
hpmcounter3,normal,seed7,9,9011.236363636364
hpmcounter3,normal,seed7,10,9010.533333333333
hpmcounter3,normal,seed7,11,9010.612121212122
hpmcounter3,normal,seed7,12,9011.236363636364
hpmcounter3,normal,seed7,13,9012.339393939394
hpmcounter3,normal,seed7,14,9013.569696969696
hpmcounter3,normal,seed7,15,9015.127272727274
hpmcounter3,normal,seed7,16,9016.739393939393
hpmcounter3,normal,seed7,17,9018.218181818182
hpmcounter3,normal,seed7,18,9019.472727272727
hpmcounter3,normal,seed7,19,9020.424242424242
hpmcounter3,normal,seed7,20,9020.90303030303
hpmcounter3,normal,seed7,21,9020.921212121211
hpmcounter3,normal,seed7,22,9020.963636363636
hpmcounter3,normal,seed7,23,9021.151515151516
hpmcounter3,normal,seed7,24,9021.327272727272
hpmcounter3,normal,seed7,25,9021.30303030303
hpmcounter3,normal,seed7,26,9020.981818181817
hpmcounter3,normal,seed7,27,9020.630303030302
hpmcounter3,normal,seed7,28,9020.381818181819
hpmcounter3,normal,seed7,29,9020.127272727274
hpmcounter3,normal,seed7,30,9020.09090909091
hpmcounter3,normal,seed7,31,9238.484848484848
hpmcounter3,normal,seed7,32,9622.757575757576
hpmcounter3,normal,seed7,33,10125.448484848484
hpmcounter3,normal,seed7,34,10484.460606060606
hpmcounter3,normal,seed7,35,10699.49696969697
hpmcounter3,normal,seed7,36,10770.478787878788
hpmcounter3,normal,seed7,37,10697.406060606061
hpmcounter3,normal,seed7,38,10480.6
hpmcounter3,normal,seed7,39,10119.775757575757
hpmcounter3,normal,seed7,40,9614.957575757575
hpmcounter3,normal,seed7,41,9233.369696969698
hpmcounter3,normal,seed7,42,9018.878787878788
hpmcounter3,normal,seed7,43,9018.727272727272
hpmcounter3,normal,seed7,44,9018.818181818182
hpmcounter3,normal,seed7,45,9018.854545454546
hpmcounter3,normal,seed7,46,9018.751515151514
hpmcounter3,normal,seed7,47,9018.642424242424
hpmcounter3,normal,seed7,48,9018.70303030303
hpmcounter3,normal,seed7,49,9018.8
hpmcounter3,normal,seed7,50,9018.624242424243
hpmcounter3,normal,seed7,51,9018.363636363636
hpmcounter3,normal,seed7,52,9018.460606060606
hpmcounter3,normal,seed7,53,9018.375757575757
hpmcounter3,normal,seed7,54,9018.375757575757
hpmcounter3,normal,seed7,55,9018.418181818182
hpmcounter3,normal,seed7,56,9018.290909090909
hpmcounter3,normal,seed7,57,9018.169696969697
hpmcounter3,normal,seed7,58,9018.406060606061
hpmcounter3,normal,seed7,59,9018.690909090908
hpmcounter3,normal,seed7,60,9237.454545454546
hpmcounter3,normal,seed7,61,9407.593939393939
hpmcounter3,normal,seed7,62,9529.28484848485
hpmcounter3,normal,seed7,63,9602.557575757575
hpmcounter3,normal,seed7,64,9627.054545454546
hpmcounter3,normal,seed7,65,9602.939393939394
hpmcounter3,normal,seed7,66,9530.036363636364
hpmcounter3,normal,seed7,67,9408.454545454546
hpmcounter3,normal,seed7,68,9238.721212121212
hpmcounter3,normal,seed7,69,9020.272727272728
hpmcounter3,normal,seed7,70,9020.460606060606
hpmcounter3,normal,seed7,71,9020.684848484849
hpmcounter3,normal,seed7,72,9020.90909090909
hpmcounter3,normal,seed7,73,9021.2
hpmcounter3,normal,seed7,74,9021.50303030303
hpmcounter3,normal,seed7,75,9021.727272727272
hpmcounter3,normal,seed7,76,9021.987878787879
hpmcounter3,normal,seed7,77,9021.939393939394
hpmcounter3,normal,seed7,78,9021.915151515152
hpmcounter3,normal,seed7,79,9021.58787878788
hpmcounter3,normal,seed7,80,9020.733333333334
hpmcounter3,normal,seed7,81,9019.987878787879
hpmcounter3,normal,seed7,82,9019.115151515152
hpmcounter3,normal,seed7,83,9018.230303030303
hpmcounter3,normal,seed7,84,9017.709090909091
hpmcounter3,normal,seed7,85,9017.333333333334
hpmcounter3,normal,seed7,86,9017.418181818182
hpmcounter3,normal,seed7,87,9017.70303030303
hpmcounter3,normal,seed7,88,9018.133333333333
hpmcounter3,normal,seed7,89,9018.6
hpmcounter3,normal,seed7,90,9018.745454545455
hpmcounter3,normal,seed7,91,9018.993939393938
hpmcounter3,normal,seed7,92,9019.175757575758
hpmcounter3,normal,seed7,93,9019.18787878788
hpmcounter3,normal,seed7,94,9019.406060606061
hpmcounter3,normal,seed7,95,9019.58787878788
hpmcounter3,normal,seed7,96,9019.981818181817
hpmcounter3,normal,seed7,97,9020.527272727273
hpmcounter3,normal,seed7,98,9020.945454545454
hpmcounter3,normal,seed7,99,9021.254545454545
hpmcounter3,normal,seed7,100,9021.539393939394
hpmcounter3,normal,seed7,101,9021.884848484848
hpmcounter3,normal,seed7,102,9022.157575757576
hpmcounter3,normal,seed7,103,9022.115151515152
hpmcounter3,normal,seed7,104,9021.648484848485
hpmcounter3,normal,seed7,105,9021.024242424242
hpmcounter3,normal,seed7,106,9020.357575757576
hpmcounter3,normal,seed7,107,9019.678787878787
hpmcounter3,normal,seed7,108,9019.2
hpmcounter3,normal,seed7,109,9018.757575757576
hpmcounter3,normal,seed7,110,9018.4
hpmcounter3,normal,seed7,111,9017.981818181817
hpmcounter3,normal,seed7,112,9017.709090909091
hpmcounter3,normal,seed7,113,9017.60606060606
hpmcounter3,normal,seed7,114,9017.648484848485
hpmcounter3,normal,seed7,115,9018.084848484848
hpmcounter3,normal,seed7,116,9018.666666666666
hpmcounter3,normal,seed7,117,9019.145454545454
hpmcounter3,normal,seed7,118,9238.545454545454
hpmcounter3,normal,seed7,119,9409.236363636364
hpmcounter3,normal,seed7,120,9531.20606060606
hpmcounter3,normal,seed7,121,9603.987878787879
hpmcounter3,normal,seed7,122,9628.018181818183
hpmcounter3,normal,seed7,123,9603.272727272728
hpmcounter3,normal,seed7,124,9530.103030303031
hpmcounter3,normal,seed7,125,9408.521212121212
hpmcounter3,normal,seed7,126,9238.454545454546
hpmcounter3,normal,seed7,127,9019.818181818182
hpmcounter3,normal,seed7,128,9019.945454545454
hpmcounter3,normal,seed7,129,9019.933333333332
hpmcounter3,normal,seed7,130,9019.90303030303
hpmcounter3,normal,seed7,131,9019.775757575757
hpmcounter3,normal,seed7,132,9019.769696969697
hpmcounter3,normal,seed7,133,9019.642424242424
hpmcounter3,normal,seed7,134,9019.769696969697
hpmcounter3,normal,seed7,135,9019.866666666667
hpmcounter3,normal,seed7,136,9019.878787878788
hpmcounter3,normal,seed7,137,9020.024242424242
hpmcounter3,normal,seed7,138,9020.060606060606
hpmcounter3,normal,seed7,139,9020.09696969697
hpmcounter3,normal,seed7,140,9020.10909090909
hpmcounter3,normal,seed7,141,9020.151515151516
hpmcounter3,normal,seed7,142,9020.290909090909
hpmcounter3,normal,seed7,143,9020.28484848485
hpmcounter3,normal,seed7,144,9020.375757575757
hpmcounter3,normal,seed7,145,9020.321212121213
hpmcounter3,normal,seed7,146,9020.121212121212
hpmcounter3,normal,seed7,147,9020.20606060606
hpmcounter3,normal,seed7,148,9020.133333333333
hpmcounter3,normal,seed7,149,9020.2
hpmcounter3,normal,seed7,150,9020.121212121212
hpmcounter3,normal,seed7,151,9020.260606060607
hpmcounter3,normal,seed7,152,9020.254545454545
hpmcounter3,normal,seed7,153,9020.127272727274
hpmcounter3,normal,seed7,154,9019.90303030303
hpmcounter3,normal,seed7,155,9019.49696969697
hpmcounter3,normal,seed7,156,9019.369696969698
hpmcounter3,normal,seed7,157,9019.484848484848
hpmcounter3,normal,seed7,158,9019.121212121212
hpmcounter3,normal,seed7,159,9018.836363636363
hpmcounter3,normal,seed7,160,9018.521212121212
hpmcounter3,normal,seed7,161,9018.60606060606
hpmcounter3,normal,seed7,162,9019.0
hpmcounter3,normal,seed7,163,9019.290909090909
hpmcounter3,normal,seed7,164,9019.521212121212
hpmcounter3,normal,seed7,165,9019.533333333333
hpmcounter3,normal,seed7,166,9019.945454545454
hpmcounter3,normal,seed7,167,9020.387878787878
hpmcounter3,normal,seed7,168,9020.121212121212
hpmcounter3,normal,seed7,169,9019.660606060606
hpmcounter3,normal,seed7,170,9019.236363636364
hpmcounter3,normal,seed7,171,9018.90303030303
hpmcounter3,normal,seed7,172,9018.939393939394
hpmcounter3,normal,seed7,173,9018.896969696969
hpmcounter3,normal,seed7,174,9018.854545454546
hpmcounter3,normal,seed7,175,9018.727272727272
hpmcounter3,normal,seed7,176,9018.781818181818
hpmcounter3,normal,seed7,177,9018.939393939394
hpmcounter3,normal,seed7,178,9018.866666666667
hpmcounter3,normal,seed7,179,9018.672727272728
hpmcounter3,normal,seed7,180,9018.775757575757
hpmcounter3,normal,seed7,181,9018.933333333332
hpmcounter3,normal,seed7,182,9019.266666666666
hpmcounter3,normal,seed7,183,9019.575757575758
hpmcounter3,normal,seed7,184,9019.672727272728
hpmcounter3,normal,seed7,185,9019.381818181819
hpmcounter3,normal,seed7,186,9019.18787878788
hpmcounter3,normal,seed7,187,9019.266666666666
hpmcounter3,normal,seed7,188,9019.406060606061
hpmcounter3,normal,seed7,189,9019.39393939394
hpmcounter3,normal,seed7,190,9019.539393939394
hpmcounter3,normal,seed7,191,9019.666666666666
hpmcounter3,normal,seed7,192,9019.842424242424
hpmcounter3,normal,seed7,193,9020.024242424242
hpmcounter3,normal,seed7,194,9019.969696969696
hpmcounter3,normal,seed7,195,9019.49090909091
hpmcounter3,normal,seed7,196,9019.018181818183
hpmcounter3,normal,seed7,197,9018.478787878788
hpmcounter3,normal,seed7,198,9018.121212121212
hpmcounter3,normal,seed7,199,9017.79393939394
hpmcounter3,normal,seed7,200,9017.630303030302
hpmcounter3,normal,seed7,201,9017.533333333333
hpmcounter3,normal,seed7,202,9017.636363636364
hpmcounter3,normal,seed7,203,9017.818181818182
hpmcounter3,normal,seed7,204,9018.18787878788
hpmcounter3,normal,seed7,205,9018.521212121212
hpmcounter3,normal,seed7,206,9019.024242424242
hpmcounter3,normal,seed7,207,9019.460606060606
hpmcounter3,normal,seed7,208,9019.945454545454
hpmcounter3,normal,seed7,209,9020.266666666666
hpmcounter3,normal,seed7,210,9020.533333333333
hpmcounter3,normal,seed7,211,9020.6
hpmcounter3,normal,seed7,212,9020.630303030302
hpmcounter3,normal,seed7,213,9020.654545454545
hpmcounter3,normal,seed7,214,9020.70303030303
hpmcounter3,normal,seed7,215,9020.818181818182
hpmcounter3,normal,seed7,216,9020.757575757576
hpmcounter3,normal,seed7,217,9020.624242424243
hpmcounter3,normal,seed7,218,9020.139393939395
hpmcounter3,normal,seed7,219,9019.71515151515
hpmcounter3,normal,seed7,220,9019.448484848484
hpmcounter3,normal,seed7,221,9019.20606060606
hpmcounter3,normal,seed7,222,9018.769696969697
hpmcounter3,normal,seed7,223,9018.60606060606
hpmcounter3,normal,seed7,224,9018.672727272728
hpmcounter3,normal,seed7,225,9018.939393939394
hpmcounter3,normal,seed7,226,9019.351515151515
hpmcounter3,normal,seed7,227,9019.80606060606
hpmcounter3,normal,seed7,228,9019.921212121211
hpmcounter3,normal,seed7,229,9020.066666666668
hpmcounter3,normal,seed7,230,9020.321212121213
hpmcounter3,normal,seed7,231,9020.575757575758
hpmcounter3,normal,seed7,232,9020.454545454546
hpmcounter3,normal,seed7,233,9020.309090909092
hpmcounter3,normal,seed7,234,9020.369696969698
hpmcounter3,normal,seed7,235,9020.41212121212
hpmcounter3,normal,seed7,236,9020.58787878788
hpmcounter3,normal,seed7,237,9020.884848484848
hpmcounter3,normal,seed7,238,9021.181818181818
hpmcounter3,normal,seed7,239,9021.260606060607
hpmcounter3,normal,seed7,240,9021.145454545454
hpmcounter3,normal,seed7,241,9020.969696969696
hpmcounter3,normal,seed7,242,9020.709090909091
hpmcounter3,normal,seed7,243,9020.28484848485
hpmcounter3,normal,seed7,244,9020.018181818183
hpmcounter3,normal,seed7,245,9238.60606060606
hpmcounter3,normal,seed7,246,9627.084848484848
hpmcounter3,normal,seed7,247,10136.739393939393
hpmcounter3,normal,seed7,248,10718.824242424242
hpmcounter3,normal,seed7,249,11106.848484848484
hpmcounter3,normal,seed7,250,11300.654545454545
hpmcounter3,normal,seed7,251,11300.460606060606
hpmcounter3,normal,seed7,252,11106.266666666666
hpmcounter3,normal,seed7,253,10717.951515151515
hpmcounter3,normal,seed7,254,10135.460606060606
hpmcounter3,normal,seed7,255,9626.09696969697
hpmcounter3,normal,seed7,256,9237.981818181817
hpmcounter3,normal,seed7,257,9019.527272727273
hpmcounter3,normal,seed7,258,9019.139393939395
hpmcounter3,normal,seed7,259,9019.042424242425
hpmcounter3,normal,seed7,260,9018.775757575757
hpmcounter3,normal,seed7,261,9018.739393939393
hpmcounter3,normal,seed7,262,9018.71515151515
hpmcounter3,normal,seed7,263,9018.79393939394
hpmcounter3,normal,seed7,264,9018.921212121211
hpmcounter3,normal,seed7,265,9018.963636363636
hpmcounter3,normal,seed7,266,9018.842424242424
hpmcounter3,normal,seed7,267,9018.830303030303
hpmcounter3,normal,seed7,268,9019.024242424242
hpmcounter3,normal,seed7,269,9019.315151515151
hpmcounter3,normal,seed7,270,9019.242424242424
hpmcounter3,normal,seed7,271,9019.4
hpmcounter3,normal,seed7,272,9019.30303030303
hpmcounter3,normal,seed7,273,9019.19393939394
hpmcounter3,normal,seed7,274,9019.127272727274
hpmcounter3,normal,seed7,275,9019.036363636364
hpmcounter3,normal,seed7,276,9019.072727272727
hpmcounter3,normal,seed7,277,9019.442424242425
hpmcounter3,normal,seed7,278,9019.848484848484
hpmcounter3,normal,seed7,279,9020.290909090909
hpmcounter3,normal,seed7,280,9020.58787878788
hpmcounter3,normal,seed7,281,9021.066666666668
hpmcounter3,normal,seed7,282,9021.272727272728
hpmcounter3,normal,seed7,283,9021.41212121212
hpmcounter3,normal,seed7,284,9021.351515151515
hpmcounter3,normal,seed7,285,9021.309090909092
hpmcounter3,normal,seed7,286,9021.10909090909
hpmcounter3,normal,seed7,287,9021.042424242425
hpmcounter3,normal,seed7,288,9020.648484848485
hpmcounter3,normal,seed7,289,9020.248484848486
hpmcounter3,normal,seed7,290,9019.987878787879
hpmcounter3,normal,seed7,291,9019.933333333332
hpmcounter3,normal,seed7,292,9019.8
hpmcounter3,normal,seed7,293,9019.624242424243
hpmcounter3,normal,seed7,294,9019.321212121213
hpmcounter3,normal,seed7,295,9019.290909090909
hpmcounter3,normal,seed7,296,9019.345454545455
hpmcounter3,normal,seed7,297,9019.351515151515
hpmcounter3,normal,seed7,298,9019.527272727273
hpmcounter3,normal,seed8,9,9014.309090909092
hpmcounter3,normal,seed8,10,9013.787878787878
hpmcounter3,normal,seed8,11,9013.527272727273
hpmcounter3,normal,seed8,12,9013.751515151514
hpmcounter3,normal,seed8,13,9014.58787878788
hpmcounter3,normal,seed8,14,9015.781818181818
hpmcounter3,normal,seed8,15,9017.272727272728
hpmcounter3,normal,seed8,16,9018.860606060605
hpmcounter3,normal,seed8,17,9020.290909090909
hpmcounter3,normal,seed8,18,9021.2
hpmcounter3,normal,seed8,19,9021.6
hpmcounter3,normal,seed8,20,9021.745454545455
hpmcounter3,normal,seed8,21,9021.80606060606
hpmcounter3,normal,seed8,22,9021.781818181818
hpmcounter3,normal,seed8,23,9021.80606060606
hpmcounter3,normal,seed8,24,9021.612121212122
hpmcounter3,normal,seed8,25,9021.169696969697
hpmcounter3,normal,seed8,26,9020.915151515152
hpmcounter3,normal,seed8,27,9020.58787878788
hpmcounter3,normal,seed8,28,9020.321212121213
hpmcounter3,normal,seed8,29,9020.036363636364
hpmcounter3,normal,seed8,30,9019.878787878788
hpmcounter3,normal,seed8,31,9019.721212121212
hpmcounter3,normal,seed8,32,9019.58787878788
hpmcounter3,normal,seed8,33,9019.612121212122
hpmcounter3,normal,seed8,34,9019.818181818182
hpmcounter3,normal,seed8,35,9019.818181818182
hpmcounter3,normal,seed8,36,9019.993939393938
hpmcounter3,normal,seed8,37,9019.915151515152
hpmcounter3,normal,seed8,38,9019.848484848484
hpmcounter3,normal,seed8,39,9019.993939393938
hpmcounter3,normal,seed8,40,9019.60606060606
hpmcounter3,normal,seed8,41,9019.20606060606
hpmcounter3,normal,seed8,42,9018.90303030303
hpmcounter3,normal,seed8,43,9018.69696969697
hpmcounter3,normal,seed8,44,9018.80606060606
hpmcounter3,normal,seed8,45,9018.921212121211
hpmcounter3,normal,seed8,46,9019.254545454545
hpmcounter3,normal,seed8,47,9019.454545454546
hpmcounter3,normal,seed8,48,9019.630303030302
hpmcounter3,normal,seed8,49,9020.242424242424
hpmcounter3,normal,seed8,50,9020.58787878788
hpmcounter3,normal,seed8,51,9021.20606060606
hpmcounter3,normal,seed8,52,9022.012121212121
hpmcounter3,normal,seed8,53,9022.539393939394
hpmcounter3,normal,seed8,54,9023.163636363637
hpmcounter3,normal,seed8,55,9023.50909090909
hpmcounter3,normal,seed8,56,9242.60606060606
hpmcounter3,normal,seed8,57,9630.987878787879
hpmcounter3,normal,seed8,58,10140.012121212121
hpmcounter3,normal,seed8,59,10503.387878787878
hpmcounter3,normal,seed8,60,10721.09696969697
hpmcounter3,normal,seed8,61,11011.842424242424
hpmcounter3,normal,seed8,62,11323.115151515152
hpmcounter3,normal,seed8,63,11392.345454545455
hpmcounter3,normal,seed8,64,11219.624242424243
hpmcounter3,normal,seed8,65,10805.163636363637
hpmcounter3,normal,seed8,66,10416.41212121212
hpmcounter3,normal,seed8,67,10101.272727272728
hpmcounter3,normal,seed8,68,9908.363636363636
hpmcounter3,normal,seed8,69,9619.424242424242
hpmcounter3,normal,seed8,70,9234.333333333334
hpmcounter3,normal,seed8,71,9020.09090909091
hpmcounter3,normal,seed8,72,9020.212121212122
hpmcounter3,normal,seed8,73,9020.236363636364
hpmcounter3,normal,seed8,74,9019.933333333332
hpmcounter3,normal,seed8,75,9019.745454545455
hpmcounter3,normal,seed8,76,9019.648484848485
hpmcounter3,normal,seed8,77,9238.2
hpmcounter3,normal,seed8,78,9408.375757575757
hpmcounter3,normal,seed8,79,9529.915151515152
hpmcounter3,normal,seed8,80,9602.854545454546
hpmcounter3,normal,seed8,81,9627.163636363637
hpmcounter3,normal,seed8,82,9602.842424242424
hpmcounter3,normal,seed8,83,9529.933333333332
hpmcounter3,normal,seed8,84,9408.224242424243
hpmcounter3,normal,seed8,85,9237.987878787879
hpmcounter3,normal,seed8,86,9019.41212121212
hpmcounter3,normal,seed8,87,9019.830303030303
hpmcounter3,normal,seed8,88,9020.315151515151
hpmcounter3,normal,seed8,89,9020.666666666666
hpmcounter3,normal,seed8,90,9020.915151515152
hpmcounter3,normal,seed8,91,9020.969696969696
hpmcounter3,normal,seed8,92,9020.939393939394
hpmcounter3,normal,seed8,93,9020.878787878788
hpmcounter3,normal,seed8,94,9020.612121212122
hpmcounter3,normal,seed8,95,9020.39393939394
hpmcounter3,normal,seed8,96,9020.224242424243
hpmcounter3,normal,seed8,97,9020.236363636364
hpmcounter3,normal,seed8,98,9020.266666666666
hpmcounter3,normal,seed8,99,9020.369696969698
hpmcounter3,normal,seed8,100,9020.58787878788
hpmcounter3,normal,seed8,101,9020.733333333334
hpmcounter3,normal,seed8,102,9020.751515151514
hpmcounter3,normal,seed8,103,9020.939393939394
hpmcounter3,normal,seed8,104,9021.018181818183
hpmcounter3,normal,seed8,105,9021.139393939395
hpmcounter3,normal,seed8,106,9021.290909090909
hpmcounter3,normal,seed8,107,9021.460606060606
hpmcounter3,normal,seed8,108,9021.678787878787
hpmcounter3,normal,seed8,109,9021.81212121212
hpmcounter3,normal,seed8,110,9022.266666666666
hpmcounter3,normal,seed8,111,9022.41212121212
hpmcounter3,normal,seed8,112,9022.248484848486
hpmcounter3,normal,seed8,113,9022.084848484848
hpmcounter3,normal,seed8,114,9021.987878787879
hpmcounter3,normal,seed8,115,9021.781818181818
hpmcounter3,normal,seed8,116,9021.818181818182
hpmcounter3,normal,seed8,117,9021.775757575757
hpmcounter3,normal,seed8,118,9021.745454545455
hpmcounter3,normal,seed8,119,9021.4
hpmcounter3,normal,seed8,120,9021.39393939394
hpmcounter3,normal,seed8,121,9021.157575757576
hpmcounter3,normal,seed8,122,9020.81212121212
hpmcounter3,normal,seed8,123,9020.642424242424
hpmcounter3,normal,seed8,124,9020.8
hpmcounter3,normal,seed8,125,9020.787878787878
hpmcounter3,normal,seed8,126,9021.169696969697
hpmcounter3,normal,seed8,127,9021.484848484848
hpmcounter3,normal,seed8,128,9021.842424242424
hpmcounter3,normal,seed8,129,9022.018181818183
hpmcounter3,normal,seed8,130,9022.272727272728
hpmcounter3,normal,seed8,131,9022.218181818182
hpmcounter3,normal,seed8,132,9022.181818181818
hpmcounter3,normal,seed8,133,9022.09696969697
hpmcounter3,normal,seed8,134,9022.18787878788
hpmcounter3,normal,seed8,135,9021.939393939394
hpmcounter3,normal,seed8,136,9021.79393939394
hpmcounter3,normal,seed8,137,9021.345454545455
hpmcounter3,normal,seed8,138,9239.327272727272
hpmcounter3,normal,seed8,139,9627.121212121212
hpmcounter3,normal,seed8,140,10136.254545454545
hpmcounter3,normal,seed8,141,10717.957575757575
hpmcounter3,normal,seed8,142,11324.133333333333
hpmcounter3,normal,seed8,143,11905.575757575758
hpmcounter3,normal,seed8,144,12414.563636363637
hpmcounter3,normal,seed8,145,12798.29696969697
hpmcounter3,normal,seed8,146,12795.084848484848
hpmcounter3,normal,seed8,147,12404.684848484849
hpmcounter3,normal,seed8,148,11894.30303030303
hpmcounter3,normal,seed8,149,11312.09696969697
hpmcounter3,normal,seed8,150,10706.478787878788
hpmcounter3,normal,seed8,151,10126.012121212121
hpmcounter3,normal,seed8,152,9619.357575757576
hpmcounter3,normal,seed8,153,9234.454545454546
hpmcounter3,normal,seed8,154,9020.018181818183
hpmcounter3,normal,seed8,155,9020.012121212121
hpmcounter3,normal,seed8,156,9020.157575757576
hpmcounter3,normal,seed8,157,9020.309090909092
hpmcounter3,normal,seed8,158,9020.545454545454
hpmcounter3,normal,seed8,159,9020.527272727273
hpmcounter3,normal,seed8,160,9020.309090909092
hpmcounter3,normal,seed8,161,9019.848484848484
hpmcounter3,normal,seed8,162,9019.545454545454
hpmcounter3,normal,seed8,163,9019.424242424242
hpmcounter3,normal,seed8,164,9019.10909090909
hpmcounter3,normal,seed8,165,9018.842424242424
hpmcounter3,normal,seed8,166,9018.630303030302
hpmcounter3,normal,seed8,167,9018.533333333333
hpmcounter3,normal,seed8,168,9018.563636363637
hpmcounter3,normal,seed8,169,9018.860606060605
hpmcounter3,normal,seed8,170,9019.2
hpmcounter3,normal,seed8,171,9019.260606060607
hpmcounter3,normal,seed8,172,9019.612121212122
hpmcounter3,normal,seed8,173,9019.878787878788
hpmcounter3,normal,seed8,174,9020.19393939394
hpmcounter3,normal,seed8,175,9020.533333333333
hpmcounter3,normal,seed8,176,9020.71515151515
hpmcounter3,normal,seed8,177,9020.581818181818
hpmcounter3,normal,seed8,178,9020.375757575757
hpmcounter3,normal,seed8,179,9020.363636363636
hpmcounter3,normal,seed8,180,9020.327272727272
hpmcounter3,normal,seed8,181,9020.242424242424
hpmcounter3,normal,seed8,182,9020.29696969697
hpmcounter3,normal,seed8,183,9020.09696969697
hpmcounter3,normal,seed8,184,9019.775757575757
hpmcounter3,normal,seed8,185,9019.49090909091
hpmcounter3,normal,seed8,186,9019.454545454546
hpmcounter3,normal,seed8,187,9019.139393939395
hpmcounter3,normal,seed8,188,9018.921212121211
hpmcounter3,normal,seed8,189,9018.581818181818
hpmcounter3,normal,seed8,190,9018.387878787878
hpmcounter3,normal,seed8,191,9018.472727272727
hpmcounter3,normal,seed8,192,9018.660606060606
hpmcounter3,normal,seed8,193,9018.872727272726
hpmcounter3,normal,seed8,194,9019.139393939395
hpmcounter3,normal,seed8,195,9019.533333333333
hpmcounter3,normal,seed8,196,9020.139393939395
hpmcounter3,normal,seed8,197,9020.50303030303
hpmcounter3,normal,seed8,198,9020.733333333334
hpmcounter3,normal,seed8,199,9020.58787878788
hpmcounter3,normal,seed8,200,9020.309090909092
hpmcounter3,normal,seed8,201,9019.975757575758
hpmcounter3,normal,seed8,202,9019.545454545454
hpmcounter3,normal,seed8,203,9019.151515151516
hpmcounter3,normal,seed8,204,9018.969696969696
hpmcounter3,normal,seed8,205,9019.012121212121
hpmcounter3,normal,seed8,206,9019.357575757576
hpmcounter3,normal,seed8,207,9019.763636363636
hpmcounter3,normal,seed8,208,9020.151515151516
hpmcounter3,normal,seed8,209,9020.321212121213
hpmcounter3,normal,seed8,210,9020.272727272728
hpmcounter3,normal,seed8,211,9019.963636363636
hpmcounter3,normal,seed8,212,9019.690909090908
hpmcounter3,normal,seed8,213,9019.212121212122
hpmcounter3,normal,seed8,214,9018.981818181817
hpmcounter3,normal,seed8,215,9018.824242424242
hpmcounter3,normal,seed8,216,9018.981818181817
hpmcounter3,normal,seed8,217,9019.157575757576
hpmcounter3,normal,seed8,218,9019.266666666666
hpmcounter3,normal,seed8,219,9019.278787878788
hpmcounter3,normal,seed8,220,9019.41212121212
hpmcounter3,normal,seed8,221,9019.266666666666
hpmcounter3,normal,seed8,222,9019.327272727272
hpmcounter3,normal,seed8,223,9019.218181818182
hpmcounter3,normal,seed8,224,9019.333333333334
hpmcounter3,normal,seed8,225,9019.375757575757
hpmcounter3,normal,seed8,226,9019.666666666666
hpmcounter3,normal,seed8,227,9019.854545454546
hpmcounter3,normal,seed8,228,9020.078787878789
hpmcounter3,normal,seed8,229,9020.266666666666
hpmcounter3,normal,seed8,230,9020.527272727273
hpmcounter3,normal,seed8,231,9020.50909090909
hpmcounter3,normal,seed8,232,9020.454545454546
hpmcounter3,normal,seed8,233,9020.363636363636
hpmcounter3,normal,seed8,234,9020.58787878788
hpmcounter3,normal,seed8,235,9020.563636363637
hpmcounter3,normal,seed8,236,9020.69696969697
hpmcounter3,normal,seed8,237,9020.49090909091
hpmcounter3,normal,seed8,238,9020.4
hpmcounter3,normal,seed8,239,9020.29696969697
hpmcounter3,normal,seed8,240,9020.09696969697
hpmcounter3,normal,seed8,241,9019.8
hpmcounter3,normal,seed8,242,9019.515151515152
hpmcounter3,normal,seed8,243,9019.29696969697
hpmcounter3,normal,seed8,244,9019.345454545455
hpmcounter3,normal,seed8,245,9019.266666666666
hpmcounter3,normal,seed8,246,9019.448484848484
hpmcounter3,normal,seed8,247,9019.484848484848
hpmcounter3,normal,seed8,248,9019.333333333334
hpmcounter3,normal,seed8,249,9019.345454545455
hpmcounter3,normal,seed8,250,9019.460606060606
hpmcounter3,normal,seed8,251,9019.69696969697
hpmcounter3,normal,seed8,252,9020.030303030304
hpmcounter3,normal,seed8,253,9020.39393939394
hpmcounter3,normal,seed8,254,9020.787878787878
hpmcounter3,normal,seed8,255,9020.90303030303
hpmcounter3,normal,seed8,256,9020.981818181817
hpmcounter3,normal,seed8,257,9020.781818181818
hpmcounter3,normal,seed8,258,9020.278787878788
hpmcounter3,normal,seed8,259,9019.89090909091
hpmcounter3,normal,seed8,260,9019.763636363636
hpmcounter3,normal,seed8,261,9019.896969696969
hpmcounter3,normal,seed8,262,9020.115151515152
hpmcounter3,normal,seed8,263,9020.254545454545
hpmcounter3,normal,seed8,264,9020.50303030303
hpmcounter3,normal,seed8,265,9020.49696969697
hpmcounter3,normal,seed8,266,9020.478787878788
hpmcounter3,normal,seed8,267,9020.20606060606
hpmcounter3,normal,seed8,268,9019.921212121211
hpmcounter3,normal,seed8,269,9019.515151515152
hpmcounter3,normal,seed8,270,9019.145454545454
hpmcounter3,normal,seed8,271,9018.927272727273
hpmcounter3,normal,seed8,272,9018.830303030303
hpmcounter3,normal,seed8,273,9018.678787878787
hpmcounter3,normal,seed8,274,9018.618181818181
hpmcounter3,normal,seed8,275,9018.321212121213
hpmcounter3,normal,seed8,276,9018.28484848485
hpmcounter3,normal,seed8,277,9018.09090909091
hpmcounter3,normal,seed8,278,9018.006060606062
hpmcounter3,normal,seed8,279,9018.030303030304
hpmcounter3,normal,seed8,280,9018.030303030304
hpmcounter3,normal,seed8,281,9018.115151515152
hpmcounter3,normal,seed8,282,9018.28484848485
hpmcounter3,normal,seed8,283,9018.430303030304
hpmcounter3,normal,seed8,284,9018.769696969697
hpmcounter3,normal,seed8,285,9018.836363636363
hpmcounter3,normal,seed8,286,9018.993939393938
hpmcounter3,normal,seed8,287,9018.563636363637
hpmcounter3,normal,seed8,288,9018.012121212121
hpmcounter3,normal,seed8,289,9017.71515151515
hpmcounter3,normal,seed8,290,9017.430303030304
hpmcounter3,normal,seed8,291,9017.290909090909
hpmcounter3,normal,seed8,292,9017.18787878788
hpmcounter3,normal,seed8,293,9017.230303030303
hpmcounter3,normal,seed8,294,9017.824242424242
hpmcounter3,normal,seed8,295,9018.527272727273
hpmcounter3,normal,seed8,296,9019.369696969698
hpmcounter3,normal,seed8,297,9020.012121212121
hpmcounter3,normal,seed8,298,9020.630303030302
hpmcounter3,normal,seed9,9,9013.69696969697
hpmcounter3,normal,seed9,10,9012.787878787878
hpmcounter3,normal,seed9,11,9012.521212121212
hpmcounter3,normal,seed9,12,9012.721212121212
hpmcounter3,normal,seed9,13,9013.351515151515
hpmcounter3,normal,seed9,14,9014.539393939394
hpmcounter3,normal,seed9,15,9015.848484848484
hpmcounter3,normal,seed9,16,9017.072727272727
hpmcounter3,normal,seed9,17,9018.181818181818
hpmcounter3,normal,seed9,18,9018.848484848484
hpmcounter3,normal,seed9,19,9019.218181818182
hpmcounter3,normal,seed9,20,9019.466666666667
hpmcounter3,normal,seed9,21,9019.642424242424
hpmcounter3,normal,seed9,22,9019.775757575757
hpmcounter3,normal,seed9,23,9019.690909090908
hpmcounter3,normal,seed9,24,9019.612121212122
hpmcounter3,normal,seed9,25,9019.50909090909
hpmcounter3,normal,seed9,26,9019.272727272728
hpmcounter3,normal,seed9,27,9019.036363636364
hpmcounter3,normal,seed9,28,9018.884848484848
hpmcounter3,normal,seed9,29,9018.945454545454
hpmcounter3,normal,seed9,30,9019.012121212121
hpmcounter3,normal,seed9,31,9019.18787878788
hpmcounter3,normal,seed9,32,9019.430303030304
hpmcounter3,normal,seed9,33,9019.71515151515
hpmcounter3,normal,seed9,34,9020.036363636364
hpmcounter3,normal,seed9,35,9020.236363636364
hpmcounter3,normal,seed9,36,9020.345454545455
hpmcounter3,normal,seed9,37,9020.163636363637
hpmcounter3,normal,seed9,38,9020.2
hpmcounter3,normal,seed9,39,9020.260606060607
hpmcounter3,normal,seed9,40,9019.775757575757
hpmcounter3,normal,seed9,41,9019.254545454545
hpmcounter3,normal,seed9,42,9018.58787878788
hpmcounter3,normal,seed9,43,9018.272727272728
hpmcounter3,normal,seed9,44,9018.539393939394
hpmcounter3,normal,seed9,45,9018.987878787879
hpmcounter3,normal,seed9,46,9019.49696969697
hpmcounter3,normal,seed9,47,9020.0
hpmcounter3,normal,seed9,48,9020.321212121213
hpmcounter3,normal,seed9,49,9020.593939393939
hpmcounter3,normal,seed9,50,9020.472727272727
hpmcounter3,normal,seed9,51,9020.381818181819
hpmcounter3,normal,seed9,52,9020.20606060606
hpmcounter3,normal,seed9,53,9019.987878787879
hpmcounter3,normal,seed9,54,9020.018181818183
hpmcounter3,normal,seed9,55,9020.224242424243
hpmcounter3,normal,seed9,56,9020.145454545454
hpmcounter3,normal,seed9,57,9019.951515151515
hpmcounter3,normal,seed9,58,9019.58787878788
hpmcounter3,normal,seed9,59,9019.381818181819
hpmcounter3,normal,seed9,60,9019.351515151515
hpmcounter3,normal,seed9,61,9019.484848484848
hpmcounter3,normal,seed9,62,9019.642424242424
hpmcounter3,normal,seed9,63,9019.848484848484
hpmcounter3,normal,seed9,64,9019.927272727273
hpmcounter3,normal,seed9,65,9020.242424242424
hpmcounter3,normal,seed9,66,9020.448484848484
hpmcounter3,normal,seed9,67,9020.363636363636
hpmcounter3,normal,seed9,68,9020.369696969698
hpmcounter3,normal,seed9,69,9020.345454545455
hpmcounter3,normal,seed9,70,9020.133333333333
hpmcounter3,normal,seed9,71,9019.872727272726
hpmcounter3,normal,seed9,72,9019.454545454546
hpmcounter3,normal,seed9,73,9019.230303030303
hpmcounter3,normal,seed9,74,9019.042424242425
hpmcounter3,normal,seed9,75,9018.89090909091
hpmcounter3,normal,seed9,76,9238.20606060606
hpmcounter3,normal,seed9,77,9626.951515151515
hpmcounter3,normal,seed9,78,10137.030303030304
hpmcounter3,normal,seed9,79,10719.71515151515
hpmcounter3,normal,seed9,80,11107.860606060605
hpmcounter3,normal,seed9,81,11301.60606060606
hpmcounter3,normal,seed9,82,11301.060606060606
hpmcounter3,normal,seed9,83,11106.41212121212
hpmcounter3,normal,seed9,84,10717.860606060605
hpmcounter3,normal,seed9,85,10135.030303030304
hpmcounter3,normal,seed9,86,9626.030303030304
hpmcounter3,normal,seed9,87,9238.121212121212
hpmcounter3,normal,seed9,88,9019.854545454546
hpmcounter3,normal,seed9,89,9019.80606060606
hpmcounter3,normal,seed9,90,9019.860606060605
hpmcounter3,normal,seed9,91,9019.709090909091
hpmcounter3,normal,seed9,92,9019.593939393939
hpmcounter3,normal,seed9,93,9019.39393939394
hpmcounter3,normal,seed9,94,9019.254545454545
hpmcounter3,normal,seed9,95,9019.09090909091
hpmcounter3,normal,seed9,96,9018.927272727273
hpmcounter3,normal,seed9,97,9018.733333333334
hpmcounter3,normal,seed9,98,9018.521212121212
hpmcounter3,normal,seed9,99,9018.50909090909
hpmcounter3,normal,seed9,100,9019.012121212121
hpmcounter3,normal,seed9,101,9019.60606060606
hpmcounter3,normal,seed9,102,9020.09090909091
hpmcounter3,normal,seed9,103,9020.478787878788
hpmcounter3,normal,seed9,104,9020.539393939394
hpmcounter3,normal,seed9,105,9020.406060606061
hpmcounter3,normal,seed9,106,9020.18787878788
hpmcounter3,normal,seed9,107,9019.630303030302
hpmcounter3,normal,seed9,108,9018.921212121211
hpmcounter3,normal,seed9,109,9018.272727272728
hpmcounter3,normal,seed9,110,9018.10909090909
hpmcounter3,normal,seed9,111,9018.19393939394
hpmcounter3,normal,seed9,112,9018.418181818182
hpmcounter3,normal,seed9,113,9018.648484848485
hpmcounter3,normal,seed9,114,9018.69696969697
hpmcounter3,normal,seed9,115,9018.672727272728
hpmcounter3,normal,seed9,116,9018.818181818182
hpmcounter3,normal,seed9,117,9018.824242424242
hpmcounter3,normal,seed9,118,9018.745454545455
hpmcounter3,normal,seed9,119,9018.690909090908
hpmcounter3,normal,seed9,120,9018.769696969697
hpmcounter3,normal,seed9,121,9018.79393939394
hpmcounter3,normal,seed9,122,9018.896969696969
hpmcounter3,normal,seed9,123,9018.915151515152
hpmcounter3,normal,seed9,124,9018.848484848484
hpmcounter3,normal,seed9,125,9018.69696969697
hpmcounter3,normal,seed9,126,9018.212121212122
hpmcounter3,normal,seed9,127,9017.860606060605
hpmcounter3,normal,seed9,128,9017.345454545455
hpmcounter3,normal,seed9,129,9017.0
hpmcounter3,normal,seed9,130,9016.521212121212
hpmcounter3,normal,seed9,131,9016.266666666666
hpmcounter3,normal,seed9,132,9016.072727272727
hpmcounter3,normal,seed9,133,9016.181818181818
hpmcounter3,normal,seed9,134,9016.569696969696
hpmcounter3,normal,seed9,135,9017.212121212122
hpmcounter3,normal,seed9,136,9017.618181818181
hpmcounter3,normal,seed9,137,9018.278787878788
hpmcounter3,normal,seed9,138,9018.751515151514
hpmcounter3,normal,seed9,139,9019.309090909092
hpmcounter3,normal,seed9,140,9019.527272727273
hpmcounter3,normal,seed9,141,9019.6
hpmcounter3,normal,seed9,142,9019.50303030303
hpmcounter3,normal,seed9,143,9019.563636363637
hpmcounter3,normal,seed9,144,9019.648484848485
hpmcounter3,normal,seed9,145,9019.866666666667
hpmcounter3,normal,seed9,146,9020.30303030303
hpmcounter3,normal,seed9,147,9020.690909090908
hpmcounter3,normal,seed9,148,9021.006060606062
hpmcounter3,normal,seed9,149,9021.387878787878
hpmcounter3,normal,seed9,150,9021.745454545455
hpmcounter3,normal,seed9,151,9021.921212121211
hpmcounter3,normal,seed9,152,9022.0
hpmcounter3,normal,seed9,153,9021.818181818182
hpmcounter3,normal,seed9,154,9021.575757575758
hpmcounter3,normal,seed9,155,9021.272727272728
hpmcounter3,normal,seed9,156,9240.666666666666
hpmcounter3,normal,seed9,157,9629.757575757576
hpmcounter3,normal,seed9,158,10140.042424242425
hpmcounter3,normal,seed9,159,10722.824242424242
hpmcounter3,normal,seed9,160,11329.333333333334
hpmcounter3,normal,seed9,161,11911.121212121212
hpmcounter3,normal,seed9,162,12201.612121212122
hpmcounter3,normal,seed9,163,12200.71515151515
hpmcounter3,normal,seed9,164,11908.787878787878
hpmcounter3,normal,seed9,165,11325.212121212122
hpmcounter3,normal,seed9,166,10718.630303030302
hpmcounter3,normal,seed9,167,10136.618181818181
hpmcounter3,normal,seed9,168,9627.612121212122
hpmcounter3,normal,seed9,169,9239.848484848484
hpmcounter3,normal,seed9,170,9021.636363636364
hpmcounter3,normal,seed9,171,9021.272727272728
hpmcounter3,normal,seed9,172,9020.49090909091
hpmcounter3,normal,seed9,173,9020.0
hpmcounter3,normal,seed9,174,9019.848484848484
hpmcounter3,normal,seed9,175,9019.739393939393
hpmcounter3,normal,seed9,176,9019.71515151515
hpmcounter3,normal,seed9,177,9019.690909090908
hpmcounter3,normal,seed9,178,9019.757575757576
hpmcounter3,normal,seed9,179,9020.024242424242
hpmcounter3,normal,seed9,180,9020.521212121212
hpmcounter3,normal,seed9,181,9020.80606060606
hpmcounter3,normal,seed9,182,9020.721212121212
hpmcounter3,normal,seed9,183,9021.0
hpmcounter3,normal,seed9,184,9021.242424242424
hpmcounter3,normal,seed9,185,9021.624242424243
hpmcounter3,normal,seed9,186,9021.848484848484
hpmcounter3,normal,seed9,187,9021.50909090909
hpmcounter3,normal,seed9,188,9021.048484848485
hpmcounter3,normal,seed9,189,9020.775757575757
hpmcounter3,normal,seed9,190,9020.484848484848
hpmcounter3,normal,seed9,191,9238.533333333333
hpmcounter3,normal,seed9,192,9626.212121212122
hpmcounter3,normal,seed9,193,10135.369696969698
hpmcounter3,normal,seed9,194,10717.272727272728
hpmcounter3,normal,seed9,195,11105.454545454546
hpmcounter3,normal,seed9,196,11299.781818181818
hpmcounter3,normal,seed9,197,11299.842424242424
hpmcounter3,normal,seed9,198,11105.951515151515
hpmcounter3,normal,seed9,199,10718.0
hpmcounter3,normal,seed9,200,10135.824242424242
hpmcounter3,normal,seed9,201,9626.6
hpmcounter3,normal,seed9,202,9238.824242424242
hpmcounter3,normal,seed9,203,9020.551515151516
hpmcounter3,normal,seed9,204,9020.60606060606
hpmcounter3,normal,seed9,205,9020.769696969697
hpmcounter3,normal,seed9,206,9020.878787878788
hpmcounter3,normal,seed9,207,9020.848484848484
hpmcounter3,normal,seed9,208,9020.945454545454
hpmcounter3,normal,seed9,209,9020.969696969696
hpmcounter3,normal,seed9,210,9020.830303030303
hpmcounter3,normal,seed9,211,9020.472727272727
hpmcounter3,normal,seed9,212,9020.406060606061
hpmcounter3,normal,seed9,213,9020.036363636364
hpmcounter3,normal,seed9,214,9019.830303030303
hpmcounter3,normal,seed9,215,9020.054545454546
hpmcounter3,normal,seed9,216,9020.363636363636
hpmcounter3,normal,seed9,217,9020.533333333333
hpmcounter3,normal,seed9,218,9020.672727272728
hpmcounter3,normal,seed9,219,9020.969696969696
hpmcounter3,normal,seed9,220,9021.181818181818
hpmcounter3,normal,seed9,221,9021.066666666668
hpmcounter3,normal,seed9,222,9020.89090909091
hpmcounter3,normal,seed9,223,9020.545454545454
hpmcounter3,normal,seed9,224,9020.060606060606
hpmcounter3,normal,seed9,225,9019.757575757576
hpmcounter3,normal,seed9,226,9019.630303030302
hpmcounter3,normal,seed9,227,9019.472727272727
hpmcounter3,normal,seed9,228,9019.363636363636
hpmcounter3,normal,seed9,229,9019.6
hpmcounter3,normal,seed9,230,9019.981818181817
hpmcounter3,normal,seed9,231,9020.242424242424
hpmcounter3,normal,seed9,232,9020.575757575758
hpmcounter3,normal,seed9,233,9021.042424242425
hpmcounter3,normal,seed9,234,9021.442424242425
hpmcounter3,normal,seed9,235,9021.654545454545
hpmcounter3,normal,seed9,236,9021.896969696969
hpmcounter3,normal,seed9,237,9021.836363636363
hpmcounter3,normal,seed9,238,9021.745454545455
hpmcounter3,normal,seed9,239,9021.515151515152
hpmcounter3,normal,seed9,240,9021.248484848486
hpmcounter3,normal,seed9,241,9020.945454545454
hpmcounter3,normal,seed9,242,9020.630303030302
hpmcounter3,normal,seed9,243,9020.430303030304
hpmcounter3,normal,seed9,244,9020.30303030303
hpmcounter3,normal,seed9,245,9020.115151515152
hpmcounter3,normal,seed9,246,9020.012121212121
hpmcounter3,normal,seed9,247,9019.896969696969
hpmcounter3,normal,seed9,248,9019.969696969696
hpmcounter3,normal,seed9,249,9019.987878787879
hpmcounter3,normal,seed9,250,9019.939393939394
hpmcounter3,normal,seed9,251,9020.024242424242
hpmcounter3,normal,seed9,252,9020.163636363637
hpmcounter3,normal,seed9,253,9020.309090909092
hpmcounter3,normal,seed9,254,9020.569696969696
hpmcounter3,normal,seed9,255,9020.933333333332
hpmcounter3,normal,seed9,256,9020.860606060605
hpmcounter3,normal,seed9,257,9020.739393939393
hpmcounter3,normal,seed9,258,9020.460606060606
hpmcounter3,normal,seed9,259,9020.224242424243
hpmcounter3,normal,seed9,260,9020.018181818183
hpmcounter3,normal,seed9,261,9019.872727272726
hpmcounter3,normal,seed9,262,9019.745454545455
hpmcounter3,normal,seed9,263,9019.79393939394
hpmcounter3,normal,seed9,264,9019.90909090909
hpmcounter3,normal,seed9,265,9020.018181818183
hpmcounter3,normal,seed9,266,9019.945454545454
hpmcounter3,normal,seed9,267,9019.896969696969
hpmcounter3,normal,seed9,268,9019.848484848484
hpmcounter3,normal,seed9,269,9019.775757575757
hpmcounter3,normal,seed9,270,9019.81212121212
hpmcounter3,normal,seed9,271,9019.981818181817
hpmcounter3,normal,seed9,272,9019.551515151516
hpmcounter3,normal,seed9,273,9019.18787878788
hpmcounter3,normal,seed9,274,9018.860606060605
hpmcounter3,normal,seed9,275,9018.436363636363
hpmcounter3,normal,seed9,276,9018.309090909092
hpmcounter3,normal,seed9,277,9018.290909090909
hpmcounter3,normal,seed9,278,9018.515151515152
hpmcounter3,normal,seed9,279,9018.763636363636
hpmcounter3,normal,seed9,280,9019.115151515152
hpmcounter3,normal,seed9,281,9019.581818181818
hpmcounter3,normal,seed9,282,9019.630303030302
hpmcounter3,normal,seed9,283,9019.836363636363
hpmcounter3,normal,seed9,284,9019.8
hpmcounter3,normal,seed9,285,9019.818181818182
hpmcounter3,normal,seed9,286,9020.175757575758
hpmcounter3,normal,seed9,287,9020.224242424243
hpmcounter3,normal,seed9,288,9020.351515151515
hpmcounter3,normal,seed9,289,9020.466666666667
hpmcounter3,normal,seed9,290,9020.478787878788
hpmcounter3,normal,seed9,291,9020.593939393939
hpmcounter3,normal,seed9,292,9020.6
hpmcounter3,normal,seed9,293,9020.872727272726
hpmcounter3,normal,seed9,294,9020.981818181817
hpmcounter3,normal,seed9,295,9021.036363636364
hpmcounter3,normal,seed9,296,9021.41212121212
hpmcounter3,normal,seed9,297,9021.357575757576
hpmcounter3,normal,seed9,298,9021.430303030304
hpmcounter4,drift,seed1,9,11.0
hpmcounter4,drift,seed1,10,11.0
hpmcounter4,drift,seed1,11,11.0
hpmcounter4,drift,seed1,12,11.0
hpmcounter4,drift,seed1,13,11.0
hpmcounter4,drift,seed1,14,11.0
hpmcounter4,drift,seed1,15,11.0
hpmcounter4,drift,seed1,16,11.0
hpmcounter4,drift,seed1,17,11.0
hpmcounter4,drift,seed1,18,11.0
hpmcounter4,drift,seed1,19,11.0
hpmcounter4,drift,seed1,20,11.0
hpmcounter4,drift,seed1,21,11.0
hpmcounter4,drift,seed1,22,11.0
hpmcounter4,drift,seed1,23,11.0
hpmcounter4,drift,seed1,24,11.0
hpmcounter4,drift,seed1,25,11.0
hpmcounter4,drift,seed1,26,11.0
hpmcounter4,drift,seed1,27,11.0
hpmcounter4,drift,seed1,28,11.0
hpmcounter4,drift,seed1,29,11.0
hpmcounter4,drift,seed1,30,11.0
hpmcounter4,drift,seed1,31,11.0
hpmcounter4,drift,seed1,32,11.0
hpmcounter4,drift,seed1,33,11.0
hpmcounter4,drift,seed1,34,11.0
hpmcounter4,drift,seed1,35,11.0
hpmcounter4,drift,seed1,36,11.0
hpmcounter4,drift,seed1,37,11.0
hpmcounter4,drift,seed1,38,11.0
hpmcounter4,drift,seed1,39,11.0
hpmcounter4,drift,seed1,40,11.0
hpmcounter4,drift,seed1,41,11.0
hpmcounter4,drift,seed1,42,11.0
hpmcounter4,drift,seed1,43,11.0
hpmcounter4,drift,seed1,44,11.0
hpmcounter4,drift,seed1,45,11.0
hpmcounter4,drift,seed1,46,11.0
hpmcounter4,drift,seed1,47,11.0
hpmcounter4,drift,seed1,48,11.0
hpmcounter4,drift,seed1,49,11.0
hpmcounter4,drift,seed1,50,11.0
hpmcounter4,drift,seed1,51,11.0
hpmcounter4,drift,seed1,52,11.0
hpmcounter4,drift,seed1,53,11.0
hpmcounter4,drift,seed1,54,11.0
hpmcounter4,drift,seed1,55,11.0
hpmcounter4,drift,seed1,56,11.0
hpmcounter4,drift,seed1,57,11.0
hpmcounter4,drift,seed1,58,11.0
hpmcounter4,drift,seed1,59,11.0
hpmcounter4,drift,seed1,60,11.0
hpmcounter4,drift,seed1,61,11.0
hpmcounter4,drift,seed1,62,11.0
hpmcounter4,drift,seed1,63,11.545454545454545
hpmcounter4,drift,seed1,64,11.969696969696969
hpmcounter4,drift,seed1,65,12.272727272727273
hpmcounter4,drift,seed1,66,12.454545454545455
hpmcounter4,drift,seed1,67,12.515151515151516
hpmcounter4,drift,seed1,68,12.454545454545455
hpmcounter4,drift,seed1,69,12.272727272727273
hpmcounter4,drift,seed1,70,11.969696969696969
hpmcounter4,drift,seed1,71,11.545454545454545
hpmcounter4,drift,seed1,72,11.0
hpmcounter4,drift,seed1,73,11.0
hpmcounter4,drift,seed1,74,11.0
hpmcounter4,drift,seed1,75,11.0
hpmcounter4,drift,seed1,76,11.0
hpmcounter4,drift,seed1,77,11.0
hpmcounter4,drift,seed1,78,11.0
hpmcounter4,drift,seed1,79,11.0
hpmcounter4,drift,seed1,80,11.0
hpmcounter4,drift,seed1,81,11.0
hpmcounter4,drift,seed1,82,11.0
hpmcounter4,drift,seed1,83,11.0
hpmcounter4,drift,seed1,84,11.0
hpmcounter4,drift,seed1,85,11.0
hpmcounter4,drift,seed1,86,11.0
hpmcounter4,drift,seed1,87,11.0
hpmcounter4,drift,seed1,88,11.0
hpmcounter4,drift,seed1,89,11.0
hpmcounter4,drift,seed1,90,11.0
hpmcounter4,drift,seed1,91,11.0
hpmcounter4,drift,seed1,92,11.0
hpmcounter4,drift,seed1,93,11.0
hpmcounter4,drift,seed1,94,11.0
hpmcounter4,drift,seed1,95,11.0
hpmcounter4,drift,seed1,96,11.0
hpmcounter4,drift,seed1,97,11.0
hpmcounter4,drift,seed1,98,11.0
hpmcounter4,drift,seed1,99,11.0
hpmcounter4,drift,seed1,100,11.0
hpmcounter4,drift,seed1,101,11.0
hpmcounter4,drift,seed1,102,11.0
hpmcounter4,drift,seed1,103,11.0
hpmcounter4,drift,seed1,104,11.0
hpmcounter4,drift,seed1,105,11.0
hpmcounter4,drift,seed1,106,11.0
hpmcounter4,drift,seed1,107,11.0
hpmcounter4,drift,seed1,108,11.0
hpmcounter4,drift,seed1,109,11.0
hpmcounter4,drift,seed1,110,11.0
hpmcounter4,drift,seed1,111,11.0
hpmcounter4,drift,seed1,112,11.0
hpmcounter4,drift,seed1,113,11.0
hpmcounter4,drift,seed1,114,11.0
hpmcounter4,drift,seed1,115,11.0
hpmcounter4,drift,seed1,116,11.0
hpmcounter4,drift,seed1,117,11.0
hpmcounter4,drift,seed1,118,11.0
hpmcounter4,drift,seed1,119,11.0
hpmcounter4,drift,seed1,120,11.0
hpmcounter4,drift,seed1,121,11.0
hpmcounter4,drift,seed1,122,11.0
hpmcounter4,drift,seed1,123,11.0
hpmcounter4,drift,seed1,124,11.0
hpmcounter4,drift,seed1,125,11.0
hpmcounter4,drift,seed1,126,11.0
hpmcounter4,drift,seed1,127,11.0
hpmcounter4,drift,seed1,128,11.0
hpmcounter4,drift,seed1,129,11.0
hpmcounter4,drift,seed1,130,11.0
hpmcounter4,drift,seed1,131,11.0
hpmcounter4,drift,seed1,132,11.0
hpmcounter4,drift,seed1,133,11.0
hpmcounter4,drift,seed1,134,11.0
hpmcounter4,drift,seed1,135,11.0
hpmcounter4,drift,seed1,136,11.0
hpmcounter4,drift,seed1,137,11.0
hpmcounter4,drift,seed1,138,11.0
hpmcounter4,drift,seed1,139,11.0
hpmcounter4,drift,seed1,140,11.0
hpmcounter4,drift,seed1,141,11.0
hpmcounter4,drift,seed1,142,11.0
hpmcounter4,drift,seed1,143,11.0
hpmcounter4,drift,seed1,144,11.0
hpmcounter4,drift,seed1,145,11.0
hpmcounter4,drift,seed1,146,11.0
hpmcounter4,drift,seed1,147,11.0
hpmcounter4,drift,seed1,148,11.0
hpmcounter4,drift,seed1,149,11.0
hpmcounter4,drift,seed1,150,11.0
hpmcounter4,drift,seed1,151,11.0
hpmcounter4,drift,seed1,152,11.0
hpmcounter4,drift,seed1,153,11.0
hpmcounter4,drift,seed1,154,11.0
hpmcounter4,drift,seed1,155,11.0
hpmcounter4,drift,seed1,156,11.0
hpmcounter4,drift,seed1,157,11.0
hpmcounter4,drift,seed1,158,11.0
hpmcounter4,drift,seed1,159,11.0
hpmcounter4,drift,seed1,160,11.0
hpmcounter4,drift,seed1,161,11.545454545454545
hpmcounter4,drift,seed1,162,12.515151515151516
hpmcounter4,drift,seed1,163,13.787878787878787
hpmcounter4,drift,seed1,164,15.242424242424242
hpmcounter4,drift,seed1,165,16.757575757575758
hpmcounter4,drift,seed1,166,18.21212121212121
hpmcounter4,drift,seed1,167,19.484848484848484
hpmcounter4,drift,seed1,168,20.454545454545453
hpmcounter4,drift,seed1,169,21.0
hpmcounter4,drift,seed1,170,20.454545454545453
hpmcounter4,drift,seed1,171,19.484848484848484
hpmcounter4,drift,seed1,172,18.21212121212121
hpmcounter4,drift,seed1,173,16.757575757575758
hpmcounter4,drift,seed1,174,15.242424242424242
hpmcounter4,drift,seed1,175,13.787878787878787
hpmcounter4,drift,seed1,176,12.515151515151516
hpmcounter4,drift,seed1,177,11.545454545454545
hpmcounter4,drift,seed1,178,11.0
hpmcounter4,drift,seed1,179,11.0
hpmcounter4,drift,seed1,180,11.0
hpmcounter4,drift,seed1,181,11.0
hpmcounter4,drift,seed1,182,11.0
hpmcounter4,drift,seed1,183,11.0
hpmcounter4,drift,seed1,184,11.0
hpmcounter4,drift,seed1,185,11.0
hpmcounter4,drift,seed1,186,11.0
hpmcounter4,drift,seed1,187,11.0
hpmcounter4,drift,seed1,188,11.0
hpmcounter4,drift,seed1,189,11.0
hpmcounter4,drift,seed1,190,11.0
hpmcounter4,drift,seed1,191,11.0
hpmcounter4,drift,seed1,192,11.0
hpmcounter4,drift,seed1,193,11.0
hpmcounter4,drift,seed1,194,11.0
hpmcounter4,drift,seed1,195,11.0
hpmcounter4,drift,seed1,196,11.0
hpmcounter4,drift,seed1,197,11.0
hpmcounter4,drift,seed1,198,11.0
hpmcounter4,drift,seed1,199,11.0
hpmcounter4,drift,seed1,200,11.0
hpmcounter4,drift,seed1,201,11.0
hpmcounter4,drift,seed1,202,11.0
hpmcounter4,drift,seed1,203,11.0
hpmcounter4,drift,seed1,204,11.0
hpmcounter4,drift,seed1,205,11.0
hpmcounter4,drift,seed1,206,11.0
hpmcounter4,drift,seed1,207,11.0
hpmcounter4,drift,seed1,208,11.0
hpmcounter4,drift,seed1,209,11.0
hpmcounter4,drift,seed1,210,11.0
hpmcounter4,drift,seed1,211,11.0
hpmcounter4,drift,seed1,212,11.0
hpmcounter4,drift,seed1,213,11.0
hpmcounter4,drift,seed1,214,11.0
hpmcounter4,drift,seed1,215,11.0
hpmcounter4,drift,seed1,216,11.0
hpmcounter4,drift,seed1,217,11.0
hpmcounter4,drift,seed1,218,11.0
hpmcounter4,drift,seed1,219,11.0
hpmcounter4,drift,seed1,220,11.0
hpmcounter4,drift,seed1,221,11.0
hpmcounter4,drift,seed1,222,11.0
hpmcounter4,drift,seed1,223,11.0
hpmcounter4,drift,seed1,224,11.0
hpmcounter4,drift,seed1,225,11.0
hpmcounter4,drift,seed1,226,11.0
hpmcounter4,drift,seed1,227,11.0
hpmcounter4,drift,seed1,228,11.0
hpmcounter4,drift,seed1,229,11.0
hpmcounter4,drift,seed1,230,11.0
hpmcounter4,drift,seed1,231,11.0
hpmcounter4,drift,seed1,232,11.0
hpmcounter4,drift,seed1,233,11.0
hpmcounter4,drift,seed1,234,11.0
hpmcounter4,drift,seed1,235,11.0
hpmcounter4,drift,seed1,236,11.0
hpmcounter4,drift,seed1,237,11.0
hpmcounter4,drift,seed1,238,11.0
hpmcounter4,drift,seed1,239,11.0
hpmcounter4,drift,seed1,240,11.0
hpmcounter4,drift,seed1,241,11.0
hpmcounter4,drift,seed1,242,11.0
hpmcounter4,drift,seed1,243,11.0
hpmcounter4,drift,seed1,244,11.0
hpmcounter4,drift,seed1,245,11.545454545454545
hpmcounter4,drift,seed1,246,12.515151515151516
hpmcounter4,drift,seed1,247,13.787878787878787
hpmcounter4,drift,seed1,248,14.696969696969697
hpmcounter4,drift,seed1,249,15.242424242424242
hpmcounter4,drift,seed1,250,15.424242424242424
hpmcounter4,drift,seed1,251,15.242424242424242
hpmcounter4,drift,seed1,252,14.696969696969697
hpmcounter4,drift,seed1,253,13.787878787878787
hpmcounter4,drift,seed1,254,12.515151515151516
hpmcounter4,drift,seed1,255,11.545454545454545
hpmcounter4,drift,seed1,256,11.0
hpmcounter4,drift,seed1,257,11.0
hpmcounter4,drift,seed1,258,11.0
hpmcounter4,drift,seed1,259,11.0
hpmcounter4,drift,seed1,260,11.0
hpmcounter4,drift,seed1,261,11.0
hpmcounter4,drift,seed1,262,11.0
hpmcounter4,drift,seed1,263,11.0
hpmcounter4,drift,seed1,264,11.0
hpmcounter4,drift,seed1,265,11.0
hpmcounter4,drift,seed1,266,11.545454545454545
hpmcounter4,drift,seed1,267,12.515151515151516
hpmcounter4,drift,seed1,268,13.787878787878787
hpmcounter4,drift,seed1,269,15.242424242424242
hpmcounter4,drift,seed1,270,16.757575757575758
hpmcounter4,drift,seed1,271,18.21212121212121
hpmcounter4,drift,seed1,272,19.484848484848484
hpmcounter4,drift,seed1,273,20.454545454545453
hpmcounter4,drift,seed1,274,20.454545454545453
hpmcounter4,drift,seed1,275,19.484848484848484
hpmcounter4,drift,seed1,276,18.21212121212121
hpmcounter4,drift,seed1,277,16.757575757575758
hpmcounter4,drift,seed1,278,15.242424242424242
hpmcounter4,drift,seed1,279,13.787878787878787
hpmcounter4,drift,seed1,280,12.515151515151516
hpmcounter4,drift,seed1,281,11.545454545454545
hpmcounter4,drift,seed1,282,11.0
hpmcounter4,drift,seed1,283,11.0
hpmcounter4,drift,seed1,284,11.0
hpmcounter4,drift,seed1,285,11.0
hpmcounter4,drift,seed1,286,11.0
hpmcounter4,drift,seed1,287,11.0
hpmcounter4,drift,seed1,288,11.0
hpmcounter4,drift,seed1,289,11.0
hpmcounter4,drift,seed1,290,11.0
hpmcounter4,drift,seed1,291,11.0
hpmcounter4,drift,seed1,292,11.0
hpmcounter4,drift,seed1,293,11.0
hpmcounter4,drift,seed1,294,11.0
hpmcounter4,drift,seed1,295,11.0
hpmcounter4,drift,seed1,296,11.0
hpmcounter4,drift,seed1,297,11.0
hpmcounter4,drift,seed1,298,11.0
hpmcounter4,drift,seed10,9,11.0
hpmcounter4,drift,seed10,10,11.0
hpmcounter4,drift,seed10,11,11.0
hpmcounter4,drift,seed10,12,11.0
hpmcounter4,drift,seed10,13,11.0
hpmcounter4,drift,seed10,14,11.0
hpmcounter4,drift,seed10,15,11.0
hpmcounter4,drift,seed10,16,11.0
hpmcounter4,drift,seed10,17,11.0
hpmcounter4,drift,seed10,18,11.0
hpmcounter4,drift,seed10,19,11.0
hpmcounter4,drift,seed10,20,11.0
hpmcounter4,drift,seed10,21,11.0
hpmcounter4,drift,seed10,22,11.0
hpmcounter4,drift,seed10,23,11.0
hpmcounter4,drift,seed10,24,11.0
hpmcounter4,drift,seed10,25,11.0
hpmcounter4,drift,seed10,26,11.0
hpmcounter4,drift,seed10,27,11.0
hpmcounter4,drift,seed10,28,11.0
hpmcounter4,drift,seed10,29,11.0
hpmcounter4,drift,seed10,30,11.0
hpmcounter4,drift,seed10,31,11.0
hpmcounter4,drift,seed10,32,11.0
hpmcounter4,drift,seed10,33,11.0
hpmcounter4,drift,seed10,34,11.0
hpmcounter4,drift,seed10,35,11.0
hpmcounter4,drift,seed10,36,11.0
hpmcounter4,drift,seed10,37,11.0
hpmcounter4,drift,seed10,38,11.0
hpmcounter4,drift,seed10,39,11.0
hpmcounter4,drift,seed10,40,11.0
hpmcounter4,drift,seed10,41,11.0
hpmcounter4,drift,seed10,42,11.0
hpmcounter4,drift,seed10,43,11.0
hpmcounter4,drift,seed10,44,11.0
hpmcounter4,drift,seed10,45,11.0
hpmcounter4,drift,seed10,46,11.0
hpmcounter4,drift,seed10,47,11.0
hpmcounter4,drift,seed10,48,11.0
hpmcounter4,drift,seed10,49,11.0
hpmcounter4,drift,seed10,50,11.0
hpmcounter4,drift,seed10,51,11.0
hpmcounter4,drift,seed10,52,11.0
hpmcounter4,drift,seed10,53,11.0
hpmcounter4,drift,seed10,54,11.0
hpmcounter4,drift,seed10,55,11.0
hpmcounter4,drift,seed10,56,11.0
hpmcounter4,drift,seed10,57,11.0
hpmcounter4,drift,seed10,58,11.0
hpmcounter4,drift,seed10,59,11.0
hpmcounter4,drift,seed10,60,11.0
hpmcounter4,drift,seed10,61,11.0
hpmcounter4,drift,seed10,62,11.0
hpmcounter4,drift,seed10,63,11.0
hpmcounter4,drift,seed10,64,11.0
hpmcounter4,drift,seed10,65,11.0
hpmcounter4,drift,seed10,66,11.0
hpmcounter4,drift,seed10,67,11.0
hpmcounter4,drift,seed10,68,11.0
hpmcounter4,drift,seed10,69,11.0
hpmcounter4,drift,seed10,70,11.0
hpmcounter4,drift,seed10,71,11.0
hpmcounter4,drift,seed10,72,11.0
hpmcounter4,drift,seed10,73,11.0
hpmcounter4,drift,seed10,74,11.0
hpmcounter4,drift,seed10,75,11.0
hpmcounter4,drift,seed10,76,11.0
hpmcounter4,drift,seed10,77,11.0
hpmcounter4,drift,seed10,78,11.0
hpmcounter4,drift,seed10,79,11.0
hpmcounter4,drift,seed10,80,11.0
hpmcounter4,drift,seed10,81,11.0
hpmcounter4,drift,seed10,82,11.0
hpmcounter4,drift,seed10,83,11.0
hpmcounter4,drift,seed10,84,11.0
hpmcounter4,drift,seed10,85,11.0
hpmcounter4,drift,seed10,86,11.0
hpmcounter4,drift,seed10,87,11.0
hpmcounter4,drift,seed10,88,11.0
hpmcounter4,drift,seed10,89,11.0
hpmcounter4,drift,seed10,90,11.0
hpmcounter4,drift,seed10,91,11.0
hpmcounter4,drift,seed10,92,11.0
hpmcounter4,drift,seed10,93,11.0
hpmcounter4,drift,seed10,94,11.0
hpmcounter4,drift,seed10,95,11.0
hpmcounter4,drift,seed10,96,11.0
hpmcounter4,drift,seed10,97,11.0
hpmcounter4,drift,seed10,98,11.0
hpmcounter4,drift,seed10,99,11.0
hpmcounter4,drift,seed10,100,11.0
hpmcounter4,drift,seed10,101,11.0
hpmcounter4,drift,seed10,102,11.0
hpmcounter4,drift,seed10,103,11.0
hpmcounter4,drift,seed10,104,11.0
hpmcounter4,drift,seed10,105,11.0
hpmcounter4,drift,seed10,106,11.0
hpmcounter4,drift,seed10,107,11.0
hpmcounter4,drift,seed10,108,11.0
hpmcounter4,drift,seed10,109,11.0
hpmcounter4,drift,seed10,110,11.0
hpmcounter4,drift,seed10,111,11.0
hpmcounter4,drift,seed10,112,11.0
hpmcounter4,drift,seed10,113,11.0
hpmcounter4,drift,seed10,114,11.0
hpmcounter4,drift,seed10,115,11.0
hpmcounter4,drift,seed10,116,11.0
hpmcounter4,drift,seed10,117,11.0
hpmcounter4,drift,seed10,118,11.0
hpmcounter4,drift,seed10,119,11.0
hpmcounter4,drift,seed10,120,11.0
hpmcounter4,drift,seed10,121,11.0
hpmcounter4,drift,seed10,122,11.0
hpmcounter4,drift,seed10,123,11.0
hpmcounter4,drift,seed10,124,11.0
hpmcounter4,drift,seed10,125,11.0
hpmcounter4,drift,seed10,126,11.0
hpmcounter4,drift,seed10,127,11.0
hpmcounter4,drift,seed10,128,11.0
hpmcounter4,drift,seed10,129,11.0
hpmcounter4,drift,seed10,130,11.0
hpmcounter4,drift,seed10,131,11.0
hpmcounter4,drift,seed10,132,11.0
hpmcounter4,drift,seed10,133,11.0
hpmcounter4,drift,seed10,134,11.0
hpmcounter4,drift,seed10,135,11.0
hpmcounter4,drift,seed10,136,11.0
hpmcounter4,drift,seed10,137,11.0
hpmcounter4,drift,seed10,138,11.0
hpmcounter4,drift,seed10,139,11.0
hpmcounter4,drift,seed10,140,11.0
hpmcounter4,drift,seed10,141,11.0
hpmcounter4,drift,seed10,142,11.0
hpmcounter4,drift,seed10,143,11.0
hpmcounter4,drift,seed10,144,11.0
hpmcounter4,drift,seed10,145,11.0
hpmcounter4,drift,seed10,146,11.0
hpmcounter4,drift,seed10,147,11.0
hpmcounter4,drift,seed10,148,11.0
hpmcounter4,drift,seed10,149,11.0
hpmcounter4,drift,seed10,150,11.0
hpmcounter4,drift,seed10,151,11.0
hpmcounter4,drift,seed10,152,11.0
hpmcounter4,drift,seed10,153,11.0
hpmcounter4,drift,seed10,154,11.0
hpmcounter4,drift,seed10,155,11.545454545454545
hpmcounter4,drift,seed10,156,12.515151515151516
hpmcounter4,drift,seed10,157,13.787878787878787
hpmcounter4,drift,seed10,158,14.696969696969697
hpmcounter4,drift,seed10,159,15.242424242424242
hpmcounter4,drift,seed10,160,15.424242424242424
hpmcounter4,drift,seed10,161,15.242424242424242
hpmcounter4,drift,seed10,162,14.696969696969697
hpmcounter4,drift,seed10,163,13.787878787878787
hpmcounter4,drift,seed10,164,12.515151515151516
hpmcounter4,drift,seed10,165,11.545454545454545
hpmcounter4,drift,seed10,166,11.0
hpmcounter4,drift,seed10,167,11.0
hpmcounter4,drift,seed10,168,11.0
hpmcounter4,drift,seed10,169,11.0
hpmcounter4,drift,seed10,170,11.0
hpmcounter4,drift,seed10,171,11.0
hpmcounter4,drift,seed10,172,11.545454545454545
hpmcounter4,drift,seed10,173,12.515151515151516
hpmcounter4,drift,seed10,174,13.787878787878787
hpmcounter4,drift,seed10,175,15.242424242424242
hpmcounter4,drift,seed10,176,16.757575757575758
hpmcounter4,drift,seed10,177,18.21212121212121
hpmcounter4,drift,seed10,178,18.939393939393938
hpmcounter4,drift,seed10,179,18.939393939393938
hpmcounter4,drift,seed10,180,18.21212121212121
hpmcounter4,drift,seed10,181,16.757575757575758
hpmcounter4,drift,seed10,182,15.242424242424242
hpmcounter4,drift,seed10,183,13.787878787878787
hpmcounter4,drift,seed10,184,12.515151515151516
hpmcounter4,drift,seed10,185,11.545454545454545
hpmcounter4,drift,seed10,186,11.0
hpmcounter4,drift,seed10,187,11.0
hpmcounter4,drift,seed10,188,11.0
hpmcounter4,drift,seed10,189,11.0
hpmcounter4,drift,seed10,190,11.0
hpmcounter4,drift,seed10,191,11.0
hpmcounter4,drift,seed10,192,11.0
hpmcounter4,drift,seed10,193,11.0
hpmcounter4,drift,seed10,194,11.0
hpmcounter4,drift,seed10,195,11.0
hpmcounter4,drift,seed10,196,11.0
hpmcounter4,drift,seed10,197,11.0
hpmcounter4,drift,seed10,198,11.0
hpmcounter4,drift,seed10,199,11.0
hpmcounter4,drift,seed10,200,11.0
hpmcounter4,drift,seed10,201,11.0
hpmcounter4,drift,seed10,202,11.0
hpmcounter4,drift,seed10,203,11.0
hpmcounter4,drift,seed10,204,11.545454545454545
hpmcounter4,drift,seed10,205,11.969696969696969
hpmcounter4,drift,seed10,206,12.272727272727273
hpmcounter4,drift,seed10,207,12.454545454545455
hpmcounter4,drift,seed10,208,12.515151515151516
hpmcounter4,drift,seed10,209,12.454545454545455
hpmcounter4,drift,seed10,210,12.272727272727273
hpmcounter4,drift,seed10,211,11.969696969696969
hpmcounter4,drift,seed10,212,11.545454545454545
hpmcounter4,drift,seed10,213,11.0
hpmcounter4,drift,seed10,214,11.0
hpmcounter4,drift,seed10,215,11.0
hpmcounter4,drift,seed10,216,11.0
hpmcounter4,drift,seed10,217,11.0
hpmcounter4,drift,seed10,218,11.0
hpmcounter4,drift,seed10,219,11.0
hpmcounter4,drift,seed10,220,11.0
hpmcounter4,drift,seed10,221,11.0
hpmcounter4,drift,seed10,222,11.0
hpmcounter4,drift,seed10,223,11.0
hpmcounter4,drift,seed10,224,11.0
hpmcounter4,drift,seed10,225,11.0
hpmcounter4,drift,seed10,226,11.0
hpmcounter4,drift,seed10,227,11.0
hpmcounter4,drift,seed10,228,11.0
hpmcounter4,drift,seed10,229,11.0
hpmcounter4,drift,seed10,230,11.0
hpmcounter4,drift,seed10,231,11.0
hpmcounter4,drift,seed10,232,11.0
hpmcounter4,drift,seed10,233,11.0
hpmcounter4,drift,seed10,234,11.0
hpmcounter4,drift,seed10,235,11.0
hpmcounter4,drift,seed10,236,11.0
hpmcounter4,drift,seed10,237,11.0
hpmcounter4,drift,seed10,238,11.0
hpmcounter4,drift,seed10,239,11.0
hpmcounter4,drift,seed10,240,11.0
hpmcounter4,drift,seed10,241,11.0
hpmcounter4,drift,seed10,242,11.0
hpmcounter4,drift,seed10,243,11.0
hpmcounter4,drift,seed10,244,11.0
hpmcounter4,drift,seed10,245,11.0
hpmcounter4,drift,seed10,246,11.0
hpmcounter4,drift,seed10,247,11.0
hpmcounter4,drift,seed10,248,11.0
hpmcounter4,drift,seed10,249,11.0
hpmcounter4,drift,seed10,250,11.0
hpmcounter4,drift,seed10,251,11.0
hpmcounter4,drift,seed10,252,11.0
hpmcounter4,drift,seed10,253,11.0
hpmcounter4,drift,seed10,254,11.0
hpmcounter4,drift,seed10,255,11.0
hpmcounter4,drift,seed10,256,11.0
hpmcounter4,drift,seed10,257,11.0
hpmcounter4,drift,seed10,258,11.0
hpmcounter4,drift,seed10,259,11.0
hpmcounter4,drift,seed10,260,11.0
hpmcounter4,drift,seed10,261,11.0
hpmcounter4,drift,seed10,262,11.0
hpmcounter4,drift,seed10,263,11.0
hpmcounter4,drift,seed10,264,11.0
hpmcounter4,drift,seed10,265,11.0
hpmcounter4,drift,seed10,266,11.0
hpmcounter4,drift,seed10,267,11.0
hpmcounter4,drift,seed10,268,11.0
hpmcounter4,drift,seed10,269,11.0
hpmcounter4,drift,seed10,270,11.0
hpmcounter4,drift,seed10,271,11.0
hpmcounter4,drift,seed10,272,11.0
hpmcounter4,drift,seed10,273,11.0
hpmcounter4,drift,seed10,274,11.0
hpmcounter4,drift,seed10,275,11.0
hpmcounter4,drift,seed10,276,11.0
hpmcounter4,drift,seed10,277,11.0
hpmcounter4,drift,seed10,278,11.0
hpmcounter4,drift,seed10,279,11.0
hpmcounter4,drift,seed10,280,11.0
hpmcounter4,drift,seed10,281,11.0
hpmcounter4,drift,seed10,282,11.0
hpmcounter4,drift,seed10,283,11.0
hpmcounter4,drift,seed10,284,11.0
hpmcounter4,drift,seed10,285,11.0
hpmcounter4,drift,seed10,286,11.0
hpmcounter4,drift,seed10,287,11.0
hpmcounter4,drift,seed10,288,11.0
hpmcounter4,drift,seed10,289,11.0
hpmcounter4,drift,seed10,290,11.0
hpmcounter4,drift,seed10,291,11.0
hpmcounter4,drift,seed10,292,11.0
hpmcounter4,drift,seed10,293,11.0
hpmcounter4,drift,seed10,294,11.0
hpmcounter4,drift,seed10,295,11.0
hpmcounter4,drift,seed10,296,11.0
hpmcounter4,drift,seed10,297,11.0
hpmcounter4,drift,seed10,298,11.0
hpmcounter4,drift,seed11,9,11.0
hpmcounter4,drift,seed11,10,11.0
hpmcounter4,drift,seed11,11,11.0
hpmcounter4,drift,seed11,12,11.0
hpmcounter4,drift,seed11,13,11.0
hpmcounter4,drift,seed11,14,11.0
hpmcounter4,drift,seed11,15,11.0
hpmcounter4,drift,seed11,16,11.0
hpmcounter4,drift,seed11,17,11.0
hpmcounter4,drift,seed11,18,11.0
hpmcounter4,drift,seed11,19,11.0
hpmcounter4,drift,seed11,20,11.0
hpmcounter4,drift,seed11,21,11.0
hpmcounter4,drift,seed11,22,11.0
hpmcounter4,drift,seed11,23,11.0
hpmcounter4,drift,seed11,24,11.0
hpmcounter4,drift,seed11,25,11.0
hpmcounter4,drift,seed11,26,11.0
hpmcounter4,drift,seed11,27,11.0
hpmcounter4,drift,seed11,28,11.0
hpmcounter4,drift,seed11,29,11.0
hpmcounter4,drift,seed11,30,11.0
hpmcounter4,drift,seed11,31,11.0
hpmcounter4,drift,seed11,32,11.0
hpmcounter4,drift,seed11,33,11.0
hpmcounter4,drift,seed11,34,11.0
hpmcounter4,drift,seed11,35,11.0
hpmcounter4,drift,seed11,36,11.0
hpmcounter4,drift,seed11,37,11.0
hpmcounter4,drift,seed11,38,11.0
hpmcounter4,drift,seed11,39,11.0
hpmcounter4,drift,seed11,40,11.0
hpmcounter4,drift,seed11,41,11.0
hpmcounter4,drift,seed11,42,11.0
hpmcounter4,drift,seed11,43,11.0
hpmcounter4,drift,seed11,44,11.0
hpmcounter4,drift,seed11,45,11.0
hpmcounter4,drift,seed11,46,11.0
hpmcounter4,drift,seed11,47,11.0
hpmcounter4,drift,seed11,48,11.0
hpmcounter4,drift,seed11,49,11.0
hpmcounter4,drift,seed11,50,11.0
hpmcounter4,drift,seed11,51,11.0
hpmcounter4,drift,seed11,52,11.0
hpmcounter4,drift,seed11,53,11.0
hpmcounter4,drift,seed11,54,11.0
hpmcounter4,drift,seed11,55,11.545454545454545
hpmcounter4,drift,seed11,56,12.515151515151516
hpmcounter4,drift,seed11,57,13.787878787878787
hpmcounter4,drift,seed11,58,15.242424242424242
hpmcounter4,drift,seed11,59,16.757575757575758
hpmcounter4,drift,seed11,60,18.21212121212121
hpmcounter4,drift,seed11,61,19.484848484848484
hpmcounter4,drift,seed11,62,20.454545454545453
hpmcounter4,drift,seed11,63,21.0
hpmcounter4,drift,seed11,64,21.0
hpmcounter4,drift,seed11,65,20.454545454545453
hpmcounter4,drift,seed11,66,19.484848484848484
hpmcounter4,drift,seed11,67,18.21212121212121
hpmcounter4,drift,seed11,68,16.757575757575758
hpmcounter4,drift,seed11,69,15.242424242424242
hpmcounter4,drift,seed11,70,13.787878787878787
hpmcounter4,drift,seed11,71,12.515151515151516
hpmcounter4,drift,seed11,72,11.545454545454545
hpmcounter4,drift,seed11,73,11.0
hpmcounter4,drift,seed11,74,11.0
hpmcounter4,drift,seed11,75,11.0
hpmcounter4,drift,seed11,76,11.0
hpmcounter4,drift,seed11,77,11.0
hpmcounter4,drift,seed11,78,11.0
hpmcounter4,drift,seed11,79,11.0
hpmcounter4,drift,seed11,80,11.0
hpmcounter4,drift,seed11,81,11.0
hpmcounter4,drift,seed11,82,11.0
hpmcounter4,drift,seed11,83,11.0
hpmcounter4,drift,seed11,84,11.0
hpmcounter4,drift,seed11,85,11.0
hpmcounter4,drift,seed11,86,11.0
hpmcounter4,drift,seed11,87,11.0
hpmcounter4,drift,seed11,88,11.0
hpmcounter4,drift,seed11,89,11.0
hpmcounter4,drift,seed11,90,11.0
hpmcounter4,drift,seed11,91,11.0
hpmcounter4,drift,seed11,92,11.0
hpmcounter4,drift,seed11,93,11.0
hpmcounter4,drift,seed11,94,11.0
hpmcounter4,drift,seed11,95,11.0
hpmcounter4,drift,seed11,96,11.0
hpmcounter4,drift,seed11,97,11.0
hpmcounter4,drift,seed11,98,11.0
hpmcounter4,drift,seed11,99,11.0
hpmcounter4,drift,seed11,100,11.0
hpmcounter4,drift,seed11,101,11.0
hpmcounter4,drift,seed11,102,11.0
hpmcounter4,drift,seed11,103,11.545454545454545
hpmcounter4,drift,seed11,104,12.515151515151516
hpmcounter4,drift,seed11,105,13.242424242424242
hpmcounter4,drift,seed11,106,13.727272727272727
hpmcounter4,drift,seed11,107,13.969696969696969
hpmcounter4,drift,seed11,108,13.969696969696969
hpmcounter4,drift,seed11,109,13.727272727272727
hpmcounter4,drift,seed11,110,13.242424242424242
hpmcounter4,drift,seed11,111,12.515151515151516
hpmcounter4,drift,seed11,112,11.545454545454545
hpmcounter4,drift,seed11,113,11.0
hpmcounter4,drift,seed11,114,11.0
hpmcounter4,drift,seed11,115,11.0
hpmcounter4,drift,seed11,116,11.0
hpmcounter4,drift,seed11,117,11.0
hpmcounter4,drift,seed11,118,11.0
hpmcounter4,drift,seed11,119,11.0
hpmcounter4,drift,seed11,120,11.0
hpmcounter4,drift,seed11,121,11.0
hpmcounter4,drift,seed11,122,11.0
hpmcounter4,drift,seed11,123,11.0
hpmcounter4,drift,seed11,124,11.0
hpmcounter4,drift,seed11,125,11.0
hpmcounter4,drift,seed11,126,11.0
hpmcounter4,drift,seed11,127,11.0
hpmcounter4,drift,seed11,128,11.0
hpmcounter4,drift,seed11,129,11.0
hpmcounter4,drift,seed11,130,11.0
hpmcounter4,drift,seed11,131,11.0
hpmcounter4,drift,seed11,132,11.0
hpmcounter4,drift,seed11,133,11.0
hpmcounter4,drift,seed11,134,11.0
hpmcounter4,drift,seed11,135,11.0
hpmcounter4,drift,seed11,136,11.0
hpmcounter4,drift,seed11,137,11.0
hpmcounter4,drift,seed11,138,11.0
hpmcounter4,drift,seed11,139,11.0
hpmcounter4,drift,seed11,140,11.0
hpmcounter4,drift,seed11,141,11.0
hpmcounter4,drift,seed11,142,11.0
hpmcounter4,drift,seed11,143,11.0
hpmcounter4,drift,seed11,144,11.0
hpmcounter4,drift,seed11,145,11.0
hpmcounter4,drift,seed11,146,11.0
hpmcounter4,drift,seed11,147,11.0
hpmcounter4,drift,seed11,148,11.0
hpmcounter4,drift,seed11,149,11.0
hpmcounter4,drift,seed11,150,11.0
hpmcounter4,drift,seed11,151,11.0
hpmcounter4,drift,seed11,152,11.0
hpmcounter4,drift,seed11,153,11.0
hpmcounter4,drift,seed11,154,11.0
hpmcounter4,drift,seed11,155,11.0
hpmcounter4,drift,seed11,156,11.0
hpmcounter4,drift,seed11,157,11.0
hpmcounter4,drift,seed11,158,11.0
hpmcounter4,drift,seed11,159,11.0
hpmcounter4,drift,seed11,160,11.0
hpmcounter4,drift,seed11,161,11.0
hpmcounter4,drift,seed11,162,11.0
hpmcounter4,drift,seed11,163,11.0
hpmcounter4,drift,seed11,164,11.0
hpmcounter4,drift,seed11,165,11.0
hpmcounter4,drift,seed11,166,11.545454545454545
hpmcounter4,drift,seed11,167,12.515151515151516
hpmcounter4,drift,seed11,168,13.787878787878787
hpmcounter4,drift,seed11,169,15.242424242424242
hpmcounter4,drift,seed11,170,16.757575757575758
hpmcounter4,drift,seed11,171,18.21212121212121
hpmcounter4,drift,seed11,172,19.484848484848484
hpmcounter4,drift,seed11,173,20.454545454545453
hpmcounter4,drift,seed11,174,21.0
hpmcounter4,drift,seed11,175,21.0
hpmcounter4,drift,seed11,176,20.454545454545453
hpmcounter4,drift,seed11,177,20.03030303030303
hpmcounter4,drift,seed11,178,19.181818181818183
hpmcounter4,drift,seed11,179,18.03030303030303
hpmcounter4,drift,seed11,180,16.696969696969695
hpmcounter4,drift,seed11,181,15.303030303030303
hpmcounter4,drift,seed11,182,13.969696969696969
hpmcounter4,drift,seed11,183,12.818181818181818
hpmcounter4,drift,seed11,184,11.969696969696969
hpmcounter4,drift,seed11,185,11.545454545454545
hpmcounter4,drift,seed11,186,11.0
hpmcounter4,drift,seed11,187,11.0
hpmcounter4,drift,seed11,188,11.0
hpmcounter4,drift,seed11,189,11.0
hpmcounter4,drift,seed11,190,11.0
hpmcounter4,drift,seed11,191,11.0
hpmcounter4,drift,seed11,192,11.0
hpmcounter4,drift,seed11,193,11.0
hpmcounter4,drift,seed11,194,11.0
hpmcounter4,drift,seed11,195,11.0
hpmcounter4,drift,seed11,196,11.0
hpmcounter4,drift,seed11,197,11.0
hpmcounter4,drift,seed11,198,11.0
hpmcounter4,drift,seed11,199,11.0
hpmcounter4,drift,seed11,200,11.0
hpmcounter4,drift,seed11,201,11.0
hpmcounter4,drift,seed11,202,11.0
hpmcounter4,drift,seed11,203,11.0
hpmcounter4,drift,seed11,204,11.545454545454545
hpmcounter4,drift,seed11,205,12.515151515151516
hpmcounter4,drift,seed11,206,13.787878787878787
hpmcounter4,drift,seed11,207,15.242424242424242
hpmcounter4,drift,seed11,208,16.757575757575758
hpmcounter4,drift,seed11,209,17.666666666666668
hpmcounter4,drift,seed11,210,17.96969696969697
hpmcounter4,drift,seed11,211,17.666666666666668
hpmcounter4,drift,seed11,212,16.757575757575758
hpmcounter4,drift,seed11,213,15.242424242424242
hpmcounter4,drift,seed11,214,13.787878787878787
hpmcounter4,drift,seed11,215,12.515151515151516
hpmcounter4,drift,seed11,216,11.545454545454545
hpmcounter4,drift,seed11,217,11.0
hpmcounter4,drift,seed11,218,11.0
hpmcounter4,drift,seed11,219,11.0
hpmcounter4,drift,seed11,220,11.0
hpmcounter4,drift,seed11,221,11.0
hpmcounter4,drift,seed11,222,11.0
hpmcounter4,drift,seed11,223,11.0
hpmcounter4,drift,seed11,224,11.0
hpmcounter4,drift,seed11,225,11.0
hpmcounter4,drift,seed11,226,11.0
hpmcounter4,drift,seed11,227,11.0
hpmcounter4,drift,seed11,228,11.0
hpmcounter4,drift,seed11,229,11.0
hpmcounter4,drift,seed11,230,11.0
hpmcounter4,drift,seed11,231,11.0
hpmcounter4,drift,seed11,232,11.0
hpmcounter4,drift,seed11,233,11.0
hpmcounter4,drift,seed11,234,11.0
hpmcounter4,drift,seed11,235,11.0
hpmcounter4,drift,seed11,236,11.0
hpmcounter4,drift,seed11,237,11.0
hpmcounter4,drift,seed11,238,11.0
hpmcounter4,drift,seed11,239,11.0
hpmcounter4,drift,seed11,240,11.0
hpmcounter4,drift,seed11,241,11.0
hpmcounter4,drift,seed11,242,11.0
hpmcounter4,drift,seed11,243,11.0
hpmcounter4,drift,seed11,244,11.0
hpmcounter4,drift,seed11,245,11.0
hpmcounter4,drift,seed11,246,11.0
hpmcounter4,drift,seed11,247,11.0
hpmcounter4,drift,seed11,248,11.0
hpmcounter4,drift,seed11,249,11.0
hpmcounter4,drift,seed11,250,11.0
hpmcounter4,drift,seed11,251,11.0
hpmcounter4,drift,seed11,252,11.0
hpmcounter4,drift,seed11,253,11.0
hpmcounter4,drift,seed11,254,11.0
hpmcounter4,drift,seed11,255,11.0
hpmcounter4,drift,seed11,256,11.0
hpmcounter4,drift,seed11,257,11.0
hpmcounter4,drift,seed11,258,11.0
hpmcounter4,drift,seed11,259,11.0
hpmcounter4,drift,seed11,260,11.0
hpmcounter4,drift,seed11,261,11.0
hpmcounter4,drift,seed11,262,11.0
hpmcounter4,drift,seed11,263,11.0
hpmcounter4,drift,seed11,264,11.0
hpmcounter4,drift,seed11,265,11.0
hpmcounter4,drift,seed11,266,11.0
hpmcounter4,drift,seed11,267,11.0
hpmcounter4,drift,seed11,268,11.545454545454545
hpmcounter4,drift,seed11,269,11.969696969696969
hpmcounter4,drift,seed11,270,12.272727272727273
hpmcounter4,drift,seed11,271,13.0
hpmcounter4,drift,seed11,272,13.484848484848484
hpmcounter4,drift,seed11,273,13.727272727272727
hpmcounter4,drift,seed11,274,13.727272727272727
hpmcounter4,drift,seed11,275,13.484848484848484
hpmcounter4,drift,seed11,276,13.0
hpmcounter4,drift,seed11,277,12.272727272727273
hpmcounter4,drift,seed11,278,11.969696969696969
hpmcounter4,drift,seed11,279,11.545454545454545
hpmcounter4,drift,seed11,280,11.0
hpmcounter4,drift,seed11,281,11.0
hpmcounter4,drift,seed11,282,11.0
hpmcounter4,drift,seed11,283,11.0
hpmcounter4,drift,seed11,284,11.0
hpmcounter4,drift,seed11,285,11.0
hpmcounter4,drift,seed11,286,11.0
hpmcounter4,drift,seed11,287,11.0
hpmcounter4,drift,seed11,288,11.0
hpmcounter4,drift,seed11,289,11.0
hpmcounter4,drift,seed11,290,11.0
hpmcounter4,drift,seed11,291,11.0
hpmcounter4,drift,seed11,292,11.0
hpmcounter4,drift,seed11,293,11.0
hpmcounter4,drift,seed11,294,11.0
hpmcounter4,drift,seed11,295,11.0
hpmcounter4,drift,seed11,296,11.0
hpmcounter4,drift,seed11,297,11.0
hpmcounter4,drift,seed11,298,11.0
hpmcounter4,drift,seed12,9,11.0
hpmcounter4,drift,seed12,10,11.0
hpmcounter4,drift,seed12,11,11.0
hpmcounter4,drift,seed12,12,11.0
hpmcounter4,drift,seed12,13,11.0
hpmcounter4,drift,seed12,14,11.0
hpmcounter4,drift,seed12,15,11.0
hpmcounter4,drift,seed12,16,11.0
hpmcounter4,drift,seed12,17,11.0
hpmcounter4,drift,seed12,18,11.0
hpmcounter4,drift,seed12,19,11.0
hpmcounter4,drift,seed12,20,11.0
hpmcounter4,drift,seed12,21,11.0
hpmcounter4,drift,seed12,22,11.0
hpmcounter4,drift,seed12,23,11.0
hpmcounter4,drift,seed12,24,11.0
hpmcounter4,drift,seed12,25,11.0
hpmcounter4,drift,seed12,26,11.0
hpmcounter4,drift,seed12,27,11.0
hpmcounter4,drift,seed12,28,11.0
hpmcounter4,drift,seed12,29,11.0
hpmcounter4,drift,seed12,30,11.0
hpmcounter4,drift,seed12,31,11.0
hpmcounter4,drift,seed12,32,11.0
hpmcounter4,drift,seed12,33,11.545454545454545
hpmcounter4,drift,seed12,34,11.969696969696969
hpmcounter4,drift,seed12,35,12.818181818181818
hpmcounter4,drift,seed12,36,13.969696969696969
hpmcounter4,drift,seed12,37,14.757575757575758
hpmcounter4,drift,seed12,38,15.181818181818182
hpmcounter4,drift,seed12,39,15.242424242424242
hpmcounter4,drift,seed12,40,15.484848484848484
hpmcounter4,drift,seed12,41,15.787878787878787
hpmcounter4,drift,seed12,42,16.03030303030303
hpmcounter4,drift,seed12,43,16.21212121212121
hpmcounter4,drift,seed12,44,15.787878787878787
hpmcounter4,drift,seed12,45,15.969696969696969
hpmcounter4,drift,seed12,46,16.757575757575758
hpmcounter4,drift,seed12,47,17.484848484848484
hpmcounter4,drift,seed12,48,17.484848484848484
hpmcounter4,drift,seed12,49,16.757575757575758
hpmcounter4,drift,seed12,50,15.969696969696969
hpmcounter4,drift,seed12,51,15.787878787878787
hpmcounter4,drift,seed12,52,16.21212121212121
hpmcounter4,drift,seed12,53,16.575757575757574
hpmcounter4,drift,seed12,54,16.21212121212121
hpmcounter4,drift,seed12,55,15.787878787878787
hpmcounter4,drift,seed12,56,15.424242424242424
hpmcounter4,drift,seed12,57,15.242424242424242
hpmcounter4,drift,seed12,58,14.696969696969697
hpmcounter4,drift,seed12,59,13.787878787878787
hpmcounter4,drift,seed12,60,12.515151515151516
hpmcounter4,drift,seed12,61,11.545454545454545
hpmcounter4,drift,seed12,62,11.0
hpmcounter4,drift,seed12,63,11.0
hpmcounter4,drift,seed12,64,11.0
hpmcounter4,drift,seed12,65,11.0
hpmcounter4,drift,seed12,66,11.0
hpmcounter4,drift,seed12,67,11.0
hpmcounter4,drift,seed12,68,11.0
hpmcounter4,drift,seed12,69,11.0
hpmcounter4,drift,seed12,70,11.0
hpmcounter4,drift,seed12,71,11.0
hpmcounter4,drift,seed12,72,11.0
hpmcounter4,drift,seed12,73,11.0
hpmcounter4,drift,seed12,74,11.0
hpmcounter4,drift,seed12,75,11.0
hpmcounter4,drift,seed12,76,11.0
hpmcounter4,drift,seed12,77,11.0
hpmcounter4,drift,seed12,78,11.0
hpmcounter4,drift,seed12,79,11.0
hpmcounter4,drift,seed12,80,11.0
hpmcounter4,drift,seed12,81,11.0
hpmcounter4,drift,seed12,82,11.0
hpmcounter4,drift,seed12,83,11.0
hpmcounter4,drift,seed12,84,11.0
hpmcounter4,drift,seed12,85,11.0
hpmcounter4,drift,seed12,86,11.0
hpmcounter4,drift,seed12,87,11.0
hpmcounter4,drift,seed12,88,11.0
hpmcounter4,drift,seed12,89,11.0
hpmcounter4,drift,seed12,90,11.0
hpmcounter4,drift,seed12,91,11.0
hpmcounter4,drift,seed12,92,11.0
hpmcounter4,drift,seed12,93,11.0
hpmcounter4,drift,seed12,94,11.0
hpmcounter4,drift,seed12,95,11.0
hpmcounter4,drift,seed12,96,11.0
hpmcounter4,drift,seed12,97,11.0
hpmcounter4,drift,seed12,98,11.0
hpmcounter4,drift,seed12,99,11.0
hpmcounter4,drift,seed12,100,11.0
hpmcounter4,drift,seed12,101,11.0
hpmcounter4,drift,seed12,102,11.0
hpmcounter4,drift,seed12,103,11.0
hpmcounter4,drift,seed12,104,11.0
hpmcounter4,drift,seed12,105,11.0
hpmcounter4,drift,seed12,106,11.0
hpmcounter4,drift,seed12,107,11.0
hpmcounter4,drift,seed12,108,11.0
hpmcounter4,drift,seed12,109,11.0
hpmcounter4,drift,seed12,110,11.0
hpmcounter4,drift,seed12,111,11.0
hpmcounter4,drift,seed12,112,11.0
hpmcounter4,drift,seed12,113,11.0
hpmcounter4,drift,seed12,114,11.0
hpmcounter4,drift,seed12,115,11.0
hpmcounter4,drift,seed12,116,11.0
hpmcounter4,drift,seed12,117,11.0
hpmcounter4,drift,seed12,118,11.0
hpmcounter4,drift,seed12,119,11.0
hpmcounter4,drift,seed12,120,11.0
hpmcounter4,drift,seed12,121,11.0
hpmcounter4,drift,seed12,122,11.0
hpmcounter4,drift,seed12,123,11.0
hpmcounter4,drift,seed12,124,11.0
hpmcounter4,drift,seed12,125,11.0
hpmcounter4,drift,seed12,126,11.0
hpmcounter4,drift,seed12,127,11.0
hpmcounter4,drift,seed12,128,11.0
hpmcounter4,drift,seed12,129,11.0
hpmcounter4,drift,seed12,130,11.0
hpmcounter4,drift,seed12,131,11.0
hpmcounter4,drift,seed12,132,11.0
hpmcounter4,drift,seed12,133,11.0
hpmcounter4,drift,seed12,134,11.0
hpmcounter4,drift,seed12,135,11.0
hpmcounter4,drift,seed12,136,11.0
hpmcounter4,drift,seed12,137,11.0
hpmcounter4,drift,seed12,138,11.0
hpmcounter4,drift,seed12,139,11.0
hpmcounter4,drift,seed12,140,11.0
hpmcounter4,drift,seed12,141,11.0
hpmcounter4,drift,seed12,142,11.0
hpmcounter4,drift,seed12,143,11.0
hpmcounter4,drift,seed12,144,11.0
hpmcounter4,drift,seed12,145,11.0
hpmcounter4,drift,seed12,146,11.0
hpmcounter4,drift,seed12,147,11.0
hpmcounter4,drift,seed12,148,11.0
hpmcounter4,drift,seed12,149,11.0
hpmcounter4,drift,seed12,150,11.0
hpmcounter4,drift,seed12,151,11.0
hpmcounter4,drift,seed12,152,11.0
hpmcounter4,drift,seed12,153,11.0
hpmcounter4,drift,seed12,154,11.0
hpmcounter4,drift,seed12,155,11.0
hpmcounter4,drift,seed12,156,11.0
hpmcounter4,drift,seed12,157,11.0
hpmcounter4,drift,seed12,158,11.0
hpmcounter4,drift,seed12,159,11.545454545454545
hpmcounter4,drift,seed12,160,11.969696969696969
hpmcounter4,drift,seed12,161,12.818181818181818
hpmcounter4,drift,seed12,162,13.969696969696969
hpmcounter4,drift,seed12,163,15.303030303030303
hpmcounter4,drift,seed12,164,16.696969696969695
hpmcounter4,drift,seed12,165,18.03030303030303
hpmcounter4,drift,seed12,166,19.181818181818183
hpmcounter4,drift,seed12,167,20.03030303030303
hpmcounter4,drift,seed12,168,19.90909090909091
hpmcounter4,drift,seed12,169,19.484848484848484
hpmcounter4,drift,seed12,170,18.21212121212121
hpmcounter4,drift,seed12,171,16.757575757575758
hpmcounter4,drift,seed12,172,15.242424242424242
hpmcounter4,drift,seed12,173,13.787878787878787
hpmcounter4,drift,seed12,174,12.515151515151516
hpmcounter4,drift,seed12,175,11.545454545454545
hpmcounter4,drift,seed12,176,11.0
hpmcounter4,drift,seed12,177,11.0
hpmcounter4,drift,seed12,178,11.0
hpmcounter4,drift,seed12,179,11.0
hpmcounter4,drift,seed12,180,11.0
hpmcounter4,drift,seed12,181,11.0
hpmcounter4,drift,seed12,182,11.0
hpmcounter4,drift,seed12,183,11.0
hpmcounter4,drift,seed12,184,11.0
hpmcounter4,drift,seed12,185,11.0
hpmcounter4,drift,seed12,186,11.0
hpmcounter4,drift,seed12,187,11.545454545454545
hpmcounter4,drift,seed12,188,11.969696969696969
hpmcounter4,drift,seed12,189,12.272727272727273
hpmcounter4,drift,seed12,190,12.454545454545455
hpmcounter4,drift,seed12,191,12.515151515151516
hpmcounter4,drift,seed12,192,12.454545454545455
hpmcounter4,drift,seed12,193,12.272727272727273
hpmcounter4,drift,seed12,194,11.969696969696969
hpmcounter4,drift,seed12,195,11.545454545454545
hpmcounter4,drift,seed12,196,11.0
hpmcounter4,drift,seed12,197,11.0
hpmcounter4,drift,seed12,198,11.0
hpmcounter4,drift,seed12,199,11.0
hpmcounter4,drift,seed12,200,11.0
hpmcounter4,drift,seed12,201,11.0
hpmcounter4,drift,seed12,202,11.0
hpmcounter4,drift,seed12,203,11.0
hpmcounter4,drift,seed12,204,11.0
hpmcounter4,drift,seed12,205,11.0
hpmcounter4,drift,seed12,206,11.0
hpmcounter4,drift,seed12,207,11.0
hpmcounter4,drift,seed12,208,11.0
hpmcounter4,drift,seed12,209,11.0
hpmcounter4,drift,seed12,210,11.0
hpmcounter4,drift,seed12,211,11.0
hpmcounter4,drift,seed12,212,11.0
hpmcounter4,drift,seed12,213,11.0
hpmcounter4,drift,seed12,214,11.0
hpmcounter4,drift,seed12,215,11.0
hpmcounter4,drift,seed12,216,11.0
hpmcounter4,drift,seed12,217,11.0
hpmcounter4,drift,seed12,218,11.0
hpmcounter4,drift,seed12,219,11.0
hpmcounter4,drift,seed12,220,11.0
hpmcounter4,drift,seed12,221,11.0
hpmcounter4,drift,seed12,222,11.0
hpmcounter4,drift,seed12,223,11.0
hpmcounter4,drift,seed12,224,11.545454545454545
hpmcounter4,drift,seed12,225,12.515151515151516
hpmcounter4,drift,seed12,226,13.787878787878787
hpmcounter4,drift,seed12,227,15.242424242424242
hpmcounter4,drift,seed12,228,16.757575757575758
hpmcounter4,drift,seed12,229,18.21212121212121
hpmcounter4,drift,seed12,230,19.484848484848484
hpmcounter4,drift,seed12,231,20.454545454545453
hpmcounter4,drift,seed12,232,21.0
hpmcounter4,drift,seed12,233,20.454545454545453
hpmcounter4,drift,seed12,234,19.484848484848484
hpmcounter4,drift,seed12,235,18.21212121212121
hpmcounter4,drift,seed12,236,16.757575757575758
hpmcounter4,drift,seed12,237,15.242424242424242
hpmcounter4,drift,seed12,238,13.787878787878787
hpmcounter4,drift,seed12,239,12.515151515151516
hpmcounter4,drift,seed12,240,11.545454545454545
hpmcounter4,drift,seed12,241,11.0
hpmcounter4,drift,seed12,242,11.0
hpmcounter4,drift,seed12,243,11.0
hpmcounter4,drift,seed12,244,11.0
hpmcounter4,drift,seed12,245,11.0
hpmcounter4,drift,seed12,246,11.0
hpmcounter4,drift,seed12,247,11.0
hpmcounter4,drift,seed12,248,11.0
hpmcounter4,drift,seed12,249,11.0
hpmcounter4,drift,seed12,250,11.0
hpmcounter4,drift,seed12,251,11.0
hpmcounter4,drift,seed12,252,11.0
hpmcounter4,drift,seed12,253,11.0
hpmcounter4,drift,seed12,254,11.0
hpmcounter4,drift,seed12,255,11.0
hpmcounter4,drift,seed12,256,11.0
hpmcounter4,drift,seed12,257,11.0
hpmcounter4,drift,seed12,258,11.0
hpmcounter4,drift,seed12,259,11.0
hpmcounter4,drift,seed12,260,11.0
hpmcounter4,drift,seed12,261,11.0
hpmcounter4,drift,seed12,262,11.0
hpmcounter4,drift,seed12,263,11.0
hpmcounter4,drift,seed12,264,11.0
hpmcounter4,drift,seed12,265,11.0
hpmcounter4,drift,seed12,266,11.0
hpmcounter4,drift,seed12,267,11.0
hpmcounter4,drift,seed12,268,11.0
hpmcounter4,drift,seed12,269,11.0
hpmcounter4,drift,seed12,270,11.0
hpmcounter4,drift,seed12,271,11.0
hpmcounter4,drift,seed12,272,11.0
hpmcounter4,drift,seed12,273,11.0
hpmcounter4,drift,seed12,274,11.0
hpmcounter4,drift,seed12,275,11.545454545454545
hpmcounter4,drift,seed12,276,12.515151515151516
hpmcounter4,drift,seed12,277,13.787878787878787
hpmcounter4,drift,seed12,278,15.242424242424242
hpmcounter4,drift,seed12,279,16.757575757575758
hpmcounter4,drift,seed12,280,17.666666666666668
hpmcounter4,drift,seed12,281,17.96969696969697
hpmcounter4,drift,seed12,282,17.666666666666668
hpmcounter4,drift,seed12,283,16.757575757575758
hpmcounter4,drift,seed12,284,15.242424242424242
hpmcounter4,drift,seed12,285,13.787878787878787
hpmcounter4,drift,seed12,286,12.515151515151516
hpmcounter4,drift,seed12,287,11.545454545454545
hpmcounter4,drift,seed12,288,11.0
hpmcounter4,drift,seed12,289,11.0
hpmcounter4,drift,seed12,290,11.0
hpmcounter4,drift,seed12,291,11.0
hpmcounter4,drift,seed12,292,11.0
hpmcounter4,drift,seed12,293,11.0
hpmcounter4,drift,seed12,294,11.0
hpmcounter4,drift,seed12,295,11.0
hpmcounter4,drift,seed12,296,11.0
hpmcounter4,drift,seed12,297,11.0
hpmcounter4,drift,seed12,298,11.0
hpmcounter4,drift,seed13,9,11.0
hpmcounter4,drift,seed13,10,11.0
hpmcounter4,drift,seed13,11,11.0
hpmcounter4,drift,seed13,12,11.0
hpmcounter4,drift,seed13,13,11.0
hpmcounter4,drift,seed13,14,11.0
hpmcounter4,drift,seed13,15,11.0
hpmcounter4,drift,seed13,16,11.0
hpmcounter4,drift,seed13,17,11.0
hpmcounter4,drift,seed13,18,11.0
hpmcounter4,drift,seed13,19,11.0
hpmcounter4,drift,seed13,20,11.0
hpmcounter4,drift,seed13,21,11.0
hpmcounter4,drift,seed13,22,11.0
hpmcounter4,drift,seed13,23,11.0
hpmcounter4,drift,seed13,24,11.0
hpmcounter4,drift,seed13,25,11.0
hpmcounter4,drift,seed13,26,11.0
hpmcounter4,drift,seed13,27,11.0
hpmcounter4,drift,seed13,28,11.0
hpmcounter4,drift,seed13,29,11.0
hpmcounter4,drift,seed13,30,11.0
hpmcounter4,drift,seed13,31,11.0
hpmcounter4,drift,seed13,32,11.0
hpmcounter4,drift,seed13,33,11.0
hpmcounter4,drift,seed13,34,11.0
hpmcounter4,drift,seed13,35,11.0
hpmcounter4,drift,seed13,36,11.0
hpmcounter4,drift,seed13,37,11.0
hpmcounter4,drift,seed13,38,11.0
hpmcounter4,drift,seed13,39,11.0
hpmcounter4,drift,seed13,40,11.0
hpmcounter4,drift,seed13,41,11.0
hpmcounter4,drift,seed13,42,11.0
hpmcounter4,drift,seed13,43,11.0
hpmcounter4,drift,seed13,44,11.0
hpmcounter4,drift,seed13,45,11.0
hpmcounter4,drift,seed13,46,11.0
hpmcounter4,drift,seed13,47,11.0
hpmcounter4,drift,seed13,48,11.0
hpmcounter4,drift,seed13,49,11.0
hpmcounter4,drift,seed13,50,11.0
hpmcounter4,drift,seed13,51,11.0
hpmcounter4,drift,seed13,52,11.0
hpmcounter4,drift,seed13,53,11.0
hpmcounter4,drift,seed13,54,11.0
hpmcounter4,drift,seed13,55,11.0
hpmcounter4,drift,seed13,56,11.0
hpmcounter4,drift,seed13,57,11.0
hpmcounter4,drift,seed13,58,11.0
hpmcounter4,drift,seed13,59,11.0
hpmcounter4,drift,seed13,60,11.0
hpmcounter4,drift,seed13,61,11.0
hpmcounter4,drift,seed13,62,11.545454545454545
hpmcounter4,drift,seed13,63,11.969696969696969
hpmcounter4,drift,seed13,64,12.272727272727273
hpmcounter4,drift,seed13,65,12.454545454545455
hpmcounter4,drift,seed13,66,12.515151515151516
hpmcounter4,drift,seed13,67,12.454545454545455
hpmcounter4,drift,seed13,68,12.272727272727273
hpmcounter4,drift,seed13,69,11.969696969696969
hpmcounter4,drift,seed13,70,11.545454545454545
hpmcounter4,drift,seed13,71,11.0
hpmcounter4,drift,seed13,72,11.0
hpmcounter4,drift,seed13,73,11.0
hpmcounter4,drift,seed13,74,11.0
hpmcounter4,drift,seed13,75,11.0
hpmcounter4,drift,seed13,76,11.0
hpmcounter4,drift,seed13,77,11.0
hpmcounter4,drift,seed13,78,11.0
hpmcounter4,drift,seed13,79,11.0
hpmcounter4,drift,seed13,80,11.0
hpmcounter4,drift,seed13,81,11.0
hpmcounter4,drift,seed13,82,11.0
hpmcounter4,drift,seed13,83,11.0
hpmcounter4,drift,seed13,84,11.0
hpmcounter4,drift,seed13,85,11.0
hpmcounter4,drift,seed13,86,11.0
hpmcounter4,drift,seed13,87,11.0
hpmcounter4,drift,seed13,88,11.0
hpmcounter4,drift,seed13,89,11.0
hpmcounter4,drift,seed13,90,11.0
hpmcounter4,drift,seed13,91,11.0
hpmcounter4,drift,seed13,92,11.0
hpmcounter4,drift,seed13,93,11.0
hpmcounter4,drift,seed13,94,11.0
hpmcounter4,drift,seed13,95,11.0
hpmcounter4,drift,seed13,96,11.0
hpmcounter4,drift,seed13,97,11.0
hpmcounter4,drift,seed13,98,11.0
hpmcounter4,drift,seed13,99,11.0
hpmcounter4,drift,seed13,100,11.0
hpmcounter4,drift,seed13,101,11.0
hpmcounter4,drift,seed13,102,11.0
hpmcounter4,drift,seed13,103,11.0
hpmcounter4,drift,seed13,104,11.0
hpmcounter4,drift,seed13,105,11.0
hpmcounter4,drift,seed13,106,11.0
hpmcounter4,drift,seed13,107,11.0
hpmcounter4,drift,seed13,108,11.0
hpmcounter4,drift,seed13,109,11.0
hpmcounter4,drift,seed13,110,11.0
hpmcounter4,drift,seed13,111,11.0
hpmcounter4,drift,seed13,112,11.0
hpmcounter4,drift,seed13,113,11.0
hpmcounter4,drift,seed13,114,11.0
hpmcounter4,drift,seed13,115,11.0
hpmcounter4,drift,seed13,116,11.0
hpmcounter4,drift,seed13,117,11.0
hpmcounter4,drift,seed13,118,11.0
hpmcounter4,drift,seed13,119,11.0
hpmcounter4,drift,seed13,120,11.0
hpmcounter4,drift,seed13,121,11.0
hpmcounter4,drift,seed13,122,11.0
hpmcounter4,drift,seed13,123,11.0
hpmcounter4,drift,seed13,124,11.0
hpmcounter4,drift,seed13,125,11.0
hpmcounter4,drift,seed13,126,11.0
hpmcounter4,drift,seed13,127,11.0
hpmcounter4,drift,seed13,128,11.0
hpmcounter4,drift,seed13,129,11.0
hpmcounter4,drift,seed13,130,11.0
hpmcounter4,drift,seed13,131,11.0
hpmcounter4,drift,seed13,132,11.0
hpmcounter4,drift,seed13,133,11.0
hpmcounter4,drift,seed13,134,11.0
hpmcounter4,drift,seed13,135,11.0
hpmcounter4,drift,seed13,136,11.0
hpmcounter4,drift,seed13,137,11.0
hpmcounter4,drift,seed13,138,11.0
hpmcounter4,drift,seed13,139,11.0
hpmcounter4,drift,seed13,140,11.0
hpmcounter4,drift,seed13,141,11.0
hpmcounter4,drift,seed13,142,11.0
hpmcounter4,drift,seed13,143,11.0
hpmcounter4,drift,seed13,144,11.0
hpmcounter4,drift,seed13,145,11.0
hpmcounter4,drift,seed13,146,11.0
hpmcounter4,drift,seed13,147,11.0
hpmcounter4,drift,seed13,148,11.0
hpmcounter4,drift,seed13,149,11.0
hpmcounter4,drift,seed13,150,11.0
hpmcounter4,drift,seed13,151,11.0
hpmcounter4,drift,seed13,152,11.0
hpmcounter4,drift,seed13,153,11.0
hpmcounter4,drift,seed13,154,11.0
hpmcounter4,drift,seed13,155,11.0
hpmcounter4,drift,seed13,156,11.0
hpmcounter4,drift,seed13,157,11.0
hpmcounter4,drift,seed13,158,11.0
hpmcounter4,drift,seed13,159,11.0
hpmcounter4,drift,seed13,160,11.0
hpmcounter4,drift,seed13,161,11.545454545454545
hpmcounter4,drift,seed13,162,12.515151515151516
hpmcounter4,drift,seed13,163,13.787878787878787
hpmcounter4,drift,seed13,164,15.242424242424242
hpmcounter4,drift,seed13,165,16.21212121212121
hpmcounter4,drift,seed13,166,16.696969696969695
hpmcounter4,drift,seed13,167,16.696969696969695
hpmcounter4,drift,seed13,168,16.21212121212121
hpmcounter4,drift,seed13,169,15.242424242424242
hpmcounter4,drift,seed13,170,13.787878787878787
hpmcounter4,drift,seed13,171,12.515151515151516
hpmcounter4,drift,seed13,172,11.545454545454545
hpmcounter4,drift,seed13,173,11.0
hpmcounter4,drift,seed13,174,11.0
hpmcounter4,drift,seed13,175,11.0
hpmcounter4,drift,seed13,176,11.0
hpmcounter4,drift,seed13,177,11.0
hpmcounter4,drift,seed13,178,11.0
hpmcounter4,drift,seed13,179,11.0
hpmcounter4,drift,seed13,180,11.0
hpmcounter4,drift,seed13,181,11.0
hpmcounter4,drift,seed13,182,11.0
hpmcounter4,drift,seed13,183,11.0
hpmcounter4,drift,seed13,184,11.0
hpmcounter4,drift,seed13,185,11.0
hpmcounter4,drift,seed13,186,11.0
hpmcounter4,drift,seed13,187,11.0
hpmcounter4,drift,seed13,188,11.0
hpmcounter4,drift,seed13,189,11.0
hpmcounter4,drift,seed13,190,11.0
hpmcounter4,drift,seed13,191,11.0
hpmcounter4,drift,seed13,192,11.0
hpmcounter4,drift,seed13,193,11.0
hpmcounter4,drift,seed13,194,11.0
hpmcounter4,drift,seed13,195,11.0
hpmcounter4,drift,seed13,196,11.0
hpmcounter4,drift,seed13,197,11.0
hpmcounter4,drift,seed13,198,11.0
hpmcounter4,drift,seed13,199,11.0
hpmcounter4,drift,seed13,200,11.0
hpmcounter4,drift,seed13,201,11.0
hpmcounter4,drift,seed13,202,11.0
hpmcounter4,drift,seed13,203,11.0
hpmcounter4,drift,seed13,204,11.0
hpmcounter4,drift,seed13,205,11.0
hpmcounter4,drift,seed13,206,11.0
hpmcounter4,drift,seed13,207,11.0
hpmcounter4,drift,seed13,208,11.0
hpmcounter4,drift,seed13,209,11.0
hpmcounter4,drift,seed13,210,11.0
hpmcounter4,drift,seed13,211,11.0
hpmcounter4,drift,seed13,212,11.0
hpmcounter4,drift,seed13,213,11.0
hpmcounter4,drift,seed13,214,11.0
hpmcounter4,drift,seed13,215,11.0
hpmcounter4,drift,seed13,216,11.0
hpmcounter4,drift,seed13,217,11.0
hpmcounter4,drift,seed13,218,11.0
hpmcounter4,drift,seed13,219,11.0
hpmcounter4,drift,seed13,220,11.0
hpmcounter4,drift,seed13,221,11.0
hpmcounter4,drift,seed13,222,11.0
hpmcounter4,drift,seed13,223,11.0
hpmcounter4,drift,seed13,224,11.0
hpmcounter4,drift,seed13,225,11.0
hpmcounter4,drift,seed13,226,11.0
hpmcounter4,drift,seed13,227,11.0
hpmcounter4,drift,seed13,228,11.0
hpmcounter4,drift,seed13,229,11.0
hpmcounter4,drift,seed13,230,11.0
hpmcounter4,drift,seed13,231,11.0
hpmcounter4,drift,seed13,232,11.0
hpmcounter4,drift,seed13,233,11.0
hpmcounter4,drift,seed13,234,11.0
hpmcounter4,drift,seed13,235,11.0
hpmcounter4,drift,seed13,236,11.0
hpmcounter4,drift,seed13,237,11.0
hpmcounter4,drift,seed13,238,11.0
hpmcounter4,drift,seed13,239,11.0
hpmcounter4,drift,seed13,240,11.0
hpmcounter4,drift,seed13,241,11.0
hpmcounter4,drift,seed13,242,11.0
hpmcounter4,drift,seed13,243,11.0
hpmcounter4,drift,seed13,244,11.0
hpmcounter4,drift,seed13,245,11.0
hpmcounter4,drift,seed13,246,11.0
hpmcounter4,drift,seed13,247,11.0
hpmcounter4,drift,seed13,248,11.0
hpmcounter4,drift,seed13,249,11.0
hpmcounter4,drift,seed13,250,11.0
hpmcounter4,drift,seed13,251,11.0
hpmcounter4,drift,seed13,252,11.0
hpmcounter4,drift,seed13,253,11.0
hpmcounter4,drift,seed13,254,11.0
hpmcounter4,drift,seed13,255,11.0
hpmcounter4,drift,seed13,256,11.0
hpmcounter4,drift,seed13,257,11.0
hpmcounter4,drift,seed13,258,11.0
hpmcounter4,drift,seed13,259,11.0
hpmcounter4,drift,seed13,260,11.0
hpmcounter4,drift,seed13,261,11.0
hpmcounter4,drift,seed13,262,11.0
hpmcounter4,drift,seed13,263,11.0
hpmcounter4,drift,seed13,264,11.0
hpmcounter4,drift,seed13,265,11.0
hpmcounter4,drift,seed13,266,11.0
hpmcounter4,drift,seed13,267,11.0
hpmcounter4,drift,seed13,268,11.0
hpmcounter4,drift,seed13,269,11.0
hpmcounter4,drift,seed13,270,11.0
hpmcounter4,drift,seed13,271,11.0
hpmcounter4,drift,seed13,272,11.0
hpmcounter4,drift,seed13,273,11.0
hpmcounter4,drift,seed13,274,11.0
hpmcounter4,drift,seed13,275,11.0
hpmcounter4,drift,seed13,276,11.0
hpmcounter4,drift,seed13,277,11.0
hpmcounter4,drift,seed13,278,11.0
hpmcounter4,drift,seed13,279,11.0
hpmcounter4,drift,seed13,280,11.0
hpmcounter4,drift,seed13,281,11.0
hpmcounter4,drift,seed13,282,11.0
hpmcounter4,drift,seed13,283,11.0
hpmcounter4,drift,seed13,284,11.0
hpmcounter4,drift,seed13,285,11.0
hpmcounter4,drift,seed13,286,11.0
hpmcounter4,drift,seed13,287,11.0
hpmcounter4,drift,seed13,288,11.0
hpmcounter4,drift,seed13,289,11.0
hpmcounter4,drift,seed13,290,11.0
hpmcounter4,drift,seed13,291,11.0
hpmcounter4,drift,seed13,292,11.0
hpmcounter4,drift,seed13,293,11.0
hpmcounter4,drift,seed13,294,11.0
hpmcounter4,drift,seed13,295,11.0
hpmcounter4,drift,seed13,296,11.0
hpmcounter4,drift,seed13,297,11.0
hpmcounter4,drift,seed13,298,11.545454545454545
hpmcounter4,drift,seed14,9,11.0
hpmcounter4,drift,seed14,10,11.0
hpmcounter4,drift,seed14,11,11.0
hpmcounter4,drift,seed14,12,11.0
hpmcounter4,drift,seed14,13,11.0
hpmcounter4,drift,seed14,14,11.0
hpmcounter4,drift,seed14,15,11.0
hpmcounter4,drift,seed14,16,11.0
hpmcounter4,drift,seed14,17,11.0
hpmcounter4,drift,seed14,18,11.0
hpmcounter4,drift,seed14,19,11.0
hpmcounter4,drift,seed14,20,11.0
hpmcounter4,drift,seed14,21,11.0
hpmcounter4,drift,seed14,22,11.0
hpmcounter4,drift,seed14,23,11.0
hpmcounter4,drift,seed14,24,11.0
hpmcounter4,drift,seed14,25,11.0
hpmcounter4,drift,seed14,26,11.0
hpmcounter4,drift,seed14,27,11.0
hpmcounter4,drift,seed14,28,11.0
hpmcounter4,drift,seed14,29,11.0
hpmcounter4,drift,seed14,30,11.0
hpmcounter4,drift,seed14,31,11.0
hpmcounter4,drift,seed14,32,11.0
hpmcounter4,drift,seed14,33,11.0
hpmcounter4,drift,seed14,34,11.0
hpmcounter4,drift,seed14,35,11.0
hpmcounter4,drift,seed14,36,11.0
hpmcounter4,drift,seed14,37,11.0
hpmcounter4,drift,seed14,38,11.0
hpmcounter4,drift,seed14,39,11.0
hpmcounter4,drift,seed14,40,11.0
hpmcounter4,drift,seed14,41,11.0
hpmcounter4,drift,seed14,42,11.0
hpmcounter4,drift,seed14,43,11.0
hpmcounter4,drift,seed14,44,11.0
hpmcounter4,drift,seed14,45,11.0
hpmcounter4,drift,seed14,46,11.0
hpmcounter4,drift,seed14,47,11.0
hpmcounter4,drift,seed14,48,11.0
hpmcounter4,drift,seed14,49,11.0
hpmcounter4,drift,seed14,50,11.0
hpmcounter4,drift,seed14,51,11.0
hpmcounter4,drift,seed14,52,11.0
hpmcounter4,drift,seed14,53,11.0
hpmcounter4,drift,seed14,54,11.0
hpmcounter4,drift,seed14,55,11.0
hpmcounter4,drift,seed14,56,11.0
hpmcounter4,drift,seed14,57,11.0
hpmcounter4,drift,seed14,58,11.0
hpmcounter4,drift,seed14,59,11.0
hpmcounter4,drift,seed14,60,11.0
hpmcounter4,drift,seed14,61,11.0
hpmcounter4,drift,seed14,62,11.0
hpmcounter4,drift,seed14,63,11.0
hpmcounter4,drift,seed14,64,11.0
hpmcounter4,drift,seed14,65,11.0
hpmcounter4,drift,seed14,66,11.0
hpmcounter4,drift,seed14,67,11.545454545454545
hpmcounter4,drift,seed14,68,12.515151515151516
hpmcounter4,drift,seed14,69,13.787878787878787
hpmcounter4,drift,seed14,70,15.242424242424242
hpmcounter4,drift,seed14,71,16.21212121212121
hpmcounter4,drift,seed14,72,17.242424242424242
hpmcounter4,drift,seed14,73,17.666666666666668
hpmcounter4,drift,seed14,74,17.484848484848484
hpmcounter4,drift,seed14,75,16.696969696969695
hpmcounter4,drift,seed14,76,15.303030303030303
hpmcounter4,drift,seed14,77,13.969696969696969
hpmcounter4,drift,seed14,78,12.818181818181818
hpmcounter4,drift,seed14,79,11.969696969696969
hpmcounter4,drift,seed14,80,11.545454545454545
hpmcounter4,drift,seed14,81,11.0
hpmcounter4,drift,seed14,82,11.0
hpmcounter4,drift,seed14,83,11.0
hpmcounter4,drift,seed14,84,11.0
hpmcounter4,drift,seed14,85,11.0
hpmcounter4,drift,seed14,86,11.0
hpmcounter4,drift,seed14,87,11.0
hpmcounter4,drift,seed14,88,11.0
hpmcounter4,drift,seed14,89,11.0
hpmcounter4,drift,seed14,90,11.0
hpmcounter4,drift,seed14,91,11.0
hpmcounter4,drift,seed14,92,11.0
hpmcounter4,drift,seed14,93,11.0
hpmcounter4,drift,seed14,94,11.0
hpmcounter4,drift,seed14,95,11.0
hpmcounter4,drift,seed14,96,11.0
hpmcounter4,drift,seed14,97,11.0
hpmcounter4,drift,seed14,98,11.0
hpmcounter4,drift,seed14,99,11.0
hpmcounter4,drift,seed14,100,11.0
hpmcounter4,drift,seed14,101,11.0
hpmcounter4,drift,seed14,102,11.0
hpmcounter4,drift,seed14,103,11.0
hpmcounter4,drift,seed14,104,11.0
hpmcounter4,drift,seed14,105,11.0
hpmcounter4,drift,seed14,106,11.0
hpmcounter4,drift,seed14,107,11.0
hpmcounter4,drift,seed14,108,11.0
hpmcounter4,drift,seed14,109,11.0
hpmcounter4,drift,seed14,110,11.0
hpmcounter4,drift,seed14,111,11.0
hpmcounter4,drift,seed14,112,11.0
hpmcounter4,drift,seed14,113,11.0
hpmcounter4,drift,seed14,114,11.0
hpmcounter4,drift,seed14,115,11.0
hpmcounter4,drift,seed14,116,11.0
hpmcounter4,drift,seed14,117,11.0
hpmcounter4,drift,seed14,118,11.0
hpmcounter4,drift,seed14,119,11.0
hpmcounter4,drift,seed14,120,11.0
hpmcounter4,drift,seed14,121,11.0
hpmcounter4,drift,seed14,122,11.0
hpmcounter4,drift,seed14,123,11.0
hpmcounter4,drift,seed14,124,11.0
hpmcounter4,drift,seed14,125,11.0
hpmcounter4,drift,seed14,126,11.0
hpmcounter4,drift,seed14,127,11.0
hpmcounter4,drift,seed14,128,11.0
hpmcounter4,drift,seed14,129,11.0
hpmcounter4,drift,seed14,130,11.0
hpmcounter4,drift,seed14,131,11.0
hpmcounter4,drift,seed14,132,11.0
hpmcounter4,drift,seed14,133,11.545454545454545
hpmcounter4,drift,seed14,134,11.969696969696969
hpmcounter4,drift,seed14,135,12.272727272727273
hpmcounter4,drift,seed14,136,12.454545454545455
hpmcounter4,drift,seed14,137,12.515151515151516
hpmcounter4,drift,seed14,138,12.454545454545455
hpmcounter4,drift,seed14,139,12.272727272727273
hpmcounter4,drift,seed14,140,11.969696969696969
hpmcounter4,drift,seed14,141,11.545454545454545
hpmcounter4,drift,seed14,142,11.0
hpmcounter4,drift,seed14,143,11.0
hpmcounter4,drift,seed14,144,11.0
hpmcounter4,drift,seed14,145,11.0
hpmcounter4,drift,seed14,146,11.0
hpmcounter4,drift,seed14,147,11.0
hpmcounter4,drift,seed14,148,11.0
hpmcounter4,drift,seed14,149,11.0
hpmcounter4,drift,seed14,150,11.0
hpmcounter4,drift,seed14,151,11.0
hpmcounter4,drift,seed14,152,11.0
hpmcounter4,drift,seed14,153,11.0
hpmcounter4,drift,seed14,154,11.0
hpmcounter4,drift,seed14,155,11.545454545454545
hpmcounter4,drift,seed14,156,12.515151515151516
hpmcounter4,drift,seed14,157,13.787878787878787
hpmcounter4,drift,seed14,158,15.242424242424242
hpmcounter4,drift,seed14,159,16.757575757575758
hpmcounter4,drift,seed14,160,17.666666666666668
hpmcounter4,drift,seed14,161,17.96969696969697
hpmcounter4,drift,seed14,162,17.666666666666668
hpmcounter4,drift,seed14,163,16.757575757575758
hpmcounter4,drift,seed14,164,15.242424242424242
hpmcounter4,drift,seed14,165,13.787878787878787
hpmcounter4,drift,seed14,166,12.515151515151516
hpmcounter4,drift,seed14,167,11.545454545454545
hpmcounter4,drift,seed14,168,11.0
hpmcounter4,drift,seed14,169,11.0
hpmcounter4,drift,seed14,170,11.0
hpmcounter4,drift,seed14,171,11.0
hpmcounter4,drift,seed14,172,11.0
hpmcounter4,drift,seed14,173,11.0
hpmcounter4,drift,seed14,174,11.0
hpmcounter4,drift,seed14,175,11.0
hpmcounter4,drift,seed14,176,11.0
hpmcounter4,drift,seed14,177,11.0
hpmcounter4,drift,seed14,178,11.0
hpmcounter4,drift,seed14,179,11.0
hpmcounter4,drift,seed14,180,11.0
hpmcounter4,drift,seed14,181,11.0
hpmcounter4,drift,seed14,182,11.545454545454545
hpmcounter4,drift,seed14,183,12.515151515151516
hpmcounter4,drift,seed14,184,13.787878787878787
hpmcounter4,drift,seed14,185,15.242424242424242
hpmcounter4,drift,seed14,186,16.757575757575758
hpmcounter4,drift,seed14,187,18.21212121212121
hpmcounter4,drift,seed14,188,19.484848484848484
hpmcounter4,drift,seed14,189,20.454545454545453
hpmcounter4,drift,seed14,190,20.454545454545453
hpmcounter4,drift,seed14,191,19.484848484848484
hpmcounter4,drift,seed14,192,18.21212121212121
hpmcounter4,drift,seed14,193,16.757575757575758
hpmcounter4,drift,seed14,194,15.242424242424242
hpmcounter4,drift,seed14,195,13.787878787878787
hpmcounter4,drift,seed14,196,12.515151515151516
hpmcounter4,drift,seed14,197,11.545454545454545
hpmcounter4,drift,seed14,198,11.0
hpmcounter4,drift,seed14,199,11.0
hpmcounter4,drift,seed14,200,11.0
hpmcounter4,drift,seed14,201,11.0
hpmcounter4,drift,seed14,202,11.0
hpmcounter4,drift,seed14,203,11.0
hpmcounter4,drift,seed14,204,11.0
hpmcounter4,drift,seed14,205,11.0
hpmcounter4,drift,seed14,206,11.0
hpmcounter4,drift,seed14,207,11.0
hpmcounter4,drift,seed14,208,11.0
hpmcounter4,drift,seed14,209,11.0
hpmcounter4,drift,seed14,210,11.0
hpmcounter4,drift,seed14,211,11.0
hpmcounter4,drift,seed14,212,11.0
hpmcounter4,drift,seed14,213,11.0
hpmcounter4,drift,seed14,214,11.0
hpmcounter4,drift,seed14,215,11.0
hpmcounter4,drift,seed14,216,11.0
hpmcounter4,drift,seed14,217,11.0
hpmcounter4,drift,seed14,218,11.0
hpmcounter4,drift,seed14,219,11.0
hpmcounter4,drift,seed14,220,11.0
hpmcounter4,drift,seed14,221,11.0
hpmcounter4,drift,seed14,222,11.0
hpmcounter4,drift,seed14,223,11.0
hpmcounter4,drift,seed14,224,11.0
hpmcounter4,drift,seed14,225,11.0
hpmcounter4,drift,seed14,226,11.0
hpmcounter4,drift,seed14,227,11.0
hpmcounter4,drift,seed14,228,11.0
hpmcounter4,drift,seed14,229,11.0
hpmcounter4,drift,seed14,230,11.0
hpmcounter4,drift,seed14,231,11.0
hpmcounter4,drift,seed14,232,11.0
hpmcounter4,drift,seed14,233,11.0
hpmcounter4,drift,seed14,234,11.0
hpmcounter4,drift,seed14,235,11.0
hpmcounter4,drift,seed14,236,11.0
hpmcounter4,drift,seed14,237,11.0
hpmcounter4,drift,seed14,238,11.0
hpmcounter4,drift,seed14,239,11.0
hpmcounter4,drift,seed14,240,11.0
hpmcounter4,drift,seed14,241,11.0
hpmcounter4,drift,seed14,242,11.0
hpmcounter4,drift,seed14,243,11.0
hpmcounter4,drift,seed14,244,11.0
hpmcounter4,drift,seed14,245,11.0
hpmcounter4,drift,seed14,246,11.0
hpmcounter4,drift,seed14,247,11.0
hpmcounter4,drift,seed14,248,11.0
hpmcounter4,drift,seed14,249,11.0
hpmcounter4,drift,seed14,250,11.0
hpmcounter4,drift,seed14,251,11.0
hpmcounter4,drift,seed14,252,11.0
hpmcounter4,drift,seed14,253,11.0
hpmcounter4,drift,seed14,254,11.0
hpmcounter4,drift,seed14,255,11.0
hpmcounter4,drift,seed14,256,11.0
hpmcounter4,drift,seed14,257,11.0
hpmcounter4,drift,seed14,258,11.0
hpmcounter4,drift,seed14,259,11.0
hpmcounter4,drift,seed14,260,11.0
hpmcounter4,drift,seed14,261,11.0
hpmcounter4,drift,seed14,262,11.0
hpmcounter4,drift,seed14,263,11.0
hpmcounter4,drift,seed14,264,11.0
hpmcounter4,drift,seed14,265,11.0
hpmcounter4,drift,seed14,266,11.0
hpmcounter4,drift,seed14,267,11.0
hpmcounter4,drift,seed14,268,11.0
hpmcounter4,drift,seed14,269,11.0
hpmcounter4,drift,seed14,270,11.0
hpmcounter4,drift,seed14,271,11.0
hpmcounter4,drift,seed14,272,11.0
hpmcounter4,drift,seed14,273,11.0
hpmcounter4,drift,seed14,274,11.0
hpmcounter4,drift,seed14,275,11.0
hpmcounter4,drift,seed14,276,11.0
hpmcounter4,drift,seed14,277,11.0
hpmcounter4,drift,seed14,278,11.0
hpmcounter4,drift,seed14,279,11.0
hpmcounter4,drift,seed14,280,11.0
hpmcounter4,drift,seed14,281,11.0
hpmcounter4,drift,seed14,282,11.0
hpmcounter4,drift,seed14,283,11.0
hpmcounter4,drift,seed14,284,11.0
hpmcounter4,drift,seed14,285,11.0
hpmcounter4,drift,seed14,286,11.0
hpmcounter4,drift,seed14,287,11.0
hpmcounter4,drift,seed14,288,11.0
hpmcounter4,drift,seed14,289,11.0
hpmcounter4,drift,seed14,290,11.0
hpmcounter4,drift,seed14,291,11.0
hpmcounter4,drift,seed14,292,11.0
hpmcounter4,drift,seed14,293,11.0
hpmcounter4,drift,seed14,294,11.0
hpmcounter4,drift,seed14,295,11.0
hpmcounter4,drift,seed14,296,11.0
hpmcounter4,drift,seed14,297,11.0
hpmcounter4,drift,seed14,298,11.0
hpmcounter4,drift,seed15,9,18.21212121212121
hpmcounter4,drift,seed15,10,18.939393939393938
hpmcounter4,drift,seed15,11,19.484848484848484
hpmcounter4,drift,seed15,12,19.727272727272727
hpmcounter4,drift,seed15,13,19.545454545454547
hpmcounter4,drift,seed15,14,19.484848484848484
hpmcounter4,drift,seed15,15,19.545454545454547
hpmcounter4,drift,seed15,16,19.181818181818183
hpmcounter4,drift,seed15,17,18.515151515151516
hpmcounter4,drift,seed15,18,17.666666666666668
hpmcounter4,drift,seed15,19,16.757575757575758
hpmcounter4,drift,seed15,20,15.242424242424242
hpmcounter4,drift,seed15,21,13.787878787878787
hpmcounter4,drift,seed15,22,12.515151515151516
hpmcounter4,drift,seed15,23,11.545454545454545
hpmcounter4,drift,seed15,24,11.0
hpmcounter4,drift,seed15,25,11.0
hpmcounter4,drift,seed15,26,11.0
hpmcounter4,drift,seed15,27,11.0
hpmcounter4,drift,seed15,28,11.0
hpmcounter4,drift,seed15,29,11.0
hpmcounter4,drift,seed15,30,11.0
hpmcounter4,drift,seed15,31,11.0
hpmcounter4,drift,seed15,32,11.0
hpmcounter4,drift,seed15,33,11.0
hpmcounter4,drift,seed15,34,11.0
hpmcounter4,drift,seed15,35,11.0
hpmcounter4,drift,seed15,36,11.0
hpmcounter4,drift,seed15,37,11.0
hpmcounter4,drift,seed15,38,11.0
hpmcounter4,drift,seed15,39,11.0
hpmcounter4,drift,seed15,40,11.0
hpmcounter4,drift,seed15,41,11.0
hpmcounter4,drift,seed15,42,11.0
hpmcounter4,drift,seed15,43,11.0
hpmcounter4,drift,seed15,44,11.0
hpmcounter4,drift,seed15,45,11.0
hpmcounter4,drift,seed15,46,11.0
hpmcounter4,drift,seed15,47,11.0
hpmcounter4,drift,seed15,48,11.0
hpmcounter4,drift,seed15,49,11.0
hpmcounter4,drift,seed15,50,11.0
hpmcounter4,drift,seed15,51,11.0
hpmcounter4,drift,seed15,52,11.0
hpmcounter4,drift,seed15,53,11.0
hpmcounter4,drift,seed15,54,11.0
hpmcounter4,drift,seed15,55,11.0
hpmcounter4,drift,seed15,56,11.545454545454545
hpmcounter4,drift,seed15,57,12.515151515151516
hpmcounter4,drift,seed15,58,13.242424242424242
hpmcounter4,drift,seed15,59,14.272727272727273
hpmcounter4,drift,seed15,60,15.484848484848484
hpmcounter4,drift,seed15,61,16.757575757575758
hpmcounter4,drift,seed15,62,17.96969696969697
hpmcounter4,drift,seed15,63,19.0
hpmcounter4,drift,seed15,64,19.181818181818183
hpmcounter4,drift,seed15,65,19.060606060606062
hpmcounter4,drift,seed15,66,18.636363636363637
hpmcounter4,drift,seed15,67,18.03030303030303
hpmcounter4,drift,seed15,68,16.696969696969695
hpmcounter4,drift,seed15,69,15.303030303030303
hpmcounter4,drift,seed15,70,13.969696969696969
hpmcounter4,drift,seed15,71,12.818181818181818
hpmcounter4,drift,seed15,72,11.969696969696969
hpmcounter4,drift,seed15,73,12.090909090909092
hpmcounter4,drift,seed15,74,12.515151515151516
hpmcounter4,drift,seed15,75,13.242424242424242
hpmcounter4,drift,seed15,76,13.727272727272727
hpmcounter4,drift,seed15,77,13.969696969696969
hpmcounter4,drift,seed15,78,13.969696969696969
hpmcounter4,drift,seed15,79,13.727272727272727
hpmcounter4,drift,seed15,80,13.242424242424242
hpmcounter4,drift,seed15,81,12.515151515151516
hpmcounter4,drift,seed15,82,11.545454545454545
hpmcounter4,drift,seed15,83,11.0
hpmcounter4,drift,seed15,84,11.0
hpmcounter4,drift,seed15,85,11.0
hpmcounter4,drift,seed15,86,11.0
hpmcounter4,drift,seed15,87,11.0
hpmcounter4,drift,seed15,88,11.0
hpmcounter4,drift,seed15,89,11.0
hpmcounter4,drift,seed15,90,11.0
hpmcounter4,drift,seed15,91,11.0
hpmcounter4,drift,seed15,92,11.0
hpmcounter4,drift,seed15,93,11.0
hpmcounter4,drift,seed15,94,11.0
hpmcounter4,drift,seed15,95,11.0
hpmcounter4,drift,seed15,96,11.0
hpmcounter4,drift,seed15,97,11.0
hpmcounter4,drift,seed15,98,11.0
hpmcounter4,drift,seed15,99,11.0
hpmcounter4,drift,seed15,100,11.0
hpmcounter4,drift,seed15,101,11.0
hpmcounter4,drift,seed15,102,11.0
hpmcounter4,drift,seed15,103,11.0
hpmcounter4,drift,seed15,104,11.0
hpmcounter4,drift,seed15,105,11.0
hpmcounter4,drift,seed15,106,11.0
hpmcounter4,drift,seed15,107,11.0
hpmcounter4,drift,seed15,108,11.0
hpmcounter4,drift,seed15,109,11.0
hpmcounter4,drift,seed15,110,11.0
hpmcounter4,drift,seed15,111,11.0
hpmcounter4,drift,seed15,112,11.0
hpmcounter4,drift,seed15,113,11.0
hpmcounter4,drift,seed15,114,11.0
hpmcounter4,drift,seed15,115,11.0
hpmcounter4,drift,seed15,116,11.0
hpmcounter4,drift,seed15,117,11.0
hpmcounter4,drift,seed15,118,11.0
hpmcounter4,drift,seed15,119,11.0
hpmcounter4,drift,seed15,120,11.0
hpmcounter4,drift,seed15,121,11.0
hpmcounter4,drift,seed15,122,11.0
hpmcounter4,drift,seed15,123,11.0
hpmcounter4,drift,seed15,124,11.545454545454545
hpmcounter4,drift,seed15,125,11.969696969696969
hpmcounter4,drift,seed15,126,12.272727272727273
hpmcounter4,drift,seed15,127,12.454545454545455
hpmcounter4,drift,seed15,128,12.515151515151516
hpmcounter4,drift,seed15,129,12.454545454545455
hpmcounter4,drift,seed15,130,12.272727272727273
hpmcounter4,drift,seed15,131,11.969696969696969
hpmcounter4,drift,seed15,132,11.545454545454545
hpmcounter4,drift,seed15,133,11.0
hpmcounter4,drift,seed15,134,11.0
hpmcounter4,drift,seed15,135,11.0
hpmcounter4,drift,seed15,136,11.0
hpmcounter4,drift,seed15,137,11.0
hpmcounter4,drift,seed15,138,11.0
hpmcounter4,drift,seed15,139,11.0
hpmcounter4,drift,seed15,140,11.545454545454545
hpmcounter4,drift,seed15,141,12.515151515151516
hpmcounter4,drift,seed15,142,13.787878787878787
hpmcounter4,drift,seed15,143,15.242424242424242
hpmcounter4,drift,seed15,144,16.757575757575758
hpmcounter4,drift,seed15,145,18.21212121212121
hpmcounter4,drift,seed15,146,19.484848484848484
hpmcounter4,drift,seed15,147,20.454545454545453
hpmcounter4,drift,seed15,148,21.0
hpmcounter4,drift,seed15,149,21.0
hpmcounter4,drift,seed15,150,20.454545454545453
hpmcounter4,drift,seed15,151,19.484848484848484
hpmcounter4,drift,seed15,152,18.21212121212121
hpmcounter4,drift,seed15,153,16.757575757575758
hpmcounter4,drift,seed15,154,15.242424242424242
hpmcounter4,drift,seed15,155,13.787878787878787
hpmcounter4,drift,seed15,156,12.515151515151516
hpmcounter4,drift,seed15,157,11.545454545454545
hpmcounter4,drift,seed15,158,11.0
hpmcounter4,drift,seed15,159,11.0
hpmcounter4,drift,seed15,160,11.0
hpmcounter4,drift,seed15,161,11.0
hpmcounter4,drift,seed15,162,11.0
hpmcounter4,drift,seed15,163,11.0
hpmcounter4,drift,seed15,164,11.0
hpmcounter4,drift,seed15,165,11.0
hpmcounter4,drift,seed15,166,11.0
hpmcounter4,drift,seed15,167,11.0
hpmcounter4,drift,seed15,168,11.0
hpmcounter4,drift,seed15,169,11.0
hpmcounter4,drift,seed15,170,11.0
hpmcounter4,drift,seed15,171,11.0
hpmcounter4,drift,seed15,172,11.0
hpmcounter4,drift,seed15,173,11.0
hpmcounter4,drift,seed15,174,11.0
hpmcounter4,drift,seed15,175,11.0
hpmcounter4,drift,seed15,176,11.0
hpmcounter4,drift,seed15,177,11.0
hpmcounter4,drift,seed15,178,11.0
hpmcounter4,drift,seed15,179,11.0
hpmcounter4,drift,seed15,180,11.0
hpmcounter4,drift,seed15,181,11.0
hpmcounter4,drift,seed15,182,11.0
hpmcounter4,drift,seed15,183,11.0
hpmcounter4,drift,seed15,184,11.0
hpmcounter4,drift,seed15,185,11.0
hpmcounter4,drift,seed15,186,11.0
hpmcounter4,drift,seed15,187,11.0
hpmcounter4,drift,seed15,188,11.0
hpmcounter4,drift,seed15,189,11.0
hpmcounter4,drift,seed15,190,11.0
hpmcounter4,drift,seed15,191,11.0
hpmcounter4,drift,seed15,192,11.0
hpmcounter4,drift,seed15,193,11.0
hpmcounter4,drift,seed15,194,11.0
hpmcounter4,drift,seed15,195,11.0
hpmcounter4,drift,seed15,196,11.0
hpmcounter4,drift,seed15,197,11.0
hpmcounter4,drift,seed15,198,11.0
hpmcounter4,drift,seed15,199,11.0
hpmcounter4,drift,seed15,200,11.0
hpmcounter4,drift,seed15,201,11.0
hpmcounter4,drift,seed15,202,11.0
hpmcounter4,drift,seed15,203,11.0
hpmcounter4,drift,seed15,204,11.0
hpmcounter4,drift,seed15,205,11.0
hpmcounter4,drift,seed15,206,11.0
hpmcounter4,drift,seed15,207,11.0
hpmcounter4,drift,seed15,208,11.0
hpmcounter4,drift,seed15,209,11.0
hpmcounter4,drift,seed15,210,11.0
hpmcounter4,drift,seed15,211,11.0
hpmcounter4,drift,seed15,212,11.0
hpmcounter4,drift,seed15,213,11.0
hpmcounter4,drift,seed15,214,11.0
hpmcounter4,drift,seed15,215,11.0
hpmcounter4,drift,seed15,216,11.0
hpmcounter4,drift,seed15,217,11.0
hpmcounter4,drift,seed15,218,11.0
hpmcounter4,drift,seed15,219,11.0
hpmcounter4,drift,seed15,220,11.0
hpmcounter4,drift,seed15,221,11.0
hpmcounter4,drift,seed15,222,11.0
hpmcounter4,drift,seed15,223,11.0
hpmcounter4,drift,seed15,224,11.0
hpmcounter4,drift,seed15,225,11.0
hpmcounter4,drift,seed15,226,11.0
hpmcounter4,drift,seed15,227,11.0
hpmcounter4,drift,seed15,228,11.0
hpmcounter4,drift,seed15,229,11.0
hpmcounter4,drift,seed15,230,11.0
hpmcounter4,drift,seed15,231,11.0
hpmcounter4,drift,seed15,232,11.0
hpmcounter4,drift,seed15,233,11.0
hpmcounter4,drift,seed15,234,11.0
hpmcounter4,drift,seed15,235,11.0
hpmcounter4,drift,seed15,236,11.0
hpmcounter4,drift,seed15,237,11.0
hpmcounter4,drift,seed15,238,11.0
hpmcounter4,drift,seed15,239,11.0
hpmcounter4,drift,seed15,240,11.0
hpmcounter4,drift,seed15,241,11.0
hpmcounter4,drift,seed15,242,11.0
hpmcounter4,drift,seed15,243,11.0
hpmcounter4,drift,seed15,244,11.0
hpmcounter4,drift,seed15,245,11.0
hpmcounter4,drift,seed15,246,11.0
hpmcounter4,drift,seed15,247,11.0
hpmcounter4,drift,seed15,248,11.0
hpmcounter4,drift,seed15,249,11.0
hpmcounter4,drift,seed15,250,11.0
hpmcounter4,drift,seed15,251,11.0
hpmcounter4,drift,seed15,252,11.0
hpmcounter4,drift,seed15,253,11.0
hpmcounter4,drift,seed15,254,11.0
hpmcounter4,drift,seed15,255,11.0
hpmcounter4,drift,seed15,256,11.0
hpmcounter4,drift,seed15,257,11.0
hpmcounter4,drift,seed15,258,11.0
hpmcounter4,drift,seed15,259,11.0
hpmcounter4,drift,seed15,260,11.0
hpmcounter4,drift,seed15,261,11.0
hpmcounter4,drift,seed15,262,11.0
hpmcounter4,drift,seed15,263,11.0
hpmcounter4,drift,seed15,264,11.0
hpmcounter4,drift,seed15,265,11.0
hpmcounter4,drift,seed15,266,11.0
hpmcounter4,drift,seed15,267,11.0
hpmcounter4,drift,seed15,268,11.0
hpmcounter4,drift,seed15,269,11.0
hpmcounter4,drift,seed15,270,11.0
hpmcounter4,drift,seed15,271,11.0
hpmcounter4,drift,seed15,272,11.0
hpmcounter4,drift,seed15,273,11.0
hpmcounter4,drift,seed15,274,11.0
hpmcounter4,drift,seed15,275,11.0
hpmcounter4,drift,seed15,276,11.0
hpmcounter4,drift,seed15,277,11.0
hpmcounter4,drift,seed15,278,11.0
hpmcounter4,drift,seed15,279,11.0
hpmcounter4,drift,seed15,280,11.0
hpmcounter4,drift,seed15,281,11.0
hpmcounter4,drift,seed15,282,11.0
hpmcounter4,drift,seed15,283,11.0
hpmcounter4,drift,seed15,284,11.0
hpmcounter4,drift,seed15,285,11.0
hpmcounter4,drift,seed15,286,11.0
hpmcounter4,drift,seed15,287,11.0
hpmcounter4,drift,seed15,288,11.0
hpmcounter4,drift,seed15,289,11.0
hpmcounter4,drift,seed15,290,11.0
hpmcounter4,drift,seed15,291,11.0
hpmcounter4,drift,seed15,292,11.0
hpmcounter4,drift,seed15,293,11.0
hpmcounter4,drift,seed15,294,11.0
hpmcounter4,drift,seed15,295,11.0
hpmcounter4,drift,seed15,296,11.0
hpmcounter4,drift,seed15,297,11.0
hpmcounter4,drift,seed15,298,11.0
hpmcounter4,drift,seed16,9,11.0
hpmcounter4,drift,seed16,10,11.0
hpmcounter4,drift,seed16,11,11.0
hpmcounter4,drift,seed16,12,11.0
hpmcounter4,drift,seed16,13,11.0
hpmcounter4,drift,seed16,14,11.0
hpmcounter4,drift,seed16,15,11.0
hpmcounter4,drift,seed16,16,11.0
hpmcounter4,drift,seed16,17,11.0
hpmcounter4,drift,seed16,18,11.0
hpmcounter4,drift,seed16,19,11.0
hpmcounter4,drift,seed16,20,11.0
hpmcounter4,drift,seed16,21,11.0
hpmcounter4,drift,seed16,22,11.0
hpmcounter4,drift,seed16,23,11.0
hpmcounter4,drift,seed16,24,11.0
hpmcounter4,drift,seed16,25,11.0
hpmcounter4,drift,seed16,26,11.0
hpmcounter4,drift,seed16,27,11.0
hpmcounter4,drift,seed16,28,11.0
hpmcounter4,drift,seed16,29,11.0
hpmcounter4,drift,seed16,30,11.0
hpmcounter4,drift,seed16,31,11.0
hpmcounter4,drift,seed16,32,11.0
hpmcounter4,drift,seed16,33,11.0
hpmcounter4,drift,seed16,34,11.0
hpmcounter4,drift,seed16,35,11.0
hpmcounter4,drift,seed16,36,11.0
hpmcounter4,drift,seed16,37,11.0
hpmcounter4,drift,seed16,38,11.0
hpmcounter4,drift,seed16,39,11.0
hpmcounter4,drift,seed16,40,11.0
hpmcounter4,drift,seed16,41,11.0
hpmcounter4,drift,seed16,42,11.0
hpmcounter4,drift,seed16,43,11.0
hpmcounter4,drift,seed16,44,11.0
hpmcounter4,drift,seed16,45,11.0
hpmcounter4,drift,seed16,46,11.0
hpmcounter4,drift,seed16,47,11.0
hpmcounter4,drift,seed16,48,11.0
hpmcounter4,drift,seed16,49,11.0
hpmcounter4,drift,seed16,50,11.0
hpmcounter4,drift,seed16,51,11.0
hpmcounter4,drift,seed16,52,11.0
hpmcounter4,drift,seed16,53,11.0
hpmcounter4,drift,seed16,54,11.0
hpmcounter4,drift,seed16,55,11.0
hpmcounter4,drift,seed16,56,11.0
hpmcounter4,drift,seed16,57,11.0
hpmcounter4,drift,seed16,58,11.0
hpmcounter4,drift,seed16,59,11.0
hpmcounter4,drift,seed16,60,11.0
hpmcounter4,drift,seed16,61,11.0
hpmcounter4,drift,seed16,62,11.0
hpmcounter4,drift,seed16,63,11.0
hpmcounter4,drift,seed16,64,11.0
hpmcounter4,drift,seed16,65,11.0
hpmcounter4,drift,seed16,66,11.0
hpmcounter4,drift,seed16,67,11.0
hpmcounter4,drift,seed16,68,11.0
hpmcounter4,drift,seed16,69,11.0
hpmcounter4,drift,seed16,70,11.0
hpmcounter4,drift,seed16,71,11.0
hpmcounter4,drift,seed16,72,11.0
hpmcounter4,drift,seed16,73,11.0
hpmcounter4,drift,seed16,74,11.0
hpmcounter4,drift,seed16,75,11.0
hpmcounter4,drift,seed16,76,11.0
hpmcounter4,drift,seed16,77,11.0
hpmcounter4,drift,seed16,78,11.0
hpmcounter4,drift,seed16,79,11.0
hpmcounter4,drift,seed16,80,11.0
hpmcounter4,drift,seed16,81,11.0
hpmcounter4,drift,seed16,82,11.0
hpmcounter4,drift,seed16,83,11.0
hpmcounter4,drift,seed16,84,11.0
hpmcounter4,drift,seed16,85,11.0
hpmcounter4,drift,seed16,86,11.0
hpmcounter4,drift,seed16,87,11.0
hpmcounter4,drift,seed16,88,11.0
hpmcounter4,drift,seed16,89,11.0
hpmcounter4,drift,seed16,90,11.0
hpmcounter4,drift,seed16,91,11.0
hpmcounter4,drift,seed16,92,11.0
hpmcounter4,drift,seed16,93,11.0
hpmcounter4,drift,seed16,94,11.0
hpmcounter4,drift,seed16,95,11.0
hpmcounter4,drift,seed16,96,11.0
hpmcounter4,drift,seed16,97,11.0
hpmcounter4,drift,seed16,98,11.0
hpmcounter4,drift,seed16,99,11.0
hpmcounter4,drift,seed16,100,11.0
hpmcounter4,drift,seed16,101,11.0
hpmcounter4,drift,seed16,102,11.0
hpmcounter4,drift,seed16,103,11.0
hpmcounter4,drift,seed16,104,11.0
hpmcounter4,drift,seed16,105,11.0
hpmcounter4,drift,seed16,106,11.0
hpmcounter4,drift,seed16,107,11.0
hpmcounter4,drift,seed16,108,11.0
hpmcounter4,drift,seed16,109,11.0
hpmcounter4,drift,seed16,110,11.0
hpmcounter4,drift,seed16,111,11.0
hpmcounter4,drift,seed16,112,11.0
hpmcounter4,drift,seed16,113,11.0
hpmcounter4,drift,seed16,114,11.0
hpmcounter4,drift,seed16,115,11.0
hpmcounter4,drift,seed16,116,11.0
hpmcounter4,drift,seed16,117,11.545454545454545
hpmcounter4,drift,seed16,118,11.969696969696969
hpmcounter4,drift,seed16,119,12.272727272727273
hpmcounter4,drift,seed16,120,12.454545454545455
hpmcounter4,drift,seed16,121,12.515151515151516
hpmcounter4,drift,seed16,122,12.454545454545455
hpmcounter4,drift,seed16,123,12.272727272727273
hpmcounter4,drift,seed16,124,11.969696969696969
hpmcounter4,drift,seed16,125,11.545454545454545
hpmcounter4,drift,seed16,126,11.0
hpmcounter4,drift,seed16,127,11.0
hpmcounter4,drift,seed16,128,11.0
hpmcounter4,drift,seed16,129,11.0
hpmcounter4,drift,seed16,130,11.0
hpmcounter4,drift,seed16,131,11.0
hpmcounter4,drift,seed16,132,11.0
hpmcounter4,drift,seed16,133,11.0
hpmcounter4,drift,seed16,134,11.0
hpmcounter4,drift,seed16,135,11.0
hpmcounter4,drift,seed16,136,11.0
hpmcounter4,drift,seed16,137,11.0
hpmcounter4,drift,seed16,138,11.0
hpmcounter4,drift,seed16,139,11.0
hpmcounter4,drift,seed16,140,11.0
hpmcounter4,drift,seed16,141,11.0
hpmcounter4,drift,seed16,142,11.0
hpmcounter4,drift,seed16,143,11.0
hpmcounter4,drift,seed16,144,11.0
hpmcounter4,drift,seed16,145,11.0
hpmcounter4,drift,seed16,146,11.545454545454545
hpmcounter4,drift,seed16,147,12.515151515151516
hpmcounter4,drift,seed16,148,13.787878787878787
hpmcounter4,drift,seed16,149,15.242424242424242
hpmcounter4,drift,seed16,150,16.757575757575758
hpmcounter4,drift,seed16,151,17.666666666666668
hpmcounter4,drift,seed16,152,17.96969696969697
hpmcounter4,drift,seed16,153,17.666666666666668
hpmcounter4,drift,seed16,154,16.757575757575758
hpmcounter4,drift,seed16,155,15.242424242424242
hpmcounter4,drift,seed16,156,13.787878787878787
hpmcounter4,drift,seed16,157,12.515151515151516
hpmcounter4,drift,seed16,158,11.545454545454545
hpmcounter4,drift,seed16,159,11.0
hpmcounter4,drift,seed16,160,11.0
hpmcounter4,drift,seed16,161,11.0
hpmcounter4,drift,seed16,162,11.0
hpmcounter4,drift,seed16,163,11.0
hpmcounter4,drift,seed16,164,11.0
hpmcounter4,drift,seed16,165,11.0
hpmcounter4,drift,seed16,166,11.0
hpmcounter4,drift,seed16,167,11.0
hpmcounter4,drift,seed16,168,11.0
hpmcounter4,drift,seed16,169,11.0
hpmcounter4,drift,seed16,170,11.0
hpmcounter4,drift,seed16,171,11.0
hpmcounter4,drift,seed16,172,11.0
hpmcounter4,drift,seed16,173,11.0
hpmcounter4,drift,seed16,174,11.0
hpmcounter4,drift,seed16,175,11.0
hpmcounter4,drift,seed16,176,11.0
hpmcounter4,drift,seed16,177,11.0
hpmcounter4,drift,seed16,178,11.0
hpmcounter4,drift,seed16,179,11.0
hpmcounter4,drift,seed16,180,11.0
hpmcounter4,drift,seed16,181,11.0
hpmcounter4,drift,seed16,182,11.0
hpmcounter4,drift,seed16,183,11.0
hpmcounter4,drift,seed16,184,11.0
hpmcounter4,drift,seed16,185,11.0
hpmcounter4,drift,seed16,186,11.0
hpmcounter4,drift,seed16,187,11.0
hpmcounter4,drift,seed16,188,11.0
hpmcounter4,drift,seed16,189,11.0
hpmcounter4,drift,seed16,190,11.0
hpmcounter4,drift,seed16,191,11.0
hpmcounter4,drift,seed16,192,11.0
hpmcounter4,drift,seed16,193,11.0
hpmcounter4,drift,seed16,194,11.0
hpmcounter4,drift,seed16,195,11.0
hpmcounter4,drift,seed16,196,11.0
hpmcounter4,drift,seed16,197,11.0
hpmcounter4,drift,seed16,198,11.0
hpmcounter4,drift,seed16,199,11.0
hpmcounter4,drift,seed16,200,11.0
hpmcounter4,drift,seed16,201,11.0
hpmcounter4,drift,seed16,202,11.0
hpmcounter4,drift,seed16,203,11.0
hpmcounter4,drift,seed16,204,11.0
hpmcounter4,drift,seed16,205,11.0
hpmcounter4,drift,seed16,206,11.0
hpmcounter4,drift,seed16,207,11.0
hpmcounter4,drift,seed16,208,11.0
hpmcounter4,drift,seed16,209,11.0
hpmcounter4,drift,seed16,210,11.0
hpmcounter4,drift,seed16,211,11.0
hpmcounter4,drift,seed16,212,11.0
hpmcounter4,drift,seed16,213,11.0
hpmcounter4,drift,seed16,214,11.0
hpmcounter4,drift,seed16,215,11.0
hpmcounter4,drift,seed16,216,11.0
hpmcounter4,drift,seed16,217,11.0
hpmcounter4,drift,seed16,218,11.0
hpmcounter4,drift,seed16,219,11.0
hpmcounter4,drift,seed16,220,11.0
hpmcounter4,drift,seed16,221,11.0
hpmcounter4,drift,seed16,222,11.0
hpmcounter4,drift,seed16,223,11.0
hpmcounter4,drift,seed16,224,11.0
hpmcounter4,drift,seed16,225,11.0
hpmcounter4,drift,seed16,226,11.0
hpmcounter4,drift,seed16,227,11.0
hpmcounter4,drift,seed16,228,11.0
hpmcounter4,drift,seed16,229,11.0
hpmcounter4,drift,seed16,230,11.0
hpmcounter4,drift,seed16,231,11.0
hpmcounter4,drift,seed16,232,11.0
hpmcounter4,drift,seed16,233,11.0
hpmcounter4,drift,seed16,234,11.0
hpmcounter4,drift,seed16,235,11.0
hpmcounter4,drift,seed16,236,11.0
hpmcounter4,drift,seed16,237,11.0
hpmcounter4,drift,seed16,238,11.0
hpmcounter4,drift,seed16,239,11.0
hpmcounter4,drift,seed16,240,11.0
hpmcounter4,drift,seed16,241,11.0
hpmcounter4,drift,seed16,242,11.0
hpmcounter4,drift,seed16,243,11.0
hpmcounter4,drift,seed16,244,11.0
hpmcounter4,drift,seed16,245,11.0
hpmcounter4,drift,seed16,246,11.0
hpmcounter4,drift,seed16,247,11.0
hpmcounter4,drift,seed16,248,11.0
hpmcounter4,drift,seed16,249,11.0
hpmcounter4,drift,seed16,250,11.0
hpmcounter4,drift,seed16,251,11.0
hpmcounter4,drift,seed16,252,11.0
hpmcounter4,drift,seed16,253,11.0
hpmcounter4,drift,seed16,254,11.0
hpmcounter4,drift,seed16,255,11.0
hpmcounter4,drift,seed16,256,11.0
hpmcounter4,drift,seed16,257,11.0
hpmcounter4,drift,seed16,258,11.0
hpmcounter4,drift,seed16,259,11.545454545454545
hpmcounter4,drift,seed16,260,11.969696969696969
hpmcounter4,drift,seed16,261,12.818181818181818
hpmcounter4,drift,seed16,262,13.424242424242424
hpmcounter4,drift,seed16,263,13.787878787878787
hpmcounter4,drift,seed16,264,14.454545454545455
hpmcounter4,drift,seed16,265,15.303030303030303
hpmcounter4,drift,seed16,266,16.21212121212121
hpmcounter4,drift,seed16,267,17.060606060606062
hpmcounter4,drift,seed16,268,17.727272727272727
hpmcounter4,drift,seed16,269,18.21212121212121
hpmcounter4,drift,seed16,270,17.96969696969697
hpmcounter4,drift,seed16,271,17.666666666666668
hpmcounter4,drift,seed16,272,16.757575757575758
hpmcounter4,drift,seed16,273,15.242424242424242
hpmcounter4,drift,seed16,274,13.787878787878787
hpmcounter4,drift,seed16,275,12.515151515151516
hpmcounter4,drift,seed16,276,11.545454545454545
hpmcounter4,drift,seed16,277,11.0
hpmcounter4,drift,seed16,278,11.0
hpmcounter4,drift,seed16,279,11.0
hpmcounter4,drift,seed16,280,11.0
hpmcounter4,drift,seed16,281,11.0
hpmcounter4,drift,seed16,282,11.0
hpmcounter4,drift,seed16,283,11.0
hpmcounter4,drift,seed16,284,11.0
hpmcounter4,drift,seed16,285,11.0
hpmcounter4,drift,seed16,286,11.0
hpmcounter4,drift,seed16,287,11.0
hpmcounter4,drift,seed16,288,11.0
hpmcounter4,drift,seed16,289,11.0
hpmcounter4,drift,seed16,290,11.0
hpmcounter4,drift,seed16,291,11.0
hpmcounter4,drift,seed16,292,11.0
hpmcounter4,drift,seed16,293,11.0
hpmcounter4,drift,seed16,294,11.0
hpmcounter4,drift,seed16,295,11.0
hpmcounter4,drift,seed16,296,11.0
hpmcounter4,drift,seed16,297,11.0
hpmcounter4,drift,seed16,298,11.0
hpmcounter4,drift,seed17,9,13.242424242424242
hpmcounter4,drift,seed17,10,13.727272727272727
hpmcounter4,drift,seed17,11,14.515151515151516
hpmcounter4,drift,seed17,12,15.484848484848484
hpmcounter4,drift,seed17,13,16.515151515151516
hpmcounter4,drift,seed17,14,17.484848484848484
hpmcounter4,drift,seed17,15,18.272727272727273
hpmcounter4,drift,seed17,16,18.757575757575758
hpmcounter4,drift,seed17,17,19.484848484848484
hpmcounter4,drift,seed17,18,20.454545454545453
hpmcounter4,drift,seed17,19,21.0
hpmcounter4,drift,seed17,20,21.0
hpmcounter4,drift,seed17,21,21.0
hpmcounter4,drift,seed17,22,21.0
hpmcounter4,drift,seed17,23,20.454545454545453
hpmcounter4,drift,seed17,24,19.484848484848484
hpmcounter4,drift,seed17,25,18.21212121212121
hpmcounter4,drift,seed17,26,16.757575757575758
hpmcounter4,drift,seed17,27,15.242424242424242
hpmcounter4,drift,seed17,28,13.787878787878787
hpmcounter4,drift,seed17,29,12.515151515151516
hpmcounter4,drift,seed17,30,11.545454545454545
hpmcounter4,drift,seed17,31,11.0
hpmcounter4,drift,seed17,32,11.0
hpmcounter4,drift,seed17,33,11.0
hpmcounter4,drift,seed17,34,11.0
hpmcounter4,drift,seed17,35,11.0
hpmcounter4,drift,seed17,36,11.0
hpmcounter4,drift,seed17,37,11.0
hpmcounter4,drift,seed17,38,11.0
hpmcounter4,drift,seed17,39,11.0
hpmcounter4,drift,seed17,40,11.0
hpmcounter4,drift,seed17,41,11.0
hpmcounter4,drift,seed17,42,11.0
hpmcounter4,drift,seed17,43,11.0
hpmcounter4,drift,seed17,44,11.0
hpmcounter4,drift,seed17,45,11.0
hpmcounter4,drift,seed17,46,11.0
hpmcounter4,drift,seed17,47,11.0
hpmcounter4,drift,seed17,48,11.0
hpmcounter4,drift,seed17,49,11.0
hpmcounter4,drift,seed17,50,11.0
hpmcounter4,drift,seed17,51,11.0
hpmcounter4,drift,seed17,52,11.0
hpmcounter4,drift,seed17,53,11.0
hpmcounter4,drift,seed17,54,11.0
hpmcounter4,drift,seed17,55,11.0
hpmcounter4,drift,seed17,56,11.0
hpmcounter4,drift,seed17,57,11.0
hpmcounter4,drift,seed17,58,11.0
hpmcounter4,drift,seed17,59,11.0
hpmcounter4,drift,seed17,60,11.0
hpmcounter4,drift,seed17,61,11.0
hpmcounter4,drift,seed17,62,11.0
hpmcounter4,drift,seed17,63,11.0
hpmcounter4,drift,seed17,64,11.0
hpmcounter4,drift,seed17,65,11.0
hpmcounter4,drift,seed17,66,11.0
hpmcounter4,drift,seed17,67,11.0
hpmcounter4,drift,seed17,68,11.0
hpmcounter4,drift,seed17,69,11.0
hpmcounter4,drift,seed17,70,11.0
hpmcounter4,drift,seed17,71,11.0
hpmcounter4,drift,seed17,72,11.0
hpmcounter4,drift,seed17,73,11.0
hpmcounter4,drift,seed17,74,11.0
hpmcounter4,drift,seed17,75,11.0
hpmcounter4,drift,seed17,76,11.0
hpmcounter4,drift,seed17,77,11.0
hpmcounter4,drift,seed17,78,11.0
hpmcounter4,drift,seed17,79,11.0
hpmcounter4,drift,seed17,80,11.0
hpmcounter4,drift,seed17,81,11.0
hpmcounter4,drift,seed17,82,11.0
hpmcounter4,drift,seed17,83,11.0
hpmcounter4,drift,seed17,84,11.0
hpmcounter4,drift,seed17,85,11.0
hpmcounter4,drift,seed17,86,11.0
hpmcounter4,drift,seed17,87,11.0
hpmcounter4,drift,seed17,88,11.0
hpmcounter4,drift,seed17,89,11.0
hpmcounter4,drift,seed17,90,11.0
hpmcounter4,drift,seed17,91,11.0
hpmcounter4,drift,seed17,92,11.0
hpmcounter4,drift,seed17,93,11.0
hpmcounter4,drift,seed17,94,11.0
hpmcounter4,drift,seed17,95,11.0
hpmcounter4,drift,seed17,96,11.0
hpmcounter4,drift,seed17,97,11.0
hpmcounter4,drift,seed17,98,11.0
hpmcounter4,drift,seed17,99,11.0
hpmcounter4,drift,seed17,100,11.0
hpmcounter4,drift,seed17,101,11.0
hpmcounter4,drift,seed17,102,11.0
hpmcounter4,drift,seed17,103,11.0
hpmcounter4,drift,seed17,104,11.0
hpmcounter4,drift,seed17,105,11.0
hpmcounter4,drift,seed17,106,11.0
hpmcounter4,drift,seed17,107,11.0
hpmcounter4,drift,seed17,108,11.0
hpmcounter4,drift,seed17,109,11.0
hpmcounter4,drift,seed17,110,11.0
hpmcounter4,drift,seed17,111,11.0
hpmcounter4,drift,seed17,112,11.0
hpmcounter4,drift,seed17,113,11.0
hpmcounter4,drift,seed17,114,11.0
hpmcounter4,drift,seed17,115,11.0
hpmcounter4,drift,seed17,116,11.0
hpmcounter4,drift,seed17,117,11.0
hpmcounter4,drift,seed17,118,11.0
hpmcounter4,drift,seed17,119,11.0
hpmcounter4,drift,seed17,120,11.0
hpmcounter4,drift,seed17,121,11.0
hpmcounter4,drift,seed17,122,11.0
hpmcounter4,drift,seed17,123,11.0
hpmcounter4,drift,seed17,124,11.0
hpmcounter4,drift,seed17,125,11.0
hpmcounter4,drift,seed17,126,11.0
hpmcounter4,drift,seed17,127,11.0
hpmcounter4,drift,seed17,128,11.0
hpmcounter4,drift,seed17,129,11.0
hpmcounter4,drift,seed17,130,11.0
hpmcounter4,drift,seed17,131,11.0
hpmcounter4,drift,seed17,132,11.0
hpmcounter4,drift,seed17,133,11.0
hpmcounter4,drift,seed17,134,11.0
hpmcounter4,drift,seed17,135,11.0
hpmcounter4,drift,seed17,136,11.0
hpmcounter4,drift,seed17,137,11.0
hpmcounter4,drift,seed17,138,11.0
hpmcounter4,drift,seed17,139,11.0
hpmcounter4,drift,seed17,140,11.0
hpmcounter4,drift,seed17,141,11.0
hpmcounter4,drift,seed17,142,11.0
hpmcounter4,drift,seed17,143,11.0
hpmcounter4,drift,seed17,144,11.0
hpmcounter4,drift,seed17,145,11.0
hpmcounter4,drift,seed17,146,11.0
hpmcounter4,drift,seed17,147,11.0
hpmcounter4,drift,seed17,148,11.0
hpmcounter4,drift,seed17,149,11.0
hpmcounter4,drift,seed17,150,11.0
hpmcounter4,drift,seed17,151,11.0
hpmcounter4,drift,seed17,152,11.0
hpmcounter4,drift,seed17,153,11.0
hpmcounter4,drift,seed17,154,11.0
hpmcounter4,drift,seed17,155,11.0
hpmcounter4,drift,seed17,156,11.0
hpmcounter4,drift,seed17,157,11.0
hpmcounter4,drift,seed17,158,11.545454545454545
hpmcounter4,drift,seed17,159,12.515151515151516
hpmcounter4,drift,seed17,160,13.787878787878787
hpmcounter4,drift,seed17,161,14.696969696969697
hpmcounter4,drift,seed17,162,15.242424242424242
hpmcounter4,drift,seed17,163,15.424242424242424
hpmcounter4,drift,seed17,164,15.787878787878787
hpmcounter4,drift,seed17,165,15.666666666666666
hpmcounter4,drift,seed17,166,15.06060606060606
hpmcounter4,drift,seed17,167,13.969696969696969
hpmcounter4,drift,seed17,168,13.06060606060606
hpmcounter4,drift,seed17,169,12.454545454545455
hpmcounter4,drift,seed17,170,12.272727272727273
hpmcounter4,drift,seed17,171,11.969696969696969
hpmcounter4,drift,seed17,172,11.545454545454545
hpmcounter4,drift,seed17,173,11.0
hpmcounter4,drift,seed17,174,11.0
hpmcounter4,drift,seed17,175,11.0
hpmcounter4,drift,seed17,176,11.545454545454545
hpmcounter4,drift,seed17,177,12.515151515151516
hpmcounter4,drift,seed17,178,13.787878787878787
hpmcounter4,drift,seed17,179,14.696969696969697
hpmcounter4,drift,seed17,180,15.242424242424242
hpmcounter4,drift,seed17,181,15.424242424242424
hpmcounter4,drift,seed17,182,15.242424242424242
hpmcounter4,drift,seed17,183,14.696969696969697
hpmcounter4,drift,seed17,184,13.787878787878787
hpmcounter4,drift,seed17,185,12.515151515151516
hpmcounter4,drift,seed17,186,11.545454545454545
hpmcounter4,drift,seed17,187,11.0
hpmcounter4,drift,seed17,188,11.0
hpmcounter4,drift,seed17,189,11.0
hpmcounter4,drift,seed17,190,11.0
hpmcounter4,drift,seed17,191,11.0
hpmcounter4,drift,seed17,192,11.0
hpmcounter4,drift,seed17,193,11.0
hpmcounter4,drift,seed17,194,11.0
hpmcounter4,drift,seed17,195,11.0
hpmcounter4,drift,seed17,196,11.0
hpmcounter4,drift,seed17,197,11.0
hpmcounter4,drift,seed17,198,11.0
hpmcounter4,drift,seed17,199,11.0
hpmcounter4,drift,seed17,200,11.0
hpmcounter4,drift,seed17,201,11.0
hpmcounter4,drift,seed17,202,11.0
hpmcounter4,drift,seed17,203,11.0
hpmcounter4,drift,seed17,204,11.0
hpmcounter4,drift,seed17,205,11.0
hpmcounter4,drift,seed17,206,11.0
hpmcounter4,drift,seed17,207,11.0
hpmcounter4,drift,seed17,208,11.0
hpmcounter4,drift,seed17,209,11.0
hpmcounter4,drift,seed17,210,11.0
hpmcounter4,drift,seed17,211,11.0
hpmcounter4,drift,seed17,212,11.0
hpmcounter4,drift,seed17,213,11.0
hpmcounter4,drift,seed17,214,11.0
hpmcounter4,drift,seed17,215,11.0
hpmcounter4,drift,seed17,216,11.0
hpmcounter4,drift,seed17,217,11.0
hpmcounter4,drift,seed17,218,11.0
hpmcounter4,drift,seed17,219,11.0
hpmcounter4,drift,seed17,220,11.0
hpmcounter4,drift,seed17,221,11.0
hpmcounter4,drift,seed17,222,11.0
hpmcounter4,drift,seed17,223,11.0
hpmcounter4,drift,seed17,224,11.0
hpmcounter4,drift,seed17,225,11.0
hpmcounter4,drift,seed17,226,11.0
hpmcounter4,drift,seed17,227,11.0
hpmcounter4,drift,seed17,228,11.0
hpmcounter4,drift,seed17,229,11.0
hpmcounter4,drift,seed17,230,11.0
hpmcounter4,drift,seed17,231,11.0
hpmcounter4,drift,seed17,232,11.0
hpmcounter4,drift,seed17,233,11.0
hpmcounter4,drift,seed17,234,11.0
hpmcounter4,drift,seed17,235,11.0
hpmcounter4,drift,seed17,236,11.0
hpmcounter4,drift,seed17,237,11.0
hpmcounter4,drift,seed17,238,11.0
hpmcounter4,drift,seed17,239,11.0
hpmcounter4,drift,seed17,240,11.0
hpmcounter4,drift,seed17,241,11.0
hpmcounter4,drift,seed17,242,11.0
hpmcounter4,drift,seed17,243,11.0
hpmcounter4,drift,seed17,244,11.0
hpmcounter4,drift,seed17,245,11.0
hpmcounter4,drift,seed17,246,11.0
hpmcounter4,drift,seed17,247,11.0
hpmcounter4,drift,seed17,248,11.0
hpmcounter4,drift,seed17,249,11.0
hpmcounter4,drift,seed17,250,11.0
hpmcounter4,drift,seed17,251,11.0
hpmcounter4,drift,seed17,252,11.0
hpmcounter4,drift,seed17,253,11.0
hpmcounter4,drift,seed17,254,11.0
hpmcounter4,drift,seed17,255,11.0
hpmcounter4,drift,seed17,256,11.0
hpmcounter4,drift,seed17,257,11.0
hpmcounter4,drift,seed17,258,11.0
hpmcounter4,drift,seed17,259,11.0
hpmcounter4,drift,seed17,260,11.0
hpmcounter4,drift,seed17,261,11.0
hpmcounter4,drift,seed17,262,11.0
hpmcounter4,drift,seed17,263,11.0
hpmcounter4,drift,seed17,264,11.0
hpmcounter4,drift,seed17,265,11.0
hpmcounter4,drift,seed17,266,11.0
hpmcounter4,drift,seed17,267,11.0
hpmcounter4,drift,seed17,268,11.0
hpmcounter4,drift,seed17,269,11.0
hpmcounter4,drift,seed17,270,11.0
hpmcounter4,drift,seed17,271,11.0
hpmcounter4,drift,seed17,272,11.0
hpmcounter4,drift,seed17,273,11.0
hpmcounter4,drift,seed17,274,11.0
hpmcounter4,drift,seed17,275,11.0
hpmcounter4,drift,seed17,276,11.0
hpmcounter4,drift,seed17,277,11.0
hpmcounter4,drift,seed17,278,11.0
hpmcounter4,drift,seed17,279,11.0
hpmcounter4,drift,seed17,280,11.0
hpmcounter4,drift,seed17,281,11.0
hpmcounter4,drift,seed17,282,11.0
hpmcounter4,drift,seed17,283,11.0
hpmcounter4,drift,seed17,284,11.0
hpmcounter4,drift,seed17,285,11.0
hpmcounter4,drift,seed17,286,11.0
hpmcounter4,drift,seed17,287,11.0
hpmcounter4,drift,seed17,288,11.0
hpmcounter4,drift,seed17,289,11.0
hpmcounter4,drift,seed17,290,11.0
hpmcounter4,drift,seed17,291,11.0
hpmcounter4,drift,seed17,292,11.0
hpmcounter4,drift,seed17,293,11.0
hpmcounter4,drift,seed17,294,11.0
hpmcounter4,drift,seed17,295,11.0
hpmcounter4,drift,seed17,296,11.0
hpmcounter4,drift,seed17,297,11.0
hpmcounter4,drift,seed17,298,11.0
hpmcounter4,drift,seed18,9,11.0
hpmcounter4,drift,seed18,10,11.0
hpmcounter4,drift,seed18,11,11.0
hpmcounter4,drift,seed18,12,11.0
hpmcounter4,drift,seed18,13,11.0
hpmcounter4,drift,seed18,14,11.0
hpmcounter4,drift,seed18,15,11.0
hpmcounter4,drift,seed18,16,11.0
hpmcounter4,drift,seed18,17,11.0
hpmcounter4,drift,seed18,18,11.0
hpmcounter4,drift,seed18,19,11.0
hpmcounter4,drift,seed18,20,11.0
hpmcounter4,drift,seed18,21,11.0
hpmcounter4,drift,seed18,22,11.0
hpmcounter4,drift,seed18,23,11.0
hpmcounter4,drift,seed18,24,11.0
hpmcounter4,drift,seed18,25,11.0
hpmcounter4,drift,seed18,26,11.0
hpmcounter4,drift,seed18,27,11.0
hpmcounter4,drift,seed18,28,11.0
hpmcounter4,drift,seed18,29,11.0
hpmcounter4,drift,seed18,30,11.0
hpmcounter4,drift,seed18,31,11.0
hpmcounter4,drift,seed18,32,11.0
hpmcounter4,drift,seed18,33,11.0
hpmcounter4,drift,seed18,34,11.0
hpmcounter4,drift,seed18,35,11.0
hpmcounter4,drift,seed18,36,11.0
hpmcounter4,drift,seed18,37,11.0
hpmcounter4,drift,seed18,38,11.0
hpmcounter4,drift,seed18,39,11.0
hpmcounter4,drift,seed18,40,11.0
hpmcounter4,drift,seed18,41,11.0
hpmcounter4,drift,seed18,42,11.0
hpmcounter4,drift,seed18,43,11.0
hpmcounter4,drift,seed18,44,11.0
hpmcounter4,drift,seed18,45,11.0
hpmcounter4,drift,seed18,46,11.0
hpmcounter4,drift,seed18,47,11.0
hpmcounter4,drift,seed18,48,11.0
hpmcounter4,drift,seed18,49,11.0
hpmcounter4,drift,seed18,50,11.0
hpmcounter4,drift,seed18,51,11.0
hpmcounter4,drift,seed18,52,11.0
hpmcounter4,drift,seed18,53,11.0
hpmcounter4,drift,seed18,54,11.0
hpmcounter4,drift,seed18,55,11.0
hpmcounter4,drift,seed18,56,11.0
hpmcounter4,drift,seed18,57,11.0
hpmcounter4,drift,seed18,58,11.0
hpmcounter4,drift,seed18,59,11.0
hpmcounter4,drift,seed18,60,11.0
hpmcounter4,drift,seed18,61,11.0
hpmcounter4,drift,seed18,62,11.0
hpmcounter4,drift,seed18,63,11.0
hpmcounter4,drift,seed18,64,11.0
hpmcounter4,drift,seed18,65,11.0
hpmcounter4,drift,seed18,66,11.0
hpmcounter4,drift,seed18,67,11.0
hpmcounter4,drift,seed18,68,11.0
hpmcounter4,drift,seed18,69,11.0
hpmcounter4,drift,seed18,70,11.0
hpmcounter4,drift,seed18,71,11.0
hpmcounter4,drift,seed18,72,11.0
hpmcounter4,drift,seed18,73,11.0
hpmcounter4,drift,seed18,74,11.0
hpmcounter4,drift,seed18,75,11.0
hpmcounter4,drift,seed18,76,11.0
hpmcounter4,drift,seed18,77,11.0
hpmcounter4,drift,seed18,78,11.0
hpmcounter4,drift,seed18,79,11.0
hpmcounter4,drift,seed18,80,11.0
hpmcounter4,drift,seed18,81,11.0
hpmcounter4,drift,seed18,82,11.0
hpmcounter4,drift,seed18,83,11.0
hpmcounter4,drift,seed18,84,11.0
hpmcounter4,drift,seed18,85,11.0
hpmcounter4,drift,seed18,86,11.0
hpmcounter4,drift,seed18,87,11.0
hpmcounter4,drift,seed18,88,11.0
hpmcounter4,drift,seed18,89,11.0
hpmcounter4,drift,seed18,90,11.0
hpmcounter4,drift,seed18,91,11.0
hpmcounter4,drift,seed18,92,11.0
hpmcounter4,drift,seed18,93,11.0
hpmcounter4,drift,seed18,94,11.0
hpmcounter4,drift,seed18,95,11.0
hpmcounter4,drift,seed18,96,11.0
hpmcounter4,drift,seed18,97,11.0
hpmcounter4,drift,seed18,98,11.0
hpmcounter4,drift,seed18,99,11.0
hpmcounter4,drift,seed18,100,11.0
hpmcounter4,drift,seed18,101,11.0
hpmcounter4,drift,seed18,102,11.0
hpmcounter4,drift,seed18,103,11.0
hpmcounter4,drift,seed18,104,11.0
hpmcounter4,drift,seed18,105,11.0
hpmcounter4,drift,seed18,106,11.0
hpmcounter4,drift,seed18,107,11.0
hpmcounter4,drift,seed18,108,11.0
hpmcounter4,drift,seed18,109,11.0
hpmcounter4,drift,seed18,110,11.0
hpmcounter4,drift,seed18,111,11.0
hpmcounter4,drift,seed18,112,11.0
hpmcounter4,drift,seed18,113,11.0
hpmcounter4,drift,seed18,114,11.0
hpmcounter4,drift,seed18,115,11.0
hpmcounter4,drift,seed18,116,11.0
hpmcounter4,drift,seed18,117,11.0
hpmcounter4,drift,seed18,118,11.0
hpmcounter4,drift,seed18,119,11.0
hpmcounter4,drift,seed18,120,11.0
hpmcounter4,drift,seed18,121,11.0
hpmcounter4,drift,seed18,122,11.0
hpmcounter4,drift,seed18,123,11.0
hpmcounter4,drift,seed18,124,11.0
hpmcounter4,drift,seed18,125,11.0
hpmcounter4,drift,seed18,126,11.0
hpmcounter4,drift,seed18,127,11.0
hpmcounter4,drift,seed18,128,11.0
hpmcounter4,drift,seed18,129,11.0
hpmcounter4,drift,seed18,130,11.0
hpmcounter4,drift,seed18,131,11.0
hpmcounter4,drift,seed18,132,11.0
hpmcounter4,drift,seed18,133,11.0
hpmcounter4,drift,seed18,134,11.0
hpmcounter4,drift,seed18,135,11.0
hpmcounter4,drift,seed18,136,11.0
hpmcounter4,drift,seed18,137,11.0
hpmcounter4,drift,seed18,138,11.0
hpmcounter4,drift,seed18,139,11.0
hpmcounter4,drift,seed18,140,11.0
hpmcounter4,drift,seed18,141,11.0
hpmcounter4,drift,seed18,142,11.0
hpmcounter4,drift,seed18,143,11.545454545454545
hpmcounter4,drift,seed18,144,12.515151515151516
hpmcounter4,drift,seed18,145,13.787878787878787
hpmcounter4,drift,seed18,146,14.696969696969697
hpmcounter4,drift,seed18,147,15.242424242424242
hpmcounter4,drift,seed18,148,15.424242424242424
hpmcounter4,drift,seed18,149,15.242424242424242
hpmcounter4,drift,seed18,150,14.696969696969697
hpmcounter4,drift,seed18,151,13.787878787878787
hpmcounter4,drift,seed18,152,12.515151515151516
hpmcounter4,drift,seed18,153,11.545454545454545
hpmcounter4,drift,seed18,154,11.0
hpmcounter4,drift,seed18,155,11.0
hpmcounter4,drift,seed18,156,11.0
hpmcounter4,drift,seed18,157,11.0
hpmcounter4,drift,seed18,158,11.0
hpmcounter4,drift,seed18,159,11.0
hpmcounter4,drift,seed18,160,11.0
hpmcounter4,drift,seed18,161,11.0
hpmcounter4,drift,seed18,162,11.0
hpmcounter4,drift,seed18,163,11.545454545454545
hpmcounter4,drift,seed18,164,12.515151515151516
hpmcounter4,drift,seed18,165,13.787878787878787
hpmcounter4,drift,seed18,166,15.242424242424242
hpmcounter4,drift,seed18,167,16.757575757575758
hpmcounter4,drift,seed18,168,18.21212121212121
hpmcounter4,drift,seed18,169,18.939393939393938
hpmcounter4,drift,seed18,170,18.939393939393938
hpmcounter4,drift,seed18,171,18.21212121212121
hpmcounter4,drift,seed18,172,16.757575757575758
hpmcounter4,drift,seed18,173,15.242424242424242
hpmcounter4,drift,seed18,174,13.787878787878787
hpmcounter4,drift,seed18,175,12.515151515151516
hpmcounter4,drift,seed18,176,11.545454545454545
hpmcounter4,drift,seed18,177,11.0
hpmcounter4,drift,seed18,178,11.0
hpmcounter4,drift,seed18,179,11.0
hpmcounter4,drift,seed18,180,11.0
hpmcounter4,drift,seed18,181,11.0
hpmcounter4,drift,seed18,182,11.0
hpmcounter4,drift,seed18,183,11.0
hpmcounter4,drift,seed18,184,11.0
hpmcounter4,drift,seed18,185,11.0
hpmcounter4,drift,seed18,186,11.0
hpmcounter4,drift,seed18,187,11.0
hpmcounter4,drift,seed18,188,11.0
hpmcounter4,drift,seed18,189,11.0
hpmcounter4,drift,seed18,190,11.0
hpmcounter4,drift,seed18,191,11.0
hpmcounter4,drift,seed18,192,11.0
hpmcounter4,drift,seed18,193,11.0
hpmcounter4,drift,seed18,194,11.0
hpmcounter4,drift,seed18,195,11.0
hpmcounter4,drift,seed18,196,11.0
hpmcounter4,drift,seed18,197,11.0
hpmcounter4,drift,seed18,198,11.545454545454545
hpmcounter4,drift,seed18,199,12.515151515151516
hpmcounter4,drift,seed18,200,13.787878787878787
hpmcounter4,drift,seed18,201,14.696969696969697
hpmcounter4,drift,seed18,202,15.242424242424242
hpmcounter4,drift,seed18,203,15.424242424242424
hpmcounter4,drift,seed18,204,15.242424242424242
hpmcounter4,drift,seed18,205,14.696969696969697
hpmcounter4,drift,seed18,206,13.787878787878787
hpmcounter4,drift,seed18,207,12.515151515151516
hpmcounter4,drift,seed18,208,11.545454545454545
hpmcounter4,drift,seed18,209,11.0
hpmcounter4,drift,seed18,210,11.0
hpmcounter4,drift,seed18,211,11.0
hpmcounter4,drift,seed18,212,11.0
hpmcounter4,drift,seed18,213,11.0
hpmcounter4,drift,seed18,214,11.0
hpmcounter4,drift,seed18,215,11.0
hpmcounter4,drift,seed18,216,11.0
hpmcounter4,drift,seed18,217,11.0
hpmcounter4,drift,seed18,218,11.0
hpmcounter4,drift,seed18,219,11.0
hpmcounter4,drift,seed18,220,11.0
hpmcounter4,drift,seed18,221,11.0
hpmcounter4,drift,seed18,222,11.0
hpmcounter4,drift,seed18,223,11.0
hpmcounter4,drift,seed18,224,11.0
hpmcounter4,drift,seed18,225,11.0
hpmcounter4,drift,seed18,226,11.0
hpmcounter4,drift,seed18,227,11.0
hpmcounter4,drift,seed18,228,11.0
hpmcounter4,drift,seed18,229,11.0
hpmcounter4,drift,seed18,230,11.0
hpmcounter4,drift,seed18,231,11.0
hpmcounter4,drift,seed18,232,11.0
hpmcounter4,drift,seed18,233,11.0
hpmcounter4,drift,seed18,234,11.0
hpmcounter4,drift,seed18,235,11.0
hpmcounter4,drift,seed18,236,11.0
hpmcounter4,drift,seed18,237,11.0
hpmcounter4,drift,seed18,238,11.0
hpmcounter4,drift,seed18,239,11.0
hpmcounter4,drift,seed18,240,11.0
hpmcounter4,drift,seed18,241,11.0
hpmcounter4,drift,seed18,242,11.0
hpmcounter4,drift,seed18,243,11.0
hpmcounter4,drift,seed18,244,11.0
hpmcounter4,drift,seed18,245,11.0
hpmcounter4,drift,seed18,246,11.0
hpmcounter4,drift,seed18,247,11.0
hpmcounter4,drift,seed18,248,11.0
hpmcounter4,drift,seed18,249,11.0
hpmcounter4,drift,seed18,250,11.0
hpmcounter4,drift,seed18,251,11.0
hpmcounter4,drift,seed18,252,11.0
hpmcounter4,drift,seed18,253,11.0
hpmcounter4,drift,seed18,254,11.0
hpmcounter4,drift,seed18,255,11.0
hpmcounter4,drift,seed18,256,11.0
hpmcounter4,drift,seed18,257,11.0
hpmcounter4,drift,seed18,258,11.0
hpmcounter4,drift,seed18,259,11.0
hpmcounter4,drift,seed18,260,11.0
hpmcounter4,drift,seed18,261,11.0
hpmcounter4,drift,seed18,262,11.0
hpmcounter4,drift,seed18,263,11.0
hpmcounter4,drift,seed18,264,11.0
hpmcounter4,drift,seed18,265,11.0
hpmcounter4,drift,seed18,266,11.0
hpmcounter4,drift,seed18,267,11.0
hpmcounter4,drift,seed18,268,11.0
hpmcounter4,drift,seed18,269,11.0
hpmcounter4,drift,seed18,270,11.0
hpmcounter4,drift,seed18,271,11.0
hpmcounter4,drift,seed18,272,11.0
hpmcounter4,drift,seed18,273,11.0
hpmcounter4,drift,seed18,274,11.0
hpmcounter4,drift,seed18,275,11.0
hpmcounter4,drift,seed18,276,11.0
hpmcounter4,drift,seed18,277,11.0
hpmcounter4,drift,seed18,278,11.0
hpmcounter4,drift,seed18,279,11.0
hpmcounter4,drift,seed18,280,11.0
hpmcounter4,drift,seed18,281,11.0
hpmcounter4,drift,seed18,282,11.0
hpmcounter4,drift,seed18,283,11.0
hpmcounter4,drift,seed18,284,11.0
hpmcounter4,drift,seed18,285,11.0
hpmcounter4,drift,seed18,286,11.0
hpmcounter4,drift,seed18,287,11.0
hpmcounter4,drift,seed18,288,11.0
hpmcounter4,drift,seed18,289,11.0
hpmcounter4,drift,seed18,290,11.0
hpmcounter4,drift,seed18,291,11.0
hpmcounter4,drift,seed18,292,11.0
hpmcounter4,drift,seed18,293,11.0
hpmcounter4,drift,seed18,294,11.0
hpmcounter4,drift,seed18,295,11.0
hpmcounter4,drift,seed18,296,11.0
hpmcounter4,drift,seed18,297,11.0
hpmcounter4,drift,seed18,298,11.0
hpmcounter4,drift,seed19,9,13.242424242424242
hpmcounter4,drift,seed19,10,12.515151515151516
hpmcounter4,drift,seed19,11,11.545454545454545
hpmcounter4,drift,seed19,12,11.0
hpmcounter4,drift,seed19,13,11.0
hpmcounter4,drift,seed19,14,11.0
hpmcounter4,drift,seed19,15,11.0
hpmcounter4,drift,seed19,16,11.0
hpmcounter4,drift,seed19,17,11.0
hpmcounter4,drift,seed19,18,11.0
hpmcounter4,drift,seed19,19,11.0
hpmcounter4,drift,seed19,20,11.0
hpmcounter4,drift,seed19,21,11.0
hpmcounter4,drift,seed19,22,11.0
hpmcounter4,drift,seed19,23,11.0
hpmcounter4,drift,seed19,24,11.0
hpmcounter4,drift,seed19,25,11.0
hpmcounter4,drift,seed19,26,11.0
hpmcounter4,drift,seed19,27,11.0
hpmcounter4,drift,seed19,28,11.0
hpmcounter4,drift,seed19,29,11.0
hpmcounter4,drift,seed19,30,11.0
hpmcounter4,drift,seed19,31,11.0
hpmcounter4,drift,seed19,32,11.0
hpmcounter4,drift,seed19,33,11.0
hpmcounter4,drift,seed19,34,11.0
hpmcounter4,drift,seed19,35,11.0
hpmcounter4,drift,seed19,36,11.0
hpmcounter4,drift,seed19,37,11.0
hpmcounter4,drift,seed19,38,11.0
hpmcounter4,drift,seed19,39,11.0
hpmcounter4,drift,seed19,40,11.0
hpmcounter4,drift,seed19,41,11.0
hpmcounter4,drift,seed19,42,11.0
hpmcounter4,drift,seed19,43,11.0
hpmcounter4,drift,seed19,44,11.0
hpmcounter4,drift,seed19,45,11.0
hpmcounter4,drift,seed19,46,11.0
hpmcounter4,drift,seed19,47,11.0
hpmcounter4,drift,seed19,48,11.0
hpmcounter4,drift,seed19,49,11.0
hpmcounter4,drift,seed19,50,11.0
hpmcounter4,drift,seed19,51,11.0
hpmcounter4,drift,seed19,52,11.0
hpmcounter4,drift,seed19,53,11.0
hpmcounter4,drift,seed19,54,11.0
hpmcounter4,drift,seed19,55,11.0
hpmcounter4,drift,seed19,56,11.0
hpmcounter4,drift,seed19,57,11.0
hpmcounter4,drift,seed19,58,11.0
hpmcounter4,drift,seed19,59,11.0
hpmcounter4,drift,seed19,60,11.0
hpmcounter4,drift,seed19,61,11.0
hpmcounter4,drift,seed19,62,11.0
hpmcounter4,drift,seed19,63,11.0
hpmcounter4,drift,seed19,64,11.0
hpmcounter4,drift,seed19,65,11.0
hpmcounter4,drift,seed19,66,11.0
hpmcounter4,drift,seed19,67,11.0
hpmcounter4,drift,seed19,68,11.0
hpmcounter4,drift,seed19,69,11.0
hpmcounter4,drift,seed19,70,11.0
hpmcounter4,drift,seed19,71,11.0
hpmcounter4,drift,seed19,72,11.0
hpmcounter4,drift,seed19,73,11.0
hpmcounter4,drift,seed19,74,11.0
hpmcounter4,drift,seed19,75,11.0
hpmcounter4,drift,seed19,76,11.0
hpmcounter4,drift,seed19,77,11.0
hpmcounter4,drift,seed19,78,11.545454545454545
hpmcounter4,drift,seed19,79,11.969696969696969
hpmcounter4,drift,seed19,80,12.272727272727273
hpmcounter4,drift,seed19,81,13.0
hpmcounter4,drift,seed19,82,14.030303030303031
hpmcounter4,drift,seed19,83,15.242424242424242
hpmcounter4,drift,seed19,84,15.969696969696969
hpmcounter4,drift,seed19,85,16.21212121212121
hpmcounter4,drift,seed19,86,15.969696969696969
hpmcounter4,drift,seed19,87,15.242424242424242
hpmcounter4,drift,seed19,88,14.696969696969697
hpmcounter4,drift,seed19,89,13.787878787878787
hpmcounter4,drift,seed19,90,12.515151515151516
hpmcounter4,drift,seed19,91,11.545454545454545
hpmcounter4,drift,seed19,92,11.0
hpmcounter4,drift,seed19,93,11.0
hpmcounter4,drift,seed19,94,11.0
hpmcounter4,drift,seed19,95,11.0
hpmcounter4,drift,seed19,96,11.0
hpmcounter4,drift,seed19,97,11.0
hpmcounter4,drift,seed19,98,11.0
hpmcounter4,drift,seed19,99,11.0
hpmcounter4,drift,seed19,100,11.0
hpmcounter4,drift,seed19,101,11.0
hpmcounter4,drift,seed19,102,11.0
hpmcounter4,drift,seed19,103,11.0
hpmcounter4,drift,seed19,104,11.0
hpmcounter4,drift,seed19,105,11.0
hpmcounter4,drift,seed19,106,11.0
hpmcounter4,drift,seed19,107,11.0
hpmcounter4,drift,seed19,108,11.0
hpmcounter4,drift,seed19,109,11.0
hpmcounter4,drift,seed19,110,11.0
hpmcounter4,drift,seed19,111,11.0
hpmcounter4,drift,seed19,112,11.0
hpmcounter4,drift,seed19,113,11.0
hpmcounter4,drift,seed19,114,11.0
hpmcounter4,drift,seed19,115,11.0
hpmcounter4,drift,seed19,116,11.0
hpmcounter4,drift,seed19,117,11.0
hpmcounter4,drift,seed19,118,11.0
hpmcounter4,drift,seed19,119,11.0
hpmcounter4,drift,seed19,120,11.0
hpmcounter4,drift,seed19,121,11.0
hpmcounter4,drift,seed19,122,11.0
hpmcounter4,drift,seed19,123,11.0
hpmcounter4,drift,seed19,124,11.0
hpmcounter4,drift,seed19,125,11.0
hpmcounter4,drift,seed19,126,11.0
hpmcounter4,drift,seed19,127,11.0
hpmcounter4,drift,seed19,128,11.0
hpmcounter4,drift,seed19,129,11.0
hpmcounter4,drift,seed19,130,11.0
hpmcounter4,drift,seed19,131,11.0
hpmcounter4,drift,seed19,132,11.0
hpmcounter4,drift,seed19,133,11.0
hpmcounter4,drift,seed19,134,11.0
hpmcounter4,drift,seed19,135,11.0
hpmcounter4,drift,seed19,136,11.0
hpmcounter4,drift,seed19,137,11.0
hpmcounter4,drift,seed19,138,11.0
hpmcounter4,drift,seed19,139,11.0
hpmcounter4,drift,seed19,140,11.0
hpmcounter4,drift,seed19,141,11.0
hpmcounter4,drift,seed19,142,11.0
hpmcounter4,drift,seed19,143,11.0
hpmcounter4,drift,seed19,144,11.0
hpmcounter4,drift,seed19,145,11.0
hpmcounter4,drift,seed19,146,11.0
hpmcounter4,drift,seed19,147,11.0
hpmcounter4,drift,seed19,148,11.0
hpmcounter4,drift,seed19,149,11.0
hpmcounter4,drift,seed19,150,11.0
hpmcounter4,drift,seed19,151,11.0
hpmcounter4,drift,seed19,152,11.0
hpmcounter4,drift,seed19,153,11.0
hpmcounter4,drift,seed19,154,11.0
hpmcounter4,drift,seed19,155,11.0
hpmcounter4,drift,seed19,156,11.0
hpmcounter4,drift,seed19,157,11.0
hpmcounter4,drift,seed19,158,11.0
hpmcounter4,drift,seed19,159,11.0
hpmcounter4,drift,seed19,160,11.545454545454545
hpmcounter4,drift,seed19,161,11.969696969696969
hpmcounter4,drift,seed19,162,12.818181818181818
hpmcounter4,drift,seed19,163,13.969696969696969
hpmcounter4,drift,seed19,164,15.303030303030303
hpmcounter4,drift,seed19,165,16.151515151515152
hpmcounter4,drift,seed19,166,16.515151515151516
hpmcounter4,drift,seed19,167,16.393939393939394
hpmcounter4,drift,seed19,168,15.787878787878787
hpmcounter4,drift,seed19,169,14.696969696969697
hpmcounter4,drift,seed19,170,13.787878787878787
hpmcounter4,drift,seed19,171,12.515151515151516
hpmcounter4,drift,seed19,172,11.545454545454545
hpmcounter4,drift,seed19,173,11.0
hpmcounter4,drift,seed19,174,11.0
hpmcounter4,drift,seed19,175,11.0
hpmcounter4,drift,seed19,176,11.0
hpmcounter4,drift,seed19,177,11.0
hpmcounter4,drift,seed19,178,11.0
hpmcounter4,drift,seed19,179,11.0
hpmcounter4,drift,seed19,180,11.0
hpmcounter4,drift,seed19,181,11.0
hpmcounter4,drift,seed19,182,11.0
hpmcounter4,drift,seed19,183,11.0
hpmcounter4,drift,seed19,184,11.0
hpmcounter4,drift,seed19,185,11.0
hpmcounter4,drift,seed19,186,11.0
hpmcounter4,drift,seed19,187,11.0
hpmcounter4,drift,seed19,188,11.0
hpmcounter4,drift,seed19,189,11.545454545454545
hpmcounter4,drift,seed19,190,12.515151515151516
hpmcounter4,drift,seed19,191,13.787878787878787
hpmcounter4,drift,seed19,192,14.696969696969697
hpmcounter4,drift,seed19,193,15.242424242424242
hpmcounter4,drift,seed19,194,15.424242424242424
hpmcounter4,drift,seed19,195,15.242424242424242
hpmcounter4,drift,seed19,196,14.696969696969697
hpmcounter4,drift,seed19,197,13.787878787878787
hpmcounter4,drift,seed19,198,12.515151515151516
hpmcounter4,drift,seed19,199,11.545454545454545
hpmcounter4,drift,seed19,200,11.0
hpmcounter4,drift,seed19,201,11.0
hpmcounter4,drift,seed19,202,11.0
hpmcounter4,drift,seed19,203,11.0
hpmcounter4,drift,seed19,204,11.0
hpmcounter4,drift,seed19,205,11.0
hpmcounter4,drift,seed19,206,11.0
hpmcounter4,drift,seed19,207,11.0
hpmcounter4,drift,seed19,208,11.0
hpmcounter4,drift,seed19,209,11.0
hpmcounter4,drift,seed19,210,11.0
hpmcounter4,drift,seed19,211,11.0
hpmcounter4,drift,seed19,212,11.0
hpmcounter4,drift,seed19,213,11.0
hpmcounter4,drift,seed19,214,11.0
hpmcounter4,drift,seed19,215,11.0
hpmcounter4,drift,seed19,216,11.0
hpmcounter4,drift,seed19,217,11.0
hpmcounter4,drift,seed19,218,11.0
hpmcounter4,drift,seed19,219,11.0
hpmcounter4,drift,seed19,220,11.0
hpmcounter4,drift,seed19,221,11.0
hpmcounter4,drift,seed19,222,11.0
hpmcounter4,drift,seed19,223,11.0
hpmcounter4,drift,seed19,224,11.0
hpmcounter4,drift,seed19,225,11.0
hpmcounter4,drift,seed19,226,11.0
hpmcounter4,drift,seed19,227,11.0
hpmcounter4,drift,seed19,228,11.0
hpmcounter4,drift,seed19,229,11.0
hpmcounter4,drift,seed19,230,11.0
hpmcounter4,drift,seed19,231,11.0
hpmcounter4,drift,seed19,232,11.0
hpmcounter4,drift,seed19,233,11.0
hpmcounter4,drift,seed19,234,11.0
hpmcounter4,drift,seed19,235,11.0
hpmcounter4,drift,seed19,236,11.0
hpmcounter4,drift,seed19,237,11.0
hpmcounter4,drift,seed19,238,11.0
hpmcounter4,drift,seed19,239,11.0
hpmcounter4,drift,seed19,240,11.0
hpmcounter4,drift,seed19,241,11.0
hpmcounter4,drift,seed19,242,11.0
hpmcounter4,drift,seed19,243,11.0
hpmcounter4,drift,seed19,244,11.0
hpmcounter4,drift,seed19,245,11.0
hpmcounter4,drift,seed19,246,11.0
hpmcounter4,drift,seed19,247,11.0
hpmcounter4,drift,seed19,248,11.0
hpmcounter4,drift,seed19,249,11.0
hpmcounter4,drift,seed19,250,11.0
hpmcounter4,drift,seed19,251,11.0
hpmcounter4,drift,seed19,252,11.0
hpmcounter4,drift,seed19,253,11.0
hpmcounter4,drift,seed19,254,11.0
hpmcounter4,drift,seed19,255,11.0
hpmcounter4,drift,seed19,256,11.0
hpmcounter4,drift,seed19,257,11.0
hpmcounter4,drift,seed19,258,11.0
hpmcounter4,drift,seed19,259,11.0
hpmcounter4,drift,seed19,260,11.0
hpmcounter4,drift,seed19,261,11.0
hpmcounter4,drift,seed19,262,11.0
hpmcounter4,drift,seed19,263,11.0
hpmcounter4,drift,seed19,264,11.0
hpmcounter4,drift,seed19,265,11.0
hpmcounter4,drift,seed19,266,11.0
hpmcounter4,drift,seed19,267,11.0
hpmcounter4,drift,seed19,268,11.0
hpmcounter4,drift,seed19,269,11.0
hpmcounter4,drift,seed19,270,11.0
hpmcounter4,drift,seed19,271,11.0
hpmcounter4,drift,seed19,272,11.0
hpmcounter4,drift,seed19,273,11.0
hpmcounter4,drift,seed19,274,11.0
hpmcounter4,drift,seed19,275,11.0
hpmcounter4,drift,seed19,276,11.0
hpmcounter4,drift,seed19,277,11.0
hpmcounter4,drift,seed19,278,11.0
hpmcounter4,drift,seed19,279,11.0
hpmcounter4,drift,seed19,280,11.0
hpmcounter4,drift,seed19,281,11.0
hpmcounter4,drift,seed19,282,11.0
hpmcounter4,drift,seed19,283,11.0
hpmcounter4,drift,seed19,284,11.0
hpmcounter4,drift,seed19,285,11.0
hpmcounter4,drift,seed19,286,11.0
hpmcounter4,drift,seed19,287,11.0
hpmcounter4,drift,seed19,288,11.0
hpmcounter4,drift,seed19,289,11.0
hpmcounter4,drift,seed19,290,11.0
hpmcounter4,drift,seed19,291,11.0
hpmcounter4,drift,seed19,292,11.0
hpmcounter4,drift,seed19,293,11.0
hpmcounter4,drift,seed19,294,11.0
hpmcounter4,drift,seed19,295,11.0
hpmcounter4,drift,seed19,296,11.0
hpmcounter4,drift,seed19,297,11.0
hpmcounter4,drift,seed19,298,11.0
hpmcounter4,drift,seed2,9,11.0
hpmcounter4,drift,seed2,10,11.0
hpmcounter4,drift,seed2,11,11.0
hpmcounter4,drift,seed2,12,11.0
hpmcounter4,drift,seed2,13,11.0
hpmcounter4,drift,seed2,14,11.0
hpmcounter4,drift,seed2,15,11.545454545454545
hpmcounter4,drift,seed2,16,11.969696969696969
hpmcounter4,drift,seed2,17,12.272727272727273
hpmcounter4,drift,seed2,18,12.454545454545455
hpmcounter4,drift,seed2,19,13.06060606060606
hpmcounter4,drift,seed2,20,13.969696969696969
hpmcounter4,drift,seed2,21,14.515151515151516
hpmcounter4,drift,seed2,22,14.696969696969697
hpmcounter4,drift,seed2,23,14.515151515151516
hpmcounter4,drift,seed2,24,13.969696969696969
hpmcounter4,drift,seed2,25,13.727272727272727
hpmcounter4,drift,seed2,26,13.242424242424242
hpmcounter4,drift,seed2,27,12.515151515151516
hpmcounter4,drift,seed2,28,11.545454545454545
hpmcounter4,drift,seed2,29,11.0
hpmcounter4,drift,seed2,30,11.0
hpmcounter4,drift,seed2,31,11.0
hpmcounter4,drift,seed2,32,11.0
hpmcounter4,drift,seed2,33,11.0
hpmcounter4,drift,seed2,34,11.0
hpmcounter4,drift,seed2,35,11.0
hpmcounter4,drift,seed2,36,11.0
hpmcounter4,drift,seed2,37,11.0
hpmcounter4,drift,seed2,38,11.0
hpmcounter4,drift,seed2,39,11.0
hpmcounter4,drift,seed2,40,11.0
hpmcounter4,drift,seed2,41,11.0
hpmcounter4,drift,seed2,42,11.0
hpmcounter4,drift,seed2,43,11.0
hpmcounter4,drift,seed2,44,11.0
hpmcounter4,drift,seed2,45,11.0
hpmcounter4,drift,seed2,46,11.0
hpmcounter4,drift,seed2,47,11.0
hpmcounter4,drift,seed2,48,11.0
hpmcounter4,drift,seed2,49,11.0
hpmcounter4,drift,seed2,50,11.0
hpmcounter4,drift,seed2,51,11.0
hpmcounter4,drift,seed2,52,11.0
hpmcounter4,drift,seed2,53,11.0
hpmcounter4,drift,seed2,54,11.0
hpmcounter4,drift,seed2,55,11.0
hpmcounter4,drift,seed2,56,11.0
hpmcounter4,drift,seed2,57,11.0
hpmcounter4,drift,seed2,58,11.0
hpmcounter4,drift,seed2,59,11.0
hpmcounter4,drift,seed2,60,11.0
hpmcounter4,drift,seed2,61,11.0
hpmcounter4,drift,seed2,62,11.0
hpmcounter4,drift,seed2,63,11.0
hpmcounter4,drift,seed2,64,11.0
hpmcounter4,drift,seed2,65,11.0
hpmcounter4,drift,seed2,66,11.0
hpmcounter4,drift,seed2,67,11.0
hpmcounter4,drift,seed2,68,11.0
hpmcounter4,drift,seed2,69,11.0
hpmcounter4,drift,seed2,70,11.0
hpmcounter4,drift,seed2,71,11.0
hpmcounter4,drift,seed2,72,11.0
hpmcounter4,drift,seed2,73,11.0
hpmcounter4,drift,seed2,74,11.0
hpmcounter4,drift,seed2,75,11.0
hpmcounter4,drift,seed2,76,11.0
hpmcounter4,drift,seed2,77,11.0
hpmcounter4,drift,seed2,78,11.0
hpmcounter4,drift,seed2,79,11.0
hpmcounter4,drift,seed2,80,11.0
hpmcounter4,drift,seed2,81,11.0
hpmcounter4,drift,seed2,82,11.0
hpmcounter4,drift,seed2,83,11.0
hpmcounter4,drift,seed2,84,11.0
hpmcounter4,drift,seed2,85,11.0
hpmcounter4,drift,seed2,86,11.0
hpmcounter4,drift,seed2,87,11.0
hpmcounter4,drift,seed2,88,11.0
hpmcounter4,drift,seed2,89,11.0
hpmcounter4,drift,seed2,90,11.0
hpmcounter4,drift,seed2,91,11.0
hpmcounter4,drift,seed2,92,11.0
hpmcounter4,drift,seed2,93,11.0
hpmcounter4,drift,seed2,94,11.0
hpmcounter4,drift,seed2,95,11.0
hpmcounter4,drift,seed2,96,11.0
hpmcounter4,drift,seed2,97,11.0
hpmcounter4,drift,seed2,98,11.0
hpmcounter4,drift,seed2,99,11.0
hpmcounter4,drift,seed2,100,11.0
hpmcounter4,drift,seed2,101,11.0
hpmcounter4,drift,seed2,102,11.0
hpmcounter4,drift,seed2,103,11.0
hpmcounter4,drift,seed2,104,11.0
hpmcounter4,drift,seed2,105,11.0
hpmcounter4,drift,seed2,106,11.0
hpmcounter4,drift,seed2,107,11.0
hpmcounter4,drift,seed2,108,11.0
hpmcounter4,drift,seed2,109,11.0
hpmcounter4,drift,seed2,110,11.0
hpmcounter4,drift,seed2,111,11.0
hpmcounter4,drift,seed2,112,11.0
hpmcounter4,drift,seed2,113,11.0
hpmcounter4,drift,seed2,114,11.0
hpmcounter4,drift,seed2,115,11.0
hpmcounter4,drift,seed2,116,11.0
hpmcounter4,drift,seed2,117,11.0
hpmcounter4,drift,seed2,118,11.0
hpmcounter4,drift,seed2,119,11.0
hpmcounter4,drift,seed2,120,11.0
hpmcounter4,drift,seed2,121,11.0
hpmcounter4,drift,seed2,122,11.0
hpmcounter4,drift,seed2,123,11.0
hpmcounter4,drift,seed2,124,11.0
hpmcounter4,drift,seed2,125,11.0
hpmcounter4,drift,seed2,126,11.0
hpmcounter4,drift,seed2,127,11.0
hpmcounter4,drift,seed2,128,11.0
hpmcounter4,drift,seed2,129,11.0
hpmcounter4,drift,seed2,130,11.0
hpmcounter4,drift,seed2,131,11.0
hpmcounter4,drift,seed2,132,11.0
hpmcounter4,drift,seed2,133,11.0
hpmcounter4,drift,seed2,134,11.0
hpmcounter4,drift,seed2,135,11.0
hpmcounter4,drift,seed2,136,11.0
hpmcounter4,drift,seed2,137,11.0
hpmcounter4,drift,seed2,138,11.0
hpmcounter4,drift,seed2,139,11.0
hpmcounter4,drift,seed2,140,11.0
hpmcounter4,drift,seed2,141,11.0
hpmcounter4,drift,seed2,142,11.0
hpmcounter4,drift,seed2,143,11.0
hpmcounter4,drift,seed2,144,11.0
hpmcounter4,drift,seed2,145,11.0
hpmcounter4,drift,seed2,146,11.0
hpmcounter4,drift,seed2,147,11.0
hpmcounter4,drift,seed2,148,11.545454545454545
hpmcounter4,drift,seed2,149,11.969696969696969
hpmcounter4,drift,seed2,150,12.272727272727273
hpmcounter4,drift,seed2,151,13.0
hpmcounter4,drift,seed2,152,14.030303030303031
hpmcounter4,drift,seed2,153,15.242424242424242
hpmcounter4,drift,seed2,154,16.515151515151516
hpmcounter4,drift,seed2,155,17.727272727272727
hpmcounter4,drift,seed2,156,18.21212121212121
hpmcounter4,drift,seed2,157,17.96969696969697
hpmcounter4,drift,seed2,158,17.666666666666668
hpmcounter4,drift,seed2,159,16.757575757575758
hpmcounter4,drift,seed2,160,15.242424242424242
hpmcounter4,drift,seed2,161,13.787878787878787
hpmcounter4,drift,seed2,162,12.515151515151516
hpmcounter4,drift,seed2,163,11.545454545454545
hpmcounter4,drift,seed2,164,11.0
hpmcounter4,drift,seed2,165,11.0
hpmcounter4,drift,seed2,166,11.0
hpmcounter4,drift,seed2,167,11.0
hpmcounter4,drift,seed2,168,11.0
hpmcounter4,drift,seed2,169,11.0
hpmcounter4,drift,seed2,170,11.0
hpmcounter4,drift,seed2,171,11.0
hpmcounter4,drift,seed2,172,11.0
hpmcounter4,drift,seed2,173,11.545454545454545
hpmcounter4,drift,seed2,174,12.515151515151516
hpmcounter4,drift,seed2,175,13.787878787878787
hpmcounter4,drift,seed2,176,15.242424242424242
hpmcounter4,drift,seed2,177,16.21212121212121
hpmcounter4,drift,seed2,178,16.696969696969695
hpmcounter4,drift,seed2,179,16.696969696969695
hpmcounter4,drift,seed2,180,16.21212121212121
hpmcounter4,drift,seed2,181,15.242424242424242
hpmcounter4,drift,seed2,182,13.787878787878787
hpmcounter4,drift,seed2,183,12.515151515151516
hpmcounter4,drift,seed2,184,11.545454545454545
hpmcounter4,drift,seed2,185,11.0
hpmcounter4,drift,seed2,186,11.0
hpmcounter4,drift,seed2,187,11.0
hpmcounter4,drift,seed2,188,11.0
hpmcounter4,drift,seed2,189,11.0
hpmcounter4,drift,seed2,190,11.0
hpmcounter4,drift,seed2,191,11.0
hpmcounter4,drift,seed2,192,11.0
hpmcounter4,drift,seed2,193,11.0
hpmcounter4,drift,seed2,194,11.0
hpmcounter4,drift,seed2,195,11.0
hpmcounter4,drift,seed2,196,11.0
hpmcounter4,drift,seed2,197,11.0
hpmcounter4,drift,seed2,198,11.0
hpmcounter4,drift,seed2,199,11.0
hpmcounter4,drift,seed2,200,11.0
hpmcounter4,drift,seed2,201,11.0
hpmcounter4,drift,seed2,202,11.0
hpmcounter4,drift,seed2,203,11.0
hpmcounter4,drift,seed2,204,11.0
hpmcounter4,drift,seed2,205,11.0
hpmcounter4,drift,seed2,206,11.0
hpmcounter4,drift,seed2,207,11.0
hpmcounter4,drift,seed2,208,11.0
hpmcounter4,drift,seed2,209,11.0
hpmcounter4,drift,seed2,210,11.0
hpmcounter4,drift,seed2,211,11.0
hpmcounter4,drift,seed2,212,11.0
hpmcounter4,drift,seed2,213,11.0
hpmcounter4,drift,seed2,214,11.0
hpmcounter4,drift,seed2,215,11.0
hpmcounter4,drift,seed2,216,11.0
hpmcounter4,drift,seed2,217,11.0
hpmcounter4,drift,seed2,218,11.0
hpmcounter4,drift,seed2,219,11.0
hpmcounter4,drift,seed2,220,11.0
hpmcounter4,drift,seed2,221,11.0
hpmcounter4,drift,seed2,222,11.0
hpmcounter4,drift,seed2,223,11.0
hpmcounter4,drift,seed2,224,11.0
hpmcounter4,drift,seed2,225,11.0
hpmcounter4,drift,seed2,226,11.0
hpmcounter4,drift,seed2,227,11.0
hpmcounter4,drift,seed2,228,11.0
hpmcounter4,drift,seed2,229,11.0
hpmcounter4,drift,seed2,230,11.0
hpmcounter4,drift,seed2,231,11.0
hpmcounter4,drift,seed2,232,11.0
hpmcounter4,drift,seed2,233,11.0
hpmcounter4,drift,seed2,234,11.0
hpmcounter4,drift,seed2,235,11.0
hpmcounter4,drift,seed2,236,11.0
hpmcounter4,drift,seed2,237,11.0
hpmcounter4,drift,seed2,238,11.0
hpmcounter4,drift,seed2,239,11.0
hpmcounter4,drift,seed2,240,11.0
hpmcounter4,drift,seed2,241,11.0
hpmcounter4,drift,seed2,242,11.0
hpmcounter4,drift,seed2,243,11.0
hpmcounter4,drift,seed2,244,11.0
hpmcounter4,drift,seed2,245,11.0
hpmcounter4,drift,seed2,246,11.0
hpmcounter4,drift,seed2,247,11.0
hpmcounter4,drift,seed2,248,11.0
hpmcounter4,drift,seed2,249,11.0
hpmcounter4,drift,seed2,250,11.0
hpmcounter4,drift,seed2,251,11.0
hpmcounter4,drift,seed2,252,11.0
hpmcounter4,drift,seed2,253,11.0
hpmcounter4,drift,seed2,254,11.0
hpmcounter4,drift,seed2,255,11.0
hpmcounter4,drift,seed2,256,11.0
hpmcounter4,drift,seed2,257,11.0
hpmcounter4,drift,seed2,258,11.0
hpmcounter4,drift,seed2,259,11.0
hpmcounter4,drift,seed2,260,11.0
hpmcounter4,drift,seed2,261,11.0
hpmcounter4,drift,seed2,262,11.0
hpmcounter4,drift,seed2,263,11.0
hpmcounter4,drift,seed2,264,11.0
hpmcounter4,drift,seed2,265,11.0
hpmcounter4,drift,seed2,266,11.0
hpmcounter4,drift,seed2,267,11.0
hpmcounter4,drift,seed2,268,11.0
hpmcounter4,drift,seed2,269,11.0
hpmcounter4,drift,seed2,270,11.0
hpmcounter4,drift,seed2,271,11.0
hpmcounter4,drift,seed2,272,11.0
hpmcounter4,drift,seed2,273,11.0
hpmcounter4,drift,seed2,274,11.0
hpmcounter4,drift,seed2,275,11.0
hpmcounter4,drift,seed2,276,11.0
hpmcounter4,drift,seed2,277,11.0
hpmcounter4,drift,seed2,278,11.0
hpmcounter4,drift,seed2,279,11.0
hpmcounter4,drift,seed2,280,11.0
hpmcounter4,drift,seed2,281,11.0
hpmcounter4,drift,seed2,282,11.0
hpmcounter4,drift,seed2,283,11.0
hpmcounter4,drift,seed2,284,11.0
hpmcounter4,drift,seed2,285,11.0
hpmcounter4,drift,seed2,286,11.0
hpmcounter4,drift,seed2,287,11.0
hpmcounter4,drift,seed2,288,11.0
hpmcounter4,drift,seed2,289,11.0
hpmcounter4,drift,seed2,290,11.0
hpmcounter4,drift,seed2,291,11.0
hpmcounter4,drift,seed2,292,11.0
hpmcounter4,drift,seed2,293,11.0
hpmcounter4,drift,seed2,294,11.0
hpmcounter4,drift,seed2,295,11.0
hpmcounter4,drift,seed2,296,11.0
hpmcounter4,drift,seed2,297,11.0
hpmcounter4,drift,seed2,298,11.0
hpmcounter4,drift,seed20,9,19.90909090909091
hpmcounter4,drift,seed20,10,19.484848484848484
hpmcounter4,drift,seed20,11,18.21212121212121
hpmcounter4,drift,seed20,12,16.757575757575758
hpmcounter4,drift,seed20,13,15.242424242424242
hpmcounter4,drift,seed20,14,13.787878787878787
hpmcounter4,drift,seed20,15,12.515151515151516
hpmcounter4,drift,seed20,16,11.545454545454545
hpmcounter4,drift,seed20,17,11.0
hpmcounter4,drift,seed20,18,11.0
hpmcounter4,drift,seed20,19,11.0
hpmcounter4,drift,seed20,20,11.0
hpmcounter4,drift,seed20,21,11.0
hpmcounter4,drift,seed20,22,11.0
hpmcounter4,drift,seed20,23,11.0
hpmcounter4,drift,seed20,24,11.0
hpmcounter4,drift,seed20,25,11.0
hpmcounter4,drift,seed20,26,11.0
hpmcounter4,drift,seed20,27,11.0
hpmcounter4,drift,seed20,28,11.0
hpmcounter4,drift,seed20,29,11.0
hpmcounter4,drift,seed20,30,11.0
hpmcounter4,drift,seed20,31,11.0
hpmcounter4,drift,seed20,32,11.0
hpmcounter4,drift,seed20,33,11.0
hpmcounter4,drift,seed20,34,11.0
hpmcounter4,drift,seed20,35,11.0
hpmcounter4,drift,seed20,36,11.0
hpmcounter4,drift,seed20,37,11.0
hpmcounter4,drift,seed20,38,11.0
hpmcounter4,drift,seed20,39,11.0
hpmcounter4,drift,seed20,40,11.0
hpmcounter4,drift,seed20,41,11.0
hpmcounter4,drift,seed20,42,11.0
hpmcounter4,drift,seed20,43,11.0
hpmcounter4,drift,seed20,44,11.0
hpmcounter4,drift,seed20,45,11.0
hpmcounter4,drift,seed20,46,11.545454545454545
hpmcounter4,drift,seed20,47,12.515151515151516
hpmcounter4,drift,seed20,48,13.787878787878787
hpmcounter4,drift,seed20,49,15.242424242424242
hpmcounter4,drift,seed20,50,16.21212121212121
hpmcounter4,drift,seed20,51,16.696969696969695
hpmcounter4,drift,seed20,52,16.696969696969695
hpmcounter4,drift,seed20,53,16.21212121212121
hpmcounter4,drift,seed20,54,15.242424242424242
hpmcounter4,drift,seed20,55,13.787878787878787
hpmcounter4,drift,seed20,56,12.515151515151516
hpmcounter4,drift,seed20,57,11.545454545454545
hpmcounter4,drift,seed20,58,11.0
hpmcounter4,drift,seed20,59,11.0
hpmcounter4,drift,seed20,60,11.0
hpmcounter4,drift,seed20,61,11.0
hpmcounter4,drift,seed20,62,11.0
hpmcounter4,drift,seed20,63,11.0
hpmcounter4,drift,seed20,64,11.0
hpmcounter4,drift,seed20,65,11.0
hpmcounter4,drift,seed20,66,11.0
hpmcounter4,drift,seed20,67,11.0
hpmcounter4,drift,seed20,68,11.0
hpmcounter4,drift,seed20,69,11.0
hpmcounter4,drift,seed20,70,11.0
hpmcounter4,drift,seed20,71,11.0
hpmcounter4,drift,seed20,72,11.0
hpmcounter4,drift,seed20,73,11.0
hpmcounter4,drift,seed20,74,11.0
hpmcounter4,drift,seed20,75,11.0
hpmcounter4,drift,seed20,76,11.0
hpmcounter4,drift,seed20,77,11.0
hpmcounter4,drift,seed20,78,11.0
hpmcounter4,drift,seed20,79,11.0
hpmcounter4,drift,seed20,80,11.0
hpmcounter4,drift,seed20,81,11.0
hpmcounter4,drift,seed20,82,11.0
hpmcounter4,drift,seed20,83,11.0
hpmcounter4,drift,seed20,84,11.0
hpmcounter4,drift,seed20,85,11.0
hpmcounter4,drift,seed20,86,11.0
hpmcounter4,drift,seed20,87,11.0
hpmcounter4,drift,seed20,88,11.0
hpmcounter4,drift,seed20,89,11.0
hpmcounter4,drift,seed20,90,11.0
hpmcounter4,drift,seed20,91,11.0
hpmcounter4,drift,seed20,92,11.0
hpmcounter4,drift,seed20,93,11.0
hpmcounter4,drift,seed20,94,11.0
hpmcounter4,drift,seed20,95,11.0
hpmcounter4,drift,seed20,96,11.0
hpmcounter4,drift,seed20,97,11.0
hpmcounter4,drift,seed20,98,11.0
hpmcounter4,drift,seed20,99,11.0
hpmcounter4,drift,seed20,100,11.0
hpmcounter4,drift,seed20,101,11.0
hpmcounter4,drift,seed20,102,11.0
hpmcounter4,drift,seed20,103,11.0
hpmcounter4,drift,seed20,104,11.0
hpmcounter4,drift,seed20,105,11.0
hpmcounter4,drift,seed20,106,11.0
hpmcounter4,drift,seed20,107,11.0
hpmcounter4,drift,seed20,108,11.0
hpmcounter4,drift,seed20,109,11.0
hpmcounter4,drift,seed20,110,11.0
hpmcounter4,drift,seed20,111,11.0
hpmcounter4,drift,seed20,112,11.0
hpmcounter4,drift,seed20,113,11.0
hpmcounter4,drift,seed20,114,11.0
hpmcounter4,drift,seed20,115,11.0
hpmcounter4,drift,seed20,116,11.0
hpmcounter4,drift,seed20,117,11.0
hpmcounter4,drift,seed20,118,11.0
hpmcounter4,drift,seed20,119,11.0
hpmcounter4,drift,seed20,120,11.0
hpmcounter4,drift,seed20,121,11.0
hpmcounter4,drift,seed20,122,11.0
hpmcounter4,drift,seed20,123,11.0
hpmcounter4,drift,seed20,124,11.0
hpmcounter4,drift,seed20,125,11.0
hpmcounter4,drift,seed20,126,11.0
hpmcounter4,drift,seed20,127,11.545454545454545
hpmcounter4,drift,seed20,128,11.969696969696969
hpmcounter4,drift,seed20,129,12.272727272727273
hpmcounter4,drift,seed20,130,12.454545454545455
hpmcounter4,drift,seed20,131,12.515151515151516
hpmcounter4,drift,seed20,132,12.454545454545455
hpmcounter4,drift,seed20,133,12.272727272727273
hpmcounter4,drift,seed20,134,11.969696969696969
hpmcounter4,drift,seed20,135,11.545454545454545
hpmcounter4,drift,seed20,136,11.0
hpmcounter4,drift,seed20,137,11.0
hpmcounter4,drift,seed20,138,11.0
hpmcounter4,drift,seed20,139,11.0
hpmcounter4,drift,seed20,140,11.0
hpmcounter4,drift,seed20,141,11.0
hpmcounter4,drift,seed20,142,11.0
hpmcounter4,drift,seed20,143,11.0
hpmcounter4,drift,seed20,144,11.0
hpmcounter4,drift,seed20,145,11.0
hpmcounter4,drift,seed20,146,11.0
hpmcounter4,drift,seed20,147,11.0
hpmcounter4,drift,seed20,148,11.0
hpmcounter4,drift,seed20,149,11.0
hpmcounter4,drift,seed20,150,11.0
hpmcounter4,drift,seed20,151,11.0
hpmcounter4,drift,seed20,152,11.0
hpmcounter4,drift,seed20,153,11.0
hpmcounter4,drift,seed20,154,11.0
hpmcounter4,drift,seed20,155,11.0
hpmcounter4,drift,seed20,156,11.0
hpmcounter4,drift,seed20,157,11.0
hpmcounter4,drift,seed20,158,11.545454545454545
hpmcounter4,drift,seed20,159,12.515151515151516
hpmcounter4,drift,seed20,160,13.787878787878787
hpmcounter4,drift,seed20,161,14.696969696969697
hpmcounter4,drift,seed20,162,15.242424242424242
hpmcounter4,drift,seed20,163,15.424242424242424
hpmcounter4,drift,seed20,164,15.242424242424242
hpmcounter4,drift,seed20,165,14.696969696969697
hpmcounter4,drift,seed20,166,13.787878787878787
hpmcounter4,drift,seed20,167,12.515151515151516
hpmcounter4,drift,seed20,168,11.545454545454545
hpmcounter4,drift,seed20,169,11.0
hpmcounter4,drift,seed20,170,11.0
hpmcounter4,drift,seed20,171,11.0
hpmcounter4,drift,seed20,172,11.0
hpmcounter4,drift,seed20,173,11.0
hpmcounter4,drift,seed20,174,11.0
hpmcounter4,drift,seed20,175,11.0
hpmcounter4,drift,seed20,176,11.0
hpmcounter4,drift,seed20,177,11.545454545454545
hpmcounter4,drift,seed20,178,11.969696969696969
hpmcounter4,drift,seed20,179,12.272727272727273
hpmcounter4,drift,seed20,180,12.454545454545455
hpmcounter4,drift,seed20,181,12.515151515151516
hpmcounter4,drift,seed20,182,12.454545454545455
hpmcounter4,drift,seed20,183,12.272727272727273
hpmcounter4,drift,seed20,184,11.969696969696969
hpmcounter4,drift,seed20,185,11.545454545454545
hpmcounter4,drift,seed20,186,11.0
hpmcounter4,drift,seed20,187,11.0
hpmcounter4,drift,seed20,188,11.0
hpmcounter4,drift,seed20,189,11.0
hpmcounter4,drift,seed20,190,11.0
hpmcounter4,drift,seed20,191,11.0
hpmcounter4,drift,seed20,192,11.0
hpmcounter4,drift,seed20,193,11.0
hpmcounter4,drift,seed20,194,11.0
hpmcounter4,drift,seed20,195,11.0
hpmcounter4,drift,seed20,196,11.0
hpmcounter4,drift,seed20,197,11.0
hpmcounter4,drift,seed20,198,11.0
hpmcounter4,drift,seed20,199,11.0
hpmcounter4,drift,seed20,200,11.0
hpmcounter4,drift,seed20,201,11.0
hpmcounter4,drift,seed20,202,11.0
hpmcounter4,drift,seed20,203,11.0
hpmcounter4,drift,seed20,204,11.0
hpmcounter4,drift,seed20,205,11.0
hpmcounter4,drift,seed20,206,11.0
hpmcounter4,drift,seed20,207,11.0
hpmcounter4,drift,seed20,208,11.0
hpmcounter4,drift,seed20,209,11.0
hpmcounter4,drift,seed20,210,11.0
hpmcounter4,drift,seed20,211,11.0
hpmcounter4,drift,seed20,212,11.0
hpmcounter4,drift,seed20,213,11.0
hpmcounter4,drift,seed20,214,11.0
hpmcounter4,drift,seed20,215,11.0
hpmcounter4,drift,seed20,216,11.0
hpmcounter4,drift,seed20,217,11.0
hpmcounter4,drift,seed20,218,11.545454545454545
hpmcounter4,drift,seed20,219,11.969696969696969
hpmcounter4,drift,seed20,220,12.272727272727273
hpmcounter4,drift,seed20,221,12.454545454545455
hpmcounter4,drift,seed20,222,12.515151515151516
hpmcounter4,drift,seed20,223,12.454545454545455
hpmcounter4,drift,seed20,224,12.272727272727273
hpmcounter4,drift,seed20,225,11.969696969696969
hpmcounter4,drift,seed20,226,11.545454545454545
hpmcounter4,drift,seed20,227,11.0
hpmcounter4,drift,seed20,228,11.0
hpmcounter4,drift,seed20,229,11.0
hpmcounter4,drift,seed20,230,11.0
hpmcounter4,drift,seed20,231,11.0
hpmcounter4,drift,seed20,232,11.0
hpmcounter4,drift,seed20,233,11.0
hpmcounter4,drift,seed20,234,11.0
hpmcounter4,drift,seed20,235,11.0
hpmcounter4,drift,seed20,236,11.0
hpmcounter4,drift,seed20,237,11.0
hpmcounter4,drift,seed20,238,11.0
hpmcounter4,drift,seed20,239,11.0
hpmcounter4,drift,seed20,240,11.0
hpmcounter4,drift,seed20,241,11.0
hpmcounter4,drift,seed20,242,11.0
hpmcounter4,drift,seed20,243,11.0
hpmcounter4,drift,seed20,244,11.0
hpmcounter4,drift,seed20,245,11.0
hpmcounter4,drift,seed20,246,11.0
hpmcounter4,drift,seed20,247,11.0
hpmcounter4,drift,seed20,248,11.0
hpmcounter4,drift,seed20,249,11.0
hpmcounter4,drift,seed20,250,11.0
hpmcounter4,drift,seed20,251,11.0
hpmcounter4,drift,seed20,252,11.0
hpmcounter4,drift,seed20,253,11.545454545454545
hpmcounter4,drift,seed20,254,12.515151515151516
hpmcounter4,drift,seed20,255,13.787878787878787
hpmcounter4,drift,seed20,256,15.242424242424242
hpmcounter4,drift,seed20,257,16.21212121212121
hpmcounter4,drift,seed20,258,16.696969696969695
hpmcounter4,drift,seed20,259,16.696969696969695
hpmcounter4,drift,seed20,260,16.757575757575758
hpmcounter4,drift,seed20,261,16.757575757575758
hpmcounter4,drift,seed20,262,16.03030303030303
hpmcounter4,drift,seed20,263,15.242424242424242
hpmcounter4,drift,seed20,264,14.515151515151516
hpmcounter4,drift,seed20,265,13.969696969696969
hpmcounter4,drift,seed20,266,13.727272727272727
hpmcounter4,drift,seed20,267,13.242424242424242
hpmcounter4,drift,seed20,268,12.515151515151516
hpmcounter4,drift,seed20,269,11.545454545454545
hpmcounter4,drift,seed20,270,11.0
hpmcounter4,drift,seed20,271,11.0
hpmcounter4,drift,seed20,272,11.0
hpmcounter4,drift,seed20,273,11.0
hpmcounter4,drift,seed20,274,11.0
hpmcounter4,drift,seed20,275,11.0
hpmcounter4,drift,seed20,276,11.0
hpmcounter4,drift,seed20,277,11.0
hpmcounter4,drift,seed20,278,11.0
hpmcounter4,drift,seed20,279,11.0
hpmcounter4,drift,seed20,280,11.0
hpmcounter4,drift,seed20,281,11.0
hpmcounter4,drift,seed20,282,11.0
hpmcounter4,drift,seed20,283,11.0
hpmcounter4,drift,seed20,284,11.0
hpmcounter4,drift,seed20,285,11.0
hpmcounter4,drift,seed20,286,11.0
hpmcounter4,drift,seed20,287,11.0
hpmcounter4,drift,seed20,288,11.0
hpmcounter4,drift,seed20,289,11.0
hpmcounter4,drift,seed20,290,11.0
hpmcounter4,drift,seed20,291,11.0
hpmcounter4,drift,seed20,292,11.0
hpmcounter4,drift,seed20,293,11.0
hpmcounter4,drift,seed20,294,11.0
hpmcounter4,drift,seed20,295,11.0
hpmcounter4,drift,seed20,296,11.0
hpmcounter4,drift,seed20,297,11.0
hpmcounter4,drift,seed20,298,11.0
hpmcounter4,drift,seed3,9,11.0
hpmcounter4,drift,seed3,10,11.0
hpmcounter4,drift,seed3,11,11.0
hpmcounter4,drift,seed3,12,11.0
hpmcounter4,drift,seed3,13,11.0
hpmcounter4,drift,seed3,14,11.0
hpmcounter4,drift,seed3,15,11.0
hpmcounter4,drift,seed3,16,11.0
hpmcounter4,drift,seed3,17,11.0
hpmcounter4,drift,seed3,18,11.0
hpmcounter4,drift,seed3,19,11.0
hpmcounter4,drift,seed3,20,11.545454545454545
hpmcounter4,drift,seed3,21,11.969696969696969
hpmcounter4,drift,seed3,22,12.272727272727273
hpmcounter4,drift,seed3,23,13.0
hpmcounter4,drift,seed3,24,13.484848484848484
hpmcounter4,drift,seed3,25,14.272727272727273
hpmcounter4,drift,seed3,26,14.696969696969697
hpmcounter4,drift,seed3,27,14.757575757575758
hpmcounter4,drift,seed3,28,14.454545454545455
hpmcounter4,drift,seed3,29,13.787878787878787
hpmcounter4,drift,seed3,30,13.424242424242424
hpmcounter4,drift,seed3,31,12.818181818181818
hpmcounter4,drift,seed3,32,11.969696969696969
hpmcounter4,drift,seed3,33,11.545454545454545
hpmcounter4,drift,seed3,34,11.0
hpmcounter4,drift,seed3,35,11.0
hpmcounter4,drift,seed3,36,11.0
hpmcounter4,drift,seed3,37,11.0
hpmcounter4,drift,seed3,38,11.0
hpmcounter4,drift,seed3,39,11.0
hpmcounter4,drift,seed3,40,11.0
hpmcounter4,drift,seed3,41,11.0
hpmcounter4,drift,seed3,42,11.0
hpmcounter4,drift,seed3,43,11.0
hpmcounter4,drift,seed3,44,11.0
hpmcounter4,drift,seed3,45,11.0
hpmcounter4,drift,seed3,46,11.0
hpmcounter4,drift,seed3,47,11.0
hpmcounter4,drift,seed3,48,11.0
hpmcounter4,drift,seed3,49,11.0
hpmcounter4,drift,seed3,50,11.0
hpmcounter4,drift,seed3,51,11.0
hpmcounter4,drift,seed3,52,11.0
hpmcounter4,drift,seed3,53,11.0
hpmcounter4,drift,seed3,54,11.0
hpmcounter4,drift,seed3,55,11.0
hpmcounter4,drift,seed3,56,11.0
hpmcounter4,drift,seed3,57,11.0
hpmcounter4,drift,seed3,58,11.0
hpmcounter4,drift,seed3,59,11.0
hpmcounter4,drift,seed3,60,11.0
hpmcounter4,drift,seed3,61,11.0
hpmcounter4,drift,seed3,62,11.0
hpmcounter4,drift,seed3,63,11.0
hpmcounter4,drift,seed3,64,11.0
hpmcounter4,drift,seed3,65,11.0
hpmcounter4,drift,seed3,66,11.0
hpmcounter4,drift,seed3,67,11.0
hpmcounter4,drift,seed3,68,11.0
hpmcounter4,drift,seed3,69,11.0
hpmcounter4,drift,seed3,70,11.0
hpmcounter4,drift,seed3,71,11.0
hpmcounter4,drift,seed3,72,11.0
hpmcounter4,drift,seed3,73,11.0
hpmcounter4,drift,seed3,74,11.0
hpmcounter4,drift,seed3,75,11.0
hpmcounter4,drift,seed3,76,11.0
hpmcounter4,drift,seed3,77,11.0
hpmcounter4,drift,seed3,78,11.0
hpmcounter4,drift,seed3,79,11.0
hpmcounter4,drift,seed3,80,11.0
hpmcounter4,drift,seed3,81,11.0
hpmcounter4,drift,seed3,82,11.0
hpmcounter4,drift,seed3,83,11.0
hpmcounter4,drift,seed3,84,11.0
hpmcounter4,drift,seed3,85,11.0
hpmcounter4,drift,seed3,86,11.0
hpmcounter4,drift,seed3,87,11.0
hpmcounter4,drift,seed3,88,11.0
hpmcounter4,drift,seed3,89,11.0
hpmcounter4,drift,seed3,90,11.0
hpmcounter4,drift,seed3,91,11.0
hpmcounter4,drift,seed3,92,11.0
hpmcounter4,drift,seed3,93,11.0
hpmcounter4,drift,seed3,94,11.0
hpmcounter4,drift,seed3,95,11.0
hpmcounter4,drift,seed3,96,11.0
hpmcounter4,drift,seed3,97,11.0
hpmcounter4,drift,seed3,98,11.0
hpmcounter4,drift,seed3,99,11.0
hpmcounter4,drift,seed3,100,11.0
hpmcounter4,drift,seed3,101,11.0
hpmcounter4,drift,seed3,102,11.0
hpmcounter4,drift,seed3,103,11.0
hpmcounter4,drift,seed3,104,11.0
hpmcounter4,drift,seed3,105,11.0
hpmcounter4,drift,seed3,106,11.0
hpmcounter4,drift,seed3,107,11.0
hpmcounter4,drift,seed3,108,11.0
hpmcounter4,drift,seed3,109,11.0
hpmcounter4,drift,seed3,110,11.0
hpmcounter4,drift,seed3,111,11.0
hpmcounter4,drift,seed3,112,11.0
hpmcounter4,drift,seed3,113,11.0
hpmcounter4,drift,seed3,114,11.0
hpmcounter4,drift,seed3,115,11.0
hpmcounter4,drift,seed3,116,11.0
hpmcounter4,drift,seed3,117,11.0
hpmcounter4,drift,seed3,118,11.0
hpmcounter4,drift,seed3,119,11.0
hpmcounter4,drift,seed3,120,11.0
hpmcounter4,drift,seed3,121,11.0
hpmcounter4,drift,seed3,122,11.0
hpmcounter4,drift,seed3,123,11.0
hpmcounter4,drift,seed3,124,11.0
hpmcounter4,drift,seed3,125,11.0
hpmcounter4,drift,seed3,126,11.0
hpmcounter4,drift,seed3,127,11.0
hpmcounter4,drift,seed3,128,11.0
hpmcounter4,drift,seed3,129,11.0
hpmcounter4,drift,seed3,130,11.0
hpmcounter4,drift,seed3,131,11.0
hpmcounter4,drift,seed3,132,11.545454545454545
hpmcounter4,drift,seed3,133,11.969696969696969
hpmcounter4,drift,seed3,134,12.272727272727273
hpmcounter4,drift,seed3,135,12.454545454545455
hpmcounter4,drift,seed3,136,12.515151515151516
hpmcounter4,drift,seed3,137,13.0
hpmcounter4,drift,seed3,138,13.242424242424242
hpmcounter4,drift,seed3,139,13.242424242424242
hpmcounter4,drift,seed3,140,13.0
hpmcounter4,drift,seed3,141,12.515151515151516
hpmcounter4,drift,seed3,142,12.454545454545455
hpmcounter4,drift,seed3,143,12.272727272727273
hpmcounter4,drift,seed3,144,11.969696969696969
hpmcounter4,drift,seed3,145,11.545454545454545
hpmcounter4,drift,seed3,146,11.0
hpmcounter4,drift,seed3,147,11.0
hpmcounter4,drift,seed3,148,11.0
hpmcounter4,drift,seed3,149,11.0
hpmcounter4,drift,seed3,150,11.0
hpmcounter4,drift,seed3,151,11.0
hpmcounter4,drift,seed3,152,11.0
hpmcounter4,drift,seed3,153,11.0
hpmcounter4,drift,seed3,154,11.0
hpmcounter4,drift,seed3,155,11.0
hpmcounter4,drift,seed3,156,11.0
hpmcounter4,drift,seed3,157,11.0
hpmcounter4,drift,seed3,158,11.0
hpmcounter4,drift,seed3,159,11.0
hpmcounter4,drift,seed3,160,11.0
hpmcounter4,drift,seed3,161,11.0
hpmcounter4,drift,seed3,162,11.0
hpmcounter4,drift,seed3,163,11.0
hpmcounter4,drift,seed3,164,11.0
hpmcounter4,drift,seed3,165,11.0
hpmcounter4,drift,seed3,166,11.0
hpmcounter4,drift,seed3,167,11.0
hpmcounter4,drift,seed3,168,11.545454545454545
hpmcounter4,drift,seed3,169,12.515151515151516
hpmcounter4,drift,seed3,170,13.787878787878787
hpmcounter4,drift,seed3,171,15.242424242424242
hpmcounter4,drift,seed3,172,16.757575757575758
hpmcounter4,drift,seed3,173,18.21212121212121
hpmcounter4,drift,seed3,174,19.484848484848484
hpmcounter4,drift,seed3,175,20.454545454545453
hpmcounter4,drift,seed3,176,20.454545454545453
hpmcounter4,drift,seed3,177,19.484848484848484
hpmcounter4,drift,seed3,178,18.21212121212121
hpmcounter4,drift,seed3,179,16.757575757575758
hpmcounter4,drift,seed3,180,15.242424242424242
hpmcounter4,drift,seed3,181,14.333333333333334
hpmcounter4,drift,seed3,182,13.484848484848484
hpmcounter4,drift,seed3,183,12.818181818181818
hpmcounter4,drift,seed3,184,12.454545454545455
hpmcounter4,drift,seed3,185,12.515151515151516
hpmcounter4,drift,seed3,186,13.0
hpmcounter4,drift,seed3,187,13.787878787878787
hpmcounter4,drift,seed3,188,14.212121212121213
hpmcounter4,drift,seed3,189,14.818181818181818
hpmcounter4,drift,seed3,190,14.93939393939394
hpmcounter4,drift,seed3,191,15.242424242424242
hpmcounter4,drift,seed3,192,15.181818181818182
hpmcounter4,drift,seed3,193,14.757575757575758
hpmcounter4,drift,seed3,194,13.969696969696969
hpmcounter4,drift,seed3,195,12.818181818181818
hpmcounter4,drift,seed3,196,11.969696969696969
hpmcounter4,drift,seed3,197,11.545454545454545
hpmcounter4,drift,seed3,198,11.0
hpmcounter4,drift,seed3,199,11.0
hpmcounter4,drift,seed3,200,11.0
hpmcounter4,drift,seed3,201,11.0
hpmcounter4,drift,seed3,202,11.0
hpmcounter4,drift,seed3,203,11.0
hpmcounter4,drift,seed3,204,11.0
hpmcounter4,drift,seed3,205,11.0
hpmcounter4,drift,seed3,206,11.0
hpmcounter4,drift,seed3,207,11.0
hpmcounter4,drift,seed3,208,11.0
hpmcounter4,drift,seed3,209,11.0
hpmcounter4,drift,seed3,210,11.0
hpmcounter4,drift,seed3,211,11.0
hpmcounter4,drift,seed3,212,11.0
hpmcounter4,drift,seed3,213,11.0
hpmcounter4,drift,seed3,214,11.0
hpmcounter4,drift,seed3,215,11.0
hpmcounter4,drift,seed3,216,11.0
hpmcounter4,drift,seed3,217,11.0
hpmcounter4,drift,seed3,218,11.0
hpmcounter4,drift,seed3,219,11.0
hpmcounter4,drift,seed3,220,11.0
hpmcounter4,drift,seed3,221,11.0
hpmcounter4,drift,seed3,222,11.0
hpmcounter4,drift,seed3,223,11.0
hpmcounter4,drift,seed3,224,11.0
hpmcounter4,drift,seed3,225,11.0
hpmcounter4,drift,seed3,226,11.0
hpmcounter4,drift,seed3,227,11.0
hpmcounter4,drift,seed3,228,11.0
hpmcounter4,drift,seed3,229,11.0
hpmcounter4,drift,seed3,230,11.0
hpmcounter4,drift,seed3,231,11.0
hpmcounter4,drift,seed3,232,11.0
hpmcounter4,drift,seed3,233,11.0
hpmcounter4,drift,seed3,234,11.0
hpmcounter4,drift,seed3,235,11.0
hpmcounter4,drift,seed3,236,11.0
hpmcounter4,drift,seed3,237,11.0
hpmcounter4,drift,seed3,238,11.0
hpmcounter4,drift,seed3,239,11.0
hpmcounter4,drift,seed3,240,11.0
hpmcounter4,drift,seed3,241,11.0
hpmcounter4,drift,seed3,242,11.0
hpmcounter4,drift,seed3,243,11.0
hpmcounter4,drift,seed3,244,11.0
hpmcounter4,drift,seed3,245,11.0
hpmcounter4,drift,seed3,246,11.0
hpmcounter4,drift,seed3,247,11.0
hpmcounter4,drift,seed3,248,11.0
hpmcounter4,drift,seed3,249,11.0
hpmcounter4,drift,seed3,250,11.0
hpmcounter4,drift,seed3,251,11.0
hpmcounter4,drift,seed3,252,11.0
hpmcounter4,drift,seed3,253,11.0
hpmcounter4,drift,seed3,254,11.0
hpmcounter4,drift,seed3,255,11.0
hpmcounter4,drift,seed3,256,11.0
hpmcounter4,drift,seed3,257,11.0
hpmcounter4,drift,seed3,258,11.0
hpmcounter4,drift,seed3,259,11.0
hpmcounter4,drift,seed3,260,11.0
hpmcounter4,drift,seed3,261,11.0
hpmcounter4,drift,seed3,262,11.0
hpmcounter4,drift,seed3,263,11.0
hpmcounter4,drift,seed3,264,11.0
hpmcounter4,drift,seed3,265,11.0
hpmcounter4,drift,seed3,266,11.0
hpmcounter4,drift,seed3,267,11.0
hpmcounter4,drift,seed3,268,11.0
hpmcounter4,drift,seed3,269,11.0
hpmcounter4,drift,seed3,270,11.0
hpmcounter4,drift,seed3,271,11.0
hpmcounter4,drift,seed3,272,11.0
hpmcounter4,drift,seed3,273,11.0
hpmcounter4,drift,seed3,274,11.0
hpmcounter4,drift,seed3,275,11.0
hpmcounter4,drift,seed3,276,11.0
hpmcounter4,drift,seed3,277,11.0
hpmcounter4,drift,seed3,278,11.0
hpmcounter4,drift,seed3,279,11.0
hpmcounter4,drift,seed3,280,11.0
hpmcounter4,drift,seed3,281,11.0
hpmcounter4,drift,seed3,282,11.0
hpmcounter4,drift,seed3,283,11.0
hpmcounter4,drift,seed3,284,11.0
hpmcounter4,drift,seed3,285,11.0
hpmcounter4,drift,seed3,286,11.0
hpmcounter4,drift,seed3,287,11.0
hpmcounter4,drift,seed3,288,11.0
hpmcounter4,drift,seed3,289,11.0
hpmcounter4,drift,seed3,290,11.0
hpmcounter4,drift,seed3,291,11.0
hpmcounter4,drift,seed3,292,11.0
hpmcounter4,drift,seed3,293,11.0
hpmcounter4,drift,seed3,294,11.0
hpmcounter4,drift,seed3,295,11.0
hpmcounter4,drift,seed3,296,11.0
hpmcounter4,drift,seed3,297,11.0
hpmcounter4,drift,seed3,298,11.0
hpmcounter4,drift,seed4,9,11.0
hpmcounter4,drift,seed4,10,11.0
hpmcounter4,drift,seed4,11,11.0
hpmcounter4,drift,seed4,12,11.0
hpmcounter4,drift,seed4,13,11.0
hpmcounter4,drift,seed4,14,11.0
hpmcounter4,drift,seed4,15,11.0
hpmcounter4,drift,seed4,16,11.0
hpmcounter4,drift,seed4,17,11.0
hpmcounter4,drift,seed4,18,11.0
hpmcounter4,drift,seed4,19,11.0
hpmcounter4,drift,seed4,20,11.0
hpmcounter4,drift,seed4,21,11.0
hpmcounter4,drift,seed4,22,11.0
hpmcounter4,drift,seed4,23,11.0
hpmcounter4,drift,seed4,24,11.0
hpmcounter4,drift,seed4,25,11.0
hpmcounter4,drift,seed4,26,11.0
hpmcounter4,drift,seed4,27,11.0
hpmcounter4,drift,seed4,28,11.0
hpmcounter4,drift,seed4,29,11.0
hpmcounter4,drift,seed4,30,11.0
hpmcounter4,drift,seed4,31,11.0
hpmcounter4,drift,seed4,32,11.0
hpmcounter4,drift,seed4,33,11.0
hpmcounter4,drift,seed4,34,11.0
hpmcounter4,drift,seed4,35,11.0
hpmcounter4,drift,seed4,36,11.0
hpmcounter4,drift,seed4,37,11.0
hpmcounter4,drift,seed4,38,11.0
hpmcounter4,drift,seed4,39,11.0
hpmcounter4,drift,seed4,40,11.0
hpmcounter4,drift,seed4,41,11.0
hpmcounter4,drift,seed4,42,11.0
hpmcounter4,drift,seed4,43,11.0
hpmcounter4,drift,seed4,44,11.0
hpmcounter4,drift,seed4,45,11.0
hpmcounter4,drift,seed4,46,11.0
hpmcounter4,drift,seed4,47,11.0
hpmcounter4,drift,seed4,48,11.0
hpmcounter4,drift,seed4,49,11.0
hpmcounter4,drift,seed4,50,11.0
hpmcounter4,drift,seed4,51,11.0
hpmcounter4,drift,seed4,52,11.0
hpmcounter4,drift,seed4,53,11.0
hpmcounter4,drift,seed4,54,11.0
hpmcounter4,drift,seed4,55,11.0
hpmcounter4,drift,seed4,56,11.0
hpmcounter4,drift,seed4,57,11.0
hpmcounter4,drift,seed4,58,11.0
hpmcounter4,drift,seed4,59,11.0
hpmcounter4,drift,seed4,60,11.0
hpmcounter4,drift,seed4,61,11.0
hpmcounter4,drift,seed4,62,11.0
hpmcounter4,drift,seed4,63,11.0
hpmcounter4,drift,seed4,64,11.0
hpmcounter4,drift,seed4,65,11.0
hpmcounter4,drift,seed4,66,11.0
hpmcounter4,drift,seed4,67,11.0
hpmcounter4,drift,seed4,68,11.0
hpmcounter4,drift,seed4,69,11.0
hpmcounter4,drift,seed4,70,11.0
hpmcounter4,drift,seed4,71,11.0
hpmcounter4,drift,seed4,72,11.0
hpmcounter4,drift,seed4,73,11.0
hpmcounter4,drift,seed4,74,11.0
hpmcounter4,drift,seed4,75,11.0
hpmcounter4,drift,seed4,76,11.0
hpmcounter4,drift,seed4,77,11.0
hpmcounter4,drift,seed4,78,11.0
hpmcounter4,drift,seed4,79,11.0
hpmcounter4,drift,seed4,80,11.0
hpmcounter4,drift,seed4,81,11.0
hpmcounter4,drift,seed4,82,11.0
hpmcounter4,drift,seed4,83,11.0
hpmcounter4,drift,seed4,84,11.0
hpmcounter4,drift,seed4,85,11.0
hpmcounter4,drift,seed4,86,11.0
hpmcounter4,drift,seed4,87,11.0
hpmcounter4,drift,seed4,88,11.0
hpmcounter4,drift,seed4,89,11.0
hpmcounter4,drift,seed4,90,11.0
hpmcounter4,drift,seed4,91,11.0
hpmcounter4,drift,seed4,92,11.0
hpmcounter4,drift,seed4,93,11.0
hpmcounter4,drift,seed4,94,11.0
hpmcounter4,drift,seed4,95,11.0
hpmcounter4,drift,seed4,96,11.0
hpmcounter4,drift,seed4,97,11.0
hpmcounter4,drift,seed4,98,11.0
hpmcounter4,drift,seed4,99,11.0
hpmcounter4,drift,seed4,100,11.0
hpmcounter4,drift,seed4,101,11.0
hpmcounter4,drift,seed4,102,11.0
hpmcounter4,drift,seed4,103,11.0
hpmcounter4,drift,seed4,104,11.0
hpmcounter4,drift,seed4,105,11.0
hpmcounter4,drift,seed4,106,11.0
hpmcounter4,drift,seed4,107,11.0
hpmcounter4,drift,seed4,108,11.0
hpmcounter4,drift,seed4,109,11.0
hpmcounter4,drift,seed4,110,11.0
hpmcounter4,drift,seed4,111,11.0
hpmcounter4,drift,seed4,112,11.0
hpmcounter4,drift,seed4,113,11.0
hpmcounter4,drift,seed4,114,11.0
hpmcounter4,drift,seed4,115,11.0
hpmcounter4,drift,seed4,116,11.545454545454545
hpmcounter4,drift,seed4,117,12.515151515151516
hpmcounter4,drift,seed4,118,13.242424242424242
hpmcounter4,drift,seed4,119,13.727272727272727
hpmcounter4,drift,seed4,120,13.969696969696969
hpmcounter4,drift,seed4,121,13.969696969696969
hpmcounter4,drift,seed4,122,13.727272727272727
hpmcounter4,drift,seed4,123,13.787878787878787
hpmcounter4,drift,seed4,124,13.484848484848484
hpmcounter4,drift,seed4,125,12.818181818181818
hpmcounter4,drift,seed4,126,12.454545454545455
hpmcounter4,drift,seed4,127,12.515151515151516
hpmcounter4,drift,seed4,128,12.454545454545455
hpmcounter4,drift,seed4,129,12.272727272727273
hpmcounter4,drift,seed4,130,11.969696969696969
hpmcounter4,drift,seed4,131,11.545454545454545
hpmcounter4,drift,seed4,132,11.0
hpmcounter4,drift,seed4,133,11.0
hpmcounter4,drift,seed4,134,11.0
hpmcounter4,drift,seed4,135,11.0
hpmcounter4,drift,seed4,136,11.0
hpmcounter4,drift,seed4,137,11.0
hpmcounter4,drift,seed4,138,11.0
hpmcounter4,drift,seed4,139,11.0
hpmcounter4,drift,seed4,140,11.0
hpmcounter4,drift,seed4,141,11.0
hpmcounter4,drift,seed4,142,11.0
hpmcounter4,drift,seed4,143,11.0
hpmcounter4,drift,seed4,144,11.0
hpmcounter4,drift,seed4,145,11.0
hpmcounter4,drift,seed4,146,11.0
hpmcounter4,drift,seed4,147,11.0
hpmcounter4,drift,seed4,148,11.0
hpmcounter4,drift,seed4,149,11.0
hpmcounter4,drift,seed4,150,11.0
hpmcounter4,drift,seed4,151,11.0
hpmcounter4,drift,seed4,152,11.0
hpmcounter4,drift,seed4,153,11.0
hpmcounter4,drift,seed4,154,11.0
hpmcounter4,drift,seed4,155,11.0
hpmcounter4,drift,seed4,156,11.0
hpmcounter4,drift,seed4,157,11.0
hpmcounter4,drift,seed4,158,11.0
hpmcounter4,drift,seed4,159,11.0
hpmcounter4,drift,seed4,160,11.0
hpmcounter4,drift,seed4,161,11.0
hpmcounter4,drift,seed4,162,11.0
hpmcounter4,drift,seed4,163,11.545454545454545
hpmcounter4,drift,seed4,164,12.515151515151516
hpmcounter4,drift,seed4,165,13.787878787878787
hpmcounter4,drift,seed4,166,15.242424242424242
hpmcounter4,drift,seed4,167,16.757575757575758
hpmcounter4,drift,seed4,168,18.21212121212121
hpmcounter4,drift,seed4,169,18.939393939393938
hpmcounter4,drift,seed4,170,18.939393939393938
hpmcounter4,drift,seed4,171,18.757575757575758
hpmcounter4,drift,seed4,172,18.272727272727273
hpmcounter4,drift,seed4,173,18.03030303030303
hpmcounter4,drift,seed4,174,17.484848484848484
hpmcounter4,drift,seed4,175,16.757575757575758
hpmcounter4,drift,seed4,176,15.969696969696969
hpmcounter4,drift,seed4,177,15.242424242424242
hpmcounter4,drift,seed4,178,14.696969696969697
hpmcounter4,drift,seed4,179,13.787878787878787
hpmcounter4,drift,seed4,180,12.515151515151516
hpmcounter4,drift,seed4,181,11.545454545454545
hpmcounter4,drift,seed4,182,11.0
hpmcounter4,drift,seed4,183,11.0
hpmcounter4,drift,seed4,184,11.0
hpmcounter4,drift,seed4,185,11.0
hpmcounter4,drift,seed4,186,11.0
hpmcounter4,drift,seed4,187,11.0
hpmcounter4,drift,seed4,188,11.0
hpmcounter4,drift,seed4,189,11.0
hpmcounter4,drift,seed4,190,11.0
hpmcounter4,drift,seed4,191,11.0
hpmcounter4,drift,seed4,192,11.0
hpmcounter4,drift,seed4,193,11.0
hpmcounter4,drift,seed4,194,11.0
hpmcounter4,drift,seed4,195,11.0
hpmcounter4,drift,seed4,196,11.0
hpmcounter4,drift,seed4,197,11.0
hpmcounter4,drift,seed4,198,11.0
hpmcounter4,drift,seed4,199,11.0
hpmcounter4,drift,seed4,200,11.0
hpmcounter4,drift,seed4,201,11.0
hpmcounter4,drift,seed4,202,11.0
hpmcounter4,drift,seed4,203,11.0
hpmcounter4,drift,seed4,204,11.0
hpmcounter4,drift,seed4,205,11.0
hpmcounter4,drift,seed4,206,11.0
hpmcounter4,drift,seed4,207,11.0
hpmcounter4,drift,seed4,208,11.0
hpmcounter4,drift,seed4,209,11.0
hpmcounter4,drift,seed4,210,11.0
hpmcounter4,drift,seed4,211,11.0
hpmcounter4,drift,seed4,212,11.0
hpmcounter4,drift,seed4,213,11.0
hpmcounter4,drift,seed4,214,11.0
hpmcounter4,drift,seed4,215,11.0
hpmcounter4,drift,seed4,216,11.0
hpmcounter4,drift,seed4,217,11.0
hpmcounter4,drift,seed4,218,11.0
hpmcounter4,drift,seed4,219,11.0
hpmcounter4,drift,seed4,220,11.0
hpmcounter4,drift,seed4,221,11.0
hpmcounter4,drift,seed4,222,11.0
hpmcounter4,drift,seed4,223,11.0
hpmcounter4,drift,seed4,224,11.0
hpmcounter4,drift,seed4,225,11.0
hpmcounter4,drift,seed4,226,11.0
hpmcounter4,drift,seed4,227,11.0
hpmcounter4,drift,seed4,228,11.0
hpmcounter4,drift,seed4,229,11.0
hpmcounter4,drift,seed4,230,11.0
hpmcounter4,drift,seed4,231,11.0
hpmcounter4,drift,seed4,232,11.0
hpmcounter4,drift,seed4,233,11.0
hpmcounter4,drift,seed4,234,11.0
hpmcounter4,drift,seed4,235,11.0
hpmcounter4,drift,seed4,236,11.0
hpmcounter4,drift,seed4,237,11.0
hpmcounter4,drift,seed4,238,11.0
hpmcounter4,drift,seed4,239,11.0
hpmcounter4,drift,seed4,240,11.0
hpmcounter4,drift,seed4,241,11.0
hpmcounter4,drift,seed4,242,11.0
hpmcounter4,drift,seed4,243,11.0
hpmcounter4,drift,seed4,244,11.0
hpmcounter4,drift,seed4,245,11.0
hpmcounter4,drift,seed4,246,11.0
hpmcounter4,drift,seed4,247,11.0
hpmcounter4,drift,seed4,248,11.0
hpmcounter4,drift,seed4,249,11.0
hpmcounter4,drift,seed4,250,11.0
hpmcounter4,drift,seed4,251,11.0
hpmcounter4,drift,seed4,252,11.0
hpmcounter4,drift,seed4,253,11.0
hpmcounter4,drift,seed4,254,11.0
hpmcounter4,drift,seed4,255,11.0
hpmcounter4,drift,seed4,256,11.0
hpmcounter4,drift,seed4,257,11.0
hpmcounter4,drift,seed4,258,11.0
hpmcounter4,drift,seed4,259,11.0
hpmcounter4,drift,seed4,260,11.0
hpmcounter4,drift,seed4,261,11.0
hpmcounter4,drift,seed4,262,11.0
hpmcounter4,drift,seed4,263,11.0
hpmcounter4,drift,seed4,264,11.0
hpmcounter4,drift,seed4,265,11.0
hpmcounter4,drift,seed4,266,11.0
hpmcounter4,drift,seed4,267,11.545454545454545
hpmcounter4,drift,seed4,268,12.515151515151516
hpmcounter4,drift,seed4,269,13.787878787878787
hpmcounter4,drift,seed4,270,15.242424242424242
hpmcounter4,drift,seed4,271,16.757575757575758
hpmcounter4,drift,seed4,272,17.666666666666668
hpmcounter4,drift,seed4,273,17.96969696969697
hpmcounter4,drift,seed4,274,17.666666666666668
hpmcounter4,drift,seed4,275,16.757575757575758
hpmcounter4,drift,seed4,276,15.242424242424242
hpmcounter4,drift,seed4,277,13.787878787878787
hpmcounter4,drift,seed4,278,12.515151515151516
hpmcounter4,drift,seed4,279,11.545454545454545
hpmcounter4,drift,seed4,280,11.0
hpmcounter4,drift,seed4,281,11.0
hpmcounter4,drift,seed4,282,11.0
hpmcounter4,drift,seed4,283,11.0
hpmcounter4,drift,seed4,284,11.0
hpmcounter4,drift,seed4,285,11.0
hpmcounter4,drift,seed4,286,11.0
hpmcounter4,drift,seed4,287,11.0
hpmcounter4,drift,seed4,288,11.0
hpmcounter4,drift,seed4,289,11.0
hpmcounter4,drift,seed4,290,11.0
hpmcounter4,drift,seed4,291,11.0
hpmcounter4,drift,seed4,292,11.0
hpmcounter4,drift,seed4,293,11.0
hpmcounter4,drift,seed4,294,11.0
hpmcounter4,drift,seed4,295,11.0
hpmcounter4,drift,seed4,296,11.0
hpmcounter4,drift,seed4,297,11.0
hpmcounter4,drift,seed4,298,11.0
hpmcounter4,drift,seed5,9,16.21212121212121
hpmcounter4,drift,seed5,10,15.242424242424242
hpmcounter4,drift,seed5,11,13.787878787878787
hpmcounter4,drift,seed5,12,12.515151515151516
hpmcounter4,drift,seed5,13,11.545454545454545
hpmcounter4,drift,seed5,14,11.0
hpmcounter4,drift,seed5,15,11.0
hpmcounter4,drift,seed5,16,11.0
hpmcounter4,drift,seed5,17,11.0
hpmcounter4,drift,seed5,18,11.0
hpmcounter4,drift,seed5,19,11.0
hpmcounter4,drift,seed5,20,11.0
hpmcounter4,drift,seed5,21,11.0
hpmcounter4,drift,seed5,22,11.0
hpmcounter4,drift,seed5,23,11.0
hpmcounter4,drift,seed5,24,11.0
hpmcounter4,drift,seed5,25,11.0
hpmcounter4,drift,seed5,26,11.0
hpmcounter4,drift,seed5,27,11.0
hpmcounter4,drift,seed5,28,11.0
hpmcounter4,drift,seed5,29,11.0
hpmcounter4,drift,seed5,30,11.545454545454545
hpmcounter4,drift,seed5,31,12.515151515151516
hpmcounter4,drift,seed5,32,13.242424242424242
hpmcounter4,drift,seed5,33,14.272727272727273
hpmcounter4,drift,seed5,34,15.484848484848484
hpmcounter4,drift,seed5,35,16.757575757575758
hpmcounter4,drift,seed5,36,17.96969696969697
hpmcounter4,drift,seed5,37,19.0
hpmcounter4,drift,seed5,38,19.181818181818183
hpmcounter4,drift,seed5,39,18.515151515151516
hpmcounter4,drift,seed5,40,17.666666666666668
hpmcounter4,drift,seed5,41,16.757575757575758
hpmcounter4,drift,seed5,42,15.787878787878787
hpmcounter4,drift,seed5,43,14.757575757575758
hpmcounter4,drift,seed5,44,13.787878787878787
hpmcounter4,drift,seed5,45,13.0
hpmcounter4,drift,seed5,46,12.515151515151516
hpmcounter4,drift,seed5,47,12.454545454545455
hpmcounter4,drift,seed5,48,12.272727272727273
hpmcounter4,drift,seed5,49,11.969696969696969
hpmcounter4,drift,seed5,50,11.545454545454545
hpmcounter4,drift,seed5,51,11.0
hpmcounter4,drift,seed5,52,11.0
hpmcounter4,drift,seed5,53,11.0
hpmcounter4,drift,seed5,54,11.0
hpmcounter4,drift,seed5,55,11.0
hpmcounter4,drift,seed5,56,11.0
hpmcounter4,drift,seed5,57,11.0
hpmcounter4,drift,seed5,58,11.0
hpmcounter4,drift,seed5,59,11.545454545454545
hpmcounter4,drift,seed5,60,11.969696969696969
hpmcounter4,drift,seed5,61,12.818181818181818
hpmcounter4,drift,seed5,62,13.969696969696969
hpmcounter4,drift,seed5,63,15.303030303030303
hpmcounter4,drift,seed5,64,16.696969696969695
hpmcounter4,drift,seed5,65,17.484848484848484
hpmcounter4,drift,seed5,66,17.666666666666668
hpmcounter4,drift,seed5,67,17.242424242424242
hpmcounter4,drift,seed5,68,16.21212121212121
hpmcounter4,drift,seed5,69,15.242424242424242
hpmcounter4,drift,seed5,70,13.787878787878787
hpmcounter4,drift,seed5,71,12.515151515151516
hpmcounter4,drift,seed5,72,11.545454545454545
hpmcounter4,drift,seed5,73,11.0
hpmcounter4,drift,seed5,74,11.0
hpmcounter4,drift,seed5,75,11.0
hpmcounter4,drift,seed5,76,11.0
hpmcounter4,drift,seed5,77,11.0
hpmcounter4,drift,seed5,78,11.0
hpmcounter4,drift,seed5,79,11.0
hpmcounter4,drift,seed5,80,11.0
hpmcounter4,drift,seed5,81,11.0
hpmcounter4,drift,seed5,82,11.0
hpmcounter4,drift,seed5,83,11.0
hpmcounter4,drift,seed5,84,11.0
hpmcounter4,drift,seed5,85,11.0
hpmcounter4,drift,seed5,86,11.0
hpmcounter4,drift,seed5,87,11.0
hpmcounter4,drift,seed5,88,11.0
hpmcounter4,drift,seed5,89,11.0
hpmcounter4,drift,seed5,90,11.0
hpmcounter4,drift,seed5,91,11.0
hpmcounter4,drift,seed5,92,11.0
hpmcounter4,drift,seed5,93,11.0
hpmcounter4,drift,seed5,94,11.0
hpmcounter4,drift,seed5,95,11.0
hpmcounter4,drift,seed5,96,11.0
hpmcounter4,drift,seed5,97,11.0
hpmcounter4,drift,seed5,98,11.0
hpmcounter4,drift,seed5,99,11.0
hpmcounter4,drift,seed5,100,11.0
hpmcounter4,drift,seed5,101,11.0
hpmcounter4,drift,seed5,102,11.0
hpmcounter4,drift,seed5,103,11.0
hpmcounter4,drift,seed5,104,11.0
hpmcounter4,drift,seed5,105,11.0
hpmcounter4,drift,seed5,106,11.0
hpmcounter4,drift,seed5,107,11.0
hpmcounter4,drift,seed5,108,11.0
hpmcounter4,drift,seed5,109,11.0
hpmcounter4,drift,seed5,110,11.0
hpmcounter4,drift,seed5,111,11.0
hpmcounter4,drift,seed5,112,11.0
hpmcounter4,drift,seed5,113,11.0
hpmcounter4,drift,seed5,114,11.0
hpmcounter4,drift,seed5,115,11.0
hpmcounter4,drift,seed5,116,11.0
hpmcounter4,drift,seed5,117,11.0
hpmcounter4,drift,seed5,118,11.0
hpmcounter4,drift,seed5,119,11.545454545454545
hpmcounter4,drift,seed5,120,11.969696969696969
hpmcounter4,drift,seed5,121,12.272727272727273
hpmcounter4,drift,seed5,122,12.454545454545455
hpmcounter4,drift,seed5,123,12.515151515151516
hpmcounter4,drift,seed5,124,12.454545454545455
hpmcounter4,drift,seed5,125,12.272727272727273
hpmcounter4,drift,seed5,126,11.969696969696969
hpmcounter4,drift,seed5,127,11.545454545454545
hpmcounter4,drift,seed5,128,11.0
hpmcounter4,drift,seed5,129,11.0
hpmcounter4,drift,seed5,130,11.0
hpmcounter4,drift,seed5,131,11.0
hpmcounter4,drift,seed5,132,11.0
hpmcounter4,drift,seed5,133,11.0
hpmcounter4,drift,seed5,134,11.0
hpmcounter4,drift,seed5,135,11.0
hpmcounter4,drift,seed5,136,11.0
hpmcounter4,drift,seed5,137,11.0
hpmcounter4,drift,seed5,138,11.0
hpmcounter4,drift,seed5,139,11.0
hpmcounter4,drift,seed5,140,11.0
hpmcounter4,drift,seed5,141,11.0
hpmcounter4,drift,seed5,142,11.0
hpmcounter4,drift,seed5,143,11.0
hpmcounter4,drift,seed5,144,11.0
hpmcounter4,drift,seed5,145,11.0
hpmcounter4,drift,seed5,146,11.0
hpmcounter4,drift,seed5,147,11.0
hpmcounter4,drift,seed5,148,11.0
hpmcounter4,drift,seed5,149,11.0
hpmcounter4,drift,seed5,150,11.0
hpmcounter4,drift,seed5,151,11.0
hpmcounter4,drift,seed5,152,11.0
hpmcounter4,drift,seed5,153,11.0
hpmcounter4,drift,seed5,154,11.0
hpmcounter4,drift,seed5,155,11.0
hpmcounter4,drift,seed5,156,11.0
hpmcounter4,drift,seed5,157,11.0
hpmcounter4,drift,seed5,158,11.545454545454545
hpmcounter4,drift,seed5,159,11.969696969696969
hpmcounter4,drift,seed5,160,12.272727272727273
hpmcounter4,drift,seed5,161,13.0
hpmcounter4,drift,seed5,162,14.030303030303031
hpmcounter4,drift,seed5,163,15.242424242424242
hpmcounter4,drift,seed5,164,16.515151515151516
hpmcounter4,drift,seed5,165,17.181818181818183
hpmcounter4,drift,seed5,166,17.242424242424242
hpmcounter4,drift,seed5,167,16.696969696969695
hpmcounter4,drift,seed5,168,16.21212121212121
hpmcounter4,drift,seed5,169,15.242424242424242
hpmcounter4,drift,seed5,170,13.787878787878787
hpmcounter4,drift,seed5,171,12.515151515151516
hpmcounter4,drift,seed5,172,11.545454545454545
hpmcounter4,drift,seed5,173,11.0
hpmcounter4,drift,seed5,174,11.0
hpmcounter4,drift,seed5,175,11.0
hpmcounter4,drift,seed5,176,11.0
hpmcounter4,drift,seed5,177,11.0
hpmcounter4,drift,seed5,178,11.0
hpmcounter4,drift,seed5,179,11.0
hpmcounter4,drift,seed5,180,11.0
hpmcounter4,drift,seed5,181,11.0
hpmcounter4,drift,seed5,182,11.0
hpmcounter4,drift,seed5,183,11.0
hpmcounter4,drift,seed5,184,11.0
hpmcounter4,drift,seed5,185,11.0
hpmcounter4,drift,seed5,186,11.0
hpmcounter4,drift,seed5,187,11.0
hpmcounter4,drift,seed5,188,11.0
hpmcounter4,drift,seed5,189,11.0
hpmcounter4,drift,seed5,190,11.0
hpmcounter4,drift,seed5,191,11.0
hpmcounter4,drift,seed5,192,11.0
hpmcounter4,drift,seed5,193,11.0
hpmcounter4,drift,seed5,194,11.0
hpmcounter4,drift,seed5,195,11.0
hpmcounter4,drift,seed5,196,11.0
hpmcounter4,drift,seed5,197,11.0
hpmcounter4,drift,seed5,198,11.0
hpmcounter4,drift,seed5,199,11.0
hpmcounter4,drift,seed5,200,11.0
hpmcounter4,drift,seed5,201,11.0
hpmcounter4,drift,seed5,202,11.0
hpmcounter4,drift,seed5,203,11.0
hpmcounter4,drift,seed5,204,11.0
hpmcounter4,drift,seed5,205,11.0
hpmcounter4,drift,seed5,206,11.0
hpmcounter4,drift,seed5,207,11.0
hpmcounter4,drift,seed5,208,11.0
hpmcounter4,drift,seed5,209,11.0
hpmcounter4,drift,seed5,210,11.0
hpmcounter4,drift,seed5,211,11.0
hpmcounter4,drift,seed5,212,11.0
hpmcounter4,drift,seed5,213,11.0
hpmcounter4,drift,seed5,214,11.0
hpmcounter4,drift,seed5,215,11.0
hpmcounter4,drift,seed5,216,11.0
hpmcounter4,drift,seed5,217,11.0
hpmcounter4,drift,seed5,218,11.0
hpmcounter4,drift,seed5,219,11.0
hpmcounter4,drift,seed5,220,11.0
hpmcounter4,drift,seed5,221,11.0
hpmcounter4,drift,seed5,222,11.0
hpmcounter4,drift,seed5,223,11.0
hpmcounter4,drift,seed5,224,11.0
hpmcounter4,drift,seed5,225,11.0
hpmcounter4,drift,seed5,226,11.0
hpmcounter4,drift,seed5,227,11.0
hpmcounter4,drift,seed5,228,11.0
hpmcounter4,drift,seed5,229,11.0
hpmcounter4,drift,seed5,230,11.0
hpmcounter4,drift,seed5,231,11.0
hpmcounter4,drift,seed5,232,11.0
hpmcounter4,drift,seed5,233,11.0
hpmcounter4,drift,seed5,234,11.0
hpmcounter4,drift,seed5,235,11.0
hpmcounter4,drift,seed5,236,11.0
hpmcounter4,drift,seed5,237,11.0
hpmcounter4,drift,seed5,238,11.0
hpmcounter4,drift,seed5,239,11.0
hpmcounter4,drift,seed5,240,11.0
hpmcounter4,drift,seed5,241,11.0
hpmcounter4,drift,seed5,242,11.0
hpmcounter4,drift,seed5,243,11.0
hpmcounter4,drift,seed5,244,11.0
hpmcounter4,drift,seed5,245,11.0
hpmcounter4,drift,seed5,246,11.0
hpmcounter4,drift,seed5,247,11.0
hpmcounter4,drift,seed5,248,11.0
hpmcounter4,drift,seed5,249,11.0
hpmcounter4,drift,seed5,250,11.0
hpmcounter4,drift,seed5,251,11.0
hpmcounter4,drift,seed5,252,11.0
hpmcounter4,drift,seed5,253,11.0
hpmcounter4,drift,seed5,254,11.0
hpmcounter4,drift,seed5,255,11.0
hpmcounter4,drift,seed5,256,11.0
hpmcounter4,drift,seed5,257,11.0
hpmcounter4,drift,seed5,258,11.0
hpmcounter4,drift,seed5,259,11.0
hpmcounter4,drift,seed5,260,11.0
hpmcounter4,drift,seed5,261,11.0
hpmcounter4,drift,seed5,262,11.545454545454545
hpmcounter4,drift,seed5,263,12.515151515151516
hpmcounter4,drift,seed5,264,13.787878787878787
hpmcounter4,drift,seed5,265,14.696969696969697
hpmcounter4,drift,seed5,266,15.242424242424242
hpmcounter4,drift,seed5,267,15.424242424242424
hpmcounter4,drift,seed5,268,15.242424242424242
hpmcounter4,drift,seed5,269,14.696969696969697
hpmcounter4,drift,seed5,270,13.787878787878787
hpmcounter4,drift,seed5,271,12.515151515151516
hpmcounter4,drift,seed5,272,11.545454545454545
hpmcounter4,drift,seed5,273,11.0
hpmcounter4,drift,seed5,274,11.0
hpmcounter4,drift,seed5,275,11.0
hpmcounter4,drift,seed5,276,11.0
hpmcounter4,drift,seed5,277,11.0
hpmcounter4,drift,seed5,278,11.0
hpmcounter4,drift,seed5,279,11.0
hpmcounter4,drift,seed5,280,11.0
hpmcounter4,drift,seed5,281,11.0
hpmcounter4,drift,seed5,282,11.0
hpmcounter4,drift,seed5,283,11.0
hpmcounter4,drift,seed5,284,11.0
hpmcounter4,drift,seed5,285,11.0
hpmcounter4,drift,seed5,286,11.0
hpmcounter4,drift,seed5,287,11.0
hpmcounter4,drift,seed5,288,11.0
hpmcounter4,drift,seed5,289,11.0
hpmcounter4,drift,seed5,290,11.0
hpmcounter4,drift,seed5,291,11.0
hpmcounter4,drift,seed5,292,11.545454545454545
hpmcounter4,drift,seed5,293,12.515151515151516
hpmcounter4,drift,seed5,294,13.787878787878787
hpmcounter4,drift,seed5,295,15.242424242424242
hpmcounter4,drift,seed5,296,16.757575757575758
hpmcounter4,drift,seed5,297,18.21212121212121
hpmcounter4,drift,seed5,298,18.939393939393938
hpmcounter4,drift,seed6,9,12.454545454545455
hpmcounter4,drift,seed6,10,12.272727272727273
hpmcounter4,drift,seed6,11,11.969696969696969
hpmcounter4,drift,seed6,12,11.545454545454545
hpmcounter4,drift,seed6,13,11.0
hpmcounter4,drift,seed6,14,11.0
hpmcounter4,drift,seed6,15,11.0
hpmcounter4,drift,seed6,16,11.0
hpmcounter4,drift,seed6,17,11.0
hpmcounter4,drift,seed6,18,11.0
hpmcounter4,drift,seed6,19,11.0
hpmcounter4,drift,seed6,20,11.0
hpmcounter4,drift,seed6,21,11.0
hpmcounter4,drift,seed6,22,11.0
hpmcounter4,drift,seed6,23,11.0
hpmcounter4,drift,seed6,24,11.0
hpmcounter4,drift,seed6,25,11.0
hpmcounter4,drift,seed6,26,11.0
hpmcounter4,drift,seed6,27,11.0
hpmcounter4,drift,seed6,28,11.545454545454545
hpmcounter4,drift,seed6,29,12.515151515151516
hpmcounter4,drift,seed6,30,13.787878787878787
hpmcounter4,drift,seed6,31,15.242424242424242
hpmcounter4,drift,seed6,32,16.757575757575758
hpmcounter4,drift,seed6,33,17.666666666666668
hpmcounter4,drift,seed6,34,17.96969696969697
hpmcounter4,drift,seed6,35,17.666666666666668
hpmcounter4,drift,seed6,36,16.757575757575758
hpmcounter4,drift,seed6,37,15.242424242424242
hpmcounter4,drift,seed6,38,13.787878787878787
hpmcounter4,drift,seed6,39,12.515151515151516
hpmcounter4,drift,seed6,40,11.545454545454545
hpmcounter4,drift,seed6,41,11.0
hpmcounter4,drift,seed6,42,11.0
hpmcounter4,drift,seed6,43,11.0
hpmcounter4,drift,seed6,44,11.0
hpmcounter4,drift,seed6,45,11.0
hpmcounter4,drift,seed6,46,11.0
hpmcounter4,drift,seed6,47,11.0
hpmcounter4,drift,seed6,48,11.0
hpmcounter4,drift,seed6,49,11.0
hpmcounter4,drift,seed6,50,11.0
hpmcounter4,drift,seed6,51,11.0
hpmcounter4,drift,seed6,52,11.0
hpmcounter4,drift,seed6,53,11.0
hpmcounter4,drift,seed6,54,11.0
hpmcounter4,drift,seed6,55,11.0
hpmcounter4,drift,seed6,56,11.0
hpmcounter4,drift,seed6,57,11.0
hpmcounter4,drift,seed6,58,11.0
hpmcounter4,drift,seed6,59,11.0
hpmcounter4,drift,seed6,60,11.0
hpmcounter4,drift,seed6,61,11.0
hpmcounter4,drift,seed6,62,11.0
hpmcounter4,drift,seed6,63,11.0
hpmcounter4,drift,seed6,64,11.0
hpmcounter4,drift,seed6,65,11.0
hpmcounter4,drift,seed6,66,11.0
hpmcounter4,drift,seed6,67,11.0
hpmcounter4,drift,seed6,68,11.0
hpmcounter4,drift,seed6,69,11.0
hpmcounter4,drift,seed6,70,11.0
hpmcounter4,drift,seed6,71,11.0
hpmcounter4,drift,seed6,72,11.0
hpmcounter4,drift,seed6,73,11.0
hpmcounter4,drift,seed6,74,11.0
hpmcounter4,drift,seed6,75,11.0
hpmcounter4,drift,seed6,76,11.0
hpmcounter4,drift,seed6,77,11.0
hpmcounter4,drift,seed6,78,11.0
hpmcounter4,drift,seed6,79,11.0
hpmcounter4,drift,seed6,80,11.0
hpmcounter4,drift,seed6,81,11.0
hpmcounter4,drift,seed6,82,11.0
hpmcounter4,drift,seed6,83,11.0
hpmcounter4,drift,seed6,84,11.0
hpmcounter4,drift,seed6,85,11.0
hpmcounter4,drift,seed6,86,11.545454545454545
hpmcounter4,drift,seed6,87,12.515151515151516
hpmcounter4,drift,seed6,88,13.242424242424242
hpmcounter4,drift,seed6,89,13.727272727272727
hpmcounter4,drift,seed6,90,13.969696969696969
hpmcounter4,drift,seed6,91,13.969696969696969
hpmcounter4,drift,seed6,92,13.727272727272727
hpmcounter4,drift,seed6,93,13.242424242424242
hpmcounter4,drift,seed6,94,12.515151515151516
hpmcounter4,drift,seed6,95,11.545454545454545
hpmcounter4,drift,seed6,96,11.0
hpmcounter4,drift,seed6,97,11.0
hpmcounter4,drift,seed6,98,11.0
hpmcounter4,drift,seed6,99,11.0
hpmcounter4,drift,seed6,100,11.0
hpmcounter4,drift,seed6,101,11.0
hpmcounter4,drift,seed6,102,11.0
hpmcounter4,drift,seed6,103,11.0
hpmcounter4,drift,seed6,104,11.0
hpmcounter4,drift,seed6,105,11.0
hpmcounter4,drift,seed6,106,11.0
hpmcounter4,drift,seed6,107,11.0
hpmcounter4,drift,seed6,108,11.0
hpmcounter4,drift,seed6,109,11.0
hpmcounter4,drift,seed6,110,11.0
hpmcounter4,drift,seed6,111,11.0
hpmcounter4,drift,seed6,112,11.0
hpmcounter4,drift,seed6,113,11.0
hpmcounter4,drift,seed6,114,11.0
hpmcounter4,drift,seed6,115,11.0
hpmcounter4,drift,seed6,116,11.0
hpmcounter4,drift,seed6,117,11.0
hpmcounter4,drift,seed6,118,11.0
hpmcounter4,drift,seed6,119,11.0
hpmcounter4,drift,seed6,120,11.0
hpmcounter4,drift,seed6,121,11.0
hpmcounter4,drift,seed6,122,11.0
hpmcounter4,drift,seed6,123,11.0
hpmcounter4,drift,seed6,124,11.0
hpmcounter4,drift,seed6,125,11.0
hpmcounter4,drift,seed6,126,11.0
hpmcounter4,drift,seed6,127,11.0
hpmcounter4,drift,seed6,128,11.0
hpmcounter4,drift,seed6,129,11.0
hpmcounter4,drift,seed6,130,11.0
hpmcounter4,drift,seed6,131,11.0
hpmcounter4,drift,seed6,132,11.0
hpmcounter4,drift,seed6,133,11.0
hpmcounter4,drift,seed6,134,11.0
hpmcounter4,drift,seed6,135,11.0
hpmcounter4,drift,seed6,136,11.545454545454545
hpmcounter4,drift,seed6,137,11.969696969696969
hpmcounter4,drift,seed6,138,12.272727272727273
hpmcounter4,drift,seed6,139,13.0
hpmcounter4,drift,seed6,140,13.484848484848484
hpmcounter4,drift,seed6,141,13.727272727272727
hpmcounter4,drift,seed6,142,13.727272727272727
hpmcounter4,drift,seed6,143,13.484848484848484
hpmcounter4,drift,seed6,144,13.0
hpmcounter4,drift,seed6,145,12.272727272727273
hpmcounter4,drift,seed6,146,11.969696969696969
hpmcounter4,drift,seed6,147,11.545454545454545
hpmcounter4,drift,seed6,148,11.0
hpmcounter4,drift,seed6,149,11.0
hpmcounter4,drift,seed6,150,11.0
hpmcounter4,drift,seed6,151,11.0
hpmcounter4,drift,seed6,152,11.0
hpmcounter4,drift,seed6,153,11.0
hpmcounter4,drift,seed6,154,11.0
hpmcounter4,drift,seed6,155,11.0
hpmcounter4,drift,seed6,156,11.0
hpmcounter4,drift,seed6,157,11.0
hpmcounter4,drift,seed6,158,11.0
hpmcounter4,drift,seed6,159,11.0
hpmcounter4,drift,seed6,160,11.0
hpmcounter4,drift,seed6,161,11.0
hpmcounter4,drift,seed6,162,11.0
hpmcounter4,drift,seed6,163,11.545454545454545
hpmcounter4,drift,seed6,164,12.515151515151516
hpmcounter4,drift,seed6,165,13.787878787878787
hpmcounter4,drift,seed6,166,15.242424242424242
hpmcounter4,drift,seed6,167,16.21212121212121
hpmcounter4,drift,seed6,168,16.696969696969695
hpmcounter4,drift,seed6,169,16.696969696969695
hpmcounter4,drift,seed6,170,16.21212121212121
hpmcounter4,drift,seed6,171,15.242424242424242
hpmcounter4,drift,seed6,172,13.787878787878787
hpmcounter4,drift,seed6,173,12.515151515151516
hpmcounter4,drift,seed6,174,11.545454545454545
hpmcounter4,drift,seed6,175,11.0
hpmcounter4,drift,seed6,176,11.0
hpmcounter4,drift,seed6,177,11.0
hpmcounter4,drift,seed6,178,11.0
hpmcounter4,drift,seed6,179,11.0
hpmcounter4,drift,seed6,180,11.0
hpmcounter4,drift,seed6,181,11.0
hpmcounter4,drift,seed6,182,11.0
hpmcounter4,drift,seed6,183,11.0
hpmcounter4,drift,seed6,184,11.0
hpmcounter4,drift,seed6,185,11.0
hpmcounter4,drift,seed6,186,11.0
hpmcounter4,drift,seed6,187,11.0
hpmcounter4,drift,seed6,188,11.0
hpmcounter4,drift,seed6,189,11.0
hpmcounter4,drift,seed6,190,11.0
hpmcounter4,drift,seed6,191,11.0
hpmcounter4,drift,seed6,192,11.0
hpmcounter4,drift,seed6,193,11.0
hpmcounter4,drift,seed6,194,11.0
hpmcounter4,drift,seed6,195,11.0
hpmcounter4,drift,seed6,196,11.0
hpmcounter4,drift,seed6,197,11.0
hpmcounter4,drift,seed6,198,11.0
hpmcounter4,drift,seed6,199,11.0
hpmcounter4,drift,seed6,200,11.0
hpmcounter4,drift,seed6,201,11.0
hpmcounter4,drift,seed6,202,11.0
hpmcounter4,drift,seed6,203,11.0
hpmcounter4,drift,seed6,204,11.0
hpmcounter4,drift,seed6,205,11.0
hpmcounter4,drift,seed6,206,11.0
hpmcounter4,drift,seed6,207,11.0
hpmcounter4,drift,seed6,208,11.545454545454545
hpmcounter4,drift,seed6,209,11.969696969696969
hpmcounter4,drift,seed6,210,12.272727272727273
hpmcounter4,drift,seed6,211,12.454545454545455
hpmcounter4,drift,seed6,212,12.515151515151516
hpmcounter4,drift,seed6,213,12.454545454545455
hpmcounter4,drift,seed6,214,12.272727272727273
hpmcounter4,drift,seed6,215,11.969696969696969
hpmcounter4,drift,seed6,216,11.545454545454545
hpmcounter4,drift,seed6,217,11.0
hpmcounter4,drift,seed6,218,11.0
hpmcounter4,drift,seed6,219,11.0
hpmcounter4,drift,seed6,220,11.0
hpmcounter4,drift,seed6,221,11.0
hpmcounter4,drift,seed6,222,11.0
hpmcounter4,drift,seed6,223,11.0
hpmcounter4,drift,seed6,224,11.0
hpmcounter4,drift,seed6,225,11.0
hpmcounter4,drift,seed6,226,11.0
hpmcounter4,drift,seed6,227,11.0
hpmcounter4,drift,seed6,228,11.0
hpmcounter4,drift,seed6,229,11.0
hpmcounter4,drift,seed6,230,11.0
hpmcounter4,drift,seed6,231,11.0
hpmcounter4,drift,seed6,232,11.0
hpmcounter4,drift,seed6,233,11.0
hpmcounter4,drift,seed6,234,11.0
hpmcounter4,drift,seed6,235,11.0
hpmcounter4,drift,seed6,236,11.0
hpmcounter4,drift,seed6,237,11.0
hpmcounter4,drift,seed6,238,11.0
hpmcounter4,drift,seed6,239,11.0
hpmcounter4,drift,seed6,240,11.0
hpmcounter4,drift,seed6,241,11.0
hpmcounter4,drift,seed6,242,11.0
hpmcounter4,drift,seed6,243,11.0
hpmcounter4,drift,seed6,244,11.0
hpmcounter4,drift,seed6,245,11.0
hpmcounter4,drift,seed6,246,11.0
hpmcounter4,drift,seed6,247,11.0
hpmcounter4,drift,seed6,248,11.0
hpmcounter4,drift,seed6,249,11.0
hpmcounter4,drift,seed6,250,11.0
hpmcounter4,drift,seed6,251,11.0
hpmcounter4,drift,seed6,252,11.0
hpmcounter4,drift,seed6,253,11.0
hpmcounter4,drift,seed6,254,11.0
hpmcounter4,drift,seed6,255,11.0
hpmcounter4,drift,seed6,256,11.0
hpmcounter4,drift,seed6,257,11.0
hpmcounter4,drift,seed6,258,11.0
hpmcounter4,drift,seed6,259,11.0
hpmcounter4,drift,seed6,260,11.0
hpmcounter4,drift,seed6,261,11.0
hpmcounter4,drift,seed6,262,11.0
hpmcounter4,drift,seed6,263,11.0
hpmcounter4,drift,seed6,264,11.0
hpmcounter4,drift,seed6,265,11.0
hpmcounter4,drift,seed6,266,11.0
hpmcounter4,drift,seed6,267,11.0
hpmcounter4,drift,seed6,268,11.0
hpmcounter4,drift,seed6,269,11.0
hpmcounter4,drift,seed6,270,11.0
hpmcounter4,drift,seed6,271,11.0
hpmcounter4,drift,seed6,272,11.0
hpmcounter4,drift,seed6,273,11.0
hpmcounter4,drift,seed6,274,11.0
hpmcounter4,drift,seed6,275,11.0
hpmcounter4,drift,seed6,276,11.0
hpmcounter4,drift,seed6,277,11.0
hpmcounter4,drift,seed6,278,11.545454545454545
hpmcounter4,drift,seed6,279,12.515151515151516
hpmcounter4,drift,seed6,280,13.787878787878787
hpmcounter4,drift,seed6,281,14.696969696969697
hpmcounter4,drift,seed6,282,15.242424242424242
hpmcounter4,drift,seed6,283,15.424242424242424
hpmcounter4,drift,seed6,284,15.242424242424242
hpmcounter4,drift,seed6,285,15.242424242424242
hpmcounter4,drift,seed6,286,14.757575757575758
hpmcounter4,drift,seed6,287,13.787878787878787
hpmcounter4,drift,seed6,288,13.0
hpmcounter4,drift,seed6,289,12.515151515151516
hpmcounter4,drift,seed6,290,12.454545454545455
hpmcounter4,drift,seed6,291,12.272727272727273
hpmcounter4,drift,seed6,292,11.969696969696969
hpmcounter4,drift,seed6,293,11.545454545454545
hpmcounter4,drift,seed6,294,11.0
hpmcounter4,drift,seed6,295,11.0
hpmcounter4,drift,seed6,296,11.0
hpmcounter4,drift,seed6,297,11.0
hpmcounter4,drift,seed6,298,11.0
hpmcounter4,drift,seed7,9,11.0
hpmcounter4,drift,seed7,10,11.0
hpmcounter4,drift,seed7,11,11.0
hpmcounter4,drift,seed7,12,11.0
hpmcounter4,drift,seed7,13,11.0
hpmcounter4,drift,seed7,14,11.0
hpmcounter4,drift,seed7,15,11.0
hpmcounter4,drift,seed7,16,11.0
hpmcounter4,drift,seed7,17,11.0
hpmcounter4,drift,seed7,18,11.0
hpmcounter4,drift,seed7,19,11.0
hpmcounter4,drift,seed7,20,11.0
hpmcounter4,drift,seed7,21,11.0
hpmcounter4,drift,seed7,22,11.0
hpmcounter4,drift,seed7,23,11.0
hpmcounter4,drift,seed7,24,11.0
hpmcounter4,drift,seed7,25,11.0
hpmcounter4,drift,seed7,26,11.0
hpmcounter4,drift,seed7,27,11.0
hpmcounter4,drift,seed7,28,11.0
hpmcounter4,drift,seed7,29,11.0
hpmcounter4,drift,seed7,30,11.0
hpmcounter4,drift,seed7,31,11.545454545454545
hpmcounter4,drift,seed7,32,12.515151515151516
hpmcounter4,drift,seed7,33,13.787878787878787
hpmcounter4,drift,seed7,34,14.696969696969697
hpmcounter4,drift,seed7,35,15.242424242424242
hpmcounter4,drift,seed7,36,15.424242424242424
hpmcounter4,drift,seed7,37,15.242424242424242
hpmcounter4,drift,seed7,38,14.696969696969697
hpmcounter4,drift,seed7,39,13.787878787878787
hpmcounter4,drift,seed7,40,12.515151515151516
hpmcounter4,drift,seed7,41,11.545454545454545
hpmcounter4,drift,seed7,42,11.0
hpmcounter4,drift,seed7,43,11.0
hpmcounter4,drift,seed7,44,11.0
hpmcounter4,drift,seed7,45,11.0
hpmcounter4,drift,seed7,46,11.0
hpmcounter4,drift,seed7,47,11.0
hpmcounter4,drift,seed7,48,11.0
hpmcounter4,drift,seed7,49,11.0
hpmcounter4,drift,seed7,50,11.0
hpmcounter4,drift,seed7,51,11.0
hpmcounter4,drift,seed7,52,11.0
hpmcounter4,drift,seed7,53,11.0
hpmcounter4,drift,seed7,54,11.0
hpmcounter4,drift,seed7,55,11.0
hpmcounter4,drift,seed7,56,11.0
hpmcounter4,drift,seed7,57,11.0
hpmcounter4,drift,seed7,58,11.0
hpmcounter4,drift,seed7,59,11.0
hpmcounter4,drift,seed7,60,11.545454545454545
hpmcounter4,drift,seed7,61,11.969696969696969
hpmcounter4,drift,seed7,62,12.272727272727273
hpmcounter4,drift,seed7,63,12.454545454545455
hpmcounter4,drift,seed7,64,12.515151515151516
hpmcounter4,drift,seed7,65,12.454545454545455
hpmcounter4,drift,seed7,66,12.272727272727273
hpmcounter4,drift,seed7,67,11.969696969696969
hpmcounter4,drift,seed7,68,11.545454545454545
hpmcounter4,drift,seed7,69,11.0
hpmcounter4,drift,seed7,70,11.0
hpmcounter4,drift,seed7,71,11.0
hpmcounter4,drift,seed7,72,11.0
hpmcounter4,drift,seed7,73,11.0
hpmcounter4,drift,seed7,74,11.0
hpmcounter4,drift,seed7,75,11.0
hpmcounter4,drift,seed7,76,11.0
hpmcounter4,drift,seed7,77,11.0
hpmcounter4,drift,seed7,78,11.0
hpmcounter4,drift,seed7,79,11.0
hpmcounter4,drift,seed7,80,11.0
hpmcounter4,drift,seed7,81,11.0
hpmcounter4,drift,seed7,82,11.0
hpmcounter4,drift,seed7,83,11.0
hpmcounter4,drift,seed7,84,11.0
hpmcounter4,drift,seed7,85,11.0
hpmcounter4,drift,seed7,86,11.0
hpmcounter4,drift,seed7,87,11.0
hpmcounter4,drift,seed7,88,11.0
hpmcounter4,drift,seed7,89,11.0
hpmcounter4,drift,seed7,90,11.0
hpmcounter4,drift,seed7,91,11.0
hpmcounter4,drift,seed7,92,11.0
hpmcounter4,drift,seed7,93,11.0
hpmcounter4,drift,seed7,94,11.0
hpmcounter4,drift,seed7,95,11.0
hpmcounter4,drift,seed7,96,11.0
hpmcounter4,drift,seed7,97,11.0
hpmcounter4,drift,seed7,98,11.0
hpmcounter4,drift,seed7,99,11.0
hpmcounter4,drift,seed7,100,11.0
hpmcounter4,drift,seed7,101,11.0
hpmcounter4,drift,seed7,102,11.0
hpmcounter4,drift,seed7,103,11.0
hpmcounter4,drift,seed7,104,11.0
hpmcounter4,drift,seed7,105,11.0
hpmcounter4,drift,seed7,106,11.0
hpmcounter4,drift,seed7,107,11.0
hpmcounter4,drift,seed7,108,11.0
hpmcounter4,drift,seed7,109,11.0
hpmcounter4,drift,seed7,110,11.0
hpmcounter4,drift,seed7,111,11.0
hpmcounter4,drift,seed7,112,11.0
hpmcounter4,drift,seed7,113,11.0
hpmcounter4,drift,seed7,114,11.0
hpmcounter4,drift,seed7,115,11.0
hpmcounter4,drift,seed7,116,11.0
hpmcounter4,drift,seed7,117,11.0
hpmcounter4,drift,seed7,118,11.545454545454545
hpmcounter4,drift,seed7,119,11.969696969696969
hpmcounter4,drift,seed7,120,12.272727272727273
hpmcounter4,drift,seed7,121,12.454545454545455
hpmcounter4,drift,seed7,122,12.515151515151516
hpmcounter4,drift,seed7,123,12.454545454545455
hpmcounter4,drift,seed7,124,12.272727272727273
hpmcounter4,drift,seed7,125,11.969696969696969
hpmcounter4,drift,seed7,126,11.545454545454545
hpmcounter4,drift,seed7,127,11.0
hpmcounter4,drift,seed7,128,11.0
hpmcounter4,drift,seed7,129,11.0
hpmcounter4,drift,seed7,130,11.0
hpmcounter4,drift,seed7,131,11.0
hpmcounter4,drift,seed7,132,11.0
hpmcounter4,drift,seed7,133,11.0
hpmcounter4,drift,seed7,134,11.0
hpmcounter4,drift,seed7,135,11.0
hpmcounter4,drift,seed7,136,11.0
hpmcounter4,drift,seed7,137,11.0
hpmcounter4,drift,seed7,138,11.0
hpmcounter4,drift,seed7,139,11.0
hpmcounter4,drift,seed7,140,11.0
hpmcounter4,drift,seed7,141,11.0
hpmcounter4,drift,seed7,142,11.0
hpmcounter4,drift,seed7,143,11.0
hpmcounter4,drift,seed7,144,11.0
hpmcounter4,drift,seed7,145,11.0
hpmcounter4,drift,seed7,146,11.0
hpmcounter4,drift,seed7,147,11.0
hpmcounter4,drift,seed7,148,11.0
hpmcounter4,drift,seed7,149,11.0
hpmcounter4,drift,seed7,150,11.0
hpmcounter4,drift,seed7,151,11.0
hpmcounter4,drift,seed7,152,11.0
hpmcounter4,drift,seed7,153,11.0
hpmcounter4,drift,seed7,154,11.0
hpmcounter4,drift,seed7,155,11.0
hpmcounter4,drift,seed7,156,11.0
hpmcounter4,drift,seed7,157,11.0
hpmcounter4,drift,seed7,158,11.0
hpmcounter4,drift,seed7,159,11.0
hpmcounter4,drift,seed7,160,11.0
hpmcounter4,drift,seed7,161,11.0
hpmcounter4,drift,seed7,162,11.0
hpmcounter4,drift,seed7,163,11.0
hpmcounter4,drift,seed7,164,11.0
hpmcounter4,drift,seed7,165,11.0
hpmcounter4,drift,seed7,166,11.0
hpmcounter4,drift,seed7,167,11.0
hpmcounter4,drift,seed7,168,11.0
hpmcounter4,drift,seed7,169,11.0
hpmcounter4,drift,seed7,170,11.0
hpmcounter4,drift,seed7,171,11.0
hpmcounter4,drift,seed7,172,11.545454545454545
hpmcounter4,drift,seed7,173,12.515151515151516
hpmcounter4,drift,seed7,174,13.787878787878787
hpmcounter4,drift,seed7,175,15.242424242424242
hpmcounter4,drift,seed7,176,16.757575757575758
hpmcounter4,drift,seed7,177,18.21212121212121
hpmcounter4,drift,seed7,178,19.484848484848484
hpmcounter4,drift,seed7,179,20.454545454545453
hpmcounter4,drift,seed7,180,21.0
hpmcounter4,drift,seed7,181,21.0
hpmcounter4,drift,seed7,182,21.0
hpmcounter4,drift,seed7,183,20.454545454545453
hpmcounter4,drift,seed7,184,19.484848484848484
hpmcounter4,drift,seed7,185,18.21212121212121
hpmcounter4,drift,seed7,186,16.757575757575758
hpmcounter4,drift,seed7,187,15.242424242424242
hpmcounter4,drift,seed7,188,13.787878787878787
hpmcounter4,drift,seed7,189,12.515151515151516
hpmcounter4,drift,seed7,190,11.545454545454545
hpmcounter4,drift,seed7,191,11.0
hpmcounter4,drift,seed7,192,11.0
hpmcounter4,drift,seed7,193,11.0
hpmcounter4,drift,seed7,194,11.0
hpmcounter4,drift,seed7,195,11.0
hpmcounter4,drift,seed7,196,11.0
hpmcounter4,drift,seed7,197,11.0
hpmcounter4,drift,seed7,198,11.0
hpmcounter4,drift,seed7,199,11.0
hpmcounter4,drift,seed7,200,11.0
hpmcounter4,drift,seed7,201,11.0
hpmcounter4,drift,seed7,202,11.0
hpmcounter4,drift,seed7,203,11.0
hpmcounter4,drift,seed7,204,11.0
hpmcounter4,drift,seed7,205,11.0
hpmcounter4,drift,seed7,206,11.0
hpmcounter4,drift,seed7,207,11.0
hpmcounter4,drift,seed7,208,11.0
hpmcounter4,drift,seed7,209,11.0
hpmcounter4,drift,seed7,210,11.0
hpmcounter4,drift,seed7,211,11.0
hpmcounter4,drift,seed7,212,11.0
hpmcounter4,drift,seed7,213,11.0
hpmcounter4,drift,seed7,214,11.0
hpmcounter4,drift,seed7,215,11.0
hpmcounter4,drift,seed7,216,11.0
hpmcounter4,drift,seed7,217,11.0
hpmcounter4,drift,seed7,218,11.0
hpmcounter4,drift,seed7,219,11.0
hpmcounter4,drift,seed7,220,11.0
hpmcounter4,drift,seed7,221,11.0
hpmcounter4,drift,seed7,222,11.0
hpmcounter4,drift,seed7,223,11.0
hpmcounter4,drift,seed7,224,11.0
hpmcounter4,drift,seed7,225,11.0
hpmcounter4,drift,seed7,226,11.0
hpmcounter4,drift,seed7,227,11.0
hpmcounter4,drift,seed7,228,11.0
hpmcounter4,drift,seed7,229,11.0
hpmcounter4,drift,seed7,230,11.0
hpmcounter4,drift,seed7,231,11.0
hpmcounter4,drift,seed7,232,11.0
hpmcounter4,drift,seed7,233,11.0
hpmcounter4,drift,seed7,234,11.0
hpmcounter4,drift,seed7,235,11.0
hpmcounter4,drift,seed7,236,11.0
hpmcounter4,drift,seed7,237,11.0
hpmcounter4,drift,seed7,238,11.0
hpmcounter4,drift,seed7,239,11.0
hpmcounter4,drift,seed7,240,11.0
hpmcounter4,drift,seed7,241,11.0
hpmcounter4,drift,seed7,242,11.0
hpmcounter4,drift,seed7,243,11.0
hpmcounter4,drift,seed7,244,11.0
hpmcounter4,drift,seed7,245,11.545454545454545
hpmcounter4,drift,seed7,246,12.515151515151516
hpmcounter4,drift,seed7,247,13.787878787878787
hpmcounter4,drift,seed7,248,15.242424242424242
hpmcounter4,drift,seed7,249,16.21212121212121
hpmcounter4,drift,seed7,250,16.696969696969695
hpmcounter4,drift,seed7,251,16.696969696969695
hpmcounter4,drift,seed7,252,16.21212121212121
hpmcounter4,drift,seed7,253,15.242424242424242
hpmcounter4,drift,seed7,254,13.787878787878787
hpmcounter4,drift,seed7,255,12.515151515151516
hpmcounter4,drift,seed7,256,11.545454545454545
hpmcounter4,drift,seed7,257,11.0
hpmcounter4,drift,seed7,258,11.0
hpmcounter4,drift,seed7,259,11.0
hpmcounter4,drift,seed7,260,11.0
hpmcounter4,drift,seed7,261,11.0
hpmcounter4,drift,seed7,262,11.0
hpmcounter4,drift,seed7,263,11.0
hpmcounter4,drift,seed7,264,11.0
hpmcounter4,drift,seed7,265,11.0
hpmcounter4,drift,seed7,266,11.0
hpmcounter4,drift,seed7,267,11.0
hpmcounter4,drift,seed7,268,11.0
hpmcounter4,drift,seed7,269,11.0
hpmcounter4,drift,seed7,270,11.0
hpmcounter4,drift,seed7,271,11.0
hpmcounter4,drift,seed7,272,11.0
hpmcounter4,drift,seed7,273,11.0
hpmcounter4,drift,seed7,274,11.0
hpmcounter4,drift,seed7,275,11.0
hpmcounter4,drift,seed7,276,11.0
hpmcounter4,drift,seed7,277,11.0
hpmcounter4,drift,seed7,278,11.0
hpmcounter4,drift,seed7,279,11.0
hpmcounter4,drift,seed7,280,11.0
hpmcounter4,drift,seed7,281,11.0
hpmcounter4,drift,seed7,282,11.0
hpmcounter4,drift,seed7,283,11.0
hpmcounter4,drift,seed7,284,11.0
hpmcounter4,drift,seed7,285,11.0
hpmcounter4,drift,seed7,286,11.0
hpmcounter4,drift,seed7,287,11.0
hpmcounter4,drift,seed7,288,11.0
hpmcounter4,drift,seed7,289,11.0
hpmcounter4,drift,seed7,290,11.0
hpmcounter4,drift,seed7,291,11.0
hpmcounter4,drift,seed7,292,11.0
hpmcounter4,drift,seed7,293,11.0
hpmcounter4,drift,seed7,294,11.0
hpmcounter4,drift,seed7,295,11.0
hpmcounter4,drift,seed7,296,11.0
hpmcounter4,drift,seed7,297,11.0
hpmcounter4,drift,seed7,298,11.0
hpmcounter4,drift,seed8,9,11.0
hpmcounter4,drift,seed8,10,11.0
hpmcounter4,drift,seed8,11,11.0
hpmcounter4,drift,seed8,12,11.0
hpmcounter4,drift,seed8,13,11.0
hpmcounter4,drift,seed8,14,11.0
hpmcounter4,drift,seed8,15,11.0
hpmcounter4,drift,seed8,16,11.0
hpmcounter4,drift,seed8,17,11.0
hpmcounter4,drift,seed8,18,11.0
hpmcounter4,drift,seed8,19,11.0
hpmcounter4,drift,seed8,20,11.0
hpmcounter4,drift,seed8,21,11.0
hpmcounter4,drift,seed8,22,11.0
hpmcounter4,drift,seed8,23,11.0
hpmcounter4,drift,seed8,24,11.0
hpmcounter4,drift,seed8,25,11.0
hpmcounter4,drift,seed8,26,11.0
hpmcounter4,drift,seed8,27,11.0
hpmcounter4,drift,seed8,28,11.0
hpmcounter4,drift,seed8,29,11.0
hpmcounter4,drift,seed8,30,11.0
hpmcounter4,drift,seed8,31,11.0
hpmcounter4,drift,seed8,32,11.0
hpmcounter4,drift,seed8,33,11.0
hpmcounter4,drift,seed8,34,11.0
hpmcounter4,drift,seed8,35,11.0
hpmcounter4,drift,seed8,36,11.0
hpmcounter4,drift,seed8,37,11.0
hpmcounter4,drift,seed8,38,11.0
hpmcounter4,drift,seed8,39,11.0
hpmcounter4,drift,seed8,40,11.0
hpmcounter4,drift,seed8,41,11.0
hpmcounter4,drift,seed8,42,11.0
hpmcounter4,drift,seed8,43,11.0
hpmcounter4,drift,seed8,44,11.0
hpmcounter4,drift,seed8,45,11.0
hpmcounter4,drift,seed8,46,11.0
hpmcounter4,drift,seed8,47,11.0
hpmcounter4,drift,seed8,48,11.0
hpmcounter4,drift,seed8,49,11.0
hpmcounter4,drift,seed8,50,11.0
hpmcounter4,drift,seed8,51,11.0
hpmcounter4,drift,seed8,52,11.0
hpmcounter4,drift,seed8,53,11.0
hpmcounter4,drift,seed8,54,11.0
hpmcounter4,drift,seed8,55,11.0
hpmcounter4,drift,seed8,56,11.545454545454545
hpmcounter4,drift,seed8,57,12.515151515151516
hpmcounter4,drift,seed8,58,13.787878787878787
hpmcounter4,drift,seed8,59,14.696969696969697
hpmcounter4,drift,seed8,60,15.242424242424242
hpmcounter4,drift,seed8,61,15.969696969696969
hpmcounter4,drift,seed8,62,16.757575757575758
hpmcounter4,drift,seed8,63,16.939393939393938
hpmcounter4,drift,seed8,64,16.515151515151516
hpmcounter4,drift,seed8,65,15.484848484848484
hpmcounter4,drift,seed8,66,14.515151515151516
hpmcounter4,drift,seed8,67,13.727272727272727
hpmcounter4,drift,seed8,68,13.242424242424242
hpmcounter4,drift,seed8,69,12.515151515151516
hpmcounter4,drift,seed8,70,11.545454545454545
hpmcounter4,drift,seed8,71,11.0
hpmcounter4,drift,seed8,72,11.0
hpmcounter4,drift,seed8,73,11.0
hpmcounter4,drift,seed8,74,11.0
hpmcounter4,drift,seed8,75,11.0
hpmcounter4,drift,seed8,76,11.0
hpmcounter4,drift,seed8,77,11.545454545454545
hpmcounter4,drift,seed8,78,11.969696969696969
hpmcounter4,drift,seed8,79,12.272727272727273
hpmcounter4,drift,seed8,80,12.454545454545455
hpmcounter4,drift,seed8,81,12.515151515151516
hpmcounter4,drift,seed8,82,12.454545454545455
hpmcounter4,drift,seed8,83,12.272727272727273
hpmcounter4,drift,seed8,84,11.969696969696969
hpmcounter4,drift,seed8,85,11.545454545454545
hpmcounter4,drift,seed8,86,11.0
hpmcounter4,drift,seed8,87,11.0
hpmcounter4,drift,seed8,88,11.0
hpmcounter4,drift,seed8,89,11.0
hpmcounter4,drift,seed8,90,11.0
hpmcounter4,drift,seed8,91,11.0
hpmcounter4,drift,seed8,92,11.0
hpmcounter4,drift,seed8,93,11.0
hpmcounter4,drift,seed8,94,11.0
hpmcounter4,drift,seed8,95,11.0
hpmcounter4,drift,seed8,96,11.0
hpmcounter4,drift,seed8,97,11.0
hpmcounter4,drift,seed8,98,11.0
hpmcounter4,drift,seed8,99,11.0
hpmcounter4,drift,seed8,100,11.0
hpmcounter4,drift,seed8,101,11.0
hpmcounter4,drift,seed8,102,11.0
hpmcounter4,drift,seed8,103,11.0
hpmcounter4,drift,seed8,104,11.0
hpmcounter4,drift,seed8,105,11.0
hpmcounter4,drift,seed8,106,11.0
hpmcounter4,drift,seed8,107,11.0
hpmcounter4,drift,seed8,108,11.0
hpmcounter4,drift,seed8,109,11.0
hpmcounter4,drift,seed8,110,11.0
hpmcounter4,drift,seed8,111,11.0
hpmcounter4,drift,seed8,112,11.0
hpmcounter4,drift,seed8,113,11.0
hpmcounter4,drift,seed8,114,11.0
hpmcounter4,drift,seed8,115,11.0
hpmcounter4,drift,seed8,116,11.0
hpmcounter4,drift,seed8,117,11.0
hpmcounter4,drift,seed8,118,11.0
hpmcounter4,drift,seed8,119,11.0
hpmcounter4,drift,seed8,120,11.0
hpmcounter4,drift,seed8,121,11.0
hpmcounter4,drift,seed8,122,11.0
hpmcounter4,drift,seed8,123,11.0
hpmcounter4,drift,seed8,124,11.0
hpmcounter4,drift,seed8,125,11.0
hpmcounter4,drift,seed8,126,11.0
hpmcounter4,drift,seed8,127,11.0
hpmcounter4,drift,seed8,128,11.0
hpmcounter4,drift,seed8,129,11.0
hpmcounter4,drift,seed8,130,11.0
hpmcounter4,drift,seed8,131,11.0
hpmcounter4,drift,seed8,132,11.0
hpmcounter4,drift,seed8,133,11.0
hpmcounter4,drift,seed8,134,11.0
hpmcounter4,drift,seed8,135,11.0
hpmcounter4,drift,seed8,136,11.0
hpmcounter4,drift,seed8,137,11.0
hpmcounter4,drift,seed8,138,11.545454545454545
hpmcounter4,drift,seed8,139,12.515151515151516
hpmcounter4,drift,seed8,140,13.787878787878787
hpmcounter4,drift,seed8,141,15.242424242424242
hpmcounter4,drift,seed8,142,16.757575757575758
hpmcounter4,drift,seed8,143,18.21212121212121
hpmcounter4,drift,seed8,144,19.484848484848484
hpmcounter4,drift,seed8,145,20.454545454545453
hpmcounter4,drift,seed8,146,20.454545454545453
hpmcounter4,drift,seed8,147,19.484848484848484
hpmcounter4,drift,seed8,148,18.21212121212121
hpmcounter4,drift,seed8,149,16.757575757575758
hpmcounter4,drift,seed8,150,15.242424242424242
hpmcounter4,drift,seed8,151,13.787878787878787
hpmcounter4,drift,seed8,152,12.515151515151516
hpmcounter4,drift,seed8,153,11.545454545454545
hpmcounter4,drift,seed8,154,11.0
hpmcounter4,drift,seed8,155,11.0
hpmcounter4,drift,seed8,156,11.0
hpmcounter4,drift,seed8,157,11.0
hpmcounter4,drift,seed8,158,11.0
hpmcounter4,drift,seed8,159,11.0
hpmcounter4,drift,seed8,160,11.0
hpmcounter4,drift,seed8,161,11.545454545454545
hpmcounter4,drift,seed8,162,12.515151515151516
hpmcounter4,drift,seed8,163,13.787878787878787
hpmcounter4,drift,seed8,164,15.242424242424242
hpmcounter4,drift,seed8,165,16.757575757575758
hpmcounter4,drift,seed8,166,18.21212121212121
hpmcounter4,drift,seed8,167,19.484848484848484
hpmcounter4,drift,seed8,168,20.454545454545453
hpmcounter4,drift,seed8,169,21.0
hpmcounter4,drift,seed8,170,20.454545454545453
hpmcounter4,drift,seed8,171,19.484848484848484
hpmcounter4,drift,seed8,172,18.21212121212121
hpmcounter4,drift,seed8,173,16.757575757575758
hpmcounter4,drift,seed8,174,15.242424242424242
hpmcounter4,drift,seed8,175,13.787878787878787
hpmcounter4,drift,seed8,176,12.515151515151516
hpmcounter4,drift,seed8,177,11.545454545454545
hpmcounter4,drift,seed8,178,11.0
hpmcounter4,drift,seed8,179,11.0
hpmcounter4,drift,seed8,180,11.0
hpmcounter4,drift,seed8,181,11.0
hpmcounter4,drift,seed8,182,11.0
hpmcounter4,drift,seed8,183,11.0
hpmcounter4,drift,seed8,184,11.0
hpmcounter4,drift,seed8,185,11.0
hpmcounter4,drift,seed8,186,11.0
hpmcounter4,drift,seed8,187,11.0
hpmcounter4,drift,seed8,188,11.0
hpmcounter4,drift,seed8,189,11.0
hpmcounter4,drift,seed8,190,11.0
hpmcounter4,drift,seed8,191,11.0
hpmcounter4,drift,seed8,192,11.0
hpmcounter4,drift,seed8,193,11.0
hpmcounter4,drift,seed8,194,11.0
hpmcounter4,drift,seed8,195,11.0
hpmcounter4,drift,seed8,196,11.0
hpmcounter4,drift,seed8,197,11.0
hpmcounter4,drift,seed8,198,11.0
hpmcounter4,drift,seed8,199,11.0
hpmcounter4,drift,seed8,200,11.0
hpmcounter4,drift,seed8,201,11.0
hpmcounter4,drift,seed8,202,11.0
hpmcounter4,drift,seed8,203,11.0
hpmcounter4,drift,seed8,204,11.0
hpmcounter4,drift,seed8,205,11.0
hpmcounter4,drift,seed8,206,11.0
hpmcounter4,drift,seed8,207,11.0
hpmcounter4,drift,seed8,208,11.0
hpmcounter4,drift,seed8,209,11.0
hpmcounter4,drift,seed8,210,11.0
hpmcounter4,drift,seed8,211,11.0
hpmcounter4,drift,seed8,212,11.0
hpmcounter4,drift,seed8,213,11.0
hpmcounter4,drift,seed8,214,11.0
hpmcounter4,drift,seed8,215,11.0
hpmcounter4,drift,seed8,216,11.0
hpmcounter4,drift,seed8,217,11.0
hpmcounter4,drift,seed8,218,11.0
hpmcounter4,drift,seed8,219,11.0
hpmcounter4,drift,seed8,220,11.0
hpmcounter4,drift,seed8,221,11.0
hpmcounter4,drift,seed8,222,11.0
hpmcounter4,drift,seed8,223,11.0
hpmcounter4,drift,seed8,224,11.0
hpmcounter4,drift,seed8,225,11.0
hpmcounter4,drift,seed8,226,11.0
hpmcounter4,drift,seed8,227,11.0
hpmcounter4,drift,seed8,228,11.0
hpmcounter4,drift,seed8,229,11.0
hpmcounter4,drift,seed8,230,11.0
hpmcounter4,drift,seed8,231,11.0
hpmcounter4,drift,seed8,232,11.0
hpmcounter4,drift,seed8,233,11.0
hpmcounter4,drift,seed8,234,11.0
hpmcounter4,drift,seed8,235,11.0
hpmcounter4,drift,seed8,236,11.0
hpmcounter4,drift,seed8,237,11.0
hpmcounter4,drift,seed8,238,11.0
hpmcounter4,drift,seed8,239,11.0
hpmcounter4,drift,seed8,240,11.0
hpmcounter4,drift,seed8,241,11.0
hpmcounter4,drift,seed8,242,11.0
hpmcounter4,drift,seed8,243,11.0
hpmcounter4,drift,seed8,244,11.545454545454545
hpmcounter4,drift,seed8,245,12.515151515151516
hpmcounter4,drift,seed8,246,13.787878787878787
hpmcounter4,drift,seed8,247,14.696969696969697
hpmcounter4,drift,seed8,248,15.242424242424242
hpmcounter4,drift,seed8,249,15.424242424242424
hpmcounter4,drift,seed8,250,15.242424242424242
hpmcounter4,drift,seed8,251,14.696969696969697
hpmcounter4,drift,seed8,252,13.787878787878787
hpmcounter4,drift,seed8,253,12.515151515151516
hpmcounter4,drift,seed8,254,11.545454545454545
hpmcounter4,drift,seed8,255,11.0
hpmcounter4,drift,seed8,256,11.0
hpmcounter4,drift,seed8,257,11.0
hpmcounter4,drift,seed8,258,11.0
hpmcounter4,drift,seed8,259,11.0
hpmcounter4,drift,seed8,260,11.0
hpmcounter4,drift,seed8,261,11.0
hpmcounter4,drift,seed8,262,11.0
hpmcounter4,drift,seed8,263,11.0
hpmcounter4,drift,seed8,264,11.0
hpmcounter4,drift,seed8,265,11.0
hpmcounter4,drift,seed8,266,11.0
hpmcounter4,drift,seed8,267,11.0
hpmcounter4,drift,seed8,268,11.0
hpmcounter4,drift,seed8,269,11.0
hpmcounter4,drift,seed8,270,11.0
hpmcounter4,drift,seed8,271,11.0
hpmcounter4,drift,seed8,272,11.0
hpmcounter4,drift,seed8,273,11.0
hpmcounter4,drift,seed8,274,11.0
hpmcounter4,drift,seed8,275,11.0
hpmcounter4,drift,seed8,276,11.0
hpmcounter4,drift,seed8,277,11.0
hpmcounter4,drift,seed8,278,11.0
hpmcounter4,drift,seed8,279,11.0
hpmcounter4,drift,seed8,280,11.0
hpmcounter4,drift,seed8,281,11.0
hpmcounter4,drift,seed8,282,11.0
hpmcounter4,drift,seed8,283,11.0
hpmcounter4,drift,seed8,284,11.0
hpmcounter4,drift,seed8,285,11.0
hpmcounter4,drift,seed8,286,11.0
hpmcounter4,drift,seed8,287,11.0
hpmcounter4,drift,seed8,288,11.0
hpmcounter4,drift,seed8,289,11.0
hpmcounter4,drift,seed8,290,11.0
hpmcounter4,drift,seed8,291,11.0
hpmcounter4,drift,seed8,292,11.0
hpmcounter4,drift,seed8,293,11.0
hpmcounter4,drift,seed8,294,11.0
hpmcounter4,drift,seed8,295,11.0
hpmcounter4,drift,seed8,296,11.0
hpmcounter4,drift,seed8,297,11.0
hpmcounter4,drift,seed8,298,11.0
hpmcounter4,drift,seed9,9,11.0
hpmcounter4,drift,seed9,10,11.0
hpmcounter4,drift,seed9,11,11.0
hpmcounter4,drift,seed9,12,11.0
hpmcounter4,drift,seed9,13,11.0
hpmcounter4,drift,seed9,14,11.0
hpmcounter4,drift,seed9,15,11.0
hpmcounter4,drift,seed9,16,11.0
hpmcounter4,drift,seed9,17,11.0
hpmcounter4,drift,seed9,18,11.0
hpmcounter4,drift,seed9,19,11.0
hpmcounter4,drift,seed9,20,11.0
hpmcounter4,drift,seed9,21,11.0
hpmcounter4,drift,seed9,22,11.0
hpmcounter4,drift,seed9,23,11.0
hpmcounter4,drift,seed9,24,11.0
hpmcounter4,drift,seed9,25,11.0
hpmcounter4,drift,seed9,26,11.0
hpmcounter4,drift,seed9,27,11.0
hpmcounter4,drift,seed9,28,11.0
hpmcounter4,drift,seed9,29,11.0
hpmcounter4,drift,seed9,30,11.0
hpmcounter4,drift,seed9,31,11.0
hpmcounter4,drift,seed9,32,11.0
hpmcounter4,drift,seed9,33,11.0
hpmcounter4,drift,seed9,34,11.0
hpmcounter4,drift,seed9,35,11.0
hpmcounter4,drift,seed9,36,11.0
hpmcounter4,drift,seed9,37,11.0
hpmcounter4,drift,seed9,38,11.0
hpmcounter4,drift,seed9,39,11.0
hpmcounter4,drift,seed9,40,11.0
hpmcounter4,drift,seed9,41,11.0
hpmcounter4,drift,seed9,42,11.0
hpmcounter4,drift,seed9,43,11.0
hpmcounter4,drift,seed9,44,11.0
hpmcounter4,drift,seed9,45,11.0
hpmcounter4,drift,seed9,46,11.0
hpmcounter4,drift,seed9,47,11.0
hpmcounter4,drift,seed9,48,11.0
hpmcounter4,drift,seed9,49,11.0
hpmcounter4,drift,seed9,50,11.0
hpmcounter4,drift,seed9,51,11.0
hpmcounter4,drift,seed9,52,11.0
hpmcounter4,drift,seed9,53,11.0
hpmcounter4,drift,seed9,54,11.0
hpmcounter4,drift,seed9,55,11.0
hpmcounter4,drift,seed9,56,11.0
hpmcounter4,drift,seed9,57,11.0
hpmcounter4,drift,seed9,58,11.0
hpmcounter4,drift,seed9,59,11.0
hpmcounter4,drift,seed9,60,11.0
hpmcounter4,drift,seed9,61,11.0
hpmcounter4,drift,seed9,62,11.0
hpmcounter4,drift,seed9,63,11.0
hpmcounter4,drift,seed9,64,11.0
hpmcounter4,drift,seed9,65,11.0
hpmcounter4,drift,seed9,66,11.0
hpmcounter4,drift,seed9,67,11.0
hpmcounter4,drift,seed9,68,11.0
hpmcounter4,drift,seed9,69,11.0
hpmcounter4,drift,seed9,70,11.0
hpmcounter4,drift,seed9,71,11.0
hpmcounter4,drift,seed9,72,11.0
hpmcounter4,drift,seed9,73,11.0
hpmcounter4,drift,seed9,74,11.0
hpmcounter4,drift,seed9,75,11.0
hpmcounter4,drift,seed9,76,11.545454545454545
hpmcounter4,drift,seed9,77,12.515151515151516
hpmcounter4,drift,seed9,78,13.787878787878787
hpmcounter4,drift,seed9,79,15.242424242424242
hpmcounter4,drift,seed9,80,16.21212121212121
hpmcounter4,drift,seed9,81,16.696969696969695
hpmcounter4,drift,seed9,82,16.696969696969695
hpmcounter4,drift,seed9,83,16.21212121212121
hpmcounter4,drift,seed9,84,15.242424242424242
hpmcounter4,drift,seed9,85,13.787878787878787
hpmcounter4,drift,seed9,86,12.515151515151516
hpmcounter4,drift,seed9,87,11.545454545454545
hpmcounter4,drift,seed9,88,11.0
hpmcounter4,drift,seed9,89,11.0
hpmcounter4,drift,seed9,90,11.0
hpmcounter4,drift,seed9,91,11.0
hpmcounter4,drift,seed9,92,11.0
hpmcounter4,drift,seed9,93,11.0
hpmcounter4,drift,seed9,94,11.0
hpmcounter4,drift,seed9,95,11.0
hpmcounter4,drift,seed9,96,11.0
hpmcounter4,drift,seed9,97,11.0
hpmcounter4,drift,seed9,98,11.0
hpmcounter4,drift,seed9,99,11.0
hpmcounter4,drift,seed9,100,11.0
hpmcounter4,drift,seed9,101,11.0
hpmcounter4,drift,seed9,102,11.0
hpmcounter4,drift,seed9,103,11.0
hpmcounter4,drift,seed9,104,11.0
hpmcounter4,drift,seed9,105,11.0
hpmcounter4,drift,seed9,106,11.0
hpmcounter4,drift,seed9,107,11.0
hpmcounter4,drift,seed9,108,11.0
hpmcounter4,drift,seed9,109,11.0
hpmcounter4,drift,seed9,110,11.0
hpmcounter4,drift,seed9,111,11.0
hpmcounter4,drift,seed9,112,11.0
hpmcounter4,drift,seed9,113,11.0
hpmcounter4,drift,seed9,114,11.0
hpmcounter4,drift,seed9,115,11.0
hpmcounter4,drift,seed9,116,11.0
hpmcounter4,drift,seed9,117,11.0
hpmcounter4,drift,seed9,118,11.0
hpmcounter4,drift,seed9,119,11.0
hpmcounter4,drift,seed9,120,11.0
hpmcounter4,drift,seed9,121,11.0
hpmcounter4,drift,seed9,122,11.0
hpmcounter4,drift,seed9,123,11.0
hpmcounter4,drift,seed9,124,11.0
hpmcounter4,drift,seed9,125,11.0
hpmcounter4,drift,seed9,126,11.0
hpmcounter4,drift,seed9,127,11.0
hpmcounter4,drift,seed9,128,11.0
hpmcounter4,drift,seed9,129,11.0
hpmcounter4,drift,seed9,130,11.0
hpmcounter4,drift,seed9,131,11.0
hpmcounter4,drift,seed9,132,11.0
hpmcounter4,drift,seed9,133,11.0
hpmcounter4,drift,seed9,134,11.0
hpmcounter4,drift,seed9,135,11.0
hpmcounter4,drift,seed9,136,11.0
hpmcounter4,drift,seed9,137,11.0
hpmcounter4,drift,seed9,138,11.0
hpmcounter4,drift,seed9,139,11.0
hpmcounter4,drift,seed9,140,11.0
hpmcounter4,drift,seed9,141,11.0
hpmcounter4,drift,seed9,142,11.0
hpmcounter4,drift,seed9,143,11.0
hpmcounter4,drift,seed9,144,11.0
hpmcounter4,drift,seed9,145,11.0
hpmcounter4,drift,seed9,146,11.0
hpmcounter4,drift,seed9,147,11.0
hpmcounter4,drift,seed9,148,11.0
hpmcounter4,drift,seed9,149,11.0
hpmcounter4,drift,seed9,150,11.0
hpmcounter4,drift,seed9,151,11.0
hpmcounter4,drift,seed9,152,11.0
hpmcounter4,drift,seed9,153,11.0
hpmcounter4,drift,seed9,154,11.0
hpmcounter4,drift,seed9,155,11.545454545454545
hpmcounter4,drift,seed9,156,12.515151515151516
hpmcounter4,drift,seed9,157,13.787878787878787
hpmcounter4,drift,seed9,158,15.242424242424242
hpmcounter4,drift,seed9,159,16.757575757575758
hpmcounter4,drift,seed9,160,18.21212121212121
hpmcounter4,drift,seed9,161,19.484848484848484
hpmcounter4,drift,seed9,162,20.454545454545453
hpmcounter4,drift,seed9,163,20.454545454545453
hpmcounter4,drift,seed9,164,19.484848484848484
hpmcounter4,drift,seed9,165,18.21212121212121
hpmcounter4,drift,seed9,166,16.757575757575758
hpmcounter4,drift,seed9,167,15.242424242424242
hpmcounter4,drift,seed9,168,13.787878787878787
hpmcounter4,drift,seed9,169,12.515151515151516
hpmcounter4,drift,seed9,170,11.545454545454545
hpmcounter4,drift,seed9,171,11.0
hpmcounter4,drift,seed9,172,11.0
hpmcounter4,drift,seed9,173,11.0
hpmcounter4,drift,seed9,174,11.0
hpmcounter4,drift,seed9,175,11.0
hpmcounter4,drift,seed9,176,11.0
hpmcounter4,drift,seed9,177,11.0
hpmcounter4,drift,seed9,178,11.0
hpmcounter4,drift,seed9,179,11.0
hpmcounter4,drift,seed9,180,11.0
hpmcounter4,drift,seed9,181,11.0
hpmcounter4,drift,seed9,182,11.0
hpmcounter4,drift,seed9,183,11.0
hpmcounter4,drift,seed9,184,11.0
hpmcounter4,drift,seed9,185,11.0
hpmcounter4,drift,seed9,186,11.0
hpmcounter4,drift,seed9,187,11.0
hpmcounter4,drift,seed9,188,11.0
hpmcounter4,drift,seed9,189,11.0
hpmcounter4,drift,seed9,190,11.0
hpmcounter4,drift,seed9,191,11.545454545454545
hpmcounter4,drift,seed9,192,12.515151515151516
hpmcounter4,drift,seed9,193,13.787878787878787
hpmcounter4,drift,seed9,194,15.242424242424242
hpmcounter4,drift,seed9,195,16.21212121212121
hpmcounter4,drift,seed9,196,16.696969696969695
hpmcounter4,drift,seed9,197,16.696969696969695
hpmcounter4,drift,seed9,198,16.21212121212121
hpmcounter4,drift,seed9,199,15.242424242424242
hpmcounter4,drift,seed9,200,13.787878787878787
hpmcounter4,drift,seed9,201,12.515151515151516
hpmcounter4,drift,seed9,202,11.545454545454545
hpmcounter4,drift,seed9,203,11.0
hpmcounter4,drift,seed9,204,11.0
hpmcounter4,drift,seed9,205,11.0
hpmcounter4,drift,seed9,206,11.0
hpmcounter4,drift,seed9,207,11.0
hpmcounter4,drift,seed9,208,11.0
hpmcounter4,drift,seed9,209,11.0
hpmcounter4,drift,seed9,210,11.0
hpmcounter4,drift,seed9,211,11.0
hpmcounter4,drift,seed9,212,11.0
hpmcounter4,drift,seed9,213,11.0
hpmcounter4,drift,seed9,214,11.0
hpmcounter4,drift,seed9,215,11.0
hpmcounter4,drift,seed9,216,11.0
hpmcounter4,drift,seed9,217,11.0
hpmcounter4,drift,seed9,218,11.0
hpmcounter4,drift,seed9,219,11.0
hpmcounter4,drift,seed9,220,11.0
hpmcounter4,drift,seed9,221,11.0
hpmcounter4,drift,seed9,222,11.0
hpmcounter4,drift,seed9,223,11.0
hpmcounter4,drift,seed9,224,11.0
hpmcounter4,drift,seed9,225,11.0
hpmcounter4,drift,seed9,226,11.0
hpmcounter4,drift,seed9,227,11.0
hpmcounter4,drift,seed9,228,11.0
hpmcounter4,drift,seed9,229,11.0
hpmcounter4,drift,seed9,230,11.0
hpmcounter4,drift,seed9,231,11.0
hpmcounter4,drift,seed9,232,11.0
hpmcounter4,drift,seed9,233,11.0
hpmcounter4,drift,seed9,234,11.0
hpmcounter4,drift,seed9,235,11.0
hpmcounter4,drift,seed9,236,11.0
hpmcounter4,drift,seed9,237,11.0
hpmcounter4,drift,seed9,238,11.0
hpmcounter4,drift,seed9,239,11.0
hpmcounter4,drift,seed9,240,11.0
hpmcounter4,drift,seed9,241,11.0
hpmcounter4,drift,seed9,242,11.0
hpmcounter4,drift,seed9,243,11.0
hpmcounter4,drift,seed9,244,11.0
hpmcounter4,drift,seed9,245,11.0
hpmcounter4,drift,seed9,246,11.0
hpmcounter4,drift,seed9,247,11.0
hpmcounter4,drift,seed9,248,11.0
hpmcounter4,drift,seed9,249,11.0
hpmcounter4,drift,seed9,250,11.0
hpmcounter4,drift,seed9,251,11.0
hpmcounter4,drift,seed9,252,11.0
hpmcounter4,drift,seed9,253,11.0
hpmcounter4,drift,seed9,254,11.0
hpmcounter4,drift,seed9,255,11.0
hpmcounter4,drift,seed9,256,11.0
hpmcounter4,drift,seed9,257,11.0
hpmcounter4,drift,seed9,258,11.0
hpmcounter4,drift,seed9,259,11.0
hpmcounter4,drift,seed9,260,11.0
hpmcounter4,drift,seed9,261,11.0
hpmcounter4,drift,seed9,262,11.0
hpmcounter4,drift,seed9,263,11.0
hpmcounter4,drift,seed9,264,11.0
hpmcounter4,drift,seed9,265,11.0
hpmcounter4,drift,seed9,266,11.0
hpmcounter4,drift,seed9,267,11.0
hpmcounter4,drift,seed9,268,11.0
hpmcounter4,drift,seed9,269,11.0
hpmcounter4,drift,seed9,270,11.0
hpmcounter4,drift,seed9,271,11.0
hpmcounter4,drift,seed9,272,11.0
hpmcounter4,drift,seed9,273,11.0
hpmcounter4,drift,seed9,274,11.0
hpmcounter4,drift,seed9,275,11.0
hpmcounter4,drift,seed9,276,11.0
hpmcounter4,drift,seed9,277,11.0
hpmcounter4,drift,seed9,278,11.0
hpmcounter4,drift,seed9,279,11.0
hpmcounter4,drift,seed9,280,11.0
hpmcounter4,drift,seed9,281,11.0
hpmcounter4,drift,seed9,282,11.0
hpmcounter4,drift,seed9,283,11.0
hpmcounter4,drift,seed9,284,11.0
hpmcounter4,drift,seed9,285,11.0
hpmcounter4,drift,seed9,286,11.0
hpmcounter4,drift,seed9,287,11.0
hpmcounter4,drift,seed9,288,11.0
hpmcounter4,drift,seed9,289,11.0
hpmcounter4,drift,seed9,290,11.0
hpmcounter4,drift,seed9,291,11.0
hpmcounter4,drift,seed9,292,11.0
hpmcounter4,drift,seed9,293,11.0
hpmcounter4,drift,seed9,294,11.0
hpmcounter4,drift,seed9,295,11.0
hpmcounter4,drift,seed9,296,11.0
hpmcounter4,drift,seed9,297,11.0
hpmcounter4,drift,seed9,298,11.0
hpmcounter4,jump,seed1,9,11.0
hpmcounter4,jump,seed1,10,11.0
hpmcounter4,jump,seed1,11,11.0
hpmcounter4,jump,seed1,12,11.0
hpmcounter4,jump,seed1,13,11.0
hpmcounter4,jump,seed1,14,11.0
hpmcounter4,jump,seed1,15,11.0
hpmcounter4,jump,seed1,16,11.0
hpmcounter4,jump,seed1,17,11.0
hpmcounter4,jump,seed1,18,11.0
hpmcounter4,jump,seed1,19,11.0
hpmcounter4,jump,seed1,20,11.0
hpmcounter4,jump,seed1,21,11.0
hpmcounter4,jump,seed1,22,11.0
hpmcounter4,jump,seed1,23,11.0
hpmcounter4,jump,seed1,24,11.0
hpmcounter4,jump,seed1,25,11.0
hpmcounter4,jump,seed1,26,11.0
hpmcounter4,jump,seed1,27,11.0
hpmcounter4,jump,seed1,28,11.0
hpmcounter4,jump,seed1,29,11.0
hpmcounter4,jump,seed1,30,11.0
hpmcounter4,jump,seed1,31,11.0
hpmcounter4,jump,seed1,32,11.0
hpmcounter4,jump,seed1,33,11.0
hpmcounter4,jump,seed1,34,11.0
hpmcounter4,jump,seed1,35,11.0
hpmcounter4,jump,seed1,36,11.0
hpmcounter4,jump,seed1,37,11.0
hpmcounter4,jump,seed1,38,11.0
hpmcounter4,jump,seed1,39,11.0
hpmcounter4,jump,seed1,40,11.0
hpmcounter4,jump,seed1,41,11.0
hpmcounter4,jump,seed1,42,11.0
hpmcounter4,jump,seed1,43,11.0
hpmcounter4,jump,seed1,44,11.0
hpmcounter4,jump,seed1,45,11.0
hpmcounter4,jump,seed1,46,11.0
hpmcounter4,jump,seed1,47,11.0
hpmcounter4,jump,seed1,48,11.0
hpmcounter4,jump,seed1,49,11.0
hpmcounter4,jump,seed1,50,11.0
hpmcounter4,jump,seed1,51,11.0
hpmcounter4,jump,seed1,52,11.0
hpmcounter4,jump,seed1,53,11.0
hpmcounter4,jump,seed1,54,11.0
hpmcounter4,jump,seed1,55,11.0
hpmcounter4,jump,seed1,56,11.0
hpmcounter4,jump,seed1,57,11.0
hpmcounter4,jump,seed1,58,11.0
hpmcounter4,jump,seed1,59,11.0
hpmcounter4,jump,seed1,60,11.0
hpmcounter4,jump,seed1,61,11.0
hpmcounter4,jump,seed1,62,11.0
hpmcounter4,jump,seed1,63,11.545454545454545
hpmcounter4,jump,seed1,64,11.969696969696969
hpmcounter4,jump,seed1,65,12.272727272727273
hpmcounter4,jump,seed1,66,12.454545454545455
hpmcounter4,jump,seed1,67,12.515151515151516
hpmcounter4,jump,seed1,68,12.454545454545455
hpmcounter4,jump,seed1,69,12.272727272727273
hpmcounter4,jump,seed1,70,11.969696969696969
hpmcounter4,jump,seed1,71,11.545454545454545
hpmcounter4,jump,seed1,72,11.0
hpmcounter4,jump,seed1,73,11.0
hpmcounter4,jump,seed1,74,11.0
hpmcounter4,jump,seed1,75,11.0
hpmcounter4,jump,seed1,76,11.0
hpmcounter4,jump,seed1,77,11.0
hpmcounter4,jump,seed1,78,11.0
hpmcounter4,jump,seed1,79,11.0
hpmcounter4,jump,seed1,80,11.0
hpmcounter4,jump,seed1,81,11.0
hpmcounter4,jump,seed1,82,11.0
hpmcounter4,jump,seed1,83,11.0
hpmcounter4,jump,seed1,84,11.0
hpmcounter4,jump,seed1,85,11.0
hpmcounter4,jump,seed1,86,11.0
hpmcounter4,jump,seed1,87,11.0
hpmcounter4,jump,seed1,88,11.0
hpmcounter4,jump,seed1,89,11.0
hpmcounter4,jump,seed1,90,11.0
hpmcounter4,jump,seed1,91,11.0
hpmcounter4,jump,seed1,92,11.0
hpmcounter4,jump,seed1,93,11.0
hpmcounter4,jump,seed1,94,11.0
hpmcounter4,jump,seed1,95,11.0
hpmcounter4,jump,seed1,96,11.0
hpmcounter4,jump,seed1,97,11.0
hpmcounter4,jump,seed1,98,11.0
hpmcounter4,jump,seed1,99,11.0
hpmcounter4,jump,seed1,100,11.0
hpmcounter4,jump,seed1,101,11.0
hpmcounter4,jump,seed1,102,11.0
hpmcounter4,jump,seed1,103,11.0
hpmcounter4,jump,seed1,104,11.0
hpmcounter4,jump,seed1,105,11.0
hpmcounter4,jump,seed1,106,11.0
hpmcounter4,jump,seed1,107,11.0
hpmcounter4,jump,seed1,108,11.0
hpmcounter4,jump,seed1,109,11.0
hpmcounter4,jump,seed1,110,11.0
hpmcounter4,jump,seed1,111,11.0
hpmcounter4,jump,seed1,112,11.0
hpmcounter4,jump,seed1,113,11.0
hpmcounter4,jump,seed1,114,11.0
hpmcounter4,jump,seed1,115,11.0
hpmcounter4,jump,seed1,116,11.0
hpmcounter4,jump,seed1,117,11.0
hpmcounter4,jump,seed1,118,11.0
hpmcounter4,jump,seed1,119,11.0
hpmcounter4,jump,seed1,120,11.0
hpmcounter4,jump,seed1,121,11.0
hpmcounter4,jump,seed1,122,11.0
hpmcounter4,jump,seed1,123,11.0
hpmcounter4,jump,seed1,124,11.0
hpmcounter4,jump,seed1,125,11.0
hpmcounter4,jump,seed1,126,11.0
hpmcounter4,jump,seed1,127,11.0
hpmcounter4,jump,seed1,128,11.0
hpmcounter4,jump,seed1,129,11.0
hpmcounter4,jump,seed1,130,11.0
hpmcounter4,jump,seed1,131,11.0
hpmcounter4,jump,seed1,132,11.0
hpmcounter4,jump,seed1,133,11.0
hpmcounter4,jump,seed1,134,11.0
hpmcounter4,jump,seed1,135,11.0
hpmcounter4,jump,seed1,136,11.0
hpmcounter4,jump,seed1,137,11.0
hpmcounter4,jump,seed1,138,11.0
hpmcounter4,jump,seed1,139,11.0
hpmcounter4,jump,seed1,140,11.0
hpmcounter4,jump,seed1,141,11.0
hpmcounter4,jump,seed1,142,11.0
hpmcounter4,jump,seed1,143,11.0
hpmcounter4,jump,seed1,144,11.0
hpmcounter4,jump,seed1,145,11.0
hpmcounter4,jump,seed1,146,11.0
hpmcounter4,jump,seed1,147,11.0
hpmcounter4,jump,seed1,148,11.0
hpmcounter4,jump,seed1,149,11.0
hpmcounter4,jump,seed1,150,11.0
hpmcounter4,jump,seed1,151,11.545454545454545
hpmcounter4,jump,seed1,152,12.515151515151516
hpmcounter4,jump,seed1,153,13.787878787878787
hpmcounter4,jump,seed1,154,15.242424242424242
hpmcounter4,jump,seed1,155,16.757575757575758
hpmcounter4,jump,seed1,156,18.21212121212121
hpmcounter4,jump,seed1,157,19.484848484848484
hpmcounter4,jump,seed1,158,20.454545454545453
hpmcounter4,jump,seed1,159,21.0
hpmcounter4,jump,seed1,160,21.0
hpmcounter4,jump,seed1,161,21.0
hpmcounter4,jump,seed1,162,20.454545454545453
hpmcounter4,jump,seed1,163,19.484848484848484
hpmcounter4,jump,seed1,164,18.21212121212121
hpmcounter4,jump,seed1,165,16.757575757575758
hpmcounter4,jump,seed1,166,15.242424242424242
hpmcounter4,jump,seed1,167,14.333333333333334
hpmcounter4,jump,seed1,168,14.030303030303031
hpmcounter4,jump,seed1,169,14.333333333333334
hpmcounter4,jump,seed1,170,15.242424242424242
hpmcounter4,jump,seed1,171,16.21212121212121
hpmcounter4,jump,seed1,172,16.696969696969695
hpmcounter4,jump,seed1,173,17.242424242424242
hpmcounter4,jump,seed1,174,17.181818181818183
hpmcounter4,jump,seed1,175,16.515151515151516
hpmcounter4,jump,seed1,176,15.242424242424242
hpmcounter4,jump,seed1,177,14.030303030303031
hpmcounter4,jump,seed1,178,13.0
hpmcounter4,jump,seed1,179,12.272727272727273
hpmcounter4,jump,seed1,180,11.969696969696969
hpmcounter4,jump,seed1,181,11.545454545454545
hpmcounter4,jump,seed1,182,11.0
hpmcounter4,jump,seed1,183,11.0
hpmcounter4,jump,seed1,184,11.0
hpmcounter4,jump,seed1,185,11.0
hpmcounter4,jump,seed1,186,11.0
hpmcounter4,jump,seed1,187,11.0
hpmcounter4,jump,seed1,188,11.0
hpmcounter4,jump,seed1,189,11.0
hpmcounter4,jump,seed1,190,11.0
hpmcounter4,jump,seed1,191,11.0
hpmcounter4,jump,seed1,192,11.0
hpmcounter4,jump,seed1,193,11.0
hpmcounter4,jump,seed1,194,11.0
hpmcounter4,jump,seed1,195,11.0
hpmcounter4,jump,seed1,196,11.0
hpmcounter4,jump,seed1,197,11.0
hpmcounter4,jump,seed1,198,11.0
hpmcounter4,jump,seed1,199,11.0
hpmcounter4,jump,seed1,200,11.0
hpmcounter4,jump,seed1,201,11.0
hpmcounter4,jump,seed1,202,11.0
hpmcounter4,jump,seed1,203,11.0
hpmcounter4,jump,seed1,204,11.0
hpmcounter4,jump,seed1,205,11.0
hpmcounter4,jump,seed1,206,11.0
hpmcounter4,jump,seed1,207,11.0
hpmcounter4,jump,seed1,208,11.0
hpmcounter4,jump,seed1,209,11.0
hpmcounter4,jump,seed1,210,11.0
hpmcounter4,jump,seed1,211,11.0
hpmcounter4,jump,seed1,212,11.0
hpmcounter4,jump,seed1,213,11.0
hpmcounter4,jump,seed1,214,11.0
hpmcounter4,jump,seed1,215,11.0
hpmcounter4,jump,seed1,216,11.0
hpmcounter4,jump,seed1,217,11.0
hpmcounter4,jump,seed1,218,11.0
hpmcounter4,jump,seed1,219,11.0
hpmcounter4,jump,seed1,220,11.0
hpmcounter4,jump,seed1,221,11.0
hpmcounter4,jump,seed1,222,11.0
hpmcounter4,jump,seed1,223,11.0
hpmcounter4,jump,seed1,224,11.0
hpmcounter4,jump,seed1,225,11.0
hpmcounter4,jump,seed1,226,11.0
hpmcounter4,jump,seed1,227,11.0
hpmcounter4,jump,seed1,228,11.0
hpmcounter4,jump,seed1,229,11.0
hpmcounter4,jump,seed1,230,11.0
hpmcounter4,jump,seed1,231,11.0
hpmcounter4,jump,seed1,232,11.0
hpmcounter4,jump,seed1,233,11.0
hpmcounter4,jump,seed1,234,11.0
hpmcounter4,jump,seed1,235,11.0
hpmcounter4,jump,seed1,236,11.0
hpmcounter4,jump,seed1,237,11.0
hpmcounter4,jump,seed1,238,11.0
hpmcounter4,jump,seed1,239,11.0
hpmcounter4,jump,seed1,240,11.0
hpmcounter4,jump,seed1,241,11.545454545454545
hpmcounter4,jump,seed1,242,11.969696969696969
hpmcounter4,jump,seed1,243,12.272727272727273
hpmcounter4,jump,seed1,244,12.454545454545455
hpmcounter4,jump,seed1,245,12.515151515151516
hpmcounter4,jump,seed1,246,12.454545454545455
hpmcounter4,jump,seed1,247,12.272727272727273
hpmcounter4,jump,seed1,248,11.969696969696969
hpmcounter4,jump,seed1,249,11.545454545454545
hpmcounter4,jump,seed1,250,11.0
hpmcounter4,jump,seed1,251,11.0
hpmcounter4,jump,seed1,252,11.0
hpmcounter4,jump,seed1,253,11.0
hpmcounter4,jump,seed1,254,11.0
hpmcounter4,jump,seed1,255,11.0
hpmcounter4,jump,seed1,256,11.0
hpmcounter4,jump,seed1,257,11.0
hpmcounter4,jump,seed1,258,11.0
hpmcounter4,jump,seed1,259,11.0
hpmcounter4,jump,seed1,260,11.0
hpmcounter4,jump,seed1,261,11.0
hpmcounter4,jump,seed1,262,11.0
hpmcounter4,jump,seed1,263,11.0
hpmcounter4,jump,seed1,264,11.0
hpmcounter4,jump,seed1,265,11.545454545454545
hpmcounter4,jump,seed1,266,11.969696969696969
hpmcounter4,jump,seed1,267,12.818181818181818
hpmcounter4,jump,seed1,268,13.969696969696969
hpmcounter4,jump,seed1,269,15.303030303030303
hpmcounter4,jump,seed1,270,16.696969696969695
hpmcounter4,jump,seed1,271,18.03030303030303
hpmcounter4,jump,seed1,272,19.181818181818183
hpmcounter4,jump,seed1,273,20.03030303030303
hpmcounter4,jump,seed1,274,19.90909090909091
hpmcounter4,jump,seed1,275,19.484848484848484
hpmcounter4,jump,seed1,276,18.21212121212121
hpmcounter4,jump,seed1,277,16.757575757575758
hpmcounter4,jump,seed1,278,15.242424242424242
hpmcounter4,jump,seed1,279,13.787878787878787
hpmcounter4,jump,seed1,280,12.515151515151516
hpmcounter4,jump,seed1,281,11.545454545454545
hpmcounter4,jump,seed1,282,11.0
hpmcounter4,jump,seed1,283,11.0
hpmcounter4,jump,seed1,284,11.0
hpmcounter4,jump,seed1,285,11.0
hpmcounter4,jump,seed1,286,11.0
hpmcounter4,jump,seed1,287,11.0
hpmcounter4,jump,seed1,288,11.0
hpmcounter4,jump,seed1,289,11.0
hpmcounter4,jump,seed1,290,11.0
hpmcounter4,jump,seed1,291,11.0
hpmcounter4,jump,seed1,292,11.0
hpmcounter4,jump,seed1,293,11.0
hpmcounter4,jump,seed1,294,11.0
hpmcounter4,jump,seed1,295,11.0
hpmcounter4,jump,seed1,296,11.0
hpmcounter4,jump,seed1,297,11.0
hpmcounter4,jump,seed1,298,11.0
hpmcounter4,jump,seed10,9,11.0
hpmcounter4,jump,seed10,10,11.0
hpmcounter4,jump,seed10,11,11.0
hpmcounter4,jump,seed10,12,11.0
hpmcounter4,jump,seed10,13,11.0
hpmcounter4,jump,seed10,14,11.0
hpmcounter4,jump,seed10,15,11.0
hpmcounter4,jump,seed10,16,11.0
hpmcounter4,jump,seed10,17,11.0
hpmcounter4,jump,seed10,18,11.0
hpmcounter4,jump,seed10,19,11.0
hpmcounter4,jump,seed10,20,11.0
hpmcounter4,jump,seed10,21,11.0
hpmcounter4,jump,seed10,22,11.0
hpmcounter4,jump,seed10,23,11.0
hpmcounter4,jump,seed10,24,11.0
hpmcounter4,jump,seed10,25,11.0
hpmcounter4,jump,seed10,26,11.0
hpmcounter4,jump,seed10,27,11.0
hpmcounter4,jump,seed10,28,11.0
hpmcounter4,jump,seed10,29,11.0
hpmcounter4,jump,seed10,30,11.0
hpmcounter4,jump,seed10,31,11.0
hpmcounter4,jump,seed10,32,11.0
hpmcounter4,jump,seed10,33,11.0
hpmcounter4,jump,seed10,34,11.0
hpmcounter4,jump,seed10,35,11.0
hpmcounter4,jump,seed10,36,11.0
hpmcounter4,jump,seed10,37,11.0
hpmcounter4,jump,seed10,38,11.0
hpmcounter4,jump,seed10,39,11.0
hpmcounter4,jump,seed10,40,11.0
hpmcounter4,jump,seed10,41,11.0
hpmcounter4,jump,seed10,42,11.0
hpmcounter4,jump,seed10,43,11.0
hpmcounter4,jump,seed10,44,11.0
hpmcounter4,jump,seed10,45,11.0
hpmcounter4,jump,seed10,46,11.0
hpmcounter4,jump,seed10,47,11.0
hpmcounter4,jump,seed10,48,11.0
hpmcounter4,jump,seed10,49,11.0
hpmcounter4,jump,seed10,50,11.0
hpmcounter4,jump,seed10,51,11.0
hpmcounter4,jump,seed10,52,11.0
hpmcounter4,jump,seed10,53,11.0
hpmcounter4,jump,seed10,54,11.0
hpmcounter4,jump,seed10,55,11.0
hpmcounter4,jump,seed10,56,11.0
hpmcounter4,jump,seed10,57,11.0
hpmcounter4,jump,seed10,58,11.0
hpmcounter4,jump,seed10,59,11.0
hpmcounter4,jump,seed10,60,11.0
hpmcounter4,jump,seed10,61,11.0
hpmcounter4,jump,seed10,62,11.0
hpmcounter4,jump,seed10,63,11.0
hpmcounter4,jump,seed10,64,11.0
hpmcounter4,jump,seed10,65,11.0
hpmcounter4,jump,seed10,66,11.0
hpmcounter4,jump,seed10,67,11.0
hpmcounter4,jump,seed10,68,11.0
hpmcounter4,jump,seed10,69,11.0
hpmcounter4,jump,seed10,70,11.0
hpmcounter4,jump,seed10,71,11.0
hpmcounter4,jump,seed10,72,11.0
hpmcounter4,jump,seed10,73,11.0
hpmcounter4,jump,seed10,74,11.0
hpmcounter4,jump,seed10,75,11.0
hpmcounter4,jump,seed10,76,11.0
hpmcounter4,jump,seed10,77,11.0
hpmcounter4,jump,seed10,78,11.0
hpmcounter4,jump,seed10,79,11.0
hpmcounter4,jump,seed10,80,11.0
hpmcounter4,jump,seed10,81,11.0
hpmcounter4,jump,seed10,82,11.0
hpmcounter4,jump,seed10,83,11.0
hpmcounter4,jump,seed10,84,11.0
hpmcounter4,jump,seed10,85,11.0
hpmcounter4,jump,seed10,86,11.0
hpmcounter4,jump,seed10,87,11.0
hpmcounter4,jump,seed10,88,11.0
hpmcounter4,jump,seed10,89,11.0
hpmcounter4,jump,seed10,90,11.0
hpmcounter4,jump,seed10,91,11.0
hpmcounter4,jump,seed10,92,11.0
hpmcounter4,jump,seed10,93,11.0
hpmcounter4,jump,seed10,94,11.0
hpmcounter4,jump,seed10,95,11.0
hpmcounter4,jump,seed10,96,11.0
hpmcounter4,jump,seed10,97,11.0
hpmcounter4,jump,seed10,98,11.0
hpmcounter4,jump,seed10,99,11.0
hpmcounter4,jump,seed10,100,11.0
hpmcounter4,jump,seed10,101,11.0
hpmcounter4,jump,seed10,102,11.0
hpmcounter4,jump,seed10,103,11.0
hpmcounter4,jump,seed10,104,11.0
hpmcounter4,jump,seed10,105,11.0
hpmcounter4,jump,seed10,106,11.0
hpmcounter4,jump,seed10,107,11.0
hpmcounter4,jump,seed10,108,11.0
hpmcounter4,jump,seed10,109,11.0
hpmcounter4,jump,seed10,110,11.0
hpmcounter4,jump,seed10,111,11.0
hpmcounter4,jump,seed10,112,11.0
hpmcounter4,jump,seed10,113,11.0
hpmcounter4,jump,seed10,114,11.0
hpmcounter4,jump,seed10,115,11.0
hpmcounter4,jump,seed10,116,11.0
hpmcounter4,jump,seed10,117,11.0
hpmcounter4,jump,seed10,118,11.0
hpmcounter4,jump,seed10,119,11.0
hpmcounter4,jump,seed10,120,11.0
hpmcounter4,jump,seed10,121,11.0
hpmcounter4,jump,seed10,122,11.0
hpmcounter4,jump,seed10,123,11.0
hpmcounter4,jump,seed10,124,11.0
hpmcounter4,jump,seed10,125,11.0
hpmcounter4,jump,seed10,126,11.0
hpmcounter4,jump,seed10,127,11.0
hpmcounter4,jump,seed10,128,11.0
hpmcounter4,jump,seed10,129,11.0
hpmcounter4,jump,seed10,130,11.0
hpmcounter4,jump,seed10,131,11.0
hpmcounter4,jump,seed10,132,11.0
hpmcounter4,jump,seed10,133,11.0
hpmcounter4,jump,seed10,134,11.0
hpmcounter4,jump,seed10,135,11.0
hpmcounter4,jump,seed10,136,11.0
hpmcounter4,jump,seed10,137,11.0
hpmcounter4,jump,seed10,138,11.0
hpmcounter4,jump,seed10,139,11.0
hpmcounter4,jump,seed10,140,11.0
hpmcounter4,jump,seed10,141,11.0
hpmcounter4,jump,seed10,142,11.0
hpmcounter4,jump,seed10,143,11.0
hpmcounter4,jump,seed10,144,11.0
hpmcounter4,jump,seed10,145,11.0
hpmcounter4,jump,seed10,146,11.0
hpmcounter4,jump,seed10,147,11.0
hpmcounter4,jump,seed10,148,11.0
hpmcounter4,jump,seed10,149,11.0
hpmcounter4,jump,seed10,150,11.0
hpmcounter4,jump,seed10,151,11.545454545454545
hpmcounter4,jump,seed10,152,12.515151515151516
hpmcounter4,jump,seed10,153,13.787878787878787
hpmcounter4,jump,seed10,154,15.242424242424242
hpmcounter4,jump,seed10,155,16.757575757575758
hpmcounter4,jump,seed10,156,18.21212121212121
hpmcounter4,jump,seed10,157,19.484848484848484
hpmcounter4,jump,seed10,158,20.454545454545453
hpmcounter4,jump,seed10,159,21.0
hpmcounter4,jump,seed10,160,21.0
hpmcounter4,jump,seed10,161,21.0
hpmcounter4,jump,seed10,162,21.0
hpmcounter4,jump,seed10,163,21.0
hpmcounter4,jump,seed10,164,21.0
hpmcounter4,jump,seed10,165,21.0
hpmcounter4,jump,seed10,166,21.0
hpmcounter4,jump,seed10,167,21.0
hpmcounter4,jump,seed10,168,21.0
hpmcounter4,jump,seed10,169,21.0
hpmcounter4,jump,seed10,170,21.0
hpmcounter4,jump,seed10,171,21.0
hpmcounter4,jump,seed10,172,21.0
hpmcounter4,jump,seed10,173,21.0
hpmcounter4,jump,seed10,174,21.0
hpmcounter4,jump,seed10,175,21.0
hpmcounter4,jump,seed10,176,21.0
hpmcounter4,jump,seed10,177,21.0
hpmcounter4,jump,seed10,178,21.0
hpmcounter4,jump,seed10,179,21.0
hpmcounter4,jump,seed10,180,20.454545454545453
hpmcounter4,jump,seed10,181,19.484848484848484
hpmcounter4,jump,seed10,182,18.21212121212121
hpmcounter4,jump,seed10,183,16.757575757575758
hpmcounter4,jump,seed10,184,15.242424242424242
hpmcounter4,jump,seed10,185,13.787878787878787
hpmcounter4,jump,seed10,186,12.515151515151516
hpmcounter4,jump,seed10,187,11.545454545454545
hpmcounter4,jump,seed10,188,11.0
hpmcounter4,jump,seed10,189,11.0
hpmcounter4,jump,seed10,190,11.0
hpmcounter4,jump,seed10,191,11.0
hpmcounter4,jump,seed10,192,11.0
hpmcounter4,jump,seed10,193,11.0
hpmcounter4,jump,seed10,194,11.0
hpmcounter4,jump,seed10,195,11.0
hpmcounter4,jump,seed10,196,11.0
hpmcounter4,jump,seed10,197,11.0
hpmcounter4,jump,seed10,198,11.0
hpmcounter4,jump,seed10,199,11.0
hpmcounter4,jump,seed10,200,11.0
hpmcounter4,jump,seed10,201,11.0
hpmcounter4,jump,seed10,202,11.545454545454545
hpmcounter4,jump,seed10,203,12.515151515151516
hpmcounter4,jump,seed10,204,13.787878787878787
hpmcounter4,jump,seed10,205,14.696969696969697
hpmcounter4,jump,seed10,206,15.242424242424242
hpmcounter4,jump,seed10,207,15.424242424242424
hpmcounter4,jump,seed10,208,15.242424242424242
hpmcounter4,jump,seed10,209,14.696969696969697
hpmcounter4,jump,seed10,210,13.787878787878787
hpmcounter4,jump,seed10,211,12.515151515151516
hpmcounter4,jump,seed10,212,11.545454545454545
hpmcounter4,jump,seed10,213,11.0
hpmcounter4,jump,seed10,214,11.0
hpmcounter4,jump,seed10,215,11.0
hpmcounter4,jump,seed10,216,11.0
hpmcounter4,jump,seed10,217,11.0
hpmcounter4,jump,seed10,218,11.0
hpmcounter4,jump,seed10,219,11.0
hpmcounter4,jump,seed10,220,11.0
hpmcounter4,jump,seed10,221,11.0
hpmcounter4,jump,seed10,222,11.0
hpmcounter4,jump,seed10,223,11.0
hpmcounter4,jump,seed10,224,11.0
hpmcounter4,jump,seed10,225,11.0
hpmcounter4,jump,seed10,226,11.0
hpmcounter4,jump,seed10,227,11.0
hpmcounter4,jump,seed10,228,11.0
hpmcounter4,jump,seed10,229,11.0
hpmcounter4,jump,seed10,230,11.0
hpmcounter4,jump,seed10,231,11.0
hpmcounter4,jump,seed10,232,11.0
hpmcounter4,jump,seed10,233,11.0
hpmcounter4,jump,seed10,234,11.0
hpmcounter4,jump,seed10,235,11.0
hpmcounter4,jump,seed10,236,11.0
hpmcounter4,jump,seed10,237,11.0
hpmcounter4,jump,seed10,238,11.0
hpmcounter4,jump,seed10,239,11.0
hpmcounter4,jump,seed10,240,11.0
hpmcounter4,jump,seed10,241,11.0
hpmcounter4,jump,seed10,242,11.0
hpmcounter4,jump,seed10,243,11.0
hpmcounter4,jump,seed10,244,11.0
hpmcounter4,jump,seed10,245,11.0
hpmcounter4,jump,seed10,246,11.0
hpmcounter4,jump,seed10,247,11.0
hpmcounter4,jump,seed10,248,11.0
hpmcounter4,jump,seed10,249,11.0
hpmcounter4,jump,seed10,250,11.0
hpmcounter4,jump,seed10,251,11.0
hpmcounter4,jump,seed10,252,11.0
hpmcounter4,jump,seed10,253,11.0
hpmcounter4,jump,seed10,254,11.0
hpmcounter4,jump,seed10,255,11.0
hpmcounter4,jump,seed10,256,11.0
hpmcounter4,jump,seed10,257,11.0
hpmcounter4,jump,seed10,258,11.0
hpmcounter4,jump,seed10,259,11.0
hpmcounter4,jump,seed10,260,11.0
hpmcounter4,jump,seed10,261,11.0
hpmcounter4,jump,seed10,262,11.0
hpmcounter4,jump,seed10,263,11.0
hpmcounter4,jump,seed10,264,11.0
hpmcounter4,jump,seed10,265,11.0
hpmcounter4,jump,seed10,266,11.0
hpmcounter4,jump,seed10,267,11.0
hpmcounter4,jump,seed10,268,11.0
hpmcounter4,jump,seed10,269,11.0
hpmcounter4,jump,seed10,270,11.0
hpmcounter4,jump,seed10,271,11.0
hpmcounter4,jump,seed10,272,11.0
hpmcounter4,jump,seed10,273,11.0
hpmcounter4,jump,seed10,274,11.0
hpmcounter4,jump,seed10,275,11.0
hpmcounter4,jump,seed10,276,11.0
hpmcounter4,jump,seed10,277,11.0
hpmcounter4,jump,seed10,278,11.0
hpmcounter4,jump,seed10,279,11.0
hpmcounter4,jump,seed10,280,11.0
hpmcounter4,jump,seed10,281,11.0
hpmcounter4,jump,seed10,282,11.0
hpmcounter4,jump,seed10,283,11.0
hpmcounter4,jump,seed10,284,11.0
hpmcounter4,jump,seed10,285,11.0
hpmcounter4,jump,seed10,286,11.0
hpmcounter4,jump,seed10,287,11.0
hpmcounter4,jump,seed10,288,11.0
hpmcounter4,jump,seed10,289,11.0
hpmcounter4,jump,seed10,290,11.0
hpmcounter4,jump,seed10,291,11.0
hpmcounter4,jump,seed10,292,11.0
hpmcounter4,jump,seed10,293,11.0
hpmcounter4,jump,seed10,294,11.0
hpmcounter4,jump,seed10,295,11.0
hpmcounter4,jump,seed10,296,11.0
hpmcounter4,jump,seed10,297,11.0
hpmcounter4,jump,seed10,298,11.0
hpmcounter4,jump,seed11,9,11.0
hpmcounter4,jump,seed11,10,11.0
hpmcounter4,jump,seed11,11,11.0
hpmcounter4,jump,seed11,12,11.0
hpmcounter4,jump,seed11,13,11.0
hpmcounter4,jump,seed11,14,11.0
hpmcounter4,jump,seed11,15,11.0
hpmcounter4,jump,seed11,16,11.0
hpmcounter4,jump,seed11,17,11.0
hpmcounter4,jump,seed11,18,11.0
hpmcounter4,jump,seed11,19,11.0
hpmcounter4,jump,seed11,20,11.0
hpmcounter4,jump,seed11,21,11.0
hpmcounter4,jump,seed11,22,11.0
hpmcounter4,jump,seed11,23,11.0
hpmcounter4,jump,seed11,24,11.0
hpmcounter4,jump,seed11,25,11.0
hpmcounter4,jump,seed11,26,11.0
hpmcounter4,jump,seed11,27,11.0
hpmcounter4,jump,seed11,28,11.0
hpmcounter4,jump,seed11,29,11.0
hpmcounter4,jump,seed11,30,11.0
hpmcounter4,jump,seed11,31,11.0
hpmcounter4,jump,seed11,32,11.0
hpmcounter4,jump,seed11,33,11.0
hpmcounter4,jump,seed11,34,11.0
hpmcounter4,jump,seed11,35,11.0
hpmcounter4,jump,seed11,36,11.0
hpmcounter4,jump,seed11,37,11.0
hpmcounter4,jump,seed11,38,11.0
hpmcounter4,jump,seed11,39,11.0
hpmcounter4,jump,seed11,40,11.0
hpmcounter4,jump,seed11,41,11.0
hpmcounter4,jump,seed11,42,11.0
hpmcounter4,jump,seed11,43,11.0
hpmcounter4,jump,seed11,44,11.0
hpmcounter4,jump,seed11,45,11.0
hpmcounter4,jump,seed11,46,11.0
hpmcounter4,jump,seed11,47,11.0
hpmcounter4,jump,seed11,48,11.0
hpmcounter4,jump,seed11,49,11.0
hpmcounter4,jump,seed11,50,11.0
hpmcounter4,jump,seed11,51,11.0
hpmcounter4,jump,seed11,52,11.0
hpmcounter4,jump,seed11,53,11.0
hpmcounter4,jump,seed11,54,11.0
hpmcounter4,jump,seed11,55,11.545454545454545
hpmcounter4,jump,seed11,56,12.515151515151516
hpmcounter4,jump,seed11,57,13.787878787878787
hpmcounter4,jump,seed11,58,15.242424242424242
hpmcounter4,jump,seed11,59,16.757575757575758
hpmcounter4,jump,seed11,60,18.21212121212121
hpmcounter4,jump,seed11,61,19.484848484848484
hpmcounter4,jump,seed11,62,20.454545454545453
hpmcounter4,jump,seed11,63,21.0
hpmcounter4,jump,seed11,64,21.0
hpmcounter4,jump,seed11,65,20.454545454545453
hpmcounter4,jump,seed11,66,19.484848484848484
hpmcounter4,jump,seed11,67,18.21212121212121
hpmcounter4,jump,seed11,68,16.757575757575758
hpmcounter4,jump,seed11,69,15.242424242424242
hpmcounter4,jump,seed11,70,13.787878787878787
hpmcounter4,jump,seed11,71,12.515151515151516
hpmcounter4,jump,seed11,72,11.545454545454545
hpmcounter4,jump,seed11,73,11.0
hpmcounter4,jump,seed11,74,11.0
hpmcounter4,jump,seed11,75,11.0
hpmcounter4,jump,seed11,76,11.0
hpmcounter4,jump,seed11,77,11.0
hpmcounter4,jump,seed11,78,11.0
hpmcounter4,jump,seed11,79,11.0
hpmcounter4,jump,seed11,80,11.0
hpmcounter4,jump,seed11,81,11.0
hpmcounter4,jump,seed11,82,11.0
hpmcounter4,jump,seed11,83,11.0
hpmcounter4,jump,seed11,84,11.0
hpmcounter4,jump,seed11,85,11.0
hpmcounter4,jump,seed11,86,11.0
hpmcounter4,jump,seed11,87,11.0
hpmcounter4,jump,seed11,88,11.0
hpmcounter4,jump,seed11,89,11.0
hpmcounter4,jump,seed11,90,11.0
hpmcounter4,jump,seed11,91,11.0
hpmcounter4,jump,seed11,92,11.0
hpmcounter4,jump,seed11,93,11.0
hpmcounter4,jump,seed11,94,11.0
hpmcounter4,jump,seed11,95,11.0
hpmcounter4,jump,seed11,96,11.0
hpmcounter4,jump,seed11,97,11.0
hpmcounter4,jump,seed11,98,11.0
hpmcounter4,jump,seed11,99,11.0
hpmcounter4,jump,seed11,100,11.0
hpmcounter4,jump,seed11,101,11.0
hpmcounter4,jump,seed11,102,11.0
hpmcounter4,jump,seed11,103,11.545454545454545
hpmcounter4,jump,seed11,104,12.515151515151516
hpmcounter4,jump,seed11,105,13.242424242424242
hpmcounter4,jump,seed11,106,13.727272727272727
hpmcounter4,jump,seed11,107,13.969696969696969
hpmcounter4,jump,seed11,108,13.969696969696969
hpmcounter4,jump,seed11,109,13.727272727272727
hpmcounter4,jump,seed11,110,13.242424242424242
hpmcounter4,jump,seed11,111,12.515151515151516
hpmcounter4,jump,seed11,112,11.545454545454545
hpmcounter4,jump,seed11,113,11.0
hpmcounter4,jump,seed11,114,11.0
hpmcounter4,jump,seed11,115,11.0
hpmcounter4,jump,seed11,116,11.0
hpmcounter4,jump,seed11,117,11.0
hpmcounter4,jump,seed11,118,11.0
hpmcounter4,jump,seed11,119,11.0
hpmcounter4,jump,seed11,120,11.0
hpmcounter4,jump,seed11,121,11.0
hpmcounter4,jump,seed11,122,11.0
hpmcounter4,jump,seed11,123,11.0
hpmcounter4,jump,seed11,124,11.0
hpmcounter4,jump,seed11,125,11.0
hpmcounter4,jump,seed11,126,11.0
hpmcounter4,jump,seed11,127,11.0
hpmcounter4,jump,seed11,128,11.0
hpmcounter4,jump,seed11,129,11.0
hpmcounter4,jump,seed11,130,11.0
hpmcounter4,jump,seed11,131,11.0
hpmcounter4,jump,seed11,132,11.0
hpmcounter4,jump,seed11,133,11.0
hpmcounter4,jump,seed11,134,11.0
hpmcounter4,jump,seed11,135,11.0
hpmcounter4,jump,seed11,136,11.0
hpmcounter4,jump,seed11,137,11.0
hpmcounter4,jump,seed11,138,11.0
hpmcounter4,jump,seed11,139,11.0
hpmcounter4,jump,seed11,140,11.0
hpmcounter4,jump,seed11,141,11.0
hpmcounter4,jump,seed11,142,11.0
hpmcounter4,jump,seed11,143,11.0
hpmcounter4,jump,seed11,144,11.0
hpmcounter4,jump,seed11,145,11.0
hpmcounter4,jump,seed11,146,11.0
hpmcounter4,jump,seed11,147,11.0
hpmcounter4,jump,seed11,148,11.0
hpmcounter4,jump,seed11,149,11.0
hpmcounter4,jump,seed11,150,11.0
hpmcounter4,jump,seed11,151,11.545454545454545
hpmcounter4,jump,seed11,152,12.515151515151516
hpmcounter4,jump,seed11,153,13.787878787878787
hpmcounter4,jump,seed11,154,15.242424242424242
hpmcounter4,jump,seed11,155,16.757575757575758
hpmcounter4,jump,seed11,156,18.21212121212121
hpmcounter4,jump,seed11,157,19.484848484848484
hpmcounter4,jump,seed11,158,20.454545454545453
hpmcounter4,jump,seed11,159,21.0
hpmcounter4,jump,seed11,160,21.0
hpmcounter4,jump,seed11,161,21.0
hpmcounter4,jump,seed11,162,21.0
hpmcounter4,jump,seed11,163,21.0
hpmcounter4,jump,seed11,164,21.0
hpmcounter4,jump,seed11,165,21.0
hpmcounter4,jump,seed11,166,21.0
hpmcounter4,jump,seed11,167,21.0
hpmcounter4,jump,seed11,168,21.0
hpmcounter4,jump,seed11,169,21.0
hpmcounter4,jump,seed11,170,21.0
hpmcounter4,jump,seed11,171,21.0
hpmcounter4,jump,seed11,172,21.0
hpmcounter4,jump,seed11,173,20.454545454545453
hpmcounter4,jump,seed11,174,19.484848484848484
hpmcounter4,jump,seed11,175,18.21212121212121
hpmcounter4,jump,seed11,176,16.757575757575758
hpmcounter4,jump,seed11,177,15.242424242424242
hpmcounter4,jump,seed11,178,13.787878787878787
hpmcounter4,jump,seed11,179,12.515151515151516
hpmcounter4,jump,seed11,180,11.545454545454545
hpmcounter4,jump,seed11,181,11.0
hpmcounter4,jump,seed11,182,11.0
hpmcounter4,jump,seed11,183,11.0
hpmcounter4,jump,seed11,184,11.0
hpmcounter4,jump,seed11,185,11.0
hpmcounter4,jump,seed11,186,11.0
hpmcounter4,jump,seed11,187,11.0
hpmcounter4,jump,seed11,188,11.0
hpmcounter4,jump,seed11,189,11.0
hpmcounter4,jump,seed11,190,11.0
hpmcounter4,jump,seed11,191,11.0
hpmcounter4,jump,seed11,192,11.0
hpmcounter4,jump,seed11,193,11.0
hpmcounter4,jump,seed11,194,11.0
hpmcounter4,jump,seed11,195,11.0
hpmcounter4,jump,seed11,196,11.0
hpmcounter4,jump,seed11,197,11.0
hpmcounter4,jump,seed11,198,11.0
hpmcounter4,jump,seed11,199,11.0
hpmcounter4,jump,seed11,200,11.0
hpmcounter4,jump,seed11,201,11.0
hpmcounter4,jump,seed11,202,11.0
hpmcounter4,jump,seed11,203,11.0
hpmcounter4,jump,seed11,204,11.0
hpmcounter4,jump,seed11,205,11.0
hpmcounter4,jump,seed11,206,11.0
hpmcounter4,jump,seed11,207,11.0
hpmcounter4,jump,seed11,208,11.0
hpmcounter4,jump,seed11,209,11.0
hpmcounter4,jump,seed11,210,11.0
hpmcounter4,jump,seed11,211,11.0
hpmcounter4,jump,seed11,212,11.0
hpmcounter4,jump,seed11,213,11.0
hpmcounter4,jump,seed11,214,11.0
hpmcounter4,jump,seed11,215,11.0
hpmcounter4,jump,seed11,216,11.0
hpmcounter4,jump,seed11,217,11.0
hpmcounter4,jump,seed11,218,11.0
hpmcounter4,jump,seed11,219,11.0
hpmcounter4,jump,seed11,220,11.0
hpmcounter4,jump,seed11,221,11.0
hpmcounter4,jump,seed11,222,11.0
hpmcounter4,jump,seed11,223,11.0
hpmcounter4,jump,seed11,224,11.0
hpmcounter4,jump,seed11,225,11.0
hpmcounter4,jump,seed11,226,11.0
hpmcounter4,jump,seed11,227,11.0
hpmcounter4,jump,seed11,228,11.0
hpmcounter4,jump,seed11,229,11.0
hpmcounter4,jump,seed11,230,11.0
hpmcounter4,jump,seed11,231,11.0
hpmcounter4,jump,seed11,232,11.0
hpmcounter4,jump,seed11,233,11.0
hpmcounter4,jump,seed11,234,11.0
hpmcounter4,jump,seed11,235,11.0
hpmcounter4,jump,seed11,236,11.0
hpmcounter4,jump,seed11,237,11.0
hpmcounter4,jump,seed11,238,11.0
hpmcounter4,jump,seed11,239,11.0
hpmcounter4,jump,seed11,240,11.0
hpmcounter4,jump,seed11,241,11.0
hpmcounter4,jump,seed11,242,11.0
hpmcounter4,jump,seed11,243,11.0
hpmcounter4,jump,seed11,244,11.0
hpmcounter4,jump,seed11,245,11.0
hpmcounter4,jump,seed11,246,11.0
hpmcounter4,jump,seed11,247,11.0
hpmcounter4,jump,seed11,248,11.0
hpmcounter4,jump,seed11,249,11.0
hpmcounter4,jump,seed11,250,11.0
hpmcounter4,jump,seed11,251,11.0
hpmcounter4,jump,seed11,252,11.0
hpmcounter4,jump,seed11,253,11.0
hpmcounter4,jump,seed11,254,11.0
hpmcounter4,jump,seed11,255,11.0
hpmcounter4,jump,seed11,256,11.0
hpmcounter4,jump,seed11,257,11.0
hpmcounter4,jump,seed11,258,11.0
hpmcounter4,jump,seed11,259,11.0
hpmcounter4,jump,seed11,260,11.0
hpmcounter4,jump,seed11,261,11.0
hpmcounter4,jump,seed11,262,11.0
hpmcounter4,jump,seed11,263,11.0
hpmcounter4,jump,seed11,264,11.0
hpmcounter4,jump,seed11,265,11.0
hpmcounter4,jump,seed11,266,11.0
hpmcounter4,jump,seed11,267,11.0
hpmcounter4,jump,seed11,268,11.0
hpmcounter4,jump,seed11,269,11.0
hpmcounter4,jump,seed11,270,11.0
hpmcounter4,jump,seed11,271,11.545454545454545
hpmcounter4,jump,seed11,272,11.969696969696969
hpmcounter4,jump,seed11,273,12.272727272727273
hpmcounter4,jump,seed11,274,12.454545454545455
hpmcounter4,jump,seed11,275,12.515151515151516
hpmcounter4,jump,seed11,276,12.454545454545455
hpmcounter4,jump,seed11,277,12.272727272727273
hpmcounter4,jump,seed11,278,11.969696969696969
hpmcounter4,jump,seed11,279,11.545454545454545
hpmcounter4,jump,seed11,280,11.0
hpmcounter4,jump,seed11,281,11.0
hpmcounter4,jump,seed11,282,11.0
hpmcounter4,jump,seed11,283,11.0
hpmcounter4,jump,seed11,284,11.0
hpmcounter4,jump,seed11,285,11.0
hpmcounter4,jump,seed11,286,11.0
hpmcounter4,jump,seed11,287,11.0
hpmcounter4,jump,seed11,288,11.0
hpmcounter4,jump,seed11,289,11.0
hpmcounter4,jump,seed11,290,11.0
hpmcounter4,jump,seed11,291,11.0
hpmcounter4,jump,seed11,292,11.0
hpmcounter4,jump,seed11,293,11.0
hpmcounter4,jump,seed11,294,11.0
hpmcounter4,jump,seed11,295,11.0
hpmcounter4,jump,seed11,296,11.0
hpmcounter4,jump,seed11,297,11.0
hpmcounter4,jump,seed11,298,11.0
hpmcounter4,jump,seed12,9,11.0
hpmcounter4,jump,seed12,10,11.0
hpmcounter4,jump,seed12,11,11.0
hpmcounter4,jump,seed12,12,11.0
hpmcounter4,jump,seed12,13,11.0
hpmcounter4,jump,seed12,14,11.0
hpmcounter4,jump,seed12,15,11.0
hpmcounter4,jump,seed12,16,11.0
hpmcounter4,jump,seed12,17,11.0
hpmcounter4,jump,seed12,18,11.0
hpmcounter4,jump,seed12,19,11.0
hpmcounter4,jump,seed12,20,11.0
hpmcounter4,jump,seed12,21,11.0
hpmcounter4,jump,seed12,22,11.0
hpmcounter4,jump,seed12,23,11.0
hpmcounter4,jump,seed12,24,11.0
hpmcounter4,jump,seed12,25,11.0
hpmcounter4,jump,seed12,26,11.0
hpmcounter4,jump,seed12,27,11.0
hpmcounter4,jump,seed12,28,11.0
hpmcounter4,jump,seed12,29,11.0
hpmcounter4,jump,seed12,30,11.0
hpmcounter4,jump,seed12,31,11.0
hpmcounter4,jump,seed12,32,11.0
hpmcounter4,jump,seed12,33,11.545454545454545
hpmcounter4,jump,seed12,34,11.969696969696969
hpmcounter4,jump,seed12,35,12.818181818181818
hpmcounter4,jump,seed12,36,13.969696969696969
hpmcounter4,jump,seed12,37,14.757575757575758
hpmcounter4,jump,seed12,38,15.181818181818182
hpmcounter4,jump,seed12,39,15.242424242424242
hpmcounter4,jump,seed12,40,15.484848484848484
hpmcounter4,jump,seed12,41,15.787878787878787
hpmcounter4,jump,seed12,42,16.03030303030303
hpmcounter4,jump,seed12,43,16.21212121212121
hpmcounter4,jump,seed12,44,15.787878787878787
hpmcounter4,jump,seed12,45,15.969696969696969
hpmcounter4,jump,seed12,46,16.757575757575758
hpmcounter4,jump,seed12,47,17.484848484848484
hpmcounter4,jump,seed12,48,17.484848484848484
hpmcounter4,jump,seed12,49,16.757575757575758
hpmcounter4,jump,seed12,50,15.969696969696969
hpmcounter4,jump,seed12,51,15.787878787878787
hpmcounter4,jump,seed12,52,16.21212121212121
hpmcounter4,jump,seed12,53,16.575757575757574
hpmcounter4,jump,seed12,54,16.21212121212121
hpmcounter4,jump,seed12,55,15.787878787878787
hpmcounter4,jump,seed12,56,15.424242424242424
hpmcounter4,jump,seed12,57,15.242424242424242
hpmcounter4,jump,seed12,58,14.696969696969697
hpmcounter4,jump,seed12,59,13.787878787878787
hpmcounter4,jump,seed12,60,12.515151515151516
hpmcounter4,jump,seed12,61,11.545454545454545
hpmcounter4,jump,seed12,62,11.0
hpmcounter4,jump,seed12,63,11.0
hpmcounter4,jump,seed12,64,11.0
hpmcounter4,jump,seed12,65,11.0
hpmcounter4,jump,seed12,66,11.0
hpmcounter4,jump,seed12,67,11.0
hpmcounter4,jump,seed12,68,11.0
hpmcounter4,jump,seed12,69,11.0
hpmcounter4,jump,seed12,70,11.0
hpmcounter4,jump,seed12,71,11.0
hpmcounter4,jump,seed12,72,11.0
hpmcounter4,jump,seed12,73,11.0
hpmcounter4,jump,seed12,74,11.0
hpmcounter4,jump,seed12,75,11.0
hpmcounter4,jump,seed12,76,11.0
hpmcounter4,jump,seed12,77,11.0
hpmcounter4,jump,seed12,78,11.0
hpmcounter4,jump,seed12,79,11.0
hpmcounter4,jump,seed12,80,11.0
hpmcounter4,jump,seed12,81,11.0
hpmcounter4,jump,seed12,82,11.0
hpmcounter4,jump,seed12,83,11.0
hpmcounter4,jump,seed12,84,11.0
hpmcounter4,jump,seed12,85,11.0
hpmcounter4,jump,seed12,86,11.0
hpmcounter4,jump,seed12,87,11.0
hpmcounter4,jump,seed12,88,11.0
hpmcounter4,jump,seed12,89,11.0
hpmcounter4,jump,seed12,90,11.0
hpmcounter4,jump,seed12,91,11.0
hpmcounter4,jump,seed12,92,11.0
hpmcounter4,jump,seed12,93,11.0
hpmcounter4,jump,seed12,94,11.0
hpmcounter4,jump,seed12,95,11.0
hpmcounter4,jump,seed12,96,11.0
hpmcounter4,jump,seed12,97,11.0
hpmcounter4,jump,seed12,98,11.0
hpmcounter4,jump,seed12,99,11.0
hpmcounter4,jump,seed12,100,11.0
hpmcounter4,jump,seed12,101,11.0
hpmcounter4,jump,seed12,102,11.0
hpmcounter4,jump,seed12,103,11.0
hpmcounter4,jump,seed12,104,11.0
hpmcounter4,jump,seed12,105,11.0
hpmcounter4,jump,seed12,106,11.0
hpmcounter4,jump,seed12,107,11.0
hpmcounter4,jump,seed12,108,11.0
hpmcounter4,jump,seed12,109,11.0
hpmcounter4,jump,seed12,110,11.0
hpmcounter4,jump,seed12,111,11.0
hpmcounter4,jump,seed12,112,11.0
hpmcounter4,jump,seed12,113,11.0
hpmcounter4,jump,seed12,114,11.0
hpmcounter4,jump,seed12,115,11.0
hpmcounter4,jump,seed12,116,11.0
hpmcounter4,jump,seed12,117,11.0
hpmcounter4,jump,seed12,118,11.0
hpmcounter4,jump,seed12,119,11.0
hpmcounter4,jump,seed12,120,11.0
hpmcounter4,jump,seed12,121,11.0
hpmcounter4,jump,seed12,122,11.0
hpmcounter4,jump,seed12,123,11.0
hpmcounter4,jump,seed12,124,11.0
hpmcounter4,jump,seed12,125,11.0
hpmcounter4,jump,seed12,126,11.0
hpmcounter4,jump,seed12,127,11.0
hpmcounter4,jump,seed12,128,11.0
hpmcounter4,jump,seed12,129,11.0
hpmcounter4,jump,seed12,130,11.0
hpmcounter4,jump,seed12,131,11.0
hpmcounter4,jump,seed12,132,11.0
hpmcounter4,jump,seed12,133,11.0
hpmcounter4,jump,seed12,134,11.0
hpmcounter4,jump,seed12,135,11.0
hpmcounter4,jump,seed12,136,11.0
hpmcounter4,jump,seed12,137,11.0
hpmcounter4,jump,seed12,138,11.0
hpmcounter4,jump,seed12,139,11.0
hpmcounter4,jump,seed12,140,11.0
hpmcounter4,jump,seed12,141,11.0
hpmcounter4,jump,seed12,142,11.0
hpmcounter4,jump,seed12,143,11.0
hpmcounter4,jump,seed12,144,11.0
hpmcounter4,jump,seed12,145,11.0
hpmcounter4,jump,seed12,146,11.0
hpmcounter4,jump,seed12,147,11.0
hpmcounter4,jump,seed12,148,11.0
hpmcounter4,jump,seed12,149,11.0
hpmcounter4,jump,seed12,150,11.0
hpmcounter4,jump,seed12,151,11.545454545454545
hpmcounter4,jump,seed12,152,12.515151515151516
hpmcounter4,jump,seed12,153,13.787878787878787
hpmcounter4,jump,seed12,154,15.242424242424242
hpmcounter4,jump,seed12,155,16.757575757575758
hpmcounter4,jump,seed12,156,18.21212121212121
hpmcounter4,jump,seed12,157,19.484848484848484
hpmcounter4,jump,seed12,158,20.454545454545453
hpmcounter4,jump,seed12,159,21.0
hpmcounter4,jump,seed12,160,21.0
hpmcounter4,jump,seed12,161,21.0
hpmcounter4,jump,seed12,162,21.0
hpmcounter4,jump,seed12,163,21.0
hpmcounter4,jump,seed12,164,21.0
hpmcounter4,jump,seed12,165,21.0
hpmcounter4,jump,seed12,166,21.0
hpmcounter4,jump,seed12,167,21.0
hpmcounter4,jump,seed12,168,21.0
hpmcounter4,jump,seed12,169,21.0
hpmcounter4,jump,seed12,170,21.0
hpmcounter4,jump,seed12,171,21.0
hpmcounter4,jump,seed12,172,21.0
hpmcounter4,jump,seed12,173,20.454545454545453
hpmcounter4,jump,seed12,174,19.484848484848484
hpmcounter4,jump,seed12,175,18.21212121212121
hpmcounter4,jump,seed12,176,16.757575757575758
hpmcounter4,jump,seed12,177,15.242424242424242
hpmcounter4,jump,seed12,178,13.787878787878787
hpmcounter4,jump,seed12,179,12.515151515151516
hpmcounter4,jump,seed12,180,11.545454545454545
hpmcounter4,jump,seed12,181,11.0
hpmcounter4,jump,seed12,182,11.0
hpmcounter4,jump,seed12,183,11.0
hpmcounter4,jump,seed12,184,11.0
hpmcounter4,jump,seed12,185,11.0
hpmcounter4,jump,seed12,186,11.0
hpmcounter4,jump,seed12,187,11.0
hpmcounter4,jump,seed12,188,11.0
hpmcounter4,jump,seed12,189,11.0
hpmcounter4,jump,seed12,190,11.0
hpmcounter4,jump,seed12,191,11.0
hpmcounter4,jump,seed12,192,11.0
hpmcounter4,jump,seed12,193,11.0
hpmcounter4,jump,seed12,194,11.0
hpmcounter4,jump,seed12,195,11.0
hpmcounter4,jump,seed12,196,11.0
hpmcounter4,jump,seed12,197,11.0
hpmcounter4,jump,seed12,198,11.0
hpmcounter4,jump,seed12,199,11.0
hpmcounter4,jump,seed12,200,11.0
hpmcounter4,jump,seed12,201,11.0
hpmcounter4,jump,seed12,202,11.0
hpmcounter4,jump,seed12,203,11.0
hpmcounter4,jump,seed12,204,11.0
hpmcounter4,jump,seed12,205,11.0
hpmcounter4,jump,seed12,206,11.0
hpmcounter4,jump,seed12,207,11.0
hpmcounter4,jump,seed12,208,11.0
hpmcounter4,jump,seed12,209,11.0
hpmcounter4,jump,seed12,210,11.0
hpmcounter4,jump,seed12,211,11.0
hpmcounter4,jump,seed12,212,11.0
hpmcounter4,jump,seed12,213,11.0
hpmcounter4,jump,seed12,214,11.0
hpmcounter4,jump,seed12,215,11.0
hpmcounter4,jump,seed12,216,11.0
hpmcounter4,jump,seed12,217,11.0
hpmcounter4,jump,seed12,218,11.0
hpmcounter4,jump,seed12,219,11.0
hpmcounter4,jump,seed12,220,11.0
hpmcounter4,jump,seed12,221,11.0
hpmcounter4,jump,seed12,222,11.0
hpmcounter4,jump,seed12,223,11.0
hpmcounter4,jump,seed12,224,11.545454545454545
hpmcounter4,jump,seed12,225,12.515151515151516
hpmcounter4,jump,seed12,226,13.787878787878787
hpmcounter4,jump,seed12,227,15.242424242424242
hpmcounter4,jump,seed12,228,16.757575757575758
hpmcounter4,jump,seed12,229,18.21212121212121
hpmcounter4,jump,seed12,230,19.484848484848484
hpmcounter4,jump,seed12,231,20.454545454545453
hpmcounter4,jump,seed12,232,21.0
hpmcounter4,jump,seed12,233,20.454545454545453
hpmcounter4,jump,seed12,234,19.484848484848484
hpmcounter4,jump,seed12,235,18.21212121212121
hpmcounter4,jump,seed12,236,16.757575757575758
hpmcounter4,jump,seed12,237,15.242424242424242
hpmcounter4,jump,seed12,238,13.787878787878787
hpmcounter4,jump,seed12,239,12.515151515151516
hpmcounter4,jump,seed12,240,11.545454545454545
hpmcounter4,jump,seed12,241,11.0
hpmcounter4,jump,seed12,242,11.0
hpmcounter4,jump,seed12,243,11.0
hpmcounter4,jump,seed12,244,11.0
hpmcounter4,jump,seed12,245,11.0
hpmcounter4,jump,seed12,246,11.0
hpmcounter4,jump,seed12,247,11.0
hpmcounter4,jump,seed12,248,11.0
hpmcounter4,jump,seed12,249,11.0
hpmcounter4,jump,seed12,250,11.0
hpmcounter4,jump,seed12,251,11.0
hpmcounter4,jump,seed12,252,11.0
hpmcounter4,jump,seed12,253,11.0
hpmcounter4,jump,seed12,254,11.0
hpmcounter4,jump,seed12,255,11.0
hpmcounter4,jump,seed12,256,11.0
hpmcounter4,jump,seed12,257,11.0
hpmcounter4,jump,seed12,258,11.0
hpmcounter4,jump,seed12,259,11.0
hpmcounter4,jump,seed12,260,11.0
hpmcounter4,jump,seed12,261,11.0
hpmcounter4,jump,seed12,262,11.0
hpmcounter4,jump,seed12,263,11.0
hpmcounter4,jump,seed12,264,11.0
hpmcounter4,jump,seed12,265,11.0
hpmcounter4,jump,seed12,266,11.0
hpmcounter4,jump,seed12,267,11.0
hpmcounter4,jump,seed12,268,11.0
hpmcounter4,jump,seed12,269,11.0
hpmcounter4,jump,seed12,270,11.0
hpmcounter4,jump,seed12,271,11.0
hpmcounter4,jump,seed12,272,11.0
hpmcounter4,jump,seed12,273,11.0
hpmcounter4,jump,seed12,274,11.0
hpmcounter4,jump,seed12,275,11.545454545454545
hpmcounter4,jump,seed12,276,12.515151515151516
hpmcounter4,jump,seed12,277,13.787878787878787
hpmcounter4,jump,seed12,278,15.242424242424242
hpmcounter4,jump,seed12,279,16.757575757575758
hpmcounter4,jump,seed12,280,17.666666666666668
hpmcounter4,jump,seed12,281,17.96969696969697
hpmcounter4,jump,seed12,282,17.666666666666668
hpmcounter4,jump,seed12,283,16.757575757575758
hpmcounter4,jump,seed12,284,15.242424242424242
hpmcounter4,jump,seed12,285,13.787878787878787
hpmcounter4,jump,seed12,286,12.515151515151516
hpmcounter4,jump,seed12,287,11.545454545454545
hpmcounter4,jump,seed12,288,11.0
hpmcounter4,jump,seed12,289,11.0
hpmcounter4,jump,seed12,290,11.0
hpmcounter4,jump,seed12,291,11.0
hpmcounter4,jump,seed12,292,11.0
hpmcounter4,jump,seed12,293,11.0
hpmcounter4,jump,seed12,294,11.0
hpmcounter4,jump,seed12,295,11.0
hpmcounter4,jump,seed12,296,11.0
hpmcounter4,jump,seed12,297,11.0
hpmcounter4,jump,seed12,298,11.0
hpmcounter4,jump,seed13,9,11.0
hpmcounter4,jump,seed13,10,11.0
hpmcounter4,jump,seed13,11,11.0
hpmcounter4,jump,seed13,12,11.0
hpmcounter4,jump,seed13,13,11.0
hpmcounter4,jump,seed13,14,11.0
hpmcounter4,jump,seed13,15,11.0
hpmcounter4,jump,seed13,16,11.0
hpmcounter4,jump,seed13,17,11.0
hpmcounter4,jump,seed13,18,11.0
hpmcounter4,jump,seed13,19,11.0
hpmcounter4,jump,seed13,20,11.0
hpmcounter4,jump,seed13,21,11.0
hpmcounter4,jump,seed13,22,11.0
hpmcounter4,jump,seed13,23,11.0
hpmcounter4,jump,seed13,24,11.0
hpmcounter4,jump,seed13,25,11.0
hpmcounter4,jump,seed13,26,11.0
hpmcounter4,jump,seed13,27,11.0
hpmcounter4,jump,seed13,28,11.0
hpmcounter4,jump,seed13,29,11.0
hpmcounter4,jump,seed13,30,11.0
hpmcounter4,jump,seed13,31,11.0
hpmcounter4,jump,seed13,32,11.0
hpmcounter4,jump,seed13,33,11.0
hpmcounter4,jump,seed13,34,11.0
hpmcounter4,jump,seed13,35,11.0
hpmcounter4,jump,seed13,36,11.0
hpmcounter4,jump,seed13,37,11.0
hpmcounter4,jump,seed13,38,11.0
hpmcounter4,jump,seed13,39,11.0
hpmcounter4,jump,seed13,40,11.0
hpmcounter4,jump,seed13,41,11.0
hpmcounter4,jump,seed13,42,11.0
hpmcounter4,jump,seed13,43,11.0
hpmcounter4,jump,seed13,44,11.0
hpmcounter4,jump,seed13,45,11.0
hpmcounter4,jump,seed13,46,11.0
hpmcounter4,jump,seed13,47,11.0
hpmcounter4,jump,seed13,48,11.0
hpmcounter4,jump,seed13,49,11.0
hpmcounter4,jump,seed13,50,11.0
hpmcounter4,jump,seed13,51,11.0
hpmcounter4,jump,seed13,52,11.0
hpmcounter4,jump,seed13,53,11.0
hpmcounter4,jump,seed13,54,11.0
hpmcounter4,jump,seed13,55,11.0
hpmcounter4,jump,seed13,56,11.0
hpmcounter4,jump,seed13,57,11.0
hpmcounter4,jump,seed13,58,11.0
hpmcounter4,jump,seed13,59,11.0
hpmcounter4,jump,seed13,60,11.0
hpmcounter4,jump,seed13,61,11.0
hpmcounter4,jump,seed13,62,11.545454545454545
hpmcounter4,jump,seed13,63,11.969696969696969
hpmcounter4,jump,seed13,64,12.272727272727273
hpmcounter4,jump,seed13,65,12.454545454545455
hpmcounter4,jump,seed13,66,12.515151515151516
hpmcounter4,jump,seed13,67,12.454545454545455
hpmcounter4,jump,seed13,68,12.272727272727273
hpmcounter4,jump,seed13,69,11.969696969696969
hpmcounter4,jump,seed13,70,11.545454545454545
hpmcounter4,jump,seed13,71,11.0
hpmcounter4,jump,seed13,72,11.0
hpmcounter4,jump,seed13,73,11.0
hpmcounter4,jump,seed13,74,11.0
hpmcounter4,jump,seed13,75,11.0
hpmcounter4,jump,seed13,76,11.0
hpmcounter4,jump,seed13,77,11.0
hpmcounter4,jump,seed13,78,11.0
hpmcounter4,jump,seed13,79,11.0
hpmcounter4,jump,seed13,80,11.0
hpmcounter4,jump,seed13,81,11.0
hpmcounter4,jump,seed13,82,11.0
hpmcounter4,jump,seed13,83,11.0
hpmcounter4,jump,seed13,84,11.0
hpmcounter4,jump,seed13,85,11.0
hpmcounter4,jump,seed13,86,11.0
hpmcounter4,jump,seed13,87,11.0
hpmcounter4,jump,seed13,88,11.0
hpmcounter4,jump,seed13,89,11.0
hpmcounter4,jump,seed13,90,11.0
hpmcounter4,jump,seed13,91,11.0
hpmcounter4,jump,seed13,92,11.0
hpmcounter4,jump,seed13,93,11.0
hpmcounter4,jump,seed13,94,11.0
hpmcounter4,jump,seed13,95,11.0
hpmcounter4,jump,seed13,96,11.0
hpmcounter4,jump,seed13,97,11.0
hpmcounter4,jump,seed13,98,11.0
hpmcounter4,jump,seed13,99,11.0
hpmcounter4,jump,seed13,100,11.0
hpmcounter4,jump,seed13,101,11.0
hpmcounter4,jump,seed13,102,11.0
hpmcounter4,jump,seed13,103,11.0
hpmcounter4,jump,seed13,104,11.0
hpmcounter4,jump,seed13,105,11.0
hpmcounter4,jump,seed13,106,11.0
hpmcounter4,jump,seed13,107,11.0
hpmcounter4,jump,seed13,108,11.0
hpmcounter4,jump,seed13,109,11.0
hpmcounter4,jump,seed13,110,11.0
hpmcounter4,jump,seed13,111,11.0
hpmcounter4,jump,seed13,112,11.0
hpmcounter4,jump,seed13,113,11.0
hpmcounter4,jump,seed13,114,11.0
hpmcounter4,jump,seed13,115,11.0
hpmcounter4,jump,seed13,116,11.0
hpmcounter4,jump,seed13,117,11.0
hpmcounter4,jump,seed13,118,11.0
hpmcounter4,jump,seed13,119,11.0
hpmcounter4,jump,seed13,120,11.0
hpmcounter4,jump,seed13,121,11.0
hpmcounter4,jump,seed13,122,11.0
hpmcounter4,jump,seed13,123,11.0
hpmcounter4,jump,seed13,124,11.0
hpmcounter4,jump,seed13,125,11.0
hpmcounter4,jump,seed13,126,11.0
hpmcounter4,jump,seed13,127,11.0
hpmcounter4,jump,seed13,128,11.0
hpmcounter4,jump,seed13,129,11.0
hpmcounter4,jump,seed13,130,11.0
hpmcounter4,jump,seed13,131,11.0
hpmcounter4,jump,seed13,132,11.0
hpmcounter4,jump,seed13,133,11.0
hpmcounter4,jump,seed13,134,11.0
hpmcounter4,jump,seed13,135,11.0
hpmcounter4,jump,seed13,136,11.0
hpmcounter4,jump,seed13,137,11.0
hpmcounter4,jump,seed13,138,11.0
hpmcounter4,jump,seed13,139,11.0
hpmcounter4,jump,seed13,140,11.0
hpmcounter4,jump,seed13,141,11.0
hpmcounter4,jump,seed13,142,11.0
hpmcounter4,jump,seed13,143,11.0
hpmcounter4,jump,seed13,144,11.0
hpmcounter4,jump,seed13,145,11.0
hpmcounter4,jump,seed13,146,11.0
hpmcounter4,jump,seed13,147,11.0
hpmcounter4,jump,seed13,148,11.0
hpmcounter4,jump,seed13,149,11.0
hpmcounter4,jump,seed13,150,11.0
hpmcounter4,jump,seed13,151,11.545454545454545
hpmcounter4,jump,seed13,152,12.515151515151516
hpmcounter4,jump,seed13,153,13.787878787878787
hpmcounter4,jump,seed13,154,15.242424242424242
hpmcounter4,jump,seed13,155,16.757575757575758
hpmcounter4,jump,seed13,156,18.21212121212121
hpmcounter4,jump,seed13,157,19.484848484848484
hpmcounter4,jump,seed13,158,20.454545454545453
hpmcounter4,jump,seed13,159,21.0
hpmcounter4,jump,seed13,160,21.0
hpmcounter4,jump,seed13,161,21.0
hpmcounter4,jump,seed13,162,21.0
hpmcounter4,jump,seed13,163,21.0
hpmcounter4,jump,seed13,164,21.0
hpmcounter4,jump,seed13,165,21.0
hpmcounter4,jump,seed13,166,21.0
hpmcounter4,jump,seed13,167,21.0
hpmcounter4,jump,seed13,168,21.0
hpmcounter4,jump,seed13,169,21.0
hpmcounter4,jump,seed13,170,21.0
hpmcounter4,jump,seed13,171,21.0
hpmcounter4,jump,seed13,172,21.0
hpmcounter4,jump,seed13,173,20.454545454545453
hpmcounter4,jump,seed13,174,19.484848484848484
hpmcounter4,jump,seed13,175,18.21212121212121
hpmcounter4,jump,seed13,176,16.757575757575758
hpmcounter4,jump,seed13,177,15.242424242424242
hpmcounter4,jump,seed13,178,14.333333333333334
hpmcounter4,jump,seed13,179,14.030303030303031
hpmcounter4,jump,seed13,180,13.787878787878787
hpmcounter4,jump,seed13,181,13.727272727272727
hpmcounter4,jump,seed13,182,13.969696969696969
hpmcounter4,jump,seed13,183,13.969696969696969
hpmcounter4,jump,seed13,184,13.727272727272727
hpmcounter4,jump,seed13,185,13.242424242424242
hpmcounter4,jump,seed13,186,12.515151515151516
hpmcounter4,jump,seed13,187,11.545454545454545
hpmcounter4,jump,seed13,188,11.0
hpmcounter4,jump,seed13,189,11.0
hpmcounter4,jump,seed13,190,11.0
hpmcounter4,jump,seed13,191,11.0
hpmcounter4,jump,seed13,192,11.0
hpmcounter4,jump,seed13,193,11.0
hpmcounter4,jump,seed13,194,11.0
hpmcounter4,jump,seed13,195,11.0
hpmcounter4,jump,seed13,196,11.0
hpmcounter4,jump,seed13,197,11.0
hpmcounter4,jump,seed13,198,11.0
hpmcounter4,jump,seed13,199,11.0
hpmcounter4,jump,seed13,200,11.0
hpmcounter4,jump,seed13,201,11.0
hpmcounter4,jump,seed13,202,11.0
hpmcounter4,jump,seed13,203,11.0
hpmcounter4,jump,seed13,204,11.0
hpmcounter4,jump,seed13,205,11.0
hpmcounter4,jump,seed13,206,11.0
hpmcounter4,jump,seed13,207,11.0
hpmcounter4,jump,seed13,208,11.0
hpmcounter4,jump,seed13,209,11.0
hpmcounter4,jump,seed13,210,11.0
hpmcounter4,jump,seed13,211,11.0
hpmcounter4,jump,seed13,212,11.0
hpmcounter4,jump,seed13,213,11.0
hpmcounter4,jump,seed13,214,11.0
hpmcounter4,jump,seed13,215,11.0
hpmcounter4,jump,seed13,216,11.0
hpmcounter4,jump,seed13,217,11.0
hpmcounter4,jump,seed13,218,11.0
hpmcounter4,jump,seed13,219,11.0
hpmcounter4,jump,seed13,220,11.0
hpmcounter4,jump,seed13,221,11.0
hpmcounter4,jump,seed13,222,11.0
hpmcounter4,jump,seed13,223,11.0
hpmcounter4,jump,seed13,224,11.0
hpmcounter4,jump,seed13,225,11.0
hpmcounter4,jump,seed13,226,11.0
hpmcounter4,jump,seed13,227,11.0
hpmcounter4,jump,seed13,228,11.0
hpmcounter4,jump,seed13,229,11.0
hpmcounter4,jump,seed13,230,11.0
hpmcounter4,jump,seed13,231,11.0
hpmcounter4,jump,seed13,232,11.0
hpmcounter4,jump,seed13,233,11.0
hpmcounter4,jump,seed13,234,11.0
hpmcounter4,jump,seed13,235,11.0
hpmcounter4,jump,seed13,236,11.0
hpmcounter4,jump,seed13,237,11.0
hpmcounter4,jump,seed13,238,11.0
hpmcounter4,jump,seed13,239,11.0
hpmcounter4,jump,seed13,240,11.0
hpmcounter4,jump,seed13,241,11.0
hpmcounter4,jump,seed13,242,11.0
hpmcounter4,jump,seed13,243,11.0
hpmcounter4,jump,seed13,244,11.0
hpmcounter4,jump,seed13,245,11.0
hpmcounter4,jump,seed13,246,11.0
hpmcounter4,jump,seed13,247,11.0
hpmcounter4,jump,seed13,248,11.0
hpmcounter4,jump,seed13,249,11.0
hpmcounter4,jump,seed13,250,11.0
hpmcounter4,jump,seed13,251,11.0
hpmcounter4,jump,seed13,252,11.0
hpmcounter4,jump,seed13,253,11.0
hpmcounter4,jump,seed13,254,11.0
hpmcounter4,jump,seed13,255,11.0
hpmcounter4,jump,seed13,256,11.0
hpmcounter4,jump,seed13,257,11.0
hpmcounter4,jump,seed13,258,11.0
hpmcounter4,jump,seed13,259,11.0
hpmcounter4,jump,seed13,260,11.0
hpmcounter4,jump,seed13,261,11.0
hpmcounter4,jump,seed13,262,11.0
hpmcounter4,jump,seed13,263,11.0
hpmcounter4,jump,seed13,264,11.0
hpmcounter4,jump,seed13,265,11.0
hpmcounter4,jump,seed13,266,11.0
hpmcounter4,jump,seed13,267,11.0
hpmcounter4,jump,seed13,268,11.0
hpmcounter4,jump,seed13,269,11.0
hpmcounter4,jump,seed13,270,11.0
hpmcounter4,jump,seed13,271,11.0
hpmcounter4,jump,seed13,272,11.0
hpmcounter4,jump,seed13,273,11.0
hpmcounter4,jump,seed13,274,11.0
hpmcounter4,jump,seed13,275,11.0
hpmcounter4,jump,seed13,276,11.0
hpmcounter4,jump,seed13,277,11.0
hpmcounter4,jump,seed13,278,11.0
hpmcounter4,jump,seed13,279,11.0
hpmcounter4,jump,seed13,280,11.0
hpmcounter4,jump,seed13,281,11.0
hpmcounter4,jump,seed13,282,11.0
hpmcounter4,jump,seed13,283,11.0
hpmcounter4,jump,seed13,284,11.0
hpmcounter4,jump,seed13,285,11.0
hpmcounter4,jump,seed13,286,11.0
hpmcounter4,jump,seed13,287,11.0
hpmcounter4,jump,seed13,288,11.0
hpmcounter4,jump,seed13,289,11.0
hpmcounter4,jump,seed13,290,11.0
hpmcounter4,jump,seed13,291,11.0
hpmcounter4,jump,seed13,292,11.0
hpmcounter4,jump,seed13,293,11.0
hpmcounter4,jump,seed13,294,11.0
hpmcounter4,jump,seed13,295,11.0
hpmcounter4,jump,seed13,296,11.0
hpmcounter4,jump,seed13,297,11.0
hpmcounter4,jump,seed13,298,11.545454545454545
hpmcounter4,jump,seed14,9,11.0
hpmcounter4,jump,seed14,10,11.0
hpmcounter4,jump,seed14,11,11.0
hpmcounter4,jump,seed14,12,11.0
hpmcounter4,jump,seed14,13,11.0
hpmcounter4,jump,seed14,14,11.0
hpmcounter4,jump,seed14,15,11.0
hpmcounter4,jump,seed14,16,11.0
hpmcounter4,jump,seed14,17,11.0
hpmcounter4,jump,seed14,18,11.0
hpmcounter4,jump,seed14,19,11.0
hpmcounter4,jump,seed14,20,11.0
hpmcounter4,jump,seed14,21,11.0
hpmcounter4,jump,seed14,22,11.0
hpmcounter4,jump,seed14,23,11.0
hpmcounter4,jump,seed14,24,11.0
hpmcounter4,jump,seed14,25,11.0
hpmcounter4,jump,seed14,26,11.0
hpmcounter4,jump,seed14,27,11.0
hpmcounter4,jump,seed14,28,11.0
hpmcounter4,jump,seed14,29,11.0
hpmcounter4,jump,seed14,30,11.0
hpmcounter4,jump,seed14,31,11.0
hpmcounter4,jump,seed14,32,11.0
hpmcounter4,jump,seed14,33,11.0
hpmcounter4,jump,seed14,34,11.0
hpmcounter4,jump,seed14,35,11.0
hpmcounter4,jump,seed14,36,11.0
hpmcounter4,jump,seed14,37,11.0
hpmcounter4,jump,seed14,38,11.0
hpmcounter4,jump,seed14,39,11.0
hpmcounter4,jump,seed14,40,11.0
hpmcounter4,jump,seed14,41,11.0
hpmcounter4,jump,seed14,42,11.0
hpmcounter4,jump,seed14,43,11.0
hpmcounter4,jump,seed14,44,11.0
hpmcounter4,jump,seed14,45,11.0
hpmcounter4,jump,seed14,46,11.0
hpmcounter4,jump,seed14,47,11.0
hpmcounter4,jump,seed14,48,11.0
hpmcounter4,jump,seed14,49,11.0
hpmcounter4,jump,seed14,50,11.0
hpmcounter4,jump,seed14,51,11.0
hpmcounter4,jump,seed14,52,11.0
hpmcounter4,jump,seed14,53,11.0
hpmcounter4,jump,seed14,54,11.0
hpmcounter4,jump,seed14,55,11.0
hpmcounter4,jump,seed14,56,11.0
hpmcounter4,jump,seed14,57,11.0
hpmcounter4,jump,seed14,58,11.0
hpmcounter4,jump,seed14,59,11.0
hpmcounter4,jump,seed14,60,11.0
hpmcounter4,jump,seed14,61,11.0
hpmcounter4,jump,seed14,62,11.0
hpmcounter4,jump,seed14,63,11.0
hpmcounter4,jump,seed14,64,11.0
hpmcounter4,jump,seed14,65,11.0
hpmcounter4,jump,seed14,66,11.0
hpmcounter4,jump,seed14,67,11.545454545454545
hpmcounter4,jump,seed14,68,12.515151515151516
hpmcounter4,jump,seed14,69,13.787878787878787
hpmcounter4,jump,seed14,70,15.242424242424242
hpmcounter4,jump,seed14,71,16.21212121212121
hpmcounter4,jump,seed14,72,17.242424242424242
hpmcounter4,jump,seed14,73,17.666666666666668
hpmcounter4,jump,seed14,74,17.484848484848484
hpmcounter4,jump,seed14,75,16.696969696969695
hpmcounter4,jump,seed14,76,15.303030303030303
hpmcounter4,jump,seed14,77,13.969696969696969
hpmcounter4,jump,seed14,78,12.818181818181818
hpmcounter4,jump,seed14,79,11.969696969696969
hpmcounter4,jump,seed14,80,11.545454545454545
hpmcounter4,jump,seed14,81,11.0
hpmcounter4,jump,seed14,82,11.0
hpmcounter4,jump,seed14,83,11.0
hpmcounter4,jump,seed14,84,11.0
hpmcounter4,jump,seed14,85,11.0
hpmcounter4,jump,seed14,86,11.0
hpmcounter4,jump,seed14,87,11.0
hpmcounter4,jump,seed14,88,11.0
hpmcounter4,jump,seed14,89,11.0
hpmcounter4,jump,seed14,90,11.0
hpmcounter4,jump,seed14,91,11.0
hpmcounter4,jump,seed14,92,11.0
hpmcounter4,jump,seed14,93,11.0
hpmcounter4,jump,seed14,94,11.0
hpmcounter4,jump,seed14,95,11.0
hpmcounter4,jump,seed14,96,11.0
hpmcounter4,jump,seed14,97,11.0
hpmcounter4,jump,seed14,98,11.0
hpmcounter4,jump,seed14,99,11.0
hpmcounter4,jump,seed14,100,11.0
hpmcounter4,jump,seed14,101,11.0
hpmcounter4,jump,seed14,102,11.0
hpmcounter4,jump,seed14,103,11.0
hpmcounter4,jump,seed14,104,11.0
hpmcounter4,jump,seed14,105,11.0
hpmcounter4,jump,seed14,106,11.0
hpmcounter4,jump,seed14,107,11.0
hpmcounter4,jump,seed14,108,11.0
hpmcounter4,jump,seed14,109,11.0
hpmcounter4,jump,seed14,110,11.0
hpmcounter4,jump,seed14,111,11.0
hpmcounter4,jump,seed14,112,11.0
hpmcounter4,jump,seed14,113,11.0
hpmcounter4,jump,seed14,114,11.0
hpmcounter4,jump,seed14,115,11.0
hpmcounter4,jump,seed14,116,11.0
hpmcounter4,jump,seed14,117,11.0
hpmcounter4,jump,seed14,118,11.0
hpmcounter4,jump,seed14,119,11.0
hpmcounter4,jump,seed14,120,11.0
hpmcounter4,jump,seed14,121,11.0
hpmcounter4,jump,seed14,122,11.0
hpmcounter4,jump,seed14,123,11.0
hpmcounter4,jump,seed14,124,11.0
hpmcounter4,jump,seed14,125,11.0
hpmcounter4,jump,seed14,126,11.0
hpmcounter4,jump,seed14,127,11.0
hpmcounter4,jump,seed14,128,11.0
hpmcounter4,jump,seed14,129,11.0
hpmcounter4,jump,seed14,130,11.0
hpmcounter4,jump,seed14,131,11.0
hpmcounter4,jump,seed14,132,11.0
hpmcounter4,jump,seed14,133,11.545454545454545
hpmcounter4,jump,seed14,134,11.969696969696969
hpmcounter4,jump,seed14,135,12.272727272727273
hpmcounter4,jump,seed14,136,12.454545454545455
hpmcounter4,jump,seed14,137,12.515151515151516
hpmcounter4,jump,seed14,138,12.454545454545455
hpmcounter4,jump,seed14,139,12.272727272727273
hpmcounter4,jump,seed14,140,11.969696969696969
hpmcounter4,jump,seed14,141,11.545454545454545
hpmcounter4,jump,seed14,142,11.0
hpmcounter4,jump,seed14,143,11.0
hpmcounter4,jump,seed14,144,11.0
hpmcounter4,jump,seed14,145,11.0
hpmcounter4,jump,seed14,146,11.0
hpmcounter4,jump,seed14,147,11.0
hpmcounter4,jump,seed14,148,11.0
hpmcounter4,jump,seed14,149,11.0
hpmcounter4,jump,seed14,150,11.0
hpmcounter4,jump,seed14,151,11.545454545454545
hpmcounter4,jump,seed14,152,12.515151515151516
hpmcounter4,jump,seed14,153,13.787878787878787
hpmcounter4,jump,seed14,154,15.242424242424242
hpmcounter4,jump,seed14,155,16.757575757575758
hpmcounter4,jump,seed14,156,18.21212121212121
hpmcounter4,jump,seed14,157,19.484848484848484
hpmcounter4,jump,seed14,158,20.454545454545453
hpmcounter4,jump,seed14,159,21.0
hpmcounter4,jump,seed14,160,21.0
hpmcounter4,jump,seed14,161,21.0
hpmcounter4,jump,seed14,162,21.0
hpmcounter4,jump,seed14,163,21.0
hpmcounter4,jump,seed14,164,21.0
hpmcounter4,jump,seed14,165,21.0
hpmcounter4,jump,seed14,166,21.0
hpmcounter4,jump,seed14,167,21.0
hpmcounter4,jump,seed14,168,21.0
hpmcounter4,jump,seed14,169,20.454545454545453
hpmcounter4,jump,seed14,170,20.03030303030303
hpmcounter4,jump,seed14,171,19.727272727272727
hpmcounter4,jump,seed14,172,19.545454545454547
hpmcounter4,jump,seed14,173,19.484848484848484
hpmcounter4,jump,seed14,174,19.545454545454547
hpmcounter4,jump,seed14,175,19.181818181818183
hpmcounter4,jump,seed14,176,18.515151515151516
hpmcounter4,jump,seed14,177,17.666666666666668
hpmcounter4,jump,seed14,178,16.757575757575758
hpmcounter4,jump,seed14,179,15.242424242424242
hpmcounter4,jump,seed14,180,13.787878787878787
hpmcounter4,jump,seed14,181,12.515151515151516
hpmcounter4,jump,seed14,182,11.545454545454545
hpmcounter4,jump,seed14,183,11.0
hpmcounter4,jump,seed14,184,11.545454545454545
hpmcounter4,jump,seed14,185,12.515151515151516
hpmcounter4,jump,seed14,186,13.787878787878787
hpmcounter4,jump,seed14,187,15.242424242424242
hpmcounter4,jump,seed14,188,16.757575757575758
hpmcounter4,jump,seed14,189,18.21212121212121
hpmcounter4,jump,seed14,190,18.939393939393938
hpmcounter4,jump,seed14,191,18.939393939393938
hpmcounter4,jump,seed14,192,18.21212121212121
hpmcounter4,jump,seed14,193,16.757575757575758
hpmcounter4,jump,seed14,194,15.242424242424242
hpmcounter4,jump,seed14,195,13.787878787878787
hpmcounter4,jump,seed14,196,12.515151515151516
hpmcounter4,jump,seed14,197,11.545454545454545
hpmcounter4,jump,seed14,198,11.0
hpmcounter4,jump,seed14,199,11.0
hpmcounter4,jump,seed14,200,11.0
hpmcounter4,jump,seed14,201,11.0
hpmcounter4,jump,seed14,202,11.0
hpmcounter4,jump,seed14,203,11.0
hpmcounter4,jump,seed14,204,11.0
hpmcounter4,jump,seed14,205,11.0
hpmcounter4,jump,seed14,206,11.0
hpmcounter4,jump,seed14,207,11.0
hpmcounter4,jump,seed14,208,11.0
hpmcounter4,jump,seed14,209,11.0
hpmcounter4,jump,seed14,210,11.0
hpmcounter4,jump,seed14,211,11.0
hpmcounter4,jump,seed14,212,11.0
hpmcounter4,jump,seed14,213,11.0
hpmcounter4,jump,seed14,214,11.0
hpmcounter4,jump,seed14,215,11.0
hpmcounter4,jump,seed14,216,11.0
hpmcounter4,jump,seed14,217,11.0
hpmcounter4,jump,seed14,218,11.0
hpmcounter4,jump,seed14,219,11.0
hpmcounter4,jump,seed14,220,11.0
hpmcounter4,jump,seed14,221,11.0
hpmcounter4,jump,seed14,222,11.0
hpmcounter4,jump,seed14,223,11.0
hpmcounter4,jump,seed14,224,11.0
hpmcounter4,jump,seed14,225,11.0
hpmcounter4,jump,seed14,226,11.0
hpmcounter4,jump,seed14,227,11.0
hpmcounter4,jump,seed14,228,11.0
hpmcounter4,jump,seed14,229,11.0
hpmcounter4,jump,seed14,230,11.0
hpmcounter4,jump,seed14,231,11.0
hpmcounter4,jump,seed14,232,11.0
hpmcounter4,jump,seed14,233,11.0
hpmcounter4,jump,seed14,234,11.0
hpmcounter4,jump,seed14,235,11.0
hpmcounter4,jump,seed14,236,11.0
hpmcounter4,jump,seed14,237,11.0
hpmcounter4,jump,seed14,238,11.0
hpmcounter4,jump,seed14,239,11.0
hpmcounter4,jump,seed14,240,11.0
hpmcounter4,jump,seed14,241,11.0
hpmcounter4,jump,seed14,242,11.0
hpmcounter4,jump,seed14,243,11.0
hpmcounter4,jump,seed14,244,11.0
hpmcounter4,jump,seed14,245,11.0
hpmcounter4,jump,seed14,246,11.0
hpmcounter4,jump,seed14,247,11.0
hpmcounter4,jump,seed14,248,11.0
hpmcounter4,jump,seed14,249,11.0
hpmcounter4,jump,seed14,250,11.0
hpmcounter4,jump,seed14,251,11.0
hpmcounter4,jump,seed14,252,11.0
hpmcounter4,jump,seed14,253,11.0
hpmcounter4,jump,seed14,254,11.0
hpmcounter4,jump,seed14,255,11.0
hpmcounter4,jump,seed14,256,11.0
hpmcounter4,jump,seed14,257,11.0
hpmcounter4,jump,seed14,258,11.0
hpmcounter4,jump,seed14,259,11.0
hpmcounter4,jump,seed14,260,11.0
hpmcounter4,jump,seed14,261,11.0
hpmcounter4,jump,seed14,262,11.0
hpmcounter4,jump,seed14,263,11.0
hpmcounter4,jump,seed14,264,11.0
hpmcounter4,jump,seed14,265,11.0
hpmcounter4,jump,seed14,266,11.0
hpmcounter4,jump,seed14,267,11.0
hpmcounter4,jump,seed14,268,11.0
hpmcounter4,jump,seed14,269,11.0
hpmcounter4,jump,seed14,270,11.0
hpmcounter4,jump,seed14,271,11.0
hpmcounter4,jump,seed14,272,11.0
hpmcounter4,jump,seed14,273,11.0
hpmcounter4,jump,seed14,274,11.0
hpmcounter4,jump,seed14,275,11.0
hpmcounter4,jump,seed14,276,11.0
hpmcounter4,jump,seed14,277,11.0
hpmcounter4,jump,seed14,278,11.0
hpmcounter4,jump,seed14,279,11.0
hpmcounter4,jump,seed14,280,11.0
hpmcounter4,jump,seed14,281,11.0
hpmcounter4,jump,seed14,282,11.0
hpmcounter4,jump,seed14,283,11.0
hpmcounter4,jump,seed14,284,11.0
hpmcounter4,jump,seed14,285,11.0
hpmcounter4,jump,seed14,286,11.0
hpmcounter4,jump,seed14,287,11.0
hpmcounter4,jump,seed14,288,11.0
hpmcounter4,jump,seed14,289,11.0
hpmcounter4,jump,seed14,290,11.0
hpmcounter4,jump,seed14,291,11.0
hpmcounter4,jump,seed14,292,11.0
hpmcounter4,jump,seed14,293,11.0
hpmcounter4,jump,seed14,294,11.0
hpmcounter4,jump,seed14,295,11.0
hpmcounter4,jump,seed14,296,11.0
hpmcounter4,jump,seed14,297,11.0
hpmcounter4,jump,seed14,298,11.0
hpmcounter4,jump,seed15,9,18.21212121212121
hpmcounter4,jump,seed15,10,18.939393939393938
hpmcounter4,jump,seed15,11,19.484848484848484
hpmcounter4,jump,seed15,12,19.727272727272727
hpmcounter4,jump,seed15,13,19.545454545454547
hpmcounter4,jump,seed15,14,19.484848484848484
hpmcounter4,jump,seed15,15,19.545454545454547
hpmcounter4,jump,seed15,16,19.181818181818183
hpmcounter4,jump,seed15,17,18.515151515151516
hpmcounter4,jump,seed15,18,17.666666666666668
hpmcounter4,jump,seed15,19,16.757575757575758
hpmcounter4,jump,seed15,20,15.242424242424242
hpmcounter4,jump,seed15,21,13.787878787878787
hpmcounter4,jump,seed15,22,12.515151515151516
hpmcounter4,jump,seed15,23,11.545454545454545
hpmcounter4,jump,seed15,24,11.0
hpmcounter4,jump,seed15,25,11.0
hpmcounter4,jump,seed15,26,11.0
hpmcounter4,jump,seed15,27,11.0
hpmcounter4,jump,seed15,28,11.0
hpmcounter4,jump,seed15,29,11.0
hpmcounter4,jump,seed15,30,11.0
hpmcounter4,jump,seed15,31,11.0
hpmcounter4,jump,seed15,32,11.0
hpmcounter4,jump,seed15,33,11.0
hpmcounter4,jump,seed15,34,11.0
hpmcounter4,jump,seed15,35,11.0
hpmcounter4,jump,seed15,36,11.0
hpmcounter4,jump,seed15,37,11.0
hpmcounter4,jump,seed15,38,11.0
hpmcounter4,jump,seed15,39,11.0
hpmcounter4,jump,seed15,40,11.0
hpmcounter4,jump,seed15,41,11.0
hpmcounter4,jump,seed15,42,11.0
hpmcounter4,jump,seed15,43,11.0
hpmcounter4,jump,seed15,44,11.0
hpmcounter4,jump,seed15,45,11.0
hpmcounter4,jump,seed15,46,11.0
hpmcounter4,jump,seed15,47,11.0
hpmcounter4,jump,seed15,48,11.0
hpmcounter4,jump,seed15,49,11.0
hpmcounter4,jump,seed15,50,11.0
hpmcounter4,jump,seed15,51,11.0
hpmcounter4,jump,seed15,52,11.0
hpmcounter4,jump,seed15,53,11.0
hpmcounter4,jump,seed15,54,11.0
hpmcounter4,jump,seed15,55,11.0
hpmcounter4,jump,seed15,56,11.545454545454545
hpmcounter4,jump,seed15,57,12.515151515151516
hpmcounter4,jump,seed15,58,13.242424242424242
hpmcounter4,jump,seed15,59,14.272727272727273
hpmcounter4,jump,seed15,60,15.484848484848484
hpmcounter4,jump,seed15,61,16.757575757575758
hpmcounter4,jump,seed15,62,17.96969696969697
hpmcounter4,jump,seed15,63,19.0
hpmcounter4,jump,seed15,64,19.181818181818183
hpmcounter4,jump,seed15,65,19.060606060606062
hpmcounter4,jump,seed15,66,18.636363636363637
hpmcounter4,jump,seed15,67,18.03030303030303
hpmcounter4,jump,seed15,68,16.696969696969695
hpmcounter4,jump,seed15,69,15.303030303030303
hpmcounter4,jump,seed15,70,13.969696969696969
hpmcounter4,jump,seed15,71,12.818181818181818
hpmcounter4,jump,seed15,72,11.969696969696969
hpmcounter4,jump,seed15,73,12.090909090909092
hpmcounter4,jump,seed15,74,12.515151515151516
hpmcounter4,jump,seed15,75,13.242424242424242
hpmcounter4,jump,seed15,76,13.727272727272727
hpmcounter4,jump,seed15,77,13.969696969696969
hpmcounter4,jump,seed15,78,13.969696969696969
hpmcounter4,jump,seed15,79,13.727272727272727
hpmcounter4,jump,seed15,80,13.242424242424242
hpmcounter4,jump,seed15,81,12.515151515151516
hpmcounter4,jump,seed15,82,11.545454545454545
hpmcounter4,jump,seed15,83,11.0
hpmcounter4,jump,seed15,84,11.0
hpmcounter4,jump,seed15,85,11.0
hpmcounter4,jump,seed15,86,11.0
hpmcounter4,jump,seed15,87,11.0
hpmcounter4,jump,seed15,88,11.0
hpmcounter4,jump,seed15,89,11.0
hpmcounter4,jump,seed15,90,11.0
hpmcounter4,jump,seed15,91,11.0
hpmcounter4,jump,seed15,92,11.0
hpmcounter4,jump,seed15,93,11.0
hpmcounter4,jump,seed15,94,11.0
hpmcounter4,jump,seed15,95,11.0
hpmcounter4,jump,seed15,96,11.0
hpmcounter4,jump,seed15,97,11.0
hpmcounter4,jump,seed15,98,11.0
hpmcounter4,jump,seed15,99,11.0
hpmcounter4,jump,seed15,100,11.0
hpmcounter4,jump,seed15,101,11.0
hpmcounter4,jump,seed15,102,11.0
hpmcounter4,jump,seed15,103,11.0
hpmcounter4,jump,seed15,104,11.0
hpmcounter4,jump,seed15,105,11.0
hpmcounter4,jump,seed15,106,11.0
hpmcounter4,jump,seed15,107,11.0
hpmcounter4,jump,seed15,108,11.0
hpmcounter4,jump,seed15,109,11.0
hpmcounter4,jump,seed15,110,11.0
hpmcounter4,jump,seed15,111,11.0
hpmcounter4,jump,seed15,112,11.0
hpmcounter4,jump,seed15,113,11.0
hpmcounter4,jump,seed15,114,11.0
hpmcounter4,jump,seed15,115,11.0
hpmcounter4,jump,seed15,116,11.0
hpmcounter4,jump,seed15,117,11.0
hpmcounter4,jump,seed15,118,11.0
hpmcounter4,jump,seed15,119,11.0
hpmcounter4,jump,seed15,120,11.0
hpmcounter4,jump,seed15,121,11.0
hpmcounter4,jump,seed15,122,11.0
hpmcounter4,jump,seed15,123,11.0
hpmcounter4,jump,seed15,124,11.545454545454545
hpmcounter4,jump,seed15,125,11.969696969696969
hpmcounter4,jump,seed15,126,12.272727272727273
hpmcounter4,jump,seed15,127,12.454545454545455
hpmcounter4,jump,seed15,128,12.515151515151516
hpmcounter4,jump,seed15,129,12.454545454545455
hpmcounter4,jump,seed15,130,12.272727272727273
hpmcounter4,jump,seed15,131,11.969696969696969
hpmcounter4,jump,seed15,132,11.545454545454545
hpmcounter4,jump,seed15,133,11.0
hpmcounter4,jump,seed15,134,11.0
hpmcounter4,jump,seed15,135,11.0
hpmcounter4,jump,seed15,136,11.0
hpmcounter4,jump,seed15,137,11.0
hpmcounter4,jump,seed15,138,11.0
hpmcounter4,jump,seed15,139,11.0
hpmcounter4,jump,seed15,140,11.545454545454545
hpmcounter4,jump,seed15,141,12.515151515151516
hpmcounter4,jump,seed15,142,13.787878787878787
hpmcounter4,jump,seed15,143,15.242424242424242
hpmcounter4,jump,seed15,144,16.757575757575758
hpmcounter4,jump,seed15,145,18.21212121212121
hpmcounter4,jump,seed15,146,19.484848484848484
hpmcounter4,jump,seed15,147,20.454545454545453
hpmcounter4,jump,seed15,148,21.0
hpmcounter4,jump,seed15,149,21.0
hpmcounter4,jump,seed15,150,20.454545454545453
hpmcounter4,jump,seed15,151,20.03030303030303
hpmcounter4,jump,seed15,152,19.727272727272727
hpmcounter4,jump,seed15,153,19.545454545454547
hpmcounter4,jump,seed15,154,19.484848484848484
hpmcounter4,jump,seed15,155,19.545454545454547
hpmcounter4,jump,seed15,156,19.727272727272727
hpmcounter4,jump,seed15,157,20.03030303030303
hpmcounter4,jump,seed15,158,20.454545454545453
hpmcounter4,jump,seed15,159,21.0
hpmcounter4,jump,seed15,160,21.0
hpmcounter4,jump,seed15,161,21.0
hpmcounter4,jump,seed15,162,21.0
hpmcounter4,jump,seed15,163,21.0
hpmcounter4,jump,seed15,164,21.0
hpmcounter4,jump,seed15,165,21.0
hpmcounter4,jump,seed15,166,21.0
hpmcounter4,jump,seed15,167,21.0
hpmcounter4,jump,seed15,168,21.0
hpmcounter4,jump,seed15,169,21.0
hpmcounter4,jump,seed15,170,21.0
hpmcounter4,jump,seed15,171,21.0
hpmcounter4,jump,seed15,172,21.0
hpmcounter4,jump,seed15,173,20.454545454545453
hpmcounter4,jump,seed15,174,19.484848484848484
hpmcounter4,jump,seed15,175,18.21212121212121
hpmcounter4,jump,seed15,176,16.757575757575758
hpmcounter4,jump,seed15,177,15.242424242424242
hpmcounter4,jump,seed15,178,13.787878787878787
hpmcounter4,jump,seed15,179,12.515151515151516
hpmcounter4,jump,seed15,180,11.545454545454545
hpmcounter4,jump,seed15,181,11.0
hpmcounter4,jump,seed15,182,11.0
hpmcounter4,jump,seed15,183,11.0
hpmcounter4,jump,seed15,184,11.0
hpmcounter4,jump,seed15,185,11.0
hpmcounter4,jump,seed15,186,11.0
hpmcounter4,jump,seed15,187,11.0
hpmcounter4,jump,seed15,188,11.0
hpmcounter4,jump,seed15,189,11.0
hpmcounter4,jump,seed15,190,11.0
hpmcounter4,jump,seed15,191,11.0
hpmcounter4,jump,seed15,192,11.0
hpmcounter4,jump,seed15,193,11.0
hpmcounter4,jump,seed15,194,11.0
hpmcounter4,jump,seed15,195,11.0
hpmcounter4,jump,seed15,196,11.0
hpmcounter4,jump,seed15,197,11.0
hpmcounter4,jump,seed15,198,11.0
hpmcounter4,jump,seed15,199,11.0
hpmcounter4,jump,seed15,200,11.0
hpmcounter4,jump,seed15,201,11.0
hpmcounter4,jump,seed15,202,11.0
hpmcounter4,jump,seed15,203,11.0
hpmcounter4,jump,seed15,204,11.0
hpmcounter4,jump,seed15,205,11.0
hpmcounter4,jump,seed15,206,11.0
hpmcounter4,jump,seed15,207,11.0
hpmcounter4,jump,seed15,208,11.0
hpmcounter4,jump,seed15,209,11.0
hpmcounter4,jump,seed15,210,11.0
hpmcounter4,jump,seed15,211,11.0
hpmcounter4,jump,seed15,212,11.0
hpmcounter4,jump,seed15,213,11.0
hpmcounter4,jump,seed15,214,11.0
hpmcounter4,jump,seed15,215,11.0
hpmcounter4,jump,seed15,216,11.0
hpmcounter4,jump,seed15,217,11.0
hpmcounter4,jump,seed15,218,11.0
hpmcounter4,jump,seed15,219,11.0
hpmcounter4,jump,seed15,220,11.0
hpmcounter4,jump,seed15,221,11.0
hpmcounter4,jump,seed15,222,11.0
hpmcounter4,jump,seed15,223,11.0
hpmcounter4,jump,seed15,224,11.0
hpmcounter4,jump,seed15,225,11.0
hpmcounter4,jump,seed15,226,11.0
hpmcounter4,jump,seed15,227,11.0
hpmcounter4,jump,seed15,228,11.0
hpmcounter4,jump,seed15,229,11.0
hpmcounter4,jump,seed15,230,11.0
hpmcounter4,jump,seed15,231,11.0
hpmcounter4,jump,seed15,232,11.0
hpmcounter4,jump,seed15,233,11.0
hpmcounter4,jump,seed15,234,11.0
hpmcounter4,jump,seed15,235,11.0
hpmcounter4,jump,seed15,236,11.0
hpmcounter4,jump,seed15,237,11.0
hpmcounter4,jump,seed15,238,11.0
hpmcounter4,jump,seed15,239,11.0
hpmcounter4,jump,seed15,240,11.0
hpmcounter4,jump,seed15,241,11.0
hpmcounter4,jump,seed15,242,11.0
hpmcounter4,jump,seed15,243,11.0
hpmcounter4,jump,seed15,244,11.0
hpmcounter4,jump,seed15,245,11.0
hpmcounter4,jump,seed15,246,11.0
hpmcounter4,jump,seed15,247,11.0
hpmcounter4,jump,seed15,248,11.0
hpmcounter4,jump,seed15,249,11.0
hpmcounter4,jump,seed15,250,11.0
hpmcounter4,jump,seed15,251,11.0
hpmcounter4,jump,seed15,252,11.0
hpmcounter4,jump,seed15,253,11.0
hpmcounter4,jump,seed15,254,11.0
hpmcounter4,jump,seed15,255,11.0
hpmcounter4,jump,seed15,256,11.0
hpmcounter4,jump,seed15,257,11.0
hpmcounter4,jump,seed15,258,11.0
hpmcounter4,jump,seed15,259,11.0
hpmcounter4,jump,seed15,260,11.0
hpmcounter4,jump,seed15,261,11.0
hpmcounter4,jump,seed15,262,11.0
hpmcounter4,jump,seed15,263,11.0
hpmcounter4,jump,seed15,264,11.0
hpmcounter4,jump,seed15,265,11.0
hpmcounter4,jump,seed15,266,11.0
hpmcounter4,jump,seed15,267,11.0
hpmcounter4,jump,seed15,268,11.0
hpmcounter4,jump,seed15,269,11.0
hpmcounter4,jump,seed15,270,11.0
hpmcounter4,jump,seed15,271,11.0
hpmcounter4,jump,seed15,272,11.0
hpmcounter4,jump,seed15,273,11.0
hpmcounter4,jump,seed15,274,11.0
hpmcounter4,jump,seed15,275,11.0
hpmcounter4,jump,seed15,276,11.0
hpmcounter4,jump,seed15,277,11.0
hpmcounter4,jump,seed15,278,11.0
hpmcounter4,jump,seed15,279,11.0
hpmcounter4,jump,seed15,280,11.0
hpmcounter4,jump,seed15,281,11.0
hpmcounter4,jump,seed15,282,11.0
hpmcounter4,jump,seed15,283,11.0
hpmcounter4,jump,seed15,284,11.0
hpmcounter4,jump,seed15,285,11.0
hpmcounter4,jump,seed15,286,11.0
hpmcounter4,jump,seed15,287,11.0
hpmcounter4,jump,seed15,288,11.0
hpmcounter4,jump,seed15,289,11.0
hpmcounter4,jump,seed15,290,11.0
hpmcounter4,jump,seed15,291,11.0
hpmcounter4,jump,seed15,292,11.0
hpmcounter4,jump,seed15,293,11.0
hpmcounter4,jump,seed15,294,11.0
hpmcounter4,jump,seed15,295,11.0
hpmcounter4,jump,seed15,296,11.0
hpmcounter4,jump,seed15,297,11.0
hpmcounter4,jump,seed15,298,11.0
hpmcounter4,jump,seed16,9,11.0
hpmcounter4,jump,seed16,10,11.0
hpmcounter4,jump,seed16,11,11.0
hpmcounter4,jump,seed16,12,11.0
hpmcounter4,jump,seed16,13,11.0
hpmcounter4,jump,seed16,14,11.0
hpmcounter4,jump,seed16,15,11.0
hpmcounter4,jump,seed16,16,11.0
hpmcounter4,jump,seed16,17,11.0
hpmcounter4,jump,seed16,18,11.0
hpmcounter4,jump,seed16,19,11.0
hpmcounter4,jump,seed16,20,11.0
hpmcounter4,jump,seed16,21,11.0
hpmcounter4,jump,seed16,22,11.0
hpmcounter4,jump,seed16,23,11.0
hpmcounter4,jump,seed16,24,11.0
hpmcounter4,jump,seed16,25,11.0
hpmcounter4,jump,seed16,26,11.0
hpmcounter4,jump,seed16,27,11.0
hpmcounter4,jump,seed16,28,11.0
hpmcounter4,jump,seed16,29,11.0
hpmcounter4,jump,seed16,30,11.0
hpmcounter4,jump,seed16,31,11.0
hpmcounter4,jump,seed16,32,11.0
hpmcounter4,jump,seed16,33,11.0
hpmcounter4,jump,seed16,34,11.0
hpmcounter4,jump,seed16,35,11.0
hpmcounter4,jump,seed16,36,11.0
hpmcounter4,jump,seed16,37,11.0
hpmcounter4,jump,seed16,38,11.0
hpmcounter4,jump,seed16,39,11.0
hpmcounter4,jump,seed16,40,11.0
hpmcounter4,jump,seed16,41,11.0
hpmcounter4,jump,seed16,42,11.0
hpmcounter4,jump,seed16,43,11.0
hpmcounter4,jump,seed16,44,11.0
hpmcounter4,jump,seed16,45,11.0
hpmcounter4,jump,seed16,46,11.0
hpmcounter4,jump,seed16,47,11.0
hpmcounter4,jump,seed16,48,11.0
hpmcounter4,jump,seed16,49,11.0
hpmcounter4,jump,seed16,50,11.0
hpmcounter4,jump,seed16,51,11.0
hpmcounter4,jump,seed16,52,11.0
hpmcounter4,jump,seed16,53,11.0
hpmcounter4,jump,seed16,54,11.0
hpmcounter4,jump,seed16,55,11.0
hpmcounter4,jump,seed16,56,11.0
hpmcounter4,jump,seed16,57,11.0
hpmcounter4,jump,seed16,58,11.0
hpmcounter4,jump,seed16,59,11.0
hpmcounter4,jump,seed16,60,11.0
hpmcounter4,jump,seed16,61,11.0
hpmcounter4,jump,seed16,62,11.0
hpmcounter4,jump,seed16,63,11.0
hpmcounter4,jump,seed16,64,11.0
hpmcounter4,jump,seed16,65,11.0
hpmcounter4,jump,seed16,66,11.0
hpmcounter4,jump,seed16,67,11.0
hpmcounter4,jump,seed16,68,11.0
hpmcounter4,jump,seed16,69,11.0
hpmcounter4,jump,seed16,70,11.0
hpmcounter4,jump,seed16,71,11.0
hpmcounter4,jump,seed16,72,11.0
hpmcounter4,jump,seed16,73,11.0
hpmcounter4,jump,seed16,74,11.0
hpmcounter4,jump,seed16,75,11.0
hpmcounter4,jump,seed16,76,11.0
hpmcounter4,jump,seed16,77,11.0
hpmcounter4,jump,seed16,78,11.0
hpmcounter4,jump,seed16,79,11.0
hpmcounter4,jump,seed16,80,11.0
hpmcounter4,jump,seed16,81,11.0
hpmcounter4,jump,seed16,82,11.0
hpmcounter4,jump,seed16,83,11.0
hpmcounter4,jump,seed16,84,11.0
hpmcounter4,jump,seed16,85,11.0
hpmcounter4,jump,seed16,86,11.0
hpmcounter4,jump,seed16,87,11.0
hpmcounter4,jump,seed16,88,11.0
hpmcounter4,jump,seed16,89,11.0
hpmcounter4,jump,seed16,90,11.0
hpmcounter4,jump,seed16,91,11.0
hpmcounter4,jump,seed16,92,11.0
hpmcounter4,jump,seed16,93,11.0
hpmcounter4,jump,seed16,94,11.0
hpmcounter4,jump,seed16,95,11.0
hpmcounter4,jump,seed16,96,11.0
hpmcounter4,jump,seed16,97,11.0
hpmcounter4,jump,seed16,98,11.0
hpmcounter4,jump,seed16,99,11.0
hpmcounter4,jump,seed16,100,11.0
hpmcounter4,jump,seed16,101,11.0
hpmcounter4,jump,seed16,102,11.0
hpmcounter4,jump,seed16,103,11.0
hpmcounter4,jump,seed16,104,11.0
hpmcounter4,jump,seed16,105,11.0
hpmcounter4,jump,seed16,106,11.0
hpmcounter4,jump,seed16,107,11.0
hpmcounter4,jump,seed16,108,11.0
hpmcounter4,jump,seed16,109,11.0
hpmcounter4,jump,seed16,110,11.0
hpmcounter4,jump,seed16,111,11.0
hpmcounter4,jump,seed16,112,11.0
hpmcounter4,jump,seed16,113,11.0
hpmcounter4,jump,seed16,114,11.0
hpmcounter4,jump,seed16,115,11.0
hpmcounter4,jump,seed16,116,11.0
hpmcounter4,jump,seed16,117,11.545454545454545
hpmcounter4,jump,seed16,118,11.969696969696969
hpmcounter4,jump,seed16,119,12.272727272727273
hpmcounter4,jump,seed16,120,12.454545454545455
hpmcounter4,jump,seed16,121,12.515151515151516
hpmcounter4,jump,seed16,122,12.454545454545455
hpmcounter4,jump,seed16,123,12.272727272727273
hpmcounter4,jump,seed16,124,11.969696969696969
hpmcounter4,jump,seed16,125,11.545454545454545
hpmcounter4,jump,seed16,126,11.0
hpmcounter4,jump,seed16,127,11.0
hpmcounter4,jump,seed16,128,11.0
hpmcounter4,jump,seed16,129,11.0
hpmcounter4,jump,seed16,130,11.0
hpmcounter4,jump,seed16,131,11.0
hpmcounter4,jump,seed16,132,11.0
hpmcounter4,jump,seed16,133,11.0
hpmcounter4,jump,seed16,134,11.0
hpmcounter4,jump,seed16,135,11.0
hpmcounter4,jump,seed16,136,11.0
hpmcounter4,jump,seed16,137,11.0
hpmcounter4,jump,seed16,138,11.0
hpmcounter4,jump,seed16,139,11.0
hpmcounter4,jump,seed16,140,11.0
hpmcounter4,jump,seed16,141,11.0
hpmcounter4,jump,seed16,142,11.0
hpmcounter4,jump,seed16,143,11.0
hpmcounter4,jump,seed16,144,11.0
hpmcounter4,jump,seed16,145,11.0
hpmcounter4,jump,seed16,146,11.545454545454545
hpmcounter4,jump,seed16,147,12.515151515151516
hpmcounter4,jump,seed16,148,13.787878787878787
hpmcounter4,jump,seed16,149,15.242424242424242
hpmcounter4,jump,seed16,150,16.757575757575758
hpmcounter4,jump,seed16,151,18.21212121212121
hpmcounter4,jump,seed16,152,19.484848484848484
hpmcounter4,jump,seed16,153,20.454545454545453
hpmcounter4,jump,seed16,154,21.0
hpmcounter4,jump,seed16,155,21.0
hpmcounter4,jump,seed16,156,21.0
hpmcounter4,jump,seed16,157,21.0
hpmcounter4,jump,seed16,158,21.0
hpmcounter4,jump,seed16,159,21.0
hpmcounter4,jump,seed16,160,21.0
hpmcounter4,jump,seed16,161,21.0
hpmcounter4,jump,seed16,162,21.0
hpmcounter4,jump,seed16,163,21.0
hpmcounter4,jump,seed16,164,21.0
hpmcounter4,jump,seed16,165,21.0
hpmcounter4,jump,seed16,166,21.0
hpmcounter4,jump,seed16,167,21.0
hpmcounter4,jump,seed16,168,21.0
hpmcounter4,jump,seed16,169,21.0
hpmcounter4,jump,seed16,170,21.0
hpmcounter4,jump,seed16,171,20.454545454545453
hpmcounter4,jump,seed16,172,19.484848484848484
hpmcounter4,jump,seed16,173,18.21212121212121
hpmcounter4,jump,seed16,174,16.757575757575758
hpmcounter4,jump,seed16,175,15.242424242424242
hpmcounter4,jump,seed16,176,13.787878787878787
hpmcounter4,jump,seed16,177,12.515151515151516
hpmcounter4,jump,seed16,178,11.545454545454545
hpmcounter4,jump,seed16,179,11.0
hpmcounter4,jump,seed16,180,11.0
hpmcounter4,jump,seed16,181,11.0
hpmcounter4,jump,seed16,182,11.0
hpmcounter4,jump,seed16,183,11.0
hpmcounter4,jump,seed16,184,11.0
hpmcounter4,jump,seed16,185,11.0
hpmcounter4,jump,seed16,186,11.0
hpmcounter4,jump,seed16,187,11.0
hpmcounter4,jump,seed16,188,11.0
hpmcounter4,jump,seed16,189,11.0
hpmcounter4,jump,seed16,190,11.0
hpmcounter4,jump,seed16,191,11.0
hpmcounter4,jump,seed16,192,11.0
hpmcounter4,jump,seed16,193,11.0
hpmcounter4,jump,seed16,194,11.0
hpmcounter4,jump,seed16,195,11.0
hpmcounter4,jump,seed16,196,11.0
hpmcounter4,jump,seed16,197,11.0
hpmcounter4,jump,seed16,198,11.0
hpmcounter4,jump,seed16,199,11.0
hpmcounter4,jump,seed16,200,11.0
hpmcounter4,jump,seed16,201,11.0
hpmcounter4,jump,seed16,202,11.0
hpmcounter4,jump,seed16,203,11.0
hpmcounter4,jump,seed16,204,11.0
hpmcounter4,jump,seed16,205,11.0
hpmcounter4,jump,seed16,206,11.0
hpmcounter4,jump,seed16,207,11.0
hpmcounter4,jump,seed16,208,11.0
hpmcounter4,jump,seed16,209,11.0
hpmcounter4,jump,seed16,210,11.0
hpmcounter4,jump,seed16,211,11.0
hpmcounter4,jump,seed16,212,11.0
hpmcounter4,jump,seed16,213,11.0
hpmcounter4,jump,seed16,214,11.0
hpmcounter4,jump,seed16,215,11.0
hpmcounter4,jump,seed16,216,11.0
hpmcounter4,jump,seed16,217,11.0
hpmcounter4,jump,seed16,218,11.0
hpmcounter4,jump,seed16,219,11.0
hpmcounter4,jump,seed16,220,11.0
hpmcounter4,jump,seed16,221,11.0
hpmcounter4,jump,seed16,222,11.0
hpmcounter4,jump,seed16,223,11.0
hpmcounter4,jump,seed16,224,11.0
hpmcounter4,jump,seed16,225,11.0
hpmcounter4,jump,seed16,226,11.0
hpmcounter4,jump,seed16,227,11.0
hpmcounter4,jump,seed16,228,11.0
hpmcounter4,jump,seed16,229,11.0
hpmcounter4,jump,seed16,230,11.0
hpmcounter4,jump,seed16,231,11.0
hpmcounter4,jump,seed16,232,11.0
hpmcounter4,jump,seed16,233,11.0
hpmcounter4,jump,seed16,234,11.0
hpmcounter4,jump,seed16,235,11.0
hpmcounter4,jump,seed16,236,11.0
hpmcounter4,jump,seed16,237,11.0
hpmcounter4,jump,seed16,238,11.0
hpmcounter4,jump,seed16,239,11.0
hpmcounter4,jump,seed16,240,11.0
hpmcounter4,jump,seed16,241,11.0
hpmcounter4,jump,seed16,242,11.0
hpmcounter4,jump,seed16,243,11.0
hpmcounter4,jump,seed16,244,11.0
hpmcounter4,jump,seed16,245,11.0
hpmcounter4,jump,seed16,246,11.0
hpmcounter4,jump,seed16,247,11.0
hpmcounter4,jump,seed16,248,11.0
hpmcounter4,jump,seed16,249,11.0
hpmcounter4,jump,seed16,250,11.0
hpmcounter4,jump,seed16,251,11.0
hpmcounter4,jump,seed16,252,11.0
hpmcounter4,jump,seed16,253,11.0
hpmcounter4,jump,seed16,254,11.0
hpmcounter4,jump,seed16,255,11.0
hpmcounter4,jump,seed16,256,11.0
hpmcounter4,jump,seed16,257,11.0
hpmcounter4,jump,seed16,258,11.0
hpmcounter4,jump,seed16,259,11.545454545454545
hpmcounter4,jump,seed16,260,11.969696969696969
hpmcounter4,jump,seed16,261,12.818181818181818
hpmcounter4,jump,seed16,262,13.424242424242424
hpmcounter4,jump,seed16,263,13.787878787878787
hpmcounter4,jump,seed16,264,14.454545454545455
hpmcounter4,jump,seed16,265,15.303030303030303
hpmcounter4,jump,seed16,266,16.21212121212121
hpmcounter4,jump,seed16,267,17.060606060606062
hpmcounter4,jump,seed16,268,17.727272727272727
hpmcounter4,jump,seed16,269,18.21212121212121
hpmcounter4,jump,seed16,270,17.96969696969697
hpmcounter4,jump,seed16,271,17.666666666666668
hpmcounter4,jump,seed16,272,16.757575757575758
hpmcounter4,jump,seed16,273,15.242424242424242
hpmcounter4,jump,seed16,274,13.787878787878787
hpmcounter4,jump,seed16,275,12.515151515151516
hpmcounter4,jump,seed16,276,11.545454545454545
hpmcounter4,jump,seed16,277,11.0
hpmcounter4,jump,seed16,278,11.0
hpmcounter4,jump,seed16,279,11.0
hpmcounter4,jump,seed16,280,11.0
hpmcounter4,jump,seed16,281,11.0
hpmcounter4,jump,seed16,282,11.0
hpmcounter4,jump,seed16,283,11.0
hpmcounter4,jump,seed16,284,11.0
hpmcounter4,jump,seed16,285,11.0
hpmcounter4,jump,seed16,286,11.0
hpmcounter4,jump,seed16,287,11.0
hpmcounter4,jump,seed16,288,11.0
hpmcounter4,jump,seed16,289,11.0
hpmcounter4,jump,seed16,290,11.0
hpmcounter4,jump,seed16,291,11.0
hpmcounter4,jump,seed16,292,11.0
hpmcounter4,jump,seed16,293,11.0
hpmcounter4,jump,seed16,294,11.0
hpmcounter4,jump,seed16,295,11.0
hpmcounter4,jump,seed16,296,11.0
hpmcounter4,jump,seed16,297,11.0
hpmcounter4,jump,seed16,298,11.0
hpmcounter4,jump,seed17,9,13.242424242424242
hpmcounter4,jump,seed17,10,13.727272727272727
hpmcounter4,jump,seed17,11,14.515151515151516
hpmcounter4,jump,seed17,12,15.484848484848484
hpmcounter4,jump,seed17,13,16.515151515151516
hpmcounter4,jump,seed17,14,17.484848484848484
hpmcounter4,jump,seed17,15,18.272727272727273
hpmcounter4,jump,seed17,16,18.757575757575758
hpmcounter4,jump,seed17,17,19.484848484848484
hpmcounter4,jump,seed17,18,20.454545454545453
hpmcounter4,jump,seed17,19,21.0
hpmcounter4,jump,seed17,20,21.0
hpmcounter4,jump,seed17,21,21.0
hpmcounter4,jump,seed17,22,21.0
hpmcounter4,jump,seed17,23,20.454545454545453
hpmcounter4,jump,seed17,24,19.484848484848484
hpmcounter4,jump,seed17,25,18.21212121212121
hpmcounter4,jump,seed17,26,16.757575757575758
hpmcounter4,jump,seed17,27,15.242424242424242
hpmcounter4,jump,seed17,28,13.787878787878787
hpmcounter4,jump,seed17,29,12.515151515151516
hpmcounter4,jump,seed17,30,11.545454545454545
hpmcounter4,jump,seed17,31,11.0
hpmcounter4,jump,seed17,32,11.0
hpmcounter4,jump,seed17,33,11.0
hpmcounter4,jump,seed17,34,11.0
hpmcounter4,jump,seed17,35,11.0
hpmcounter4,jump,seed17,36,11.0
hpmcounter4,jump,seed17,37,11.0
hpmcounter4,jump,seed17,38,11.0
hpmcounter4,jump,seed17,39,11.0
hpmcounter4,jump,seed17,40,11.0
hpmcounter4,jump,seed17,41,11.0
hpmcounter4,jump,seed17,42,11.0
hpmcounter4,jump,seed17,43,11.0
hpmcounter4,jump,seed17,44,11.0
hpmcounter4,jump,seed17,45,11.0
hpmcounter4,jump,seed17,46,11.0
hpmcounter4,jump,seed17,47,11.0
hpmcounter4,jump,seed17,48,11.0
hpmcounter4,jump,seed17,49,11.0
hpmcounter4,jump,seed17,50,11.0
hpmcounter4,jump,seed17,51,11.0
hpmcounter4,jump,seed17,52,11.0
hpmcounter4,jump,seed17,53,11.0
hpmcounter4,jump,seed17,54,11.0
hpmcounter4,jump,seed17,55,11.0
hpmcounter4,jump,seed17,56,11.0
hpmcounter4,jump,seed17,57,11.0
hpmcounter4,jump,seed17,58,11.0
hpmcounter4,jump,seed17,59,11.0
hpmcounter4,jump,seed17,60,11.0
hpmcounter4,jump,seed17,61,11.0
hpmcounter4,jump,seed17,62,11.0
hpmcounter4,jump,seed17,63,11.0
hpmcounter4,jump,seed17,64,11.0
hpmcounter4,jump,seed17,65,11.0
hpmcounter4,jump,seed17,66,11.0
hpmcounter4,jump,seed17,67,11.0
hpmcounter4,jump,seed17,68,11.0
hpmcounter4,jump,seed17,69,11.0
hpmcounter4,jump,seed17,70,11.0
hpmcounter4,jump,seed17,71,11.0
hpmcounter4,jump,seed17,72,11.0
hpmcounter4,jump,seed17,73,11.0
hpmcounter4,jump,seed17,74,11.0
hpmcounter4,jump,seed17,75,11.0
hpmcounter4,jump,seed17,76,11.0
hpmcounter4,jump,seed17,77,11.0
hpmcounter4,jump,seed17,78,11.0
hpmcounter4,jump,seed17,79,11.0
hpmcounter4,jump,seed17,80,11.0
hpmcounter4,jump,seed17,81,11.0
hpmcounter4,jump,seed17,82,11.0
hpmcounter4,jump,seed17,83,11.0
hpmcounter4,jump,seed17,84,11.0
hpmcounter4,jump,seed17,85,11.0
hpmcounter4,jump,seed17,86,11.0
hpmcounter4,jump,seed17,87,11.0
hpmcounter4,jump,seed17,88,11.0
hpmcounter4,jump,seed17,89,11.0
hpmcounter4,jump,seed17,90,11.0
hpmcounter4,jump,seed17,91,11.0
hpmcounter4,jump,seed17,92,11.0
hpmcounter4,jump,seed17,93,11.0
hpmcounter4,jump,seed17,94,11.0
hpmcounter4,jump,seed17,95,11.0
hpmcounter4,jump,seed17,96,11.0
hpmcounter4,jump,seed17,97,11.0
hpmcounter4,jump,seed17,98,11.0
hpmcounter4,jump,seed17,99,11.0
hpmcounter4,jump,seed17,100,11.0
hpmcounter4,jump,seed17,101,11.0
hpmcounter4,jump,seed17,102,11.0
hpmcounter4,jump,seed17,103,11.0
hpmcounter4,jump,seed17,104,11.0
hpmcounter4,jump,seed17,105,11.0
hpmcounter4,jump,seed17,106,11.0
hpmcounter4,jump,seed17,107,11.0
hpmcounter4,jump,seed17,108,11.0
hpmcounter4,jump,seed17,109,11.0
hpmcounter4,jump,seed17,110,11.0
hpmcounter4,jump,seed17,111,11.0
hpmcounter4,jump,seed17,112,11.0
hpmcounter4,jump,seed17,113,11.0
hpmcounter4,jump,seed17,114,11.0
hpmcounter4,jump,seed17,115,11.0
hpmcounter4,jump,seed17,116,11.0
hpmcounter4,jump,seed17,117,11.0
hpmcounter4,jump,seed17,118,11.0
hpmcounter4,jump,seed17,119,11.0
hpmcounter4,jump,seed17,120,11.0
hpmcounter4,jump,seed17,121,11.0
hpmcounter4,jump,seed17,122,11.0
hpmcounter4,jump,seed17,123,11.0
hpmcounter4,jump,seed17,124,11.0
hpmcounter4,jump,seed17,125,11.0
hpmcounter4,jump,seed17,126,11.0
hpmcounter4,jump,seed17,127,11.0
hpmcounter4,jump,seed17,128,11.0
hpmcounter4,jump,seed17,129,11.0
hpmcounter4,jump,seed17,130,11.0
hpmcounter4,jump,seed17,131,11.0
hpmcounter4,jump,seed17,132,11.0
hpmcounter4,jump,seed17,133,11.0
hpmcounter4,jump,seed17,134,11.0
hpmcounter4,jump,seed17,135,11.0
hpmcounter4,jump,seed17,136,11.0
hpmcounter4,jump,seed17,137,11.0
hpmcounter4,jump,seed17,138,11.0
hpmcounter4,jump,seed17,139,11.0
hpmcounter4,jump,seed17,140,11.0
hpmcounter4,jump,seed17,141,11.0
hpmcounter4,jump,seed17,142,11.0
hpmcounter4,jump,seed17,143,11.0
hpmcounter4,jump,seed17,144,11.0
hpmcounter4,jump,seed17,145,11.0
hpmcounter4,jump,seed17,146,11.0
hpmcounter4,jump,seed17,147,11.0
hpmcounter4,jump,seed17,148,11.0
hpmcounter4,jump,seed17,149,11.0
hpmcounter4,jump,seed17,150,11.0
hpmcounter4,jump,seed17,151,11.545454545454545
hpmcounter4,jump,seed17,152,12.515151515151516
hpmcounter4,jump,seed17,153,13.787878787878787
hpmcounter4,jump,seed17,154,15.242424242424242
hpmcounter4,jump,seed17,155,16.757575757575758
hpmcounter4,jump,seed17,156,18.21212121212121
hpmcounter4,jump,seed17,157,19.484848484848484
hpmcounter4,jump,seed17,158,20.454545454545453
hpmcounter4,jump,seed17,159,21.0
hpmcounter4,jump,seed17,160,21.0
hpmcounter4,jump,seed17,161,21.0
hpmcounter4,jump,seed17,162,21.0
hpmcounter4,jump,seed17,163,21.0
hpmcounter4,jump,seed17,164,21.0
hpmcounter4,jump,seed17,165,21.0
hpmcounter4,jump,seed17,166,21.0
hpmcounter4,jump,seed17,167,21.0
hpmcounter4,jump,seed17,168,21.0
hpmcounter4,jump,seed17,169,20.454545454545453
hpmcounter4,jump,seed17,170,19.484848484848484
hpmcounter4,jump,seed17,171,18.21212121212121
hpmcounter4,jump,seed17,172,16.757575757575758
hpmcounter4,jump,seed17,173,15.242424242424242
hpmcounter4,jump,seed17,174,13.787878787878787
hpmcounter4,jump,seed17,175,12.515151515151516
hpmcounter4,jump,seed17,176,11.545454545454545
hpmcounter4,jump,seed17,177,11.0
hpmcounter4,jump,seed17,178,11.0
hpmcounter4,jump,seed17,179,11.0
hpmcounter4,jump,seed17,180,11.0
hpmcounter4,jump,seed17,181,11.0
hpmcounter4,jump,seed17,182,11.0
hpmcounter4,jump,seed17,183,11.0
hpmcounter4,jump,seed17,184,11.0
hpmcounter4,jump,seed17,185,11.0
hpmcounter4,jump,seed17,186,11.0
hpmcounter4,jump,seed17,187,11.0
hpmcounter4,jump,seed17,188,11.0
hpmcounter4,jump,seed17,189,11.0
hpmcounter4,jump,seed17,190,11.0
hpmcounter4,jump,seed17,191,11.0
hpmcounter4,jump,seed17,192,11.0
hpmcounter4,jump,seed17,193,11.0
hpmcounter4,jump,seed17,194,11.0
hpmcounter4,jump,seed17,195,11.0
hpmcounter4,jump,seed17,196,11.0
hpmcounter4,jump,seed17,197,11.0
hpmcounter4,jump,seed17,198,11.0
hpmcounter4,jump,seed17,199,11.0
hpmcounter4,jump,seed17,200,11.0
hpmcounter4,jump,seed17,201,11.0
hpmcounter4,jump,seed17,202,11.0
hpmcounter4,jump,seed17,203,11.0
hpmcounter4,jump,seed17,204,11.0
hpmcounter4,jump,seed17,205,11.0
hpmcounter4,jump,seed17,206,11.0
hpmcounter4,jump,seed17,207,11.0
hpmcounter4,jump,seed17,208,11.0
hpmcounter4,jump,seed17,209,11.0
hpmcounter4,jump,seed17,210,11.0
hpmcounter4,jump,seed17,211,11.0
hpmcounter4,jump,seed17,212,11.0
hpmcounter4,jump,seed17,213,11.0
hpmcounter4,jump,seed17,214,11.0
hpmcounter4,jump,seed17,215,11.0
hpmcounter4,jump,seed17,216,11.0
hpmcounter4,jump,seed17,217,11.0
hpmcounter4,jump,seed17,218,11.0
hpmcounter4,jump,seed17,219,11.0
hpmcounter4,jump,seed17,220,11.0
hpmcounter4,jump,seed17,221,11.0
hpmcounter4,jump,seed17,222,11.0
hpmcounter4,jump,seed17,223,11.0
hpmcounter4,jump,seed17,224,11.0
hpmcounter4,jump,seed17,225,11.0
hpmcounter4,jump,seed17,226,11.0
hpmcounter4,jump,seed17,227,11.0
hpmcounter4,jump,seed17,228,11.0
hpmcounter4,jump,seed17,229,11.0
hpmcounter4,jump,seed17,230,11.0
hpmcounter4,jump,seed17,231,11.0
hpmcounter4,jump,seed17,232,11.0
hpmcounter4,jump,seed17,233,11.0
hpmcounter4,jump,seed17,234,11.0
hpmcounter4,jump,seed17,235,11.0
hpmcounter4,jump,seed17,236,11.0
hpmcounter4,jump,seed17,237,11.0
hpmcounter4,jump,seed17,238,11.0
hpmcounter4,jump,seed17,239,11.0
hpmcounter4,jump,seed17,240,11.0
hpmcounter4,jump,seed17,241,11.0
hpmcounter4,jump,seed17,242,11.0
hpmcounter4,jump,seed17,243,11.0
hpmcounter4,jump,seed17,244,11.0
hpmcounter4,jump,seed17,245,11.0
hpmcounter4,jump,seed17,246,11.0
hpmcounter4,jump,seed17,247,11.0
hpmcounter4,jump,seed17,248,11.0
hpmcounter4,jump,seed17,249,11.0
hpmcounter4,jump,seed17,250,11.0
hpmcounter4,jump,seed17,251,11.0
hpmcounter4,jump,seed17,252,11.0
hpmcounter4,jump,seed17,253,11.0
hpmcounter4,jump,seed17,254,11.0
hpmcounter4,jump,seed17,255,11.0
hpmcounter4,jump,seed17,256,11.0
hpmcounter4,jump,seed17,257,11.0
hpmcounter4,jump,seed17,258,11.0
hpmcounter4,jump,seed17,259,11.0
hpmcounter4,jump,seed17,260,11.0
hpmcounter4,jump,seed17,261,11.0
hpmcounter4,jump,seed17,262,11.0
hpmcounter4,jump,seed17,263,11.0
hpmcounter4,jump,seed17,264,11.0
hpmcounter4,jump,seed17,265,11.0
hpmcounter4,jump,seed17,266,11.0
hpmcounter4,jump,seed17,267,11.0
hpmcounter4,jump,seed17,268,11.0
hpmcounter4,jump,seed17,269,11.0
hpmcounter4,jump,seed17,270,11.0
hpmcounter4,jump,seed17,271,11.0
hpmcounter4,jump,seed17,272,11.0
hpmcounter4,jump,seed17,273,11.0
hpmcounter4,jump,seed17,274,11.0
hpmcounter4,jump,seed17,275,11.0
hpmcounter4,jump,seed17,276,11.0
hpmcounter4,jump,seed17,277,11.0
hpmcounter4,jump,seed17,278,11.0
hpmcounter4,jump,seed17,279,11.0
hpmcounter4,jump,seed17,280,11.0
hpmcounter4,jump,seed17,281,11.0
hpmcounter4,jump,seed17,282,11.0
hpmcounter4,jump,seed17,283,11.0
hpmcounter4,jump,seed17,284,11.0
hpmcounter4,jump,seed17,285,11.0
hpmcounter4,jump,seed17,286,11.0
hpmcounter4,jump,seed17,287,11.0
hpmcounter4,jump,seed17,288,11.0
hpmcounter4,jump,seed17,289,11.0
hpmcounter4,jump,seed17,290,11.0
hpmcounter4,jump,seed17,291,11.0
hpmcounter4,jump,seed17,292,11.0
hpmcounter4,jump,seed17,293,11.0
hpmcounter4,jump,seed17,294,11.0
hpmcounter4,jump,seed17,295,11.0
hpmcounter4,jump,seed17,296,11.0
hpmcounter4,jump,seed17,297,11.0
hpmcounter4,jump,seed17,298,11.0
hpmcounter4,jump,seed18,9,11.0
hpmcounter4,jump,seed18,10,11.0
hpmcounter4,jump,seed18,11,11.0
hpmcounter4,jump,seed18,12,11.0
hpmcounter4,jump,seed18,13,11.0
hpmcounter4,jump,seed18,14,11.0
hpmcounter4,jump,seed18,15,11.0
hpmcounter4,jump,seed18,16,11.0
hpmcounter4,jump,seed18,17,11.0
hpmcounter4,jump,seed18,18,11.0
hpmcounter4,jump,seed18,19,11.0
hpmcounter4,jump,seed18,20,11.0
hpmcounter4,jump,seed18,21,11.0
hpmcounter4,jump,seed18,22,11.0
hpmcounter4,jump,seed18,23,11.0
hpmcounter4,jump,seed18,24,11.0
hpmcounter4,jump,seed18,25,11.0
hpmcounter4,jump,seed18,26,11.0
hpmcounter4,jump,seed18,27,11.0
hpmcounter4,jump,seed18,28,11.0
hpmcounter4,jump,seed18,29,11.0
hpmcounter4,jump,seed18,30,11.0
hpmcounter4,jump,seed18,31,11.0
hpmcounter4,jump,seed18,32,11.0
hpmcounter4,jump,seed18,33,11.0
hpmcounter4,jump,seed18,34,11.0
hpmcounter4,jump,seed18,35,11.0
hpmcounter4,jump,seed18,36,11.0
hpmcounter4,jump,seed18,37,11.0
hpmcounter4,jump,seed18,38,11.0
hpmcounter4,jump,seed18,39,11.0
hpmcounter4,jump,seed18,40,11.0
hpmcounter4,jump,seed18,41,11.0
hpmcounter4,jump,seed18,42,11.0
hpmcounter4,jump,seed18,43,11.0
hpmcounter4,jump,seed18,44,11.0
hpmcounter4,jump,seed18,45,11.0
hpmcounter4,jump,seed18,46,11.0
hpmcounter4,jump,seed18,47,11.0
hpmcounter4,jump,seed18,48,11.0
hpmcounter4,jump,seed18,49,11.0
hpmcounter4,jump,seed18,50,11.0
hpmcounter4,jump,seed18,51,11.0
hpmcounter4,jump,seed18,52,11.0
hpmcounter4,jump,seed18,53,11.0
hpmcounter4,jump,seed18,54,11.0
hpmcounter4,jump,seed18,55,11.0
hpmcounter4,jump,seed18,56,11.0
hpmcounter4,jump,seed18,57,11.0
hpmcounter4,jump,seed18,58,11.0
hpmcounter4,jump,seed18,59,11.0
hpmcounter4,jump,seed18,60,11.0
hpmcounter4,jump,seed18,61,11.0
hpmcounter4,jump,seed18,62,11.0
hpmcounter4,jump,seed18,63,11.0
hpmcounter4,jump,seed18,64,11.0
hpmcounter4,jump,seed18,65,11.0
hpmcounter4,jump,seed18,66,11.0
hpmcounter4,jump,seed18,67,11.0
hpmcounter4,jump,seed18,68,11.0
hpmcounter4,jump,seed18,69,11.0
hpmcounter4,jump,seed18,70,11.0
hpmcounter4,jump,seed18,71,11.0
hpmcounter4,jump,seed18,72,11.0
hpmcounter4,jump,seed18,73,11.0
hpmcounter4,jump,seed18,74,11.0
hpmcounter4,jump,seed18,75,11.0
hpmcounter4,jump,seed18,76,11.0
hpmcounter4,jump,seed18,77,11.0
hpmcounter4,jump,seed18,78,11.0
hpmcounter4,jump,seed18,79,11.0
hpmcounter4,jump,seed18,80,11.0
hpmcounter4,jump,seed18,81,11.0
hpmcounter4,jump,seed18,82,11.0
hpmcounter4,jump,seed18,83,11.0
hpmcounter4,jump,seed18,84,11.0
hpmcounter4,jump,seed18,85,11.0
hpmcounter4,jump,seed18,86,11.0
hpmcounter4,jump,seed18,87,11.0
hpmcounter4,jump,seed18,88,11.0
hpmcounter4,jump,seed18,89,11.0
hpmcounter4,jump,seed18,90,11.0
hpmcounter4,jump,seed18,91,11.0
hpmcounter4,jump,seed18,92,11.0
hpmcounter4,jump,seed18,93,11.0
hpmcounter4,jump,seed18,94,11.0
hpmcounter4,jump,seed18,95,11.0
hpmcounter4,jump,seed18,96,11.0
hpmcounter4,jump,seed18,97,11.0
hpmcounter4,jump,seed18,98,11.0
hpmcounter4,jump,seed18,99,11.0
hpmcounter4,jump,seed18,100,11.0
hpmcounter4,jump,seed18,101,11.0
hpmcounter4,jump,seed18,102,11.0
hpmcounter4,jump,seed18,103,11.0
hpmcounter4,jump,seed18,104,11.0
hpmcounter4,jump,seed18,105,11.0
hpmcounter4,jump,seed18,106,11.0
hpmcounter4,jump,seed18,107,11.0
hpmcounter4,jump,seed18,108,11.0
hpmcounter4,jump,seed18,109,11.0
hpmcounter4,jump,seed18,110,11.0
hpmcounter4,jump,seed18,111,11.0
hpmcounter4,jump,seed18,112,11.0
hpmcounter4,jump,seed18,113,11.0
hpmcounter4,jump,seed18,114,11.0
hpmcounter4,jump,seed18,115,11.0
hpmcounter4,jump,seed18,116,11.0
hpmcounter4,jump,seed18,117,11.0
hpmcounter4,jump,seed18,118,11.0
hpmcounter4,jump,seed18,119,11.0
hpmcounter4,jump,seed18,120,11.0
hpmcounter4,jump,seed18,121,11.0
hpmcounter4,jump,seed18,122,11.0
hpmcounter4,jump,seed18,123,11.0
hpmcounter4,jump,seed18,124,11.0
hpmcounter4,jump,seed18,125,11.0
hpmcounter4,jump,seed18,126,11.0
hpmcounter4,jump,seed18,127,11.0
hpmcounter4,jump,seed18,128,11.0
hpmcounter4,jump,seed18,129,11.0
hpmcounter4,jump,seed18,130,11.0
hpmcounter4,jump,seed18,131,11.0
hpmcounter4,jump,seed18,132,11.0
hpmcounter4,jump,seed18,133,11.0
hpmcounter4,jump,seed18,134,11.0
hpmcounter4,jump,seed18,135,11.0
hpmcounter4,jump,seed18,136,11.0
hpmcounter4,jump,seed18,137,11.0
hpmcounter4,jump,seed18,138,11.0
hpmcounter4,jump,seed18,139,11.0
hpmcounter4,jump,seed18,140,11.0
hpmcounter4,jump,seed18,141,11.0
hpmcounter4,jump,seed18,142,11.0
hpmcounter4,jump,seed18,143,11.545454545454545
hpmcounter4,jump,seed18,144,12.515151515151516
hpmcounter4,jump,seed18,145,13.787878787878787
hpmcounter4,jump,seed18,146,14.696969696969697
hpmcounter4,jump,seed18,147,15.242424242424242
hpmcounter4,jump,seed18,148,15.424242424242424
hpmcounter4,jump,seed18,149,15.242424242424242
hpmcounter4,jump,seed18,150,14.696969696969697
hpmcounter4,jump,seed18,151,14.333333333333334
hpmcounter4,jump,seed18,152,14.030303030303031
hpmcounter4,jump,seed18,153,14.333333333333334
hpmcounter4,jump,seed18,154,15.242424242424242
hpmcounter4,jump,seed18,155,16.757575757575758
hpmcounter4,jump,seed18,156,18.21212121212121
hpmcounter4,jump,seed18,157,19.484848484848484
hpmcounter4,jump,seed18,158,20.454545454545453
hpmcounter4,jump,seed18,159,21.0
hpmcounter4,jump,seed18,160,21.0
hpmcounter4,jump,seed18,161,21.0
hpmcounter4,jump,seed18,162,21.0
hpmcounter4,jump,seed18,163,21.0
hpmcounter4,jump,seed18,164,21.0
hpmcounter4,jump,seed18,165,21.0
hpmcounter4,jump,seed18,166,21.0
hpmcounter4,jump,seed18,167,21.0
hpmcounter4,jump,seed18,168,21.0
hpmcounter4,jump,seed18,169,21.0
hpmcounter4,jump,seed18,170,21.0
hpmcounter4,jump,seed18,171,21.0
hpmcounter4,jump,seed18,172,21.0
hpmcounter4,jump,seed18,173,21.0
hpmcounter4,jump,seed18,174,20.454545454545453
hpmcounter4,jump,seed18,175,20.03030303030303
hpmcounter4,jump,seed18,176,19.181818181818183
hpmcounter4,jump,seed18,177,18.03030303030303
hpmcounter4,jump,seed18,178,16.696969696969695
hpmcounter4,jump,seed18,179,15.303030303030303
hpmcounter4,jump,seed18,180,13.969696969696969
hpmcounter4,jump,seed18,181,12.818181818181818
hpmcounter4,jump,seed18,182,11.969696969696969
hpmcounter4,jump,seed18,183,11.545454545454545
hpmcounter4,jump,seed18,184,11.0
hpmcounter4,jump,seed18,185,11.0
hpmcounter4,jump,seed18,186,11.0
hpmcounter4,jump,seed18,187,11.0
hpmcounter4,jump,seed18,188,11.0
hpmcounter4,jump,seed18,189,11.0
hpmcounter4,jump,seed18,190,11.0
hpmcounter4,jump,seed18,191,11.0
hpmcounter4,jump,seed18,192,11.0
hpmcounter4,jump,seed18,193,11.0
hpmcounter4,jump,seed18,194,11.0
hpmcounter4,jump,seed18,195,11.0
hpmcounter4,jump,seed18,196,11.0
hpmcounter4,jump,seed18,197,11.0
hpmcounter4,jump,seed18,198,11.545454545454545
hpmcounter4,jump,seed18,199,12.515151515151516
hpmcounter4,jump,seed18,200,13.787878787878787
hpmcounter4,jump,seed18,201,15.242424242424242
hpmcounter4,jump,seed18,202,16.21212121212121
hpmcounter4,jump,seed18,203,16.696969696969695
hpmcounter4,jump,seed18,204,16.696969696969695
hpmcounter4,jump,seed18,205,16.21212121212121
hpmcounter4,jump,seed18,206,15.242424242424242
hpmcounter4,jump,seed18,207,13.787878787878787
hpmcounter4,jump,seed18,208,12.515151515151516
hpmcounter4,jump,seed18,209,11.545454545454545
hpmcounter4,jump,seed18,210,11.0
hpmcounter4,jump,seed18,211,11.0
hpmcounter4,jump,seed18,212,11.0
hpmcounter4,jump,seed18,213,11.0
hpmcounter4,jump,seed18,214,11.0
hpmcounter4,jump,seed18,215,11.0
hpmcounter4,jump,seed18,216,11.0
hpmcounter4,jump,seed18,217,11.0
hpmcounter4,jump,seed18,218,11.0
hpmcounter4,jump,seed18,219,11.0
hpmcounter4,jump,seed18,220,11.0
hpmcounter4,jump,seed18,221,11.0
hpmcounter4,jump,seed18,222,11.0
hpmcounter4,jump,seed18,223,11.0
hpmcounter4,jump,seed18,224,11.0
hpmcounter4,jump,seed18,225,11.0
hpmcounter4,jump,seed18,226,11.0
hpmcounter4,jump,seed18,227,11.0
hpmcounter4,jump,seed18,228,11.0
hpmcounter4,jump,seed18,229,11.0
hpmcounter4,jump,seed18,230,11.0
hpmcounter4,jump,seed18,231,11.0
hpmcounter4,jump,seed18,232,11.0
hpmcounter4,jump,seed18,233,11.0
hpmcounter4,jump,seed18,234,11.0
hpmcounter4,jump,seed18,235,11.0
hpmcounter4,jump,seed18,236,11.0
hpmcounter4,jump,seed18,237,11.0
hpmcounter4,jump,seed18,238,11.0
hpmcounter4,jump,seed18,239,11.0
hpmcounter4,jump,seed18,240,11.0
hpmcounter4,jump,seed18,241,11.0
hpmcounter4,jump,seed18,242,11.0
hpmcounter4,jump,seed18,243,11.0
hpmcounter4,jump,seed18,244,11.0
hpmcounter4,jump,seed18,245,11.0
hpmcounter4,jump,seed18,246,11.0
hpmcounter4,jump,seed18,247,11.0
hpmcounter4,jump,seed18,248,11.0
hpmcounter4,jump,seed18,249,11.0
hpmcounter4,jump,seed18,250,11.0
hpmcounter4,jump,seed18,251,11.0
hpmcounter4,jump,seed18,252,11.0
hpmcounter4,jump,seed18,253,11.0
hpmcounter4,jump,seed18,254,11.0
hpmcounter4,jump,seed18,255,11.0
hpmcounter4,jump,seed18,256,11.0
hpmcounter4,jump,seed18,257,11.0
hpmcounter4,jump,seed18,258,11.0
hpmcounter4,jump,seed18,259,11.0
hpmcounter4,jump,seed18,260,11.0
hpmcounter4,jump,seed18,261,11.0
hpmcounter4,jump,seed18,262,11.0
hpmcounter4,jump,seed18,263,11.0
hpmcounter4,jump,seed18,264,11.0
hpmcounter4,jump,seed18,265,11.0
hpmcounter4,jump,seed18,266,11.0
hpmcounter4,jump,seed18,267,11.0
hpmcounter4,jump,seed18,268,11.0
hpmcounter4,jump,seed18,269,11.0
hpmcounter4,jump,seed18,270,11.0
hpmcounter4,jump,seed18,271,11.0
hpmcounter4,jump,seed18,272,11.0
hpmcounter4,jump,seed18,273,11.0
hpmcounter4,jump,seed18,274,11.0
hpmcounter4,jump,seed18,275,11.0
hpmcounter4,jump,seed18,276,11.0
hpmcounter4,jump,seed18,277,11.0
hpmcounter4,jump,seed18,278,11.0
hpmcounter4,jump,seed18,279,11.0
hpmcounter4,jump,seed18,280,11.0
hpmcounter4,jump,seed18,281,11.0
hpmcounter4,jump,seed18,282,11.0
hpmcounter4,jump,seed18,283,11.0
hpmcounter4,jump,seed18,284,11.0
hpmcounter4,jump,seed18,285,11.0
hpmcounter4,jump,seed18,286,11.0
hpmcounter4,jump,seed18,287,11.0
hpmcounter4,jump,seed18,288,11.0
hpmcounter4,jump,seed18,289,11.0
hpmcounter4,jump,seed18,290,11.0
hpmcounter4,jump,seed18,291,11.0
hpmcounter4,jump,seed18,292,11.0
hpmcounter4,jump,seed18,293,11.0
hpmcounter4,jump,seed18,294,11.0
hpmcounter4,jump,seed18,295,11.0
hpmcounter4,jump,seed18,296,11.0
hpmcounter4,jump,seed18,297,11.0
hpmcounter4,jump,seed18,298,11.0
hpmcounter4,jump,seed19,9,13.242424242424242
hpmcounter4,jump,seed19,10,12.515151515151516
hpmcounter4,jump,seed19,11,11.545454545454545
hpmcounter4,jump,seed19,12,11.0
hpmcounter4,jump,seed19,13,11.0
hpmcounter4,jump,seed19,14,11.0
hpmcounter4,jump,seed19,15,11.0
hpmcounter4,jump,seed19,16,11.0
hpmcounter4,jump,seed19,17,11.0
hpmcounter4,jump,seed19,18,11.0
hpmcounter4,jump,seed19,19,11.0
hpmcounter4,jump,seed19,20,11.0
hpmcounter4,jump,seed19,21,11.0
hpmcounter4,jump,seed19,22,11.0
hpmcounter4,jump,seed19,23,11.0
hpmcounter4,jump,seed19,24,11.0
hpmcounter4,jump,seed19,25,11.0
hpmcounter4,jump,seed19,26,11.0
hpmcounter4,jump,seed19,27,11.0
hpmcounter4,jump,seed19,28,11.0
hpmcounter4,jump,seed19,29,11.0
hpmcounter4,jump,seed19,30,11.0
hpmcounter4,jump,seed19,31,11.0
hpmcounter4,jump,seed19,32,11.0
hpmcounter4,jump,seed19,33,11.0
hpmcounter4,jump,seed19,34,11.0
hpmcounter4,jump,seed19,35,11.0
hpmcounter4,jump,seed19,36,11.0
hpmcounter4,jump,seed19,37,11.0
hpmcounter4,jump,seed19,38,11.0
hpmcounter4,jump,seed19,39,11.0
hpmcounter4,jump,seed19,40,11.0
hpmcounter4,jump,seed19,41,11.0
hpmcounter4,jump,seed19,42,11.0
hpmcounter4,jump,seed19,43,11.0
hpmcounter4,jump,seed19,44,11.0
hpmcounter4,jump,seed19,45,11.0
hpmcounter4,jump,seed19,46,11.0
hpmcounter4,jump,seed19,47,11.0
hpmcounter4,jump,seed19,48,11.0
hpmcounter4,jump,seed19,49,11.0
hpmcounter4,jump,seed19,50,11.0
hpmcounter4,jump,seed19,51,11.0
hpmcounter4,jump,seed19,52,11.0
hpmcounter4,jump,seed19,53,11.0
hpmcounter4,jump,seed19,54,11.0
hpmcounter4,jump,seed19,55,11.0
hpmcounter4,jump,seed19,56,11.0
hpmcounter4,jump,seed19,57,11.0
hpmcounter4,jump,seed19,58,11.0
hpmcounter4,jump,seed19,59,11.0
hpmcounter4,jump,seed19,60,11.0
hpmcounter4,jump,seed19,61,11.0
hpmcounter4,jump,seed19,62,11.0
hpmcounter4,jump,seed19,63,11.0
hpmcounter4,jump,seed19,64,11.0
hpmcounter4,jump,seed19,65,11.0
hpmcounter4,jump,seed19,66,11.0
hpmcounter4,jump,seed19,67,11.0
hpmcounter4,jump,seed19,68,11.0
hpmcounter4,jump,seed19,69,11.0
hpmcounter4,jump,seed19,70,11.0
hpmcounter4,jump,seed19,71,11.0
hpmcounter4,jump,seed19,72,11.0
hpmcounter4,jump,seed19,73,11.0
hpmcounter4,jump,seed19,74,11.0
hpmcounter4,jump,seed19,75,11.0
hpmcounter4,jump,seed19,76,11.0
hpmcounter4,jump,seed19,77,11.0
hpmcounter4,jump,seed19,78,11.545454545454545
hpmcounter4,jump,seed19,79,11.969696969696969
hpmcounter4,jump,seed19,80,12.272727272727273
hpmcounter4,jump,seed19,81,13.0
hpmcounter4,jump,seed19,82,14.030303030303031
hpmcounter4,jump,seed19,83,15.242424242424242
hpmcounter4,jump,seed19,84,15.969696969696969
hpmcounter4,jump,seed19,85,16.21212121212121
hpmcounter4,jump,seed19,86,15.969696969696969
hpmcounter4,jump,seed19,87,15.242424242424242
hpmcounter4,jump,seed19,88,14.696969696969697
hpmcounter4,jump,seed19,89,13.787878787878787
hpmcounter4,jump,seed19,90,12.515151515151516
hpmcounter4,jump,seed19,91,11.545454545454545
hpmcounter4,jump,seed19,92,11.0
hpmcounter4,jump,seed19,93,11.0
hpmcounter4,jump,seed19,94,11.0
hpmcounter4,jump,seed19,95,11.0
hpmcounter4,jump,seed19,96,11.0
hpmcounter4,jump,seed19,97,11.0
hpmcounter4,jump,seed19,98,11.0
hpmcounter4,jump,seed19,99,11.0
hpmcounter4,jump,seed19,100,11.0
hpmcounter4,jump,seed19,101,11.0
hpmcounter4,jump,seed19,102,11.0
hpmcounter4,jump,seed19,103,11.0
hpmcounter4,jump,seed19,104,11.0
hpmcounter4,jump,seed19,105,11.0
hpmcounter4,jump,seed19,106,11.0
hpmcounter4,jump,seed19,107,11.0
hpmcounter4,jump,seed19,108,11.0
hpmcounter4,jump,seed19,109,11.0
hpmcounter4,jump,seed19,110,11.0
hpmcounter4,jump,seed19,111,11.0
hpmcounter4,jump,seed19,112,11.0
hpmcounter4,jump,seed19,113,11.0
hpmcounter4,jump,seed19,114,11.0
hpmcounter4,jump,seed19,115,11.0
hpmcounter4,jump,seed19,116,11.0
hpmcounter4,jump,seed19,117,11.0
hpmcounter4,jump,seed19,118,11.0
hpmcounter4,jump,seed19,119,11.0
hpmcounter4,jump,seed19,120,11.0
hpmcounter4,jump,seed19,121,11.0
hpmcounter4,jump,seed19,122,11.0
hpmcounter4,jump,seed19,123,11.0
hpmcounter4,jump,seed19,124,11.0
hpmcounter4,jump,seed19,125,11.0
hpmcounter4,jump,seed19,126,11.0
hpmcounter4,jump,seed19,127,11.0
hpmcounter4,jump,seed19,128,11.0
hpmcounter4,jump,seed19,129,11.0
hpmcounter4,jump,seed19,130,11.0
hpmcounter4,jump,seed19,131,11.0
hpmcounter4,jump,seed19,132,11.0
hpmcounter4,jump,seed19,133,11.0
hpmcounter4,jump,seed19,134,11.0
hpmcounter4,jump,seed19,135,11.0
hpmcounter4,jump,seed19,136,11.0
hpmcounter4,jump,seed19,137,11.0
hpmcounter4,jump,seed19,138,11.0
hpmcounter4,jump,seed19,139,11.0
hpmcounter4,jump,seed19,140,11.0
hpmcounter4,jump,seed19,141,11.0
hpmcounter4,jump,seed19,142,11.0
hpmcounter4,jump,seed19,143,11.0
hpmcounter4,jump,seed19,144,11.0
hpmcounter4,jump,seed19,145,11.0
hpmcounter4,jump,seed19,146,11.0
hpmcounter4,jump,seed19,147,11.0
hpmcounter4,jump,seed19,148,11.0
hpmcounter4,jump,seed19,149,11.0
hpmcounter4,jump,seed19,150,11.0
hpmcounter4,jump,seed19,151,11.545454545454545
hpmcounter4,jump,seed19,152,12.515151515151516
hpmcounter4,jump,seed19,153,13.787878787878787
hpmcounter4,jump,seed19,154,15.242424242424242
hpmcounter4,jump,seed19,155,16.757575757575758
hpmcounter4,jump,seed19,156,18.21212121212121
hpmcounter4,jump,seed19,157,19.484848484848484
hpmcounter4,jump,seed19,158,20.454545454545453
hpmcounter4,jump,seed19,159,21.0
hpmcounter4,jump,seed19,160,21.0
hpmcounter4,jump,seed19,161,21.0
hpmcounter4,jump,seed19,162,21.0
hpmcounter4,jump,seed19,163,21.0
hpmcounter4,jump,seed19,164,21.0
hpmcounter4,jump,seed19,165,21.0
hpmcounter4,jump,seed19,166,21.0
hpmcounter4,jump,seed19,167,21.0
hpmcounter4,jump,seed19,168,21.0
hpmcounter4,jump,seed19,169,21.0
hpmcounter4,jump,seed19,170,21.0
hpmcounter4,jump,seed19,171,20.454545454545453
hpmcounter4,jump,seed19,172,19.484848484848484
hpmcounter4,jump,seed19,173,18.21212121212121
hpmcounter4,jump,seed19,174,16.757575757575758
hpmcounter4,jump,seed19,175,15.242424242424242
hpmcounter4,jump,seed19,176,13.787878787878787
hpmcounter4,jump,seed19,177,12.515151515151516
hpmcounter4,jump,seed19,178,11.545454545454545
hpmcounter4,jump,seed19,179,11.0
hpmcounter4,jump,seed19,180,11.0
hpmcounter4,jump,seed19,181,11.0
hpmcounter4,jump,seed19,182,11.0
hpmcounter4,jump,seed19,183,11.0
hpmcounter4,jump,seed19,184,11.0
hpmcounter4,jump,seed19,185,11.0
hpmcounter4,jump,seed19,186,11.0
hpmcounter4,jump,seed19,187,11.0
hpmcounter4,jump,seed19,188,11.0
hpmcounter4,jump,seed19,189,11.0
hpmcounter4,jump,seed19,190,11.0
hpmcounter4,jump,seed19,191,11.0
hpmcounter4,jump,seed19,192,11.0
hpmcounter4,jump,seed19,193,11.0
hpmcounter4,jump,seed19,194,11.0
hpmcounter4,jump,seed19,195,11.0
hpmcounter4,jump,seed19,196,11.0
hpmcounter4,jump,seed19,197,11.0
hpmcounter4,jump,seed19,198,11.0
hpmcounter4,jump,seed19,199,11.0
hpmcounter4,jump,seed19,200,11.0
hpmcounter4,jump,seed19,201,11.0
hpmcounter4,jump,seed19,202,11.0
hpmcounter4,jump,seed19,203,11.0
hpmcounter4,jump,seed19,204,11.0
hpmcounter4,jump,seed19,205,11.0
hpmcounter4,jump,seed19,206,11.0
hpmcounter4,jump,seed19,207,11.0
hpmcounter4,jump,seed19,208,11.0
hpmcounter4,jump,seed19,209,11.0
hpmcounter4,jump,seed19,210,11.0
hpmcounter4,jump,seed19,211,11.0
hpmcounter4,jump,seed19,212,11.0
hpmcounter4,jump,seed19,213,11.0
hpmcounter4,jump,seed19,214,11.0
hpmcounter4,jump,seed19,215,11.0
hpmcounter4,jump,seed19,216,11.0
hpmcounter4,jump,seed19,217,11.0
hpmcounter4,jump,seed19,218,11.0
hpmcounter4,jump,seed19,219,11.0
hpmcounter4,jump,seed19,220,11.0
hpmcounter4,jump,seed19,221,11.0
hpmcounter4,jump,seed19,222,11.0
hpmcounter4,jump,seed19,223,11.0
hpmcounter4,jump,seed19,224,11.0
hpmcounter4,jump,seed19,225,11.0
hpmcounter4,jump,seed19,226,11.0
hpmcounter4,jump,seed19,227,11.0
hpmcounter4,jump,seed19,228,11.0
hpmcounter4,jump,seed19,229,11.0
hpmcounter4,jump,seed19,230,11.0
hpmcounter4,jump,seed19,231,11.0
hpmcounter4,jump,seed19,232,11.0
hpmcounter4,jump,seed19,233,11.0
hpmcounter4,jump,seed19,234,11.0
hpmcounter4,jump,seed19,235,11.0
hpmcounter4,jump,seed19,236,11.0
hpmcounter4,jump,seed19,237,11.0
hpmcounter4,jump,seed19,238,11.0
hpmcounter4,jump,seed19,239,11.0
hpmcounter4,jump,seed19,240,11.0
hpmcounter4,jump,seed19,241,11.0
hpmcounter4,jump,seed19,242,11.0
hpmcounter4,jump,seed19,243,11.0
hpmcounter4,jump,seed19,244,11.0
hpmcounter4,jump,seed19,245,11.0
hpmcounter4,jump,seed19,246,11.0
hpmcounter4,jump,seed19,247,11.0
hpmcounter4,jump,seed19,248,11.0
hpmcounter4,jump,seed19,249,11.0
hpmcounter4,jump,seed19,250,11.0
hpmcounter4,jump,seed19,251,11.0
hpmcounter4,jump,seed19,252,11.0
hpmcounter4,jump,seed19,253,11.0
hpmcounter4,jump,seed19,254,11.0
hpmcounter4,jump,seed19,255,11.0
hpmcounter4,jump,seed19,256,11.0
hpmcounter4,jump,seed19,257,11.0
hpmcounter4,jump,seed19,258,11.0
hpmcounter4,jump,seed19,259,11.0
hpmcounter4,jump,seed19,260,11.0
hpmcounter4,jump,seed19,261,11.0
hpmcounter4,jump,seed19,262,11.0
hpmcounter4,jump,seed19,263,11.0
hpmcounter4,jump,seed19,264,11.0
hpmcounter4,jump,seed19,265,11.0
hpmcounter4,jump,seed19,266,11.0
hpmcounter4,jump,seed19,267,11.0
hpmcounter4,jump,seed19,268,11.0
hpmcounter4,jump,seed19,269,11.0
hpmcounter4,jump,seed19,270,11.0
hpmcounter4,jump,seed19,271,11.0
hpmcounter4,jump,seed19,272,11.0
hpmcounter4,jump,seed19,273,11.0
hpmcounter4,jump,seed19,274,11.0
hpmcounter4,jump,seed19,275,11.0
hpmcounter4,jump,seed19,276,11.0
hpmcounter4,jump,seed19,277,11.0
hpmcounter4,jump,seed19,278,11.0
hpmcounter4,jump,seed19,279,11.0
hpmcounter4,jump,seed19,280,11.0
hpmcounter4,jump,seed19,281,11.0
hpmcounter4,jump,seed19,282,11.0
hpmcounter4,jump,seed19,283,11.0
hpmcounter4,jump,seed19,284,11.0
hpmcounter4,jump,seed19,285,11.0
hpmcounter4,jump,seed19,286,11.0
hpmcounter4,jump,seed19,287,11.0
hpmcounter4,jump,seed19,288,11.0
hpmcounter4,jump,seed19,289,11.0
hpmcounter4,jump,seed19,290,11.0
hpmcounter4,jump,seed19,291,11.0
hpmcounter4,jump,seed19,292,11.0
hpmcounter4,jump,seed19,293,11.0
hpmcounter4,jump,seed19,294,11.0
hpmcounter4,jump,seed19,295,11.0
hpmcounter4,jump,seed19,296,11.0
hpmcounter4,jump,seed19,297,11.0
hpmcounter4,jump,seed19,298,11.0
hpmcounter4,jump,seed2,9,11.0
hpmcounter4,jump,seed2,10,11.0
hpmcounter4,jump,seed2,11,11.0
hpmcounter4,jump,seed2,12,11.0
hpmcounter4,jump,seed2,13,11.0
hpmcounter4,jump,seed2,14,11.0
hpmcounter4,jump,seed2,15,11.545454545454545
hpmcounter4,jump,seed2,16,11.969696969696969
hpmcounter4,jump,seed2,17,12.272727272727273
hpmcounter4,jump,seed2,18,12.454545454545455
hpmcounter4,jump,seed2,19,13.06060606060606
hpmcounter4,jump,seed2,20,13.969696969696969
hpmcounter4,jump,seed2,21,14.515151515151516
hpmcounter4,jump,seed2,22,14.696969696969697
hpmcounter4,jump,seed2,23,14.515151515151516
hpmcounter4,jump,seed2,24,13.969696969696969
hpmcounter4,jump,seed2,25,13.727272727272727
hpmcounter4,jump,seed2,26,13.242424242424242
hpmcounter4,jump,seed2,27,12.515151515151516
hpmcounter4,jump,seed2,28,11.545454545454545
hpmcounter4,jump,seed2,29,11.0
hpmcounter4,jump,seed2,30,11.0
hpmcounter4,jump,seed2,31,11.0
hpmcounter4,jump,seed2,32,11.0
hpmcounter4,jump,seed2,33,11.0
hpmcounter4,jump,seed2,34,11.0
hpmcounter4,jump,seed2,35,11.0
hpmcounter4,jump,seed2,36,11.0
hpmcounter4,jump,seed2,37,11.0
hpmcounter4,jump,seed2,38,11.0
hpmcounter4,jump,seed2,39,11.0
hpmcounter4,jump,seed2,40,11.0
hpmcounter4,jump,seed2,41,11.0
hpmcounter4,jump,seed2,42,11.0
hpmcounter4,jump,seed2,43,11.0
hpmcounter4,jump,seed2,44,11.0
hpmcounter4,jump,seed2,45,11.0
hpmcounter4,jump,seed2,46,11.0
hpmcounter4,jump,seed2,47,11.0
hpmcounter4,jump,seed2,48,11.0
hpmcounter4,jump,seed2,49,11.0
hpmcounter4,jump,seed2,50,11.0
hpmcounter4,jump,seed2,51,11.0
hpmcounter4,jump,seed2,52,11.0
hpmcounter4,jump,seed2,53,11.0
hpmcounter4,jump,seed2,54,11.0
hpmcounter4,jump,seed2,55,11.0
hpmcounter4,jump,seed2,56,11.0
hpmcounter4,jump,seed2,57,11.0
hpmcounter4,jump,seed2,58,11.0
hpmcounter4,jump,seed2,59,11.0
hpmcounter4,jump,seed2,60,11.0
hpmcounter4,jump,seed2,61,11.0
hpmcounter4,jump,seed2,62,11.0
hpmcounter4,jump,seed2,63,11.0
hpmcounter4,jump,seed2,64,11.0
hpmcounter4,jump,seed2,65,11.0
hpmcounter4,jump,seed2,66,11.0
hpmcounter4,jump,seed2,67,11.0
hpmcounter4,jump,seed2,68,11.0
hpmcounter4,jump,seed2,69,11.0
hpmcounter4,jump,seed2,70,11.0
hpmcounter4,jump,seed2,71,11.0
hpmcounter4,jump,seed2,72,11.0
hpmcounter4,jump,seed2,73,11.0
hpmcounter4,jump,seed2,74,11.0
hpmcounter4,jump,seed2,75,11.0
hpmcounter4,jump,seed2,76,11.0
hpmcounter4,jump,seed2,77,11.0
hpmcounter4,jump,seed2,78,11.0
hpmcounter4,jump,seed2,79,11.0
hpmcounter4,jump,seed2,80,11.0
hpmcounter4,jump,seed2,81,11.0
hpmcounter4,jump,seed2,82,11.0
hpmcounter4,jump,seed2,83,11.0
hpmcounter4,jump,seed2,84,11.0
hpmcounter4,jump,seed2,85,11.0
hpmcounter4,jump,seed2,86,11.0
hpmcounter4,jump,seed2,87,11.0
hpmcounter4,jump,seed2,88,11.0
hpmcounter4,jump,seed2,89,11.0
hpmcounter4,jump,seed2,90,11.0
hpmcounter4,jump,seed2,91,11.0
hpmcounter4,jump,seed2,92,11.0
hpmcounter4,jump,seed2,93,11.0
hpmcounter4,jump,seed2,94,11.0
hpmcounter4,jump,seed2,95,11.0
hpmcounter4,jump,seed2,96,11.0
hpmcounter4,jump,seed2,97,11.0
hpmcounter4,jump,seed2,98,11.0
hpmcounter4,jump,seed2,99,11.0
hpmcounter4,jump,seed2,100,11.0
hpmcounter4,jump,seed2,101,11.0
hpmcounter4,jump,seed2,102,11.0
hpmcounter4,jump,seed2,103,11.0
hpmcounter4,jump,seed2,104,11.0
hpmcounter4,jump,seed2,105,11.0
hpmcounter4,jump,seed2,106,11.0
hpmcounter4,jump,seed2,107,11.0
hpmcounter4,jump,seed2,108,11.0
hpmcounter4,jump,seed2,109,11.0
hpmcounter4,jump,seed2,110,11.0
hpmcounter4,jump,seed2,111,11.0
hpmcounter4,jump,seed2,112,11.0
hpmcounter4,jump,seed2,113,11.0
hpmcounter4,jump,seed2,114,11.0
hpmcounter4,jump,seed2,115,11.0
hpmcounter4,jump,seed2,116,11.0
hpmcounter4,jump,seed2,117,11.0
hpmcounter4,jump,seed2,118,11.0
hpmcounter4,jump,seed2,119,11.0
hpmcounter4,jump,seed2,120,11.0
hpmcounter4,jump,seed2,121,11.0
hpmcounter4,jump,seed2,122,11.0
hpmcounter4,jump,seed2,123,11.0
hpmcounter4,jump,seed2,124,11.0
hpmcounter4,jump,seed2,125,11.0
hpmcounter4,jump,seed2,126,11.0
hpmcounter4,jump,seed2,127,11.0
hpmcounter4,jump,seed2,128,11.0
hpmcounter4,jump,seed2,129,11.0
hpmcounter4,jump,seed2,130,11.0
hpmcounter4,jump,seed2,131,11.0
hpmcounter4,jump,seed2,132,11.0
hpmcounter4,jump,seed2,133,11.0
hpmcounter4,jump,seed2,134,11.0
hpmcounter4,jump,seed2,135,11.0
hpmcounter4,jump,seed2,136,11.0
hpmcounter4,jump,seed2,137,11.0
hpmcounter4,jump,seed2,138,11.0
hpmcounter4,jump,seed2,139,11.0
hpmcounter4,jump,seed2,140,11.0
hpmcounter4,jump,seed2,141,11.0
hpmcounter4,jump,seed2,142,11.0
hpmcounter4,jump,seed2,143,11.0
hpmcounter4,jump,seed2,144,11.0
hpmcounter4,jump,seed2,145,11.0
hpmcounter4,jump,seed2,146,11.0
hpmcounter4,jump,seed2,147,11.0
hpmcounter4,jump,seed2,148,11.545454545454545
hpmcounter4,jump,seed2,149,11.969696969696969
hpmcounter4,jump,seed2,150,12.272727272727273
hpmcounter4,jump,seed2,151,13.0
hpmcounter4,jump,seed2,152,14.030303030303031
hpmcounter4,jump,seed2,153,15.242424242424242
hpmcounter4,jump,seed2,154,16.515151515151516
hpmcounter4,jump,seed2,155,17.727272727272727
hpmcounter4,jump,seed2,156,18.757575757575758
hpmcounter4,jump,seed2,157,19.484848484848484
hpmcounter4,jump,seed2,158,20.454545454545453
hpmcounter4,jump,seed2,159,21.0
hpmcounter4,jump,seed2,160,21.0
hpmcounter4,jump,seed2,161,21.0
hpmcounter4,jump,seed2,162,21.0
hpmcounter4,jump,seed2,163,21.0
hpmcounter4,jump,seed2,164,21.0
hpmcounter4,jump,seed2,165,20.454545454545453
hpmcounter4,jump,seed2,166,19.484848484848484
hpmcounter4,jump,seed2,167,18.21212121212121
hpmcounter4,jump,seed2,168,16.757575757575758
hpmcounter4,jump,seed2,169,15.787878787878787
hpmcounter4,jump,seed2,170,15.303030303030303
hpmcounter4,jump,seed2,171,15.303030303030303
hpmcounter4,jump,seed2,172,15.787878787878787
hpmcounter4,jump,seed2,173,16.757575757575758
hpmcounter4,jump,seed2,174,18.21212121212121
hpmcounter4,jump,seed2,175,19.484848484848484
hpmcounter4,jump,seed2,176,20.454545454545453
hpmcounter4,jump,seed2,177,20.454545454545453
hpmcounter4,jump,seed2,178,19.484848484848484
hpmcounter4,jump,seed2,179,18.21212121212121
hpmcounter4,jump,seed2,180,16.757575757575758
hpmcounter4,jump,seed2,181,15.242424242424242
hpmcounter4,jump,seed2,182,13.787878787878787
hpmcounter4,jump,seed2,183,12.515151515151516
hpmcounter4,jump,seed2,184,11.545454545454545
hpmcounter4,jump,seed2,185,11.0
hpmcounter4,jump,seed2,186,11.0
hpmcounter4,jump,seed2,187,11.0
hpmcounter4,jump,seed2,188,11.0
hpmcounter4,jump,seed2,189,11.0
hpmcounter4,jump,seed2,190,11.0
hpmcounter4,jump,seed2,191,11.0
hpmcounter4,jump,seed2,192,11.0
hpmcounter4,jump,seed2,193,11.0
hpmcounter4,jump,seed2,194,11.0
hpmcounter4,jump,seed2,195,11.0
hpmcounter4,jump,seed2,196,11.0
hpmcounter4,jump,seed2,197,11.0
hpmcounter4,jump,seed2,198,11.0
hpmcounter4,jump,seed2,199,11.0
hpmcounter4,jump,seed2,200,11.0
hpmcounter4,jump,seed2,201,11.0
hpmcounter4,jump,seed2,202,11.0
hpmcounter4,jump,seed2,203,11.0
hpmcounter4,jump,seed2,204,11.0
hpmcounter4,jump,seed2,205,11.0
hpmcounter4,jump,seed2,206,11.0
hpmcounter4,jump,seed2,207,11.0
hpmcounter4,jump,seed2,208,11.0
hpmcounter4,jump,seed2,209,11.0
hpmcounter4,jump,seed2,210,11.0
hpmcounter4,jump,seed2,211,11.0
hpmcounter4,jump,seed2,212,11.0
hpmcounter4,jump,seed2,213,11.0
hpmcounter4,jump,seed2,214,11.0
hpmcounter4,jump,seed2,215,11.0
hpmcounter4,jump,seed2,216,11.0
hpmcounter4,jump,seed2,217,11.0
hpmcounter4,jump,seed2,218,11.0
hpmcounter4,jump,seed2,219,11.0
hpmcounter4,jump,seed2,220,11.0
hpmcounter4,jump,seed2,221,11.0
hpmcounter4,jump,seed2,222,11.0
hpmcounter4,jump,seed2,223,11.0
hpmcounter4,jump,seed2,224,11.0
hpmcounter4,jump,seed2,225,11.0
hpmcounter4,jump,seed2,226,11.0
hpmcounter4,jump,seed2,227,11.0
hpmcounter4,jump,seed2,228,11.0
hpmcounter4,jump,seed2,229,11.0
hpmcounter4,jump,seed2,230,11.0
hpmcounter4,jump,seed2,231,11.0
hpmcounter4,jump,seed2,232,11.0
hpmcounter4,jump,seed2,233,11.0
hpmcounter4,jump,seed2,234,11.0
hpmcounter4,jump,seed2,235,11.0
hpmcounter4,jump,seed2,236,11.0
hpmcounter4,jump,seed2,237,11.0
hpmcounter4,jump,seed2,238,11.0
hpmcounter4,jump,seed2,239,11.0
hpmcounter4,jump,seed2,240,11.0
hpmcounter4,jump,seed2,241,11.0
hpmcounter4,jump,seed2,242,11.0
hpmcounter4,jump,seed2,243,11.0
hpmcounter4,jump,seed2,244,11.0
hpmcounter4,jump,seed2,245,11.0
hpmcounter4,jump,seed2,246,11.0
hpmcounter4,jump,seed2,247,11.0
hpmcounter4,jump,seed2,248,11.0
hpmcounter4,jump,seed2,249,11.0
hpmcounter4,jump,seed2,250,11.0
hpmcounter4,jump,seed2,251,11.0
hpmcounter4,jump,seed2,252,11.0
hpmcounter4,jump,seed2,253,11.0
hpmcounter4,jump,seed2,254,11.0
hpmcounter4,jump,seed2,255,11.0
hpmcounter4,jump,seed2,256,11.0
hpmcounter4,jump,seed2,257,11.0
hpmcounter4,jump,seed2,258,11.0
hpmcounter4,jump,seed2,259,11.0
hpmcounter4,jump,seed2,260,11.0
hpmcounter4,jump,seed2,261,11.0
hpmcounter4,jump,seed2,262,11.0
hpmcounter4,jump,seed2,263,11.0
hpmcounter4,jump,seed2,264,11.0
hpmcounter4,jump,seed2,265,11.0
hpmcounter4,jump,seed2,266,11.0
hpmcounter4,jump,seed2,267,11.0
hpmcounter4,jump,seed2,268,11.0
hpmcounter4,jump,seed2,269,11.0
hpmcounter4,jump,seed2,270,11.0
hpmcounter4,jump,seed2,271,11.0
hpmcounter4,jump,seed2,272,11.0
hpmcounter4,jump,seed2,273,11.0
hpmcounter4,jump,seed2,274,11.0
hpmcounter4,jump,seed2,275,11.0
hpmcounter4,jump,seed2,276,11.0
hpmcounter4,jump,seed2,277,11.0
hpmcounter4,jump,seed2,278,11.0
hpmcounter4,jump,seed2,279,11.0
hpmcounter4,jump,seed2,280,11.0
hpmcounter4,jump,seed2,281,11.0
hpmcounter4,jump,seed2,282,11.0
hpmcounter4,jump,seed2,283,11.0
hpmcounter4,jump,seed2,284,11.0
hpmcounter4,jump,seed2,285,11.0
hpmcounter4,jump,seed2,286,11.0
hpmcounter4,jump,seed2,287,11.0
hpmcounter4,jump,seed2,288,11.0
hpmcounter4,jump,seed2,289,11.0
hpmcounter4,jump,seed2,290,11.0
hpmcounter4,jump,seed2,291,11.0
hpmcounter4,jump,seed2,292,11.0
hpmcounter4,jump,seed2,293,11.0
hpmcounter4,jump,seed2,294,11.0
hpmcounter4,jump,seed2,295,11.0
hpmcounter4,jump,seed2,296,11.0
hpmcounter4,jump,seed2,297,11.0
hpmcounter4,jump,seed2,298,11.0
hpmcounter4,jump,seed20,9,19.90909090909091
hpmcounter4,jump,seed20,10,19.484848484848484
hpmcounter4,jump,seed20,11,18.21212121212121
hpmcounter4,jump,seed20,12,16.757575757575758
hpmcounter4,jump,seed20,13,15.242424242424242
hpmcounter4,jump,seed20,14,13.787878787878787
hpmcounter4,jump,seed20,15,12.515151515151516
hpmcounter4,jump,seed20,16,11.545454545454545
hpmcounter4,jump,seed20,17,11.0
hpmcounter4,jump,seed20,18,11.0
hpmcounter4,jump,seed20,19,11.0
hpmcounter4,jump,seed20,20,11.0
hpmcounter4,jump,seed20,21,11.0
hpmcounter4,jump,seed20,22,11.0
hpmcounter4,jump,seed20,23,11.0
hpmcounter4,jump,seed20,24,11.0
hpmcounter4,jump,seed20,25,11.0
hpmcounter4,jump,seed20,26,11.0
hpmcounter4,jump,seed20,27,11.0
hpmcounter4,jump,seed20,28,11.0
hpmcounter4,jump,seed20,29,11.0
hpmcounter4,jump,seed20,30,11.0
hpmcounter4,jump,seed20,31,11.0
hpmcounter4,jump,seed20,32,11.0
hpmcounter4,jump,seed20,33,11.0
hpmcounter4,jump,seed20,34,11.0
hpmcounter4,jump,seed20,35,11.0
hpmcounter4,jump,seed20,36,11.0
hpmcounter4,jump,seed20,37,11.0
hpmcounter4,jump,seed20,38,11.0
hpmcounter4,jump,seed20,39,11.0
hpmcounter4,jump,seed20,40,11.0
hpmcounter4,jump,seed20,41,11.0
hpmcounter4,jump,seed20,42,11.0
hpmcounter4,jump,seed20,43,11.0
hpmcounter4,jump,seed20,44,11.0
hpmcounter4,jump,seed20,45,11.0
hpmcounter4,jump,seed20,46,11.545454545454545
hpmcounter4,jump,seed20,47,12.515151515151516
hpmcounter4,jump,seed20,48,13.787878787878787
hpmcounter4,jump,seed20,49,15.242424242424242
hpmcounter4,jump,seed20,50,16.21212121212121
hpmcounter4,jump,seed20,51,16.696969696969695
hpmcounter4,jump,seed20,52,16.696969696969695
hpmcounter4,jump,seed20,53,16.21212121212121
hpmcounter4,jump,seed20,54,15.242424242424242
hpmcounter4,jump,seed20,55,13.787878787878787
hpmcounter4,jump,seed20,56,12.515151515151516
hpmcounter4,jump,seed20,57,11.545454545454545
hpmcounter4,jump,seed20,58,11.0
hpmcounter4,jump,seed20,59,11.0
hpmcounter4,jump,seed20,60,11.0
hpmcounter4,jump,seed20,61,11.0
hpmcounter4,jump,seed20,62,11.0
hpmcounter4,jump,seed20,63,11.0
hpmcounter4,jump,seed20,64,11.0
hpmcounter4,jump,seed20,65,11.0
hpmcounter4,jump,seed20,66,11.0
hpmcounter4,jump,seed20,67,11.0
hpmcounter4,jump,seed20,68,11.0
hpmcounter4,jump,seed20,69,11.0
hpmcounter4,jump,seed20,70,11.0
hpmcounter4,jump,seed20,71,11.0
hpmcounter4,jump,seed20,72,11.0
hpmcounter4,jump,seed20,73,11.0
hpmcounter4,jump,seed20,74,11.0
hpmcounter4,jump,seed20,75,11.0
hpmcounter4,jump,seed20,76,11.0
hpmcounter4,jump,seed20,77,11.0
hpmcounter4,jump,seed20,78,11.0
hpmcounter4,jump,seed20,79,11.0
hpmcounter4,jump,seed20,80,11.0
hpmcounter4,jump,seed20,81,11.0
hpmcounter4,jump,seed20,82,11.0
hpmcounter4,jump,seed20,83,11.0
hpmcounter4,jump,seed20,84,11.0
hpmcounter4,jump,seed20,85,11.0
hpmcounter4,jump,seed20,86,11.0
hpmcounter4,jump,seed20,87,11.0
hpmcounter4,jump,seed20,88,11.0
hpmcounter4,jump,seed20,89,11.0
hpmcounter4,jump,seed20,90,11.0
hpmcounter4,jump,seed20,91,11.0
hpmcounter4,jump,seed20,92,11.0
hpmcounter4,jump,seed20,93,11.0
hpmcounter4,jump,seed20,94,11.0
hpmcounter4,jump,seed20,95,11.0
hpmcounter4,jump,seed20,96,11.0
hpmcounter4,jump,seed20,97,11.0
hpmcounter4,jump,seed20,98,11.0
hpmcounter4,jump,seed20,99,11.0
hpmcounter4,jump,seed20,100,11.0
hpmcounter4,jump,seed20,101,11.0
hpmcounter4,jump,seed20,102,11.0
hpmcounter4,jump,seed20,103,11.0
hpmcounter4,jump,seed20,104,11.0
hpmcounter4,jump,seed20,105,11.0
hpmcounter4,jump,seed20,106,11.0
hpmcounter4,jump,seed20,107,11.0
hpmcounter4,jump,seed20,108,11.0
hpmcounter4,jump,seed20,109,11.0
hpmcounter4,jump,seed20,110,11.0
hpmcounter4,jump,seed20,111,11.0
hpmcounter4,jump,seed20,112,11.0
hpmcounter4,jump,seed20,113,11.0
hpmcounter4,jump,seed20,114,11.0
hpmcounter4,jump,seed20,115,11.0
hpmcounter4,jump,seed20,116,11.0
hpmcounter4,jump,seed20,117,11.0
hpmcounter4,jump,seed20,118,11.0
hpmcounter4,jump,seed20,119,11.0
hpmcounter4,jump,seed20,120,11.0
hpmcounter4,jump,seed20,121,11.0
hpmcounter4,jump,seed20,122,11.0
hpmcounter4,jump,seed20,123,11.0
hpmcounter4,jump,seed20,124,11.0
hpmcounter4,jump,seed20,125,11.0
hpmcounter4,jump,seed20,126,11.0
hpmcounter4,jump,seed20,127,11.545454545454545
hpmcounter4,jump,seed20,128,11.969696969696969
hpmcounter4,jump,seed20,129,12.272727272727273
hpmcounter4,jump,seed20,130,12.454545454545455
hpmcounter4,jump,seed20,131,12.515151515151516
hpmcounter4,jump,seed20,132,12.454545454545455
hpmcounter4,jump,seed20,133,12.272727272727273
hpmcounter4,jump,seed20,134,11.969696969696969
hpmcounter4,jump,seed20,135,11.545454545454545
hpmcounter4,jump,seed20,136,11.0
hpmcounter4,jump,seed20,137,11.0
hpmcounter4,jump,seed20,138,11.0
hpmcounter4,jump,seed20,139,11.0
hpmcounter4,jump,seed20,140,11.0
hpmcounter4,jump,seed20,141,11.0
hpmcounter4,jump,seed20,142,11.0
hpmcounter4,jump,seed20,143,11.0
hpmcounter4,jump,seed20,144,11.0
hpmcounter4,jump,seed20,145,11.0
hpmcounter4,jump,seed20,146,11.0
hpmcounter4,jump,seed20,147,11.0
hpmcounter4,jump,seed20,148,11.0
hpmcounter4,jump,seed20,149,11.0
hpmcounter4,jump,seed20,150,11.0
hpmcounter4,jump,seed20,151,11.545454545454545
hpmcounter4,jump,seed20,152,12.515151515151516
hpmcounter4,jump,seed20,153,13.787878787878787
hpmcounter4,jump,seed20,154,15.242424242424242
hpmcounter4,jump,seed20,155,16.757575757575758
hpmcounter4,jump,seed20,156,18.21212121212121
hpmcounter4,jump,seed20,157,19.484848484848484
hpmcounter4,jump,seed20,158,20.454545454545453
hpmcounter4,jump,seed20,159,21.0
hpmcounter4,jump,seed20,160,21.0
hpmcounter4,jump,seed20,161,21.0
hpmcounter4,jump,seed20,162,21.0
hpmcounter4,jump,seed20,163,21.0
hpmcounter4,jump,seed20,164,21.0
hpmcounter4,jump,seed20,165,21.0
hpmcounter4,jump,seed20,166,21.0
hpmcounter4,jump,seed20,167,20.454545454545453
hpmcounter4,jump,seed20,168,19.484848484848484
hpmcounter4,jump,seed20,169,18.21212121212121
hpmcounter4,jump,seed20,170,16.757575757575758
hpmcounter4,jump,seed20,171,15.242424242424242
hpmcounter4,jump,seed20,172,13.787878787878787
hpmcounter4,jump,seed20,173,12.515151515151516
hpmcounter4,jump,seed20,174,11.545454545454545
hpmcounter4,jump,seed20,175,11.0
hpmcounter4,jump,seed20,176,11.0
hpmcounter4,jump,seed20,177,11.545454545454545
hpmcounter4,jump,seed20,178,12.515151515151516
hpmcounter4,jump,seed20,179,13.242424242424242
hpmcounter4,jump,seed20,180,13.727272727272727
hpmcounter4,jump,seed20,181,13.969696969696969
hpmcounter4,jump,seed20,182,13.969696969696969
hpmcounter4,jump,seed20,183,13.727272727272727
hpmcounter4,jump,seed20,184,13.242424242424242
hpmcounter4,jump,seed20,185,12.515151515151516
hpmcounter4,jump,seed20,186,11.545454545454545
hpmcounter4,jump,seed20,187,11.0
hpmcounter4,jump,seed20,188,11.0
hpmcounter4,jump,seed20,189,11.0
hpmcounter4,jump,seed20,190,11.0
hpmcounter4,jump,seed20,191,11.0
hpmcounter4,jump,seed20,192,11.0
hpmcounter4,jump,seed20,193,11.0
hpmcounter4,jump,seed20,194,11.0
hpmcounter4,jump,seed20,195,11.0
hpmcounter4,jump,seed20,196,11.0
hpmcounter4,jump,seed20,197,11.0
hpmcounter4,jump,seed20,198,11.0
hpmcounter4,jump,seed20,199,11.0
hpmcounter4,jump,seed20,200,11.0
hpmcounter4,jump,seed20,201,11.0
hpmcounter4,jump,seed20,202,11.0
hpmcounter4,jump,seed20,203,11.0
hpmcounter4,jump,seed20,204,11.0
hpmcounter4,jump,seed20,205,11.0
hpmcounter4,jump,seed20,206,11.0
hpmcounter4,jump,seed20,207,11.0
hpmcounter4,jump,seed20,208,11.0
hpmcounter4,jump,seed20,209,11.0
hpmcounter4,jump,seed20,210,11.0
hpmcounter4,jump,seed20,211,11.0
hpmcounter4,jump,seed20,212,11.0
hpmcounter4,jump,seed20,213,11.0
hpmcounter4,jump,seed20,214,11.0
hpmcounter4,jump,seed20,215,11.0
hpmcounter4,jump,seed20,216,11.0
hpmcounter4,jump,seed20,217,11.0
hpmcounter4,jump,seed20,218,11.545454545454545
hpmcounter4,jump,seed20,219,11.969696969696969
hpmcounter4,jump,seed20,220,12.272727272727273
hpmcounter4,jump,seed20,221,12.454545454545455
hpmcounter4,jump,seed20,222,12.515151515151516
hpmcounter4,jump,seed20,223,12.454545454545455
hpmcounter4,jump,seed20,224,12.272727272727273
hpmcounter4,jump,seed20,225,11.969696969696969
hpmcounter4,jump,seed20,226,11.545454545454545
hpmcounter4,jump,seed20,227,11.0
hpmcounter4,jump,seed20,228,11.0
hpmcounter4,jump,seed20,229,11.0
hpmcounter4,jump,seed20,230,11.0
hpmcounter4,jump,seed20,231,11.0
hpmcounter4,jump,seed20,232,11.0
hpmcounter4,jump,seed20,233,11.0
hpmcounter4,jump,seed20,234,11.0
hpmcounter4,jump,seed20,235,11.0
hpmcounter4,jump,seed20,236,11.0
hpmcounter4,jump,seed20,237,11.0
hpmcounter4,jump,seed20,238,11.0
hpmcounter4,jump,seed20,239,11.0
hpmcounter4,jump,seed20,240,11.0
hpmcounter4,jump,seed20,241,11.0
hpmcounter4,jump,seed20,242,11.0
hpmcounter4,jump,seed20,243,11.0
hpmcounter4,jump,seed20,244,11.0
hpmcounter4,jump,seed20,245,11.0
hpmcounter4,jump,seed20,246,11.0
hpmcounter4,jump,seed20,247,11.0
hpmcounter4,jump,seed20,248,11.0
hpmcounter4,jump,seed20,249,11.0
hpmcounter4,jump,seed20,250,11.0
hpmcounter4,jump,seed20,251,11.0
hpmcounter4,jump,seed20,252,11.0
hpmcounter4,jump,seed20,253,11.545454545454545
hpmcounter4,jump,seed20,254,12.515151515151516
hpmcounter4,jump,seed20,255,13.787878787878787
hpmcounter4,jump,seed20,256,15.242424242424242
hpmcounter4,jump,seed20,257,16.21212121212121
hpmcounter4,jump,seed20,258,16.696969696969695
hpmcounter4,jump,seed20,259,16.696969696969695
hpmcounter4,jump,seed20,260,16.757575757575758
hpmcounter4,jump,seed20,261,16.757575757575758
hpmcounter4,jump,seed20,262,16.03030303030303
hpmcounter4,jump,seed20,263,15.242424242424242
hpmcounter4,jump,seed20,264,14.515151515151516
hpmcounter4,jump,seed20,265,13.969696969696969
hpmcounter4,jump,seed20,266,13.727272727272727
hpmcounter4,jump,seed20,267,13.242424242424242
hpmcounter4,jump,seed20,268,12.515151515151516
hpmcounter4,jump,seed20,269,11.545454545454545
hpmcounter4,jump,seed20,270,11.0
hpmcounter4,jump,seed20,271,11.0
hpmcounter4,jump,seed20,272,11.0
hpmcounter4,jump,seed20,273,11.0
hpmcounter4,jump,seed20,274,11.0
hpmcounter4,jump,seed20,275,11.0
hpmcounter4,jump,seed20,276,11.0
hpmcounter4,jump,seed20,277,11.0
hpmcounter4,jump,seed20,278,11.0
hpmcounter4,jump,seed20,279,11.0
hpmcounter4,jump,seed20,280,11.0
hpmcounter4,jump,seed20,281,11.0
hpmcounter4,jump,seed20,282,11.0
hpmcounter4,jump,seed20,283,11.0
hpmcounter4,jump,seed20,284,11.0
hpmcounter4,jump,seed20,285,11.0
hpmcounter4,jump,seed20,286,11.0
hpmcounter4,jump,seed20,287,11.0
hpmcounter4,jump,seed20,288,11.0
hpmcounter4,jump,seed20,289,11.0
hpmcounter4,jump,seed20,290,11.0
hpmcounter4,jump,seed20,291,11.0
hpmcounter4,jump,seed20,292,11.0
hpmcounter4,jump,seed20,293,11.0
hpmcounter4,jump,seed20,294,11.0
hpmcounter4,jump,seed20,295,11.0
hpmcounter4,jump,seed20,296,11.0
hpmcounter4,jump,seed20,297,11.0
hpmcounter4,jump,seed20,298,11.0
hpmcounter4,jump,seed3,9,11.0
hpmcounter4,jump,seed3,10,11.0
hpmcounter4,jump,seed3,11,11.0
hpmcounter4,jump,seed3,12,11.0
hpmcounter4,jump,seed3,13,11.0
hpmcounter4,jump,seed3,14,11.0
hpmcounter4,jump,seed3,15,11.0
hpmcounter4,jump,seed3,16,11.0
hpmcounter4,jump,seed3,17,11.0
hpmcounter4,jump,seed3,18,11.0
hpmcounter4,jump,seed3,19,11.0
hpmcounter4,jump,seed3,20,11.545454545454545
hpmcounter4,jump,seed3,21,11.969696969696969
hpmcounter4,jump,seed3,22,12.272727272727273
hpmcounter4,jump,seed3,23,13.0
hpmcounter4,jump,seed3,24,13.484848484848484
hpmcounter4,jump,seed3,25,14.272727272727273
hpmcounter4,jump,seed3,26,14.696969696969697
hpmcounter4,jump,seed3,27,14.757575757575758
hpmcounter4,jump,seed3,28,14.454545454545455
hpmcounter4,jump,seed3,29,13.787878787878787
hpmcounter4,jump,seed3,30,13.424242424242424
hpmcounter4,jump,seed3,31,12.818181818181818
hpmcounter4,jump,seed3,32,11.969696969696969
hpmcounter4,jump,seed3,33,11.545454545454545
hpmcounter4,jump,seed3,34,11.0
hpmcounter4,jump,seed3,35,11.0
hpmcounter4,jump,seed3,36,11.0
hpmcounter4,jump,seed3,37,11.0
hpmcounter4,jump,seed3,38,11.0
hpmcounter4,jump,seed3,39,11.0
hpmcounter4,jump,seed3,40,11.0
hpmcounter4,jump,seed3,41,11.0
hpmcounter4,jump,seed3,42,11.0
hpmcounter4,jump,seed3,43,11.0
hpmcounter4,jump,seed3,44,11.0
hpmcounter4,jump,seed3,45,11.0
hpmcounter4,jump,seed3,46,11.0
hpmcounter4,jump,seed3,47,11.0
hpmcounter4,jump,seed3,48,11.0
hpmcounter4,jump,seed3,49,11.0
hpmcounter4,jump,seed3,50,11.0
hpmcounter4,jump,seed3,51,11.0
hpmcounter4,jump,seed3,52,11.0
hpmcounter4,jump,seed3,53,11.0
hpmcounter4,jump,seed3,54,11.0
hpmcounter4,jump,seed3,55,11.0
hpmcounter4,jump,seed3,56,11.0
hpmcounter4,jump,seed3,57,11.0
hpmcounter4,jump,seed3,58,11.0
hpmcounter4,jump,seed3,59,11.0
hpmcounter4,jump,seed3,60,11.0
hpmcounter4,jump,seed3,61,11.0
hpmcounter4,jump,seed3,62,11.0
hpmcounter4,jump,seed3,63,11.0
hpmcounter4,jump,seed3,64,11.0
hpmcounter4,jump,seed3,65,11.0
hpmcounter4,jump,seed3,66,11.0
hpmcounter4,jump,seed3,67,11.0
hpmcounter4,jump,seed3,68,11.0
hpmcounter4,jump,seed3,69,11.0
hpmcounter4,jump,seed3,70,11.0
hpmcounter4,jump,seed3,71,11.0
hpmcounter4,jump,seed3,72,11.0
hpmcounter4,jump,seed3,73,11.0
hpmcounter4,jump,seed3,74,11.0
hpmcounter4,jump,seed3,75,11.0
hpmcounter4,jump,seed3,76,11.0
hpmcounter4,jump,seed3,77,11.0
hpmcounter4,jump,seed3,78,11.0
hpmcounter4,jump,seed3,79,11.0
hpmcounter4,jump,seed3,80,11.0
hpmcounter4,jump,seed3,81,11.0
hpmcounter4,jump,seed3,82,11.0
hpmcounter4,jump,seed3,83,11.0
hpmcounter4,jump,seed3,84,11.0
hpmcounter4,jump,seed3,85,11.0
hpmcounter4,jump,seed3,86,11.0
hpmcounter4,jump,seed3,87,11.0
hpmcounter4,jump,seed3,88,11.0
hpmcounter4,jump,seed3,89,11.0
hpmcounter4,jump,seed3,90,11.0
hpmcounter4,jump,seed3,91,11.0
hpmcounter4,jump,seed3,92,11.0
hpmcounter4,jump,seed3,93,11.0
hpmcounter4,jump,seed3,94,11.0
hpmcounter4,jump,seed3,95,11.0
hpmcounter4,jump,seed3,96,11.0
hpmcounter4,jump,seed3,97,11.0
hpmcounter4,jump,seed3,98,11.0
hpmcounter4,jump,seed3,99,11.0
hpmcounter4,jump,seed3,100,11.0
hpmcounter4,jump,seed3,101,11.0
hpmcounter4,jump,seed3,102,11.0
hpmcounter4,jump,seed3,103,11.0
hpmcounter4,jump,seed3,104,11.0
hpmcounter4,jump,seed3,105,11.0
hpmcounter4,jump,seed3,106,11.0
hpmcounter4,jump,seed3,107,11.0
hpmcounter4,jump,seed3,108,11.0
hpmcounter4,jump,seed3,109,11.0
hpmcounter4,jump,seed3,110,11.0
hpmcounter4,jump,seed3,111,11.0
hpmcounter4,jump,seed3,112,11.0
hpmcounter4,jump,seed3,113,11.0
hpmcounter4,jump,seed3,114,11.0
hpmcounter4,jump,seed3,115,11.0
hpmcounter4,jump,seed3,116,11.0
hpmcounter4,jump,seed3,117,11.0
hpmcounter4,jump,seed3,118,11.0
hpmcounter4,jump,seed3,119,11.0
hpmcounter4,jump,seed3,120,11.0
hpmcounter4,jump,seed3,121,11.0
hpmcounter4,jump,seed3,122,11.0
hpmcounter4,jump,seed3,123,11.0
hpmcounter4,jump,seed3,124,11.0
hpmcounter4,jump,seed3,125,11.0
hpmcounter4,jump,seed3,126,11.0
hpmcounter4,jump,seed3,127,11.0
hpmcounter4,jump,seed3,128,11.0
hpmcounter4,jump,seed3,129,11.0
hpmcounter4,jump,seed3,130,11.0
hpmcounter4,jump,seed3,131,11.0
hpmcounter4,jump,seed3,132,11.545454545454545
hpmcounter4,jump,seed3,133,11.969696969696969
hpmcounter4,jump,seed3,134,12.272727272727273
hpmcounter4,jump,seed3,135,12.454545454545455
hpmcounter4,jump,seed3,136,12.515151515151516
hpmcounter4,jump,seed3,137,13.0
hpmcounter4,jump,seed3,138,13.242424242424242
hpmcounter4,jump,seed3,139,13.242424242424242
hpmcounter4,jump,seed3,140,13.0
hpmcounter4,jump,seed3,141,12.515151515151516
hpmcounter4,jump,seed3,142,12.454545454545455
hpmcounter4,jump,seed3,143,12.272727272727273
hpmcounter4,jump,seed3,144,11.969696969696969
hpmcounter4,jump,seed3,145,11.545454545454545
hpmcounter4,jump,seed3,146,11.0
hpmcounter4,jump,seed3,147,11.0
hpmcounter4,jump,seed3,148,11.0
hpmcounter4,jump,seed3,149,11.0
hpmcounter4,jump,seed3,150,11.0
hpmcounter4,jump,seed3,151,11.545454545454545
hpmcounter4,jump,seed3,152,12.515151515151516
hpmcounter4,jump,seed3,153,13.787878787878787
hpmcounter4,jump,seed3,154,15.242424242424242
hpmcounter4,jump,seed3,155,16.757575757575758
hpmcounter4,jump,seed3,156,18.21212121212121
hpmcounter4,jump,seed3,157,19.484848484848484
hpmcounter4,jump,seed3,158,20.454545454545453
hpmcounter4,jump,seed3,159,21.0
hpmcounter4,jump,seed3,160,21.0
hpmcounter4,jump,seed3,161,21.0
hpmcounter4,jump,seed3,162,21.0
hpmcounter4,jump,seed3,163,21.0
hpmcounter4,jump,seed3,164,21.0
hpmcounter4,jump,seed3,165,21.0
hpmcounter4,jump,seed3,166,21.0
hpmcounter4,jump,seed3,167,21.0
hpmcounter4,jump,seed3,168,21.0
hpmcounter4,jump,seed3,169,21.0
hpmcounter4,jump,seed3,170,20.454545454545453
hpmcounter4,jump,seed3,171,19.484848484848484
hpmcounter4,jump,seed3,172,18.21212121212121
hpmcounter4,jump,seed3,173,16.757575757575758
hpmcounter4,jump,seed3,174,15.242424242424242
hpmcounter4,jump,seed3,175,13.787878787878787
hpmcounter4,jump,seed3,176,12.515151515151516
hpmcounter4,jump,seed3,177,11.545454545454545
hpmcounter4,jump,seed3,178,11.0
hpmcounter4,jump,seed3,179,11.0
hpmcounter4,jump,seed3,180,11.0
hpmcounter4,jump,seed3,181,11.0
hpmcounter4,jump,seed3,182,11.0
hpmcounter4,jump,seed3,183,11.0
hpmcounter4,jump,seed3,184,11.0
hpmcounter4,jump,seed3,185,11.0
hpmcounter4,jump,seed3,186,11.0
hpmcounter4,jump,seed3,187,11.0
hpmcounter4,jump,seed3,188,11.0
hpmcounter4,jump,seed3,189,11.0
hpmcounter4,jump,seed3,190,11.0
hpmcounter4,jump,seed3,191,11.0
hpmcounter4,jump,seed3,192,11.0
hpmcounter4,jump,seed3,193,11.0
hpmcounter4,jump,seed3,194,11.0
hpmcounter4,jump,seed3,195,11.0
hpmcounter4,jump,seed3,196,11.0
hpmcounter4,jump,seed3,197,11.0
hpmcounter4,jump,seed3,198,11.0
hpmcounter4,jump,seed3,199,11.0
hpmcounter4,jump,seed3,200,11.0
hpmcounter4,jump,seed3,201,11.0
hpmcounter4,jump,seed3,202,11.0
hpmcounter4,jump,seed3,203,11.0
hpmcounter4,jump,seed3,204,11.0
hpmcounter4,jump,seed3,205,11.0
hpmcounter4,jump,seed3,206,11.0
hpmcounter4,jump,seed3,207,11.0
hpmcounter4,jump,seed3,208,11.0
hpmcounter4,jump,seed3,209,11.0
hpmcounter4,jump,seed3,210,11.0
hpmcounter4,jump,seed3,211,11.0
hpmcounter4,jump,seed3,212,11.0
hpmcounter4,jump,seed3,213,11.0
hpmcounter4,jump,seed3,214,11.0
hpmcounter4,jump,seed3,215,11.0
hpmcounter4,jump,seed3,216,11.0
hpmcounter4,jump,seed3,217,11.0
hpmcounter4,jump,seed3,218,11.0
hpmcounter4,jump,seed3,219,11.0
hpmcounter4,jump,seed3,220,11.0
hpmcounter4,jump,seed3,221,11.0
hpmcounter4,jump,seed3,222,11.0
hpmcounter4,jump,seed3,223,11.0
hpmcounter4,jump,seed3,224,11.0
hpmcounter4,jump,seed3,225,11.0
hpmcounter4,jump,seed3,226,11.0
hpmcounter4,jump,seed3,227,11.0
hpmcounter4,jump,seed3,228,11.0
hpmcounter4,jump,seed3,229,11.0
hpmcounter4,jump,seed3,230,11.0
hpmcounter4,jump,seed3,231,11.0
hpmcounter4,jump,seed3,232,11.0
hpmcounter4,jump,seed3,233,11.0
hpmcounter4,jump,seed3,234,11.0
hpmcounter4,jump,seed3,235,11.0
hpmcounter4,jump,seed3,236,11.0
hpmcounter4,jump,seed3,237,11.0
hpmcounter4,jump,seed3,238,11.0
hpmcounter4,jump,seed3,239,11.0
hpmcounter4,jump,seed3,240,11.0
hpmcounter4,jump,seed3,241,11.0
hpmcounter4,jump,seed3,242,11.0
hpmcounter4,jump,seed3,243,11.0
hpmcounter4,jump,seed3,244,11.0
hpmcounter4,jump,seed3,245,11.0
hpmcounter4,jump,seed3,246,11.0
hpmcounter4,jump,seed3,247,11.0
hpmcounter4,jump,seed3,248,11.0
hpmcounter4,jump,seed3,249,11.0
hpmcounter4,jump,seed3,250,11.0
hpmcounter4,jump,seed3,251,11.0
hpmcounter4,jump,seed3,252,11.0
hpmcounter4,jump,seed3,253,11.0
hpmcounter4,jump,seed3,254,11.0
hpmcounter4,jump,seed3,255,11.0
hpmcounter4,jump,seed3,256,11.0
hpmcounter4,jump,seed3,257,11.0
hpmcounter4,jump,seed3,258,11.0
hpmcounter4,jump,seed3,259,11.0
hpmcounter4,jump,seed3,260,11.0
hpmcounter4,jump,seed3,261,11.0
hpmcounter4,jump,seed3,262,11.0
hpmcounter4,jump,seed3,263,11.0
hpmcounter4,jump,seed3,264,11.0
hpmcounter4,jump,seed3,265,11.0
hpmcounter4,jump,seed3,266,11.0
hpmcounter4,jump,seed3,267,11.0
hpmcounter4,jump,seed3,268,11.0
hpmcounter4,jump,seed3,269,11.0
hpmcounter4,jump,seed3,270,11.0
hpmcounter4,jump,seed3,271,11.0
hpmcounter4,jump,seed3,272,11.0
hpmcounter4,jump,seed3,273,11.0
hpmcounter4,jump,seed3,274,11.0
hpmcounter4,jump,seed3,275,11.0
hpmcounter4,jump,seed3,276,11.0
hpmcounter4,jump,seed3,277,11.0
hpmcounter4,jump,seed3,278,11.0
hpmcounter4,jump,seed3,279,11.0
hpmcounter4,jump,seed3,280,11.0
hpmcounter4,jump,seed3,281,11.0
hpmcounter4,jump,seed3,282,11.0
hpmcounter4,jump,seed3,283,11.0
hpmcounter4,jump,seed3,284,11.0
hpmcounter4,jump,seed3,285,11.0
hpmcounter4,jump,seed3,286,11.0
hpmcounter4,jump,seed3,287,11.0
hpmcounter4,jump,seed3,288,11.0
hpmcounter4,jump,seed3,289,11.0
hpmcounter4,jump,seed3,290,11.0
hpmcounter4,jump,seed3,291,11.0
hpmcounter4,jump,seed3,292,11.0
hpmcounter4,jump,seed3,293,11.0
hpmcounter4,jump,seed3,294,11.545454545454545
hpmcounter4,jump,seed3,295,11.969696969696969
hpmcounter4,jump,seed3,296,12.272727272727273
hpmcounter4,jump,seed3,297,12.454545454545455
hpmcounter4,jump,seed3,298,12.515151515151516
hpmcounter4,jump,seed4,9,11.0
hpmcounter4,jump,seed4,10,11.0
hpmcounter4,jump,seed4,11,11.0
hpmcounter4,jump,seed4,12,11.0
hpmcounter4,jump,seed4,13,11.0
hpmcounter4,jump,seed4,14,11.0
hpmcounter4,jump,seed4,15,11.0
hpmcounter4,jump,seed4,16,11.0
hpmcounter4,jump,seed4,17,11.0
hpmcounter4,jump,seed4,18,11.0
hpmcounter4,jump,seed4,19,11.0
hpmcounter4,jump,seed4,20,11.0
hpmcounter4,jump,seed4,21,11.0
hpmcounter4,jump,seed4,22,11.0
hpmcounter4,jump,seed4,23,11.0
hpmcounter4,jump,seed4,24,11.0
hpmcounter4,jump,seed4,25,11.0
hpmcounter4,jump,seed4,26,11.0
hpmcounter4,jump,seed4,27,11.0
hpmcounter4,jump,seed4,28,11.0
hpmcounter4,jump,seed4,29,11.0
hpmcounter4,jump,seed4,30,11.0
hpmcounter4,jump,seed4,31,11.0
hpmcounter4,jump,seed4,32,11.0
hpmcounter4,jump,seed4,33,11.0
hpmcounter4,jump,seed4,34,11.0
hpmcounter4,jump,seed4,35,11.0
hpmcounter4,jump,seed4,36,11.0
hpmcounter4,jump,seed4,37,11.0
hpmcounter4,jump,seed4,38,11.0
hpmcounter4,jump,seed4,39,11.0
hpmcounter4,jump,seed4,40,11.0
hpmcounter4,jump,seed4,41,11.0
hpmcounter4,jump,seed4,42,11.0
hpmcounter4,jump,seed4,43,11.0
hpmcounter4,jump,seed4,44,11.0
hpmcounter4,jump,seed4,45,11.0
hpmcounter4,jump,seed4,46,11.0
hpmcounter4,jump,seed4,47,11.0
hpmcounter4,jump,seed4,48,11.0
hpmcounter4,jump,seed4,49,11.0
hpmcounter4,jump,seed4,50,11.0
hpmcounter4,jump,seed4,51,11.0
hpmcounter4,jump,seed4,52,11.0
hpmcounter4,jump,seed4,53,11.0
hpmcounter4,jump,seed4,54,11.0
hpmcounter4,jump,seed4,55,11.0
hpmcounter4,jump,seed4,56,11.0
hpmcounter4,jump,seed4,57,11.0
hpmcounter4,jump,seed4,58,11.0
hpmcounter4,jump,seed4,59,11.0
hpmcounter4,jump,seed4,60,11.0
hpmcounter4,jump,seed4,61,11.0
hpmcounter4,jump,seed4,62,11.0
hpmcounter4,jump,seed4,63,11.0
hpmcounter4,jump,seed4,64,11.0
hpmcounter4,jump,seed4,65,11.0
hpmcounter4,jump,seed4,66,11.0
hpmcounter4,jump,seed4,67,11.0
hpmcounter4,jump,seed4,68,11.0
hpmcounter4,jump,seed4,69,11.0
hpmcounter4,jump,seed4,70,11.0
hpmcounter4,jump,seed4,71,11.0
hpmcounter4,jump,seed4,72,11.0
hpmcounter4,jump,seed4,73,11.0
hpmcounter4,jump,seed4,74,11.0
hpmcounter4,jump,seed4,75,11.0
hpmcounter4,jump,seed4,76,11.0
hpmcounter4,jump,seed4,77,11.0
hpmcounter4,jump,seed4,78,11.0
hpmcounter4,jump,seed4,79,11.0
hpmcounter4,jump,seed4,80,11.0
hpmcounter4,jump,seed4,81,11.0
hpmcounter4,jump,seed4,82,11.0
hpmcounter4,jump,seed4,83,11.0
hpmcounter4,jump,seed4,84,11.0
hpmcounter4,jump,seed4,85,11.0
hpmcounter4,jump,seed4,86,11.0
hpmcounter4,jump,seed4,87,11.0
hpmcounter4,jump,seed4,88,11.0
hpmcounter4,jump,seed4,89,11.0
hpmcounter4,jump,seed4,90,11.0
hpmcounter4,jump,seed4,91,11.0
hpmcounter4,jump,seed4,92,11.0
hpmcounter4,jump,seed4,93,11.0
hpmcounter4,jump,seed4,94,11.0
hpmcounter4,jump,seed4,95,11.0
hpmcounter4,jump,seed4,96,11.0
hpmcounter4,jump,seed4,97,11.0
hpmcounter4,jump,seed4,98,11.0
hpmcounter4,jump,seed4,99,11.0
hpmcounter4,jump,seed4,100,11.0
hpmcounter4,jump,seed4,101,11.0
hpmcounter4,jump,seed4,102,11.0
hpmcounter4,jump,seed4,103,11.0
hpmcounter4,jump,seed4,104,11.0
hpmcounter4,jump,seed4,105,11.0
hpmcounter4,jump,seed4,106,11.0
hpmcounter4,jump,seed4,107,11.0
hpmcounter4,jump,seed4,108,11.0
hpmcounter4,jump,seed4,109,11.0
hpmcounter4,jump,seed4,110,11.0
hpmcounter4,jump,seed4,111,11.0
hpmcounter4,jump,seed4,112,11.0
hpmcounter4,jump,seed4,113,11.0
hpmcounter4,jump,seed4,114,11.0
hpmcounter4,jump,seed4,115,11.0
hpmcounter4,jump,seed4,116,11.545454545454545
hpmcounter4,jump,seed4,117,12.515151515151516
hpmcounter4,jump,seed4,118,13.242424242424242
hpmcounter4,jump,seed4,119,13.727272727272727
hpmcounter4,jump,seed4,120,13.969696969696969
hpmcounter4,jump,seed4,121,13.969696969696969
hpmcounter4,jump,seed4,122,13.727272727272727
hpmcounter4,jump,seed4,123,13.787878787878787
hpmcounter4,jump,seed4,124,13.484848484848484
hpmcounter4,jump,seed4,125,12.818181818181818
hpmcounter4,jump,seed4,126,12.454545454545455
hpmcounter4,jump,seed4,127,12.515151515151516
hpmcounter4,jump,seed4,128,12.454545454545455
hpmcounter4,jump,seed4,129,12.272727272727273
hpmcounter4,jump,seed4,130,11.969696969696969
hpmcounter4,jump,seed4,131,11.545454545454545
hpmcounter4,jump,seed4,132,11.0
hpmcounter4,jump,seed4,133,11.0
hpmcounter4,jump,seed4,134,11.0
hpmcounter4,jump,seed4,135,11.0
hpmcounter4,jump,seed4,136,11.0
hpmcounter4,jump,seed4,137,11.0
hpmcounter4,jump,seed4,138,11.0
hpmcounter4,jump,seed4,139,11.0
hpmcounter4,jump,seed4,140,11.0
hpmcounter4,jump,seed4,141,11.0
hpmcounter4,jump,seed4,142,11.0
hpmcounter4,jump,seed4,143,11.0
hpmcounter4,jump,seed4,144,11.0
hpmcounter4,jump,seed4,145,11.0
hpmcounter4,jump,seed4,146,11.0
hpmcounter4,jump,seed4,147,11.0
hpmcounter4,jump,seed4,148,11.0
hpmcounter4,jump,seed4,149,11.0
hpmcounter4,jump,seed4,150,11.0
hpmcounter4,jump,seed4,151,11.545454545454545
hpmcounter4,jump,seed4,152,12.515151515151516
hpmcounter4,jump,seed4,153,13.787878787878787
hpmcounter4,jump,seed4,154,15.242424242424242
hpmcounter4,jump,seed4,155,16.757575757575758
hpmcounter4,jump,seed4,156,18.21212121212121
hpmcounter4,jump,seed4,157,19.484848484848484
hpmcounter4,jump,seed4,158,20.454545454545453
hpmcounter4,jump,seed4,159,21.0
hpmcounter4,jump,seed4,160,21.0
hpmcounter4,jump,seed4,161,21.0
hpmcounter4,jump,seed4,162,21.0
hpmcounter4,jump,seed4,163,21.0
hpmcounter4,jump,seed4,164,21.0
hpmcounter4,jump,seed4,165,21.0
hpmcounter4,jump,seed4,166,21.0
hpmcounter4,jump,seed4,167,21.0
hpmcounter4,jump,seed4,168,21.0
hpmcounter4,jump,seed4,169,21.0
hpmcounter4,jump,seed4,170,21.0
hpmcounter4,jump,seed4,171,21.0
hpmcounter4,jump,seed4,172,21.0
hpmcounter4,jump,seed4,173,21.0
hpmcounter4,jump,seed4,174,21.0
hpmcounter4,jump,seed4,175,21.0
hpmcounter4,jump,seed4,176,21.0
hpmcounter4,jump,seed4,177,21.0
hpmcounter4,jump,seed4,178,20.454545454545453
hpmcounter4,jump,seed4,179,19.484848484848484
hpmcounter4,jump,seed4,180,18.757575757575758
hpmcounter4,jump,seed4,181,17.727272727272727
hpmcounter4,jump,seed4,182,16.515151515151516
hpmcounter4,jump,seed4,183,15.242424242424242
hpmcounter4,jump,seed4,184,14.030303030303031
hpmcounter4,jump,seed4,185,13.0
hpmcounter4,jump,seed4,186,12.272727272727273
hpmcounter4,jump,seed4,187,11.969696969696969
hpmcounter4,jump,seed4,188,11.545454545454545
hpmcounter4,jump,seed4,189,11.0
hpmcounter4,jump,seed4,190,11.0
hpmcounter4,jump,seed4,191,11.0
hpmcounter4,jump,seed4,192,11.0
hpmcounter4,jump,seed4,193,11.0
hpmcounter4,jump,seed4,194,11.0
hpmcounter4,jump,seed4,195,11.0
hpmcounter4,jump,seed4,196,11.0
hpmcounter4,jump,seed4,197,11.0
hpmcounter4,jump,seed4,198,11.0
hpmcounter4,jump,seed4,199,11.0
hpmcounter4,jump,seed4,200,11.0
hpmcounter4,jump,seed4,201,11.0
hpmcounter4,jump,seed4,202,11.0
hpmcounter4,jump,seed4,203,11.0
hpmcounter4,jump,seed4,204,11.0
hpmcounter4,jump,seed4,205,11.0
hpmcounter4,jump,seed4,206,11.0
hpmcounter4,jump,seed4,207,11.0
hpmcounter4,jump,seed4,208,11.0
hpmcounter4,jump,seed4,209,11.0
hpmcounter4,jump,seed4,210,11.0
hpmcounter4,jump,seed4,211,11.0
hpmcounter4,jump,seed4,212,11.0
hpmcounter4,jump,seed4,213,11.0
hpmcounter4,jump,seed4,214,11.0
hpmcounter4,jump,seed4,215,11.0
hpmcounter4,jump,seed4,216,11.0
hpmcounter4,jump,seed4,217,11.0
hpmcounter4,jump,seed4,218,11.0
hpmcounter4,jump,seed4,219,11.0
hpmcounter4,jump,seed4,220,11.0
hpmcounter4,jump,seed4,221,11.0
hpmcounter4,jump,seed4,222,11.0
hpmcounter4,jump,seed4,223,11.0
hpmcounter4,jump,seed4,224,11.0
hpmcounter4,jump,seed4,225,11.0
hpmcounter4,jump,seed4,226,11.0
hpmcounter4,jump,seed4,227,11.0
hpmcounter4,jump,seed4,228,11.0
hpmcounter4,jump,seed4,229,11.0
hpmcounter4,jump,seed4,230,11.0
hpmcounter4,jump,seed4,231,11.0
hpmcounter4,jump,seed4,232,11.0
hpmcounter4,jump,seed4,233,11.0
hpmcounter4,jump,seed4,234,11.0
hpmcounter4,jump,seed4,235,11.0
hpmcounter4,jump,seed4,236,11.0
hpmcounter4,jump,seed4,237,11.0
hpmcounter4,jump,seed4,238,11.0
hpmcounter4,jump,seed4,239,11.0
hpmcounter4,jump,seed4,240,11.0
hpmcounter4,jump,seed4,241,11.0
hpmcounter4,jump,seed4,242,11.0
hpmcounter4,jump,seed4,243,11.0
hpmcounter4,jump,seed4,244,11.0
hpmcounter4,jump,seed4,245,11.0
hpmcounter4,jump,seed4,246,11.0
hpmcounter4,jump,seed4,247,11.0
hpmcounter4,jump,seed4,248,11.0
hpmcounter4,jump,seed4,249,11.0
hpmcounter4,jump,seed4,250,11.0
hpmcounter4,jump,seed4,251,11.0
hpmcounter4,jump,seed4,252,11.0
hpmcounter4,jump,seed4,253,11.0
hpmcounter4,jump,seed4,254,11.0
hpmcounter4,jump,seed4,255,11.0
hpmcounter4,jump,seed4,256,11.0
hpmcounter4,jump,seed4,257,11.0
hpmcounter4,jump,seed4,258,11.0
hpmcounter4,jump,seed4,259,11.0
hpmcounter4,jump,seed4,260,11.0
hpmcounter4,jump,seed4,261,11.0
hpmcounter4,jump,seed4,262,11.0
hpmcounter4,jump,seed4,263,11.0
hpmcounter4,jump,seed4,264,11.0
hpmcounter4,jump,seed4,265,11.0
hpmcounter4,jump,seed4,266,11.0
hpmcounter4,jump,seed4,267,11.545454545454545
hpmcounter4,jump,seed4,268,12.515151515151516
hpmcounter4,jump,seed4,269,13.787878787878787
hpmcounter4,jump,seed4,270,15.242424242424242
hpmcounter4,jump,seed4,271,16.757575757575758
hpmcounter4,jump,seed4,272,18.21212121212121
hpmcounter4,jump,seed4,273,18.939393939393938
hpmcounter4,jump,seed4,274,18.939393939393938
hpmcounter4,jump,seed4,275,18.21212121212121
hpmcounter4,jump,seed4,276,16.757575757575758
hpmcounter4,jump,seed4,277,15.242424242424242
hpmcounter4,jump,seed4,278,13.787878787878787
hpmcounter4,jump,seed4,279,12.515151515151516
hpmcounter4,jump,seed4,280,11.545454545454545
hpmcounter4,jump,seed4,281,11.0
hpmcounter4,jump,seed4,282,11.0
hpmcounter4,jump,seed4,283,11.0
hpmcounter4,jump,seed4,284,11.0
hpmcounter4,jump,seed4,285,11.0
hpmcounter4,jump,seed4,286,11.0
hpmcounter4,jump,seed4,287,11.0
hpmcounter4,jump,seed4,288,11.0
hpmcounter4,jump,seed4,289,11.0
hpmcounter4,jump,seed4,290,11.0
hpmcounter4,jump,seed4,291,11.0
hpmcounter4,jump,seed4,292,11.0
hpmcounter4,jump,seed4,293,11.0
hpmcounter4,jump,seed4,294,11.0
hpmcounter4,jump,seed4,295,11.0
hpmcounter4,jump,seed4,296,11.0
hpmcounter4,jump,seed4,297,11.0
hpmcounter4,jump,seed4,298,11.0
hpmcounter4,jump,seed5,9,16.21212121212121
hpmcounter4,jump,seed5,10,15.242424242424242
hpmcounter4,jump,seed5,11,13.787878787878787
hpmcounter4,jump,seed5,12,12.515151515151516
hpmcounter4,jump,seed5,13,11.545454545454545
hpmcounter4,jump,seed5,14,11.0
hpmcounter4,jump,seed5,15,11.0
hpmcounter4,jump,seed5,16,11.0
hpmcounter4,jump,seed5,17,11.0
hpmcounter4,jump,seed5,18,11.0
hpmcounter4,jump,seed5,19,11.0
hpmcounter4,jump,seed5,20,11.0
hpmcounter4,jump,seed5,21,11.0
hpmcounter4,jump,seed5,22,11.0
hpmcounter4,jump,seed5,23,11.0
hpmcounter4,jump,seed5,24,11.0
hpmcounter4,jump,seed5,25,11.0
hpmcounter4,jump,seed5,26,11.0
hpmcounter4,jump,seed5,27,11.0
hpmcounter4,jump,seed5,28,11.0
hpmcounter4,jump,seed5,29,11.0
hpmcounter4,jump,seed5,30,11.545454545454545
hpmcounter4,jump,seed5,31,12.515151515151516
hpmcounter4,jump,seed5,32,13.242424242424242
hpmcounter4,jump,seed5,33,14.272727272727273
hpmcounter4,jump,seed5,34,15.484848484848484
hpmcounter4,jump,seed5,35,16.757575757575758
hpmcounter4,jump,seed5,36,17.96969696969697
hpmcounter4,jump,seed5,37,19.0
hpmcounter4,jump,seed5,38,19.181818181818183
hpmcounter4,jump,seed5,39,18.515151515151516
hpmcounter4,jump,seed5,40,17.666666666666668
hpmcounter4,jump,seed5,41,16.757575757575758
hpmcounter4,jump,seed5,42,15.787878787878787
hpmcounter4,jump,seed5,43,14.757575757575758
hpmcounter4,jump,seed5,44,13.787878787878787
hpmcounter4,jump,seed5,45,13.0
hpmcounter4,jump,seed5,46,12.515151515151516
hpmcounter4,jump,seed5,47,12.454545454545455
hpmcounter4,jump,seed5,48,12.272727272727273
hpmcounter4,jump,seed5,49,11.969696969696969
hpmcounter4,jump,seed5,50,11.545454545454545
hpmcounter4,jump,seed5,51,11.0
hpmcounter4,jump,seed5,52,11.0
hpmcounter4,jump,seed5,53,11.0
hpmcounter4,jump,seed5,54,11.0
hpmcounter4,jump,seed5,55,11.0
hpmcounter4,jump,seed5,56,11.0
hpmcounter4,jump,seed5,57,11.0
hpmcounter4,jump,seed5,58,11.0
hpmcounter4,jump,seed5,59,11.545454545454545
hpmcounter4,jump,seed5,60,11.969696969696969
hpmcounter4,jump,seed5,61,12.818181818181818
hpmcounter4,jump,seed5,62,13.969696969696969
hpmcounter4,jump,seed5,63,15.303030303030303
hpmcounter4,jump,seed5,64,16.696969696969695
hpmcounter4,jump,seed5,65,17.484848484848484
hpmcounter4,jump,seed5,66,17.666666666666668
hpmcounter4,jump,seed5,67,17.242424242424242
hpmcounter4,jump,seed5,68,16.21212121212121
hpmcounter4,jump,seed5,69,15.242424242424242
hpmcounter4,jump,seed5,70,13.787878787878787
hpmcounter4,jump,seed5,71,12.515151515151516
hpmcounter4,jump,seed5,72,11.545454545454545
hpmcounter4,jump,seed5,73,11.0
hpmcounter4,jump,seed5,74,11.0
hpmcounter4,jump,seed5,75,11.0
hpmcounter4,jump,seed5,76,11.0
hpmcounter4,jump,seed5,77,11.0
hpmcounter4,jump,seed5,78,11.0
hpmcounter4,jump,seed5,79,11.0
hpmcounter4,jump,seed5,80,11.0
hpmcounter4,jump,seed5,81,11.0
hpmcounter4,jump,seed5,82,11.0
hpmcounter4,jump,seed5,83,11.0
hpmcounter4,jump,seed5,84,11.0
hpmcounter4,jump,seed5,85,11.0
hpmcounter4,jump,seed5,86,11.0
hpmcounter4,jump,seed5,87,11.0
hpmcounter4,jump,seed5,88,11.0
hpmcounter4,jump,seed5,89,11.0
hpmcounter4,jump,seed5,90,11.0
hpmcounter4,jump,seed5,91,11.0
hpmcounter4,jump,seed5,92,11.0
hpmcounter4,jump,seed5,93,11.0
hpmcounter4,jump,seed5,94,11.0
hpmcounter4,jump,seed5,95,11.0
hpmcounter4,jump,seed5,96,11.0
hpmcounter4,jump,seed5,97,11.0
hpmcounter4,jump,seed5,98,11.0
hpmcounter4,jump,seed5,99,11.0
hpmcounter4,jump,seed5,100,11.0
hpmcounter4,jump,seed5,101,11.0
hpmcounter4,jump,seed5,102,11.0
hpmcounter4,jump,seed5,103,11.0
hpmcounter4,jump,seed5,104,11.0
hpmcounter4,jump,seed5,105,11.0
hpmcounter4,jump,seed5,106,11.0
hpmcounter4,jump,seed5,107,11.0
hpmcounter4,jump,seed5,108,11.0
hpmcounter4,jump,seed5,109,11.0
hpmcounter4,jump,seed5,110,11.0
hpmcounter4,jump,seed5,111,11.0
hpmcounter4,jump,seed5,112,11.0
hpmcounter4,jump,seed5,113,11.0
hpmcounter4,jump,seed5,114,11.0
hpmcounter4,jump,seed5,115,11.0
hpmcounter4,jump,seed5,116,11.0
hpmcounter4,jump,seed5,117,11.0
hpmcounter4,jump,seed5,118,11.0
hpmcounter4,jump,seed5,119,11.545454545454545
hpmcounter4,jump,seed5,120,11.969696969696969
hpmcounter4,jump,seed5,121,12.272727272727273
hpmcounter4,jump,seed5,122,12.454545454545455
hpmcounter4,jump,seed5,123,12.515151515151516
hpmcounter4,jump,seed5,124,12.454545454545455
hpmcounter4,jump,seed5,125,12.272727272727273
hpmcounter4,jump,seed5,126,11.969696969696969
hpmcounter4,jump,seed5,127,11.545454545454545
hpmcounter4,jump,seed5,128,11.0
hpmcounter4,jump,seed5,129,11.0
hpmcounter4,jump,seed5,130,11.0
hpmcounter4,jump,seed5,131,11.0
hpmcounter4,jump,seed5,132,11.0
hpmcounter4,jump,seed5,133,11.0
hpmcounter4,jump,seed5,134,11.0
hpmcounter4,jump,seed5,135,11.0
hpmcounter4,jump,seed5,136,11.0
hpmcounter4,jump,seed5,137,11.0
hpmcounter4,jump,seed5,138,11.0
hpmcounter4,jump,seed5,139,11.0
hpmcounter4,jump,seed5,140,11.0
hpmcounter4,jump,seed5,141,11.0
hpmcounter4,jump,seed5,142,11.0
hpmcounter4,jump,seed5,143,11.0
hpmcounter4,jump,seed5,144,11.0
hpmcounter4,jump,seed5,145,11.0
hpmcounter4,jump,seed5,146,11.0
hpmcounter4,jump,seed5,147,11.0
hpmcounter4,jump,seed5,148,11.0
hpmcounter4,jump,seed5,149,11.0
hpmcounter4,jump,seed5,150,11.0
hpmcounter4,jump,seed5,151,11.545454545454545
hpmcounter4,jump,seed5,152,12.515151515151516
hpmcounter4,jump,seed5,153,13.787878787878787
hpmcounter4,jump,seed5,154,15.242424242424242
hpmcounter4,jump,seed5,155,16.757575757575758
hpmcounter4,jump,seed5,156,18.21212121212121
hpmcounter4,jump,seed5,157,19.484848484848484
hpmcounter4,jump,seed5,158,20.454545454545453
hpmcounter4,jump,seed5,159,21.0
hpmcounter4,jump,seed5,160,21.0
hpmcounter4,jump,seed5,161,21.0
hpmcounter4,jump,seed5,162,21.0
hpmcounter4,jump,seed5,163,21.0
hpmcounter4,jump,seed5,164,21.0
hpmcounter4,jump,seed5,165,21.0
hpmcounter4,jump,seed5,166,21.0
hpmcounter4,jump,seed5,167,21.0
hpmcounter4,jump,seed5,168,21.0
hpmcounter4,jump,seed5,169,21.0
hpmcounter4,jump,seed5,170,21.0
hpmcounter4,jump,seed5,171,21.0
hpmcounter4,jump,seed5,172,20.454545454545453
hpmcounter4,jump,seed5,173,19.484848484848484
hpmcounter4,jump,seed5,174,18.21212121212121
hpmcounter4,jump,seed5,175,16.757575757575758
hpmcounter4,jump,seed5,176,15.242424242424242
hpmcounter4,jump,seed5,177,13.787878787878787
hpmcounter4,jump,seed5,178,12.515151515151516
hpmcounter4,jump,seed5,179,11.545454545454545
hpmcounter4,jump,seed5,180,11.0
hpmcounter4,jump,seed5,181,11.0
hpmcounter4,jump,seed5,182,11.0
hpmcounter4,jump,seed5,183,11.0
hpmcounter4,jump,seed5,184,11.0
hpmcounter4,jump,seed5,185,11.0
hpmcounter4,jump,seed5,186,11.0
hpmcounter4,jump,seed5,187,11.0
hpmcounter4,jump,seed5,188,11.0
hpmcounter4,jump,seed5,189,11.0
hpmcounter4,jump,seed5,190,11.0
hpmcounter4,jump,seed5,191,11.0
hpmcounter4,jump,seed5,192,11.0
hpmcounter4,jump,seed5,193,11.0
hpmcounter4,jump,seed5,194,11.0
hpmcounter4,jump,seed5,195,11.0
hpmcounter4,jump,seed5,196,11.0
hpmcounter4,jump,seed5,197,11.0
hpmcounter4,jump,seed5,198,11.0
hpmcounter4,jump,seed5,199,11.0
hpmcounter4,jump,seed5,200,11.0
hpmcounter4,jump,seed5,201,11.0
hpmcounter4,jump,seed5,202,11.0
hpmcounter4,jump,seed5,203,11.0
hpmcounter4,jump,seed5,204,11.0
hpmcounter4,jump,seed5,205,11.0
hpmcounter4,jump,seed5,206,11.0
hpmcounter4,jump,seed5,207,11.0
hpmcounter4,jump,seed5,208,11.0
hpmcounter4,jump,seed5,209,11.0
hpmcounter4,jump,seed5,210,11.0
hpmcounter4,jump,seed5,211,11.0
hpmcounter4,jump,seed5,212,11.0
hpmcounter4,jump,seed5,213,11.0
hpmcounter4,jump,seed5,214,11.0
hpmcounter4,jump,seed5,215,11.0
hpmcounter4,jump,seed5,216,11.0
hpmcounter4,jump,seed5,217,11.0
hpmcounter4,jump,seed5,218,11.0
hpmcounter4,jump,seed5,219,11.0
hpmcounter4,jump,seed5,220,11.0
hpmcounter4,jump,seed5,221,11.0
hpmcounter4,jump,seed5,222,11.0
hpmcounter4,jump,seed5,223,11.0
hpmcounter4,jump,seed5,224,11.0
hpmcounter4,jump,seed5,225,11.0
hpmcounter4,jump,seed5,226,11.0
hpmcounter4,jump,seed5,227,11.0
hpmcounter4,jump,seed5,228,11.0
hpmcounter4,jump,seed5,229,11.0
hpmcounter4,jump,seed5,230,11.0
hpmcounter4,jump,seed5,231,11.0
hpmcounter4,jump,seed5,232,11.0
hpmcounter4,jump,seed5,233,11.0
hpmcounter4,jump,seed5,234,11.0
hpmcounter4,jump,seed5,235,11.0
hpmcounter4,jump,seed5,236,11.0
hpmcounter4,jump,seed5,237,11.0
hpmcounter4,jump,seed5,238,11.0
hpmcounter4,jump,seed5,239,11.0
hpmcounter4,jump,seed5,240,11.0
hpmcounter4,jump,seed5,241,11.0
hpmcounter4,jump,seed5,242,11.0
hpmcounter4,jump,seed5,243,11.0
hpmcounter4,jump,seed5,244,11.0
hpmcounter4,jump,seed5,245,11.0
hpmcounter4,jump,seed5,246,11.0
hpmcounter4,jump,seed5,247,11.0
hpmcounter4,jump,seed5,248,11.0
hpmcounter4,jump,seed5,249,11.0
hpmcounter4,jump,seed5,250,11.0
hpmcounter4,jump,seed5,251,11.0
hpmcounter4,jump,seed5,252,11.0
hpmcounter4,jump,seed5,253,11.0
hpmcounter4,jump,seed5,254,11.0
hpmcounter4,jump,seed5,255,11.0
hpmcounter4,jump,seed5,256,11.0
hpmcounter4,jump,seed5,257,11.0
hpmcounter4,jump,seed5,258,11.0
hpmcounter4,jump,seed5,259,11.0
hpmcounter4,jump,seed5,260,11.0
hpmcounter4,jump,seed5,261,11.0
hpmcounter4,jump,seed5,262,11.545454545454545
hpmcounter4,jump,seed5,263,12.515151515151516
hpmcounter4,jump,seed5,264,13.787878787878787
hpmcounter4,jump,seed5,265,14.696969696969697
hpmcounter4,jump,seed5,266,15.242424242424242
hpmcounter4,jump,seed5,267,15.424242424242424
hpmcounter4,jump,seed5,268,15.242424242424242
hpmcounter4,jump,seed5,269,14.696969696969697
hpmcounter4,jump,seed5,270,13.787878787878787
hpmcounter4,jump,seed5,271,12.515151515151516
hpmcounter4,jump,seed5,272,11.545454545454545
hpmcounter4,jump,seed5,273,11.0
hpmcounter4,jump,seed5,274,11.0
hpmcounter4,jump,seed5,275,11.0
hpmcounter4,jump,seed5,276,11.0
hpmcounter4,jump,seed5,277,11.0
hpmcounter4,jump,seed5,278,11.0
hpmcounter4,jump,seed5,279,11.0
hpmcounter4,jump,seed5,280,11.0
hpmcounter4,jump,seed5,281,11.0
hpmcounter4,jump,seed5,282,11.0
hpmcounter4,jump,seed5,283,11.0
hpmcounter4,jump,seed5,284,11.0
hpmcounter4,jump,seed5,285,11.0
hpmcounter4,jump,seed5,286,11.0
hpmcounter4,jump,seed5,287,11.0
hpmcounter4,jump,seed5,288,11.0
hpmcounter4,jump,seed5,289,11.0
hpmcounter4,jump,seed5,290,11.0
hpmcounter4,jump,seed5,291,11.0
hpmcounter4,jump,seed5,292,11.545454545454545
hpmcounter4,jump,seed5,293,12.515151515151516
hpmcounter4,jump,seed5,294,13.787878787878787
hpmcounter4,jump,seed5,295,15.242424242424242
hpmcounter4,jump,seed5,296,16.757575757575758
hpmcounter4,jump,seed5,297,18.21212121212121
hpmcounter4,jump,seed5,298,18.939393939393938
hpmcounter4,jump,seed6,9,12.454545454545455
hpmcounter4,jump,seed6,10,12.272727272727273
hpmcounter4,jump,seed6,11,11.969696969696969
hpmcounter4,jump,seed6,12,11.545454545454545
hpmcounter4,jump,seed6,13,11.0
hpmcounter4,jump,seed6,14,11.0
hpmcounter4,jump,seed6,15,11.0
hpmcounter4,jump,seed6,16,11.0
hpmcounter4,jump,seed6,17,11.0
hpmcounter4,jump,seed6,18,11.0
hpmcounter4,jump,seed6,19,11.0
hpmcounter4,jump,seed6,20,11.0
hpmcounter4,jump,seed6,21,11.0
hpmcounter4,jump,seed6,22,11.0
hpmcounter4,jump,seed6,23,11.0
hpmcounter4,jump,seed6,24,11.0
hpmcounter4,jump,seed6,25,11.0
hpmcounter4,jump,seed6,26,11.0
hpmcounter4,jump,seed6,27,11.0
hpmcounter4,jump,seed6,28,11.545454545454545
hpmcounter4,jump,seed6,29,12.515151515151516
hpmcounter4,jump,seed6,30,13.787878787878787
hpmcounter4,jump,seed6,31,15.242424242424242
hpmcounter4,jump,seed6,32,16.757575757575758
hpmcounter4,jump,seed6,33,17.666666666666668
hpmcounter4,jump,seed6,34,17.96969696969697
hpmcounter4,jump,seed6,35,17.666666666666668
hpmcounter4,jump,seed6,36,16.757575757575758
hpmcounter4,jump,seed6,37,15.242424242424242
hpmcounter4,jump,seed6,38,13.787878787878787
hpmcounter4,jump,seed6,39,12.515151515151516
hpmcounter4,jump,seed6,40,11.545454545454545
hpmcounter4,jump,seed6,41,11.0
hpmcounter4,jump,seed6,42,11.0
hpmcounter4,jump,seed6,43,11.0
hpmcounter4,jump,seed6,44,11.0
hpmcounter4,jump,seed6,45,11.0
hpmcounter4,jump,seed6,46,11.0
hpmcounter4,jump,seed6,47,11.0
hpmcounter4,jump,seed6,48,11.0
hpmcounter4,jump,seed6,49,11.0
hpmcounter4,jump,seed6,50,11.0
hpmcounter4,jump,seed6,51,11.0
hpmcounter4,jump,seed6,52,11.0
hpmcounter4,jump,seed6,53,11.0
hpmcounter4,jump,seed6,54,11.0
hpmcounter4,jump,seed6,55,11.0
hpmcounter4,jump,seed6,56,11.0
hpmcounter4,jump,seed6,57,11.0
hpmcounter4,jump,seed6,58,11.0
hpmcounter4,jump,seed6,59,11.0
hpmcounter4,jump,seed6,60,11.0
hpmcounter4,jump,seed6,61,11.0
hpmcounter4,jump,seed6,62,11.0
hpmcounter4,jump,seed6,63,11.0
hpmcounter4,jump,seed6,64,11.0
hpmcounter4,jump,seed6,65,11.0
hpmcounter4,jump,seed6,66,11.0
hpmcounter4,jump,seed6,67,11.0
hpmcounter4,jump,seed6,68,11.0
hpmcounter4,jump,seed6,69,11.0
hpmcounter4,jump,seed6,70,11.0
hpmcounter4,jump,seed6,71,11.0
hpmcounter4,jump,seed6,72,11.0
hpmcounter4,jump,seed6,73,11.0
hpmcounter4,jump,seed6,74,11.0
hpmcounter4,jump,seed6,75,11.0
hpmcounter4,jump,seed6,76,11.0
hpmcounter4,jump,seed6,77,11.0
hpmcounter4,jump,seed6,78,11.0
hpmcounter4,jump,seed6,79,11.0
hpmcounter4,jump,seed6,80,11.0
hpmcounter4,jump,seed6,81,11.0
hpmcounter4,jump,seed6,82,11.0
hpmcounter4,jump,seed6,83,11.0
hpmcounter4,jump,seed6,84,11.0
hpmcounter4,jump,seed6,85,11.0
hpmcounter4,jump,seed6,86,11.545454545454545
hpmcounter4,jump,seed6,87,12.515151515151516
hpmcounter4,jump,seed6,88,13.242424242424242
hpmcounter4,jump,seed6,89,13.727272727272727
hpmcounter4,jump,seed6,90,13.969696969696969
hpmcounter4,jump,seed6,91,13.969696969696969
hpmcounter4,jump,seed6,92,13.727272727272727
hpmcounter4,jump,seed6,93,13.242424242424242
hpmcounter4,jump,seed6,94,12.515151515151516
hpmcounter4,jump,seed6,95,11.545454545454545
hpmcounter4,jump,seed6,96,11.0
hpmcounter4,jump,seed6,97,11.0
hpmcounter4,jump,seed6,98,11.0
hpmcounter4,jump,seed6,99,11.0
hpmcounter4,jump,seed6,100,11.0
hpmcounter4,jump,seed6,101,11.0
hpmcounter4,jump,seed6,102,11.0
hpmcounter4,jump,seed6,103,11.0
hpmcounter4,jump,seed6,104,11.0
hpmcounter4,jump,seed6,105,11.0
hpmcounter4,jump,seed6,106,11.0
hpmcounter4,jump,seed6,107,11.0
hpmcounter4,jump,seed6,108,11.0
hpmcounter4,jump,seed6,109,11.0
hpmcounter4,jump,seed6,110,11.0
hpmcounter4,jump,seed6,111,11.0
hpmcounter4,jump,seed6,112,11.0
hpmcounter4,jump,seed6,113,11.0
hpmcounter4,jump,seed6,114,11.0
hpmcounter4,jump,seed6,115,11.0
hpmcounter4,jump,seed6,116,11.0
hpmcounter4,jump,seed6,117,11.0
hpmcounter4,jump,seed6,118,11.0
hpmcounter4,jump,seed6,119,11.0
hpmcounter4,jump,seed6,120,11.0
hpmcounter4,jump,seed6,121,11.0
hpmcounter4,jump,seed6,122,11.0
hpmcounter4,jump,seed6,123,11.0
hpmcounter4,jump,seed6,124,11.0
hpmcounter4,jump,seed6,125,11.0
hpmcounter4,jump,seed6,126,11.0
hpmcounter4,jump,seed6,127,11.0
hpmcounter4,jump,seed6,128,11.0
hpmcounter4,jump,seed6,129,11.0
hpmcounter4,jump,seed6,130,11.0
hpmcounter4,jump,seed6,131,11.0
hpmcounter4,jump,seed6,132,11.0
hpmcounter4,jump,seed6,133,11.0
hpmcounter4,jump,seed6,134,11.0
hpmcounter4,jump,seed6,135,11.0
hpmcounter4,jump,seed6,136,11.545454545454545
hpmcounter4,jump,seed6,137,11.969696969696969
hpmcounter4,jump,seed6,138,12.272727272727273
hpmcounter4,jump,seed6,139,13.0
hpmcounter4,jump,seed6,140,13.484848484848484
hpmcounter4,jump,seed6,141,13.727272727272727
hpmcounter4,jump,seed6,142,13.727272727272727
hpmcounter4,jump,seed6,143,13.484848484848484
hpmcounter4,jump,seed6,144,13.0
hpmcounter4,jump,seed6,145,12.272727272727273
hpmcounter4,jump,seed6,146,11.969696969696969
hpmcounter4,jump,seed6,147,11.545454545454545
hpmcounter4,jump,seed6,148,11.0
hpmcounter4,jump,seed6,149,11.0
hpmcounter4,jump,seed6,150,11.0
hpmcounter4,jump,seed6,151,11.545454545454545
hpmcounter4,jump,seed6,152,12.515151515151516
hpmcounter4,jump,seed6,153,13.787878787878787
hpmcounter4,jump,seed6,154,15.242424242424242
hpmcounter4,jump,seed6,155,16.757575757575758
hpmcounter4,jump,seed6,156,18.21212121212121
hpmcounter4,jump,seed6,157,19.484848484848484
hpmcounter4,jump,seed6,158,20.454545454545453
hpmcounter4,jump,seed6,159,21.0
hpmcounter4,jump,seed6,160,21.0
hpmcounter4,jump,seed6,161,21.0
hpmcounter4,jump,seed6,162,21.0
hpmcounter4,jump,seed6,163,21.0
hpmcounter4,jump,seed6,164,21.0
hpmcounter4,jump,seed6,165,21.0
hpmcounter4,jump,seed6,166,21.0
hpmcounter4,jump,seed6,167,21.0
hpmcounter4,jump,seed6,168,21.0
hpmcounter4,jump,seed6,169,21.0
hpmcounter4,jump,seed6,170,20.454545454545453
hpmcounter4,jump,seed6,171,19.484848484848484
hpmcounter4,jump,seed6,172,18.21212121212121
hpmcounter4,jump,seed6,173,16.757575757575758
hpmcounter4,jump,seed6,174,15.242424242424242
hpmcounter4,jump,seed6,175,13.787878787878787
hpmcounter4,jump,seed6,176,12.515151515151516
hpmcounter4,jump,seed6,177,11.545454545454545
hpmcounter4,jump,seed6,178,11.0
hpmcounter4,jump,seed6,179,11.0
hpmcounter4,jump,seed6,180,11.0
hpmcounter4,jump,seed6,181,11.0
hpmcounter4,jump,seed6,182,11.0
hpmcounter4,jump,seed6,183,11.0
hpmcounter4,jump,seed6,184,11.0
hpmcounter4,jump,seed6,185,11.0
hpmcounter4,jump,seed6,186,11.0
hpmcounter4,jump,seed6,187,11.0
hpmcounter4,jump,seed6,188,11.0
hpmcounter4,jump,seed6,189,11.0
hpmcounter4,jump,seed6,190,11.0
hpmcounter4,jump,seed6,191,11.0
hpmcounter4,jump,seed6,192,11.0
hpmcounter4,jump,seed6,193,11.0
hpmcounter4,jump,seed6,194,11.0
hpmcounter4,jump,seed6,195,11.0
hpmcounter4,jump,seed6,196,11.0
hpmcounter4,jump,seed6,197,11.0
hpmcounter4,jump,seed6,198,11.0
hpmcounter4,jump,seed6,199,11.0
hpmcounter4,jump,seed6,200,11.0
hpmcounter4,jump,seed6,201,11.0
hpmcounter4,jump,seed6,202,11.0
hpmcounter4,jump,seed6,203,11.545454545454545
hpmcounter4,jump,seed6,204,11.969696969696969
hpmcounter4,jump,seed6,205,12.272727272727273
hpmcounter4,jump,seed6,206,12.454545454545455
hpmcounter4,jump,seed6,207,12.515151515151516
hpmcounter4,jump,seed6,208,13.0
hpmcounter4,jump,seed6,209,13.242424242424242
hpmcounter4,jump,seed6,210,13.242424242424242
hpmcounter4,jump,seed6,211,13.0
hpmcounter4,jump,seed6,212,12.515151515151516
hpmcounter4,jump,seed6,213,12.454545454545455
hpmcounter4,jump,seed6,214,12.272727272727273
hpmcounter4,jump,seed6,215,11.969696969696969
hpmcounter4,jump,seed6,216,11.545454545454545
hpmcounter4,jump,seed6,217,11.0
hpmcounter4,jump,seed6,218,11.0
hpmcounter4,jump,seed6,219,11.0
hpmcounter4,jump,seed6,220,11.0
hpmcounter4,jump,seed6,221,11.0
hpmcounter4,jump,seed6,222,11.0
hpmcounter4,jump,seed6,223,11.0
hpmcounter4,jump,seed6,224,11.0
hpmcounter4,jump,seed6,225,11.0
hpmcounter4,jump,seed6,226,11.0
hpmcounter4,jump,seed6,227,11.0
hpmcounter4,jump,seed6,228,11.0
hpmcounter4,jump,seed6,229,11.0
hpmcounter4,jump,seed6,230,11.0
hpmcounter4,jump,seed6,231,11.0
hpmcounter4,jump,seed6,232,11.0
hpmcounter4,jump,seed6,233,11.0
hpmcounter4,jump,seed6,234,11.0
hpmcounter4,jump,seed6,235,11.0
hpmcounter4,jump,seed6,236,11.0
hpmcounter4,jump,seed6,237,11.0
hpmcounter4,jump,seed6,238,11.0
hpmcounter4,jump,seed6,239,11.0
hpmcounter4,jump,seed6,240,11.0
hpmcounter4,jump,seed6,241,11.0
hpmcounter4,jump,seed6,242,11.0
hpmcounter4,jump,seed6,243,11.0
hpmcounter4,jump,seed6,244,11.0
hpmcounter4,jump,seed6,245,11.0
hpmcounter4,jump,seed6,246,11.0
hpmcounter4,jump,seed6,247,11.0
hpmcounter4,jump,seed6,248,11.0
hpmcounter4,jump,seed6,249,11.0
hpmcounter4,jump,seed6,250,11.0
hpmcounter4,jump,seed6,251,11.0
hpmcounter4,jump,seed6,252,11.0
hpmcounter4,jump,seed6,253,11.0
hpmcounter4,jump,seed6,254,11.0
hpmcounter4,jump,seed6,255,11.0
hpmcounter4,jump,seed6,256,11.0
hpmcounter4,jump,seed6,257,11.0
hpmcounter4,jump,seed6,258,11.0
hpmcounter4,jump,seed6,259,11.0
hpmcounter4,jump,seed6,260,11.0
hpmcounter4,jump,seed6,261,11.0
hpmcounter4,jump,seed6,262,11.0
hpmcounter4,jump,seed6,263,11.0
hpmcounter4,jump,seed6,264,11.0
hpmcounter4,jump,seed6,265,11.0
hpmcounter4,jump,seed6,266,11.0
hpmcounter4,jump,seed6,267,11.0
hpmcounter4,jump,seed6,268,11.0
hpmcounter4,jump,seed6,269,11.0
hpmcounter4,jump,seed6,270,11.0
hpmcounter4,jump,seed6,271,11.0
hpmcounter4,jump,seed6,272,11.0
hpmcounter4,jump,seed6,273,11.0
hpmcounter4,jump,seed6,274,11.0
hpmcounter4,jump,seed6,275,11.0
hpmcounter4,jump,seed6,276,11.0
hpmcounter4,jump,seed6,277,11.0
hpmcounter4,jump,seed6,278,11.545454545454545
hpmcounter4,jump,seed6,279,12.515151515151516
hpmcounter4,jump,seed6,280,13.787878787878787
hpmcounter4,jump,seed6,281,14.696969696969697
hpmcounter4,jump,seed6,282,15.242424242424242
hpmcounter4,jump,seed6,283,15.424242424242424
hpmcounter4,jump,seed6,284,15.242424242424242
hpmcounter4,jump,seed6,285,15.242424242424242
hpmcounter4,jump,seed6,286,14.757575757575758
hpmcounter4,jump,seed6,287,13.787878787878787
hpmcounter4,jump,seed6,288,13.0
hpmcounter4,jump,seed6,289,12.515151515151516
hpmcounter4,jump,seed6,290,12.454545454545455
hpmcounter4,jump,seed6,291,12.272727272727273
hpmcounter4,jump,seed6,292,11.969696969696969
hpmcounter4,jump,seed6,293,11.545454545454545
hpmcounter4,jump,seed6,294,11.0
hpmcounter4,jump,seed6,295,11.0
hpmcounter4,jump,seed6,296,11.0
hpmcounter4,jump,seed6,297,11.0
hpmcounter4,jump,seed6,298,11.0
hpmcounter4,jump,seed7,9,11.0
hpmcounter4,jump,seed7,10,11.0
hpmcounter4,jump,seed7,11,11.0
hpmcounter4,jump,seed7,12,11.0
hpmcounter4,jump,seed7,13,11.0
hpmcounter4,jump,seed7,14,11.0
hpmcounter4,jump,seed7,15,11.0
hpmcounter4,jump,seed7,16,11.0
hpmcounter4,jump,seed7,17,11.0
hpmcounter4,jump,seed7,18,11.0
hpmcounter4,jump,seed7,19,11.0
hpmcounter4,jump,seed7,20,11.0
hpmcounter4,jump,seed7,21,11.0
hpmcounter4,jump,seed7,22,11.0
hpmcounter4,jump,seed7,23,11.0
hpmcounter4,jump,seed7,24,11.0
hpmcounter4,jump,seed7,25,11.0
hpmcounter4,jump,seed7,26,11.0
hpmcounter4,jump,seed7,27,11.0
hpmcounter4,jump,seed7,28,11.0
hpmcounter4,jump,seed7,29,11.0
hpmcounter4,jump,seed7,30,11.0
hpmcounter4,jump,seed7,31,11.545454545454545
hpmcounter4,jump,seed7,32,12.515151515151516
hpmcounter4,jump,seed7,33,13.787878787878787
hpmcounter4,jump,seed7,34,14.696969696969697
hpmcounter4,jump,seed7,35,15.242424242424242
hpmcounter4,jump,seed7,36,15.424242424242424
hpmcounter4,jump,seed7,37,15.242424242424242
hpmcounter4,jump,seed7,38,14.696969696969697
hpmcounter4,jump,seed7,39,13.787878787878787
hpmcounter4,jump,seed7,40,12.515151515151516
hpmcounter4,jump,seed7,41,11.545454545454545
hpmcounter4,jump,seed7,42,11.0
hpmcounter4,jump,seed7,43,11.0
hpmcounter4,jump,seed7,44,11.0
hpmcounter4,jump,seed7,45,11.0
hpmcounter4,jump,seed7,46,11.0
hpmcounter4,jump,seed7,47,11.0
hpmcounter4,jump,seed7,48,11.0
hpmcounter4,jump,seed7,49,11.0
hpmcounter4,jump,seed7,50,11.0
hpmcounter4,jump,seed7,51,11.0
hpmcounter4,jump,seed7,52,11.0
hpmcounter4,jump,seed7,53,11.0
hpmcounter4,jump,seed7,54,11.0
hpmcounter4,jump,seed7,55,11.0
hpmcounter4,jump,seed7,56,11.0
hpmcounter4,jump,seed7,57,11.0
hpmcounter4,jump,seed7,58,11.0
hpmcounter4,jump,seed7,59,11.0
hpmcounter4,jump,seed7,60,11.545454545454545
hpmcounter4,jump,seed7,61,11.969696969696969
hpmcounter4,jump,seed7,62,12.272727272727273
hpmcounter4,jump,seed7,63,12.454545454545455
hpmcounter4,jump,seed7,64,12.515151515151516
hpmcounter4,jump,seed7,65,12.454545454545455
hpmcounter4,jump,seed7,66,12.272727272727273
hpmcounter4,jump,seed7,67,11.969696969696969
hpmcounter4,jump,seed7,68,11.545454545454545
hpmcounter4,jump,seed7,69,11.0
hpmcounter4,jump,seed7,70,11.0
hpmcounter4,jump,seed7,71,11.0
hpmcounter4,jump,seed7,72,11.0
hpmcounter4,jump,seed7,73,11.0
hpmcounter4,jump,seed7,74,11.0
hpmcounter4,jump,seed7,75,11.0
hpmcounter4,jump,seed7,76,11.0
hpmcounter4,jump,seed7,77,11.0
hpmcounter4,jump,seed7,78,11.0
hpmcounter4,jump,seed7,79,11.0
hpmcounter4,jump,seed7,80,11.0
hpmcounter4,jump,seed7,81,11.0
hpmcounter4,jump,seed7,82,11.0
hpmcounter4,jump,seed7,83,11.0
hpmcounter4,jump,seed7,84,11.0
hpmcounter4,jump,seed7,85,11.0
hpmcounter4,jump,seed7,86,11.0
hpmcounter4,jump,seed7,87,11.0
hpmcounter4,jump,seed7,88,11.0
hpmcounter4,jump,seed7,89,11.0
hpmcounter4,jump,seed7,90,11.0
hpmcounter4,jump,seed7,91,11.0
hpmcounter4,jump,seed7,92,11.0
hpmcounter4,jump,seed7,93,11.0
hpmcounter4,jump,seed7,94,11.0
hpmcounter4,jump,seed7,95,11.0
hpmcounter4,jump,seed7,96,11.0
hpmcounter4,jump,seed7,97,11.0
hpmcounter4,jump,seed7,98,11.0
hpmcounter4,jump,seed7,99,11.0
hpmcounter4,jump,seed7,100,11.0
hpmcounter4,jump,seed7,101,11.0
hpmcounter4,jump,seed7,102,11.0
hpmcounter4,jump,seed7,103,11.0
hpmcounter4,jump,seed7,104,11.0
hpmcounter4,jump,seed7,105,11.0
hpmcounter4,jump,seed7,106,11.0
hpmcounter4,jump,seed7,107,11.0
hpmcounter4,jump,seed7,108,11.0
hpmcounter4,jump,seed7,109,11.0
hpmcounter4,jump,seed7,110,11.0
hpmcounter4,jump,seed7,111,11.0
hpmcounter4,jump,seed7,112,11.0
hpmcounter4,jump,seed7,113,11.0
hpmcounter4,jump,seed7,114,11.0
hpmcounter4,jump,seed7,115,11.0
hpmcounter4,jump,seed7,116,11.0
hpmcounter4,jump,seed7,117,11.0
hpmcounter4,jump,seed7,118,11.545454545454545
hpmcounter4,jump,seed7,119,11.969696969696969
hpmcounter4,jump,seed7,120,12.272727272727273
hpmcounter4,jump,seed7,121,12.454545454545455
hpmcounter4,jump,seed7,122,12.515151515151516
hpmcounter4,jump,seed7,123,12.454545454545455
hpmcounter4,jump,seed7,124,12.272727272727273
hpmcounter4,jump,seed7,125,11.969696969696969
hpmcounter4,jump,seed7,126,11.545454545454545
hpmcounter4,jump,seed7,127,11.0
hpmcounter4,jump,seed7,128,11.0
hpmcounter4,jump,seed7,129,11.0
hpmcounter4,jump,seed7,130,11.0
hpmcounter4,jump,seed7,131,11.0
hpmcounter4,jump,seed7,132,11.0
hpmcounter4,jump,seed7,133,11.0
hpmcounter4,jump,seed7,134,11.0
hpmcounter4,jump,seed7,135,11.0
hpmcounter4,jump,seed7,136,11.0
hpmcounter4,jump,seed7,137,11.0
hpmcounter4,jump,seed7,138,11.0
hpmcounter4,jump,seed7,139,11.0
hpmcounter4,jump,seed7,140,11.0
hpmcounter4,jump,seed7,141,11.0
hpmcounter4,jump,seed7,142,11.0
hpmcounter4,jump,seed7,143,11.0
hpmcounter4,jump,seed7,144,11.0
hpmcounter4,jump,seed7,145,11.0
hpmcounter4,jump,seed7,146,11.0
hpmcounter4,jump,seed7,147,11.0
hpmcounter4,jump,seed7,148,11.0
hpmcounter4,jump,seed7,149,11.0
hpmcounter4,jump,seed7,150,11.0
hpmcounter4,jump,seed7,151,11.545454545454545
hpmcounter4,jump,seed7,152,12.515151515151516
hpmcounter4,jump,seed7,153,13.787878787878787
hpmcounter4,jump,seed7,154,15.242424242424242
hpmcounter4,jump,seed7,155,16.757575757575758
hpmcounter4,jump,seed7,156,18.21212121212121
hpmcounter4,jump,seed7,157,19.484848484848484
hpmcounter4,jump,seed7,158,20.454545454545453
hpmcounter4,jump,seed7,159,21.0
hpmcounter4,jump,seed7,160,21.0
hpmcounter4,jump,seed7,161,21.0
hpmcounter4,jump,seed7,162,21.0
hpmcounter4,jump,seed7,163,21.0
hpmcounter4,jump,seed7,164,21.0
hpmcounter4,jump,seed7,165,21.0
hpmcounter4,jump,seed7,166,21.0
hpmcounter4,jump,seed7,167,21.0
hpmcounter4,jump,seed7,168,20.454545454545453
hpmcounter4,jump,seed7,169,19.484848484848484
hpmcounter4,jump,seed7,170,18.21212121212121
hpmcounter4,jump,seed7,171,16.757575757575758
hpmcounter4,jump,seed7,172,15.242424242424242
hpmcounter4,jump,seed7,173,13.787878787878787
hpmcounter4,jump,seed7,174,12.515151515151516
hpmcounter4,jump,seed7,175,11.545454545454545
hpmcounter4,jump,seed7,176,11.0
hpmcounter4,jump,seed7,177,11.0
hpmcounter4,jump,seed7,178,11.0
hpmcounter4,jump,seed7,179,11.0
hpmcounter4,jump,seed7,180,11.0
hpmcounter4,jump,seed7,181,11.0
hpmcounter4,jump,seed7,182,11.0
hpmcounter4,jump,seed7,183,11.0
hpmcounter4,jump,seed7,184,11.0
hpmcounter4,jump,seed7,185,11.0
hpmcounter4,jump,seed7,186,11.0
hpmcounter4,jump,seed7,187,11.0
hpmcounter4,jump,seed7,188,11.0
hpmcounter4,jump,seed7,189,11.0
hpmcounter4,jump,seed7,190,11.0
hpmcounter4,jump,seed7,191,11.0
hpmcounter4,jump,seed7,192,11.0
hpmcounter4,jump,seed7,193,11.0
hpmcounter4,jump,seed7,194,11.0
hpmcounter4,jump,seed7,195,11.0
hpmcounter4,jump,seed7,196,11.0
hpmcounter4,jump,seed7,197,11.0
hpmcounter4,jump,seed7,198,11.0
hpmcounter4,jump,seed7,199,11.0
hpmcounter4,jump,seed7,200,11.0
hpmcounter4,jump,seed7,201,11.0
hpmcounter4,jump,seed7,202,11.0
hpmcounter4,jump,seed7,203,11.0
hpmcounter4,jump,seed7,204,11.0
hpmcounter4,jump,seed7,205,11.0
hpmcounter4,jump,seed7,206,11.0
hpmcounter4,jump,seed7,207,11.0
hpmcounter4,jump,seed7,208,11.0
hpmcounter4,jump,seed7,209,11.0
hpmcounter4,jump,seed7,210,11.0
hpmcounter4,jump,seed7,211,11.0
hpmcounter4,jump,seed7,212,11.0
hpmcounter4,jump,seed7,213,11.0
hpmcounter4,jump,seed7,214,11.0
hpmcounter4,jump,seed7,215,11.0
hpmcounter4,jump,seed7,216,11.0
hpmcounter4,jump,seed7,217,11.0
hpmcounter4,jump,seed7,218,11.0
hpmcounter4,jump,seed7,219,11.0
hpmcounter4,jump,seed7,220,11.0
hpmcounter4,jump,seed7,221,11.0
hpmcounter4,jump,seed7,222,11.0
hpmcounter4,jump,seed7,223,11.0
hpmcounter4,jump,seed7,224,11.0
hpmcounter4,jump,seed7,225,11.0
hpmcounter4,jump,seed7,226,11.0
hpmcounter4,jump,seed7,227,11.0
hpmcounter4,jump,seed7,228,11.0
hpmcounter4,jump,seed7,229,11.0
hpmcounter4,jump,seed7,230,11.0
hpmcounter4,jump,seed7,231,11.0
hpmcounter4,jump,seed7,232,11.0
hpmcounter4,jump,seed7,233,11.0
hpmcounter4,jump,seed7,234,11.0
hpmcounter4,jump,seed7,235,11.0
hpmcounter4,jump,seed7,236,11.0
hpmcounter4,jump,seed7,237,11.0
hpmcounter4,jump,seed7,238,11.0
hpmcounter4,jump,seed7,239,11.0
hpmcounter4,jump,seed7,240,11.0
hpmcounter4,jump,seed7,241,11.0
hpmcounter4,jump,seed7,242,11.0
hpmcounter4,jump,seed7,243,11.0
hpmcounter4,jump,seed7,244,11.0
hpmcounter4,jump,seed7,245,11.545454545454545
hpmcounter4,jump,seed7,246,12.515151515151516
hpmcounter4,jump,seed7,247,13.787878787878787
hpmcounter4,jump,seed7,248,15.242424242424242
hpmcounter4,jump,seed7,249,16.21212121212121
hpmcounter4,jump,seed7,250,16.696969696969695
hpmcounter4,jump,seed7,251,16.696969696969695
hpmcounter4,jump,seed7,252,16.21212121212121
hpmcounter4,jump,seed7,253,15.242424242424242
hpmcounter4,jump,seed7,254,13.787878787878787
hpmcounter4,jump,seed7,255,12.515151515151516
hpmcounter4,jump,seed7,256,11.545454545454545
hpmcounter4,jump,seed7,257,11.0
hpmcounter4,jump,seed7,258,11.0
hpmcounter4,jump,seed7,259,11.0
hpmcounter4,jump,seed7,260,11.0
hpmcounter4,jump,seed7,261,11.0
hpmcounter4,jump,seed7,262,11.0
hpmcounter4,jump,seed7,263,11.0
hpmcounter4,jump,seed7,264,11.0
hpmcounter4,jump,seed7,265,11.0
hpmcounter4,jump,seed7,266,11.0
hpmcounter4,jump,seed7,267,11.0
hpmcounter4,jump,seed7,268,11.0
hpmcounter4,jump,seed7,269,11.0
hpmcounter4,jump,seed7,270,11.0
hpmcounter4,jump,seed7,271,11.0
hpmcounter4,jump,seed7,272,11.0
hpmcounter4,jump,seed7,273,11.0
hpmcounter4,jump,seed7,274,11.0
hpmcounter4,jump,seed7,275,11.0
hpmcounter4,jump,seed7,276,11.0
hpmcounter4,jump,seed7,277,11.0
hpmcounter4,jump,seed7,278,11.0
hpmcounter4,jump,seed7,279,11.0
hpmcounter4,jump,seed7,280,11.0
hpmcounter4,jump,seed7,281,11.0
hpmcounter4,jump,seed7,282,11.0
hpmcounter4,jump,seed7,283,11.0
hpmcounter4,jump,seed7,284,11.0
hpmcounter4,jump,seed7,285,11.0
hpmcounter4,jump,seed7,286,11.0
hpmcounter4,jump,seed7,287,11.0
hpmcounter4,jump,seed7,288,11.0
hpmcounter4,jump,seed7,289,11.0
hpmcounter4,jump,seed7,290,11.0
hpmcounter4,jump,seed7,291,11.0
hpmcounter4,jump,seed7,292,11.0
hpmcounter4,jump,seed7,293,11.0
hpmcounter4,jump,seed7,294,11.0
hpmcounter4,jump,seed7,295,11.0
hpmcounter4,jump,seed7,296,11.0
hpmcounter4,jump,seed7,297,11.0
hpmcounter4,jump,seed7,298,11.0
hpmcounter4,jump,seed8,9,11.0
hpmcounter4,jump,seed8,10,11.0
hpmcounter4,jump,seed8,11,11.0
hpmcounter4,jump,seed8,12,11.0
hpmcounter4,jump,seed8,13,11.0
hpmcounter4,jump,seed8,14,11.0
hpmcounter4,jump,seed8,15,11.0
hpmcounter4,jump,seed8,16,11.0
hpmcounter4,jump,seed8,17,11.0
hpmcounter4,jump,seed8,18,11.0
hpmcounter4,jump,seed8,19,11.0
hpmcounter4,jump,seed8,20,11.0
hpmcounter4,jump,seed8,21,11.0
hpmcounter4,jump,seed8,22,11.0
hpmcounter4,jump,seed8,23,11.0
hpmcounter4,jump,seed8,24,11.0
hpmcounter4,jump,seed8,25,11.0
hpmcounter4,jump,seed8,26,11.0
hpmcounter4,jump,seed8,27,11.0
hpmcounter4,jump,seed8,28,11.0
hpmcounter4,jump,seed8,29,11.0
hpmcounter4,jump,seed8,30,11.0
hpmcounter4,jump,seed8,31,11.0
hpmcounter4,jump,seed8,32,11.0
hpmcounter4,jump,seed8,33,11.0
hpmcounter4,jump,seed8,34,11.0
hpmcounter4,jump,seed8,35,11.0
hpmcounter4,jump,seed8,36,11.0
hpmcounter4,jump,seed8,37,11.0
hpmcounter4,jump,seed8,38,11.0
hpmcounter4,jump,seed8,39,11.0
hpmcounter4,jump,seed8,40,11.0
hpmcounter4,jump,seed8,41,11.0
hpmcounter4,jump,seed8,42,11.0
hpmcounter4,jump,seed8,43,11.0
hpmcounter4,jump,seed8,44,11.0
hpmcounter4,jump,seed8,45,11.0
hpmcounter4,jump,seed8,46,11.0
hpmcounter4,jump,seed8,47,11.0
hpmcounter4,jump,seed8,48,11.0
hpmcounter4,jump,seed8,49,11.0
hpmcounter4,jump,seed8,50,11.0
hpmcounter4,jump,seed8,51,11.0
hpmcounter4,jump,seed8,52,11.0
hpmcounter4,jump,seed8,53,11.0
hpmcounter4,jump,seed8,54,11.0
hpmcounter4,jump,seed8,55,11.0
hpmcounter4,jump,seed8,56,11.545454545454545
hpmcounter4,jump,seed8,57,12.515151515151516
hpmcounter4,jump,seed8,58,13.787878787878787
hpmcounter4,jump,seed8,59,14.696969696969697
hpmcounter4,jump,seed8,60,15.242424242424242
hpmcounter4,jump,seed8,61,15.969696969696969
hpmcounter4,jump,seed8,62,16.757575757575758
hpmcounter4,jump,seed8,63,16.939393939393938
hpmcounter4,jump,seed8,64,16.515151515151516
hpmcounter4,jump,seed8,65,15.484848484848484
hpmcounter4,jump,seed8,66,14.515151515151516
hpmcounter4,jump,seed8,67,13.727272727272727
hpmcounter4,jump,seed8,68,13.242424242424242
hpmcounter4,jump,seed8,69,12.515151515151516
hpmcounter4,jump,seed8,70,11.545454545454545
hpmcounter4,jump,seed8,71,11.0
hpmcounter4,jump,seed8,72,11.0
hpmcounter4,jump,seed8,73,11.0
hpmcounter4,jump,seed8,74,11.0
hpmcounter4,jump,seed8,75,11.0
hpmcounter4,jump,seed8,76,11.0
hpmcounter4,jump,seed8,77,11.545454545454545
hpmcounter4,jump,seed8,78,11.969696969696969
hpmcounter4,jump,seed8,79,12.272727272727273
hpmcounter4,jump,seed8,80,12.454545454545455
hpmcounter4,jump,seed8,81,12.515151515151516
hpmcounter4,jump,seed8,82,12.454545454545455
hpmcounter4,jump,seed8,83,12.272727272727273
hpmcounter4,jump,seed8,84,11.969696969696969
hpmcounter4,jump,seed8,85,11.545454545454545
hpmcounter4,jump,seed8,86,11.0
hpmcounter4,jump,seed8,87,11.0
hpmcounter4,jump,seed8,88,11.0
hpmcounter4,jump,seed8,89,11.0
hpmcounter4,jump,seed8,90,11.0
hpmcounter4,jump,seed8,91,11.0
hpmcounter4,jump,seed8,92,11.0
hpmcounter4,jump,seed8,93,11.0
hpmcounter4,jump,seed8,94,11.0
hpmcounter4,jump,seed8,95,11.0
hpmcounter4,jump,seed8,96,11.0
hpmcounter4,jump,seed8,97,11.0
hpmcounter4,jump,seed8,98,11.0
hpmcounter4,jump,seed8,99,11.0
hpmcounter4,jump,seed8,100,11.0
hpmcounter4,jump,seed8,101,11.0
hpmcounter4,jump,seed8,102,11.0
hpmcounter4,jump,seed8,103,11.0
hpmcounter4,jump,seed8,104,11.0
hpmcounter4,jump,seed8,105,11.0
hpmcounter4,jump,seed8,106,11.0
hpmcounter4,jump,seed8,107,11.0
hpmcounter4,jump,seed8,108,11.0
hpmcounter4,jump,seed8,109,11.0
hpmcounter4,jump,seed8,110,11.0
hpmcounter4,jump,seed8,111,11.0
hpmcounter4,jump,seed8,112,11.0
hpmcounter4,jump,seed8,113,11.0
hpmcounter4,jump,seed8,114,11.0
hpmcounter4,jump,seed8,115,11.0
hpmcounter4,jump,seed8,116,11.0
hpmcounter4,jump,seed8,117,11.0
hpmcounter4,jump,seed8,118,11.0
hpmcounter4,jump,seed8,119,11.0
hpmcounter4,jump,seed8,120,11.0
hpmcounter4,jump,seed8,121,11.0
hpmcounter4,jump,seed8,122,11.0
hpmcounter4,jump,seed8,123,11.0
hpmcounter4,jump,seed8,124,11.0
hpmcounter4,jump,seed8,125,11.0
hpmcounter4,jump,seed8,126,11.0
hpmcounter4,jump,seed8,127,11.0
hpmcounter4,jump,seed8,128,11.0
hpmcounter4,jump,seed8,129,11.0
hpmcounter4,jump,seed8,130,11.0
hpmcounter4,jump,seed8,131,11.0
hpmcounter4,jump,seed8,132,11.0
hpmcounter4,jump,seed8,133,11.0
hpmcounter4,jump,seed8,134,11.0
hpmcounter4,jump,seed8,135,11.0
hpmcounter4,jump,seed8,136,11.0
hpmcounter4,jump,seed8,137,11.0
hpmcounter4,jump,seed8,138,11.545454545454545
hpmcounter4,jump,seed8,139,12.515151515151516
hpmcounter4,jump,seed8,140,13.787878787878787
hpmcounter4,jump,seed8,141,15.242424242424242
hpmcounter4,jump,seed8,142,16.757575757575758
hpmcounter4,jump,seed8,143,18.21212121212121
hpmcounter4,jump,seed8,144,19.484848484848484
hpmcounter4,jump,seed8,145,20.454545454545453
hpmcounter4,jump,seed8,146,20.454545454545453
hpmcounter4,jump,seed8,147,19.484848484848484
hpmcounter4,jump,seed8,148,18.21212121212121
hpmcounter4,jump,seed8,149,16.757575757575758
hpmcounter4,jump,seed8,150,15.242424242424242
hpmcounter4,jump,seed8,151,14.333333333333334
hpmcounter4,jump,seed8,152,14.030303030303031
hpmcounter4,jump,seed8,153,14.333333333333334
hpmcounter4,jump,seed8,154,15.242424242424242
hpmcounter4,jump,seed8,155,16.757575757575758
hpmcounter4,jump,seed8,156,18.21212121212121
hpmcounter4,jump,seed8,157,19.484848484848484
hpmcounter4,jump,seed8,158,20.454545454545453
hpmcounter4,jump,seed8,159,21.0
hpmcounter4,jump,seed8,160,21.0
hpmcounter4,jump,seed8,161,21.0
hpmcounter4,jump,seed8,162,21.0
hpmcounter4,jump,seed8,163,21.0
hpmcounter4,jump,seed8,164,21.0
hpmcounter4,jump,seed8,165,21.0
hpmcounter4,jump,seed8,166,21.0
hpmcounter4,jump,seed8,167,21.0
hpmcounter4,jump,seed8,168,21.0
hpmcounter4,jump,seed8,169,21.0
hpmcounter4,jump,seed8,170,21.0
hpmcounter4,jump,seed8,171,21.0
hpmcounter4,jump,seed8,172,20.454545454545453
hpmcounter4,jump,seed8,173,19.484848484848484
hpmcounter4,jump,seed8,174,18.21212121212121
hpmcounter4,jump,seed8,175,16.757575757575758
hpmcounter4,jump,seed8,176,15.242424242424242
hpmcounter4,jump,seed8,177,13.787878787878787
hpmcounter4,jump,seed8,178,12.515151515151516
hpmcounter4,jump,seed8,179,11.545454545454545
hpmcounter4,jump,seed8,180,11.0
hpmcounter4,jump,seed8,181,11.0
hpmcounter4,jump,seed8,182,11.0
hpmcounter4,jump,seed8,183,11.0
hpmcounter4,jump,seed8,184,11.0
hpmcounter4,jump,seed8,185,11.0
hpmcounter4,jump,seed8,186,11.0
hpmcounter4,jump,seed8,187,11.0
hpmcounter4,jump,seed8,188,11.0
hpmcounter4,jump,seed8,189,11.0
hpmcounter4,jump,seed8,190,11.0
hpmcounter4,jump,seed8,191,11.0
hpmcounter4,jump,seed8,192,11.0
hpmcounter4,jump,seed8,193,11.0
hpmcounter4,jump,seed8,194,11.0
hpmcounter4,jump,seed8,195,11.0
hpmcounter4,jump,seed8,196,11.0
hpmcounter4,jump,seed8,197,11.0
hpmcounter4,jump,seed8,198,11.0
hpmcounter4,jump,seed8,199,11.0
hpmcounter4,jump,seed8,200,11.0
hpmcounter4,jump,seed8,201,11.0
hpmcounter4,jump,seed8,202,11.0
hpmcounter4,jump,seed8,203,11.0
hpmcounter4,jump,seed8,204,11.0
hpmcounter4,jump,seed8,205,11.0
hpmcounter4,jump,seed8,206,11.0
hpmcounter4,jump,seed8,207,11.0
hpmcounter4,jump,seed8,208,11.0
hpmcounter4,jump,seed8,209,11.0
hpmcounter4,jump,seed8,210,11.0
hpmcounter4,jump,seed8,211,11.0
hpmcounter4,jump,seed8,212,11.0
hpmcounter4,jump,seed8,213,11.0
hpmcounter4,jump,seed8,214,11.0
hpmcounter4,jump,seed8,215,11.0
hpmcounter4,jump,seed8,216,11.0
hpmcounter4,jump,seed8,217,11.0
hpmcounter4,jump,seed8,218,11.0
hpmcounter4,jump,seed8,219,11.0
hpmcounter4,jump,seed8,220,11.0
hpmcounter4,jump,seed8,221,11.0
hpmcounter4,jump,seed8,222,11.0
hpmcounter4,jump,seed8,223,11.0
hpmcounter4,jump,seed8,224,11.0
hpmcounter4,jump,seed8,225,11.0
hpmcounter4,jump,seed8,226,11.0
hpmcounter4,jump,seed8,227,11.0
hpmcounter4,jump,seed8,228,11.0
hpmcounter4,jump,seed8,229,11.0
hpmcounter4,jump,seed8,230,11.0
hpmcounter4,jump,seed8,231,11.0
hpmcounter4,jump,seed8,232,11.0
hpmcounter4,jump,seed8,233,11.0
hpmcounter4,jump,seed8,234,11.0
hpmcounter4,jump,seed8,235,11.0
hpmcounter4,jump,seed8,236,11.0
hpmcounter4,jump,seed8,237,11.0
hpmcounter4,jump,seed8,238,11.0
hpmcounter4,jump,seed8,239,11.0
hpmcounter4,jump,seed8,240,11.0
hpmcounter4,jump,seed8,241,11.0
hpmcounter4,jump,seed8,242,11.0
hpmcounter4,jump,seed8,243,11.0
hpmcounter4,jump,seed8,244,11.545454545454545
hpmcounter4,jump,seed8,245,11.969696969696969
hpmcounter4,jump,seed8,246,12.272727272727273
hpmcounter4,jump,seed8,247,12.454545454545455
hpmcounter4,jump,seed8,248,12.515151515151516
hpmcounter4,jump,seed8,249,12.454545454545455
hpmcounter4,jump,seed8,250,12.272727272727273
hpmcounter4,jump,seed8,251,11.969696969696969
hpmcounter4,jump,seed8,252,11.545454545454545
hpmcounter4,jump,seed8,253,11.0
hpmcounter4,jump,seed8,254,11.0
hpmcounter4,jump,seed8,255,11.0
hpmcounter4,jump,seed8,256,11.0
hpmcounter4,jump,seed8,257,11.0
hpmcounter4,jump,seed8,258,11.0
hpmcounter4,jump,seed8,259,11.0
hpmcounter4,jump,seed8,260,11.0
hpmcounter4,jump,seed8,261,11.0
hpmcounter4,jump,seed8,262,11.0
hpmcounter4,jump,seed8,263,11.0
hpmcounter4,jump,seed8,264,11.0
hpmcounter4,jump,seed8,265,11.0
hpmcounter4,jump,seed8,266,11.0
hpmcounter4,jump,seed8,267,11.0
hpmcounter4,jump,seed8,268,11.0
hpmcounter4,jump,seed8,269,11.0
hpmcounter4,jump,seed8,270,11.0
hpmcounter4,jump,seed8,271,11.0
hpmcounter4,jump,seed8,272,11.0
hpmcounter4,jump,seed8,273,11.0
hpmcounter4,jump,seed8,274,11.0
hpmcounter4,jump,seed8,275,11.0
hpmcounter4,jump,seed8,276,11.0
hpmcounter4,jump,seed8,277,11.0
hpmcounter4,jump,seed8,278,11.0
hpmcounter4,jump,seed8,279,11.0
hpmcounter4,jump,seed8,280,11.0
hpmcounter4,jump,seed8,281,11.0
hpmcounter4,jump,seed8,282,11.0
hpmcounter4,jump,seed8,283,11.0
hpmcounter4,jump,seed8,284,11.0
hpmcounter4,jump,seed8,285,11.0
hpmcounter4,jump,seed8,286,11.0
hpmcounter4,jump,seed8,287,11.0
hpmcounter4,jump,seed8,288,11.0
hpmcounter4,jump,seed8,289,11.0
hpmcounter4,jump,seed8,290,11.0
hpmcounter4,jump,seed8,291,11.0
hpmcounter4,jump,seed8,292,11.0
hpmcounter4,jump,seed8,293,11.0
hpmcounter4,jump,seed8,294,11.0
hpmcounter4,jump,seed8,295,11.0
hpmcounter4,jump,seed8,296,11.0
hpmcounter4,jump,seed8,297,11.0
hpmcounter4,jump,seed8,298,11.0
hpmcounter4,jump,seed9,9,11.0
hpmcounter4,jump,seed9,10,11.0
hpmcounter4,jump,seed9,11,11.0
hpmcounter4,jump,seed9,12,11.0
hpmcounter4,jump,seed9,13,11.0
hpmcounter4,jump,seed9,14,11.0
hpmcounter4,jump,seed9,15,11.0
hpmcounter4,jump,seed9,16,11.0
hpmcounter4,jump,seed9,17,11.0
hpmcounter4,jump,seed9,18,11.0
hpmcounter4,jump,seed9,19,11.0
hpmcounter4,jump,seed9,20,11.0
hpmcounter4,jump,seed9,21,11.0
hpmcounter4,jump,seed9,22,11.0
hpmcounter4,jump,seed9,23,11.0
hpmcounter4,jump,seed9,24,11.0
hpmcounter4,jump,seed9,25,11.0
hpmcounter4,jump,seed9,26,11.0
hpmcounter4,jump,seed9,27,11.0
hpmcounter4,jump,seed9,28,11.0
hpmcounter4,jump,seed9,29,11.0
hpmcounter4,jump,seed9,30,11.0
hpmcounter4,jump,seed9,31,11.0
hpmcounter4,jump,seed9,32,11.0
hpmcounter4,jump,seed9,33,11.0
hpmcounter4,jump,seed9,34,11.0
hpmcounter4,jump,seed9,35,11.0
hpmcounter4,jump,seed9,36,11.0
hpmcounter4,jump,seed9,37,11.0
hpmcounter4,jump,seed9,38,11.0
hpmcounter4,jump,seed9,39,11.0
hpmcounter4,jump,seed9,40,11.0
hpmcounter4,jump,seed9,41,11.0
hpmcounter4,jump,seed9,42,11.0
hpmcounter4,jump,seed9,43,11.0
hpmcounter4,jump,seed9,44,11.0
hpmcounter4,jump,seed9,45,11.0
hpmcounter4,jump,seed9,46,11.0
hpmcounter4,jump,seed9,47,11.0
hpmcounter4,jump,seed9,48,11.0
hpmcounter4,jump,seed9,49,11.0
hpmcounter4,jump,seed9,50,11.0
hpmcounter4,jump,seed9,51,11.0
hpmcounter4,jump,seed9,52,11.0
hpmcounter4,jump,seed9,53,11.0
hpmcounter4,jump,seed9,54,11.0
hpmcounter4,jump,seed9,55,11.0
hpmcounter4,jump,seed9,56,11.0
hpmcounter4,jump,seed9,57,11.0
hpmcounter4,jump,seed9,58,11.0
hpmcounter4,jump,seed9,59,11.0
hpmcounter4,jump,seed9,60,11.0
hpmcounter4,jump,seed9,61,11.0
hpmcounter4,jump,seed9,62,11.0
hpmcounter4,jump,seed9,63,11.0
hpmcounter4,jump,seed9,64,11.0
hpmcounter4,jump,seed9,65,11.0
hpmcounter4,jump,seed9,66,11.0
hpmcounter4,jump,seed9,67,11.0
hpmcounter4,jump,seed9,68,11.0
hpmcounter4,jump,seed9,69,11.0
hpmcounter4,jump,seed9,70,11.0
hpmcounter4,jump,seed9,71,11.0
hpmcounter4,jump,seed9,72,11.0
hpmcounter4,jump,seed9,73,11.0
hpmcounter4,jump,seed9,74,11.0
hpmcounter4,jump,seed9,75,11.0
hpmcounter4,jump,seed9,76,11.545454545454545
hpmcounter4,jump,seed9,77,12.515151515151516
hpmcounter4,jump,seed9,78,13.787878787878787
hpmcounter4,jump,seed9,79,15.242424242424242
hpmcounter4,jump,seed9,80,16.21212121212121
hpmcounter4,jump,seed9,81,16.696969696969695
hpmcounter4,jump,seed9,82,16.696969696969695
hpmcounter4,jump,seed9,83,16.21212121212121
hpmcounter4,jump,seed9,84,15.242424242424242
hpmcounter4,jump,seed9,85,13.787878787878787
hpmcounter4,jump,seed9,86,12.515151515151516
hpmcounter4,jump,seed9,87,11.545454545454545
hpmcounter4,jump,seed9,88,11.0
hpmcounter4,jump,seed9,89,11.0
hpmcounter4,jump,seed9,90,11.0
hpmcounter4,jump,seed9,91,11.0
hpmcounter4,jump,seed9,92,11.0
hpmcounter4,jump,seed9,93,11.0
hpmcounter4,jump,seed9,94,11.0
hpmcounter4,jump,seed9,95,11.0
hpmcounter4,jump,seed9,96,11.0
hpmcounter4,jump,seed9,97,11.0
hpmcounter4,jump,seed9,98,11.0
hpmcounter4,jump,seed9,99,11.0
hpmcounter4,jump,seed9,100,11.0
hpmcounter4,jump,seed9,101,11.0
hpmcounter4,jump,seed9,102,11.0
hpmcounter4,jump,seed9,103,11.0
hpmcounter4,jump,seed9,104,11.0
hpmcounter4,jump,seed9,105,11.0
hpmcounter4,jump,seed9,106,11.0
hpmcounter4,jump,seed9,107,11.0
hpmcounter4,jump,seed9,108,11.0
hpmcounter4,jump,seed9,109,11.0
hpmcounter4,jump,seed9,110,11.0
hpmcounter4,jump,seed9,111,11.0
hpmcounter4,jump,seed9,112,11.0
hpmcounter4,jump,seed9,113,11.0
hpmcounter4,jump,seed9,114,11.0
hpmcounter4,jump,seed9,115,11.0
hpmcounter4,jump,seed9,116,11.0
hpmcounter4,jump,seed9,117,11.0
hpmcounter4,jump,seed9,118,11.0
hpmcounter4,jump,seed9,119,11.0
hpmcounter4,jump,seed9,120,11.0
hpmcounter4,jump,seed9,121,11.0
hpmcounter4,jump,seed9,122,11.0
hpmcounter4,jump,seed9,123,11.0
hpmcounter4,jump,seed9,124,11.0
hpmcounter4,jump,seed9,125,11.0
hpmcounter4,jump,seed9,126,11.0
hpmcounter4,jump,seed9,127,11.0
hpmcounter4,jump,seed9,128,11.0
hpmcounter4,jump,seed9,129,11.0
hpmcounter4,jump,seed9,130,11.0
hpmcounter4,jump,seed9,131,11.0
hpmcounter4,jump,seed9,132,11.0
hpmcounter4,jump,seed9,133,11.0
hpmcounter4,jump,seed9,134,11.0
hpmcounter4,jump,seed9,135,11.0
hpmcounter4,jump,seed9,136,11.0
hpmcounter4,jump,seed9,137,11.0
hpmcounter4,jump,seed9,138,11.0
hpmcounter4,jump,seed9,139,11.0
hpmcounter4,jump,seed9,140,11.0
hpmcounter4,jump,seed9,141,11.0
hpmcounter4,jump,seed9,142,11.0
hpmcounter4,jump,seed9,143,11.0
hpmcounter4,jump,seed9,144,11.0
hpmcounter4,jump,seed9,145,11.0
hpmcounter4,jump,seed9,146,11.0
hpmcounter4,jump,seed9,147,11.0
hpmcounter4,jump,seed9,148,11.0
hpmcounter4,jump,seed9,149,11.0
hpmcounter4,jump,seed9,150,11.0
hpmcounter4,jump,seed9,151,11.545454545454545
hpmcounter4,jump,seed9,152,12.515151515151516
hpmcounter4,jump,seed9,153,13.787878787878787
hpmcounter4,jump,seed9,154,15.242424242424242
hpmcounter4,jump,seed9,155,16.757575757575758
hpmcounter4,jump,seed9,156,18.21212121212121
hpmcounter4,jump,seed9,157,19.484848484848484
hpmcounter4,jump,seed9,158,20.454545454545453
hpmcounter4,jump,seed9,159,21.0
hpmcounter4,jump,seed9,160,21.0
hpmcounter4,jump,seed9,161,21.0
hpmcounter4,jump,seed9,162,21.0
hpmcounter4,jump,seed9,163,21.0
hpmcounter4,jump,seed9,164,21.0
hpmcounter4,jump,seed9,165,21.0
hpmcounter4,jump,seed9,166,21.0
hpmcounter4,jump,seed9,167,21.0
hpmcounter4,jump,seed9,168,21.0
hpmcounter4,jump,seed9,169,21.0
hpmcounter4,jump,seed9,170,21.0
hpmcounter4,jump,seed9,171,21.0
hpmcounter4,jump,seed9,172,21.0
hpmcounter4,jump,seed9,173,21.0
hpmcounter4,jump,seed9,174,21.0
hpmcounter4,jump,seed9,175,20.454545454545453
hpmcounter4,jump,seed9,176,19.484848484848484
hpmcounter4,jump,seed9,177,18.21212121212121
hpmcounter4,jump,seed9,178,16.757575757575758
hpmcounter4,jump,seed9,179,15.242424242424242
hpmcounter4,jump,seed9,180,13.787878787878787
hpmcounter4,jump,seed9,181,12.515151515151516
hpmcounter4,jump,seed9,182,11.545454545454545
hpmcounter4,jump,seed9,183,11.0
hpmcounter4,jump,seed9,184,11.0
hpmcounter4,jump,seed9,185,11.0
hpmcounter4,jump,seed9,186,11.0
hpmcounter4,jump,seed9,187,11.0
hpmcounter4,jump,seed9,188,11.0
hpmcounter4,jump,seed9,189,11.0
hpmcounter4,jump,seed9,190,11.0
hpmcounter4,jump,seed9,191,11.0
hpmcounter4,jump,seed9,192,11.545454545454545
hpmcounter4,jump,seed9,193,11.969696969696969
hpmcounter4,jump,seed9,194,12.818181818181818
hpmcounter4,jump,seed9,195,13.424242424242424
hpmcounter4,jump,seed9,196,13.787878787878787
hpmcounter4,jump,seed9,197,13.909090909090908
hpmcounter4,jump,seed9,198,13.787878787878787
hpmcounter4,jump,seed9,199,13.424242424242424
hpmcounter4,jump,seed9,200,12.818181818181818
hpmcounter4,jump,seed9,201,11.969696969696969
hpmcounter4,jump,seed9,202,11.545454545454545
hpmcounter4,jump,seed9,203,11.0
hpmcounter4,jump,seed9,204,11.0
hpmcounter4,jump,seed9,205,11.0
hpmcounter4,jump,seed9,206,11.0
hpmcounter4,jump,seed9,207,11.0
hpmcounter4,jump,seed9,208,11.0
hpmcounter4,jump,seed9,209,11.0
hpmcounter4,jump,seed9,210,11.0
hpmcounter4,jump,seed9,211,11.0
hpmcounter4,jump,seed9,212,11.0
hpmcounter4,jump,seed9,213,11.0
hpmcounter4,jump,seed9,214,11.0
hpmcounter4,jump,seed9,215,11.0
hpmcounter4,jump,seed9,216,11.0
hpmcounter4,jump,seed9,217,11.0
hpmcounter4,jump,seed9,218,11.0
hpmcounter4,jump,seed9,219,11.0
hpmcounter4,jump,seed9,220,11.0
hpmcounter4,jump,seed9,221,11.0
hpmcounter4,jump,seed9,222,11.0
hpmcounter4,jump,seed9,223,11.0
hpmcounter4,jump,seed9,224,11.0
hpmcounter4,jump,seed9,225,11.0
hpmcounter4,jump,seed9,226,11.0
hpmcounter4,jump,seed9,227,11.0
hpmcounter4,jump,seed9,228,11.0
hpmcounter4,jump,seed9,229,11.0
hpmcounter4,jump,seed9,230,11.0
hpmcounter4,jump,seed9,231,11.0
hpmcounter4,jump,seed9,232,11.0
hpmcounter4,jump,seed9,233,11.0
hpmcounter4,jump,seed9,234,11.0
hpmcounter4,jump,seed9,235,11.0
hpmcounter4,jump,seed9,236,11.0
hpmcounter4,jump,seed9,237,11.0
hpmcounter4,jump,seed9,238,11.0
hpmcounter4,jump,seed9,239,11.0
hpmcounter4,jump,seed9,240,11.0
hpmcounter4,jump,seed9,241,11.0
hpmcounter4,jump,seed9,242,11.0
hpmcounter4,jump,seed9,243,11.0
hpmcounter4,jump,seed9,244,11.0
hpmcounter4,jump,seed9,245,11.0
hpmcounter4,jump,seed9,246,11.0
hpmcounter4,jump,seed9,247,11.0
hpmcounter4,jump,seed9,248,11.0
hpmcounter4,jump,seed9,249,11.0
hpmcounter4,jump,seed9,250,11.0
hpmcounter4,jump,seed9,251,11.0
hpmcounter4,jump,seed9,252,11.0
hpmcounter4,jump,seed9,253,11.0
hpmcounter4,jump,seed9,254,11.0
hpmcounter4,jump,seed9,255,11.0
hpmcounter4,jump,seed9,256,11.0
hpmcounter4,jump,seed9,257,11.0
hpmcounter4,jump,seed9,258,11.0
hpmcounter4,jump,seed9,259,11.0
hpmcounter4,jump,seed9,260,11.0
hpmcounter4,jump,seed9,261,11.0
hpmcounter4,jump,seed9,262,11.0
hpmcounter4,jump,seed9,263,11.0
hpmcounter4,jump,seed9,264,11.0
hpmcounter4,jump,seed9,265,11.0
hpmcounter4,jump,seed9,266,11.0
hpmcounter4,jump,seed9,267,11.0
hpmcounter4,jump,seed9,268,11.0
hpmcounter4,jump,seed9,269,11.0
hpmcounter4,jump,seed9,270,11.0
hpmcounter4,jump,seed9,271,11.0
hpmcounter4,jump,seed9,272,11.0
hpmcounter4,jump,seed9,273,11.0
hpmcounter4,jump,seed9,274,11.0
hpmcounter4,jump,seed9,275,11.0
hpmcounter4,jump,seed9,276,11.0
hpmcounter4,jump,seed9,277,11.0
hpmcounter4,jump,seed9,278,11.0
hpmcounter4,jump,seed9,279,11.0
hpmcounter4,jump,seed9,280,11.0
hpmcounter4,jump,seed9,281,11.0
hpmcounter4,jump,seed9,282,11.0
hpmcounter4,jump,seed9,283,11.0
hpmcounter4,jump,seed9,284,11.0
hpmcounter4,jump,seed9,285,11.0
hpmcounter4,jump,seed9,286,11.0
hpmcounter4,jump,seed9,287,11.0
hpmcounter4,jump,seed9,288,11.0
hpmcounter4,jump,seed9,289,11.0
hpmcounter4,jump,seed9,290,11.0
hpmcounter4,jump,seed9,291,11.0
hpmcounter4,jump,seed9,292,11.0
hpmcounter4,jump,seed9,293,11.0
hpmcounter4,jump,seed9,294,11.0
hpmcounter4,jump,seed9,295,11.0
hpmcounter4,jump,seed9,296,11.0
hpmcounter4,jump,seed9,297,11.0
hpmcounter4,jump,seed9,298,11.0
hpmcounter4,normal,seed1,9,11.0
hpmcounter4,normal,seed1,10,11.0
hpmcounter4,normal,seed1,11,11.0
hpmcounter4,normal,seed1,12,11.0
hpmcounter4,normal,seed1,13,11.0
hpmcounter4,normal,seed1,14,11.0
hpmcounter4,normal,seed1,15,11.0
hpmcounter4,normal,seed1,16,11.0
hpmcounter4,normal,seed1,17,11.0
hpmcounter4,normal,seed1,18,11.0
hpmcounter4,normal,seed1,19,11.0
hpmcounter4,normal,seed1,20,11.0
hpmcounter4,normal,seed1,21,11.0
hpmcounter4,normal,seed1,22,11.0
hpmcounter4,normal,seed1,23,11.0
hpmcounter4,normal,seed1,24,11.0
hpmcounter4,normal,seed1,25,11.0
hpmcounter4,normal,seed1,26,11.0
hpmcounter4,normal,seed1,27,11.0
hpmcounter4,normal,seed1,28,11.0
hpmcounter4,normal,seed1,29,11.0
hpmcounter4,normal,seed1,30,11.0
hpmcounter4,normal,seed1,31,11.0
hpmcounter4,normal,seed1,32,11.0
hpmcounter4,normal,seed1,33,11.0
hpmcounter4,normal,seed1,34,11.0
hpmcounter4,normal,seed1,35,11.0
hpmcounter4,normal,seed1,36,11.0
hpmcounter4,normal,seed1,37,11.0
hpmcounter4,normal,seed1,38,11.0
hpmcounter4,normal,seed1,39,11.0
hpmcounter4,normal,seed1,40,11.0
hpmcounter4,normal,seed1,41,11.0
hpmcounter4,normal,seed1,42,11.0
hpmcounter4,normal,seed1,43,11.0
hpmcounter4,normal,seed1,44,11.0
hpmcounter4,normal,seed1,45,11.0
hpmcounter4,normal,seed1,46,11.0
hpmcounter4,normal,seed1,47,11.0
hpmcounter4,normal,seed1,48,11.0
hpmcounter4,normal,seed1,49,11.0
hpmcounter4,normal,seed1,50,11.0
hpmcounter4,normal,seed1,51,11.0
hpmcounter4,normal,seed1,52,11.0
hpmcounter4,normal,seed1,53,11.0
hpmcounter4,normal,seed1,54,11.0
hpmcounter4,normal,seed1,55,11.0
hpmcounter4,normal,seed1,56,11.0
hpmcounter4,normal,seed1,57,11.0
hpmcounter4,normal,seed1,58,11.0
hpmcounter4,normal,seed1,59,11.0
hpmcounter4,normal,seed1,60,11.0
hpmcounter4,normal,seed1,61,11.0
hpmcounter4,normal,seed1,62,11.0
hpmcounter4,normal,seed1,63,11.545454545454545
hpmcounter4,normal,seed1,64,11.969696969696969
hpmcounter4,normal,seed1,65,12.272727272727273
hpmcounter4,normal,seed1,66,12.454545454545455
hpmcounter4,normal,seed1,67,12.515151515151516
hpmcounter4,normal,seed1,68,12.454545454545455
hpmcounter4,normal,seed1,69,12.272727272727273
hpmcounter4,normal,seed1,70,11.969696969696969
hpmcounter4,normal,seed1,71,11.545454545454545
hpmcounter4,normal,seed1,72,11.0
hpmcounter4,normal,seed1,73,11.0
hpmcounter4,normal,seed1,74,11.0
hpmcounter4,normal,seed1,75,11.0
hpmcounter4,normal,seed1,76,11.0
hpmcounter4,normal,seed1,77,11.0
hpmcounter4,normal,seed1,78,11.0
hpmcounter4,normal,seed1,79,11.0
hpmcounter4,normal,seed1,80,11.0
hpmcounter4,normal,seed1,81,11.0
hpmcounter4,normal,seed1,82,11.0
hpmcounter4,normal,seed1,83,11.0
hpmcounter4,normal,seed1,84,11.0
hpmcounter4,normal,seed1,85,11.0
hpmcounter4,normal,seed1,86,11.0
hpmcounter4,normal,seed1,87,11.0
hpmcounter4,normal,seed1,88,11.0
hpmcounter4,normal,seed1,89,11.0
hpmcounter4,normal,seed1,90,11.0
hpmcounter4,normal,seed1,91,11.0
hpmcounter4,normal,seed1,92,11.0
hpmcounter4,normal,seed1,93,11.0
hpmcounter4,normal,seed1,94,11.0
hpmcounter4,normal,seed1,95,11.0
hpmcounter4,normal,seed1,96,11.0
hpmcounter4,normal,seed1,97,11.0
hpmcounter4,normal,seed1,98,11.0
hpmcounter4,normal,seed1,99,11.0
hpmcounter4,normal,seed1,100,11.0
hpmcounter4,normal,seed1,101,11.0
hpmcounter4,normal,seed1,102,11.0
hpmcounter4,normal,seed1,103,11.0
hpmcounter4,normal,seed1,104,11.0
hpmcounter4,normal,seed1,105,11.0
hpmcounter4,normal,seed1,106,11.0
hpmcounter4,normal,seed1,107,11.0
hpmcounter4,normal,seed1,108,11.0
hpmcounter4,normal,seed1,109,11.0
hpmcounter4,normal,seed1,110,11.0
hpmcounter4,normal,seed1,111,11.0
hpmcounter4,normal,seed1,112,11.0
hpmcounter4,normal,seed1,113,11.0
hpmcounter4,normal,seed1,114,11.0
hpmcounter4,normal,seed1,115,11.0
hpmcounter4,normal,seed1,116,11.0
hpmcounter4,normal,seed1,117,11.0
hpmcounter4,normal,seed1,118,11.0
hpmcounter4,normal,seed1,119,11.0
hpmcounter4,normal,seed1,120,11.0
hpmcounter4,normal,seed1,121,11.0
hpmcounter4,normal,seed1,122,11.0
hpmcounter4,normal,seed1,123,11.0
hpmcounter4,normal,seed1,124,11.0
hpmcounter4,normal,seed1,125,11.0
hpmcounter4,normal,seed1,126,11.0
hpmcounter4,normal,seed1,127,11.0
hpmcounter4,normal,seed1,128,11.0
hpmcounter4,normal,seed1,129,11.0
hpmcounter4,normal,seed1,130,11.0
hpmcounter4,normal,seed1,131,11.0
hpmcounter4,normal,seed1,132,11.0
hpmcounter4,normal,seed1,133,11.0
hpmcounter4,normal,seed1,134,11.0
hpmcounter4,normal,seed1,135,11.0
hpmcounter4,normal,seed1,136,11.0
hpmcounter4,normal,seed1,137,11.0
hpmcounter4,normal,seed1,138,11.0
hpmcounter4,normal,seed1,139,11.0
hpmcounter4,normal,seed1,140,11.0
hpmcounter4,normal,seed1,141,11.0
hpmcounter4,normal,seed1,142,11.0
hpmcounter4,normal,seed1,143,11.0
hpmcounter4,normal,seed1,144,11.0
hpmcounter4,normal,seed1,145,11.0
hpmcounter4,normal,seed1,146,11.0
hpmcounter4,normal,seed1,147,11.0
hpmcounter4,normal,seed1,148,11.0
hpmcounter4,normal,seed1,149,11.0
hpmcounter4,normal,seed1,150,11.0
hpmcounter4,normal,seed1,151,11.0
hpmcounter4,normal,seed1,152,11.0
hpmcounter4,normal,seed1,153,11.0
hpmcounter4,normal,seed1,154,11.0
hpmcounter4,normal,seed1,155,11.0
hpmcounter4,normal,seed1,156,11.0
hpmcounter4,normal,seed1,157,11.0
hpmcounter4,normal,seed1,158,11.0
hpmcounter4,normal,seed1,159,11.0
hpmcounter4,normal,seed1,160,11.0
hpmcounter4,normal,seed1,161,11.0
hpmcounter4,normal,seed1,162,11.0
hpmcounter4,normal,seed1,163,11.0
hpmcounter4,normal,seed1,164,11.0
hpmcounter4,normal,seed1,165,11.0
hpmcounter4,normal,seed1,166,11.0
hpmcounter4,normal,seed1,167,11.0
hpmcounter4,normal,seed1,168,11.0
hpmcounter4,normal,seed1,169,11.0
hpmcounter4,normal,seed1,170,11.0
hpmcounter4,normal,seed1,171,11.0
hpmcounter4,normal,seed1,172,11.0
hpmcounter4,normal,seed1,173,11.0
hpmcounter4,normal,seed1,174,11.0
hpmcounter4,normal,seed1,175,11.0
hpmcounter4,normal,seed1,176,11.0
hpmcounter4,normal,seed1,177,11.0
hpmcounter4,normal,seed1,178,11.0
hpmcounter4,normal,seed1,179,11.0
hpmcounter4,normal,seed1,180,11.0
hpmcounter4,normal,seed1,181,11.0
hpmcounter4,normal,seed1,182,11.0
hpmcounter4,normal,seed1,183,11.0
hpmcounter4,normal,seed1,184,11.0
hpmcounter4,normal,seed1,185,11.0
hpmcounter4,normal,seed1,186,11.0
hpmcounter4,normal,seed1,187,11.0
hpmcounter4,normal,seed1,188,11.0
hpmcounter4,normal,seed1,189,11.0
hpmcounter4,normal,seed1,190,11.0
hpmcounter4,normal,seed1,191,11.0
hpmcounter4,normal,seed1,192,11.0
hpmcounter4,normal,seed1,193,11.0
hpmcounter4,normal,seed1,194,11.0
hpmcounter4,normal,seed1,195,11.0
hpmcounter4,normal,seed1,196,11.0
hpmcounter4,normal,seed1,197,11.0
hpmcounter4,normal,seed1,198,11.0
hpmcounter4,normal,seed1,199,11.0
hpmcounter4,normal,seed1,200,11.0
hpmcounter4,normal,seed1,201,11.0
hpmcounter4,normal,seed1,202,11.0
hpmcounter4,normal,seed1,203,11.0
hpmcounter4,normal,seed1,204,11.0
hpmcounter4,normal,seed1,205,11.0
hpmcounter4,normal,seed1,206,11.0
hpmcounter4,normal,seed1,207,11.0
hpmcounter4,normal,seed1,208,11.0
hpmcounter4,normal,seed1,209,11.0
hpmcounter4,normal,seed1,210,11.0
hpmcounter4,normal,seed1,211,11.0
hpmcounter4,normal,seed1,212,11.0
hpmcounter4,normal,seed1,213,11.0
hpmcounter4,normal,seed1,214,11.0
hpmcounter4,normal,seed1,215,11.0
hpmcounter4,normal,seed1,216,11.0
hpmcounter4,normal,seed1,217,11.0
hpmcounter4,normal,seed1,218,11.0
hpmcounter4,normal,seed1,219,11.0
hpmcounter4,normal,seed1,220,11.0
hpmcounter4,normal,seed1,221,11.0
hpmcounter4,normal,seed1,222,11.0
hpmcounter4,normal,seed1,223,11.0
hpmcounter4,normal,seed1,224,11.0
hpmcounter4,normal,seed1,225,11.0
hpmcounter4,normal,seed1,226,11.0
hpmcounter4,normal,seed1,227,11.0
hpmcounter4,normal,seed1,228,11.0
hpmcounter4,normal,seed1,229,11.0
hpmcounter4,normal,seed1,230,11.0
hpmcounter4,normal,seed1,231,11.0
hpmcounter4,normal,seed1,232,11.0
hpmcounter4,normal,seed1,233,11.0
hpmcounter4,normal,seed1,234,11.0
hpmcounter4,normal,seed1,235,11.0
hpmcounter4,normal,seed1,236,11.0
hpmcounter4,normal,seed1,237,11.0
hpmcounter4,normal,seed1,238,11.0
hpmcounter4,normal,seed1,239,11.0
hpmcounter4,normal,seed1,240,11.0
hpmcounter4,normal,seed1,241,11.0
hpmcounter4,normal,seed1,242,11.0
hpmcounter4,normal,seed1,243,11.545454545454545
hpmcounter4,normal,seed1,244,12.515151515151516
hpmcounter4,normal,seed1,245,13.787878787878787
hpmcounter4,normal,seed1,246,15.242424242424242
hpmcounter4,normal,seed1,247,16.757575757575758
hpmcounter4,normal,seed1,248,17.666666666666668
hpmcounter4,normal,seed1,249,17.96969696969697
hpmcounter4,normal,seed1,250,17.666666666666668
hpmcounter4,normal,seed1,251,16.757575757575758
hpmcounter4,normal,seed1,252,15.242424242424242
hpmcounter4,normal,seed1,253,13.787878787878787
hpmcounter4,normal,seed1,254,12.515151515151516
hpmcounter4,normal,seed1,255,11.545454545454545
hpmcounter4,normal,seed1,256,11.0
hpmcounter4,normal,seed1,257,11.0
hpmcounter4,normal,seed1,258,11.0
hpmcounter4,normal,seed1,259,11.0
hpmcounter4,normal,seed1,260,11.0
hpmcounter4,normal,seed1,261,11.0
hpmcounter4,normal,seed1,262,11.0
hpmcounter4,normal,seed1,263,11.0
hpmcounter4,normal,seed1,264,11.0
hpmcounter4,normal,seed1,265,11.0
hpmcounter4,normal,seed1,266,11.545454545454545
hpmcounter4,normal,seed1,267,12.515151515151516
hpmcounter4,normal,seed1,268,13.787878787878787
hpmcounter4,normal,seed1,269,15.242424242424242
hpmcounter4,normal,seed1,270,16.757575757575758
hpmcounter4,normal,seed1,271,18.21212121212121
hpmcounter4,normal,seed1,272,19.484848484848484
hpmcounter4,normal,seed1,273,20.454545454545453
hpmcounter4,normal,seed1,274,20.454545454545453
hpmcounter4,normal,seed1,275,19.484848484848484
hpmcounter4,normal,seed1,276,18.21212121212121
hpmcounter4,normal,seed1,277,16.757575757575758
hpmcounter4,normal,seed1,278,15.242424242424242
hpmcounter4,normal,seed1,279,13.787878787878787
hpmcounter4,normal,seed1,280,12.515151515151516
hpmcounter4,normal,seed1,281,11.545454545454545
hpmcounter4,normal,seed1,282,11.0
hpmcounter4,normal,seed1,283,11.0
hpmcounter4,normal,seed1,284,11.0
hpmcounter4,normal,seed1,285,11.0
hpmcounter4,normal,seed1,286,11.0
hpmcounter4,normal,seed1,287,11.0
hpmcounter4,normal,seed1,288,11.0
hpmcounter4,normal,seed1,289,11.0
hpmcounter4,normal,seed1,290,11.0
hpmcounter4,normal,seed1,291,11.0
hpmcounter4,normal,seed1,292,11.0
hpmcounter4,normal,seed1,293,11.0
hpmcounter4,normal,seed1,294,11.0
hpmcounter4,normal,seed1,295,11.0
hpmcounter4,normal,seed1,296,11.0
hpmcounter4,normal,seed1,297,11.0
hpmcounter4,normal,seed1,298,11.0
hpmcounter4,normal,seed10,9,11.0
hpmcounter4,normal,seed10,10,11.0
hpmcounter4,normal,seed10,11,11.0
hpmcounter4,normal,seed10,12,11.0
hpmcounter4,normal,seed10,13,11.0
hpmcounter4,normal,seed10,14,11.0
hpmcounter4,normal,seed10,15,11.0
hpmcounter4,normal,seed10,16,11.0
hpmcounter4,normal,seed10,17,11.0
hpmcounter4,normal,seed10,18,11.0
hpmcounter4,normal,seed10,19,11.0
hpmcounter4,normal,seed10,20,11.0
hpmcounter4,normal,seed10,21,11.0
hpmcounter4,normal,seed10,22,11.0
hpmcounter4,normal,seed10,23,11.0
hpmcounter4,normal,seed10,24,11.0
hpmcounter4,normal,seed10,25,11.0
hpmcounter4,normal,seed10,26,11.0
hpmcounter4,normal,seed10,27,11.0
hpmcounter4,normal,seed10,28,11.0
hpmcounter4,normal,seed10,29,11.0
hpmcounter4,normal,seed10,30,11.0
hpmcounter4,normal,seed10,31,11.0
hpmcounter4,normal,seed10,32,11.0
hpmcounter4,normal,seed10,33,11.0
hpmcounter4,normal,seed10,34,11.0
hpmcounter4,normal,seed10,35,11.0
hpmcounter4,normal,seed10,36,11.0
hpmcounter4,normal,seed10,37,11.0
hpmcounter4,normal,seed10,38,11.0
hpmcounter4,normal,seed10,39,11.0
hpmcounter4,normal,seed10,40,11.0
hpmcounter4,normal,seed10,41,11.0
hpmcounter4,normal,seed10,42,11.0
hpmcounter4,normal,seed10,43,11.0
hpmcounter4,normal,seed10,44,11.0
hpmcounter4,normal,seed10,45,11.0
hpmcounter4,normal,seed10,46,11.0
hpmcounter4,normal,seed10,47,11.0
hpmcounter4,normal,seed10,48,11.0
hpmcounter4,normal,seed10,49,11.0
hpmcounter4,normal,seed10,50,11.0
hpmcounter4,normal,seed10,51,11.0
hpmcounter4,normal,seed10,52,11.0
hpmcounter4,normal,seed10,53,11.0
hpmcounter4,normal,seed10,54,11.0
hpmcounter4,normal,seed10,55,11.0
hpmcounter4,normal,seed10,56,11.0
hpmcounter4,normal,seed10,57,11.0
hpmcounter4,normal,seed10,58,11.0
hpmcounter4,normal,seed10,59,11.0
hpmcounter4,normal,seed10,60,11.0
hpmcounter4,normal,seed10,61,11.0
hpmcounter4,normal,seed10,62,11.0
hpmcounter4,normal,seed10,63,11.0
hpmcounter4,normal,seed10,64,11.0
hpmcounter4,normal,seed10,65,11.0
hpmcounter4,normal,seed10,66,11.0
hpmcounter4,normal,seed10,67,11.0
hpmcounter4,normal,seed10,68,11.0
hpmcounter4,normal,seed10,69,11.0
hpmcounter4,normal,seed10,70,11.0
hpmcounter4,normal,seed10,71,11.0
hpmcounter4,normal,seed10,72,11.0
hpmcounter4,normal,seed10,73,11.0
hpmcounter4,normal,seed10,74,11.0
hpmcounter4,normal,seed10,75,11.0
hpmcounter4,normal,seed10,76,11.0
hpmcounter4,normal,seed10,77,11.0
hpmcounter4,normal,seed10,78,11.0
hpmcounter4,normal,seed10,79,11.0
hpmcounter4,normal,seed10,80,11.0
hpmcounter4,normal,seed10,81,11.0
hpmcounter4,normal,seed10,82,11.0
hpmcounter4,normal,seed10,83,11.0
hpmcounter4,normal,seed10,84,11.0
hpmcounter4,normal,seed10,85,11.0
hpmcounter4,normal,seed10,86,11.0
hpmcounter4,normal,seed10,87,11.0
hpmcounter4,normal,seed10,88,11.0
hpmcounter4,normal,seed10,89,11.0
hpmcounter4,normal,seed10,90,11.0
hpmcounter4,normal,seed10,91,11.0
hpmcounter4,normal,seed10,92,11.0
hpmcounter4,normal,seed10,93,11.0
hpmcounter4,normal,seed10,94,11.0
hpmcounter4,normal,seed10,95,11.0
hpmcounter4,normal,seed10,96,11.0
hpmcounter4,normal,seed10,97,11.0
hpmcounter4,normal,seed10,98,11.0
hpmcounter4,normal,seed10,99,11.0
hpmcounter4,normal,seed10,100,11.0
hpmcounter4,normal,seed10,101,11.0
hpmcounter4,normal,seed10,102,11.0
hpmcounter4,normal,seed10,103,11.0
hpmcounter4,normal,seed10,104,11.0
hpmcounter4,normal,seed10,105,11.0
hpmcounter4,normal,seed10,106,11.0
hpmcounter4,normal,seed10,107,11.0
hpmcounter4,normal,seed10,108,11.0
hpmcounter4,normal,seed10,109,11.0
hpmcounter4,normal,seed10,110,11.0
hpmcounter4,normal,seed10,111,11.0
hpmcounter4,normal,seed10,112,11.0
hpmcounter4,normal,seed10,113,11.0
hpmcounter4,normal,seed10,114,11.0
hpmcounter4,normal,seed10,115,11.0
hpmcounter4,normal,seed10,116,11.0
hpmcounter4,normal,seed10,117,11.0
hpmcounter4,normal,seed10,118,11.0
hpmcounter4,normal,seed10,119,11.0
hpmcounter4,normal,seed10,120,11.0
hpmcounter4,normal,seed10,121,11.0
hpmcounter4,normal,seed10,122,11.0
hpmcounter4,normal,seed10,123,11.0
hpmcounter4,normal,seed10,124,11.0
hpmcounter4,normal,seed10,125,11.0
hpmcounter4,normal,seed10,126,11.0
hpmcounter4,normal,seed10,127,11.0
hpmcounter4,normal,seed10,128,11.0
hpmcounter4,normal,seed10,129,11.0
hpmcounter4,normal,seed10,130,11.0
hpmcounter4,normal,seed10,131,11.0
hpmcounter4,normal,seed10,132,11.0
hpmcounter4,normal,seed10,133,11.0
hpmcounter4,normal,seed10,134,11.0
hpmcounter4,normal,seed10,135,11.0
hpmcounter4,normal,seed10,136,11.0
hpmcounter4,normal,seed10,137,11.0
hpmcounter4,normal,seed10,138,11.0
hpmcounter4,normal,seed10,139,11.0
hpmcounter4,normal,seed10,140,11.0
hpmcounter4,normal,seed10,141,11.0
hpmcounter4,normal,seed10,142,11.0
hpmcounter4,normal,seed10,143,11.0
hpmcounter4,normal,seed10,144,11.0
hpmcounter4,normal,seed10,145,11.0
hpmcounter4,normal,seed10,146,11.0
hpmcounter4,normal,seed10,147,11.0
hpmcounter4,normal,seed10,148,11.0
hpmcounter4,normal,seed10,149,11.0
hpmcounter4,normal,seed10,150,11.0
hpmcounter4,normal,seed10,151,11.0
hpmcounter4,normal,seed10,152,11.0
hpmcounter4,normal,seed10,153,11.0
hpmcounter4,normal,seed10,154,11.0
hpmcounter4,normal,seed10,155,11.545454545454545
hpmcounter4,normal,seed10,156,11.969696969696969
hpmcounter4,normal,seed10,157,12.272727272727273
hpmcounter4,normal,seed10,158,12.454545454545455
hpmcounter4,normal,seed10,159,12.515151515151516
hpmcounter4,normal,seed10,160,12.454545454545455
hpmcounter4,normal,seed10,161,12.272727272727273
hpmcounter4,normal,seed10,162,11.969696969696969
hpmcounter4,normal,seed10,163,11.545454545454545
hpmcounter4,normal,seed10,164,11.0
hpmcounter4,normal,seed10,165,11.0
hpmcounter4,normal,seed10,166,11.0
hpmcounter4,normal,seed10,167,11.0
hpmcounter4,normal,seed10,168,11.0
hpmcounter4,normal,seed10,169,11.0
hpmcounter4,normal,seed10,170,11.0
hpmcounter4,normal,seed10,171,11.0
hpmcounter4,normal,seed10,172,11.545454545454545
hpmcounter4,normal,seed10,173,12.515151515151516
hpmcounter4,normal,seed10,174,13.787878787878787
hpmcounter4,normal,seed10,175,14.696969696969697
hpmcounter4,normal,seed10,176,15.242424242424242
hpmcounter4,normal,seed10,177,15.424242424242424
hpmcounter4,normal,seed10,178,15.242424242424242
hpmcounter4,normal,seed10,179,14.696969696969697
hpmcounter4,normal,seed10,180,13.787878787878787
hpmcounter4,normal,seed10,181,12.515151515151516
hpmcounter4,normal,seed10,182,11.545454545454545
hpmcounter4,normal,seed10,183,11.0
hpmcounter4,normal,seed10,184,11.0
hpmcounter4,normal,seed10,185,11.0
hpmcounter4,normal,seed10,186,11.0
hpmcounter4,normal,seed10,187,11.0
hpmcounter4,normal,seed10,188,11.0
hpmcounter4,normal,seed10,189,11.0
hpmcounter4,normal,seed10,190,11.0
hpmcounter4,normal,seed10,191,11.0
hpmcounter4,normal,seed10,192,11.0
hpmcounter4,normal,seed10,193,11.0
hpmcounter4,normal,seed10,194,11.0
hpmcounter4,normal,seed10,195,11.0
hpmcounter4,normal,seed10,196,11.0
hpmcounter4,normal,seed10,197,11.0
hpmcounter4,normal,seed10,198,11.0
hpmcounter4,normal,seed10,199,11.0
hpmcounter4,normal,seed10,200,11.0
hpmcounter4,normal,seed10,201,11.0
hpmcounter4,normal,seed10,202,11.545454545454545
hpmcounter4,normal,seed10,203,11.969696969696969
hpmcounter4,normal,seed10,204,12.272727272727273
hpmcounter4,normal,seed10,205,12.454545454545455
hpmcounter4,normal,seed10,206,12.515151515151516
hpmcounter4,normal,seed10,207,12.454545454545455
hpmcounter4,normal,seed10,208,12.272727272727273
hpmcounter4,normal,seed10,209,11.969696969696969
hpmcounter4,normal,seed10,210,11.545454545454545
hpmcounter4,normal,seed10,211,11.0
hpmcounter4,normal,seed10,212,11.0
hpmcounter4,normal,seed10,213,11.0
hpmcounter4,normal,seed10,214,11.0
hpmcounter4,normal,seed10,215,11.0
hpmcounter4,normal,seed10,216,11.0
hpmcounter4,normal,seed10,217,11.0
hpmcounter4,normal,seed10,218,11.0
hpmcounter4,normal,seed10,219,11.0
hpmcounter4,normal,seed10,220,11.0
hpmcounter4,normal,seed10,221,11.0
hpmcounter4,normal,seed10,222,11.0
hpmcounter4,normal,seed10,223,11.0
hpmcounter4,normal,seed10,224,11.0
hpmcounter4,normal,seed10,225,11.0
hpmcounter4,normal,seed10,226,11.0
hpmcounter4,normal,seed10,227,11.0
hpmcounter4,normal,seed10,228,11.0
hpmcounter4,normal,seed10,229,11.0
hpmcounter4,normal,seed10,230,11.0
hpmcounter4,normal,seed10,231,11.0
hpmcounter4,normal,seed10,232,11.0
hpmcounter4,normal,seed10,233,11.0
hpmcounter4,normal,seed10,234,11.0
hpmcounter4,normal,seed10,235,11.0
hpmcounter4,normal,seed10,236,11.0
hpmcounter4,normal,seed10,237,11.0
hpmcounter4,normal,seed10,238,11.0
hpmcounter4,normal,seed10,239,11.0
hpmcounter4,normal,seed10,240,11.0
hpmcounter4,normal,seed10,241,11.0
hpmcounter4,normal,seed10,242,11.0
hpmcounter4,normal,seed10,243,11.0
hpmcounter4,normal,seed10,244,11.0
hpmcounter4,normal,seed10,245,11.0
hpmcounter4,normal,seed10,246,11.0
hpmcounter4,normal,seed10,247,11.0
hpmcounter4,normal,seed10,248,11.0
hpmcounter4,normal,seed10,249,11.0
hpmcounter4,normal,seed10,250,11.0
hpmcounter4,normal,seed10,251,11.0
hpmcounter4,normal,seed10,252,11.0
hpmcounter4,normal,seed10,253,11.0
hpmcounter4,normal,seed10,254,11.0
hpmcounter4,normal,seed10,255,11.0
hpmcounter4,normal,seed10,256,11.0
hpmcounter4,normal,seed10,257,11.0
hpmcounter4,normal,seed10,258,11.0
hpmcounter4,normal,seed10,259,11.0
hpmcounter4,normal,seed10,260,11.0
hpmcounter4,normal,seed10,261,11.0
hpmcounter4,normal,seed10,262,11.0
hpmcounter4,normal,seed10,263,11.0
hpmcounter4,normal,seed10,264,11.0
hpmcounter4,normal,seed10,265,11.0
hpmcounter4,normal,seed10,266,11.0
hpmcounter4,normal,seed10,267,11.0
hpmcounter4,normal,seed10,268,11.0
hpmcounter4,normal,seed10,269,11.0
hpmcounter4,normal,seed10,270,11.0
hpmcounter4,normal,seed10,271,11.0
hpmcounter4,normal,seed10,272,11.0
hpmcounter4,normal,seed10,273,11.0
hpmcounter4,normal,seed10,274,11.0
hpmcounter4,normal,seed10,275,11.0
hpmcounter4,normal,seed10,276,11.0
hpmcounter4,normal,seed10,277,11.0
hpmcounter4,normal,seed10,278,11.0
hpmcounter4,normal,seed10,279,11.0
hpmcounter4,normal,seed10,280,11.0
hpmcounter4,normal,seed10,281,11.0
hpmcounter4,normal,seed10,282,11.0
hpmcounter4,normal,seed10,283,11.0
hpmcounter4,normal,seed10,284,11.0
hpmcounter4,normal,seed10,285,11.0
hpmcounter4,normal,seed10,286,11.0
hpmcounter4,normal,seed10,287,11.0
hpmcounter4,normal,seed10,288,11.0
hpmcounter4,normal,seed10,289,11.0
hpmcounter4,normal,seed10,290,11.0
hpmcounter4,normal,seed10,291,11.0
hpmcounter4,normal,seed10,292,11.0
hpmcounter4,normal,seed10,293,11.0
hpmcounter4,normal,seed10,294,11.0
hpmcounter4,normal,seed10,295,11.0
hpmcounter4,normal,seed10,296,11.0
hpmcounter4,normal,seed10,297,11.0
hpmcounter4,normal,seed10,298,11.0
hpmcounter4,normal,seed11,9,11.0
hpmcounter4,normal,seed11,10,11.0
hpmcounter4,normal,seed11,11,11.0
hpmcounter4,normal,seed11,12,11.0
hpmcounter4,normal,seed11,13,11.0
hpmcounter4,normal,seed11,14,11.0
hpmcounter4,normal,seed11,15,11.0
hpmcounter4,normal,seed11,16,11.0
hpmcounter4,normal,seed11,17,11.0
hpmcounter4,normal,seed11,18,11.0
hpmcounter4,normal,seed11,19,11.0
hpmcounter4,normal,seed11,20,11.0
hpmcounter4,normal,seed11,21,11.0
hpmcounter4,normal,seed11,22,11.0
hpmcounter4,normal,seed11,23,11.0
hpmcounter4,normal,seed11,24,11.0
hpmcounter4,normal,seed11,25,11.0
hpmcounter4,normal,seed11,26,11.0
hpmcounter4,normal,seed11,27,11.0
hpmcounter4,normal,seed11,28,11.0
hpmcounter4,normal,seed11,29,11.0
hpmcounter4,normal,seed11,30,11.0
hpmcounter4,normal,seed11,31,11.0
hpmcounter4,normal,seed11,32,11.0
hpmcounter4,normal,seed11,33,11.0
hpmcounter4,normal,seed11,34,11.0
hpmcounter4,normal,seed11,35,11.0
hpmcounter4,normal,seed11,36,11.0
hpmcounter4,normal,seed11,37,11.0
hpmcounter4,normal,seed11,38,11.0
hpmcounter4,normal,seed11,39,11.0
hpmcounter4,normal,seed11,40,11.0
hpmcounter4,normal,seed11,41,11.0
hpmcounter4,normal,seed11,42,11.0
hpmcounter4,normal,seed11,43,11.0
hpmcounter4,normal,seed11,44,11.0
hpmcounter4,normal,seed11,45,11.0
hpmcounter4,normal,seed11,46,11.0
hpmcounter4,normal,seed11,47,11.0
hpmcounter4,normal,seed11,48,11.0
hpmcounter4,normal,seed11,49,11.0
hpmcounter4,normal,seed11,50,11.0
hpmcounter4,normal,seed11,51,11.0
hpmcounter4,normal,seed11,52,11.0
hpmcounter4,normal,seed11,53,11.0
hpmcounter4,normal,seed11,54,11.0
hpmcounter4,normal,seed11,55,11.545454545454545
hpmcounter4,normal,seed11,56,12.515151515151516
hpmcounter4,normal,seed11,57,13.787878787878787
hpmcounter4,normal,seed11,58,15.242424242424242
hpmcounter4,normal,seed11,59,16.757575757575758
hpmcounter4,normal,seed11,60,18.21212121212121
hpmcounter4,normal,seed11,61,19.484848484848484
hpmcounter4,normal,seed11,62,20.454545454545453
hpmcounter4,normal,seed11,63,21.0
hpmcounter4,normal,seed11,64,21.0
hpmcounter4,normal,seed11,65,20.454545454545453
hpmcounter4,normal,seed11,66,19.484848484848484
hpmcounter4,normal,seed11,67,18.21212121212121
hpmcounter4,normal,seed11,68,16.757575757575758
hpmcounter4,normal,seed11,69,15.242424242424242
hpmcounter4,normal,seed11,70,13.787878787878787
hpmcounter4,normal,seed11,71,12.515151515151516
hpmcounter4,normal,seed11,72,11.545454545454545
hpmcounter4,normal,seed11,73,11.0
hpmcounter4,normal,seed11,74,11.0
hpmcounter4,normal,seed11,75,11.0
hpmcounter4,normal,seed11,76,11.0
hpmcounter4,normal,seed11,77,11.0
hpmcounter4,normal,seed11,78,11.0
hpmcounter4,normal,seed11,79,11.0
hpmcounter4,normal,seed11,80,11.0
hpmcounter4,normal,seed11,81,11.0
hpmcounter4,normal,seed11,82,11.0
hpmcounter4,normal,seed11,83,11.0
hpmcounter4,normal,seed11,84,11.0
hpmcounter4,normal,seed11,85,11.0
hpmcounter4,normal,seed11,86,11.0
hpmcounter4,normal,seed11,87,11.0
hpmcounter4,normal,seed11,88,11.0
hpmcounter4,normal,seed11,89,11.0
hpmcounter4,normal,seed11,90,11.0
hpmcounter4,normal,seed11,91,11.0
hpmcounter4,normal,seed11,92,11.0
hpmcounter4,normal,seed11,93,11.0
hpmcounter4,normal,seed11,94,11.0
hpmcounter4,normal,seed11,95,11.0
hpmcounter4,normal,seed11,96,11.0
hpmcounter4,normal,seed11,97,11.0
hpmcounter4,normal,seed11,98,11.0
hpmcounter4,normal,seed11,99,11.0
hpmcounter4,normal,seed11,100,11.0
hpmcounter4,normal,seed11,101,11.0
hpmcounter4,normal,seed11,102,11.0
hpmcounter4,normal,seed11,103,11.545454545454545
hpmcounter4,normal,seed11,104,12.515151515151516
hpmcounter4,normal,seed11,105,13.242424242424242
hpmcounter4,normal,seed11,106,13.727272727272727
hpmcounter4,normal,seed11,107,13.969696969696969
hpmcounter4,normal,seed11,108,13.969696969696969
hpmcounter4,normal,seed11,109,13.727272727272727
hpmcounter4,normal,seed11,110,13.242424242424242
hpmcounter4,normal,seed11,111,12.515151515151516
hpmcounter4,normal,seed11,112,11.545454545454545
hpmcounter4,normal,seed11,113,11.0
hpmcounter4,normal,seed11,114,11.0
hpmcounter4,normal,seed11,115,11.0
hpmcounter4,normal,seed11,116,11.0
hpmcounter4,normal,seed11,117,11.0
hpmcounter4,normal,seed11,118,11.0
hpmcounter4,normal,seed11,119,11.0
hpmcounter4,normal,seed11,120,11.0
hpmcounter4,normal,seed11,121,11.0
hpmcounter4,normal,seed11,122,11.0
hpmcounter4,normal,seed11,123,11.0
hpmcounter4,normal,seed11,124,11.0
hpmcounter4,normal,seed11,125,11.0
hpmcounter4,normal,seed11,126,11.0
hpmcounter4,normal,seed11,127,11.0
hpmcounter4,normal,seed11,128,11.0
hpmcounter4,normal,seed11,129,11.0
hpmcounter4,normal,seed11,130,11.0
hpmcounter4,normal,seed11,131,11.0
hpmcounter4,normal,seed11,132,11.0
hpmcounter4,normal,seed11,133,11.0
hpmcounter4,normal,seed11,134,11.0
hpmcounter4,normal,seed11,135,11.0
hpmcounter4,normal,seed11,136,11.0
hpmcounter4,normal,seed11,137,11.0
hpmcounter4,normal,seed11,138,11.0
hpmcounter4,normal,seed11,139,11.0
hpmcounter4,normal,seed11,140,11.0
hpmcounter4,normal,seed11,141,11.0
hpmcounter4,normal,seed11,142,11.0
hpmcounter4,normal,seed11,143,11.0
hpmcounter4,normal,seed11,144,11.0
hpmcounter4,normal,seed11,145,11.0
hpmcounter4,normal,seed11,146,11.0
hpmcounter4,normal,seed11,147,11.0
hpmcounter4,normal,seed11,148,11.0
hpmcounter4,normal,seed11,149,11.0
hpmcounter4,normal,seed11,150,11.0
hpmcounter4,normal,seed11,151,11.0
hpmcounter4,normal,seed11,152,11.0
hpmcounter4,normal,seed11,153,11.0
hpmcounter4,normal,seed11,154,11.0
hpmcounter4,normal,seed11,155,11.0
hpmcounter4,normal,seed11,156,11.0
hpmcounter4,normal,seed11,157,11.0
hpmcounter4,normal,seed11,158,11.0
hpmcounter4,normal,seed11,159,11.0
hpmcounter4,normal,seed11,160,11.0
hpmcounter4,normal,seed11,161,11.0
hpmcounter4,normal,seed11,162,11.0
hpmcounter4,normal,seed11,163,11.0
hpmcounter4,normal,seed11,164,11.0
hpmcounter4,normal,seed11,165,11.0
hpmcounter4,normal,seed11,166,11.0
hpmcounter4,normal,seed11,167,11.0
hpmcounter4,normal,seed11,168,11.0
hpmcounter4,normal,seed11,169,11.0
hpmcounter4,normal,seed11,170,11.0
hpmcounter4,normal,seed11,171,11.0
hpmcounter4,normal,seed11,172,11.0
hpmcounter4,normal,seed11,173,11.0
hpmcounter4,normal,seed11,174,11.0
hpmcounter4,normal,seed11,175,11.0
hpmcounter4,normal,seed11,176,11.0
hpmcounter4,normal,seed11,177,11.0
hpmcounter4,normal,seed11,178,11.0
hpmcounter4,normal,seed11,179,11.0
hpmcounter4,normal,seed11,180,11.0
hpmcounter4,normal,seed11,181,11.0
hpmcounter4,normal,seed11,182,11.0
hpmcounter4,normal,seed11,183,11.0
hpmcounter4,normal,seed11,184,11.0
hpmcounter4,normal,seed11,185,11.0
hpmcounter4,normal,seed11,186,11.0
hpmcounter4,normal,seed11,187,11.0
hpmcounter4,normal,seed11,188,11.0
hpmcounter4,normal,seed11,189,11.0
hpmcounter4,normal,seed11,190,11.0
hpmcounter4,normal,seed11,191,11.0
hpmcounter4,normal,seed11,192,11.0
hpmcounter4,normal,seed11,193,11.0
hpmcounter4,normal,seed11,194,11.0
hpmcounter4,normal,seed11,195,11.0
hpmcounter4,normal,seed11,196,11.0
hpmcounter4,normal,seed11,197,11.0
hpmcounter4,normal,seed11,198,11.0
hpmcounter4,normal,seed11,199,11.0
hpmcounter4,normal,seed11,200,11.0
hpmcounter4,normal,seed11,201,11.0
hpmcounter4,normal,seed11,202,11.0
hpmcounter4,normal,seed11,203,11.0
hpmcounter4,normal,seed11,204,11.0
hpmcounter4,normal,seed11,205,11.0
hpmcounter4,normal,seed11,206,11.0
hpmcounter4,normal,seed11,207,11.0
hpmcounter4,normal,seed11,208,11.0
hpmcounter4,normal,seed11,209,11.0
hpmcounter4,normal,seed11,210,11.0
hpmcounter4,normal,seed11,211,11.0
hpmcounter4,normal,seed11,212,11.0
hpmcounter4,normal,seed11,213,11.0
hpmcounter4,normal,seed11,214,11.0
hpmcounter4,normal,seed11,215,11.0
hpmcounter4,normal,seed11,216,11.0
hpmcounter4,normal,seed11,217,11.0
hpmcounter4,normal,seed11,218,11.0
hpmcounter4,normal,seed11,219,11.0
hpmcounter4,normal,seed11,220,11.0
hpmcounter4,normal,seed11,221,11.0
hpmcounter4,normal,seed11,222,11.0
hpmcounter4,normal,seed11,223,11.0
hpmcounter4,normal,seed11,224,11.0
hpmcounter4,normal,seed11,225,11.0
hpmcounter4,normal,seed11,226,11.0
hpmcounter4,normal,seed11,227,11.0
hpmcounter4,normal,seed11,228,11.0
hpmcounter4,normal,seed11,229,11.0
hpmcounter4,normal,seed11,230,11.0
hpmcounter4,normal,seed11,231,11.0
hpmcounter4,normal,seed11,232,11.0
hpmcounter4,normal,seed11,233,11.0
hpmcounter4,normal,seed11,234,11.0
hpmcounter4,normal,seed11,235,11.0
hpmcounter4,normal,seed11,236,11.0
hpmcounter4,normal,seed11,237,11.0
hpmcounter4,normal,seed11,238,11.0
hpmcounter4,normal,seed11,239,11.0
hpmcounter4,normal,seed11,240,11.0
hpmcounter4,normal,seed11,241,11.0
hpmcounter4,normal,seed11,242,11.0
hpmcounter4,normal,seed11,243,11.0
hpmcounter4,normal,seed11,244,11.0
hpmcounter4,normal,seed11,245,11.0
hpmcounter4,normal,seed11,246,11.0
hpmcounter4,normal,seed11,247,11.0
hpmcounter4,normal,seed11,248,11.0
hpmcounter4,normal,seed11,249,11.0
hpmcounter4,normal,seed11,250,11.0
hpmcounter4,normal,seed11,251,11.0
hpmcounter4,normal,seed11,252,11.0
hpmcounter4,normal,seed11,253,11.0
hpmcounter4,normal,seed11,254,11.0
hpmcounter4,normal,seed11,255,11.0
hpmcounter4,normal,seed11,256,11.0
hpmcounter4,normal,seed11,257,11.0
hpmcounter4,normal,seed11,258,11.0
hpmcounter4,normal,seed11,259,11.0
hpmcounter4,normal,seed11,260,11.0
hpmcounter4,normal,seed11,261,11.0
hpmcounter4,normal,seed11,262,11.0
hpmcounter4,normal,seed11,263,11.0
hpmcounter4,normal,seed11,264,11.0
hpmcounter4,normal,seed11,265,11.0
hpmcounter4,normal,seed11,266,11.0
hpmcounter4,normal,seed11,267,11.0
hpmcounter4,normal,seed11,268,11.0
hpmcounter4,normal,seed11,269,11.0
hpmcounter4,normal,seed11,270,11.0
hpmcounter4,normal,seed11,271,11.545454545454545
hpmcounter4,normal,seed11,272,11.969696969696969
hpmcounter4,normal,seed11,273,12.272727272727273
hpmcounter4,normal,seed11,274,12.454545454545455
hpmcounter4,normal,seed11,275,12.515151515151516
hpmcounter4,normal,seed11,276,12.454545454545455
hpmcounter4,normal,seed11,277,12.272727272727273
hpmcounter4,normal,seed11,278,11.969696969696969
hpmcounter4,normal,seed11,279,11.545454545454545
hpmcounter4,normal,seed11,280,11.0
hpmcounter4,normal,seed11,281,11.0
hpmcounter4,normal,seed11,282,11.0
hpmcounter4,normal,seed11,283,11.0
hpmcounter4,normal,seed11,284,11.0
hpmcounter4,normal,seed11,285,11.0
hpmcounter4,normal,seed11,286,11.0
hpmcounter4,normal,seed11,287,11.0
hpmcounter4,normal,seed11,288,11.0
hpmcounter4,normal,seed11,289,11.0
hpmcounter4,normal,seed11,290,11.0
hpmcounter4,normal,seed11,291,11.0
hpmcounter4,normal,seed11,292,11.0
hpmcounter4,normal,seed11,293,11.0
hpmcounter4,normal,seed11,294,11.0
hpmcounter4,normal,seed11,295,11.0
hpmcounter4,normal,seed11,296,11.0
hpmcounter4,normal,seed11,297,11.0
hpmcounter4,normal,seed11,298,11.0
hpmcounter4,normal,seed12,9,11.0
hpmcounter4,normal,seed12,10,11.0
hpmcounter4,normal,seed12,11,11.0
hpmcounter4,normal,seed12,12,11.0
hpmcounter4,normal,seed12,13,11.0
hpmcounter4,normal,seed12,14,11.0
hpmcounter4,normal,seed12,15,11.0
hpmcounter4,normal,seed12,16,11.0
hpmcounter4,normal,seed12,17,11.0
hpmcounter4,normal,seed12,18,11.0
hpmcounter4,normal,seed12,19,11.0
hpmcounter4,normal,seed12,20,11.0
hpmcounter4,normal,seed12,21,11.0
hpmcounter4,normal,seed12,22,11.0
hpmcounter4,normal,seed12,23,11.0
hpmcounter4,normal,seed12,24,11.0
hpmcounter4,normal,seed12,25,11.0
hpmcounter4,normal,seed12,26,11.0
hpmcounter4,normal,seed12,27,11.0
hpmcounter4,normal,seed12,28,11.0
hpmcounter4,normal,seed12,29,11.0
hpmcounter4,normal,seed12,30,11.0
hpmcounter4,normal,seed12,31,11.0
hpmcounter4,normal,seed12,32,11.0
hpmcounter4,normal,seed12,33,11.545454545454545
hpmcounter4,normal,seed12,34,11.969696969696969
hpmcounter4,normal,seed12,35,12.818181818181818
hpmcounter4,normal,seed12,36,13.969696969696969
hpmcounter4,normal,seed12,37,14.757575757575758
hpmcounter4,normal,seed12,38,15.181818181818182
hpmcounter4,normal,seed12,39,15.242424242424242
hpmcounter4,normal,seed12,40,15.484848484848484
hpmcounter4,normal,seed12,41,15.787878787878787
hpmcounter4,normal,seed12,42,16.03030303030303
hpmcounter4,normal,seed12,43,16.21212121212121
hpmcounter4,normal,seed12,44,15.787878787878787
hpmcounter4,normal,seed12,45,15.969696969696969
hpmcounter4,normal,seed12,46,16.757575757575758
hpmcounter4,normal,seed12,47,17.484848484848484
hpmcounter4,normal,seed12,48,17.484848484848484
hpmcounter4,normal,seed12,49,16.757575757575758
hpmcounter4,normal,seed12,50,15.969696969696969
hpmcounter4,normal,seed12,51,15.787878787878787
hpmcounter4,normal,seed12,52,16.21212121212121
hpmcounter4,normal,seed12,53,16.575757575757574
hpmcounter4,normal,seed12,54,16.21212121212121
hpmcounter4,normal,seed12,55,15.787878787878787
hpmcounter4,normal,seed12,56,15.424242424242424
hpmcounter4,normal,seed12,57,15.242424242424242
hpmcounter4,normal,seed12,58,14.696969696969697
hpmcounter4,normal,seed12,59,13.787878787878787
hpmcounter4,normal,seed12,60,12.515151515151516
hpmcounter4,normal,seed12,61,11.545454545454545
hpmcounter4,normal,seed12,62,11.0
hpmcounter4,normal,seed12,63,11.0
hpmcounter4,normal,seed12,64,11.0
hpmcounter4,normal,seed12,65,11.0
hpmcounter4,normal,seed12,66,11.0
hpmcounter4,normal,seed12,67,11.0
hpmcounter4,normal,seed12,68,11.0
hpmcounter4,normal,seed12,69,11.0
hpmcounter4,normal,seed12,70,11.0
hpmcounter4,normal,seed12,71,11.0
hpmcounter4,normal,seed12,72,11.0
hpmcounter4,normal,seed12,73,11.0
hpmcounter4,normal,seed12,74,11.0
hpmcounter4,normal,seed12,75,11.0
hpmcounter4,normal,seed12,76,11.0
hpmcounter4,normal,seed12,77,11.0
hpmcounter4,normal,seed12,78,11.0
hpmcounter4,normal,seed12,79,11.0
hpmcounter4,normal,seed12,80,11.0
hpmcounter4,normal,seed12,81,11.0
hpmcounter4,normal,seed12,82,11.0
hpmcounter4,normal,seed12,83,11.0
hpmcounter4,normal,seed12,84,11.0
hpmcounter4,normal,seed12,85,11.0
hpmcounter4,normal,seed12,86,11.0
hpmcounter4,normal,seed12,87,11.0
hpmcounter4,normal,seed12,88,11.0
hpmcounter4,normal,seed12,89,11.0
hpmcounter4,normal,seed12,90,11.0
hpmcounter4,normal,seed12,91,11.0
hpmcounter4,normal,seed12,92,11.0
hpmcounter4,normal,seed12,93,11.0
hpmcounter4,normal,seed12,94,11.0
hpmcounter4,normal,seed12,95,11.0
hpmcounter4,normal,seed12,96,11.0
hpmcounter4,normal,seed12,97,11.0
hpmcounter4,normal,seed12,98,11.0
hpmcounter4,normal,seed12,99,11.0
hpmcounter4,normal,seed12,100,11.0
hpmcounter4,normal,seed12,101,11.0
hpmcounter4,normal,seed12,102,11.0
hpmcounter4,normal,seed12,103,11.0
hpmcounter4,normal,seed12,104,11.0
hpmcounter4,normal,seed12,105,11.0
hpmcounter4,normal,seed12,106,11.0
hpmcounter4,normal,seed12,107,11.0
hpmcounter4,normal,seed12,108,11.0
hpmcounter4,normal,seed12,109,11.0
hpmcounter4,normal,seed12,110,11.0
hpmcounter4,normal,seed12,111,11.0
hpmcounter4,normal,seed12,112,11.0
hpmcounter4,normal,seed12,113,11.0
hpmcounter4,normal,seed12,114,11.0
hpmcounter4,normal,seed12,115,11.0
hpmcounter4,normal,seed12,116,11.0
hpmcounter4,normal,seed12,117,11.0
hpmcounter4,normal,seed12,118,11.0
hpmcounter4,normal,seed12,119,11.0
hpmcounter4,normal,seed12,120,11.0
hpmcounter4,normal,seed12,121,11.0
hpmcounter4,normal,seed12,122,11.0
hpmcounter4,normal,seed12,123,11.0
hpmcounter4,normal,seed12,124,11.0
hpmcounter4,normal,seed12,125,11.0
hpmcounter4,normal,seed12,126,11.0
hpmcounter4,normal,seed12,127,11.0
hpmcounter4,normal,seed12,128,11.0
hpmcounter4,normal,seed12,129,11.0
hpmcounter4,normal,seed12,130,11.0
hpmcounter4,normal,seed12,131,11.0
hpmcounter4,normal,seed12,132,11.0
hpmcounter4,normal,seed12,133,11.0
hpmcounter4,normal,seed12,134,11.0
hpmcounter4,normal,seed12,135,11.0
hpmcounter4,normal,seed12,136,11.0
hpmcounter4,normal,seed12,137,11.0
hpmcounter4,normal,seed12,138,11.0
hpmcounter4,normal,seed12,139,11.0
hpmcounter4,normal,seed12,140,11.0
hpmcounter4,normal,seed12,141,11.0
hpmcounter4,normal,seed12,142,11.0
hpmcounter4,normal,seed12,143,11.0
hpmcounter4,normal,seed12,144,11.0
hpmcounter4,normal,seed12,145,11.0
hpmcounter4,normal,seed12,146,11.0
hpmcounter4,normal,seed12,147,11.0
hpmcounter4,normal,seed12,148,11.0
hpmcounter4,normal,seed12,149,11.0
hpmcounter4,normal,seed12,150,11.0
hpmcounter4,normal,seed12,151,11.0
hpmcounter4,normal,seed12,152,11.0
hpmcounter4,normal,seed12,153,11.0
hpmcounter4,normal,seed12,154,11.0
hpmcounter4,normal,seed12,155,11.0
hpmcounter4,normal,seed12,156,11.0
hpmcounter4,normal,seed12,157,11.0
hpmcounter4,normal,seed12,158,11.0
hpmcounter4,normal,seed12,159,11.0
hpmcounter4,normal,seed12,160,11.0
hpmcounter4,normal,seed12,161,11.0
hpmcounter4,normal,seed12,162,11.0
hpmcounter4,normal,seed12,163,11.0
hpmcounter4,normal,seed12,164,11.0
hpmcounter4,normal,seed12,165,11.0
hpmcounter4,normal,seed12,166,11.0
hpmcounter4,normal,seed12,167,11.0
hpmcounter4,normal,seed12,168,11.0
hpmcounter4,normal,seed12,169,11.0
hpmcounter4,normal,seed12,170,11.0
hpmcounter4,normal,seed12,171,11.0
hpmcounter4,normal,seed12,172,11.0
hpmcounter4,normal,seed12,173,11.0
hpmcounter4,normal,seed12,174,11.0
hpmcounter4,normal,seed12,175,11.0
hpmcounter4,normal,seed12,176,11.0
hpmcounter4,normal,seed12,177,11.0
hpmcounter4,normal,seed12,178,11.0
hpmcounter4,normal,seed12,179,11.0
hpmcounter4,normal,seed12,180,11.0
hpmcounter4,normal,seed12,181,11.0
hpmcounter4,normal,seed12,182,11.0
hpmcounter4,normal,seed12,183,11.0
hpmcounter4,normal,seed12,184,11.0
hpmcounter4,normal,seed12,185,11.0
hpmcounter4,normal,seed12,186,11.0
hpmcounter4,normal,seed12,187,11.0
hpmcounter4,normal,seed12,188,11.0
hpmcounter4,normal,seed12,189,11.0
hpmcounter4,normal,seed12,190,11.0
hpmcounter4,normal,seed12,191,11.0
hpmcounter4,normal,seed12,192,11.0
hpmcounter4,normal,seed12,193,11.0
hpmcounter4,normal,seed12,194,11.0
hpmcounter4,normal,seed12,195,11.0
hpmcounter4,normal,seed12,196,11.0
hpmcounter4,normal,seed12,197,11.0
hpmcounter4,normal,seed12,198,11.0
hpmcounter4,normal,seed12,199,11.0
hpmcounter4,normal,seed12,200,11.0
hpmcounter4,normal,seed12,201,11.0
hpmcounter4,normal,seed12,202,11.0
hpmcounter4,normal,seed12,203,11.0
hpmcounter4,normal,seed12,204,11.0
hpmcounter4,normal,seed12,205,11.0
hpmcounter4,normal,seed12,206,11.0
hpmcounter4,normal,seed12,207,11.0
hpmcounter4,normal,seed12,208,11.0
hpmcounter4,normal,seed12,209,11.0
hpmcounter4,normal,seed12,210,11.0
hpmcounter4,normal,seed12,211,11.0
hpmcounter4,normal,seed12,212,11.0
hpmcounter4,normal,seed12,213,11.0
hpmcounter4,normal,seed12,214,11.0
hpmcounter4,normal,seed12,215,11.0
hpmcounter4,normal,seed12,216,11.0
hpmcounter4,normal,seed12,217,11.0
hpmcounter4,normal,seed12,218,11.0
hpmcounter4,normal,seed12,219,11.0
hpmcounter4,normal,seed12,220,11.0
hpmcounter4,normal,seed12,221,11.0
hpmcounter4,normal,seed12,222,11.0
hpmcounter4,normal,seed12,223,11.0
hpmcounter4,normal,seed12,224,11.545454545454545
hpmcounter4,normal,seed12,225,12.515151515151516
hpmcounter4,normal,seed12,226,13.787878787878787
hpmcounter4,normal,seed12,227,15.242424242424242
hpmcounter4,normal,seed12,228,16.757575757575758
hpmcounter4,normal,seed12,229,18.21212121212121
hpmcounter4,normal,seed12,230,19.484848484848484
hpmcounter4,normal,seed12,231,20.454545454545453
hpmcounter4,normal,seed12,232,21.0
hpmcounter4,normal,seed12,233,20.454545454545453
hpmcounter4,normal,seed12,234,19.484848484848484
hpmcounter4,normal,seed12,235,18.21212121212121
hpmcounter4,normal,seed12,236,16.757575757575758
hpmcounter4,normal,seed12,237,15.242424242424242
hpmcounter4,normal,seed12,238,13.787878787878787
hpmcounter4,normal,seed12,239,12.515151515151516
hpmcounter4,normal,seed12,240,11.545454545454545
hpmcounter4,normal,seed12,241,11.0
hpmcounter4,normal,seed12,242,11.0
hpmcounter4,normal,seed12,243,11.0
hpmcounter4,normal,seed12,244,11.0
hpmcounter4,normal,seed12,245,11.0
hpmcounter4,normal,seed12,246,11.0
hpmcounter4,normal,seed12,247,11.0
hpmcounter4,normal,seed12,248,11.0
hpmcounter4,normal,seed12,249,11.0
hpmcounter4,normal,seed12,250,11.0
hpmcounter4,normal,seed12,251,11.0
hpmcounter4,normal,seed12,252,11.0
hpmcounter4,normal,seed12,253,11.0
hpmcounter4,normal,seed12,254,11.0
hpmcounter4,normal,seed12,255,11.0
hpmcounter4,normal,seed12,256,11.0
hpmcounter4,normal,seed12,257,11.0
hpmcounter4,normal,seed12,258,11.0
hpmcounter4,normal,seed12,259,11.0
hpmcounter4,normal,seed12,260,11.0
hpmcounter4,normal,seed12,261,11.0
hpmcounter4,normal,seed12,262,11.0
hpmcounter4,normal,seed12,263,11.0
hpmcounter4,normal,seed12,264,11.0
hpmcounter4,normal,seed12,265,11.0
hpmcounter4,normal,seed12,266,11.0
hpmcounter4,normal,seed12,267,11.0
hpmcounter4,normal,seed12,268,11.0
hpmcounter4,normal,seed12,269,11.0
hpmcounter4,normal,seed12,270,11.0
hpmcounter4,normal,seed12,271,11.0
hpmcounter4,normal,seed12,272,11.0
hpmcounter4,normal,seed12,273,11.0
hpmcounter4,normal,seed12,274,11.0
hpmcounter4,normal,seed12,275,11.545454545454545
hpmcounter4,normal,seed12,276,12.515151515151516
hpmcounter4,normal,seed12,277,13.787878787878787
hpmcounter4,normal,seed12,278,15.242424242424242
hpmcounter4,normal,seed12,279,16.757575757575758
hpmcounter4,normal,seed12,280,17.666666666666668
hpmcounter4,normal,seed12,281,17.96969696969697
hpmcounter4,normal,seed12,282,17.666666666666668
hpmcounter4,normal,seed12,283,16.757575757575758
hpmcounter4,normal,seed12,284,15.242424242424242
hpmcounter4,normal,seed12,285,13.787878787878787
hpmcounter4,normal,seed12,286,12.515151515151516
hpmcounter4,normal,seed12,287,11.545454545454545
hpmcounter4,normal,seed12,288,11.0
hpmcounter4,normal,seed12,289,11.0
hpmcounter4,normal,seed12,290,11.0
hpmcounter4,normal,seed12,291,11.0
hpmcounter4,normal,seed12,292,11.0
hpmcounter4,normal,seed12,293,11.0
hpmcounter4,normal,seed12,294,11.0
hpmcounter4,normal,seed12,295,11.0
hpmcounter4,normal,seed12,296,11.0
hpmcounter4,normal,seed12,297,11.0
hpmcounter4,normal,seed12,298,11.0
hpmcounter4,normal,seed13,9,11.0
hpmcounter4,normal,seed13,10,11.0
hpmcounter4,normal,seed13,11,11.0
hpmcounter4,normal,seed13,12,11.0
hpmcounter4,normal,seed13,13,11.0
hpmcounter4,normal,seed13,14,11.0
hpmcounter4,normal,seed13,15,11.0
hpmcounter4,normal,seed13,16,11.0
hpmcounter4,normal,seed13,17,11.0
hpmcounter4,normal,seed13,18,11.0
hpmcounter4,normal,seed13,19,11.0
hpmcounter4,normal,seed13,20,11.0
hpmcounter4,normal,seed13,21,11.0
hpmcounter4,normal,seed13,22,11.0
hpmcounter4,normal,seed13,23,11.0
hpmcounter4,normal,seed13,24,11.0
hpmcounter4,normal,seed13,25,11.0
hpmcounter4,normal,seed13,26,11.0
hpmcounter4,normal,seed13,27,11.0
hpmcounter4,normal,seed13,28,11.0
hpmcounter4,normal,seed13,29,11.0
hpmcounter4,normal,seed13,30,11.0
hpmcounter4,normal,seed13,31,11.0
hpmcounter4,normal,seed13,32,11.0
hpmcounter4,normal,seed13,33,11.0
hpmcounter4,normal,seed13,34,11.0
hpmcounter4,normal,seed13,35,11.0
hpmcounter4,normal,seed13,36,11.0
hpmcounter4,normal,seed13,37,11.0
hpmcounter4,normal,seed13,38,11.0
hpmcounter4,normal,seed13,39,11.0
hpmcounter4,normal,seed13,40,11.0
hpmcounter4,normal,seed13,41,11.0
hpmcounter4,normal,seed13,42,11.0
hpmcounter4,normal,seed13,43,11.0
hpmcounter4,normal,seed13,44,11.0
hpmcounter4,normal,seed13,45,11.0
hpmcounter4,normal,seed13,46,11.0
hpmcounter4,normal,seed13,47,11.0
hpmcounter4,normal,seed13,48,11.0
hpmcounter4,normal,seed13,49,11.0
hpmcounter4,normal,seed13,50,11.0
hpmcounter4,normal,seed13,51,11.0
hpmcounter4,normal,seed13,52,11.0
hpmcounter4,normal,seed13,53,11.0
hpmcounter4,normal,seed13,54,11.0
hpmcounter4,normal,seed13,55,11.0
hpmcounter4,normal,seed13,56,11.0
hpmcounter4,normal,seed13,57,11.0
hpmcounter4,normal,seed13,58,11.0
hpmcounter4,normal,seed13,59,11.0
hpmcounter4,normal,seed13,60,11.0
hpmcounter4,normal,seed13,61,11.0
hpmcounter4,normal,seed13,62,11.545454545454545
hpmcounter4,normal,seed13,63,11.969696969696969
hpmcounter4,normal,seed13,64,12.272727272727273
hpmcounter4,normal,seed13,65,12.454545454545455
hpmcounter4,normal,seed13,66,12.515151515151516
hpmcounter4,normal,seed13,67,12.454545454545455
hpmcounter4,normal,seed13,68,12.272727272727273
hpmcounter4,normal,seed13,69,11.969696969696969
hpmcounter4,normal,seed13,70,11.545454545454545
hpmcounter4,normal,seed13,71,11.0
hpmcounter4,normal,seed13,72,11.0
hpmcounter4,normal,seed13,73,11.0
hpmcounter4,normal,seed13,74,11.0
hpmcounter4,normal,seed13,75,11.0
hpmcounter4,normal,seed13,76,11.0
hpmcounter4,normal,seed13,77,11.0
hpmcounter4,normal,seed13,78,11.0
hpmcounter4,normal,seed13,79,11.0
hpmcounter4,normal,seed13,80,11.0
hpmcounter4,normal,seed13,81,11.0
hpmcounter4,normal,seed13,82,11.0
hpmcounter4,normal,seed13,83,11.0
hpmcounter4,normal,seed13,84,11.0
hpmcounter4,normal,seed13,85,11.0
hpmcounter4,normal,seed13,86,11.0
hpmcounter4,normal,seed13,87,11.0
hpmcounter4,normal,seed13,88,11.0
hpmcounter4,normal,seed13,89,11.0
hpmcounter4,normal,seed13,90,11.0
hpmcounter4,normal,seed13,91,11.0
hpmcounter4,normal,seed13,92,11.0
hpmcounter4,normal,seed13,93,11.0
hpmcounter4,normal,seed13,94,11.0
hpmcounter4,normal,seed13,95,11.0
hpmcounter4,normal,seed13,96,11.0
hpmcounter4,normal,seed13,97,11.0
hpmcounter4,normal,seed13,98,11.0
hpmcounter4,normal,seed13,99,11.0
hpmcounter4,normal,seed13,100,11.0
hpmcounter4,normal,seed13,101,11.0
hpmcounter4,normal,seed13,102,11.0
hpmcounter4,normal,seed13,103,11.0
hpmcounter4,normal,seed13,104,11.0
hpmcounter4,normal,seed13,105,11.0
hpmcounter4,normal,seed13,106,11.0
hpmcounter4,normal,seed13,107,11.0
hpmcounter4,normal,seed13,108,11.0
hpmcounter4,normal,seed13,109,11.0
hpmcounter4,normal,seed13,110,11.0
hpmcounter4,normal,seed13,111,11.0
hpmcounter4,normal,seed13,112,11.0
hpmcounter4,normal,seed13,113,11.0
hpmcounter4,normal,seed13,114,11.0
hpmcounter4,normal,seed13,115,11.0
hpmcounter4,normal,seed13,116,11.0
hpmcounter4,normal,seed13,117,11.0
hpmcounter4,normal,seed13,118,11.0
hpmcounter4,normal,seed13,119,11.0
hpmcounter4,normal,seed13,120,11.0
hpmcounter4,normal,seed13,121,11.0
hpmcounter4,normal,seed13,122,11.0
hpmcounter4,normal,seed13,123,11.0
hpmcounter4,normal,seed13,124,11.0
hpmcounter4,normal,seed13,125,11.0
hpmcounter4,normal,seed13,126,11.0
hpmcounter4,normal,seed13,127,11.0
hpmcounter4,normal,seed13,128,11.0
hpmcounter4,normal,seed13,129,11.0
hpmcounter4,normal,seed13,130,11.0
hpmcounter4,normal,seed13,131,11.0
hpmcounter4,normal,seed13,132,11.0
hpmcounter4,normal,seed13,133,11.0
hpmcounter4,normal,seed13,134,11.0
hpmcounter4,normal,seed13,135,11.0
hpmcounter4,normal,seed13,136,11.0
hpmcounter4,normal,seed13,137,11.0
hpmcounter4,normal,seed13,138,11.0
hpmcounter4,normal,seed13,139,11.0
hpmcounter4,normal,seed13,140,11.0
hpmcounter4,normal,seed13,141,11.0
hpmcounter4,normal,seed13,142,11.0
hpmcounter4,normal,seed13,143,11.0
hpmcounter4,normal,seed13,144,11.0
hpmcounter4,normal,seed13,145,11.0
hpmcounter4,normal,seed13,146,11.0
hpmcounter4,normal,seed13,147,11.0
hpmcounter4,normal,seed13,148,11.0
hpmcounter4,normal,seed13,149,11.0
hpmcounter4,normal,seed13,150,11.0
hpmcounter4,normal,seed13,151,11.0
hpmcounter4,normal,seed13,152,11.0
hpmcounter4,normal,seed13,153,11.0
hpmcounter4,normal,seed13,154,11.0
hpmcounter4,normal,seed13,155,11.0
hpmcounter4,normal,seed13,156,11.0
hpmcounter4,normal,seed13,157,11.0
hpmcounter4,normal,seed13,158,11.0
hpmcounter4,normal,seed13,159,11.0
hpmcounter4,normal,seed13,160,11.0
hpmcounter4,normal,seed13,161,11.545454545454545
hpmcounter4,normal,seed13,162,12.515151515151516
hpmcounter4,normal,seed13,163,13.787878787878787
hpmcounter4,normal,seed13,164,14.696969696969697
hpmcounter4,normal,seed13,165,15.242424242424242
hpmcounter4,normal,seed13,166,15.424242424242424
hpmcounter4,normal,seed13,167,15.242424242424242
hpmcounter4,normal,seed13,168,14.696969696969697
hpmcounter4,normal,seed13,169,13.787878787878787
hpmcounter4,normal,seed13,170,12.515151515151516
hpmcounter4,normal,seed13,171,11.545454545454545
hpmcounter4,normal,seed13,172,11.0
hpmcounter4,normal,seed13,173,11.0
hpmcounter4,normal,seed13,174,11.0
hpmcounter4,normal,seed13,175,11.0
hpmcounter4,normal,seed13,176,11.0
hpmcounter4,normal,seed13,177,11.0
hpmcounter4,normal,seed13,178,11.0
hpmcounter4,normal,seed13,179,11.0
hpmcounter4,normal,seed13,180,11.0
hpmcounter4,normal,seed13,181,11.0
hpmcounter4,normal,seed13,182,11.0
hpmcounter4,normal,seed13,183,11.0
hpmcounter4,normal,seed13,184,11.0
hpmcounter4,normal,seed13,185,11.0
hpmcounter4,normal,seed13,186,11.0
hpmcounter4,normal,seed13,187,11.0
hpmcounter4,normal,seed13,188,11.0
hpmcounter4,normal,seed13,189,11.0
hpmcounter4,normal,seed13,190,11.0
hpmcounter4,normal,seed13,191,11.0
hpmcounter4,normal,seed13,192,11.0
hpmcounter4,normal,seed13,193,11.0
hpmcounter4,normal,seed13,194,11.0
hpmcounter4,normal,seed13,195,11.0
hpmcounter4,normal,seed13,196,11.0
hpmcounter4,normal,seed13,197,11.0
hpmcounter4,normal,seed13,198,11.0
hpmcounter4,normal,seed13,199,11.0
hpmcounter4,normal,seed13,200,11.0
hpmcounter4,normal,seed13,201,11.0
hpmcounter4,normal,seed13,202,11.0
hpmcounter4,normal,seed13,203,11.0
hpmcounter4,normal,seed13,204,11.0
hpmcounter4,normal,seed13,205,11.0
hpmcounter4,normal,seed13,206,11.0
hpmcounter4,normal,seed13,207,11.0
hpmcounter4,normal,seed13,208,11.0
hpmcounter4,normal,seed13,209,11.0
hpmcounter4,normal,seed13,210,11.0
hpmcounter4,normal,seed13,211,11.0
hpmcounter4,normal,seed13,212,11.0
hpmcounter4,normal,seed13,213,11.0
hpmcounter4,normal,seed13,214,11.0
hpmcounter4,normal,seed13,215,11.0
hpmcounter4,normal,seed13,216,11.0
hpmcounter4,normal,seed13,217,11.0
hpmcounter4,normal,seed13,218,11.0
hpmcounter4,normal,seed13,219,11.0
hpmcounter4,normal,seed13,220,11.0
hpmcounter4,normal,seed13,221,11.0
hpmcounter4,normal,seed13,222,11.0
hpmcounter4,normal,seed13,223,11.0
hpmcounter4,normal,seed13,224,11.0
hpmcounter4,normal,seed13,225,11.0
hpmcounter4,normal,seed13,226,11.0
hpmcounter4,normal,seed13,227,11.0
hpmcounter4,normal,seed13,228,11.0
hpmcounter4,normal,seed13,229,11.0
hpmcounter4,normal,seed13,230,11.0
hpmcounter4,normal,seed13,231,11.0
hpmcounter4,normal,seed13,232,11.0
hpmcounter4,normal,seed13,233,11.0
hpmcounter4,normal,seed13,234,11.0
hpmcounter4,normal,seed13,235,11.0
hpmcounter4,normal,seed13,236,11.0
hpmcounter4,normal,seed13,237,11.0
hpmcounter4,normal,seed13,238,11.0
hpmcounter4,normal,seed13,239,11.0
hpmcounter4,normal,seed13,240,11.0
hpmcounter4,normal,seed13,241,11.0
hpmcounter4,normal,seed13,242,11.0
hpmcounter4,normal,seed13,243,11.0
hpmcounter4,normal,seed13,244,11.0
hpmcounter4,normal,seed13,245,11.0
hpmcounter4,normal,seed13,246,11.0
hpmcounter4,normal,seed13,247,11.0
hpmcounter4,normal,seed13,248,11.0
hpmcounter4,normal,seed13,249,11.0
hpmcounter4,normal,seed13,250,11.0
hpmcounter4,normal,seed13,251,11.0
hpmcounter4,normal,seed13,252,11.0
hpmcounter4,normal,seed13,253,11.0
hpmcounter4,normal,seed13,254,11.0
hpmcounter4,normal,seed13,255,11.0
hpmcounter4,normal,seed13,256,11.0
hpmcounter4,normal,seed13,257,11.0
hpmcounter4,normal,seed13,258,11.0
hpmcounter4,normal,seed13,259,11.0
hpmcounter4,normal,seed13,260,11.0
hpmcounter4,normal,seed13,261,11.0
hpmcounter4,normal,seed13,262,11.0
hpmcounter4,normal,seed13,263,11.0
hpmcounter4,normal,seed13,264,11.0
hpmcounter4,normal,seed13,265,11.0
hpmcounter4,normal,seed13,266,11.0
hpmcounter4,normal,seed13,267,11.0
hpmcounter4,normal,seed13,268,11.0
hpmcounter4,normal,seed13,269,11.0
hpmcounter4,normal,seed13,270,11.0
hpmcounter4,normal,seed13,271,11.0
hpmcounter4,normal,seed13,272,11.0
hpmcounter4,normal,seed13,273,11.0
hpmcounter4,normal,seed13,274,11.0
hpmcounter4,normal,seed13,275,11.0
hpmcounter4,normal,seed13,276,11.0
hpmcounter4,normal,seed13,277,11.0
hpmcounter4,normal,seed13,278,11.0
hpmcounter4,normal,seed13,279,11.0
hpmcounter4,normal,seed13,280,11.0
hpmcounter4,normal,seed13,281,11.0
hpmcounter4,normal,seed13,282,11.0
hpmcounter4,normal,seed13,283,11.0
hpmcounter4,normal,seed13,284,11.0
hpmcounter4,normal,seed13,285,11.0
hpmcounter4,normal,seed13,286,11.0
hpmcounter4,normal,seed13,287,11.0
hpmcounter4,normal,seed13,288,11.0
hpmcounter4,normal,seed13,289,11.0
hpmcounter4,normal,seed13,290,11.0
hpmcounter4,normal,seed13,291,11.0
hpmcounter4,normal,seed13,292,11.0
hpmcounter4,normal,seed13,293,11.0
hpmcounter4,normal,seed13,294,11.0
hpmcounter4,normal,seed13,295,11.0
hpmcounter4,normal,seed13,296,11.0
hpmcounter4,normal,seed13,297,11.0
hpmcounter4,normal,seed13,298,11.545454545454545
hpmcounter4,normal,seed14,9,11.0
hpmcounter4,normal,seed14,10,11.0
hpmcounter4,normal,seed14,11,11.0
hpmcounter4,normal,seed14,12,11.0
hpmcounter4,normal,seed14,13,11.0
hpmcounter4,normal,seed14,14,11.0
hpmcounter4,normal,seed14,15,11.0
hpmcounter4,normal,seed14,16,11.0
hpmcounter4,normal,seed14,17,11.0
hpmcounter4,normal,seed14,18,11.0
hpmcounter4,normal,seed14,19,11.0
hpmcounter4,normal,seed14,20,11.0
hpmcounter4,normal,seed14,21,11.0
hpmcounter4,normal,seed14,22,11.0
hpmcounter4,normal,seed14,23,11.0
hpmcounter4,normal,seed14,24,11.0
hpmcounter4,normal,seed14,25,11.0
hpmcounter4,normal,seed14,26,11.0
hpmcounter4,normal,seed14,27,11.0
hpmcounter4,normal,seed14,28,11.0
hpmcounter4,normal,seed14,29,11.0
hpmcounter4,normal,seed14,30,11.0
hpmcounter4,normal,seed14,31,11.0
hpmcounter4,normal,seed14,32,11.0
hpmcounter4,normal,seed14,33,11.0
hpmcounter4,normal,seed14,34,11.0
hpmcounter4,normal,seed14,35,11.0
hpmcounter4,normal,seed14,36,11.0
hpmcounter4,normal,seed14,37,11.0
hpmcounter4,normal,seed14,38,11.0
hpmcounter4,normal,seed14,39,11.0
hpmcounter4,normal,seed14,40,11.0
hpmcounter4,normal,seed14,41,11.0
hpmcounter4,normal,seed14,42,11.0
hpmcounter4,normal,seed14,43,11.0
hpmcounter4,normal,seed14,44,11.0
hpmcounter4,normal,seed14,45,11.0
hpmcounter4,normal,seed14,46,11.0
hpmcounter4,normal,seed14,47,11.0
hpmcounter4,normal,seed14,48,11.0
hpmcounter4,normal,seed14,49,11.0
hpmcounter4,normal,seed14,50,11.0
hpmcounter4,normal,seed14,51,11.0
hpmcounter4,normal,seed14,52,11.0
hpmcounter4,normal,seed14,53,11.0
hpmcounter4,normal,seed14,54,11.0
hpmcounter4,normal,seed14,55,11.0
hpmcounter4,normal,seed14,56,11.0
hpmcounter4,normal,seed14,57,11.0
hpmcounter4,normal,seed14,58,11.0
hpmcounter4,normal,seed14,59,11.0
hpmcounter4,normal,seed14,60,11.0
hpmcounter4,normal,seed14,61,11.0
hpmcounter4,normal,seed14,62,11.0
hpmcounter4,normal,seed14,63,11.0
hpmcounter4,normal,seed14,64,11.0
hpmcounter4,normal,seed14,65,11.0
hpmcounter4,normal,seed14,66,11.0
hpmcounter4,normal,seed14,67,11.545454545454545
hpmcounter4,normal,seed14,68,12.515151515151516
hpmcounter4,normal,seed14,69,13.787878787878787
hpmcounter4,normal,seed14,70,15.242424242424242
hpmcounter4,normal,seed14,71,16.21212121212121
hpmcounter4,normal,seed14,72,17.242424242424242
hpmcounter4,normal,seed14,73,17.666666666666668
hpmcounter4,normal,seed14,74,17.484848484848484
hpmcounter4,normal,seed14,75,16.696969696969695
hpmcounter4,normal,seed14,76,15.303030303030303
hpmcounter4,normal,seed14,77,13.969696969696969
hpmcounter4,normal,seed14,78,12.818181818181818
hpmcounter4,normal,seed14,79,11.969696969696969
hpmcounter4,normal,seed14,80,11.545454545454545
hpmcounter4,normal,seed14,81,11.0
hpmcounter4,normal,seed14,82,11.0
hpmcounter4,normal,seed14,83,11.0
hpmcounter4,normal,seed14,84,11.0
hpmcounter4,normal,seed14,85,11.0
hpmcounter4,normal,seed14,86,11.0
hpmcounter4,normal,seed14,87,11.0
hpmcounter4,normal,seed14,88,11.0
hpmcounter4,normal,seed14,89,11.0
hpmcounter4,normal,seed14,90,11.0
hpmcounter4,normal,seed14,91,11.0
hpmcounter4,normal,seed14,92,11.0
hpmcounter4,normal,seed14,93,11.0
hpmcounter4,normal,seed14,94,11.0
hpmcounter4,normal,seed14,95,11.0
hpmcounter4,normal,seed14,96,11.0
hpmcounter4,normal,seed14,97,11.0
hpmcounter4,normal,seed14,98,11.0
hpmcounter4,normal,seed14,99,11.0
hpmcounter4,normal,seed14,100,11.0
hpmcounter4,normal,seed14,101,11.0
hpmcounter4,normal,seed14,102,11.0
hpmcounter4,normal,seed14,103,11.0
hpmcounter4,normal,seed14,104,11.0
hpmcounter4,normal,seed14,105,11.0
hpmcounter4,normal,seed14,106,11.0
hpmcounter4,normal,seed14,107,11.0
hpmcounter4,normal,seed14,108,11.0
hpmcounter4,normal,seed14,109,11.0
hpmcounter4,normal,seed14,110,11.0
hpmcounter4,normal,seed14,111,11.0
hpmcounter4,normal,seed14,112,11.0
hpmcounter4,normal,seed14,113,11.0
hpmcounter4,normal,seed14,114,11.0
hpmcounter4,normal,seed14,115,11.0
hpmcounter4,normal,seed14,116,11.0
hpmcounter4,normal,seed14,117,11.0
hpmcounter4,normal,seed14,118,11.0
hpmcounter4,normal,seed14,119,11.0
hpmcounter4,normal,seed14,120,11.0
hpmcounter4,normal,seed14,121,11.0
hpmcounter4,normal,seed14,122,11.0
hpmcounter4,normal,seed14,123,11.0
hpmcounter4,normal,seed14,124,11.0
hpmcounter4,normal,seed14,125,11.0
hpmcounter4,normal,seed14,126,11.0
hpmcounter4,normal,seed14,127,11.0
hpmcounter4,normal,seed14,128,11.0
hpmcounter4,normal,seed14,129,11.0
hpmcounter4,normal,seed14,130,11.0
hpmcounter4,normal,seed14,131,11.0
hpmcounter4,normal,seed14,132,11.0
hpmcounter4,normal,seed14,133,11.545454545454545
hpmcounter4,normal,seed14,134,11.969696969696969
hpmcounter4,normal,seed14,135,12.272727272727273
hpmcounter4,normal,seed14,136,12.454545454545455
hpmcounter4,normal,seed14,137,12.515151515151516
hpmcounter4,normal,seed14,138,12.454545454545455
hpmcounter4,normal,seed14,139,12.272727272727273
hpmcounter4,normal,seed14,140,11.969696969696969
hpmcounter4,normal,seed14,141,11.545454545454545
hpmcounter4,normal,seed14,142,11.0
hpmcounter4,normal,seed14,143,11.0
hpmcounter4,normal,seed14,144,11.0
hpmcounter4,normal,seed14,145,11.0
hpmcounter4,normal,seed14,146,11.0
hpmcounter4,normal,seed14,147,11.0
hpmcounter4,normal,seed14,148,11.0
hpmcounter4,normal,seed14,149,11.0
hpmcounter4,normal,seed14,150,11.0
hpmcounter4,normal,seed14,151,11.0
hpmcounter4,normal,seed14,152,11.0
hpmcounter4,normal,seed14,153,11.0
hpmcounter4,normal,seed14,154,11.0
hpmcounter4,normal,seed14,155,11.545454545454545
hpmcounter4,normal,seed14,156,12.515151515151516
hpmcounter4,normal,seed14,157,13.787878787878787
hpmcounter4,normal,seed14,158,15.242424242424242
hpmcounter4,normal,seed14,159,16.21212121212121
hpmcounter4,normal,seed14,160,16.696969696969695
hpmcounter4,normal,seed14,161,16.696969696969695
hpmcounter4,normal,seed14,162,16.21212121212121
hpmcounter4,normal,seed14,163,15.242424242424242
hpmcounter4,normal,seed14,164,13.787878787878787
hpmcounter4,normal,seed14,165,12.515151515151516
hpmcounter4,normal,seed14,166,11.545454545454545
hpmcounter4,normal,seed14,167,11.0
hpmcounter4,normal,seed14,168,11.0
hpmcounter4,normal,seed14,169,11.0
hpmcounter4,normal,seed14,170,11.0
hpmcounter4,normal,seed14,171,11.0
hpmcounter4,normal,seed14,172,11.0
hpmcounter4,normal,seed14,173,11.0
hpmcounter4,normal,seed14,174,11.0
hpmcounter4,normal,seed14,175,11.0
hpmcounter4,normal,seed14,176,11.0
hpmcounter4,normal,seed14,177,11.0
hpmcounter4,normal,seed14,178,11.0
hpmcounter4,normal,seed14,179,11.0
hpmcounter4,normal,seed14,180,11.0
hpmcounter4,normal,seed14,181,11.0
hpmcounter4,normal,seed14,182,11.0
hpmcounter4,normal,seed14,183,11.0
hpmcounter4,normal,seed14,184,11.545454545454545
hpmcounter4,normal,seed14,185,12.515151515151516
hpmcounter4,normal,seed14,186,13.787878787878787
hpmcounter4,normal,seed14,187,15.242424242424242
hpmcounter4,normal,seed14,188,16.757575757575758
hpmcounter4,normal,seed14,189,18.21212121212121
hpmcounter4,normal,seed14,190,18.939393939393938
hpmcounter4,normal,seed14,191,18.939393939393938
hpmcounter4,normal,seed14,192,18.21212121212121
hpmcounter4,normal,seed14,193,16.757575757575758
hpmcounter4,normal,seed14,194,15.242424242424242
hpmcounter4,normal,seed14,195,13.787878787878787
hpmcounter4,normal,seed14,196,12.515151515151516
hpmcounter4,normal,seed14,197,11.545454545454545
hpmcounter4,normal,seed14,198,11.0
hpmcounter4,normal,seed14,199,11.0
hpmcounter4,normal,seed14,200,11.0
hpmcounter4,normal,seed14,201,11.0
hpmcounter4,normal,seed14,202,11.0
hpmcounter4,normal,seed14,203,11.0
hpmcounter4,normal,seed14,204,11.0
hpmcounter4,normal,seed14,205,11.0
hpmcounter4,normal,seed14,206,11.0
hpmcounter4,normal,seed14,207,11.0
hpmcounter4,normal,seed14,208,11.0
hpmcounter4,normal,seed14,209,11.0
hpmcounter4,normal,seed14,210,11.0
hpmcounter4,normal,seed14,211,11.0
hpmcounter4,normal,seed14,212,11.0
hpmcounter4,normal,seed14,213,11.0
hpmcounter4,normal,seed14,214,11.0
hpmcounter4,normal,seed14,215,11.0
hpmcounter4,normal,seed14,216,11.0
hpmcounter4,normal,seed14,217,11.0
hpmcounter4,normal,seed14,218,11.0
hpmcounter4,normal,seed14,219,11.0
hpmcounter4,normal,seed14,220,11.0
hpmcounter4,normal,seed14,221,11.0
hpmcounter4,normal,seed14,222,11.0
hpmcounter4,normal,seed14,223,11.0
hpmcounter4,normal,seed14,224,11.0
hpmcounter4,normal,seed14,225,11.0
hpmcounter4,normal,seed14,226,11.0
hpmcounter4,normal,seed14,227,11.0
hpmcounter4,normal,seed14,228,11.0
hpmcounter4,normal,seed14,229,11.0
hpmcounter4,normal,seed14,230,11.0
hpmcounter4,normal,seed14,231,11.0
hpmcounter4,normal,seed14,232,11.0
hpmcounter4,normal,seed14,233,11.0
hpmcounter4,normal,seed14,234,11.0
hpmcounter4,normal,seed14,235,11.0
hpmcounter4,normal,seed14,236,11.0
hpmcounter4,normal,seed14,237,11.0
hpmcounter4,normal,seed14,238,11.0
hpmcounter4,normal,seed14,239,11.0
hpmcounter4,normal,seed14,240,11.0
hpmcounter4,normal,seed14,241,11.0
hpmcounter4,normal,seed14,242,11.0
hpmcounter4,normal,seed14,243,11.0
hpmcounter4,normal,seed14,244,11.0
hpmcounter4,normal,seed14,245,11.0
hpmcounter4,normal,seed14,246,11.0
hpmcounter4,normal,seed14,247,11.0
hpmcounter4,normal,seed14,248,11.0
hpmcounter4,normal,seed14,249,11.0
hpmcounter4,normal,seed14,250,11.0
hpmcounter4,normal,seed14,251,11.0
hpmcounter4,normal,seed14,252,11.0
hpmcounter4,normal,seed14,253,11.0
hpmcounter4,normal,seed14,254,11.0
hpmcounter4,normal,seed14,255,11.0
hpmcounter4,normal,seed14,256,11.0
hpmcounter4,normal,seed14,257,11.0
hpmcounter4,normal,seed14,258,11.0
hpmcounter4,normal,seed14,259,11.0
hpmcounter4,normal,seed14,260,11.0
hpmcounter4,normal,seed14,261,11.0
hpmcounter4,normal,seed14,262,11.0
hpmcounter4,normal,seed14,263,11.0
hpmcounter4,normal,seed14,264,11.0
hpmcounter4,normal,seed14,265,11.0
hpmcounter4,normal,seed14,266,11.0
hpmcounter4,normal,seed14,267,11.0
hpmcounter4,normal,seed14,268,11.0
hpmcounter4,normal,seed14,269,11.0
hpmcounter4,normal,seed14,270,11.0
hpmcounter4,normal,seed14,271,11.0
hpmcounter4,normal,seed14,272,11.0
hpmcounter4,normal,seed14,273,11.0
hpmcounter4,normal,seed14,274,11.0
hpmcounter4,normal,seed14,275,11.0
hpmcounter4,normal,seed14,276,11.0
hpmcounter4,normal,seed14,277,11.0
hpmcounter4,normal,seed14,278,11.0
hpmcounter4,normal,seed14,279,11.0
hpmcounter4,normal,seed14,280,11.0
hpmcounter4,normal,seed14,281,11.0
hpmcounter4,normal,seed14,282,11.0
hpmcounter4,normal,seed14,283,11.0
hpmcounter4,normal,seed14,284,11.0
hpmcounter4,normal,seed14,285,11.0
hpmcounter4,normal,seed14,286,11.0
hpmcounter4,normal,seed14,287,11.0
hpmcounter4,normal,seed14,288,11.0
hpmcounter4,normal,seed14,289,11.0
hpmcounter4,normal,seed14,290,11.0
hpmcounter4,normal,seed14,291,11.0
hpmcounter4,normal,seed14,292,11.0
hpmcounter4,normal,seed14,293,11.0
hpmcounter4,normal,seed14,294,11.0
hpmcounter4,normal,seed14,295,11.0
hpmcounter4,normal,seed14,296,11.0
hpmcounter4,normal,seed14,297,11.0
hpmcounter4,normal,seed14,298,11.0
hpmcounter4,normal,seed15,9,18.21212121212121
hpmcounter4,normal,seed15,10,18.939393939393938
hpmcounter4,normal,seed15,11,19.484848484848484
hpmcounter4,normal,seed15,12,19.727272727272727
hpmcounter4,normal,seed15,13,19.545454545454547
hpmcounter4,normal,seed15,14,19.484848484848484
hpmcounter4,normal,seed15,15,19.545454545454547
hpmcounter4,normal,seed15,16,19.181818181818183
hpmcounter4,normal,seed15,17,18.515151515151516
hpmcounter4,normal,seed15,18,17.666666666666668
hpmcounter4,normal,seed15,19,16.757575757575758
hpmcounter4,normal,seed15,20,15.242424242424242
hpmcounter4,normal,seed15,21,13.787878787878787
hpmcounter4,normal,seed15,22,12.515151515151516
hpmcounter4,normal,seed15,23,11.545454545454545
hpmcounter4,normal,seed15,24,11.0
hpmcounter4,normal,seed15,25,11.0
hpmcounter4,normal,seed15,26,11.0
hpmcounter4,normal,seed15,27,11.0
hpmcounter4,normal,seed15,28,11.0
hpmcounter4,normal,seed15,29,11.0
hpmcounter4,normal,seed15,30,11.0
hpmcounter4,normal,seed15,31,11.0
hpmcounter4,normal,seed15,32,11.0
hpmcounter4,normal,seed15,33,11.0
hpmcounter4,normal,seed15,34,11.0
hpmcounter4,normal,seed15,35,11.0
hpmcounter4,normal,seed15,36,11.0
hpmcounter4,normal,seed15,37,11.0
hpmcounter4,normal,seed15,38,11.0
hpmcounter4,normal,seed15,39,11.0
hpmcounter4,normal,seed15,40,11.0
hpmcounter4,normal,seed15,41,11.0
hpmcounter4,normal,seed15,42,11.0
hpmcounter4,normal,seed15,43,11.0
hpmcounter4,normal,seed15,44,11.0
hpmcounter4,normal,seed15,45,11.0
hpmcounter4,normal,seed15,46,11.0
hpmcounter4,normal,seed15,47,11.0
hpmcounter4,normal,seed15,48,11.0
hpmcounter4,normal,seed15,49,11.0
hpmcounter4,normal,seed15,50,11.0
hpmcounter4,normal,seed15,51,11.0
hpmcounter4,normal,seed15,52,11.0
hpmcounter4,normal,seed15,53,11.0
hpmcounter4,normal,seed15,54,11.0
hpmcounter4,normal,seed15,55,11.0
hpmcounter4,normal,seed15,56,11.545454545454545
hpmcounter4,normal,seed15,57,12.515151515151516
hpmcounter4,normal,seed15,58,13.242424242424242
hpmcounter4,normal,seed15,59,14.272727272727273
hpmcounter4,normal,seed15,60,15.484848484848484
hpmcounter4,normal,seed15,61,16.757575757575758
hpmcounter4,normal,seed15,62,17.96969696969697
hpmcounter4,normal,seed15,63,19.0
hpmcounter4,normal,seed15,64,19.181818181818183
hpmcounter4,normal,seed15,65,19.060606060606062
hpmcounter4,normal,seed15,66,18.636363636363637
hpmcounter4,normal,seed15,67,18.03030303030303
hpmcounter4,normal,seed15,68,16.696969696969695
hpmcounter4,normal,seed15,69,15.303030303030303
hpmcounter4,normal,seed15,70,13.969696969696969
hpmcounter4,normal,seed15,71,12.818181818181818
hpmcounter4,normal,seed15,72,11.969696969696969
hpmcounter4,normal,seed15,73,12.090909090909092
hpmcounter4,normal,seed15,74,12.515151515151516
hpmcounter4,normal,seed15,75,13.242424242424242
hpmcounter4,normal,seed15,76,13.727272727272727
hpmcounter4,normal,seed15,77,13.969696969696969
hpmcounter4,normal,seed15,78,13.969696969696969
hpmcounter4,normal,seed15,79,13.727272727272727
hpmcounter4,normal,seed15,80,13.242424242424242
hpmcounter4,normal,seed15,81,12.515151515151516
hpmcounter4,normal,seed15,82,11.545454545454545
hpmcounter4,normal,seed15,83,11.0
hpmcounter4,normal,seed15,84,11.0
hpmcounter4,normal,seed15,85,11.0
hpmcounter4,normal,seed15,86,11.0
hpmcounter4,normal,seed15,87,11.0
hpmcounter4,normal,seed15,88,11.0
hpmcounter4,normal,seed15,89,11.0
hpmcounter4,normal,seed15,90,11.0
hpmcounter4,normal,seed15,91,11.0
hpmcounter4,normal,seed15,92,11.0
hpmcounter4,normal,seed15,93,11.0
hpmcounter4,normal,seed15,94,11.0
hpmcounter4,normal,seed15,95,11.0
hpmcounter4,normal,seed15,96,11.0
hpmcounter4,normal,seed15,97,11.0
hpmcounter4,normal,seed15,98,11.0
hpmcounter4,normal,seed15,99,11.0
hpmcounter4,normal,seed15,100,11.0
hpmcounter4,normal,seed15,101,11.0
hpmcounter4,normal,seed15,102,11.0
hpmcounter4,normal,seed15,103,11.0
hpmcounter4,normal,seed15,104,11.0
hpmcounter4,normal,seed15,105,11.0
hpmcounter4,normal,seed15,106,11.0
hpmcounter4,normal,seed15,107,11.0
hpmcounter4,normal,seed15,108,11.0
hpmcounter4,normal,seed15,109,11.0
hpmcounter4,normal,seed15,110,11.0
hpmcounter4,normal,seed15,111,11.0
hpmcounter4,normal,seed15,112,11.0
hpmcounter4,normal,seed15,113,11.0
hpmcounter4,normal,seed15,114,11.0
hpmcounter4,normal,seed15,115,11.0
hpmcounter4,normal,seed15,116,11.0
hpmcounter4,normal,seed15,117,11.0
hpmcounter4,normal,seed15,118,11.0
hpmcounter4,normal,seed15,119,11.0
hpmcounter4,normal,seed15,120,11.0
hpmcounter4,normal,seed15,121,11.0
hpmcounter4,normal,seed15,122,11.0
hpmcounter4,normal,seed15,123,11.0
hpmcounter4,normal,seed15,124,11.545454545454545
hpmcounter4,normal,seed15,125,11.969696969696969
hpmcounter4,normal,seed15,126,12.272727272727273
hpmcounter4,normal,seed15,127,12.454545454545455
hpmcounter4,normal,seed15,128,12.515151515151516
hpmcounter4,normal,seed15,129,12.454545454545455
hpmcounter4,normal,seed15,130,12.272727272727273
hpmcounter4,normal,seed15,131,11.969696969696969
hpmcounter4,normal,seed15,132,11.545454545454545
hpmcounter4,normal,seed15,133,11.0
hpmcounter4,normal,seed15,134,11.0
hpmcounter4,normal,seed15,135,11.0
hpmcounter4,normal,seed15,136,11.0
hpmcounter4,normal,seed15,137,11.0
hpmcounter4,normal,seed15,138,11.0
hpmcounter4,normal,seed15,139,11.0
hpmcounter4,normal,seed15,140,11.545454545454545
hpmcounter4,normal,seed15,141,12.515151515151516
hpmcounter4,normal,seed15,142,13.787878787878787
hpmcounter4,normal,seed15,143,15.242424242424242
hpmcounter4,normal,seed15,144,16.757575757575758
hpmcounter4,normal,seed15,145,18.21212121212121
hpmcounter4,normal,seed15,146,19.484848484848484
hpmcounter4,normal,seed15,147,20.454545454545453
hpmcounter4,normal,seed15,148,21.0
hpmcounter4,normal,seed15,149,21.0
hpmcounter4,normal,seed15,150,20.454545454545453
hpmcounter4,normal,seed15,151,19.484848484848484
hpmcounter4,normal,seed15,152,18.21212121212121
hpmcounter4,normal,seed15,153,16.757575757575758
hpmcounter4,normal,seed15,154,15.242424242424242
hpmcounter4,normal,seed15,155,13.787878787878787
hpmcounter4,normal,seed15,156,12.515151515151516
hpmcounter4,normal,seed15,157,11.545454545454545
hpmcounter4,normal,seed15,158,11.0
hpmcounter4,normal,seed15,159,11.0
hpmcounter4,normal,seed15,160,11.0
hpmcounter4,normal,seed15,161,11.0
hpmcounter4,normal,seed15,162,11.0
hpmcounter4,normal,seed15,163,11.0
hpmcounter4,normal,seed15,164,11.0
hpmcounter4,normal,seed15,165,11.0
hpmcounter4,normal,seed15,166,11.545454545454545
hpmcounter4,normal,seed15,167,11.969696969696969
hpmcounter4,normal,seed15,168,12.272727272727273
hpmcounter4,normal,seed15,169,12.454545454545455
hpmcounter4,normal,seed15,170,12.515151515151516
hpmcounter4,normal,seed15,171,12.454545454545455
hpmcounter4,normal,seed15,172,12.272727272727273
hpmcounter4,normal,seed15,173,11.969696969696969
hpmcounter4,normal,seed15,174,11.545454545454545
hpmcounter4,normal,seed15,175,11.0
hpmcounter4,normal,seed15,176,11.0
hpmcounter4,normal,seed15,177,11.0
hpmcounter4,normal,seed15,178,11.0
hpmcounter4,normal,seed15,179,11.0
hpmcounter4,normal,seed15,180,11.0
hpmcounter4,normal,seed15,181,11.0
hpmcounter4,normal,seed15,182,11.0
hpmcounter4,normal,seed15,183,11.0
hpmcounter4,normal,seed15,184,11.0
hpmcounter4,normal,seed15,185,11.0
hpmcounter4,normal,seed15,186,11.0
hpmcounter4,normal,seed15,187,11.0
hpmcounter4,normal,seed15,188,11.0
hpmcounter4,normal,seed15,189,11.0
hpmcounter4,normal,seed15,190,11.0
hpmcounter4,normal,seed15,191,11.0
hpmcounter4,normal,seed15,192,11.0
hpmcounter4,normal,seed15,193,11.0
hpmcounter4,normal,seed15,194,11.0
hpmcounter4,normal,seed15,195,11.0
hpmcounter4,normal,seed15,196,11.0
hpmcounter4,normal,seed15,197,11.0
hpmcounter4,normal,seed15,198,11.0
hpmcounter4,normal,seed15,199,11.0
hpmcounter4,normal,seed15,200,11.0
hpmcounter4,normal,seed15,201,11.0
hpmcounter4,normal,seed15,202,11.0
hpmcounter4,normal,seed15,203,11.0
hpmcounter4,normal,seed15,204,11.0
hpmcounter4,normal,seed15,205,11.0
hpmcounter4,normal,seed15,206,11.0
hpmcounter4,normal,seed15,207,11.0
hpmcounter4,normal,seed15,208,11.0
hpmcounter4,normal,seed15,209,11.0
hpmcounter4,normal,seed15,210,11.0
hpmcounter4,normal,seed15,211,11.0
hpmcounter4,normal,seed15,212,11.0
hpmcounter4,normal,seed15,213,11.0
hpmcounter4,normal,seed15,214,11.0
hpmcounter4,normal,seed15,215,11.0
hpmcounter4,normal,seed15,216,11.0
hpmcounter4,normal,seed15,217,11.0
hpmcounter4,normal,seed15,218,11.0
hpmcounter4,normal,seed15,219,11.0
hpmcounter4,normal,seed15,220,11.0
hpmcounter4,normal,seed15,221,11.0
hpmcounter4,normal,seed15,222,11.0
hpmcounter4,normal,seed15,223,11.0
hpmcounter4,normal,seed15,224,11.0
hpmcounter4,normal,seed15,225,11.0
hpmcounter4,normal,seed15,226,11.0
hpmcounter4,normal,seed15,227,11.0
hpmcounter4,normal,seed15,228,11.0
hpmcounter4,normal,seed15,229,11.0
hpmcounter4,normal,seed15,230,11.0
hpmcounter4,normal,seed15,231,11.0
hpmcounter4,normal,seed15,232,11.0
hpmcounter4,normal,seed15,233,11.0
hpmcounter4,normal,seed15,234,11.0
hpmcounter4,normal,seed15,235,11.0
hpmcounter4,normal,seed15,236,11.0
hpmcounter4,normal,seed15,237,11.0
hpmcounter4,normal,seed15,238,11.0
hpmcounter4,normal,seed15,239,11.0
hpmcounter4,normal,seed15,240,11.0
hpmcounter4,normal,seed15,241,11.0
hpmcounter4,normal,seed15,242,11.0
hpmcounter4,normal,seed15,243,11.0
hpmcounter4,normal,seed15,244,11.0
hpmcounter4,normal,seed15,245,11.0
hpmcounter4,normal,seed15,246,11.0
hpmcounter4,normal,seed15,247,11.0
hpmcounter4,normal,seed15,248,11.0
hpmcounter4,normal,seed15,249,11.0
hpmcounter4,normal,seed15,250,11.0
hpmcounter4,normal,seed15,251,11.0
hpmcounter4,normal,seed15,252,11.0
hpmcounter4,normal,seed15,253,11.0
hpmcounter4,normal,seed15,254,11.0
hpmcounter4,normal,seed15,255,11.0
hpmcounter4,normal,seed15,256,11.0
hpmcounter4,normal,seed15,257,11.0
hpmcounter4,normal,seed15,258,11.0
hpmcounter4,normal,seed15,259,11.0
hpmcounter4,normal,seed15,260,11.0
hpmcounter4,normal,seed15,261,11.0
hpmcounter4,normal,seed15,262,11.0
hpmcounter4,normal,seed15,263,11.0
hpmcounter4,normal,seed15,264,11.0
hpmcounter4,normal,seed15,265,11.0
hpmcounter4,normal,seed15,266,11.0
hpmcounter4,normal,seed15,267,11.0
hpmcounter4,normal,seed15,268,11.0
hpmcounter4,normal,seed15,269,11.0
hpmcounter4,normal,seed15,270,11.0
hpmcounter4,normal,seed15,271,11.0
hpmcounter4,normal,seed15,272,11.0
hpmcounter4,normal,seed15,273,11.0
hpmcounter4,normal,seed15,274,11.0
hpmcounter4,normal,seed15,275,11.0
hpmcounter4,normal,seed15,276,11.0
hpmcounter4,normal,seed15,277,11.0
hpmcounter4,normal,seed15,278,11.0
hpmcounter4,normal,seed15,279,11.0
hpmcounter4,normal,seed15,280,11.0
hpmcounter4,normal,seed15,281,11.0
hpmcounter4,normal,seed15,282,11.0
hpmcounter4,normal,seed15,283,11.0
hpmcounter4,normal,seed15,284,11.0
hpmcounter4,normal,seed15,285,11.0
hpmcounter4,normal,seed15,286,11.0
hpmcounter4,normal,seed15,287,11.0
hpmcounter4,normal,seed15,288,11.0
hpmcounter4,normal,seed15,289,11.0
hpmcounter4,normal,seed15,290,11.0
hpmcounter4,normal,seed15,291,11.0
hpmcounter4,normal,seed15,292,11.0
hpmcounter4,normal,seed15,293,11.0
hpmcounter4,normal,seed15,294,11.0
hpmcounter4,normal,seed15,295,11.0
hpmcounter4,normal,seed15,296,11.0
hpmcounter4,normal,seed15,297,11.0
hpmcounter4,normal,seed15,298,11.0
hpmcounter4,normal,seed16,9,11.0
hpmcounter4,normal,seed16,10,11.0
hpmcounter4,normal,seed16,11,11.0
hpmcounter4,normal,seed16,12,11.0
hpmcounter4,normal,seed16,13,11.0
hpmcounter4,normal,seed16,14,11.0
hpmcounter4,normal,seed16,15,11.0
hpmcounter4,normal,seed16,16,11.0
hpmcounter4,normal,seed16,17,11.0
hpmcounter4,normal,seed16,18,11.0
hpmcounter4,normal,seed16,19,11.0
hpmcounter4,normal,seed16,20,11.0
hpmcounter4,normal,seed16,21,11.0
hpmcounter4,normal,seed16,22,11.0
hpmcounter4,normal,seed16,23,11.0
hpmcounter4,normal,seed16,24,11.0
hpmcounter4,normal,seed16,25,11.0
hpmcounter4,normal,seed16,26,11.0
hpmcounter4,normal,seed16,27,11.0
hpmcounter4,normal,seed16,28,11.0
hpmcounter4,normal,seed16,29,11.0
hpmcounter4,normal,seed16,30,11.0
hpmcounter4,normal,seed16,31,11.0
hpmcounter4,normal,seed16,32,11.0
hpmcounter4,normal,seed16,33,11.0
hpmcounter4,normal,seed16,34,11.0
hpmcounter4,normal,seed16,35,11.0
hpmcounter4,normal,seed16,36,11.0
hpmcounter4,normal,seed16,37,11.0
hpmcounter4,normal,seed16,38,11.0
hpmcounter4,normal,seed16,39,11.0
hpmcounter4,normal,seed16,40,11.0
hpmcounter4,normal,seed16,41,11.0
hpmcounter4,normal,seed16,42,11.0
hpmcounter4,normal,seed16,43,11.0
hpmcounter4,normal,seed16,44,11.0
hpmcounter4,normal,seed16,45,11.0
hpmcounter4,normal,seed16,46,11.0
hpmcounter4,normal,seed16,47,11.0
hpmcounter4,normal,seed16,48,11.0
hpmcounter4,normal,seed16,49,11.0
hpmcounter4,normal,seed16,50,11.0
hpmcounter4,normal,seed16,51,11.0
hpmcounter4,normal,seed16,52,11.0
hpmcounter4,normal,seed16,53,11.0
hpmcounter4,normal,seed16,54,11.0
hpmcounter4,normal,seed16,55,11.0
hpmcounter4,normal,seed16,56,11.0
hpmcounter4,normal,seed16,57,11.0
hpmcounter4,normal,seed16,58,11.0
hpmcounter4,normal,seed16,59,11.0
hpmcounter4,normal,seed16,60,11.0
hpmcounter4,normal,seed16,61,11.0
hpmcounter4,normal,seed16,62,11.0
hpmcounter4,normal,seed16,63,11.0
hpmcounter4,normal,seed16,64,11.0
hpmcounter4,normal,seed16,65,11.0
hpmcounter4,normal,seed16,66,11.0
hpmcounter4,normal,seed16,67,11.0
hpmcounter4,normal,seed16,68,11.0
hpmcounter4,normal,seed16,69,11.0
hpmcounter4,normal,seed16,70,11.0
hpmcounter4,normal,seed16,71,11.0
hpmcounter4,normal,seed16,72,11.0
hpmcounter4,normal,seed16,73,11.0
hpmcounter4,normal,seed16,74,11.0
hpmcounter4,normal,seed16,75,11.0
hpmcounter4,normal,seed16,76,11.0
hpmcounter4,normal,seed16,77,11.0
hpmcounter4,normal,seed16,78,11.0
hpmcounter4,normal,seed16,79,11.0
hpmcounter4,normal,seed16,80,11.0
hpmcounter4,normal,seed16,81,11.0
hpmcounter4,normal,seed16,82,11.0
hpmcounter4,normal,seed16,83,11.0
hpmcounter4,normal,seed16,84,11.0
hpmcounter4,normal,seed16,85,11.0
hpmcounter4,normal,seed16,86,11.0
hpmcounter4,normal,seed16,87,11.0
hpmcounter4,normal,seed16,88,11.0
hpmcounter4,normal,seed16,89,11.0
hpmcounter4,normal,seed16,90,11.0
hpmcounter4,normal,seed16,91,11.0
hpmcounter4,normal,seed16,92,11.0
hpmcounter4,normal,seed16,93,11.0
hpmcounter4,normal,seed16,94,11.0
hpmcounter4,normal,seed16,95,11.0
hpmcounter4,normal,seed16,96,11.0
hpmcounter4,normal,seed16,97,11.0
hpmcounter4,normal,seed16,98,11.0
hpmcounter4,normal,seed16,99,11.0
hpmcounter4,normal,seed16,100,11.0
hpmcounter4,normal,seed16,101,11.0
hpmcounter4,normal,seed16,102,11.0
hpmcounter4,normal,seed16,103,11.0
hpmcounter4,normal,seed16,104,11.0
hpmcounter4,normal,seed16,105,11.0
hpmcounter4,normal,seed16,106,11.0
hpmcounter4,normal,seed16,107,11.0
hpmcounter4,normal,seed16,108,11.0
hpmcounter4,normal,seed16,109,11.0
hpmcounter4,normal,seed16,110,11.0
hpmcounter4,normal,seed16,111,11.0
hpmcounter4,normal,seed16,112,11.0
hpmcounter4,normal,seed16,113,11.0
hpmcounter4,normal,seed16,114,11.0
hpmcounter4,normal,seed16,115,11.0
hpmcounter4,normal,seed16,116,11.0
hpmcounter4,normal,seed16,117,11.545454545454545
hpmcounter4,normal,seed16,118,11.969696969696969
hpmcounter4,normal,seed16,119,12.272727272727273
hpmcounter4,normal,seed16,120,12.454545454545455
hpmcounter4,normal,seed16,121,12.515151515151516
hpmcounter4,normal,seed16,122,12.454545454545455
hpmcounter4,normal,seed16,123,12.272727272727273
hpmcounter4,normal,seed16,124,11.969696969696969
hpmcounter4,normal,seed16,125,11.545454545454545
hpmcounter4,normal,seed16,126,11.0
hpmcounter4,normal,seed16,127,11.0
hpmcounter4,normal,seed16,128,11.0
hpmcounter4,normal,seed16,129,11.0
hpmcounter4,normal,seed16,130,11.0
hpmcounter4,normal,seed16,131,11.0
hpmcounter4,normal,seed16,132,11.0
hpmcounter4,normal,seed16,133,11.0
hpmcounter4,normal,seed16,134,11.0
hpmcounter4,normal,seed16,135,11.0
hpmcounter4,normal,seed16,136,11.0
hpmcounter4,normal,seed16,137,11.0
hpmcounter4,normal,seed16,138,11.0
hpmcounter4,normal,seed16,139,11.0
hpmcounter4,normal,seed16,140,11.0
hpmcounter4,normal,seed16,141,11.0
hpmcounter4,normal,seed16,142,11.0
hpmcounter4,normal,seed16,143,11.0
hpmcounter4,normal,seed16,144,11.0
hpmcounter4,normal,seed16,145,11.0
hpmcounter4,normal,seed16,146,11.545454545454545
hpmcounter4,normal,seed16,147,12.515151515151516
hpmcounter4,normal,seed16,148,13.787878787878787
hpmcounter4,normal,seed16,149,15.242424242424242
hpmcounter4,normal,seed16,150,16.757575757575758
hpmcounter4,normal,seed16,151,17.666666666666668
hpmcounter4,normal,seed16,152,17.96969696969697
hpmcounter4,normal,seed16,153,17.666666666666668
hpmcounter4,normal,seed16,154,16.757575757575758
hpmcounter4,normal,seed16,155,15.242424242424242
hpmcounter4,normal,seed16,156,13.787878787878787
hpmcounter4,normal,seed16,157,12.515151515151516
hpmcounter4,normal,seed16,158,11.545454545454545
hpmcounter4,normal,seed16,159,11.0
hpmcounter4,normal,seed16,160,11.0
hpmcounter4,normal,seed16,161,11.0
hpmcounter4,normal,seed16,162,11.0
hpmcounter4,normal,seed16,163,11.0
hpmcounter4,normal,seed16,164,11.0
hpmcounter4,normal,seed16,165,11.0
hpmcounter4,normal,seed16,166,11.0
hpmcounter4,normal,seed16,167,11.0
hpmcounter4,normal,seed16,168,11.0
hpmcounter4,normal,seed16,169,11.0
hpmcounter4,normal,seed16,170,11.0
hpmcounter4,normal,seed16,171,11.0
hpmcounter4,normal,seed16,172,11.0
hpmcounter4,normal,seed16,173,11.0
hpmcounter4,normal,seed16,174,11.0
hpmcounter4,normal,seed16,175,11.0
hpmcounter4,normal,seed16,176,11.0
hpmcounter4,normal,seed16,177,11.0
hpmcounter4,normal,seed16,178,11.0
hpmcounter4,normal,seed16,179,11.0
hpmcounter4,normal,seed16,180,11.0
hpmcounter4,normal,seed16,181,11.0
hpmcounter4,normal,seed16,182,11.0
hpmcounter4,normal,seed16,183,11.0
hpmcounter4,normal,seed16,184,11.0
hpmcounter4,normal,seed16,185,11.0
hpmcounter4,normal,seed16,186,11.0
hpmcounter4,normal,seed16,187,11.0
hpmcounter4,normal,seed16,188,11.0
hpmcounter4,normal,seed16,189,11.0
hpmcounter4,normal,seed16,190,11.0
hpmcounter4,normal,seed16,191,11.0
hpmcounter4,normal,seed16,192,11.0
hpmcounter4,normal,seed16,193,11.0
hpmcounter4,normal,seed16,194,11.0
hpmcounter4,normal,seed16,195,11.0
hpmcounter4,normal,seed16,196,11.0
hpmcounter4,normal,seed16,197,11.0
hpmcounter4,normal,seed16,198,11.0
hpmcounter4,normal,seed16,199,11.0
hpmcounter4,normal,seed16,200,11.0
hpmcounter4,normal,seed16,201,11.0
hpmcounter4,normal,seed16,202,11.0
hpmcounter4,normal,seed16,203,11.0
hpmcounter4,normal,seed16,204,11.0
hpmcounter4,normal,seed16,205,11.0
hpmcounter4,normal,seed16,206,11.0
hpmcounter4,normal,seed16,207,11.0
hpmcounter4,normal,seed16,208,11.0
hpmcounter4,normal,seed16,209,11.0
hpmcounter4,normal,seed16,210,11.0
hpmcounter4,normal,seed16,211,11.0
hpmcounter4,normal,seed16,212,11.0
hpmcounter4,normal,seed16,213,11.0
hpmcounter4,normal,seed16,214,11.0
hpmcounter4,normal,seed16,215,11.0
hpmcounter4,normal,seed16,216,11.0
hpmcounter4,normal,seed16,217,11.0
hpmcounter4,normal,seed16,218,11.0
hpmcounter4,normal,seed16,219,11.0
hpmcounter4,normal,seed16,220,11.0
hpmcounter4,normal,seed16,221,11.0
hpmcounter4,normal,seed16,222,11.0
hpmcounter4,normal,seed16,223,11.0
hpmcounter4,normal,seed16,224,11.0
hpmcounter4,normal,seed16,225,11.0
hpmcounter4,normal,seed16,226,11.0
hpmcounter4,normal,seed16,227,11.0
hpmcounter4,normal,seed16,228,11.0
hpmcounter4,normal,seed16,229,11.0
hpmcounter4,normal,seed16,230,11.0
hpmcounter4,normal,seed16,231,11.0
hpmcounter4,normal,seed16,232,11.0
hpmcounter4,normal,seed16,233,11.0
hpmcounter4,normal,seed16,234,11.0
hpmcounter4,normal,seed16,235,11.0
hpmcounter4,normal,seed16,236,11.0
hpmcounter4,normal,seed16,237,11.0
hpmcounter4,normal,seed16,238,11.0
hpmcounter4,normal,seed16,239,11.0
hpmcounter4,normal,seed16,240,11.0
hpmcounter4,normal,seed16,241,11.0
hpmcounter4,normal,seed16,242,11.0
hpmcounter4,normal,seed16,243,11.0
hpmcounter4,normal,seed16,244,11.0
hpmcounter4,normal,seed16,245,11.0
hpmcounter4,normal,seed16,246,11.0
hpmcounter4,normal,seed16,247,11.0
hpmcounter4,normal,seed16,248,11.0
hpmcounter4,normal,seed16,249,11.0
hpmcounter4,normal,seed16,250,11.0
hpmcounter4,normal,seed16,251,11.0
hpmcounter4,normal,seed16,252,11.0
hpmcounter4,normal,seed16,253,11.0
hpmcounter4,normal,seed16,254,11.0
hpmcounter4,normal,seed16,255,11.0
hpmcounter4,normal,seed16,256,11.0
hpmcounter4,normal,seed16,257,11.0
hpmcounter4,normal,seed16,258,11.0
hpmcounter4,normal,seed16,259,11.545454545454545
hpmcounter4,normal,seed16,260,11.969696969696969
hpmcounter4,normal,seed16,261,12.818181818181818
hpmcounter4,normal,seed16,262,13.424242424242424
hpmcounter4,normal,seed16,263,13.787878787878787
hpmcounter4,normal,seed16,264,14.454545454545455
hpmcounter4,normal,seed16,265,15.303030303030303
hpmcounter4,normal,seed16,266,16.21212121212121
hpmcounter4,normal,seed16,267,17.060606060606062
hpmcounter4,normal,seed16,268,17.727272727272727
hpmcounter4,normal,seed16,269,18.21212121212121
hpmcounter4,normal,seed16,270,17.96969696969697
hpmcounter4,normal,seed16,271,17.666666666666668
hpmcounter4,normal,seed16,272,16.757575757575758
hpmcounter4,normal,seed16,273,15.242424242424242
hpmcounter4,normal,seed16,274,13.787878787878787
hpmcounter4,normal,seed16,275,12.515151515151516
hpmcounter4,normal,seed16,276,11.545454545454545
hpmcounter4,normal,seed16,277,11.0
hpmcounter4,normal,seed16,278,11.0
hpmcounter4,normal,seed16,279,11.0
hpmcounter4,normal,seed16,280,11.0
hpmcounter4,normal,seed16,281,11.0
hpmcounter4,normal,seed16,282,11.0
hpmcounter4,normal,seed16,283,11.0
hpmcounter4,normal,seed16,284,11.0
hpmcounter4,normal,seed16,285,11.0
hpmcounter4,normal,seed16,286,11.0
hpmcounter4,normal,seed16,287,11.0
hpmcounter4,normal,seed16,288,11.0
hpmcounter4,normal,seed16,289,11.0
hpmcounter4,normal,seed16,290,11.0
hpmcounter4,normal,seed16,291,11.0
hpmcounter4,normal,seed16,292,11.0
hpmcounter4,normal,seed16,293,11.0
hpmcounter4,normal,seed16,294,11.0
hpmcounter4,normal,seed16,295,11.0
hpmcounter4,normal,seed16,296,11.0
hpmcounter4,normal,seed16,297,11.0
hpmcounter4,normal,seed16,298,11.0
hpmcounter4,normal,seed17,9,13.242424242424242
hpmcounter4,normal,seed17,10,13.727272727272727
hpmcounter4,normal,seed17,11,14.515151515151516
hpmcounter4,normal,seed17,12,15.484848484848484
hpmcounter4,normal,seed17,13,16.515151515151516
hpmcounter4,normal,seed17,14,17.484848484848484
hpmcounter4,normal,seed17,15,18.272727272727273
hpmcounter4,normal,seed17,16,18.757575757575758
hpmcounter4,normal,seed17,17,19.484848484848484
hpmcounter4,normal,seed17,18,20.454545454545453
hpmcounter4,normal,seed17,19,21.0
hpmcounter4,normal,seed17,20,21.0
hpmcounter4,normal,seed17,21,21.0
hpmcounter4,normal,seed17,22,21.0
hpmcounter4,normal,seed17,23,20.454545454545453
hpmcounter4,normal,seed17,24,19.484848484848484
hpmcounter4,normal,seed17,25,18.21212121212121
hpmcounter4,normal,seed17,26,16.757575757575758
hpmcounter4,normal,seed17,27,15.242424242424242
hpmcounter4,normal,seed17,28,13.787878787878787
hpmcounter4,normal,seed17,29,12.515151515151516
hpmcounter4,normal,seed17,30,11.545454545454545
hpmcounter4,normal,seed17,31,11.0
hpmcounter4,normal,seed17,32,11.0
hpmcounter4,normal,seed17,33,11.0
hpmcounter4,normal,seed17,34,11.0
hpmcounter4,normal,seed17,35,11.0
hpmcounter4,normal,seed17,36,11.0
hpmcounter4,normal,seed17,37,11.0
hpmcounter4,normal,seed17,38,11.0
hpmcounter4,normal,seed17,39,11.0
hpmcounter4,normal,seed17,40,11.0
hpmcounter4,normal,seed17,41,11.0
hpmcounter4,normal,seed17,42,11.0
hpmcounter4,normal,seed17,43,11.0
hpmcounter4,normal,seed17,44,11.0
hpmcounter4,normal,seed17,45,11.0
hpmcounter4,normal,seed17,46,11.0
hpmcounter4,normal,seed17,47,11.0
hpmcounter4,normal,seed17,48,11.0
hpmcounter4,normal,seed17,49,11.0
hpmcounter4,normal,seed17,50,11.0
hpmcounter4,normal,seed17,51,11.0
hpmcounter4,normal,seed17,52,11.0
hpmcounter4,normal,seed17,53,11.0
hpmcounter4,normal,seed17,54,11.0
hpmcounter4,normal,seed17,55,11.0
hpmcounter4,normal,seed17,56,11.0
hpmcounter4,normal,seed17,57,11.0
hpmcounter4,normal,seed17,58,11.0
hpmcounter4,normal,seed17,59,11.0
hpmcounter4,normal,seed17,60,11.0
hpmcounter4,normal,seed17,61,11.0
hpmcounter4,normal,seed17,62,11.0
hpmcounter4,normal,seed17,63,11.0
hpmcounter4,normal,seed17,64,11.0
hpmcounter4,normal,seed17,65,11.0
hpmcounter4,normal,seed17,66,11.0
hpmcounter4,normal,seed17,67,11.0
hpmcounter4,normal,seed17,68,11.0
hpmcounter4,normal,seed17,69,11.0
hpmcounter4,normal,seed17,70,11.0
hpmcounter4,normal,seed17,71,11.0
hpmcounter4,normal,seed17,72,11.0
hpmcounter4,normal,seed17,73,11.0
hpmcounter4,normal,seed17,74,11.0
hpmcounter4,normal,seed17,75,11.0
hpmcounter4,normal,seed17,76,11.0
hpmcounter4,normal,seed17,77,11.0
hpmcounter4,normal,seed17,78,11.0
hpmcounter4,normal,seed17,79,11.0
hpmcounter4,normal,seed17,80,11.0
hpmcounter4,normal,seed17,81,11.0
hpmcounter4,normal,seed17,82,11.0
hpmcounter4,normal,seed17,83,11.0
hpmcounter4,normal,seed17,84,11.0
hpmcounter4,normal,seed17,85,11.0
hpmcounter4,normal,seed17,86,11.0
hpmcounter4,normal,seed17,87,11.0
hpmcounter4,normal,seed17,88,11.0
hpmcounter4,normal,seed17,89,11.0
hpmcounter4,normal,seed17,90,11.0
hpmcounter4,normal,seed17,91,11.0
hpmcounter4,normal,seed17,92,11.0
hpmcounter4,normal,seed17,93,11.0
hpmcounter4,normal,seed17,94,11.0
hpmcounter4,normal,seed17,95,11.0
hpmcounter4,normal,seed17,96,11.0
hpmcounter4,normal,seed17,97,11.0
hpmcounter4,normal,seed17,98,11.0
hpmcounter4,normal,seed17,99,11.0
hpmcounter4,normal,seed17,100,11.0
hpmcounter4,normal,seed17,101,11.0
hpmcounter4,normal,seed17,102,11.0
hpmcounter4,normal,seed17,103,11.0
hpmcounter4,normal,seed17,104,11.0
hpmcounter4,normal,seed17,105,11.0
hpmcounter4,normal,seed17,106,11.0
hpmcounter4,normal,seed17,107,11.0
hpmcounter4,normal,seed17,108,11.0
hpmcounter4,normal,seed17,109,11.0
hpmcounter4,normal,seed17,110,11.0
hpmcounter4,normal,seed17,111,11.0
hpmcounter4,normal,seed17,112,11.0
hpmcounter4,normal,seed17,113,11.0
hpmcounter4,normal,seed17,114,11.0
hpmcounter4,normal,seed17,115,11.0
hpmcounter4,normal,seed17,116,11.0
hpmcounter4,normal,seed17,117,11.0
hpmcounter4,normal,seed17,118,11.0
hpmcounter4,normal,seed17,119,11.0
hpmcounter4,normal,seed17,120,11.0
hpmcounter4,normal,seed17,121,11.0
hpmcounter4,normal,seed17,122,11.0
hpmcounter4,normal,seed17,123,11.0
hpmcounter4,normal,seed17,124,11.0
hpmcounter4,normal,seed17,125,11.0
hpmcounter4,normal,seed17,126,11.0
hpmcounter4,normal,seed17,127,11.0
hpmcounter4,normal,seed17,128,11.0
hpmcounter4,normal,seed17,129,11.0
hpmcounter4,normal,seed17,130,11.0
hpmcounter4,normal,seed17,131,11.0
hpmcounter4,normal,seed17,132,11.0
hpmcounter4,normal,seed17,133,11.0
hpmcounter4,normal,seed17,134,11.0
hpmcounter4,normal,seed17,135,11.0
hpmcounter4,normal,seed17,136,11.0
hpmcounter4,normal,seed17,137,11.0
hpmcounter4,normal,seed17,138,11.0
hpmcounter4,normal,seed17,139,11.0
hpmcounter4,normal,seed17,140,11.0
hpmcounter4,normal,seed17,141,11.0
hpmcounter4,normal,seed17,142,11.0
hpmcounter4,normal,seed17,143,11.0
hpmcounter4,normal,seed17,144,11.0
hpmcounter4,normal,seed17,145,11.0
hpmcounter4,normal,seed17,146,11.0
hpmcounter4,normal,seed17,147,11.0
hpmcounter4,normal,seed17,148,11.0
hpmcounter4,normal,seed17,149,11.0
hpmcounter4,normal,seed17,150,11.0
hpmcounter4,normal,seed17,151,11.0
hpmcounter4,normal,seed17,152,11.0
hpmcounter4,normal,seed17,153,11.0
hpmcounter4,normal,seed17,154,11.0
hpmcounter4,normal,seed17,155,11.0
hpmcounter4,normal,seed17,156,11.0
hpmcounter4,normal,seed17,157,11.0
hpmcounter4,normal,seed17,158,11.545454545454545
hpmcounter4,normal,seed17,159,11.969696969696969
hpmcounter4,normal,seed17,160,12.272727272727273
hpmcounter4,normal,seed17,161,12.454545454545455
hpmcounter4,normal,seed17,162,12.515151515151516
hpmcounter4,normal,seed17,163,12.454545454545455
hpmcounter4,normal,seed17,164,12.272727272727273
hpmcounter4,normal,seed17,165,11.969696969696969
hpmcounter4,normal,seed17,166,11.545454545454545
hpmcounter4,normal,seed17,167,11.0
hpmcounter4,normal,seed17,168,11.0
hpmcounter4,normal,seed17,169,11.0
hpmcounter4,normal,seed17,170,11.0
hpmcounter4,normal,seed17,171,11.0
hpmcounter4,normal,seed17,172,11.0
hpmcounter4,normal,seed17,173,11.0
hpmcounter4,normal,seed17,174,11.0
hpmcounter4,normal,seed17,175,11.0
hpmcounter4,normal,seed17,176,11.0
hpmcounter4,normal,seed17,177,11.0
hpmcounter4,normal,seed17,178,11.0
hpmcounter4,normal,seed17,179,11.0
hpmcounter4,normal,seed17,180,11.0
hpmcounter4,normal,seed17,181,11.0
hpmcounter4,normal,seed17,182,11.0
hpmcounter4,normal,seed17,183,11.0
hpmcounter4,normal,seed17,184,11.0
hpmcounter4,normal,seed17,185,11.0
hpmcounter4,normal,seed17,186,11.0
hpmcounter4,normal,seed17,187,11.0
hpmcounter4,normal,seed17,188,11.0
hpmcounter4,normal,seed17,189,11.0
hpmcounter4,normal,seed17,190,11.0
hpmcounter4,normal,seed17,191,11.0
hpmcounter4,normal,seed17,192,11.0
hpmcounter4,normal,seed17,193,11.0
hpmcounter4,normal,seed17,194,11.0
hpmcounter4,normal,seed17,195,11.0
hpmcounter4,normal,seed17,196,11.0
hpmcounter4,normal,seed17,197,11.0
hpmcounter4,normal,seed17,198,11.0
hpmcounter4,normal,seed17,199,11.0
hpmcounter4,normal,seed17,200,11.0
hpmcounter4,normal,seed17,201,11.0
hpmcounter4,normal,seed17,202,11.0
hpmcounter4,normal,seed17,203,11.0
hpmcounter4,normal,seed17,204,11.0
hpmcounter4,normal,seed17,205,11.0
hpmcounter4,normal,seed17,206,11.0
hpmcounter4,normal,seed17,207,11.0
hpmcounter4,normal,seed17,208,11.0
hpmcounter4,normal,seed17,209,11.0
hpmcounter4,normal,seed17,210,11.0
hpmcounter4,normal,seed17,211,11.0
hpmcounter4,normal,seed17,212,11.0
hpmcounter4,normal,seed17,213,11.0
hpmcounter4,normal,seed17,214,11.0
hpmcounter4,normal,seed17,215,11.0
hpmcounter4,normal,seed17,216,11.0
hpmcounter4,normal,seed17,217,11.0
hpmcounter4,normal,seed17,218,11.0
hpmcounter4,normal,seed17,219,11.0
hpmcounter4,normal,seed17,220,11.0
hpmcounter4,normal,seed17,221,11.0
hpmcounter4,normal,seed17,222,11.0
hpmcounter4,normal,seed17,223,11.0
hpmcounter4,normal,seed17,224,11.0
hpmcounter4,normal,seed17,225,11.0
hpmcounter4,normal,seed17,226,11.0
hpmcounter4,normal,seed17,227,11.0
hpmcounter4,normal,seed17,228,11.0
hpmcounter4,normal,seed17,229,11.0
hpmcounter4,normal,seed17,230,11.0
hpmcounter4,normal,seed17,231,11.0
hpmcounter4,normal,seed17,232,11.0
hpmcounter4,normal,seed17,233,11.0
hpmcounter4,normal,seed17,234,11.0
hpmcounter4,normal,seed17,235,11.0
hpmcounter4,normal,seed17,236,11.0
hpmcounter4,normal,seed17,237,11.0
hpmcounter4,normal,seed17,238,11.0
hpmcounter4,normal,seed17,239,11.0
hpmcounter4,normal,seed17,240,11.0
hpmcounter4,normal,seed17,241,11.0
hpmcounter4,normal,seed17,242,11.0
hpmcounter4,normal,seed17,243,11.0
hpmcounter4,normal,seed17,244,11.0
hpmcounter4,normal,seed17,245,11.0
hpmcounter4,normal,seed17,246,11.0
hpmcounter4,normal,seed17,247,11.0
hpmcounter4,normal,seed17,248,11.0
hpmcounter4,normal,seed17,249,11.0
hpmcounter4,normal,seed17,250,11.0
hpmcounter4,normal,seed17,251,11.0
hpmcounter4,normal,seed17,252,11.0
hpmcounter4,normal,seed17,253,11.0
hpmcounter4,normal,seed17,254,11.0
hpmcounter4,normal,seed17,255,11.0
hpmcounter4,normal,seed17,256,11.0
hpmcounter4,normal,seed17,257,11.0
hpmcounter4,normal,seed17,258,11.0
hpmcounter4,normal,seed17,259,11.0
hpmcounter4,normal,seed17,260,11.0
hpmcounter4,normal,seed17,261,11.0
hpmcounter4,normal,seed17,262,11.0
hpmcounter4,normal,seed17,263,11.0
hpmcounter4,normal,seed17,264,11.0
hpmcounter4,normal,seed17,265,11.0
hpmcounter4,normal,seed17,266,11.0
hpmcounter4,normal,seed17,267,11.0
hpmcounter4,normal,seed17,268,11.0
hpmcounter4,normal,seed17,269,11.0
hpmcounter4,normal,seed17,270,11.0
hpmcounter4,normal,seed17,271,11.0
hpmcounter4,normal,seed17,272,11.0
hpmcounter4,normal,seed17,273,11.0
hpmcounter4,normal,seed17,274,11.0
hpmcounter4,normal,seed17,275,11.0
hpmcounter4,normal,seed17,276,11.0
hpmcounter4,normal,seed17,277,11.0
hpmcounter4,normal,seed17,278,11.0
hpmcounter4,normal,seed17,279,11.0
hpmcounter4,normal,seed17,280,11.0
hpmcounter4,normal,seed17,281,11.0
hpmcounter4,normal,seed17,282,11.0
hpmcounter4,normal,seed17,283,11.0
hpmcounter4,normal,seed17,284,11.0
hpmcounter4,normal,seed17,285,11.0
hpmcounter4,normal,seed17,286,11.0
hpmcounter4,normal,seed17,287,11.0
hpmcounter4,normal,seed17,288,11.0
hpmcounter4,normal,seed17,289,11.0
hpmcounter4,normal,seed17,290,11.0
hpmcounter4,normal,seed17,291,11.0
hpmcounter4,normal,seed17,292,11.0
hpmcounter4,normal,seed17,293,11.0
hpmcounter4,normal,seed17,294,11.0
hpmcounter4,normal,seed17,295,11.0
hpmcounter4,normal,seed17,296,11.0
hpmcounter4,normal,seed17,297,11.0
hpmcounter4,normal,seed17,298,11.0
hpmcounter4,normal,seed18,9,11.0
hpmcounter4,normal,seed18,10,11.0
hpmcounter4,normal,seed18,11,11.0
hpmcounter4,normal,seed18,12,11.0
hpmcounter4,normal,seed18,13,11.0
hpmcounter4,normal,seed18,14,11.0
hpmcounter4,normal,seed18,15,11.0
hpmcounter4,normal,seed18,16,11.0
hpmcounter4,normal,seed18,17,11.0
hpmcounter4,normal,seed18,18,11.0
hpmcounter4,normal,seed18,19,11.0
hpmcounter4,normal,seed18,20,11.0
hpmcounter4,normal,seed18,21,11.0
hpmcounter4,normal,seed18,22,11.0
hpmcounter4,normal,seed18,23,11.0
hpmcounter4,normal,seed18,24,11.0
hpmcounter4,normal,seed18,25,11.0
hpmcounter4,normal,seed18,26,11.0
hpmcounter4,normal,seed18,27,11.0
hpmcounter4,normal,seed18,28,11.0
hpmcounter4,normal,seed18,29,11.0
hpmcounter4,normal,seed18,30,11.0
hpmcounter4,normal,seed18,31,11.0
hpmcounter4,normal,seed18,32,11.0
hpmcounter4,normal,seed18,33,11.0
hpmcounter4,normal,seed18,34,11.0
hpmcounter4,normal,seed18,35,11.0
hpmcounter4,normal,seed18,36,11.0
hpmcounter4,normal,seed18,37,11.0
hpmcounter4,normal,seed18,38,11.0
hpmcounter4,normal,seed18,39,11.0
hpmcounter4,normal,seed18,40,11.0
hpmcounter4,normal,seed18,41,11.0
hpmcounter4,normal,seed18,42,11.0
hpmcounter4,normal,seed18,43,11.0
hpmcounter4,normal,seed18,44,11.0
hpmcounter4,normal,seed18,45,11.0
hpmcounter4,normal,seed18,46,11.0
hpmcounter4,normal,seed18,47,11.0
hpmcounter4,normal,seed18,48,11.0
hpmcounter4,normal,seed18,49,11.0
hpmcounter4,normal,seed18,50,11.0
hpmcounter4,normal,seed18,51,11.0
hpmcounter4,normal,seed18,52,11.0
hpmcounter4,normal,seed18,53,11.0
hpmcounter4,normal,seed18,54,11.0
hpmcounter4,normal,seed18,55,11.0
hpmcounter4,normal,seed18,56,11.0
hpmcounter4,normal,seed18,57,11.0
hpmcounter4,normal,seed18,58,11.0
hpmcounter4,normal,seed18,59,11.0
hpmcounter4,normal,seed18,60,11.0
hpmcounter4,normal,seed18,61,11.0
hpmcounter4,normal,seed18,62,11.0
hpmcounter4,normal,seed18,63,11.0
hpmcounter4,normal,seed18,64,11.0
hpmcounter4,normal,seed18,65,11.0
hpmcounter4,normal,seed18,66,11.0
hpmcounter4,normal,seed18,67,11.0
hpmcounter4,normal,seed18,68,11.0
hpmcounter4,normal,seed18,69,11.0
hpmcounter4,normal,seed18,70,11.0
hpmcounter4,normal,seed18,71,11.0
hpmcounter4,normal,seed18,72,11.0
hpmcounter4,normal,seed18,73,11.0
hpmcounter4,normal,seed18,74,11.0
hpmcounter4,normal,seed18,75,11.0
hpmcounter4,normal,seed18,76,11.0
hpmcounter4,normal,seed18,77,11.0
hpmcounter4,normal,seed18,78,11.0
hpmcounter4,normal,seed18,79,11.0
hpmcounter4,normal,seed18,80,11.0
hpmcounter4,normal,seed18,81,11.0
hpmcounter4,normal,seed18,82,11.0
hpmcounter4,normal,seed18,83,11.0
hpmcounter4,normal,seed18,84,11.0
hpmcounter4,normal,seed18,85,11.0
hpmcounter4,normal,seed18,86,11.0
hpmcounter4,normal,seed18,87,11.0
hpmcounter4,normal,seed18,88,11.0
hpmcounter4,normal,seed18,89,11.0
hpmcounter4,normal,seed18,90,11.0
hpmcounter4,normal,seed18,91,11.0
hpmcounter4,normal,seed18,92,11.0
hpmcounter4,normal,seed18,93,11.0
hpmcounter4,normal,seed18,94,11.0
hpmcounter4,normal,seed18,95,11.0
hpmcounter4,normal,seed18,96,11.0
hpmcounter4,normal,seed18,97,11.0
hpmcounter4,normal,seed18,98,11.0
hpmcounter4,normal,seed18,99,11.0
hpmcounter4,normal,seed18,100,11.0
hpmcounter4,normal,seed18,101,11.0
hpmcounter4,normal,seed18,102,11.0
hpmcounter4,normal,seed18,103,11.0
hpmcounter4,normal,seed18,104,11.0
hpmcounter4,normal,seed18,105,11.0
hpmcounter4,normal,seed18,106,11.0
hpmcounter4,normal,seed18,107,11.0
hpmcounter4,normal,seed18,108,11.0
hpmcounter4,normal,seed18,109,11.0
hpmcounter4,normal,seed18,110,11.0
hpmcounter4,normal,seed18,111,11.0
hpmcounter4,normal,seed18,112,11.0
hpmcounter4,normal,seed18,113,11.0
hpmcounter4,normal,seed18,114,11.0
hpmcounter4,normal,seed18,115,11.0
hpmcounter4,normal,seed18,116,11.0
hpmcounter4,normal,seed18,117,11.0
hpmcounter4,normal,seed18,118,11.0
hpmcounter4,normal,seed18,119,11.0
hpmcounter4,normal,seed18,120,11.0
hpmcounter4,normal,seed18,121,11.0
hpmcounter4,normal,seed18,122,11.0
hpmcounter4,normal,seed18,123,11.0
hpmcounter4,normal,seed18,124,11.0
hpmcounter4,normal,seed18,125,11.0
hpmcounter4,normal,seed18,126,11.0
hpmcounter4,normal,seed18,127,11.0
hpmcounter4,normal,seed18,128,11.0
hpmcounter4,normal,seed18,129,11.0
hpmcounter4,normal,seed18,130,11.0
hpmcounter4,normal,seed18,131,11.0
hpmcounter4,normal,seed18,132,11.0
hpmcounter4,normal,seed18,133,11.0
hpmcounter4,normal,seed18,134,11.0
hpmcounter4,normal,seed18,135,11.0
hpmcounter4,normal,seed18,136,11.0
hpmcounter4,normal,seed18,137,11.0
hpmcounter4,normal,seed18,138,11.0
hpmcounter4,normal,seed18,139,11.0
hpmcounter4,normal,seed18,140,11.0
hpmcounter4,normal,seed18,141,11.0
hpmcounter4,normal,seed18,142,11.0
hpmcounter4,normal,seed18,143,11.545454545454545
hpmcounter4,normal,seed18,144,12.515151515151516
hpmcounter4,normal,seed18,145,13.787878787878787
hpmcounter4,normal,seed18,146,14.696969696969697
hpmcounter4,normal,seed18,147,15.242424242424242
hpmcounter4,normal,seed18,148,15.424242424242424
hpmcounter4,normal,seed18,149,15.242424242424242
hpmcounter4,normal,seed18,150,14.696969696969697
hpmcounter4,normal,seed18,151,13.787878787878787
hpmcounter4,normal,seed18,152,12.515151515151516
hpmcounter4,normal,seed18,153,11.545454545454545
hpmcounter4,normal,seed18,154,11.0
hpmcounter4,normal,seed18,155,11.0
hpmcounter4,normal,seed18,156,11.0
hpmcounter4,normal,seed18,157,11.0
hpmcounter4,normal,seed18,158,11.0
hpmcounter4,normal,seed18,159,11.0
hpmcounter4,normal,seed18,160,11.0
hpmcounter4,normal,seed18,161,11.0
hpmcounter4,normal,seed18,162,11.0
hpmcounter4,normal,seed18,163,11.0
hpmcounter4,normal,seed18,164,11.0
hpmcounter4,normal,seed18,165,11.545454545454545
hpmcounter4,normal,seed18,166,12.515151515151516
hpmcounter4,normal,seed18,167,13.787878787878787
hpmcounter4,normal,seed18,168,14.696969696969697
hpmcounter4,normal,seed18,169,15.242424242424242
hpmcounter4,normal,seed18,170,15.424242424242424
hpmcounter4,normal,seed18,171,15.242424242424242
hpmcounter4,normal,seed18,172,14.696969696969697
hpmcounter4,normal,seed18,173,13.787878787878787
hpmcounter4,normal,seed18,174,12.515151515151516
hpmcounter4,normal,seed18,175,11.545454545454545
hpmcounter4,normal,seed18,176,11.0
hpmcounter4,normal,seed18,177,11.0
hpmcounter4,normal,seed18,178,11.0
hpmcounter4,normal,seed18,179,11.0
hpmcounter4,normal,seed18,180,11.0
hpmcounter4,normal,seed18,181,11.0
hpmcounter4,normal,seed18,182,11.0
hpmcounter4,normal,seed18,183,11.0
hpmcounter4,normal,seed18,184,11.0
hpmcounter4,normal,seed18,185,11.0
hpmcounter4,normal,seed18,186,11.0
hpmcounter4,normal,seed18,187,11.0
hpmcounter4,normal,seed18,188,11.0
hpmcounter4,normal,seed18,189,11.0
hpmcounter4,normal,seed18,190,11.0
hpmcounter4,normal,seed18,191,11.0
hpmcounter4,normal,seed18,192,11.0
hpmcounter4,normal,seed18,193,11.0
hpmcounter4,normal,seed18,194,11.0
hpmcounter4,normal,seed18,195,11.0
hpmcounter4,normal,seed18,196,11.0
hpmcounter4,normal,seed18,197,11.0
hpmcounter4,normal,seed18,198,11.0
hpmcounter4,normal,seed18,199,11.545454545454545
hpmcounter4,normal,seed18,200,11.969696969696969
hpmcounter4,normal,seed18,201,12.272727272727273
hpmcounter4,normal,seed18,202,12.454545454545455
hpmcounter4,normal,seed18,203,12.515151515151516
hpmcounter4,normal,seed18,204,12.454545454545455
hpmcounter4,normal,seed18,205,12.272727272727273
hpmcounter4,normal,seed18,206,11.969696969696969
hpmcounter4,normal,seed18,207,11.545454545454545
hpmcounter4,normal,seed18,208,11.0
hpmcounter4,normal,seed18,209,11.0
hpmcounter4,normal,seed18,210,11.0
hpmcounter4,normal,seed18,211,11.0
hpmcounter4,normal,seed18,212,11.0
hpmcounter4,normal,seed18,213,11.0
hpmcounter4,normal,seed18,214,11.0
hpmcounter4,normal,seed18,215,11.0
hpmcounter4,normal,seed18,216,11.0
hpmcounter4,normal,seed18,217,11.0
hpmcounter4,normal,seed18,218,11.0
hpmcounter4,normal,seed18,219,11.0
hpmcounter4,normal,seed18,220,11.0
hpmcounter4,normal,seed18,221,11.0
hpmcounter4,normal,seed18,222,11.0
hpmcounter4,normal,seed18,223,11.0
hpmcounter4,normal,seed18,224,11.0
hpmcounter4,normal,seed18,225,11.0
hpmcounter4,normal,seed18,226,11.0
hpmcounter4,normal,seed18,227,11.0
hpmcounter4,normal,seed18,228,11.0
hpmcounter4,normal,seed18,229,11.0
hpmcounter4,normal,seed18,230,11.0
hpmcounter4,normal,seed18,231,11.0
hpmcounter4,normal,seed18,232,11.0
hpmcounter4,normal,seed18,233,11.0
hpmcounter4,normal,seed18,234,11.0
hpmcounter4,normal,seed18,235,11.0
hpmcounter4,normal,seed18,236,11.0
hpmcounter4,normal,seed18,237,11.0
hpmcounter4,normal,seed18,238,11.0
hpmcounter4,normal,seed18,239,11.0
hpmcounter4,normal,seed18,240,11.0
hpmcounter4,normal,seed18,241,11.0
hpmcounter4,normal,seed18,242,11.0
hpmcounter4,normal,seed18,243,11.0
hpmcounter4,normal,seed18,244,11.0
hpmcounter4,normal,seed18,245,11.0
hpmcounter4,normal,seed18,246,11.0
hpmcounter4,normal,seed18,247,11.0
hpmcounter4,normal,seed18,248,11.0
hpmcounter4,normal,seed18,249,11.0
hpmcounter4,normal,seed18,250,11.0
hpmcounter4,normal,seed18,251,11.0
hpmcounter4,normal,seed18,252,11.0
hpmcounter4,normal,seed18,253,11.0
hpmcounter4,normal,seed18,254,11.0
hpmcounter4,normal,seed18,255,11.0
hpmcounter4,normal,seed18,256,11.0
hpmcounter4,normal,seed18,257,11.0
hpmcounter4,normal,seed18,258,11.0
hpmcounter4,normal,seed18,259,11.0
hpmcounter4,normal,seed18,260,11.0
hpmcounter4,normal,seed18,261,11.0
hpmcounter4,normal,seed18,262,11.0
hpmcounter4,normal,seed18,263,11.0
hpmcounter4,normal,seed18,264,11.0
hpmcounter4,normal,seed18,265,11.0
hpmcounter4,normal,seed18,266,11.0
hpmcounter4,normal,seed18,267,11.0
hpmcounter4,normal,seed18,268,11.0
hpmcounter4,normal,seed18,269,11.0
hpmcounter4,normal,seed18,270,11.0
hpmcounter4,normal,seed18,271,11.0
hpmcounter4,normal,seed18,272,11.0
hpmcounter4,normal,seed18,273,11.0
hpmcounter4,normal,seed18,274,11.0
hpmcounter4,normal,seed18,275,11.0
hpmcounter4,normal,seed18,276,11.0
hpmcounter4,normal,seed18,277,11.0
hpmcounter4,normal,seed18,278,11.0
hpmcounter4,normal,seed18,279,11.0
hpmcounter4,normal,seed18,280,11.0
hpmcounter4,normal,seed18,281,11.0
hpmcounter4,normal,seed18,282,11.0
hpmcounter4,normal,seed18,283,11.0
hpmcounter4,normal,seed18,284,11.0
hpmcounter4,normal,seed18,285,11.0
hpmcounter4,normal,seed18,286,11.0
hpmcounter4,normal,seed18,287,11.0
hpmcounter4,normal,seed18,288,11.0
hpmcounter4,normal,seed18,289,11.0
hpmcounter4,normal,seed18,290,11.0
hpmcounter4,normal,seed18,291,11.0
hpmcounter4,normal,seed18,292,11.0
hpmcounter4,normal,seed18,293,11.0
hpmcounter4,normal,seed18,294,11.0
hpmcounter4,normal,seed18,295,11.0
hpmcounter4,normal,seed18,296,11.0
hpmcounter4,normal,seed18,297,11.0
hpmcounter4,normal,seed18,298,11.0
hpmcounter4,normal,seed19,9,13.242424242424242
hpmcounter4,normal,seed19,10,12.515151515151516
hpmcounter4,normal,seed19,11,11.545454545454545
hpmcounter4,normal,seed19,12,11.0
hpmcounter4,normal,seed19,13,11.0
hpmcounter4,normal,seed19,14,11.0
hpmcounter4,normal,seed19,15,11.0
hpmcounter4,normal,seed19,16,11.0
hpmcounter4,normal,seed19,17,11.0
hpmcounter4,normal,seed19,18,11.0
hpmcounter4,normal,seed19,19,11.0
hpmcounter4,normal,seed19,20,11.0
hpmcounter4,normal,seed19,21,11.0
hpmcounter4,normal,seed19,22,11.0
hpmcounter4,normal,seed19,23,11.0
hpmcounter4,normal,seed19,24,11.0
hpmcounter4,normal,seed19,25,11.0
hpmcounter4,normal,seed19,26,11.0
hpmcounter4,normal,seed19,27,11.0
hpmcounter4,normal,seed19,28,11.0
hpmcounter4,normal,seed19,29,11.0
hpmcounter4,normal,seed19,30,11.0
hpmcounter4,normal,seed19,31,11.0
hpmcounter4,normal,seed19,32,11.0
hpmcounter4,normal,seed19,33,11.0
hpmcounter4,normal,seed19,34,11.0
hpmcounter4,normal,seed19,35,11.0
hpmcounter4,normal,seed19,36,11.0
hpmcounter4,normal,seed19,37,11.0
hpmcounter4,normal,seed19,38,11.0
hpmcounter4,normal,seed19,39,11.0
hpmcounter4,normal,seed19,40,11.0
hpmcounter4,normal,seed19,41,11.0
hpmcounter4,normal,seed19,42,11.0
hpmcounter4,normal,seed19,43,11.0
hpmcounter4,normal,seed19,44,11.0
hpmcounter4,normal,seed19,45,11.0
hpmcounter4,normal,seed19,46,11.0
hpmcounter4,normal,seed19,47,11.0
hpmcounter4,normal,seed19,48,11.0
hpmcounter4,normal,seed19,49,11.0
hpmcounter4,normal,seed19,50,11.0
hpmcounter4,normal,seed19,51,11.0
hpmcounter4,normal,seed19,52,11.0
hpmcounter4,normal,seed19,53,11.0
hpmcounter4,normal,seed19,54,11.0
hpmcounter4,normal,seed19,55,11.0
hpmcounter4,normal,seed19,56,11.0
hpmcounter4,normal,seed19,57,11.0
hpmcounter4,normal,seed19,58,11.0
hpmcounter4,normal,seed19,59,11.0
hpmcounter4,normal,seed19,60,11.0
hpmcounter4,normal,seed19,61,11.0
hpmcounter4,normal,seed19,62,11.0
hpmcounter4,normal,seed19,63,11.0
hpmcounter4,normal,seed19,64,11.0
hpmcounter4,normal,seed19,65,11.0
hpmcounter4,normal,seed19,66,11.0
hpmcounter4,normal,seed19,67,11.0
hpmcounter4,normal,seed19,68,11.0
hpmcounter4,normal,seed19,69,11.0
hpmcounter4,normal,seed19,70,11.0
hpmcounter4,normal,seed19,71,11.0
hpmcounter4,normal,seed19,72,11.0
hpmcounter4,normal,seed19,73,11.0
hpmcounter4,normal,seed19,74,11.0
hpmcounter4,normal,seed19,75,11.0
hpmcounter4,normal,seed19,76,11.0
hpmcounter4,normal,seed19,77,11.0
hpmcounter4,normal,seed19,78,11.545454545454545
hpmcounter4,normal,seed19,79,11.969696969696969
hpmcounter4,normal,seed19,80,12.272727272727273
hpmcounter4,normal,seed19,81,13.0
hpmcounter4,normal,seed19,82,14.030303030303031
hpmcounter4,normal,seed19,83,15.242424242424242
hpmcounter4,normal,seed19,84,15.969696969696969
hpmcounter4,normal,seed19,85,16.21212121212121
hpmcounter4,normal,seed19,86,15.969696969696969
hpmcounter4,normal,seed19,87,15.242424242424242
hpmcounter4,normal,seed19,88,14.696969696969697
hpmcounter4,normal,seed19,89,13.787878787878787
hpmcounter4,normal,seed19,90,12.515151515151516
hpmcounter4,normal,seed19,91,11.545454545454545
hpmcounter4,normal,seed19,92,11.0
hpmcounter4,normal,seed19,93,11.0
hpmcounter4,normal,seed19,94,11.0
hpmcounter4,normal,seed19,95,11.0
hpmcounter4,normal,seed19,96,11.0
hpmcounter4,normal,seed19,97,11.0
hpmcounter4,normal,seed19,98,11.0
hpmcounter4,normal,seed19,99,11.0
hpmcounter4,normal,seed19,100,11.0
hpmcounter4,normal,seed19,101,11.0
hpmcounter4,normal,seed19,102,11.0
hpmcounter4,normal,seed19,103,11.0
hpmcounter4,normal,seed19,104,11.0
hpmcounter4,normal,seed19,105,11.0
hpmcounter4,normal,seed19,106,11.0
hpmcounter4,normal,seed19,107,11.0
hpmcounter4,normal,seed19,108,11.0
hpmcounter4,normal,seed19,109,11.0
hpmcounter4,normal,seed19,110,11.0
hpmcounter4,normal,seed19,111,11.0
hpmcounter4,normal,seed19,112,11.0
hpmcounter4,normal,seed19,113,11.0
hpmcounter4,normal,seed19,114,11.0
hpmcounter4,normal,seed19,115,11.0
hpmcounter4,normal,seed19,116,11.0
hpmcounter4,normal,seed19,117,11.0
hpmcounter4,normal,seed19,118,11.0
hpmcounter4,normal,seed19,119,11.0
hpmcounter4,normal,seed19,120,11.0
hpmcounter4,normal,seed19,121,11.0
hpmcounter4,normal,seed19,122,11.0
hpmcounter4,normal,seed19,123,11.0
hpmcounter4,normal,seed19,124,11.0
hpmcounter4,normal,seed19,125,11.0
hpmcounter4,normal,seed19,126,11.0
hpmcounter4,normal,seed19,127,11.0
hpmcounter4,normal,seed19,128,11.0
hpmcounter4,normal,seed19,129,11.0
hpmcounter4,normal,seed19,130,11.0
hpmcounter4,normal,seed19,131,11.0
hpmcounter4,normal,seed19,132,11.0
hpmcounter4,normal,seed19,133,11.0
hpmcounter4,normal,seed19,134,11.0
hpmcounter4,normal,seed19,135,11.0
hpmcounter4,normal,seed19,136,11.0
hpmcounter4,normal,seed19,137,11.0
hpmcounter4,normal,seed19,138,11.0
hpmcounter4,normal,seed19,139,11.0
hpmcounter4,normal,seed19,140,11.0
hpmcounter4,normal,seed19,141,11.0
hpmcounter4,normal,seed19,142,11.0
hpmcounter4,normal,seed19,143,11.0
hpmcounter4,normal,seed19,144,11.0
hpmcounter4,normal,seed19,145,11.0
hpmcounter4,normal,seed19,146,11.0
hpmcounter4,normal,seed19,147,11.0
hpmcounter4,normal,seed19,148,11.0
hpmcounter4,normal,seed19,149,11.0
hpmcounter4,normal,seed19,150,11.0
hpmcounter4,normal,seed19,151,11.0
hpmcounter4,normal,seed19,152,11.0
hpmcounter4,normal,seed19,153,11.0
hpmcounter4,normal,seed19,154,11.0
hpmcounter4,normal,seed19,155,11.0
hpmcounter4,normal,seed19,156,11.0
hpmcounter4,normal,seed19,157,11.0
hpmcounter4,normal,seed19,158,11.0
hpmcounter4,normal,seed19,159,11.0
hpmcounter4,normal,seed19,160,11.0
hpmcounter4,normal,seed19,161,11.0
hpmcounter4,normal,seed19,162,11.0
hpmcounter4,normal,seed19,163,11.0
hpmcounter4,normal,seed19,164,11.0
hpmcounter4,normal,seed19,165,11.0
hpmcounter4,normal,seed19,166,11.0
hpmcounter4,normal,seed19,167,11.0
hpmcounter4,normal,seed19,168,11.0
hpmcounter4,normal,seed19,169,11.0
hpmcounter4,normal,seed19,170,11.0
hpmcounter4,normal,seed19,171,11.0
hpmcounter4,normal,seed19,172,11.0
hpmcounter4,normal,seed19,173,11.0
hpmcounter4,normal,seed19,174,11.0
hpmcounter4,normal,seed19,175,11.0
hpmcounter4,normal,seed19,176,11.0
hpmcounter4,normal,seed19,177,11.0
hpmcounter4,normal,seed19,178,11.0
hpmcounter4,normal,seed19,179,11.0
hpmcounter4,normal,seed19,180,11.0
hpmcounter4,normal,seed19,181,11.0
hpmcounter4,normal,seed19,182,11.0
hpmcounter4,normal,seed19,183,11.0
hpmcounter4,normal,seed19,184,11.0
hpmcounter4,normal,seed19,185,11.0
hpmcounter4,normal,seed19,186,11.0
hpmcounter4,normal,seed19,187,11.0
hpmcounter4,normal,seed19,188,11.0
hpmcounter4,normal,seed19,189,11.0
hpmcounter4,normal,seed19,190,11.0
hpmcounter4,normal,seed19,191,11.0
hpmcounter4,normal,seed19,192,11.0
hpmcounter4,normal,seed19,193,11.0
hpmcounter4,normal,seed19,194,11.0
hpmcounter4,normal,seed19,195,11.0
hpmcounter4,normal,seed19,196,11.0
hpmcounter4,normal,seed19,197,11.0
hpmcounter4,normal,seed19,198,11.0
hpmcounter4,normal,seed19,199,11.0
hpmcounter4,normal,seed19,200,11.0
hpmcounter4,normal,seed19,201,11.0
hpmcounter4,normal,seed19,202,11.0
hpmcounter4,normal,seed19,203,11.0
hpmcounter4,normal,seed19,204,11.0
hpmcounter4,normal,seed19,205,11.0
hpmcounter4,normal,seed19,206,11.0
hpmcounter4,normal,seed19,207,11.0
hpmcounter4,normal,seed19,208,11.0
hpmcounter4,normal,seed19,209,11.0
hpmcounter4,normal,seed19,210,11.0
hpmcounter4,normal,seed19,211,11.0
hpmcounter4,normal,seed19,212,11.0
hpmcounter4,normal,seed19,213,11.0
hpmcounter4,normal,seed19,214,11.0
hpmcounter4,normal,seed19,215,11.0
hpmcounter4,normal,seed19,216,11.0
hpmcounter4,normal,seed19,217,11.0
hpmcounter4,normal,seed19,218,11.0
hpmcounter4,normal,seed19,219,11.0
hpmcounter4,normal,seed19,220,11.0
hpmcounter4,normal,seed19,221,11.0
hpmcounter4,normal,seed19,222,11.0
hpmcounter4,normal,seed19,223,11.0
hpmcounter4,normal,seed19,224,11.0
hpmcounter4,normal,seed19,225,11.0
hpmcounter4,normal,seed19,226,11.0
hpmcounter4,normal,seed19,227,11.0
hpmcounter4,normal,seed19,228,11.0
hpmcounter4,normal,seed19,229,11.0
hpmcounter4,normal,seed19,230,11.0
hpmcounter4,normal,seed19,231,11.0
hpmcounter4,normal,seed19,232,11.0
hpmcounter4,normal,seed19,233,11.0
hpmcounter4,normal,seed19,234,11.0
hpmcounter4,normal,seed19,235,11.0
hpmcounter4,normal,seed19,236,11.0
hpmcounter4,normal,seed19,237,11.0
hpmcounter4,normal,seed19,238,11.0
hpmcounter4,normal,seed19,239,11.0
hpmcounter4,normal,seed19,240,11.0
hpmcounter4,normal,seed19,241,11.0
hpmcounter4,normal,seed19,242,11.0
hpmcounter4,normal,seed19,243,11.0
hpmcounter4,normal,seed19,244,11.0
hpmcounter4,normal,seed19,245,11.0
hpmcounter4,normal,seed19,246,11.0
hpmcounter4,normal,seed19,247,11.0
hpmcounter4,normal,seed19,248,11.0
hpmcounter4,normal,seed19,249,11.0
hpmcounter4,normal,seed19,250,11.0
hpmcounter4,normal,seed19,251,11.0
hpmcounter4,normal,seed19,252,11.0
hpmcounter4,normal,seed19,253,11.0
hpmcounter4,normal,seed19,254,11.0
hpmcounter4,normal,seed19,255,11.0
hpmcounter4,normal,seed19,256,11.0
hpmcounter4,normal,seed19,257,11.0
hpmcounter4,normal,seed19,258,11.0
hpmcounter4,normal,seed19,259,11.0
hpmcounter4,normal,seed19,260,11.0
hpmcounter4,normal,seed19,261,11.0
hpmcounter4,normal,seed19,262,11.0
hpmcounter4,normal,seed19,263,11.0
hpmcounter4,normal,seed19,264,11.0
hpmcounter4,normal,seed19,265,11.0
hpmcounter4,normal,seed19,266,11.0
hpmcounter4,normal,seed19,267,11.0
hpmcounter4,normal,seed19,268,11.0
hpmcounter4,normal,seed19,269,11.0
hpmcounter4,normal,seed19,270,11.0
hpmcounter4,normal,seed19,271,11.0
hpmcounter4,normal,seed19,272,11.0
hpmcounter4,normal,seed19,273,11.0
hpmcounter4,normal,seed19,274,11.0
hpmcounter4,normal,seed19,275,11.0
hpmcounter4,normal,seed19,276,11.0
hpmcounter4,normal,seed19,277,11.0
hpmcounter4,normal,seed19,278,11.0
hpmcounter4,normal,seed19,279,11.0
hpmcounter4,normal,seed19,280,11.0
hpmcounter4,normal,seed19,281,11.0
hpmcounter4,normal,seed19,282,11.0
hpmcounter4,normal,seed19,283,11.0
hpmcounter4,normal,seed19,284,11.0
hpmcounter4,normal,seed19,285,11.0
hpmcounter4,normal,seed19,286,11.0
hpmcounter4,normal,seed19,287,11.0
hpmcounter4,normal,seed19,288,11.0
hpmcounter4,normal,seed19,289,11.0
hpmcounter4,normal,seed19,290,11.0
hpmcounter4,normal,seed19,291,11.0
hpmcounter4,normal,seed19,292,11.0
hpmcounter4,normal,seed19,293,11.0
hpmcounter4,normal,seed19,294,11.0
hpmcounter4,normal,seed19,295,11.0
hpmcounter4,normal,seed19,296,11.0
hpmcounter4,normal,seed19,297,11.0
hpmcounter4,normal,seed19,298,11.0
hpmcounter4,normal,seed2,9,11.0
hpmcounter4,normal,seed2,10,11.0
hpmcounter4,normal,seed2,11,11.0
hpmcounter4,normal,seed2,12,11.0
hpmcounter4,normal,seed2,13,11.0
hpmcounter4,normal,seed2,14,11.0
hpmcounter4,normal,seed2,15,11.545454545454545
hpmcounter4,normal,seed2,16,11.969696969696969
hpmcounter4,normal,seed2,17,12.272727272727273
hpmcounter4,normal,seed2,18,12.454545454545455
hpmcounter4,normal,seed2,19,13.06060606060606
hpmcounter4,normal,seed2,20,13.969696969696969
hpmcounter4,normal,seed2,21,14.515151515151516
hpmcounter4,normal,seed2,22,14.696969696969697
hpmcounter4,normal,seed2,23,14.515151515151516
hpmcounter4,normal,seed2,24,13.969696969696969
hpmcounter4,normal,seed2,25,13.727272727272727
hpmcounter4,normal,seed2,26,13.242424242424242
hpmcounter4,normal,seed2,27,12.515151515151516
hpmcounter4,normal,seed2,28,11.545454545454545
hpmcounter4,normal,seed2,29,11.0
hpmcounter4,normal,seed2,30,11.0
hpmcounter4,normal,seed2,31,11.0
hpmcounter4,normal,seed2,32,11.0
hpmcounter4,normal,seed2,33,11.0
hpmcounter4,normal,seed2,34,11.0
hpmcounter4,normal,seed2,35,11.0
hpmcounter4,normal,seed2,36,11.0
hpmcounter4,normal,seed2,37,11.0
hpmcounter4,normal,seed2,38,11.0
hpmcounter4,normal,seed2,39,11.0
hpmcounter4,normal,seed2,40,11.0
hpmcounter4,normal,seed2,41,11.0
hpmcounter4,normal,seed2,42,11.0
hpmcounter4,normal,seed2,43,11.0
hpmcounter4,normal,seed2,44,11.0
hpmcounter4,normal,seed2,45,11.0
hpmcounter4,normal,seed2,46,11.0
hpmcounter4,normal,seed2,47,11.0
hpmcounter4,normal,seed2,48,11.0
hpmcounter4,normal,seed2,49,11.0
hpmcounter4,normal,seed2,50,11.0
hpmcounter4,normal,seed2,51,11.0
hpmcounter4,normal,seed2,52,11.0
hpmcounter4,normal,seed2,53,11.0
hpmcounter4,normal,seed2,54,11.0
hpmcounter4,normal,seed2,55,11.0
hpmcounter4,normal,seed2,56,11.0
hpmcounter4,normal,seed2,57,11.0
hpmcounter4,normal,seed2,58,11.0
hpmcounter4,normal,seed2,59,11.0
hpmcounter4,normal,seed2,60,11.0
hpmcounter4,normal,seed2,61,11.0
hpmcounter4,normal,seed2,62,11.0
hpmcounter4,normal,seed2,63,11.0
hpmcounter4,normal,seed2,64,11.0
hpmcounter4,normal,seed2,65,11.0
hpmcounter4,normal,seed2,66,11.0
hpmcounter4,normal,seed2,67,11.0
hpmcounter4,normal,seed2,68,11.0
hpmcounter4,normal,seed2,69,11.0
hpmcounter4,normal,seed2,70,11.0
hpmcounter4,normal,seed2,71,11.0
hpmcounter4,normal,seed2,72,11.0
hpmcounter4,normal,seed2,73,11.0
hpmcounter4,normal,seed2,74,11.0
hpmcounter4,normal,seed2,75,11.0
hpmcounter4,normal,seed2,76,11.0
hpmcounter4,normal,seed2,77,11.0
hpmcounter4,normal,seed2,78,11.0
hpmcounter4,normal,seed2,79,11.0
hpmcounter4,normal,seed2,80,11.0
hpmcounter4,normal,seed2,81,11.0
hpmcounter4,normal,seed2,82,11.0
hpmcounter4,normal,seed2,83,11.0
hpmcounter4,normal,seed2,84,11.0
hpmcounter4,normal,seed2,85,11.0
hpmcounter4,normal,seed2,86,11.0
hpmcounter4,normal,seed2,87,11.0
hpmcounter4,normal,seed2,88,11.0
hpmcounter4,normal,seed2,89,11.0
hpmcounter4,normal,seed2,90,11.0
hpmcounter4,normal,seed2,91,11.0
hpmcounter4,normal,seed2,92,11.0
hpmcounter4,normal,seed2,93,11.0
hpmcounter4,normal,seed2,94,11.0
hpmcounter4,normal,seed2,95,11.0
hpmcounter4,normal,seed2,96,11.0
hpmcounter4,normal,seed2,97,11.0
hpmcounter4,normal,seed2,98,11.0
hpmcounter4,normal,seed2,99,11.0
hpmcounter4,normal,seed2,100,11.0
hpmcounter4,normal,seed2,101,11.0
hpmcounter4,normal,seed2,102,11.0
hpmcounter4,normal,seed2,103,11.0
hpmcounter4,normal,seed2,104,11.0
hpmcounter4,normal,seed2,105,11.0
hpmcounter4,normal,seed2,106,11.0
hpmcounter4,normal,seed2,107,11.0
hpmcounter4,normal,seed2,108,11.0
hpmcounter4,normal,seed2,109,11.0
hpmcounter4,normal,seed2,110,11.0
hpmcounter4,normal,seed2,111,11.0
hpmcounter4,normal,seed2,112,11.0
hpmcounter4,normal,seed2,113,11.0
hpmcounter4,normal,seed2,114,11.0
hpmcounter4,normal,seed2,115,11.0
hpmcounter4,normal,seed2,116,11.0
hpmcounter4,normal,seed2,117,11.0
hpmcounter4,normal,seed2,118,11.0
hpmcounter4,normal,seed2,119,11.0
hpmcounter4,normal,seed2,120,11.0
hpmcounter4,normal,seed2,121,11.0
hpmcounter4,normal,seed2,122,11.0
hpmcounter4,normal,seed2,123,11.0
hpmcounter4,normal,seed2,124,11.0
hpmcounter4,normal,seed2,125,11.0
hpmcounter4,normal,seed2,126,11.0
hpmcounter4,normal,seed2,127,11.0
hpmcounter4,normal,seed2,128,11.0
hpmcounter4,normal,seed2,129,11.0
hpmcounter4,normal,seed2,130,11.0
hpmcounter4,normal,seed2,131,11.0
hpmcounter4,normal,seed2,132,11.0
hpmcounter4,normal,seed2,133,11.0
hpmcounter4,normal,seed2,134,11.0
hpmcounter4,normal,seed2,135,11.0
hpmcounter4,normal,seed2,136,11.0
hpmcounter4,normal,seed2,137,11.0
hpmcounter4,normal,seed2,138,11.0
hpmcounter4,normal,seed2,139,11.0
hpmcounter4,normal,seed2,140,11.0
hpmcounter4,normal,seed2,141,11.0
hpmcounter4,normal,seed2,142,11.0
hpmcounter4,normal,seed2,143,11.0
hpmcounter4,normal,seed2,144,11.0
hpmcounter4,normal,seed2,145,11.0
hpmcounter4,normal,seed2,146,11.0
hpmcounter4,normal,seed2,147,11.0
hpmcounter4,normal,seed2,148,11.545454545454545
hpmcounter4,normal,seed2,149,11.969696969696969
hpmcounter4,normal,seed2,150,12.272727272727273
hpmcounter4,normal,seed2,151,12.454545454545455
hpmcounter4,normal,seed2,152,13.06060606060606
hpmcounter4,normal,seed2,153,13.969696969696969
hpmcounter4,normal,seed2,154,15.06060606060606
hpmcounter4,normal,seed2,155,15.666666666666666
hpmcounter4,normal,seed2,156,15.787878787878787
hpmcounter4,normal,seed2,157,15.424242424242424
hpmcounter4,normal,seed2,158,15.242424242424242
hpmcounter4,normal,seed2,159,14.696969696969697
hpmcounter4,normal,seed2,160,13.787878787878787
hpmcounter4,normal,seed2,161,12.515151515151516
hpmcounter4,normal,seed2,162,11.545454545454545
hpmcounter4,normal,seed2,163,11.0
hpmcounter4,normal,seed2,164,11.0
hpmcounter4,normal,seed2,165,11.0
hpmcounter4,normal,seed2,166,11.0
hpmcounter4,normal,seed2,167,11.0
hpmcounter4,normal,seed2,168,11.0
hpmcounter4,normal,seed2,169,11.0
hpmcounter4,normal,seed2,170,11.0
hpmcounter4,normal,seed2,171,11.0
hpmcounter4,normal,seed2,172,11.0
hpmcounter4,normal,seed2,173,11.545454545454545
hpmcounter4,normal,seed2,174,12.515151515151516
hpmcounter4,normal,seed2,175,13.787878787878787
hpmcounter4,normal,seed2,176,14.696969696969697
hpmcounter4,normal,seed2,177,15.242424242424242
hpmcounter4,normal,seed2,178,15.424242424242424
hpmcounter4,normal,seed2,179,15.242424242424242
hpmcounter4,normal,seed2,180,14.696969696969697
hpmcounter4,normal,seed2,181,13.787878787878787
hpmcounter4,normal,seed2,182,12.515151515151516
hpmcounter4,normal,seed2,183,11.545454545454545
hpmcounter4,normal,seed2,184,11.0
hpmcounter4,normal,seed2,185,11.0
hpmcounter4,normal,seed2,186,11.0
hpmcounter4,normal,seed2,187,11.0
hpmcounter4,normal,seed2,188,11.0
hpmcounter4,normal,seed2,189,11.0
hpmcounter4,normal,seed2,190,11.0
hpmcounter4,normal,seed2,191,11.0
hpmcounter4,normal,seed2,192,11.0
hpmcounter4,normal,seed2,193,11.0
hpmcounter4,normal,seed2,194,11.0
hpmcounter4,normal,seed2,195,11.0
hpmcounter4,normal,seed2,196,11.0
hpmcounter4,normal,seed2,197,11.0
hpmcounter4,normal,seed2,198,11.0
hpmcounter4,normal,seed2,199,11.0
hpmcounter4,normal,seed2,200,11.0
hpmcounter4,normal,seed2,201,11.0
hpmcounter4,normal,seed2,202,11.0
hpmcounter4,normal,seed2,203,11.0
hpmcounter4,normal,seed2,204,11.0
hpmcounter4,normal,seed2,205,11.0
hpmcounter4,normal,seed2,206,11.0
hpmcounter4,normal,seed2,207,11.0
hpmcounter4,normal,seed2,208,11.0
hpmcounter4,normal,seed2,209,11.0
hpmcounter4,normal,seed2,210,11.0
hpmcounter4,normal,seed2,211,11.0
hpmcounter4,normal,seed2,212,11.0
hpmcounter4,normal,seed2,213,11.0
hpmcounter4,normal,seed2,214,11.0
hpmcounter4,normal,seed2,215,11.0
hpmcounter4,normal,seed2,216,11.0
hpmcounter4,normal,seed2,217,11.0
hpmcounter4,normal,seed2,218,11.0
hpmcounter4,normal,seed2,219,11.0
hpmcounter4,normal,seed2,220,11.0
hpmcounter4,normal,seed2,221,11.0
hpmcounter4,normal,seed2,222,11.0
hpmcounter4,normal,seed2,223,11.0
hpmcounter4,normal,seed2,224,11.0
hpmcounter4,normal,seed2,225,11.0
hpmcounter4,normal,seed2,226,11.0
hpmcounter4,normal,seed2,227,11.0
hpmcounter4,normal,seed2,228,11.0
hpmcounter4,normal,seed2,229,11.0
hpmcounter4,normal,seed2,230,11.0
hpmcounter4,normal,seed2,231,11.0
hpmcounter4,normal,seed2,232,11.0
hpmcounter4,normal,seed2,233,11.0
hpmcounter4,normal,seed2,234,11.0
hpmcounter4,normal,seed2,235,11.0
hpmcounter4,normal,seed2,236,11.0
hpmcounter4,normal,seed2,237,11.0
hpmcounter4,normal,seed2,238,11.0
hpmcounter4,normal,seed2,239,11.0
hpmcounter4,normal,seed2,240,11.0
hpmcounter4,normal,seed2,241,11.0
hpmcounter4,normal,seed2,242,11.0
hpmcounter4,normal,seed2,243,11.0
hpmcounter4,normal,seed2,244,11.0
hpmcounter4,normal,seed2,245,11.0
hpmcounter4,normal,seed2,246,11.0
hpmcounter4,normal,seed2,247,11.0
hpmcounter4,normal,seed2,248,11.0
hpmcounter4,normal,seed2,249,11.0
hpmcounter4,normal,seed2,250,11.0
hpmcounter4,normal,seed2,251,11.0
hpmcounter4,normal,seed2,252,11.0
hpmcounter4,normal,seed2,253,11.0
hpmcounter4,normal,seed2,254,11.0
hpmcounter4,normal,seed2,255,11.0
hpmcounter4,normal,seed2,256,11.0
hpmcounter4,normal,seed2,257,11.0
hpmcounter4,normal,seed2,258,11.0
hpmcounter4,normal,seed2,259,11.0
hpmcounter4,normal,seed2,260,11.0
hpmcounter4,normal,seed2,261,11.0
hpmcounter4,normal,seed2,262,11.0
hpmcounter4,normal,seed2,263,11.0
hpmcounter4,normal,seed2,264,11.0
hpmcounter4,normal,seed2,265,11.0
hpmcounter4,normal,seed2,266,11.0
hpmcounter4,normal,seed2,267,11.0
hpmcounter4,normal,seed2,268,11.0
hpmcounter4,normal,seed2,269,11.0
hpmcounter4,normal,seed2,270,11.0
hpmcounter4,normal,seed2,271,11.0
hpmcounter4,normal,seed2,272,11.0
hpmcounter4,normal,seed2,273,11.0
hpmcounter4,normal,seed2,274,11.0
hpmcounter4,normal,seed2,275,11.0
hpmcounter4,normal,seed2,276,11.0
hpmcounter4,normal,seed2,277,11.0
hpmcounter4,normal,seed2,278,11.0
hpmcounter4,normal,seed2,279,11.0
hpmcounter4,normal,seed2,280,11.0
hpmcounter4,normal,seed2,281,11.0
hpmcounter4,normal,seed2,282,11.0
hpmcounter4,normal,seed2,283,11.0
hpmcounter4,normal,seed2,284,11.0
hpmcounter4,normal,seed2,285,11.0
hpmcounter4,normal,seed2,286,11.0
hpmcounter4,normal,seed2,287,11.0
hpmcounter4,normal,seed2,288,11.0
hpmcounter4,normal,seed2,289,11.0
hpmcounter4,normal,seed2,290,11.0
hpmcounter4,normal,seed2,291,11.0
hpmcounter4,normal,seed2,292,11.0
hpmcounter4,normal,seed2,293,11.0
hpmcounter4,normal,seed2,294,11.0
hpmcounter4,normal,seed2,295,11.0
hpmcounter4,normal,seed2,296,11.0
hpmcounter4,normal,seed2,297,11.0
hpmcounter4,normal,seed2,298,11.0
hpmcounter4,normal,seed20,9,19.90909090909091
hpmcounter4,normal,seed20,10,19.484848484848484
hpmcounter4,normal,seed20,11,18.21212121212121
hpmcounter4,normal,seed20,12,16.757575757575758
hpmcounter4,normal,seed20,13,15.242424242424242
hpmcounter4,normal,seed20,14,13.787878787878787
hpmcounter4,normal,seed20,15,12.515151515151516
hpmcounter4,normal,seed20,16,11.545454545454545
hpmcounter4,normal,seed20,17,11.0
hpmcounter4,normal,seed20,18,11.0
hpmcounter4,normal,seed20,19,11.0
hpmcounter4,normal,seed20,20,11.0
hpmcounter4,normal,seed20,21,11.0
hpmcounter4,normal,seed20,22,11.0
hpmcounter4,normal,seed20,23,11.0
hpmcounter4,normal,seed20,24,11.0
hpmcounter4,normal,seed20,25,11.0
hpmcounter4,normal,seed20,26,11.0
hpmcounter4,normal,seed20,27,11.0
hpmcounter4,normal,seed20,28,11.0
hpmcounter4,normal,seed20,29,11.0
hpmcounter4,normal,seed20,30,11.0
hpmcounter4,normal,seed20,31,11.0
hpmcounter4,normal,seed20,32,11.0
hpmcounter4,normal,seed20,33,11.0
hpmcounter4,normal,seed20,34,11.0
hpmcounter4,normal,seed20,35,11.0
hpmcounter4,normal,seed20,36,11.0
hpmcounter4,normal,seed20,37,11.0
hpmcounter4,normal,seed20,38,11.0
hpmcounter4,normal,seed20,39,11.0
hpmcounter4,normal,seed20,40,11.0
hpmcounter4,normal,seed20,41,11.0
hpmcounter4,normal,seed20,42,11.0
hpmcounter4,normal,seed20,43,11.0
hpmcounter4,normal,seed20,44,11.0
hpmcounter4,normal,seed20,45,11.0
hpmcounter4,normal,seed20,46,11.545454545454545
hpmcounter4,normal,seed20,47,12.515151515151516
hpmcounter4,normal,seed20,48,13.787878787878787
hpmcounter4,normal,seed20,49,15.242424242424242
hpmcounter4,normal,seed20,50,16.21212121212121
hpmcounter4,normal,seed20,51,16.696969696969695
hpmcounter4,normal,seed20,52,16.696969696969695
hpmcounter4,normal,seed20,53,16.21212121212121
hpmcounter4,normal,seed20,54,15.242424242424242
hpmcounter4,normal,seed20,55,13.787878787878787
hpmcounter4,normal,seed20,56,12.515151515151516
hpmcounter4,normal,seed20,57,11.545454545454545
hpmcounter4,normal,seed20,58,11.0
hpmcounter4,normal,seed20,59,11.0
hpmcounter4,normal,seed20,60,11.0
hpmcounter4,normal,seed20,61,11.0
hpmcounter4,normal,seed20,62,11.0
hpmcounter4,normal,seed20,63,11.0
hpmcounter4,normal,seed20,64,11.0
hpmcounter4,normal,seed20,65,11.0
hpmcounter4,normal,seed20,66,11.0
hpmcounter4,normal,seed20,67,11.0
hpmcounter4,normal,seed20,68,11.0
hpmcounter4,normal,seed20,69,11.0
hpmcounter4,normal,seed20,70,11.0
hpmcounter4,normal,seed20,71,11.0
hpmcounter4,normal,seed20,72,11.0
hpmcounter4,normal,seed20,73,11.0
hpmcounter4,normal,seed20,74,11.0
hpmcounter4,normal,seed20,75,11.0
hpmcounter4,normal,seed20,76,11.0
hpmcounter4,normal,seed20,77,11.0
hpmcounter4,normal,seed20,78,11.0
hpmcounter4,normal,seed20,79,11.0
hpmcounter4,normal,seed20,80,11.0
hpmcounter4,normal,seed20,81,11.0
hpmcounter4,normal,seed20,82,11.0
hpmcounter4,normal,seed20,83,11.0
hpmcounter4,normal,seed20,84,11.0
hpmcounter4,normal,seed20,85,11.0
hpmcounter4,normal,seed20,86,11.0
hpmcounter4,normal,seed20,87,11.0
hpmcounter4,normal,seed20,88,11.0
hpmcounter4,normal,seed20,89,11.0
hpmcounter4,normal,seed20,90,11.0
hpmcounter4,normal,seed20,91,11.0
hpmcounter4,normal,seed20,92,11.0
hpmcounter4,normal,seed20,93,11.0
hpmcounter4,normal,seed20,94,11.0
hpmcounter4,normal,seed20,95,11.0
hpmcounter4,normal,seed20,96,11.0
hpmcounter4,normal,seed20,97,11.0
hpmcounter4,normal,seed20,98,11.0
hpmcounter4,normal,seed20,99,11.0
hpmcounter4,normal,seed20,100,11.0
hpmcounter4,normal,seed20,101,11.0
hpmcounter4,normal,seed20,102,11.0
hpmcounter4,normal,seed20,103,11.0
hpmcounter4,normal,seed20,104,11.0
hpmcounter4,normal,seed20,105,11.0
hpmcounter4,normal,seed20,106,11.0
hpmcounter4,normal,seed20,107,11.0
hpmcounter4,normal,seed20,108,11.0
hpmcounter4,normal,seed20,109,11.0
hpmcounter4,normal,seed20,110,11.0
hpmcounter4,normal,seed20,111,11.0
hpmcounter4,normal,seed20,112,11.0
hpmcounter4,normal,seed20,113,11.0
hpmcounter4,normal,seed20,114,11.0
hpmcounter4,normal,seed20,115,11.0
hpmcounter4,normal,seed20,116,11.0
hpmcounter4,normal,seed20,117,11.0
hpmcounter4,normal,seed20,118,11.0
hpmcounter4,normal,seed20,119,11.0
hpmcounter4,normal,seed20,120,11.0
hpmcounter4,normal,seed20,121,11.0
hpmcounter4,normal,seed20,122,11.0
hpmcounter4,normal,seed20,123,11.0
hpmcounter4,normal,seed20,124,11.0
hpmcounter4,normal,seed20,125,11.0
hpmcounter4,normal,seed20,126,11.0
hpmcounter4,normal,seed20,127,11.545454545454545
hpmcounter4,normal,seed20,128,11.969696969696969
hpmcounter4,normal,seed20,129,12.272727272727273
hpmcounter4,normal,seed20,130,12.454545454545455
hpmcounter4,normal,seed20,131,12.515151515151516
hpmcounter4,normal,seed20,132,12.454545454545455
hpmcounter4,normal,seed20,133,12.272727272727273
hpmcounter4,normal,seed20,134,11.969696969696969
hpmcounter4,normal,seed20,135,11.545454545454545
hpmcounter4,normal,seed20,136,11.0
hpmcounter4,normal,seed20,137,11.0
hpmcounter4,normal,seed20,138,11.0
hpmcounter4,normal,seed20,139,11.0
hpmcounter4,normal,seed20,140,11.0
hpmcounter4,normal,seed20,141,11.0
hpmcounter4,normal,seed20,142,11.0
hpmcounter4,normal,seed20,143,11.0
hpmcounter4,normal,seed20,144,11.0
hpmcounter4,normal,seed20,145,11.0
hpmcounter4,normal,seed20,146,11.0
hpmcounter4,normal,seed20,147,11.0
hpmcounter4,normal,seed20,148,11.0
hpmcounter4,normal,seed20,149,11.0
hpmcounter4,normal,seed20,150,11.0
hpmcounter4,normal,seed20,151,11.0
hpmcounter4,normal,seed20,152,11.0
hpmcounter4,normal,seed20,153,11.0
hpmcounter4,normal,seed20,154,11.0
hpmcounter4,normal,seed20,155,11.0
hpmcounter4,normal,seed20,156,11.0
hpmcounter4,normal,seed20,157,11.0
hpmcounter4,normal,seed20,158,11.0
hpmcounter4,normal,seed20,159,11.0
hpmcounter4,normal,seed20,160,11.0
hpmcounter4,normal,seed20,161,11.0
hpmcounter4,normal,seed20,162,11.0
hpmcounter4,normal,seed20,163,11.0
hpmcounter4,normal,seed20,164,11.0
hpmcounter4,normal,seed20,165,11.0
hpmcounter4,normal,seed20,166,11.0
hpmcounter4,normal,seed20,167,11.0
hpmcounter4,normal,seed20,168,11.0
hpmcounter4,normal,seed20,169,11.0
hpmcounter4,normal,seed20,170,11.0
hpmcounter4,normal,seed20,171,11.0
hpmcounter4,normal,seed20,172,11.0
hpmcounter4,normal,seed20,173,11.0
hpmcounter4,normal,seed20,174,11.0
hpmcounter4,normal,seed20,175,11.0
hpmcounter4,normal,seed20,176,11.0
hpmcounter4,normal,seed20,177,11.0
hpmcounter4,normal,seed20,178,11.0
hpmcounter4,normal,seed20,179,11.0
hpmcounter4,normal,seed20,180,11.0
hpmcounter4,normal,seed20,181,11.0
hpmcounter4,normal,seed20,182,11.0
hpmcounter4,normal,seed20,183,11.0
hpmcounter4,normal,seed20,184,11.0
hpmcounter4,normal,seed20,185,11.0
hpmcounter4,normal,seed20,186,11.0
hpmcounter4,normal,seed20,187,11.0
hpmcounter4,normal,seed20,188,11.0
hpmcounter4,normal,seed20,189,11.0
hpmcounter4,normal,seed20,190,11.0
hpmcounter4,normal,seed20,191,11.0
hpmcounter4,normal,seed20,192,11.0
hpmcounter4,normal,seed20,193,11.0
hpmcounter4,normal,seed20,194,11.0
hpmcounter4,normal,seed20,195,11.0
hpmcounter4,normal,seed20,196,11.0
hpmcounter4,normal,seed20,197,11.0
hpmcounter4,normal,seed20,198,11.0
hpmcounter4,normal,seed20,199,11.0
hpmcounter4,normal,seed20,200,11.0
hpmcounter4,normal,seed20,201,11.0
hpmcounter4,normal,seed20,202,11.0
hpmcounter4,normal,seed20,203,11.0
hpmcounter4,normal,seed20,204,11.0
hpmcounter4,normal,seed20,205,11.0
hpmcounter4,normal,seed20,206,11.0
hpmcounter4,normal,seed20,207,11.0
hpmcounter4,normal,seed20,208,11.0
hpmcounter4,normal,seed20,209,11.0
hpmcounter4,normal,seed20,210,11.0
hpmcounter4,normal,seed20,211,11.0
hpmcounter4,normal,seed20,212,11.0
hpmcounter4,normal,seed20,213,11.0
hpmcounter4,normal,seed20,214,11.0
hpmcounter4,normal,seed20,215,11.0
hpmcounter4,normal,seed20,216,11.0
hpmcounter4,normal,seed20,217,11.0
hpmcounter4,normal,seed20,218,11.0
hpmcounter4,normal,seed20,219,11.0
hpmcounter4,normal,seed20,220,11.0
hpmcounter4,normal,seed20,221,11.0
hpmcounter4,normal,seed20,222,11.0
hpmcounter4,normal,seed20,223,11.545454545454545
hpmcounter4,normal,seed20,224,11.969696969696969
hpmcounter4,normal,seed20,225,12.272727272727273
hpmcounter4,normal,seed20,226,12.454545454545455
hpmcounter4,normal,seed20,227,12.515151515151516
hpmcounter4,normal,seed20,228,12.454545454545455
hpmcounter4,normal,seed20,229,12.272727272727273
hpmcounter4,normal,seed20,230,11.969696969696969
hpmcounter4,normal,seed20,231,11.545454545454545
hpmcounter4,normal,seed20,232,11.0
hpmcounter4,normal,seed20,233,11.0
hpmcounter4,normal,seed20,234,11.0
hpmcounter4,normal,seed20,235,11.0
hpmcounter4,normal,seed20,236,11.0
hpmcounter4,normal,seed20,237,11.0
hpmcounter4,normal,seed20,238,11.0
hpmcounter4,normal,seed20,239,11.0
hpmcounter4,normal,seed20,240,11.0
hpmcounter4,normal,seed20,241,11.0
hpmcounter4,normal,seed20,242,11.0
hpmcounter4,normal,seed20,243,11.0
hpmcounter4,normal,seed20,244,11.0
hpmcounter4,normal,seed20,245,11.0
hpmcounter4,normal,seed20,246,11.0
hpmcounter4,normal,seed20,247,11.0
hpmcounter4,normal,seed20,248,11.0
hpmcounter4,normal,seed20,249,11.0
hpmcounter4,normal,seed20,250,11.0
hpmcounter4,normal,seed20,251,11.0
hpmcounter4,normal,seed20,252,11.0
hpmcounter4,normal,seed20,253,11.545454545454545
hpmcounter4,normal,seed20,254,12.515151515151516
hpmcounter4,normal,seed20,255,13.787878787878787
hpmcounter4,normal,seed20,256,15.242424242424242
hpmcounter4,normal,seed20,257,16.21212121212121
hpmcounter4,normal,seed20,258,16.696969696969695
hpmcounter4,normal,seed20,259,16.696969696969695
hpmcounter4,normal,seed20,260,16.757575757575758
hpmcounter4,normal,seed20,261,16.757575757575758
hpmcounter4,normal,seed20,262,16.03030303030303
hpmcounter4,normal,seed20,263,15.242424242424242
hpmcounter4,normal,seed20,264,14.515151515151516
hpmcounter4,normal,seed20,265,13.969696969696969
hpmcounter4,normal,seed20,266,13.727272727272727
hpmcounter4,normal,seed20,267,13.242424242424242
hpmcounter4,normal,seed20,268,12.515151515151516
hpmcounter4,normal,seed20,269,11.545454545454545
hpmcounter4,normal,seed20,270,11.0
hpmcounter4,normal,seed20,271,11.0
hpmcounter4,normal,seed20,272,11.0
hpmcounter4,normal,seed20,273,11.0
hpmcounter4,normal,seed20,274,11.0
hpmcounter4,normal,seed20,275,11.0
hpmcounter4,normal,seed20,276,11.0
hpmcounter4,normal,seed20,277,11.0
hpmcounter4,normal,seed20,278,11.0
hpmcounter4,normal,seed20,279,11.0
hpmcounter4,normal,seed20,280,11.0
hpmcounter4,normal,seed20,281,11.0
hpmcounter4,normal,seed20,282,11.0
hpmcounter4,normal,seed20,283,11.0
hpmcounter4,normal,seed20,284,11.0
hpmcounter4,normal,seed20,285,11.0
hpmcounter4,normal,seed20,286,11.0
hpmcounter4,normal,seed20,287,11.0
hpmcounter4,normal,seed20,288,11.0
hpmcounter4,normal,seed20,289,11.0
hpmcounter4,normal,seed20,290,11.0
hpmcounter4,normal,seed20,291,11.0
hpmcounter4,normal,seed20,292,11.0
hpmcounter4,normal,seed20,293,11.0
hpmcounter4,normal,seed20,294,11.0
hpmcounter4,normal,seed20,295,11.0
hpmcounter4,normal,seed20,296,11.0
hpmcounter4,normal,seed20,297,11.0
hpmcounter4,normal,seed20,298,11.0
hpmcounter4,normal,seed3,9,11.0
hpmcounter4,normal,seed3,10,11.0
hpmcounter4,normal,seed3,11,11.0
hpmcounter4,normal,seed3,12,11.0
hpmcounter4,normal,seed3,13,11.0
hpmcounter4,normal,seed3,14,11.0
hpmcounter4,normal,seed3,15,11.0
hpmcounter4,normal,seed3,16,11.0
hpmcounter4,normal,seed3,17,11.0
hpmcounter4,normal,seed3,18,11.0
hpmcounter4,normal,seed3,19,11.0
hpmcounter4,normal,seed3,20,11.545454545454545
hpmcounter4,normal,seed3,21,11.969696969696969
hpmcounter4,normal,seed3,22,12.272727272727273
hpmcounter4,normal,seed3,23,13.0
hpmcounter4,normal,seed3,24,13.484848484848484
hpmcounter4,normal,seed3,25,14.272727272727273
hpmcounter4,normal,seed3,26,14.696969696969697
hpmcounter4,normal,seed3,27,14.757575757575758
hpmcounter4,normal,seed3,28,14.454545454545455
hpmcounter4,normal,seed3,29,13.787878787878787
hpmcounter4,normal,seed3,30,13.424242424242424
hpmcounter4,normal,seed3,31,12.818181818181818
hpmcounter4,normal,seed3,32,11.969696969696969
hpmcounter4,normal,seed3,33,11.545454545454545
hpmcounter4,normal,seed3,34,11.0
hpmcounter4,normal,seed3,35,11.0
hpmcounter4,normal,seed3,36,11.0
hpmcounter4,normal,seed3,37,11.0
hpmcounter4,normal,seed3,38,11.0
hpmcounter4,normal,seed3,39,11.0
hpmcounter4,normal,seed3,40,11.0
hpmcounter4,normal,seed3,41,11.0
hpmcounter4,normal,seed3,42,11.0
hpmcounter4,normal,seed3,43,11.0
hpmcounter4,normal,seed3,44,11.0
hpmcounter4,normal,seed3,45,11.0
hpmcounter4,normal,seed3,46,11.0
hpmcounter4,normal,seed3,47,11.0
hpmcounter4,normal,seed3,48,11.0
hpmcounter4,normal,seed3,49,11.0
hpmcounter4,normal,seed3,50,11.0
hpmcounter4,normal,seed3,51,11.0
hpmcounter4,normal,seed3,52,11.0
hpmcounter4,normal,seed3,53,11.0
hpmcounter4,normal,seed3,54,11.0
hpmcounter4,normal,seed3,55,11.0
hpmcounter4,normal,seed3,56,11.0
hpmcounter4,normal,seed3,57,11.0
hpmcounter4,normal,seed3,58,11.0
hpmcounter4,normal,seed3,59,11.0
hpmcounter4,normal,seed3,60,11.0
hpmcounter4,normal,seed3,61,11.0
hpmcounter4,normal,seed3,62,11.0
hpmcounter4,normal,seed3,63,11.0
hpmcounter4,normal,seed3,64,11.0
hpmcounter4,normal,seed3,65,11.0
hpmcounter4,normal,seed3,66,11.0
hpmcounter4,normal,seed3,67,11.0
hpmcounter4,normal,seed3,68,11.0
hpmcounter4,normal,seed3,69,11.0
hpmcounter4,normal,seed3,70,11.0
hpmcounter4,normal,seed3,71,11.0
hpmcounter4,normal,seed3,72,11.0
hpmcounter4,normal,seed3,73,11.0
hpmcounter4,normal,seed3,74,11.0
hpmcounter4,normal,seed3,75,11.0
hpmcounter4,normal,seed3,76,11.0
hpmcounter4,normal,seed3,77,11.0
hpmcounter4,normal,seed3,78,11.0
hpmcounter4,normal,seed3,79,11.0
hpmcounter4,normal,seed3,80,11.0
hpmcounter4,normal,seed3,81,11.0
hpmcounter4,normal,seed3,82,11.0
hpmcounter4,normal,seed3,83,11.0
hpmcounter4,normal,seed3,84,11.0
hpmcounter4,normal,seed3,85,11.0
hpmcounter4,normal,seed3,86,11.0
hpmcounter4,normal,seed3,87,11.0
hpmcounter4,normal,seed3,88,11.0
hpmcounter4,normal,seed3,89,11.0
hpmcounter4,normal,seed3,90,11.0
hpmcounter4,normal,seed3,91,11.0
hpmcounter4,normal,seed3,92,11.0
hpmcounter4,normal,seed3,93,11.0
hpmcounter4,normal,seed3,94,11.0
hpmcounter4,normal,seed3,95,11.0
hpmcounter4,normal,seed3,96,11.0
hpmcounter4,normal,seed3,97,11.0
hpmcounter4,normal,seed3,98,11.0
hpmcounter4,normal,seed3,99,11.0
hpmcounter4,normal,seed3,100,11.0
hpmcounter4,normal,seed3,101,11.0
hpmcounter4,normal,seed3,102,11.0
hpmcounter4,normal,seed3,103,11.0
hpmcounter4,normal,seed3,104,11.0
hpmcounter4,normal,seed3,105,11.0
hpmcounter4,normal,seed3,106,11.0
hpmcounter4,normal,seed3,107,11.0
hpmcounter4,normal,seed3,108,11.0
hpmcounter4,normal,seed3,109,11.0
hpmcounter4,normal,seed3,110,11.0
hpmcounter4,normal,seed3,111,11.0
hpmcounter4,normal,seed3,112,11.0
hpmcounter4,normal,seed3,113,11.0
hpmcounter4,normal,seed3,114,11.0
hpmcounter4,normal,seed3,115,11.0
hpmcounter4,normal,seed3,116,11.0
hpmcounter4,normal,seed3,117,11.0
hpmcounter4,normal,seed3,118,11.0
hpmcounter4,normal,seed3,119,11.0
hpmcounter4,normal,seed3,120,11.0
hpmcounter4,normal,seed3,121,11.0
hpmcounter4,normal,seed3,122,11.0
hpmcounter4,normal,seed3,123,11.0
hpmcounter4,normal,seed3,124,11.0
hpmcounter4,normal,seed3,125,11.0
hpmcounter4,normal,seed3,126,11.0
hpmcounter4,normal,seed3,127,11.0
hpmcounter4,normal,seed3,128,11.0
hpmcounter4,normal,seed3,129,11.0
hpmcounter4,normal,seed3,130,11.0
hpmcounter4,normal,seed3,131,11.0
hpmcounter4,normal,seed3,132,11.545454545454545
hpmcounter4,normal,seed3,133,11.969696969696969
hpmcounter4,normal,seed3,134,12.272727272727273
hpmcounter4,normal,seed3,135,12.454545454545455
hpmcounter4,normal,seed3,136,12.515151515151516
hpmcounter4,normal,seed3,137,13.0
hpmcounter4,normal,seed3,138,13.242424242424242
hpmcounter4,normal,seed3,139,13.242424242424242
hpmcounter4,normal,seed3,140,13.0
hpmcounter4,normal,seed3,141,12.515151515151516
hpmcounter4,normal,seed3,142,12.454545454545455
hpmcounter4,normal,seed3,143,12.272727272727273
hpmcounter4,normal,seed3,144,11.969696969696969
hpmcounter4,normal,seed3,145,11.545454545454545
hpmcounter4,normal,seed3,146,11.0
hpmcounter4,normal,seed3,147,11.0
hpmcounter4,normal,seed3,148,11.0
hpmcounter4,normal,seed3,149,11.0
hpmcounter4,normal,seed3,150,11.0
hpmcounter4,normal,seed3,151,11.0
hpmcounter4,normal,seed3,152,11.0
hpmcounter4,normal,seed3,153,11.0
hpmcounter4,normal,seed3,154,11.0
hpmcounter4,normal,seed3,155,11.0
hpmcounter4,normal,seed3,156,11.0
hpmcounter4,normal,seed3,157,11.0
hpmcounter4,normal,seed3,158,11.0
hpmcounter4,normal,seed3,159,11.0
hpmcounter4,normal,seed3,160,11.0
hpmcounter4,normal,seed3,161,11.0
hpmcounter4,normal,seed3,162,11.0
hpmcounter4,normal,seed3,163,11.0
hpmcounter4,normal,seed3,164,11.0
hpmcounter4,normal,seed3,165,11.0
hpmcounter4,normal,seed3,166,11.0
hpmcounter4,normal,seed3,167,11.0
hpmcounter4,normal,seed3,168,11.0
hpmcounter4,normal,seed3,169,11.0
hpmcounter4,normal,seed3,170,11.0
hpmcounter4,normal,seed3,171,11.0
hpmcounter4,normal,seed3,172,11.0
hpmcounter4,normal,seed3,173,11.0
hpmcounter4,normal,seed3,174,11.0
hpmcounter4,normal,seed3,175,11.0
hpmcounter4,normal,seed3,176,11.0
hpmcounter4,normal,seed3,177,11.0
hpmcounter4,normal,seed3,178,11.0
hpmcounter4,normal,seed3,179,11.0
hpmcounter4,normal,seed3,180,11.0
hpmcounter4,normal,seed3,181,11.0
hpmcounter4,normal,seed3,182,11.0
hpmcounter4,normal,seed3,183,11.0
hpmcounter4,normal,seed3,184,11.0
hpmcounter4,normal,seed3,185,11.0
hpmcounter4,normal,seed3,186,11.0
hpmcounter4,normal,seed3,187,11.0
hpmcounter4,normal,seed3,188,11.0
hpmcounter4,normal,seed3,189,11.0
hpmcounter4,normal,seed3,190,11.0
hpmcounter4,normal,seed3,191,11.0
hpmcounter4,normal,seed3,192,11.0
hpmcounter4,normal,seed3,193,11.0
hpmcounter4,normal,seed3,194,11.0
hpmcounter4,normal,seed3,195,11.0
hpmcounter4,normal,seed3,196,11.0
hpmcounter4,normal,seed3,197,11.0
hpmcounter4,normal,seed3,198,11.0
hpmcounter4,normal,seed3,199,11.0
hpmcounter4,normal,seed3,200,11.0
hpmcounter4,normal,seed3,201,11.0
hpmcounter4,normal,seed3,202,11.0
hpmcounter4,normal,seed3,203,11.0
hpmcounter4,normal,seed3,204,11.0
hpmcounter4,normal,seed3,205,11.0
hpmcounter4,normal,seed3,206,11.0
hpmcounter4,normal,seed3,207,11.0
hpmcounter4,normal,seed3,208,11.0
hpmcounter4,normal,seed3,209,11.0
hpmcounter4,normal,seed3,210,11.0
hpmcounter4,normal,seed3,211,11.0
hpmcounter4,normal,seed3,212,11.0
hpmcounter4,normal,seed3,213,11.0
hpmcounter4,normal,seed3,214,11.0
hpmcounter4,normal,seed3,215,11.0
hpmcounter4,normal,seed3,216,11.0
hpmcounter4,normal,seed3,217,11.0
hpmcounter4,normal,seed3,218,11.0
hpmcounter4,normal,seed3,219,11.0
hpmcounter4,normal,seed3,220,11.0
hpmcounter4,normal,seed3,221,11.0
hpmcounter4,normal,seed3,222,11.0
hpmcounter4,normal,seed3,223,11.0
hpmcounter4,normal,seed3,224,11.0
hpmcounter4,normal,seed3,225,11.0
hpmcounter4,normal,seed3,226,11.0
hpmcounter4,normal,seed3,227,11.0
hpmcounter4,normal,seed3,228,11.0
hpmcounter4,normal,seed3,229,11.0
hpmcounter4,normal,seed3,230,11.0
hpmcounter4,normal,seed3,231,11.0
hpmcounter4,normal,seed3,232,11.0
hpmcounter4,normal,seed3,233,11.0
hpmcounter4,normal,seed3,234,11.0
hpmcounter4,normal,seed3,235,11.0
hpmcounter4,normal,seed3,236,11.0
hpmcounter4,normal,seed3,237,11.0
hpmcounter4,normal,seed3,238,11.0
hpmcounter4,normal,seed3,239,11.0
hpmcounter4,normal,seed3,240,11.0
hpmcounter4,normal,seed3,241,11.0
hpmcounter4,normal,seed3,242,11.0
hpmcounter4,normal,seed3,243,11.0
hpmcounter4,normal,seed3,244,11.0
hpmcounter4,normal,seed3,245,11.0
hpmcounter4,normal,seed3,246,11.0
hpmcounter4,normal,seed3,247,11.0
hpmcounter4,normal,seed3,248,11.0
hpmcounter4,normal,seed3,249,11.0
hpmcounter4,normal,seed3,250,11.0
hpmcounter4,normal,seed3,251,11.0
hpmcounter4,normal,seed3,252,11.0
hpmcounter4,normal,seed3,253,11.0
hpmcounter4,normal,seed3,254,11.0
hpmcounter4,normal,seed3,255,11.0
hpmcounter4,normal,seed3,256,11.0
hpmcounter4,normal,seed3,257,11.0
hpmcounter4,normal,seed3,258,11.0
hpmcounter4,normal,seed3,259,11.0
hpmcounter4,normal,seed3,260,11.0
hpmcounter4,normal,seed3,261,11.0
hpmcounter4,normal,seed3,262,11.0
hpmcounter4,normal,seed3,263,11.0
hpmcounter4,normal,seed3,264,11.0
hpmcounter4,normal,seed3,265,11.0
hpmcounter4,normal,seed3,266,11.0
hpmcounter4,normal,seed3,267,11.0
hpmcounter4,normal,seed3,268,11.0
hpmcounter4,normal,seed3,269,11.0
hpmcounter4,normal,seed3,270,11.0
hpmcounter4,normal,seed3,271,11.0
hpmcounter4,normal,seed3,272,11.0
hpmcounter4,normal,seed3,273,11.0
hpmcounter4,normal,seed3,274,11.0
hpmcounter4,normal,seed3,275,11.0
hpmcounter4,normal,seed3,276,11.0
hpmcounter4,normal,seed3,277,11.0
hpmcounter4,normal,seed3,278,11.0
hpmcounter4,normal,seed3,279,11.0
hpmcounter4,normal,seed3,280,11.0
hpmcounter4,normal,seed3,281,11.0
hpmcounter4,normal,seed3,282,11.0
hpmcounter4,normal,seed3,283,11.0
hpmcounter4,normal,seed3,284,11.0
hpmcounter4,normal,seed3,285,11.0
hpmcounter4,normal,seed3,286,11.0
hpmcounter4,normal,seed3,287,11.0
hpmcounter4,normal,seed3,288,11.0
hpmcounter4,normal,seed3,289,11.0
hpmcounter4,normal,seed3,290,11.0
hpmcounter4,normal,seed3,291,11.0
hpmcounter4,normal,seed3,292,11.0
hpmcounter4,normal,seed3,293,11.0
hpmcounter4,normal,seed3,294,11.545454545454545
hpmcounter4,normal,seed3,295,11.969696969696969
hpmcounter4,normal,seed3,296,12.272727272727273
hpmcounter4,normal,seed3,297,12.454545454545455
hpmcounter4,normal,seed3,298,12.515151515151516
hpmcounter4,normal,seed4,9,11.0
hpmcounter4,normal,seed4,10,11.0
hpmcounter4,normal,seed4,11,11.0
hpmcounter4,normal,seed4,12,11.0
hpmcounter4,normal,seed4,13,11.0
hpmcounter4,normal,seed4,14,11.0
hpmcounter4,normal,seed4,15,11.0
hpmcounter4,normal,seed4,16,11.0
hpmcounter4,normal,seed4,17,11.0
hpmcounter4,normal,seed4,18,11.0
hpmcounter4,normal,seed4,19,11.0
hpmcounter4,normal,seed4,20,11.0
hpmcounter4,normal,seed4,21,11.0
hpmcounter4,normal,seed4,22,11.0
hpmcounter4,normal,seed4,23,11.0
hpmcounter4,normal,seed4,24,11.0
hpmcounter4,normal,seed4,25,11.0
hpmcounter4,normal,seed4,26,11.0
hpmcounter4,normal,seed4,27,11.0
hpmcounter4,normal,seed4,28,11.0
hpmcounter4,normal,seed4,29,11.0
hpmcounter4,normal,seed4,30,11.0
hpmcounter4,normal,seed4,31,11.0
hpmcounter4,normal,seed4,32,11.0
hpmcounter4,normal,seed4,33,11.0
hpmcounter4,normal,seed4,34,11.0
hpmcounter4,normal,seed4,35,11.0
hpmcounter4,normal,seed4,36,11.0
hpmcounter4,normal,seed4,37,11.0
hpmcounter4,normal,seed4,38,11.0
hpmcounter4,normal,seed4,39,11.0
hpmcounter4,normal,seed4,40,11.0
hpmcounter4,normal,seed4,41,11.0
hpmcounter4,normal,seed4,42,11.0
hpmcounter4,normal,seed4,43,11.0
hpmcounter4,normal,seed4,44,11.0
hpmcounter4,normal,seed4,45,11.0
hpmcounter4,normal,seed4,46,11.0
hpmcounter4,normal,seed4,47,11.0
hpmcounter4,normal,seed4,48,11.0
hpmcounter4,normal,seed4,49,11.0
hpmcounter4,normal,seed4,50,11.0
hpmcounter4,normal,seed4,51,11.0
hpmcounter4,normal,seed4,52,11.0
hpmcounter4,normal,seed4,53,11.0
hpmcounter4,normal,seed4,54,11.0
hpmcounter4,normal,seed4,55,11.0
hpmcounter4,normal,seed4,56,11.0
hpmcounter4,normal,seed4,57,11.0
hpmcounter4,normal,seed4,58,11.0
hpmcounter4,normal,seed4,59,11.0
hpmcounter4,normal,seed4,60,11.0
hpmcounter4,normal,seed4,61,11.0
hpmcounter4,normal,seed4,62,11.0
hpmcounter4,normal,seed4,63,11.0
hpmcounter4,normal,seed4,64,11.0
hpmcounter4,normal,seed4,65,11.0
hpmcounter4,normal,seed4,66,11.0
hpmcounter4,normal,seed4,67,11.0
hpmcounter4,normal,seed4,68,11.0
hpmcounter4,normal,seed4,69,11.0
hpmcounter4,normal,seed4,70,11.0
hpmcounter4,normal,seed4,71,11.0
hpmcounter4,normal,seed4,72,11.0
hpmcounter4,normal,seed4,73,11.0
hpmcounter4,normal,seed4,74,11.0
hpmcounter4,normal,seed4,75,11.0
hpmcounter4,normal,seed4,76,11.0
hpmcounter4,normal,seed4,77,11.0
hpmcounter4,normal,seed4,78,11.0
hpmcounter4,normal,seed4,79,11.0
hpmcounter4,normal,seed4,80,11.0
hpmcounter4,normal,seed4,81,11.0
hpmcounter4,normal,seed4,82,11.0
hpmcounter4,normal,seed4,83,11.0
hpmcounter4,normal,seed4,84,11.0
hpmcounter4,normal,seed4,85,11.0
hpmcounter4,normal,seed4,86,11.0
hpmcounter4,normal,seed4,87,11.0
hpmcounter4,normal,seed4,88,11.0
hpmcounter4,normal,seed4,89,11.0
hpmcounter4,normal,seed4,90,11.0
hpmcounter4,normal,seed4,91,11.0
hpmcounter4,normal,seed4,92,11.0
hpmcounter4,normal,seed4,93,11.0
hpmcounter4,normal,seed4,94,11.0
hpmcounter4,normal,seed4,95,11.0
hpmcounter4,normal,seed4,96,11.0
hpmcounter4,normal,seed4,97,11.0
hpmcounter4,normal,seed4,98,11.0
hpmcounter4,normal,seed4,99,11.0
hpmcounter4,normal,seed4,100,11.0
hpmcounter4,normal,seed4,101,11.0
hpmcounter4,normal,seed4,102,11.0
hpmcounter4,normal,seed4,103,11.0
hpmcounter4,normal,seed4,104,11.0
hpmcounter4,normal,seed4,105,11.0
hpmcounter4,normal,seed4,106,11.0
hpmcounter4,normal,seed4,107,11.0
hpmcounter4,normal,seed4,108,11.0
hpmcounter4,normal,seed4,109,11.0
hpmcounter4,normal,seed4,110,11.0
hpmcounter4,normal,seed4,111,11.0
hpmcounter4,normal,seed4,112,11.0
hpmcounter4,normal,seed4,113,11.0
hpmcounter4,normal,seed4,114,11.0
hpmcounter4,normal,seed4,115,11.0
hpmcounter4,normal,seed4,116,11.545454545454545
hpmcounter4,normal,seed4,117,12.515151515151516
hpmcounter4,normal,seed4,118,13.242424242424242
hpmcounter4,normal,seed4,119,13.727272727272727
hpmcounter4,normal,seed4,120,13.969696969696969
hpmcounter4,normal,seed4,121,13.969696969696969
hpmcounter4,normal,seed4,122,13.727272727272727
hpmcounter4,normal,seed4,123,13.787878787878787
hpmcounter4,normal,seed4,124,13.484848484848484
hpmcounter4,normal,seed4,125,12.818181818181818
hpmcounter4,normal,seed4,126,12.454545454545455
hpmcounter4,normal,seed4,127,12.515151515151516
hpmcounter4,normal,seed4,128,12.454545454545455
hpmcounter4,normal,seed4,129,12.272727272727273
hpmcounter4,normal,seed4,130,11.969696969696969
hpmcounter4,normal,seed4,131,11.545454545454545
hpmcounter4,normal,seed4,132,11.0
hpmcounter4,normal,seed4,133,11.0
hpmcounter4,normal,seed4,134,11.0
hpmcounter4,normal,seed4,135,11.0
hpmcounter4,normal,seed4,136,11.0
hpmcounter4,normal,seed4,137,11.0
hpmcounter4,normal,seed4,138,11.0
hpmcounter4,normal,seed4,139,11.0
hpmcounter4,normal,seed4,140,11.0
hpmcounter4,normal,seed4,141,11.0
hpmcounter4,normal,seed4,142,11.0
hpmcounter4,normal,seed4,143,11.0
hpmcounter4,normal,seed4,144,11.0
hpmcounter4,normal,seed4,145,11.0
hpmcounter4,normal,seed4,146,11.0
hpmcounter4,normal,seed4,147,11.0
hpmcounter4,normal,seed4,148,11.0
hpmcounter4,normal,seed4,149,11.0
hpmcounter4,normal,seed4,150,11.0
hpmcounter4,normal,seed4,151,11.0
hpmcounter4,normal,seed4,152,11.0
hpmcounter4,normal,seed4,153,11.0
hpmcounter4,normal,seed4,154,11.0
hpmcounter4,normal,seed4,155,11.0
hpmcounter4,normal,seed4,156,11.0
hpmcounter4,normal,seed4,157,11.0
hpmcounter4,normal,seed4,158,11.0
hpmcounter4,normal,seed4,159,11.0
hpmcounter4,normal,seed4,160,11.0
hpmcounter4,normal,seed4,161,11.0
hpmcounter4,normal,seed4,162,11.0
hpmcounter4,normal,seed4,163,11.0
hpmcounter4,normal,seed4,164,11.0
hpmcounter4,normal,seed4,165,11.545454545454545
hpmcounter4,normal,seed4,166,11.969696969696969
hpmcounter4,normal,seed4,167,12.272727272727273
hpmcounter4,normal,seed4,168,13.0
hpmcounter4,normal,seed4,169,13.484848484848484
hpmcounter4,normal,seed4,170,13.727272727272727
hpmcounter4,normal,seed4,171,14.272727272727273
hpmcounter4,normal,seed4,172,15.0
hpmcounter4,normal,seed4,173,15.787878787878787
hpmcounter4,normal,seed4,174,15.969696969696969
hpmcounter4,normal,seed4,175,16.21212121212121
hpmcounter4,normal,seed4,176,15.969696969696969
hpmcounter4,normal,seed4,177,15.242424242424242
hpmcounter4,normal,seed4,178,14.696969696969697
hpmcounter4,normal,seed4,179,13.787878787878787
hpmcounter4,normal,seed4,180,12.515151515151516
hpmcounter4,normal,seed4,181,11.545454545454545
hpmcounter4,normal,seed4,182,11.0
hpmcounter4,normal,seed4,183,11.0
hpmcounter4,normal,seed4,184,11.0
hpmcounter4,normal,seed4,185,11.0
hpmcounter4,normal,seed4,186,11.0
hpmcounter4,normal,seed4,187,11.0
hpmcounter4,normal,seed4,188,11.0
hpmcounter4,normal,seed4,189,11.0
hpmcounter4,normal,seed4,190,11.0
hpmcounter4,normal,seed4,191,11.0
hpmcounter4,normal,seed4,192,11.0
hpmcounter4,normal,seed4,193,11.0
hpmcounter4,normal,seed4,194,11.0
hpmcounter4,normal,seed4,195,11.0
hpmcounter4,normal,seed4,196,11.0
hpmcounter4,normal,seed4,197,11.0
hpmcounter4,normal,seed4,198,11.0
hpmcounter4,normal,seed4,199,11.0
hpmcounter4,normal,seed4,200,11.0
hpmcounter4,normal,seed4,201,11.0
hpmcounter4,normal,seed4,202,11.0
hpmcounter4,normal,seed4,203,11.0
hpmcounter4,normal,seed4,204,11.0
hpmcounter4,normal,seed4,205,11.0
hpmcounter4,normal,seed4,206,11.0
hpmcounter4,normal,seed4,207,11.0
hpmcounter4,normal,seed4,208,11.0
hpmcounter4,normal,seed4,209,11.0
hpmcounter4,normal,seed4,210,11.0
hpmcounter4,normal,seed4,211,11.0
hpmcounter4,normal,seed4,212,11.0
hpmcounter4,normal,seed4,213,11.0
hpmcounter4,normal,seed4,214,11.0
hpmcounter4,normal,seed4,215,11.0
hpmcounter4,normal,seed4,216,11.0
hpmcounter4,normal,seed4,217,11.0
hpmcounter4,normal,seed4,218,11.0
hpmcounter4,normal,seed4,219,11.0
hpmcounter4,normal,seed4,220,11.0
hpmcounter4,normal,seed4,221,11.0
hpmcounter4,normal,seed4,222,11.0
hpmcounter4,normal,seed4,223,11.0
hpmcounter4,normal,seed4,224,11.0
hpmcounter4,normal,seed4,225,11.0
hpmcounter4,normal,seed4,226,11.0
hpmcounter4,normal,seed4,227,11.0
hpmcounter4,normal,seed4,228,11.0
hpmcounter4,normal,seed4,229,11.0
hpmcounter4,normal,seed4,230,11.0
hpmcounter4,normal,seed4,231,11.0
hpmcounter4,normal,seed4,232,11.0
hpmcounter4,normal,seed4,233,11.0
hpmcounter4,normal,seed4,234,11.0
hpmcounter4,normal,seed4,235,11.0
hpmcounter4,normal,seed4,236,11.0
hpmcounter4,normal,seed4,237,11.0
hpmcounter4,normal,seed4,238,11.0
hpmcounter4,normal,seed4,239,11.0
hpmcounter4,normal,seed4,240,11.0
hpmcounter4,normal,seed4,241,11.0
hpmcounter4,normal,seed4,242,11.0
hpmcounter4,normal,seed4,243,11.0
hpmcounter4,normal,seed4,244,11.0
hpmcounter4,normal,seed4,245,11.0
hpmcounter4,normal,seed4,246,11.0
hpmcounter4,normal,seed4,247,11.0
hpmcounter4,normal,seed4,248,11.0
hpmcounter4,normal,seed4,249,11.0
hpmcounter4,normal,seed4,250,11.0
hpmcounter4,normal,seed4,251,11.0
hpmcounter4,normal,seed4,252,11.0
hpmcounter4,normal,seed4,253,11.0
hpmcounter4,normal,seed4,254,11.0
hpmcounter4,normal,seed4,255,11.0
hpmcounter4,normal,seed4,256,11.0
hpmcounter4,normal,seed4,257,11.0
hpmcounter4,normal,seed4,258,11.0
hpmcounter4,normal,seed4,259,11.0
hpmcounter4,normal,seed4,260,11.0
hpmcounter4,normal,seed4,261,11.0
hpmcounter4,normal,seed4,262,11.0
hpmcounter4,normal,seed4,263,11.0
hpmcounter4,normal,seed4,264,11.0
hpmcounter4,normal,seed4,265,11.0
hpmcounter4,normal,seed4,266,11.0
hpmcounter4,normal,seed4,267,11.545454545454545
hpmcounter4,normal,seed4,268,12.515151515151516
hpmcounter4,normal,seed4,269,13.787878787878787
hpmcounter4,normal,seed4,270,15.242424242424242
hpmcounter4,normal,seed4,271,16.757575757575758
hpmcounter4,normal,seed4,272,17.666666666666668
hpmcounter4,normal,seed4,273,17.96969696969697
hpmcounter4,normal,seed4,274,17.666666666666668
hpmcounter4,normal,seed4,275,16.757575757575758
hpmcounter4,normal,seed4,276,15.242424242424242
hpmcounter4,normal,seed4,277,13.787878787878787
hpmcounter4,normal,seed4,278,12.515151515151516
hpmcounter4,normal,seed4,279,11.545454545454545
hpmcounter4,normal,seed4,280,11.0
hpmcounter4,normal,seed4,281,11.0
hpmcounter4,normal,seed4,282,11.0
hpmcounter4,normal,seed4,283,11.0
hpmcounter4,normal,seed4,284,11.0
hpmcounter4,normal,seed4,285,11.0
hpmcounter4,normal,seed4,286,11.0
hpmcounter4,normal,seed4,287,11.0
hpmcounter4,normal,seed4,288,11.0
hpmcounter4,normal,seed4,289,11.0
hpmcounter4,normal,seed4,290,11.0
hpmcounter4,normal,seed4,291,11.0
hpmcounter4,normal,seed4,292,11.0
hpmcounter4,normal,seed4,293,11.0
hpmcounter4,normal,seed4,294,11.0
hpmcounter4,normal,seed4,295,11.0
hpmcounter4,normal,seed4,296,11.0
hpmcounter4,normal,seed4,297,11.0
hpmcounter4,normal,seed4,298,11.0
hpmcounter4,normal,seed5,9,16.21212121212121
hpmcounter4,normal,seed5,10,15.242424242424242
hpmcounter4,normal,seed5,11,13.787878787878787
hpmcounter4,normal,seed5,12,12.515151515151516
hpmcounter4,normal,seed5,13,11.545454545454545
hpmcounter4,normal,seed5,14,11.0
hpmcounter4,normal,seed5,15,11.0
hpmcounter4,normal,seed5,16,11.0
hpmcounter4,normal,seed5,17,11.0
hpmcounter4,normal,seed5,18,11.0
hpmcounter4,normal,seed5,19,11.0
hpmcounter4,normal,seed5,20,11.0
hpmcounter4,normal,seed5,21,11.0
hpmcounter4,normal,seed5,22,11.0
hpmcounter4,normal,seed5,23,11.0
hpmcounter4,normal,seed5,24,11.0
hpmcounter4,normal,seed5,25,11.0
hpmcounter4,normal,seed5,26,11.0
hpmcounter4,normal,seed5,27,11.0
hpmcounter4,normal,seed5,28,11.0
hpmcounter4,normal,seed5,29,11.0
hpmcounter4,normal,seed5,30,11.545454545454545
hpmcounter4,normal,seed5,31,12.515151515151516
hpmcounter4,normal,seed5,32,13.242424242424242
hpmcounter4,normal,seed5,33,14.272727272727273
hpmcounter4,normal,seed5,34,15.484848484848484
hpmcounter4,normal,seed5,35,16.757575757575758
hpmcounter4,normal,seed5,36,17.96969696969697
hpmcounter4,normal,seed5,37,19.0
hpmcounter4,normal,seed5,38,19.181818181818183
hpmcounter4,normal,seed5,39,18.515151515151516
hpmcounter4,normal,seed5,40,17.666666666666668
hpmcounter4,normal,seed5,41,16.757575757575758
hpmcounter4,normal,seed5,42,15.787878787878787
hpmcounter4,normal,seed5,43,14.757575757575758
hpmcounter4,normal,seed5,44,13.787878787878787
hpmcounter4,normal,seed5,45,13.0
hpmcounter4,normal,seed5,46,12.515151515151516
hpmcounter4,normal,seed5,47,12.454545454545455
hpmcounter4,normal,seed5,48,12.272727272727273
hpmcounter4,normal,seed5,49,11.969696969696969
hpmcounter4,normal,seed5,50,11.545454545454545
hpmcounter4,normal,seed5,51,11.0
hpmcounter4,normal,seed5,52,11.0
hpmcounter4,normal,seed5,53,11.0
hpmcounter4,normal,seed5,54,11.0
hpmcounter4,normal,seed5,55,11.0
hpmcounter4,normal,seed5,56,11.0
hpmcounter4,normal,seed5,57,11.0
hpmcounter4,normal,seed5,58,11.0
hpmcounter4,normal,seed5,59,11.545454545454545
hpmcounter4,normal,seed5,60,11.969696969696969
hpmcounter4,normal,seed5,61,12.818181818181818
hpmcounter4,normal,seed5,62,13.969696969696969
hpmcounter4,normal,seed5,63,15.303030303030303
hpmcounter4,normal,seed5,64,16.696969696969695
hpmcounter4,normal,seed5,65,17.484848484848484
hpmcounter4,normal,seed5,66,17.666666666666668
hpmcounter4,normal,seed5,67,17.242424242424242
hpmcounter4,normal,seed5,68,16.21212121212121
hpmcounter4,normal,seed5,69,15.242424242424242
hpmcounter4,normal,seed5,70,13.787878787878787
hpmcounter4,normal,seed5,71,12.515151515151516
hpmcounter4,normal,seed5,72,11.545454545454545
hpmcounter4,normal,seed5,73,11.0
hpmcounter4,normal,seed5,74,11.0
hpmcounter4,normal,seed5,75,11.0
hpmcounter4,normal,seed5,76,11.0
hpmcounter4,normal,seed5,77,11.0
hpmcounter4,normal,seed5,78,11.0
hpmcounter4,normal,seed5,79,11.0
hpmcounter4,normal,seed5,80,11.0
hpmcounter4,normal,seed5,81,11.0
hpmcounter4,normal,seed5,82,11.0
hpmcounter4,normal,seed5,83,11.0
hpmcounter4,normal,seed5,84,11.0
hpmcounter4,normal,seed5,85,11.0
hpmcounter4,normal,seed5,86,11.0
hpmcounter4,normal,seed5,87,11.0
hpmcounter4,normal,seed5,88,11.0
hpmcounter4,normal,seed5,89,11.0
hpmcounter4,normal,seed5,90,11.0
hpmcounter4,normal,seed5,91,11.0
hpmcounter4,normal,seed5,92,11.0
hpmcounter4,normal,seed5,93,11.0
hpmcounter4,normal,seed5,94,11.0
hpmcounter4,normal,seed5,95,11.0
hpmcounter4,normal,seed5,96,11.0
hpmcounter4,normal,seed5,97,11.0
hpmcounter4,normal,seed5,98,11.0
hpmcounter4,normal,seed5,99,11.0
hpmcounter4,normal,seed5,100,11.0
hpmcounter4,normal,seed5,101,11.0
hpmcounter4,normal,seed5,102,11.0
hpmcounter4,normal,seed5,103,11.0
hpmcounter4,normal,seed5,104,11.0
hpmcounter4,normal,seed5,105,11.0
hpmcounter4,normal,seed5,106,11.0
hpmcounter4,normal,seed5,107,11.0
hpmcounter4,normal,seed5,108,11.0
hpmcounter4,normal,seed5,109,11.0
hpmcounter4,normal,seed5,110,11.0
hpmcounter4,normal,seed5,111,11.0
hpmcounter4,normal,seed5,112,11.0
hpmcounter4,normal,seed5,113,11.0
hpmcounter4,normal,seed5,114,11.0
hpmcounter4,normal,seed5,115,11.0
hpmcounter4,normal,seed5,116,11.0
hpmcounter4,normal,seed5,117,11.0
hpmcounter4,normal,seed5,118,11.0
hpmcounter4,normal,seed5,119,11.545454545454545
hpmcounter4,normal,seed5,120,11.969696969696969
hpmcounter4,normal,seed5,121,12.272727272727273
hpmcounter4,normal,seed5,122,12.454545454545455
hpmcounter4,normal,seed5,123,12.515151515151516
hpmcounter4,normal,seed5,124,12.454545454545455
hpmcounter4,normal,seed5,125,12.272727272727273
hpmcounter4,normal,seed5,126,11.969696969696969
hpmcounter4,normal,seed5,127,11.545454545454545
hpmcounter4,normal,seed5,128,11.0
hpmcounter4,normal,seed5,129,11.0
hpmcounter4,normal,seed5,130,11.0
hpmcounter4,normal,seed5,131,11.0
hpmcounter4,normal,seed5,132,11.0
hpmcounter4,normal,seed5,133,11.0
hpmcounter4,normal,seed5,134,11.0
hpmcounter4,normal,seed5,135,11.0
hpmcounter4,normal,seed5,136,11.0
hpmcounter4,normal,seed5,137,11.0
hpmcounter4,normal,seed5,138,11.0
hpmcounter4,normal,seed5,139,11.0
hpmcounter4,normal,seed5,140,11.0
hpmcounter4,normal,seed5,141,11.0
hpmcounter4,normal,seed5,142,11.0
hpmcounter4,normal,seed5,143,11.0
hpmcounter4,normal,seed5,144,11.0
hpmcounter4,normal,seed5,145,11.0
hpmcounter4,normal,seed5,146,11.0
hpmcounter4,normal,seed5,147,11.0
hpmcounter4,normal,seed5,148,11.0
hpmcounter4,normal,seed5,149,11.0
hpmcounter4,normal,seed5,150,11.0
hpmcounter4,normal,seed5,151,11.0
hpmcounter4,normal,seed5,152,11.0
hpmcounter4,normal,seed5,153,11.0
hpmcounter4,normal,seed5,154,11.0
hpmcounter4,normal,seed5,155,11.0
hpmcounter4,normal,seed5,156,11.0
hpmcounter4,normal,seed5,157,11.0
hpmcounter4,normal,seed5,158,11.0
hpmcounter4,normal,seed5,159,11.0
hpmcounter4,normal,seed5,160,11.0
hpmcounter4,normal,seed5,161,11.0
hpmcounter4,normal,seed5,162,11.0
hpmcounter4,normal,seed5,163,11.0
hpmcounter4,normal,seed5,164,11.0
hpmcounter4,normal,seed5,165,11.0
hpmcounter4,normal,seed5,166,11.0
hpmcounter4,normal,seed5,167,11.0
hpmcounter4,normal,seed5,168,11.0
hpmcounter4,normal,seed5,169,11.0
hpmcounter4,normal,seed5,170,11.0
hpmcounter4,normal,seed5,171,11.0
hpmcounter4,normal,seed5,172,11.0
hpmcounter4,normal,seed5,173,11.0
hpmcounter4,normal,seed5,174,11.0
hpmcounter4,normal,seed5,175,11.0
hpmcounter4,normal,seed5,176,11.0
hpmcounter4,normal,seed5,177,11.0
hpmcounter4,normal,seed5,178,11.0
hpmcounter4,normal,seed5,179,11.0
hpmcounter4,normal,seed5,180,11.0
hpmcounter4,normal,seed5,181,11.0
hpmcounter4,normal,seed5,182,11.0
hpmcounter4,normal,seed5,183,11.0
hpmcounter4,normal,seed5,184,11.0
hpmcounter4,normal,seed5,185,11.0
hpmcounter4,normal,seed5,186,11.0
hpmcounter4,normal,seed5,187,11.0
hpmcounter4,normal,seed5,188,11.0
hpmcounter4,normal,seed5,189,11.0
hpmcounter4,normal,seed5,190,11.0
hpmcounter4,normal,seed5,191,11.0
hpmcounter4,normal,seed5,192,11.0
hpmcounter4,normal,seed5,193,11.0
hpmcounter4,normal,seed5,194,11.0
hpmcounter4,normal,seed5,195,11.0
hpmcounter4,normal,seed5,196,11.0
hpmcounter4,normal,seed5,197,11.0
hpmcounter4,normal,seed5,198,11.0
hpmcounter4,normal,seed5,199,11.0
hpmcounter4,normal,seed5,200,11.0
hpmcounter4,normal,seed5,201,11.0
hpmcounter4,normal,seed5,202,11.0
hpmcounter4,normal,seed5,203,11.0
hpmcounter4,normal,seed5,204,11.0
hpmcounter4,normal,seed5,205,11.0
hpmcounter4,normal,seed5,206,11.0
hpmcounter4,normal,seed5,207,11.0
hpmcounter4,normal,seed5,208,11.0
hpmcounter4,normal,seed5,209,11.0
hpmcounter4,normal,seed5,210,11.0
hpmcounter4,normal,seed5,211,11.0
hpmcounter4,normal,seed5,212,11.0
hpmcounter4,normal,seed5,213,11.0
hpmcounter4,normal,seed5,214,11.0
hpmcounter4,normal,seed5,215,11.0
hpmcounter4,normal,seed5,216,11.0
hpmcounter4,normal,seed5,217,11.0
hpmcounter4,normal,seed5,218,11.0
hpmcounter4,normal,seed5,219,11.0
hpmcounter4,normal,seed5,220,11.0
hpmcounter4,normal,seed5,221,11.0
hpmcounter4,normal,seed5,222,11.0
hpmcounter4,normal,seed5,223,11.0
hpmcounter4,normal,seed5,224,11.0
hpmcounter4,normal,seed5,225,11.0
hpmcounter4,normal,seed5,226,11.0
hpmcounter4,normal,seed5,227,11.0
hpmcounter4,normal,seed5,228,11.0
hpmcounter4,normal,seed5,229,11.0
hpmcounter4,normal,seed5,230,11.0
hpmcounter4,normal,seed5,231,11.0
hpmcounter4,normal,seed5,232,11.0
hpmcounter4,normal,seed5,233,11.0
hpmcounter4,normal,seed5,234,11.0
hpmcounter4,normal,seed5,235,11.0
hpmcounter4,normal,seed5,236,11.0
hpmcounter4,normal,seed5,237,11.0
hpmcounter4,normal,seed5,238,11.0
hpmcounter4,normal,seed5,239,11.0
hpmcounter4,normal,seed5,240,11.0
hpmcounter4,normal,seed5,241,11.0
hpmcounter4,normal,seed5,242,11.0
hpmcounter4,normal,seed5,243,11.0
hpmcounter4,normal,seed5,244,11.0
hpmcounter4,normal,seed5,245,11.0
hpmcounter4,normal,seed5,246,11.0
hpmcounter4,normal,seed5,247,11.0
hpmcounter4,normal,seed5,248,11.0
hpmcounter4,normal,seed5,249,11.0
hpmcounter4,normal,seed5,250,11.0
hpmcounter4,normal,seed5,251,11.0
hpmcounter4,normal,seed5,252,11.0
hpmcounter4,normal,seed5,253,11.0
hpmcounter4,normal,seed5,254,11.0
hpmcounter4,normal,seed5,255,11.0
hpmcounter4,normal,seed5,256,11.0
hpmcounter4,normal,seed5,257,11.0
hpmcounter4,normal,seed5,258,11.0
hpmcounter4,normal,seed5,259,11.0
hpmcounter4,normal,seed5,260,11.0
hpmcounter4,normal,seed5,261,11.0
hpmcounter4,normal,seed5,262,11.0
hpmcounter4,normal,seed5,263,11.545454545454545
hpmcounter4,normal,seed5,264,12.515151515151516
hpmcounter4,normal,seed5,265,13.242424242424242
hpmcounter4,normal,seed5,266,13.727272727272727
hpmcounter4,normal,seed5,267,13.969696969696969
hpmcounter4,normal,seed5,268,13.969696969696969
hpmcounter4,normal,seed5,269,13.727272727272727
hpmcounter4,normal,seed5,270,13.242424242424242
hpmcounter4,normal,seed5,271,12.515151515151516
hpmcounter4,normal,seed5,272,11.545454545454545
hpmcounter4,normal,seed5,273,11.0
hpmcounter4,normal,seed5,274,11.0
hpmcounter4,normal,seed5,275,11.0
hpmcounter4,normal,seed5,276,11.0
hpmcounter4,normal,seed5,277,11.0
hpmcounter4,normal,seed5,278,11.0
hpmcounter4,normal,seed5,279,11.0
hpmcounter4,normal,seed5,280,11.0
hpmcounter4,normal,seed5,281,11.0
hpmcounter4,normal,seed5,282,11.0
hpmcounter4,normal,seed5,283,11.0
hpmcounter4,normal,seed5,284,11.0
hpmcounter4,normal,seed5,285,11.0
hpmcounter4,normal,seed5,286,11.0
hpmcounter4,normal,seed5,287,11.0
hpmcounter4,normal,seed5,288,11.0
hpmcounter4,normal,seed5,289,11.0
hpmcounter4,normal,seed5,290,11.0
hpmcounter4,normal,seed5,291,11.0
hpmcounter4,normal,seed5,292,11.545454545454545
hpmcounter4,normal,seed5,293,12.515151515151516
hpmcounter4,normal,seed5,294,13.787878787878787
hpmcounter4,normal,seed5,295,15.242424242424242
hpmcounter4,normal,seed5,296,16.757575757575758
hpmcounter4,normal,seed5,297,18.21212121212121
hpmcounter4,normal,seed5,298,18.939393939393938
hpmcounter4,normal,seed6,9,12.454545454545455
hpmcounter4,normal,seed6,10,12.272727272727273
hpmcounter4,normal,seed6,11,11.969696969696969
hpmcounter4,normal,seed6,12,11.545454545454545
hpmcounter4,normal,seed6,13,11.0
hpmcounter4,normal,seed6,14,11.0
hpmcounter4,normal,seed6,15,11.0
hpmcounter4,normal,seed6,16,11.0
hpmcounter4,normal,seed6,17,11.0
hpmcounter4,normal,seed6,18,11.0
hpmcounter4,normal,seed6,19,11.0
hpmcounter4,normal,seed6,20,11.0
hpmcounter4,normal,seed6,21,11.0
hpmcounter4,normal,seed6,22,11.0
hpmcounter4,normal,seed6,23,11.0
hpmcounter4,normal,seed6,24,11.0
hpmcounter4,normal,seed6,25,11.0
hpmcounter4,normal,seed6,26,11.0
hpmcounter4,normal,seed6,27,11.0
hpmcounter4,normal,seed6,28,11.545454545454545
hpmcounter4,normal,seed6,29,12.515151515151516
hpmcounter4,normal,seed6,30,13.787878787878787
hpmcounter4,normal,seed6,31,15.242424242424242
hpmcounter4,normal,seed6,32,16.757575757575758
hpmcounter4,normal,seed6,33,17.666666666666668
hpmcounter4,normal,seed6,34,17.96969696969697
hpmcounter4,normal,seed6,35,17.666666666666668
hpmcounter4,normal,seed6,36,16.757575757575758
hpmcounter4,normal,seed6,37,15.242424242424242
hpmcounter4,normal,seed6,38,13.787878787878787
hpmcounter4,normal,seed6,39,12.515151515151516
hpmcounter4,normal,seed6,40,11.545454545454545
hpmcounter4,normal,seed6,41,11.0
hpmcounter4,normal,seed6,42,11.0
hpmcounter4,normal,seed6,43,11.0
hpmcounter4,normal,seed6,44,11.0
hpmcounter4,normal,seed6,45,11.0
hpmcounter4,normal,seed6,46,11.0
hpmcounter4,normal,seed6,47,11.0
hpmcounter4,normal,seed6,48,11.0
hpmcounter4,normal,seed6,49,11.0
hpmcounter4,normal,seed6,50,11.0
hpmcounter4,normal,seed6,51,11.0
hpmcounter4,normal,seed6,52,11.0
hpmcounter4,normal,seed6,53,11.0
hpmcounter4,normal,seed6,54,11.0
hpmcounter4,normal,seed6,55,11.0
hpmcounter4,normal,seed6,56,11.0
hpmcounter4,normal,seed6,57,11.0
hpmcounter4,normal,seed6,58,11.0
hpmcounter4,normal,seed6,59,11.0
hpmcounter4,normal,seed6,60,11.0
hpmcounter4,normal,seed6,61,11.0
hpmcounter4,normal,seed6,62,11.0
hpmcounter4,normal,seed6,63,11.0
hpmcounter4,normal,seed6,64,11.0
hpmcounter4,normal,seed6,65,11.0
hpmcounter4,normal,seed6,66,11.0
hpmcounter4,normal,seed6,67,11.0
hpmcounter4,normal,seed6,68,11.0
hpmcounter4,normal,seed6,69,11.0
hpmcounter4,normal,seed6,70,11.0
hpmcounter4,normal,seed6,71,11.0
hpmcounter4,normal,seed6,72,11.0
hpmcounter4,normal,seed6,73,11.0
hpmcounter4,normal,seed6,74,11.0
hpmcounter4,normal,seed6,75,11.0
hpmcounter4,normal,seed6,76,11.0
hpmcounter4,normal,seed6,77,11.0
hpmcounter4,normal,seed6,78,11.0
hpmcounter4,normal,seed6,79,11.0
hpmcounter4,normal,seed6,80,11.0
hpmcounter4,normal,seed6,81,11.0
hpmcounter4,normal,seed6,82,11.0
hpmcounter4,normal,seed6,83,11.0
hpmcounter4,normal,seed6,84,11.0
hpmcounter4,normal,seed6,85,11.0
hpmcounter4,normal,seed6,86,11.545454545454545
hpmcounter4,normal,seed6,87,12.515151515151516
hpmcounter4,normal,seed6,88,13.242424242424242
hpmcounter4,normal,seed6,89,13.727272727272727
hpmcounter4,normal,seed6,90,13.969696969696969
hpmcounter4,normal,seed6,91,13.969696969696969
hpmcounter4,normal,seed6,92,13.727272727272727
hpmcounter4,normal,seed6,93,13.242424242424242
hpmcounter4,normal,seed6,94,12.515151515151516
hpmcounter4,normal,seed6,95,11.545454545454545
hpmcounter4,normal,seed6,96,11.0
hpmcounter4,normal,seed6,97,11.0
hpmcounter4,normal,seed6,98,11.0
hpmcounter4,normal,seed6,99,11.0
hpmcounter4,normal,seed6,100,11.0
hpmcounter4,normal,seed6,101,11.0
hpmcounter4,normal,seed6,102,11.0
hpmcounter4,normal,seed6,103,11.0
hpmcounter4,normal,seed6,104,11.0
hpmcounter4,normal,seed6,105,11.0
hpmcounter4,normal,seed6,106,11.0
hpmcounter4,normal,seed6,107,11.0
hpmcounter4,normal,seed6,108,11.0
hpmcounter4,normal,seed6,109,11.0
hpmcounter4,normal,seed6,110,11.0
hpmcounter4,normal,seed6,111,11.0
hpmcounter4,normal,seed6,112,11.0
hpmcounter4,normal,seed6,113,11.0
hpmcounter4,normal,seed6,114,11.0
hpmcounter4,normal,seed6,115,11.0
hpmcounter4,normal,seed6,116,11.0
hpmcounter4,normal,seed6,117,11.0
hpmcounter4,normal,seed6,118,11.0
hpmcounter4,normal,seed6,119,11.0
hpmcounter4,normal,seed6,120,11.0
hpmcounter4,normal,seed6,121,11.0
hpmcounter4,normal,seed6,122,11.0
hpmcounter4,normal,seed6,123,11.0
hpmcounter4,normal,seed6,124,11.0
hpmcounter4,normal,seed6,125,11.0
hpmcounter4,normal,seed6,126,11.0
hpmcounter4,normal,seed6,127,11.0
hpmcounter4,normal,seed6,128,11.0
hpmcounter4,normal,seed6,129,11.0
hpmcounter4,normal,seed6,130,11.0
hpmcounter4,normal,seed6,131,11.0
hpmcounter4,normal,seed6,132,11.0
hpmcounter4,normal,seed6,133,11.0
hpmcounter4,normal,seed6,134,11.0
hpmcounter4,normal,seed6,135,11.0
hpmcounter4,normal,seed6,136,11.545454545454545
hpmcounter4,normal,seed6,137,11.969696969696969
hpmcounter4,normal,seed6,138,12.272727272727273
hpmcounter4,normal,seed6,139,13.0
hpmcounter4,normal,seed6,140,13.484848484848484
hpmcounter4,normal,seed6,141,13.727272727272727
hpmcounter4,normal,seed6,142,13.727272727272727
hpmcounter4,normal,seed6,143,13.484848484848484
hpmcounter4,normal,seed6,144,13.0
hpmcounter4,normal,seed6,145,12.272727272727273
hpmcounter4,normal,seed6,146,11.969696969696969
hpmcounter4,normal,seed6,147,11.545454545454545
hpmcounter4,normal,seed6,148,11.0
hpmcounter4,normal,seed6,149,11.0
hpmcounter4,normal,seed6,150,11.0
hpmcounter4,normal,seed6,151,11.0
hpmcounter4,normal,seed6,152,11.0
hpmcounter4,normal,seed6,153,11.0
hpmcounter4,normal,seed6,154,11.0
hpmcounter4,normal,seed6,155,11.0
hpmcounter4,normal,seed6,156,11.0
hpmcounter4,normal,seed6,157,11.0
hpmcounter4,normal,seed6,158,11.0
hpmcounter4,normal,seed6,159,11.0
hpmcounter4,normal,seed6,160,11.0
hpmcounter4,normal,seed6,161,11.0
hpmcounter4,normal,seed6,162,11.0
hpmcounter4,normal,seed6,163,11.0
hpmcounter4,normal,seed6,164,11.0
hpmcounter4,normal,seed6,165,11.0
hpmcounter4,normal,seed6,166,11.0
hpmcounter4,normal,seed6,167,11.0
hpmcounter4,normal,seed6,168,11.0
hpmcounter4,normal,seed6,169,11.0
hpmcounter4,normal,seed6,170,11.0
hpmcounter4,normal,seed6,171,11.0
hpmcounter4,normal,seed6,172,11.0
hpmcounter4,normal,seed6,173,11.0
hpmcounter4,normal,seed6,174,11.0
hpmcounter4,normal,seed6,175,11.0
hpmcounter4,normal,seed6,176,11.0
hpmcounter4,normal,seed6,177,11.0
hpmcounter4,normal,seed6,178,11.0
hpmcounter4,normal,seed6,179,11.0
hpmcounter4,normal,seed6,180,11.0
hpmcounter4,normal,seed6,181,11.0
hpmcounter4,normal,seed6,182,11.0
hpmcounter4,normal,seed6,183,11.0
hpmcounter4,normal,seed6,184,11.0
hpmcounter4,normal,seed6,185,11.0
hpmcounter4,normal,seed6,186,11.0
hpmcounter4,normal,seed6,187,11.0
hpmcounter4,normal,seed6,188,11.0
hpmcounter4,normal,seed6,189,11.0
hpmcounter4,normal,seed6,190,11.0
hpmcounter4,normal,seed6,191,11.0
hpmcounter4,normal,seed6,192,11.0
hpmcounter4,normal,seed6,193,11.0
hpmcounter4,normal,seed6,194,11.0
hpmcounter4,normal,seed6,195,11.0
hpmcounter4,normal,seed6,196,11.0
hpmcounter4,normal,seed6,197,11.0
hpmcounter4,normal,seed6,198,11.0
hpmcounter4,normal,seed6,199,11.0
hpmcounter4,normal,seed6,200,11.0
hpmcounter4,normal,seed6,201,11.0
hpmcounter4,normal,seed6,202,11.545454545454545
hpmcounter4,normal,seed6,203,12.515151515151516
hpmcounter4,normal,seed6,204,13.242424242424242
hpmcounter4,normal,seed6,205,13.727272727272727
hpmcounter4,normal,seed6,206,13.969696969696969
hpmcounter4,normal,seed6,207,14.515151515151516
hpmcounter4,normal,seed6,208,15.242424242424242
hpmcounter4,normal,seed6,209,15.484848484848484
hpmcounter4,normal,seed6,210,15.242424242424242
hpmcounter4,normal,seed6,211,14.515151515151516
hpmcounter4,normal,seed6,212,13.969696969696969
hpmcounter4,normal,seed6,213,13.727272727272727
hpmcounter4,normal,seed6,214,13.242424242424242
hpmcounter4,normal,seed6,215,12.515151515151516
hpmcounter4,normal,seed6,216,11.545454545454545
hpmcounter4,normal,seed6,217,11.0
hpmcounter4,normal,seed6,218,11.0
hpmcounter4,normal,seed6,219,11.0
hpmcounter4,normal,seed6,220,11.0
hpmcounter4,normal,seed6,221,11.0
hpmcounter4,normal,seed6,222,11.0
hpmcounter4,normal,seed6,223,11.0
hpmcounter4,normal,seed6,224,11.0
hpmcounter4,normal,seed6,225,11.0
hpmcounter4,normal,seed6,226,11.0
hpmcounter4,normal,seed6,227,11.0
hpmcounter4,normal,seed6,228,11.0
hpmcounter4,normal,seed6,229,11.0
hpmcounter4,normal,seed6,230,11.0
hpmcounter4,normal,seed6,231,11.0
hpmcounter4,normal,seed6,232,11.0
hpmcounter4,normal,seed6,233,11.0
hpmcounter4,normal,seed6,234,11.0
hpmcounter4,normal,seed6,235,11.0
hpmcounter4,normal,seed6,236,11.0
hpmcounter4,normal,seed6,237,11.0
hpmcounter4,normal,seed6,238,11.0
hpmcounter4,normal,seed6,239,11.0
hpmcounter4,normal,seed6,240,11.0
hpmcounter4,normal,seed6,241,11.0
hpmcounter4,normal,seed6,242,11.0
hpmcounter4,normal,seed6,243,11.0
hpmcounter4,normal,seed6,244,11.0
hpmcounter4,normal,seed6,245,11.0
hpmcounter4,normal,seed6,246,11.0
hpmcounter4,normal,seed6,247,11.0
hpmcounter4,normal,seed6,248,11.0
hpmcounter4,normal,seed6,249,11.0
hpmcounter4,normal,seed6,250,11.0
hpmcounter4,normal,seed6,251,11.0
hpmcounter4,normal,seed6,252,11.0
hpmcounter4,normal,seed6,253,11.0
hpmcounter4,normal,seed6,254,11.0
hpmcounter4,normal,seed6,255,11.0
hpmcounter4,normal,seed6,256,11.0
hpmcounter4,normal,seed6,257,11.0
hpmcounter4,normal,seed6,258,11.0
hpmcounter4,normal,seed6,259,11.0
hpmcounter4,normal,seed6,260,11.0
hpmcounter4,normal,seed6,261,11.0
hpmcounter4,normal,seed6,262,11.0
hpmcounter4,normal,seed6,263,11.0
hpmcounter4,normal,seed6,264,11.0
hpmcounter4,normal,seed6,265,11.0
hpmcounter4,normal,seed6,266,11.0
hpmcounter4,normal,seed6,267,11.0
hpmcounter4,normal,seed6,268,11.0
hpmcounter4,normal,seed6,269,11.0
hpmcounter4,normal,seed6,270,11.0
hpmcounter4,normal,seed6,271,11.0
hpmcounter4,normal,seed6,272,11.0
hpmcounter4,normal,seed6,273,11.0
hpmcounter4,normal,seed6,274,11.0
hpmcounter4,normal,seed6,275,11.0
hpmcounter4,normal,seed6,276,11.0
hpmcounter4,normal,seed6,277,11.0
hpmcounter4,normal,seed6,278,11.545454545454545
hpmcounter4,normal,seed6,279,12.515151515151516
hpmcounter4,normal,seed6,280,13.787878787878787
hpmcounter4,normal,seed6,281,14.696969696969697
hpmcounter4,normal,seed6,282,15.242424242424242
hpmcounter4,normal,seed6,283,15.424242424242424
hpmcounter4,normal,seed6,284,15.242424242424242
hpmcounter4,normal,seed6,285,15.242424242424242
hpmcounter4,normal,seed6,286,14.757575757575758
hpmcounter4,normal,seed6,287,13.787878787878787
hpmcounter4,normal,seed6,288,13.0
hpmcounter4,normal,seed6,289,12.515151515151516
hpmcounter4,normal,seed6,290,12.454545454545455
hpmcounter4,normal,seed6,291,12.272727272727273
hpmcounter4,normal,seed6,292,11.969696969696969
hpmcounter4,normal,seed6,293,11.545454545454545
hpmcounter4,normal,seed6,294,11.0
hpmcounter4,normal,seed6,295,11.0
hpmcounter4,normal,seed6,296,11.0
hpmcounter4,normal,seed6,297,11.0
hpmcounter4,normal,seed6,298,11.0
hpmcounter4,normal,seed7,9,11.0
hpmcounter4,normal,seed7,10,11.0
hpmcounter4,normal,seed7,11,11.0
hpmcounter4,normal,seed7,12,11.0
hpmcounter4,normal,seed7,13,11.0
hpmcounter4,normal,seed7,14,11.0
hpmcounter4,normal,seed7,15,11.0
hpmcounter4,normal,seed7,16,11.0
hpmcounter4,normal,seed7,17,11.0
hpmcounter4,normal,seed7,18,11.0
hpmcounter4,normal,seed7,19,11.0
hpmcounter4,normal,seed7,20,11.0
hpmcounter4,normal,seed7,21,11.0
hpmcounter4,normal,seed7,22,11.0
hpmcounter4,normal,seed7,23,11.0
hpmcounter4,normal,seed7,24,11.0
hpmcounter4,normal,seed7,25,11.0
hpmcounter4,normal,seed7,26,11.0
hpmcounter4,normal,seed7,27,11.0
hpmcounter4,normal,seed7,28,11.0
hpmcounter4,normal,seed7,29,11.0
hpmcounter4,normal,seed7,30,11.0
hpmcounter4,normal,seed7,31,11.545454545454545
hpmcounter4,normal,seed7,32,12.515151515151516
hpmcounter4,normal,seed7,33,13.787878787878787
hpmcounter4,normal,seed7,34,14.696969696969697
hpmcounter4,normal,seed7,35,15.242424242424242
hpmcounter4,normal,seed7,36,15.424242424242424
hpmcounter4,normal,seed7,37,15.242424242424242
hpmcounter4,normal,seed7,38,14.696969696969697
hpmcounter4,normal,seed7,39,13.787878787878787
hpmcounter4,normal,seed7,40,12.515151515151516
hpmcounter4,normal,seed7,41,11.545454545454545
hpmcounter4,normal,seed7,42,11.0
hpmcounter4,normal,seed7,43,11.0
hpmcounter4,normal,seed7,44,11.0
hpmcounter4,normal,seed7,45,11.0
hpmcounter4,normal,seed7,46,11.0
hpmcounter4,normal,seed7,47,11.0
hpmcounter4,normal,seed7,48,11.0
hpmcounter4,normal,seed7,49,11.0
hpmcounter4,normal,seed7,50,11.0
hpmcounter4,normal,seed7,51,11.0
hpmcounter4,normal,seed7,52,11.0
hpmcounter4,normal,seed7,53,11.0
hpmcounter4,normal,seed7,54,11.0
hpmcounter4,normal,seed7,55,11.0
hpmcounter4,normal,seed7,56,11.0
hpmcounter4,normal,seed7,57,11.0
hpmcounter4,normal,seed7,58,11.0
hpmcounter4,normal,seed7,59,11.0
hpmcounter4,normal,seed7,60,11.545454545454545
hpmcounter4,normal,seed7,61,11.969696969696969
hpmcounter4,normal,seed7,62,12.272727272727273
hpmcounter4,normal,seed7,63,12.454545454545455
hpmcounter4,normal,seed7,64,12.515151515151516
hpmcounter4,normal,seed7,65,12.454545454545455
hpmcounter4,normal,seed7,66,12.272727272727273
hpmcounter4,normal,seed7,67,11.969696969696969
hpmcounter4,normal,seed7,68,11.545454545454545
hpmcounter4,normal,seed7,69,11.0
hpmcounter4,normal,seed7,70,11.0
hpmcounter4,normal,seed7,71,11.0
hpmcounter4,normal,seed7,72,11.0
hpmcounter4,normal,seed7,73,11.0
hpmcounter4,normal,seed7,74,11.0
hpmcounter4,normal,seed7,75,11.0
hpmcounter4,normal,seed7,76,11.0
hpmcounter4,normal,seed7,77,11.0
hpmcounter4,normal,seed7,78,11.0
hpmcounter4,normal,seed7,79,11.0
hpmcounter4,normal,seed7,80,11.0
hpmcounter4,normal,seed7,81,11.0
hpmcounter4,normal,seed7,82,11.0
hpmcounter4,normal,seed7,83,11.0
hpmcounter4,normal,seed7,84,11.0
hpmcounter4,normal,seed7,85,11.0
hpmcounter4,normal,seed7,86,11.0
hpmcounter4,normal,seed7,87,11.0
hpmcounter4,normal,seed7,88,11.0
hpmcounter4,normal,seed7,89,11.0
hpmcounter4,normal,seed7,90,11.0
hpmcounter4,normal,seed7,91,11.0
hpmcounter4,normal,seed7,92,11.0
hpmcounter4,normal,seed7,93,11.0
hpmcounter4,normal,seed7,94,11.0
hpmcounter4,normal,seed7,95,11.0
hpmcounter4,normal,seed7,96,11.0
hpmcounter4,normal,seed7,97,11.0
hpmcounter4,normal,seed7,98,11.0
hpmcounter4,normal,seed7,99,11.0
hpmcounter4,normal,seed7,100,11.0
hpmcounter4,normal,seed7,101,11.0
hpmcounter4,normal,seed7,102,11.0
hpmcounter4,normal,seed7,103,11.0
hpmcounter4,normal,seed7,104,11.0
hpmcounter4,normal,seed7,105,11.0
hpmcounter4,normal,seed7,106,11.0
hpmcounter4,normal,seed7,107,11.0
hpmcounter4,normal,seed7,108,11.0
hpmcounter4,normal,seed7,109,11.0
hpmcounter4,normal,seed7,110,11.0
hpmcounter4,normal,seed7,111,11.0
hpmcounter4,normal,seed7,112,11.0
hpmcounter4,normal,seed7,113,11.0
hpmcounter4,normal,seed7,114,11.0
hpmcounter4,normal,seed7,115,11.0
hpmcounter4,normal,seed7,116,11.0
hpmcounter4,normal,seed7,117,11.0
hpmcounter4,normal,seed7,118,11.545454545454545
hpmcounter4,normal,seed7,119,11.969696969696969
hpmcounter4,normal,seed7,120,12.272727272727273
hpmcounter4,normal,seed7,121,12.454545454545455
hpmcounter4,normal,seed7,122,12.515151515151516
hpmcounter4,normal,seed7,123,12.454545454545455
hpmcounter4,normal,seed7,124,12.272727272727273
hpmcounter4,normal,seed7,125,11.969696969696969
hpmcounter4,normal,seed7,126,11.545454545454545
hpmcounter4,normal,seed7,127,11.0
hpmcounter4,normal,seed7,128,11.0
hpmcounter4,normal,seed7,129,11.0
hpmcounter4,normal,seed7,130,11.0
hpmcounter4,normal,seed7,131,11.0
hpmcounter4,normal,seed7,132,11.0
hpmcounter4,normal,seed7,133,11.0
hpmcounter4,normal,seed7,134,11.0
hpmcounter4,normal,seed7,135,11.0
hpmcounter4,normal,seed7,136,11.0
hpmcounter4,normal,seed7,137,11.0
hpmcounter4,normal,seed7,138,11.0
hpmcounter4,normal,seed7,139,11.0
hpmcounter4,normal,seed7,140,11.0
hpmcounter4,normal,seed7,141,11.0
hpmcounter4,normal,seed7,142,11.0
hpmcounter4,normal,seed7,143,11.0
hpmcounter4,normal,seed7,144,11.0
hpmcounter4,normal,seed7,145,11.0
hpmcounter4,normal,seed7,146,11.0
hpmcounter4,normal,seed7,147,11.0
hpmcounter4,normal,seed7,148,11.0
hpmcounter4,normal,seed7,149,11.0
hpmcounter4,normal,seed7,150,11.0
hpmcounter4,normal,seed7,151,11.0
hpmcounter4,normal,seed7,152,11.0
hpmcounter4,normal,seed7,153,11.0
hpmcounter4,normal,seed7,154,11.0
hpmcounter4,normal,seed7,155,11.0
hpmcounter4,normal,seed7,156,11.0
hpmcounter4,normal,seed7,157,11.0
hpmcounter4,normal,seed7,158,11.0
hpmcounter4,normal,seed7,159,11.0
hpmcounter4,normal,seed7,160,11.0
hpmcounter4,normal,seed7,161,11.0
hpmcounter4,normal,seed7,162,11.0
hpmcounter4,normal,seed7,163,11.0
hpmcounter4,normal,seed7,164,11.0
hpmcounter4,normal,seed7,165,11.0
hpmcounter4,normal,seed7,166,11.0
hpmcounter4,normal,seed7,167,11.0
hpmcounter4,normal,seed7,168,11.0
hpmcounter4,normal,seed7,169,11.0
hpmcounter4,normal,seed7,170,11.0
hpmcounter4,normal,seed7,171,11.0
hpmcounter4,normal,seed7,172,11.0
hpmcounter4,normal,seed7,173,11.0
hpmcounter4,normal,seed7,174,11.0
hpmcounter4,normal,seed7,175,11.0
hpmcounter4,normal,seed7,176,11.0
hpmcounter4,normal,seed7,177,11.0
hpmcounter4,normal,seed7,178,11.0
hpmcounter4,normal,seed7,179,11.0
hpmcounter4,normal,seed7,180,11.0
hpmcounter4,normal,seed7,181,11.0
hpmcounter4,normal,seed7,182,11.0
hpmcounter4,normal,seed7,183,11.0
hpmcounter4,normal,seed7,184,11.0
hpmcounter4,normal,seed7,185,11.0
hpmcounter4,normal,seed7,186,11.0
hpmcounter4,normal,seed7,187,11.0
hpmcounter4,normal,seed7,188,11.0
hpmcounter4,normal,seed7,189,11.0
hpmcounter4,normal,seed7,190,11.0
hpmcounter4,normal,seed7,191,11.0
hpmcounter4,normal,seed7,192,11.0
hpmcounter4,normal,seed7,193,11.0
hpmcounter4,normal,seed7,194,11.0
hpmcounter4,normal,seed7,195,11.0
hpmcounter4,normal,seed7,196,11.0
hpmcounter4,normal,seed7,197,11.0
hpmcounter4,normal,seed7,198,11.0
hpmcounter4,normal,seed7,199,11.0
hpmcounter4,normal,seed7,200,11.0
hpmcounter4,normal,seed7,201,11.0
hpmcounter4,normal,seed7,202,11.0
hpmcounter4,normal,seed7,203,11.0
hpmcounter4,normal,seed7,204,11.0
hpmcounter4,normal,seed7,205,11.0
hpmcounter4,normal,seed7,206,11.0
hpmcounter4,normal,seed7,207,11.0
hpmcounter4,normal,seed7,208,11.0
hpmcounter4,normal,seed7,209,11.0
hpmcounter4,normal,seed7,210,11.0
hpmcounter4,normal,seed7,211,11.0
hpmcounter4,normal,seed7,212,11.0
hpmcounter4,normal,seed7,213,11.0
hpmcounter4,normal,seed7,214,11.0
hpmcounter4,normal,seed7,215,11.0
hpmcounter4,normal,seed7,216,11.0
hpmcounter4,normal,seed7,217,11.0
hpmcounter4,normal,seed7,218,11.0
hpmcounter4,normal,seed7,219,11.0
hpmcounter4,normal,seed7,220,11.0
hpmcounter4,normal,seed7,221,11.0
hpmcounter4,normal,seed7,222,11.0
hpmcounter4,normal,seed7,223,11.0
hpmcounter4,normal,seed7,224,11.0
hpmcounter4,normal,seed7,225,11.0
hpmcounter4,normal,seed7,226,11.0
hpmcounter4,normal,seed7,227,11.0
hpmcounter4,normal,seed7,228,11.0
hpmcounter4,normal,seed7,229,11.0
hpmcounter4,normal,seed7,230,11.0
hpmcounter4,normal,seed7,231,11.0
hpmcounter4,normal,seed7,232,11.0
hpmcounter4,normal,seed7,233,11.0
hpmcounter4,normal,seed7,234,11.0
hpmcounter4,normal,seed7,235,11.0
hpmcounter4,normal,seed7,236,11.0
hpmcounter4,normal,seed7,237,11.0
hpmcounter4,normal,seed7,238,11.0
hpmcounter4,normal,seed7,239,11.0
hpmcounter4,normal,seed7,240,11.0
hpmcounter4,normal,seed7,241,11.0
hpmcounter4,normal,seed7,242,11.0
hpmcounter4,normal,seed7,243,11.0
hpmcounter4,normal,seed7,244,11.0
hpmcounter4,normal,seed7,245,11.545454545454545
hpmcounter4,normal,seed7,246,12.515151515151516
hpmcounter4,normal,seed7,247,13.787878787878787
hpmcounter4,normal,seed7,248,15.242424242424242
hpmcounter4,normal,seed7,249,16.21212121212121
hpmcounter4,normal,seed7,250,16.696969696969695
hpmcounter4,normal,seed7,251,16.696969696969695
hpmcounter4,normal,seed7,252,16.21212121212121
hpmcounter4,normal,seed7,253,15.242424242424242
hpmcounter4,normal,seed7,254,13.787878787878787
hpmcounter4,normal,seed7,255,12.515151515151516
hpmcounter4,normal,seed7,256,11.545454545454545
hpmcounter4,normal,seed7,257,11.0
hpmcounter4,normal,seed7,258,11.0
hpmcounter4,normal,seed7,259,11.0
hpmcounter4,normal,seed7,260,11.0
hpmcounter4,normal,seed7,261,11.0
hpmcounter4,normal,seed7,262,11.0
hpmcounter4,normal,seed7,263,11.0
hpmcounter4,normal,seed7,264,11.0
hpmcounter4,normal,seed7,265,11.0
hpmcounter4,normal,seed7,266,11.0
hpmcounter4,normal,seed7,267,11.0
hpmcounter4,normal,seed7,268,11.0
hpmcounter4,normal,seed7,269,11.0
hpmcounter4,normal,seed7,270,11.0
hpmcounter4,normal,seed7,271,11.0
hpmcounter4,normal,seed7,272,11.0
hpmcounter4,normal,seed7,273,11.0
hpmcounter4,normal,seed7,274,11.0
hpmcounter4,normal,seed7,275,11.0
hpmcounter4,normal,seed7,276,11.0
hpmcounter4,normal,seed7,277,11.0
hpmcounter4,normal,seed7,278,11.0
hpmcounter4,normal,seed7,279,11.0
hpmcounter4,normal,seed7,280,11.0
hpmcounter4,normal,seed7,281,11.0
hpmcounter4,normal,seed7,282,11.0
hpmcounter4,normal,seed7,283,11.0
hpmcounter4,normal,seed7,284,11.0
hpmcounter4,normal,seed7,285,11.0
hpmcounter4,normal,seed7,286,11.0
hpmcounter4,normal,seed7,287,11.0
hpmcounter4,normal,seed7,288,11.0
hpmcounter4,normal,seed7,289,11.0
hpmcounter4,normal,seed7,290,11.0
hpmcounter4,normal,seed7,291,11.0
hpmcounter4,normal,seed7,292,11.0
hpmcounter4,normal,seed7,293,11.0
hpmcounter4,normal,seed7,294,11.0
hpmcounter4,normal,seed7,295,11.0
hpmcounter4,normal,seed7,296,11.0
hpmcounter4,normal,seed7,297,11.0
hpmcounter4,normal,seed7,298,11.0
hpmcounter4,normal,seed8,9,11.0
hpmcounter4,normal,seed8,10,11.0
hpmcounter4,normal,seed8,11,11.0
hpmcounter4,normal,seed8,12,11.0
hpmcounter4,normal,seed8,13,11.0
hpmcounter4,normal,seed8,14,11.0
hpmcounter4,normal,seed8,15,11.0
hpmcounter4,normal,seed8,16,11.0
hpmcounter4,normal,seed8,17,11.0
hpmcounter4,normal,seed8,18,11.0
hpmcounter4,normal,seed8,19,11.0
hpmcounter4,normal,seed8,20,11.0
hpmcounter4,normal,seed8,21,11.0
hpmcounter4,normal,seed8,22,11.0
hpmcounter4,normal,seed8,23,11.0
hpmcounter4,normal,seed8,24,11.0
hpmcounter4,normal,seed8,25,11.0
hpmcounter4,normal,seed8,26,11.0
hpmcounter4,normal,seed8,27,11.0
hpmcounter4,normal,seed8,28,11.0
hpmcounter4,normal,seed8,29,11.0
hpmcounter4,normal,seed8,30,11.0
hpmcounter4,normal,seed8,31,11.0
hpmcounter4,normal,seed8,32,11.0
hpmcounter4,normal,seed8,33,11.0
hpmcounter4,normal,seed8,34,11.0
hpmcounter4,normal,seed8,35,11.0
hpmcounter4,normal,seed8,36,11.0
hpmcounter4,normal,seed8,37,11.0
hpmcounter4,normal,seed8,38,11.0
hpmcounter4,normal,seed8,39,11.0
hpmcounter4,normal,seed8,40,11.0
hpmcounter4,normal,seed8,41,11.0
hpmcounter4,normal,seed8,42,11.0
hpmcounter4,normal,seed8,43,11.0
hpmcounter4,normal,seed8,44,11.0
hpmcounter4,normal,seed8,45,11.0
hpmcounter4,normal,seed8,46,11.0
hpmcounter4,normal,seed8,47,11.0
hpmcounter4,normal,seed8,48,11.0
hpmcounter4,normal,seed8,49,11.0
hpmcounter4,normal,seed8,50,11.0
hpmcounter4,normal,seed8,51,11.0
hpmcounter4,normal,seed8,52,11.0
hpmcounter4,normal,seed8,53,11.0
hpmcounter4,normal,seed8,54,11.0
hpmcounter4,normal,seed8,55,11.0
hpmcounter4,normal,seed8,56,11.545454545454545
hpmcounter4,normal,seed8,57,12.515151515151516
hpmcounter4,normal,seed8,58,13.787878787878787
hpmcounter4,normal,seed8,59,14.696969696969697
hpmcounter4,normal,seed8,60,15.242424242424242
hpmcounter4,normal,seed8,61,15.969696969696969
hpmcounter4,normal,seed8,62,16.757575757575758
hpmcounter4,normal,seed8,63,16.939393939393938
hpmcounter4,normal,seed8,64,16.515151515151516
hpmcounter4,normal,seed8,65,15.484848484848484
hpmcounter4,normal,seed8,66,14.515151515151516
hpmcounter4,normal,seed8,67,13.727272727272727
hpmcounter4,normal,seed8,68,13.242424242424242
hpmcounter4,normal,seed8,69,12.515151515151516
hpmcounter4,normal,seed8,70,11.545454545454545
hpmcounter4,normal,seed8,71,11.0
hpmcounter4,normal,seed8,72,11.0
hpmcounter4,normal,seed8,73,11.0
hpmcounter4,normal,seed8,74,11.0
hpmcounter4,normal,seed8,75,11.0
hpmcounter4,normal,seed8,76,11.0
hpmcounter4,normal,seed8,77,11.545454545454545
hpmcounter4,normal,seed8,78,11.969696969696969
hpmcounter4,normal,seed8,79,12.272727272727273
hpmcounter4,normal,seed8,80,12.454545454545455
hpmcounter4,normal,seed8,81,12.515151515151516
hpmcounter4,normal,seed8,82,12.454545454545455
hpmcounter4,normal,seed8,83,12.272727272727273
hpmcounter4,normal,seed8,84,11.969696969696969
hpmcounter4,normal,seed8,85,11.545454545454545
hpmcounter4,normal,seed8,86,11.0
hpmcounter4,normal,seed8,87,11.0
hpmcounter4,normal,seed8,88,11.0
hpmcounter4,normal,seed8,89,11.0
hpmcounter4,normal,seed8,90,11.0
hpmcounter4,normal,seed8,91,11.0
hpmcounter4,normal,seed8,92,11.0
hpmcounter4,normal,seed8,93,11.0
hpmcounter4,normal,seed8,94,11.0
hpmcounter4,normal,seed8,95,11.0
hpmcounter4,normal,seed8,96,11.0
hpmcounter4,normal,seed8,97,11.0
hpmcounter4,normal,seed8,98,11.0
hpmcounter4,normal,seed8,99,11.0
hpmcounter4,normal,seed8,100,11.0
hpmcounter4,normal,seed8,101,11.0
hpmcounter4,normal,seed8,102,11.0
hpmcounter4,normal,seed8,103,11.0
hpmcounter4,normal,seed8,104,11.0
hpmcounter4,normal,seed8,105,11.0
hpmcounter4,normal,seed8,106,11.0
hpmcounter4,normal,seed8,107,11.0
hpmcounter4,normal,seed8,108,11.0
hpmcounter4,normal,seed8,109,11.0
hpmcounter4,normal,seed8,110,11.0
hpmcounter4,normal,seed8,111,11.0
hpmcounter4,normal,seed8,112,11.0
hpmcounter4,normal,seed8,113,11.0
hpmcounter4,normal,seed8,114,11.0
hpmcounter4,normal,seed8,115,11.0
hpmcounter4,normal,seed8,116,11.0
hpmcounter4,normal,seed8,117,11.0
hpmcounter4,normal,seed8,118,11.0
hpmcounter4,normal,seed8,119,11.0
hpmcounter4,normal,seed8,120,11.0
hpmcounter4,normal,seed8,121,11.0
hpmcounter4,normal,seed8,122,11.0
hpmcounter4,normal,seed8,123,11.0
hpmcounter4,normal,seed8,124,11.0
hpmcounter4,normal,seed8,125,11.0
hpmcounter4,normal,seed8,126,11.0
hpmcounter4,normal,seed8,127,11.0
hpmcounter4,normal,seed8,128,11.0
hpmcounter4,normal,seed8,129,11.0
hpmcounter4,normal,seed8,130,11.0
hpmcounter4,normal,seed8,131,11.0
hpmcounter4,normal,seed8,132,11.0
hpmcounter4,normal,seed8,133,11.0
hpmcounter4,normal,seed8,134,11.0
hpmcounter4,normal,seed8,135,11.0
hpmcounter4,normal,seed8,136,11.0
hpmcounter4,normal,seed8,137,11.0
hpmcounter4,normal,seed8,138,11.545454545454545
hpmcounter4,normal,seed8,139,12.515151515151516
hpmcounter4,normal,seed8,140,13.787878787878787
hpmcounter4,normal,seed8,141,15.242424242424242
hpmcounter4,normal,seed8,142,16.757575757575758
hpmcounter4,normal,seed8,143,18.21212121212121
hpmcounter4,normal,seed8,144,19.484848484848484
hpmcounter4,normal,seed8,145,20.454545454545453
hpmcounter4,normal,seed8,146,20.454545454545453
hpmcounter4,normal,seed8,147,19.484848484848484
hpmcounter4,normal,seed8,148,18.21212121212121
hpmcounter4,normal,seed8,149,16.757575757575758
hpmcounter4,normal,seed8,150,15.242424242424242
hpmcounter4,normal,seed8,151,13.787878787878787
hpmcounter4,normal,seed8,152,12.515151515151516
hpmcounter4,normal,seed8,153,11.545454545454545
hpmcounter4,normal,seed8,154,11.0
hpmcounter4,normal,seed8,155,11.0
hpmcounter4,normal,seed8,156,11.0
hpmcounter4,normal,seed8,157,11.0
hpmcounter4,normal,seed8,158,11.0
hpmcounter4,normal,seed8,159,11.0
hpmcounter4,normal,seed8,160,11.0
hpmcounter4,normal,seed8,161,11.0
hpmcounter4,normal,seed8,162,11.0
hpmcounter4,normal,seed8,163,11.0
hpmcounter4,normal,seed8,164,11.0
hpmcounter4,normal,seed8,165,11.0
hpmcounter4,normal,seed8,166,11.0
hpmcounter4,normal,seed8,167,11.0
hpmcounter4,normal,seed8,168,11.0
hpmcounter4,normal,seed8,169,11.0
hpmcounter4,normal,seed8,170,11.0
hpmcounter4,normal,seed8,171,11.0
hpmcounter4,normal,seed8,172,11.0
hpmcounter4,normal,seed8,173,11.0
hpmcounter4,normal,seed8,174,11.0
hpmcounter4,normal,seed8,175,11.0
hpmcounter4,normal,seed8,176,11.0
hpmcounter4,normal,seed8,177,11.0
hpmcounter4,normal,seed8,178,11.0
hpmcounter4,normal,seed8,179,11.0
hpmcounter4,normal,seed8,180,11.0
hpmcounter4,normal,seed8,181,11.0
hpmcounter4,normal,seed8,182,11.0
hpmcounter4,normal,seed8,183,11.0
hpmcounter4,normal,seed8,184,11.0
hpmcounter4,normal,seed8,185,11.0
hpmcounter4,normal,seed8,186,11.0
hpmcounter4,normal,seed8,187,11.0
hpmcounter4,normal,seed8,188,11.0
hpmcounter4,normal,seed8,189,11.0
hpmcounter4,normal,seed8,190,11.0
hpmcounter4,normal,seed8,191,11.0
hpmcounter4,normal,seed8,192,11.0
hpmcounter4,normal,seed8,193,11.0
hpmcounter4,normal,seed8,194,11.0
hpmcounter4,normal,seed8,195,11.0
hpmcounter4,normal,seed8,196,11.0
hpmcounter4,normal,seed8,197,11.0
hpmcounter4,normal,seed8,198,11.0
hpmcounter4,normal,seed8,199,11.0
hpmcounter4,normal,seed8,200,11.0
hpmcounter4,normal,seed8,201,11.0
hpmcounter4,normal,seed8,202,11.0
hpmcounter4,normal,seed8,203,11.0
hpmcounter4,normal,seed8,204,11.0
hpmcounter4,normal,seed8,205,11.0
hpmcounter4,normal,seed8,206,11.0
hpmcounter4,normal,seed8,207,11.0
hpmcounter4,normal,seed8,208,11.0
hpmcounter4,normal,seed8,209,11.0
hpmcounter4,normal,seed8,210,11.0
hpmcounter4,normal,seed8,211,11.0
hpmcounter4,normal,seed8,212,11.0
hpmcounter4,normal,seed8,213,11.0
hpmcounter4,normal,seed8,214,11.0
hpmcounter4,normal,seed8,215,11.0
hpmcounter4,normal,seed8,216,11.0
hpmcounter4,normal,seed8,217,11.0
hpmcounter4,normal,seed8,218,11.0
hpmcounter4,normal,seed8,219,11.0
hpmcounter4,normal,seed8,220,11.0
hpmcounter4,normal,seed8,221,11.0
hpmcounter4,normal,seed8,222,11.0
hpmcounter4,normal,seed8,223,11.0
hpmcounter4,normal,seed8,224,11.0
hpmcounter4,normal,seed8,225,11.0
hpmcounter4,normal,seed8,226,11.0
hpmcounter4,normal,seed8,227,11.0
hpmcounter4,normal,seed8,228,11.0
hpmcounter4,normal,seed8,229,11.0
hpmcounter4,normal,seed8,230,11.0
hpmcounter4,normal,seed8,231,11.0
hpmcounter4,normal,seed8,232,11.0
hpmcounter4,normal,seed8,233,11.0
hpmcounter4,normal,seed8,234,11.0
hpmcounter4,normal,seed8,235,11.0
hpmcounter4,normal,seed8,236,11.0
hpmcounter4,normal,seed8,237,11.0
hpmcounter4,normal,seed8,238,11.0
hpmcounter4,normal,seed8,239,11.0
hpmcounter4,normal,seed8,240,11.0
hpmcounter4,normal,seed8,241,11.0
hpmcounter4,normal,seed8,242,11.0
hpmcounter4,normal,seed8,243,11.0
hpmcounter4,normal,seed8,244,11.0
hpmcounter4,normal,seed8,245,11.0
hpmcounter4,normal,seed8,246,11.0
hpmcounter4,normal,seed8,247,11.0
hpmcounter4,normal,seed8,248,11.0
hpmcounter4,normal,seed8,249,11.0
hpmcounter4,normal,seed8,250,11.0
hpmcounter4,normal,seed8,251,11.0
hpmcounter4,normal,seed8,252,11.0
hpmcounter4,normal,seed8,253,11.0
hpmcounter4,normal,seed8,254,11.0
hpmcounter4,normal,seed8,255,11.0
hpmcounter4,normal,seed8,256,11.0
hpmcounter4,normal,seed8,257,11.0
hpmcounter4,normal,seed8,258,11.0
hpmcounter4,normal,seed8,259,11.0
hpmcounter4,normal,seed8,260,11.0
hpmcounter4,normal,seed8,261,11.0
hpmcounter4,normal,seed8,262,11.0
hpmcounter4,normal,seed8,263,11.0
hpmcounter4,normal,seed8,264,11.0
hpmcounter4,normal,seed8,265,11.0
hpmcounter4,normal,seed8,266,11.0
hpmcounter4,normal,seed8,267,11.0
hpmcounter4,normal,seed8,268,11.0
hpmcounter4,normal,seed8,269,11.0
hpmcounter4,normal,seed8,270,11.0
hpmcounter4,normal,seed8,271,11.0
hpmcounter4,normal,seed8,272,11.0
hpmcounter4,normal,seed8,273,11.0
hpmcounter4,normal,seed8,274,11.0
hpmcounter4,normal,seed8,275,11.0
hpmcounter4,normal,seed8,276,11.0
hpmcounter4,normal,seed8,277,11.0
hpmcounter4,normal,seed8,278,11.0
hpmcounter4,normal,seed8,279,11.0
hpmcounter4,normal,seed8,280,11.0
hpmcounter4,normal,seed8,281,11.0
hpmcounter4,normal,seed8,282,11.0
hpmcounter4,normal,seed8,283,11.0
hpmcounter4,normal,seed8,284,11.0
hpmcounter4,normal,seed8,285,11.0
hpmcounter4,normal,seed8,286,11.0
hpmcounter4,normal,seed8,287,11.0
hpmcounter4,normal,seed8,288,11.0
hpmcounter4,normal,seed8,289,11.0
hpmcounter4,normal,seed8,290,11.0
hpmcounter4,normal,seed8,291,11.0
hpmcounter4,normal,seed8,292,11.0
hpmcounter4,normal,seed8,293,11.0
hpmcounter4,normal,seed8,294,11.0
hpmcounter4,normal,seed8,295,11.0
hpmcounter4,normal,seed8,296,11.0
hpmcounter4,normal,seed8,297,11.0
hpmcounter4,normal,seed8,298,11.0
hpmcounter4,normal,seed9,9,11.0
hpmcounter4,normal,seed9,10,11.0
hpmcounter4,normal,seed9,11,11.0
hpmcounter4,normal,seed9,12,11.0
hpmcounter4,normal,seed9,13,11.0
hpmcounter4,normal,seed9,14,11.0
hpmcounter4,normal,seed9,15,11.0
hpmcounter4,normal,seed9,16,11.0
hpmcounter4,normal,seed9,17,11.0
hpmcounter4,normal,seed9,18,11.0
hpmcounter4,normal,seed9,19,11.0
hpmcounter4,normal,seed9,20,11.0
hpmcounter4,normal,seed9,21,11.0
hpmcounter4,normal,seed9,22,11.0
hpmcounter4,normal,seed9,23,11.0
hpmcounter4,normal,seed9,24,11.0
hpmcounter4,normal,seed9,25,11.0
hpmcounter4,normal,seed9,26,11.0
hpmcounter4,normal,seed9,27,11.0
hpmcounter4,normal,seed9,28,11.0
hpmcounter4,normal,seed9,29,11.0
hpmcounter4,normal,seed9,30,11.0
hpmcounter4,normal,seed9,31,11.0
hpmcounter4,normal,seed9,32,11.0
hpmcounter4,normal,seed9,33,11.0
hpmcounter4,normal,seed9,34,11.0
hpmcounter4,normal,seed9,35,11.0
hpmcounter4,normal,seed9,36,11.0
hpmcounter4,normal,seed9,37,11.0
hpmcounter4,normal,seed9,38,11.0
hpmcounter4,normal,seed9,39,11.0
hpmcounter4,normal,seed9,40,11.0
hpmcounter4,normal,seed9,41,11.0
hpmcounter4,normal,seed9,42,11.0
hpmcounter4,normal,seed9,43,11.0
hpmcounter4,normal,seed9,44,11.0
hpmcounter4,normal,seed9,45,11.0
hpmcounter4,normal,seed9,46,11.0
hpmcounter4,normal,seed9,47,11.0
hpmcounter4,normal,seed9,48,11.0
hpmcounter4,normal,seed9,49,11.0
hpmcounter4,normal,seed9,50,11.0
hpmcounter4,normal,seed9,51,11.0
hpmcounter4,normal,seed9,52,11.0
hpmcounter4,normal,seed9,53,11.0
hpmcounter4,normal,seed9,54,11.0
hpmcounter4,normal,seed9,55,11.0
hpmcounter4,normal,seed9,56,11.0
hpmcounter4,normal,seed9,57,11.0
hpmcounter4,normal,seed9,58,11.0
hpmcounter4,normal,seed9,59,11.0
hpmcounter4,normal,seed9,60,11.0
hpmcounter4,normal,seed9,61,11.0
hpmcounter4,normal,seed9,62,11.0
hpmcounter4,normal,seed9,63,11.0
hpmcounter4,normal,seed9,64,11.0
hpmcounter4,normal,seed9,65,11.0
hpmcounter4,normal,seed9,66,11.0
hpmcounter4,normal,seed9,67,11.0
hpmcounter4,normal,seed9,68,11.0
hpmcounter4,normal,seed9,69,11.0
hpmcounter4,normal,seed9,70,11.0
hpmcounter4,normal,seed9,71,11.0
hpmcounter4,normal,seed9,72,11.0
hpmcounter4,normal,seed9,73,11.0
hpmcounter4,normal,seed9,74,11.0
hpmcounter4,normal,seed9,75,11.0
hpmcounter4,normal,seed9,76,11.545454545454545
hpmcounter4,normal,seed9,77,12.515151515151516
hpmcounter4,normal,seed9,78,13.787878787878787
hpmcounter4,normal,seed9,79,15.242424242424242
hpmcounter4,normal,seed9,80,16.21212121212121
hpmcounter4,normal,seed9,81,16.696969696969695
hpmcounter4,normal,seed9,82,16.696969696969695
hpmcounter4,normal,seed9,83,16.21212121212121
hpmcounter4,normal,seed9,84,15.242424242424242
hpmcounter4,normal,seed9,85,13.787878787878787
hpmcounter4,normal,seed9,86,12.515151515151516
hpmcounter4,normal,seed9,87,11.545454545454545
hpmcounter4,normal,seed9,88,11.0
hpmcounter4,normal,seed9,89,11.0
hpmcounter4,normal,seed9,90,11.0
hpmcounter4,normal,seed9,91,11.0
hpmcounter4,normal,seed9,92,11.0
hpmcounter4,normal,seed9,93,11.0
hpmcounter4,normal,seed9,94,11.0
hpmcounter4,normal,seed9,95,11.0
hpmcounter4,normal,seed9,96,11.0
hpmcounter4,normal,seed9,97,11.0
hpmcounter4,normal,seed9,98,11.0
hpmcounter4,normal,seed9,99,11.0
hpmcounter4,normal,seed9,100,11.0
hpmcounter4,normal,seed9,101,11.0
hpmcounter4,normal,seed9,102,11.0
hpmcounter4,normal,seed9,103,11.0
hpmcounter4,normal,seed9,104,11.0
hpmcounter4,normal,seed9,105,11.0
hpmcounter4,normal,seed9,106,11.0
hpmcounter4,normal,seed9,107,11.0
hpmcounter4,normal,seed9,108,11.0
hpmcounter4,normal,seed9,109,11.0
hpmcounter4,normal,seed9,110,11.0
hpmcounter4,normal,seed9,111,11.0
hpmcounter4,normal,seed9,112,11.0
hpmcounter4,normal,seed9,113,11.0
hpmcounter4,normal,seed9,114,11.0
hpmcounter4,normal,seed9,115,11.0
hpmcounter4,normal,seed9,116,11.0
hpmcounter4,normal,seed9,117,11.0
hpmcounter4,normal,seed9,118,11.0
hpmcounter4,normal,seed9,119,11.0
hpmcounter4,normal,seed9,120,11.0
hpmcounter4,normal,seed9,121,11.0
hpmcounter4,normal,seed9,122,11.0
hpmcounter4,normal,seed9,123,11.0
hpmcounter4,normal,seed9,124,11.0
hpmcounter4,normal,seed9,125,11.0
hpmcounter4,normal,seed9,126,11.0
hpmcounter4,normal,seed9,127,11.0
hpmcounter4,normal,seed9,128,11.0
hpmcounter4,normal,seed9,129,11.0
hpmcounter4,normal,seed9,130,11.0
hpmcounter4,normal,seed9,131,11.0
hpmcounter4,normal,seed9,132,11.0
hpmcounter4,normal,seed9,133,11.0
hpmcounter4,normal,seed9,134,11.0
hpmcounter4,normal,seed9,135,11.0
hpmcounter4,normal,seed9,136,11.0
hpmcounter4,normal,seed9,137,11.0
hpmcounter4,normal,seed9,138,11.0
hpmcounter4,normal,seed9,139,11.0
hpmcounter4,normal,seed9,140,11.0
hpmcounter4,normal,seed9,141,11.0
hpmcounter4,normal,seed9,142,11.0
hpmcounter4,normal,seed9,143,11.0
hpmcounter4,normal,seed9,144,11.0
hpmcounter4,normal,seed9,145,11.0
hpmcounter4,normal,seed9,146,11.0
hpmcounter4,normal,seed9,147,11.0
hpmcounter4,normal,seed9,148,11.0
hpmcounter4,normal,seed9,149,11.0
hpmcounter4,normal,seed9,150,11.0
hpmcounter4,normal,seed9,151,11.0
hpmcounter4,normal,seed9,152,11.0
hpmcounter4,normal,seed9,153,11.0
hpmcounter4,normal,seed9,154,11.0
hpmcounter4,normal,seed9,155,11.0
hpmcounter4,normal,seed9,156,11.545454545454545
hpmcounter4,normal,seed9,157,12.515151515151516
hpmcounter4,normal,seed9,158,13.787878787878787
hpmcounter4,normal,seed9,159,15.242424242424242
hpmcounter4,normal,seed9,160,16.757575757575758
hpmcounter4,normal,seed9,161,18.21212121212121
hpmcounter4,normal,seed9,162,18.939393939393938
hpmcounter4,normal,seed9,163,18.939393939393938
hpmcounter4,normal,seed9,164,18.21212121212121
hpmcounter4,normal,seed9,165,16.757575757575758
hpmcounter4,normal,seed9,166,15.242424242424242
hpmcounter4,normal,seed9,167,13.787878787878787
hpmcounter4,normal,seed9,168,12.515151515151516
hpmcounter4,normal,seed9,169,11.545454545454545
hpmcounter4,normal,seed9,170,11.0
hpmcounter4,normal,seed9,171,11.0
hpmcounter4,normal,seed9,172,11.0
hpmcounter4,normal,seed9,173,11.0
hpmcounter4,normal,seed9,174,11.0
hpmcounter4,normal,seed9,175,11.0
hpmcounter4,normal,seed9,176,11.0
hpmcounter4,normal,seed9,177,11.0
hpmcounter4,normal,seed9,178,11.0
hpmcounter4,normal,seed9,179,11.0
hpmcounter4,normal,seed9,180,11.0
hpmcounter4,normal,seed9,181,11.0
hpmcounter4,normal,seed9,182,11.0
hpmcounter4,normal,seed9,183,11.0
hpmcounter4,normal,seed9,184,11.0
hpmcounter4,normal,seed9,185,11.0
hpmcounter4,normal,seed9,186,11.0
hpmcounter4,normal,seed9,187,11.0
hpmcounter4,normal,seed9,188,11.0
hpmcounter4,normal,seed9,189,11.0
hpmcounter4,normal,seed9,190,11.0
hpmcounter4,normal,seed9,191,11.545454545454545
hpmcounter4,normal,seed9,192,12.515151515151516
hpmcounter4,normal,seed9,193,13.787878787878787
hpmcounter4,normal,seed9,194,15.242424242424242
hpmcounter4,normal,seed9,195,16.21212121212121
hpmcounter4,normal,seed9,196,16.696969696969695
hpmcounter4,normal,seed9,197,16.696969696969695
hpmcounter4,normal,seed9,198,16.21212121212121
hpmcounter4,normal,seed9,199,15.242424242424242
hpmcounter4,normal,seed9,200,13.787878787878787
hpmcounter4,normal,seed9,201,12.515151515151516
hpmcounter4,normal,seed9,202,11.545454545454545
hpmcounter4,normal,seed9,203,11.0
hpmcounter4,normal,seed9,204,11.0
hpmcounter4,normal,seed9,205,11.0
hpmcounter4,normal,seed9,206,11.0
hpmcounter4,normal,seed9,207,11.0
hpmcounter4,normal,seed9,208,11.0
hpmcounter4,normal,seed9,209,11.0
hpmcounter4,normal,seed9,210,11.0
hpmcounter4,normal,seed9,211,11.0
hpmcounter4,normal,seed9,212,11.0
hpmcounter4,normal,seed9,213,11.0
hpmcounter4,normal,seed9,214,11.0
hpmcounter4,normal,seed9,215,11.0
hpmcounter4,normal,seed9,216,11.0
hpmcounter4,normal,seed9,217,11.0
hpmcounter4,normal,seed9,218,11.0
hpmcounter4,normal,seed9,219,11.0
hpmcounter4,normal,seed9,220,11.0
hpmcounter4,normal,seed9,221,11.0
hpmcounter4,normal,seed9,222,11.0
hpmcounter4,normal,seed9,223,11.0
hpmcounter4,normal,seed9,224,11.0
hpmcounter4,normal,seed9,225,11.0
hpmcounter4,normal,seed9,226,11.0
hpmcounter4,normal,seed9,227,11.0
hpmcounter4,normal,seed9,228,11.0
hpmcounter4,normal,seed9,229,11.0
hpmcounter4,normal,seed9,230,11.0
hpmcounter4,normal,seed9,231,11.0
hpmcounter4,normal,seed9,232,11.0
hpmcounter4,normal,seed9,233,11.0
hpmcounter4,normal,seed9,234,11.0
hpmcounter4,normal,seed9,235,11.0
hpmcounter4,normal,seed9,236,11.0
hpmcounter4,normal,seed9,237,11.0
hpmcounter4,normal,seed9,238,11.0
hpmcounter4,normal,seed9,239,11.0
hpmcounter4,normal,seed9,240,11.0
hpmcounter4,normal,seed9,241,11.0
hpmcounter4,normal,seed9,242,11.0
hpmcounter4,normal,seed9,243,11.0
hpmcounter4,normal,seed9,244,11.0
hpmcounter4,normal,seed9,245,11.0
hpmcounter4,normal,seed9,246,11.0
hpmcounter4,normal,seed9,247,11.0
hpmcounter4,normal,seed9,248,11.0
hpmcounter4,normal,seed9,249,11.0
hpmcounter4,normal,seed9,250,11.0
hpmcounter4,normal,seed9,251,11.0
hpmcounter4,normal,seed9,252,11.0
hpmcounter4,normal,seed9,253,11.0
hpmcounter4,normal,seed9,254,11.0
hpmcounter4,normal,seed9,255,11.0
hpmcounter4,normal,seed9,256,11.0
hpmcounter4,normal,seed9,257,11.0
hpmcounter4,normal,seed9,258,11.0
hpmcounter4,normal,seed9,259,11.0
hpmcounter4,normal,seed9,260,11.0
hpmcounter4,normal,seed9,261,11.0
hpmcounter4,normal,seed9,262,11.0
hpmcounter4,normal,seed9,263,11.0
hpmcounter4,normal,seed9,264,11.0
hpmcounter4,normal,seed9,265,11.0
hpmcounter4,normal,seed9,266,11.0
hpmcounter4,normal,seed9,267,11.0
hpmcounter4,normal,seed9,268,11.0
hpmcounter4,normal,seed9,269,11.0
hpmcounter4,normal,seed9,270,11.0
hpmcounter4,normal,seed9,271,11.0
hpmcounter4,normal,seed9,272,11.0
hpmcounter4,normal,seed9,273,11.0
hpmcounter4,normal,seed9,274,11.0
hpmcounter4,normal,seed9,275,11.0
hpmcounter4,normal,seed9,276,11.0
hpmcounter4,normal,seed9,277,11.0
hpmcounter4,normal,seed9,278,11.0
hpmcounter4,normal,seed9,279,11.0
hpmcounter4,normal,seed9,280,11.0
hpmcounter4,normal,seed9,281,11.0
hpmcounter4,normal,seed9,282,11.0
hpmcounter4,normal,seed9,283,11.0
hpmcounter4,normal,seed9,284,11.0
hpmcounter4,normal,seed9,285,11.0
hpmcounter4,normal,seed9,286,11.0
hpmcounter4,normal,seed9,287,11.0
hpmcounter4,normal,seed9,288,11.0
hpmcounter4,normal,seed9,289,11.0
hpmcounter4,normal,seed9,290,11.0
hpmcounter4,normal,seed9,291,11.0
hpmcounter4,normal,seed9,292,11.0
hpmcounter4,normal,seed9,293,11.0
hpmcounter4,normal,seed9,294,11.0
hpmcounter4,normal,seed9,295,11.0
hpmcounter4,normal,seed9,296,11.0
hpmcounter4,normal,seed9,297,11.0
hpmcounter4,normal,seed9,298,11.0
hpmcounter5,drift,seed1,9,3258.018181818182
hpmcounter5,drift,seed1,10,3253.4363636363637
hpmcounter5,drift,seed1,11,3247.830303030303
hpmcounter5,drift,seed1,12,3244.8545454545456
hpmcounter5,drift,seed1,13,3242.266666666667
hpmcounter5,drift,seed1,14,3240.733333333333
hpmcounter5,drift,seed1,15,3240.569696969697
hpmcounter5,drift,seed1,16,3240.878787878788
hpmcounter5,drift,seed1,17,3242.5939393939393
hpmcounter5,drift,seed1,18,3246.29696969697
hpmcounter5,drift,seed1,19,3253.266666666667
hpmcounter5,drift,seed1,20,3261.1454545454544
hpmcounter5,drift,seed1,21,3267.2060606060604
hpmcounter5,drift,seed1,22,3271.163636363636
hpmcounter5,drift,seed1,23,3272.133333333333
hpmcounter5,drift,seed1,24,3271.048484848485
hpmcounter5,drift,seed1,25,3265.909090909091
hpmcounter5,drift,seed1,26,3259.4242424242425
hpmcounter5,drift,seed1,27,3250.951515151515
hpmcounter5,drift,seed1,28,3242.1757575757574
hpmcounter5,drift,seed1,29,3238.4121212121213
hpmcounter5,drift,seed1,30,3239.5757575757575
hpmcounter5,drift,seed1,31,3243.5636363636363
hpmcounter5,drift,seed1,32,3246.2909090909093
hpmcounter5,drift,seed1,33,3249.672727272727
hpmcounter5,drift,seed1,34,3254.169696969697
hpmcounter5,drift,seed1,35,3254.121212121212
hpmcounter5,drift,seed1,36,3254.5636363636363
hpmcounter5,drift,seed1,37,3255.0363636363636
hpmcounter5,drift,seed1,38,3253.3454545454547
hpmcounter5,drift,seed1,39,3250.448484848485
hpmcounter5,drift,seed1,40,3249.6545454545453
hpmcounter5,drift,seed1,41,3252.369696969697
hpmcounter5,drift,seed1,42,3252.7454545454543
hpmcounter5,drift,seed1,43,3256.0242424242424
hpmcounter5,drift,seed1,44,3259.3454545454547
hpmcounter5,drift,seed1,45,3257.490909090909
hpmcounter5,drift,seed1,46,3255.478787878788
hpmcounter5,drift,seed1,47,3256.460606060606
hpmcounter5,drift,seed1,48,3258.818181818182
hpmcounter5,drift,seed1,49,3259.212121212121
hpmcounter5,drift,seed1,50,3260.848484848485
hpmcounter5,drift,seed1,51,3265.4969696969697
hpmcounter5,drift,seed1,52,3266.969696969697
hpmcounter5,drift,seed1,53,3270.4060606060607
hpmcounter5,drift,seed1,54,3275.0666666666666
hpmcounter5,drift,seed1,55,3274.6969696969695
hpmcounter5,drift,seed1,56,3271.0848484848484
hpmcounter5,drift,seed1,57,3267.3151515151517
hpmcounter5,drift,seed1,58,3265.6181818181817
hpmcounter5,drift,seed1,59,3261.7636363636366
hpmcounter5,drift,seed1,60,3259.539393939394
hpmcounter5,drift,seed1,61,3258.490909090909
hpmcounter5,drift,seed1,62,3255.569696969697
hpmcounter5,drift,seed1,63,3268.2363636363634
hpmcounter5,drift,seed1,64,3284.0060606060606
hpmcounter5,drift,seed1,65,3296.5878787878787
hpmcounter5,drift,seed1,66,3304.4969696969697
hpmcounter5,drift,seed1,67,3308.757575757576
hpmcounter5,drift,seed1,68,3310.9454545454546
hpmcounter5,drift,seed1,69,3307.0848484848484
hpmcounter5,drift,seed1,70,3296.7151515151513
hpmcounter5,drift,seed1,71,3282.878787878788
hpmcounter5,drift,seed1,72,3264.012121212121
hpmcounter5,drift,seed1,73,3260.951515151515
hpmcounter5,drift,seed1,74,3260.460606060606
hpmcounter5,drift,seed1,75,3258.4121212121213
hpmcounter5,drift,seed1,76,3258.193939393939
hpmcounter5,drift,seed1,77,3256.7454545454543
hpmcounter5,drift,seed1,78,3256.4
hpmcounter5,drift,seed1,79,3255.957575757576
hpmcounter5,drift,seed1,80,3255.6181818181817
hpmcounter5,drift,seed1,81,3254.921212121212
hpmcounter5,drift,seed1,82,3252.369696969697
hpmcounter5,drift,seed1,83,3251.3212121212123
hpmcounter5,drift,seed1,84,3250.957575757576
hpmcounter5,drift,seed1,85,3248.3333333333335
hpmcounter5,drift,seed1,86,3248.581818181818
hpmcounter5,drift,seed1,87,3249.0969696969696
hpmcounter5,drift,seed1,88,3250.3212121212123
hpmcounter5,drift,seed1,89,3250.8424242424244
hpmcounter5,drift,seed1,90,3254.2909090909093
hpmcounter5,drift,seed1,91,3258.848484848485
hpmcounter5,drift,seed1,92,3264.569696969697
hpmcounter5,drift,seed1,93,3267.2909090909093
hpmcounter5,drift,seed1,94,3267.8848484848486
hpmcounter5,drift,seed1,95,3267.242424242424
hpmcounter5,drift,seed1,96,3266.5333333333333
hpmcounter5,drift,seed1,97,3267.163636363636
hpmcounter5,drift,seed1,98,3265.090909090909
hpmcounter5,drift,seed1,99,3261.7636363636366
hpmcounter5,drift,seed1,100,3258.6060606060605
hpmcounter5,drift,seed1,101,3258.2181818181816
hpmcounter5,drift,seed1,102,3260.060606060606
hpmcounter5,drift,seed1,103,3260.3333333333335
hpmcounter5,drift,seed1,104,3259.042424242424
hpmcounter5,drift,seed1,105,3258.030303030303
hpmcounter5,drift,seed1,106,3257.133333333333
hpmcounter5,drift,seed1,107,3258.6484848484847
hpmcounter5,drift,seed1,108,3257.6666666666665
hpmcounter5,drift,seed1,109,3256.7151515151513
hpmcounter5,drift,seed1,110,3257.1757575757574
hpmcounter5,drift,seed1,111,3259.6787878787877
hpmcounter5,drift,seed1,112,3258.9939393939394
hpmcounter5,drift,seed1,113,3258.3454545454547
hpmcounter5,drift,seed1,114,3258.3212121212123
hpmcounter5,drift,seed1,115,3255.5636363636363
hpmcounter5,drift,seed1,116,3252.5636363636363
hpmcounter5,drift,seed1,117,3251.4
hpmcounter5,drift,seed1,118,3248.830303030303
hpmcounter5,drift,seed1,119,3250.2484848484846
hpmcounter5,drift,seed1,120,3255.478787878788
hpmcounter5,drift,seed1,121,3262.018181818182
hpmcounter5,drift,seed1,122,3265.6363636363635
hpmcounter5,drift,seed1,123,3268.478787878788
hpmcounter5,drift,seed1,124,3270.181818181818
hpmcounter5,drift,seed1,125,3269.8424242424244
hpmcounter5,drift,seed1,126,3269.2181818181816
hpmcounter5,drift,seed1,127,3269.4060606060607
hpmcounter5,drift,seed1,128,3266.2545454545457
hpmcounter5,drift,seed1,129,3262.2181818181816
hpmcounter5,drift,seed1,130,3261.109090909091
hpmcounter5,drift,seed1,131,3261.266666666667
hpmcounter5,drift,seed1,132,3261.860606060606
hpmcounter5,drift,seed1,133,3262.951515151515
hpmcounter5,drift,seed1,134,3260.030303030303
hpmcounter5,drift,seed1,135,3259.4666666666667
hpmcounter5,drift,seed1,136,3259.9636363636364
hpmcounter5,drift,seed1,137,3262.0060606060606
hpmcounter5,drift,seed1,138,3264.4060606060607
hpmcounter5,drift,seed1,139,3262.3818181818183
hpmcounter5,drift,seed1,140,3260.5151515151515
hpmcounter5,drift,seed1,141,3261.9030303030304
hpmcounter5,drift,seed1,142,3265.1151515151514
hpmcounter5,drift,seed1,143,3269.6545454545453
hpmcounter5,drift,seed1,144,3270.89696969697
hpmcounter5,drift,seed1,145,3272.3818181818183
hpmcounter5,drift,seed1,146,3276.569696969697
hpmcounter5,drift,seed1,147,3280.787878787879
hpmcounter5,drift,seed1,148,3284.521212121212
hpmcounter5,drift,seed1,149,3283.266666666667
hpmcounter5,drift,seed1,150,3279.987878787879
hpmcounter5,drift,seed1,151,3274.630303030303
hpmcounter5,drift,seed1,152,3270.9636363636364
hpmcounter5,drift,seed1,153,3269.3454545454547
hpmcounter5,drift,seed1,154,3264.3333333333335
hpmcounter5,drift,seed1,155,3259.951515151515
hpmcounter5,drift,seed1,156,3258.939393939394
hpmcounter5,drift,seed1,157,3257.9030303030304
hpmcounter5,drift,seed1,158,3257.860606060606
hpmcounter5,drift,seed1,159,3256.042424242424
hpmcounter5,drift,seed1,160,3256.2181818181816
hpmcounter5,drift,seed1,161,3270.806060606061
hpmcounter5,drift,seed1,162,3299.5575757575757
hpmcounter5,drift,seed1,163,3337.672727272727
hpmcounter5,drift,seed1,164,3379.193939393939
hpmcounter5,drift,seed1,165,3424.478787878788
hpmcounter5,drift,seed1,166,3468.7515151515154
hpmcounter5,drift,seed1,167,3504.787878787879
hpmcounter5,drift,seed1,168,3531.539393939394
hpmcounter5,drift,seed1,169,3544.9030303030304
hpmcounter5,drift,seed1,170,3528.060606060606
hpmcounter5,drift,seed1,171,3497.6787878787877
hpmcounter5,drift,seed1,172,3459.163636363636
hpmcounter5,drift,seed1,173,3417.5575757575757
hpmcounter5,drift,seed1,174,3373.0666666666666
hpmcounter5,drift,seed1,175,3330.6242424242423
hpmcounter5,drift,seed1,176,3294.8
hpmcounter5,drift,seed1,177,3266.29696969697
hpmcounter5,drift,seed1,178,3251.9333333333334
hpmcounter5,drift,seed1,179,3254.642424242424
hpmcounter5,drift,seed1,180,3259.2
hpmcounter5,drift,seed1,181,3262.642424242424
hpmcounter5,drift,seed1,182,3266.0363636363636
hpmcounter5,drift,seed1,183,3271.4666666666667
hpmcounter5,drift,seed1,184,3272.927272727273
hpmcounter5,drift,seed1,185,3273.1575757575756
hpmcounter5,drift,seed1,186,3272.690909090909
hpmcounter5,drift,seed1,187,3267.8
hpmcounter5,drift,seed1,188,3263.8121212121214
hpmcounter5,drift,seed1,189,3262.890909090909
hpmcounter5,drift,seed1,190,3261.3030303030305
hpmcounter5,drift,seed1,191,3260.8727272727274
hpmcounter5,drift,seed1,192,3260.4121212121213
hpmcounter5,drift,seed1,193,3259.230303030303
hpmcounter5,drift,seed1,194,3258.860606060606
hpmcounter5,drift,seed1,195,3259.4848484848485
hpmcounter5,drift,seed1,196,3259.939393939394
hpmcounter5,drift,seed1,197,3257.8121212121214
hpmcounter5,drift,seed1,198,3258.4848484848485
hpmcounter5,drift,seed1,199,3260.866666666667
hpmcounter5,drift,seed1,200,3261.806060606061
hpmcounter5,drift,seed1,201,3265.2181818181816
hpmcounter5,drift,seed1,202,3267.7818181818184
hpmcounter5,drift,seed1,203,3267.0
hpmcounter5,drift,seed1,204,3265.7090909090907
hpmcounter5,drift,seed1,205,3262.6181818181817
hpmcounter5,drift,seed1,206,3259.0363636363636
hpmcounter5,drift,seed1,207,3256.8121212121214
hpmcounter5,drift,seed1,208,3257.581818181818
hpmcounter5,drift,seed1,209,3255.7272727272725
hpmcounter5,drift,seed1,210,3251.6
hpmcounter5,drift,seed1,211,3250.030303030303
hpmcounter5,drift,seed1,212,3249.7272727272725
hpmcounter5,drift,seed1,213,3249.690909090909
hpmcounter5,drift,seed1,214,3249.9151515151516
hpmcounter5,drift,seed1,215,3247.042424242424
hpmcounter5,drift,seed1,216,3243.89696969697
hpmcounter5,drift,seed1,217,3244.266666666667
hpmcounter5,drift,seed1,218,3248.042424242424
hpmcounter5,drift,seed1,219,3250.090909090909
hpmcounter5,drift,seed1,220,3248.957575757576
hpmcounter5,drift,seed1,221,3249.3757575757577
hpmcounter5,drift,seed1,222,3248.2363636363634
hpmcounter5,drift,seed1,223,3247.927272727273
hpmcounter5,drift,seed1,224,3251.163636363636
hpmcounter5,drift,seed1,225,3252.5757575757575
hpmcounter5,drift,seed1,226,3253.4848484848485
hpmcounter5,drift,seed1,227,3255.169696969697
hpmcounter5,drift,seed1,228,3257.921212121212
hpmcounter5,drift,seed1,229,3262.0666666666666
hpmcounter5,drift,seed1,230,3265.2848484848487
hpmcounter5,drift,seed1,231,3268.4545454545455
hpmcounter5,drift,seed1,232,3268.733333333333
hpmcounter5,drift,seed1,233,3268.278787878788
hpmcounter5,drift,seed1,234,3271.0363636363636
hpmcounter5,drift,seed1,235,3269.230303030303
hpmcounter5,drift,seed1,236,3267.5272727272727
hpmcounter5,drift,seed1,237,3266.4424242424243
hpmcounter5,drift,seed1,238,3266.090909090909
hpmcounter5,drift,seed1,239,3264.6060606060605
hpmcounter5,drift,seed1,240,3263.2363636363634
hpmcounter5,drift,seed1,241,3260.0242424242424
hpmcounter5,drift,seed1,242,3259.848484848485
hpmcounter5,drift,seed1,243,3258.9030303030304
hpmcounter5,drift,seed1,244,3260.387878787879
hpmcounter5,drift,seed1,245,3275.9636363636364
hpmcounter5,drift,seed1,246,3302.0545454545454
hpmcounter5,drift,seed1,247,3339.048484848485
hpmcounter5,drift,seed1,248,3369.0848484848484
hpmcounter5,drift,seed1,249,3386.7636363636366
hpmcounter5,drift,seed1,250,3391.018181818182
hpmcounter5,drift,seed1,251,3383.387878787879
hpmcounter5,drift,seed1,252,3367.509090909091
hpmcounter5,drift,seed1,253,3340.418181818182
hpmcounter5,drift,seed1,254,3302.509090909091
hpmcounter5,drift,seed1,255,3276.327272727273
hpmcounter5,drift,seed1,256,3260.430303030303
hpmcounter5,drift,seed1,257,3259.4
hpmcounter5,drift,seed1,258,3258.6060606060605
hpmcounter5,drift,seed1,259,3259.5151515151515
hpmcounter5,drift,seed1,260,3261.9636363636364
hpmcounter5,drift,seed1,261,3265.642424242424
hpmcounter5,drift,seed1,262,3269.7939393939396
hpmcounter5,drift,seed1,263,3273.3212121212123
hpmcounter5,drift,seed1,264,3275.2
hpmcounter5,drift,seed1,265,3276.787878787879
hpmcounter5,drift,seed1,266,3294.090909090909
hpmcounter5,drift,seed1,267,3321.460606060606
hpmcounter5,drift,seed1,268,3353.6363636363635
hpmcounter5,drift,seed1,269,3392.5030303030303
hpmcounter5,drift,seed1,270,3433.0545454545454
hpmcounter5,drift,seed1,271,3470.9636363636364
hpmcounter5,drift,seed1,272,3503.3454545454547
hpmcounter5,drift,seed1,273,3526.212121212121
hpmcounter5,drift,seed1,274,3520.4848484848485
hpmcounter5,drift,seed1,275,3486.3757575757577
hpmcounter5,drift,seed1,276,3446.775757575758
hpmcounter5,drift,seed1,277,3405.4363636363637
hpmcounter5,drift,seed1,278,3361.4666666666667
hpmcounter5,drift,seed1,279,3322.866666666667
hpmcounter5,drift,seed1,280,3287.690909090909
hpmcounter5,drift,seed1,281,3261.4060606060607
hpmcounter5,drift,seed1,282,3247.6787878787877
hpmcounter5,drift,seed1,283,3251.6363636363635
hpmcounter5,drift,seed1,284,3253.3636363636365
hpmcounter5,drift,seed1,285,3253.121212121212
hpmcounter5,drift,seed1,286,3252.7939393939396
hpmcounter5,drift,seed1,287,3255.230303030303
hpmcounter5,drift,seed1,288,3256.878787878788
hpmcounter5,drift,seed1,289,3259.478787878788
hpmcounter5,drift,seed1,290,3258.6545454545453
hpmcounter5,drift,seed1,291,3258.830303030303
hpmcounter5,drift,seed1,292,3257.733333333333
hpmcounter5,drift,seed1,293,3260.1454545454544
hpmcounter5,drift,seed1,294,3259.642424242424
hpmcounter5,drift,seed1,295,3257.909090909091
hpmcounter5,drift,seed1,296,3255.890909090909
hpmcounter5,drift,seed1,297,3253.121212121212
hpmcounter5,drift,seed1,298,3253.6242424242423
hpmcounter5,drift,seed10,9,3249.29696969697
hpmcounter5,drift,seed10,10,3243.5272727272727
hpmcounter5,drift,seed10,11,3238.721212121212
hpmcounter5,drift,seed10,12,3237.4242424242425
hpmcounter5,drift,seed10,13,3237.3454545454547
hpmcounter5,drift,seed10,14,3237.8727272727274
hpmcounter5,drift,seed10,15,3240.3939393939395
hpmcounter5,drift,seed10,16,3243.490909090909
hpmcounter5,drift,seed10,17,3248.460606060606
hpmcounter5,drift,seed10,18,3253.29696969697
hpmcounter5,drift,seed10,19,3259.769696969697
hpmcounter5,drift,seed10,20,3264.818181818182
hpmcounter5,drift,seed10,21,3266.7454545454543
hpmcounter5,drift,seed10,22,3268.109090909091
hpmcounter5,drift,seed10,23,3267.3030303030305
hpmcounter5,drift,seed10,24,3265.078787878788
hpmcounter5,drift,seed10,25,3260.721212121212
hpmcounter5,drift,seed10,26,3255.460606060606
hpmcounter5,drift,seed10,27,3251.0
hpmcounter5,drift,seed10,28,3246.0060606060606
hpmcounter5,drift,seed10,29,3245.9333333333334
hpmcounter5,drift,seed10,30,3249.4121212121213
hpmcounter5,drift,seed10,31,3252.048484848485
hpmcounter5,drift,seed10,32,3254.4424242424243
hpmcounter5,drift,seed10,33,3255.866666666667
hpmcounter5,drift,seed10,34,3257.5333333333333
hpmcounter5,drift,seed10,35,3258.3636363636365
hpmcounter5,drift,seed10,36,3256.0363636363636
hpmcounter5,drift,seed10,37,3253.4727272727273
hpmcounter5,drift,seed10,38,3248.266666666667
hpmcounter5,drift,seed10,39,3244.0848484848484
hpmcounter5,drift,seed10,40,3242.8424242424244
hpmcounter5,drift,seed10,41,3246.2181818181816
hpmcounter5,drift,seed10,42,3246.866666666667
hpmcounter5,drift,seed10,43,3248.630303030303
hpmcounter5,drift,seed10,44,3249.660606060606
hpmcounter5,drift,seed10,45,3250.3818181818183
hpmcounter5,drift,seed10,46,3250.787878787879
hpmcounter5,drift,seed10,47,3253.8424242424244
hpmcounter5,drift,seed10,48,3258.242424242424
hpmcounter5,drift,seed10,49,3260.357575757576
hpmcounter5,drift,seed10,50,3262.2545454545457
hpmcounter5,drift,seed10,51,3266.9636363636364
hpmcounter5,drift,seed10,52,3267.3151515151517
hpmcounter5,drift,seed10,53,3269.5757575757575
hpmcounter5,drift,seed10,54,3270.1575757575756
hpmcounter5,drift,seed10,55,3268.0060606060606
hpmcounter5,drift,seed10,56,3265.3030303030305
hpmcounter5,drift,seed10,57,3264.242424242424
hpmcounter5,drift,seed10,58,3265.4242424242425
hpmcounter5,drift,seed10,59,3265.860606060606
hpmcounter5,drift,seed10,60,3266.6787878787877
hpmcounter5,drift,seed10,61,3267.721212121212
hpmcounter5,drift,seed10,62,3265.860606060606
hpmcounter5,drift,seed10,63,3263.369696969697
hpmcounter5,drift,seed10,64,3265.7090909090907
hpmcounter5,drift,seed10,65,3266.8848484848486
hpmcounter5,drift,seed10,66,3265.551515151515
hpmcounter5,drift,seed10,67,3265.690909090909
hpmcounter5,drift,seed10,68,3268.109090909091
hpmcounter5,drift,seed10,69,3271.521212121212
hpmcounter5,drift,seed10,70,3270.672727272727
hpmcounter5,drift,seed10,71,3269.090909090909
hpmcounter5,drift,seed10,72,3266.9333333333334
hpmcounter5,drift,seed10,73,3262.0242424242424
hpmcounter5,drift,seed10,74,3262.224242424242
hpmcounter5,drift,seed10,75,3260.6484848484847
hpmcounter5,drift,seed10,76,3257.539393939394
hpmcounter5,drift,seed10,77,3253.4363636363637
hpmcounter5,drift,seed10,78,3251.987878787879
hpmcounter5,drift,seed10,79,3254.042424242424
hpmcounter5,drift,seed10,80,3254.018181818182
hpmcounter5,drift,seed10,81,3253.0848484848484
hpmcounter5,drift,seed10,82,3255.0363636363636
hpmcounter5,drift,seed10,83,3256.048484848485
hpmcounter5,drift,seed10,84,3259.630303030303
hpmcounter5,drift,seed10,85,3260.672727272727
hpmcounter5,drift,seed10,86,3260.860606060606
hpmcounter5,drift,seed10,87,3258.460606060606
hpmcounter5,drift,seed10,88,3256.987878787879
hpmcounter5,drift,seed10,89,3256.1575757575756
hpmcounter5,drift,seed10,90,3256.357575757576
hpmcounter5,drift,seed10,91,3252.769696969697
hpmcounter5,drift,seed10,92,3252.3636363636365
hpmcounter5,drift,seed10,93,3255.430303030303
hpmcounter5,drift,seed10,94,3262.551515151515
hpmcounter5,drift,seed10,95,3268.672727272727
hpmcounter5,drift,seed10,96,3271.2848484848487
hpmcounter5,drift,seed10,97,3270.5757575757575
hpmcounter5,drift,seed10,98,3270.030303030303
hpmcounter5,drift,seed10,99,3270.5333333333333
hpmcounter5,drift,seed10,100,3272.3636363636365
hpmcounter5,drift,seed10,101,3267.981818181818
hpmcounter5,drift,seed10,102,3262.9636363636364
hpmcounter5,drift,seed10,103,3257.9939393939394
hpmcounter5,drift,seed10,104,3258.721212121212
hpmcounter5,drift,seed10,105,3259.1878787878786
hpmcounter5,drift,seed10,106,3256.448484848485
hpmcounter5,drift,seed10,107,3254.660606060606
hpmcounter5,drift,seed10,108,3252.6484848484847
hpmcounter5,drift,seed10,109,3253.478787878788
hpmcounter5,drift,seed10,110,3255.3212121212123
hpmcounter5,drift,seed10,111,3255.10303030303
hpmcounter5,drift,seed10,112,3254.10303030303
hpmcounter5,drift,seed10,113,3251.836363636364
hpmcounter5,drift,seed10,114,3253.6787878787877
hpmcounter5,drift,seed10,115,3254.460606060606
hpmcounter5,drift,seed10,116,3252.048484848485
hpmcounter5,drift,seed10,117,3251.012121212121
hpmcounter5,drift,seed10,118,3249.4969696969697
hpmcounter5,drift,seed10,119,3250.060606060606
hpmcounter5,drift,seed10,120,3249.690909090909
hpmcounter5,drift,seed10,121,3247.4121212121213
hpmcounter5,drift,seed10,122,3246.018181818182
hpmcounter5,drift,seed10,123,3246.072727272727
hpmcounter5,drift,seed10,124,3249.448484848485
hpmcounter5,drift,seed10,125,3252.569696969697
hpmcounter5,drift,seed10,126,3257.6181818181817
hpmcounter5,drift,seed10,127,3262.2363636363634
hpmcounter5,drift,seed10,128,3265.060606060606
hpmcounter5,drift,seed10,129,3266.70303030303
hpmcounter5,drift,seed10,130,3266.2909090909093
hpmcounter5,drift,seed10,131,3262.242424242424
hpmcounter5,drift,seed10,132,3257.8545454545456
hpmcounter5,drift,seed10,133,3255.7818181818184
hpmcounter5,drift,seed10,134,3256.6060606060605
hpmcounter5,drift,seed10,135,3255.8848484848486
hpmcounter5,drift,seed10,136,3257.169696969697
hpmcounter5,drift,seed10,137,3257.1272727272726
hpmcounter5,drift,seed10,138,3258.5454545454545
hpmcounter5,drift,seed10,139,3259.4666666666667
hpmcounter5,drift,seed10,140,3262.7151515151513
hpmcounter5,drift,seed10,141,3262.193939393939
hpmcounter5,drift,seed10,142,3259.109090909091
hpmcounter5,drift,seed10,143,3259.266666666667
hpmcounter5,drift,seed10,144,3260.1454545454544
hpmcounter5,drift,seed10,145,3259.418181818182
hpmcounter5,drift,seed10,146,3257.3030303030305
hpmcounter5,drift,seed10,147,3252.139393939394
hpmcounter5,drift,seed10,148,3249.6484848484847
hpmcounter5,drift,seed10,149,3246.3151515151517
hpmcounter5,drift,seed10,150,3249.7272727272725
hpmcounter5,drift,seed10,151,3252.0666666666666
hpmcounter5,drift,seed10,152,3255.2727272727275
hpmcounter5,drift,seed10,153,3259.3030303030305
hpmcounter5,drift,seed10,154,3261.806060606061
hpmcounter5,drift,seed10,155,3279.4666666666667
hpmcounter5,drift,seed10,156,3307.8424242424244
hpmcounter5,drift,seed10,157,3344.327272727273
hpmcounter5,drift,seed10,158,3370.1454545454544
hpmcounter5,drift,seed10,159,3381.1272727272726
hpmcounter5,drift,seed10,160,3382.6545454545453
hpmcounter5,drift,seed10,161,3375.5939393939393
hpmcounter5,drift,seed10,162,3360.7818181818184
hpmcounter5,drift,seed10,163,3333.6242424242423
hpmcounter5,drift,seed10,164,3296.448484848485
hpmcounter5,drift,seed10,165,3270.2
hpmcounter5,drift,seed10,166,3254.672727272727
hpmcounter5,drift,seed10,167,3255.169696969697
hpmcounter5,drift,seed10,168,3256.7090909090907
hpmcounter5,drift,seed10,169,3255.2181818181816
hpmcounter5,drift,seed10,170,3252.2606060606063
hpmcounter5,drift,seed10,171,3250.6848484848483
hpmcounter5,drift,seed10,172,3265.939393939394
hpmcounter5,drift,seed10,173,3292.460606060606
hpmcounter5,drift,seed10,174,3327.848484848485
hpmcounter5,drift,seed10,175,3370.448484848485
hpmcounter5,drift,seed10,176,3412.630303030303
hpmcounter5,drift,seed10,177,3454.830303030303
hpmcounter5,drift,seed10,178,3476.4060606060607
hpmcounter5,drift,seed10,179,3478.29696969697
hpmcounter5,drift,seed10,180,3459.048484848485
hpmcounter5,drift,seed10,181,3420.460606060606
hpmcounter5,drift,seed10,182,3381.4121212121213
hpmcounter5,drift,seed10,183,3345.5030303030303
hpmcounter5,drift,seed10,184,3310.569696969697
hpmcounter5,drift,seed10,185,3281.9333333333334
hpmcounter5,drift,seed10,186,3264.7818181818184
hpmcounter5,drift,seed10,187,3263.733333333333
hpmcounter5,drift,seed10,188,3261.430303030303
hpmcounter5,drift,seed10,189,3261.2606060606063
hpmcounter5,drift,seed10,190,3258.7454545454543
hpmcounter5,drift,seed10,191,3256.8121212121214
hpmcounter5,drift,seed10,192,3256.212121212121
hpmcounter5,drift,seed10,193,3257.757575757576
hpmcounter5,drift,seed10,194,3258.121212121212
hpmcounter5,drift,seed10,195,3256.278787878788
hpmcounter5,drift,seed10,196,3254.5333333333333
hpmcounter5,drift,seed10,197,3249.969696969697
hpmcounter5,drift,seed10,198,3247.8727272727274
hpmcounter5,drift,seed10,199,3250.806060606061
hpmcounter5,drift,seed10,200,3252.775757575758
hpmcounter5,drift,seed10,201,3255.775757575758
hpmcounter5,drift,seed10,202,3258.690909090909
hpmcounter5,drift,seed10,203,3259.818181818182
hpmcounter5,drift,seed10,204,3276.6848484848483
hpmcounter5,drift,seed10,205,3288.9939393939394
hpmcounter5,drift,seed10,206,3296.7515151515154
hpmcounter5,drift,seed10,207,3298.6181818181817
hpmcounter5,drift,seed10,208,3296.9757575757576
hpmcounter5,drift,seed10,209,3293.242424242424
hpmcounter5,drift,seed10,210,3288.133333333333
hpmcounter5,drift,seed10,211,3281.866666666667
hpmcounter5,drift,seed10,212,3273.2727272727275
hpmcounter5,drift,seed10,213,3262.1151515151514
hpmcounter5,drift,seed10,214,3263.6545454545453
hpmcounter5,drift,seed10,215,3261.9030303030304
hpmcounter5,drift,seed10,216,3260.030303030303
hpmcounter5,drift,seed10,217,3260.5454545454545
hpmcounter5,drift,seed10,218,3260.5575757575757
hpmcounter5,drift,seed10,219,3257.0545454545454
hpmcounter5,drift,seed10,220,3253.4666666666667
hpmcounter5,drift,seed10,221,3251.830303030303
hpmcounter5,drift,seed10,222,3249.630303030303
hpmcounter5,drift,seed10,223,3251.060606060606
hpmcounter5,drift,seed10,224,3249.3636363636365
hpmcounter5,drift,seed10,225,3247.660606060606
hpmcounter5,drift,seed10,226,3248.878787878788
hpmcounter5,drift,seed10,227,3252.2545454545457
hpmcounter5,drift,seed10,228,3254.5272727272727
hpmcounter5,drift,seed10,229,3256.2909090909093
hpmcounter5,drift,seed10,230,3258.806060606061
hpmcounter5,drift,seed10,231,3262.7090909090907
hpmcounter5,drift,seed10,232,3264.769696969697
hpmcounter5,drift,seed10,233,3265.1757575757574
hpmcounter5,drift,seed10,234,3264.5333333333333
hpmcounter5,drift,seed10,235,3262.769696969697
hpmcounter5,drift,seed10,236,3261.927272727273
hpmcounter5,drift,seed10,237,3259.8121212121214
hpmcounter5,drift,seed10,238,3257.4848484848485
hpmcounter5,drift,seed10,239,3255.072727272727
hpmcounter5,drift,seed10,240,3254.387878787879
hpmcounter5,drift,seed10,241,3252.9454545454546
hpmcounter5,drift,seed10,242,3250.1272727272726
hpmcounter5,drift,seed10,243,3245.1757575757574
hpmcounter5,drift,seed10,244,3244.3757575757577
hpmcounter5,drift,seed10,245,3245.193939393939
hpmcounter5,drift,seed10,246,3244.3151515151517
hpmcounter5,drift,seed10,247,3241.5757575757575
hpmcounter5,drift,seed10,248,3241.866666666667
hpmcounter5,drift,seed10,249,3244.109090909091
hpmcounter5,drift,seed10,250,3245.3757575757577
hpmcounter5,drift,seed10,251,3247.6181818181817
hpmcounter5,drift,seed10,252,3248.1878787878786
hpmcounter5,drift,seed10,253,3249.10303030303
hpmcounter5,drift,seed10,254,3251.090909090909
hpmcounter5,drift,seed10,255,3258.278787878788
hpmcounter5,drift,seed10,256,3263.0
hpmcounter5,drift,seed10,257,3264.430303030303
hpmcounter5,drift,seed10,258,3268.6242424242423
hpmcounter5,drift,seed10,259,3271.5030303030303
hpmcounter5,drift,seed10,260,3270.6
hpmcounter5,drift,seed10,261,3267.9939393939394
hpmcounter5,drift,seed10,262,3262.509090909091
hpmcounter5,drift,seed10,263,3260.4060606060607
hpmcounter5,drift,seed10,264,3256.5878787878787
hpmcounter5,drift,seed10,265,3256.7454545454543
hpmcounter5,drift,seed10,266,3254.757575757576
hpmcounter5,drift,seed10,267,3251.369696969697
hpmcounter5,drift,seed10,268,3253.860606060606
hpmcounter5,drift,seed10,269,3259.818181818182
hpmcounter5,drift,seed10,270,3264.612121212121
hpmcounter5,drift,seed10,271,3268.878787878788
hpmcounter5,drift,seed10,272,3270.581818181818
hpmcounter5,drift,seed10,273,3272.775757575758
hpmcounter5,drift,seed10,274,3273.860606060606
hpmcounter5,drift,seed10,275,3273.836363636364
hpmcounter5,drift,seed10,276,3271.3212121212123
hpmcounter5,drift,seed10,277,3266.866666666667
hpmcounter5,drift,seed10,278,3263.4666666666667
hpmcounter5,drift,seed10,279,3265.2848484848487
hpmcounter5,drift,seed10,280,3265.8242424242426
hpmcounter5,drift,seed10,281,3264.5454545454545
hpmcounter5,drift,seed10,282,3263.775757575758
hpmcounter5,drift,seed10,283,3263.4
hpmcounter5,drift,seed10,284,3265.509090909091
hpmcounter5,drift,seed10,285,3266.0545454545454
hpmcounter5,drift,seed10,286,3265.327272727273
hpmcounter5,drift,seed10,287,3261.981818181818
hpmcounter5,drift,seed10,288,3257.078787878788
hpmcounter5,drift,seed10,289,3256.181818181818
hpmcounter5,drift,seed10,290,3254.8121212121214
hpmcounter5,drift,seed10,291,3250.8121212121214
hpmcounter5,drift,seed10,292,3247.70303030303
hpmcounter5,drift,seed10,293,3245.072727272727
hpmcounter5,drift,seed10,294,3248.0060606060606
hpmcounter5,drift,seed10,295,3253.3939393939395
hpmcounter5,drift,seed10,296,3260.8727272727274
hpmcounter5,drift,seed10,297,3265.2181818181816
hpmcounter5,drift,seed10,298,3264.0
hpmcounter5,drift,seed11,9,3251.818181818182
hpmcounter5,drift,seed11,10,3249.769696969697
hpmcounter5,drift,seed11,11,3246.660606060606
hpmcounter5,drift,seed11,12,3243.4242424242425
hpmcounter5,drift,seed11,13,3238.7090909090907
hpmcounter5,drift,seed11,14,3237.8727272727274
hpmcounter5,drift,seed11,15,3237.4242424242425
hpmcounter5,drift,seed11,16,3236.642424242424
hpmcounter5,drift,seed11,17,3239.6545454545453
hpmcounter5,drift,seed11,18,3242.981818181818
hpmcounter5,drift,seed11,19,3249.1454545454544
hpmcounter5,drift,seed11,20,3256.048484848485
hpmcounter5,drift,seed11,21,3261.2484848484846
hpmcounter5,drift,seed11,22,3266.6181818181817
hpmcounter5,drift,seed11,23,3269.9757575757576
hpmcounter5,drift,seed11,24,3271.8
hpmcounter5,drift,seed11,25,3269.012121212121
hpmcounter5,drift,seed11,26,3262.5636363636363
hpmcounter5,drift,seed11,27,3256.1454545454544
hpmcounter5,drift,seed11,28,3248.5272727272727
hpmcounter5,drift,seed11,29,3244.5939393939393
hpmcounter5,drift,seed11,30,3246.0060606060606
hpmcounter5,drift,seed11,31,3246.551515151515
hpmcounter5,drift,seed11,32,3247.733333333333
hpmcounter5,drift,seed11,33,3250.4
hpmcounter5,drift,seed11,34,3253.4060606060607
hpmcounter5,drift,seed11,35,3253.569696969697
hpmcounter5,drift,seed11,36,3251.139393939394
hpmcounter5,drift,seed11,37,3248.9939393939394
hpmcounter5,drift,seed11,38,3245.909090909091
hpmcounter5,drift,seed11,39,3243.951515151515
hpmcounter5,drift,seed11,40,3244.890909090909
hpmcounter5,drift,seed11,41,3248.860606060606
hpmcounter5,drift,seed11,42,3250.630303030303
hpmcounter5,drift,seed11,43,3253.9151515151516
hpmcounter5,drift,seed11,44,3257.8424242424244
hpmcounter5,drift,seed11,45,3259.927272727273
hpmcounter5,drift,seed11,46,3260.9333333333334
hpmcounter5,drift,seed11,47,3262.539393939394
hpmcounter5,drift,seed11,48,3264.9454545454546
hpmcounter5,drift,seed11,49,3265.70303030303
hpmcounter5,drift,seed11,50,3265.3030303030305
hpmcounter5,drift,seed11,51,3268.030303030303
hpmcounter5,drift,seed11,52,3267.9151515151516
hpmcounter5,drift,seed11,53,3269.012121212121
hpmcounter5,drift,seed11,54,3269.8121212121214
hpmcounter5,drift,seed11,55,3282.0545454545454
hpmcounter5,drift,seed11,56,3307.8727272727274
hpmcounter5,drift,seed11,57,3342.8545454545456
hpmcounter5,drift,seed11,58,3384.9454545454546
hpmcounter5,drift,seed11,59,3426.4424242424243
hpmcounter5,drift,seed11,60,3466.9636363636364
hpmcounter5,drift,seed11,61,3502.266666666667
hpmcounter5,drift,seed11,62,3529.9636363636364
hpmcounter5,drift,seed11,63,3545.8242424242426
hpmcounter5,drift,seed11,64,3546.5575757575757
hpmcounter5,drift,seed11,65,3531.4
hpmcounter5,drift,seed11,66,3504.6787878787877
hpmcounter5,drift,seed11,67,3471.6484848484847
hpmcounter5,drift,seed11,68,3437.072727272727
hpmcounter5,drift,seed11,69,3398.2484848484846
hpmcounter5,drift,seed11,70,3361.806060606061
hpmcounter5,drift,seed11,71,3326.6848484848483
hpmcounter5,drift,seed11,72,3299.7272727272725
hpmcounter5,drift,seed11,73,3283.9151515151516
hpmcounter5,drift,seed11,74,3278.2606060606063
hpmcounter5,drift,seed11,75,3272.9454545454546
hpmcounter5,drift,seed11,76,3265.551515151515
hpmcounter5,drift,seed11,77,3258.836363636364
hpmcounter5,drift,seed11,78,3255.4242424242425
hpmcounter5,drift,seed11,79,3252.3030303030305
hpmcounter5,drift,seed11,80,3253.2727272727275
hpmcounter5,drift,seed11,81,3256.3515151515153
hpmcounter5,drift,seed11,82,3259.266666666667
hpmcounter5,drift,seed11,83,3263.448484848485
hpmcounter5,drift,seed11,84,3264.642424242424
hpmcounter5,drift,seed11,85,3265.927272727273
hpmcounter5,drift,seed11,86,3266.581818181818
hpmcounter5,drift,seed11,87,3268.8727272727274
hpmcounter5,drift,seed11,88,3269.9151515151516
hpmcounter5,drift,seed11,89,3269.4424242424243
hpmcounter5,drift,seed11,90,3269.70303030303
hpmcounter5,drift,seed11,91,3269.369696969697
hpmcounter5,drift,seed11,92,3266.6
hpmcounter5,drift,seed11,93,3261.509090909091
hpmcounter5,drift,seed11,94,3257.6848484848483
hpmcounter5,drift,seed11,95,3252.042424242424
hpmcounter5,drift,seed11,96,3245.369696969697
hpmcounter5,drift,seed11,97,3242.957575757576
hpmcounter5,drift,seed11,98,3243.278787878788
hpmcounter5,drift,seed11,99,3243.6787878787877
hpmcounter5,drift,seed11,100,3246.89696969697
hpmcounter5,drift,seed11,101,3250.721212121212
hpmcounter5,drift,seed11,102,3252.327272727273
hpmcounter5,drift,seed11,103,3267.018181818182
hpmcounter5,drift,seed11,104,3297.7090909090907
hpmcounter5,drift,seed11,105,3321.0363636363636
hpmcounter5,drift,seed11,106,3336.181818181818
hpmcounter5,drift,seed11,107,3345.2848484848487
hpmcounter5,drift,seed11,108,3349.078787878788
hpmcounter5,drift,seed11,109,3342.787878787879
hpmcounter5,drift,seed11,110,3330.4848484848485
hpmcounter5,drift,seed11,111,3309.6363636363635
hpmcounter5,drift,seed11,112,3280.775757575758
hpmcounter5,drift,seed11,113,3261.4969696969697
hpmcounter5,drift,seed11,114,3259.139393939394
hpmcounter5,drift,seed11,115,3258.369696969697
hpmcounter5,drift,seed11,116,3258.9454545454546
hpmcounter5,drift,seed11,117,3261.7272727272725
hpmcounter5,drift,seed11,118,3266.5151515151515
hpmcounter5,drift,seed11,119,3271.387878787879
hpmcounter5,drift,seed11,120,3274.478787878788
hpmcounter5,drift,seed11,121,3272.860606060606
hpmcounter5,drift,seed11,122,3270.957575757576
hpmcounter5,drift,seed11,123,3269.4060606060607
hpmcounter5,drift,seed11,124,3266.369696969697
hpmcounter5,drift,seed11,125,3263.339393939394
hpmcounter5,drift,seed11,126,3260.769696969697
hpmcounter5,drift,seed11,127,3258.721212121212
hpmcounter5,drift,seed11,128,3258.4363636363637
hpmcounter5,drift,seed11,129,3262.8
hpmcounter5,drift,seed11,130,3265.042424242424
hpmcounter5,drift,seed11,131,3267.4666666666667
hpmcounter5,drift,seed11,132,3268.890909090909
hpmcounter5,drift,seed11,133,3274.339393939394
hpmcounter5,drift,seed11,134,3278.4424242424243
hpmcounter5,drift,seed11,135,3280.5272727272727
hpmcounter5,drift,seed11,136,3279.9030303030304
hpmcounter5,drift,seed11,137,3278.818181818182
hpmcounter5,drift,seed11,138,3277.2545454545457
hpmcounter5,drift,seed11,139,3274.5151515151515
hpmcounter5,drift,seed11,140,3270.048484848485
hpmcounter5,drift,seed11,141,3265.987878787879
hpmcounter5,drift,seed11,142,3259.951515151515
hpmcounter5,drift,seed11,143,3257.6
hpmcounter5,drift,seed11,144,3258.1454545454544
hpmcounter5,drift,seed11,145,3257.357575757576
hpmcounter5,drift,seed11,146,3254.1272727272726
hpmcounter5,drift,seed11,147,3254.4363636363637
hpmcounter5,drift,seed11,148,3256.830303030303
hpmcounter5,drift,seed11,149,3255.921212121212
hpmcounter5,drift,seed11,150,3254.836363636364
hpmcounter5,drift,seed11,151,3256.387878787879
hpmcounter5,drift,seed11,152,3254.460606060606
hpmcounter5,drift,seed11,153,3254.030303030303
hpmcounter5,drift,seed11,154,3255.7454545454543
hpmcounter5,drift,seed11,155,3255.4848484848485
hpmcounter5,drift,seed11,156,3255.7090909090907
hpmcounter5,drift,seed11,157,3258.921212121212
hpmcounter5,drift,seed11,158,3261.0545454545454
hpmcounter5,drift,seed11,159,3263.018181818182
hpmcounter5,drift,seed11,160,3263.7939393939396
hpmcounter5,drift,seed11,161,3265.078787878788
hpmcounter5,drift,seed11,162,3263.860606060606
hpmcounter5,drift,seed11,163,3265.163636363636
hpmcounter5,drift,seed11,164,3266.490909090909
hpmcounter5,drift,seed11,165,3266.539393939394
hpmcounter5,drift,seed11,166,3284.0969696969696
hpmcounter5,drift,seed11,167,3313.309090909091
hpmcounter5,drift,seed11,168,3348.266666666667
hpmcounter5,drift,seed11,169,3389.1878787878786
hpmcounter5,drift,seed11,170,3432.0666666666666
hpmcounter5,drift,seed11,171,3471.8242424242426
hpmcounter5,drift,seed11,172,3503.6
hpmcounter5,drift,seed11,173,3530.7393939393937
hpmcounter5,drift,seed11,174,3546.193939393939
hpmcounter5,drift,seed11,175,3544.981818181818
hpmcounter5,drift,seed11,176,3528.7393939393937
hpmcounter5,drift,seed11,177,3516.6363636363635
hpmcounter5,drift,seed11,178,3493.072727272727
hpmcounter5,drift,seed11,179,3460.078787878788
hpmcounter5,drift,seed11,180,3421.721212121212
hpmcounter5,drift,seed11,181,3381.5454545454545
hpmcounter5,drift,seed11,182,3341.2
hpmcounter5,drift,seed11,183,3309.018181818182
hpmcounter5,drift,seed11,184,3284.521212121212
hpmcounter5,drift,seed11,185,3269.3151515151517
hpmcounter5,drift,seed11,186,3250.3030303030305
hpmcounter5,drift,seed11,187,3248.090909090909
hpmcounter5,drift,seed11,188,3249.5454545454545
hpmcounter5,drift,seed11,189,3253.2363636363634
hpmcounter5,drift,seed11,190,3257.163636363636
hpmcounter5,drift,seed11,191,3260.169696969697
hpmcounter5,drift,seed11,192,3264.121212121212
hpmcounter5,drift,seed11,193,3268.4060606060607
hpmcounter5,drift,seed11,194,3269.9757575757576
hpmcounter5,drift,seed11,195,3268.8848484848486
hpmcounter5,drift,seed11,196,3268.6787878787877
hpmcounter5,drift,seed11,197,3264.612121212121
hpmcounter5,drift,seed11,198,3262.1757575757574
hpmcounter5,drift,seed11,199,3262.048484848485
hpmcounter5,drift,seed11,200,3259.4545454545455
hpmcounter5,drift,seed11,201,3256.7393939393937
hpmcounter5,drift,seed11,202,3255.3636363636365
hpmcounter5,drift,seed11,203,3254.860606060606
hpmcounter5,drift,seed11,204,3269.775757575758
hpmcounter5,drift,seed11,205,3295.2727272727275
hpmcounter5,drift,seed11,206,3332.690909090909
hpmcounter5,drift,seed11,207,3372.2545454545457
hpmcounter5,drift,seed11,208,3417.3515151515153
hpmcounter5,drift,seed11,209,3444.8121212121214
hpmcounter5,drift,seed11,210,3452.3151515151517
hpmcounter5,drift,seed11,211,3443.4424242424243
hpmcounter5,drift,seed11,212,3416.0666666666666
hpmcounter5,drift,seed11,213,3372.133333333333
hpmcounter5,drift,seed11,214,3331.224242424242
hpmcounter5,drift,seed11,215,3296.1454545454544
hpmcounter5,drift,seed11,216,3269.030303030303
hpmcounter5,drift,seed11,217,3251.0
hpmcounter5,drift,seed11,218,3253.193939393939
hpmcounter5,drift,seed11,219,3254.2606060606063
hpmcounter5,drift,seed11,220,3254.4121212121213
hpmcounter5,drift,seed11,221,3256.3636363636365
hpmcounter5,drift,seed11,222,3257.4727272727273
hpmcounter5,drift,seed11,223,3256.9333333333334
hpmcounter5,drift,seed11,224,3255.478787878788
hpmcounter5,drift,seed11,225,3257.109090909091
hpmcounter5,drift,seed11,226,3257.5878787878787
hpmcounter5,drift,seed11,227,3255.2848484848487
hpmcounter5,drift,seed11,228,3255.8545454545456
hpmcounter5,drift,seed11,229,3255.1878787878786
hpmcounter5,drift,seed11,230,3252.848484848485
hpmcounter5,drift,seed11,231,3252.8121212121214
hpmcounter5,drift,seed11,232,3252.672727272727
hpmcounter5,drift,seed11,233,3253.266666666667
hpmcounter5,drift,seed11,234,3254.266666666667
hpmcounter5,drift,seed11,235,3258.3454545454547
hpmcounter5,drift,seed11,236,3260.672727272727
hpmcounter5,drift,seed11,237,3260.030303030303
hpmcounter5,drift,seed11,238,3262.5151515151515
hpmcounter5,drift,seed11,239,3263.509090909091
hpmcounter5,drift,seed11,240,3259.721212121212
hpmcounter5,drift,seed11,241,3257.4969696969697
hpmcounter5,drift,seed11,242,3253.9151515151516
hpmcounter5,drift,seed11,243,3251.0666666666666
hpmcounter5,drift,seed11,244,3248.4242424242425
hpmcounter5,drift,seed11,245,3250.757575757576
hpmcounter5,drift,seed11,246,3252.4545454545455
hpmcounter5,drift,seed11,247,3251.2060606060604
hpmcounter5,drift,seed11,248,3253.7515151515154
hpmcounter5,drift,seed11,249,3254.133333333333
hpmcounter5,drift,seed11,250,3254.109090909091
hpmcounter5,drift,seed11,251,3255.4424242424243
hpmcounter5,drift,seed11,252,3257.0545454545454
hpmcounter5,drift,seed11,253,3258.787878787879
hpmcounter5,drift,seed11,254,3257.8727272727274
hpmcounter5,drift,seed11,255,3259.6484848484847
hpmcounter5,drift,seed11,256,3263.3818181818183
hpmcounter5,drift,seed11,257,3264.018181818182
hpmcounter5,drift,seed11,258,3266.4242424242425
hpmcounter5,drift,seed11,259,3265.909090909091
hpmcounter5,drift,seed11,260,3267.5454545454545
hpmcounter5,drift,seed11,261,3268.569696969697
hpmcounter5,drift,seed11,262,3269.4
hpmcounter5,drift,seed11,263,3268.224242424242
hpmcounter5,drift,seed11,264,3263.327272727273
hpmcounter5,drift,seed11,265,3260.7393939393937
hpmcounter5,drift,seed11,266,3257.860606060606
hpmcounter5,drift,seed11,267,3255.509090909091
hpmcounter5,drift,seed11,268,3271.551515151515
hpmcounter5,drift,seed11,269,3284.387878787879
hpmcounter5,drift,seed11,270,3294.8545454545456
hpmcounter5,drift,seed11,271,3316.6484848484847
hpmcounter5,drift,seed11,272,3331.4848484848485
hpmcounter5,drift,seed11,273,3337.2
hpmcounter5,drift,seed11,274,3334.193939393939
hpmcounter5,drift,seed11,275,3325.169696969697
hpmcounter5,drift,seed11,276,3306.3151515151517
hpmcounter5,drift,seed11,277,3280.327272727273
hpmcounter5,drift,seed11,278,3269.6363636363635
hpmcounter5,drift,seed11,279,3257.757575757576
hpmcounter5,drift,seed11,280,3243.551515151515
hpmcounter5,drift,seed11,281,3245.3636363636365
hpmcounter5,drift,seed11,282,3247.70303030303
hpmcounter5,drift,seed11,283,3253.5939393939393
hpmcounter5,drift,seed11,284,3256.5272727272727
hpmcounter5,drift,seed11,285,3259.418181818182
hpmcounter5,drift,seed11,286,3262.266666666667
hpmcounter5,drift,seed11,287,3262.830303030303
hpmcounter5,drift,seed11,288,3265.3212121212123
hpmcounter5,drift,seed11,289,3266.6060606060605
hpmcounter5,drift,seed11,290,3269.5878787878787
hpmcounter5,drift,seed11,291,3270.139393939394
hpmcounter5,drift,seed11,292,3268.151515151515
hpmcounter5,drift,seed11,293,3271.042424242424
hpmcounter5,drift,seed11,294,3268.630303030303
hpmcounter5,drift,seed11,295,3266.357575757576
hpmcounter5,drift,seed11,296,3262.8121212121214
hpmcounter5,drift,seed11,297,3256.8
hpmcounter5,drift,seed11,298,3254.072727272727
hpmcounter5,drift,seed12,9,3259.3454545454547
hpmcounter5,drift,seed12,10,3255.769696969697
hpmcounter5,drift,seed12,11,3251.8242424242426
hpmcounter5,drift,seed12,12,3249.448484848485
hpmcounter5,drift,seed12,13,3245.5575757575757
hpmcounter5,drift,seed12,14,3241.9454545454546
hpmcounter5,drift,seed12,15,3240.3939393939395
hpmcounter5,drift,seed12,16,3239.8121212121214
hpmcounter5,drift,seed12,17,3241.5272727272727
hpmcounter5,drift,seed12,18,3243.2909090909093
hpmcounter5,drift,seed12,19,3248.7090909090907
hpmcounter5,drift,seed12,20,3254.2181818181816
hpmcounter5,drift,seed12,21,3259.3454545454547
hpmcounter5,drift,seed12,22,3264.4060606060607
hpmcounter5,drift,seed12,23,3265.5272727272727
hpmcounter5,drift,seed12,24,3265.151515151515
hpmcounter5,drift,seed12,25,3261.266666666667
hpmcounter5,drift,seed12,26,3255.3212121212123
hpmcounter5,drift,seed12,27,3248.8848484848486
hpmcounter5,drift,seed12,28,3241.836363636364
hpmcounter5,drift,seed12,29,3238.2181818181816
hpmcounter5,drift,seed12,30,3239.169696969697
hpmcounter5,drift,seed12,31,3240.4727272727273
hpmcounter5,drift,seed12,32,3242.5333333333333
hpmcounter5,drift,seed12,33,3261.7090909090907
hpmcounter5,drift,seed12,34,3277.3212121212123
hpmcounter5,drift,seed12,35,3305.7939393939396
hpmcounter5,drift,seed12,36,3341.278787878788
hpmcounter5,drift,seed12,37,3362.612121212121
hpmcounter5,drift,seed12,38,3374.5030303030303
hpmcounter5,drift,seed12,39,3377.0666666666666
hpmcounter5,drift,seed12,40,3389.0060606060606
hpmcounter5,drift,seed12,41,3401.6242424242423
hpmcounter5,drift,seed12,42,3408.242424242424
hpmcounter5,drift,seed12,43,3413.7818181818184
hpmcounter5,drift,seed12,44,3403.7818181818184
hpmcounter5,drift,seed12,45,3411.0363636363636
hpmcounter5,drift,seed12,46,3433.612121212121
hpmcounter5,drift,seed12,47,3451.4969696969697
hpmcounter5,drift,seed12,48,3450.4848484848485
hpmcounter5,drift,seed12,49,3427.721212121212
hpmcounter5,drift,seed12,50,3404.7939393939396
hpmcounter5,drift,seed12,51,3399.3212121212123
hpmcounter5,drift,seed12,52,3410.630303030303
hpmcounter5,drift,seed12,53,3419.7272727272725
hpmcounter5,drift,seed12,54,3408.6242424242423
hpmcounter5,drift,seed12,55,3396.0848484848484
hpmcounter5,drift,seed12,56,3382.957575757576
hpmcounter5,drift,seed12,57,3376.2484848484846
hpmcounter5,drift,seed12,58,3359.109090909091
hpmcounter5,drift,seed12,59,3333.775757575758
hpmcounter5,drift,seed12,60,3296.418181818182
hpmcounter5,drift,seed12,61,3268.2848484848487
hpmcounter5,drift,seed12,62,3253.048484848485
hpmcounter5,drift,seed12,63,3252.70303030303
hpmcounter5,drift,seed12,64,3250.5636363636363
hpmcounter5,drift,seed12,65,3250.7393939393937
hpmcounter5,drift,seed12,66,3252.266666666667
hpmcounter5,drift,seed12,67,3254.6242424242423
hpmcounter5,drift,seed12,68,3254.3454545454547
hpmcounter5,drift,seed12,69,3255.6969696969695
hpmcounter5,drift,seed12,70,3254.612121212121
hpmcounter5,drift,seed12,71,3256.787878787879
hpmcounter5,drift,seed12,72,3258.3939393939395
hpmcounter5,drift,seed12,73,3257.0848484848484
hpmcounter5,drift,seed12,74,3253.10303030303
hpmcounter5,drift,seed12,75,3251.521212121212
hpmcounter5,drift,seed12,76,3255.539393939394
hpmcounter5,drift,seed12,77,3260.2545454545457
hpmcounter5,drift,seed12,78,3261.1757575757574
hpmcounter5,drift,seed12,79,3261.6666666666665
hpmcounter5,drift,seed12,80,3260.5272727272727
hpmcounter5,drift,seed12,81,3261.927272727273
hpmcounter5,drift,seed12,82,3263.3151515151517
hpmcounter5,drift,seed12,83,3260.672727272727
hpmcounter5,drift,seed12,84,3255.672727272727
hpmcounter5,drift,seed12,85,3252.418181818182
hpmcounter5,drift,seed12,86,3253.3939393939395
hpmcounter5,drift,seed12,87,3255.521212121212
hpmcounter5,drift,seed12,88,3255.193939393939
hpmcounter5,drift,seed12,89,3254.121212121212
hpmcounter5,drift,seed12,90,3256.242424242424
hpmcounter5,drift,seed12,91,3258.5939393939393
hpmcounter5,drift,seed12,92,3263.3454545454547
hpmcounter5,drift,seed12,93,3267.1575757575756
hpmcounter5,drift,seed12,94,3270.012121212121
hpmcounter5,drift,seed12,95,3272.430303030303
hpmcounter5,drift,seed12,96,3273.193939393939
hpmcounter5,drift,seed12,97,3273.957575757576
hpmcounter5,drift,seed12,98,3272.387878787879
hpmcounter5,drift,seed12,99,3266.1454545454544
hpmcounter5,drift,seed12,100,3260.3151515151517
hpmcounter5,drift,seed12,101,3253.460606060606
hpmcounter5,drift,seed12,102,3248.224242424242
hpmcounter5,drift,seed12,103,3246.163636363636
hpmcounter5,drift,seed12,104,3246.866666666667
hpmcounter5,drift,seed12,105,3248.775757575758
hpmcounter5,drift,seed12,106,3252.060606060606
hpmcounter5,drift,seed12,107,3261.1454545454544
hpmcounter5,drift,seed12,108,3268.551515151515
hpmcounter5,drift,seed12,109,3273.5939393939393
hpmcounter5,drift,seed12,110,3275.89696969697
hpmcounter5,drift,seed12,111,3276.6242424242423
hpmcounter5,drift,seed12,112,3273.8727272727274
hpmcounter5,drift,seed12,113,3269.5151515151515
hpmcounter5,drift,seed12,114,3265.878787878788
hpmcounter5,drift,seed12,115,3259.7272727272725
hpmcounter5,drift,seed12,116,3254.490909090909
hpmcounter5,drift,seed12,117,3252.818181818182
hpmcounter5,drift,seed12,118,3251.878787878788
hpmcounter5,drift,seed12,119,3253.2909090909093
hpmcounter5,drift,seed12,120,3255.8
hpmcounter5,drift,seed12,121,3256.806060606061
hpmcounter5,drift,seed12,122,3255.430303030303
hpmcounter5,drift,seed12,123,3252.866666666667
hpmcounter5,drift,seed12,124,3252.6
hpmcounter5,drift,seed12,125,3253.418181818182
hpmcounter5,drift,seed12,126,3253.8545454545456
hpmcounter5,drift,seed12,127,3252.5030303030303
hpmcounter5,drift,seed12,128,3254.5878787878787
hpmcounter5,drift,seed12,129,3258.836363636364
hpmcounter5,drift,seed12,130,3264.8727272727274
hpmcounter5,drift,seed12,131,3267.987878787879
hpmcounter5,drift,seed12,132,3269.551515151515
hpmcounter5,drift,seed12,133,3268.072727272727
hpmcounter5,drift,seed12,134,3267.163636363636
hpmcounter5,drift,seed12,135,3267.418181818182
hpmcounter5,drift,seed12,136,3267.2484848484846
hpmcounter5,drift,seed12,137,3267.89696969697
hpmcounter5,drift,seed12,138,3269.0545454545454
hpmcounter5,drift,seed12,139,3268.163636363636
hpmcounter5,drift,seed12,140,3265.8727272727274
hpmcounter5,drift,seed12,141,3263.048484848485
hpmcounter5,drift,seed12,142,3260.29696969697
hpmcounter5,drift,seed12,143,3255.509090909091
hpmcounter5,drift,seed12,144,3249.018181818182
hpmcounter5,drift,seed12,145,3242.8424242424244
hpmcounter5,drift,seed12,146,3237.042424242424
hpmcounter5,drift,seed12,147,3236.7939393939396
hpmcounter5,drift,seed12,148,3238.7272727272725
hpmcounter5,drift,seed12,149,3241.5454545454545
hpmcounter5,drift,seed12,150,3243.89696969697
hpmcounter5,drift,seed12,151,3247.8848484848486
hpmcounter5,drift,seed12,152,3250.3151515151517
hpmcounter5,drift,seed12,153,3250.3151515151517
hpmcounter5,drift,seed12,154,3249.133333333333
hpmcounter5,drift,seed12,155,3246.9939393939394
hpmcounter5,drift,seed12,156,3246.551515151515
hpmcounter5,drift,seed12,157,3244.7939393939396
hpmcounter5,drift,seed12,158,3245.4363636363637
hpmcounter5,drift,seed12,159,3262.4121212121213
hpmcounter5,drift,seed12,160,3277.1757575757574
hpmcounter5,drift,seed12,161,3305.630303030303
hpmcounter5,drift,seed12,162,3344.448484848485
hpmcounter5,drift,seed12,163,3385.806060606061
hpmcounter5,drift,seed12,164,3428.490909090909
hpmcounter5,drift,seed12,165,3468.787878787879
hpmcounter5,drift,seed12,166,3505.1272727272726
hpmcounter5,drift,seed12,167,3528.4666666666667
hpmcounter5,drift,seed12,168,3524.478787878788
hpmcounter5,drift,seed12,169,3509.6
hpmcounter5,drift,seed12,170,3469.9636363636364
hpmcounter5,drift,seed12,171,3422.9454545454546
hpmcounter5,drift,seed12,172,3378.878787878788
hpmcounter5,drift,seed12,173,3334.8727272727274
hpmcounter5,drift,seed12,174,3298.7090909090907
hpmcounter5,drift,seed12,175,3274.8121212121214
hpmcounter5,drift,seed12,176,3262.7272727272725
hpmcounter5,drift,seed12,177,3265.5272727272727
hpmcounter5,drift,seed12,178,3269.151515151515
hpmcounter5,drift,seed12,179,3270.133333333333
hpmcounter5,drift,seed12,180,3269.3212121212123
hpmcounter5,drift,seed12,181,3264.6242424242423
hpmcounter5,drift,seed12,182,3260.878787878788
hpmcounter5,drift,seed12,183,3255.4666666666667
hpmcounter5,drift,seed12,184,3249.7090909090907
hpmcounter5,drift,seed12,185,3245.5878787878787
hpmcounter5,drift,seed12,186,3242.4545454545455
hpmcounter5,drift,seed12,187,3260.0
hpmcounter5,drift,seed12,188,3275.6848484848483
hpmcounter5,drift,seed12,189,3286.660606060606
hpmcounter5,drift,seed12,190,3292.242424242424
hpmcounter5,drift,seed12,191,3291.969696969697
hpmcounter5,drift,seed12,192,3291.012121212121
hpmcounter5,drift,seed12,193,3287.8121212121214
hpmcounter5,drift,seed12,194,3278.89696969697
hpmcounter5,drift,seed12,195,3265.551515151515
hpmcounter5,drift,seed12,196,3249.5575757575757
hpmcounter5,drift,seed12,197,3252.327272727273
hpmcounter5,drift,seed12,198,3255.521212121212
hpmcounter5,drift,seed12,199,3256.6
hpmcounter5,drift,seed12,200,3258.4848484848485
hpmcounter5,drift,seed12,201,3258.1878787878786
hpmcounter5,drift,seed12,202,3262.3030303030305
hpmcounter5,drift,seed12,203,3265.6848484848483
hpmcounter5,drift,seed12,204,3267.1878787878786
hpmcounter5,drift,seed12,205,3269.6969696969695
hpmcounter5,drift,seed12,206,3269.278787878788
hpmcounter5,drift,seed12,207,3270.5575757575757
hpmcounter5,drift,seed12,208,3267.927272727273
hpmcounter5,drift,seed12,209,3263.163636363636
hpmcounter5,drift,seed12,210,3259.5575757575757
hpmcounter5,drift,seed12,211,3257.2
hpmcounter5,drift,seed12,212,3255.6060606060605
hpmcounter5,drift,seed12,213,3253.8
hpmcounter5,drift,seed12,214,3255.278787878788
hpmcounter5,drift,seed12,215,3259.509090909091
hpmcounter5,drift,seed12,216,3262.0242424242424
hpmcounter5,drift,seed12,217,3266.9757575757576
hpmcounter5,drift,seed12,218,3269.327272727273
hpmcounter5,drift,seed12,219,3270.4363636363637
hpmcounter5,drift,seed12,220,3270.181818181818
hpmcounter5,drift,seed12,221,3268.7939393939396
hpmcounter5,drift,seed12,222,3265.569696969697
hpmcounter5,drift,seed12,223,3262.151515151515
hpmcounter5,drift,seed12,224,3277.890909090909
hpmcounter5,drift,seed12,225,3307.2909090909093
hpmcounter5,drift,seed12,226,3345.133333333333
hpmcounter5,drift,seed12,227,3385.2060606060604
hpmcounter5,drift,seed12,228,3428.6484848484847
hpmcounter5,drift,seed12,229,3469.478787878788
hpmcounter5,drift,seed12,230,3506.987878787879
hpmcounter5,drift,seed12,231,3533.927272727273
hpmcounter5,drift,seed12,232,3548.2545454545457
hpmcounter5,drift,seed12,233,3532.6181818181817
hpmcounter5,drift,seed12,234,3506.539393939394
hpmcounter5,drift,seed12,235,3473.8121212121214
hpmcounter5,drift,seed12,236,3436.460606060606
hpmcounter5,drift,seed12,237,3392.89696969697
hpmcounter5,drift,seed12,238,3350.836363636364
hpmcounter5,drift,seed12,239,3310.642424242424
hpmcounter5,drift,seed12,240,3280.357575757576
hpmcounter5,drift,seed12,241,3262.6060606060605
hpmcounter5,drift,seed12,242,3259.10303030303
hpmcounter5,drift,seed12,243,3255.7454545454543
hpmcounter5,drift,seed12,244,3252.5030303030303
hpmcounter5,drift,seed12,245,3252.1151515151514
hpmcounter5,drift,seed12,246,3254.0060606060606
hpmcounter5,drift,seed12,247,3255.2181818181816
hpmcounter5,drift,seed12,248,3257.939393939394
hpmcounter5,drift,seed12,249,3261.2
hpmcounter5,drift,seed12,250,3262.3818181818183
hpmcounter5,drift,seed12,251,3264.7272727272725
hpmcounter5,drift,seed12,252,3264.2484848484846
hpmcounter5,drift,seed12,253,3262.2909090909093
hpmcounter5,drift,seed12,254,3258.672727272727
hpmcounter5,drift,seed12,255,3258.339393939394
hpmcounter5,drift,seed12,256,3255.9636363636364
hpmcounter5,drift,seed12,257,3252.6969696969695
hpmcounter5,drift,seed12,258,3252.3757575757577
hpmcounter5,drift,seed12,259,3254.042424242424
hpmcounter5,drift,seed12,260,3252.309090909091
hpmcounter5,drift,seed12,261,3251.6060606060605
hpmcounter5,drift,seed12,262,3247.9939393939394
hpmcounter5,drift,seed12,263,3241.690909090909
hpmcounter5,drift,seed12,264,3235.860606060606
hpmcounter5,drift,seed12,265,3233.5272727272727
hpmcounter5,drift,seed12,266,3231.0363636363636
hpmcounter5,drift,seed12,267,3229.4969696969697
hpmcounter5,drift,seed12,268,3232.3151515151517
hpmcounter5,drift,seed12,269,3239.10303030303
hpmcounter5,drift,seed12,270,3247.509090909091
hpmcounter5,drift,seed12,271,3257.3151515151517
hpmcounter5,drift,seed12,272,3264.4363636363637
hpmcounter5,drift,seed12,273,3268.5878787878787
hpmcounter5,drift,seed12,274,3271.6181818181817
hpmcounter5,drift,seed12,275,3288.630303030303
hpmcounter5,drift,seed12,276,3316.8545454545456
hpmcounter5,drift,seed12,277,3350.224242424242
hpmcounter5,drift,seed12,278,3388.890909090909
hpmcounter5,drift,seed12,279,3430.775757575758
hpmcounter5,drift,seed12,280,3456.6242424242423
hpmcounter5,drift,seed12,281,3465.848484848485
hpmcounter5,drift,seed12,282,3456.2727272727275
hpmcounter5,drift,seed12,283,3431.1575757575756
hpmcounter5,drift,seed12,284,3387.1151515151514
hpmcounter5,drift,seed12,285,3345.6181818181817
hpmcounter5,drift,seed12,286,3308.212121212121
hpmcounter5,drift,seed12,287,3276.121212121212
hpmcounter5,drift,seed12,288,3259.3454545454547
hpmcounter5,drift,seed12,289,3257.4121212121213
hpmcounter5,drift,seed12,290,3255.1454545454544
hpmcounter5,drift,seed12,291,3254.5272727272727
hpmcounter5,drift,seed12,292,3254.1878787878786
hpmcounter5,drift,seed12,293,3256.5030303030303
hpmcounter5,drift,seed12,294,3259.224242424242
hpmcounter5,drift,seed12,295,3263.0363636363636
hpmcounter5,drift,seed12,296,3263.6181818181817
hpmcounter5,drift,seed12,297,3263.3454545454547
hpmcounter5,drift,seed12,298,3263.139393939394
hpmcounter5,drift,seed13,9,3252.5272727272727
hpmcounter5,drift,seed13,10,3247.981818181818
hpmcounter5,drift,seed13,11,3244.6060606060605
hpmcounter5,drift,seed13,12,3243.6787878787877
hpmcounter5,drift,seed13,13,3244.490909090909
hpmcounter5,drift,seed13,14,3246.2545454545457
hpmcounter5,drift,seed13,15,3248.9151515151516
hpmcounter5,drift,seed13,16,3250.1878787878786
hpmcounter5,drift,seed13,17,3252.4727272727273
hpmcounter5,drift,seed13,18,3255.7151515151513
hpmcounter5,drift,seed13,19,3261.830303030303
hpmcounter5,drift,seed13,20,3265.70303030303
hpmcounter5,drift,seed13,21,3267.5575757575757
hpmcounter5,drift,seed13,22,3268.1757575757574
hpmcounter5,drift,seed13,23,3267.612121212121
hpmcounter5,drift,seed13,24,3266.757575757576
hpmcounter5,drift,seed13,25,3262.806060606061
hpmcounter5,drift,seed13,26,3258.2484848484846
hpmcounter5,drift,seed13,27,3252.7939393939396
hpmcounter5,drift,seed13,28,3249.1272727272726
hpmcounter5,drift,seed13,29,3250.181818181818
hpmcounter5,drift,seed13,30,3253.4666666666667
hpmcounter5,drift,seed13,31,3257.6969696969695
hpmcounter5,drift,seed13,32,3259.4424242424243
hpmcounter5,drift,seed13,33,3261.4363636363637
hpmcounter5,drift,seed13,34,3263.121212121212
hpmcounter5,drift,seed13,35,3260.2
hpmcounter5,drift,seed13,36,3256.7090909090907
hpmcounter5,drift,seed13,37,3253.151515151515
hpmcounter5,drift,seed13,38,3249.5636363636363
hpmcounter5,drift,seed13,39,3246.787878787879
hpmcounter5,drift,seed13,40,3245.2
hpmcounter5,drift,seed13,41,3248.6060606060605
hpmcounter5,drift,seed13,42,3250.3212121212123
hpmcounter5,drift,seed13,43,3253.6666666666665
hpmcounter5,drift,seed13,44,3258.939393939394
hpmcounter5,drift,seed13,45,3260.6
hpmcounter5,drift,seed13,46,3262.8727272727274
hpmcounter5,drift,seed13,47,3267.0545454545454
hpmcounter5,drift,seed13,48,3269.5575757575757
hpmcounter5,drift,seed13,49,3269.9151515151516
hpmcounter5,drift,seed13,50,3269.278787878788
hpmcounter5,drift,seed13,51,3269.212121212121
hpmcounter5,drift,seed13,52,3267.7939393939396
hpmcounter5,drift,seed13,53,3266.4060606060607
hpmcounter5,drift,seed13,54,3265.9757575757576
hpmcounter5,drift,seed13,55,3262.890909090909
hpmcounter5,drift,seed13,56,3260.060606060606
hpmcounter5,drift,seed13,57,3260.721212121212
hpmcounter5,drift,seed13,58,3261.4727272727273
hpmcounter5,drift,seed13,59,3261.0060606060606
hpmcounter5,drift,seed13,60,3262.460606060606
hpmcounter5,drift,seed13,61,3263.339393939394
hpmcounter5,drift,seed13,62,3279.7515151515154
hpmcounter5,drift,seed13,63,3291.4363636363637
hpmcounter5,drift,seed13,64,3302.3212121212123
hpmcounter5,drift,seed13,65,3310.0060606060606
hpmcounter5,drift,seed13,66,3313.5454545454545
hpmcounter5,drift,seed13,67,3311.012121212121
hpmcounter5,drift,seed13,68,3304.6
hpmcounter5,drift,seed13,69,3292.7151515151513
hpmcounter5,drift,seed13,70,3277.939393939394
hpmcounter5,drift,seed13,71,3257.4060606060607
hpmcounter5,drift,seed13,72,3252.212121212121
hpmcounter5,drift,seed13,73,3247.987878787879
hpmcounter5,drift,seed13,74,3246.3212121212123
hpmcounter5,drift,seed13,75,3246.1151515151514
hpmcounter5,drift,seed13,76,3249.4727272727273
hpmcounter5,drift,seed13,77,3251.951515151515
hpmcounter5,drift,seed13,78,3254.672727272727
hpmcounter5,drift,seed13,79,3256.787878787879
hpmcounter5,drift,seed13,80,3264.2060606060604
hpmcounter5,drift,seed13,81,3267.3333333333335
hpmcounter5,drift,seed13,82,3267.1272727272726
hpmcounter5,drift,seed13,83,3266.181818181818
hpmcounter5,drift,seed13,84,3266.212121212121
hpmcounter5,drift,seed13,85,3263.266666666667
hpmcounter5,drift,seed13,86,3263.7272727272725
hpmcounter5,drift,seed13,87,3262.109090909091
hpmcounter5,drift,seed13,88,3261.642424242424
hpmcounter5,drift,seed13,89,3258.5030303030303
hpmcounter5,drift,seed13,90,3260.539393939394
hpmcounter5,drift,seed13,91,3261.70303030303
hpmcounter5,drift,seed13,92,3262.769696969697
hpmcounter5,drift,seed13,93,3264.2060606060604
hpmcounter5,drift,seed13,94,3264.012121212121
hpmcounter5,drift,seed13,95,3260.775757575758
hpmcounter5,drift,seed13,96,3261.9636363636364
hpmcounter5,drift,seed13,97,3259.5333333333333
hpmcounter5,drift,seed13,98,3260.2
hpmcounter5,drift,seed13,99,3258.672727272727
hpmcounter5,drift,seed13,100,3257.090909090909
hpmcounter5,drift,seed13,101,3256.1151515151514
hpmcounter5,drift,seed13,102,3256.4545454545455
hpmcounter5,drift,seed13,103,3259.5030303030303
hpmcounter5,drift,seed13,104,3261.539393939394
hpmcounter5,drift,seed13,105,3259.3939393939395
hpmcounter5,drift,seed13,106,3259.672727272727
hpmcounter5,drift,seed13,107,3259.7515151515154
hpmcounter5,drift,seed13,108,3260.0060606060606
hpmcounter5,drift,seed13,109,3262.2545454545457
hpmcounter5,drift,seed13,110,3263.757575757576
hpmcounter5,drift,seed13,111,3265.29696969697
hpmcounter5,drift,seed13,112,3265.048484848485
hpmcounter5,drift,seed13,113,3265.836363636364
hpmcounter5,drift,seed13,114,3266.9454545454546
hpmcounter5,drift,seed13,115,3262.569696969697
hpmcounter5,drift,seed13,116,3259.048484848485
hpmcounter5,drift,seed13,117,3256.9636363636364
hpmcounter5,drift,seed13,118,3256.6787878787877
hpmcounter5,drift,seed13,119,3259.6484848484847
hpmcounter5,drift,seed13,120,3262.3030303030305
hpmcounter5,drift,seed13,121,3265.642424242424
hpmcounter5,drift,seed13,122,3268.109090909091
hpmcounter5,drift,seed13,123,3270.339393939394
hpmcounter5,drift,seed13,124,3271.0545454545454
hpmcounter5,drift,seed13,125,3267.181818181818
hpmcounter5,drift,seed13,126,3262.890909090909
hpmcounter5,drift,seed13,127,3258.387878787879
hpmcounter5,drift,seed13,128,3255.721212121212
hpmcounter5,drift,seed13,129,3255.490909090909
hpmcounter5,drift,seed13,130,3254.612121212121
hpmcounter5,drift,seed13,131,3253.6484848484847
hpmcounter5,drift,seed13,132,3251.890909090909
hpmcounter5,drift,seed13,133,3250.448484848485
hpmcounter5,drift,seed13,134,3251.551515151515
hpmcounter5,drift,seed13,135,3251.4121212121213
hpmcounter5,drift,seed13,136,3250.1151515151514
hpmcounter5,drift,seed13,137,3247.775757575758
hpmcounter5,drift,seed13,138,3244.10303030303
hpmcounter5,drift,seed13,139,3244.6666666666665
hpmcounter5,drift,seed13,140,3245.3818181818183
hpmcounter5,drift,seed13,141,3247.551515151515
hpmcounter5,drift,seed13,142,3245.2
hpmcounter5,drift,seed13,143,3244.3212121212123
hpmcounter5,drift,seed13,144,3248.5030303030303
hpmcounter5,drift,seed13,145,3254.5878787878787
hpmcounter5,drift,seed13,146,3259.8727272727274
hpmcounter5,drift,seed13,147,3262.490909090909
hpmcounter5,drift,seed13,148,3261.5636363636363
hpmcounter5,drift,seed13,149,3263.5333333333333
hpmcounter5,drift,seed13,150,3264.1575757575756
hpmcounter5,drift,seed13,151,3267.6181818181817
hpmcounter5,drift,seed13,152,3267.4424242424243
hpmcounter5,drift,seed13,153,3266.6363636363635
hpmcounter5,drift,seed13,154,3264.7636363636366
hpmcounter5,drift,seed13,155,3262.2545454545457
hpmcounter5,drift,seed13,156,3260.8424242424244
hpmcounter5,drift,seed13,157,3260.1575757575756
hpmcounter5,drift,seed13,158,3258.769696969697
hpmcounter5,drift,seed13,159,3257.5454545454545
hpmcounter5,drift,seed13,160,3259.339393939394
hpmcounter5,drift,seed13,161,3279.012121212121
hpmcounter5,drift,seed13,162,3309.5636363636363
hpmcounter5,drift,seed13,163,3349.1575757575756
hpmcounter5,drift,seed13,164,3390.6666666666665
hpmcounter5,drift,seed13,165,3416.212121212121
hpmcounter5,drift,seed13,166,3425.951515151515
hpmcounter5,drift,seed13,167,3422.551515151515
hpmcounter5,drift,seed13,168,3406.551515151515
hpmcounter5,drift,seed13,169,3375.224242424242
hpmcounter5,drift,seed13,170,3332.5333333333333
hpmcounter5,drift,seed13,171,3296.5333333333333
hpmcounter5,drift,seed13,172,3268.7151515151513
hpmcounter5,drift,seed13,173,3254.8
hpmcounter5,drift,seed13,174,3254.327272727273
hpmcounter5,drift,seed13,175,3254.9454545454546
hpmcounter5,drift,seed13,176,3254.818181818182
hpmcounter5,drift,seed13,177,3254.5575757575757
hpmcounter5,drift,seed13,178,3255.7939393939396
hpmcounter5,drift,seed13,179,3256.866666666667
hpmcounter5,drift,seed13,180,3255.569696969697
hpmcounter5,drift,seed13,181,3254.3151515151517
hpmcounter5,drift,seed13,182,3255.163636363636
hpmcounter5,drift,seed13,183,3257.490909090909
hpmcounter5,drift,seed13,184,3255.830303030303
hpmcounter5,drift,seed13,185,3255.460606060606
hpmcounter5,drift,seed13,186,3255.163636363636
hpmcounter5,drift,seed13,187,3253.29696969697
hpmcounter5,drift,seed13,188,3254.0969696969696
hpmcounter5,drift,seed13,189,3253.6848484848483
hpmcounter5,drift,seed13,190,3250.672727272727
hpmcounter5,drift,seed13,191,3249.9333333333334
hpmcounter5,drift,seed13,192,3250.630303030303
hpmcounter5,drift,seed13,193,3253.612121212121
hpmcounter5,drift,seed13,194,3255.042424242424
hpmcounter5,drift,seed13,195,3260.7090909090907
hpmcounter5,drift,seed13,196,3265.224242424242
hpmcounter5,drift,seed13,197,3268.4242424242425
hpmcounter5,drift,seed13,198,3271.5272727272727
hpmcounter5,drift,seed13,199,3271.630303030303
hpmcounter5,drift,seed13,200,3266.7151515151513
hpmcounter5,drift,seed13,201,3263.5333333333333
hpmcounter5,drift,seed13,202,3259.836363636364
hpmcounter5,drift,seed13,203,3257.6545454545453
hpmcounter5,drift,seed13,204,3256.4
hpmcounter5,drift,seed13,205,3259.163636363636
hpmcounter5,drift,seed13,206,3261.060606060606
hpmcounter5,drift,seed13,207,3262.8
hpmcounter5,drift,seed13,208,3265.2181818181816
hpmcounter5,drift,seed13,209,3267.5454545454545
hpmcounter5,drift,seed13,210,3266.2
hpmcounter5,drift,seed13,211,3262.860606060606
hpmcounter5,drift,seed13,212,3258.242424242424
hpmcounter5,drift,seed13,213,3254.151515151515
hpmcounter5,drift,seed13,214,3250.109090909091
hpmcounter5,drift,seed13,215,3246.9454545454546
hpmcounter5,drift,seed13,216,3244.9454545454546
hpmcounter5,drift,seed13,217,3244.4363636363637
hpmcounter5,drift,seed13,218,3247.0848484848484
hpmcounter5,drift,seed13,219,3253.4666666666667
hpmcounter5,drift,seed13,220,3258.5878787878787
hpmcounter5,drift,seed13,221,3262.3818181818183
hpmcounter5,drift,seed13,222,3263.1878787878786
hpmcounter5,drift,seed13,223,3265.1878787878786
hpmcounter5,drift,seed13,224,3262.969696969697
hpmcounter5,drift,seed13,225,3261.757575757576
hpmcounter5,drift,seed13,226,3260.078787878788
hpmcounter5,drift,seed13,227,3258.5151515151515
hpmcounter5,drift,seed13,228,3256.830303030303
hpmcounter5,drift,seed13,229,3256.309090909091
hpmcounter5,drift,seed13,230,3256.9636363636364
hpmcounter5,drift,seed13,231,3259.3151515151517
hpmcounter5,drift,seed13,232,3259.3515151515153
hpmcounter5,drift,seed13,233,3260.927272727273
hpmcounter5,drift,seed13,234,3261.448484848485
hpmcounter5,drift,seed13,235,3265.5939393939393
hpmcounter5,drift,seed13,236,3270.2606060606063
hpmcounter5,drift,seed13,237,3273.5333333333333
hpmcounter5,drift,seed13,238,3276.539393939394
hpmcounter5,drift,seed13,239,3276.5333333333333
hpmcounter5,drift,seed13,240,3275.848484848485
hpmcounter5,drift,seed13,241,3275.048484848485
hpmcounter5,drift,seed13,242,3270.830303030303
hpmcounter5,drift,seed13,243,3264.830303030303
hpmcounter5,drift,seed13,244,3259.6363636363635
hpmcounter5,drift,seed13,245,3257.4666666666667
hpmcounter5,drift,seed13,246,3255.4666666666667
hpmcounter5,drift,seed13,247,3255.0545454545454
hpmcounter5,drift,seed13,248,3256.181818181818
hpmcounter5,drift,seed13,249,3257.581818181818
hpmcounter5,drift,seed13,250,3259.0545454545454
hpmcounter5,drift,seed13,251,3260.957575757576
hpmcounter5,drift,seed13,252,3259.8727272727274
hpmcounter5,drift,seed13,253,3256.4363636363637
hpmcounter5,drift,seed13,254,3252.8
hpmcounter5,drift,seed13,255,3251.9333333333334
hpmcounter5,drift,seed13,256,3248.6484848484847
hpmcounter5,drift,seed13,257,3249.242424242424
hpmcounter5,drift,seed13,258,3250.987878787879
hpmcounter5,drift,seed13,259,3254.0848484848484
hpmcounter5,drift,seed13,260,3254.9333333333334
hpmcounter5,drift,seed13,261,3257.060606060606
hpmcounter5,drift,seed13,262,3259.5878787878787
hpmcounter5,drift,seed13,263,3261.448484848485
hpmcounter5,drift,seed13,264,3261.9454545454546
hpmcounter5,drift,seed13,265,3264.5151515151515
hpmcounter5,drift,seed13,266,3264.327272727273
hpmcounter5,drift,seed13,267,3264.7939393939396
hpmcounter5,drift,seed13,268,3267.2
hpmcounter5,drift,seed13,269,3268.4060606060607
hpmcounter5,drift,seed13,270,3267.8242424242426
hpmcounter5,drift,seed13,271,3265.212121212121
hpmcounter5,drift,seed13,272,3264.2727272727275
hpmcounter5,drift,seed13,273,3266.5878787878787
hpmcounter5,drift,seed13,274,3267.2909090909093
hpmcounter5,drift,seed13,275,3269.042424242424
hpmcounter5,drift,seed13,276,3270.7818181818184
hpmcounter5,drift,seed13,277,3269.660606060606
hpmcounter5,drift,seed13,278,3271.5878787878787
hpmcounter5,drift,seed13,279,3270.339393939394
hpmcounter5,drift,seed13,280,3269.193939393939
hpmcounter5,drift,seed13,281,3264.9636363636364
hpmcounter5,drift,seed13,282,3259.848484848485
hpmcounter5,drift,seed13,283,3256.9454545454546
hpmcounter5,drift,seed13,284,3254.0545454545454
hpmcounter5,drift,seed13,285,3252.0060606060606
hpmcounter5,drift,seed13,286,3250.6242424242423
hpmcounter5,drift,seed13,287,3246.8
hpmcounter5,drift,seed13,288,3248.4060606060607
hpmcounter5,drift,seed13,289,3251.878787878788
hpmcounter5,drift,seed13,290,3255.806060606061
hpmcounter5,drift,seed13,291,3257.5333333333333
hpmcounter5,drift,seed13,292,3256.4121212121213
hpmcounter5,drift,seed13,293,3252.9151515151516
hpmcounter5,drift,seed13,294,3249.818181818182
hpmcounter5,drift,seed13,295,3246.521212121212
hpmcounter5,drift,seed13,296,3244.89696969697
hpmcounter5,drift,seed13,297,3241.890909090909
hpmcounter5,drift,seed13,298,3257.139393939394
hpmcounter5,drift,seed14,9,3259.266666666667
hpmcounter5,drift,seed14,10,3257.7272727272725
hpmcounter5,drift,seed14,11,3253.6787878787877
hpmcounter5,drift,seed14,12,3252.5272727272727
hpmcounter5,drift,seed14,13,3250.060606060606
hpmcounter5,drift,seed14,14,3248.460606060606
hpmcounter5,drift,seed14,15,3248.030303030303
hpmcounter5,drift,seed14,16,3248.6242424242423
hpmcounter5,drift,seed14,17,3251.630303030303
hpmcounter5,drift,seed14,18,3255.6242424242423
hpmcounter5,drift,seed14,19,3263.109090909091
hpmcounter5,drift,seed14,20,3270.7515151515154
hpmcounter5,drift,seed14,21,3273.5272727272727
hpmcounter5,drift,seed14,22,3275.3818181818183
hpmcounter5,drift,seed14,23,3272.2848484848487
hpmcounter5,drift,seed14,24,3266.569696969697
hpmcounter5,drift,seed14,25,3258.7090909090907
hpmcounter5,drift,seed14,26,3250.1151515151514
hpmcounter5,drift,seed14,27,3242.5636363636363
hpmcounter5,drift,seed14,28,3235.878787878788
hpmcounter5,drift,seed14,29,3235.193939393939
hpmcounter5,drift,seed14,30,3239.733333333333
hpmcounter5,drift,seed14,31,3243.4545454545455
hpmcounter5,drift,seed14,32,3246.1757575757574
hpmcounter5,drift,seed14,33,3249.7939393939396
hpmcounter5,drift,seed14,34,3253.5757575757575
hpmcounter5,drift,seed14,35,3254.8727272727274
hpmcounter5,drift,seed14,36,3253.2363636363634
hpmcounter5,drift,seed14,37,3251.8848484848486
hpmcounter5,drift,seed14,38,3248.448484848485
hpmcounter5,drift,seed14,39,3245.4666666666667
hpmcounter5,drift,seed14,40,3245.5636363636363
hpmcounter5,drift,seed14,41,3248.951515151515
hpmcounter5,drift,seed14,42,3249.6363636363635
hpmcounter5,drift,seed14,43,3254.612121212121
hpmcounter5,drift,seed14,44,3259.6060606060605
hpmcounter5,drift,seed14,45,3262.860606060606
hpmcounter5,drift,seed14,46,3265.478787878788
hpmcounter5,drift,seed14,47,3269.4242424242425
hpmcounter5,drift,seed14,48,3272.181818181818
hpmcounter5,drift,seed14,49,3271.9454545454546
hpmcounter5,drift,seed14,50,3271.4969696969697
hpmcounter5,drift,seed14,51,3273.672727272727
hpmcounter5,drift,seed14,52,3272.6242424242423
hpmcounter5,drift,seed14,53,3275.4242424242425
hpmcounter5,drift,seed14,54,3277.181818181818
hpmcounter5,drift,seed14,55,3274.9939393939394
hpmcounter5,drift,seed14,56,3271.5454545454545
hpmcounter5,drift,seed14,57,3268.860606060606
hpmcounter5,drift,seed14,58,3266.866666666667
hpmcounter5,drift,seed14,59,3265.0545454545454
hpmcounter5,drift,seed14,60,3264.139393939394
hpmcounter5,drift,seed14,61,3264.0969696969696
hpmcounter5,drift,seed14,62,3260.818181818182
hpmcounter5,drift,seed14,63,3259.6181818181817
hpmcounter5,drift,seed14,64,3263.3757575757577
hpmcounter5,drift,seed14,65,3265.0969696969696
hpmcounter5,drift,seed14,66,3263.163636363636
hpmcounter5,drift,seed14,67,3278.0969696969696
hpmcounter5,drift,seed14,68,3305.7515151515154
hpmcounter5,drift,seed14,69,3343.5878787878787
hpmcounter5,drift,seed14,70,3386.2545454545457
hpmcounter5,drift,seed14,71,3414.8242424242426
hpmcounter5,drift,seed14,72,3441.2
hpmcounter5,drift,seed14,73,3450.521212121212
hpmcounter5,drift,seed14,74,3443.2848484848487
hpmcounter5,drift,seed14,75,3418.3030303030305
hpmcounter5,drift,seed14,76,3375.242424242424
hpmcounter5,drift,seed14,77,3335.3212121212123
hpmcounter5,drift,seed14,78,3303.4060606060607
hpmcounter5,drift,seed14,79,3284.460606060606
hpmcounter5,drift,seed14,80,3277.7090909090907
hpmcounter5,drift,seed14,81,3267.848484848485
hpmcounter5,drift,seed14,82,3268.5939393939393
hpmcounter5,drift,seed14,83,3267.612121212121
hpmcounter5,drift,seed14,84,3265.5333333333333
hpmcounter5,drift,seed14,85,3262.6363636363635
hpmcounter5,drift,seed14,86,3259.387878787879
hpmcounter5,drift,seed14,87,3257.078787878788
hpmcounter5,drift,seed14,88,3257.4242424242425
hpmcounter5,drift,seed14,89,3263.29696969697
hpmcounter5,drift,seed14,90,3268.151515151515
hpmcounter5,drift,seed14,91,3273.478787878788
hpmcounter5,drift,seed14,92,3276.266666666667
hpmcounter5,drift,seed14,93,3274.3454545454547
hpmcounter5,drift,seed14,94,3272.5636363636363
hpmcounter5,drift,seed14,95,3267.9030303030304
hpmcounter5,drift,seed14,96,3264.357575757576
hpmcounter5,drift,seed14,97,3263.3636363636365
hpmcounter5,drift,seed14,98,3263.339393939394
hpmcounter5,drift,seed14,99,3264.339393939394
hpmcounter5,drift,seed14,100,3262.2060606060604
hpmcounter5,drift,seed14,101,3259.509090909091
hpmcounter5,drift,seed14,102,3258.5454545454545
hpmcounter5,drift,seed14,103,3258.012121212121
hpmcounter5,drift,seed14,104,3256.7090909090907
hpmcounter5,drift,seed14,105,3253.2363636363634
hpmcounter5,drift,seed14,106,3252.139393939394
hpmcounter5,drift,seed14,107,3253.539393939394
hpmcounter5,drift,seed14,108,3255.957575757576
hpmcounter5,drift,seed14,109,3259.830303030303
hpmcounter5,drift,seed14,110,3262.139393939394
hpmcounter5,drift,seed14,111,3264.806060606061
hpmcounter5,drift,seed14,112,3263.9030303030304
hpmcounter5,drift,seed14,113,3264.5575757575757
hpmcounter5,drift,seed14,114,3266.3454545454547
hpmcounter5,drift,seed14,115,3265.836363636364
hpmcounter5,drift,seed14,116,3263.0060606060606
hpmcounter5,drift,seed14,117,3258.5454545454545
hpmcounter5,drift,seed14,118,3254.7454545454543
hpmcounter5,drift,seed14,119,3252.89696969697
hpmcounter5,drift,seed14,120,3255.642424242424
hpmcounter5,drift,seed14,121,3262.9939393939394
hpmcounter5,drift,seed14,122,3266.5454545454545
hpmcounter5,drift,seed14,123,3272.6666666666665
hpmcounter5,drift,seed14,124,3277.7090909090907
hpmcounter5,drift,seed14,125,3278.7818181818184
hpmcounter5,drift,seed14,126,3275.0363636363636
hpmcounter5,drift,seed14,127,3267.551515151515
hpmcounter5,drift,seed14,128,3261.939393939394
hpmcounter5,drift,seed14,129,3257.8727272727274
hpmcounter5,drift,seed14,130,3254.775757575758
hpmcounter5,drift,seed14,131,3254.957575757576
hpmcounter5,drift,seed14,132,3255.5030303030303
hpmcounter5,drift,seed14,133,3274.4969696969697
hpmcounter5,drift,seed14,134,3291.830303030303
hpmcounter5,drift,seed14,135,3307.5757575757575
hpmcounter5,drift,seed14,136,3315.478787878788
hpmcounter5,drift,seed14,137,3315.509090909091
hpmcounter5,drift,seed14,138,3312.4121212121213
hpmcounter5,drift,seed14,139,3310.018181818182
hpmcounter5,drift,seed14,140,3300.7515151515154
hpmcounter5,drift,seed14,141,3285.642424242424
hpmcounter5,drift,seed14,142,3268.0060606060606
hpmcounter5,drift,seed14,143,3263.448484848485
hpmcounter5,drift,seed14,144,3259.939393939394
hpmcounter5,drift,seed14,145,3260.0242424242424
hpmcounter5,drift,seed14,146,3261.7090909090907
hpmcounter5,drift,seed14,147,3260.5939393939393
hpmcounter5,drift,seed14,148,3259.5757575757575
hpmcounter5,drift,seed14,149,3261.0060606060606
hpmcounter5,drift,seed14,150,3262.7090909090907
hpmcounter5,drift,seed14,151,3262.642424242424
hpmcounter5,drift,seed14,152,3262.2727272727275
hpmcounter5,drift,seed14,153,3261.242424242424
hpmcounter5,drift,seed14,154,3257.7636363636366
hpmcounter5,drift,seed14,155,3270.9636363636364
hpmcounter5,drift,seed14,156,3299.848484848485
hpmcounter5,drift,seed14,157,3335.6848484848483
hpmcounter5,drift,seed14,158,3379.4
hpmcounter5,drift,seed14,159,3425.2848484848487
hpmcounter5,drift,seed14,160,3453.8242424242426
hpmcounter5,drift,seed14,161,3465.2727272727275
hpmcounter5,drift,seed14,162,3456.7272727272725
hpmcounter5,drift,seed14,163,3429.866666666667
hpmcounter5,drift,seed14,164,3382.7939393939396
hpmcounter5,drift,seed14,165,3338.448484848485
hpmcounter5,drift,seed14,166,3299.9757575757576
hpmcounter5,drift,seed14,167,3268.969696969697
hpmcounter5,drift,seed14,168,3251.8727272727274
hpmcounter5,drift,seed14,169,3251.3151515151517
hpmcounter5,drift,seed14,170,3253.193939393939
hpmcounter5,drift,seed14,171,3252.6545454545453
hpmcounter5,drift,seed14,172,3251.7939393939396
hpmcounter5,drift,seed14,173,3252.5030303030303
hpmcounter5,drift,seed14,174,3252.8
hpmcounter5,drift,seed14,175,3253.139393939394
hpmcounter5,drift,seed14,176,3256.4545454545455
hpmcounter5,drift,seed14,177,3256.957575757576
hpmcounter5,drift,seed14,178,3257.2484848484846
hpmcounter5,drift,seed14,179,3258.9636363636364
hpmcounter5,drift,seed14,180,3263.581818181818
hpmcounter5,drift,seed14,181,3266.5636363636363
hpmcounter5,drift,seed14,182,3284.3454545454547
hpmcounter5,drift,seed14,183,3312.5272727272727
hpmcounter5,drift,seed14,184,3351.163636363636
hpmcounter5,drift,seed14,185,3391.29696969697
hpmcounter5,drift,seed14,186,3434.012121212121
hpmcounter5,drift,seed14,187,3471.6
hpmcounter5,drift,seed14,188,3503.757575757576
hpmcounter5,drift,seed14,189,3529.2181818181816
hpmcounter5,drift,seed14,190,3527.7818181818184
hpmcounter5,drift,seed14,191,3498.733333333333
hpmcounter5,drift,seed14,192,3460.521212121212
hpmcounter5,drift,seed14,193,3416.339393939394
hpmcounter5,drift,seed14,194,3376.3333333333335
hpmcounter5,drift,seed14,195,3338.660606060606
hpmcounter5,drift,seed14,196,3302.927272727273
hpmcounter5,drift,seed14,197,3275.090909090909
hpmcounter5,drift,seed14,198,3261.2484848484846
hpmcounter5,drift,seed14,199,3263.0363636363636
hpmcounter5,drift,seed14,200,3265.10303030303
hpmcounter5,drift,seed14,201,3263.1757575757574
hpmcounter5,drift,seed14,202,3259.6363636363635
hpmcounter5,drift,seed14,203,3254.0848484848484
hpmcounter5,drift,seed14,204,3251.430303030303
hpmcounter5,drift,seed14,205,3253.9454545454546
hpmcounter5,drift,seed14,206,3254.7393939393937
hpmcounter5,drift,seed14,207,3256.430303030303
hpmcounter5,drift,seed14,208,3260.927272727273
hpmcounter5,drift,seed14,209,3265.3818181818183
hpmcounter5,drift,seed14,210,3270.672727272727
hpmcounter5,drift,seed14,211,3275.521212121212
hpmcounter5,drift,seed14,212,3279.2545454545457
hpmcounter5,drift,seed14,213,3279.721212121212
hpmcounter5,drift,seed14,214,3276.3212121212123
hpmcounter5,drift,seed14,215,3274.212121212121
hpmcounter5,drift,seed14,216,3269.2363636363634
hpmcounter5,drift,seed14,217,3264.642424242424
hpmcounter5,drift,seed14,218,3259.2181818181816
hpmcounter5,drift,seed14,219,3254.030303030303
hpmcounter5,drift,seed14,220,3250.10303030303
hpmcounter5,drift,seed14,221,3248.6060606060605
hpmcounter5,drift,seed14,222,3249.2181818181816
hpmcounter5,drift,seed14,223,3251.569696969697
hpmcounter5,drift,seed14,224,3250.309090909091
hpmcounter5,drift,seed14,225,3249.212121212121
hpmcounter5,drift,seed14,226,3247.921212121212
hpmcounter5,drift,seed14,227,3247.7636363636366
hpmcounter5,drift,seed14,228,3246.5151515151515
hpmcounter5,drift,seed14,229,3246.6484848484847
hpmcounter5,drift,seed14,230,3247.109090909091
hpmcounter5,drift,seed14,231,3247.6242424242423
hpmcounter5,drift,seed14,232,3248.418181818182
hpmcounter5,drift,seed14,233,3250.951515151515
hpmcounter5,drift,seed14,234,3250.460606060606
hpmcounter5,drift,seed14,235,3250.5333333333333
hpmcounter5,drift,seed14,236,3250.5575757575757
hpmcounter5,drift,seed14,237,3254.5454545454545
hpmcounter5,drift,seed14,238,3259.030303030303
hpmcounter5,drift,seed14,239,3262.2606060606063
hpmcounter5,drift,seed14,240,3264.4848484848485
hpmcounter5,drift,seed14,241,3267.060606060606
hpmcounter5,drift,seed14,242,3268.9030303030304
hpmcounter5,drift,seed14,243,3269.193939393939
hpmcounter5,drift,seed14,244,3266.9636363636364
hpmcounter5,drift,seed14,245,3263.4363636363637
hpmcounter5,drift,seed14,246,3259.4545454545455
hpmcounter5,drift,seed14,247,3258.4424242424243
hpmcounter5,drift,seed14,248,3259.848484848485
hpmcounter5,drift,seed14,249,3258.5030303030303
hpmcounter5,drift,seed14,250,3255.9636363636364
hpmcounter5,drift,seed14,251,3252.5272727272727
hpmcounter5,drift,seed14,252,3250.5151515151515
hpmcounter5,drift,seed14,253,3248.8
hpmcounter5,drift,seed14,254,3249.042424242424
hpmcounter5,drift,seed14,255,3247.7515151515154
hpmcounter5,drift,seed14,256,3246.1454545454544
hpmcounter5,drift,seed14,257,3246.1575757575756
hpmcounter5,drift,seed14,258,3250.109090909091
hpmcounter5,drift,seed14,259,3251.3333333333335
hpmcounter5,drift,seed14,260,3251.3030303030305
hpmcounter5,drift,seed14,261,3249.6242424242423
hpmcounter5,drift,seed14,262,3250.0969696969696
hpmcounter5,drift,seed14,263,3253.4363636363637
hpmcounter5,drift,seed14,264,3257.581818181818
hpmcounter5,drift,seed14,265,3261.3515151515153
hpmcounter5,drift,seed14,266,3261.6666666666665
hpmcounter5,drift,seed14,267,3262.0545454545454
hpmcounter5,drift,seed14,268,3262.969696969697
hpmcounter5,drift,seed14,269,3259.8545454545456
hpmcounter5,drift,seed14,270,3257.460606060606
hpmcounter5,drift,seed14,271,3254.072727272727
hpmcounter5,drift,seed14,272,3250.981818181818
hpmcounter5,drift,seed14,273,3250.3636363636365
hpmcounter5,drift,seed14,274,3249.169696969697
hpmcounter5,drift,seed14,275,3249.0060606060606
hpmcounter5,drift,seed14,276,3248.9939393939394
hpmcounter5,drift,seed14,277,3249.757575757576
hpmcounter5,drift,seed14,278,3249.5272727272727
hpmcounter5,drift,seed14,279,3248.5151515151515
hpmcounter5,drift,seed14,280,3248.3515151515153
hpmcounter5,drift,seed14,281,3249.212121212121
hpmcounter5,drift,seed14,282,3248.042424242424
hpmcounter5,drift,seed14,283,3245.6
hpmcounter5,drift,seed14,284,3241.5575757575757
hpmcounter5,drift,seed14,285,3239.242424242424
hpmcounter5,drift,seed14,286,3239.090909090909
hpmcounter5,drift,seed14,287,3240.757575757576
hpmcounter5,drift,seed14,288,3242.769696969697
hpmcounter5,drift,seed14,289,3246.2060606060604
hpmcounter5,drift,seed14,290,3250.3454545454547
hpmcounter5,drift,seed14,291,3252.969696969697
hpmcounter5,drift,seed14,292,3255.5272727272727
hpmcounter5,drift,seed14,293,3253.8242424242426
hpmcounter5,drift,seed14,294,3250.230303030303
hpmcounter5,drift,seed14,295,3245.8121212121214
hpmcounter5,drift,seed14,296,3241.7272727272725
hpmcounter5,drift,seed14,297,3241.5454545454545
hpmcounter5,drift,seed14,298,3241.848484848485
hpmcounter5,drift,seed15,9,3418.806060606061
hpmcounter5,drift,seed15,10,3437.3454545454547
hpmcounter5,drift,seed15,11,3456.387878787879
hpmcounter5,drift,seed15,12,3475.5272727272727
hpmcounter5,drift,seed15,13,3485.7636363636366
hpmcounter5,drift,seed15,14,3491.6
hpmcounter5,drift,seed15,15,3497.8848484848486
hpmcounter5,drift,seed15,16,3488.860606060606
hpmcounter5,drift,seed15,17,3470.430303030303
hpmcounter5,drift,seed15,18,3444.2606060606063
hpmcounter5,drift,seed15,19,3414.030303030303
hpmcounter5,drift,seed15,20,3364.3151515151517
hpmcounter5,drift,seed15,21,3318.539393939394
hpmcounter5,drift,seed15,22,3282.969696969697
hpmcounter5,drift,seed15,23,3257.090909090909
hpmcounter5,drift,seed15,24,3243.0363636363636
hpmcounter5,drift,seed15,25,3244.6787878787877
hpmcounter5,drift,seed15,26,3246.509090909091
hpmcounter5,drift,seed15,27,3247.4545454545455
hpmcounter5,drift,seed15,28,3246.1757575757574
hpmcounter5,drift,seed15,29,3249.230303030303
hpmcounter5,drift,seed15,30,3252.5575757575757
hpmcounter5,drift,seed15,31,3255.836363636364
hpmcounter5,drift,seed15,32,3258.757575757576
hpmcounter5,drift,seed15,33,3258.2727272727275
hpmcounter5,drift,seed15,34,3257.5757575757575
hpmcounter5,drift,seed15,35,3256.5757575757575
hpmcounter5,drift,seed15,36,3258.0242424242424
hpmcounter5,drift,seed15,37,3258.939393939394
hpmcounter5,drift,seed15,38,3257.29696969697
hpmcounter5,drift,seed15,39,3258.042424242424
hpmcounter5,drift,seed15,40,3258.072727272727
hpmcounter5,drift,seed15,41,3258.10303030303
hpmcounter5,drift,seed15,42,3258.6242424242423
hpmcounter5,drift,seed15,43,3257.860606060606
hpmcounter5,drift,seed15,44,3257.1151515151514
hpmcounter5,drift,seed15,45,3254.1454545454544
hpmcounter5,drift,seed15,46,3255.787878787879
hpmcounter5,drift,seed15,47,3256.6242424242423
hpmcounter5,drift,seed15,48,3255.6060606060605
hpmcounter5,drift,seed15,49,3254.581818181818
hpmcounter5,drift,seed15,50,3253.3151515151517
hpmcounter5,drift,seed15,51,3251.3030303030305
hpmcounter5,drift,seed15,52,3249.9636363636364
hpmcounter5,drift,seed15,53,3251.5878787878787
hpmcounter5,drift,seed15,54,3251.7090909090907
hpmcounter5,drift,seed15,55,3251.6242424242423
hpmcounter5,drift,seed15,56,3271.860606060606
hpmcounter5,drift,seed15,57,3301.6545454545453
hpmcounter5,drift,seed15,58,3322.4969696969697
hpmcounter5,drift,seed15,59,3351.787878787879
hpmcounter5,drift,seed15,60,3387.1878787878786
hpmcounter5,drift,seed15,61,3424.29696969697
hpmcounter5,drift,seed15,62,3458.866666666667
hpmcounter5,drift,seed15,63,3492.9454545454546
hpmcounter5,drift,seed15,64,3497.8121212121214
hpmcounter5,drift,seed15,65,3494.0969696969696
hpmcounter5,drift,seed15,66,3482.5575757575757
hpmcounter5,drift,seed15,67,3465.121212121212
hpmcounter5,drift,seed15,68,3426.3333333333335
hpmcounter5,drift,seed15,69,3385.660606060606
hpmcounter5,drift,seed15,70,3344.733333333333
hpmcounter5,drift,seed15,71,3310.830303030303
hpmcounter5,drift,seed15,72,3285.569696969697
hpmcounter5,drift,seed15,73,3292.927272727273
hpmcounter5,drift,seed15,74,3307.612121212121
hpmcounter5,drift,seed15,75,3328.4121212121213
hpmcounter5,drift,seed15,76,3341.5878787878787
hpmcounter5,drift,seed15,77,3350.521212121212
hpmcounter5,drift,seed15,78,3353.690909090909
hpmcounter5,drift,seed15,79,3350.551515151515
hpmcounter5,drift,seed15,80,3337.018181818182
hpmcounter5,drift,seed15,81,3315.018181818182
hpmcounter5,drift,seed15,82,3283.212121212121
hpmcounter5,drift,seed15,83,3264.878787878788
hpmcounter5,drift,seed15,84,3262.630303030303
hpmcounter5,drift,seed15,85,3259.460606060606
hpmcounter5,drift,seed15,86,3255.1151515151514
hpmcounter5,drift,seed15,87,3255.090909090909
hpmcounter5,drift,seed15,88,3254.1878787878786
hpmcounter5,drift,seed15,89,3253.3454545454547
hpmcounter5,drift,seed15,90,3251.9939393939394
hpmcounter5,drift,seed15,91,3248.1151515151514
hpmcounter5,drift,seed15,92,3244.2848484848487
hpmcounter5,drift,seed15,93,3240.830303030303
hpmcounter5,drift,seed15,94,3240.339393939394
hpmcounter5,drift,seed15,95,3241.6969696969695
hpmcounter5,drift,seed15,96,3242.1151515151514
hpmcounter5,drift,seed15,97,3246.6545454545453
hpmcounter5,drift,seed15,98,3253.509090909091
hpmcounter5,drift,seed15,99,3257.9030303030304
hpmcounter5,drift,seed15,100,3262.230303030303
hpmcounter5,drift,seed15,101,3261.163636363636
hpmcounter5,drift,seed15,102,3263.569696969697
hpmcounter5,drift,seed15,103,3267.2909090909093
hpmcounter5,drift,seed15,104,3273.569696969697
hpmcounter5,drift,seed15,105,3277.890909090909
hpmcounter5,drift,seed15,106,3278.4060606060607
hpmcounter5,drift,seed15,107,3273.309090909091
hpmcounter5,drift,seed15,108,3267.9757575757576
hpmcounter5,drift,seed15,109,3262.6545454545453
hpmcounter5,drift,seed15,110,3256.369696969697
hpmcounter5,drift,seed15,111,3246.0060606060606
hpmcounter5,drift,seed15,112,3241.2
hpmcounter5,drift,seed15,113,3241.5636363636363
hpmcounter5,drift,seed15,114,3245.339393939394
hpmcounter5,drift,seed15,115,3249.478787878788
hpmcounter5,drift,seed15,116,3253.4545454545455
hpmcounter5,drift,seed15,117,3255.6181818181817
hpmcounter5,drift,seed15,118,3255.787878787879
hpmcounter5,drift,seed15,119,3257.4969696969697
hpmcounter5,drift,seed15,120,3254.6666666666665
hpmcounter5,drift,seed15,121,3252.3030303030305
hpmcounter5,drift,seed15,122,3253.163636363636
hpmcounter5,drift,seed15,123,3257.4
hpmcounter5,drift,seed15,124,3278.7636363636366
hpmcounter5,drift,seed15,125,3292.4363636363637
hpmcounter5,drift,seed15,126,3299.951515151515
hpmcounter5,drift,seed15,127,3305.060606060606
hpmcounter5,drift,seed15,128,3306.6848484848483
hpmcounter5,drift,seed15,129,3303.3333333333335
hpmcounter5,drift,seed15,130,3295.6969696969695
hpmcounter5,drift,seed15,131,3285.6545454545453
hpmcounter5,drift,seed15,132,3272.9333333333334
hpmcounter5,drift,seed15,133,3257.448484848485
hpmcounter5,drift,seed15,134,3260.581818181818
hpmcounter5,drift,seed15,135,3259.169696969697
hpmcounter5,drift,seed15,136,3255.878787878788
hpmcounter5,drift,seed15,137,3255.121212121212
hpmcounter5,drift,seed15,138,3252.9636363636364
hpmcounter5,drift,seed15,139,3250.909090909091
hpmcounter5,drift,seed15,140,3266.9757575757576
hpmcounter5,drift,seed15,141,3294.775757575758
hpmcounter5,drift,seed15,142,3332.5575757575757
hpmcounter5,drift,seed15,143,3373.733333333333
hpmcounter5,drift,seed15,144,3417.5454545454545
hpmcounter5,drift,seed15,145,3457.775757575758
hpmcounter5,drift,seed15,146,3491.690909090909
hpmcounter5,drift,seed15,147,3520.521212121212
hpmcounter5,drift,seed15,148,3537.212121212121
hpmcounter5,drift,seed15,149,3539.109090909091
hpmcounter5,drift,seed15,150,3528.10303030303
hpmcounter5,drift,seed15,151,3504.7393939393937
hpmcounter5,drift,seed15,152,3473.836363636364
hpmcounter5,drift,seed15,153,3436.7090909090907
hpmcounter5,drift,seed15,154,3395.418181818182
hpmcounter5,drift,seed15,155,3354.642424242424
hpmcounter5,drift,seed15,156,3319.3151515151517
hpmcounter5,drift,seed15,157,3290.89696969697
hpmcounter5,drift,seed15,158,3276.6969696969695
hpmcounter5,drift,seed15,159,3277.072727272727
hpmcounter5,drift,seed15,160,3275.242424242424
hpmcounter5,drift,seed15,161,3273.757575757576
hpmcounter5,drift,seed15,162,3271.1272727272726
hpmcounter5,drift,seed15,163,3269.193939393939
hpmcounter5,drift,seed15,164,3264.212121212121
hpmcounter5,drift,seed15,165,3259.3333333333335
hpmcounter5,drift,seed15,166,3257.090909090909
hpmcounter5,drift,seed15,167,3253.1575757575756
hpmcounter5,drift,seed15,168,3252.806060606061
hpmcounter5,drift,seed15,169,3256.2545454545457
hpmcounter5,drift,seed15,170,3254.806060606061
hpmcounter5,drift,seed15,171,3253.733333333333
hpmcounter5,drift,seed15,172,3252.7272727272725
hpmcounter5,drift,seed15,173,3251.212121212121
hpmcounter5,drift,seed15,174,3247.2545454545457
hpmcounter5,drift,seed15,175,3242.7939393939396
hpmcounter5,drift,seed15,176,3240.2181818181816
hpmcounter5,drift,seed15,177,3239.539393939394
hpmcounter5,drift,seed15,178,3241.5454545454545
hpmcounter5,drift,seed15,179,3246.890909090909
hpmcounter5,drift,seed15,180,3249.7090909090907
hpmcounter5,drift,seed15,181,3253.836363636364
hpmcounter5,drift,seed15,182,3257.8727272727274
hpmcounter5,drift,seed15,183,3262.5333333333333
hpmcounter5,drift,seed15,184,3266.8
hpmcounter5,drift,seed15,185,3270.151515151515
hpmcounter5,drift,seed15,186,3273.121212121212
hpmcounter5,drift,seed15,187,3273.9454545454546
hpmcounter5,drift,seed15,188,3275.672727272727
hpmcounter5,drift,seed15,189,3278.042424242424
hpmcounter5,drift,seed15,190,3277.4121212121213
hpmcounter5,drift,seed15,191,3275.521212121212
hpmcounter5,drift,seed15,192,3273.090909090909
hpmcounter5,drift,seed15,193,3273.612121212121
hpmcounter5,drift,seed15,194,3274.3333333333335
hpmcounter5,drift,seed15,195,3274.490909090909
hpmcounter5,drift,seed15,196,3273.7393939393937
hpmcounter5,drift,seed15,197,3269.2060606060604
hpmcounter5,drift,seed15,198,3266.2727272727275
hpmcounter5,drift,seed15,199,3264.721212121212
hpmcounter5,drift,seed15,200,3264.418181818182
hpmcounter5,drift,seed15,201,3260.878787878788
hpmcounter5,drift,seed15,202,3258.3454545454547
hpmcounter5,drift,seed15,203,3256.6848484848483
hpmcounter5,drift,seed15,204,3256.957575757576
hpmcounter5,drift,seed15,205,3256.387878787879
hpmcounter5,drift,seed15,206,3255.1575757575756
hpmcounter5,drift,seed15,207,3251.1454545454544
hpmcounter5,drift,seed15,208,3249.5757575757575
hpmcounter5,drift,seed15,209,3248.866666666667
hpmcounter5,drift,seed15,210,3249.509090909091
hpmcounter5,drift,seed15,211,3250.7454545454543
hpmcounter5,drift,seed15,212,3252.5333333333333
hpmcounter5,drift,seed15,213,3253.139393939394
hpmcounter5,drift,seed15,214,3254.5333333333333
hpmcounter5,drift,seed15,215,3256.1878787878786
hpmcounter5,drift,seed15,216,3256.0545454545454
hpmcounter5,drift,seed15,217,3253.6545454545453
hpmcounter5,drift,seed15,218,3254.1575757575756
hpmcounter5,drift,seed15,219,3254.060606060606
hpmcounter5,drift,seed15,220,3253.9030303030304
hpmcounter5,drift,seed15,221,3255.8121212121214
hpmcounter5,drift,seed15,222,3256.478787878788
hpmcounter5,drift,seed15,223,3259.3333333333335
hpmcounter5,drift,seed15,224,3261.969696969697
hpmcounter5,drift,seed15,225,3265.042424242424
hpmcounter5,drift,seed15,226,3265.539393939394
hpmcounter5,drift,seed15,227,3265.448484848485
hpmcounter5,drift,seed15,228,3266.4727272727273
hpmcounter5,drift,seed15,229,3267.569696969697
hpmcounter5,drift,seed15,230,3270.309090909091
hpmcounter5,drift,seed15,231,3273.242424242424
hpmcounter5,drift,seed15,232,3272.787878787879
hpmcounter5,drift,seed15,233,3273.2484848484846
hpmcounter5,drift,seed15,234,3272.612121212121
hpmcounter5,drift,seed15,235,3273.012121212121
hpmcounter5,drift,seed15,236,3271.357575757576
hpmcounter5,drift,seed15,237,3270.224242424242
hpmcounter5,drift,seed15,238,3267.121212121212
hpmcounter5,drift,seed15,239,3263.090909090909
hpmcounter5,drift,seed15,240,3259.89696969697
hpmcounter5,drift,seed15,241,3258.4848484848485
hpmcounter5,drift,seed15,242,3256.733333333333
hpmcounter5,drift,seed15,243,3257.3212121212123
hpmcounter5,drift,seed15,244,3257.0666666666666
hpmcounter5,drift,seed15,245,3256.6787878787877
hpmcounter5,drift,seed15,246,3257.0060606060606
hpmcounter5,drift,seed15,247,3258.266666666667
hpmcounter5,drift,seed15,248,3260.7272727272725
hpmcounter5,drift,seed15,249,3258.909090909091
hpmcounter5,drift,seed15,250,3255.6848484848483
hpmcounter5,drift,seed15,251,3254.6060606060605
hpmcounter5,drift,seed15,252,3253.3212121212123
hpmcounter5,drift,seed15,253,3253.6848484848483
hpmcounter5,drift,seed15,254,3254.787878787879
hpmcounter5,drift,seed15,255,3253.8545454545456
hpmcounter5,drift,seed15,256,3252.690909090909
hpmcounter5,drift,seed15,257,3252.927272727273
hpmcounter5,drift,seed15,258,3253.927272727273
hpmcounter5,drift,seed15,259,3252.987878787879
hpmcounter5,drift,seed15,260,3250.721212121212
hpmcounter5,drift,seed15,261,3251.369696969697
hpmcounter5,drift,seed15,262,3252.7272727272725
hpmcounter5,drift,seed15,263,3252.327272727273
hpmcounter5,drift,seed15,264,3252.8727272727274
hpmcounter5,drift,seed15,265,3254.0969696969696
hpmcounter5,drift,seed15,266,3255.957575757576
hpmcounter5,drift,seed15,267,3259.5939393939393
hpmcounter5,drift,seed15,268,3260.29696969697
hpmcounter5,drift,seed15,269,3259.9454545454546
hpmcounter5,drift,seed15,270,3258.6181818181817
hpmcounter5,drift,seed15,271,3258.3212121212123
hpmcounter5,drift,seed15,272,3256.878787878788
hpmcounter5,drift,seed15,273,3255.890909090909
hpmcounter5,drift,seed15,274,3256.6484848484847
hpmcounter5,drift,seed15,275,3254.3151515151517
hpmcounter5,drift,seed15,276,3254.836363636364
hpmcounter5,drift,seed15,277,3254.309090909091
hpmcounter5,drift,seed15,278,3253.369696969697
hpmcounter5,drift,seed15,279,3253.5454545454545
hpmcounter5,drift,seed15,280,3254.9454545454546
hpmcounter5,drift,seed15,281,3258.3151515151517
hpmcounter5,drift,seed15,282,3259.072727272727
hpmcounter5,drift,seed15,283,3262.787878787879
hpmcounter5,drift,seed15,284,3269.4363636363637
hpmcounter5,drift,seed15,285,3270.6242424242423
hpmcounter5,drift,seed15,286,3269.769696969697
hpmcounter5,drift,seed15,287,3266.775757575758
hpmcounter5,drift,seed15,288,3263.630303030303
hpmcounter5,drift,seed15,289,3261.878787878788
hpmcounter5,drift,seed15,290,3261.775757575758
hpmcounter5,drift,seed15,291,3264.6545454545453
hpmcounter5,drift,seed15,292,3265.806060606061
hpmcounter5,drift,seed15,293,3267.2060606060604
hpmcounter5,drift,seed15,294,3270.169696969697
hpmcounter5,drift,seed15,295,3270.787878787879
hpmcounter5,drift,seed15,296,3269.4
hpmcounter5,drift,seed15,297,3266.309090909091
hpmcounter5,drift,seed15,298,3261.460606060606
hpmcounter5,drift,seed16,9,3248.5939393939393
hpmcounter5,drift,seed16,10,3243.6666666666665
hpmcounter5,drift,seed16,11,3239.012121212121
hpmcounter5,drift,seed16,12,3237.3757575757577
hpmcounter5,drift,seed16,13,3237.6363636363635
hpmcounter5,drift,seed16,14,3238.7454545454543
hpmcounter5,drift,seed16,15,3241.4969696969697
hpmcounter5,drift,seed16,16,3243.193939393939
hpmcounter5,drift,seed16,17,3246.030303030303
hpmcounter5,drift,seed16,18,3250.8424242424244
hpmcounter5,drift,seed16,19,3256.9939393939394
hpmcounter5,drift,seed16,20,3261.8242424242426
hpmcounter5,drift,seed16,21,3264.490909090909
hpmcounter5,drift,seed16,22,3267.151515151515
hpmcounter5,drift,seed16,23,3267.6484848484847
hpmcounter5,drift,seed16,24,3265.775757575758
hpmcounter5,drift,seed16,25,3261.4
hpmcounter5,drift,seed16,26,3255.6666666666665
hpmcounter5,drift,seed16,27,3250.927272727273
hpmcounter5,drift,seed16,28,3248.787878787879
hpmcounter5,drift,seed16,29,3250.090909090909
hpmcounter5,drift,seed16,30,3252.478787878788
hpmcounter5,drift,seed16,31,3255.9030303030304
hpmcounter5,drift,seed16,32,3258.890909090909
hpmcounter5,drift,seed16,33,3260.0545454545454
hpmcounter5,drift,seed16,34,3260.327272727273
hpmcounter5,drift,seed16,35,3257.9151515151516
hpmcounter5,drift,seed16,36,3254.6787878787877
hpmcounter5,drift,seed16,37,3252.7636363636366
hpmcounter5,drift,seed16,38,3249.1454545454544
hpmcounter5,drift,seed16,39,3246.3818181818183
hpmcounter5,drift,seed16,40,3245.5575757575757
hpmcounter5,drift,seed16,41,3249.078787878788
hpmcounter5,drift,seed16,42,3249.4
hpmcounter5,drift,seed16,43,3250.121212121212
hpmcounter5,drift,seed16,44,3251.4060606060607
hpmcounter5,drift,seed16,45,3250.4666666666667
hpmcounter5,drift,seed16,46,3250.927272727273
hpmcounter5,drift,seed16,47,3252.7393939393937
hpmcounter5,drift,seed16,48,3255.0969696969696
hpmcounter5,drift,seed16,49,3256.1151515151514
hpmcounter5,drift,seed16,50,3257.5636363636363
hpmcounter5,drift,seed16,51,3262.072727272727
hpmcounter5,drift,seed16,52,3262.357575757576
hpmcounter5,drift,seed16,53,3262.806060606061
hpmcounter5,drift,seed16,54,3263.4545454545455
hpmcounter5,drift,seed16,55,3260.9151515151516
hpmcounter5,drift,seed16,56,3258.6242424242423
hpmcounter5,drift,seed16,57,3256.5272727272727
hpmcounter5,drift,seed16,58,3257.6484848484847
hpmcounter5,drift,seed16,59,3257.090909090909
hpmcounter5,drift,seed16,60,3257.581818181818
hpmcounter5,drift,seed16,61,3259.460606060606
hpmcounter5,drift,seed16,62,3257.4121212121213
hpmcounter5,drift,seed16,63,3255.7151515151513
hpmcounter5,drift,seed16,64,3259.3939393939395
hpmcounter5,drift,seed16,65,3260.2181818181816
hpmcounter5,drift,seed16,66,3259.9030303030304
hpmcounter5,drift,seed16,67,3259.8848484848486
hpmcounter5,drift,seed16,68,3262.957575757576
hpmcounter5,drift,seed16,69,3267.612121212121
hpmcounter5,drift,seed16,70,3269.4969696969697
hpmcounter5,drift,seed16,71,3268.969696969697
hpmcounter5,drift,seed16,72,3266.9636363636364
hpmcounter5,drift,seed16,73,3262.0666666666666
hpmcounter5,drift,seed16,74,3262.4242424242425
hpmcounter5,drift,seed16,75,3259.806060606061
hpmcounter5,drift,seed16,76,3258.3030303030305
hpmcounter5,drift,seed16,77,3255.8121212121214
hpmcounter5,drift,seed16,78,3256.278787878788
hpmcounter5,drift,seed16,79,3261.278787878788
hpmcounter5,drift,seed16,80,3265.6242424242423
hpmcounter5,drift,seed16,81,3267.866666666667
hpmcounter5,drift,seed16,82,3272.193939393939
hpmcounter5,drift,seed16,83,3272.8545454545456
hpmcounter5,drift,seed16,84,3274.9030303030304
hpmcounter5,drift,seed16,85,3273.0545454545454
hpmcounter5,drift,seed16,86,3270.387878787879
hpmcounter5,drift,seed16,87,3264.878787878788
hpmcounter5,drift,seed16,88,3261.048484848485
hpmcounter5,drift,seed16,89,3255.721212121212
hpmcounter5,drift,seed16,90,3253.072727272727
hpmcounter5,drift,seed16,91,3248.2060606060604
hpmcounter5,drift,seed16,92,3245.7939393939396
hpmcounter5,drift,seed16,93,3246.0363636363636
hpmcounter5,drift,seed16,94,3251.078787878788
hpmcounter5,drift,seed16,95,3255.5454545454545
hpmcounter5,drift,seed16,96,3257.8727272727274
hpmcounter5,drift,seed16,97,3257.2909090909093
hpmcounter5,drift,seed16,98,3256.6787878787877
hpmcounter5,drift,seed16,99,3257.6969696969695
hpmcounter5,drift,seed16,100,3260.3454545454547
hpmcounter5,drift,seed16,101,3258.6181818181817
hpmcounter5,drift,seed16,102,3256.133333333333
hpmcounter5,drift,seed16,103,3254.4242424242425
hpmcounter5,drift,seed16,104,3257.3818181818183
hpmcounter5,drift,seed16,105,3258.460606060606
hpmcounter5,drift,seed16,106,3257.690909090909
hpmcounter5,drift,seed16,107,3254.539393939394
hpmcounter5,drift,seed16,108,3249.5878787878787
hpmcounter5,drift,seed16,109,3249.078787878788
hpmcounter5,drift,seed16,110,3249.630303030303
hpmcounter5,drift,seed16,111,3248.048484848485
hpmcounter5,drift,seed16,112,3246.3939393939395
hpmcounter5,drift,seed16,113,3244.9636363636364
hpmcounter5,drift,seed16,114,3247.6181818181817
hpmcounter5,drift,seed16,115,3248.9939393939394
hpmcounter5,drift,seed16,116,3251.1272727272726
hpmcounter5,drift,seed16,117,3270.4666666666667
hpmcounter5,drift,seed16,118,3284.860606060606
hpmcounter5,drift,seed16,119,3295.5030303030303
hpmcounter5,drift,seed16,120,3303.387878787879
hpmcounter5,drift,seed16,121,3306.8727272727274
hpmcounter5,drift,seed16,122,3305.181818181818
hpmcounter5,drift,seed16,123,3300.8848484848486
hpmcounter5,drift,seed16,124,3290.860606060606
hpmcounter5,drift,seed16,125,3274.042424242424
hpmcounter5,drift,seed16,126,3253.5878787878787
hpmcounter5,drift,seed16,127,3249.4060606060607
hpmcounter5,drift,seed16,128,3245.7515151515154
hpmcounter5,drift,seed16,129,3241.309090909091
hpmcounter5,drift,seed16,130,3238.060606060606
hpmcounter5,drift,seed16,131,3235.769696969697
hpmcounter5,drift,seed16,132,3233.4545454545455
hpmcounter5,drift,seed16,133,3235.569696969697
hpmcounter5,drift,seed16,134,3239.7515151515154
hpmcounter5,drift,seed16,135,3243.551515151515
hpmcounter5,drift,seed16,136,3247.4
hpmcounter5,drift,seed16,137,3248.309090909091
hpmcounter5,drift,seed16,138,3249.830303030303
hpmcounter5,drift,seed16,139,3251.5030303030303
hpmcounter5,drift,seed16,140,3254.490909090909
hpmcounter5,drift,seed16,141,3260.4121212121213
hpmcounter5,drift,seed16,142,3264.509090909091
hpmcounter5,drift,seed16,143,3266.018181818182
hpmcounter5,drift,seed16,144,3268.860606060606
hpmcounter5,drift,seed16,145,3272.018181818182
hpmcounter5,drift,seed16,146,3289.7515151515154
hpmcounter5,drift,seed16,147,3319.7272727272725
hpmcounter5,drift,seed16,148,3356.581818181818
hpmcounter5,drift,seed16,149,3396.3636363636365
hpmcounter5,drift,seed16,150,3436.6969696969695
hpmcounter5,drift,seed16,151,3466.3030303030305
hpmcounter5,drift,seed16,152,3476.7272727272725
hpmcounter5,drift,seed16,153,3466.6242424242423
hpmcounter5,drift,seed16,154,3439.3333333333335
hpmcounter5,drift,seed16,155,3392.2909090909093
hpmcounter5,drift,seed16,156,3347.109090909091
hpmcounter5,drift,seed16,157,3308.042424242424
hpmcounter5,drift,seed16,158,3279.1878787878786
hpmcounter5,drift,seed16,159,3261.1454545454544
hpmcounter5,drift,seed16,160,3258.012121212121
hpmcounter5,drift,seed16,161,3257.612121212121
hpmcounter5,drift,seed16,162,3255.3515151515153
hpmcounter5,drift,seed16,163,3253.939393939394
hpmcounter5,drift,seed16,164,3256.430303030303
hpmcounter5,drift,seed16,165,3257.660606060606
hpmcounter5,drift,seed16,166,3259.7515151515154
hpmcounter5,drift,seed16,167,3259.3151515151517
hpmcounter5,drift,seed16,168,3260.048484848485
hpmcounter5,drift,seed16,169,3261.109090909091
hpmcounter5,drift,seed16,170,3263.860606060606
hpmcounter5,drift,seed16,171,3263.6242424242423
hpmcounter5,drift,seed16,172,3259.5878787878787
hpmcounter5,drift,seed16,173,3257.2
hpmcounter5,drift,seed16,174,3255.2484848484846
hpmcounter5,drift,seed16,175,3255.0060606060606
hpmcounter5,drift,seed16,176,3255.4424242424243
hpmcounter5,drift,seed16,177,3254.3515151515153
hpmcounter5,drift,seed16,178,3253.3212121212123
hpmcounter5,drift,seed16,179,3252.1757575757574
hpmcounter5,drift,seed16,180,3250.939393939394
hpmcounter5,drift,seed16,181,3249.830303030303
hpmcounter5,drift,seed16,182,3246.0060606060606
hpmcounter5,drift,seed16,183,3245.890909090909
hpmcounter5,drift,seed16,184,3243.733333333333
hpmcounter5,drift,seed16,185,3245.769696969697
hpmcounter5,drift,seed16,186,3253.29696969697
hpmcounter5,drift,seed16,187,3259.042424242424
hpmcounter5,drift,seed16,188,3266.0969696969696
hpmcounter5,drift,seed16,189,3274.369696969697
hpmcounter5,drift,seed16,190,3278.2909090909093
hpmcounter5,drift,seed16,191,3279.109090909091
hpmcounter5,drift,seed16,192,3274.733333333333
hpmcounter5,drift,seed16,193,3270.927272727273
hpmcounter5,drift,seed16,194,3264.3454545454547
hpmcounter5,drift,seed16,195,3261.9757575757576
hpmcounter5,drift,seed16,196,3261.89696969697
hpmcounter5,drift,seed16,197,3260.6545454545453
hpmcounter5,drift,seed16,198,3262.1454545454544
hpmcounter5,drift,seed16,199,3265.660606060606
hpmcounter5,drift,seed16,200,3268.133333333333
hpmcounter5,drift,seed16,201,3268.4242424242425
hpmcounter5,drift,seed16,202,3268.830303030303
hpmcounter5,drift,seed16,203,3268.327272727273
hpmcounter5,drift,seed16,204,3265.230303030303
hpmcounter5,drift,seed16,205,3264.490909090909
hpmcounter5,drift,seed16,206,3261.2181818181816
hpmcounter5,drift,seed16,207,3258.3636363636365
hpmcounter5,drift,seed16,208,3259.3515151515153
hpmcounter5,drift,seed16,209,3258.5454545454545
hpmcounter5,drift,seed16,210,3258.878787878788
hpmcounter5,drift,seed16,211,3256.9030303030304
hpmcounter5,drift,seed16,212,3259.1575757575756
hpmcounter5,drift,seed16,213,3260.133333333333
hpmcounter5,drift,seed16,214,3260.0848484848484
hpmcounter5,drift,seed16,215,3259.521212121212
hpmcounter5,drift,seed16,216,3258.5333333333333
hpmcounter5,drift,seed16,217,3257.4
hpmcounter5,drift,seed16,218,3258.4848484848485
hpmcounter5,drift,seed16,219,3257.866666666667
hpmcounter5,drift,seed16,220,3256.9939393939394
hpmcounter5,drift,seed16,221,3255.7393939393937
hpmcounter5,drift,seed16,222,3258.090909090909
hpmcounter5,drift,seed16,223,3258.612121212121
hpmcounter5,drift,seed16,224,3260.2909090909093
hpmcounter5,drift,seed16,225,3260.509090909091
hpmcounter5,drift,seed16,226,3259.848484848485
hpmcounter5,drift,seed16,227,3259.030303030303
hpmcounter5,drift,seed16,228,3257.072727272727
hpmcounter5,drift,seed16,229,3255.460606060606
hpmcounter5,drift,seed16,230,3254.3757575757577
hpmcounter5,drift,seed16,231,3255.339393939394
hpmcounter5,drift,seed16,232,3260.6484848484847
hpmcounter5,drift,seed16,233,3264.8727272727274
hpmcounter5,drift,seed16,234,3271.690909090909
hpmcounter5,drift,seed16,235,3277.909090909091
hpmcounter5,drift,seed16,236,3280.6666666666665
hpmcounter5,drift,seed16,237,3282.163636363636
hpmcounter5,drift,seed16,238,3281.0060606060606
hpmcounter5,drift,seed16,239,3274.8727272727274
hpmcounter5,drift,seed16,240,3272.1757575757574
hpmcounter5,drift,seed16,241,3268.018181818182
hpmcounter5,drift,seed16,242,3266.7272727272725
hpmcounter5,drift,seed16,243,3265.478787878788
hpmcounter5,drift,seed16,244,3266.9636363636364
hpmcounter5,drift,seed16,245,3269.387878787879
hpmcounter5,drift,seed16,246,3270.939393939394
hpmcounter5,drift,seed16,247,3272.1151515151514
hpmcounter5,drift,seed16,248,3271.3454545454547
hpmcounter5,drift,seed16,249,3268.921212121212
hpmcounter5,drift,seed16,250,3268.224242424242
hpmcounter5,drift,seed16,251,3266.1454545454544
hpmcounter5,drift,seed16,252,3262.4848484848485
hpmcounter5,drift,seed16,253,3260.0969696969696
hpmcounter5,drift,seed16,254,3261.757575757576
hpmcounter5,drift,seed16,255,3263.2848484848487
hpmcounter5,drift,seed16,256,3266.224242424242
hpmcounter5,drift,seed16,257,3270.939393939394
hpmcounter5,drift,seed16,258,3272.4121212121213
hpmcounter5,drift,seed16,259,3290.642424242424
hpmcounter5,drift,seed16,260,3305.0060606060606
hpmcounter5,drift,seed16,261,3329.448484848485
hpmcounter5,drift,seed16,262,3344.151515151515
hpmcounter5,drift,seed16,263,3351.109090909091
hpmcounter5,drift,seed16,264,3371.7818181818184
hpmcounter5,drift,seed16,265,3395.2484848484846
hpmcounter5,drift,seed16,266,3417.278787878788
hpmcounter5,drift,seed16,267,3440.3151515151517
hpmcounter5,drift,seed16,268,3457.660606060606
hpmcounter5,drift,seed16,269,3468.7515151515154
hpmcounter5,drift,seed16,270,3461.163636363636
hpmcounter5,drift,seed16,271,3452.078787878788
hpmcounter5,drift,seed16,272,3425.7454545454543
hpmcounter5,drift,seed16,273,3383.0848484848484
hpmcounter5,drift,seed16,274,3343.3818181818183
hpmcounter5,drift,seed16,275,3308.0242424242424
hpmcounter5,drift,seed16,276,3276.6484848484847
hpmcounter5,drift,seed16,277,3257.7939393939396
hpmcounter5,drift,seed16,278,3255.957575757576
hpmcounter5,drift,seed16,279,3252.6
hpmcounter5,drift,seed16,280,3249.2060606060604
hpmcounter5,drift,seed16,281,3250.018181818182
hpmcounter5,drift,seed16,282,3251.2727272727275
hpmcounter5,drift,seed16,283,3254.163636363636
hpmcounter5,drift,seed16,284,3258.1757575757574
hpmcounter5,drift,seed16,285,3260.951515151515
hpmcounter5,drift,seed16,286,3263.9636363636364
hpmcounter5,drift,seed16,287,3266.060606060606
hpmcounter5,drift,seed16,288,3267.042424242424
hpmcounter5,drift,seed16,289,3269.3454545454547
hpmcounter5,drift,seed16,290,3266.9030303030304
hpmcounter5,drift,seed16,291,3267.1878787878786
hpmcounter5,drift,seed16,292,3267.7151515151513
hpmcounter5,drift,seed16,293,3263.757575757576
hpmcounter5,drift,seed16,294,3264.690909090909
hpmcounter5,drift,seed16,295,3263.0848484848484
hpmcounter5,drift,seed16,296,3265.078787878788
hpmcounter5,drift,seed16,297,3268.242424242424
hpmcounter5,drift,seed16,298,3269.7939393939396
hpmcounter5,drift,seed17,9,3306.9151515151516
hpmcounter5,drift,seed17,10,3315.721212121212
hpmcounter5,drift,seed17,11,3335.769696969697
hpmcounter5,drift,seed17,12,3362.3212121212123
hpmcounter5,drift,seed17,13,3392.5151515151515
hpmcounter5,drift,seed17,14,3422.757575757576
hpmcounter5,drift,seed17,15,3451.7393939393937
hpmcounter5,drift,seed17,16,3469.448484848485
hpmcounter5,drift,seed17,17,3495.6363636363635
hpmcounter5,drift,seed17,18,3527.29696969697
hpmcounter5,drift,seed17,19,3544.733333333333
hpmcounter5,drift,seed17,20,3550.957575757576
hpmcounter5,drift,seed17,21,3556.2181818181816
hpmcounter5,drift,seed17,22,3558.70303030303
hpmcounter5,drift,seed17,23,3544.478787878788
hpmcounter5,drift,seed17,24,3516.151515151515
hpmcounter5,drift,seed17,25,3478.4363636363637
hpmcounter5,drift,seed17,26,3432.6484848484847
hpmcounter5,drift,seed17,27,3386.6242424242423
hpmcounter5,drift,seed17,28,3343.6484848484847
hpmcounter5,drift,seed17,29,3306.3030303030305
hpmcounter5,drift,seed17,30,3280.672727272727
hpmcounter5,drift,seed17,31,3266.539393939394
hpmcounter5,drift,seed17,32,3266.230303030303
hpmcounter5,drift,seed17,33,3264.048484848485
hpmcounter5,drift,seed17,34,3262.581818181818
hpmcounter5,drift,seed17,35,3264.4121212121213
hpmcounter5,drift,seed17,36,3266.909090909091
hpmcounter5,drift,seed17,37,3269.3515151515153
hpmcounter5,drift,seed17,38,3271.6969696969695
hpmcounter5,drift,seed17,39,3274.939393939394
hpmcounter5,drift,seed17,40,3275.309090909091
hpmcounter5,drift,seed17,41,3273.5454545454545
hpmcounter5,drift,seed17,42,3271.327272727273
hpmcounter5,drift,seed17,43,3268.89696969697
hpmcounter5,drift,seed17,44,3265.769696969697
hpmcounter5,drift,seed17,45,3263.9636363636364
hpmcounter5,drift,seed17,46,3263.957575757576
hpmcounter5,drift,seed17,47,3263.193939393939
hpmcounter5,drift,seed17,48,3263.6545454545453
hpmcounter5,drift,seed17,49,3264.060606060606
hpmcounter5,drift,seed17,50,3261.1575757575756
hpmcounter5,drift,seed17,51,3259.042424242424
hpmcounter5,drift,seed17,52,3259.2
hpmcounter5,drift,seed17,53,3262.7818181818184
hpmcounter5,drift,seed17,54,3265.4242424242425
hpmcounter5,drift,seed17,55,3263.6
hpmcounter5,drift,seed17,56,3263.5454545454545
hpmcounter5,drift,seed17,57,3262.848484848485
hpmcounter5,drift,seed17,58,3262.6969696969695
hpmcounter5,drift,seed17,59,3260.0060606060606
hpmcounter5,drift,seed17,60,3254.266666666667
hpmcounter5,drift,seed17,61,3250.8
hpmcounter5,drift,seed17,62,3247.630303030303
hpmcounter5,drift,seed17,63,3248.29696969697
hpmcounter5,drift,seed17,64,3251.224242424242
hpmcounter5,drift,seed17,65,3251.6242424242423
hpmcounter5,drift,seed17,66,3253.369696969697
hpmcounter5,drift,seed17,67,3256.169696969697
hpmcounter5,drift,seed17,68,3258.551515151515
hpmcounter5,drift,seed17,69,3258.2060606060604
hpmcounter5,drift,seed17,70,3255.6484848484847
hpmcounter5,drift,seed17,71,3253.10303030303
hpmcounter5,drift,seed17,72,3249.721212121212
hpmcounter5,drift,seed17,73,3248.2545454545457
hpmcounter5,drift,seed17,74,3251.951515151515
hpmcounter5,drift,seed17,75,3256.012121212121
hpmcounter5,drift,seed17,76,3260.012121212121
hpmcounter5,drift,seed17,77,3265.460606060606
hpmcounter5,drift,seed17,78,3269.3454545454547
hpmcounter5,drift,seed17,79,3271.4424242424243
hpmcounter5,drift,seed17,80,3270.8424242424244
hpmcounter5,drift,seed17,81,3269.5575757575757
hpmcounter5,drift,seed17,82,3268.6545454545453
hpmcounter5,drift,seed17,83,3264.121212121212
hpmcounter5,drift,seed17,84,3261.1151515151514
hpmcounter5,drift,seed17,85,3257.3454545454547
hpmcounter5,drift,seed17,86,3253.0545454545454
hpmcounter5,drift,seed17,87,3250.6363636363635
hpmcounter5,drift,seed17,88,3251.3757575757577
hpmcounter5,drift,seed17,89,3252.018181818182
hpmcounter5,drift,seed17,90,3252.70303030303
hpmcounter5,drift,seed17,91,3256.2848484848487
hpmcounter5,drift,seed17,92,3261.848484848485
hpmcounter5,drift,seed17,93,3266.3939393939395
hpmcounter5,drift,seed17,94,3268.0363636363636
hpmcounter5,drift,seed17,95,3268.6484848484847
hpmcounter5,drift,seed17,96,3266.3333333333335
hpmcounter5,drift,seed17,97,3264.642424242424
hpmcounter5,drift,seed17,98,3265.5939393939393
hpmcounter5,drift,seed17,99,3265.4
hpmcounter5,drift,seed17,100,3262.806060606061
hpmcounter5,drift,seed17,101,3263.630303030303
hpmcounter5,drift,seed17,102,3263.072727272727
hpmcounter5,drift,seed17,103,3266.860606060606
hpmcounter5,drift,seed17,104,3267.1151515151514
hpmcounter5,drift,seed17,105,3267.4121212121213
hpmcounter5,drift,seed17,106,3265.5272727272727
hpmcounter5,drift,seed17,107,3263.4121212121213
hpmcounter5,drift,seed17,108,3261.012121212121
hpmcounter5,drift,seed17,109,3257.5333333333333
hpmcounter5,drift,seed17,110,3249.8424242424244
hpmcounter5,drift,seed17,111,3246.830303030303
hpmcounter5,drift,seed17,112,3240.981818181818
hpmcounter5,drift,seed17,113,3240.193939393939
hpmcounter5,drift,seed17,114,3240.278787878788
hpmcounter5,drift,seed17,115,3240.5939393939393
hpmcounter5,drift,seed17,116,3242.478787878788
hpmcounter5,drift,seed17,117,3247.3818181818183
hpmcounter5,drift,seed17,118,3250.909090909091
hpmcounter5,drift,seed17,119,3251.6
hpmcounter5,drift,seed17,120,3252.672727272727
hpmcounter5,drift,seed17,121,3256.866666666667
hpmcounter5,drift,seed17,122,3260.387878787879
hpmcounter5,drift,seed17,123,3262.5636363636363
hpmcounter5,drift,seed17,124,3265.0969696969696
hpmcounter5,drift,seed17,125,3265.0242424242424
hpmcounter5,drift,seed17,126,3263.0
hpmcounter5,drift,seed17,127,3263.6969696969695
hpmcounter5,drift,seed17,128,3260.193939393939
hpmcounter5,drift,seed17,129,3255.951515151515
hpmcounter5,drift,seed17,130,3254.060606060606
hpmcounter5,drift,seed17,131,3252.448484848485
hpmcounter5,drift,seed17,132,3252.6848484848483
hpmcounter5,drift,seed17,133,3251.6484848484847
hpmcounter5,drift,seed17,134,3253.2848484848487
hpmcounter5,drift,seed17,135,3255.787878787879
hpmcounter5,drift,seed17,136,3256.8121212121214
hpmcounter5,drift,seed17,137,3258.4242424242425
hpmcounter5,drift,seed17,138,3257.133333333333
hpmcounter5,drift,seed17,139,3258.4060606060607
hpmcounter5,drift,seed17,140,3260.121212121212
hpmcounter5,drift,seed17,141,3263.2
hpmcounter5,drift,seed17,142,3265.7515151515154
hpmcounter5,drift,seed17,143,3265.0969696969696
hpmcounter5,drift,seed17,144,3264.4060606060607
hpmcounter5,drift,seed17,145,3264.278787878788
hpmcounter5,drift,seed17,146,3265.2909090909093
hpmcounter5,drift,seed17,147,3264.5272727272727
hpmcounter5,drift,seed17,148,3262.0666666666666
hpmcounter5,drift,seed17,149,3258.7454545454543
hpmcounter5,drift,seed17,150,3254.2727272727275
hpmcounter5,drift,seed17,151,3252.139393939394
hpmcounter5,drift,seed17,152,3249.7636363636366
hpmcounter5,drift,seed17,153,3247.6060606060605
hpmcounter5,drift,seed17,154,3246.2545454545457
hpmcounter5,drift,seed17,155,3247.6484848484847
hpmcounter5,drift,seed17,156,3252.490909090909
hpmcounter5,drift,seed17,157,3259.3757575757577
hpmcounter5,drift,seed17,158,3280.6060606060605
hpmcounter5,drift,seed17,159,3313.866666666667
hpmcounter5,drift,seed17,160,3355.109090909091
hpmcounter5,drift,seed17,161,3383.0666666666666
hpmcounter5,drift,seed17,162,3396.690909090909
hpmcounter5,drift,seed17,163,3401.357575757576
hpmcounter5,drift,seed17,164,3411.6545454545453
hpmcounter5,drift,seed17,165,3408.387878787879
hpmcounter5,drift,seed17,166,3389.6060606060605
hpmcounter5,drift,seed17,167,3357.3515151515153
hpmcounter5,drift,seed17,168,3330.9333333333334
hpmcounter5,drift,seed17,169,3314.733333333333
hpmcounter5,drift,seed17,170,3310.3515151515153
hpmcounter5,drift,seed17,171,3298.890909090909
hpmcounter5,drift,seed17,172,3281.278787878788
hpmcounter5,drift,seed17,173,3262.072727272727
hpmcounter5,drift,seed17,174,3261.4121212121213
hpmcounter5,drift,seed17,175,3261.939393939394
hpmcounter5,drift,seed17,176,3277.3939393939395
hpmcounter5,drift,seed17,177,3303.4424242424243
hpmcounter5,drift,seed17,178,3340.921212121212
hpmcounter5,drift,seed17,179,3371.3454545454547
hpmcounter5,drift,seed17,180,3390.4
hpmcounter5,drift,seed17,181,3394.2060606060604
hpmcounter5,drift,seed17,182,3388.2727272727275
hpmcounter5,drift,seed17,183,3370.29696969697
hpmcounter5,drift,seed17,184,3344.048484848485
hpmcounter5,drift,seed17,185,3308.957575757576
hpmcounter5,drift,seed17,186,3281.4060606060607
hpmcounter5,drift,seed17,187,3262.878787878788
hpmcounter5,drift,seed17,188,3258.6
hpmcounter5,drift,seed17,189,3257.5151515151515
hpmcounter5,drift,seed17,190,3256.7818181818184
hpmcounter5,drift,seed17,191,3252.909090909091
hpmcounter5,drift,seed17,192,3251.5151515151515
hpmcounter5,drift,seed17,193,3247.6666666666665
hpmcounter5,drift,seed17,194,3245.29696969697
hpmcounter5,drift,seed17,195,3244.090909090909
hpmcounter5,drift,seed17,196,3246.2060606060604
hpmcounter5,drift,seed17,197,3246.6181818181817
hpmcounter5,drift,seed17,198,3247.5272727272727
hpmcounter5,drift,seed17,199,3247.775757575758
hpmcounter5,drift,seed17,200,3249.660606060606
hpmcounter5,drift,seed17,201,3250.169696969697
hpmcounter5,drift,seed17,202,3254.830303030303
hpmcounter5,drift,seed17,203,3259.5939393939393
hpmcounter5,drift,seed17,204,3261.5333333333333
hpmcounter5,drift,seed17,205,3261.181818181818
hpmcounter5,drift,seed17,206,3261.830303030303
hpmcounter5,drift,seed17,207,3259.830303030303
hpmcounter5,drift,seed17,208,3256.921212121212
hpmcounter5,drift,seed17,209,3251.660606060606
hpmcounter5,drift,seed17,210,3249.951515151515
hpmcounter5,drift,seed17,211,3246.448484848485
hpmcounter5,drift,seed17,212,3246.0060606060606
hpmcounter5,drift,seed17,213,3251.1878787878786
hpmcounter5,drift,seed17,214,3254.5575757575757
hpmcounter5,drift,seed17,215,3259.70303030303
hpmcounter5,drift,seed17,216,3264.7818181818184
hpmcounter5,drift,seed17,217,3270.4242424242425
hpmcounter5,drift,seed17,218,3271.612121212121
hpmcounter5,drift,seed17,219,3270.3151515151517
hpmcounter5,drift,seed17,220,3270.4
hpmcounter5,drift,seed17,221,3272.1757575757574
hpmcounter5,drift,seed17,222,3273.448484848485
hpmcounter5,drift,seed17,223,3273.7393939393937
hpmcounter5,drift,seed17,224,3272.969696969697
hpmcounter5,drift,seed17,225,3269.5757575757575
hpmcounter5,drift,seed17,226,3267.012121212121
hpmcounter5,drift,seed17,227,3266.1454545454544
hpmcounter5,drift,seed17,228,3266.266666666667
hpmcounter5,drift,seed17,229,3264.3515151515153
hpmcounter5,drift,seed17,230,3260.8121212121214
hpmcounter5,drift,seed17,231,3258.0969696969696
hpmcounter5,drift,seed17,232,3258.539393939394
hpmcounter5,drift,seed17,233,3254.7454545454543
hpmcounter5,drift,seed17,234,3251.327272727273
hpmcounter5,drift,seed17,235,3247.0969696969696
hpmcounter5,drift,seed17,236,3244.630303030303
hpmcounter5,drift,seed17,237,3242.3515151515153
hpmcounter5,drift,seed17,238,3243.2181818181816
hpmcounter5,drift,seed17,239,3245.9939393939394
hpmcounter5,drift,seed17,240,3251.1454545454544
hpmcounter5,drift,seed17,241,3253.3333333333335
hpmcounter5,drift,seed17,242,3257.478787878788
hpmcounter5,drift,seed17,243,3259.2060606060604
hpmcounter5,drift,seed17,244,3259.8545454545456
hpmcounter5,drift,seed17,245,3262.836363636364
hpmcounter5,drift,seed17,246,3264.2
hpmcounter5,drift,seed17,247,3265.5939393939393
hpmcounter5,drift,seed17,248,3265.369696969697
hpmcounter5,drift,seed17,249,3263.430303030303
hpmcounter5,drift,seed17,250,3262.89696969697
hpmcounter5,drift,seed17,251,3262.3030303030305
hpmcounter5,drift,seed17,252,3261.242424242424
hpmcounter5,drift,seed17,253,3258.4666666666667
hpmcounter5,drift,seed17,254,3256.6545454545453
hpmcounter5,drift,seed17,255,3257.539393939394
hpmcounter5,drift,seed17,256,3257.2909090909093
hpmcounter5,drift,seed17,257,3257.8727272727274
hpmcounter5,drift,seed17,258,3258.6787878787877
hpmcounter5,drift,seed17,259,3258.3818181818183
hpmcounter5,drift,seed17,260,3256.8424242424244
hpmcounter5,drift,seed17,261,3257.8242424242426
hpmcounter5,drift,seed17,262,3259.4363636363637
hpmcounter5,drift,seed17,263,3259.5272727272727
hpmcounter5,drift,seed17,264,3259.2545454545457
hpmcounter5,drift,seed17,265,3259.6060606060605
hpmcounter5,drift,seed17,266,3260.5272727272727
hpmcounter5,drift,seed17,267,3260.309090909091
hpmcounter5,drift,seed17,268,3259.848484848485
hpmcounter5,drift,seed17,269,3259.0848484848484
hpmcounter5,drift,seed17,270,3256.7515151515154
hpmcounter5,drift,seed17,271,3257.2606060606063
hpmcounter5,drift,seed17,272,3257.1454545454544
hpmcounter5,drift,seed17,273,3255.6
hpmcounter5,drift,seed17,274,3252.8424242424244
hpmcounter5,drift,seed17,275,3252.2545454545457
hpmcounter5,drift,seed17,276,3251.2727272727275
hpmcounter5,drift,seed17,277,3254.048484848485
hpmcounter5,drift,seed17,278,3255.787878787879
hpmcounter5,drift,seed17,279,3258.012121212121
hpmcounter5,drift,seed17,280,3262.866666666667
hpmcounter5,drift,seed17,281,3267.4848484848485
hpmcounter5,drift,seed17,282,3271.787878787879
hpmcounter5,drift,seed17,283,3273.7454545454543
hpmcounter5,drift,seed17,284,3275.6787878787877
hpmcounter5,drift,seed17,285,3276.090909090909
hpmcounter5,drift,seed17,286,3271.060606060606
hpmcounter5,drift,seed17,287,3269.9454545454546
hpmcounter5,drift,seed17,288,3264.212121212121
hpmcounter5,drift,seed17,289,3256.848484848485
hpmcounter5,drift,seed17,290,3253.5272727272727
hpmcounter5,drift,seed17,291,3251.2848484848487
hpmcounter5,drift,seed17,292,3252.042424242424
hpmcounter5,drift,seed17,293,3251.612121212121
hpmcounter5,drift,seed17,294,3254.4424242424243
hpmcounter5,drift,seed17,295,3255.8
hpmcounter5,drift,seed17,296,3254.339393939394
hpmcounter5,drift,seed17,297,3256.0969696969696
hpmcounter5,drift,seed17,298,3258.5636363636363
hpmcounter5,drift,seed18,9,3257.6242424242423
hpmcounter5,drift,seed18,10,3256.9333333333334
hpmcounter5,drift,seed18,11,3254.1151515151514
hpmcounter5,drift,seed18,12,3252.29696969697
hpmcounter5,drift,seed18,13,3250.357575757576
hpmcounter5,drift,seed18,14,3249.309090909091
hpmcounter5,drift,seed18,15,3248.3757575757577
hpmcounter5,drift,seed18,16,3245.70303030303
hpmcounter5,drift,seed18,17,3245.4242424242425
hpmcounter5,drift,seed18,18,3247.5272727272727
hpmcounter5,drift,seed18,19,3253.490909090909
hpmcounter5,drift,seed18,20,3260.309090909091
hpmcounter5,drift,seed18,21,3264.818181818182
hpmcounter5,drift,seed18,22,3267.9454545454546
hpmcounter5,drift,seed18,23,3268.0848484848484
hpmcounter5,drift,seed18,24,3266.9151515151516
hpmcounter5,drift,seed18,25,3262.078787878788
hpmcounter5,drift,seed18,26,3254.642424242424
hpmcounter5,drift,seed18,27,3245.2909090909093
hpmcounter5,drift,seed18,28,3238.9030303030304
hpmcounter5,drift,seed18,29,3238.0060606060606
hpmcounter5,drift,seed18,30,3242.048484848485
hpmcounter5,drift,seed18,31,3245.551515151515
hpmcounter5,drift,seed18,32,3247.3333333333335
hpmcounter5,drift,seed18,33,3249.7818181818184
hpmcounter5,drift,seed18,34,3252.387878787879
hpmcounter5,drift,seed18,35,3250.660606060606
hpmcounter5,drift,seed18,36,3249.163636363636
hpmcounter5,drift,seed18,37,3245.7090909090907
hpmcounter5,drift,seed18,38,3242.509090909091
hpmcounter5,drift,seed18,39,3240.4
hpmcounter5,drift,seed18,40,3241.787878787879
hpmcounter5,drift,seed18,41,3246.1575757575756
hpmcounter5,drift,seed18,42,3247.387878787879
hpmcounter5,drift,seed18,43,3249.721212121212
hpmcounter5,drift,seed18,44,3253.212121212121
hpmcounter5,drift,seed18,45,3254.309090909091
hpmcounter5,drift,seed18,46,3256.612121212121
hpmcounter5,drift,seed18,47,3258.3151515151517
hpmcounter5,drift,seed18,48,3261.8848484848486
hpmcounter5,drift,seed18,49,3264.387878787879
hpmcounter5,drift,seed18,50,3266.981818181818
hpmcounter5,drift,seed18,51,3272.4060606060607
hpmcounter5,drift,seed18,52,3273.3454545454547
hpmcounter5,drift,seed18,53,3274.2
hpmcounter5,drift,seed18,54,3275.1454545454544
hpmcounter5,drift,seed18,55,3274.29696969697
hpmcounter5,drift,seed18,56,3272.448484848485
hpmcounter5,drift,seed18,57,3269.266666666667
hpmcounter5,drift,seed18,58,3267.6969696969695
hpmcounter5,drift,seed18,59,3266.042424242424
hpmcounter5,drift,seed18,60,3266.757575757576
hpmcounter5,drift,seed18,61,3268.3151515151517
hpmcounter5,drift,seed18,62,3265.6545454545453
hpmcounter5,drift,seed18,63,3262.721212121212
hpmcounter5,drift,seed18,64,3263.3515151515153
hpmcounter5,drift,seed18,65,3262.4424242424243
hpmcounter5,drift,seed18,66,3258.4
hpmcounter5,drift,seed18,67,3256.230303030303
hpmcounter5,drift,seed18,68,3257.1151515151514
hpmcounter5,drift,seed18,69,3259.9151515151516
hpmcounter5,drift,seed18,70,3261.10303030303
hpmcounter5,drift,seed18,71,3260.181818181818
hpmcounter5,drift,seed18,72,3258.5272727272727
hpmcounter5,drift,seed18,73,3254.9333333333334
hpmcounter5,drift,seed18,74,3255.733333333333
hpmcounter5,drift,seed18,75,3255.3939393939395
hpmcounter5,drift,seed18,76,3252.3454545454547
hpmcounter5,drift,seed18,77,3249.5151515151515
hpmcounter5,drift,seed18,78,3249.951515151515
hpmcounter5,drift,seed18,79,3254.018181818182
hpmcounter5,drift,seed18,80,3257.4666666666667
hpmcounter5,drift,seed18,81,3257.242424242424
hpmcounter5,drift,seed18,82,3261.072727272727
hpmcounter5,drift,seed18,83,3262.3212121212123
hpmcounter5,drift,seed18,84,3264.509090909091
hpmcounter5,drift,seed18,85,3265.2727272727275
hpmcounter5,drift,seed18,86,3265.1575757575756
hpmcounter5,drift,seed18,87,3262.5636363636363
hpmcounter5,drift,seed18,88,3259.418181818182
hpmcounter5,drift,seed18,89,3255.612121212121
hpmcounter5,drift,seed18,90,3254.9939393939394
hpmcounter5,drift,seed18,91,3251.1454545454544
hpmcounter5,drift,seed18,92,3251.266666666667
hpmcounter5,drift,seed18,93,3253.909090909091
hpmcounter5,drift,seed18,94,3257.0969696969696
hpmcounter5,drift,seed18,95,3261.0545454545454
hpmcounter5,drift,seed18,96,3263.2
hpmcounter5,drift,seed18,97,3262.6969696969695
hpmcounter5,drift,seed18,98,3261.109090909091
hpmcounter5,drift,seed18,99,3259.1878787878786
hpmcounter5,drift,seed18,100,3261.848484848485
hpmcounter5,drift,seed18,101,3261.6787878787877
hpmcounter5,drift,seed18,102,3261.2848484848487
hpmcounter5,drift,seed18,103,3261.848484848485
hpmcounter5,drift,seed18,104,3264.6484848484847
hpmcounter5,drift,seed18,105,3267.581818181818
hpmcounter5,drift,seed18,106,3267.193939393939
hpmcounter5,drift,seed18,107,3264.048484848485
hpmcounter5,drift,seed18,108,3260.8
hpmcounter5,drift,seed18,109,3258.8121212121214
hpmcounter5,drift,seed18,110,3258.660606060606
hpmcounter5,drift,seed18,111,3255.2181818181816
hpmcounter5,drift,seed18,112,3252.4363636363637
hpmcounter5,drift,seed18,113,3250.1757575757574
hpmcounter5,drift,seed18,114,3251.8121212121214
hpmcounter5,drift,seed18,115,3252.072727272727
hpmcounter5,drift,seed18,116,3251.4969696969697
hpmcounter5,drift,seed18,117,3248.4666666666667
hpmcounter5,drift,seed18,118,3246.266666666667
hpmcounter5,drift,seed18,119,3247.309090909091
hpmcounter5,drift,seed18,120,3248.278787878788
hpmcounter5,drift,seed18,121,3246.0969696969696
hpmcounter5,drift,seed18,122,3244.8848484848486
hpmcounter5,drift,seed18,123,3246.2181818181816
hpmcounter5,drift,seed18,124,3248.5757575757575
hpmcounter5,drift,seed18,125,3249.7636363636366
hpmcounter5,drift,seed18,126,3253.139393939394
hpmcounter5,drift,seed18,127,3255.2181818181816
hpmcounter5,drift,seed18,128,3257.9454545454546
hpmcounter5,drift,seed18,129,3260.4545454545455
hpmcounter5,drift,seed18,130,3260.775757575758
hpmcounter5,drift,seed18,131,3257.775757575758
hpmcounter5,drift,seed18,132,3254.4
hpmcounter5,drift,seed18,133,3254.775757575758
hpmcounter5,drift,seed18,134,3255.927272727273
hpmcounter5,drift,seed18,135,3256.9151515151516
hpmcounter5,drift,seed18,136,3257.2727272727275
hpmcounter5,drift,seed18,137,3256.490909090909
hpmcounter5,drift,seed18,138,3259.4424242424243
hpmcounter5,drift,seed18,139,3263.3515151515153
hpmcounter5,drift,seed18,140,3267.339393939394
hpmcounter5,drift,seed18,141,3268.212121212121
hpmcounter5,drift,seed18,142,3266.5878787878787
hpmcounter5,drift,seed18,143,3281.769696969697
hpmcounter5,drift,seed18,144,3308.9030303030304
hpmcounter5,drift,seed18,145,3345.242424242424
hpmcounter5,drift,seed18,146,3368.7454545454543
hpmcounter5,drift,seed18,147,3380.4727272727273
hpmcounter5,drift,seed18,148,3383.339393939394
hpmcounter5,drift,seed18,149,3377.151515151515
hpmcounter5,drift,seed18,150,3361.2727272727275
hpmcounter5,drift,seed18,151,3333.521212121212
hpmcounter5,drift,seed18,152,3294.309090909091
hpmcounter5,drift,seed18,153,3267.4060606060607
hpmcounter5,drift,seed18,154,3253.266666666667
hpmcounter5,drift,seed18,155,3254.6848484848483
hpmcounter5,drift,seed18,156,3255.4121212121213
hpmcounter5,drift,seed18,157,3256.309090909091
hpmcounter5,drift,seed18,158,3257.078787878788
hpmcounter5,drift,seed18,159,3257.2181818181816
hpmcounter5,drift,seed18,160,3258.2848484848487
hpmcounter5,drift,seed18,161,3255.6242424242423
hpmcounter5,drift,seed18,162,3252.836363636364
hpmcounter5,drift,seed18,163,3265.539393939394
hpmcounter5,drift,seed18,164,3292.1151515151514
hpmcounter5,drift,seed18,165,3327.2606060606063
hpmcounter5,drift,seed18,166,3369.70303030303
hpmcounter5,drift,seed18,167,3416.339393939394
hpmcounter5,drift,seed18,168,3461.6969696969695
hpmcounter5,drift,seed18,169,3486.690909090909
hpmcounter5,drift,seed18,170,3493.9030303030304
hpmcounter5,drift,seed18,171,3478.7272727272725
hpmcounter5,drift,seed18,172,3443.430303030303
hpmcounter5,drift,seed18,173,3402.1878787878786
hpmcounter5,drift,seed18,174,3362.509090909091
hpmcounter5,drift,seed18,175,3323.3151515151517
hpmcounter5,drift,seed18,176,3291.3333333333335
hpmcounter5,drift,seed18,177,3274.1454545454544
hpmcounter5,drift,seed18,178,3271.6969696969695
hpmcounter5,drift,seed18,179,3269.10303030303
hpmcounter5,drift,seed18,180,3270.060606060606
hpmcounter5,drift,seed18,181,3272.5878787878787
hpmcounter5,drift,seed18,182,3274.278787878788
hpmcounter5,drift,seed18,183,3275.2727272727275
hpmcounter5,drift,seed18,184,3280.2727272727275
hpmcounter5,drift,seed18,185,3280.957575757576
hpmcounter5,drift,seed18,186,3277.133333333333
hpmcounter5,drift,seed18,187,3274.1454545454544
hpmcounter5,drift,seed18,188,3269.6
hpmcounter5,drift,seed18,189,3264.957575757576
hpmcounter5,drift,seed18,190,3260.6242424242423
hpmcounter5,drift,seed18,191,3257.5757575757575
hpmcounter5,drift,seed18,192,3254.4969696969697
hpmcounter5,drift,seed18,193,3252.5878787878787
hpmcounter5,drift,seed18,194,3254.2545454545457
hpmcounter5,drift,seed18,195,3253.848484848485
hpmcounter5,drift,seed18,196,3250.181818181818
hpmcounter5,drift,seed18,197,3247.4727272727273
hpmcounter5,drift,seed18,198,3260.048484848485
hpmcounter5,drift,seed18,199,3289.6181818181817
hpmcounter5,drift,seed18,200,3326.9757575757576
hpmcounter5,drift,seed18,201,3352.9030303030304
hpmcounter5,drift,seed18,202,3371.3757575757577
hpmcounter5,drift,seed18,203,3380.4060606060607
hpmcounter5,drift,seed18,204,3379.418181818182
hpmcounter5,drift,seed18,205,3365.6848484848483
hpmcounter5,drift,seed18,206,3339.7090909090907
hpmcounter5,drift,seed18,207,3304.2363636363634
hpmcounter5,drift,seed18,208,3276.3030303030305
hpmcounter5,drift,seed18,209,3259.4121212121213
hpmcounter5,drift,seed18,210,3260.818181818182
hpmcounter5,drift,seed18,211,3261.7939393939396
hpmcounter5,drift,seed18,212,3261.630303030303
hpmcounter5,drift,seed18,213,3263.278787878788
hpmcounter5,drift,seed18,214,3266.018181818182
hpmcounter5,drift,seed18,215,3266.490909090909
hpmcounter5,drift,seed18,216,3267.4
hpmcounter5,drift,seed18,217,3266.866666666667
hpmcounter5,drift,seed18,218,3263.70303030303
hpmcounter5,drift,seed18,219,3256.224242424242
hpmcounter5,drift,seed18,220,3249.806060606061
hpmcounter5,drift,seed18,221,3245.733333333333
hpmcounter5,drift,seed18,222,3238.339393939394
hpmcounter5,drift,seed18,223,3236.133333333333
hpmcounter5,drift,seed18,224,3238.6545454545453
hpmcounter5,drift,seed18,225,3242.9636363636364
hpmcounter5,drift,seed18,226,3249.1272727272726
hpmcounter5,drift,seed18,227,3256.078787878788
hpmcounter5,drift,seed18,228,3261.9454545454546
hpmcounter5,drift,seed18,229,3266.775757575758
hpmcounter5,drift,seed18,230,3270.2545454545457
hpmcounter5,drift,seed18,231,3273.9939393939394
hpmcounter5,drift,seed18,232,3272.4
hpmcounter5,drift,seed18,233,3270.2484848484846
hpmcounter5,drift,seed18,234,3268.6
hpmcounter5,drift,seed18,235,3265.8727272727274
hpmcounter5,drift,seed18,236,3260.018181818182
hpmcounter5,drift,seed18,237,3252.8121212121214
hpmcounter5,drift,seed18,238,3248.860606060606
hpmcounter5,drift,seed18,239,3247.581818181818
hpmcounter5,drift,seed18,240,3247.430303030303
hpmcounter5,drift,seed18,241,3250.1151515151514
hpmcounter5,drift,seed18,242,3251.448484848485
hpmcounter5,drift,seed18,243,3253.733333333333
hpmcounter5,drift,seed18,244,3257.5878787878787
hpmcounter5,drift,seed18,245,3262.072727272727
hpmcounter5,drift,seed18,246,3264.10303030303
hpmcounter5,drift,seed18,247,3264.309090909091
hpmcounter5,drift,seed18,248,3265.5151515151515
hpmcounter5,drift,seed18,249,3269.8242424242426
hpmcounter5,drift,seed18,250,3271.5878787878787
hpmcounter5,drift,seed18,251,3271.5757575757575
hpmcounter5,drift,seed18,252,3270.6060606060605
hpmcounter5,drift,seed18,253,3265.981818181818
hpmcounter5,drift,seed18,254,3260.89696969697
hpmcounter5,drift,seed18,255,3257.539393939394
hpmcounter5,drift,seed18,256,3252.581818181818
hpmcounter5,drift,seed18,257,3247.4666666666667
hpmcounter5,drift,seed18,258,3246.242424242424
hpmcounter5,drift,seed18,259,3249.890909090909
hpmcounter5,drift,seed18,260,3251.0848484848484
hpmcounter5,drift,seed18,261,3252.890909090909
hpmcounter5,drift,seed18,262,3256.10303030303
hpmcounter5,drift,seed18,263,3257.9757575757576
hpmcounter5,drift,seed18,264,3259.4242424242425
hpmcounter5,drift,seed18,265,3262.030303030303
hpmcounter5,drift,seed18,266,3262.878787878788
hpmcounter5,drift,seed18,267,3261.242424242424
hpmcounter5,drift,seed18,268,3260.2
hpmcounter5,drift,seed18,269,3261.060606060606
hpmcounter5,drift,seed18,270,3261.090909090909
hpmcounter5,drift,seed18,271,3260.70303030303
hpmcounter5,drift,seed18,272,3257.521212121212
hpmcounter5,drift,seed18,273,3256.018181818182
hpmcounter5,drift,seed18,274,3255.6181818181817
hpmcounter5,drift,seed18,275,3258.266666666667
hpmcounter5,drift,seed18,276,3262.072727272727
hpmcounter5,drift,seed18,277,3266.0363636363636
hpmcounter5,drift,seed18,278,3267.509090909091
hpmcounter5,drift,seed18,279,3269.0363636363636
hpmcounter5,drift,seed18,280,3271.89696969697
hpmcounter5,drift,seed18,281,3272.3151515151517
hpmcounter5,drift,seed18,282,3271.030303030303
hpmcounter5,drift,seed18,283,3270.6363636363635
hpmcounter5,drift,seed18,284,3269.418181818182
hpmcounter5,drift,seed18,285,3267.927272727273
hpmcounter5,drift,seed18,286,3268.2909090909093
hpmcounter5,drift,seed18,287,3269.0545454545454
hpmcounter5,drift,seed18,288,3271.951515151515
hpmcounter5,drift,seed18,289,3274.29696969697
hpmcounter5,drift,seed18,290,3275.890909090909
hpmcounter5,drift,seed18,291,3274.642424242424
hpmcounter5,drift,seed18,292,3275.4727272727273
hpmcounter5,drift,seed18,293,3274.4060606060607
hpmcounter5,drift,seed18,294,3270.4666666666667
hpmcounter5,drift,seed18,295,3263.939393939394
hpmcounter5,drift,seed18,296,3259.2181818181816
hpmcounter5,drift,seed18,297,3255.7393939393937
hpmcounter5,drift,seed18,298,3255.806060606061
hpmcounter5,drift,seed19,9,3303.836363636364
hpmcounter5,drift,seed19,10,3288.8
hpmcounter5,drift,seed19,11,3267.4848484848485
hpmcounter5,drift,seed19,12,3252.569696969697
hpmcounter5,drift,seed19,13,3250.2
hpmcounter5,drift,seed19,14,3250.181818181818
hpmcounter5,drift,seed19,15,3248.672727272727
hpmcounter5,drift,seed19,16,3248.078787878788
hpmcounter5,drift,seed19,17,3251.109090909091
hpmcounter5,drift,seed19,18,3256.2848484848487
hpmcounter5,drift,seed19,19,3259.6848484848483
hpmcounter5,drift,seed19,20,3261.7818181818184
hpmcounter5,drift,seed19,21,3262.3939393939395
hpmcounter5,drift,seed19,22,3263.5636363636363
hpmcounter5,drift,seed19,23,3263.6848484848483
hpmcounter5,drift,seed19,24,3263.29696969697
hpmcounter5,drift,seed19,25,3260.5636363636363
hpmcounter5,drift,seed19,26,3259.6545454545453
hpmcounter5,drift,seed19,27,3256.939393939394
hpmcounter5,drift,seed19,28,3258.460606060606
hpmcounter5,drift,seed19,29,3259.0545454545454
hpmcounter5,drift,seed19,30,3263.3939393939395
hpmcounter5,drift,seed19,31,3267.230303030303
hpmcounter5,drift,seed19,32,3271.3818181818183
hpmcounter5,drift,seed19,33,3271.7393939393937
hpmcounter5,drift,seed19,34,3270.6242424242423
hpmcounter5,drift,seed19,35,3268.957575757576
hpmcounter5,drift,seed19,36,3266.2848484848487
hpmcounter5,drift,seed19,37,3261.3818181818183
hpmcounter5,drift,seed19,38,3255.6
hpmcounter5,drift,seed19,39,3249.5575757575757
hpmcounter5,drift,seed19,40,3247.5030303030303
hpmcounter5,drift,seed19,41,3246.0545454545454
hpmcounter5,drift,seed19,42,3246.806060606061
hpmcounter5,drift,seed19,43,3245.2181818181816
hpmcounter5,drift,seed19,44,3243.890909090909
hpmcounter5,drift,seed19,45,3245.1575757575756
hpmcounter5,drift,seed19,46,3244.10303030303
hpmcounter5,drift,seed19,47,3244.3333333333335
hpmcounter5,drift,seed19,48,3244.9151515151516
hpmcounter5,drift,seed19,49,3245.4363636363637
hpmcounter5,drift,seed19,50,3248.3757575757577
hpmcounter5,drift,seed19,51,3251.2545454545457
hpmcounter5,drift,seed19,52,3254.242424242424
hpmcounter5,drift,seed19,53,3258.5151515151515
hpmcounter5,drift,seed19,54,3263.448484848485
hpmcounter5,drift,seed19,55,3268.4969696969697
hpmcounter5,drift,seed19,56,3272.121212121212
hpmcounter5,drift,seed19,57,3274.3030303030305
hpmcounter5,drift,seed19,58,3275.0848484848484
hpmcounter5,drift,seed19,59,3275.3151515151517
hpmcounter5,drift,seed19,60,3272.509090909091
hpmcounter5,drift,seed19,61,3269.769696969697
hpmcounter5,drift,seed19,62,3264.757575757576
hpmcounter5,drift,seed19,63,3260.387878787879
hpmcounter5,drift,seed19,64,3255.951515151515
hpmcounter5,drift,seed19,65,3251.569696969697
hpmcounter5,drift,seed19,66,3247.5878787878787
hpmcounter5,drift,seed19,67,3246.987878787879
hpmcounter5,drift,seed19,68,3246.9030303030304
hpmcounter5,drift,seed19,69,3247.9454545454546
hpmcounter5,drift,seed19,70,3247.1454545454544
hpmcounter5,drift,seed19,71,3250.1454545454544
hpmcounter5,drift,seed19,72,3252.4242424242425
hpmcounter5,drift,seed19,73,3254.5939393939393
hpmcounter5,drift,seed19,74,3254.9454545454546
hpmcounter5,drift,seed19,75,3255.193939393939
hpmcounter5,drift,seed19,76,3253.660606060606
hpmcounter5,drift,seed19,77,3252.757575757576
hpmcounter5,drift,seed19,78,3270.6242424242423
hpmcounter5,drift,seed19,79,3285.2363636363634
hpmcounter5,drift,seed19,80,3296.357575757576
hpmcounter5,drift,seed19,81,3318.721212121212
hpmcounter5,drift,seed19,82,3348.4969696969697
hpmcounter5,drift,seed19,83,3384.4242424242425
hpmcounter5,drift,seed19,84,3405.5151515151515
hpmcounter5,drift,seed19,85,3409.769696969697
hpmcounter5,drift,seed19,86,3401.0060606060606
hpmcounter5,drift,seed19,87,3376.806060606061
hpmcounter5,drift,seed19,88,3360.090909090909
hpmcounter5,drift,seed19,89,3334.2363636363634
hpmcounter5,drift,seed19,90,3298.8121212121214
hpmcounter5,drift,seed19,91,3269.1151515151514
hpmcounter5,drift,seed19,92,3252.848484848485
hpmcounter5,drift,seed19,93,3252.7515151515154
hpmcounter5,drift,seed19,94,3253.1151515151514
hpmcounter5,drift,seed19,95,3252.2909090909093
hpmcounter5,drift,seed19,96,3254.3030303030305
hpmcounter5,drift,seed19,97,3257.0969696969696
hpmcounter5,drift,seed19,98,3259.2545454545457
hpmcounter5,drift,seed19,99,3259.7272727272725
hpmcounter5,drift,seed19,100,3263.29696969697
hpmcounter5,drift,seed19,101,3266.836363636364
hpmcounter5,drift,seed19,102,3272.339393939394
hpmcounter5,drift,seed19,103,3276.2
hpmcounter5,drift,seed19,104,3276.3454545454547
hpmcounter5,drift,seed19,105,3274.5454545454545
hpmcounter5,drift,seed19,106,3274.078787878788
hpmcounter5,drift,seed19,107,3274.612121212121
hpmcounter5,drift,seed19,108,3272.0
hpmcounter5,drift,seed19,109,3264.0666666666666
hpmcounter5,drift,seed19,110,3258.0848484848484
hpmcounter5,drift,seed19,111,3252.0666666666666
hpmcounter5,drift,seed19,112,3251.3818181818183
hpmcounter5,drift,seed19,113,3250.6060606060605
hpmcounter5,drift,seed19,114,3250.2545454545457
hpmcounter5,drift,seed19,115,3248.4060606060607
hpmcounter5,drift,seed19,116,3248.957575757576
hpmcounter5,drift,seed19,117,3250.927272727273
hpmcounter5,drift,seed19,118,3253.121212121212
hpmcounter5,drift,seed19,119,3253.6
hpmcounter5,drift,seed19,120,3253.230303030303
hpmcounter5,drift,seed19,121,3249.8121212121214
hpmcounter5,drift,seed19,122,3248.242424242424
hpmcounter5,drift,seed19,123,3246.430303030303
hpmcounter5,drift,seed19,124,3245.8242424242426
hpmcounter5,drift,seed19,125,3243.4060606060607
hpmcounter5,drift,seed19,126,3243.7818181818184
hpmcounter5,drift,seed19,127,3248.539393939394
hpmcounter5,drift,seed19,128,3252.521212121212
hpmcounter5,drift,seed19,129,3256.133333333333
hpmcounter5,drift,seed19,130,3260.8545454545456
hpmcounter5,drift,seed19,131,3263.1878787878786
hpmcounter5,drift,seed19,132,3266.460606060606
hpmcounter5,drift,seed19,133,3271.5939393939393
hpmcounter5,drift,seed19,134,3274.9757575757576
hpmcounter5,drift,seed19,135,3271.818181818182
hpmcounter5,drift,seed19,136,3267.7818181818184
hpmcounter5,drift,seed19,137,3268.6545454545453
hpmcounter5,drift,seed19,138,3266.327272727273
hpmcounter5,drift,seed19,139,3261.0242424242424
hpmcounter5,drift,seed19,140,3257.2181818181816
hpmcounter5,drift,seed19,141,3250.018181818182
hpmcounter5,drift,seed19,142,3243.490909090909
hpmcounter5,drift,seed19,143,3240.866666666667
hpmcounter5,drift,seed19,144,3242.4545454545455
hpmcounter5,drift,seed19,145,3242.4545454545455
hpmcounter5,drift,seed19,146,3242.6
hpmcounter5,drift,seed19,147,3244.5878787878787
hpmcounter5,drift,seed19,148,3248.4424242424243
hpmcounter5,drift,seed19,149,3253.012121212121
hpmcounter5,drift,seed19,150,3259.10303030303
hpmcounter5,drift,seed19,151,3262.181818181818
hpmcounter5,drift,seed19,152,3262.6545454545453
hpmcounter5,drift,seed19,153,3263.1454545454544
hpmcounter5,drift,seed19,154,3262.890909090909
hpmcounter5,drift,seed19,155,3259.642424242424
hpmcounter5,drift,seed19,156,3255.3515151515153
hpmcounter5,drift,seed19,157,3250.5151515151515
hpmcounter5,drift,seed19,158,3246.1151515151514
hpmcounter5,drift,seed19,159,3241.5878787878787
hpmcounter5,drift,seed19,160,3256.0060606060606
hpmcounter5,drift,seed19,161,3268.757575757576
hpmcounter5,drift,seed19,162,3294.818181818182
hpmcounter5,drift,seed19,163,3332.7515151515154
hpmcounter5,drift,seed19,164,3374.5333333333333
hpmcounter5,drift,seed19,165,3401.3818181818183
hpmcounter5,drift,seed19,166,3415.151515151515
hpmcounter5,drift,seed19,167,3416.630303030303
hpmcounter5,drift,seed19,168,3401.7939393939396
hpmcounter5,drift,seed19,169,3369.6969696969695
hpmcounter5,drift,seed19,170,3343.9454545454546
hpmcounter5,drift,seed19,171,3308.2060606060604
hpmcounter5,drift,seed19,172,3281.0848484848484
hpmcounter5,drift,seed19,173,3264.9636363636364
hpmcounter5,drift,seed19,174,3264.0545454545454
hpmcounter5,drift,seed19,175,3261.630303030303
hpmcounter5,drift,seed19,176,3262.1878787878786
hpmcounter5,drift,seed19,177,3265.4848484848485
hpmcounter5,drift,seed19,178,3266.775757575758
hpmcounter5,drift,seed19,179,3269.193939393939
hpmcounter5,drift,seed19,180,3270.981818181818
hpmcounter5,drift,seed19,181,3272.212121212121
hpmcounter5,drift,seed19,182,3271.5757575757575
hpmcounter5,drift,seed19,183,3268.4424242424243
hpmcounter5,drift,seed19,184,3264.3333333333335
hpmcounter5,drift,seed19,185,3257.4848484848485
hpmcounter5,drift,seed19,186,3253.181818181818
hpmcounter5,drift,seed19,187,3250.8848484848486
hpmcounter5,drift,seed19,188,3246.6848484848483
hpmcounter5,drift,seed19,189,3262.8
hpmcounter5,drift,seed19,190,3293.042424242424
hpmcounter5,drift,seed19,191,3335.012121212121
hpmcounter5,drift,seed19,192,3364.909090909091
hpmcounter5,drift,seed19,193,3386.2484848484846
hpmcounter5,drift,seed19,194,3397.448484848485
hpmcounter5,drift,seed19,195,3397.181818181818
hpmcounter5,drift,seed19,196,3385.775757575758
hpmcounter5,drift,seed19,197,3360.490909090909
hpmcounter5,drift,seed19,198,3321.0
hpmcounter5,drift,seed19,199,3289.860606060606
hpmcounter5,drift,seed19,200,3271.3515151515153
hpmcounter5,drift,seed19,201,3268.539393939394
hpmcounter5,drift,seed19,202,3266.151515151515
hpmcounter5,drift,seed19,203,3264.109090909091
hpmcounter5,drift,seed19,204,3262.836363636364
hpmcounter5,drift,seed19,205,3260.430303030303
hpmcounter5,drift,seed19,206,3260.181818181818
hpmcounter5,drift,seed19,207,3256.387878787879
hpmcounter5,drift,seed19,208,3253.927272727273
hpmcounter5,drift,seed19,209,3251.2606060606063
hpmcounter5,drift,seed19,210,3249.8242424242426
hpmcounter5,drift,seed19,211,3248.2060606060604
hpmcounter5,drift,seed19,212,3247.830303030303
hpmcounter5,drift,seed19,213,3246.193939393939
hpmcounter5,drift,seed19,214,3247.2727272727275
hpmcounter5,drift,seed19,215,3244.3636363636365
hpmcounter5,drift,seed19,216,3244.8727272727274
hpmcounter5,drift,seed19,217,3243.612121212121
hpmcounter5,drift,seed19,218,3247.866666666667
hpmcounter5,drift,seed19,219,3250.0242424242424
hpmcounter5,drift,seed19,220,3253.448484848485
hpmcounter5,drift,seed19,221,3258.230303030303
hpmcounter5,drift,seed19,222,3260.193939393939
hpmcounter5,drift,seed19,223,3262.3151515151517
hpmcounter5,drift,seed19,224,3268.2060606060604
hpmcounter5,drift,seed19,225,3270.769696969697
hpmcounter5,drift,seed19,226,3273.012121212121
hpmcounter5,drift,seed19,227,3272.8545454545456
hpmcounter5,drift,seed19,228,3274.090909090909
hpmcounter5,drift,seed19,229,3270.5151515151515
hpmcounter5,drift,seed19,230,3265.957575757576
hpmcounter5,drift,seed19,231,3260.909090909091
hpmcounter5,drift,seed19,232,3254.4969696969697
hpmcounter5,drift,seed19,233,3248.551515151515
hpmcounter5,drift,seed19,234,3244.5575757575757
hpmcounter5,drift,seed19,235,3244.2545454545457
hpmcounter5,drift,seed19,236,3245.6787878787877
hpmcounter5,drift,seed19,237,3248.1757575757574
hpmcounter5,drift,seed19,238,3251.848484848485
hpmcounter5,drift,seed19,239,3255.8545454545456
hpmcounter5,drift,seed19,240,3261.387878787879
hpmcounter5,drift,seed19,241,3265.6060606060605
hpmcounter5,drift,seed19,242,3268.757575757576
hpmcounter5,drift,seed19,243,3268.836363636364
hpmcounter5,drift,seed19,244,3268.042424242424
hpmcounter5,drift,seed19,245,3268.733333333333
hpmcounter5,drift,seed19,246,3265.969696969697
hpmcounter5,drift,seed19,247,3263.7393939393937
hpmcounter5,drift,seed19,248,3260.9333333333334
hpmcounter5,drift,seed19,249,3259.4727272727273
hpmcounter5,drift,seed19,250,3258.9151515151516
hpmcounter5,drift,seed19,251,3258.448484848485
hpmcounter5,drift,seed19,252,3259.1878787878786
hpmcounter5,drift,seed19,253,3259.769696969697
hpmcounter5,drift,seed19,254,3261.490909090909
hpmcounter5,drift,seed19,255,3265.309090909091
hpmcounter5,drift,seed19,256,3266.3636363636365
hpmcounter5,drift,seed19,257,3269.012121212121
hpmcounter5,drift,seed19,258,3273.060606060606
hpmcounter5,drift,seed19,259,3276.3757575757577
hpmcounter5,drift,seed19,260,3277.5939393939393
hpmcounter5,drift,seed19,261,3275.569696969697
hpmcounter5,drift,seed19,262,3274.4969696969697
hpmcounter5,drift,seed19,263,3270.060606060606
hpmcounter5,drift,seed19,264,3264.921212121212
hpmcounter5,drift,seed19,265,3258.8545454545456
hpmcounter5,drift,seed19,266,3254.6484848484847
hpmcounter5,drift,seed19,267,3253.387878787879
hpmcounter5,drift,seed19,268,3253.387878787879
hpmcounter5,drift,seed19,269,3253.5878787878787
hpmcounter5,drift,seed19,270,3257.0848484848484
hpmcounter5,drift,seed19,271,3257.7272727272725
hpmcounter5,drift,seed19,272,3261.5636363636363
hpmcounter5,drift,seed19,273,3262.0666666666666
hpmcounter5,drift,seed19,274,3262.6242424242423
hpmcounter5,drift,seed19,275,3260.860606060606
hpmcounter5,drift,seed19,276,3262.0969696969696
hpmcounter5,drift,seed19,277,3265.569696969697
hpmcounter5,drift,seed19,278,3265.787878787879
hpmcounter5,drift,seed19,279,3263.6969696969695
hpmcounter5,drift,seed19,280,3261.6060606060605
hpmcounter5,drift,seed19,281,3257.169696969697
hpmcounter5,drift,seed19,282,3255.387878787879
hpmcounter5,drift,seed19,283,3252.981818181818
hpmcounter5,drift,seed19,284,3250.4060606060607
hpmcounter5,drift,seed19,285,3246.890909090909
hpmcounter5,drift,seed19,286,3248.3818181818183
hpmcounter5,drift,seed19,287,3250.478787878788
hpmcounter5,drift,seed19,288,3250.478787878788
hpmcounter5,drift,seed19,289,3253.133333333333
hpmcounter5,drift,seed19,290,3254.5878787878787
hpmcounter5,drift,seed19,291,3254.551515151515
hpmcounter5,drift,seed19,292,3256.3151515151517
hpmcounter5,drift,seed19,293,3257.6484848484847
hpmcounter5,drift,seed19,294,3258.6484848484847
hpmcounter5,drift,seed19,295,3258.418181818182
hpmcounter5,drift,seed19,296,3259.072727272727
hpmcounter5,drift,seed19,297,3257.569696969697
hpmcounter5,drift,seed19,298,3256.7151515151513
hpmcounter5,drift,seed2,9,3257.193939393939
hpmcounter5,drift,seed2,10,3253.4545454545455
hpmcounter5,drift,seed2,11,3247.8
hpmcounter5,drift,seed2,12,3243.5757575757575
hpmcounter5,drift,seed2,13,3239.539393939394
hpmcounter5,drift,seed2,14,3237.9151515151516
hpmcounter5,drift,seed2,15,3255.430303030303
hpmcounter5,drift,seed2,16,3271.121212121212
hpmcounter5,drift,seed2,17,3284.0
hpmcounter5,drift,seed2,18,3295.6
hpmcounter5,drift,seed2,19,3318.551515151515
hpmcounter5,drift,seed2,20,3352.0
hpmcounter5,drift,seed2,21,3369.9939393939394
hpmcounter5,drift,seed2,22,3376.8424242424244
hpmcounter5,drift,seed2,23,3374.369696969697
hpmcounter5,drift,seed2,24,3358.133333333333
hpmcounter5,drift,seed2,25,3350.8242424242426
hpmcounter5,drift,seed2,26,3333.490909090909
hpmcounter5,drift,seed2,27,3306.169696969697
hpmcounter5,drift,seed2,28,3272.551515151515
hpmcounter5,drift,seed2,29,3250.012121212121
hpmcounter5,drift,seed2,30,3248.048484848485
hpmcounter5,drift,seed2,31,3243.448484848485
hpmcounter5,drift,seed2,32,3239.4242424242425
hpmcounter5,drift,seed2,33,3239.133333333333
hpmcounter5,drift,seed2,34,3237.6545454545453
hpmcounter5,drift,seed2,35,3241.8
hpmcounter5,drift,seed2,36,3246.163636363636
hpmcounter5,drift,seed2,37,3253.072727272727
hpmcounter5,drift,seed2,38,3259.6848484848483
hpmcounter5,drift,seed2,39,3265.8727272727274
hpmcounter5,drift,seed2,40,3270.9454545454546
hpmcounter5,drift,seed2,41,3274.2606060606063
hpmcounter5,drift,seed2,42,3272.7090909090907
hpmcounter5,drift,seed2,43,3267.957575757576
hpmcounter5,drift,seed2,44,3262.769696969697
hpmcounter5,drift,seed2,45,3257.0242424242424
hpmcounter5,drift,seed2,46,3251.018181818182
hpmcounter5,drift,seed2,47,3248.369696969697
hpmcounter5,drift,seed2,48,3247.551515151515
hpmcounter5,drift,seed2,49,3251.581818181818
hpmcounter5,drift,seed2,50,3253.0545454545454
hpmcounter5,drift,seed2,51,3255.5030303030303
hpmcounter5,drift,seed2,52,3255.9030303030304
hpmcounter5,drift,seed2,53,3254.551515151515
hpmcounter5,drift,seed2,54,3256.866666666667
hpmcounter5,drift,seed2,55,3256.7818181818184
hpmcounter5,drift,seed2,56,3255.551515151515
hpmcounter5,drift,seed2,57,3252.921212121212
hpmcounter5,drift,seed2,58,3252.70303030303
hpmcounter5,drift,seed2,59,3253.2181818181816
hpmcounter5,drift,seed2,60,3251.721212121212
hpmcounter5,drift,seed2,61,3250.4545454545455
hpmcounter5,drift,seed2,62,3250.2
hpmcounter5,drift,seed2,63,3246.1878787878786
hpmcounter5,drift,seed2,64,3245.521212121212
hpmcounter5,drift,seed2,65,3246.939393939394
hpmcounter5,drift,seed2,66,3248.521212121212
hpmcounter5,drift,seed2,67,3250.2727272727275
hpmcounter5,drift,seed2,68,3256.1454545454544
hpmcounter5,drift,seed2,69,3260.012121212121
hpmcounter5,drift,seed2,70,3263.7454545454543
hpmcounter5,drift,seed2,71,3266.369696969697
hpmcounter5,drift,seed2,72,3267.8727272727274
hpmcounter5,drift,seed2,73,3266.921212121212
hpmcounter5,drift,seed2,74,3266.2060606060604
hpmcounter5,drift,seed2,75,3266.7454545454543
hpmcounter5,drift,seed2,76,3268.224242424242
hpmcounter5,drift,seed2,77,3270.612121212121
hpmcounter5,drift,seed2,78,3272.9030303030304
hpmcounter5,drift,seed2,79,3273.012121212121
hpmcounter5,drift,seed2,80,3272.6484848484847
hpmcounter5,drift,seed2,81,3272.133333333333
hpmcounter5,drift,seed2,82,3270.6
hpmcounter5,drift,seed2,83,3268.8545454545456
hpmcounter5,drift,seed2,84,3264.369696969697
hpmcounter5,drift,seed2,85,3259.0666666666666
hpmcounter5,drift,seed2,86,3256.9333333333334
hpmcounter5,drift,seed2,87,3256.369696969697
hpmcounter5,drift,seed2,88,3253.6787878787877
hpmcounter5,drift,seed2,89,3252.090909090909
hpmcounter5,drift,seed2,90,3250.3030303030305
hpmcounter5,drift,seed2,91,3250.951515151515
hpmcounter5,drift,seed2,92,3254.0666666666666
hpmcounter5,drift,seed2,93,3255.309090909091
hpmcounter5,drift,seed2,94,3254.490909090909
hpmcounter5,drift,seed2,95,3254.0545454545454
hpmcounter5,drift,seed2,96,3252.787878787879
hpmcounter5,drift,seed2,97,3254.3454545454547
hpmcounter5,drift,seed2,98,3254.7272727272725
hpmcounter5,drift,seed2,99,3257.0060606060606
hpmcounter5,drift,seed2,100,3257.339393939394
hpmcounter5,drift,seed2,101,3259.7151515151513
hpmcounter5,drift,seed2,102,3265.139393939394
hpmcounter5,drift,seed2,103,3266.890909090909
hpmcounter5,drift,seed2,104,3266.981818181818
hpmcounter5,drift,seed2,105,3267.327272727273
hpmcounter5,drift,seed2,106,3264.848484848485
hpmcounter5,drift,seed2,107,3264.242424242424
hpmcounter5,drift,seed2,108,3264.581818181818
hpmcounter5,drift,seed2,109,3266.3757575757577
hpmcounter5,drift,seed2,110,3264.5333333333333
hpmcounter5,drift,seed2,111,3260.8
hpmcounter5,drift,seed2,112,3261.2181818181816
hpmcounter5,drift,seed2,113,3260.2727272727275
hpmcounter5,drift,seed2,114,3259.0363636363636
hpmcounter5,drift,seed2,115,3260.0666666666666
hpmcounter5,drift,seed2,116,3258.4060606060607
hpmcounter5,drift,seed2,117,3255.8727272727274
hpmcounter5,drift,seed2,118,3254.909090909091
hpmcounter5,drift,seed2,119,3255.836363636364
hpmcounter5,drift,seed2,120,3255.0363636363636
hpmcounter5,drift,seed2,121,3252.6848484848483
hpmcounter5,drift,seed2,122,3253.230303030303
hpmcounter5,drift,seed2,123,3255.5636363636363
hpmcounter5,drift,seed2,124,3255.5939393939393
hpmcounter5,drift,seed2,125,3260.1575757575756
hpmcounter5,drift,seed2,126,3259.2363636363634
hpmcounter5,drift,seed2,127,3258.151515151515
hpmcounter5,drift,seed2,128,3257.8242424242426
hpmcounter5,drift,seed2,129,3256.430303030303
hpmcounter5,drift,seed2,130,3255.8848484848486
hpmcounter5,drift,seed2,131,3255.4
hpmcounter5,drift,seed2,132,3255.0242424242424
hpmcounter5,drift,seed2,133,3258.3757575757577
hpmcounter5,drift,seed2,134,3260.672727272727
hpmcounter5,drift,seed2,135,3263.4545454545455
hpmcounter5,drift,seed2,136,3260.581818181818
hpmcounter5,drift,seed2,137,3256.5333333333333
hpmcounter5,drift,seed2,138,3252.6969696969695
hpmcounter5,drift,seed2,139,3247.2484848484846
hpmcounter5,drift,seed2,140,3244.2181818181816
hpmcounter5,drift,seed2,141,3241.4060606060607
hpmcounter5,drift,seed2,142,3241.7272727272725
hpmcounter5,drift,seed2,143,3242.969696969697
hpmcounter5,drift,seed2,144,3246.5575757575757
hpmcounter5,drift,seed2,145,3251.0545454545454
hpmcounter5,drift,seed2,146,3254.5575757575757
hpmcounter5,drift,seed2,147,3258.266666666667
hpmcounter5,drift,seed2,148,3275.836363636364
hpmcounter5,drift,seed2,149,3288.8242424242426
hpmcounter5,drift,seed2,150,3296.2060606060604
hpmcounter5,drift,seed2,151,3313.509090909091
hpmcounter5,drift,seed2,152,3341.339393939394
hpmcounter5,drift,seed2,153,3376.2606060606063
hpmcounter5,drift,seed2,154,3411.909090909091
hpmcounter5,drift,seed2,155,3446.8424242424244
hpmcounter5,drift,seed2,156,3460.3757575757577
hpmcounter5,drift,seed2,157,3454.5333333333333
hpmcounter5,drift,seed2,158,3446.2
hpmcounter5,drift,seed2,159,3421.2848484848487
hpmcounter5,drift,seed2,160,3377.6363636363635
hpmcounter5,drift,seed2,161,3335.3030303030305
hpmcounter5,drift,seed2,162,3296.1878787878786
hpmcounter5,drift,seed2,163,3267.660606060606
hpmcounter5,drift,seed2,164,3249.672727272727
hpmcounter5,drift,seed2,165,3247.6848484848483
hpmcounter5,drift,seed2,166,3244.6969696969695
hpmcounter5,drift,seed2,167,3244.757575757576
hpmcounter5,drift,seed2,168,3244.806060606061
hpmcounter5,drift,seed2,169,3246.357575757576
hpmcounter5,drift,seed2,170,3248.8545454545456
hpmcounter5,drift,seed2,171,3249.2727272727275
hpmcounter5,drift,seed2,172,3250.509090909091
hpmcounter5,drift,seed2,173,3269.278787878788
hpmcounter5,drift,seed2,174,3301.10303030303
hpmcounter5,drift,seed2,175,3340.6363636363635
hpmcounter5,drift,seed2,176,3383.8
hpmcounter5,drift,seed2,177,3413.909090909091
hpmcounter5,drift,seed2,178,3429.2363636363634
hpmcounter5,drift,seed2,179,3429.430303030303
hpmcounter5,drift,seed2,180,3414.521212121212
hpmcounter5,drift,seed2,181,3384.490909090909
hpmcounter5,drift,seed2,182,3338.3757575757577
hpmcounter5,drift,seed2,183,3301.4242424242425
hpmcounter5,drift,seed2,184,3273.9151515151516
hpmcounter5,drift,seed2,185,3258.7939393939396
hpmcounter5,drift,seed2,186,3260.921212121212
hpmcounter5,drift,seed2,187,3259.7272727272725
hpmcounter5,drift,seed2,188,3256.957575757576
hpmcounter5,drift,seed2,189,3254.5272727272727
hpmcounter5,drift,seed2,190,3250.6848484848483
hpmcounter5,drift,seed2,191,3249.927272727273
hpmcounter5,drift,seed2,192,3247.551515151515
hpmcounter5,drift,seed2,193,3247.4424242424243
hpmcounter5,drift,seed2,194,3249.5939393939393
hpmcounter5,drift,seed2,195,3253.193939393939
hpmcounter5,drift,seed2,196,3259.430303030303
hpmcounter5,drift,seed2,197,3263.939393939394
hpmcounter5,drift,seed2,198,3267.10303030303
hpmcounter5,drift,seed2,199,3271.9636363636364
hpmcounter5,drift,seed2,200,3276.830303030303
hpmcounter5,drift,seed2,201,3282.660606060606
hpmcounter5,drift,seed2,202,3283.3515151515153
hpmcounter5,drift,seed2,203,3280.012121212121
hpmcounter5,drift,seed2,204,3277.866666666667
hpmcounter5,drift,seed2,205,3275.969696969697
hpmcounter5,drift,seed2,206,3275.078787878788
hpmcounter5,drift,seed2,207,3272.878787878788
hpmcounter5,drift,seed2,208,3270.6060606060605
hpmcounter5,drift,seed2,209,3268.8727272727274
hpmcounter5,drift,seed2,210,3268.866666666667
hpmcounter5,drift,seed2,211,3268.787878787879
hpmcounter5,drift,seed2,212,3267.169696969697
hpmcounter5,drift,seed2,213,3265.4242424242425
hpmcounter5,drift,seed2,214,3263.339393939394
hpmcounter5,drift,seed2,215,3261.230303030303
hpmcounter5,drift,seed2,216,3261.2181818181816
hpmcounter5,drift,seed2,217,3260.2848484848487
hpmcounter5,drift,seed2,218,3258.6848484848483
hpmcounter5,drift,seed2,219,3257.7151515151513
hpmcounter5,drift,seed2,220,3257.121212121212
hpmcounter5,drift,seed2,221,3254.8424242424244
hpmcounter5,drift,seed2,222,3253.490909090909
hpmcounter5,drift,seed2,223,3253.4727272727273
hpmcounter5,drift,seed2,224,3252.490909090909
hpmcounter5,drift,seed2,225,3252.939393939394
hpmcounter5,drift,seed2,226,3254.4848484848485
hpmcounter5,drift,seed2,227,3256.266666666667
hpmcounter5,drift,seed2,228,3257.5636363636363
hpmcounter5,drift,seed2,229,3261.5454545454545
hpmcounter5,drift,seed2,230,3264.2363636363634
hpmcounter5,drift,seed2,231,3267.327272727273
hpmcounter5,drift,seed2,232,3269.2909090909093
hpmcounter5,drift,seed2,233,3270.3757575757577
hpmcounter5,drift,seed2,234,3267.4969696969697
hpmcounter5,drift,seed2,235,3266.2363636363634
hpmcounter5,drift,seed2,236,3264.29696969697
hpmcounter5,drift,seed2,237,3262.8848484848486
hpmcounter5,drift,seed2,238,3260.030303030303
hpmcounter5,drift,seed2,239,3259.2545454545457
hpmcounter5,drift,seed2,240,3256.981818181818
hpmcounter5,drift,seed2,241,3256.0545454545454
hpmcounter5,drift,seed2,242,3254.927272727273
hpmcounter5,drift,seed2,243,3255.242424242424
hpmcounter5,drift,seed2,244,3256.090909090909
hpmcounter5,drift,seed2,245,3255.7818181818184
hpmcounter5,drift,seed2,246,3255.806060606061
hpmcounter5,drift,seed2,247,3258.309090909091
hpmcounter5,drift,seed2,248,3260.630303030303
hpmcounter5,drift,seed2,249,3261.539393939394
hpmcounter5,drift,seed2,250,3260.2484848484846
hpmcounter5,drift,seed2,251,3257.551515151515
hpmcounter5,drift,seed2,252,3252.5272727272727
hpmcounter5,drift,seed2,253,3248.8121212121214
hpmcounter5,drift,seed2,254,3246.5575757575757
hpmcounter5,drift,seed2,255,3244.3818181818183
hpmcounter5,drift,seed2,256,3242.369696969697
hpmcounter5,drift,seed2,257,3243.3939393939395
hpmcounter5,drift,seed2,258,3245.212121212121
hpmcounter5,drift,seed2,259,3246.642424242424
hpmcounter5,drift,seed2,260,3246.4727272727273
hpmcounter5,drift,seed2,261,3248.0363636363636
hpmcounter5,drift,seed2,262,3250.2
hpmcounter5,drift,seed2,263,3254.769696969697
hpmcounter5,drift,seed2,264,3257.6242424242423
hpmcounter5,drift,seed2,265,3262.612121212121
hpmcounter5,drift,seed2,266,3264.4545454545455
hpmcounter5,drift,seed2,267,3265.1272727272726
hpmcounter5,drift,seed2,268,3264.163636363636
hpmcounter5,drift,seed2,269,3264.090909090909
hpmcounter5,drift,seed2,270,3259.3212121212123
hpmcounter5,drift,seed2,271,3255.212121212121
hpmcounter5,drift,seed2,272,3253.3151515151517
hpmcounter5,drift,seed2,273,3251.151515151515
hpmcounter5,drift,seed2,274,3252.3939393939395
hpmcounter5,drift,seed2,275,3256.369696969697
hpmcounter5,drift,seed2,276,3258.860606060606
hpmcounter5,drift,seed2,277,3259.539393939394
hpmcounter5,drift,seed2,278,3259.3757575757577
hpmcounter5,drift,seed2,279,3260.242424242424
hpmcounter5,drift,seed2,280,3259.193939393939
hpmcounter5,drift,seed2,281,3257.212121212121
hpmcounter5,drift,seed2,282,3256.4363636363637
hpmcounter5,drift,seed2,283,3254.6
hpmcounter5,drift,seed2,284,3252.230303030303
hpmcounter5,drift,seed2,285,3251.3030303030305
hpmcounter5,drift,seed2,286,3254.3939393939395
hpmcounter5,drift,seed2,287,3257.2181818181816
hpmcounter5,drift,seed2,288,3260.981818181818
hpmcounter5,drift,seed2,289,3263.690909090909
hpmcounter5,drift,seed2,290,3263.909090909091
hpmcounter5,drift,seed2,291,3265.3333333333335
hpmcounter5,drift,seed2,292,3265.787878787879
hpmcounter5,drift,seed2,293,3267.3515151515153
hpmcounter5,drift,seed2,294,3264.957575757576
hpmcounter5,drift,seed2,295,3261.4
hpmcounter5,drift,seed2,296,3261.8242424242426
hpmcounter5,drift,seed2,297,3263.212121212121
hpmcounter5,drift,seed2,298,3264.212121212121
hpmcounter5,drift,seed20,9,3451.072727272727
hpmcounter5,drift,seed20,10,3449.212121212121
hpmcounter5,drift,seed20,11,3430.6666666666665
hpmcounter5,drift,seed20,12,3405.2606060606063
hpmcounter5,drift,seed20,13,3374.0848484848484
hpmcounter5,drift,seed20,14,3342.10303030303
hpmcounter5,drift,seed20,15,3311.9030303030304
hpmcounter5,drift,seed20,16,3287.6787878787877
hpmcounter5,drift,seed20,17,3271.3636363636365
hpmcounter5,drift,seed20,18,3270.5333333333333
hpmcounter5,drift,seed20,19,3264.266666666667
hpmcounter5,drift,seed20,20,3261.4969696969697
hpmcounter5,drift,seed20,21,3261.9030303030304
hpmcounter5,drift,seed20,22,3262.6060606060605
hpmcounter5,drift,seed20,23,3262.630303030303
hpmcounter5,drift,seed20,24,3266.3515151515153
hpmcounter5,drift,seed20,25,3268.3939393939395
hpmcounter5,drift,seed20,26,3268.4848484848485
hpmcounter5,drift,seed20,27,3264.939393939394
hpmcounter5,drift,seed20,28,3262.339393939394
hpmcounter5,drift,seed20,29,3256.8121212121214
hpmcounter5,drift,seed20,30,3253.5151515151515
hpmcounter5,drift,seed20,31,3252.430303030303
hpmcounter5,drift,seed20,32,3252.6666666666665
hpmcounter5,drift,seed20,33,3252.357575757576
hpmcounter5,drift,seed20,34,3257.0
hpmcounter5,drift,seed20,35,3259.1454545454544
hpmcounter5,drift,seed20,36,3257.690909090909
hpmcounter5,drift,seed20,37,3256.8424242424244
hpmcounter5,drift,seed20,38,3257.2606060606063
hpmcounter5,drift,seed20,39,3257.672727272727
hpmcounter5,drift,seed20,40,3259.9333333333334
hpmcounter5,drift,seed20,41,3261.660606060606
hpmcounter5,drift,seed20,42,3264.509090909091
hpmcounter5,drift,seed20,43,3268.1575757575756
hpmcounter5,drift,seed20,44,3271.278787878788
hpmcounter5,drift,seed20,45,3271.660606060606
hpmcounter5,drift,seed20,46,3285.0545454545454
hpmcounter5,drift,seed20,47,3310.490909090909
hpmcounter5,drift,seed20,48,3345.2
hpmcounter5,drift,seed20,49,3388.078787878788
hpmcounter5,drift,seed20,50,3418.4666666666667
hpmcounter5,drift,seed20,51,3433.109090909091
hpmcounter5,drift,seed20,52,3434.0242424242424
hpmcounter5,drift,seed20,53,3419.418181818182
hpmcounter5,drift,seed20,54,3389.309090909091
hpmcounter5,drift,seed20,55,3344.2363636363634
hpmcounter5,drift,seed20,56,3303.7090909090907
hpmcounter5,drift,seed20,57,3272.3636363636365
hpmcounter5,drift,seed20,58,3253.6
hpmcounter5,drift,seed20,59,3253.048484848485
hpmcounter5,drift,seed20,60,3254.8121212121214
hpmcounter5,drift,seed20,61,3256.8
hpmcounter5,drift,seed20,62,3258.612121212121
hpmcounter5,drift,seed20,63,3256.9151515151516
hpmcounter5,drift,seed20,64,3253.212121212121
hpmcounter5,drift,seed20,65,3248.630303030303
hpmcounter5,drift,seed20,66,3245.509090909091
hpmcounter5,drift,seed20,67,3245.0060606060606
hpmcounter5,drift,seed20,68,3244.060606060606
hpmcounter5,drift,seed20,69,3246.5333333333333
hpmcounter5,drift,seed20,70,3249.569696969697
hpmcounter5,drift,seed20,71,3251.4424242424243
hpmcounter5,drift,seed20,72,3253.2606060606063
hpmcounter5,drift,seed20,73,3255.5878787878787
hpmcounter5,drift,seed20,74,3259.8242424242426
hpmcounter5,drift,seed20,75,3260.70303030303
hpmcounter5,drift,seed20,76,3264.048484848485
hpmcounter5,drift,seed20,77,3265.2363636363634
hpmcounter5,drift,seed20,78,3266.339393939394
hpmcounter5,drift,seed20,79,3270.4121212121213
hpmcounter5,drift,seed20,80,3271.7272727272725
hpmcounter5,drift,seed20,81,3271.951515151515
hpmcounter5,drift,seed20,82,3271.5272727272727
hpmcounter5,drift,seed20,83,3273.630303030303
hpmcounter5,drift,seed20,84,3276.612121212121
hpmcounter5,drift,seed20,85,3279.521212121212
hpmcounter5,drift,seed20,86,3287.133333333333
hpmcounter5,drift,seed20,87,3290.775757575758
hpmcounter5,drift,seed20,88,3293.4848484848485
hpmcounter5,drift,seed20,89,3292.7454545454543
hpmcounter5,drift,seed20,90,3289.339393939394
hpmcounter5,drift,seed20,91,3283.4424242424243
hpmcounter5,drift,seed20,92,3278.9636363636364
hpmcounter5,drift,seed20,93,3275.7818181818184
hpmcounter5,drift,seed20,94,3268.3818181818183
hpmcounter5,drift,seed20,95,3264.10303030303
hpmcounter5,drift,seed20,96,3264.1454545454544
hpmcounter5,drift,seed20,97,3263.3151515151517
hpmcounter5,drift,seed20,98,3263.9030303030304
hpmcounter5,drift,seed20,99,3263.7454545454543
hpmcounter5,drift,seed20,100,3264.866666666667
hpmcounter5,drift,seed20,101,3261.4242424242425
hpmcounter5,drift,seed20,102,3261.642424242424
hpmcounter5,drift,seed20,103,3260.981818181818
hpmcounter5,drift,seed20,104,3258.70303030303
hpmcounter5,drift,seed20,105,3257.3939393939395
hpmcounter5,drift,seed20,106,3259.327272727273
hpmcounter5,drift,seed20,107,3258.6484848484847
hpmcounter5,drift,seed20,108,3257.5878787878787
hpmcounter5,drift,seed20,109,3258.7393939393937
hpmcounter5,drift,seed20,110,3259.151515151515
hpmcounter5,drift,seed20,111,3257.090909090909
hpmcounter5,drift,seed20,112,3254.2545454545457
hpmcounter5,drift,seed20,113,3250.109090909091
hpmcounter5,drift,seed20,114,3246.369696969697
hpmcounter5,drift,seed20,115,3242.193939393939
hpmcounter5,drift,seed20,116,3241.581818181818
hpmcounter5,drift,seed20,117,3242.569696969697
hpmcounter5,drift,seed20,118,3244.6060606060605
hpmcounter5,drift,seed20,119,3249.3757575757577
hpmcounter5,drift,seed20,120,3253.775757575758
hpmcounter5,drift,seed20,121,3258.169696969697
hpmcounter5,drift,seed20,122,3258.921212121212
hpmcounter5,drift,seed20,123,3258.733333333333
hpmcounter5,drift,seed20,124,3257.2606060606063
hpmcounter5,drift,seed20,125,3254.139393939394
hpmcounter5,drift,seed20,126,3250.8545454545456
hpmcounter5,drift,seed20,127,3264.4
hpmcounter5,drift,seed20,128,3276.2606060606063
hpmcounter5,drift,seed20,129,3285.787878787879
hpmcounter5,drift,seed20,130,3290.642424242424
hpmcounter5,drift,seed20,131,3293.612121212121
hpmcounter5,drift,seed20,132,3292.2848484848487
hpmcounter5,drift,seed20,133,3287.981818181818
hpmcounter5,drift,seed20,134,3280.357575757576
hpmcounter5,drift,seed20,135,3267.3333333333335
hpmcounter5,drift,seed20,136,3252.6666666666665
hpmcounter5,drift,seed20,137,3254.6666666666665
hpmcounter5,drift,seed20,138,3258.5575757575757
hpmcounter5,drift,seed20,139,3262.2545454545457
hpmcounter5,drift,seed20,140,3263.230303030303
hpmcounter5,drift,seed20,141,3267.357575757576
hpmcounter5,drift,seed20,142,3271.9454545454546
hpmcounter5,drift,seed20,143,3275.987878787879
hpmcounter5,drift,seed20,144,3277.3939393939395
hpmcounter5,drift,seed20,145,3275.6363636363635
hpmcounter5,drift,seed20,146,3272.4363636363637
hpmcounter5,drift,seed20,147,3268.430303030303
hpmcounter5,drift,seed20,148,3264.660606060606
hpmcounter5,drift,seed20,149,3259.7151515151513
hpmcounter5,drift,seed20,150,3254.7090909090907
hpmcounter5,drift,seed20,151,3252.630303030303
hpmcounter5,drift,seed20,152,3254.6666666666665
hpmcounter5,drift,seed20,153,3258.830303030303
hpmcounter5,drift,seed20,154,3260.9333333333334
hpmcounter5,drift,seed20,155,3264.818181818182
hpmcounter5,drift,seed20,156,3267.2606060606063
hpmcounter5,drift,seed20,157,3270.8242424242426
hpmcounter5,drift,seed20,158,3288.2606060606063
hpmcounter5,drift,seed20,159,3316.4121212121213
hpmcounter5,drift,seed20,160,3351.012121212121
hpmcounter5,drift,seed20,161,3374.0363636363636
hpmcounter5,drift,seed20,162,3386.909090909091
hpmcounter5,drift,seed20,163,3391.0242424242424
hpmcounter5,drift,seed20,164,3384.5333333333333
hpmcounter5,drift,seed20,165,3371.581818181818
hpmcounter5,drift,seed20,166,3346.327272727273
hpmcounter5,drift,seed20,167,3314.8
hpmcounter5,drift,seed20,168,3289.193939393939
hpmcounter5,drift,seed20,169,3275.509090909091
hpmcounter5,drift,seed20,170,3272.860606060606
hpmcounter5,drift,seed20,171,3269.957575757576
hpmcounter5,drift,seed20,172,3266.278787878788
hpmcounter5,drift,seed20,173,3261.0242424242424
hpmcounter5,drift,seed20,174,3258.7636363636366
hpmcounter5,drift,seed20,175,3261.2060606060604
hpmcounter5,drift,seed20,176,3261.5575757575757
hpmcounter5,drift,seed20,177,3280.2909090909093
hpmcounter5,drift,seed20,178,3295.4
hpmcounter5,drift,seed20,179,3306.8848484848486
hpmcounter5,drift,seed20,180,3310.733333333333
hpmcounter5,drift,seed20,181,3310.4727272727273
hpmcounter5,drift,seed20,182,3308.418181818182
hpmcounter5,drift,seed20,183,3298.242424242424
hpmcounter5,drift,seed20,184,3288.0848484848484
hpmcounter5,drift,seed20,185,3275.890909090909
hpmcounter5,drift,seed20,186,3260.2
hpmcounter5,drift,seed20,187,3260.448484848485
hpmcounter5,drift,seed20,188,3260.8
hpmcounter5,drift,seed20,189,3262.3818181818183
hpmcounter5,drift,seed20,190,3261.7515151515154
hpmcounter5,drift,seed20,191,3261.5272727272727
hpmcounter5,drift,seed20,192,3260.9454545454546
hpmcounter5,drift,seed20,193,3256.9757575757576
hpmcounter5,drift,seed20,194,3255.7393939393937
hpmcounter5,drift,seed20,195,3254.7939393939396
hpmcounter5,drift,seed20,196,3253.430303030303
hpmcounter5,drift,seed20,197,3253.927272727273
hpmcounter5,drift,seed20,198,3251.278787878788
hpmcounter5,drift,seed20,199,3250.0363636363636
hpmcounter5,drift,seed20,200,3246.6
hpmcounter5,drift,seed20,201,3245.569696969697
hpmcounter5,drift,seed20,202,3246.151515151515
hpmcounter5,drift,seed20,203,3245.2060606060604
hpmcounter5,drift,seed20,204,3244.89696969697
hpmcounter5,drift,seed20,205,3250.309090909091
hpmcounter5,drift,seed20,206,3253.733333333333
hpmcounter5,drift,seed20,207,3259.212121212121
hpmcounter5,drift,seed20,208,3264.6848484848483
hpmcounter5,drift,seed20,209,3270.048484848485
hpmcounter5,drift,seed20,210,3269.3212121212123
hpmcounter5,drift,seed20,211,3267.6484848484847
hpmcounter5,drift,seed20,212,3266.4424242424243
hpmcounter5,drift,seed20,213,3262.3757575757577
hpmcounter5,drift,seed20,214,3258.430303030303
hpmcounter5,drift,seed20,215,3258.6666666666665
hpmcounter5,drift,seed20,216,3258.327272727273
hpmcounter5,drift,seed20,217,3259.224242424242
hpmcounter5,drift,seed20,218,3277.8
hpmcounter5,drift,seed20,219,3292.4545454545455
hpmcounter5,drift,seed20,220,3304.2181818181816
hpmcounter5,drift,seed20,221,3312.460606060606
hpmcounter5,drift,seed20,222,3314.0242424242424
hpmcounter5,drift,seed20,223,3308.3454545454547
hpmcounter5,drift,seed20,224,3300.987878787879
hpmcounter5,drift,seed20,225,3290.2545454545457
hpmcounter5,drift,seed20,226,3276.042424242424
hpmcounter5,drift,seed20,227,3258.2727272727275
hpmcounter5,drift,seed20,228,3255.3515151515153
hpmcounter5,drift,seed20,229,3253.0969696969696
hpmcounter5,drift,seed20,230,3255.2060606060604
hpmcounter5,drift,seed20,231,3260.2545454545457
hpmcounter5,drift,seed20,232,3262.8121212121214
hpmcounter5,drift,seed20,233,3265.2
hpmcounter5,drift,seed20,234,3268.0
hpmcounter5,drift,seed20,235,3270.1757575757574
hpmcounter5,drift,seed20,236,3270.3636363636365
hpmcounter5,drift,seed20,237,3268.2727272727275
hpmcounter5,drift,seed20,238,3265.5333333333333
hpmcounter5,drift,seed20,239,3263.133333333333
hpmcounter5,drift,seed20,240,3259.0969696969696
hpmcounter5,drift,seed20,241,3256.642424242424
hpmcounter5,drift,seed20,242,3253.551515151515
hpmcounter5,drift,seed20,243,3251.7939393939396
hpmcounter5,drift,seed20,244,3252.1454545454544
hpmcounter5,drift,seed20,245,3253.3212121212123
hpmcounter5,drift,seed20,246,3253.642424242424
hpmcounter5,drift,seed20,247,3253.169696969697
hpmcounter5,drift,seed20,248,3253.909090909091
hpmcounter5,drift,seed20,249,3254.0848484848484
hpmcounter5,drift,seed20,250,3252.048484848485
hpmcounter5,drift,seed20,251,3249.6181818181817
hpmcounter5,drift,seed20,252,3246.109090909091
hpmcounter5,drift,seed20,253,3258.4545454545455
hpmcounter5,drift,seed20,254,3285.9454545454546
hpmcounter5,drift,seed20,255,3323.6060606060605
hpmcounter5,drift,seed20,256,3367.3212121212123
hpmcounter5,drift,seed20,257,3397.490909090909
hpmcounter5,drift,seed20,258,3413.969696969697
hpmcounter5,drift,seed20,259,3417.5939393939393
hpmcounter5,drift,seed20,260,3423.757575757576
hpmcounter5,drift,seed20,261,3426.836363636364
hpmcounter5,drift,seed20,262,3407.909090909091
hpmcounter5,drift,seed20,263,3386.9333333333334
hpmcounter5,drift,seed20,264,3368.3636363636365
hpmcounter5,drift,seed20,265,3355.430303030303
hpmcounter5,drift,seed20,266,3350.7090909090907
hpmcounter5,drift,seed20,267,3337.490909090909
hpmcounter5,drift,seed20,268,3314.10303030303
hpmcounter5,drift,seed20,269,3284.2
hpmcounter5,drift,seed20,270,3266.539393939394
hpmcounter5,drift,seed20,271,3263.848484848485
hpmcounter5,drift,seed20,272,3259.224242424242
hpmcounter5,drift,seed20,273,3256.357575757576
hpmcounter5,drift,seed20,274,3255.242424242424
hpmcounter5,drift,seed20,275,3254.721212121212
hpmcounter5,drift,seed20,276,3255.1151515151514
hpmcounter5,drift,seed20,277,3254.860606060606
hpmcounter5,drift,seed20,278,3252.957575757576
hpmcounter5,drift,seed20,279,3250.6848484848483
hpmcounter5,drift,seed20,280,3249.181818181818
hpmcounter5,drift,seed20,281,3249.818181818182
hpmcounter5,drift,seed20,282,3249.3515151515153
hpmcounter5,drift,seed20,283,3252.2848484848487
hpmcounter5,drift,seed20,284,3258.1575757575756
hpmcounter5,drift,seed20,285,3263.369696969697
hpmcounter5,drift,seed20,286,3267.7939393939396
hpmcounter5,drift,seed20,287,3269.3757575757577
hpmcounter5,drift,seed20,288,3269.890909090909
hpmcounter5,drift,seed20,289,3268.309090909091
hpmcounter5,drift,seed20,290,3265.3333333333335
hpmcounter5,drift,seed20,291,3264.0666666666666
hpmcounter5,drift,seed20,292,3264.2909090909093
hpmcounter5,drift,seed20,293,3264.8121212121214
hpmcounter5,drift,seed20,294,3266.1454545454544
hpmcounter5,drift,seed20,295,3267.0242424242424
hpmcounter5,drift,seed20,296,3265.775757575758
hpmcounter5,drift,seed20,297,3265.042424242424
hpmcounter5,drift,seed20,298,3264.7090909090907
hpmcounter5,drift,seed3,9,3255.6969696969695
hpmcounter5,drift,seed3,10,3253.3939393939395
hpmcounter5,drift,seed3,11,3250.3212121212123
hpmcounter5,drift,seed3,12,3249.3333333333335
hpmcounter5,drift,seed3,13,3247.848484848485
hpmcounter5,drift,seed3,14,3246.7939393939396
hpmcounter5,drift,seed3,15,3246.490909090909
hpmcounter5,drift,seed3,16,3247.6787878787877
hpmcounter5,drift,seed3,17,3250.5030303030303
hpmcounter5,drift,seed3,18,3254.7272727272725
hpmcounter5,drift,seed3,19,3261.0363636363636
hpmcounter5,drift,seed3,20,3279.3818181818183
hpmcounter5,drift,seed3,21,3293.0848484848484
hpmcounter5,drift,seed3,22,3302.7272727272725
hpmcounter5,drift,seed3,23,3321.775757575758
hpmcounter5,drift,seed3,24,3332.927272727273
hpmcounter5,drift,seed3,25,3350.0666666666666
hpmcounter5,drift,seed3,26,3355.878787878788
hpmcounter5,drift,seed3,27,3352.3212121212123
hpmcounter5,drift,seed3,28,3341.193939393939
hpmcounter5,drift,seed3,29,3325.0666666666666
hpmcounter5,drift,seed3,30,3316.660606060606
hpmcounter5,drift,seed3,31,3303.4363636363637
hpmcounter5,drift,seed3,32,3285.818181818182
hpmcounter5,drift,seed3,33,3280.987878787879
hpmcounter5,drift,seed3,34,3268.1757575757574
hpmcounter5,drift,seed3,35,3267.2727272727275
hpmcounter5,drift,seed3,36,3267.357575757576
hpmcounter5,drift,seed3,37,3264.6787878787877
hpmcounter5,drift,seed3,38,3261.4121212121213
hpmcounter5,drift,seed3,39,3262.4121212121213
hpmcounter5,drift,seed3,40,3260.2727272727275
hpmcounter5,drift,seed3,41,3258.6
hpmcounter5,drift,seed3,42,3257.0545454545454
hpmcounter5,drift,seed3,43,3256.836363636364
hpmcounter5,drift,seed3,44,3254.721212121212
hpmcounter5,drift,seed3,45,3249.8727272727274
hpmcounter5,drift,seed3,46,3248.921212121212
hpmcounter5,drift,seed3,47,3248.266666666667
hpmcounter5,drift,seed3,48,3248.9454545454546
hpmcounter5,drift,seed3,49,3254.70303030303
hpmcounter5,drift,seed3,50,3258.060606060606
hpmcounter5,drift,seed3,51,3262.030303030303
hpmcounter5,drift,seed3,52,3265.806060606061
hpmcounter5,drift,seed3,53,3269.848484848485
hpmcounter5,drift,seed3,54,3272.151515151515
hpmcounter5,drift,seed3,55,3275.3454545454547
hpmcounter5,drift,seed3,56,3276.9333333333334
hpmcounter5,drift,seed3,57,3276.6363636363635
hpmcounter5,drift,seed3,58,3278.5030303030303
hpmcounter5,drift,seed3,59,3278.866666666667
hpmcounter5,drift,seed3,60,3276.5939393939393
hpmcounter5,drift,seed3,61,3272.5272727272727
hpmcounter5,drift,seed3,62,3270.10303030303
hpmcounter5,drift,seed3,63,3267.3818181818183
hpmcounter5,drift,seed3,64,3263.7090909090907
hpmcounter5,drift,seed3,65,3262.224242424242
hpmcounter5,drift,seed3,66,3260.133333333333
hpmcounter5,drift,seed3,67,3255.4
hpmcounter5,drift,seed3,68,3254.0545454545454
hpmcounter5,drift,seed3,69,3251.3939393939395
hpmcounter5,drift,seed3,70,3248.4666666666667
hpmcounter5,drift,seed3,71,3246.2484848484846
hpmcounter5,drift,seed3,72,3246.7939393939396
hpmcounter5,drift,seed3,73,3248.0545454545454
hpmcounter5,drift,seed3,74,3251.8848484848486
hpmcounter5,drift,seed3,75,3253.8
hpmcounter5,drift,seed3,76,3254.8242424242426
hpmcounter5,drift,seed3,77,3252.909090909091
hpmcounter5,drift,seed3,78,3252.642424242424
hpmcounter5,drift,seed3,79,3249.769696969697
hpmcounter5,drift,seed3,80,3246.690909090909
hpmcounter5,drift,seed3,81,3244.0545454545454
hpmcounter5,drift,seed3,82,3243.3939393939395
hpmcounter5,drift,seed3,83,3244.3939393939395
hpmcounter5,drift,seed3,84,3248.6060606060605
hpmcounter5,drift,seed3,85,3253.969696969697
hpmcounter5,drift,seed3,86,3259.3515151515153
hpmcounter5,drift,seed3,87,3261.10303030303
hpmcounter5,drift,seed3,88,3262.7515151515154
hpmcounter5,drift,seed3,89,3262.139393939394
hpmcounter5,drift,seed3,90,3260.460606060606
hpmcounter5,drift,seed3,91,3259.4727272727273
hpmcounter5,drift,seed3,92,3258.1575757575756
hpmcounter5,drift,seed3,93,3255.1454545454544
hpmcounter5,drift,seed3,94,3249.2545454545457
hpmcounter5,drift,seed3,95,3247.4363636363637
hpmcounter5,drift,seed3,96,3247.030303030303
hpmcounter5,drift,seed3,97,3247.042424242424
hpmcounter5,drift,seed3,98,3246.8242424242426
hpmcounter5,drift,seed3,99,3247.969696969697
hpmcounter5,drift,seed3,100,3247.2
hpmcounter5,drift,seed3,101,3249.0666666666666
hpmcounter5,drift,seed3,102,3251.0363636363636
hpmcounter5,drift,seed3,103,3253.987878787879
hpmcounter5,drift,seed3,104,3256.121212121212
hpmcounter5,drift,seed3,105,3259.369696969697
hpmcounter5,drift,seed3,106,3261.6363636363635
hpmcounter5,drift,seed3,107,3267.7454545454543
hpmcounter5,drift,seed3,108,3272.6242424242423
hpmcounter5,drift,seed3,109,3276.6060606060605
hpmcounter5,drift,seed3,110,3279.3757575757577
hpmcounter5,drift,seed3,111,3280.9333333333334
hpmcounter5,drift,seed3,112,3278.569696969697
hpmcounter5,drift,seed3,113,3274.7636363636366
hpmcounter5,drift,seed3,114,3273.3030303030305
hpmcounter5,drift,seed3,115,3270.6969696969695
hpmcounter5,drift,seed3,116,3263.387878787879
hpmcounter5,drift,seed3,117,3259.121212121212
hpmcounter5,drift,seed3,118,3253.0969696969696
hpmcounter5,drift,seed3,119,3244.6242424242423
hpmcounter5,drift,seed3,120,3240.630303030303
hpmcounter5,drift,seed3,121,3239.10303030303
hpmcounter5,drift,seed3,122,3236.4242424242425
hpmcounter5,drift,seed3,123,3234.4666666666667
hpmcounter5,drift,seed3,124,3234.163636363636
hpmcounter5,drift,seed3,125,3238.4848484848485
hpmcounter5,drift,seed3,126,3239.5151515151515
hpmcounter5,drift,seed3,127,3242.6484848484847
hpmcounter5,drift,seed3,128,3245.4545454545455
hpmcounter5,drift,seed3,129,3245.1272727272726
hpmcounter5,drift,seed3,130,3246.327272727273
hpmcounter5,drift,seed3,131,3248.9939393939394
hpmcounter5,drift,seed3,132,3267.6545454545453
hpmcounter5,drift,seed3,133,3284.224242424242
hpmcounter5,drift,seed3,134,3296.8
hpmcounter5,drift,seed3,135,3307.860606060606
hpmcounter5,drift,seed3,136,3314.6848484848483
hpmcounter5,drift,seed3,137,3331.8545454545456
hpmcounter5,drift,seed3,138,3341.8727272727274
hpmcounter5,drift,seed3,139,3339.8
hpmcounter5,drift,seed3,140,3326.866666666667
hpmcounter5,drift,seed3,141,3305.078787878788
hpmcounter5,drift,seed3,142,3296.357575757576
hpmcounter5,drift,seed3,143,3285.642424242424
hpmcounter5,drift,seed3,144,3272.5939393939393
hpmcounter5,drift,seed3,145,3258.660606060606
hpmcounter5,drift,seed3,146,3243.6484848484847
hpmcounter5,drift,seed3,147,3244.3151515151517
hpmcounter5,drift,seed3,148,3246.951515151515
hpmcounter5,drift,seed3,149,3249.309090909091
hpmcounter5,drift,seed3,150,3251.430303030303
hpmcounter5,drift,seed3,151,3253.29696969697
hpmcounter5,drift,seed3,152,3254.951515151515
hpmcounter5,drift,seed3,153,3255.806060606061
hpmcounter5,drift,seed3,154,3255.672727272727
hpmcounter5,drift,seed3,155,3255.5939393939393
hpmcounter5,drift,seed3,156,3256.6
hpmcounter5,drift,seed3,157,3255.9757575757576
hpmcounter5,drift,seed3,158,3256.418181818182
hpmcounter5,drift,seed3,159,3258.757575757576
hpmcounter5,drift,seed3,160,3261.848484848485
hpmcounter5,drift,seed3,161,3267.4
hpmcounter5,drift,seed3,162,3272.1454545454544
hpmcounter5,drift,seed3,163,3273.5272727272727
hpmcounter5,drift,seed3,164,3274.2484848484846
hpmcounter5,drift,seed3,165,3272.806060606061
hpmcounter5,drift,seed3,166,3270.0
hpmcounter5,drift,seed3,167,3265.1878787878786
hpmcounter5,drift,seed3,168,3277.4545454545455
hpmcounter5,drift,seed3,169,3301.4
hpmcounter5,drift,seed3,170,3334.818181818182
hpmcounter5,drift,seed3,171,3375.7090909090907
hpmcounter5,drift,seed3,172,3418.7454545454543
hpmcounter5,drift,seed3,173,3457.2848484848487
hpmcounter5,drift,seed3,174,3492.630303030303
hpmcounter5,drift,seed3,175,3520.163636363636
hpmcounter5,drift,seed3,176,3518.890909090909
hpmcounter5,drift,seed3,177,3491.0545454545454
hpmcounter5,drift,seed3,178,3456.4727272727273
hpmcounter5,drift,seed3,179,3415.769696969697
hpmcounter5,drift,seed3,180,3374.8121212121214
hpmcounter5,drift,seed3,181,3350.121212121212
hpmcounter5,drift,seed3,182,3326.0848484848484
hpmcounter5,drift,seed3,183,3306.1575757575756
hpmcounter5,drift,seed3,184,3296.0060606060606
hpmcounter5,drift,seed3,185,3296.121212121212
hpmcounter5,drift,seed3,186,3308.9030303030304
hpmcounter5,drift,seed3,187,3332.9636363636364
hpmcounter5,drift,seed3,188,3344.5939393939393
hpmcounter5,drift,seed3,189,3361.5757575757575
hpmcounter5,drift,seed3,190,3366.612121212121
hpmcounter5,drift,seed3,191,3373.6484848484847
hpmcounter5,drift,seed3,192,3369.387878787879
hpmcounter5,drift,seed3,193,3355.018181818182
hpmcounter5,drift,seed3,194,3332.0060606060606
hpmcounter5,drift,seed3,195,3299.0969696969696
hpmcounter5,drift,seed3,196,3273.2606060606063
hpmcounter5,drift,seed3,197,3263.121212121212
hpmcounter5,drift,seed3,198,3249.060606060606
hpmcounter5,drift,seed3,199,3248.478787878788
hpmcounter5,drift,seed3,200,3249.2606060606063
hpmcounter5,drift,seed3,201,3250.10303030303
hpmcounter5,drift,seed3,202,3251.7515151515154
hpmcounter5,drift,seed3,203,3253.3515151515153
hpmcounter5,drift,seed3,204,3255.369696969697
hpmcounter5,drift,seed3,205,3258.6060606060605
hpmcounter5,drift,seed3,206,3259.212121212121
hpmcounter5,drift,seed3,207,3259.2181818181816
hpmcounter5,drift,seed3,208,3261.939393939394
hpmcounter5,drift,seed3,209,3260.7393939393937
hpmcounter5,drift,seed3,210,3256.866666666667
hpmcounter5,drift,seed3,211,3254.4060606060607
hpmcounter5,drift,seed3,212,3252.418181818182
hpmcounter5,drift,seed3,213,3250.242424242424
hpmcounter5,drift,seed3,214,3247.387878787879
hpmcounter5,drift,seed3,215,3245.3818181818183
hpmcounter5,drift,seed3,216,3246.1757575757574
hpmcounter5,drift,seed3,217,3246.012121212121
hpmcounter5,drift,seed3,218,3247.6484848484847
hpmcounter5,drift,seed3,219,3250.5151515151515
hpmcounter5,drift,seed3,220,3251.951515151515
hpmcounter5,drift,seed3,221,3253.4727272727273
hpmcounter5,drift,seed3,222,3258.6484848484847
hpmcounter5,drift,seed3,223,3262.3818181818183
hpmcounter5,drift,seed3,224,3263.048484848485
hpmcounter5,drift,seed3,225,3262.0060606060606
hpmcounter5,drift,seed3,226,3260.848484848485
hpmcounter5,drift,seed3,227,3260.4424242424243
hpmcounter5,drift,seed3,228,3258.6484848484847
hpmcounter5,drift,seed3,229,3257.6242424242423
hpmcounter5,drift,seed3,230,3256.612121212121
hpmcounter5,drift,seed3,231,3254.690909090909
hpmcounter5,drift,seed3,232,3255.29696969697
hpmcounter5,drift,seed3,233,3257.4666666666667
hpmcounter5,drift,seed3,234,3258.660606060606
hpmcounter5,drift,seed3,235,3257.7272727272725
hpmcounter5,drift,seed3,236,3255.939393939394
hpmcounter5,drift,seed3,237,3254.6181818181817
hpmcounter5,drift,seed3,238,3254.7393939393937
hpmcounter5,drift,seed3,239,3255.2484848484846
hpmcounter5,drift,seed3,240,3256.0
hpmcounter5,drift,seed3,241,3257.0848484848484
hpmcounter5,drift,seed3,242,3257.8727272727274
hpmcounter5,drift,seed3,243,3258.6
hpmcounter5,drift,seed3,244,3258.418181818182
hpmcounter5,drift,seed3,245,3258.0060606060606
hpmcounter5,drift,seed3,246,3260.4242424242425
hpmcounter5,drift,seed3,247,3260.787878787879
hpmcounter5,drift,seed3,248,3259.8121212121214
hpmcounter5,drift,seed3,249,3258.6181818181817
hpmcounter5,drift,seed3,250,3255.981818181818
hpmcounter5,drift,seed3,251,3252.8727272727274
hpmcounter5,drift,seed3,252,3251.418181818182
hpmcounter5,drift,seed3,253,3247.5454545454545
hpmcounter5,drift,seed3,254,3244.430303030303
hpmcounter5,drift,seed3,255,3243.7818181818184
hpmcounter5,drift,seed3,256,3245.642424242424
hpmcounter5,drift,seed3,257,3248.4969696969697
hpmcounter5,drift,seed3,258,3251.8242424242426
hpmcounter5,drift,seed3,259,3254.4121212121213
hpmcounter5,drift,seed3,260,3257.460606060606
hpmcounter5,drift,seed3,261,3262.339393939394
hpmcounter5,drift,seed3,262,3267.4242424242425
hpmcounter5,drift,seed3,263,3268.2909090909093
hpmcounter5,drift,seed3,264,3269.3939393939395
hpmcounter5,drift,seed3,265,3269.3454545454547
hpmcounter5,drift,seed3,266,3267.6787878787877
hpmcounter5,drift,seed3,267,3264.0545454545454
hpmcounter5,drift,seed3,268,3258.4727272727273
hpmcounter5,drift,seed3,269,3252.2363636363634
hpmcounter5,drift,seed3,270,3247.266666666667
hpmcounter5,drift,seed3,271,3246.8242424242426
hpmcounter5,drift,seed3,272,3249.327272727273
hpmcounter5,drift,seed3,273,3251.3212121212123
hpmcounter5,drift,seed3,274,3256.5939393939393
hpmcounter5,drift,seed3,275,3259.5878787878787
hpmcounter5,drift,seed3,276,3262.951515151515
hpmcounter5,drift,seed3,277,3265.6969696969695
hpmcounter5,drift,seed3,278,3263.939393939394
hpmcounter5,drift,seed3,279,3261.1575757575756
hpmcounter5,drift,seed3,280,3259.1757575757574
hpmcounter5,drift,seed3,281,3257.4848484848485
hpmcounter5,drift,seed3,282,3259.018181818182
hpmcounter5,drift,seed3,283,3258.539393939394
hpmcounter5,drift,seed3,284,3258.6545454545453
hpmcounter5,drift,seed3,285,3256.818181818182
hpmcounter5,drift,seed3,286,3256.6060606060605
hpmcounter5,drift,seed3,287,3258.509090909091
hpmcounter5,drift,seed3,288,3258.4121212121213
hpmcounter5,drift,seed3,289,3256.581818181818
hpmcounter5,drift,seed3,290,3258.1878787878786
hpmcounter5,drift,seed3,291,3260.418181818182
hpmcounter5,drift,seed3,292,3264.163636363636
hpmcounter5,drift,seed3,293,3265.6666666666665
hpmcounter5,drift,seed3,294,3265.1454545454544
hpmcounter5,drift,seed3,295,3261.642424242424
hpmcounter5,drift,seed3,296,3257.866666666667
hpmcounter5,drift,seed3,297,3256.2484848484846
hpmcounter5,drift,seed3,298,3254.8121212121214
hpmcounter5,drift,seed4,9,3256.769696969697
hpmcounter5,drift,seed4,10,3250.9757575757576
hpmcounter5,drift,seed4,11,3246.927272727273
hpmcounter5,drift,seed4,12,3245.3212121212123
hpmcounter5,drift,seed4,13,3242.0666666666666
hpmcounter5,drift,seed4,14,3240.1151515151514
hpmcounter5,drift,seed4,15,3240.3030303030305
hpmcounter5,drift,seed4,16,3239.048484848485
hpmcounter5,drift,seed4,17,3240.2848484848487
hpmcounter5,drift,seed4,18,3245.6
hpmcounter5,drift,seed4,19,3254.018181818182
hpmcounter5,drift,seed4,20,3261.090909090909
hpmcounter5,drift,seed4,21,3266.0363636363636
hpmcounter5,drift,seed4,22,3270.3454545454547
hpmcounter5,drift,seed4,23,3272.2
hpmcounter5,drift,seed4,24,3272.3757575757577
hpmcounter5,drift,seed4,25,3268.0666666666666
hpmcounter5,drift,seed4,26,3259.927272727273
hpmcounter5,drift,seed4,27,3252.2909090909093
hpmcounter5,drift,seed4,28,3246.6969696969695
hpmcounter5,drift,seed4,29,3247.757575757576
hpmcounter5,drift,seed4,30,3251.7393939393937
hpmcounter5,drift,seed4,31,3255.10303030303
hpmcounter5,drift,seed4,32,3257.012121212121
hpmcounter5,drift,seed4,33,3258.612121212121
hpmcounter5,drift,seed4,34,3261.4121212121213
hpmcounter5,drift,seed4,35,3260.0969696969696
hpmcounter5,drift,seed4,36,3257.6545454545453
hpmcounter5,drift,seed4,37,3254.890909090909
hpmcounter5,drift,seed4,38,3250.5878787878787
hpmcounter5,drift,seed4,39,3247.6545454545453
hpmcounter5,drift,seed4,40,3247.818181818182
hpmcounter5,drift,seed4,41,3251.4545454545455
hpmcounter5,drift,seed4,42,3253.2181818181816
hpmcounter5,drift,seed4,43,3255.3939393939395
hpmcounter5,drift,seed4,44,3257.012121212121
hpmcounter5,drift,seed4,45,3256.151515151515
hpmcounter5,drift,seed4,46,3257.860606060606
hpmcounter5,drift,seed4,47,3262.090909090909
hpmcounter5,drift,seed4,48,3266.3212121212123
hpmcounter5,drift,seed4,49,3266.7939393939396
hpmcounter5,drift,seed4,50,3267.460606060606
hpmcounter5,drift,seed4,51,3268.2363636363634
hpmcounter5,drift,seed4,52,3267.3454545454547
hpmcounter5,drift,seed4,53,3268.072727272727
hpmcounter5,drift,seed4,54,3266.1272727272726
hpmcounter5,drift,seed4,55,3262.2060606060604
hpmcounter5,drift,seed4,56,3258.1151515151514
hpmcounter5,drift,seed4,57,3257.266666666667
hpmcounter5,drift,seed4,58,3259.6787878787877
hpmcounter5,drift,seed4,59,3259.7454545454543
hpmcounter5,drift,seed4,60,3262.521212121212
hpmcounter5,drift,seed4,61,3264.357575757576
hpmcounter5,drift,seed4,62,3262.5151515151515
hpmcounter5,drift,seed4,63,3260.9151515151516
hpmcounter5,drift,seed4,64,3261.6363636363635
hpmcounter5,drift,seed4,65,3261.0545454545454
hpmcounter5,drift,seed4,66,3257.4121212121213
hpmcounter5,drift,seed4,67,3257.193939393939
hpmcounter5,drift,seed4,68,3260.072727272727
hpmcounter5,drift,seed4,69,3263.151515151515
hpmcounter5,drift,seed4,70,3264.818181818182
hpmcounter5,drift,seed4,71,3265.2545454545457
hpmcounter5,drift,seed4,72,3263.327272727273
hpmcounter5,drift,seed4,73,3258.5636363636363
hpmcounter5,drift,seed4,74,3257.4060606060607
hpmcounter5,drift,seed4,75,3254.642424242424
hpmcounter5,drift,seed4,76,3250.5878787878787
hpmcounter5,drift,seed4,77,3247.909090909091
hpmcounter5,drift,seed4,78,3249.5757575757575
hpmcounter5,drift,seed4,79,3253.3454545454547
hpmcounter5,drift,seed4,80,3257.278787878788
hpmcounter5,drift,seed4,81,3257.8242424242426
hpmcounter5,drift,seed4,82,3260.9151515151516
hpmcounter5,drift,seed4,83,3260.878787878788
hpmcounter5,drift,seed4,84,3262.0969696969696
hpmcounter5,drift,seed4,85,3261.4424242424243
hpmcounter5,drift,seed4,86,3260.551515151515
hpmcounter5,drift,seed4,87,3256.612121212121
hpmcounter5,drift,seed4,88,3256.163636363636
hpmcounter5,drift,seed4,89,3253.8242424242426
hpmcounter5,drift,seed4,90,3254.509090909091
hpmcounter5,drift,seed4,91,3251.078787878788
hpmcounter5,drift,seed4,92,3250.018181818182
hpmcounter5,drift,seed4,93,3252.0
hpmcounter5,drift,seed4,94,3256.6242424242423
hpmcounter5,drift,seed4,95,3261.048484848485
hpmcounter5,drift,seed4,96,3264.3212121212123
hpmcounter5,drift,seed4,97,3265.181818181818
hpmcounter5,drift,seed4,98,3266.3151515151517
hpmcounter5,drift,seed4,99,3266.642424242424
hpmcounter5,drift,seed4,100,3267.9636363636364
hpmcounter5,drift,seed4,101,3264.139393939394
hpmcounter5,drift,seed4,102,3258.890909090909
hpmcounter5,drift,seed4,103,3255.2727272727275
hpmcounter5,drift,seed4,104,3255.848484848485
hpmcounter5,drift,seed4,105,3255.460606060606
hpmcounter5,drift,seed4,106,3254.357575757576
hpmcounter5,drift,seed4,107,3253.6787878787877
hpmcounter5,drift,seed4,108,3253.3757575757577
hpmcounter5,drift,seed4,109,3255.5030303030303
hpmcounter5,drift,seed4,110,3258.0969696969696
hpmcounter5,drift,seed4,111,3258.7151515151513
hpmcounter5,drift,seed4,112,3258.9636363636364
hpmcounter5,drift,seed4,113,3259.139393939394
hpmcounter5,drift,seed4,114,3263.169696969697
hpmcounter5,drift,seed4,115,3263.5878787878787
hpmcounter5,drift,seed4,116,3277.818181818182
hpmcounter5,drift,seed4,117,3305.3818181818183
hpmcounter5,drift,seed4,118,3324.551515151515
hpmcounter5,drift,seed4,119,3339.521212121212
hpmcounter5,drift,seed4,120,3347.690909090909
hpmcounter5,drift,seed4,121,3347.4545454545455
hpmcounter5,drift,seed4,122,3341.387878787879
hpmcounter5,drift,seed4,123,3345.0242424242424
hpmcounter5,drift,seed4,124,3339.151515151515
hpmcounter5,drift,seed4,125,3319.818181818182
hpmcounter5,drift,seed4,126,3308.6363636363635
hpmcounter5,drift,seed4,127,3311.0
hpmcounter5,drift,seed4,128,3308.3515151515153
hpmcounter5,drift,seed4,129,3301.6181818181817
hpmcounter5,drift,seed4,130,3291.539393939394
hpmcounter5,drift,seed4,131,3276.121212121212
hpmcounter5,drift,seed4,132,3260.0363636363636
hpmcounter5,drift,seed4,133,3258.460606060606
hpmcounter5,drift,seed4,134,3258.939393939394
hpmcounter5,drift,seed4,135,3257.266666666667
hpmcounter5,drift,seed4,136,3259.1272727272726
hpmcounter5,drift,seed4,137,3259.878787878788
hpmcounter5,drift,seed4,138,3261.163636363636
hpmcounter5,drift,seed4,139,3260.6666666666665
hpmcounter5,drift,seed4,140,3259.030303030303
hpmcounter5,drift,seed4,141,3259.6848484848483
hpmcounter5,drift,seed4,142,3261.0969696969696
hpmcounter5,drift,seed4,143,3258.6
hpmcounter5,drift,seed4,144,3257.387878787879
hpmcounter5,drift,seed4,145,3254.10303030303
hpmcounter5,drift,seed4,146,3255.7939393939396
hpmcounter5,drift,seed4,147,3255.7272727272725
hpmcounter5,drift,seed4,148,3256.090909090909
hpmcounter5,drift,seed4,149,3253.9454545454546
hpmcounter5,drift,seed4,150,3253.5151515151515
hpmcounter5,drift,seed4,151,3256.266666666667
hpmcounter5,drift,seed4,152,3257.3212121212123
hpmcounter5,drift,seed4,153,3260.0363636363636
hpmcounter5,drift,seed4,154,3259.6848484848483
hpmcounter5,drift,seed4,155,3257.721212121212
hpmcounter5,drift,seed4,156,3257.9151515151516
hpmcounter5,drift,seed4,157,3256.6060606060605
hpmcounter5,drift,seed4,158,3257.2727272727275
hpmcounter5,drift,seed4,159,3256.0969696969696
hpmcounter5,drift,seed4,160,3258.224242424242
hpmcounter5,drift,seed4,161,3260.8121212121214
hpmcounter5,drift,seed4,162,3262.3454545454547
hpmcounter5,drift,seed4,163,3283.030303030303
hpmcounter5,drift,seed4,164,3313.2606060606063
hpmcounter5,drift,seed4,165,3351.509090909091
hpmcounter5,drift,seed4,166,3394.6363636363635
hpmcounter5,drift,seed4,167,3437.3030303030305
hpmcounter5,drift,seed4,168,3476.757575757576
hpmcounter5,drift,seed4,169,3496.430303030303
hpmcounter5,drift,seed4,170,3493.612121212121
hpmcounter5,drift,seed4,171,3485.581818181818
hpmcounter5,drift,seed4,172,3468.8424242424244
hpmcounter5,drift,seed4,173,3460.6181818181817
hpmcounter5,drift,seed4,174,3446.775757575758
hpmcounter5,drift,seed4,175,3425.212121212121
hpmcounter5,drift,seed4,176,3401.921212121212
hpmcounter5,drift,seed4,177,3383.4727272727273
hpmcounter5,drift,seed4,178,3369.387878787879
hpmcounter5,drift,seed4,179,3346.1151515151514
hpmcounter5,drift,seed4,180,3309.1575757575756
hpmcounter5,drift,seed4,181,3279.3636363636365
hpmcounter5,drift,seed4,182,3259.4121212121213
hpmcounter5,drift,seed4,183,3253.151515151515
hpmcounter5,drift,seed4,184,3250.836363636364
hpmcounter5,drift,seed4,185,3247.5636363636363
hpmcounter5,drift,seed4,186,3243.4727272727273
hpmcounter5,drift,seed4,187,3243.8
hpmcounter5,drift,seed4,188,3246.6545454545453
hpmcounter5,drift,seed4,189,3250.072727272727
hpmcounter5,drift,seed4,190,3255.0969696969696
hpmcounter5,drift,seed4,191,3260.4848484848485
hpmcounter5,drift,seed4,192,3262.242424242424
hpmcounter5,drift,seed4,193,3259.2909090909093
hpmcounter5,drift,seed4,194,3255.969696969697
hpmcounter5,drift,seed4,195,3254.2545454545457
hpmcounter5,drift,seed4,196,3250.6060606060605
hpmcounter5,drift,seed4,197,3248.387878787879
hpmcounter5,drift,seed4,198,3247.4121212121213
hpmcounter5,drift,seed4,199,3246.2848484848487
hpmcounter5,drift,seed4,200,3247.0060606060606
hpmcounter5,drift,seed4,201,3248.29696969697
hpmcounter5,drift,seed4,202,3250.860606060606
hpmcounter5,drift,seed4,203,3250.072727272727
hpmcounter5,drift,seed4,204,3248.5333333333333
hpmcounter5,drift,seed4,205,3249.981818181818
hpmcounter5,drift,seed4,206,3248.957575757576
hpmcounter5,drift,seed4,207,3248.10303030303
hpmcounter5,drift,seed4,208,3247.2060606060604
hpmcounter5,drift,seed4,209,3247.981818181818
hpmcounter5,drift,seed4,210,3249.6060606060605
hpmcounter5,drift,seed4,211,3252.1454545454544
hpmcounter5,drift,seed4,212,3256.448484848485
hpmcounter5,drift,seed4,213,3257.357575757576
hpmcounter5,drift,seed4,214,3256.2606060606063
hpmcounter5,drift,seed4,215,3257.030303030303
hpmcounter5,drift,seed4,216,3258.018181818182
hpmcounter5,drift,seed4,217,3257.3333333333335
hpmcounter5,drift,seed4,218,3254.0969696969696
hpmcounter5,drift,seed4,219,3251.2181818181816
hpmcounter5,drift,seed4,220,3249.3212121212123
hpmcounter5,drift,seed4,221,3253.048484848485
hpmcounter5,drift,seed4,222,3258.9333333333334
hpmcounter5,drift,seed4,223,3260.909090909091
hpmcounter5,drift,seed4,224,3259.6787878787877
hpmcounter5,drift,seed4,225,3258.030303030303
hpmcounter5,drift,seed4,226,3256.169696969697
hpmcounter5,drift,seed4,227,3256.818181818182
hpmcounter5,drift,seed4,228,3254.957575757576
hpmcounter5,drift,seed4,229,3250.327272727273
hpmcounter5,drift,seed4,230,3245.775757575758
hpmcounter5,drift,seed4,231,3243.6787878787877
hpmcounter5,drift,seed4,232,3247.309090909091
hpmcounter5,drift,seed4,233,3252.89696969697
hpmcounter5,drift,seed4,234,3257.6363636363635
hpmcounter5,drift,seed4,235,3261.1454545454544
hpmcounter5,drift,seed4,236,3260.70303030303
hpmcounter5,drift,seed4,237,3262.8
hpmcounter5,drift,seed4,238,3264.6060606060605
hpmcounter5,drift,seed4,239,3262.5030303030303
hpmcounter5,drift,seed4,240,3259.690909090909
hpmcounter5,drift,seed4,241,3256.6363636363635
hpmcounter5,drift,seed4,242,3252.357575757576
hpmcounter5,drift,seed4,243,3250.4060606060607
hpmcounter5,drift,seed4,244,3252.133333333333
hpmcounter5,drift,seed4,245,3253.6545454545453
hpmcounter5,drift,seed4,246,3254.89696969697
hpmcounter5,drift,seed4,247,3255.4666666666667
hpmcounter5,drift,seed4,248,3258.660606060606
hpmcounter5,drift,seed4,249,3260.5939393939393
hpmcounter5,drift,seed4,250,3262.5151515151515
hpmcounter5,drift,seed4,251,3266.8242424242426
hpmcounter5,drift,seed4,252,3268.836363636364
hpmcounter5,drift,seed4,253,3268.060606060606
hpmcounter5,drift,seed4,254,3266.1272727272726
hpmcounter5,drift,seed4,255,3264.660606060606
hpmcounter5,drift,seed4,256,3262.10303030303
hpmcounter5,drift,seed4,257,3258.0545454545454
hpmcounter5,drift,seed4,258,3256.2606060606063
hpmcounter5,drift,seed4,259,3256.4121212121213
hpmcounter5,drift,seed4,260,3256.3333333333335
hpmcounter5,drift,seed4,261,3257.5636363636363
hpmcounter5,drift,seed4,262,3262.6969696969695
hpmcounter5,drift,seed4,263,3269.7272727272725
hpmcounter5,drift,seed4,264,3271.757575757576
hpmcounter5,drift,seed4,265,3277.078787878788
hpmcounter5,drift,seed4,266,3278.6666666666665
hpmcounter5,drift,seed4,267,3295.8545454545456
hpmcounter5,drift,seed4,268,3323.630303030303
hpmcounter5,drift,seed4,269,3357.1151515151514
hpmcounter5,drift,seed4,270,3393.3333333333335
hpmcounter5,drift,seed4,271,3430.181818181818
hpmcounter5,drift,seed4,272,3450.5151515151515
hpmcounter5,drift,seed4,273,3457.5151515151515
hpmcounter5,drift,seed4,274,3445.775757575758
hpmcounter5,drift,seed4,275,3419.012121212121
hpmcounter5,drift,seed4,276,3374.9939393939394
hpmcounter5,drift,seed4,277,3334.8242424242426
hpmcounter5,drift,seed4,278,3301.521212121212
hpmcounter5,drift,seed4,279,3274.981818181818
hpmcounter5,drift,seed4,280,3260.2606060606063
hpmcounter5,drift,seed4,281,3263.0969696969696
hpmcounter5,drift,seed4,282,3264.9454545454546
hpmcounter5,drift,seed4,283,3267.109090909091
hpmcounter5,drift,seed4,284,3267.2
hpmcounter5,drift,seed4,285,3267.7454545454543
hpmcounter5,drift,seed4,286,3267.430303030303
hpmcounter5,drift,seed4,287,3264.5939393939393
hpmcounter5,drift,seed4,288,3260.660606060606
hpmcounter5,drift,seed4,289,3256.769696969697
hpmcounter5,drift,seed4,290,3253.5151515151515
hpmcounter5,drift,seed4,291,3254.4242424242425
hpmcounter5,drift,seed4,292,3256.690909090909
hpmcounter5,drift,seed4,293,3257.5939393939393
hpmcounter5,drift,seed4,294,3255.0545454545454
hpmcounter5,drift,seed4,295,3255.3515151515153
hpmcounter5,drift,seed4,296,3254.757575757576
hpmcounter5,drift,seed4,297,3255.169696969697
hpmcounter5,drift,seed4,298,3253.733333333333
hpmcounter5,drift,seed5,9,3352.539393939394
hpmcounter5,drift,seed5,10,3338.448484848485
hpmcounter5,drift,seed5,11,3315.2181818181816
hpmcounter5,drift,seed5,12,3292.230303030303
hpmcounter5,drift,seed5,13,3270.4848484848485
hpmcounter5,drift,seed5,14,3255.7272727272725
hpmcounter5,drift,seed5,15,3255.5939393939393
hpmcounter5,drift,seed5,16,3258.2727272727275
hpmcounter5,drift,seed5,17,3260.0969696969696
hpmcounter5,drift,seed5,18,3260.757575757576
hpmcounter5,drift,seed5,19,3259.8848484848486
hpmcounter5,drift,seed5,20,3257.418181818182
hpmcounter5,drift,seed5,21,3255.89696969697
hpmcounter5,drift,seed5,22,3253.2848484848487
hpmcounter5,drift,seed5,23,3252.3818181818183
hpmcounter5,drift,seed5,24,3252.969696969697
hpmcounter5,drift,seed5,25,3252.1454545454544
hpmcounter5,drift,seed5,26,3253.7515151515154
hpmcounter5,drift,seed5,27,3257.1757575757574
hpmcounter5,drift,seed5,28,3259.7151515151513
hpmcounter5,drift,seed5,29,3258.866666666667
hpmcounter5,drift,seed5,30,3272.29696969697
hpmcounter5,drift,seed5,31,3297.957575757576
hpmcounter5,drift,seed5,32,3314.29696969697
hpmcounter5,drift,seed5,33,3343.042424242424
hpmcounter5,drift,seed5,34,3380.866666666667
hpmcounter5,drift,seed5,35,3417.921212121212
hpmcounter5,drift,seed5,36,3451.212121212121
hpmcounter5,drift,seed5,37,3481.733333333333
hpmcounter5,drift,seed5,38,3488.309090909091
hpmcounter5,drift,seed5,39,3468.890909090909
hpmcounter5,drift,seed5,40,3446.521212121212
hpmcounter5,drift,seed5,41,3420.721212121212
hpmcounter5,drift,seed5,42,3394.327272727273
hpmcounter5,drift,seed5,43,3366.109090909091
hpmcounter5,drift,seed5,44,3338.181818181818
hpmcounter5,drift,seed5,45,3315.478787878788
hpmcounter5,drift,seed5,46,3300.7090909090907
hpmcounter5,drift,seed5,47,3300.6969696969695
hpmcounter5,drift,seed5,48,3297.0666666666666
hpmcounter5,drift,seed5,49,3287.4060606060607
hpmcounter5,drift,seed5,50,3277.0545454545454
hpmcounter5,drift,seed5,51,3262.339393939394
hpmcounter5,drift,seed5,52,3265.418181818182
hpmcounter5,drift,seed5,53,3264.387878787879
hpmcounter5,drift,seed5,54,3262.9454545454546
hpmcounter5,drift,seed5,55,3260.836363636364
hpmcounter5,drift,seed5,56,3257.6
hpmcounter5,drift,seed5,57,3254.630303030303
hpmcounter5,drift,seed5,58,3254.278787878788
hpmcounter5,drift,seed5,59,3269.7151515151513
hpmcounter5,drift,seed5,60,3283.5575757575757
hpmcounter5,drift,seed5,61,3311.878787878788
hpmcounter5,drift,seed5,62,3349.9636363636364
hpmcounter5,drift,seed5,63,3388.121212121212
hpmcounter5,drift,seed5,64,3428.70303030303
hpmcounter5,drift,seed5,65,3450.4666666666667
hpmcounter5,drift,seed5,66,3452.5030303030303
hpmcounter5,drift,seed5,67,3435.3333333333335
hpmcounter5,drift,seed5,68,3400.721212121212
hpmcounter5,drift,seed5,69,3369.0
hpmcounter5,drift,seed5,70,3325.5030303030303
hpmcounter5,drift,seed5,71,3290.2181818181816
hpmcounter5,drift,seed5,72,3265.0666666666666
hpmcounter5,drift,seed5,73,3253.448484848485
hpmcounter5,drift,seed5,74,3256.6363636363635
hpmcounter5,drift,seed5,75,3259.0848484848484
hpmcounter5,drift,seed5,76,3260.387878787879
hpmcounter5,drift,seed5,77,3262.078787878788
hpmcounter5,drift,seed5,78,3262.787878787879
hpmcounter5,drift,seed5,79,3263.981818181818
hpmcounter5,drift,seed5,80,3264.266666666667
hpmcounter5,drift,seed5,81,3262.9454545454546
hpmcounter5,drift,seed5,82,3258.6787878787877
hpmcounter5,drift,seed5,83,3256.460606060606
hpmcounter5,drift,seed5,84,3254.078787878788
hpmcounter5,drift,seed5,85,3252.921212121212
hpmcounter5,drift,seed5,86,3253.5151515151515
hpmcounter5,drift,seed5,87,3255.4666666666667
hpmcounter5,drift,seed5,88,3256.630303030303
hpmcounter5,drift,seed5,89,3258.927272727273
hpmcounter5,drift,seed5,90,3262.7272727272725
hpmcounter5,drift,seed5,91,3263.3212121212123
hpmcounter5,drift,seed5,92,3263.6848484848483
hpmcounter5,drift,seed5,93,3265.1575757575756
hpmcounter5,drift,seed5,94,3263.878787878788
hpmcounter5,drift,seed5,95,3261.642424242424
hpmcounter5,drift,seed5,96,3261.5151515151515
hpmcounter5,drift,seed5,97,3260.612121212121
hpmcounter5,drift,seed5,98,3260.5575757575757
hpmcounter5,drift,seed5,99,3259.2848484848487
hpmcounter5,drift,seed5,100,3260.969696969697
hpmcounter5,drift,seed5,101,3260.981818181818
hpmcounter5,drift,seed5,102,3260.7393939393937
hpmcounter5,drift,seed5,103,3262.2060606060604
hpmcounter5,drift,seed5,104,3265.266666666667
hpmcounter5,drift,seed5,105,3265.490909090909
hpmcounter5,drift,seed5,106,3263.70303030303
hpmcounter5,drift,seed5,107,3258.1878787878786
hpmcounter5,drift,seed5,108,3257.478787878788
hpmcounter5,drift,seed5,109,3258.957575757576
hpmcounter5,drift,seed5,110,3260.4363636363637
hpmcounter5,drift,seed5,111,3263.5878787878787
hpmcounter5,drift,seed5,112,3262.7818181818184
hpmcounter5,drift,seed5,113,3260.1878787878786
hpmcounter5,drift,seed5,114,3262.0545454545454
hpmcounter5,drift,seed5,115,3265.642424242424
hpmcounter5,drift,seed5,116,3268.2
hpmcounter5,drift,seed5,117,3268.0
hpmcounter5,drift,seed5,118,3269.012121212121
hpmcounter5,drift,seed5,119,3287.757575757576
hpmcounter5,drift,seed5,120,3302.4363636363637
hpmcounter5,drift,seed5,121,3314.242424242424
hpmcounter5,drift,seed5,122,3318.0242424242424
hpmcounter5,drift,seed5,123,3315.818181818182
hpmcounter5,drift,seed5,124,3308.8848484848486
hpmcounter5,drift,seed5,125,3301.018181818182
hpmcounter5,drift,seed5,126,3290.4
hpmcounter5,drift,seed5,127,3278.6181818181817
hpmcounter5,drift,seed5,128,3264.733333333333
hpmcounter5,drift,seed5,129,3265.787878787879
hpmcounter5,drift,seed5,130,3268.230303030303
hpmcounter5,drift,seed5,131,3269.6666666666665
hpmcounter5,drift,seed5,132,3269.3757575757577
hpmcounter5,drift,seed5,133,3269.1454545454544
hpmcounter5,drift,seed5,134,3267.9151515151516
hpmcounter5,drift,seed5,135,3266.9636363636364
hpmcounter5,drift,seed5,136,3264.181818181818
hpmcounter5,drift,seed5,137,3260.5636363636363
hpmcounter5,drift,seed5,138,3257.6
hpmcounter5,drift,seed5,139,3255.9151515151516
hpmcounter5,drift,seed5,140,3255.551515151515
hpmcounter5,drift,seed5,141,3254.9757575757576
hpmcounter5,drift,seed5,142,3254.3212121212123
hpmcounter5,drift,seed5,143,3253.2060606060604
hpmcounter5,drift,seed5,144,3252.1151515151514
hpmcounter5,drift,seed5,145,3253.4545454545455
hpmcounter5,drift,seed5,146,3254.4363636363637
hpmcounter5,drift,seed5,147,3255.139393939394
hpmcounter5,drift,seed5,148,3254.0060606060606
hpmcounter5,drift,seed5,149,3253.987878787879
hpmcounter5,drift,seed5,150,3253.836363636364
hpmcounter5,drift,seed5,151,3254.278787878788
hpmcounter5,drift,seed5,152,3256.4545454545455
hpmcounter5,drift,seed5,153,3256.7272727272725
hpmcounter5,drift,seed5,154,3255.630303030303
hpmcounter5,drift,seed5,155,3252.460606060606
hpmcounter5,drift,seed5,156,3248.9757575757576
hpmcounter5,drift,seed5,157,3248.987878787879
hpmcounter5,drift,seed5,158,3265.951515151515
hpmcounter5,drift,seed5,159,3277.5030303030303
hpmcounter5,drift,seed5,160,3284.9333333333334
hpmcounter5,drift,seed5,161,3304.4060606060607
hpmcounter5,drift,seed5,162,3333.612121212121
hpmcounter5,drift,seed5,163,3368.89696969697
hpmcounter5,drift,seed5,164,3405.4545454545455
hpmcounter5,drift,seed5,165,3422.70303030303
hpmcounter5,drift,seed5,166,3425.29696969697
hpmcounter5,drift,seed5,167,3413.757575757576
hpmcounter5,drift,seed5,168,3405.818181818182
hpmcounter5,drift,seed5,169,3379.4424242424243
hpmcounter5,drift,seed5,170,3337.012121212121
hpmcounter5,drift,seed5,171,3300.4242424242425
hpmcounter5,drift,seed5,172,3271.3151515151517
hpmcounter5,drift,seed5,173,3254.5030303030303
hpmcounter5,drift,seed5,174,3251.6060606060605
hpmcounter5,drift,seed5,175,3246.660606060606
hpmcounter5,drift,seed5,176,3242.5636363636363
hpmcounter5,drift,seed5,177,3242.806060606061
hpmcounter5,drift,seed5,178,3245.478787878788
hpmcounter5,drift,seed5,179,3247.4727272727273
hpmcounter5,drift,seed5,180,3249.7454545454543
hpmcounter5,drift,seed5,181,3251.8848484848486
hpmcounter5,drift,seed5,182,3255.660606060606
hpmcounter5,drift,seed5,183,3259.0545454545454
hpmcounter5,drift,seed5,184,3262.757575757576
hpmcounter5,drift,seed5,185,3264.509090909091
hpmcounter5,drift,seed5,186,3261.2909090909093
hpmcounter5,drift,seed5,187,3257.151515151515
hpmcounter5,drift,seed5,188,3254.660606060606
hpmcounter5,drift,seed5,189,3252.460606060606
hpmcounter5,drift,seed5,190,3251.266666666667
hpmcounter5,drift,seed5,191,3250.6181818181817
hpmcounter5,drift,seed5,192,3249.1575757575756
hpmcounter5,drift,seed5,193,3249.3939393939395
hpmcounter5,drift,seed5,194,3252.7454545454543
hpmcounter5,drift,seed5,195,3256.70303030303
hpmcounter5,drift,seed5,196,3260.339393939394
hpmcounter5,drift,seed5,197,3261.2606060606063
hpmcounter5,drift,seed5,198,3262.3030303030305
hpmcounter5,drift,seed5,199,3260.957575757576
hpmcounter5,drift,seed5,200,3257.2848484848487
hpmcounter5,drift,seed5,201,3256.7272727272725
hpmcounter5,drift,seed5,202,3252.866666666667
hpmcounter5,drift,seed5,203,3253.163636363636
hpmcounter5,drift,seed5,204,3255.1272727272726
hpmcounter5,drift,seed5,205,3255.078787878788
hpmcounter5,drift,seed5,206,3256.1272727272726
hpmcounter5,drift,seed5,207,3256.3939393939395
hpmcounter5,drift,seed5,208,3256.721212121212
hpmcounter5,drift,seed5,209,3258.6545454545453
hpmcounter5,drift,seed5,210,3259.2181818181816
hpmcounter5,drift,seed5,211,3261.7151515151513
hpmcounter5,drift,seed5,212,3263.3636363636365
hpmcounter5,drift,seed5,213,3266.987878787879
hpmcounter5,drift,seed5,214,3269.660606060606
hpmcounter5,drift,seed5,215,3269.224242424242
hpmcounter5,drift,seed5,216,3267.4545454545455
hpmcounter5,drift,seed5,217,3266.10303030303
hpmcounter5,drift,seed5,218,3263.521212121212
hpmcounter5,drift,seed5,219,3262.8242424242426
hpmcounter5,drift,seed5,220,3260.5272727272727
hpmcounter5,drift,seed5,221,3259.139393939394
hpmcounter5,drift,seed5,222,3258.6848484848483
hpmcounter5,drift,seed5,223,3258.3636363636365
hpmcounter5,drift,seed5,224,3256.193939393939
hpmcounter5,drift,seed5,225,3253.5030303030303
hpmcounter5,drift,seed5,226,3251.6484848484847
hpmcounter5,drift,seed5,227,3251.6
hpmcounter5,drift,seed5,228,3250.9333333333334
hpmcounter5,drift,seed5,229,3253.660606060606
hpmcounter5,drift,seed5,230,3254.490909090909
hpmcounter5,drift,seed5,231,3254.4424242424243
hpmcounter5,drift,seed5,232,3254.133333333333
hpmcounter5,drift,seed5,233,3256.1575757575756
hpmcounter5,drift,seed5,234,3255.9939393939394
hpmcounter5,drift,seed5,235,3255.775757575758
hpmcounter5,drift,seed5,236,3257.951515151515
hpmcounter5,drift,seed5,237,3257.4121212121213
hpmcounter5,drift,seed5,238,3255.509090909091
hpmcounter5,drift,seed5,239,3255.3151515151517
hpmcounter5,drift,seed5,240,3255.0848484848484
hpmcounter5,drift,seed5,241,3254.4848484848485
hpmcounter5,drift,seed5,242,3254.478787878788
hpmcounter5,drift,seed5,243,3254.6060606060605
hpmcounter5,drift,seed5,244,3254.551515151515
hpmcounter5,drift,seed5,245,3254.969696969697
hpmcounter5,drift,seed5,246,3255.939393939394
hpmcounter5,drift,seed5,247,3256.957575757576
hpmcounter5,drift,seed5,248,3257.0969696969696
hpmcounter5,drift,seed5,249,3255.9636363636364
hpmcounter5,drift,seed5,250,3254.6787878787877
hpmcounter5,drift,seed5,251,3255.3030303030305
hpmcounter5,drift,seed5,252,3255.690909090909
hpmcounter5,drift,seed5,253,3257.151515151515
hpmcounter5,drift,seed5,254,3259.642424242424
hpmcounter5,drift,seed5,255,3263.981818181818
hpmcounter5,drift,seed5,256,3264.939393939394
hpmcounter5,drift,seed5,257,3266.042424242424
hpmcounter5,drift,seed5,258,3265.2181818181816
hpmcounter5,drift,seed5,259,3262.775757575758
hpmcounter5,drift,seed5,260,3260.163636363636
hpmcounter5,drift,seed5,261,3257.9151515151516
hpmcounter5,drift,seed5,262,3270.818181818182
hpmcounter5,drift,seed5,263,3297.957575757576
hpmcounter5,drift,seed5,264,3334.2606060606063
hpmcounter5,drift,seed5,265,3362.509090909091
hpmcounter5,drift,seed5,266,3380.4545454545455
hpmcounter5,drift,seed5,267,3385.8848484848486
hpmcounter5,drift,seed5,268,3381.6363636363635
hpmcounter5,drift,seed5,269,3365.951515151515
hpmcounter5,drift,seed5,270,3341.787878787879
hpmcounter5,drift,seed5,271,3307.6060606060605
hpmcounter5,drift,seed5,272,3281.642424242424
hpmcounter5,drift,seed5,273,3268.3212121212123
hpmcounter5,drift,seed5,274,3270.3636363636365
hpmcounter5,drift,seed5,275,3273.4848484848485
hpmcounter5,drift,seed5,276,3276.8424242424244
hpmcounter5,drift,seed5,277,3277.7393939393937
hpmcounter5,drift,seed5,278,3277.8242424242426
hpmcounter5,drift,seed5,279,3273.7939393939396
hpmcounter5,drift,seed5,280,3270.757575757576
hpmcounter5,drift,seed5,281,3269.890909090909
hpmcounter5,drift,seed5,282,3266.4545454545455
hpmcounter5,drift,seed5,283,3262.2363636363634
hpmcounter5,drift,seed5,284,3257.5878787878787
hpmcounter5,drift,seed5,285,3256.5757575757575
hpmcounter5,drift,seed5,286,3259.3939393939395
hpmcounter5,drift,seed5,287,3262.7454545454543
hpmcounter5,drift,seed5,288,3266.5575757575757
hpmcounter5,drift,seed5,289,3267.4121212121213
hpmcounter5,drift,seed5,290,3267.8848484848486
hpmcounter5,drift,seed5,291,3267.806060606061
hpmcounter5,drift,seed5,292,3282.7090909090907
hpmcounter5,drift,seed5,293,3307.5575757575757
hpmcounter5,drift,seed5,294,3339.7393939393937
hpmcounter5,drift,seed5,295,3375.806060606061
hpmcounter5,drift,seed5,296,3415.0666666666666
hpmcounter5,drift,seed5,297,3452.212121212121
hpmcounter5,drift,seed5,298,3469.3454545454547
hpmcounter5,drift,seed6,9,3289.4424242424243
hpmcounter5,drift,seed6,10,3284.8727272727274
hpmcounter5,drift,seed6,11,3277.5151515151515
hpmcounter5,drift,seed6,12,3272.0969696969696
hpmcounter5,drift,seed6,13,3264.581818181818
hpmcounter5,drift,seed6,14,3270.787878787879
hpmcounter5,drift,seed6,15,3273.430303030303
hpmcounter5,drift,seed6,16,3277.6484848484847
hpmcounter5,drift,seed6,17,3282.3818181818183
hpmcounter5,drift,seed6,18,3282.509090909091
hpmcounter5,drift,seed6,19,3280.4969696969697
hpmcounter5,drift,seed6,20,3275.521212121212
hpmcounter5,drift,seed6,21,3271.630303030303
hpmcounter5,drift,seed6,22,3269.0848484848484
hpmcounter5,drift,seed6,23,3268.5454545454545
hpmcounter5,drift,seed6,24,3267.757575757576
hpmcounter5,drift,seed6,25,3264.5454545454545
hpmcounter5,drift,seed6,26,3263.3030303030305
hpmcounter5,drift,seed6,27,3264.551515151515
hpmcounter5,drift,seed6,28,3278.9636363636364
hpmcounter5,drift,seed6,29,3307.7393939393937
hpmcounter5,drift,seed6,30,3342.4
hpmcounter5,drift,seed6,31,3381.9939393939394
hpmcounter5,drift,seed6,32,3422.9939393939394
hpmcounter5,drift,seed6,33,3446.642424242424
hpmcounter5,drift,seed6,34,3449.1454545454544
hpmcounter5,drift,seed6,35,3433.230303030303
hpmcounter5,drift,seed6,36,3400.836363636364
hpmcounter5,drift,seed6,37,3356.1454545454544
hpmcounter5,drift,seed6,38,3315.0848484848484
hpmcounter5,drift,seed6,39,3283.6060606060605
hpmcounter5,drift,seed6,40,3265.830303030303
hpmcounter5,drift,seed6,41,3258.927272727273
hpmcounter5,drift,seed6,42,3268.478787878788
hpmcounter5,drift,seed6,43,3276.072727272727
hpmcounter5,drift,seed6,44,3280.357575757576
hpmcounter5,drift,seed6,45,3280.951515151515
hpmcounter5,drift,seed6,46,3277.8545454545456
hpmcounter5,drift,seed6,47,3273.012121212121
hpmcounter5,drift,seed6,48,3268.2909090909093
hpmcounter5,drift,seed6,49,3262.193939393939
hpmcounter5,drift,seed6,50,3257.89696969697
hpmcounter5,drift,seed6,51,3255.4424242424243
hpmcounter5,drift,seed6,52,3255.1151515151514
hpmcounter5,drift,seed6,53,3254.5636363636363
hpmcounter5,drift,seed6,54,3254.133333333333
hpmcounter5,drift,seed6,55,3256.4363636363637
hpmcounter5,drift,seed6,56,3259.4121212121213
hpmcounter5,drift,seed6,57,3261.7636363636366
hpmcounter5,drift,seed6,58,3264.042424242424
hpmcounter5,drift,seed6,59,3264.1757575757574
hpmcounter5,drift,seed6,60,3261.818181818182
hpmcounter5,drift,seed6,61,3261.4424242424243
hpmcounter5,drift,seed6,62,3260.0545454545454
hpmcounter5,drift,seed6,63,3259.0545454545454
hpmcounter5,drift,seed6,64,3254.078787878788
hpmcounter5,drift,seed6,65,3251.951515151515
hpmcounter5,drift,seed6,66,3249.539393939394
hpmcounter5,drift,seed6,67,3249.030303030303
hpmcounter5,drift,seed6,68,3250.6787878787877
hpmcounter5,drift,seed6,69,3254.7454545454543
hpmcounter5,drift,seed6,70,3258.7818181818184
hpmcounter5,drift,seed6,71,3263.8242424242426
hpmcounter5,drift,seed6,72,3267.163636363636
hpmcounter5,drift,seed6,73,3273.163636363636
hpmcounter5,drift,seed6,74,3275.4242424242425
hpmcounter5,drift,seed6,75,3277.2848484848487
hpmcounter5,drift,seed6,76,3277.4666666666667
hpmcounter5,drift,seed6,77,3275.7636363636366
hpmcounter5,drift,seed6,78,3273.9030303030304
hpmcounter5,drift,seed6,79,3272.818181818182
hpmcounter5,drift,seed6,80,3271.4969696969697
hpmcounter5,drift,seed6,81,3272.6545454545453
hpmcounter5,drift,seed6,82,3273.5939393939393
hpmcounter5,drift,seed6,83,3275.181818181818
hpmcounter5,drift,seed6,84,3274.509090909091
hpmcounter5,drift,seed6,85,3273.0666666666666
hpmcounter5,drift,seed6,86,3288.4363636363637
hpmcounter5,drift,seed6,87,3315.909090909091
hpmcounter5,drift,seed6,88,3334.6666666666665
hpmcounter5,drift,seed6,89,3347.078787878788
hpmcounter5,drift,seed6,90,3351.987878787879
hpmcounter5,drift,seed6,91,3353.1575757575756
hpmcounter5,drift,seed6,92,3345.0545454545454
hpmcounter5,drift,seed6,93,3333.0848484848484
hpmcounter5,drift,seed6,94,3311.2848484848487
hpmcounter5,drift,seed6,95,3280.509090909091
hpmcounter5,drift,seed6,96,3262.4727272727273
hpmcounter5,drift,seed6,97,3263.2484848484846
hpmcounter5,drift,seed6,98,3263.278787878788
hpmcounter5,drift,seed6,99,3266.4242424242425
hpmcounter5,drift,seed6,100,3267.139393939394
hpmcounter5,drift,seed6,101,3269.721212121212
hpmcounter5,drift,seed6,102,3270.448484848485
hpmcounter5,drift,seed6,103,3274.078787878788
hpmcounter5,drift,seed6,104,3273.70303030303
hpmcounter5,drift,seed6,105,3270.387878787879
hpmcounter5,drift,seed6,106,3266.4727272727273
hpmcounter5,drift,seed6,107,3262.70303030303
hpmcounter5,drift,seed6,108,3260.5151515151515
hpmcounter5,drift,seed6,109,3258.4060606060607
hpmcounter5,drift,seed6,110,3255.2181818181816
hpmcounter5,drift,seed6,111,3251.6
hpmcounter5,drift,seed6,112,3249.460606060606
hpmcounter5,drift,seed6,113,3249.5878787878787
hpmcounter5,drift,seed6,114,3248.672727272727
hpmcounter5,drift,seed6,115,3248.0545454545454
hpmcounter5,drift,seed6,116,3249.012121212121
hpmcounter5,drift,seed6,117,3249.9333333333334
hpmcounter5,drift,seed6,118,3251.5454545454545
hpmcounter5,drift,seed6,119,3252.0242424242424
hpmcounter5,drift,seed6,120,3252.7393939393937
hpmcounter5,drift,seed6,121,3251.0242424242424
hpmcounter5,drift,seed6,122,3246.9757575757576
hpmcounter5,drift,seed6,123,3245.478787878788
hpmcounter5,drift,seed6,124,3244.151515151515
hpmcounter5,drift,seed6,125,3244.951515151515
hpmcounter5,drift,seed6,126,3246.212121212121
hpmcounter5,drift,seed6,127,3248.4121212121213
hpmcounter5,drift,seed6,128,3248.8
hpmcounter5,drift,seed6,129,3251.630303030303
hpmcounter5,drift,seed6,130,3253.121212121212
hpmcounter5,drift,seed6,131,3253.2606060606063
hpmcounter5,drift,seed6,132,3251.1878787878786
hpmcounter5,drift,seed6,133,3251.5151515151515
hpmcounter5,drift,seed6,134,3250.921212121212
hpmcounter5,drift,seed6,135,3251.387878787879
hpmcounter5,drift,seed6,136,3270.6848484848483
hpmcounter5,drift,seed6,137,3286.581818181818
hpmcounter5,drift,seed6,138,3296.1454545454544
hpmcounter5,drift,seed6,139,3319.2363636363634
hpmcounter5,drift,seed6,140,3332.9939393939394
hpmcounter5,drift,seed6,141,3336.9030303030304
hpmcounter5,drift,seed6,142,3336.0242424242424
hpmcounter5,drift,seed6,143,3330.551515151515
hpmcounter5,drift,seed6,144,3318.0969696969696
hpmcounter5,drift,seed6,145,3297.70303030303
hpmcounter5,drift,seed6,146,3291.090909090909
hpmcounter5,drift,seed6,147,3281.018181818182
hpmcounter5,drift,seed6,148,3267.3939393939395
hpmcounter5,drift,seed6,149,3268.0848484848484
hpmcounter5,drift,seed6,150,3266.1454545454544
hpmcounter5,drift,seed6,151,3261.660606060606
hpmcounter5,drift,seed6,152,3258.387878787879
hpmcounter5,drift,seed6,153,3255.078787878788
hpmcounter5,drift,seed6,154,3252.2848484848487
hpmcounter5,drift,seed6,155,3252.266666666667
hpmcounter5,drift,seed6,156,3251.3333333333335
hpmcounter5,drift,seed6,157,3251.4666666666667
hpmcounter5,drift,seed6,158,3254.339393939394
hpmcounter5,drift,seed6,159,3258.4666666666667
hpmcounter5,drift,seed6,160,3261.387878787879
hpmcounter5,drift,seed6,161,3264.8
hpmcounter5,drift,seed6,162,3270.3333333333335
hpmcounter5,drift,seed6,163,3289.0969696969696
hpmcounter5,drift,seed6,164,3318.6787878787877
hpmcounter5,drift,seed6,165,3359.181818181818
hpmcounter5,drift,seed6,166,3400.430303030303
hpmcounter5,drift,seed6,167,3427.2060606060604
hpmcounter5,drift,seed6,168,3439.9757575757576
hpmcounter5,drift,seed6,169,3443.0363636363636
hpmcounter5,drift,seed6,170,3428.581818181818
hpmcounter5,drift,seed6,171,3397.5272727272727
hpmcounter5,drift,seed6,172,3353.4121212121213
hpmcounter5,drift,seed6,173,3313.860606060606
hpmcounter5,drift,seed6,174,3283.860606060606
hpmcounter5,drift,seed6,175,3265.987878787879
hpmcounter5,drift,seed6,176,3259.8121212121214
hpmcounter5,drift,seed6,177,3255.309090909091
hpmcounter5,drift,seed6,178,3250.4424242424243
hpmcounter5,drift,seed6,179,3251.430303030303
hpmcounter5,drift,seed6,180,3252.927272727273
hpmcounter5,drift,seed6,181,3253.818181818182
hpmcounter5,drift,seed6,182,3255.121212121212
hpmcounter5,drift,seed6,183,3256.121212121212
hpmcounter5,drift,seed6,184,3259.969696969697
hpmcounter5,drift,seed6,185,3263.163636363636
hpmcounter5,drift,seed6,186,3262.521212121212
hpmcounter5,drift,seed6,187,3260.2181818181816
hpmcounter5,drift,seed6,188,3256.836363636364
hpmcounter5,drift,seed6,189,3255.1575757575756
hpmcounter5,drift,seed6,190,3254.9151515151516
hpmcounter5,drift,seed6,191,3253.969696969697
hpmcounter5,drift,seed6,192,3253.539393939394
hpmcounter5,drift,seed6,193,3251.478787878788
hpmcounter5,drift,seed6,194,3251.6787878787877
hpmcounter5,drift,seed6,195,3254.3030303030305
hpmcounter5,drift,seed6,196,3254.6848484848483
hpmcounter5,drift,seed6,197,3253.7515151515154
hpmcounter5,drift,seed6,198,3251.630303030303
hpmcounter5,drift,seed6,199,3250.29696969697
hpmcounter5,drift,seed6,200,3250.787878787879
hpmcounter5,drift,seed6,201,3251.018181818182
hpmcounter5,drift,seed6,202,3250.2545454545457
hpmcounter5,drift,seed6,203,3251.806060606061
hpmcounter5,drift,seed6,204,3254.660606060606
hpmcounter5,drift,seed6,205,3257.6484848484847
hpmcounter5,drift,seed6,206,3261.0666666666666
hpmcounter5,drift,seed6,207,3265.29696969697
hpmcounter5,drift,seed6,208,3282.8242424242426
hpmcounter5,drift,seed6,209,3295.151515151515
hpmcounter5,drift,seed6,210,3305.927272727273
hpmcounter5,drift,seed6,211,3309.8242424242426
hpmcounter5,drift,seed6,212,3309.733333333333
hpmcounter5,drift,seed6,213,3305.5939393939393
hpmcounter5,drift,seed6,214,3296.642424242424
hpmcounter5,drift,seed6,215,3283.5575757575757
hpmcounter5,drift,seed6,216,3270.4727272727273
hpmcounter5,drift,seed6,217,3257.2848484848487
hpmcounter5,drift,seed6,218,3258.581818181818
hpmcounter5,drift,seed6,219,3257.848484848485
hpmcounter5,drift,seed6,220,3259.242424242424
hpmcounter5,drift,seed6,221,3259.2
hpmcounter5,drift,seed6,222,3262.448484848485
hpmcounter5,drift,seed6,223,3264.9030303030304
hpmcounter5,drift,seed6,224,3265.3636363636365
hpmcounter5,drift,seed6,225,3265.612121212121
hpmcounter5,drift,seed6,226,3268.181818181818
hpmcounter5,drift,seed6,227,3272.2
hpmcounter5,drift,seed6,228,3272.642424242424
hpmcounter5,drift,seed6,229,3270.5757575757575
hpmcounter5,drift,seed6,230,3268.5272727272727
hpmcounter5,drift,seed6,231,3263.612121212121
hpmcounter5,drift,seed6,232,3259.5151515151515
hpmcounter5,drift,seed6,233,3258.139393939394
hpmcounter5,drift,seed6,234,3258.5878787878787
hpmcounter5,drift,seed6,235,3260.5030303030303
hpmcounter5,drift,seed6,236,3263.612121212121
hpmcounter5,drift,seed6,237,3265.6242424242423
hpmcounter5,drift,seed6,238,3266.3333333333335
hpmcounter5,drift,seed6,239,3266.6181818181817
hpmcounter5,drift,seed6,240,3268.2848484848487
hpmcounter5,drift,seed6,241,3268.224242424242
hpmcounter5,drift,seed6,242,3264.551515151515
hpmcounter5,drift,seed6,243,3263.521212121212
hpmcounter5,drift,seed6,244,3266.121212121212
hpmcounter5,drift,seed6,245,3267.357575757576
hpmcounter5,drift,seed6,246,3266.2545454545457
hpmcounter5,drift,seed6,247,3262.018181818182
hpmcounter5,drift,seed6,248,3260.2363636363634
hpmcounter5,drift,seed6,249,3260.048484848485
hpmcounter5,drift,seed6,250,3262.193939393939
hpmcounter5,drift,seed6,251,3266.981818181818
hpmcounter5,drift,seed6,252,3267.2848484848487
hpmcounter5,drift,seed6,253,3266.2
hpmcounter5,drift,seed6,254,3268.5636363636363
hpmcounter5,drift,seed6,255,3269.987878787879
hpmcounter5,drift,seed6,256,3268.6545454545453
hpmcounter5,drift,seed6,257,3265.3454545454547
hpmcounter5,drift,seed6,258,3259.9030303030304
hpmcounter5,drift,seed6,259,3254.3757575757577
hpmcounter5,drift,seed6,260,3249.193939393939
hpmcounter5,drift,seed6,261,3246.2606060606063
hpmcounter5,drift,seed6,262,3243.4666666666667
hpmcounter5,drift,seed6,263,3240.490909090909
hpmcounter5,drift,seed6,264,3239.3212121212123
hpmcounter5,drift,seed6,265,3241.0242424242424
hpmcounter5,drift,seed6,266,3243.6969696969695
hpmcounter5,drift,seed6,267,3249.5939393939393
hpmcounter5,drift,seed6,268,3251.8545454545456
hpmcounter5,drift,seed6,269,3254.951515151515
hpmcounter5,drift,seed6,270,3256.169696969697
hpmcounter5,drift,seed6,271,3258.109090909091
hpmcounter5,drift,seed6,272,3257.581818181818
hpmcounter5,drift,seed6,273,3257.357575757576
hpmcounter5,drift,seed6,274,3258.909090909091
hpmcounter5,drift,seed6,275,3262.7272727272725
hpmcounter5,drift,seed6,276,3263.2727272727275
hpmcounter5,drift,seed6,277,3262.5939393939393
hpmcounter5,drift,seed6,278,3273.672727272727
hpmcounter5,drift,seed6,279,3299.6848484848483
hpmcounter5,drift,seed6,280,3332.430303030303
hpmcounter5,drift,seed6,281,3354.6787878787877
hpmcounter5,drift,seed6,282,3364.0
hpmcounter5,drift,seed6,283,3364.7090909090907
hpmcounter5,drift,seed6,284,3361.6484848484847
hpmcounter5,drift,seed6,285,3367.5878787878787
hpmcounter5,drift,seed6,286,3357.224242424242
hpmcounter5,drift,seed6,287,3332.4545454545455
hpmcounter5,drift,seed6,288,3312.5878787878787
hpmcounter5,drift,seed6,289,3304.193939393939
hpmcounter5,drift,seed6,290,3305.387878787879
hpmcounter5,drift,seed6,291,3300.4545454545455
hpmcounter5,drift,seed6,292,3292.0969696969696
hpmcounter5,drift,seed6,293,3276.8
hpmcounter5,drift,seed6,294,3259.7939393939396
hpmcounter5,drift,seed6,295,3258.072727272727
hpmcounter5,drift,seed6,296,3255.866666666667
hpmcounter5,drift,seed6,297,3255.242424242424
hpmcounter5,drift,seed6,298,3254.5454545454545
hpmcounter5,drift,seed7,9,3248.0
hpmcounter5,drift,seed7,10,3243.4666666666667
hpmcounter5,drift,seed7,11,3238.569696969697
hpmcounter5,drift,seed7,12,3236.848484848485
hpmcounter5,drift,seed7,13,3237.539393939394
hpmcounter5,drift,seed7,14,3237.8242424242426
hpmcounter5,drift,seed7,15,3240.4666666666667
hpmcounter5,drift,seed7,16,3242.4424242424243
hpmcounter5,drift,seed7,17,3246.1757575757574
hpmcounter5,drift,seed7,18,3250.642424242424
hpmcounter5,drift,seed7,19,3258.2484848484846
hpmcounter5,drift,seed7,20,3264.848484848485
hpmcounter5,drift,seed7,21,3267.4
hpmcounter5,drift,seed7,22,3270.3030303030305
hpmcounter5,drift,seed7,23,3270.6969696969695
hpmcounter5,drift,seed7,24,3269.6848484848483
hpmcounter5,drift,seed7,25,3265.4363636363637
hpmcounter5,drift,seed7,26,3258.7090909090907
hpmcounter5,drift,seed7,27,3252.4969696969697
hpmcounter5,drift,seed7,28,3246.387878787879
hpmcounter5,drift,seed7,29,3244.830303030303
hpmcounter5,drift,seed7,30,3247.3333333333335
hpmcounter5,drift,seed7,31,3263.757575757576
hpmcounter5,drift,seed7,32,3296.539393939394
hpmcounter5,drift,seed7,33,3339.042424242424
hpmcounter5,drift,seed7,34,3369.4424242424243
hpmcounter5,drift,seed7,35,3388.9333333333334
hpmcounter5,drift,seed7,36,3398.3515151515153
hpmcounter5,drift,seed7,37,3395.4969696969697
hpmcounter5,drift,seed7,38,3379.4060606060607
hpmcounter5,drift,seed7,39,3350.581818181818
hpmcounter5,drift,seed7,40,3312.8848484848486
hpmcounter5,drift,seed7,41,3280.927272727273
hpmcounter5,drift,seed7,42,3262.3212121212123
hpmcounter5,drift,seed7,43,3259.1272727272726
hpmcounter5,drift,seed7,44,3253.672727272727
hpmcounter5,drift,seed7,45,3251.048484848485
hpmcounter5,drift,seed7,46,3249.7515151515154
hpmcounter5,drift,seed7,47,3248.4363636363637
hpmcounter5,drift,seed7,48,3247.3212121212123
hpmcounter5,drift,seed7,49,3245.848484848485
hpmcounter5,drift,seed7,50,3247.0545454545454
hpmcounter5,drift,seed7,51,3249.8242424242426
hpmcounter5,drift,seed7,52,3253.6363636363635
hpmcounter5,drift,seed7,53,3254.9939393939394
hpmcounter5,drift,seed7,54,3255.860606060606
hpmcounter5,drift,seed7,55,3256.890909090909
hpmcounter5,drift,seed7,56,3256.018181818182
hpmcounter5,drift,seed7,57,3255.357575757576
hpmcounter5,drift,seed7,58,3255.5575757575757
hpmcounter5,drift,seed7,59,3255.309090909091
hpmcounter5,drift,seed7,60,3270.612121212121
hpmcounter5,drift,seed7,61,3283.490909090909
hpmcounter5,drift,seed7,62,3291.7515151515154
hpmcounter5,drift,seed7,63,3296.6
hpmcounter5,drift,seed7,64,3298.951515151515
hpmcounter5,drift,seed7,65,3295.8424242424244
hpmcounter5,drift,seed7,66,3289.2727272727275
hpmcounter5,drift,seed7,67,3281.6787878787877
hpmcounter5,drift,seed7,68,3273.0363636363636
hpmcounter5,drift,seed7,69,3261.6545454545453
hpmcounter5,drift,seed7,70,3265.327272727273
hpmcounter5,drift,seed7,71,3267.70303030303
hpmcounter5,drift,seed7,72,3268.139393939394
hpmcounter5,drift,seed7,73,3269.0242424242424
hpmcounter5,drift,seed7,74,3267.987878787879
hpmcounter5,drift,seed7,75,3265.818181818182
hpmcounter5,drift,seed7,76,3263.0
hpmcounter5,drift,seed7,77,3262.1757575757574
hpmcounter5,drift,seed7,78,3260.6848484848483
hpmcounter5,drift,seed7,79,3259.490909090909
hpmcounter5,drift,seed7,80,3258.6969696969695
hpmcounter5,drift,seed7,81,3258.6969696969695
hpmcounter5,drift,seed7,82,3259.787878787879
hpmcounter5,drift,seed7,83,3263.3757575757577
hpmcounter5,drift,seed7,84,3267.0969696969696
hpmcounter5,drift,seed7,85,3274.224242424242
hpmcounter5,drift,seed7,86,3277.042424242424
hpmcounter5,drift,seed7,87,3280.5757575757575
hpmcounter5,drift,seed7,88,3282.7151515151513
hpmcounter5,drift,seed7,89,3285.2060606060604
hpmcounter5,drift,seed7,90,3283.6181818181817
hpmcounter5,drift,seed7,91,3281.3030303030305
hpmcounter5,drift,seed7,92,3276.10303030303
hpmcounter5,drift,seed7,93,3273.181818181818
hpmcounter5,drift,seed7,94,3270.5939393939393
hpmcounter5,drift,seed7,95,3268.8545454545456
hpmcounter5,drift,seed7,96,3266.012121212121
hpmcounter5,drift,seed7,97,3262.6242424242423
hpmcounter5,drift,seed7,98,3260.478787878788
hpmcounter5,drift,seed7,99,3259.5757575757575
hpmcounter5,drift,seed7,100,3260.1878787878786
hpmcounter5,drift,seed7,101,3261.5939393939393
hpmcounter5,drift,seed7,102,3261.7454545454543
hpmcounter5,drift,seed7,103,3264.387878787879
hpmcounter5,drift,seed7,104,3266.1151515151514
hpmcounter5,drift,seed7,105,3267.10303030303
hpmcounter5,drift,seed7,106,3268.957575757576
hpmcounter5,drift,seed7,107,3267.6242424242423
hpmcounter5,drift,seed7,108,3264.866666666667
hpmcounter5,drift,seed7,109,3261.133333333333
hpmcounter5,drift,seed7,110,3260.8545454545456
hpmcounter5,drift,seed7,111,3262.3333333333335
hpmcounter5,drift,seed7,112,3262.6181818181817
hpmcounter5,drift,seed7,113,3264.0969696969696
hpmcounter5,drift,seed7,114,3264.042424242424
hpmcounter5,drift,seed7,115,3266.5757575757575
hpmcounter5,drift,seed7,116,3269.8727272727274
hpmcounter5,drift,seed7,117,3270.660606060606
hpmcounter5,drift,seed7,118,3282.612121212121
hpmcounter5,drift,seed7,119,3290.0060606060606
hpmcounter5,drift,seed7,120,3294.8242424242426
hpmcounter5,drift,seed7,121,3299.5333333333333
hpmcounter5,drift,seed7,122,3300.369696969697
hpmcounter5,drift,seed7,123,3298.951515151515
hpmcounter5,drift,seed7,124,3292.10303030303
hpmcounter5,drift,seed7,125,3283.1454545454544
hpmcounter5,drift,seed7,126,3271.5030303030303
hpmcounter5,drift,seed7,127,3259.0969696969696
hpmcounter5,drift,seed7,128,3259.806060606061
hpmcounter5,drift,seed7,129,3257.1272727272726
hpmcounter5,drift,seed7,130,3252.4969696969697
hpmcounter5,drift,seed7,131,3248.1575757575756
hpmcounter5,drift,seed7,132,3244.909090909091
hpmcounter5,drift,seed7,133,3241.1757575757574
hpmcounter5,drift,seed7,134,3239.278787878788
hpmcounter5,drift,seed7,135,3239.042424242424
hpmcounter5,drift,seed7,136,3238.672727272727
hpmcounter5,drift,seed7,137,3239.060606060606
hpmcounter5,drift,seed7,138,3240.3636363636365
hpmcounter5,drift,seed7,139,3240.9151515151516
hpmcounter5,drift,seed7,140,3241.060606060606
hpmcounter5,drift,seed7,141,3243.836363636364
hpmcounter5,drift,seed7,142,3245.030303030303
hpmcounter5,drift,seed7,143,3243.509090909091
hpmcounter5,drift,seed7,144,3244.193939393939
hpmcounter5,drift,seed7,145,3246.4545454545455
hpmcounter5,drift,seed7,146,3248.6060606060605
hpmcounter5,drift,seed7,147,3249.6
hpmcounter5,drift,seed7,148,3251.0363636363636
hpmcounter5,drift,seed7,149,3252.048484848485
hpmcounter5,drift,seed7,150,3250.569696969697
hpmcounter5,drift,seed7,151,3251.193939393939
hpmcounter5,drift,seed7,152,3251.6060606060605
hpmcounter5,drift,seed7,153,3250.1575757575756
hpmcounter5,drift,seed7,154,3246.7090909090907
hpmcounter5,drift,seed7,155,3244.818181818182
hpmcounter5,drift,seed7,156,3244.2181818181816
hpmcounter5,drift,seed7,157,3245.775757575758
hpmcounter5,drift,seed7,158,3246.848484848485
hpmcounter5,drift,seed7,159,3247.2484848484846
hpmcounter5,drift,seed7,160,3248.163636363636
hpmcounter5,drift,seed7,161,3245.878787878788
hpmcounter5,drift,seed7,162,3248.890909090909
hpmcounter5,drift,seed7,163,3252.733333333333
hpmcounter5,drift,seed7,164,3257.339393939394
hpmcounter5,drift,seed7,165,3260.951515151515
hpmcounter5,drift,seed7,166,3265.551515151515
hpmcounter5,drift,seed7,167,3268.5757575757575
hpmcounter5,drift,seed7,168,3267.8242424242426
hpmcounter5,drift,seed7,169,3263.2606060606063
hpmcounter5,drift,seed7,170,3258.9757575757576
hpmcounter5,drift,seed7,171,3250.133333333333
hpmcounter5,drift,seed7,172,3259.4121212121213
hpmcounter5,drift,seed7,173,3283.1878787878786
hpmcounter5,drift,seed7,174,3321.430303030303
hpmcounter5,drift,seed7,175,3364.1151515151514
hpmcounter5,drift,seed7,176,3411.5939393939393
hpmcounter5,drift,seed7,177,3457.866666666667
hpmcounter5,drift,seed7,178,3497.10303030303
hpmcounter5,drift,seed7,179,3526.2484848484846
hpmcounter5,drift,seed7,180,3542.551515151515
hpmcounter5,drift,seed7,181,3540.9030303030304
hpmcounter5,drift,seed7,182,3538.3939393939395
hpmcounter5,drift,seed7,183,3520.0545454545454
hpmcounter5,drift,seed7,184,3491.4121212121213
hpmcounter5,drift,seed7,185,3453.721212121212
hpmcounter5,drift,seed7,186,3410.6787878787877
hpmcounter5,drift,seed7,187,3366.3939393939395
hpmcounter5,drift,seed7,188,3325.733333333333
hpmcounter5,drift,seed7,189,3291.5575757575757
hpmcounter5,drift,seed7,190,3266.478787878788
hpmcounter5,drift,seed7,191,3252.7090909090907
hpmcounter5,drift,seed7,192,3257.539393939394
hpmcounter5,drift,seed7,193,3259.9333333333334
hpmcounter5,drift,seed7,194,3262.3818181818183
hpmcounter5,drift,seed7,195,3263.612121212121
hpmcounter5,drift,seed7,196,3262.2181818181816
hpmcounter5,drift,seed7,197,3257.4060606060607
hpmcounter5,drift,seed7,198,3255.9454545454546
hpmcounter5,drift,seed7,199,3254.5030303030303
hpmcounter5,drift,seed7,200,3252.5575757575757
hpmcounter5,drift,seed7,201,3251.1272727272726
hpmcounter5,drift,seed7,202,3255.2727272727275
hpmcounter5,drift,seed7,203,3256.7151515151513
hpmcounter5,drift,seed7,204,3258.818181818182
hpmcounter5,drift,seed7,205,3260.6848484848483
hpmcounter5,drift,seed7,206,3262.660606060606
hpmcounter5,drift,seed7,207,3264.460606060606
hpmcounter5,drift,seed7,208,3265.3818181818183
hpmcounter5,drift,seed7,209,3264.8545454545456
hpmcounter5,drift,seed7,210,3262.0545454545454
hpmcounter5,drift,seed7,211,3259.018181818182
hpmcounter5,drift,seed7,212,3258.339393939394
hpmcounter5,drift,seed7,213,3255.2727272727275
hpmcounter5,drift,seed7,214,3250.89696969697
hpmcounter5,drift,seed7,215,3246.5030303030303
hpmcounter5,drift,seed7,216,3243.3151515151517
hpmcounter5,drift,seed7,217,3244.7393939393937
hpmcounter5,drift,seed7,218,3247.9030303030304
hpmcounter5,drift,seed7,219,3251.2060606060604
hpmcounter5,drift,seed7,220,3253.1878787878786
hpmcounter5,drift,seed7,221,3256.3030303030305
hpmcounter5,drift,seed7,222,3259.8242424242426
hpmcounter5,drift,seed7,223,3261.757575757576
hpmcounter5,drift,seed7,224,3262.5151515151515
hpmcounter5,drift,seed7,225,3262.7939393939396
hpmcounter5,drift,seed7,226,3260.818181818182
hpmcounter5,drift,seed7,227,3260.878787878788
hpmcounter5,drift,seed7,228,3260.4121212121213
hpmcounter5,drift,seed7,229,3263.212121212121
hpmcounter5,drift,seed7,230,3263.581818181818
hpmcounter5,drift,seed7,231,3266.7515151515154
hpmcounter5,drift,seed7,232,3269.4060606060607
hpmcounter5,drift,seed7,233,3269.278787878788
hpmcounter5,drift,seed7,234,3271.4727272727273
hpmcounter5,drift,seed7,235,3273.1272727272726
hpmcounter5,drift,seed7,236,3271.2181818181816
hpmcounter5,drift,seed7,237,3269.7818181818184
hpmcounter5,drift,seed7,238,3262.29696969697
hpmcounter5,drift,seed7,239,3259.4060606060607
hpmcounter5,drift,seed7,240,3255.7272727272725
hpmcounter5,drift,seed7,241,3252.775757575758
hpmcounter5,drift,seed7,242,3253.2606060606063
hpmcounter5,drift,seed7,243,3252.2909090909093
hpmcounter5,drift,seed7,244,3254.7393939393937
hpmcounter5,drift,seed7,245,3273.9757575757576
hpmcounter5,drift,seed7,246,3303.2727272727275
hpmcounter5,drift,seed7,247,3340.266666666667
hpmcounter5,drift,seed7,248,3381.460606060606
hpmcounter5,drift,seed7,249,3409.339393939394
hpmcounter5,drift,seed7,250,3424.7515151515154
hpmcounter5,drift,seed7,251,3425.7272727272725
hpmcounter5,drift,seed7,252,3415.139393939394
hpmcounter5,drift,seed7,253,3387.6848484848483
hpmcounter5,drift,seed7,254,3347.2848484848487
hpmcounter5,drift,seed7,255,3313.4363636363637
hpmcounter5,drift,seed7,256,3285.775757575758
hpmcounter5,drift,seed7,257,3267.551515151515
hpmcounter5,drift,seed7,258,3269.0060606060606
hpmcounter5,drift,seed7,259,3272.1151515151514
hpmcounter5,drift,seed7,260,3273.3757575757577
hpmcounter5,drift,seed7,261,3274.4727272727273
hpmcounter5,drift,seed7,262,3275.121212121212
hpmcounter5,drift,seed7,263,3270.7939393939396
hpmcounter5,drift,seed7,264,3266.4242424242425
hpmcounter5,drift,seed7,265,3265.5272727272727
hpmcounter5,drift,seed7,266,3265.2
hpmcounter5,drift,seed7,267,3260.848484848485
hpmcounter5,drift,seed7,268,3257.430303030303
hpmcounter5,drift,seed7,269,3258.70303030303
hpmcounter5,drift,seed7,270,3257.9030303030304
hpmcounter5,drift,seed7,271,3255.878787878788
hpmcounter5,drift,seed7,272,3255.0848484848484
hpmcounter5,drift,seed7,273,3252.818181818182
hpmcounter5,drift,seed7,274,3249.8
hpmcounter5,drift,seed7,275,3251.1272727272726
hpmcounter5,drift,seed7,276,3256.369696969697
hpmcounter5,drift,seed7,277,3257.921212121212
hpmcounter5,drift,seed7,278,3256.769696969697
hpmcounter5,drift,seed7,279,3256.9757575757576
hpmcounter5,drift,seed7,280,3257.090909090909
hpmcounter5,drift,seed7,281,3255.6
hpmcounter5,drift,seed7,282,3254.787878787879
hpmcounter5,drift,seed7,283,3255.660606060606
hpmcounter5,drift,seed7,284,3255.109090909091
hpmcounter5,drift,seed7,285,3255.478787878788
hpmcounter5,drift,seed7,286,3256.987878787879
hpmcounter5,drift,seed7,287,3258.4242424242425
hpmcounter5,drift,seed7,288,3259.5757575757575
hpmcounter5,drift,seed7,289,3259.921212121212
hpmcounter5,drift,seed7,290,3262.769696969697
hpmcounter5,drift,seed7,291,3261.9030303030304
hpmcounter5,drift,seed7,292,3262.2909090909093
hpmcounter5,drift,seed7,293,3262.581818181818
hpmcounter5,drift,seed7,294,3263.939393939394
hpmcounter5,drift,seed7,295,3263.078787878788
hpmcounter5,drift,seed7,296,3261.860606060606
hpmcounter5,drift,seed7,297,3260.3939393939395
hpmcounter5,drift,seed7,298,3260.242424242424
hpmcounter5,drift,seed8,9,3256.836363636364
hpmcounter5,drift,seed8,10,3254.3212121212123
hpmcounter5,drift,seed8,11,3249.8545454545456
hpmcounter5,drift,seed8,12,3247.4242424242425
hpmcounter5,drift,seed8,13,3246.7454545454543
hpmcounter5,drift,seed8,14,3246.151515151515
hpmcounter5,drift,seed8,15,3245.357575757576
hpmcounter5,drift,seed8,16,3243.612121212121
hpmcounter5,drift,seed8,17,3245.4060606060607
hpmcounter5,drift,seed8,18,3249.0060606060606
hpmcounter5,drift,seed8,19,3255.2363636363634
hpmcounter5,drift,seed8,20,3261.5030303030303
hpmcounter5,drift,seed8,21,3265.951515151515
hpmcounter5,drift,seed8,22,3269.5757575757575
hpmcounter5,drift,seed8,23,3272.4727272727273
hpmcounter5,drift,seed8,24,3273.509090909091
hpmcounter5,drift,seed8,25,3272.4363636363637
hpmcounter5,drift,seed8,26,3268.909090909091
hpmcounter5,drift,seed8,27,3265.7636363636366
hpmcounter5,drift,seed8,28,3262.836363636364
hpmcounter5,drift,seed8,29,3262.860606060606
hpmcounter5,drift,seed8,30,3265.4121212121213
hpmcounter5,drift,seed8,31,3267.278787878788
hpmcounter5,drift,seed8,32,3266.70303030303
hpmcounter5,drift,seed8,33,3264.9151515151516
hpmcounter5,drift,seed8,34,3263.9333333333334
hpmcounter5,drift,seed8,35,3261.29696969697
hpmcounter5,drift,seed8,36,3258.4666666666667
hpmcounter5,drift,seed8,37,3256.1454545454544
hpmcounter5,drift,seed8,38,3252.818181818182
hpmcounter5,drift,seed8,39,3251.072727272727
hpmcounter5,drift,seed8,40,3252.121212121212
hpmcounter5,drift,seed8,41,3256.460606060606
hpmcounter5,drift,seed8,42,3257.309090909091
hpmcounter5,drift,seed8,43,3258.193939393939
hpmcounter5,drift,seed8,44,3259.212121212121
hpmcounter5,drift,seed8,45,3257.7393939393937
hpmcounter5,drift,seed8,46,3257.163636363636
hpmcounter5,drift,seed8,47,3260.4363636363637
hpmcounter5,drift,seed8,48,3263.2606060606063
hpmcounter5,drift,seed8,49,3264.448484848485
hpmcounter5,drift,seed8,50,3267.230303030303
hpmcounter5,drift,seed8,51,3271.987878787879
hpmcounter5,drift,seed8,52,3272.072727272727
hpmcounter5,drift,seed8,53,3272.6848484848483
hpmcounter5,drift,seed8,54,3273.0060606060606
hpmcounter5,drift,seed8,55,3269.6060606060605
hpmcounter5,drift,seed8,56,3283.4666666666667
hpmcounter5,drift,seed8,57,3309.969696969697
hpmcounter5,drift,seed8,58,3344.048484848485
hpmcounter5,drift,seed8,59,3369.5575757575757
hpmcounter5,drift,seed8,60,3388.6787878787877
hpmcounter5,drift,seed8,61,3412.448484848485
hpmcounter5,drift,seed8,62,3434.7939393939396
hpmcounter5,drift,seed8,63,3437.9939393939394
hpmcounter5,drift,seed8,64,3424.133333333333
hpmcounter5,drift,seed8,65,3391.2
hpmcounter5,drift,seed8,66,3363.8727272727274
hpmcounter5,drift,seed8,67,3341.1151515151514
hpmcounter5,drift,seed8,68,3324.181818181818
hpmcounter5,drift,seed8,69,3302.030303030303
hpmcounter5,drift,seed8,70,3274.224242424242
hpmcounter5,drift,seed8,71,3257.0545454545454
hpmcounter5,drift,seed8,72,3257.309090909091
hpmcounter5,drift,seed8,73,3257.89696969697
hpmcounter5,drift,seed8,74,3256.921212121212
hpmcounter5,drift,seed8,75,3253.4
hpmcounter5,drift,seed8,76,3252.581818181818
hpmcounter5,drift,seed8,77,3268.7090909090907
hpmcounter5,drift,seed8,78,3283.860606060606
hpmcounter5,drift,seed8,79,3295.6787878787877
hpmcounter5,drift,seed8,80,3303.4363636363637
hpmcounter5,drift,seed8,81,3307.339393939394
hpmcounter5,drift,seed8,82,3307.430303030303
hpmcounter5,drift,seed8,83,3305.4545454545455
hpmcounter5,drift,seed8,84,3299.6545454545453
hpmcounter5,drift,seed8,85,3287.8848484848486
hpmcounter5,drift,seed8,86,3269.2909090909093
hpmcounter5,drift,seed8,87,3266.490909090909
hpmcounter5,drift,seed8,88,3265.8727272727274
hpmcounter5,drift,seed8,89,3264.775757575758
hpmcounter5,drift,seed8,90,3262.0545454545454
hpmcounter5,drift,seed8,91,3260.448484848485
hpmcounter5,drift,seed8,92,3258.70303030303
hpmcounter5,drift,seed8,93,3258.8424242424244
hpmcounter5,drift,seed8,94,3257.9454545454546
hpmcounter5,drift,seed8,95,3256.581818181818
hpmcounter5,drift,seed8,96,3254.7515151515154
hpmcounter5,drift,seed8,97,3256.2
hpmcounter5,drift,seed8,98,3256.3636363636365
hpmcounter5,drift,seed8,99,3257.733333333333
hpmcounter5,drift,seed8,100,3257.9939393939394
hpmcounter5,drift,seed8,101,3256.5878787878787
hpmcounter5,drift,seed8,102,3256.0545454545454
hpmcounter5,drift,seed8,103,3259.848484848485
hpmcounter5,drift,seed8,104,3262.0363636363636
hpmcounter5,drift,seed8,105,3262.448484848485
hpmcounter5,drift,seed8,106,3265.030303030303
hpmcounter5,drift,seed8,107,3268.660606060606
hpmcounter5,drift,seed8,108,3268.5333333333333
hpmcounter5,drift,seed8,109,3267.581818181818
hpmcounter5,drift,seed8,110,3265.133333333333
hpmcounter5,drift,seed8,111,3260.369696969697
hpmcounter5,drift,seed8,112,3255.109090909091
hpmcounter5,drift,seed8,113,3254.139393939394
hpmcounter5,drift,seed8,114,3254.987878787879
hpmcounter5,drift,seed8,115,3255.757575757576
hpmcounter5,drift,seed8,116,3256.3151515151517
hpmcounter5,drift,seed8,117,3257.4242424242425
hpmcounter5,drift,seed8,118,3260.787878787879
hpmcounter5,drift,seed8,119,3263.0363636363636
hpmcounter5,drift,seed8,120,3264.509090909091
hpmcounter5,drift,seed8,121,3264.733333333333
hpmcounter5,drift,seed8,122,3265.3151515151517
hpmcounter5,drift,seed8,123,3265.4060606060607
hpmcounter5,drift,seed8,124,3266.6363636363635
hpmcounter5,drift,seed8,125,3265.939393939394
hpmcounter5,drift,seed8,126,3261.224242424242
hpmcounter5,drift,seed8,127,3257.909090909091
hpmcounter5,drift,seed8,128,3256.5939393939393
hpmcounter5,drift,seed8,129,3252.521212121212
hpmcounter5,drift,seed8,130,3249.848484848485
hpmcounter5,drift,seed8,131,3249.224242424242
hpmcounter5,drift,seed8,132,3251.10303030303
hpmcounter5,drift,seed8,133,3254.109090909091
hpmcounter5,drift,seed8,134,3258.357575757576
hpmcounter5,drift,seed8,135,3259.521212121212
hpmcounter5,drift,seed8,136,3259.212121212121
hpmcounter5,drift,seed8,137,3262.806060606061
hpmcounter5,drift,seed8,138,3280.733333333333
hpmcounter5,drift,seed8,139,3306.339393939394
hpmcounter5,drift,seed8,140,3338.6969696969695
hpmcounter5,drift,seed8,141,3376.70303030303
hpmcounter5,drift,seed8,142,3419.8242424242426
hpmcounter5,drift,seed8,143,3464.072727272727
hpmcounter5,drift,seed8,144,3505.6060606060605
hpmcounter5,drift,seed8,145,3536.1272727272726
hpmcounter5,drift,seed8,146,3537.630303030303
hpmcounter5,drift,seed8,147,3513.9333333333334
hpmcounter5,drift,seed8,148,3481.6848484848483
hpmcounter5,drift,seed8,149,3441.9757575757576
hpmcounter5,drift,seed8,150,3398.139393939394
hpmcounter5,drift,seed8,151,3350.2545454545457
hpmcounter5,drift,seed8,152,3309.224242424242
hpmcounter5,drift,seed8,153,3276.1575757575756
hpmcounter5,drift,seed8,154,3255.7515151515154
hpmcounter5,drift,seed8,155,3252.836363636364
hpmcounter5,drift,seed8,156,3250.6363636363635
hpmcounter5,drift,seed8,157,3251.2363636363634
hpmcounter5,drift,seed8,158,3252.0363636363636
hpmcounter5,drift,seed8,159,3256.927272727273
hpmcounter5,drift,seed8,160,3260.612121212121
hpmcounter5,drift,seed8,161,3278.690909090909
hpmcounter5,drift,seed8,162,3310.6242424242423
hpmcounter5,drift,seed8,163,3349.818181818182
hpmcounter5,drift,seed8,164,3392.0
hpmcounter5,drift,seed8,165,3435.6484848484847
hpmcounter5,drift,seed8,166,3478.787878787879
hpmcounter5,drift,seed8,167,3517.6363636363635
hpmcounter5,drift,seed8,168,3544.151515151515
hpmcounter5,drift,seed8,169,3562.836363636364
hpmcounter5,drift,seed8,170,3546.4121212121213
hpmcounter5,drift,seed8,171,3516.387878787879
hpmcounter5,drift,seed8,172,3478.6363636363635
hpmcounter5,drift,seed8,173,3436.2181818181816
hpmcounter5,drift,seed8,174,3393.6
hpmcounter5,drift,seed8,175,3351.109090909091
hpmcounter5,drift,seed8,176,3312.418181818182
hpmcounter5,drift,seed8,177,3283.2
hpmcounter5,drift,seed8,178,3263.9030303030304
hpmcounter5,drift,seed8,179,3264.169696969697
hpmcounter5,drift,seed8,180,3264.29696969697
hpmcounter5,drift,seed8,181,3264.1454545454544
hpmcounter5,drift,seed8,182,3264.0545454545454
hpmcounter5,drift,seed8,183,3265.169696969697
hpmcounter5,drift,seed8,184,3268.6787878787877
hpmcounter5,drift,seed8,185,3272.8121212121214
hpmcounter5,drift,seed8,186,3273.339393939394
hpmcounter5,drift,seed8,187,3274.9030303030304
hpmcounter5,drift,seed8,188,3272.1878787878786
hpmcounter5,drift,seed8,189,3269.551515151515
hpmcounter5,drift,seed8,190,3266.757575757576
hpmcounter5,drift,seed8,191,3264.1454545454544
hpmcounter5,drift,seed8,192,3261.048484848485
hpmcounter5,drift,seed8,193,3258.4121212121213
hpmcounter5,drift,seed8,194,3257.2909090909093
hpmcounter5,drift,seed8,195,3257.969696969697
hpmcounter5,drift,seed8,196,3257.8848484848486
hpmcounter5,drift,seed8,197,3261.7636363636366
hpmcounter5,drift,seed8,198,3263.8848484848486
hpmcounter5,drift,seed8,199,3265.7818181818184
hpmcounter5,drift,seed8,200,3265.836363636364
hpmcounter5,drift,seed8,201,3266.3212121212123
hpmcounter5,drift,seed8,202,3267.4969696969697
hpmcounter5,drift,seed8,203,3269.630303030303
hpmcounter5,drift,seed8,204,3270.5878787878787
hpmcounter5,drift,seed8,205,3269.733333333333
hpmcounter5,drift,seed8,206,3266.921212121212
hpmcounter5,drift,seed8,207,3264.3757575757577
hpmcounter5,drift,seed8,208,3259.690909090909
hpmcounter5,drift,seed8,209,3254.266666666667
hpmcounter5,drift,seed8,210,3247.9757575757576
hpmcounter5,drift,seed8,211,3242.357575757576
hpmcounter5,drift,seed8,212,3238.818181818182
hpmcounter5,drift,seed8,213,3237.5636363636363
hpmcounter5,drift,seed8,214,3241.478787878788
hpmcounter5,drift,seed8,215,3245.890909090909
hpmcounter5,drift,seed8,216,3250.6
hpmcounter5,drift,seed8,217,3255.5272727272727
hpmcounter5,drift,seed8,218,3258.8424242424244
hpmcounter5,drift,seed8,219,3259.612121212121
hpmcounter5,drift,seed8,220,3263.042424242424
hpmcounter5,drift,seed8,221,3265.806060606061
hpmcounter5,drift,seed8,222,3267.927272727273
hpmcounter5,drift,seed8,223,3266.4242424242425
hpmcounter5,drift,seed8,224,3267.012121212121
hpmcounter5,drift,seed8,225,3267.909090909091
hpmcounter5,drift,seed8,226,3265.278787878788
hpmcounter5,drift,seed8,227,3263.787878787879
hpmcounter5,drift,seed8,228,3259.2
hpmcounter5,drift,seed8,229,3252.8424242424244
hpmcounter5,drift,seed8,230,3250.018181818182
hpmcounter5,drift,seed8,231,3249.4363636363637
hpmcounter5,drift,seed8,232,3252.230303030303
hpmcounter5,drift,seed8,233,3255.042424242424
hpmcounter5,drift,seed8,234,3257.0666666666666
hpmcounter5,drift,seed8,235,3261.927272727273
hpmcounter5,drift,seed8,236,3262.987878787879
hpmcounter5,drift,seed8,237,3267.3212121212123
hpmcounter5,drift,seed8,238,3266.109090909091
hpmcounter5,drift,seed8,239,3263.4121212121213
hpmcounter5,drift,seed8,240,3262.060606060606
hpmcounter5,drift,seed8,241,3258.1454545454544
hpmcounter5,drift,seed8,242,3256.133333333333
hpmcounter5,drift,seed8,243,3253.060606060606
hpmcounter5,drift,seed8,244,3266.448484848485
hpmcounter5,drift,seed8,245,3294.5757575757575
hpmcounter5,drift,seed8,246,3330.139393939394
hpmcounter5,drift,seed8,247,3358.5030303030303
hpmcounter5,drift,seed8,248,3374.3454545454547
hpmcounter5,drift,seed8,249,3382.0242424242424
hpmcounter5,drift,seed8,250,3383.3515151515153
hpmcounter5,drift,seed8,251,3372.4727272727273
hpmcounter5,drift,seed8,252,3349.5878787878787
hpmcounter5,drift,seed8,253,3313.1575757575756
hpmcounter5,drift,seed8,254,3287.2363636363634
hpmcounter5,drift,seed8,255,3271.769696969697
hpmcounter5,drift,seed8,256,3268.3636363636365
hpmcounter5,drift,seed8,257,3267.163636363636
hpmcounter5,drift,seed8,258,3264.775757575758
hpmcounter5,drift,seed8,259,3261.151515151515
hpmcounter5,drift,seed8,260,3259.0969696969696
hpmcounter5,drift,seed8,261,3261.8121212121214
hpmcounter5,drift,seed8,262,3264.309090909091
hpmcounter5,drift,seed8,263,3264.660606060606
hpmcounter5,drift,seed8,264,3266.4121212121213
hpmcounter5,drift,seed8,265,3266.5454545454545
hpmcounter5,drift,seed8,266,3262.8545454545456
hpmcounter5,drift,seed8,267,3262.133333333333
hpmcounter5,drift,seed8,268,3261.4242424242425
hpmcounter5,drift,seed8,269,3258.490909090909
hpmcounter5,drift,seed8,270,3254.8424242424244
hpmcounter5,drift,seed8,271,3254.6545454545453
hpmcounter5,drift,seed8,272,3253.5939393939393
hpmcounter5,drift,seed8,273,3250.5575757575757
hpmcounter5,drift,seed8,274,3250.672727272727
hpmcounter5,drift,seed8,275,3250.212121212121
hpmcounter5,drift,seed8,276,3250.909090909091
hpmcounter5,drift,seed8,277,3253.6787878787877
hpmcounter5,drift,seed8,278,3255.6787878787877
hpmcounter5,drift,seed8,279,3257.7515151515154
hpmcounter5,drift,seed8,280,3260.2727272727275
hpmcounter5,drift,seed8,281,3261.860606060606
hpmcounter5,drift,seed8,282,3261.672727272727
hpmcounter5,drift,seed8,283,3259.460606060606
hpmcounter5,drift,seed8,284,3259.1878787878786
hpmcounter5,drift,seed8,285,3255.6848484848483
hpmcounter5,drift,seed8,286,3251.5151515151515
hpmcounter5,drift,seed8,287,3250.521212121212
hpmcounter5,drift,seed8,288,3250.0545454545454
hpmcounter5,drift,seed8,289,3251.7393939393937
hpmcounter5,drift,seed8,290,3253.3939393939395
hpmcounter5,drift,seed8,291,3252.642424242424
hpmcounter5,drift,seed8,292,3253.163636363636
hpmcounter5,drift,seed8,293,3256.4363636363637
hpmcounter5,drift,seed8,294,3260.4060606060607
hpmcounter5,drift,seed8,295,3261.060606060606
hpmcounter5,drift,seed8,296,3261.981818181818
hpmcounter5,drift,seed8,297,3263.1575757575756
hpmcounter5,drift,seed8,298,3263.109090909091
hpmcounter5,drift,seed9,9,3255.70303030303
hpmcounter5,drift,seed9,10,3252.327272727273
hpmcounter5,drift,seed9,11,3248.2
hpmcounter5,drift,seed9,12,3248.569696969697
hpmcounter5,drift,seed9,13,3248.048484848485
hpmcounter5,drift,seed9,14,3247.7454545454543
hpmcounter5,drift,seed9,15,3247.478787878788
hpmcounter5,drift,seed9,16,3246.090909090909
hpmcounter5,drift,seed9,17,3249.6969696969695
hpmcounter5,drift,seed9,18,3255.7515151515154
hpmcounter5,drift,seed9,19,3263.860606060606
hpmcounter5,drift,seed9,20,3269.2484848484846
hpmcounter5,drift,seed9,21,3272.4242424242425
hpmcounter5,drift,seed9,22,3274.70303030303
hpmcounter5,drift,seed9,23,3275.357575757576
hpmcounter5,drift,seed9,24,3273.8
hpmcounter5,drift,seed9,25,3267.6484848484847
hpmcounter5,drift,seed9,26,3258.6060606060605
hpmcounter5,drift,seed9,27,3250.6787878787877
hpmcounter5,drift,seed9,28,3244.0666666666666
hpmcounter5,drift,seed9,29,3243.121212121212
hpmcounter5,drift,seed9,30,3245.9939393939394
hpmcounter5,drift,seed9,31,3249.5272727272727
hpmcounter5,drift,seed9,32,3251.612121212121
hpmcounter5,drift,seed9,33,3254.3818181818183
hpmcounter5,drift,seed9,34,3256.9151515151516
hpmcounter5,drift,seed9,35,3257.478787878788
hpmcounter5,drift,seed9,36,3256.327272727273
hpmcounter5,drift,seed9,37,3254.690909090909
hpmcounter5,drift,seed9,38,3251.757575757576
hpmcounter5,drift,seed9,39,3249.0
hpmcounter5,drift,seed9,40,3249.6181818181817
hpmcounter5,drift,seed9,41,3253.7818181818184
hpmcounter5,drift,seed9,42,3255.0060606060606
hpmcounter5,drift,seed9,43,3257.5272727272727
hpmcounter5,drift,seed9,44,3258.769696969697
hpmcounter5,drift,seed9,45,3258.581818181818
hpmcounter5,drift,seed9,46,3258.387878787879
hpmcounter5,drift,seed9,47,3259.030303030303
hpmcounter5,drift,seed9,48,3261.3818181818183
hpmcounter5,drift,seed9,49,3260.878787878788
hpmcounter5,drift,seed9,50,3261.6787878787877
hpmcounter5,drift,seed9,51,3265.2606060606063
hpmcounter5,drift,seed9,52,3265.569696969697
hpmcounter5,drift,seed9,53,3266.5575757575757
hpmcounter5,drift,seed9,54,3266.5878787878787
hpmcounter5,drift,seed9,55,3263.830303030303
hpmcounter5,drift,seed9,56,3260.2484848484846
hpmcounter5,drift,seed9,57,3257.89696969697
hpmcounter5,drift,seed9,58,3257.5454545454545
hpmcounter5,drift,seed9,59,3256.3818181818183
hpmcounter5,drift,seed9,60,3256.8424242424244
hpmcounter5,drift,seed9,61,3257.4121212121213
hpmcounter5,drift,seed9,62,3256.109090909091
hpmcounter5,drift,seed9,63,3253.909090909091
hpmcounter5,drift,seed9,64,3256.309090909091
hpmcounter5,drift,seed9,65,3259.012121212121
hpmcounter5,drift,seed9,66,3258.672727272727
hpmcounter5,drift,seed9,67,3259.951515151515
hpmcounter5,drift,seed9,68,3264.478787878788
hpmcounter5,drift,seed9,69,3270.29696969697
hpmcounter5,drift,seed9,70,3274.6242424242423
hpmcounter5,drift,seed9,71,3274.836363636364
hpmcounter5,drift,seed9,72,3273.9939393939394
hpmcounter5,drift,seed9,73,3270.2848484848487
hpmcounter5,drift,seed9,74,3269.6545454545453
hpmcounter5,drift,seed9,75,3267.581818181818
hpmcounter5,drift,seed9,76,3278.4666666666667
hpmcounter5,drift,seed9,77,3300.9030303030304
hpmcounter5,drift,seed9,78,3334.266666666667
hpmcounter5,drift,seed9,79,3377.8727272727274
hpmcounter5,drift,seed9,80,3408.7151515151513
hpmcounter5,drift,seed9,81,3424.7818181818184
hpmcounter5,drift,seed9,82,3430.818181818182
hpmcounter5,drift,seed9,83,3420.1757575757574
hpmcounter5,drift,seed9,84,3394.5939393939393
hpmcounter5,drift,seed9,85,3351.5030303030303
hpmcounter5,drift,seed9,86,3310.4424242424243
hpmcounter5,drift,seed9,87,3276.787878787879
hpmcounter5,drift,seed9,88,3253.181818181818
hpmcounter5,drift,seed9,89,3248.9454545454546
hpmcounter5,drift,seed9,90,3245.6969696969695
hpmcounter5,drift,seed9,91,3242.987878787879
hpmcounter5,drift,seed9,92,3245.987878787879
hpmcounter5,drift,seed9,93,3249.6848484848483
hpmcounter5,drift,seed9,94,3254.4969696969697
hpmcounter5,drift,seed9,95,3259.0666666666666
hpmcounter5,drift,seed9,96,3260.4727272727273
hpmcounter5,drift,seed9,97,3262.9151515151516
hpmcounter5,drift,seed9,98,3264.860606060606
hpmcounter5,drift,seed9,99,3266.5030303030303
hpmcounter5,drift,seed9,100,3267.7090909090907
hpmcounter5,drift,seed9,101,3268.7515151515154
hpmcounter5,drift,seed9,102,3271.224242424242
hpmcounter5,drift,seed9,103,3272.0363636363636
hpmcounter5,drift,seed9,104,3272.357575757576
hpmcounter5,drift,seed9,105,3271.6484848484847
hpmcounter5,drift,seed9,106,3267.4121212121213
hpmcounter5,drift,seed9,107,3265.048484848485
hpmcounter5,drift,seed9,108,3262.4545454545455
hpmcounter5,drift,seed9,109,3259.266666666667
hpmcounter5,drift,seed9,110,3256.4848484848485
hpmcounter5,drift,seed9,111,3256.0
hpmcounter5,drift,seed9,112,3258.769696969697
hpmcounter5,drift,seed9,113,3261.9333333333334
hpmcounter5,drift,seed9,114,3265.2606060606063
hpmcounter5,drift,seed9,115,3267.5333333333333
hpmcounter5,drift,seed9,116,3268.048484848485
hpmcounter5,drift,seed9,117,3266.9454545454546
hpmcounter5,drift,seed9,118,3263.9151515151516
hpmcounter5,drift,seed9,119,3259.048484848485
hpmcounter5,drift,seed9,120,3257.1454545454544
hpmcounter5,drift,seed9,121,3253.70303030303
hpmcounter5,drift,seed9,122,3250.5939393939393
hpmcounter5,drift,seed9,123,3249.5939393939393
hpmcounter5,drift,seed9,124,3250.4545454545455
hpmcounter5,drift,seed9,125,3251.1575757575756
hpmcounter5,drift,seed9,126,3255.9030303030304
hpmcounter5,drift,seed9,127,3260.133333333333
hpmcounter5,drift,seed9,128,3266.042424242424
hpmcounter5,drift,seed9,129,3266.1272727272726
hpmcounter5,drift,seed9,130,3269.5878787878787
hpmcounter5,drift,seed9,131,3270.630303030303
hpmcounter5,drift,seed9,132,3266.8545454545456
hpmcounter5,drift,seed9,133,3263.70303030303
hpmcounter5,drift,seed9,134,3260.878787878788
hpmcounter5,drift,seed9,135,3255.721212121212
hpmcounter5,drift,seed9,136,3253.4666666666667
hpmcounter5,drift,seed9,137,3250.3636363636365
hpmcounter5,drift,seed9,138,3250.5575757575757
hpmcounter5,drift,seed9,139,3249.3454545454547
hpmcounter5,drift,seed9,140,3250.369696969697
hpmcounter5,drift,seed9,141,3252.8242424242426
hpmcounter5,drift,seed9,142,3254.787878787879
hpmcounter5,drift,seed9,143,3258.2848484848487
hpmcounter5,drift,seed9,144,3259.224242424242
hpmcounter5,drift,seed9,145,3258.951515151515
hpmcounter5,drift,seed9,146,3260.909090909091
hpmcounter5,drift,seed9,147,3262.5757575757575
hpmcounter5,drift,seed9,148,3260.866666666667
hpmcounter5,drift,seed9,149,3261.163636363636
hpmcounter5,drift,seed9,150,3260.4969696969697
hpmcounter5,drift,seed9,151,3259.193939393939
hpmcounter5,drift,seed9,152,3256.4121212121213
hpmcounter5,drift,seed9,153,3255.981818181818
hpmcounter5,drift,seed9,154,3251.2484848484846
hpmcounter5,drift,seed9,155,3262.3515151515153
hpmcounter5,drift,seed9,156,3289.860606060606
hpmcounter5,drift,seed9,157,3330.478787878788
hpmcounter5,drift,seed9,158,3374.418181818182
hpmcounter5,drift,seed9,159,3423.775757575758
hpmcounter5,drift,seed9,160,3472.5030303030303
hpmcounter5,drift,seed9,161,3515.4727272727273
hpmcounter5,drift,seed9,162,3547.6484848484847
hpmcounter5,drift,seed9,163,3552.8727272727274
hpmcounter5,drift,seed9,164,3524.1272727272726
hpmcounter5,drift,seed9,165,3482.5878787878787
hpmcounter5,drift,seed9,166,3435.9151515151516
hpmcounter5,drift,seed9,167,3387.163636363636
hpmcounter5,drift,seed9,168,3340.10303030303
hpmcounter5,drift,seed9,169,3298.9333333333334
hpmcounter5,drift,seed9,170,3269.7272727272725
hpmcounter5,drift,seed9,171,3250.3636363636365
hpmcounter5,drift,seed9,172,3250.030303030303
hpmcounter5,drift,seed9,173,3251.521212121212
hpmcounter5,drift,seed9,174,3255.10303030303
hpmcounter5,drift,seed9,175,3257.4363636363637
hpmcounter5,drift,seed9,176,3258.89696969697
hpmcounter5,drift,seed9,177,3261.012121212121
hpmcounter5,drift,seed9,178,3265.7818181818184
hpmcounter5,drift,seed9,179,3268.460606060606
hpmcounter5,drift,seed9,180,3270.9757575757576
hpmcounter5,drift,seed9,181,3269.757575757576
hpmcounter5,drift,seed9,182,3267.309090909091
hpmcounter5,drift,seed9,183,3260.1575757575756
hpmcounter5,drift,seed9,184,3255.4969696969697
hpmcounter5,drift,seed9,185,3253.4
hpmcounter5,drift,seed9,186,3249.7151515151513
hpmcounter5,drift,seed9,187,3247.5454545454545
hpmcounter5,drift,seed9,188,3252.339393939394
hpmcounter5,drift,seed9,189,3255.369696969697
hpmcounter5,drift,seed9,190,3258.181818181818
hpmcounter5,drift,seed9,191,3280.2181818181816
hpmcounter5,drift,seed9,192,3314.0969696969696
hpmcounter5,drift,seed9,193,3355.4969696969697
hpmcounter5,drift,seed9,194,3400.660606060606
hpmcounter5,drift,seed9,195,3429.7818181818184
hpmcounter5,drift,seed9,196,3443.0545454545454
hpmcounter5,drift,seed9,197,3439.7818181818184
hpmcounter5,drift,seed9,198,3426.3757575757577
hpmcounter5,drift,seed9,199,3395.0848484848484
hpmcounter5,drift,seed9,200,3348.7636363636366
hpmcounter5,drift,seed9,201,3310.018181818182
hpmcounter5,drift,seed9,202,3281.581818181818
hpmcounter5,drift,seed9,203,3268.878787878788
hpmcounter5,drift,seed9,204,3271.8
hpmcounter5,drift,seed9,205,3268.6848484848483
hpmcounter5,drift,seed9,206,3265.7454545454543
hpmcounter5,drift,seed9,207,3260.921212121212
hpmcounter5,drift,seed9,208,3260.4848484848485
hpmcounter5,drift,seed9,209,3259.121212121212
hpmcounter5,drift,seed9,210,3259.109090909091
hpmcounter5,drift,seed9,211,3258.9636363636364
hpmcounter5,drift,seed9,212,3262.581818181818
hpmcounter5,drift,seed9,213,3267.818181818182
hpmcounter5,drift,seed9,214,3271.8848484848486
hpmcounter5,drift,seed9,215,3273.4424242424243
hpmcounter5,drift,seed9,216,3271.769696969697
hpmcounter5,drift,seed9,217,3269.212121212121
hpmcounter5,drift,seed9,218,3267.3212121212123
hpmcounter5,drift,seed9,219,3263.7090909090907
hpmcounter5,drift,seed9,220,3263.3212121212123
hpmcounter5,drift,seed9,221,3261.2181818181816
hpmcounter5,drift,seed9,222,3264.012121212121
hpmcounter5,drift,seed9,223,3266.121212121212
hpmcounter5,drift,seed9,224,3266.3151515151517
hpmcounter5,drift,seed9,225,3268.2606060606063
hpmcounter5,drift,seed9,226,3266.1878787878786
hpmcounter5,drift,seed9,227,3266.860606060606
hpmcounter5,drift,seed9,228,3266.3818181818183
hpmcounter5,drift,seed9,229,3264.3757575757577
hpmcounter5,drift,seed9,230,3262.6848484848483
hpmcounter5,drift,seed9,231,3261.0969696969696
hpmcounter5,drift,seed9,232,3263.0545454545454
hpmcounter5,drift,seed9,233,3262.10303030303
hpmcounter5,drift,seed9,234,3258.3454545454547
hpmcounter5,drift,seed9,235,3256.7090909090907
hpmcounter5,drift,seed9,236,3253.672727272727
hpmcounter5,drift,seed9,237,3254.6484848484847
hpmcounter5,drift,seed9,238,3256.4666666666667
hpmcounter5,drift,seed9,239,3258.018181818182
hpmcounter5,drift,seed9,240,3256.5757575757575
hpmcounter5,drift,seed9,241,3259.224242424242
hpmcounter5,drift,seed9,242,3265.957575757576
hpmcounter5,drift,seed9,243,3270.969696969697
hpmcounter5,drift,seed9,244,3271.030303030303
hpmcounter5,drift,seed9,245,3269.569696969697
hpmcounter5,drift,seed9,246,3264.927272727273
hpmcounter5,drift,seed9,247,3263.266666666667
hpmcounter5,drift,seed9,248,3260.551515151515
hpmcounter5,drift,seed9,249,3260.3333333333335
hpmcounter5,drift,seed9,250,3257.2848484848487
hpmcounter5,drift,seed9,251,3258.327272727273
hpmcounter5,drift,seed9,252,3263.878787878788
hpmcounter5,drift,seed9,253,3271.121212121212
hpmcounter5,drift,seed9,254,3275.0666666666666
hpmcounter5,drift,seed9,255,3275.6
hpmcounter5,drift,seed9,256,3272.090909090909
hpmcounter5,drift,seed9,257,3268.460606060606
hpmcounter5,drift,seed9,258,3260.939393939394
hpmcounter5,drift,seed9,259,3254.1454545454544
hpmcounter5,drift,seed9,260,3247.787878787879
hpmcounter5,drift,seed9,261,3242.4969696969697
hpmcounter5,drift,seed9,262,3239.9939393939394
hpmcounter5,drift,seed9,263,3240.7636363636366
hpmcounter5,drift,seed9,264,3242.309090909091
hpmcounter5,drift,seed9,265,3242.5878787878787
hpmcounter5,drift,seed9,266,3243.018181818182
hpmcounter5,drift,seed9,267,3244.012121212121
hpmcounter5,drift,seed9,268,3243.9333333333334
hpmcounter5,drift,seed9,269,3242.6545454545453
hpmcounter5,drift,seed9,270,3245.3515151515153
hpmcounter5,drift,seed9,271,3246.3454545454547
hpmcounter5,drift,seed9,272,3246.490909090909
hpmcounter5,drift,seed9,273,3249.1151515151514
hpmcounter5,drift,seed9,274,3250.5151515151515
hpmcounter5,drift,seed9,275,3250.9030303030304
hpmcounter5,drift,seed9,276,3250.969696969697
hpmcounter5,drift,seed9,277,3249.9757575757576
hpmcounter5,drift,seed9,278,3250.3212121212123
hpmcounter5,drift,seed9,279,3250.6848484848483
hpmcounter5,drift,seed9,280,3253.6060606060605
hpmcounter5,drift,seed9,281,3256.012121212121
hpmcounter5,drift,seed9,282,3257.8242424242426
hpmcounter5,drift,seed9,283,3259.981818181818
hpmcounter5,drift,seed9,284,3261.490909090909
hpmcounter5,drift,seed9,285,3262.2909090909093
hpmcounter5,drift,seed9,286,3263.5757575757575
hpmcounter5,drift,seed9,287,3262.4424242424243
hpmcounter5,drift,seed9,288,3261.9151515151516
hpmcounter5,drift,seed9,289,3260.1454545454544
hpmcounter5,drift,seed9,290,3258.509090909091
hpmcounter5,drift,seed9,291,3255.10303030303
hpmcounter5,drift,seed9,292,3250.6848484848483
hpmcounter5,drift,seed9,293,3245.6363636363635
hpmcounter5,drift,seed9,294,3246.1575757575756
hpmcounter5,drift,seed9,295,3246.957575757576
hpmcounter5,drift,seed9,296,3251.987878787879
hpmcounter5,drift,seed9,297,3258.6242424242423
hpmcounter5,drift,seed9,298,3264.163636363636
hpmcounter5,jump,seed1,9,3258.018181818182
hpmcounter5,jump,seed1,10,3253.4363636363637
hpmcounter5,jump,seed1,11,3247.830303030303
hpmcounter5,jump,seed1,12,3244.8545454545456
hpmcounter5,jump,seed1,13,3242.266666666667
hpmcounter5,jump,seed1,14,3240.733333333333
hpmcounter5,jump,seed1,15,3240.569696969697
hpmcounter5,jump,seed1,16,3240.878787878788
hpmcounter5,jump,seed1,17,3242.5939393939393
hpmcounter5,jump,seed1,18,3246.29696969697
hpmcounter5,jump,seed1,19,3253.266666666667
hpmcounter5,jump,seed1,20,3261.1454545454544
hpmcounter5,jump,seed1,21,3267.2060606060604
hpmcounter5,jump,seed1,22,3271.163636363636
hpmcounter5,jump,seed1,23,3272.133333333333
hpmcounter5,jump,seed1,24,3271.048484848485
hpmcounter5,jump,seed1,25,3265.909090909091
hpmcounter5,jump,seed1,26,3259.4242424242425
hpmcounter5,jump,seed1,27,3250.951515151515
hpmcounter5,jump,seed1,28,3242.1757575757574
hpmcounter5,jump,seed1,29,3238.4121212121213
hpmcounter5,jump,seed1,30,3239.5757575757575
hpmcounter5,jump,seed1,31,3243.5636363636363
hpmcounter5,jump,seed1,32,3246.2909090909093
hpmcounter5,jump,seed1,33,3249.672727272727
hpmcounter5,jump,seed1,34,3254.169696969697
hpmcounter5,jump,seed1,35,3254.121212121212
hpmcounter5,jump,seed1,36,3254.5636363636363
hpmcounter5,jump,seed1,37,3255.0363636363636
hpmcounter5,jump,seed1,38,3253.3454545454547
hpmcounter5,jump,seed1,39,3250.448484848485
hpmcounter5,jump,seed1,40,3249.6545454545453
hpmcounter5,jump,seed1,41,3252.369696969697
hpmcounter5,jump,seed1,42,3252.7454545454543
hpmcounter5,jump,seed1,43,3256.0242424242424
hpmcounter5,jump,seed1,44,3259.3454545454547
hpmcounter5,jump,seed1,45,3257.490909090909
hpmcounter5,jump,seed1,46,3255.478787878788
hpmcounter5,jump,seed1,47,3256.460606060606
hpmcounter5,jump,seed1,48,3258.818181818182
hpmcounter5,jump,seed1,49,3259.212121212121
hpmcounter5,jump,seed1,50,3260.848484848485
hpmcounter5,jump,seed1,51,3265.4969696969697
hpmcounter5,jump,seed1,52,3266.969696969697
hpmcounter5,jump,seed1,53,3270.4060606060607
hpmcounter5,jump,seed1,54,3275.0666666666666
hpmcounter5,jump,seed1,55,3274.6969696969695
hpmcounter5,jump,seed1,56,3271.0848484848484
hpmcounter5,jump,seed1,57,3267.3151515151517
hpmcounter5,jump,seed1,58,3265.6181818181817
hpmcounter5,jump,seed1,59,3261.7636363636366
hpmcounter5,jump,seed1,60,3259.539393939394
hpmcounter5,jump,seed1,61,3258.490909090909
hpmcounter5,jump,seed1,62,3255.569696969697
hpmcounter5,jump,seed1,63,3268.2363636363634
hpmcounter5,jump,seed1,64,3284.0060606060606
hpmcounter5,jump,seed1,65,3296.5878787878787
hpmcounter5,jump,seed1,66,3304.4969696969697
hpmcounter5,jump,seed1,67,3308.757575757576
hpmcounter5,jump,seed1,68,3310.9454545454546
hpmcounter5,jump,seed1,69,3307.0848484848484
hpmcounter5,jump,seed1,70,3296.7151515151513
hpmcounter5,jump,seed1,71,3282.878787878788
hpmcounter5,jump,seed1,72,3264.012121212121
hpmcounter5,jump,seed1,73,3260.951515151515
hpmcounter5,jump,seed1,74,3260.460606060606
hpmcounter5,jump,seed1,75,3258.4121212121213
hpmcounter5,jump,seed1,76,3258.193939393939
hpmcounter5,jump,seed1,77,3256.7454545454543
hpmcounter5,jump,seed1,78,3256.4
hpmcounter5,jump,seed1,79,3255.957575757576
hpmcounter5,jump,seed1,80,3255.6181818181817
hpmcounter5,jump,seed1,81,3254.921212121212
hpmcounter5,jump,seed1,82,3252.369696969697
hpmcounter5,jump,seed1,83,3251.3212121212123
hpmcounter5,jump,seed1,84,3250.957575757576
hpmcounter5,jump,seed1,85,3248.3333333333335
hpmcounter5,jump,seed1,86,3248.581818181818
hpmcounter5,jump,seed1,87,3249.0969696969696
hpmcounter5,jump,seed1,88,3250.3212121212123
hpmcounter5,jump,seed1,89,3250.8424242424244
hpmcounter5,jump,seed1,90,3254.2909090909093
hpmcounter5,jump,seed1,91,3258.848484848485
hpmcounter5,jump,seed1,92,3264.569696969697
hpmcounter5,jump,seed1,93,3267.2909090909093
hpmcounter5,jump,seed1,94,3267.8848484848486
hpmcounter5,jump,seed1,95,3267.242424242424
hpmcounter5,jump,seed1,96,3266.5333333333333
hpmcounter5,jump,seed1,97,3267.163636363636
hpmcounter5,jump,seed1,98,3265.090909090909
hpmcounter5,jump,seed1,99,3261.7636363636366
hpmcounter5,jump,seed1,100,3258.6060606060605
hpmcounter5,jump,seed1,101,3258.2181818181816
hpmcounter5,jump,seed1,102,3260.060606060606
hpmcounter5,jump,seed1,103,3260.3333333333335
hpmcounter5,jump,seed1,104,3259.042424242424
hpmcounter5,jump,seed1,105,3258.030303030303
hpmcounter5,jump,seed1,106,3257.133333333333
hpmcounter5,jump,seed1,107,3258.6484848484847
hpmcounter5,jump,seed1,108,3257.6666666666665
hpmcounter5,jump,seed1,109,3256.7151515151513
hpmcounter5,jump,seed1,110,3257.1757575757574
hpmcounter5,jump,seed1,111,3259.6787878787877
hpmcounter5,jump,seed1,112,3258.9939393939394
hpmcounter5,jump,seed1,113,3258.3454545454547
hpmcounter5,jump,seed1,114,3258.3212121212123
hpmcounter5,jump,seed1,115,3255.5636363636363
hpmcounter5,jump,seed1,116,3252.5636363636363
hpmcounter5,jump,seed1,117,3251.4
hpmcounter5,jump,seed1,118,3248.830303030303
hpmcounter5,jump,seed1,119,3250.2484848484846
hpmcounter5,jump,seed1,120,3255.478787878788
hpmcounter5,jump,seed1,121,3262.018181818182
hpmcounter5,jump,seed1,122,3265.6363636363635
hpmcounter5,jump,seed1,123,3268.478787878788
hpmcounter5,jump,seed1,124,3270.181818181818
hpmcounter5,jump,seed1,125,3269.8424242424244
hpmcounter5,jump,seed1,126,3269.2181818181816
hpmcounter5,jump,seed1,127,3269.4060606060607
hpmcounter5,jump,seed1,128,3266.2545454545457
hpmcounter5,jump,seed1,129,3262.2181818181816
hpmcounter5,jump,seed1,130,3261.109090909091
hpmcounter5,jump,seed1,131,3261.266666666667
hpmcounter5,jump,seed1,132,3261.860606060606
hpmcounter5,jump,seed1,133,3262.951515151515
hpmcounter5,jump,seed1,134,3260.030303030303
hpmcounter5,jump,seed1,135,3259.4666666666667
hpmcounter5,jump,seed1,136,3259.9636363636364
hpmcounter5,jump,seed1,137,3262.0060606060606
hpmcounter5,jump,seed1,138,3264.4060606060607
hpmcounter5,jump,seed1,139,3262.3818181818183
hpmcounter5,jump,seed1,140,3260.5151515151515
hpmcounter5,jump,seed1,141,3261.9030303030304
hpmcounter5,jump,seed1,142,3265.1151515151514
hpmcounter5,jump,seed1,143,3269.6545454545453
hpmcounter5,jump,seed1,144,3270.89696969697
hpmcounter5,jump,seed1,145,3272.3818181818183
hpmcounter5,jump,seed1,146,3276.569696969697
hpmcounter5,jump,seed1,147,3280.787878787879
hpmcounter5,jump,seed1,148,3284.521212121212
hpmcounter5,jump,seed1,149,3283.266666666667
hpmcounter5,jump,seed1,150,3279.4969696969697
hpmcounter5,jump,seed1,151,3291.9757575757576
hpmcounter5,jump,seed1,152,3320.2606060606063
hpmcounter5,jump,seed1,153,3359.6060606060605
hpmcounter5,jump,seed1,154,3403.5272727272727
hpmcounter5,jump,seed1,155,3444.581818181818
hpmcounter5,jump,seed1,156,3486.6363636363635
hpmcounter5,jump,seed1,157,3523.9333333333334
hpmcounter5,jump,seed1,158,3554.7272727272725
hpmcounter5,jump,seed1,159,3570.2181818181816
hpmcounter5,jump,seed1,160,3569.2
hpmcounter5,jump,seed1,161,3567.212121212121
hpmcounter5,jump,seed1,162,3554.10303030303
hpmcounter5,jump,seed1,163,3527.2181818181816
hpmcounter5,jump,seed1,164,3489.5030303030303
hpmcounter5,jump,seed1,165,3443.478787878788
hpmcounter5,jump,seed1,166,3395.042424242424
hpmcounter5,jump,seed1,167,3361.8727272727274
hpmcounter5,jump,seed1,168,3349.29696969697
hpmcounter5,jump,seed1,169,3354.7151515151513
hpmcounter5,jump,seed1,170,3380.0969696969696
hpmcounter5,jump,seed1,171,3407.042424242424
hpmcounter5,jump,seed1,172,3425.70303030303
hpmcounter5,jump,seed1,173,3444.3818181818183
hpmcounter5,jump,seed1,174,3444.818181818182
hpmcounter5,jump,seed1,175,3427.581818181818
hpmcounter5,jump,seed1,176,3392.327272727273
hpmcounter5,jump,seed1,177,3357.133333333333
hpmcounter5,jump,seed1,178,3325.5030303030303
hpmcounter5,jump,seed1,179,3301.7454545454543
hpmcounter5,jump,seed1,180,3291.369696969697
hpmcounter5,jump,seed1,181,3274.4060606060607
hpmcounter5,jump,seed1,182,3254.29696969697
hpmcounter5,jump,seed1,183,3248.5333333333333
hpmcounter5,jump,seed1,184,3247.0666666666666
hpmcounter5,jump,seed1,185,3246.769696969697
hpmcounter5,jump,seed1,186,3247.0060606060606
hpmcounter5,jump,seed1,187,3249.957575757576
hpmcounter5,jump,seed1,188,3250.5878787878787
hpmcounter5,jump,seed1,189,3251.3757575757577
hpmcounter5,jump,seed1,190,3251.139393939394
hpmcounter5,jump,seed1,191,3251.642424242424
hpmcounter5,jump,seed1,192,3250.0363636363636
hpmcounter5,jump,seed1,193,3247.6060606060605
hpmcounter5,jump,seed1,194,3248.581818181818
hpmcounter5,jump,seed1,195,3249.230303030303
hpmcounter5,jump,seed1,196,3249.6181818181817
hpmcounter5,jump,seed1,197,3252.878787878788
hpmcounter5,jump,seed1,198,3256.836363636364
hpmcounter5,jump,seed1,199,3260.6363636363635
hpmcounter5,jump,seed1,200,3262.6060606060605
hpmcounter5,jump,seed1,201,3265.181818181818
hpmcounter5,jump,seed1,202,3264.6060606060605
hpmcounter5,jump,seed1,203,3263.163636363636
hpmcounter5,jump,seed1,204,3262.8848484848486
hpmcounter5,jump,seed1,205,3261.4363636363637
hpmcounter5,jump,seed1,206,3260.866666666667
hpmcounter5,jump,seed1,207,3262.030303030303
hpmcounter5,jump,seed1,208,3262.5151515151515
hpmcounter5,jump,seed1,209,3262.2545454545457
hpmcounter5,jump,seed1,210,3264.8727272727274
hpmcounter5,jump,seed1,211,3268.521212121212
hpmcounter5,jump,seed1,212,3270.309090909091
hpmcounter5,jump,seed1,213,3270.9757575757576
hpmcounter5,jump,seed1,214,3270.169696969697
hpmcounter5,jump,seed1,215,3270.8424242424244
hpmcounter5,jump,seed1,216,3272.0545454545454
hpmcounter5,jump,seed1,217,3273.4121212121213
hpmcounter5,jump,seed1,218,3270.7636363636366
hpmcounter5,jump,seed1,219,3264.909090909091
hpmcounter5,jump,seed1,220,3260.0545454545454
hpmcounter5,jump,seed1,221,3256.4242424242425
hpmcounter5,jump,seed1,222,3253.5939393939393
hpmcounter5,jump,seed1,223,3251.418181818182
hpmcounter5,jump,seed1,224,3247.6242424242423
hpmcounter5,jump,seed1,225,3248.2545454545457
hpmcounter5,jump,seed1,226,3249.1757575757574
hpmcounter5,jump,seed1,227,3251.7939393939396
hpmcounter5,jump,seed1,228,3254.387878787879
hpmcounter5,jump,seed1,229,3257.4
hpmcounter5,jump,seed1,230,3259.8545454545456
hpmcounter5,jump,seed1,231,3261.4242424242425
hpmcounter5,jump,seed1,232,3263.5333333333333
hpmcounter5,jump,seed1,233,3263.460606060606
hpmcounter5,jump,seed1,234,3259.5151515151515
hpmcounter5,jump,seed1,235,3258.733333333333
hpmcounter5,jump,seed1,236,3258.3333333333335
hpmcounter5,jump,seed1,237,3258.721212121212
hpmcounter5,jump,seed1,238,3256.981818181818
hpmcounter5,jump,seed1,239,3258.0
hpmcounter5,jump,seed1,240,3259.957575757576
hpmcounter5,jump,seed1,241,3276.2484848484846
hpmcounter5,jump,seed1,242,3289.660606060606
hpmcounter5,jump,seed1,243,3299.8
hpmcounter5,jump,seed1,244,3303.5939393939393
hpmcounter5,jump,seed1,245,3304.4969696969697
hpmcounter5,jump,seed1,246,3304.2727272727275
hpmcounter5,jump,seed1,247,3300.2909090909093
hpmcounter5,jump,seed1,248,3293.2909090909093
hpmcounter5,jump,seed1,249,3282.042424242424
hpmcounter5,jump,seed1,250,3266.163636363636
hpmcounter5,jump,seed1,251,3263.5757575757575
hpmcounter5,jump,seed1,252,3260.690909090909
hpmcounter5,jump,seed1,253,3258.212121212121
hpmcounter5,jump,seed1,254,3257.4545454545455
hpmcounter5,jump,seed1,255,3255.0969696969696
hpmcounter5,jump,seed1,256,3254.939393939394
hpmcounter5,jump,seed1,257,3256.733333333333
hpmcounter5,jump,seed1,258,3259.630303030303
hpmcounter5,jump,seed1,259,3263.509090909091
hpmcounter5,jump,seed1,260,3264.6969696969695
hpmcounter5,jump,seed1,261,3262.539393939394
hpmcounter5,jump,seed1,262,3260.327272727273
hpmcounter5,jump,seed1,263,3257.775757575758
hpmcounter5,jump,seed1,264,3254.8545454545456
hpmcounter5,jump,seed1,265,3267.7151515151513
hpmcounter5,jump,seed1,266,3279.2848484848487
hpmcounter5,jump,seed1,267,3308.2060606060604
hpmcounter5,jump,seed1,268,3345.7818181818184
hpmcounter5,jump,seed1,269,3388.787878787879
hpmcounter5,jump,seed1,270,3430.5272727272727
hpmcounter5,jump,seed1,271,3468.6181818181817
hpmcounter5,jump,seed1,272,3502.4424242424243
hpmcounter5,jump,seed1,273,3526.169696969697
hpmcounter5,jump,seed1,274,3521.921212121212
hpmcounter5,jump,seed1,275,3507.309090909091
hpmcounter5,jump,seed1,276,3469.0
hpmcounter5,jump,seed1,277,3428.5878787878787
hpmcounter5,jump,seed1,278,3385.957575757576
hpmcounter5,jump,seed1,279,3342.1878787878786
hpmcounter5,jump,seed1,280,3303.169696969697
hpmcounter5,jump,seed1,281,3272.5454545454545
hpmcounter5,jump,seed1,282,3256.7151515151513
hpmcounter5,jump,seed1,283,3255.0060606060606
hpmcounter5,jump,seed1,284,3255.3454545454547
hpmcounter5,jump,seed1,285,3255.2606060606063
hpmcounter5,jump,seed1,286,3257.987878787879
hpmcounter5,jump,seed1,287,3262.10303030303
hpmcounter5,jump,seed1,288,3261.5575757575757
hpmcounter5,jump,seed1,289,3257.478787878788
hpmcounter5,jump,seed1,290,3255.6060606060605
hpmcounter5,jump,seed1,291,3254.048484848485
hpmcounter5,jump,seed1,292,3251.3151515151517
hpmcounter5,jump,seed1,293,3251.6181818181817
hpmcounter5,jump,seed1,294,3249.957575757576
hpmcounter5,jump,seed1,295,3249.121212121212
hpmcounter5,jump,seed1,296,3251.018181818182
hpmcounter5,jump,seed1,297,3254.981818181818
hpmcounter5,jump,seed1,298,3257.551515151515
hpmcounter5,jump,seed10,9,3249.29696969697
hpmcounter5,jump,seed10,10,3243.5272727272727
hpmcounter5,jump,seed10,11,3238.721212121212
hpmcounter5,jump,seed10,12,3237.4242424242425
hpmcounter5,jump,seed10,13,3237.3454545454547
hpmcounter5,jump,seed10,14,3237.8727272727274
hpmcounter5,jump,seed10,15,3240.3939393939395
hpmcounter5,jump,seed10,16,3243.490909090909
hpmcounter5,jump,seed10,17,3248.460606060606
hpmcounter5,jump,seed10,18,3253.29696969697
hpmcounter5,jump,seed10,19,3259.769696969697
hpmcounter5,jump,seed10,20,3264.818181818182
hpmcounter5,jump,seed10,21,3266.7454545454543
hpmcounter5,jump,seed10,22,3268.109090909091
hpmcounter5,jump,seed10,23,3267.3030303030305
hpmcounter5,jump,seed10,24,3265.078787878788
hpmcounter5,jump,seed10,25,3260.721212121212
hpmcounter5,jump,seed10,26,3255.460606060606
hpmcounter5,jump,seed10,27,3251.0
hpmcounter5,jump,seed10,28,3246.0060606060606
hpmcounter5,jump,seed10,29,3245.9333333333334
hpmcounter5,jump,seed10,30,3249.4121212121213
hpmcounter5,jump,seed10,31,3252.048484848485
hpmcounter5,jump,seed10,32,3254.4424242424243
hpmcounter5,jump,seed10,33,3255.866666666667
hpmcounter5,jump,seed10,34,3257.5333333333333
hpmcounter5,jump,seed10,35,3258.3636363636365
hpmcounter5,jump,seed10,36,3256.0363636363636
hpmcounter5,jump,seed10,37,3253.4727272727273
hpmcounter5,jump,seed10,38,3248.266666666667
hpmcounter5,jump,seed10,39,3244.0848484848484
hpmcounter5,jump,seed10,40,3242.8424242424244
hpmcounter5,jump,seed10,41,3246.2181818181816
hpmcounter5,jump,seed10,42,3246.866666666667
hpmcounter5,jump,seed10,43,3248.630303030303
hpmcounter5,jump,seed10,44,3249.660606060606
hpmcounter5,jump,seed10,45,3250.3818181818183
hpmcounter5,jump,seed10,46,3250.787878787879
hpmcounter5,jump,seed10,47,3253.8424242424244
hpmcounter5,jump,seed10,48,3258.242424242424
hpmcounter5,jump,seed10,49,3260.357575757576
hpmcounter5,jump,seed10,50,3262.2545454545457
hpmcounter5,jump,seed10,51,3266.9636363636364
hpmcounter5,jump,seed10,52,3267.3151515151517
hpmcounter5,jump,seed10,53,3269.5757575757575
hpmcounter5,jump,seed10,54,3270.1575757575756
hpmcounter5,jump,seed10,55,3268.0060606060606
hpmcounter5,jump,seed10,56,3265.3030303030305
hpmcounter5,jump,seed10,57,3264.242424242424
hpmcounter5,jump,seed10,58,3265.4242424242425
hpmcounter5,jump,seed10,59,3265.860606060606
hpmcounter5,jump,seed10,60,3266.6787878787877
hpmcounter5,jump,seed10,61,3267.721212121212
hpmcounter5,jump,seed10,62,3265.860606060606
hpmcounter5,jump,seed10,63,3263.369696969697
hpmcounter5,jump,seed10,64,3265.7090909090907
hpmcounter5,jump,seed10,65,3266.8848484848486
hpmcounter5,jump,seed10,66,3265.551515151515
hpmcounter5,jump,seed10,67,3265.690909090909
hpmcounter5,jump,seed10,68,3268.109090909091
hpmcounter5,jump,seed10,69,3271.521212121212
hpmcounter5,jump,seed10,70,3270.672727272727
hpmcounter5,jump,seed10,71,3269.090909090909
hpmcounter5,jump,seed10,72,3266.9333333333334
hpmcounter5,jump,seed10,73,3262.0242424242424
hpmcounter5,jump,seed10,74,3262.224242424242
hpmcounter5,jump,seed10,75,3260.6484848484847
hpmcounter5,jump,seed10,76,3257.539393939394
hpmcounter5,jump,seed10,77,3253.4363636363637
hpmcounter5,jump,seed10,78,3251.987878787879
hpmcounter5,jump,seed10,79,3254.042424242424
hpmcounter5,jump,seed10,80,3254.018181818182
hpmcounter5,jump,seed10,81,3253.0848484848484
hpmcounter5,jump,seed10,82,3255.0363636363636
hpmcounter5,jump,seed10,83,3256.048484848485
hpmcounter5,jump,seed10,84,3259.630303030303
hpmcounter5,jump,seed10,85,3260.672727272727
hpmcounter5,jump,seed10,86,3260.860606060606
hpmcounter5,jump,seed10,87,3258.460606060606
hpmcounter5,jump,seed10,88,3256.987878787879
hpmcounter5,jump,seed10,89,3256.1575757575756
hpmcounter5,jump,seed10,90,3256.357575757576
hpmcounter5,jump,seed10,91,3252.769696969697
hpmcounter5,jump,seed10,92,3252.3636363636365
hpmcounter5,jump,seed10,93,3255.430303030303
hpmcounter5,jump,seed10,94,3262.551515151515
hpmcounter5,jump,seed10,95,3268.672727272727
hpmcounter5,jump,seed10,96,3271.2848484848487
hpmcounter5,jump,seed10,97,3270.5757575757575
hpmcounter5,jump,seed10,98,3270.030303030303
hpmcounter5,jump,seed10,99,3270.5333333333333
hpmcounter5,jump,seed10,100,3272.3636363636365
hpmcounter5,jump,seed10,101,3267.981818181818
hpmcounter5,jump,seed10,102,3262.9636363636364
hpmcounter5,jump,seed10,103,3257.9939393939394
hpmcounter5,jump,seed10,104,3258.721212121212
hpmcounter5,jump,seed10,105,3259.1878787878786
hpmcounter5,jump,seed10,106,3256.448484848485
hpmcounter5,jump,seed10,107,3254.660606060606
hpmcounter5,jump,seed10,108,3252.6484848484847
hpmcounter5,jump,seed10,109,3253.478787878788
hpmcounter5,jump,seed10,110,3255.3212121212123
hpmcounter5,jump,seed10,111,3255.10303030303
hpmcounter5,jump,seed10,112,3254.10303030303
hpmcounter5,jump,seed10,113,3251.836363636364
hpmcounter5,jump,seed10,114,3253.6787878787877
hpmcounter5,jump,seed10,115,3254.460606060606
hpmcounter5,jump,seed10,116,3252.048484848485
hpmcounter5,jump,seed10,117,3251.012121212121
hpmcounter5,jump,seed10,118,3249.4969696969697
hpmcounter5,jump,seed10,119,3250.060606060606
hpmcounter5,jump,seed10,120,3249.690909090909
hpmcounter5,jump,seed10,121,3247.4121212121213
hpmcounter5,jump,seed10,122,3246.018181818182
hpmcounter5,jump,seed10,123,3246.072727272727
hpmcounter5,jump,seed10,124,3249.448484848485
hpmcounter5,jump,seed10,125,3252.569696969697
hpmcounter5,jump,seed10,126,3257.6181818181817
hpmcounter5,jump,seed10,127,3262.2363636363634
hpmcounter5,jump,seed10,128,3265.060606060606
hpmcounter5,jump,seed10,129,3266.70303030303
hpmcounter5,jump,seed10,130,3266.2909090909093
hpmcounter5,jump,seed10,131,3262.242424242424
hpmcounter5,jump,seed10,132,3257.8545454545456
hpmcounter5,jump,seed10,133,3255.7818181818184
hpmcounter5,jump,seed10,134,3256.6060606060605
hpmcounter5,jump,seed10,135,3255.8848484848486
hpmcounter5,jump,seed10,136,3257.169696969697
hpmcounter5,jump,seed10,137,3257.1272727272726
hpmcounter5,jump,seed10,138,3258.5454545454545
hpmcounter5,jump,seed10,139,3259.4666666666667
hpmcounter5,jump,seed10,140,3262.7151515151513
hpmcounter5,jump,seed10,141,3262.193939393939
hpmcounter5,jump,seed10,142,3259.109090909091
hpmcounter5,jump,seed10,143,3259.266666666667
hpmcounter5,jump,seed10,144,3260.1454545454544
hpmcounter5,jump,seed10,145,3259.418181818182
hpmcounter5,jump,seed10,146,3257.3030303030305
hpmcounter5,jump,seed10,147,3252.139393939394
hpmcounter5,jump,seed10,148,3249.6484848484847
hpmcounter5,jump,seed10,149,3246.3151515151517
hpmcounter5,jump,seed10,150,3251.2
hpmcounter5,jump,seed10,151,3270.230303030303
hpmcounter5,jump,seed10,152,3298.6181818181817
hpmcounter5,jump,seed10,153,3336.757575757576
hpmcounter5,jump,seed10,154,3380.5575757575757
hpmcounter5,jump,seed10,155,3425.987878787879
hpmcounter5,jump,seed10,156,3468.775757575758
hpmcounter5,jump,seed10,157,3504.909090909091
hpmcounter5,jump,seed10,158,3531.951515151515
hpmcounter5,jump,seed10,159,3547.4121212121213
hpmcounter5,jump,seed10,160,3553.0242424242424
hpmcounter5,jump,seed10,161,3556.3757575757577
hpmcounter5,jump,seed10,162,3557.939393939394
hpmcounter5,jump,seed10,163,3556.163636363636
hpmcounter5,jump,seed10,164,3554.939393939394
hpmcounter5,jump,seed10,165,3552.539393939394
hpmcounter5,jump,seed10,166,3549.072727272727
hpmcounter5,jump,seed10,167,3546.3757575757577
hpmcounter5,jump,seed10,168,3543.6242424242423
hpmcounter5,jump,seed10,169,3542.0363636363636
hpmcounter5,jump,seed10,170,3543.8242424242426
hpmcounter5,jump,seed10,171,3542.581818181818
hpmcounter5,jump,seed10,172,3543.5454545454545
hpmcounter5,jump,seed10,173,3544.4848484848485
hpmcounter5,jump,seed10,174,3547.0666666666666
hpmcounter5,jump,seed10,175,3547.0242424242424
hpmcounter5,jump,seed10,176,3545.848484848485
hpmcounter5,jump,seed10,177,3544.1878787878786
hpmcounter5,jump,seed10,178,3544.818181818182
hpmcounter5,jump,seed10,179,3545.5757575757575
hpmcounter5,jump,seed10,180,3531.0242424242424
hpmcounter5,jump,seed10,181,3504.369696969697
hpmcounter5,jump,seed10,182,3467.5030303030303
hpmcounter5,jump,seed10,183,3426.2484848484846
hpmcounter5,jump,seed10,184,3382.1575757575756
hpmcounter5,jump,seed10,185,3340.3939393939395
hpmcounter5,jump,seed10,186,3303.1454545454544
hpmcounter5,jump,seed10,187,3271.7090909090907
hpmcounter5,jump,seed10,188,3255.7454545454543
hpmcounter5,jump,seed10,189,3255.1878787878786
hpmcounter5,jump,seed10,190,3254.8848484848486
hpmcounter5,jump,seed10,191,3254.1151515151514
hpmcounter5,jump,seed10,192,3251.9939393939394
hpmcounter5,jump,seed10,193,3250.7272727272725
hpmcounter5,jump,seed10,194,3249.460606060606
hpmcounter5,jump,seed10,195,3251.7272727272725
hpmcounter5,jump,seed10,196,3252.4060606060607
hpmcounter5,jump,seed10,197,3254.0
hpmcounter5,jump,seed10,198,3261.7272727272725
hpmcounter5,jump,seed10,199,3266.327272727273
hpmcounter5,jump,seed10,200,3271.5333333333333
hpmcounter5,jump,seed10,201,3275.2727272727275
hpmcounter5,jump,seed10,202,3295.078787878788
hpmcounter5,jump,seed10,203,3325.9454545454546
hpmcounter5,jump,seed10,204,3365.278787878788
hpmcounter5,jump,seed10,205,3393.309090909091
hpmcounter5,jump,seed10,206,3406.7393939393937
hpmcounter5,jump,seed10,207,3411.418181818182
hpmcounter5,jump,seed10,208,3406.478787878788
hpmcounter5,jump,seed10,209,3387.012121212121
hpmcounter5,jump,seed10,210,3355.072727272727
hpmcounter5,jump,seed10,211,3311.8545454545456
hpmcounter5,jump,seed10,212,3279.8545454545456
hpmcounter5,jump,seed10,213,3259.5272727272727
hpmcounter5,jump,seed10,214,3258.8727272727274
hpmcounter5,jump,seed10,215,3255.733333333333
hpmcounter5,jump,seed10,216,3254.3212121212123
hpmcounter5,jump,seed10,217,3257.2909090909093
hpmcounter5,jump,seed10,218,3259.642424242424
hpmcounter5,jump,seed10,219,3263.921212121212
hpmcounter5,jump,seed10,220,3266.121212121212
hpmcounter5,jump,seed10,221,3268.060606060606
hpmcounter5,jump,seed10,222,3269.987878787879
hpmcounter5,jump,seed10,223,3269.369696969697
hpmcounter5,jump,seed10,224,3271.5333333333333
hpmcounter5,jump,seed10,225,3271.478787878788
hpmcounter5,jump,seed10,226,3269.8545454545456
hpmcounter5,jump,seed10,227,3270.4121212121213
hpmcounter5,jump,seed10,228,3268.787878787879
hpmcounter5,jump,seed10,229,3269.2060606060604
hpmcounter5,jump,seed10,230,3266.224242424242
hpmcounter5,jump,seed10,231,3265.1272727272726
hpmcounter5,jump,seed10,232,3264.551515151515
hpmcounter5,jump,seed10,233,3265.4363636363637
hpmcounter5,jump,seed10,234,3264.139393939394
hpmcounter5,jump,seed10,235,3264.830303030303
hpmcounter5,jump,seed10,236,3262.6787878787877
hpmcounter5,jump,seed10,237,3259.0363636363636
hpmcounter5,jump,seed10,238,3256.7818181818184
hpmcounter5,jump,seed10,239,3256.7939393939396
hpmcounter5,jump,seed10,240,3254.7151515151513
hpmcounter5,jump,seed10,241,3252.939393939394
hpmcounter5,jump,seed10,242,3254.4666666666667
hpmcounter5,jump,seed10,243,3260.7454545454543
hpmcounter5,jump,seed10,244,3264.5757575757575
hpmcounter5,jump,seed10,245,3266.8
hpmcounter5,jump,seed10,246,3268.29696969697
hpmcounter5,jump,seed10,247,3264.9030303030304
hpmcounter5,jump,seed10,248,3263.1454545454544
hpmcounter5,jump,seed10,249,3261.4363636363637
hpmcounter5,jump,seed10,250,3257.4727272727273
hpmcounter5,jump,seed10,251,3254.309090909091
hpmcounter5,jump,seed10,252,3252.612121212121
hpmcounter5,jump,seed10,253,3251.836363636364
hpmcounter5,jump,seed10,254,3253.818181818182
hpmcounter5,jump,seed10,255,3253.10303030303
hpmcounter5,jump,seed10,256,3251.806060606061
hpmcounter5,jump,seed10,257,3250.3030303030305
hpmcounter5,jump,seed10,258,3248.5272727272727
hpmcounter5,jump,seed10,259,3247.109090909091
hpmcounter5,jump,seed10,260,3247.5757575757575
hpmcounter5,jump,seed10,261,3250.212121212121
hpmcounter5,jump,seed10,262,3253.121212121212
hpmcounter5,jump,seed10,263,3253.6484848484847
hpmcounter5,jump,seed10,264,3254.169696969697
hpmcounter5,jump,seed10,265,3254.7454545454543
hpmcounter5,jump,seed10,266,3255.2484848484846
hpmcounter5,jump,seed10,267,3256.1878787878786
hpmcounter5,jump,seed10,268,3255.6060606060605
hpmcounter5,jump,seed10,269,3255.4727272727273
hpmcounter5,jump,seed10,270,3258.4121212121213
hpmcounter5,jump,seed10,271,3261.878787878788
hpmcounter5,jump,seed10,272,3267.1151515151514
hpmcounter5,jump,seed10,273,3270.2909090909093
hpmcounter5,jump,seed10,274,3271.733333333333
hpmcounter5,jump,seed10,275,3272.309090909091
hpmcounter5,jump,seed10,276,3273.5575757575757
hpmcounter5,jump,seed10,277,3273.6181818181817
hpmcounter5,jump,seed10,278,3270.969696969697
hpmcounter5,jump,seed10,279,3265.927272727273
hpmcounter5,jump,seed10,280,3260.848484848485
hpmcounter5,jump,seed10,281,3253.89696969697
hpmcounter5,jump,seed10,282,3252.4727272727273
hpmcounter5,jump,seed10,283,3252.121212121212
hpmcounter5,jump,seed10,284,3254.072727272727
hpmcounter5,jump,seed10,285,3255.690909090909
hpmcounter5,jump,seed10,286,3259.327272727273
hpmcounter5,jump,seed10,287,3263.6484848484847
hpmcounter5,jump,seed10,288,3264.7636363636366
hpmcounter5,jump,seed10,289,3261.29696969697
hpmcounter5,jump,seed10,290,3257.5757575757575
hpmcounter5,jump,seed10,291,3252.2363636363634
hpmcounter5,jump,seed10,292,3250.2363636363634
hpmcounter5,jump,seed10,293,3250.6848484848483
hpmcounter5,jump,seed10,294,3252.5878787878787
hpmcounter5,jump,seed10,295,3254.4848484848485
hpmcounter5,jump,seed10,296,3256.6666666666665
hpmcounter5,jump,seed10,297,3261.10303030303
hpmcounter5,jump,seed10,298,3264.521212121212
hpmcounter5,jump,seed11,9,3251.818181818182
hpmcounter5,jump,seed11,10,3249.769696969697
hpmcounter5,jump,seed11,11,3246.660606060606
hpmcounter5,jump,seed11,12,3243.4242424242425
hpmcounter5,jump,seed11,13,3238.7090909090907
hpmcounter5,jump,seed11,14,3237.8727272727274
hpmcounter5,jump,seed11,15,3237.4242424242425
hpmcounter5,jump,seed11,16,3236.642424242424
hpmcounter5,jump,seed11,17,3239.6545454545453
hpmcounter5,jump,seed11,18,3242.981818181818
hpmcounter5,jump,seed11,19,3249.1454545454544
hpmcounter5,jump,seed11,20,3256.048484848485
hpmcounter5,jump,seed11,21,3261.2484848484846
hpmcounter5,jump,seed11,22,3266.6181818181817
hpmcounter5,jump,seed11,23,3269.9757575757576
hpmcounter5,jump,seed11,24,3271.8
hpmcounter5,jump,seed11,25,3269.012121212121
hpmcounter5,jump,seed11,26,3262.5636363636363
hpmcounter5,jump,seed11,27,3256.1454545454544
hpmcounter5,jump,seed11,28,3248.5272727272727
hpmcounter5,jump,seed11,29,3244.5939393939393
hpmcounter5,jump,seed11,30,3246.0060606060606
hpmcounter5,jump,seed11,31,3246.551515151515
hpmcounter5,jump,seed11,32,3247.733333333333
hpmcounter5,jump,seed11,33,3250.4
hpmcounter5,jump,seed11,34,3253.4060606060607
hpmcounter5,jump,seed11,35,3253.569696969697
hpmcounter5,jump,seed11,36,3251.139393939394
hpmcounter5,jump,seed11,37,3248.9939393939394
hpmcounter5,jump,seed11,38,3245.909090909091
hpmcounter5,jump,seed11,39,3243.951515151515
hpmcounter5,jump,seed11,40,3244.890909090909
hpmcounter5,jump,seed11,41,3248.860606060606
hpmcounter5,jump,seed11,42,3250.630303030303
hpmcounter5,jump,seed11,43,3253.9151515151516
hpmcounter5,jump,seed11,44,3257.8424242424244
hpmcounter5,jump,seed11,45,3259.927272727273
hpmcounter5,jump,seed11,46,3260.9333333333334
hpmcounter5,jump,seed11,47,3262.539393939394
hpmcounter5,jump,seed11,48,3264.9454545454546
hpmcounter5,jump,seed11,49,3265.70303030303
hpmcounter5,jump,seed11,50,3265.3030303030305
hpmcounter5,jump,seed11,51,3268.030303030303
hpmcounter5,jump,seed11,52,3267.9151515151516
hpmcounter5,jump,seed11,53,3269.012121212121
hpmcounter5,jump,seed11,54,3269.8121212121214
hpmcounter5,jump,seed11,55,3282.0545454545454
hpmcounter5,jump,seed11,56,3307.8727272727274
hpmcounter5,jump,seed11,57,3342.8545454545456
hpmcounter5,jump,seed11,58,3384.9454545454546
hpmcounter5,jump,seed11,59,3426.4424242424243
hpmcounter5,jump,seed11,60,3466.9636363636364
hpmcounter5,jump,seed11,61,3502.266666666667
hpmcounter5,jump,seed11,62,3529.9636363636364
hpmcounter5,jump,seed11,63,3545.8242424242426
hpmcounter5,jump,seed11,64,3546.5575757575757
hpmcounter5,jump,seed11,65,3531.4
hpmcounter5,jump,seed11,66,3504.6787878787877
hpmcounter5,jump,seed11,67,3471.6484848484847
hpmcounter5,jump,seed11,68,3437.072727272727
hpmcounter5,jump,seed11,69,3398.2484848484846
hpmcounter5,jump,seed11,70,3361.806060606061
hpmcounter5,jump,seed11,71,3326.6848484848483
hpmcounter5,jump,seed11,72,3299.7272727272725
hpmcounter5,jump,seed11,73,3283.9151515151516
hpmcounter5,jump,seed11,74,3278.2606060606063
hpmcounter5,jump,seed11,75,3272.9454545454546
hpmcounter5,jump,seed11,76,3265.551515151515
hpmcounter5,jump,seed11,77,3258.836363636364
hpmcounter5,jump,seed11,78,3255.4242424242425
hpmcounter5,jump,seed11,79,3252.3030303030305
hpmcounter5,jump,seed11,80,3253.2727272727275
hpmcounter5,jump,seed11,81,3256.3515151515153
hpmcounter5,jump,seed11,82,3259.266666666667
hpmcounter5,jump,seed11,83,3263.448484848485
hpmcounter5,jump,seed11,84,3264.642424242424
hpmcounter5,jump,seed11,85,3265.927272727273
hpmcounter5,jump,seed11,86,3266.581818181818
hpmcounter5,jump,seed11,87,3268.8727272727274
hpmcounter5,jump,seed11,88,3269.9151515151516
hpmcounter5,jump,seed11,89,3269.4424242424243
hpmcounter5,jump,seed11,90,3269.70303030303
hpmcounter5,jump,seed11,91,3269.369696969697
hpmcounter5,jump,seed11,92,3266.6
hpmcounter5,jump,seed11,93,3261.509090909091
hpmcounter5,jump,seed11,94,3257.6848484848483
hpmcounter5,jump,seed11,95,3252.042424242424
hpmcounter5,jump,seed11,96,3245.369696969697
hpmcounter5,jump,seed11,97,3242.957575757576
hpmcounter5,jump,seed11,98,3243.278787878788
hpmcounter5,jump,seed11,99,3243.6787878787877
hpmcounter5,jump,seed11,100,3246.89696969697
hpmcounter5,jump,seed11,101,3250.721212121212
hpmcounter5,jump,seed11,102,3252.327272727273
hpmcounter5,jump,seed11,103,3267.018181818182
hpmcounter5,jump,seed11,104,3297.7090909090907
hpmcounter5,jump,seed11,105,3321.0363636363636
hpmcounter5,jump,seed11,106,3336.181818181818
hpmcounter5,jump,seed11,107,3345.2848484848487
hpmcounter5,jump,seed11,108,3349.078787878788
hpmcounter5,jump,seed11,109,3342.787878787879
hpmcounter5,jump,seed11,110,3330.4848484848485
hpmcounter5,jump,seed11,111,3309.6363636363635
hpmcounter5,jump,seed11,112,3280.775757575758
hpmcounter5,jump,seed11,113,3261.4969696969697
hpmcounter5,jump,seed11,114,3259.139393939394
hpmcounter5,jump,seed11,115,3258.369696969697
hpmcounter5,jump,seed11,116,3258.9454545454546
hpmcounter5,jump,seed11,117,3261.7272727272725
hpmcounter5,jump,seed11,118,3266.5151515151515
hpmcounter5,jump,seed11,119,3271.387878787879
hpmcounter5,jump,seed11,120,3274.478787878788
hpmcounter5,jump,seed11,121,3272.860606060606
hpmcounter5,jump,seed11,122,3270.957575757576
hpmcounter5,jump,seed11,123,3269.4060606060607
hpmcounter5,jump,seed11,124,3266.369696969697
hpmcounter5,jump,seed11,125,3263.339393939394
hpmcounter5,jump,seed11,126,3260.769696969697
hpmcounter5,jump,seed11,127,3258.721212121212
hpmcounter5,jump,seed11,128,3258.4363636363637
hpmcounter5,jump,seed11,129,3262.8
hpmcounter5,jump,seed11,130,3265.042424242424
hpmcounter5,jump,seed11,131,3267.4666666666667
hpmcounter5,jump,seed11,132,3268.890909090909
hpmcounter5,jump,seed11,133,3274.339393939394
hpmcounter5,jump,seed11,134,3278.4424242424243
hpmcounter5,jump,seed11,135,3280.5272727272727
hpmcounter5,jump,seed11,136,3279.9030303030304
hpmcounter5,jump,seed11,137,3278.818181818182
hpmcounter5,jump,seed11,138,3277.2545454545457
hpmcounter5,jump,seed11,139,3274.5151515151515
hpmcounter5,jump,seed11,140,3270.048484848485
hpmcounter5,jump,seed11,141,3265.987878787879
hpmcounter5,jump,seed11,142,3259.951515151515
hpmcounter5,jump,seed11,143,3257.6
hpmcounter5,jump,seed11,144,3258.1454545454544
hpmcounter5,jump,seed11,145,3257.357575757576
hpmcounter5,jump,seed11,146,3254.1272727272726
hpmcounter5,jump,seed11,147,3254.4363636363637
hpmcounter5,jump,seed11,148,3256.830303030303
hpmcounter5,jump,seed11,149,3255.921212121212
hpmcounter5,jump,seed11,150,3255.2727272727275
hpmcounter5,jump,seed11,151,3269.6
hpmcounter5,jump,seed11,152,3294.769696969697
hpmcounter5,jump,seed11,153,3330.4121212121213
hpmcounter5,jump,seed11,154,3373.042424242424
hpmcounter5,jump,seed11,155,3418.369696969697
hpmcounter5,jump,seed11,156,3460.1272727272726
hpmcounter5,jump,seed11,157,3496.89696969697
hpmcounter5,jump,seed11,158,3525.3151515151517
hpmcounter5,jump,seed11,159,3543.109090909091
hpmcounter5,jump,seed11,160,3546.0363636363636
hpmcounter5,jump,seed11,161,3546.878787878788
hpmcounter5,jump,seed11,162,3549.4848484848485
hpmcounter5,jump,seed11,163,3552.9757575757576
hpmcounter5,jump,seed11,164,3555.6
hpmcounter5,jump,seed11,165,3559.29696969697
hpmcounter5,jump,seed11,166,3561.2727272727275
hpmcounter5,jump,seed11,167,3562.266666666667
hpmcounter5,jump,seed11,168,3563.030303030303
hpmcounter5,jump,seed11,169,3564.5757575757575
hpmcounter5,jump,seed11,170,3563.787878787879
hpmcounter5,jump,seed11,171,3559.0848484848484
hpmcounter5,jump,seed11,172,3555.3515151515153
hpmcounter5,jump,seed11,173,3537.8545454545456
hpmcounter5,jump,seed11,174,3508.7454545454543
hpmcounter5,jump,seed11,175,3472.6363636363635
hpmcounter5,jump,seed11,176,3428.9151515151516
hpmcounter5,jump,seed11,177,3383.927272727273
hpmcounter5,jump,seed11,178,3345.4545454545455
hpmcounter5,jump,seed11,179,3313.569696969697
hpmcounter5,jump,seed11,180,3287.4666666666667
hpmcounter5,jump,seed11,181,3271.6060606060605
hpmcounter5,jump,seed11,182,3269.818181818182
hpmcounter5,jump,seed11,183,3267.1575757575756
hpmcounter5,jump,seed11,184,3266.1878787878786
hpmcounter5,jump,seed11,185,3268.6181818181817
hpmcounter5,jump,seed11,186,3271.9636363636364
hpmcounter5,jump,seed11,187,3272.4363636363637
hpmcounter5,jump,seed11,188,3272.642424242424
hpmcounter5,jump,seed11,189,3273.1454545454544
hpmcounter5,jump,seed11,190,3271.806060606061
hpmcounter5,jump,seed11,191,3270.8424242424244
hpmcounter5,jump,seed11,192,3269.4060606060607
hpmcounter5,jump,seed11,193,3264.0666666666666
hpmcounter5,jump,seed11,194,3259.9636363636364
hpmcounter5,jump,seed11,195,3258.1272727272726
hpmcounter5,jump,seed11,196,3259.957575757576
hpmcounter5,jump,seed11,197,3260.6848484848483
hpmcounter5,jump,seed11,198,3262.6848484848483
hpmcounter5,jump,seed11,199,3266.0545454545454
hpmcounter5,jump,seed11,200,3267.818181818182
hpmcounter5,jump,seed11,201,3269.70303030303
hpmcounter5,jump,seed11,202,3272.2181818181816
hpmcounter5,jump,seed11,203,3271.951515151515
hpmcounter5,jump,seed11,204,3272.848484848485
hpmcounter5,jump,seed11,205,3272.2909090909093
hpmcounter5,jump,seed11,206,3273.7818181818184
hpmcounter5,jump,seed11,207,3273.2848484848487
hpmcounter5,jump,seed11,208,3271.848484848485
hpmcounter5,jump,seed11,209,3271.8727272727274
hpmcounter5,jump,seed11,210,3271.951515151515
hpmcounter5,jump,seed11,211,3270.733333333333
hpmcounter5,jump,seed11,212,3270.369696969697
hpmcounter5,jump,seed11,213,3269.048484848485
hpmcounter5,jump,seed11,214,3266.230303030303
hpmcounter5,jump,seed11,215,3263.4121212121213
hpmcounter5,jump,seed11,216,3260.266666666667
hpmcounter5,jump,seed11,217,3258.0848484848484
hpmcounter5,jump,seed11,218,3254.672727272727
hpmcounter5,jump,seed11,219,3251.121212121212
hpmcounter5,jump,seed11,220,3251.4848484848485
hpmcounter5,jump,seed11,221,3253.8424242424244
hpmcounter5,jump,seed11,222,3256.878787878788
hpmcounter5,jump,seed11,223,3260.909090909091
hpmcounter5,jump,seed11,224,3261.581818181818
hpmcounter5,jump,seed11,225,3265.478787878788
hpmcounter5,jump,seed11,226,3265.7515151515154
hpmcounter5,jump,seed11,227,3268.133333333333
hpmcounter5,jump,seed11,228,3269.2363636363634
hpmcounter5,jump,seed11,229,3268.060606060606
hpmcounter5,jump,seed11,230,3267.5636363636363
hpmcounter5,jump,seed11,231,3268.3757575757577
hpmcounter5,jump,seed11,232,3267.5151515151515
hpmcounter5,jump,seed11,233,3266.369696969697
hpmcounter5,jump,seed11,234,3262.8
hpmcounter5,jump,seed11,235,3258.7393939393937
hpmcounter5,jump,seed11,236,3254.909090909091
hpmcounter5,jump,seed11,237,3254.6242424242423
hpmcounter5,jump,seed11,238,3255.969696969697
hpmcounter5,jump,seed11,239,3257.6484848484847
hpmcounter5,jump,seed11,240,3258.690909090909
hpmcounter5,jump,seed11,241,3261.8424242424244
hpmcounter5,jump,seed11,242,3263.6181818181817
hpmcounter5,jump,seed11,243,3265.7818181818184
hpmcounter5,jump,seed11,244,3267.369696969697
hpmcounter5,jump,seed11,245,3266.1272727272726
hpmcounter5,jump,seed11,246,3265.2727272727275
hpmcounter5,jump,seed11,247,3265.509090909091
hpmcounter5,jump,seed11,248,3266.509090909091
hpmcounter5,jump,seed11,249,3266.042424242424
hpmcounter5,jump,seed11,250,3267.3030303030305
hpmcounter5,jump,seed11,251,3271.012121212121
hpmcounter5,jump,seed11,252,3273.212121212121
hpmcounter5,jump,seed11,253,3272.3030303030305
hpmcounter5,jump,seed11,254,3272.4545454545455
hpmcounter5,jump,seed11,255,3271.551515151515
hpmcounter5,jump,seed11,256,3270.7090909090907
hpmcounter5,jump,seed11,257,3269.266666666667
hpmcounter5,jump,seed11,258,3267.6545454545453
hpmcounter5,jump,seed11,259,3264.957575757576
hpmcounter5,jump,seed11,260,3264.5454545454545
hpmcounter5,jump,seed11,261,3263.109090909091
hpmcounter5,jump,seed11,262,3263.9636363636364
hpmcounter5,jump,seed11,263,3260.6969696969695
hpmcounter5,jump,seed11,264,3259.3636363636365
hpmcounter5,jump,seed11,265,3256.8545454545456
hpmcounter5,jump,seed11,266,3254.0666666666666
hpmcounter5,jump,seed11,267,3250.630303030303
hpmcounter5,jump,seed11,268,3246.8848484848486
hpmcounter5,jump,seed11,269,3242.721212121212
hpmcounter5,jump,seed11,270,3240.6848484848483
hpmcounter5,jump,seed11,271,3254.7636363636366
hpmcounter5,jump,seed11,272,3269.9151515151516
hpmcounter5,jump,seed11,273,3283.957575757576
hpmcounter5,jump,seed11,274,3297.4424242424243
hpmcounter5,jump,seed11,275,3306.4727272727273
hpmcounter5,jump,seed11,276,3307.5272727272727
hpmcounter5,jump,seed11,277,3304.1757575757574
hpmcounter5,jump,seed11,278,3295.4
hpmcounter5,jump,seed11,279,3279.757575757576
hpmcounter5,jump,seed11,280,3261.309090909091
hpmcounter5,jump,seed11,281,3260.121212121212
hpmcounter5,jump,seed11,282,3260.612121212121
hpmcounter5,jump,seed11,283,3262.490909090909
hpmcounter5,jump,seed11,284,3265.757575757576
hpmcounter5,jump,seed11,285,3267.266666666667
hpmcounter5,jump,seed11,286,3264.072727272727
hpmcounter5,jump,seed11,287,3257.9333333333334
hpmcounter5,jump,seed11,288,3252.7151515151513
hpmcounter5,jump,seed11,289,3246.4969696969697
hpmcounter5,jump,seed11,290,3244.387878787879
hpmcounter5,jump,seed11,291,3245.460606060606
hpmcounter5,jump,seed11,292,3248.569696969697
hpmcounter5,jump,seed11,293,3251.70303030303
hpmcounter5,jump,seed11,294,3255.8727272727274
hpmcounter5,jump,seed11,295,3260.2727272727275
hpmcounter5,jump,seed11,296,3262.060606060606
hpmcounter5,jump,seed11,297,3261.8121212121214
hpmcounter5,jump,seed11,298,3261.5151515151515
hpmcounter5,jump,seed12,9,3259.3454545454547
hpmcounter5,jump,seed12,10,3255.769696969697
hpmcounter5,jump,seed12,11,3251.8242424242426
hpmcounter5,jump,seed12,12,3249.448484848485
hpmcounter5,jump,seed12,13,3245.5575757575757
hpmcounter5,jump,seed12,14,3241.9454545454546
hpmcounter5,jump,seed12,15,3240.3939393939395
hpmcounter5,jump,seed12,16,3239.8121212121214
hpmcounter5,jump,seed12,17,3241.5272727272727
hpmcounter5,jump,seed12,18,3243.2909090909093
hpmcounter5,jump,seed12,19,3248.7090909090907
hpmcounter5,jump,seed12,20,3254.2181818181816
hpmcounter5,jump,seed12,21,3259.3454545454547
hpmcounter5,jump,seed12,22,3264.4060606060607
hpmcounter5,jump,seed12,23,3265.5272727272727
hpmcounter5,jump,seed12,24,3265.151515151515
hpmcounter5,jump,seed12,25,3261.266666666667
hpmcounter5,jump,seed12,26,3255.3212121212123
hpmcounter5,jump,seed12,27,3248.8848484848486
hpmcounter5,jump,seed12,28,3241.836363636364
hpmcounter5,jump,seed12,29,3238.2181818181816
hpmcounter5,jump,seed12,30,3239.169696969697
hpmcounter5,jump,seed12,31,3240.4727272727273
hpmcounter5,jump,seed12,32,3242.5333333333333
hpmcounter5,jump,seed12,33,3261.7090909090907
hpmcounter5,jump,seed12,34,3277.3212121212123
hpmcounter5,jump,seed12,35,3305.7939393939396
hpmcounter5,jump,seed12,36,3341.278787878788
hpmcounter5,jump,seed12,37,3362.612121212121
hpmcounter5,jump,seed12,38,3374.5030303030303
hpmcounter5,jump,seed12,39,3377.0666666666666
hpmcounter5,jump,seed12,40,3389.0060606060606
hpmcounter5,jump,seed12,41,3401.6242424242423
hpmcounter5,jump,seed12,42,3408.242424242424
hpmcounter5,jump,seed12,43,3413.7818181818184
hpmcounter5,jump,seed12,44,3403.7818181818184
hpmcounter5,jump,seed12,45,3411.0363636363636
hpmcounter5,jump,seed12,46,3433.612121212121
hpmcounter5,jump,seed12,47,3451.4969696969697
hpmcounter5,jump,seed12,48,3450.4848484848485
hpmcounter5,jump,seed12,49,3427.721212121212
hpmcounter5,jump,seed12,50,3404.7939393939396
hpmcounter5,jump,seed12,51,3399.3212121212123
hpmcounter5,jump,seed12,52,3410.630303030303
hpmcounter5,jump,seed12,53,3419.7272727272725
hpmcounter5,jump,seed12,54,3408.6242424242423
hpmcounter5,jump,seed12,55,3396.0848484848484
hpmcounter5,jump,seed12,56,3382.957575757576
hpmcounter5,jump,seed12,57,3376.2484848484846
hpmcounter5,jump,seed12,58,3359.109090909091
hpmcounter5,jump,seed12,59,3333.775757575758
hpmcounter5,jump,seed12,60,3296.418181818182
hpmcounter5,jump,seed12,61,3268.2848484848487
hpmcounter5,jump,seed12,62,3253.048484848485
hpmcounter5,jump,seed12,63,3252.70303030303
hpmcounter5,jump,seed12,64,3250.5636363636363
hpmcounter5,jump,seed12,65,3250.7393939393937
hpmcounter5,jump,seed12,66,3252.266666666667
hpmcounter5,jump,seed12,67,3254.6242424242423
hpmcounter5,jump,seed12,68,3254.3454545454547
hpmcounter5,jump,seed12,69,3255.6969696969695
hpmcounter5,jump,seed12,70,3254.612121212121
hpmcounter5,jump,seed12,71,3256.787878787879
hpmcounter5,jump,seed12,72,3258.3939393939395
hpmcounter5,jump,seed12,73,3257.0848484848484
hpmcounter5,jump,seed12,74,3253.10303030303
hpmcounter5,jump,seed12,75,3251.521212121212
hpmcounter5,jump,seed12,76,3255.539393939394
hpmcounter5,jump,seed12,77,3260.2545454545457
hpmcounter5,jump,seed12,78,3261.1757575757574
hpmcounter5,jump,seed12,79,3261.6666666666665
hpmcounter5,jump,seed12,80,3260.5272727272727
hpmcounter5,jump,seed12,81,3261.927272727273
hpmcounter5,jump,seed12,82,3263.3151515151517
hpmcounter5,jump,seed12,83,3260.672727272727
hpmcounter5,jump,seed12,84,3255.672727272727
hpmcounter5,jump,seed12,85,3252.418181818182
hpmcounter5,jump,seed12,86,3253.3939393939395
hpmcounter5,jump,seed12,87,3255.521212121212
hpmcounter5,jump,seed12,88,3255.193939393939
hpmcounter5,jump,seed12,89,3254.121212121212
hpmcounter5,jump,seed12,90,3256.242424242424
hpmcounter5,jump,seed12,91,3258.5939393939393
hpmcounter5,jump,seed12,92,3263.3454545454547
hpmcounter5,jump,seed12,93,3267.1575757575756
hpmcounter5,jump,seed12,94,3270.012121212121
hpmcounter5,jump,seed12,95,3272.430303030303
hpmcounter5,jump,seed12,96,3273.193939393939
hpmcounter5,jump,seed12,97,3273.957575757576
hpmcounter5,jump,seed12,98,3272.387878787879
hpmcounter5,jump,seed12,99,3266.1454545454544
hpmcounter5,jump,seed12,100,3260.3151515151517
hpmcounter5,jump,seed12,101,3253.460606060606
hpmcounter5,jump,seed12,102,3248.224242424242
hpmcounter5,jump,seed12,103,3246.163636363636
hpmcounter5,jump,seed12,104,3246.866666666667
hpmcounter5,jump,seed12,105,3248.775757575758
hpmcounter5,jump,seed12,106,3252.060606060606
hpmcounter5,jump,seed12,107,3261.1454545454544
hpmcounter5,jump,seed12,108,3268.551515151515
hpmcounter5,jump,seed12,109,3273.5939393939393
hpmcounter5,jump,seed12,110,3275.89696969697
hpmcounter5,jump,seed12,111,3276.6242424242423
hpmcounter5,jump,seed12,112,3273.8727272727274
hpmcounter5,jump,seed12,113,3269.5151515151515
hpmcounter5,jump,seed12,114,3265.878787878788
hpmcounter5,jump,seed12,115,3259.7272727272725
hpmcounter5,jump,seed12,116,3254.490909090909
hpmcounter5,jump,seed12,117,3252.818181818182
hpmcounter5,jump,seed12,118,3251.878787878788
hpmcounter5,jump,seed12,119,3253.2909090909093
hpmcounter5,jump,seed12,120,3255.8
hpmcounter5,jump,seed12,121,3256.806060606061
hpmcounter5,jump,seed12,122,3255.430303030303
hpmcounter5,jump,seed12,123,3252.866666666667
hpmcounter5,jump,seed12,124,3252.6
hpmcounter5,jump,seed12,125,3253.418181818182
hpmcounter5,jump,seed12,126,3253.8545454545456
hpmcounter5,jump,seed12,127,3252.5030303030303
hpmcounter5,jump,seed12,128,3254.5878787878787
hpmcounter5,jump,seed12,129,3258.836363636364
hpmcounter5,jump,seed12,130,3264.8727272727274
hpmcounter5,jump,seed12,131,3267.987878787879
hpmcounter5,jump,seed12,132,3269.551515151515
hpmcounter5,jump,seed12,133,3268.072727272727
hpmcounter5,jump,seed12,134,3267.163636363636
hpmcounter5,jump,seed12,135,3267.418181818182
hpmcounter5,jump,seed12,136,3267.2484848484846
hpmcounter5,jump,seed12,137,3267.89696969697
hpmcounter5,jump,seed12,138,3269.0545454545454
hpmcounter5,jump,seed12,139,3268.163636363636
hpmcounter5,jump,seed12,140,3265.8727272727274
hpmcounter5,jump,seed12,141,3263.048484848485
hpmcounter5,jump,seed12,142,3260.29696969697
hpmcounter5,jump,seed12,143,3255.509090909091
hpmcounter5,jump,seed12,144,3249.018181818182
hpmcounter5,jump,seed12,145,3242.8424242424244
hpmcounter5,jump,seed12,146,3237.042424242424
hpmcounter5,jump,seed12,147,3236.7939393939396
hpmcounter5,jump,seed12,148,3238.7272727272725
hpmcounter5,jump,seed12,149,3241.5454545454545
hpmcounter5,jump,seed12,150,3243.133333333333
hpmcounter5,jump,seed12,151,3261.8
hpmcounter5,jump,seed12,152,3291.9939393939394
hpmcounter5,jump,seed12,153,3330.581818181818
hpmcounter5,jump,seed12,154,3374.3939393939395
hpmcounter5,jump,seed12,155,3418.8
hpmcounter5,jump,seed12,156,3462.3212121212123
hpmcounter5,jump,seed12,157,3502.29696969697
hpmcounter5,jump,seed12,158,3532.4
hpmcounter5,jump,seed12,159,3551.521212121212
hpmcounter5,jump,seed12,160,3554.7515151515154
hpmcounter5,jump,seed12,161,3554.5272727272727
hpmcounter5,jump,seed12,162,3552.2060606060604
hpmcounter5,jump,seed12,163,3550.8545454545456
hpmcounter5,jump,seed12,164,3547.987878787879
hpmcounter5,jump,seed12,165,3544.939393939394
hpmcounter5,jump,seed12,166,3542.612121212121
hpmcounter5,jump,seed12,167,3542.6060606060605
hpmcounter5,jump,seed12,168,3540.7090909090907
hpmcounter5,jump,seed12,169,3539.6787878787877
hpmcounter5,jump,seed12,170,3541.109090909091
hpmcounter5,jump,seed12,171,3543.018181818182
hpmcounter5,jump,seed12,172,3545.9151515151516
hpmcounter5,jump,seed12,173,3535.672727272727
hpmcounter5,jump,seed12,174,3512.448484848485
hpmcounter5,jump,seed12,175,3481.5272727272727
hpmcounter5,jump,seed12,176,3442.4848484848485
hpmcounter5,jump,seed12,177,3399.018181818182
hpmcounter5,jump,seed12,178,3353.5939393939393
hpmcounter5,jump,seed12,179,3313.042424242424
hpmcounter5,jump,seed12,180,3279.957575757576
hpmcounter5,jump,seed12,181,3260.9757575757576
hpmcounter5,jump,seed12,182,3256.5272727272727
hpmcounter5,jump,seed12,183,3251.3515151515153
hpmcounter5,jump,seed12,184,3248.5939393939393
hpmcounter5,jump,seed12,185,3249.927272727273
hpmcounter5,jump,seed12,186,3251.4121212121213
hpmcounter5,jump,seed12,187,3252.0848484848484
hpmcounter5,jump,seed12,188,3251.4
hpmcounter5,jump,seed12,189,3251.3454545454547
hpmcounter5,jump,seed12,190,3251.878787878788
hpmcounter5,jump,seed12,191,3253.0363636363636
hpmcounter5,jump,seed12,192,3251.133333333333
hpmcounter5,jump,seed12,193,3248.8727272727274
hpmcounter5,jump,seed12,194,3245.163636363636
hpmcounter5,jump,seed12,195,3243.4848484848485
hpmcounter5,jump,seed12,196,3244.6969696969695
hpmcounter5,jump,seed12,197,3246.4121212121213
hpmcounter5,jump,seed12,198,3250.551515151515
hpmcounter5,jump,seed12,199,3252.109090909091
hpmcounter5,jump,seed12,200,3253.9333333333334
hpmcounter5,jump,seed12,201,3253.9030303030304
hpmcounter5,jump,seed12,202,3252.642424242424
hpmcounter5,jump,seed12,203,3255.3030303030305
hpmcounter5,jump,seed12,204,3254.2484848484846
hpmcounter5,jump,seed12,205,3253.6787878787877
hpmcounter5,jump,seed12,206,3256.4848484848485
hpmcounter5,jump,seed12,207,3257.909090909091
hpmcounter5,jump,seed12,208,3261.612121212121
hpmcounter5,jump,seed12,209,3265.6787878787877
hpmcounter5,jump,seed12,210,3270.369696969697
hpmcounter5,jump,seed12,211,3273.151515151515
hpmcounter5,jump,seed12,212,3273.9333333333334
hpmcounter5,jump,seed12,213,3275.866666666667
hpmcounter5,jump,seed12,214,3275.242424242424
hpmcounter5,jump,seed12,215,3274.29696969697
hpmcounter5,jump,seed12,216,3273.7454545454543
hpmcounter5,jump,seed12,217,3270.775757575758
hpmcounter5,jump,seed12,218,3269.078787878788
hpmcounter5,jump,seed12,219,3265.339393939394
hpmcounter5,jump,seed12,220,3262.5757575757575
hpmcounter5,jump,seed12,221,3262.836363636364
hpmcounter5,jump,seed12,222,3265.151515151515
hpmcounter5,jump,seed12,223,3269.4424242424243
hpmcounter5,jump,seed12,224,3286.5333333333333
hpmcounter5,jump,seed12,225,3317.969696969697
hpmcounter5,jump,seed12,226,3354.539393939394
hpmcounter5,jump,seed12,227,3393.818181818182
hpmcounter5,jump,seed12,228,3438.539393939394
hpmcounter5,jump,seed12,229,3478.012121212121
hpmcounter5,jump,seed12,230,3509.8424242424244
hpmcounter5,jump,seed12,231,3532.630303030303
hpmcounter5,jump,seed12,232,3546.921212121212
hpmcounter5,jump,seed12,233,3532.8
hpmcounter5,jump,seed12,234,3503.2909090909093
hpmcounter5,jump,seed12,235,3467.460606060606
hpmcounter5,jump,seed12,236,3423.5878787878787
hpmcounter5,jump,seed12,237,3378.1151515151514
hpmcounter5,jump,seed12,238,3335.339393939394
hpmcounter5,jump,seed12,239,3299.0848484848484
hpmcounter5,jump,seed12,240,3269.5636363636363
hpmcounter5,jump,seed12,241,3251.133333333333
hpmcounter5,jump,seed12,242,3250.078787878788
hpmcounter5,jump,seed12,243,3251.6060606060605
hpmcounter5,jump,seed12,244,3254.193939393939
hpmcounter5,jump,seed12,245,3255.109090909091
hpmcounter5,jump,seed12,246,3254.1757575757574
hpmcounter5,jump,seed12,247,3254.448484848485
hpmcounter5,jump,seed12,248,3251.757575757576
hpmcounter5,jump,seed12,249,3250.2727272727275
hpmcounter5,jump,seed12,250,3248.3454545454547
hpmcounter5,jump,seed12,251,3246.133333333333
hpmcounter5,jump,seed12,252,3243.3757575757577
hpmcounter5,jump,seed12,253,3244.5272727272727
hpmcounter5,jump,seed12,254,3246.1757575757574
hpmcounter5,jump,seed12,255,3246.448484848485
hpmcounter5,jump,seed12,256,3247.0545454545454
hpmcounter5,jump,seed12,257,3249.6363636363635
hpmcounter5,jump,seed12,258,3251.4
hpmcounter5,jump,seed12,259,3254.787878787879
hpmcounter5,jump,seed12,260,3257.551515151515
hpmcounter5,jump,seed12,261,3259.3818181818183
hpmcounter5,jump,seed12,262,3260.3333333333335
hpmcounter5,jump,seed12,263,3262.9757575757576
hpmcounter5,jump,seed12,264,3263.078787878788
hpmcounter5,jump,seed12,265,3259.090909090909
hpmcounter5,jump,seed12,266,3256.109090909091
hpmcounter5,jump,seed12,267,3253.5151515151515
hpmcounter5,jump,seed12,268,3252.2060606060604
hpmcounter5,jump,seed12,269,3251.2606060606063
hpmcounter5,jump,seed12,270,3247.7454545454543
hpmcounter5,jump,seed12,271,3243.6484848484847
hpmcounter5,jump,seed12,272,3238.733333333333
hpmcounter5,jump,seed12,273,3237.6545454545453
hpmcounter5,jump,seed12,274,3236.539393939394
hpmcounter5,jump,seed12,275,3249.6
hpmcounter5,jump,seed12,276,3279.5939393939393
hpmcounter5,jump,seed12,277,3318.327272727273
hpmcounter5,jump,seed12,278,3363.6484848484847
hpmcounter5,jump,seed12,279,3411.9454545454546
hpmcounter5,jump,seed12,280,3443.460606060606
hpmcounter5,jump,seed12,281,3456.4727272727273
hpmcounter5,jump,seed12,282,3447.1272727272726
hpmcounter5,jump,seed12,283,3419.70303030303
hpmcounter5,jump,seed12,284,3374.6666666666665
hpmcounter5,jump,seed12,285,3332.6787878787877
hpmcounter5,jump,seed12,286,3297.193939393939
hpmcounter5,jump,seed12,287,3269.6787878787877
hpmcounter5,jump,seed12,288,3255.690909090909
hpmcounter5,jump,seed12,289,3261.018181818182
hpmcounter5,jump,seed12,290,3267.339393939394
hpmcounter5,jump,seed12,291,3274.1878787878786
hpmcounter5,jump,seed12,292,3278.327272727273
hpmcounter5,jump,seed12,293,3279.3212121212123
hpmcounter5,jump,seed12,294,3279.8
hpmcounter5,jump,seed12,295,3282.672727272727
hpmcounter5,jump,seed12,296,3281.2909090909093
hpmcounter5,jump,seed12,297,3277.163636363636
hpmcounter5,jump,seed12,298,3277.060606060606
hpmcounter5,jump,seed13,9,3252.5272727272727
hpmcounter5,jump,seed13,10,3247.981818181818
hpmcounter5,jump,seed13,11,3244.6060606060605
hpmcounter5,jump,seed13,12,3243.6787878787877
hpmcounter5,jump,seed13,13,3244.490909090909
hpmcounter5,jump,seed13,14,3246.2545454545457
hpmcounter5,jump,seed13,15,3248.9151515151516
hpmcounter5,jump,seed13,16,3250.1878787878786
hpmcounter5,jump,seed13,17,3252.4727272727273
hpmcounter5,jump,seed13,18,3255.7151515151513
hpmcounter5,jump,seed13,19,3261.830303030303
hpmcounter5,jump,seed13,20,3265.70303030303
hpmcounter5,jump,seed13,21,3267.5575757575757
hpmcounter5,jump,seed13,22,3268.1757575757574
hpmcounter5,jump,seed13,23,3267.612121212121
hpmcounter5,jump,seed13,24,3266.757575757576
hpmcounter5,jump,seed13,25,3262.806060606061
hpmcounter5,jump,seed13,26,3258.2484848484846
hpmcounter5,jump,seed13,27,3252.7939393939396
hpmcounter5,jump,seed13,28,3249.1272727272726
hpmcounter5,jump,seed13,29,3250.181818181818
hpmcounter5,jump,seed13,30,3253.4666666666667
hpmcounter5,jump,seed13,31,3257.6969696969695
hpmcounter5,jump,seed13,32,3259.4424242424243
hpmcounter5,jump,seed13,33,3261.4363636363637
hpmcounter5,jump,seed13,34,3263.121212121212
hpmcounter5,jump,seed13,35,3260.2
hpmcounter5,jump,seed13,36,3256.7090909090907
hpmcounter5,jump,seed13,37,3253.151515151515
hpmcounter5,jump,seed13,38,3249.5636363636363
hpmcounter5,jump,seed13,39,3246.787878787879
hpmcounter5,jump,seed13,40,3245.2
hpmcounter5,jump,seed13,41,3248.6060606060605
hpmcounter5,jump,seed13,42,3250.3212121212123
hpmcounter5,jump,seed13,43,3253.6666666666665
hpmcounter5,jump,seed13,44,3258.939393939394
hpmcounter5,jump,seed13,45,3260.6
hpmcounter5,jump,seed13,46,3262.8727272727274
hpmcounter5,jump,seed13,47,3267.0545454545454
hpmcounter5,jump,seed13,48,3269.5575757575757
hpmcounter5,jump,seed13,49,3269.9151515151516
hpmcounter5,jump,seed13,50,3269.278787878788
hpmcounter5,jump,seed13,51,3269.212121212121
hpmcounter5,jump,seed13,52,3267.7939393939396
hpmcounter5,jump,seed13,53,3266.4060606060607
hpmcounter5,jump,seed13,54,3265.9757575757576
hpmcounter5,jump,seed13,55,3262.890909090909
hpmcounter5,jump,seed13,56,3260.060606060606
hpmcounter5,jump,seed13,57,3260.721212121212
hpmcounter5,jump,seed13,58,3261.4727272727273
hpmcounter5,jump,seed13,59,3261.0060606060606
hpmcounter5,jump,seed13,60,3262.460606060606
hpmcounter5,jump,seed13,61,3263.339393939394
hpmcounter5,jump,seed13,62,3279.7515151515154
hpmcounter5,jump,seed13,63,3291.4363636363637
hpmcounter5,jump,seed13,64,3302.3212121212123
hpmcounter5,jump,seed13,65,3310.0060606060606
hpmcounter5,jump,seed13,66,3313.5454545454545
hpmcounter5,jump,seed13,67,3311.012121212121
hpmcounter5,jump,seed13,68,3304.6
hpmcounter5,jump,seed13,69,3292.7151515151513
hpmcounter5,jump,seed13,70,3277.939393939394
hpmcounter5,jump,seed13,71,3257.4060606060607
hpmcounter5,jump,seed13,72,3252.212121212121
hpmcounter5,jump,seed13,73,3247.987878787879
hpmcounter5,jump,seed13,74,3246.3212121212123
hpmcounter5,jump,seed13,75,3246.1151515151514
hpmcounter5,jump,seed13,76,3249.4727272727273
hpmcounter5,jump,seed13,77,3251.951515151515
hpmcounter5,jump,seed13,78,3254.672727272727
hpmcounter5,jump,seed13,79,3256.787878787879
hpmcounter5,jump,seed13,80,3264.2060606060604
hpmcounter5,jump,seed13,81,3267.3333333333335
hpmcounter5,jump,seed13,82,3267.1272727272726
hpmcounter5,jump,seed13,83,3266.181818181818
hpmcounter5,jump,seed13,84,3266.212121212121
hpmcounter5,jump,seed13,85,3263.266666666667
hpmcounter5,jump,seed13,86,3263.7272727272725
hpmcounter5,jump,seed13,87,3262.109090909091
hpmcounter5,jump,seed13,88,3261.642424242424
hpmcounter5,jump,seed13,89,3258.5030303030303
hpmcounter5,jump,seed13,90,3260.539393939394
hpmcounter5,jump,seed13,91,3261.70303030303
hpmcounter5,jump,seed13,92,3262.769696969697
hpmcounter5,jump,seed13,93,3264.2060606060604
hpmcounter5,jump,seed13,94,3264.012121212121
hpmcounter5,jump,seed13,95,3260.775757575758
hpmcounter5,jump,seed13,96,3261.9636363636364
hpmcounter5,jump,seed13,97,3259.5333333333333
hpmcounter5,jump,seed13,98,3260.2
hpmcounter5,jump,seed13,99,3258.672727272727
hpmcounter5,jump,seed13,100,3257.090909090909
hpmcounter5,jump,seed13,101,3256.1151515151514
hpmcounter5,jump,seed13,102,3256.4545454545455
hpmcounter5,jump,seed13,103,3259.5030303030303
hpmcounter5,jump,seed13,104,3261.539393939394
hpmcounter5,jump,seed13,105,3259.3939393939395
hpmcounter5,jump,seed13,106,3259.672727272727
hpmcounter5,jump,seed13,107,3259.7515151515154
hpmcounter5,jump,seed13,108,3260.0060606060606
hpmcounter5,jump,seed13,109,3262.2545454545457
hpmcounter5,jump,seed13,110,3263.757575757576
hpmcounter5,jump,seed13,111,3265.29696969697
hpmcounter5,jump,seed13,112,3265.048484848485
hpmcounter5,jump,seed13,113,3265.836363636364
hpmcounter5,jump,seed13,114,3266.9454545454546
hpmcounter5,jump,seed13,115,3262.569696969697
hpmcounter5,jump,seed13,116,3259.048484848485
hpmcounter5,jump,seed13,117,3256.9636363636364
hpmcounter5,jump,seed13,118,3256.6787878787877
hpmcounter5,jump,seed13,119,3259.6484848484847
hpmcounter5,jump,seed13,120,3262.3030303030305
hpmcounter5,jump,seed13,121,3265.642424242424
hpmcounter5,jump,seed13,122,3268.109090909091
hpmcounter5,jump,seed13,123,3270.339393939394
hpmcounter5,jump,seed13,124,3271.0545454545454
hpmcounter5,jump,seed13,125,3267.181818181818
hpmcounter5,jump,seed13,126,3262.890909090909
hpmcounter5,jump,seed13,127,3258.387878787879
hpmcounter5,jump,seed13,128,3255.721212121212
hpmcounter5,jump,seed13,129,3255.490909090909
hpmcounter5,jump,seed13,130,3254.612121212121
hpmcounter5,jump,seed13,131,3253.6484848484847
hpmcounter5,jump,seed13,132,3251.890909090909
hpmcounter5,jump,seed13,133,3250.448484848485
hpmcounter5,jump,seed13,134,3251.551515151515
hpmcounter5,jump,seed13,135,3251.4121212121213
hpmcounter5,jump,seed13,136,3250.1151515151514
hpmcounter5,jump,seed13,137,3247.775757575758
hpmcounter5,jump,seed13,138,3244.10303030303
hpmcounter5,jump,seed13,139,3244.6666666666665
hpmcounter5,jump,seed13,140,3245.3818181818183
hpmcounter5,jump,seed13,141,3247.551515151515
hpmcounter5,jump,seed13,142,3245.2
hpmcounter5,jump,seed13,143,3244.3212121212123
hpmcounter5,jump,seed13,144,3248.5030303030303
hpmcounter5,jump,seed13,145,3254.5878787878787
hpmcounter5,jump,seed13,146,3259.8727272727274
hpmcounter5,jump,seed13,147,3262.490909090909
hpmcounter5,jump,seed13,148,3261.5636363636363
hpmcounter5,jump,seed13,149,3263.5333333333333
hpmcounter5,jump,seed13,150,3265.030303030303
hpmcounter5,jump,seed13,151,3281.660606060606
hpmcounter5,jump,seed13,152,3305.8121212121214
hpmcounter5,jump,seed13,153,3339.042424242424
hpmcounter5,jump,seed13,154,3379.2
hpmcounter5,jump,seed13,155,3423.2909090909093
hpmcounter5,jump,seed13,156,3465.369696969697
hpmcounter5,jump,seed13,157,3501.418181818182
hpmcounter5,jump,seed13,158,3527.0545454545454
hpmcounter5,jump,seed13,159,3541.4121212121213
hpmcounter5,jump,seed13,160,3541.018181818182
hpmcounter5,jump,seed13,161,3538.787878787879
hpmcounter5,jump,seed13,162,3534.430303030303
hpmcounter5,jump,seed13,163,3531.012121212121
hpmcounter5,jump,seed13,164,3527.89696969697
hpmcounter5,jump,seed13,165,3529.2848484848487
hpmcounter5,jump,seed13,166,3531.448484848485
hpmcounter5,jump,seed13,167,3535.5636363636363
hpmcounter5,jump,seed13,168,3542.2606060606063
hpmcounter5,jump,seed13,169,3547.8424242424244
hpmcounter5,jump,seed13,170,3553.8848484848486
hpmcounter5,jump,seed13,171,3557.7393939393937
hpmcounter5,jump,seed13,172,3558.6969696969695
hpmcounter5,jump,seed13,173,3542.2060606060604
hpmcounter5,jump,seed13,174,3512.8545454545456
hpmcounter5,jump,seed13,175,3472.9454545454546
hpmcounter5,jump,seed13,176,3427.4363636363637
hpmcounter5,jump,seed13,177,3379.969696969697
hpmcounter5,jump,seed13,178,3353.369696969697
hpmcounter5,jump,seed13,179,3343.7818181818184
hpmcounter5,jump,seed13,180,3334.109090909091
hpmcounter5,jump,seed13,181,3332.6545454545453
hpmcounter5,jump,seed13,182,3341.309090909091
hpmcounter5,jump,seed13,183,3344.1454545454544
hpmcounter5,jump,seed13,184,3340.4424242424243
hpmcounter5,jump,seed13,185,3325.569696969697
hpmcounter5,jump,seed13,186,3303.4363636363637
hpmcounter5,jump,seed13,187,3276.5030303030303
hpmcounter5,jump,seed13,188,3264.012121212121
hpmcounter5,jump,seed13,189,3267.581818181818
hpmcounter5,jump,seed13,190,3264.7636363636366
hpmcounter5,jump,seed13,191,3262.9030303030304
hpmcounter5,jump,seed13,192,3261.3212121212123
hpmcounter5,jump,seed13,193,3261.4424242424243
hpmcounter5,jump,seed13,194,3259.212121212121
hpmcounter5,jump,seed13,195,3256.5333333333333
hpmcounter5,jump,seed13,196,3251.2727272727275
hpmcounter5,jump,seed13,197,3249.309090909091
hpmcounter5,jump,seed13,198,3249.2
hpmcounter5,jump,seed13,199,3254.5333333333333
hpmcounter5,jump,seed13,200,3257.6545454545453
hpmcounter5,jump,seed13,201,3263.969696969697
hpmcounter5,jump,seed13,202,3269.418181818182
hpmcounter5,jump,seed13,203,3273.6848484848483
hpmcounter5,jump,seed13,204,3275.5878787878787
hpmcounter5,jump,seed13,205,3278.230303030303
hpmcounter5,jump,seed13,206,3277.939393939394
hpmcounter5,jump,seed13,207,3275.5151515151515
hpmcounter5,jump,seed13,208,3269.830303030303
hpmcounter5,jump,seed13,209,3265.6545454545453
hpmcounter5,jump,seed13,210,3262.1878787878786
hpmcounter5,jump,seed13,211,3260.775757575758
hpmcounter5,jump,seed13,212,3261.8424242424244
hpmcounter5,jump,seed13,213,3261.551515151515
hpmcounter5,jump,seed13,214,3261.169696969697
hpmcounter5,jump,seed13,215,3262.0848484848484
hpmcounter5,jump,seed13,216,3265.890909090909
hpmcounter5,jump,seed13,217,3270.4
hpmcounter5,jump,seed13,218,3271.612121212121
hpmcounter5,jump,seed13,219,3271.9030303030304
hpmcounter5,jump,seed13,220,3272.133333333333
hpmcounter5,jump,seed13,221,3269.181818181818
hpmcounter5,jump,seed13,222,3268.0848484848484
hpmcounter5,jump,seed13,223,3263.957575757576
hpmcounter5,jump,seed13,224,3258.9454545454546
hpmcounter5,jump,seed13,225,3256.1151515151514
hpmcounter5,jump,seed13,226,3255.3151515151517
hpmcounter5,jump,seed13,227,3256.6060606060605
hpmcounter5,jump,seed13,228,3255.5636363636363
hpmcounter5,jump,seed13,229,3257.327272727273
hpmcounter5,jump,seed13,230,3257.2060606060604
hpmcounter5,jump,seed13,231,3254.9636363636364
hpmcounter5,jump,seed13,232,3256.012121212121
hpmcounter5,jump,seed13,233,3256.490909090909
hpmcounter5,jump,seed13,234,3259.9454545454546
hpmcounter5,jump,seed13,235,3262.6545454545453
hpmcounter5,jump,seed13,236,3265.6848484848483
hpmcounter5,jump,seed13,237,3268.836363636364
hpmcounter5,jump,seed13,238,3268.5333333333333
hpmcounter5,jump,seed13,239,3268.7393939393937
hpmcounter5,jump,seed13,240,3268.0
hpmcounter5,jump,seed13,241,3263.939393939394
hpmcounter5,jump,seed13,242,3260.9030303030304
hpmcounter5,jump,seed13,243,3259.090909090909
hpmcounter5,jump,seed13,244,3261.121212121212
hpmcounter5,jump,seed13,245,3262.878787878788
hpmcounter5,jump,seed13,246,3263.6969696969695
hpmcounter5,jump,seed13,247,3265.7272727272725
hpmcounter5,jump,seed13,248,3264.6363636363635
hpmcounter5,jump,seed13,249,3264.642424242424
hpmcounter5,jump,seed13,250,3264.860606060606
hpmcounter5,jump,seed13,251,3266.830303030303
hpmcounter5,jump,seed13,252,3268.078787878788
hpmcounter5,jump,seed13,253,3268.581818181818
hpmcounter5,jump,seed13,254,3266.2727272727275
hpmcounter5,jump,seed13,255,3266.151515151515
hpmcounter5,jump,seed13,256,3265.927272727273
hpmcounter5,jump,seed13,257,3265.9151515151516
hpmcounter5,jump,seed13,258,3264.4060606060607
hpmcounter5,jump,seed13,259,3261.0545454545454
hpmcounter5,jump,seed13,260,3258.866666666667
hpmcounter5,jump,seed13,261,3260.357575757576
hpmcounter5,jump,seed13,262,3263.4242424242425
hpmcounter5,jump,seed13,263,3264.969696969697
hpmcounter5,jump,seed13,264,3263.89696969697
hpmcounter5,jump,seed13,265,3260.775757575758
hpmcounter5,jump,seed13,266,3260.7818181818184
hpmcounter5,jump,seed13,267,3261.818181818182
hpmcounter5,jump,seed13,268,3266.3636363636365
hpmcounter5,jump,seed13,269,3267.4363636363637
hpmcounter5,jump,seed13,270,3268.490909090909
hpmcounter5,jump,seed13,271,3268.030303030303
hpmcounter5,jump,seed13,272,3268.8848484848486
hpmcounter5,jump,seed13,273,3266.1878787878786
hpmcounter5,jump,seed13,274,3265.242424242424
hpmcounter5,jump,seed13,275,3261.193939393939
hpmcounter5,jump,seed13,276,3256.3030303030305
hpmcounter5,jump,seed13,277,3252.339393939394
hpmcounter5,jump,seed13,278,3253.672727272727
hpmcounter5,jump,seed13,279,3255.890909090909
hpmcounter5,jump,seed13,280,3259.3515151515153
hpmcounter5,jump,seed13,281,3261.981818181818
hpmcounter5,jump,seed13,282,3264.3818181818183
hpmcounter5,jump,seed13,283,3263.5878787878787
hpmcounter5,jump,seed13,284,3262.3757575757577
hpmcounter5,jump,seed13,285,3259.4727272727273
hpmcounter5,jump,seed13,286,3255.109090909091
hpmcounter5,jump,seed13,287,3251.9151515151516
hpmcounter5,jump,seed13,288,3251.6242424242423
hpmcounter5,jump,seed13,289,3251.9030303030304
hpmcounter5,jump,seed13,290,3253.757575757576
hpmcounter5,jump,seed13,291,3257.5757575757575
hpmcounter5,jump,seed13,292,3260.418181818182
hpmcounter5,jump,seed13,293,3263.10303030303
hpmcounter5,jump,seed13,294,3262.5939393939393
hpmcounter5,jump,seed13,295,3258.769696969697
hpmcounter5,jump,seed13,296,3253.1878787878786
hpmcounter5,jump,seed13,297,3249.2363636363634
hpmcounter5,jump,seed13,298,3262.7818181818184
hpmcounter5,jump,seed14,9,3259.266666666667
hpmcounter5,jump,seed14,10,3257.7272727272725
hpmcounter5,jump,seed14,11,3253.6787878787877
hpmcounter5,jump,seed14,12,3252.5272727272727
hpmcounter5,jump,seed14,13,3250.060606060606
hpmcounter5,jump,seed14,14,3248.460606060606
hpmcounter5,jump,seed14,15,3248.030303030303
hpmcounter5,jump,seed14,16,3248.6242424242423
hpmcounter5,jump,seed14,17,3251.630303030303
hpmcounter5,jump,seed14,18,3255.6242424242423
hpmcounter5,jump,seed14,19,3263.109090909091
hpmcounter5,jump,seed14,20,3270.7515151515154
hpmcounter5,jump,seed14,21,3273.5272727272727
hpmcounter5,jump,seed14,22,3275.3818181818183
hpmcounter5,jump,seed14,23,3272.2848484848487
hpmcounter5,jump,seed14,24,3266.569696969697
hpmcounter5,jump,seed14,25,3258.7090909090907
hpmcounter5,jump,seed14,26,3250.1151515151514
hpmcounter5,jump,seed14,27,3242.5636363636363
hpmcounter5,jump,seed14,28,3235.878787878788
hpmcounter5,jump,seed14,29,3235.193939393939
hpmcounter5,jump,seed14,30,3239.733333333333
hpmcounter5,jump,seed14,31,3243.4545454545455
hpmcounter5,jump,seed14,32,3246.1757575757574
hpmcounter5,jump,seed14,33,3249.7939393939396
hpmcounter5,jump,seed14,34,3253.5757575757575
hpmcounter5,jump,seed14,35,3254.8727272727274
hpmcounter5,jump,seed14,36,3253.2363636363634
hpmcounter5,jump,seed14,37,3251.8848484848486
hpmcounter5,jump,seed14,38,3248.448484848485
hpmcounter5,jump,seed14,39,3245.4666666666667
hpmcounter5,jump,seed14,40,3245.5636363636363
hpmcounter5,jump,seed14,41,3248.951515151515
hpmcounter5,jump,seed14,42,3249.6363636363635
hpmcounter5,jump,seed14,43,3254.612121212121
hpmcounter5,jump,seed14,44,3259.6060606060605
hpmcounter5,jump,seed14,45,3262.860606060606
hpmcounter5,jump,seed14,46,3265.478787878788
hpmcounter5,jump,seed14,47,3269.4242424242425
hpmcounter5,jump,seed14,48,3272.181818181818
hpmcounter5,jump,seed14,49,3271.9454545454546
hpmcounter5,jump,seed14,50,3271.4969696969697
hpmcounter5,jump,seed14,51,3273.672727272727
hpmcounter5,jump,seed14,52,3272.6242424242423
hpmcounter5,jump,seed14,53,3275.4242424242425
hpmcounter5,jump,seed14,54,3277.181818181818
hpmcounter5,jump,seed14,55,3274.9939393939394
hpmcounter5,jump,seed14,56,3271.5454545454545
hpmcounter5,jump,seed14,57,3268.860606060606
hpmcounter5,jump,seed14,58,3266.866666666667
hpmcounter5,jump,seed14,59,3265.0545454545454
hpmcounter5,jump,seed14,60,3264.139393939394
hpmcounter5,jump,seed14,61,3264.0969696969696
hpmcounter5,jump,seed14,62,3260.818181818182
hpmcounter5,jump,seed14,63,3259.6181818181817
hpmcounter5,jump,seed14,64,3263.3757575757577
hpmcounter5,jump,seed14,65,3265.0969696969696
hpmcounter5,jump,seed14,66,3263.163636363636
hpmcounter5,jump,seed14,67,3278.0969696969696
hpmcounter5,jump,seed14,68,3305.7515151515154
hpmcounter5,jump,seed14,69,3343.5878787878787
hpmcounter5,jump,seed14,70,3386.2545454545457
hpmcounter5,jump,seed14,71,3414.8242424242426
hpmcounter5,jump,seed14,72,3441.2
hpmcounter5,jump,seed14,73,3450.521212121212
hpmcounter5,jump,seed14,74,3443.2848484848487
hpmcounter5,jump,seed14,75,3418.3030303030305
hpmcounter5,jump,seed14,76,3375.242424242424
hpmcounter5,jump,seed14,77,3335.3212121212123
hpmcounter5,jump,seed14,78,3303.4060606060607
hpmcounter5,jump,seed14,79,3284.460606060606
hpmcounter5,jump,seed14,80,3277.7090909090907
hpmcounter5,jump,seed14,81,3267.848484848485
hpmcounter5,jump,seed14,82,3268.5939393939393
hpmcounter5,jump,seed14,83,3267.612121212121
hpmcounter5,jump,seed14,84,3265.5333333333333
hpmcounter5,jump,seed14,85,3262.6363636363635
hpmcounter5,jump,seed14,86,3259.387878787879
hpmcounter5,jump,seed14,87,3257.078787878788
hpmcounter5,jump,seed14,88,3257.4242424242425
hpmcounter5,jump,seed14,89,3263.29696969697
hpmcounter5,jump,seed14,90,3268.151515151515
hpmcounter5,jump,seed14,91,3273.478787878788
hpmcounter5,jump,seed14,92,3276.266666666667
hpmcounter5,jump,seed14,93,3274.3454545454547
hpmcounter5,jump,seed14,94,3272.5636363636363
hpmcounter5,jump,seed14,95,3267.9030303030304
hpmcounter5,jump,seed14,96,3264.357575757576
hpmcounter5,jump,seed14,97,3263.3636363636365
hpmcounter5,jump,seed14,98,3263.339393939394
hpmcounter5,jump,seed14,99,3264.339393939394
hpmcounter5,jump,seed14,100,3262.2060606060604
hpmcounter5,jump,seed14,101,3259.509090909091
hpmcounter5,jump,seed14,102,3258.5454545454545
hpmcounter5,jump,seed14,103,3258.012121212121
hpmcounter5,jump,seed14,104,3256.7090909090907
hpmcounter5,jump,seed14,105,3253.2363636363634
hpmcounter5,jump,seed14,106,3252.139393939394
hpmcounter5,jump,seed14,107,3253.539393939394
hpmcounter5,jump,seed14,108,3255.957575757576
hpmcounter5,jump,seed14,109,3259.830303030303
hpmcounter5,jump,seed14,110,3262.139393939394
hpmcounter5,jump,seed14,111,3264.806060606061
hpmcounter5,jump,seed14,112,3263.9030303030304
hpmcounter5,jump,seed14,113,3264.5575757575757
hpmcounter5,jump,seed14,114,3266.3454545454547
hpmcounter5,jump,seed14,115,3265.836363636364
hpmcounter5,jump,seed14,116,3263.0060606060606
hpmcounter5,jump,seed14,117,3258.5454545454545
hpmcounter5,jump,seed14,118,3254.7454545454543
hpmcounter5,jump,seed14,119,3252.89696969697
hpmcounter5,jump,seed14,120,3255.642424242424
hpmcounter5,jump,seed14,121,3262.9939393939394
hpmcounter5,jump,seed14,122,3266.5454545454545
hpmcounter5,jump,seed14,123,3272.6666666666665
hpmcounter5,jump,seed14,124,3277.7090909090907
hpmcounter5,jump,seed14,125,3278.7818181818184
hpmcounter5,jump,seed14,126,3275.0363636363636
hpmcounter5,jump,seed14,127,3267.551515151515
hpmcounter5,jump,seed14,128,3261.939393939394
hpmcounter5,jump,seed14,129,3257.8727272727274
hpmcounter5,jump,seed14,130,3254.775757575758
hpmcounter5,jump,seed14,131,3254.957575757576
hpmcounter5,jump,seed14,132,3255.5030303030303
hpmcounter5,jump,seed14,133,3274.4969696969697
hpmcounter5,jump,seed14,134,3291.830303030303
hpmcounter5,jump,seed14,135,3307.5757575757575
hpmcounter5,jump,seed14,136,3315.478787878788
hpmcounter5,jump,seed14,137,3315.509090909091
hpmcounter5,jump,seed14,138,3312.4121212121213
hpmcounter5,jump,seed14,139,3310.018181818182
hpmcounter5,jump,seed14,140,3300.7515151515154
hpmcounter5,jump,seed14,141,3285.642424242424
hpmcounter5,jump,seed14,142,3268.0060606060606
hpmcounter5,jump,seed14,143,3263.448484848485
hpmcounter5,jump,seed14,144,3259.939393939394
hpmcounter5,jump,seed14,145,3260.0242424242424
hpmcounter5,jump,seed14,146,3261.7090909090907
hpmcounter5,jump,seed14,147,3260.5939393939393
hpmcounter5,jump,seed14,148,3259.5757575757575
hpmcounter5,jump,seed14,149,3261.0060606060606
hpmcounter5,jump,seed14,150,3263.909090909091
hpmcounter5,jump,seed14,151,3282.012121212121
hpmcounter5,jump,seed14,152,3312.8424242424244
hpmcounter5,jump,seed14,153,3350.6
hpmcounter5,jump,seed14,154,3390.4363636363637
hpmcounter5,jump,seed14,155,3432.951515151515
hpmcounter5,jump,seed14,156,3477.121212121212
hpmcounter5,jump,seed14,157,3512.836363636364
hpmcounter5,jump,seed14,158,3538.1575757575756
hpmcounter5,jump,seed14,159,3551.2060606060604
hpmcounter5,jump,seed14,160,3548.89696969697
hpmcounter5,jump,seed14,161,3549.2909090909093
hpmcounter5,jump,seed14,162,3550.721212121212
hpmcounter5,jump,seed14,163,3551.4363636363637
hpmcounter5,jump,seed14,164,3549.4848484848485
hpmcounter5,jump,seed14,165,3551.4
hpmcounter5,jump,seed14,166,3557.10303030303
hpmcounter5,jump,seed14,167,3562.224242424242
hpmcounter5,jump,seed14,168,3564.4121212121213
hpmcounter5,jump,seed14,169,3551.6787878787877
hpmcounter5,jump,seed14,170,3540.133333333333
hpmcounter5,jump,seed14,171,3529.830303030303
hpmcounter5,jump,seed14,172,3522.921212121212
hpmcounter5,jump,seed14,173,3516.3515151515153
hpmcounter5,jump,seed14,174,3512.3212121212123
hpmcounter5,jump,seed14,175,3493.7818181818184
hpmcounter5,jump,seed14,176,3467.927272727273
hpmcounter5,jump,seed14,177,3440.3030303030305
hpmcounter5,jump,seed14,178,3411.3212121212123
hpmcounter5,jump,seed14,179,3367.5333333333333
hpmcounter5,jump,seed14,180,3326.7636363636366
hpmcounter5,jump,seed14,181,3291.9454545454546
hpmcounter5,jump,seed14,182,3266.9757575757576
hpmcounter5,jump,seed14,183,3252.969696969697
hpmcounter5,jump,seed14,184,3272.4242424242425
hpmcounter5,jump,seed14,185,3300.521212121212
hpmcounter5,jump,seed14,186,3336.1878787878786
hpmcounter5,jump,seed14,187,3379.212121212121
hpmcounter5,jump,seed14,188,3423.2909090909093
hpmcounter5,jump,seed14,189,3467.309090909091
hpmcounter5,jump,seed14,190,3490.181818181818
hpmcounter5,jump,seed14,191,3491.8424242424244
hpmcounter5,jump,seed14,192,3470.8424242424244
hpmcounter5,jump,seed14,193,3428.927272727273
hpmcounter5,jump,seed14,194,3386.478787878788
hpmcounter5,jump,seed14,195,3342.6060606060605
hpmcounter5,jump,seed14,196,3303.090909090909
hpmcounter5,jump,seed14,197,3272.2363636363634
hpmcounter5,jump,seed14,198,3252.5878787878787
hpmcounter5,jump,seed14,199,3251.721212121212
hpmcounter5,jump,seed14,200,3251.242424242424
hpmcounter5,jump,seed14,201,3251.7272727272725
hpmcounter5,jump,seed14,202,3251.581818181818
hpmcounter5,jump,seed14,203,3253.2060606060604
hpmcounter5,jump,seed14,204,3256.3636363636365
hpmcounter5,jump,seed14,205,3258.5757575757575
hpmcounter5,jump,seed14,206,3258.830303030303
hpmcounter5,jump,seed14,207,3260.0545454545454
hpmcounter5,jump,seed14,208,3260.5878787878787
hpmcounter5,jump,seed14,209,3260.860606060606
hpmcounter5,jump,seed14,210,3258.418181818182
hpmcounter5,jump,seed14,211,3256.357575757576
hpmcounter5,jump,seed14,212,3255.012121212121
hpmcounter5,jump,seed14,213,3256.8727272727274
hpmcounter5,jump,seed14,214,3260.242424242424
hpmcounter5,jump,seed14,215,3261.478787878788
hpmcounter5,jump,seed14,216,3259.7636363636366
hpmcounter5,jump,seed14,217,3258.769696969697
hpmcounter5,jump,seed14,218,3258.9939393939394
hpmcounter5,jump,seed14,219,3258.6363636363635
hpmcounter5,jump,seed14,220,3258.1272727272726
hpmcounter5,jump,seed14,221,3257.2848484848487
hpmcounter5,jump,seed14,222,3258.509090909091
hpmcounter5,jump,seed14,223,3260.551515151515
hpmcounter5,jump,seed14,224,3265.339393939394
hpmcounter5,jump,seed14,225,3266.8242424242426
hpmcounter5,jump,seed14,226,3267.369696969697
hpmcounter5,jump,seed14,227,3265.078787878788
hpmcounter5,jump,seed14,228,3264.224242424242
hpmcounter5,jump,seed14,229,3261.5454545454545
hpmcounter5,jump,seed14,230,3260.460606060606
hpmcounter5,jump,seed14,231,3258.581818181818
hpmcounter5,jump,seed14,232,3256.836363636364
hpmcounter5,jump,seed14,233,3253.642424242424
hpmcounter5,jump,seed14,234,3252.569696969697
hpmcounter5,jump,seed14,235,3253.9636363636364
hpmcounter5,jump,seed14,236,3255.2848484848487
hpmcounter5,jump,seed14,237,3257.9636363636364
hpmcounter5,jump,seed14,238,3260.448484848485
hpmcounter5,jump,seed14,239,3262.981818181818
hpmcounter5,jump,seed14,240,3266.6060606060605
hpmcounter5,jump,seed14,241,3269.569696969697
hpmcounter5,jump,seed14,242,3270.030303030303
hpmcounter5,jump,seed14,243,3268.927272727273
hpmcounter5,jump,seed14,244,3267.830303030303
hpmcounter5,jump,seed14,245,3268.5575757575757
hpmcounter5,jump,seed14,246,3269.539393939394
hpmcounter5,jump,seed14,247,3271.909090909091
hpmcounter5,jump,seed14,248,3270.3757575757577
hpmcounter5,jump,seed14,249,3268.5575757575757
hpmcounter5,jump,seed14,250,3268.7151515151513
hpmcounter5,jump,seed14,251,3269.369696969697
hpmcounter5,jump,seed14,252,3268.3454545454547
hpmcounter5,jump,seed14,253,3268.721212121212
hpmcounter5,jump,seed14,254,3266.309090909091
hpmcounter5,jump,seed14,255,3262.4848484848485
hpmcounter5,jump,seed14,256,3261.230303030303
hpmcounter5,jump,seed14,257,3262.030303030303
hpmcounter5,jump,seed14,258,3258.969696969697
hpmcounter5,jump,seed14,259,3252.7636363636366
hpmcounter5,jump,seed14,260,3248.9939393939394
hpmcounter5,jump,seed14,261,3246.7636363636366
hpmcounter5,jump,seed14,262,3245.3636363636365
hpmcounter5,jump,seed14,263,3245.3757575757577
hpmcounter5,jump,seed14,264,3244.581818181818
hpmcounter5,jump,seed14,265,3241.6484848484847
hpmcounter5,jump,seed14,266,3240.733333333333
hpmcounter5,jump,seed14,267,3243.9333333333334
hpmcounter5,jump,seed14,268,3247.4848484848485
hpmcounter5,jump,seed14,269,3249.830303030303
hpmcounter5,jump,seed14,270,3253.181818181818
hpmcounter5,jump,seed14,271,3257.672727272727
hpmcounter5,jump,seed14,272,3261.2484848484846
hpmcounter5,jump,seed14,273,3262.890909090909
hpmcounter5,jump,seed14,274,3263.430303030303
hpmcounter5,jump,seed14,275,3262.1151515151514
hpmcounter5,jump,seed14,276,3261.266666666667
hpmcounter5,jump,seed14,277,3258.460606060606
hpmcounter5,jump,seed14,278,3257.448484848485
hpmcounter5,jump,seed14,279,3258.957575757576
hpmcounter5,jump,seed14,280,3262.2848484848487
hpmcounter5,jump,seed14,281,3269.0545454545454
hpmcounter5,jump,seed14,282,3274.951515151515
hpmcounter5,jump,seed14,283,3279.6
hpmcounter5,jump,seed14,284,3282.109090909091
hpmcounter5,jump,seed14,285,3281.957575757576
hpmcounter5,jump,seed14,286,3282.163636363636
hpmcounter5,jump,seed14,287,3277.939393939394
hpmcounter5,jump,seed14,288,3271.327272727273
hpmcounter5,jump,seed14,289,3266.478787878788
hpmcounter5,jump,seed14,290,3262.6060606060605
hpmcounter5,jump,seed14,291,3260.860606060606
hpmcounter5,jump,seed14,292,3259.042424242424
hpmcounter5,jump,seed14,293,3258.181818181818
hpmcounter5,jump,seed14,294,3258.690909090909
hpmcounter5,jump,seed14,295,3260.7636363636366
hpmcounter5,jump,seed14,296,3263.860606060606
hpmcounter5,jump,seed14,297,3266.3212121212123
hpmcounter5,jump,seed14,298,3265.090909090909
hpmcounter5,jump,seed15,9,3418.806060606061
hpmcounter5,jump,seed15,10,3437.3454545454547
hpmcounter5,jump,seed15,11,3456.387878787879
hpmcounter5,jump,seed15,12,3475.5272727272727
hpmcounter5,jump,seed15,13,3485.7636363636366
hpmcounter5,jump,seed15,14,3491.6
hpmcounter5,jump,seed15,15,3497.8848484848486
hpmcounter5,jump,seed15,16,3488.860606060606
hpmcounter5,jump,seed15,17,3470.430303030303
hpmcounter5,jump,seed15,18,3444.2606060606063
hpmcounter5,jump,seed15,19,3414.030303030303
hpmcounter5,jump,seed15,20,3364.3151515151517
hpmcounter5,jump,seed15,21,3318.539393939394
hpmcounter5,jump,seed15,22,3282.969696969697
hpmcounter5,jump,seed15,23,3257.090909090909
hpmcounter5,jump,seed15,24,3243.0363636363636
hpmcounter5,jump,seed15,25,3244.6787878787877
hpmcounter5,jump,seed15,26,3246.509090909091
hpmcounter5,jump,seed15,27,3247.4545454545455
hpmcounter5,jump,seed15,28,3246.1757575757574
hpmcounter5,jump,seed15,29,3249.230303030303
hpmcounter5,jump,seed15,30,3252.5575757575757
hpmcounter5,jump,seed15,31,3255.836363636364
hpmcounter5,jump,seed15,32,3258.757575757576
hpmcounter5,jump,seed15,33,3258.2727272727275
hpmcounter5,jump,seed15,34,3257.5757575757575
hpmcounter5,jump,seed15,35,3256.5757575757575
hpmcounter5,jump,seed15,36,3258.0242424242424
hpmcounter5,jump,seed15,37,3258.939393939394
hpmcounter5,jump,seed15,38,3257.29696969697
hpmcounter5,jump,seed15,39,3258.042424242424
hpmcounter5,jump,seed15,40,3258.072727272727
hpmcounter5,jump,seed15,41,3258.10303030303
hpmcounter5,jump,seed15,42,3258.6242424242423
hpmcounter5,jump,seed15,43,3257.860606060606
hpmcounter5,jump,seed15,44,3257.1151515151514
hpmcounter5,jump,seed15,45,3254.1454545454544
hpmcounter5,jump,seed15,46,3255.787878787879
hpmcounter5,jump,seed15,47,3256.6242424242423
hpmcounter5,jump,seed15,48,3255.6060606060605
hpmcounter5,jump,seed15,49,3254.581818181818
hpmcounter5,jump,seed15,50,3253.3151515151517
hpmcounter5,jump,seed15,51,3251.3030303030305
hpmcounter5,jump,seed15,52,3249.9636363636364
hpmcounter5,jump,seed15,53,3251.5878787878787
hpmcounter5,jump,seed15,54,3251.7090909090907
hpmcounter5,jump,seed15,55,3251.6242424242423
hpmcounter5,jump,seed15,56,3271.860606060606
hpmcounter5,jump,seed15,57,3301.6545454545453
hpmcounter5,jump,seed15,58,3322.4969696969697
hpmcounter5,jump,seed15,59,3351.787878787879
hpmcounter5,jump,seed15,60,3387.1878787878786
hpmcounter5,jump,seed15,61,3424.29696969697
hpmcounter5,jump,seed15,62,3458.866666666667
hpmcounter5,jump,seed15,63,3492.9454545454546
hpmcounter5,jump,seed15,64,3497.8121212121214
hpmcounter5,jump,seed15,65,3494.0969696969696
hpmcounter5,jump,seed15,66,3482.5575757575757
hpmcounter5,jump,seed15,67,3465.121212121212
hpmcounter5,jump,seed15,68,3426.3333333333335
hpmcounter5,jump,seed15,69,3385.660606060606
hpmcounter5,jump,seed15,70,3344.733333333333
hpmcounter5,jump,seed15,71,3310.830303030303
hpmcounter5,jump,seed15,72,3285.569696969697
hpmcounter5,jump,seed15,73,3292.927272727273
hpmcounter5,jump,seed15,74,3307.612121212121
hpmcounter5,jump,seed15,75,3328.4121212121213
hpmcounter5,jump,seed15,76,3341.5878787878787
hpmcounter5,jump,seed15,77,3350.521212121212
hpmcounter5,jump,seed15,78,3353.690909090909
hpmcounter5,jump,seed15,79,3350.551515151515
hpmcounter5,jump,seed15,80,3337.018181818182
hpmcounter5,jump,seed15,81,3315.018181818182
hpmcounter5,jump,seed15,82,3283.212121212121
hpmcounter5,jump,seed15,83,3264.878787878788
hpmcounter5,jump,seed15,84,3262.630303030303
hpmcounter5,jump,seed15,85,3259.460606060606
hpmcounter5,jump,seed15,86,3255.1151515151514
hpmcounter5,jump,seed15,87,3255.090909090909
hpmcounter5,jump,seed15,88,3254.1878787878786
hpmcounter5,jump,seed15,89,3253.3454545454547
hpmcounter5,jump,seed15,90,3251.9939393939394
hpmcounter5,jump,seed15,91,3248.1151515151514
hpmcounter5,jump,seed15,92,3244.2848484848487
hpmcounter5,jump,seed15,93,3240.830303030303
hpmcounter5,jump,seed15,94,3240.339393939394
hpmcounter5,jump,seed15,95,3241.6969696969695
hpmcounter5,jump,seed15,96,3242.1151515151514
hpmcounter5,jump,seed15,97,3246.6545454545453
hpmcounter5,jump,seed15,98,3253.509090909091
hpmcounter5,jump,seed15,99,3257.9030303030304
hpmcounter5,jump,seed15,100,3262.230303030303
hpmcounter5,jump,seed15,101,3261.163636363636
hpmcounter5,jump,seed15,102,3263.569696969697
hpmcounter5,jump,seed15,103,3267.2909090909093
hpmcounter5,jump,seed15,104,3273.569696969697
hpmcounter5,jump,seed15,105,3277.890909090909
hpmcounter5,jump,seed15,106,3278.4060606060607
hpmcounter5,jump,seed15,107,3273.309090909091
hpmcounter5,jump,seed15,108,3267.9757575757576
hpmcounter5,jump,seed15,109,3262.6545454545453
hpmcounter5,jump,seed15,110,3256.369696969697
hpmcounter5,jump,seed15,111,3246.0060606060606
hpmcounter5,jump,seed15,112,3241.2
hpmcounter5,jump,seed15,113,3241.5636363636363
hpmcounter5,jump,seed15,114,3245.339393939394
hpmcounter5,jump,seed15,115,3249.478787878788
hpmcounter5,jump,seed15,116,3253.4545454545455
hpmcounter5,jump,seed15,117,3255.6181818181817
hpmcounter5,jump,seed15,118,3255.787878787879
hpmcounter5,jump,seed15,119,3257.4969696969697
hpmcounter5,jump,seed15,120,3254.6666666666665
hpmcounter5,jump,seed15,121,3252.3030303030305
hpmcounter5,jump,seed15,122,3253.163636363636
hpmcounter5,jump,seed15,123,3257.4
hpmcounter5,jump,seed15,124,3278.7636363636366
hpmcounter5,jump,seed15,125,3292.4363636363637
hpmcounter5,jump,seed15,126,3299.951515151515
hpmcounter5,jump,seed15,127,3305.060606060606
hpmcounter5,jump,seed15,128,3306.6848484848483
hpmcounter5,jump,seed15,129,3303.3333333333335
hpmcounter5,jump,seed15,130,3295.6969696969695
hpmcounter5,jump,seed15,131,3285.6545454545453
hpmcounter5,jump,seed15,132,3272.9333333333334
hpmcounter5,jump,seed15,133,3257.448484848485
hpmcounter5,jump,seed15,134,3260.581818181818
hpmcounter5,jump,seed15,135,3259.169696969697
hpmcounter5,jump,seed15,136,3255.878787878788
hpmcounter5,jump,seed15,137,3255.121212121212
hpmcounter5,jump,seed15,138,3252.9636363636364
hpmcounter5,jump,seed15,139,3250.909090909091
hpmcounter5,jump,seed15,140,3266.9757575757576
hpmcounter5,jump,seed15,141,3294.775757575758
hpmcounter5,jump,seed15,142,3332.5575757575757
hpmcounter5,jump,seed15,143,3373.733333333333
hpmcounter5,jump,seed15,144,3417.5454545454545
hpmcounter5,jump,seed15,145,3457.775757575758
hpmcounter5,jump,seed15,146,3491.690909090909
hpmcounter5,jump,seed15,147,3520.521212121212
hpmcounter5,jump,seed15,148,3537.212121212121
hpmcounter5,jump,seed15,149,3539.109090909091
hpmcounter5,jump,seed15,150,3528.9757575757576
hpmcounter5,jump,seed15,151,3520.4727272727273
hpmcounter5,jump,seed15,152,3518.266666666667
hpmcounter5,jump,seed15,153,3516.6363636363635
hpmcounter5,jump,seed15,154,3516.830303030303
hpmcounter5,jump,seed15,155,3517.89696969697
hpmcounter5,jump,seed15,156,3521.1151515151514
hpmcounter5,jump,seed15,157,3531.163636363636
hpmcounter5,jump,seed15,158,3542.721212121212
hpmcounter5,jump,seed15,159,3557.1151515151514
hpmcounter5,jump,seed15,160,3557.2727272727275
hpmcounter5,jump,seed15,161,3558.042424242424
hpmcounter5,jump,seed15,162,3560.3212121212123
hpmcounter5,jump,seed15,163,3562.193939393939
hpmcounter5,jump,seed15,164,3565.109090909091
hpmcounter5,jump,seed15,165,3564.460606060606
hpmcounter5,jump,seed15,166,3562.7393939393937
hpmcounter5,jump,seed15,167,3562.7454545454543
hpmcounter5,jump,seed15,168,3560.6181818181817
hpmcounter5,jump,seed15,169,3558.1272727272726
hpmcounter5,jump,seed15,170,3554.5333333333333
hpmcounter5,jump,seed15,171,3553.2060606060604
hpmcounter5,jump,seed15,172,3552.787878787879
hpmcounter5,jump,seed15,173,3538.569696969697
hpmcounter5,jump,seed15,174,3514.2484848484846
hpmcounter5,jump,seed15,175,3477.987878787879
hpmcounter5,jump,seed15,176,3435.630303030303
hpmcounter5,jump,seed15,177,3390.690909090909
hpmcounter5,jump,seed15,178,3348.169696969697
hpmcounter5,jump,seed15,179,3309.89696969697
hpmcounter5,jump,seed15,180,3277.5757575757575
hpmcounter5,jump,seed15,181,3258.4969696969697
hpmcounter5,jump,seed15,182,3255.5939393939393
hpmcounter5,jump,seed15,183,3255.5272727272727
hpmcounter5,jump,seed15,184,3253.6181818181817
hpmcounter5,jump,seed15,185,3249.7636363636366
hpmcounter5,jump,seed15,186,3246.0242424242424
hpmcounter5,jump,seed15,187,3245.0060606060606
hpmcounter5,jump,seed15,188,3245.1151515151514
hpmcounter5,jump,seed15,189,3248.5939393939393
hpmcounter5,jump,seed15,190,3248.2484848484846
hpmcounter5,jump,seed15,191,3250.672727272727
hpmcounter5,jump,seed15,192,3253.1272727272726
hpmcounter5,jump,seed15,193,3258.1878787878786
hpmcounter5,jump,seed15,194,3258.339393939394
hpmcounter5,jump,seed15,195,3256.7939393939396
hpmcounter5,jump,seed15,196,3253.5454545454545
hpmcounter5,jump,seed15,197,3250.5575757575757
hpmcounter5,jump,seed15,198,3247.981818181818
hpmcounter5,jump,seed15,199,3245.8
hpmcounter5,jump,seed15,200,3244.818181818182
hpmcounter5,jump,seed15,201,3245.612121212121
hpmcounter5,jump,seed15,202,3249.460606060606
hpmcounter5,jump,seed15,203,3255.10303030303
hpmcounter5,jump,seed15,204,3260.6484848484847
hpmcounter5,jump,seed15,205,3265.193939393939
hpmcounter5,jump,seed15,206,3268.4242424242425
hpmcounter5,jump,seed15,207,3271.9636363636364
hpmcounter5,jump,seed15,208,3272.4727272727273
hpmcounter5,jump,seed15,209,3269.030303030303
hpmcounter5,jump,seed15,210,3266.8121212121214
hpmcounter5,jump,seed15,211,3263.109090909091
hpmcounter5,jump,seed15,212,3260.951515151515
hpmcounter5,jump,seed15,213,3259.4363636363637
hpmcounter5,jump,seed15,214,3261.042424242424
hpmcounter5,jump,seed15,215,3260.3515151515153
hpmcounter5,jump,seed15,216,3260.521212121212
hpmcounter5,jump,seed15,217,3261.551515151515
hpmcounter5,jump,seed15,218,3261.642424242424
hpmcounter5,jump,seed15,219,3260.818181818182
hpmcounter5,jump,seed15,220,3257.4424242424243
hpmcounter5,jump,seed15,221,3252.9757575757576
hpmcounter5,jump,seed15,222,3249.242424242424
hpmcounter5,jump,seed15,223,3248.2484848484846
hpmcounter5,jump,seed15,224,3248.6060606060605
hpmcounter5,jump,seed15,225,3248.072727272727
hpmcounter5,jump,seed15,226,3249.0969696969696
hpmcounter5,jump,seed15,227,3248.3818181818183
hpmcounter5,jump,seed15,228,3247.8727272727274
hpmcounter5,jump,seed15,229,3250.7939393939396
hpmcounter5,jump,seed15,230,3251.5454545454545
hpmcounter5,jump,seed15,231,3250.3151515151517
hpmcounter5,jump,seed15,232,3250.387878787879
hpmcounter5,jump,seed15,233,3250.0060606060606
hpmcounter5,jump,seed15,234,3247.7272727272725
hpmcounter5,jump,seed15,235,3246.9030303030304
hpmcounter5,jump,seed15,236,3246.012121212121
hpmcounter5,jump,seed15,237,3244.266666666667
hpmcounter5,jump,seed15,238,3242.212121212121
hpmcounter5,jump,seed15,239,3242.7090909090907
hpmcounter5,jump,seed15,240,3245.3151515151517
hpmcounter5,jump,seed15,241,3246.2848484848487
hpmcounter5,jump,seed15,242,3249.890909090909
hpmcounter5,jump,seed15,243,3251.7090909090907
hpmcounter5,jump,seed15,244,3252.806060606061
hpmcounter5,jump,seed15,245,3255.2060606060604
hpmcounter5,jump,seed15,246,3258.8242424242426
hpmcounter5,jump,seed15,247,3261.4242424242425
hpmcounter5,jump,seed15,248,3264.569696969697
hpmcounter5,jump,seed15,249,3267.266666666667
hpmcounter5,jump,seed15,250,3268.478787878788
hpmcounter5,jump,seed15,251,3268.448484848485
hpmcounter5,jump,seed15,252,3268.806060606061
hpmcounter5,jump,seed15,253,3268.1575757575756
hpmcounter5,jump,seed15,254,3264.8121212121214
hpmcounter5,jump,seed15,255,3260.012121212121
hpmcounter5,jump,seed15,256,3256.018181818182
hpmcounter5,jump,seed15,257,3253.921212121212
hpmcounter5,jump,seed15,258,3252.242424242424
hpmcounter5,jump,seed15,259,3253.5939393939393
hpmcounter5,jump,seed15,260,3254.012121212121
hpmcounter5,jump,seed15,261,3257.539393939394
hpmcounter5,jump,seed15,262,3263.9454545454546
hpmcounter5,jump,seed15,263,3268.909090909091
hpmcounter5,jump,seed15,264,3270.551515151515
hpmcounter5,jump,seed15,265,3269.89696969697
hpmcounter5,jump,seed15,266,3266.3939393939395
hpmcounter5,jump,seed15,267,3262.4424242424243
hpmcounter5,jump,seed15,268,3256.042424242424
hpmcounter5,jump,seed15,269,3251.8242424242426
hpmcounter5,jump,seed15,270,3250.9151515151516
hpmcounter5,jump,seed15,271,3255.5333333333333
hpmcounter5,jump,seed15,272,3260.151515151515
hpmcounter5,jump,seed15,273,3262.139393939394
hpmcounter5,jump,seed15,274,3264.387878787879
hpmcounter5,jump,seed15,275,3267.8848484848486
hpmcounter5,jump,seed15,276,3269.10303030303
hpmcounter5,jump,seed15,277,3267.836363636364
hpmcounter5,jump,seed15,278,3264.951515151515
hpmcounter5,jump,seed15,279,3262.9333333333334
hpmcounter5,jump,seed15,280,3261.7272727272725
hpmcounter5,jump,seed15,281,3263.70303030303
hpmcounter5,jump,seed15,282,3262.4848484848485
hpmcounter5,jump,seed15,283,3259.7818181818184
hpmcounter5,jump,seed15,284,3258.3939393939395
hpmcounter5,jump,seed15,285,3259.5030303030303
hpmcounter5,jump,seed15,286,3259.6545454545453
hpmcounter5,jump,seed15,287,3256.89696969697
hpmcounter5,jump,seed15,288,3253.921212121212
hpmcounter5,jump,seed15,289,3254.5151515151515
hpmcounter5,jump,seed15,290,3254.7939393939396
hpmcounter5,jump,seed15,291,3253.6848484848483
hpmcounter5,jump,seed15,292,3249.7393939393937
hpmcounter5,jump,seed15,293,3249.5454545454545
hpmcounter5,jump,seed15,294,3251.1272727272726
hpmcounter5,jump,seed15,295,3255.109090909091
hpmcounter5,jump,seed15,296,3262.4242424242425
hpmcounter5,jump,seed15,297,3266.9151515151516
hpmcounter5,jump,seed15,298,3270.70303030303
hpmcounter5,jump,seed16,9,3248.5939393939393
hpmcounter5,jump,seed16,10,3243.6666666666665
hpmcounter5,jump,seed16,11,3239.012121212121
hpmcounter5,jump,seed16,12,3237.3757575757577
hpmcounter5,jump,seed16,13,3237.6363636363635
hpmcounter5,jump,seed16,14,3238.7454545454543
hpmcounter5,jump,seed16,15,3241.4969696969697
hpmcounter5,jump,seed16,16,3243.193939393939
hpmcounter5,jump,seed16,17,3246.030303030303
hpmcounter5,jump,seed16,18,3250.8424242424244
hpmcounter5,jump,seed16,19,3256.9939393939394
hpmcounter5,jump,seed16,20,3261.8242424242426
hpmcounter5,jump,seed16,21,3264.490909090909
hpmcounter5,jump,seed16,22,3267.151515151515
hpmcounter5,jump,seed16,23,3267.6484848484847
hpmcounter5,jump,seed16,24,3265.775757575758
hpmcounter5,jump,seed16,25,3261.4
hpmcounter5,jump,seed16,26,3255.6666666666665
hpmcounter5,jump,seed16,27,3250.927272727273
hpmcounter5,jump,seed16,28,3248.787878787879
hpmcounter5,jump,seed16,29,3250.090909090909
hpmcounter5,jump,seed16,30,3252.478787878788
hpmcounter5,jump,seed16,31,3255.9030303030304
hpmcounter5,jump,seed16,32,3258.890909090909
hpmcounter5,jump,seed16,33,3260.0545454545454
hpmcounter5,jump,seed16,34,3260.327272727273
hpmcounter5,jump,seed16,35,3257.9151515151516
hpmcounter5,jump,seed16,36,3254.6787878787877
hpmcounter5,jump,seed16,37,3252.7636363636366
hpmcounter5,jump,seed16,38,3249.1454545454544
hpmcounter5,jump,seed16,39,3246.3818181818183
hpmcounter5,jump,seed16,40,3245.5575757575757
hpmcounter5,jump,seed16,41,3249.078787878788
hpmcounter5,jump,seed16,42,3249.4
hpmcounter5,jump,seed16,43,3250.121212121212
hpmcounter5,jump,seed16,44,3251.4060606060607
hpmcounter5,jump,seed16,45,3250.4666666666667
hpmcounter5,jump,seed16,46,3250.927272727273
hpmcounter5,jump,seed16,47,3252.7393939393937
hpmcounter5,jump,seed16,48,3255.0969696969696
hpmcounter5,jump,seed16,49,3256.1151515151514
hpmcounter5,jump,seed16,50,3257.5636363636363
hpmcounter5,jump,seed16,51,3262.072727272727
hpmcounter5,jump,seed16,52,3262.357575757576
hpmcounter5,jump,seed16,53,3262.806060606061
hpmcounter5,jump,seed16,54,3263.4545454545455
hpmcounter5,jump,seed16,55,3260.9151515151516
hpmcounter5,jump,seed16,56,3258.6242424242423
hpmcounter5,jump,seed16,57,3256.5272727272727
hpmcounter5,jump,seed16,58,3257.6484848484847
hpmcounter5,jump,seed16,59,3257.090909090909
hpmcounter5,jump,seed16,60,3257.581818181818
hpmcounter5,jump,seed16,61,3259.460606060606
hpmcounter5,jump,seed16,62,3257.4121212121213
hpmcounter5,jump,seed16,63,3255.7151515151513
hpmcounter5,jump,seed16,64,3259.3939393939395
hpmcounter5,jump,seed16,65,3260.2181818181816
hpmcounter5,jump,seed16,66,3259.9030303030304
hpmcounter5,jump,seed16,67,3259.8848484848486
hpmcounter5,jump,seed16,68,3262.957575757576
hpmcounter5,jump,seed16,69,3267.612121212121
hpmcounter5,jump,seed16,70,3269.4969696969697
hpmcounter5,jump,seed16,71,3268.969696969697
hpmcounter5,jump,seed16,72,3266.9636363636364
hpmcounter5,jump,seed16,73,3262.0666666666666
hpmcounter5,jump,seed16,74,3262.4242424242425
hpmcounter5,jump,seed16,75,3259.806060606061
hpmcounter5,jump,seed16,76,3258.3030303030305
hpmcounter5,jump,seed16,77,3255.8121212121214
hpmcounter5,jump,seed16,78,3256.278787878788
hpmcounter5,jump,seed16,79,3261.278787878788
hpmcounter5,jump,seed16,80,3265.6242424242423
hpmcounter5,jump,seed16,81,3267.866666666667
hpmcounter5,jump,seed16,82,3272.193939393939
hpmcounter5,jump,seed16,83,3272.8545454545456
hpmcounter5,jump,seed16,84,3274.9030303030304
hpmcounter5,jump,seed16,85,3273.0545454545454
hpmcounter5,jump,seed16,86,3270.387878787879
hpmcounter5,jump,seed16,87,3264.878787878788
hpmcounter5,jump,seed16,88,3261.048484848485
hpmcounter5,jump,seed16,89,3255.721212121212
hpmcounter5,jump,seed16,90,3253.072727272727
hpmcounter5,jump,seed16,91,3248.2060606060604
hpmcounter5,jump,seed16,92,3245.7939393939396
hpmcounter5,jump,seed16,93,3246.0363636363636
hpmcounter5,jump,seed16,94,3251.078787878788
hpmcounter5,jump,seed16,95,3255.5454545454545
hpmcounter5,jump,seed16,96,3257.8727272727274
hpmcounter5,jump,seed16,97,3257.2909090909093
hpmcounter5,jump,seed16,98,3256.6787878787877
hpmcounter5,jump,seed16,99,3257.6969696969695
hpmcounter5,jump,seed16,100,3260.3454545454547
hpmcounter5,jump,seed16,101,3258.6181818181817
hpmcounter5,jump,seed16,102,3256.133333333333
hpmcounter5,jump,seed16,103,3254.4242424242425
hpmcounter5,jump,seed16,104,3257.3818181818183
hpmcounter5,jump,seed16,105,3258.460606060606
hpmcounter5,jump,seed16,106,3257.690909090909
hpmcounter5,jump,seed16,107,3254.539393939394
hpmcounter5,jump,seed16,108,3249.5878787878787
hpmcounter5,jump,seed16,109,3249.078787878788
hpmcounter5,jump,seed16,110,3249.630303030303
hpmcounter5,jump,seed16,111,3248.048484848485
hpmcounter5,jump,seed16,112,3246.3939393939395
hpmcounter5,jump,seed16,113,3244.9636363636364
hpmcounter5,jump,seed16,114,3247.6181818181817
hpmcounter5,jump,seed16,115,3248.9939393939394
hpmcounter5,jump,seed16,116,3251.1272727272726
hpmcounter5,jump,seed16,117,3270.4666666666667
hpmcounter5,jump,seed16,118,3284.860606060606
hpmcounter5,jump,seed16,119,3295.5030303030303
hpmcounter5,jump,seed16,120,3303.387878787879
hpmcounter5,jump,seed16,121,3306.8727272727274
hpmcounter5,jump,seed16,122,3305.181818181818
hpmcounter5,jump,seed16,123,3300.8848484848486
hpmcounter5,jump,seed16,124,3290.860606060606
hpmcounter5,jump,seed16,125,3274.042424242424
hpmcounter5,jump,seed16,126,3253.5878787878787
hpmcounter5,jump,seed16,127,3249.4060606060607
hpmcounter5,jump,seed16,128,3245.7515151515154
hpmcounter5,jump,seed16,129,3241.309090909091
hpmcounter5,jump,seed16,130,3238.060606060606
hpmcounter5,jump,seed16,131,3235.769696969697
hpmcounter5,jump,seed16,132,3233.4545454545455
hpmcounter5,jump,seed16,133,3235.569696969697
hpmcounter5,jump,seed16,134,3239.7515151515154
hpmcounter5,jump,seed16,135,3243.551515151515
hpmcounter5,jump,seed16,136,3247.4
hpmcounter5,jump,seed16,137,3248.309090909091
hpmcounter5,jump,seed16,138,3249.830303030303
hpmcounter5,jump,seed16,139,3251.5030303030303
hpmcounter5,jump,seed16,140,3254.490909090909
hpmcounter5,jump,seed16,141,3260.4121212121213
hpmcounter5,jump,seed16,142,3264.509090909091
hpmcounter5,jump,seed16,143,3266.018181818182
hpmcounter5,jump,seed16,144,3268.860606060606
hpmcounter5,jump,seed16,145,3272.018181818182
hpmcounter5,jump,seed16,146,3289.7515151515154
hpmcounter5,jump,seed16,147,3319.7272727272725
hpmcounter5,jump,seed16,148,3356.581818181818
hpmcounter5,jump,seed16,149,3396.3636363636365
hpmcounter5,jump,seed16,150,3438.551515151515
hpmcounter5,jump,seed16,151,3484.0545454545454
hpmcounter5,jump,seed16,152,3522.460606060606
hpmcounter5,jump,seed16,153,3551.169696969697
hpmcounter5,jump,seed16,154,3565.8242424242426
hpmcounter5,jump,seed16,155,3563.806060606061
hpmcounter5,jump,seed16,156,3562.327272727273
hpmcounter5,jump,seed16,157,3562.2909090909093
hpmcounter5,jump,seed16,158,3560.70303030303
hpmcounter5,jump,seed16,159,3559.109090909091
hpmcounter5,jump,seed16,160,3558.848484848485
hpmcounter5,jump,seed16,161,3557.2909090909093
hpmcounter5,jump,seed16,162,3554.278787878788
hpmcounter5,jump,seed16,163,3552.939393939394
hpmcounter5,jump,seed16,164,3549.9757575757576
hpmcounter5,jump,seed16,165,3544.5333333333333
hpmcounter5,jump,seed16,166,3541.3454545454547
hpmcounter5,jump,seed16,167,3538.7636363636366
hpmcounter5,jump,seed16,168,3535.224242424242
hpmcounter5,jump,seed16,169,3537.890909090909
hpmcounter5,jump,seed16,170,3543.3818181818183
hpmcounter5,jump,seed16,171,3528.121212121212
hpmcounter5,jump,seed16,172,3505.018181818182
hpmcounter5,jump,seed16,173,3473.5878787878787
hpmcounter5,jump,seed16,174,3437.121212121212
hpmcounter5,jump,seed16,175,3396.8727272727274
hpmcounter5,jump,seed16,176,3357.878787878788
hpmcounter5,jump,seed16,177,3320.2484848484846
hpmcounter5,jump,seed16,178,3289.6666666666665
hpmcounter5,jump,seed16,179,3275.6484848484847
hpmcounter5,jump,seed16,180,3275.1454545454544
hpmcounter5,jump,seed16,181,3268.169696969697
hpmcounter5,jump,seed16,182,3263.2606060606063
hpmcounter5,jump,seed16,183,3259.6060606060605
hpmcounter5,jump,seed16,184,3256.0363636363636
hpmcounter5,jump,seed16,185,3254.957575757576
hpmcounter5,jump,seed16,186,3255.5151515151515
hpmcounter5,jump,seed16,187,3256.0969696969696
hpmcounter5,jump,seed16,188,3257.030303030303
hpmcounter5,jump,seed16,189,3259.387878787879
hpmcounter5,jump,seed16,190,3259.860606060606
hpmcounter5,jump,seed16,191,3259.1151515151514
hpmcounter5,jump,seed16,192,3257.3030303030305
hpmcounter5,jump,seed16,193,3254.9636363636364
hpmcounter5,jump,seed16,194,3254.3454545454547
hpmcounter5,jump,seed16,195,3255.6484848484847
hpmcounter5,jump,seed16,196,3257.0242424242424
hpmcounter5,jump,seed16,197,3259.212121212121
hpmcounter5,jump,seed16,198,3259.430303030303
hpmcounter5,jump,seed16,199,3259.5151515151515
hpmcounter5,jump,seed16,200,3258.151515151515
hpmcounter5,jump,seed16,201,3257.242424242424
hpmcounter5,jump,seed16,202,3256.4969696969697
hpmcounter5,jump,seed16,203,3252.090909090909
hpmcounter5,jump,seed16,204,3251.7818181818184
hpmcounter5,jump,seed16,205,3252.4242424242425
hpmcounter5,jump,seed16,206,3254.193939393939
hpmcounter5,jump,seed16,207,3254.8727272727274
hpmcounter5,jump,seed16,208,3253.921212121212
hpmcounter5,jump,seed16,209,3253.733333333333
hpmcounter5,jump,seed16,210,3253.2
hpmcounter5,jump,seed16,211,3254.169696969697
hpmcounter5,jump,seed16,212,3257.1575757575756
hpmcounter5,jump,seed16,213,3259.3515151515153
hpmcounter5,jump,seed16,214,3262.9939393939394
hpmcounter5,jump,seed16,215,3265.6545454545453
hpmcounter5,jump,seed16,216,3268.2
hpmcounter5,jump,seed16,217,3271.3636363636365
hpmcounter5,jump,seed16,218,3273.060606060606
hpmcounter5,jump,seed16,219,3275.109090909091
hpmcounter5,jump,seed16,220,3275.133333333333
hpmcounter5,jump,seed16,221,3274.921212121212
hpmcounter5,jump,seed16,222,3274.70303030303
hpmcounter5,jump,seed16,223,3277.927272727273
hpmcounter5,jump,seed16,224,3277.89696969697
hpmcounter5,jump,seed16,225,3275.7272727272725
hpmcounter5,jump,seed16,226,3273.612121212121
hpmcounter5,jump,seed16,227,3269.969696969697
hpmcounter5,jump,seed16,228,3262.5575757575757
hpmcounter5,jump,seed16,229,3255.957575757576
hpmcounter5,jump,seed16,230,3249.787878787879
hpmcounter5,jump,seed16,231,3247.5272727272727
hpmcounter5,jump,seed16,232,3243.660606060606
hpmcounter5,jump,seed16,233,3243.642424242424
hpmcounter5,jump,seed16,234,3244.090909090909
hpmcounter5,jump,seed16,235,3243.490909090909
hpmcounter5,jump,seed16,236,3245.5636363636363
hpmcounter5,jump,seed16,237,3249.3030303030305
hpmcounter5,jump,seed16,238,3250.242424242424
hpmcounter5,jump,seed16,239,3251.909090909091
hpmcounter5,jump,seed16,240,3253.769696969697
hpmcounter5,jump,seed16,241,3261.818181818182
hpmcounter5,jump,seed16,242,3267.818181818182
hpmcounter5,jump,seed16,243,3272.8
hpmcounter5,jump,seed16,244,3276.0969696969696
hpmcounter5,jump,seed16,245,3276.369696969697
hpmcounter5,jump,seed16,246,3274.3333333333335
hpmcounter5,jump,seed16,247,3272.5333333333333
hpmcounter5,jump,seed16,248,3267.4121212121213
hpmcounter5,jump,seed16,249,3263.7393939393937
hpmcounter5,jump,seed16,250,3259.4060606060607
hpmcounter5,jump,seed16,251,3256.890909090909
hpmcounter5,jump,seed16,252,3257.1878787878786
hpmcounter5,jump,seed16,253,3260.3454545454547
hpmcounter5,jump,seed16,254,3261.0666666666666
hpmcounter5,jump,seed16,255,3262.0060606060606
hpmcounter5,jump,seed16,256,3260.775757575758
hpmcounter5,jump,seed16,257,3260.339393939394
hpmcounter5,jump,seed16,258,3258.309090909091
hpmcounter5,jump,seed16,259,3272.169696969697
hpmcounter5,jump,seed16,260,3280.7393939393937
hpmcounter5,jump,seed16,261,3301.5636363636363
hpmcounter5,jump,seed16,262,3317.612121212121
hpmcounter5,jump,seed16,263,3328.5030303030303
hpmcounter5,jump,seed16,264,3347.612121212121
hpmcounter5,jump,seed16,265,3374.163636363636
hpmcounter5,jump,seed16,266,3401.133333333333
hpmcounter5,jump,seed16,267,3426.3030303030305
hpmcounter5,jump,seed16,268,3445.448484848485
hpmcounter5,jump,seed16,269,3458.163636363636
hpmcounter5,jump,seed16,270,3449.7393939393937
hpmcounter5,jump,seed16,271,3442.3757575757577
hpmcounter5,jump,seed16,272,3417.860606060606
hpmcounter5,jump,seed16,273,3375.357575757576
hpmcounter5,jump,seed16,274,3332.951515151515
hpmcounter5,jump,seed16,275,3295.672727272727
hpmcounter5,jump,seed16,276,3268.3515151515153
hpmcounter5,jump,seed16,277,3252.848484848485
hpmcounter5,jump,seed16,278,3250.70303030303
hpmcounter5,jump,seed16,279,3248.133333333333
hpmcounter5,jump,seed16,280,3246.2363636363634
hpmcounter5,jump,seed16,281,3247.2181818181816
hpmcounter5,jump,seed16,282,3249.9151515151516
hpmcounter5,jump,seed16,283,3252.8242424242426
hpmcounter5,jump,seed16,284,3257.957575757576
hpmcounter5,jump,seed16,285,3259.3030303030305
hpmcounter5,jump,seed16,286,3262.29696969697
hpmcounter5,jump,seed16,287,3264.939393939394
hpmcounter5,jump,seed16,288,3267.1575757575756
hpmcounter5,jump,seed16,289,3268.0666666666666
hpmcounter5,jump,seed16,290,3266.8242424242426
hpmcounter5,jump,seed16,291,3265.9757575757576
hpmcounter5,jump,seed16,292,3266.072727272727
hpmcounter5,jump,seed16,293,3266.6242424242423
hpmcounter5,jump,seed16,294,3268.5636363636363
hpmcounter5,jump,seed16,295,3268.0
hpmcounter5,jump,seed16,296,3267.8848484848486
hpmcounter5,jump,seed16,297,3266.169696969697
hpmcounter5,jump,seed16,298,3267.6545454545453
hpmcounter5,jump,seed17,9,3306.9151515151516
hpmcounter5,jump,seed17,10,3315.721212121212
hpmcounter5,jump,seed17,11,3335.769696969697
hpmcounter5,jump,seed17,12,3362.3212121212123
hpmcounter5,jump,seed17,13,3392.5151515151515
hpmcounter5,jump,seed17,14,3422.757575757576
hpmcounter5,jump,seed17,15,3451.7393939393937
hpmcounter5,jump,seed17,16,3469.448484848485
hpmcounter5,jump,seed17,17,3495.6363636363635
hpmcounter5,jump,seed17,18,3527.29696969697
hpmcounter5,jump,seed17,19,3544.733333333333
hpmcounter5,jump,seed17,20,3550.957575757576
hpmcounter5,jump,seed17,21,3556.2181818181816
hpmcounter5,jump,seed17,22,3558.70303030303
hpmcounter5,jump,seed17,23,3544.478787878788
hpmcounter5,jump,seed17,24,3516.151515151515
hpmcounter5,jump,seed17,25,3478.4363636363637
hpmcounter5,jump,seed17,26,3432.6484848484847
hpmcounter5,jump,seed17,27,3386.6242424242423
hpmcounter5,jump,seed17,28,3343.6484848484847
hpmcounter5,jump,seed17,29,3306.3030303030305
hpmcounter5,jump,seed17,30,3280.672727272727
hpmcounter5,jump,seed17,31,3266.539393939394
hpmcounter5,jump,seed17,32,3266.230303030303
hpmcounter5,jump,seed17,33,3264.048484848485
hpmcounter5,jump,seed17,34,3262.581818181818
hpmcounter5,jump,seed17,35,3264.4121212121213
hpmcounter5,jump,seed17,36,3266.909090909091
hpmcounter5,jump,seed17,37,3269.3515151515153
hpmcounter5,jump,seed17,38,3271.6969696969695
hpmcounter5,jump,seed17,39,3274.939393939394
hpmcounter5,jump,seed17,40,3275.309090909091
hpmcounter5,jump,seed17,41,3273.5454545454545
hpmcounter5,jump,seed17,42,3271.327272727273
hpmcounter5,jump,seed17,43,3268.89696969697
hpmcounter5,jump,seed17,44,3265.769696969697
hpmcounter5,jump,seed17,45,3263.9636363636364
hpmcounter5,jump,seed17,46,3263.957575757576
hpmcounter5,jump,seed17,47,3263.193939393939
hpmcounter5,jump,seed17,48,3263.6545454545453
hpmcounter5,jump,seed17,49,3264.060606060606
hpmcounter5,jump,seed17,50,3261.1575757575756
hpmcounter5,jump,seed17,51,3259.042424242424
hpmcounter5,jump,seed17,52,3259.2
hpmcounter5,jump,seed17,53,3262.7818181818184
hpmcounter5,jump,seed17,54,3265.4242424242425
hpmcounter5,jump,seed17,55,3263.6
hpmcounter5,jump,seed17,56,3263.5454545454545
hpmcounter5,jump,seed17,57,3262.848484848485
hpmcounter5,jump,seed17,58,3262.6969696969695
hpmcounter5,jump,seed17,59,3260.0060606060606
hpmcounter5,jump,seed17,60,3254.266666666667
hpmcounter5,jump,seed17,61,3250.8
hpmcounter5,jump,seed17,62,3247.630303030303
hpmcounter5,jump,seed17,63,3248.29696969697
hpmcounter5,jump,seed17,64,3251.224242424242
hpmcounter5,jump,seed17,65,3251.6242424242423
hpmcounter5,jump,seed17,66,3253.369696969697
hpmcounter5,jump,seed17,67,3256.169696969697
hpmcounter5,jump,seed17,68,3258.551515151515
hpmcounter5,jump,seed17,69,3258.2060606060604
hpmcounter5,jump,seed17,70,3255.6484848484847
hpmcounter5,jump,seed17,71,3253.10303030303
hpmcounter5,jump,seed17,72,3249.721212121212
hpmcounter5,jump,seed17,73,3248.2545454545457
hpmcounter5,jump,seed17,74,3251.951515151515
hpmcounter5,jump,seed17,75,3256.012121212121
hpmcounter5,jump,seed17,76,3260.012121212121
hpmcounter5,jump,seed17,77,3265.460606060606
hpmcounter5,jump,seed17,78,3269.3454545454547
hpmcounter5,jump,seed17,79,3271.4424242424243
hpmcounter5,jump,seed17,80,3270.8424242424244
hpmcounter5,jump,seed17,81,3269.5575757575757
hpmcounter5,jump,seed17,82,3268.6545454545453
hpmcounter5,jump,seed17,83,3264.121212121212
hpmcounter5,jump,seed17,84,3261.1151515151514
hpmcounter5,jump,seed17,85,3257.3454545454547
hpmcounter5,jump,seed17,86,3253.0545454545454
hpmcounter5,jump,seed17,87,3250.6363636363635
hpmcounter5,jump,seed17,88,3251.3757575757577
hpmcounter5,jump,seed17,89,3252.018181818182
hpmcounter5,jump,seed17,90,3252.70303030303
hpmcounter5,jump,seed17,91,3256.2848484848487
hpmcounter5,jump,seed17,92,3261.848484848485
hpmcounter5,jump,seed17,93,3266.3939393939395
hpmcounter5,jump,seed17,94,3268.0363636363636
hpmcounter5,jump,seed17,95,3268.6484848484847
hpmcounter5,jump,seed17,96,3266.3333333333335
hpmcounter5,jump,seed17,97,3264.642424242424
hpmcounter5,jump,seed17,98,3265.5939393939393
hpmcounter5,jump,seed17,99,3265.4
hpmcounter5,jump,seed17,100,3262.806060606061
hpmcounter5,jump,seed17,101,3263.630303030303
hpmcounter5,jump,seed17,102,3263.072727272727
hpmcounter5,jump,seed17,103,3266.860606060606
hpmcounter5,jump,seed17,104,3267.1151515151514
hpmcounter5,jump,seed17,105,3267.4121212121213
hpmcounter5,jump,seed17,106,3265.5272727272727
hpmcounter5,jump,seed17,107,3263.4121212121213
hpmcounter5,jump,seed17,108,3261.012121212121
hpmcounter5,jump,seed17,109,3257.5333333333333
hpmcounter5,jump,seed17,110,3249.8424242424244
hpmcounter5,jump,seed17,111,3246.830303030303
hpmcounter5,jump,seed17,112,3240.981818181818
hpmcounter5,jump,seed17,113,3240.193939393939
hpmcounter5,jump,seed17,114,3240.278787878788
hpmcounter5,jump,seed17,115,3240.5939393939393
hpmcounter5,jump,seed17,116,3242.478787878788
hpmcounter5,jump,seed17,117,3247.3818181818183
hpmcounter5,jump,seed17,118,3250.909090909091
hpmcounter5,jump,seed17,119,3251.6
hpmcounter5,jump,seed17,120,3252.672727272727
hpmcounter5,jump,seed17,121,3256.866666666667
hpmcounter5,jump,seed17,122,3260.387878787879
hpmcounter5,jump,seed17,123,3262.5636363636363
hpmcounter5,jump,seed17,124,3265.0969696969696
hpmcounter5,jump,seed17,125,3265.0242424242424
hpmcounter5,jump,seed17,126,3263.0
hpmcounter5,jump,seed17,127,3263.6969696969695
hpmcounter5,jump,seed17,128,3260.193939393939
hpmcounter5,jump,seed17,129,3255.951515151515
hpmcounter5,jump,seed17,130,3254.060606060606
hpmcounter5,jump,seed17,131,3252.448484848485
hpmcounter5,jump,seed17,132,3252.6848484848483
hpmcounter5,jump,seed17,133,3251.6484848484847
hpmcounter5,jump,seed17,134,3253.2848484848487
hpmcounter5,jump,seed17,135,3255.787878787879
hpmcounter5,jump,seed17,136,3256.8121212121214
hpmcounter5,jump,seed17,137,3258.4242424242425
hpmcounter5,jump,seed17,138,3257.133333333333
hpmcounter5,jump,seed17,139,3258.4060606060607
hpmcounter5,jump,seed17,140,3260.121212121212
hpmcounter5,jump,seed17,141,3263.2
hpmcounter5,jump,seed17,142,3265.7515151515154
hpmcounter5,jump,seed17,143,3265.0969696969696
hpmcounter5,jump,seed17,144,3264.4060606060607
hpmcounter5,jump,seed17,145,3264.278787878788
hpmcounter5,jump,seed17,146,3265.2909090909093
hpmcounter5,jump,seed17,147,3264.5272727272727
hpmcounter5,jump,seed17,148,3262.0666666666666
hpmcounter5,jump,seed17,149,3258.7454545454543
hpmcounter5,jump,seed17,150,3254.927272727273
hpmcounter5,jump,seed17,151,3268.630303030303
hpmcounter5,jump,seed17,152,3293.3757575757577
hpmcounter5,jump,seed17,153,3327.3636363636365
hpmcounter5,jump,seed17,154,3369.3454545454547
hpmcounter5,jump,seed17,155,3413.1575757575756
hpmcounter5,jump,seed17,156,3458.660606060606
hpmcounter5,jump,seed17,157,3496.9151515151516
hpmcounter5,jump,seed17,158,3527.163636363636
hpmcounter5,jump,seed17,159,3546.460606060606
hpmcounter5,jump,seed17,160,3551.133333333333
hpmcounter5,jump,seed17,161,3551.7151515151513
hpmcounter5,jump,seed17,162,3552.6666666666665
hpmcounter5,jump,seed17,163,3553.2363636363634
hpmcounter5,jump,seed17,164,3554.448484848485
hpmcounter5,jump,seed17,165,3554.357575757576
hpmcounter5,jump,seed17,166,3552.169696969697
hpmcounter5,jump,seed17,167,3547.5272727272727
hpmcounter5,jump,seed17,168,3544.2484848484846
hpmcounter5,jump,seed17,169,3527.0060606060606
hpmcounter5,jump,seed17,170,3499.369696969697
hpmcounter5,jump,seed17,171,3461.278787878788
hpmcounter5,jump,seed17,172,3421.6484848484847
hpmcounter5,jump,seed17,173,3382.6
hpmcounter5,jump,seed17,174,3345.9939393939394
hpmcounter5,jump,seed17,175,3314.2060606060604
hpmcounter5,jump,seed17,176,3288.509090909091
hpmcounter5,jump,seed17,177,3276.9454545454546
hpmcounter5,jump,seed17,178,3278.951515151515
hpmcounter5,jump,seed17,179,3279.5151515151515
hpmcounter5,jump,seed17,180,3277.369696969697
hpmcounter5,jump,seed17,181,3277.430303030303
hpmcounter5,jump,seed17,182,3274.6181818181817
hpmcounter5,jump,seed17,183,3272.0060606060606
hpmcounter5,jump,seed17,184,3267.6242424242423
hpmcounter5,jump,seed17,185,3260.836363636364
hpmcounter5,jump,seed17,186,3252.787878787879
hpmcounter5,jump,seed17,187,3251.1272727272726
hpmcounter5,jump,seed17,188,3248.5636363636363
hpmcounter5,jump,seed17,189,3248.9757575757576
hpmcounter5,jump,seed17,190,3247.224242424242
hpmcounter5,jump,seed17,191,3248.6787878787877
hpmcounter5,jump,seed17,192,3252.090909090909
hpmcounter5,jump,seed17,193,3255.7151515151513
hpmcounter5,jump,seed17,194,3258.4424242424243
hpmcounter5,jump,seed17,195,3258.987878787879
hpmcounter5,jump,seed17,196,3256.012121212121
hpmcounter5,jump,seed17,197,3253.6181818181817
hpmcounter5,jump,seed17,198,3253.7272727272725
hpmcounter5,jump,seed17,199,3255.2
hpmcounter5,jump,seed17,200,3256.060606060606
hpmcounter5,jump,seed17,201,3256.3939393939395
hpmcounter5,jump,seed17,202,3259.6545454545453
hpmcounter5,jump,seed17,203,3263.29696969697
hpmcounter5,jump,seed17,204,3267.909090909091
hpmcounter5,jump,seed17,205,3274.3636363636365
hpmcounter5,jump,seed17,206,3276.70303030303
hpmcounter5,jump,seed17,207,3273.8727272727274
hpmcounter5,jump,seed17,208,3273.3515151515153
hpmcounter5,jump,seed17,209,3270.8121212121214
hpmcounter5,jump,seed17,210,3267.5878787878787
hpmcounter5,jump,seed17,211,3263.242424242424
hpmcounter5,jump,seed17,212,3258.9333333333334
hpmcounter5,jump,seed17,213,3254.8727272727274
hpmcounter5,jump,seed17,214,3250.3454545454547
hpmcounter5,jump,seed17,215,3249.387878787879
hpmcounter5,jump,seed17,216,3247.860606060606
hpmcounter5,jump,seed17,217,3244.7515151515154
hpmcounter5,jump,seed17,218,3245.242424242424
hpmcounter5,jump,seed17,219,3245.7090909090907
hpmcounter5,jump,seed17,220,3249.4727272727273
hpmcounter5,jump,seed17,221,3251.909090909091
hpmcounter5,jump,seed17,222,3254.551515151515
hpmcounter5,jump,seed17,223,3255.9151515151516
hpmcounter5,jump,seed17,224,3254.8545454545456
hpmcounter5,jump,seed17,225,3254.9757575757576
hpmcounter5,jump,seed17,226,3253.6484848484847
hpmcounter5,jump,seed17,227,3249.939393939394
hpmcounter5,jump,seed17,228,3247.3454545454547
hpmcounter5,jump,seed17,229,3244.339393939394
hpmcounter5,jump,seed17,230,3245.169696969697
hpmcounter5,jump,seed17,231,3243.5636363636363
hpmcounter5,jump,seed17,232,3243.387878787879
hpmcounter5,jump,seed17,233,3243.6787878787877
hpmcounter5,jump,seed17,234,3246.2181818181816
hpmcounter5,jump,seed17,235,3253.5454545454545
hpmcounter5,jump,seed17,236,3261.418181818182
hpmcounter5,jump,seed17,237,3265.060606060606
hpmcounter5,jump,seed17,238,3266.5757575757575
hpmcounter5,jump,seed17,239,3266.163636363636
hpmcounter5,jump,seed17,240,3266.4363636363637
hpmcounter5,jump,seed17,241,3264.581818181818
hpmcounter5,jump,seed17,242,3261.8121212121214
hpmcounter5,jump,seed17,243,3255.163636363636
hpmcounter5,jump,seed17,244,3252.551515151515
hpmcounter5,jump,seed17,245,3252.2606060606063
hpmcounter5,jump,seed17,246,3253.521212121212
hpmcounter5,jump,seed17,247,3255.612121212121
hpmcounter5,jump,seed17,248,3258.387878787879
hpmcounter5,jump,seed17,249,3258.8
hpmcounter5,jump,seed17,250,3259.630303030303
hpmcounter5,jump,seed17,251,3260.230303030303
hpmcounter5,jump,seed17,252,3261.0060606060606
hpmcounter5,jump,seed17,253,3259.478787878788
hpmcounter5,jump,seed17,254,3258.7515151515154
hpmcounter5,jump,seed17,255,3256.1575757575756
hpmcounter5,jump,seed17,256,3252.830303030303
hpmcounter5,jump,seed17,257,3252.490909090909
hpmcounter5,jump,seed17,258,3255.969696969697
hpmcounter5,jump,seed17,259,3257.981818181818
hpmcounter5,jump,seed17,260,3259.060606060606
hpmcounter5,jump,seed17,261,3259.7515151515154
hpmcounter5,jump,seed17,262,3259.6787878787877
hpmcounter5,jump,seed17,263,3261.139393939394
hpmcounter5,jump,seed17,264,3262.448484848485
hpmcounter5,jump,seed17,265,3261.6484848484847
hpmcounter5,jump,seed17,266,3259.3757575757577
hpmcounter5,jump,seed17,267,3259.478787878788
hpmcounter5,jump,seed17,268,3259.3333333333335
hpmcounter5,jump,seed17,269,3258.6242424242423
hpmcounter5,jump,seed17,270,3257.6545454545453
hpmcounter5,jump,seed17,271,3256.660606060606
hpmcounter5,jump,seed17,272,3252.818181818182
hpmcounter5,jump,seed17,273,3251.2
hpmcounter5,jump,seed17,274,3248.951515151515
hpmcounter5,jump,seed17,275,3247.89696969697
hpmcounter5,jump,seed17,276,3245.4060606060607
hpmcounter5,jump,seed17,277,3247.29696969697
hpmcounter5,jump,seed17,278,3246.921212121212
hpmcounter5,jump,seed17,279,3246.5636363636363
hpmcounter5,jump,seed17,280,3246.1757575757574
hpmcounter5,jump,seed17,281,3244.8424242424244
hpmcounter5,jump,seed17,282,3241.848484848485
hpmcounter5,jump,seed17,283,3240.509090909091
hpmcounter5,jump,seed17,284,3236.109090909091
hpmcounter5,jump,seed17,285,3235.7151515151513
hpmcounter5,jump,seed17,286,3236.8848484848486
hpmcounter5,jump,seed17,287,3240.139393939394
hpmcounter5,jump,seed17,288,3245.70303030303
hpmcounter5,jump,seed17,289,3254.193939393939
hpmcounter5,jump,seed17,290,3262.3333333333335
hpmcounter5,jump,seed17,291,3268.2
hpmcounter5,jump,seed17,292,3272.4545454545455
hpmcounter5,jump,seed17,293,3276.909090909091
hpmcounter5,jump,seed17,294,3276.6848484848483
hpmcounter5,jump,seed17,295,3275.4424242424243
hpmcounter5,jump,seed17,296,3276.0363636363636
hpmcounter5,jump,seed17,297,3271.987878787879
hpmcounter5,jump,seed17,298,3269.193939393939
hpmcounter5,jump,seed18,9,3257.6242424242423
hpmcounter5,jump,seed18,10,3256.9333333333334
hpmcounter5,jump,seed18,11,3254.1151515151514
hpmcounter5,jump,seed18,12,3252.29696969697
hpmcounter5,jump,seed18,13,3250.357575757576
hpmcounter5,jump,seed18,14,3249.309090909091
hpmcounter5,jump,seed18,15,3248.3757575757577
hpmcounter5,jump,seed18,16,3245.70303030303
hpmcounter5,jump,seed18,17,3245.4242424242425
hpmcounter5,jump,seed18,18,3247.5272727272727
hpmcounter5,jump,seed18,19,3253.490909090909
hpmcounter5,jump,seed18,20,3260.309090909091
hpmcounter5,jump,seed18,21,3264.818181818182
hpmcounter5,jump,seed18,22,3267.9454545454546
hpmcounter5,jump,seed18,23,3268.0848484848484
hpmcounter5,jump,seed18,24,3266.9151515151516
hpmcounter5,jump,seed18,25,3262.078787878788
hpmcounter5,jump,seed18,26,3254.642424242424
hpmcounter5,jump,seed18,27,3245.2909090909093
hpmcounter5,jump,seed18,28,3238.9030303030304
hpmcounter5,jump,seed18,29,3238.0060606060606
hpmcounter5,jump,seed18,30,3242.048484848485
hpmcounter5,jump,seed18,31,3245.551515151515
hpmcounter5,jump,seed18,32,3247.3333333333335
hpmcounter5,jump,seed18,33,3249.7818181818184
hpmcounter5,jump,seed18,34,3252.387878787879
hpmcounter5,jump,seed18,35,3250.660606060606
hpmcounter5,jump,seed18,36,3249.163636363636
hpmcounter5,jump,seed18,37,3245.7090909090907
hpmcounter5,jump,seed18,38,3242.509090909091
hpmcounter5,jump,seed18,39,3240.4
hpmcounter5,jump,seed18,40,3241.787878787879
hpmcounter5,jump,seed18,41,3246.1575757575756
hpmcounter5,jump,seed18,42,3247.387878787879
hpmcounter5,jump,seed18,43,3249.721212121212
hpmcounter5,jump,seed18,44,3253.212121212121
hpmcounter5,jump,seed18,45,3254.309090909091
hpmcounter5,jump,seed18,46,3256.612121212121
hpmcounter5,jump,seed18,47,3258.3151515151517
hpmcounter5,jump,seed18,48,3261.8848484848486
hpmcounter5,jump,seed18,49,3264.387878787879
hpmcounter5,jump,seed18,50,3266.981818181818
hpmcounter5,jump,seed18,51,3272.4060606060607
hpmcounter5,jump,seed18,52,3273.3454545454547
hpmcounter5,jump,seed18,53,3274.2
hpmcounter5,jump,seed18,54,3275.1454545454544
hpmcounter5,jump,seed18,55,3274.29696969697
hpmcounter5,jump,seed18,56,3272.448484848485
hpmcounter5,jump,seed18,57,3269.266666666667
hpmcounter5,jump,seed18,58,3267.6969696969695
hpmcounter5,jump,seed18,59,3266.042424242424
hpmcounter5,jump,seed18,60,3266.757575757576
hpmcounter5,jump,seed18,61,3268.3151515151517
hpmcounter5,jump,seed18,62,3265.6545454545453
hpmcounter5,jump,seed18,63,3262.721212121212
hpmcounter5,jump,seed18,64,3263.3515151515153
hpmcounter5,jump,seed18,65,3262.4424242424243
hpmcounter5,jump,seed18,66,3258.4
hpmcounter5,jump,seed18,67,3256.230303030303
hpmcounter5,jump,seed18,68,3257.1151515151514
hpmcounter5,jump,seed18,69,3259.9151515151516
hpmcounter5,jump,seed18,70,3261.10303030303
hpmcounter5,jump,seed18,71,3260.181818181818
hpmcounter5,jump,seed18,72,3258.5272727272727
hpmcounter5,jump,seed18,73,3254.9333333333334
hpmcounter5,jump,seed18,74,3255.733333333333
hpmcounter5,jump,seed18,75,3255.3939393939395
hpmcounter5,jump,seed18,76,3252.3454545454547
hpmcounter5,jump,seed18,77,3249.5151515151515
hpmcounter5,jump,seed18,78,3249.951515151515
hpmcounter5,jump,seed18,79,3254.018181818182
hpmcounter5,jump,seed18,80,3257.4666666666667
hpmcounter5,jump,seed18,81,3257.242424242424
hpmcounter5,jump,seed18,82,3261.072727272727
hpmcounter5,jump,seed18,83,3262.3212121212123
hpmcounter5,jump,seed18,84,3264.509090909091
hpmcounter5,jump,seed18,85,3265.2727272727275
hpmcounter5,jump,seed18,86,3265.1575757575756
hpmcounter5,jump,seed18,87,3262.5636363636363
hpmcounter5,jump,seed18,88,3259.418181818182
hpmcounter5,jump,seed18,89,3255.612121212121
hpmcounter5,jump,seed18,90,3254.9939393939394
hpmcounter5,jump,seed18,91,3251.1454545454544
hpmcounter5,jump,seed18,92,3251.266666666667
hpmcounter5,jump,seed18,93,3253.909090909091
hpmcounter5,jump,seed18,94,3257.0969696969696
hpmcounter5,jump,seed18,95,3261.0545454545454
hpmcounter5,jump,seed18,96,3263.2
hpmcounter5,jump,seed18,97,3262.6969696969695
hpmcounter5,jump,seed18,98,3261.109090909091
hpmcounter5,jump,seed18,99,3259.1878787878786
hpmcounter5,jump,seed18,100,3261.848484848485
hpmcounter5,jump,seed18,101,3261.6787878787877
hpmcounter5,jump,seed18,102,3261.2848484848487
hpmcounter5,jump,seed18,103,3261.848484848485
hpmcounter5,jump,seed18,104,3264.6484848484847
hpmcounter5,jump,seed18,105,3267.581818181818
hpmcounter5,jump,seed18,106,3267.193939393939
hpmcounter5,jump,seed18,107,3264.048484848485
hpmcounter5,jump,seed18,108,3260.8
hpmcounter5,jump,seed18,109,3258.8121212121214
hpmcounter5,jump,seed18,110,3258.660606060606
hpmcounter5,jump,seed18,111,3255.2181818181816
hpmcounter5,jump,seed18,112,3252.4363636363637
hpmcounter5,jump,seed18,113,3250.1757575757574
hpmcounter5,jump,seed18,114,3251.8121212121214
hpmcounter5,jump,seed18,115,3252.072727272727
hpmcounter5,jump,seed18,116,3251.4969696969697
hpmcounter5,jump,seed18,117,3248.4666666666667
hpmcounter5,jump,seed18,118,3246.266666666667
hpmcounter5,jump,seed18,119,3247.309090909091
hpmcounter5,jump,seed18,120,3248.278787878788
hpmcounter5,jump,seed18,121,3246.0969696969696
hpmcounter5,jump,seed18,122,3244.8848484848486
hpmcounter5,jump,seed18,123,3246.2181818181816
hpmcounter5,jump,seed18,124,3248.5757575757575
hpmcounter5,jump,seed18,125,3249.7636363636366
hpmcounter5,jump,seed18,126,3253.139393939394
hpmcounter5,jump,seed18,127,3255.2181818181816
hpmcounter5,jump,seed18,128,3257.9454545454546
hpmcounter5,jump,seed18,129,3260.4545454545455
hpmcounter5,jump,seed18,130,3260.775757575758
hpmcounter5,jump,seed18,131,3257.775757575758
hpmcounter5,jump,seed18,132,3254.4
hpmcounter5,jump,seed18,133,3254.775757575758
hpmcounter5,jump,seed18,134,3255.927272727273
hpmcounter5,jump,seed18,135,3256.9151515151516
hpmcounter5,jump,seed18,136,3257.2727272727275
hpmcounter5,jump,seed18,137,3256.490909090909
hpmcounter5,jump,seed18,138,3259.4424242424243
hpmcounter5,jump,seed18,139,3263.3515151515153
hpmcounter5,jump,seed18,140,3267.339393939394
hpmcounter5,jump,seed18,141,3268.212121212121
hpmcounter5,jump,seed18,142,3266.5878787878787
hpmcounter5,jump,seed18,143,3281.769696969697
hpmcounter5,jump,seed18,144,3308.9030303030304
hpmcounter5,jump,seed18,145,3345.242424242424
hpmcounter5,jump,seed18,146,3368.7454545454543
hpmcounter5,jump,seed18,147,3380.4727272727273
hpmcounter5,jump,seed18,148,3383.339393939394
hpmcounter5,jump,seed18,149,3377.151515151515
hpmcounter5,jump,seed18,150,3362.2
hpmcounter5,jump,seed18,151,3353.060606060606
hpmcounter5,jump,seed18,152,3344.369696969697
hpmcounter5,jump,seed18,153,3355.0666666666666
hpmcounter5,jump,seed18,154,3383.7272727272725
hpmcounter5,jump,seed18,155,3429.5878787878787
hpmcounter5,jump,seed18,156,3474.521212121212
hpmcounter5,jump,seed18,157,3514.5030303030303
hpmcounter5,jump,seed18,158,3543.7818181818184
hpmcounter5,jump,seed18,159,3561.7272727272725
hpmcounter5,jump,seed18,160,3564.109090909091
hpmcounter5,jump,seed18,161,3563.5151515151515
hpmcounter5,jump,seed18,162,3560.1757575757574
hpmcounter5,jump,seed18,163,3557.848484848485
hpmcounter5,jump,seed18,164,3553.981818181818
hpmcounter5,jump,seed18,165,3549.927272727273
hpmcounter5,jump,seed18,166,3548.569696969697
hpmcounter5,jump,seed18,167,3548.7151515151513
hpmcounter5,jump,seed18,168,3545.848484848485
hpmcounter5,jump,seed18,169,3546.878787878788
hpmcounter5,jump,seed18,170,3551.6666666666665
hpmcounter5,jump,seed18,171,3553.309090909091
hpmcounter5,jump,seed18,172,3553.1757575757574
hpmcounter5,jump,seed18,173,3555.4060606060607
hpmcounter5,jump,seed18,174,3537.8424242424244
hpmcounter5,jump,seed18,175,3523.969696969697
hpmcounter5,jump,seed18,176,3498.10303030303
hpmcounter5,jump,seed18,177,3463.3030303030305
hpmcounter5,jump,seed18,178,3422.3939393939395
hpmcounter5,jump,seed18,179,3380.769696969697
hpmcounter5,jump,seed18,180,3344.3636363636365
hpmcounter5,jump,seed18,181,3310.7151515151513
hpmcounter5,jump,seed18,182,3287.339393939394
hpmcounter5,jump,seed18,183,3277.0060606060606
hpmcounter5,jump,seed18,184,3258.5939393939393
hpmcounter5,jump,seed18,185,3256.9151515151516
hpmcounter5,jump,seed18,186,3259.7515151515154
hpmcounter5,jump,seed18,187,3260.048484848485
hpmcounter5,jump,seed18,188,3260.7090909090907
hpmcounter5,jump,seed18,189,3262.9757575757576
hpmcounter5,jump,seed18,190,3265.163636363636
hpmcounter5,jump,seed18,191,3266.5939393939393
hpmcounter5,jump,seed18,192,3271.0
hpmcounter5,jump,seed18,193,3272.072727272727
hpmcounter5,jump,seed18,194,3268.939393939394
hpmcounter5,jump,seed18,195,3263.70303030303
hpmcounter5,jump,seed18,196,3261.29696969697
hpmcounter5,jump,seed18,197,3255.818181818182
hpmcounter5,jump,seed18,198,3268.4424242424243
hpmcounter5,jump,seed18,199,3295.860606060606
hpmcounter5,jump,seed18,200,3334.0242424242424
hpmcounter5,jump,seed18,201,3376.6545454545453
hpmcounter5,jump,seed18,202,3406.2909090909093
hpmcounter5,jump,seed18,203,3420.1757575757574
hpmcounter5,jump,seed18,204,3421.581818181818
hpmcounter5,jump,seed18,205,3407.7151515151513
hpmcounter5,jump,seed18,206,3379.939393939394
hpmcounter5,jump,seed18,207,3336.6
hpmcounter5,jump,seed18,208,3302.478787878788
hpmcounter5,jump,seed18,209,3277.0060606060606
hpmcounter5,jump,seed18,210,3265.309090909091
hpmcounter5,jump,seed18,211,3266.5575757575757
hpmcounter5,jump,seed18,212,3264.6181818181817
hpmcounter5,jump,seed18,213,3260.7818181818184
hpmcounter5,jump,seed18,214,3257.3030303030305
hpmcounter5,jump,seed18,215,3253.878787878788
hpmcounter5,jump,seed18,216,3251.3030303030305
hpmcounter5,jump,seed18,217,3248.2
hpmcounter5,jump,seed18,218,3248.2060606060604
hpmcounter5,jump,seed18,219,3250.0545454545454
hpmcounter5,jump,seed18,220,3253.6787878787877
hpmcounter5,jump,seed18,221,3257.7515151515154
hpmcounter5,jump,seed18,222,3261.163636363636
hpmcounter5,jump,seed18,223,3263.139393939394
hpmcounter5,jump,seed18,224,3264.848484848485
hpmcounter5,jump,seed18,225,3267.3757575757577
hpmcounter5,jump,seed18,226,3271.9757575757576
hpmcounter5,jump,seed18,227,3271.848484848485
hpmcounter5,jump,seed18,228,3271.9030303030304
hpmcounter5,jump,seed18,229,3271.8727272727274
hpmcounter5,jump,seed18,230,3273.6545454545453
hpmcounter5,jump,seed18,231,3274.5878787878787
hpmcounter5,jump,seed18,232,3276.163636363636
hpmcounter5,jump,seed18,233,3274.927272727273
hpmcounter5,jump,seed18,234,3274.2909090909093
hpmcounter5,jump,seed18,235,3270.387878787879
hpmcounter5,jump,seed18,236,3267.860606060606
hpmcounter5,jump,seed18,237,3263.163636363636
hpmcounter5,jump,seed18,238,3260.090909090909
hpmcounter5,jump,seed18,239,3260.5939393939393
hpmcounter5,jump,seed18,240,3262.10303030303
hpmcounter5,jump,seed18,241,3263.3515151515153
hpmcounter5,jump,seed18,242,3265.8424242424244
hpmcounter5,jump,seed18,243,3266.5151515151515
hpmcounter5,jump,seed18,244,3266.3757575757577
hpmcounter5,jump,seed18,245,3265.4
hpmcounter5,jump,seed18,246,3260.630303030303
hpmcounter5,jump,seed18,247,3255.5939393939393
hpmcounter5,jump,seed18,248,3249.4363636363637
hpmcounter5,jump,seed18,249,3246.1575757575756
hpmcounter5,jump,seed18,250,3242.969696969697
hpmcounter5,jump,seed18,251,3240.7090909090907
hpmcounter5,jump,seed18,252,3240.612121212121
hpmcounter5,jump,seed18,253,3242.0
hpmcounter5,jump,seed18,254,3244.6242424242423
hpmcounter5,jump,seed18,255,3250.733333333333
hpmcounter5,jump,seed18,256,3255.4
hpmcounter5,jump,seed18,257,3259.10303030303
hpmcounter5,jump,seed18,258,3259.5757575757575
hpmcounter5,jump,seed18,259,3258.8848484848486
hpmcounter5,jump,seed18,260,3255.9454545454546
hpmcounter5,jump,seed18,261,3255.078787878788
hpmcounter5,jump,seed18,262,3255.6484848484847
hpmcounter5,jump,seed18,263,3254.6787878787877
hpmcounter5,jump,seed18,264,3254.0545454545454
hpmcounter5,jump,seed18,265,3255.0666666666666
hpmcounter5,jump,seed18,266,3256.830303030303
hpmcounter5,jump,seed18,267,3256.4666666666667
hpmcounter5,jump,seed18,268,3254.278787878788
hpmcounter5,jump,seed18,269,3250.951515151515
hpmcounter5,jump,seed18,270,3247.121212121212
hpmcounter5,jump,seed18,271,3245.090909090909
hpmcounter5,jump,seed18,272,3246.757575757576
hpmcounter5,jump,seed18,273,3247.490909090909
hpmcounter5,jump,seed18,274,3247.2363636363634
hpmcounter5,jump,seed18,275,3247.3636363636365
hpmcounter5,jump,seed18,276,3248.3151515151517
hpmcounter5,jump,seed18,277,3247.642424242424
hpmcounter5,jump,seed18,278,3247.1151515151514
hpmcounter5,jump,seed18,279,3249.060606060606
hpmcounter5,jump,seed18,280,3253.1878787878786
hpmcounter5,jump,seed18,281,3257.5757575757575
hpmcounter5,jump,seed18,282,3262.551515151515
hpmcounter5,jump,seed18,283,3265.369696969697
hpmcounter5,jump,seed18,284,3266.8727272727274
hpmcounter5,jump,seed18,285,3265.848484848485
hpmcounter5,jump,seed18,286,3263.921212121212
hpmcounter5,jump,seed18,287,3259.327272727273
hpmcounter5,jump,seed18,288,3254.139393939394
hpmcounter5,jump,seed18,289,3249.3151515151517
hpmcounter5,jump,seed18,290,3244.29696969697
hpmcounter5,jump,seed18,291,3243.5272727272727
hpmcounter5,jump,seed18,292,3243.757575757576
hpmcounter5,jump,seed18,293,3242.3515151515153
hpmcounter5,jump,seed18,294,3243.490909090909
hpmcounter5,jump,seed18,295,3245.5878787878787
hpmcounter5,jump,seed18,296,3247.042424242424
hpmcounter5,jump,seed18,297,3248.3515151515153
hpmcounter5,jump,seed18,298,3250.139393939394
hpmcounter5,jump,seed19,9,3303.836363636364
hpmcounter5,jump,seed19,10,3288.8
hpmcounter5,jump,seed19,11,3267.4848484848485
hpmcounter5,jump,seed19,12,3252.569696969697
hpmcounter5,jump,seed19,13,3250.2
hpmcounter5,jump,seed19,14,3250.181818181818
hpmcounter5,jump,seed19,15,3248.672727272727
hpmcounter5,jump,seed19,16,3248.078787878788
hpmcounter5,jump,seed19,17,3251.109090909091
hpmcounter5,jump,seed19,18,3256.2848484848487
hpmcounter5,jump,seed19,19,3259.6848484848483
hpmcounter5,jump,seed19,20,3261.7818181818184
hpmcounter5,jump,seed19,21,3262.3939393939395
hpmcounter5,jump,seed19,22,3263.5636363636363
hpmcounter5,jump,seed19,23,3263.6848484848483
hpmcounter5,jump,seed19,24,3263.29696969697
hpmcounter5,jump,seed19,25,3260.5636363636363
hpmcounter5,jump,seed19,26,3259.6545454545453
hpmcounter5,jump,seed19,27,3256.939393939394
hpmcounter5,jump,seed19,28,3258.460606060606
hpmcounter5,jump,seed19,29,3259.0545454545454
hpmcounter5,jump,seed19,30,3263.3939393939395
hpmcounter5,jump,seed19,31,3267.230303030303
hpmcounter5,jump,seed19,32,3271.3818181818183
hpmcounter5,jump,seed19,33,3271.7393939393937
hpmcounter5,jump,seed19,34,3270.6242424242423
hpmcounter5,jump,seed19,35,3268.957575757576
hpmcounter5,jump,seed19,36,3266.2848484848487
hpmcounter5,jump,seed19,37,3261.3818181818183
hpmcounter5,jump,seed19,38,3255.6
hpmcounter5,jump,seed19,39,3249.5575757575757
hpmcounter5,jump,seed19,40,3247.5030303030303
hpmcounter5,jump,seed19,41,3246.0545454545454
hpmcounter5,jump,seed19,42,3246.806060606061
hpmcounter5,jump,seed19,43,3245.2181818181816
hpmcounter5,jump,seed19,44,3243.890909090909
hpmcounter5,jump,seed19,45,3245.1575757575756
hpmcounter5,jump,seed19,46,3244.10303030303
hpmcounter5,jump,seed19,47,3244.3333333333335
hpmcounter5,jump,seed19,48,3244.9151515151516
hpmcounter5,jump,seed19,49,3245.4363636363637
hpmcounter5,jump,seed19,50,3248.3757575757577
hpmcounter5,jump,seed19,51,3251.2545454545457
hpmcounter5,jump,seed19,52,3254.242424242424
hpmcounter5,jump,seed19,53,3258.5151515151515
hpmcounter5,jump,seed19,54,3263.448484848485
hpmcounter5,jump,seed19,55,3268.4969696969697
hpmcounter5,jump,seed19,56,3272.121212121212
hpmcounter5,jump,seed19,57,3274.3030303030305
hpmcounter5,jump,seed19,58,3275.0848484848484
hpmcounter5,jump,seed19,59,3275.3151515151517
hpmcounter5,jump,seed19,60,3272.509090909091
hpmcounter5,jump,seed19,61,3269.769696969697
hpmcounter5,jump,seed19,62,3264.757575757576
hpmcounter5,jump,seed19,63,3260.387878787879
hpmcounter5,jump,seed19,64,3255.951515151515
hpmcounter5,jump,seed19,65,3251.569696969697
hpmcounter5,jump,seed19,66,3247.5878787878787
hpmcounter5,jump,seed19,67,3246.987878787879
hpmcounter5,jump,seed19,68,3246.9030303030304
hpmcounter5,jump,seed19,69,3247.9454545454546
hpmcounter5,jump,seed19,70,3247.1454545454544
hpmcounter5,jump,seed19,71,3250.1454545454544
hpmcounter5,jump,seed19,72,3252.4242424242425
hpmcounter5,jump,seed19,73,3254.5939393939393
hpmcounter5,jump,seed19,74,3254.9454545454546
hpmcounter5,jump,seed19,75,3255.193939393939
hpmcounter5,jump,seed19,76,3253.660606060606
hpmcounter5,jump,seed19,77,3252.757575757576
hpmcounter5,jump,seed19,78,3270.6242424242423
hpmcounter5,jump,seed19,79,3285.2363636363634
hpmcounter5,jump,seed19,80,3296.357575757576
hpmcounter5,jump,seed19,81,3318.721212121212
hpmcounter5,jump,seed19,82,3348.4969696969697
hpmcounter5,jump,seed19,83,3384.4242424242425
hpmcounter5,jump,seed19,84,3405.5151515151515
hpmcounter5,jump,seed19,85,3409.769696969697
hpmcounter5,jump,seed19,86,3401.0060606060606
hpmcounter5,jump,seed19,87,3376.806060606061
hpmcounter5,jump,seed19,88,3360.090909090909
hpmcounter5,jump,seed19,89,3334.2363636363634
hpmcounter5,jump,seed19,90,3298.8121212121214
hpmcounter5,jump,seed19,91,3269.1151515151514
hpmcounter5,jump,seed19,92,3252.848484848485
hpmcounter5,jump,seed19,93,3252.7515151515154
hpmcounter5,jump,seed19,94,3253.1151515151514
hpmcounter5,jump,seed19,95,3252.2909090909093
hpmcounter5,jump,seed19,96,3254.3030303030305
hpmcounter5,jump,seed19,97,3257.0969696969696
hpmcounter5,jump,seed19,98,3259.2545454545457
hpmcounter5,jump,seed19,99,3259.7272727272725
hpmcounter5,jump,seed19,100,3263.29696969697
hpmcounter5,jump,seed19,101,3266.836363636364
hpmcounter5,jump,seed19,102,3272.339393939394
hpmcounter5,jump,seed19,103,3276.2
hpmcounter5,jump,seed19,104,3276.3454545454547
hpmcounter5,jump,seed19,105,3274.5454545454545
hpmcounter5,jump,seed19,106,3274.078787878788
hpmcounter5,jump,seed19,107,3274.612121212121
hpmcounter5,jump,seed19,108,3272.0
hpmcounter5,jump,seed19,109,3264.0666666666666
hpmcounter5,jump,seed19,110,3258.0848484848484
hpmcounter5,jump,seed19,111,3252.0666666666666
hpmcounter5,jump,seed19,112,3251.3818181818183
hpmcounter5,jump,seed19,113,3250.6060606060605
hpmcounter5,jump,seed19,114,3250.2545454545457
hpmcounter5,jump,seed19,115,3248.4060606060607
hpmcounter5,jump,seed19,116,3248.957575757576
hpmcounter5,jump,seed19,117,3250.927272727273
hpmcounter5,jump,seed19,118,3253.121212121212
hpmcounter5,jump,seed19,119,3253.6
hpmcounter5,jump,seed19,120,3253.230303030303
hpmcounter5,jump,seed19,121,3249.8121212121214
hpmcounter5,jump,seed19,122,3248.242424242424
hpmcounter5,jump,seed19,123,3246.430303030303
hpmcounter5,jump,seed19,124,3245.8242424242426
hpmcounter5,jump,seed19,125,3243.4060606060607
hpmcounter5,jump,seed19,126,3243.7818181818184
hpmcounter5,jump,seed19,127,3248.539393939394
hpmcounter5,jump,seed19,128,3252.521212121212
hpmcounter5,jump,seed19,129,3256.133333333333
hpmcounter5,jump,seed19,130,3260.8545454545456
hpmcounter5,jump,seed19,131,3263.1878787878786
hpmcounter5,jump,seed19,132,3266.460606060606
hpmcounter5,jump,seed19,133,3271.5939393939393
hpmcounter5,jump,seed19,134,3274.9757575757576
hpmcounter5,jump,seed19,135,3271.818181818182
hpmcounter5,jump,seed19,136,3267.7818181818184
hpmcounter5,jump,seed19,137,3268.6545454545453
hpmcounter5,jump,seed19,138,3266.327272727273
hpmcounter5,jump,seed19,139,3261.0242424242424
hpmcounter5,jump,seed19,140,3257.2181818181816
hpmcounter5,jump,seed19,141,3250.018181818182
hpmcounter5,jump,seed19,142,3243.490909090909
hpmcounter5,jump,seed19,143,3240.866666666667
hpmcounter5,jump,seed19,144,3242.4545454545455
hpmcounter5,jump,seed19,145,3242.4545454545455
hpmcounter5,jump,seed19,146,3242.6
hpmcounter5,jump,seed19,147,3244.5878787878787
hpmcounter5,jump,seed19,148,3248.4424242424243
hpmcounter5,jump,seed19,149,3253.012121212121
hpmcounter5,jump,seed19,150,3258.775757575758
hpmcounter5,jump,seed19,151,3276.5454545454545
hpmcounter5,jump,seed19,152,3301.987878787879
hpmcounter5,jump,seed19,153,3337.339393939394
hpmcounter5,jump,seed19,154,3380.266666666667
hpmcounter5,jump,seed19,155,3424.4848484848485
hpmcounter5,jump,seed19,156,3464.9636363636364
hpmcounter5,jump,seed19,157,3499.0363636363636
hpmcounter5,jump,seed19,158,3524.690909090909
hpmcounter5,jump,seed19,159,3538.0545454545454
hpmcounter5,jump,seed19,160,3536.060606060606
hpmcounter5,jump,seed19,161,3532.3151515151517
hpmcounter5,jump,seed19,162,3529.072727272727
hpmcounter5,jump,seed19,163,3528.981818181818
hpmcounter5,jump,seed19,164,3530.0848484848484
hpmcounter5,jump,seed19,165,3531.0666666666666
hpmcounter5,jump,seed19,166,3530.921212121212
hpmcounter5,jump,seed19,167,3533.7515151515154
hpmcounter5,jump,seed19,168,3536.4666666666667
hpmcounter5,jump,seed19,169,3538.460606060606
hpmcounter5,jump,seed19,170,3541.5636363636363
hpmcounter5,jump,seed19,171,3526.5939393939393
hpmcounter5,jump,seed19,172,3502.2060606060604
hpmcounter5,jump,seed19,173,3470.981818181818
hpmcounter5,jump,seed19,174,3431.539393939394
hpmcounter5,jump,seed19,175,3386.8848484848486
hpmcounter5,jump,seed19,176,3344.6969696969695
hpmcounter5,jump,seed19,177,3307.3151515151517
hpmcounter5,jump,seed19,178,3278.70303030303
hpmcounter5,jump,seed19,179,3260.490909090909
hpmcounter5,jump,seed19,180,3259.7151515151513
hpmcounter5,jump,seed19,181,3258.460606060606
hpmcounter5,jump,seed19,182,3257.612121212121
hpmcounter5,jump,seed19,183,3258.3818181818183
hpmcounter5,jump,seed19,184,3256.0242424242424
hpmcounter5,jump,seed19,185,3252.0060606060606
hpmcounter5,jump,seed19,186,3252.6848484848483
hpmcounter5,jump,seed19,187,3252.521212121212
hpmcounter5,jump,seed19,188,3252.163636363636
hpmcounter5,jump,seed19,189,3249.6060606060605
hpmcounter5,jump,seed19,190,3248.2060606060604
hpmcounter5,jump,seed19,191,3247.6666666666665
hpmcounter5,jump,seed19,192,3245.212121212121
hpmcounter5,jump,seed19,193,3245.7454545454543
hpmcounter5,jump,seed19,194,3247.309090909091
hpmcounter5,jump,seed19,195,3249.7393939393937
hpmcounter5,jump,seed19,196,3255.848484848485
hpmcounter5,jump,seed19,197,3258.7454545454543
hpmcounter5,jump,seed19,198,3259.672727272727
hpmcounter5,jump,seed19,199,3257.9757575757576
hpmcounter5,jump,seed19,200,3255.3151515151517
hpmcounter5,jump,seed19,201,3252.1878787878786
hpmcounter5,jump,seed19,202,3246.4727272727273
hpmcounter5,jump,seed19,203,3246.072727272727
hpmcounter5,jump,seed19,204,3247.6242424242423
hpmcounter5,jump,seed19,205,3252.2909090909093
hpmcounter5,jump,seed19,206,3257.7515151515154
hpmcounter5,jump,seed19,207,3261.8727272727274
hpmcounter5,jump,seed19,208,3265.042424242424
hpmcounter5,jump,seed19,209,3265.163636363636
hpmcounter5,jump,seed19,210,3262.642424242424
hpmcounter5,jump,seed19,211,3258.3818181818183
hpmcounter5,jump,seed19,212,3256.0969696969696
hpmcounter5,jump,seed19,213,3254.0
hpmcounter5,jump,seed19,214,3251.133333333333
hpmcounter5,jump,seed19,215,3249.357575757576
hpmcounter5,jump,seed19,216,3247.6787878787877
hpmcounter5,jump,seed19,217,3246.3030303030305
hpmcounter5,jump,seed19,218,3247.5575757575757
hpmcounter5,jump,seed19,219,3249.3757575757577
hpmcounter5,jump,seed19,220,3250.818181818182
hpmcounter5,jump,seed19,221,3252.866666666667
hpmcounter5,jump,seed19,222,3259.1454545454544
hpmcounter5,jump,seed19,223,3263.987878787879
hpmcounter5,jump,seed19,224,3269.866666666667
hpmcounter5,jump,seed19,225,3273.309090909091
hpmcounter5,jump,seed19,226,3275.8242424242426
hpmcounter5,jump,seed19,227,3277.1454545454544
hpmcounter5,jump,seed19,228,3275.8727272727274
hpmcounter5,jump,seed19,229,3274.2484848484846
hpmcounter5,jump,seed19,230,3269.5333333333333
hpmcounter5,jump,seed19,231,3266.012121212121
hpmcounter5,jump,seed19,232,3263.6060606060605
hpmcounter5,jump,seed19,233,3260.70303030303
hpmcounter5,jump,seed19,234,3260.357575757576
hpmcounter5,jump,seed19,235,3260.6181818181817
hpmcounter5,jump,seed19,236,3262.757575757576
hpmcounter5,jump,seed19,237,3268.278787878788
hpmcounter5,jump,seed19,238,3270.5757575757575
hpmcounter5,jump,seed19,239,3270.969696969697
hpmcounter5,jump,seed19,240,3267.309090909091
hpmcounter5,jump,seed19,241,3263.1878787878786
hpmcounter5,jump,seed19,242,3261.987878787879
hpmcounter5,jump,seed19,243,3261.0545454545454
hpmcounter5,jump,seed19,244,3258.9636363636364
hpmcounter5,jump,seed19,245,3256.551515151515
hpmcounter5,jump,seed19,246,3261.2545454545457
hpmcounter5,jump,seed19,247,3265.357575757576
hpmcounter5,jump,seed19,248,3271.2848484848487
hpmcounter5,jump,seed19,249,3271.927272727273
hpmcounter5,jump,seed19,250,3268.5757575757575
hpmcounter5,jump,seed19,251,3261.569696969697
hpmcounter5,jump,seed19,252,3256.018181818182
hpmcounter5,jump,seed19,253,3254.6969696969695
hpmcounter5,jump,seed19,254,3252.969696969697
hpmcounter5,jump,seed19,255,3247.4545454545455
hpmcounter5,jump,seed19,256,3247.430303030303
hpmcounter5,jump,seed19,257,3245.7151515151513
hpmcounter5,jump,seed19,258,3249.2363636363634
hpmcounter5,jump,seed19,259,3249.4848484848485
hpmcounter5,jump,seed19,260,3248.9333333333334
hpmcounter5,jump,seed19,261,3247.5272727272727
hpmcounter5,jump,seed19,262,3246.909090909091
hpmcounter5,jump,seed19,263,3248.6242424242423
hpmcounter5,jump,seed19,264,3253.0666666666666
hpmcounter5,jump,seed19,265,3253.4242424242425
hpmcounter5,jump,seed19,266,3255.8545454545456
hpmcounter5,jump,seed19,267,3256.4
hpmcounter5,jump,seed19,268,3258.6363636363635
hpmcounter5,jump,seed19,269,3259.630303030303
hpmcounter5,jump,seed19,270,3260.0848484848484
hpmcounter5,jump,seed19,271,3261.4848484848485
hpmcounter5,jump,seed19,272,3263.7939393939396
hpmcounter5,jump,seed19,273,3261.927272727273
hpmcounter5,jump,seed19,274,3261.151515151515
hpmcounter5,jump,seed19,275,3256.981818181818
hpmcounter5,jump,seed19,276,3252.030303030303
hpmcounter5,jump,seed19,277,3249.242424242424
hpmcounter5,jump,seed19,278,3247.769696969697
hpmcounter5,jump,seed19,279,3249.230303030303
hpmcounter5,jump,seed19,280,3250.6545454545453
hpmcounter5,jump,seed19,281,3251.4121212121213
hpmcounter5,jump,seed19,282,3252.890909090909
hpmcounter5,jump,seed19,283,3252.8727272727274
hpmcounter5,jump,seed19,284,3254.490909090909
hpmcounter5,jump,seed19,285,3256.278787878788
hpmcounter5,jump,seed19,286,3255.987878787879
hpmcounter5,jump,seed19,287,3257.242424242424
hpmcounter5,jump,seed19,288,3259.4727272727273
hpmcounter5,jump,seed19,289,3265.6545454545453
hpmcounter5,jump,seed19,290,3268.4363636363637
hpmcounter5,jump,seed19,291,3267.551515151515
hpmcounter5,jump,seed19,292,3265.957575757576
hpmcounter5,jump,seed19,293,3265.7151515151513
hpmcounter5,jump,seed19,294,3265.163636363636
hpmcounter5,jump,seed19,295,3264.1272727272726
hpmcounter5,jump,seed19,296,3261.7393939393937
hpmcounter5,jump,seed19,297,3257.4727272727273
hpmcounter5,jump,seed19,298,3255.4363636363637
hpmcounter5,jump,seed2,9,3257.193939393939
hpmcounter5,jump,seed2,10,3253.4545454545455
hpmcounter5,jump,seed2,11,3247.8
hpmcounter5,jump,seed2,12,3243.5757575757575
hpmcounter5,jump,seed2,13,3239.539393939394
hpmcounter5,jump,seed2,14,3237.9151515151516
hpmcounter5,jump,seed2,15,3255.430303030303
hpmcounter5,jump,seed2,16,3271.121212121212
hpmcounter5,jump,seed2,17,3284.0
hpmcounter5,jump,seed2,18,3295.6
hpmcounter5,jump,seed2,19,3318.551515151515
hpmcounter5,jump,seed2,20,3352.0
hpmcounter5,jump,seed2,21,3369.9939393939394
hpmcounter5,jump,seed2,22,3376.8424242424244
hpmcounter5,jump,seed2,23,3374.369696969697
hpmcounter5,jump,seed2,24,3358.133333333333
hpmcounter5,jump,seed2,25,3350.8242424242426
hpmcounter5,jump,seed2,26,3333.490909090909
hpmcounter5,jump,seed2,27,3306.169696969697
hpmcounter5,jump,seed2,28,3272.551515151515
hpmcounter5,jump,seed2,29,3250.012121212121
hpmcounter5,jump,seed2,30,3248.048484848485
hpmcounter5,jump,seed2,31,3243.448484848485
hpmcounter5,jump,seed2,32,3239.4242424242425
hpmcounter5,jump,seed2,33,3239.133333333333
hpmcounter5,jump,seed2,34,3237.6545454545453
hpmcounter5,jump,seed2,35,3241.8
hpmcounter5,jump,seed2,36,3246.163636363636
hpmcounter5,jump,seed2,37,3253.072727272727
hpmcounter5,jump,seed2,38,3259.6848484848483
hpmcounter5,jump,seed2,39,3265.8727272727274
hpmcounter5,jump,seed2,40,3270.9454545454546
hpmcounter5,jump,seed2,41,3274.2606060606063
hpmcounter5,jump,seed2,42,3272.7090909090907
hpmcounter5,jump,seed2,43,3267.957575757576
hpmcounter5,jump,seed2,44,3262.769696969697
hpmcounter5,jump,seed2,45,3257.0242424242424
hpmcounter5,jump,seed2,46,3251.018181818182
hpmcounter5,jump,seed2,47,3248.369696969697
hpmcounter5,jump,seed2,48,3247.551515151515
hpmcounter5,jump,seed2,49,3251.581818181818
hpmcounter5,jump,seed2,50,3253.0545454545454
hpmcounter5,jump,seed2,51,3255.5030303030303
hpmcounter5,jump,seed2,52,3255.9030303030304
hpmcounter5,jump,seed2,53,3254.551515151515
hpmcounter5,jump,seed2,54,3256.866666666667
hpmcounter5,jump,seed2,55,3256.7818181818184
hpmcounter5,jump,seed2,56,3255.551515151515
hpmcounter5,jump,seed2,57,3252.921212121212
hpmcounter5,jump,seed2,58,3252.70303030303
hpmcounter5,jump,seed2,59,3253.2181818181816
hpmcounter5,jump,seed2,60,3251.721212121212
hpmcounter5,jump,seed2,61,3250.4545454545455
hpmcounter5,jump,seed2,62,3250.2
hpmcounter5,jump,seed2,63,3246.1878787878786
hpmcounter5,jump,seed2,64,3245.521212121212
hpmcounter5,jump,seed2,65,3246.939393939394
hpmcounter5,jump,seed2,66,3248.521212121212
hpmcounter5,jump,seed2,67,3250.2727272727275
hpmcounter5,jump,seed2,68,3256.1454545454544
hpmcounter5,jump,seed2,69,3260.012121212121
hpmcounter5,jump,seed2,70,3263.7454545454543
hpmcounter5,jump,seed2,71,3266.369696969697
hpmcounter5,jump,seed2,72,3267.8727272727274
hpmcounter5,jump,seed2,73,3266.921212121212
hpmcounter5,jump,seed2,74,3266.2060606060604
hpmcounter5,jump,seed2,75,3266.7454545454543
hpmcounter5,jump,seed2,76,3268.224242424242
hpmcounter5,jump,seed2,77,3270.612121212121
hpmcounter5,jump,seed2,78,3272.9030303030304
hpmcounter5,jump,seed2,79,3273.012121212121
hpmcounter5,jump,seed2,80,3272.6484848484847
hpmcounter5,jump,seed2,81,3272.133333333333
hpmcounter5,jump,seed2,82,3270.6
hpmcounter5,jump,seed2,83,3268.8545454545456
hpmcounter5,jump,seed2,84,3264.369696969697
hpmcounter5,jump,seed2,85,3259.0666666666666
hpmcounter5,jump,seed2,86,3256.9333333333334
hpmcounter5,jump,seed2,87,3256.369696969697
hpmcounter5,jump,seed2,88,3253.6787878787877
hpmcounter5,jump,seed2,89,3252.090909090909
hpmcounter5,jump,seed2,90,3250.3030303030305
hpmcounter5,jump,seed2,91,3250.951515151515
hpmcounter5,jump,seed2,92,3254.0666666666666
hpmcounter5,jump,seed2,93,3255.309090909091
hpmcounter5,jump,seed2,94,3254.490909090909
hpmcounter5,jump,seed2,95,3254.0545454545454
hpmcounter5,jump,seed2,96,3252.787878787879
hpmcounter5,jump,seed2,97,3254.3454545454547
hpmcounter5,jump,seed2,98,3254.7272727272725
hpmcounter5,jump,seed2,99,3257.0060606060606
hpmcounter5,jump,seed2,100,3257.339393939394
hpmcounter5,jump,seed2,101,3259.7151515151513
hpmcounter5,jump,seed2,102,3265.139393939394
hpmcounter5,jump,seed2,103,3266.890909090909
hpmcounter5,jump,seed2,104,3266.981818181818
hpmcounter5,jump,seed2,105,3267.327272727273
hpmcounter5,jump,seed2,106,3264.848484848485
hpmcounter5,jump,seed2,107,3264.242424242424
hpmcounter5,jump,seed2,108,3264.581818181818
hpmcounter5,jump,seed2,109,3266.3757575757577
hpmcounter5,jump,seed2,110,3264.5333333333333
hpmcounter5,jump,seed2,111,3260.8
hpmcounter5,jump,seed2,112,3261.2181818181816
hpmcounter5,jump,seed2,113,3260.2727272727275
hpmcounter5,jump,seed2,114,3259.0363636363636
hpmcounter5,jump,seed2,115,3260.0666666666666
hpmcounter5,jump,seed2,116,3258.4060606060607
hpmcounter5,jump,seed2,117,3255.8727272727274
hpmcounter5,jump,seed2,118,3254.909090909091
hpmcounter5,jump,seed2,119,3255.836363636364
hpmcounter5,jump,seed2,120,3255.0363636363636
hpmcounter5,jump,seed2,121,3252.6848484848483
hpmcounter5,jump,seed2,122,3253.230303030303
hpmcounter5,jump,seed2,123,3255.5636363636363
hpmcounter5,jump,seed2,124,3255.5939393939393
hpmcounter5,jump,seed2,125,3260.1575757575756
hpmcounter5,jump,seed2,126,3259.2363636363634
hpmcounter5,jump,seed2,127,3258.151515151515
hpmcounter5,jump,seed2,128,3257.8242424242426
hpmcounter5,jump,seed2,129,3256.430303030303
hpmcounter5,jump,seed2,130,3255.8848484848486
hpmcounter5,jump,seed2,131,3255.4
hpmcounter5,jump,seed2,132,3255.0242424242424
hpmcounter5,jump,seed2,133,3258.3757575757577
hpmcounter5,jump,seed2,134,3260.672727272727
hpmcounter5,jump,seed2,135,3263.4545454545455
hpmcounter5,jump,seed2,136,3260.581818181818
hpmcounter5,jump,seed2,137,3256.5333333333333
hpmcounter5,jump,seed2,138,3252.6969696969695
hpmcounter5,jump,seed2,139,3247.2484848484846
hpmcounter5,jump,seed2,140,3244.2181818181816
hpmcounter5,jump,seed2,141,3241.4060606060607
hpmcounter5,jump,seed2,142,3241.7272727272725
hpmcounter5,jump,seed2,143,3242.969696969697
hpmcounter5,jump,seed2,144,3246.5575757575757
hpmcounter5,jump,seed2,145,3251.0545454545454
hpmcounter5,jump,seed2,146,3254.5575757575757
hpmcounter5,jump,seed2,147,3258.266666666667
hpmcounter5,jump,seed2,148,3275.836363636364
hpmcounter5,jump,seed2,149,3288.8242424242426
hpmcounter5,jump,seed2,150,3295.878787878788
hpmcounter5,jump,seed2,151,3313.0363636363636
hpmcounter5,jump,seed2,152,3344.2060606060604
hpmcounter5,jump,seed2,153,3378.151515151515
hpmcounter5,jump,seed2,154,3413.181818181818
hpmcounter5,jump,seed2,155,3447.630303030303
hpmcounter5,jump,seed2,156,3475.29696969697
hpmcounter5,jump,seed2,157,3498.1757575757574
hpmcounter5,jump,seed2,158,3527.9333333333334
hpmcounter5,jump,seed2,159,3544.3939393939395
hpmcounter5,jump,seed2,160,3542.181818181818
hpmcounter5,jump,seed2,161,3540.2181818181816
hpmcounter5,jump,seed2,162,3542.7090909090907
hpmcounter5,jump,seed2,163,3545.690909090909
hpmcounter5,jump,seed2,164,3549.278787878788
hpmcounter5,jump,seed2,165,3535.7515151515154
hpmcounter5,jump,seed2,166,3509.0545454545454
hpmcounter5,jump,seed2,167,3473.957575757576
hpmcounter5,jump,seed2,168,3434.690909090909
hpmcounter5,jump,seed2,169,3405.509090909091
hpmcounter5,jump,seed2,170,3386.6545454545453
hpmcounter5,jump,seed2,171,3383.339393939394
hpmcounter5,jump,seed2,172,3393.6181818181817
hpmcounter5,jump,seed2,173,3418.2848484848487
hpmcounter5,jump,seed2,174,3461.8121212121214
hpmcounter5,jump,seed2,175,3498.8848484848486
hpmcounter5,jump,seed2,176,3527.2
hpmcounter5,jump,seed2,177,3526.181818181818
hpmcounter5,jump,seed2,178,3500.3212121212123
hpmcounter5,jump,seed2,179,3464.3212121212123
hpmcounter5,jump,seed2,180,3421.309090909091
hpmcounter5,jump,seed2,181,3378.1151515151514
hpmcounter5,jump,seed2,182,3334.0242424242424
hpmcounter5,jump,seed2,183,3294.7818181818184
hpmcounter5,jump,seed2,184,3266.2848484848487
hpmcounter5,jump,seed2,185,3251.309090909091
hpmcounter5,jump,seed2,186,3250.369696969697
hpmcounter5,jump,seed2,187,3249.3333333333335
hpmcounter5,jump,seed2,188,3252.5575757575757
hpmcounter5,jump,seed2,189,3255.490909090909
hpmcounter5,jump,seed2,190,3257.4
hpmcounter5,jump,seed2,191,3258.630303030303
hpmcounter5,jump,seed2,192,3258.369696969697
hpmcounter5,jump,seed2,193,3258.1575757575756
hpmcounter5,jump,seed2,194,3257.7393939393937
hpmcounter5,jump,seed2,195,3255.969696969697
hpmcounter5,jump,seed2,196,3251.5575757575757
hpmcounter5,jump,seed2,197,3248.490909090909
hpmcounter5,jump,seed2,198,3249.060606060606
hpmcounter5,jump,seed2,199,3252.151515151515
hpmcounter5,jump,seed2,200,3256.7090909090907
hpmcounter5,jump,seed2,201,3262.830303030303
hpmcounter5,jump,seed2,202,3269.757575757576
hpmcounter5,jump,seed2,203,3273.2060606060604
hpmcounter5,jump,seed2,204,3277.612121212121
hpmcounter5,jump,seed2,205,3282.072727272727
hpmcounter5,jump,seed2,206,3284.6848484848483
hpmcounter5,jump,seed2,207,3284.909090909091
hpmcounter5,jump,seed2,208,3283.181818181818
hpmcounter5,jump,seed2,209,3280.6848484848483
hpmcounter5,jump,seed2,210,3279.4363636363637
hpmcounter5,jump,seed2,211,3276.169696969697
hpmcounter5,jump,seed2,212,3275.5575757575757
hpmcounter5,jump,seed2,213,3271.581818181818
hpmcounter5,jump,seed2,214,3267.830303030303
hpmcounter5,jump,seed2,215,3263.6363636363635
hpmcounter5,jump,seed2,216,3264.7272727272725
hpmcounter5,jump,seed2,217,3264.7454545454543
hpmcounter5,jump,seed2,218,3262.309090909091
hpmcounter5,jump,seed2,219,3260.8242424242426
hpmcounter5,jump,seed2,220,3261.4363636363637
hpmcounter5,jump,seed2,221,3260.581818181818
hpmcounter5,jump,seed2,222,3263.163636363636
hpmcounter5,jump,seed2,223,3265.9333333333334
hpmcounter5,jump,seed2,224,3271.0848484848484
hpmcounter5,jump,seed2,225,3273.569696969697
hpmcounter5,jump,seed2,226,3280.818181818182
hpmcounter5,jump,seed2,227,3284.866666666667
hpmcounter5,jump,seed2,228,3283.230303030303
hpmcounter5,jump,seed2,229,3280.9636363636364
hpmcounter5,jump,seed2,230,3276.769696969697
hpmcounter5,jump,seed2,231,3271.1878787878786
hpmcounter5,jump,seed2,232,3265.9030303030304
hpmcounter5,jump,seed2,233,3260.581818181818
hpmcounter5,jump,seed2,234,3258.0
hpmcounter5,jump,seed2,235,3257.2363636363634
hpmcounter5,jump,seed2,236,3257.29696969697
hpmcounter5,jump,seed2,237,3257.8242424242426
hpmcounter5,jump,seed2,238,3259.278787878788
hpmcounter5,jump,seed2,239,3263.1454545454544
hpmcounter5,jump,seed2,240,3266.3939393939395
hpmcounter5,jump,seed2,241,3269.660606060606
hpmcounter5,jump,seed2,242,3274.3515151515153
hpmcounter5,jump,seed2,243,3277.369696969697
hpmcounter5,jump,seed2,244,3278.121212121212
hpmcounter5,jump,seed2,245,3276.909090909091
hpmcounter5,jump,seed2,246,3270.787878787879
hpmcounter5,jump,seed2,247,3263.9030303030304
hpmcounter5,jump,seed2,248,3259.9636363636364
hpmcounter5,jump,seed2,249,3260.430303030303
hpmcounter5,jump,seed2,250,3262.866666666667
hpmcounter5,jump,seed2,251,3266.4242424242425
hpmcounter5,jump,seed2,252,3270.4
hpmcounter5,jump,seed2,253,3273.163636363636
hpmcounter5,jump,seed2,254,3276.339393939394
hpmcounter5,jump,seed2,255,3277.3515151515153
hpmcounter5,jump,seed2,256,3276.2909090909093
hpmcounter5,jump,seed2,257,3273.448484848485
hpmcounter5,jump,seed2,258,3270.1878787878786
hpmcounter5,jump,seed2,259,3269.8121212121214
hpmcounter5,jump,seed2,260,3271.448484848485
hpmcounter5,jump,seed2,261,3274.6666666666665
hpmcounter5,jump,seed2,262,3273.4121212121213
hpmcounter5,jump,seed2,263,3269.581818181818
hpmcounter5,jump,seed2,264,3265.0545454545454
hpmcounter5,jump,seed2,265,3258.509090909091
hpmcounter5,jump,seed2,266,3254.490909090909
hpmcounter5,jump,seed2,267,3254.212121212121
hpmcounter5,jump,seed2,268,3254.2545454545457
hpmcounter5,jump,seed2,269,3253.569696969697
hpmcounter5,jump,seed2,270,3252.7636363636366
hpmcounter5,jump,seed2,271,3253.5030303030303
hpmcounter5,jump,seed2,272,3252.4848484848485
hpmcounter5,jump,seed2,273,3252.8242424242426
hpmcounter5,jump,seed2,274,3250.7393939393937
hpmcounter5,jump,seed2,275,3245.5272727272727
hpmcounter5,jump,seed2,276,3243.212121212121
hpmcounter5,jump,seed2,277,3244.163636363636
hpmcounter5,jump,seed2,278,3248.921212121212
hpmcounter5,jump,seed2,279,3254.0848484848484
hpmcounter5,jump,seed2,280,3257.509090909091
hpmcounter5,jump,seed2,281,3261.2181818181816
hpmcounter5,jump,seed2,282,3264.10303030303
hpmcounter5,jump,seed2,283,3264.4727272727273
hpmcounter5,jump,seed2,284,3263.5878787878787
hpmcounter5,jump,seed2,285,3260.109090909091
hpmcounter5,jump,seed2,286,3257.2
hpmcounter5,jump,seed2,287,3252.612121212121
hpmcounter5,jump,seed2,288,3248.030303030303
hpmcounter5,jump,seed2,289,3245.133333333333
hpmcounter5,jump,seed2,290,3242.0848484848484
hpmcounter5,jump,seed2,291,3243.9939393939394
hpmcounter5,jump,seed2,292,3249.0242424242424
hpmcounter5,jump,seed2,293,3254.042424242424
hpmcounter5,jump,seed2,294,3257.6
hpmcounter5,jump,seed2,295,3260.109090909091
hpmcounter5,jump,seed2,296,3262.4
hpmcounter5,jump,seed2,297,3264.2
hpmcounter5,jump,seed2,298,3263.0848484848484
hpmcounter5,jump,seed20,9,3451.072727272727
hpmcounter5,jump,seed20,10,3449.212121212121
hpmcounter5,jump,seed20,11,3430.6666666666665
hpmcounter5,jump,seed20,12,3405.2606060606063
hpmcounter5,jump,seed20,13,3374.0848484848484
hpmcounter5,jump,seed20,14,3342.10303030303
hpmcounter5,jump,seed20,15,3311.9030303030304
hpmcounter5,jump,seed20,16,3287.6787878787877
hpmcounter5,jump,seed20,17,3271.3636363636365
hpmcounter5,jump,seed20,18,3270.5333333333333
hpmcounter5,jump,seed20,19,3264.266666666667
hpmcounter5,jump,seed20,20,3261.4969696969697
hpmcounter5,jump,seed20,21,3261.9030303030304
hpmcounter5,jump,seed20,22,3262.6060606060605
hpmcounter5,jump,seed20,23,3262.630303030303
hpmcounter5,jump,seed20,24,3266.3515151515153
hpmcounter5,jump,seed20,25,3268.3939393939395
hpmcounter5,jump,seed20,26,3268.4848484848485
hpmcounter5,jump,seed20,27,3264.939393939394
hpmcounter5,jump,seed20,28,3262.339393939394
hpmcounter5,jump,seed20,29,3256.8121212121214
hpmcounter5,jump,seed20,30,3253.5151515151515
hpmcounter5,jump,seed20,31,3252.430303030303
hpmcounter5,jump,seed20,32,3252.6666666666665
hpmcounter5,jump,seed20,33,3252.357575757576
hpmcounter5,jump,seed20,34,3257.0
hpmcounter5,jump,seed20,35,3259.1454545454544
hpmcounter5,jump,seed20,36,3257.690909090909
hpmcounter5,jump,seed20,37,3256.8424242424244
hpmcounter5,jump,seed20,38,3257.2606060606063
hpmcounter5,jump,seed20,39,3257.672727272727
hpmcounter5,jump,seed20,40,3259.9333333333334
hpmcounter5,jump,seed20,41,3261.660606060606
hpmcounter5,jump,seed20,42,3264.509090909091
hpmcounter5,jump,seed20,43,3268.1575757575756
hpmcounter5,jump,seed20,44,3271.278787878788
hpmcounter5,jump,seed20,45,3271.660606060606
hpmcounter5,jump,seed20,46,3285.0545454545454
hpmcounter5,jump,seed20,47,3310.490909090909
hpmcounter5,jump,seed20,48,3345.2
hpmcounter5,jump,seed20,49,3388.078787878788
hpmcounter5,jump,seed20,50,3418.4666666666667
hpmcounter5,jump,seed20,51,3433.109090909091
hpmcounter5,jump,seed20,52,3434.0242424242424
hpmcounter5,jump,seed20,53,3419.418181818182
hpmcounter5,jump,seed20,54,3389.309090909091
hpmcounter5,jump,seed20,55,3344.2363636363634
hpmcounter5,jump,seed20,56,3303.7090909090907
hpmcounter5,jump,seed20,57,3272.3636363636365
hpmcounter5,jump,seed20,58,3253.6
hpmcounter5,jump,seed20,59,3253.048484848485
hpmcounter5,jump,seed20,60,3254.8121212121214
hpmcounter5,jump,seed20,61,3256.8
hpmcounter5,jump,seed20,62,3258.612121212121
hpmcounter5,jump,seed20,63,3256.9151515151516
hpmcounter5,jump,seed20,64,3253.212121212121
hpmcounter5,jump,seed20,65,3248.630303030303
hpmcounter5,jump,seed20,66,3245.509090909091
hpmcounter5,jump,seed20,67,3245.0060606060606
hpmcounter5,jump,seed20,68,3244.060606060606
hpmcounter5,jump,seed20,69,3246.5333333333333
hpmcounter5,jump,seed20,70,3249.569696969697
hpmcounter5,jump,seed20,71,3251.4424242424243
hpmcounter5,jump,seed20,72,3253.2606060606063
hpmcounter5,jump,seed20,73,3255.5878787878787
hpmcounter5,jump,seed20,74,3259.8242424242426
hpmcounter5,jump,seed20,75,3260.70303030303
hpmcounter5,jump,seed20,76,3264.048484848485
hpmcounter5,jump,seed20,77,3265.2363636363634
hpmcounter5,jump,seed20,78,3266.339393939394
hpmcounter5,jump,seed20,79,3270.4121212121213
hpmcounter5,jump,seed20,80,3271.7272727272725
hpmcounter5,jump,seed20,81,3271.951515151515
hpmcounter5,jump,seed20,82,3271.5272727272727
hpmcounter5,jump,seed20,83,3273.630303030303
hpmcounter5,jump,seed20,84,3276.612121212121
hpmcounter5,jump,seed20,85,3279.521212121212
hpmcounter5,jump,seed20,86,3287.133333333333
hpmcounter5,jump,seed20,87,3290.775757575758
hpmcounter5,jump,seed20,88,3293.4848484848485
hpmcounter5,jump,seed20,89,3292.7454545454543
hpmcounter5,jump,seed20,90,3289.339393939394
hpmcounter5,jump,seed20,91,3283.4424242424243
hpmcounter5,jump,seed20,92,3278.9636363636364
hpmcounter5,jump,seed20,93,3275.7818181818184
hpmcounter5,jump,seed20,94,3268.3818181818183
hpmcounter5,jump,seed20,95,3264.10303030303
hpmcounter5,jump,seed20,96,3264.1454545454544
hpmcounter5,jump,seed20,97,3263.3151515151517
hpmcounter5,jump,seed20,98,3263.9030303030304
hpmcounter5,jump,seed20,99,3263.7454545454543
hpmcounter5,jump,seed20,100,3264.866666666667
hpmcounter5,jump,seed20,101,3261.4242424242425
hpmcounter5,jump,seed20,102,3261.642424242424
hpmcounter5,jump,seed20,103,3260.981818181818
hpmcounter5,jump,seed20,104,3258.70303030303
hpmcounter5,jump,seed20,105,3257.3939393939395
hpmcounter5,jump,seed20,106,3259.327272727273
hpmcounter5,jump,seed20,107,3258.6484848484847
hpmcounter5,jump,seed20,108,3257.5878787878787
hpmcounter5,jump,seed20,109,3258.7393939393937
hpmcounter5,jump,seed20,110,3259.151515151515
hpmcounter5,jump,seed20,111,3257.090909090909
hpmcounter5,jump,seed20,112,3254.2545454545457
hpmcounter5,jump,seed20,113,3250.109090909091
hpmcounter5,jump,seed20,114,3246.369696969697
hpmcounter5,jump,seed20,115,3242.193939393939
hpmcounter5,jump,seed20,116,3241.581818181818
hpmcounter5,jump,seed20,117,3242.569696969697
hpmcounter5,jump,seed20,118,3244.6060606060605
hpmcounter5,jump,seed20,119,3249.3757575757577
hpmcounter5,jump,seed20,120,3253.775757575758
hpmcounter5,jump,seed20,121,3258.169696969697
hpmcounter5,jump,seed20,122,3258.921212121212
hpmcounter5,jump,seed20,123,3258.733333333333
hpmcounter5,jump,seed20,124,3257.2606060606063
hpmcounter5,jump,seed20,125,3254.139393939394
hpmcounter5,jump,seed20,126,3250.8545454545456
hpmcounter5,jump,seed20,127,3264.4
hpmcounter5,jump,seed20,128,3276.2606060606063
hpmcounter5,jump,seed20,129,3285.787878787879
hpmcounter5,jump,seed20,130,3290.642424242424
hpmcounter5,jump,seed20,131,3293.612121212121
hpmcounter5,jump,seed20,132,3292.2848484848487
hpmcounter5,jump,seed20,133,3287.981818181818
hpmcounter5,jump,seed20,134,3280.357575757576
hpmcounter5,jump,seed20,135,3267.3333333333335
hpmcounter5,jump,seed20,136,3252.6666666666665
hpmcounter5,jump,seed20,137,3254.6666666666665
hpmcounter5,jump,seed20,138,3258.5575757575757
hpmcounter5,jump,seed20,139,3262.2545454545457
hpmcounter5,jump,seed20,140,3263.230303030303
hpmcounter5,jump,seed20,141,3267.357575757576
hpmcounter5,jump,seed20,142,3271.9454545454546
hpmcounter5,jump,seed20,143,3275.987878787879
hpmcounter5,jump,seed20,144,3277.3939393939395
hpmcounter5,jump,seed20,145,3275.6363636363635
hpmcounter5,jump,seed20,146,3272.4363636363637
hpmcounter5,jump,seed20,147,3268.430303030303
hpmcounter5,jump,seed20,148,3264.660606060606
hpmcounter5,jump,seed20,149,3259.7151515151513
hpmcounter5,jump,seed20,150,3254.7090909090907
hpmcounter5,jump,seed20,151,3266.048484848485
hpmcounter5,jump,seed20,152,3292.9757575757576
hpmcounter5,jump,seed20,153,3330.4545454545455
hpmcounter5,jump,seed20,154,3374.1575757575756
hpmcounter5,jump,seed20,155,3417.4424242424243
hpmcounter5,jump,seed20,156,3462.018181818182
hpmcounter5,jump,seed20,157,3502.0060606060606
hpmcounter5,jump,seed20,158,3531.981818181818
hpmcounter5,jump,seed20,159,3548.7272727272725
hpmcounter5,jump,seed20,160,3549.109090909091
hpmcounter5,jump,seed20,161,3549.0666666666666
hpmcounter5,jump,seed20,162,3551.733333333333
hpmcounter5,jump,seed20,163,3552.690909090909
hpmcounter5,jump,seed20,164,3555.2484848484846
hpmcounter5,jump,seed20,165,3555.5878787878787
hpmcounter5,jump,seed20,166,3559.7272727272725
hpmcounter5,jump,seed20,167,3546.8848484848486
hpmcounter5,jump,seed20,168,3522.4121212121213
hpmcounter5,jump,seed20,169,3489.418181818182
hpmcounter5,jump,seed20,170,3447.357575757576
hpmcounter5,jump,seed20,171,3402.1757575757574
hpmcounter5,jump,seed20,172,3357.2606060606063
hpmcounter5,jump,seed20,173,3316.733333333333
hpmcounter5,jump,seed20,174,3286.757575757576
hpmcounter5,jump,seed20,175,3267.3818181818183
hpmcounter5,jump,seed20,176,3263.6666666666665
hpmcounter5,jump,seed20,177,3275.5272727272727
hpmcounter5,jump,seed20,178,3301.8727272727274
hpmcounter5,jump,seed20,179,3323.8727272727274
hpmcounter5,jump,seed20,180,3340.7939393939396
hpmcounter5,jump,seed20,181,3348.9030303030304
hpmcounter5,jump,seed20,182,3349.2606060606063
hpmcounter5,jump,seed20,183,3342.10303030303
hpmcounter5,jump,seed20,184,3332.6545454545453
hpmcounter5,jump,seed20,185,3312.806060606061
hpmcounter5,jump,seed20,186,3281.769696969697
hpmcounter5,jump,seed20,187,3264.7515151515154
hpmcounter5,jump,seed20,188,3263.6848484848483
hpmcounter5,jump,seed20,189,3262.9454545454546
hpmcounter5,jump,seed20,190,3263.0545454545454
hpmcounter5,jump,seed20,191,3260.4363636363637
hpmcounter5,jump,seed20,192,3261.0848484848484
hpmcounter5,jump,seed20,193,3259.6787878787877
hpmcounter5,jump,seed20,194,3262.1454545454544
hpmcounter5,jump,seed20,195,3264.309090909091
hpmcounter5,jump,seed20,196,3263.169696969697
hpmcounter5,jump,seed20,197,3260.5575757575757
hpmcounter5,jump,seed20,198,3257.5333333333333
hpmcounter5,jump,seed20,199,3256.836363636364
hpmcounter5,jump,seed20,200,3257.7939393939396
hpmcounter5,jump,seed20,201,3257.0242424242424
hpmcounter5,jump,seed20,202,3258.5454545454545
hpmcounter5,jump,seed20,203,3257.3515151515153
hpmcounter5,jump,seed20,204,3258.3818181818183
hpmcounter5,jump,seed20,205,3263.048484848485
hpmcounter5,jump,seed20,206,3266.1272727272726
hpmcounter5,jump,seed20,207,3264.4848484848485
hpmcounter5,jump,seed20,208,3258.7454545454543
hpmcounter5,jump,seed20,209,3256.078787878788
hpmcounter5,jump,seed20,210,3254.030303030303
hpmcounter5,jump,seed20,211,3253.890909090909
hpmcounter5,jump,seed20,212,3253.327272727273
hpmcounter5,jump,seed20,213,3252.430303030303
hpmcounter5,jump,seed20,214,3250.660606060606
hpmcounter5,jump,seed20,215,3253.3515151515153
hpmcounter5,jump,seed20,216,3255.70303030303
hpmcounter5,jump,seed20,217,3255.266666666667
hpmcounter5,jump,seed20,218,3269.5636363636363
hpmcounter5,jump,seed20,219,3282.7515151515154
hpmcounter5,jump,seed20,220,3292.818181818182
hpmcounter5,jump,seed20,221,3300.9757575757576
hpmcounter5,jump,seed20,222,3305.5636363636363
hpmcounter5,jump,seed20,223,3305.551515151515
hpmcounter5,jump,seed20,224,3299.7818181818184
hpmcounter5,jump,seed20,225,3291.860606060606
hpmcounter5,jump,seed20,226,3279.0969696969696
hpmcounter5,jump,seed20,227,3262.030303030303
hpmcounter5,jump,seed20,228,3261.4727272727273
hpmcounter5,jump,seed20,229,3262.0060606060606
hpmcounter5,jump,seed20,230,3262.690909090909
hpmcounter5,jump,seed20,231,3263.030303030303
hpmcounter5,jump,seed20,232,3263.078787878788
hpmcounter5,jump,seed20,233,3262.430303030303
hpmcounter5,jump,seed20,234,3259.569696969697
hpmcounter5,jump,seed20,235,3255.7090909090907
hpmcounter5,jump,seed20,236,3251.242424242424
hpmcounter5,jump,seed20,237,3248.060606060606
hpmcounter5,jump,seed20,238,3245.4545454545455
hpmcounter5,jump,seed20,239,3245.521212121212
hpmcounter5,jump,seed20,240,3247.230303030303
hpmcounter5,jump,seed20,241,3248.6363636363635
hpmcounter5,jump,seed20,242,3248.369696969697
hpmcounter5,jump,seed20,243,3252.133333333333
hpmcounter5,jump,seed20,244,3255.151515151515
hpmcounter5,jump,seed20,245,3254.9454545454546
hpmcounter5,jump,seed20,246,3252.7151515151513
hpmcounter5,jump,seed20,247,3251.121212121212
hpmcounter5,jump,seed20,248,3252.10303030303
hpmcounter5,jump,seed20,249,3253.848484848485
hpmcounter5,jump,seed20,250,3258.163636363636
hpmcounter5,jump,seed20,251,3263.1878787878786
hpmcounter5,jump,seed20,252,3262.9030303030304
hpmcounter5,jump,seed20,253,3279.030303030303
hpmcounter5,jump,seed20,254,3307.2848484848487
hpmcounter5,jump,seed20,255,3344.0848484848484
hpmcounter5,jump,seed20,256,3384.2606060606063
hpmcounter5,jump,seed20,257,3411.7090909090907
hpmcounter5,jump,seed20,258,3427.866666666667
hpmcounter5,jump,seed20,259,3430.7151515151513
hpmcounter5,jump,seed20,260,3435.890909090909
hpmcounter5,jump,seed20,261,3439.672727272727
hpmcounter5,jump,seed20,262,3419.890909090909
hpmcounter5,jump,seed20,263,3394.769696969697
hpmcounter5,jump,seed20,264,3369.2
hpmcounter5,jump,seed20,265,3349.3636363636365
hpmcounter5,jump,seed20,266,3337.4060606060607
hpmcounter5,jump,seed20,267,3319.4242424242425
hpmcounter5,jump,seed20,268,3295.430303030303
hpmcounter5,jump,seed20,269,3266.6787878787877
hpmcounter5,jump,seed20,270,3252.7515151515154
hpmcounter5,jump,seed20,271,3254.7454545454543
hpmcounter5,jump,seed20,272,3258.642424242424
hpmcounter5,jump,seed20,273,3262.6181818181817
hpmcounter5,jump,seed20,274,3266.1878787878786
hpmcounter5,jump,seed20,275,3267.836363636364
hpmcounter5,jump,seed20,276,3270.987878787879
hpmcounter5,jump,seed20,277,3272.387878787879
hpmcounter5,jump,seed20,278,3273.9151515151516
hpmcounter5,jump,seed20,279,3273.3636363636365
hpmcounter5,jump,seed20,280,3270.5575757575757
hpmcounter5,jump,seed20,281,3267.369696969697
hpmcounter5,jump,seed20,282,3262.8
hpmcounter5,jump,seed20,283,3260.3515151515153
hpmcounter5,jump,seed20,284,3255.509090909091
hpmcounter5,jump,seed20,285,3248.836363636364
hpmcounter5,jump,seed20,286,3245.690909090909
hpmcounter5,jump,seed20,287,3243.7818181818184
hpmcounter5,jump,seed20,288,3243.4969696969697
hpmcounter5,jump,seed20,289,3244.7454545454543
hpmcounter5,jump,seed20,290,3244.5333333333333
hpmcounter5,jump,seed20,291,3244.0545454545454
hpmcounter5,jump,seed20,292,3243.89696969697
hpmcounter5,jump,seed20,293,3245.139393939394
hpmcounter5,jump,seed20,294,3245.230303030303
hpmcounter5,jump,seed20,295,3245.551515151515
hpmcounter5,jump,seed20,296,3247.6787878787877
hpmcounter5,jump,seed20,297,3249.163636363636
hpmcounter5,jump,seed20,298,3248.309090909091
hpmcounter5,jump,seed3,9,3255.6969696969695
hpmcounter5,jump,seed3,10,3253.3939393939395
hpmcounter5,jump,seed3,11,3250.3212121212123
hpmcounter5,jump,seed3,12,3249.3333333333335
hpmcounter5,jump,seed3,13,3247.848484848485
hpmcounter5,jump,seed3,14,3246.7939393939396
hpmcounter5,jump,seed3,15,3246.490909090909
hpmcounter5,jump,seed3,16,3247.6787878787877
hpmcounter5,jump,seed3,17,3250.5030303030303
hpmcounter5,jump,seed3,18,3254.7272727272725
hpmcounter5,jump,seed3,19,3261.0363636363636
hpmcounter5,jump,seed3,20,3279.3818181818183
hpmcounter5,jump,seed3,21,3293.0848484848484
hpmcounter5,jump,seed3,22,3302.7272727272725
hpmcounter5,jump,seed3,23,3321.775757575758
hpmcounter5,jump,seed3,24,3332.927272727273
hpmcounter5,jump,seed3,25,3350.0666666666666
hpmcounter5,jump,seed3,26,3355.878787878788
hpmcounter5,jump,seed3,27,3352.3212121212123
hpmcounter5,jump,seed3,28,3341.193939393939
hpmcounter5,jump,seed3,29,3325.0666666666666
hpmcounter5,jump,seed3,30,3316.660606060606
hpmcounter5,jump,seed3,31,3303.4363636363637
hpmcounter5,jump,seed3,32,3285.818181818182
hpmcounter5,jump,seed3,33,3280.987878787879
hpmcounter5,jump,seed3,34,3268.1757575757574
hpmcounter5,jump,seed3,35,3267.2727272727275
hpmcounter5,jump,seed3,36,3267.357575757576
hpmcounter5,jump,seed3,37,3264.6787878787877
hpmcounter5,jump,seed3,38,3261.4121212121213
hpmcounter5,jump,seed3,39,3262.4121212121213
hpmcounter5,jump,seed3,40,3260.2727272727275
hpmcounter5,jump,seed3,41,3258.6
hpmcounter5,jump,seed3,42,3257.0545454545454
hpmcounter5,jump,seed3,43,3256.836363636364
hpmcounter5,jump,seed3,44,3254.721212121212
hpmcounter5,jump,seed3,45,3249.8727272727274
hpmcounter5,jump,seed3,46,3248.921212121212
hpmcounter5,jump,seed3,47,3248.266666666667
hpmcounter5,jump,seed3,48,3248.9454545454546
hpmcounter5,jump,seed3,49,3254.70303030303
hpmcounter5,jump,seed3,50,3258.060606060606
hpmcounter5,jump,seed3,51,3262.030303030303
hpmcounter5,jump,seed3,52,3265.806060606061
hpmcounter5,jump,seed3,53,3269.848484848485
hpmcounter5,jump,seed3,54,3272.151515151515
hpmcounter5,jump,seed3,55,3275.3454545454547
hpmcounter5,jump,seed3,56,3276.9333333333334
hpmcounter5,jump,seed3,57,3276.6363636363635
hpmcounter5,jump,seed3,58,3278.5030303030303
hpmcounter5,jump,seed3,59,3278.866666666667
hpmcounter5,jump,seed3,60,3276.5939393939393
hpmcounter5,jump,seed3,61,3272.5272727272727
hpmcounter5,jump,seed3,62,3270.10303030303
hpmcounter5,jump,seed3,63,3267.3818181818183
hpmcounter5,jump,seed3,64,3263.7090909090907
hpmcounter5,jump,seed3,65,3262.224242424242
hpmcounter5,jump,seed3,66,3260.133333333333
hpmcounter5,jump,seed3,67,3255.4
hpmcounter5,jump,seed3,68,3254.0545454545454
hpmcounter5,jump,seed3,69,3251.3939393939395
hpmcounter5,jump,seed3,70,3248.4666666666667
hpmcounter5,jump,seed3,71,3246.2484848484846
hpmcounter5,jump,seed3,72,3246.7939393939396
hpmcounter5,jump,seed3,73,3248.0545454545454
hpmcounter5,jump,seed3,74,3251.8848484848486
hpmcounter5,jump,seed3,75,3253.8
hpmcounter5,jump,seed3,76,3254.8242424242426
hpmcounter5,jump,seed3,77,3252.909090909091
hpmcounter5,jump,seed3,78,3252.642424242424
hpmcounter5,jump,seed3,79,3249.769696969697
hpmcounter5,jump,seed3,80,3246.690909090909
hpmcounter5,jump,seed3,81,3244.0545454545454
hpmcounter5,jump,seed3,82,3243.3939393939395
hpmcounter5,jump,seed3,83,3244.3939393939395
hpmcounter5,jump,seed3,84,3248.6060606060605
hpmcounter5,jump,seed3,85,3253.969696969697
hpmcounter5,jump,seed3,86,3259.3515151515153
hpmcounter5,jump,seed3,87,3261.10303030303
hpmcounter5,jump,seed3,88,3262.7515151515154
hpmcounter5,jump,seed3,89,3262.139393939394
hpmcounter5,jump,seed3,90,3260.460606060606
hpmcounter5,jump,seed3,91,3259.4727272727273
hpmcounter5,jump,seed3,92,3258.1575757575756
hpmcounter5,jump,seed3,93,3255.1454545454544
hpmcounter5,jump,seed3,94,3249.2545454545457
hpmcounter5,jump,seed3,95,3247.4363636363637
hpmcounter5,jump,seed3,96,3247.030303030303
hpmcounter5,jump,seed3,97,3247.042424242424
hpmcounter5,jump,seed3,98,3246.8242424242426
hpmcounter5,jump,seed3,99,3247.969696969697
hpmcounter5,jump,seed3,100,3247.2
hpmcounter5,jump,seed3,101,3249.0666666666666
hpmcounter5,jump,seed3,102,3251.0363636363636
hpmcounter5,jump,seed3,103,3253.987878787879
hpmcounter5,jump,seed3,104,3256.121212121212
hpmcounter5,jump,seed3,105,3259.369696969697
hpmcounter5,jump,seed3,106,3261.6363636363635
hpmcounter5,jump,seed3,107,3267.7454545454543
hpmcounter5,jump,seed3,108,3272.6242424242423
hpmcounter5,jump,seed3,109,3276.6060606060605
hpmcounter5,jump,seed3,110,3279.3757575757577
hpmcounter5,jump,seed3,111,3280.9333333333334
hpmcounter5,jump,seed3,112,3278.569696969697
hpmcounter5,jump,seed3,113,3274.7636363636366
hpmcounter5,jump,seed3,114,3273.3030303030305
hpmcounter5,jump,seed3,115,3270.6969696969695
hpmcounter5,jump,seed3,116,3263.387878787879
hpmcounter5,jump,seed3,117,3259.121212121212
hpmcounter5,jump,seed3,118,3253.0969696969696
hpmcounter5,jump,seed3,119,3244.6242424242423
hpmcounter5,jump,seed3,120,3240.630303030303
hpmcounter5,jump,seed3,121,3239.10303030303
hpmcounter5,jump,seed3,122,3236.4242424242425
hpmcounter5,jump,seed3,123,3234.4666666666667
hpmcounter5,jump,seed3,124,3234.163636363636
hpmcounter5,jump,seed3,125,3238.4848484848485
hpmcounter5,jump,seed3,126,3239.5151515151515
hpmcounter5,jump,seed3,127,3242.6484848484847
hpmcounter5,jump,seed3,128,3245.4545454545455
hpmcounter5,jump,seed3,129,3245.1272727272726
hpmcounter5,jump,seed3,130,3246.327272727273
hpmcounter5,jump,seed3,131,3248.9939393939394
hpmcounter5,jump,seed3,132,3267.6545454545453
hpmcounter5,jump,seed3,133,3284.224242424242
hpmcounter5,jump,seed3,134,3296.8
hpmcounter5,jump,seed3,135,3307.860606060606
hpmcounter5,jump,seed3,136,3314.6848484848483
hpmcounter5,jump,seed3,137,3331.8545454545456
hpmcounter5,jump,seed3,138,3341.8727272727274
hpmcounter5,jump,seed3,139,3339.8
hpmcounter5,jump,seed3,140,3326.866666666667
hpmcounter5,jump,seed3,141,3305.078787878788
hpmcounter5,jump,seed3,142,3296.357575757576
hpmcounter5,jump,seed3,143,3285.642424242424
hpmcounter5,jump,seed3,144,3272.5939393939393
hpmcounter5,jump,seed3,145,3258.660606060606
hpmcounter5,jump,seed3,146,3243.6484848484847
hpmcounter5,jump,seed3,147,3244.3151515151517
hpmcounter5,jump,seed3,148,3246.951515151515
hpmcounter5,jump,seed3,149,3249.309090909091
hpmcounter5,jump,seed3,150,3250.830303030303
hpmcounter5,jump,seed3,151,3268.539393939394
hpmcounter5,jump,seed3,152,3299.1272727272726
hpmcounter5,jump,seed3,153,3337.0666666666666
hpmcounter5,jump,seed3,154,3381.927272727273
hpmcounter5,jump,seed3,155,3430.478787878788
hpmcounter5,jump,seed3,156,3475.5878787878787
hpmcounter5,jump,seed3,157,3513.230303030303
hpmcounter5,jump,seed3,158,3540.672727272727
hpmcounter5,jump,seed3,159,3556.018181818182
hpmcounter5,jump,seed3,160,3559.0363636363636
hpmcounter5,jump,seed3,161,3563.418181818182
hpmcounter5,jump,seed3,162,3565.509090909091
hpmcounter5,jump,seed3,163,3561.8545454545456
hpmcounter5,jump,seed3,164,3559.890909090909
hpmcounter5,jump,seed3,165,3559.4363636363637
hpmcounter5,jump,seed3,166,3556.1757575757574
hpmcounter5,jump,seed3,167,3554.8242424242426
hpmcounter5,jump,seed3,168,3551.060606060606
hpmcounter5,jump,seed3,169,3548.4424242424243
hpmcounter5,jump,seed3,170,3533.048484848485
hpmcounter5,jump,seed3,171,3507.818181818182
hpmcounter5,jump,seed3,172,3472.866666666667
hpmcounter5,jump,seed3,173,3430.8848484848486
hpmcounter5,jump,seed3,174,3385.224242424242
hpmcounter5,jump,seed3,175,3342.3757575757577
hpmcounter5,jump,seed3,176,3300.690909090909
hpmcounter5,jump,seed3,177,3272.2545454545457
hpmcounter5,jump,seed3,178,3254.787878787879
hpmcounter5,jump,seed3,179,3256.460606060606
hpmcounter5,jump,seed3,180,3255.460606060606
hpmcounter5,jump,seed3,181,3255.3454545454547
hpmcounter5,jump,seed3,182,3254.672727272727
hpmcounter5,jump,seed3,183,3255.690909090909
hpmcounter5,jump,seed3,184,3258.212121212121
hpmcounter5,jump,seed3,185,3259.6666666666665
hpmcounter5,jump,seed3,186,3258.9939393939394
hpmcounter5,jump,seed3,187,3259.4
hpmcounter5,jump,seed3,188,3260.860606060606
hpmcounter5,jump,seed3,189,3264.9454545454546
hpmcounter5,jump,seed3,190,3267.7272727272725
hpmcounter5,jump,seed3,191,3268.3818181818183
hpmcounter5,jump,seed3,192,3265.848484848485
hpmcounter5,jump,seed3,193,3262.1151515151514
hpmcounter5,jump,seed3,194,3260.818181818182
hpmcounter5,jump,seed3,195,3259.139393939394
hpmcounter5,jump,seed3,196,3256.7636363636366
hpmcounter5,jump,seed3,197,3256.478787878788
hpmcounter5,jump,seed3,198,3257.9939393939394
hpmcounter5,jump,seed3,199,3261.2484848484846
hpmcounter5,jump,seed3,200,3265.769696969697
hpmcounter5,jump,seed3,201,3268.2848484848487
hpmcounter5,jump,seed3,202,3268.4727272727273
hpmcounter5,jump,seed3,203,3266.9333333333334
hpmcounter5,jump,seed3,204,3265.866666666667
hpmcounter5,jump,seed3,205,3265.169696969697
hpmcounter5,jump,seed3,206,3260.539393939394
hpmcounter5,jump,seed3,207,3258.866666666667
hpmcounter5,jump,seed3,208,3261.4666666666667
hpmcounter5,jump,seed3,209,3263.5878787878787
hpmcounter5,jump,seed3,210,3264.878787878788
hpmcounter5,jump,seed3,211,3265.2060606060604
hpmcounter5,jump,seed3,212,3263.4060606060607
hpmcounter5,jump,seed3,213,3260.3333333333335
hpmcounter5,jump,seed3,214,3259.866666666667
hpmcounter5,jump,seed3,215,3261.2606060606063
hpmcounter5,jump,seed3,216,3260.987878787879
hpmcounter5,jump,seed3,217,3259.4
hpmcounter5,jump,seed3,218,3262.6848484848483
hpmcounter5,jump,seed3,219,3264.193939393939
hpmcounter5,jump,seed3,220,3264.8727272727274
hpmcounter5,jump,seed3,221,3265.509090909091
hpmcounter5,jump,seed3,222,3263.339393939394
hpmcounter5,jump,seed3,223,3261.690909090909
hpmcounter5,jump,seed3,224,3260.0545454545454
hpmcounter5,jump,seed3,225,3262.181818181818
hpmcounter5,jump,seed3,226,3265.951515151515
hpmcounter5,jump,seed3,227,3266.5272727272727
hpmcounter5,jump,seed3,228,3267.987878787879
hpmcounter5,jump,seed3,229,3267.9151515151516
hpmcounter5,jump,seed3,230,3267.89696969697
hpmcounter5,jump,seed3,231,3269.5333333333333
hpmcounter5,jump,seed3,232,3266.7151515151513
hpmcounter5,jump,seed3,233,3263.951515151515
hpmcounter5,jump,seed3,234,3258.630303030303
hpmcounter5,jump,seed3,235,3256.612121212121
hpmcounter5,jump,seed3,236,3258.6242424242423
hpmcounter5,jump,seed3,237,3259.4666666666667
hpmcounter5,jump,seed3,238,3258.6969696969695
hpmcounter5,jump,seed3,239,3257.9151515151516
hpmcounter5,jump,seed3,240,3257.8424242424244
hpmcounter5,jump,seed3,241,3261.0
hpmcounter5,jump,seed3,242,3260.072727272727
hpmcounter5,jump,seed3,243,3257.769696969697
hpmcounter5,jump,seed3,244,3251.927272727273
hpmcounter5,jump,seed3,245,3245.078787878788
hpmcounter5,jump,seed3,246,3241.818181818182
hpmcounter5,jump,seed3,247,3241.1575757575756
hpmcounter5,jump,seed3,248,3242.048484848485
hpmcounter5,jump,seed3,249,3242.181818181818
hpmcounter5,jump,seed3,250,3245.4848484848485
hpmcounter5,jump,seed3,251,3250.169696969697
hpmcounter5,jump,seed3,252,3255.4
hpmcounter5,jump,seed3,253,3260.6363636363635
hpmcounter5,jump,seed3,254,3264.8121212121214
hpmcounter5,jump,seed3,255,3266.3212121212123
hpmcounter5,jump,seed3,256,3266.3515151515153
hpmcounter5,jump,seed3,257,3266.7151515151513
hpmcounter5,jump,seed3,258,3266.6242424242423
hpmcounter5,jump,seed3,259,3262.8545454545456
hpmcounter5,jump,seed3,260,3259.806060606061
hpmcounter5,jump,seed3,261,3254.8848484848486
hpmcounter5,jump,seed3,262,3253.4060606060607
hpmcounter5,jump,seed3,263,3253.4848484848485
hpmcounter5,jump,seed3,264,3255.2484848484846
hpmcounter5,jump,seed3,265,3256.3939393939395
hpmcounter5,jump,seed3,266,3256.769696969697
hpmcounter5,jump,seed3,267,3260.939393939394
hpmcounter5,jump,seed3,268,3263.866666666667
hpmcounter5,jump,seed3,269,3266.4
hpmcounter5,jump,seed3,270,3269.6
hpmcounter5,jump,seed3,271,3268.3939393939395
hpmcounter5,jump,seed3,272,3266.757575757576
hpmcounter5,jump,seed3,273,3265.569696969697
hpmcounter5,jump,seed3,274,3264.4121212121213
hpmcounter5,jump,seed3,275,3260.5272727272727
hpmcounter5,jump,seed3,276,3255.242424242424
hpmcounter5,jump,seed3,277,3250.7090909090907
hpmcounter5,jump,seed3,278,3248.5878787878787
hpmcounter5,jump,seed3,279,3248.309090909091
hpmcounter5,jump,seed3,280,3251.448484848485
hpmcounter5,jump,seed3,281,3253.4969696969697
hpmcounter5,jump,seed3,282,3255.8545454545456
hpmcounter5,jump,seed3,283,3259.0969696969696
hpmcounter5,jump,seed3,284,3260.4727272727273
hpmcounter5,jump,seed3,285,3260.951515151515
hpmcounter5,jump,seed3,286,3261.6242424242423
hpmcounter5,jump,seed3,287,3261.3939393939395
hpmcounter5,jump,seed3,288,3263.29696969697
hpmcounter5,jump,seed3,289,3264.121212121212
hpmcounter5,jump,seed3,290,3266.0060606060606
hpmcounter5,jump,seed3,291,3265.7151515151513
hpmcounter5,jump,seed3,292,3264.3030303030305
hpmcounter5,jump,seed3,293,3263.630303030303
hpmcounter5,jump,seed3,294,3275.4424242424243
hpmcounter5,jump,seed3,295,3283.9636363636364
hpmcounter5,jump,seed3,296,3288.660606060606
hpmcounter5,jump,seed3,297,3290.6848484848483
hpmcounter5,jump,seed3,298,3292.1878787878786
hpmcounter5,jump,seed4,9,3256.769696969697
hpmcounter5,jump,seed4,10,3250.9757575757576
hpmcounter5,jump,seed4,11,3246.927272727273
hpmcounter5,jump,seed4,12,3245.3212121212123
hpmcounter5,jump,seed4,13,3242.0666666666666
hpmcounter5,jump,seed4,14,3240.1151515151514
hpmcounter5,jump,seed4,15,3240.3030303030305
hpmcounter5,jump,seed4,16,3239.048484848485
hpmcounter5,jump,seed4,17,3240.2848484848487
hpmcounter5,jump,seed4,18,3245.6
hpmcounter5,jump,seed4,19,3254.018181818182
hpmcounter5,jump,seed4,20,3261.090909090909
hpmcounter5,jump,seed4,21,3266.0363636363636
hpmcounter5,jump,seed4,22,3270.3454545454547
hpmcounter5,jump,seed4,23,3272.2
hpmcounter5,jump,seed4,24,3272.3757575757577
hpmcounter5,jump,seed4,25,3268.0666666666666
hpmcounter5,jump,seed4,26,3259.927272727273
hpmcounter5,jump,seed4,27,3252.2909090909093
hpmcounter5,jump,seed4,28,3246.6969696969695
hpmcounter5,jump,seed4,29,3247.757575757576
hpmcounter5,jump,seed4,30,3251.7393939393937
hpmcounter5,jump,seed4,31,3255.10303030303
hpmcounter5,jump,seed4,32,3257.012121212121
hpmcounter5,jump,seed4,33,3258.612121212121
hpmcounter5,jump,seed4,34,3261.4121212121213
hpmcounter5,jump,seed4,35,3260.0969696969696
hpmcounter5,jump,seed4,36,3257.6545454545453
hpmcounter5,jump,seed4,37,3254.890909090909
hpmcounter5,jump,seed4,38,3250.5878787878787
hpmcounter5,jump,seed4,39,3247.6545454545453
hpmcounter5,jump,seed4,40,3247.818181818182
hpmcounter5,jump,seed4,41,3251.4545454545455
hpmcounter5,jump,seed4,42,3253.2181818181816
hpmcounter5,jump,seed4,43,3255.3939393939395
hpmcounter5,jump,seed4,44,3257.012121212121
hpmcounter5,jump,seed4,45,3256.151515151515
hpmcounter5,jump,seed4,46,3257.860606060606
hpmcounter5,jump,seed4,47,3262.090909090909
hpmcounter5,jump,seed4,48,3266.3212121212123
hpmcounter5,jump,seed4,49,3266.7939393939396
hpmcounter5,jump,seed4,50,3267.460606060606
hpmcounter5,jump,seed4,51,3268.2363636363634
hpmcounter5,jump,seed4,52,3267.3454545454547
hpmcounter5,jump,seed4,53,3268.072727272727
hpmcounter5,jump,seed4,54,3266.1272727272726
hpmcounter5,jump,seed4,55,3262.2060606060604
hpmcounter5,jump,seed4,56,3258.1151515151514
hpmcounter5,jump,seed4,57,3257.266666666667
hpmcounter5,jump,seed4,58,3259.6787878787877
hpmcounter5,jump,seed4,59,3259.7454545454543
hpmcounter5,jump,seed4,60,3262.521212121212
hpmcounter5,jump,seed4,61,3264.357575757576
hpmcounter5,jump,seed4,62,3262.5151515151515
hpmcounter5,jump,seed4,63,3260.9151515151516
hpmcounter5,jump,seed4,64,3261.6363636363635
hpmcounter5,jump,seed4,65,3261.0545454545454
hpmcounter5,jump,seed4,66,3257.4121212121213
hpmcounter5,jump,seed4,67,3257.193939393939
hpmcounter5,jump,seed4,68,3260.072727272727
hpmcounter5,jump,seed4,69,3263.151515151515
hpmcounter5,jump,seed4,70,3264.818181818182
hpmcounter5,jump,seed4,71,3265.2545454545457
hpmcounter5,jump,seed4,72,3263.327272727273
hpmcounter5,jump,seed4,73,3258.5636363636363
hpmcounter5,jump,seed4,74,3257.4060606060607
hpmcounter5,jump,seed4,75,3254.642424242424
hpmcounter5,jump,seed4,76,3250.5878787878787
hpmcounter5,jump,seed4,77,3247.909090909091
hpmcounter5,jump,seed4,78,3249.5757575757575
hpmcounter5,jump,seed4,79,3253.3454545454547
hpmcounter5,jump,seed4,80,3257.278787878788
hpmcounter5,jump,seed4,81,3257.8242424242426
hpmcounter5,jump,seed4,82,3260.9151515151516
hpmcounter5,jump,seed4,83,3260.878787878788
hpmcounter5,jump,seed4,84,3262.0969696969696
hpmcounter5,jump,seed4,85,3261.4424242424243
hpmcounter5,jump,seed4,86,3260.551515151515
hpmcounter5,jump,seed4,87,3256.612121212121
hpmcounter5,jump,seed4,88,3256.163636363636
hpmcounter5,jump,seed4,89,3253.8242424242426
hpmcounter5,jump,seed4,90,3254.509090909091
hpmcounter5,jump,seed4,91,3251.078787878788
hpmcounter5,jump,seed4,92,3250.018181818182
hpmcounter5,jump,seed4,93,3252.0
hpmcounter5,jump,seed4,94,3256.6242424242423
hpmcounter5,jump,seed4,95,3261.048484848485
hpmcounter5,jump,seed4,96,3264.3212121212123
hpmcounter5,jump,seed4,97,3265.181818181818
hpmcounter5,jump,seed4,98,3266.3151515151517
hpmcounter5,jump,seed4,99,3266.642424242424
hpmcounter5,jump,seed4,100,3267.9636363636364
hpmcounter5,jump,seed4,101,3264.139393939394
hpmcounter5,jump,seed4,102,3258.890909090909
hpmcounter5,jump,seed4,103,3255.2727272727275
hpmcounter5,jump,seed4,104,3255.848484848485
hpmcounter5,jump,seed4,105,3255.460606060606
hpmcounter5,jump,seed4,106,3254.357575757576
hpmcounter5,jump,seed4,107,3253.6787878787877
hpmcounter5,jump,seed4,108,3253.3757575757577
hpmcounter5,jump,seed4,109,3255.5030303030303
hpmcounter5,jump,seed4,110,3258.0969696969696
hpmcounter5,jump,seed4,111,3258.7151515151513
hpmcounter5,jump,seed4,112,3258.9636363636364
hpmcounter5,jump,seed4,113,3259.139393939394
hpmcounter5,jump,seed4,114,3263.169696969697
hpmcounter5,jump,seed4,115,3263.5878787878787
hpmcounter5,jump,seed4,116,3277.818181818182
hpmcounter5,jump,seed4,117,3305.3818181818183
hpmcounter5,jump,seed4,118,3324.551515151515
hpmcounter5,jump,seed4,119,3339.521212121212
hpmcounter5,jump,seed4,120,3347.690909090909
hpmcounter5,jump,seed4,121,3347.4545454545455
hpmcounter5,jump,seed4,122,3341.387878787879
hpmcounter5,jump,seed4,123,3345.0242424242424
hpmcounter5,jump,seed4,124,3339.151515151515
hpmcounter5,jump,seed4,125,3319.818181818182
hpmcounter5,jump,seed4,126,3308.6363636363635
hpmcounter5,jump,seed4,127,3311.0
hpmcounter5,jump,seed4,128,3308.3515151515153
hpmcounter5,jump,seed4,129,3301.6181818181817
hpmcounter5,jump,seed4,130,3291.539393939394
hpmcounter5,jump,seed4,131,3276.121212121212
hpmcounter5,jump,seed4,132,3260.0363636363636
hpmcounter5,jump,seed4,133,3258.460606060606
hpmcounter5,jump,seed4,134,3258.939393939394
hpmcounter5,jump,seed4,135,3257.266666666667
hpmcounter5,jump,seed4,136,3259.1272727272726
hpmcounter5,jump,seed4,137,3259.878787878788
hpmcounter5,jump,seed4,138,3261.163636363636
hpmcounter5,jump,seed4,139,3260.6666666666665
hpmcounter5,jump,seed4,140,3259.030303030303
hpmcounter5,jump,seed4,141,3259.6848484848483
hpmcounter5,jump,seed4,142,3261.0969696969696
hpmcounter5,jump,seed4,143,3258.6
hpmcounter5,jump,seed4,144,3257.387878787879
hpmcounter5,jump,seed4,145,3254.10303030303
hpmcounter5,jump,seed4,146,3255.7939393939396
hpmcounter5,jump,seed4,147,3255.7272727272725
hpmcounter5,jump,seed4,148,3256.090909090909
hpmcounter5,jump,seed4,149,3253.9454545454546
hpmcounter5,jump,seed4,150,3253.29696969697
hpmcounter5,jump,seed4,151,3272.4060606060607
hpmcounter5,jump,seed4,152,3301.4666666666667
hpmcounter5,jump,seed4,153,3339.6787878787877
hpmcounter5,jump,seed4,154,3383.672727272727
hpmcounter5,jump,seed4,155,3427.387878787879
hpmcounter5,jump,seed4,156,3471.733333333333
hpmcounter5,jump,seed4,157,3510.806060606061
hpmcounter5,jump,seed4,158,3541.0545454545454
hpmcounter5,jump,seed4,159,3558.418181818182
hpmcounter5,jump,seed4,160,3561.1272727272726
hpmcounter5,jump,seed4,161,3566.1575757575756
hpmcounter5,jump,seed4,162,3569.042424242424
hpmcounter5,jump,seed4,163,3571.181818181818
hpmcounter5,jump,seed4,164,3572.2
hpmcounter5,jump,seed4,165,3570.830303030303
hpmcounter5,jump,seed4,166,3569.642424242424
hpmcounter5,jump,seed4,167,3567.9939393939394
hpmcounter5,jump,seed4,168,3563.0060606060606
hpmcounter5,jump,seed4,169,3557.70303030303
hpmcounter5,jump,seed4,170,3552.266666666667
hpmcounter5,jump,seed4,171,3547.1151515151514
hpmcounter5,jump,seed4,172,3544.1878787878786
hpmcounter5,jump,seed4,173,3544.169696969697
hpmcounter5,jump,seed4,174,3545.690909090909
hpmcounter5,jump,seed4,175,3545.7818181818184
hpmcounter5,jump,seed4,176,3548.3757575757577
hpmcounter5,jump,seed4,177,3551.660606060606
hpmcounter5,jump,seed4,178,3539.2363636363634
hpmcounter5,jump,seed4,179,3510.8848484848486
hpmcounter5,jump,seed4,180,3489.9333333333334
hpmcounter5,jump,seed4,181,3457.4424242424243
hpmcounter5,jump,seed4,182,3418.5454545454545
hpmcounter5,jump,seed4,183,3379.3818181818183
hpmcounter5,jump,seed4,184,3344.0969696969696
hpmcounter5,jump,seed4,185,3312.2727272727275
hpmcounter5,jump,seed4,186,3291.478787878788
hpmcounter5,jump,seed4,187,3280.836363636364
hpmcounter5,jump,seed4,188,3267.2909090909093
hpmcounter5,jump,seed4,189,3247.818181818182
hpmcounter5,jump,seed4,190,3245.5151515151515
hpmcounter5,jump,seed4,191,3242.133333333333
hpmcounter5,jump,seed4,192,3241.630303030303
hpmcounter5,jump,seed4,193,3242.775757575758
hpmcounter5,jump,seed4,194,3243.212121212121
hpmcounter5,jump,seed4,195,3243.927272727273
hpmcounter5,jump,seed4,196,3246.2606060606063
hpmcounter5,jump,seed4,197,3245.878787878788
hpmcounter5,jump,seed4,198,3245.4
hpmcounter5,jump,seed4,199,3244.478787878788
hpmcounter5,jump,seed4,200,3243.309090909091
hpmcounter5,jump,seed4,201,3240.4060606060607
hpmcounter5,jump,seed4,202,3240.6060606060605
hpmcounter5,jump,seed4,203,3246.2848484848487
hpmcounter5,jump,seed4,204,3250.224242424242
hpmcounter5,jump,seed4,205,3252.3636363636365
hpmcounter5,jump,seed4,206,3256.860606060606
hpmcounter5,jump,seed4,207,3259.848484848485
hpmcounter5,jump,seed4,208,3262.060606060606
hpmcounter5,jump,seed4,209,3262.939393939394
hpmcounter5,jump,seed4,210,3261.7454545454543
hpmcounter5,jump,seed4,211,3259.090909090909
hpmcounter5,jump,seed4,212,3256.5151515151515
hpmcounter5,jump,seed4,213,3259.6666666666665
hpmcounter5,jump,seed4,214,3264.6181818181817
hpmcounter5,jump,seed4,215,3266.169696969697
hpmcounter5,jump,seed4,216,3271.939393939394
hpmcounter5,jump,seed4,217,3276.1757575757574
hpmcounter5,jump,seed4,218,3280.6545454545453
hpmcounter5,jump,seed4,219,3282.163636363636
hpmcounter5,jump,seed4,220,3279.612121212121
hpmcounter5,jump,seed4,221,3274.866666666667
hpmcounter5,jump,seed4,222,3269.8545454545456
hpmcounter5,jump,seed4,223,3266.3636363636365
hpmcounter5,jump,seed4,224,3262.2060606060604
hpmcounter5,jump,seed4,225,3259.981818181818
hpmcounter5,jump,seed4,226,3259.642424242424
hpmcounter5,jump,seed4,227,3256.939393939394
hpmcounter5,jump,seed4,228,3255.806060606061
hpmcounter5,jump,seed4,229,3256.5030303030303
hpmcounter5,jump,seed4,230,3256.775757575758
hpmcounter5,jump,seed4,231,3255.29696969697
hpmcounter5,jump,seed4,232,3256.0060606060606
hpmcounter5,jump,seed4,233,3258.193939393939
hpmcounter5,jump,seed4,234,3261.5333333333333
hpmcounter5,jump,seed4,235,3267.860606060606
hpmcounter5,jump,seed4,236,3272.4666666666667
hpmcounter5,jump,seed4,237,3276.939393939394
hpmcounter5,jump,seed4,238,3281.2606060606063
hpmcounter5,jump,seed4,239,3284.7636363636366
hpmcounter5,jump,seed4,240,3288.8424242424244
hpmcounter5,jump,seed4,241,3287.339393939394
hpmcounter5,jump,seed4,242,3285.012121212121
hpmcounter5,jump,seed4,243,3281.836363636364
hpmcounter5,jump,seed4,244,3279.278787878788
hpmcounter5,jump,seed4,245,3275.3636363636365
hpmcounter5,jump,seed4,246,3268.042424242424
hpmcounter5,jump,seed4,247,3261.6484848484847
hpmcounter5,jump,seed4,248,3255.6242424242423
hpmcounter5,jump,seed4,249,3251.181818181818
hpmcounter5,jump,seed4,250,3247.3212121212123
hpmcounter5,jump,seed4,251,3244.0363636363636
hpmcounter5,jump,seed4,252,3243.878787878788
hpmcounter5,jump,seed4,253,3244.490909090909
hpmcounter5,jump,seed4,254,3247.369696969697
hpmcounter5,jump,seed4,255,3248.4363636363637
hpmcounter5,jump,seed4,256,3249.7151515151513
hpmcounter5,jump,seed4,257,3250.6363636363635
hpmcounter5,jump,seed4,258,3249.139393939394
hpmcounter5,jump,seed4,259,3249.5878787878787
hpmcounter5,jump,seed4,260,3250.0666666666666
hpmcounter5,jump,seed4,261,3251.630303030303
hpmcounter5,jump,seed4,262,3252.327272727273
hpmcounter5,jump,seed4,263,3251.8727272727274
hpmcounter5,jump,seed4,264,3253.0666666666666
hpmcounter5,jump,seed4,265,3253.121212121212
hpmcounter5,jump,seed4,266,3252.5151515151515
hpmcounter5,jump,seed4,267,3267.721212121212
hpmcounter5,jump,seed4,268,3292.521212121212
hpmcounter5,jump,seed4,269,3325.4424242424243
hpmcounter5,jump,seed4,270,3367.2484848484846
hpmcounter5,jump,seed4,271,3412.6363636363635
hpmcounter5,jump,seed4,272,3455.10303030303
hpmcounter5,jump,seed4,273,3476.29696969697
hpmcounter5,jump,seed4,274,3475.0242424242424
hpmcounter5,jump,seed4,275,3453.29696969697
hpmcounter5,jump,seed4,276,3409.957575757576
hpmcounter5,jump,seed4,277,3366.139393939394
hpmcounter5,jump,seed4,278,3322.4363636363637
hpmcounter5,jump,seed4,279,3282.3939393939395
hpmcounter5,jump,seed4,280,3252.387878787879
hpmcounter5,jump,seed4,281,3237.8121212121214
hpmcounter5,jump,seed4,282,3240.0969696969696
hpmcounter5,jump,seed4,283,3244.957575757576
hpmcounter5,jump,seed4,284,3246.7515151515154
hpmcounter5,jump,seed4,285,3247.569696969697
hpmcounter5,jump,seed4,286,3249.9757575757576
hpmcounter5,jump,seed4,287,3253.0545454545454
hpmcounter5,jump,seed4,288,3253.5333333333333
hpmcounter5,jump,seed4,289,3252.7515151515154
hpmcounter5,jump,seed4,290,3250.70303030303
hpmcounter5,jump,seed4,291,3251.3151515151517
hpmcounter5,jump,seed4,292,3250.878787878788
hpmcounter5,jump,seed4,293,3254.133333333333
hpmcounter5,jump,seed4,294,3254.327272727273
hpmcounter5,jump,seed4,295,3253.539393939394
hpmcounter5,jump,seed4,296,3253.4424242424243
hpmcounter5,jump,seed4,297,3253.2545454545457
hpmcounter5,jump,seed4,298,3251.5939393939393
hpmcounter5,jump,seed5,9,3352.539393939394
hpmcounter5,jump,seed5,10,3338.448484848485
hpmcounter5,jump,seed5,11,3315.2181818181816
hpmcounter5,jump,seed5,12,3292.230303030303
hpmcounter5,jump,seed5,13,3270.4848484848485
hpmcounter5,jump,seed5,14,3255.7272727272725
hpmcounter5,jump,seed5,15,3255.5939393939393
hpmcounter5,jump,seed5,16,3258.2727272727275
hpmcounter5,jump,seed5,17,3260.0969696969696
hpmcounter5,jump,seed5,18,3260.757575757576
hpmcounter5,jump,seed5,19,3259.8848484848486
hpmcounter5,jump,seed5,20,3257.418181818182
hpmcounter5,jump,seed5,21,3255.89696969697
hpmcounter5,jump,seed5,22,3253.2848484848487
hpmcounter5,jump,seed5,23,3252.3818181818183
hpmcounter5,jump,seed5,24,3252.969696969697
hpmcounter5,jump,seed5,25,3252.1454545454544
hpmcounter5,jump,seed5,26,3253.7515151515154
hpmcounter5,jump,seed5,27,3257.1757575757574
hpmcounter5,jump,seed5,28,3259.7151515151513
hpmcounter5,jump,seed5,29,3258.866666666667
hpmcounter5,jump,seed5,30,3272.29696969697
hpmcounter5,jump,seed5,31,3297.957575757576
hpmcounter5,jump,seed5,32,3314.29696969697
hpmcounter5,jump,seed5,33,3343.042424242424
hpmcounter5,jump,seed5,34,3380.866666666667
hpmcounter5,jump,seed5,35,3417.921212121212
hpmcounter5,jump,seed5,36,3451.212121212121
hpmcounter5,jump,seed5,37,3481.733333333333
hpmcounter5,jump,seed5,38,3488.309090909091
hpmcounter5,jump,seed5,39,3468.890909090909
hpmcounter5,jump,seed5,40,3446.521212121212
hpmcounter5,jump,seed5,41,3420.721212121212
hpmcounter5,jump,seed5,42,3394.327272727273
hpmcounter5,jump,seed5,43,3366.109090909091
hpmcounter5,jump,seed5,44,3338.181818181818
hpmcounter5,jump,seed5,45,3315.478787878788
hpmcounter5,jump,seed5,46,3300.7090909090907
hpmcounter5,jump,seed5,47,3300.6969696969695
hpmcounter5,jump,seed5,48,3297.0666666666666
hpmcounter5,jump,seed5,49,3287.4060606060607
hpmcounter5,jump,seed5,50,3277.0545454545454
hpmcounter5,jump,seed5,51,3262.339393939394
hpmcounter5,jump,seed5,52,3265.418181818182
hpmcounter5,jump,seed5,53,3264.387878787879
hpmcounter5,jump,seed5,54,3262.9454545454546
hpmcounter5,jump,seed5,55,3260.836363636364
hpmcounter5,jump,seed5,56,3257.6
hpmcounter5,jump,seed5,57,3254.630303030303
hpmcounter5,jump,seed5,58,3254.278787878788
hpmcounter5,jump,seed5,59,3269.7151515151513
hpmcounter5,jump,seed5,60,3283.5575757575757
hpmcounter5,jump,seed5,61,3311.878787878788
hpmcounter5,jump,seed5,62,3349.9636363636364
hpmcounter5,jump,seed5,63,3388.121212121212
hpmcounter5,jump,seed5,64,3428.70303030303
hpmcounter5,jump,seed5,65,3450.4666666666667
hpmcounter5,jump,seed5,66,3452.5030303030303
hpmcounter5,jump,seed5,67,3435.3333333333335
hpmcounter5,jump,seed5,68,3400.721212121212
hpmcounter5,jump,seed5,69,3369.0
hpmcounter5,jump,seed5,70,3325.5030303030303
hpmcounter5,jump,seed5,71,3290.2181818181816
hpmcounter5,jump,seed5,72,3265.0666666666666
hpmcounter5,jump,seed5,73,3253.448484848485
hpmcounter5,jump,seed5,74,3256.6363636363635
hpmcounter5,jump,seed5,75,3259.0848484848484
hpmcounter5,jump,seed5,76,3260.387878787879
hpmcounter5,jump,seed5,77,3262.078787878788
hpmcounter5,jump,seed5,78,3262.787878787879
hpmcounter5,jump,seed5,79,3263.981818181818
hpmcounter5,jump,seed5,80,3264.266666666667
hpmcounter5,jump,seed5,81,3262.9454545454546
hpmcounter5,jump,seed5,82,3258.6787878787877
hpmcounter5,jump,seed5,83,3256.460606060606
hpmcounter5,jump,seed5,84,3254.078787878788
hpmcounter5,jump,seed5,85,3252.921212121212
hpmcounter5,jump,seed5,86,3253.5151515151515
hpmcounter5,jump,seed5,87,3255.4666666666667
hpmcounter5,jump,seed5,88,3256.630303030303
hpmcounter5,jump,seed5,89,3258.927272727273
hpmcounter5,jump,seed5,90,3262.7272727272725
hpmcounter5,jump,seed5,91,3263.3212121212123
hpmcounter5,jump,seed5,92,3263.6848484848483
hpmcounter5,jump,seed5,93,3265.1575757575756
hpmcounter5,jump,seed5,94,3263.878787878788
hpmcounter5,jump,seed5,95,3261.642424242424
hpmcounter5,jump,seed5,96,3261.5151515151515
hpmcounter5,jump,seed5,97,3260.612121212121
hpmcounter5,jump,seed5,98,3260.5575757575757
hpmcounter5,jump,seed5,99,3259.2848484848487
hpmcounter5,jump,seed5,100,3260.969696969697
hpmcounter5,jump,seed5,101,3260.981818181818
hpmcounter5,jump,seed5,102,3260.7393939393937
hpmcounter5,jump,seed5,103,3262.2060606060604
hpmcounter5,jump,seed5,104,3265.266666666667
hpmcounter5,jump,seed5,105,3265.490909090909
hpmcounter5,jump,seed5,106,3263.70303030303
hpmcounter5,jump,seed5,107,3258.1878787878786
hpmcounter5,jump,seed5,108,3257.478787878788
hpmcounter5,jump,seed5,109,3258.957575757576
hpmcounter5,jump,seed5,110,3260.4363636363637
hpmcounter5,jump,seed5,111,3263.5878787878787
hpmcounter5,jump,seed5,112,3262.7818181818184
hpmcounter5,jump,seed5,113,3260.1878787878786
hpmcounter5,jump,seed5,114,3262.0545454545454
hpmcounter5,jump,seed5,115,3265.642424242424
hpmcounter5,jump,seed5,116,3268.2
hpmcounter5,jump,seed5,117,3268.0
hpmcounter5,jump,seed5,118,3269.012121212121
hpmcounter5,jump,seed5,119,3287.757575757576
hpmcounter5,jump,seed5,120,3302.4363636363637
hpmcounter5,jump,seed5,121,3314.242424242424
hpmcounter5,jump,seed5,122,3318.0242424242424
hpmcounter5,jump,seed5,123,3315.818181818182
hpmcounter5,jump,seed5,124,3308.8848484848486
hpmcounter5,jump,seed5,125,3301.018181818182
hpmcounter5,jump,seed5,126,3290.4
hpmcounter5,jump,seed5,127,3278.6181818181817
hpmcounter5,jump,seed5,128,3264.733333333333
hpmcounter5,jump,seed5,129,3265.787878787879
hpmcounter5,jump,seed5,130,3268.230303030303
hpmcounter5,jump,seed5,131,3269.6666666666665
hpmcounter5,jump,seed5,132,3269.3757575757577
hpmcounter5,jump,seed5,133,3269.1454545454544
hpmcounter5,jump,seed5,134,3267.9151515151516
hpmcounter5,jump,seed5,135,3266.9636363636364
hpmcounter5,jump,seed5,136,3264.181818181818
hpmcounter5,jump,seed5,137,3260.5636363636363
hpmcounter5,jump,seed5,138,3257.6
hpmcounter5,jump,seed5,139,3255.9151515151516
hpmcounter5,jump,seed5,140,3255.551515151515
hpmcounter5,jump,seed5,141,3254.9757575757576
hpmcounter5,jump,seed5,142,3254.3212121212123
hpmcounter5,jump,seed5,143,3253.2060606060604
hpmcounter5,jump,seed5,144,3252.1151515151514
hpmcounter5,jump,seed5,145,3253.4545454545455
hpmcounter5,jump,seed5,146,3254.4363636363637
hpmcounter5,jump,seed5,147,3255.139393939394
hpmcounter5,jump,seed5,148,3254.0060606060606
hpmcounter5,jump,seed5,149,3253.987878787879
hpmcounter5,jump,seed5,150,3253.2363636363634
hpmcounter5,jump,seed5,151,3269.7939393939396
hpmcounter5,jump,seed5,152,3299.5878787878787
hpmcounter5,jump,seed5,153,3336.2363636363634
hpmcounter5,jump,seed5,154,3379.4666666666667
hpmcounter5,jump,seed5,155,3424.612121212121
hpmcounter5,jump,seed5,156,3465.078787878788
hpmcounter5,jump,seed5,157,3502.509090909091
hpmcounter5,jump,seed5,158,3530.4060606060607
hpmcounter5,jump,seed5,159,3544.939393939394
hpmcounter5,jump,seed5,160,3543.642424242424
hpmcounter5,jump,seed5,161,3543.181818181818
hpmcounter5,jump,seed5,162,3544.581818181818
hpmcounter5,jump,seed5,163,3545.5757575757575
hpmcounter5,jump,seed5,164,3551.0
hpmcounter5,jump,seed5,165,3556.6242424242423
hpmcounter5,jump,seed5,166,3556.878787878788
hpmcounter5,jump,seed5,167,3556.242424242424
hpmcounter5,jump,seed5,168,3553.921212121212
hpmcounter5,jump,seed5,169,3551.0060606060606
hpmcounter5,jump,seed5,170,3548.4969696969697
hpmcounter5,jump,seed5,171,3544.042424242424
hpmcounter5,jump,seed5,172,3522.927272727273
hpmcounter5,jump,seed5,173,3490.721212121212
hpmcounter5,jump,seed5,174,3454.0242424242424
hpmcounter5,jump,seed5,175,3415.4060606060607
hpmcounter5,jump,seed5,176,3373.581818181818
hpmcounter5,jump,seed5,177,3334.030303030303
hpmcounter5,jump,seed5,178,3301.0848484848484
hpmcounter5,jump,seed5,179,3277.430303030303
hpmcounter5,jump,seed5,180,3264.8424242424244
hpmcounter5,jump,seed5,181,3264.3818181818183
hpmcounter5,jump,seed5,182,3261.7818181818184
hpmcounter5,jump,seed5,183,3258.3454545454547
hpmcounter5,jump,seed5,184,3252.4363636363637
hpmcounter5,jump,seed5,185,3247.6545454545453
hpmcounter5,jump,seed5,186,3244.878787878788
hpmcounter5,jump,seed5,187,3244.551515151515
hpmcounter5,jump,seed5,188,3248.921212121212
hpmcounter5,jump,seed5,189,3254.860606060606
hpmcounter5,jump,seed5,190,3259.1575757575756
hpmcounter5,jump,seed5,191,3261.969696969697
hpmcounter5,jump,seed5,192,3263.836363636364
hpmcounter5,jump,seed5,193,3265.521212121212
hpmcounter5,jump,seed5,194,3265.581818181818
hpmcounter5,jump,seed5,195,3265.3939393939395
hpmcounter5,jump,seed5,196,3265.5151515151515
hpmcounter5,jump,seed5,197,3264.8848484848486
hpmcounter5,jump,seed5,198,3264.642424242424
hpmcounter5,jump,seed5,199,3265.212121212121
hpmcounter5,jump,seed5,200,3263.8
hpmcounter5,jump,seed5,201,3261.012121212121
hpmcounter5,jump,seed5,202,3256.3939393939395
hpmcounter5,jump,seed5,203,3253.612121212121
hpmcounter5,jump,seed5,204,3253.193939393939
hpmcounter5,jump,seed5,205,3255.1575757575756
hpmcounter5,jump,seed5,206,3257.9030303030304
hpmcounter5,jump,seed5,207,3263.1151515151514
hpmcounter5,jump,seed5,208,3265.181818181818
hpmcounter5,jump,seed5,209,3267.0545454545454
hpmcounter5,jump,seed5,210,3268.278787878788
hpmcounter5,jump,seed5,211,3267.1272727272726
hpmcounter5,jump,seed5,212,3263.327272727273
hpmcounter5,jump,seed5,213,3262.1757575757574
hpmcounter5,jump,seed5,214,3261.327272727273
hpmcounter5,jump,seed5,215,3261.3151515151517
hpmcounter5,jump,seed5,216,3260.9636363636364
hpmcounter5,jump,seed5,217,3265.0848484848484
hpmcounter5,jump,seed5,218,3267.357575757576
hpmcounter5,jump,seed5,219,3269.806060606061
hpmcounter5,jump,seed5,220,3272.521212121212
hpmcounter5,jump,seed5,221,3275.6242424242423
hpmcounter5,jump,seed5,222,3276.030303030303
hpmcounter5,jump,seed5,223,3274.0060606060606
hpmcounter5,jump,seed5,224,3272.981818181818
hpmcounter5,jump,seed5,225,3271.5333333333333
hpmcounter5,jump,seed5,226,3266.9030303030304
hpmcounter5,jump,seed5,227,3262.387878787879
hpmcounter5,jump,seed5,228,3259.539393939394
hpmcounter5,jump,seed5,229,3259.3030303030305
hpmcounter5,jump,seed5,230,3259.3212121212123
hpmcounter5,jump,seed5,231,3261.29696969697
hpmcounter5,jump,seed5,232,3261.7939393939396
hpmcounter5,jump,seed5,233,3257.927272727273
hpmcounter5,jump,seed5,234,3255.6545454545453
hpmcounter5,jump,seed5,235,3256.878787878788
hpmcounter5,jump,seed5,236,3253.89696969697
hpmcounter5,jump,seed5,237,3249.9939393939394
hpmcounter5,jump,seed5,238,3249.2363636363634
hpmcounter5,jump,seed5,239,3249.5454545454545
hpmcounter5,jump,seed5,240,3252.9151515151516
hpmcounter5,jump,seed5,241,3258.0
hpmcounter5,jump,seed5,242,3261.0363636363636
hpmcounter5,jump,seed5,243,3260.787878787879
hpmcounter5,jump,seed5,244,3261.5030303030303
hpmcounter5,jump,seed5,245,3264.642424242424
hpmcounter5,jump,seed5,246,3263.418181818182
hpmcounter5,jump,seed5,247,3259.7393939393937
hpmcounter5,jump,seed5,248,3257.927272727273
hpmcounter5,jump,seed5,249,3256.418181818182
hpmcounter5,jump,seed5,250,3259.3212121212123
hpmcounter5,jump,seed5,251,3261.866666666667
hpmcounter5,jump,seed5,252,3262.327272727273
hpmcounter5,jump,seed5,253,3259.6060606060605
hpmcounter5,jump,seed5,254,3260.121212121212
hpmcounter5,jump,seed5,255,3260.951515151515
hpmcounter5,jump,seed5,256,3260.10303030303
hpmcounter5,jump,seed5,257,3258.951515151515
hpmcounter5,jump,seed5,258,3257.981818181818
hpmcounter5,jump,seed5,259,3257.7818181818184
hpmcounter5,jump,seed5,260,3259.072727272727
hpmcounter5,jump,seed5,261,3260.072727272727
hpmcounter5,jump,seed5,262,3275.139393939394
hpmcounter5,jump,seed5,263,3301.660606060606
hpmcounter5,jump,seed5,264,3337.7818181818184
hpmcounter5,jump,seed5,265,3365.418181818182
hpmcounter5,jump,seed5,266,3380.757575757576
hpmcounter5,jump,seed5,267,3384.2545454545457
hpmcounter5,jump,seed5,268,3379.5939393939393
hpmcounter5,jump,seed5,269,3363.927272727273
hpmcounter5,jump,seed5,270,3335.4666666666667
hpmcounter5,jump,seed5,271,3296.0363636363636
hpmcounter5,jump,seed5,272,3263.7939393939396
hpmcounter5,jump,seed5,273,3248.5939393939393
hpmcounter5,jump,seed5,274,3247.3515151515153
hpmcounter5,jump,seed5,275,3247.612121212121
hpmcounter5,jump,seed5,276,3247.5151515151515
hpmcounter5,jump,seed5,277,3243.987878787879
hpmcounter5,jump,seed5,278,3242.1454545454544
hpmcounter5,jump,seed5,279,3241.6363636363635
hpmcounter5,jump,seed5,280,3239.866666666667
hpmcounter5,jump,seed5,281,3236.3757575757577
hpmcounter5,jump,seed5,282,3237.757575757576
hpmcounter5,jump,seed5,283,3243.212121212121
hpmcounter5,jump,seed5,284,3246.1151515151514
hpmcounter5,jump,seed5,285,3248.672727272727
hpmcounter5,jump,seed5,286,3252.581818181818
hpmcounter5,jump,seed5,287,3256.4727272727273
hpmcounter5,jump,seed5,288,3260.163636363636
hpmcounter5,jump,seed5,289,3264.4121212121213
hpmcounter5,jump,seed5,290,3265.4242424242425
hpmcounter5,jump,seed5,291,3262.787878787879
hpmcounter5,jump,seed5,292,3279.048484848485
hpmcounter5,jump,seed5,293,3304.969696969697
hpmcounter5,jump,seed5,294,3337.030303030303
hpmcounter5,jump,seed5,295,3376.4666666666667
hpmcounter5,jump,seed5,296,3417.818181818182
hpmcounter5,jump,seed5,297,3458.078787878788
hpmcounter5,jump,seed5,298,3478.2363636363634
hpmcounter5,jump,seed6,9,3289.4424242424243
hpmcounter5,jump,seed6,10,3284.8727272727274
hpmcounter5,jump,seed6,11,3277.5151515151515
hpmcounter5,jump,seed6,12,3272.0969696969696
hpmcounter5,jump,seed6,13,3264.581818181818
hpmcounter5,jump,seed6,14,3270.787878787879
hpmcounter5,jump,seed6,15,3273.430303030303
hpmcounter5,jump,seed6,16,3277.6484848484847
hpmcounter5,jump,seed6,17,3282.3818181818183
hpmcounter5,jump,seed6,18,3282.509090909091
hpmcounter5,jump,seed6,19,3280.4969696969697
hpmcounter5,jump,seed6,20,3275.521212121212
hpmcounter5,jump,seed6,21,3271.630303030303
hpmcounter5,jump,seed6,22,3269.0848484848484
hpmcounter5,jump,seed6,23,3268.5454545454545
hpmcounter5,jump,seed6,24,3267.757575757576
hpmcounter5,jump,seed6,25,3264.5454545454545
hpmcounter5,jump,seed6,26,3263.3030303030305
hpmcounter5,jump,seed6,27,3264.551515151515
hpmcounter5,jump,seed6,28,3278.9636363636364
hpmcounter5,jump,seed6,29,3307.7393939393937
hpmcounter5,jump,seed6,30,3342.4
hpmcounter5,jump,seed6,31,3381.9939393939394
hpmcounter5,jump,seed6,32,3422.9939393939394
hpmcounter5,jump,seed6,33,3446.642424242424
hpmcounter5,jump,seed6,34,3449.1454545454544
hpmcounter5,jump,seed6,35,3433.230303030303
hpmcounter5,jump,seed6,36,3400.836363636364
hpmcounter5,jump,seed6,37,3356.1454545454544
hpmcounter5,jump,seed6,38,3315.0848484848484
hpmcounter5,jump,seed6,39,3283.6060606060605
hpmcounter5,jump,seed6,40,3265.830303030303
hpmcounter5,jump,seed6,41,3258.927272727273
hpmcounter5,jump,seed6,42,3268.478787878788
hpmcounter5,jump,seed6,43,3276.072727272727
hpmcounter5,jump,seed6,44,3280.357575757576
hpmcounter5,jump,seed6,45,3280.951515151515
hpmcounter5,jump,seed6,46,3277.8545454545456
hpmcounter5,jump,seed6,47,3273.012121212121
hpmcounter5,jump,seed6,48,3268.2909090909093
hpmcounter5,jump,seed6,49,3262.193939393939
hpmcounter5,jump,seed6,50,3257.89696969697
hpmcounter5,jump,seed6,51,3255.4424242424243
hpmcounter5,jump,seed6,52,3255.1151515151514
hpmcounter5,jump,seed6,53,3254.5636363636363
hpmcounter5,jump,seed6,54,3254.133333333333
hpmcounter5,jump,seed6,55,3256.4363636363637
hpmcounter5,jump,seed6,56,3259.4121212121213
hpmcounter5,jump,seed6,57,3261.7636363636366
hpmcounter5,jump,seed6,58,3264.042424242424
hpmcounter5,jump,seed6,59,3264.1757575757574
hpmcounter5,jump,seed6,60,3261.818181818182
hpmcounter5,jump,seed6,61,3261.4424242424243
hpmcounter5,jump,seed6,62,3260.0545454545454
hpmcounter5,jump,seed6,63,3259.0545454545454
hpmcounter5,jump,seed6,64,3254.078787878788
hpmcounter5,jump,seed6,65,3251.951515151515
hpmcounter5,jump,seed6,66,3249.539393939394
hpmcounter5,jump,seed6,67,3249.030303030303
hpmcounter5,jump,seed6,68,3250.6787878787877
hpmcounter5,jump,seed6,69,3254.7454545454543
hpmcounter5,jump,seed6,70,3258.7818181818184
hpmcounter5,jump,seed6,71,3263.8242424242426
hpmcounter5,jump,seed6,72,3267.163636363636
hpmcounter5,jump,seed6,73,3273.163636363636
hpmcounter5,jump,seed6,74,3275.4242424242425
hpmcounter5,jump,seed6,75,3277.2848484848487
hpmcounter5,jump,seed6,76,3277.4666666666667
hpmcounter5,jump,seed6,77,3275.7636363636366
hpmcounter5,jump,seed6,78,3273.9030303030304
hpmcounter5,jump,seed6,79,3272.818181818182
hpmcounter5,jump,seed6,80,3271.4969696969697
hpmcounter5,jump,seed6,81,3272.6545454545453
hpmcounter5,jump,seed6,82,3273.5939393939393
hpmcounter5,jump,seed6,83,3275.181818181818
hpmcounter5,jump,seed6,84,3274.509090909091
hpmcounter5,jump,seed6,85,3273.0666666666666
hpmcounter5,jump,seed6,86,3288.4363636363637
hpmcounter5,jump,seed6,87,3315.909090909091
hpmcounter5,jump,seed6,88,3334.6666666666665
hpmcounter5,jump,seed6,89,3347.078787878788
hpmcounter5,jump,seed6,90,3351.987878787879
hpmcounter5,jump,seed6,91,3353.1575757575756
hpmcounter5,jump,seed6,92,3345.0545454545454
hpmcounter5,jump,seed6,93,3333.0848484848484
hpmcounter5,jump,seed6,94,3311.2848484848487
hpmcounter5,jump,seed6,95,3280.509090909091
hpmcounter5,jump,seed6,96,3262.4727272727273
hpmcounter5,jump,seed6,97,3263.2484848484846
hpmcounter5,jump,seed6,98,3263.278787878788
hpmcounter5,jump,seed6,99,3266.4242424242425
hpmcounter5,jump,seed6,100,3267.139393939394
hpmcounter5,jump,seed6,101,3269.721212121212
hpmcounter5,jump,seed6,102,3270.448484848485
hpmcounter5,jump,seed6,103,3274.078787878788
hpmcounter5,jump,seed6,104,3273.70303030303
hpmcounter5,jump,seed6,105,3270.387878787879
hpmcounter5,jump,seed6,106,3266.4727272727273
hpmcounter5,jump,seed6,107,3262.70303030303
hpmcounter5,jump,seed6,108,3260.5151515151515
hpmcounter5,jump,seed6,109,3258.4060606060607
hpmcounter5,jump,seed6,110,3255.2181818181816
hpmcounter5,jump,seed6,111,3251.6
hpmcounter5,jump,seed6,112,3249.460606060606
hpmcounter5,jump,seed6,113,3249.5878787878787
hpmcounter5,jump,seed6,114,3248.672727272727
hpmcounter5,jump,seed6,115,3248.0545454545454
hpmcounter5,jump,seed6,116,3249.012121212121
hpmcounter5,jump,seed6,117,3249.9333333333334
hpmcounter5,jump,seed6,118,3251.5454545454545
hpmcounter5,jump,seed6,119,3252.0242424242424
hpmcounter5,jump,seed6,120,3252.7393939393937
hpmcounter5,jump,seed6,121,3251.0242424242424
hpmcounter5,jump,seed6,122,3246.9757575757576
hpmcounter5,jump,seed6,123,3245.478787878788
hpmcounter5,jump,seed6,124,3244.151515151515
hpmcounter5,jump,seed6,125,3244.951515151515
hpmcounter5,jump,seed6,126,3246.212121212121
hpmcounter5,jump,seed6,127,3248.4121212121213
hpmcounter5,jump,seed6,128,3248.8
hpmcounter5,jump,seed6,129,3251.630303030303
hpmcounter5,jump,seed6,130,3253.121212121212
hpmcounter5,jump,seed6,131,3253.2606060606063
hpmcounter5,jump,seed6,132,3251.1878787878786
hpmcounter5,jump,seed6,133,3251.5151515151515
hpmcounter5,jump,seed6,134,3250.921212121212
hpmcounter5,jump,seed6,135,3251.387878787879
hpmcounter5,jump,seed6,136,3270.6848484848483
hpmcounter5,jump,seed6,137,3286.581818181818
hpmcounter5,jump,seed6,138,3296.1454545454544
hpmcounter5,jump,seed6,139,3319.2363636363634
hpmcounter5,jump,seed6,140,3332.9939393939394
hpmcounter5,jump,seed6,141,3336.9030303030304
hpmcounter5,jump,seed6,142,3336.0242424242424
hpmcounter5,jump,seed6,143,3330.551515151515
hpmcounter5,jump,seed6,144,3318.0969696969696
hpmcounter5,jump,seed6,145,3297.70303030303
hpmcounter5,jump,seed6,146,3291.090909090909
hpmcounter5,jump,seed6,147,3281.018181818182
hpmcounter5,jump,seed6,148,3267.3939393939395
hpmcounter5,jump,seed6,149,3268.0848484848484
hpmcounter5,jump,seed6,150,3267.5636363636363
hpmcounter5,jump,seed6,151,3277.8727272727274
hpmcounter5,jump,seed6,152,3301.418181818182
hpmcounter5,jump,seed6,153,3335.3333333333335
hpmcounter5,jump,seed6,154,3378.642424242424
hpmcounter5,jump,seed6,155,3422.8424242424244
hpmcounter5,jump,seed6,156,3465.7636363636366
hpmcounter5,jump,seed6,157,3502.509090909091
hpmcounter5,jump,seed6,158,3532.957575757576
hpmcounter5,jump,seed6,159,3548.060606060606
hpmcounter5,jump,seed6,160,3546.806060606061
hpmcounter5,jump,seed6,161,3546.490909090909
hpmcounter5,jump,seed6,162,3543.448484848485
hpmcounter5,jump,seed6,163,3542.224242424242
hpmcounter5,jump,seed6,164,3544.909090909091
hpmcounter5,jump,seed6,165,3548.369696969697
hpmcounter5,jump,seed6,166,3552.4
hpmcounter5,jump,seed6,167,3553.5575757575757
hpmcounter5,jump,seed6,168,3555.5939393939393
hpmcounter5,jump,seed6,169,3556.448484848485
hpmcounter5,jump,seed6,170,3540.072727272727
hpmcounter5,jump,seed6,171,3512.733333333333
hpmcounter5,jump,seed6,172,3473.2727272727275
hpmcounter5,jump,seed6,173,3427.672727272727
hpmcounter5,jump,seed6,174,3382.030303030303
hpmcounter5,jump,seed6,175,3340.5030303030303
hpmcounter5,jump,seed6,176,3302.9151515151516
hpmcounter5,jump,seed6,177,3271.5939393939393
hpmcounter5,jump,seed6,178,3252.987878787879
hpmcounter5,jump,seed6,179,3254.1575757575756
hpmcounter5,jump,seed6,180,3255.3151515151517
hpmcounter5,jump,seed6,181,3256.660606060606
hpmcounter5,jump,seed6,182,3256.6363636363635
hpmcounter5,jump,seed6,183,3256.5939393939393
hpmcounter5,jump,seed6,184,3256.866666666667
hpmcounter5,jump,seed6,185,3257.3939393939395
hpmcounter5,jump,seed6,186,3255.4060606060607
hpmcounter5,jump,seed6,187,3252.939393939394
hpmcounter5,jump,seed6,188,3250.4
hpmcounter5,jump,seed6,189,3250.830303030303
hpmcounter5,jump,seed6,190,3250.951515151515
hpmcounter5,jump,seed6,191,3250.10303030303
hpmcounter5,jump,seed6,192,3249.6242424242423
hpmcounter5,jump,seed6,193,3254.266666666667
hpmcounter5,jump,seed6,194,3258.230303030303
hpmcounter5,jump,seed6,195,3264.5030303030303
hpmcounter5,jump,seed6,196,3268.660606060606
hpmcounter5,jump,seed6,197,3271.7151515151513
hpmcounter5,jump,seed6,198,3274.4424242424243
hpmcounter5,jump,seed6,199,3277.8
hpmcounter5,jump,seed6,200,3279.7393939393937
hpmcounter5,jump,seed6,201,3277.7090909090907
hpmcounter5,jump,seed6,202,3276.909090909091
hpmcounter5,jump,seed6,203,3293.212121212121
hpmcounter5,jump,seed6,204,3302.70303030303
hpmcounter5,jump,seed6,205,3311.369696969697
hpmcounter5,jump,seed6,206,3315.9939393939394
hpmcounter5,jump,seed6,207,3313.6969696969695
hpmcounter5,jump,seed6,208,3325.5636363636363
hpmcounter5,jump,seed6,209,3332.2181818181816
hpmcounter5,jump,seed6,210,3332.230303030303
hpmcounter5,jump,seed6,211,3322.987878787879
hpmcounter5,jump,seed6,212,3310.4363636363637
hpmcounter5,jump,seed6,213,3311.860606060606
hpmcounter5,jump,seed6,214,3306.030303030303
hpmcounter5,jump,seed6,215,3295.6848484848483
hpmcounter5,jump,seed6,216,3283.3030303030305
hpmcounter5,jump,seed6,217,3264.939393939394
hpmcounter5,jump,seed6,218,3262.0666666666666
hpmcounter5,jump,seed6,219,3258.266666666667
hpmcounter5,jump,seed6,220,3257.5151515151515
hpmcounter5,jump,seed6,221,3253.7454545454543
hpmcounter5,jump,seed6,222,3251.018181818182
hpmcounter5,jump,seed6,223,3249.939393939394
hpmcounter5,jump,seed6,224,3248.3515151515153
hpmcounter5,jump,seed6,225,3246.3515151515153
hpmcounter5,jump,seed6,226,3246.3333333333335
hpmcounter5,jump,seed6,227,3248.2909090909093
hpmcounter5,jump,seed6,228,3251.890909090909
hpmcounter5,jump,seed6,229,3254.581818181818
hpmcounter5,jump,seed6,230,3258.266666666667
hpmcounter5,jump,seed6,231,3259.9636363636364
hpmcounter5,jump,seed6,232,3260.4666666666667
hpmcounter5,jump,seed6,233,3259.181818181818
hpmcounter5,jump,seed6,234,3258.818181818182
hpmcounter5,jump,seed6,235,3257.7272727272725
hpmcounter5,jump,seed6,236,3254.8
hpmcounter5,jump,seed6,237,3252.612121212121
hpmcounter5,jump,seed6,238,3254.860606060606
hpmcounter5,jump,seed6,239,3257.848484848485
hpmcounter5,jump,seed6,240,3257.787878787879
hpmcounter5,jump,seed6,241,3257.818181818182
hpmcounter5,jump,seed6,242,3254.642424242424
hpmcounter5,jump,seed6,243,3253.012121212121
hpmcounter5,jump,seed6,244,3252.060606060606
hpmcounter5,jump,seed6,245,3250.7272727272725
hpmcounter5,jump,seed6,246,3249.1272727272726
hpmcounter5,jump,seed6,247,3248.1878787878786
hpmcounter5,jump,seed6,248,3250.012121212121
hpmcounter5,jump,seed6,249,3251.6
hpmcounter5,jump,seed6,250,3254.7454545454543
hpmcounter5,jump,seed6,251,3255.5151515151515
hpmcounter5,jump,seed6,252,3255.7636363636366
hpmcounter5,jump,seed6,253,3259.212121212121
hpmcounter5,jump,seed6,254,3263.5333333333333
hpmcounter5,jump,seed6,255,3267.0
hpmcounter5,jump,seed6,256,3270.6
hpmcounter5,jump,seed6,257,3274.078787878788
hpmcounter5,jump,seed6,258,3277.7151515151513
hpmcounter5,jump,seed6,259,3277.672727272727
hpmcounter5,jump,seed6,260,3279.5939393939393
hpmcounter5,jump,seed6,261,3276.4848484848485
hpmcounter5,jump,seed6,262,3271.4060606060607
hpmcounter5,jump,seed6,263,3265.369696969697
hpmcounter5,jump,seed6,264,3263.29696969697
hpmcounter5,jump,seed6,265,3259.660606060606
hpmcounter5,jump,seed6,266,3257.10303030303
hpmcounter5,jump,seed6,267,3253.212121212121
hpmcounter5,jump,seed6,268,3254.012121212121
hpmcounter5,jump,seed6,269,3251.7272727272725
hpmcounter5,jump,seed6,270,3250.5272727272727
hpmcounter5,jump,seed6,271,3252.151515151515
hpmcounter5,jump,seed6,272,3253.6242424242423
hpmcounter5,jump,seed6,273,3253.757575757576
hpmcounter5,jump,seed6,274,3255.012121212121
hpmcounter5,jump,seed6,275,3256.939393939394
hpmcounter5,jump,seed6,276,3259.193939393939
hpmcounter5,jump,seed6,277,3257.242424242424
hpmcounter5,jump,seed6,278,3272.4666666666667
hpmcounter5,jump,seed6,279,3298.7454545454543
hpmcounter5,jump,seed6,280,3333.2363636363634
hpmcounter5,jump,seed6,281,3359.6181818181817
hpmcounter5,jump,seed6,282,3375.8848484848486
hpmcounter5,jump,seed6,283,3383.3151515151517
hpmcounter5,jump,seed6,284,3379.690909090909
hpmcounter5,jump,seed6,285,3382.2545454545457
hpmcounter5,jump,seed6,286,3370.387878787879
hpmcounter5,jump,seed6,287,3344.3939393939395
hpmcounter5,jump,seed6,288,3324.418181818182
hpmcounter5,jump,seed6,289,3311.806060606061
hpmcounter5,jump,seed6,290,3309.878787878788
hpmcounter5,jump,seed6,291,3302.4424242424243
hpmcounter5,jump,seed6,292,3290.5636363636363
hpmcounter5,jump,seed6,293,3278.660606060606
hpmcounter5,jump,seed6,294,3263.7272727272725
hpmcounter5,jump,seed6,295,3261.8424242424244
hpmcounter5,jump,seed6,296,3258.818181818182
hpmcounter5,jump,seed6,297,3258.690909090909
hpmcounter5,jump,seed6,298,3260.981818181818
hpmcounter5,jump,seed7,9,3248.0
hpmcounter5,jump,seed7,10,3243.4666666666667
hpmcounter5,jump,seed7,11,3238.569696969697
hpmcounter5,jump,seed7,12,3236.848484848485
hpmcounter5,jump,seed7,13,3237.539393939394
hpmcounter5,jump,seed7,14,3237.8242424242426
hpmcounter5,jump,seed7,15,3240.4666666666667
hpmcounter5,jump,seed7,16,3242.4424242424243
hpmcounter5,jump,seed7,17,3246.1757575757574
hpmcounter5,jump,seed7,18,3250.642424242424
hpmcounter5,jump,seed7,19,3258.2484848484846
hpmcounter5,jump,seed7,20,3264.848484848485
hpmcounter5,jump,seed7,21,3267.4
hpmcounter5,jump,seed7,22,3270.3030303030305
hpmcounter5,jump,seed7,23,3270.6969696969695
hpmcounter5,jump,seed7,24,3269.6848484848483
hpmcounter5,jump,seed7,25,3265.4363636363637
hpmcounter5,jump,seed7,26,3258.7090909090907
hpmcounter5,jump,seed7,27,3252.4969696969697
hpmcounter5,jump,seed7,28,3246.387878787879
hpmcounter5,jump,seed7,29,3244.830303030303
hpmcounter5,jump,seed7,30,3247.3333333333335
hpmcounter5,jump,seed7,31,3263.757575757576
hpmcounter5,jump,seed7,32,3296.539393939394
hpmcounter5,jump,seed7,33,3339.042424242424
hpmcounter5,jump,seed7,34,3369.4424242424243
hpmcounter5,jump,seed7,35,3388.9333333333334
hpmcounter5,jump,seed7,36,3398.3515151515153
hpmcounter5,jump,seed7,37,3395.4969696969697
hpmcounter5,jump,seed7,38,3379.4060606060607
hpmcounter5,jump,seed7,39,3350.581818181818
hpmcounter5,jump,seed7,40,3312.8848484848486
hpmcounter5,jump,seed7,41,3280.927272727273
hpmcounter5,jump,seed7,42,3262.3212121212123
hpmcounter5,jump,seed7,43,3259.1272727272726
hpmcounter5,jump,seed7,44,3253.672727272727
hpmcounter5,jump,seed7,45,3251.048484848485
hpmcounter5,jump,seed7,46,3249.7515151515154
hpmcounter5,jump,seed7,47,3248.4363636363637
hpmcounter5,jump,seed7,48,3247.3212121212123
hpmcounter5,jump,seed7,49,3245.848484848485
hpmcounter5,jump,seed7,50,3247.0545454545454
hpmcounter5,jump,seed7,51,3249.8242424242426
hpmcounter5,jump,seed7,52,3253.6363636363635
hpmcounter5,jump,seed7,53,3254.9939393939394
hpmcounter5,jump,seed7,54,3255.860606060606
hpmcounter5,jump,seed7,55,3256.890909090909
hpmcounter5,jump,seed7,56,3256.018181818182
hpmcounter5,jump,seed7,57,3255.357575757576
hpmcounter5,jump,seed7,58,3255.5575757575757
hpmcounter5,jump,seed7,59,3255.309090909091
hpmcounter5,jump,seed7,60,3270.612121212121
hpmcounter5,jump,seed7,61,3283.490909090909
hpmcounter5,jump,seed7,62,3291.7515151515154
hpmcounter5,jump,seed7,63,3296.6
hpmcounter5,jump,seed7,64,3298.951515151515
hpmcounter5,jump,seed7,65,3295.8424242424244
hpmcounter5,jump,seed7,66,3289.2727272727275
hpmcounter5,jump,seed7,67,3281.6787878787877
hpmcounter5,jump,seed7,68,3273.0363636363636
hpmcounter5,jump,seed7,69,3261.6545454545453
hpmcounter5,jump,seed7,70,3265.327272727273
hpmcounter5,jump,seed7,71,3267.70303030303
hpmcounter5,jump,seed7,72,3268.139393939394
hpmcounter5,jump,seed7,73,3269.0242424242424
hpmcounter5,jump,seed7,74,3267.987878787879
hpmcounter5,jump,seed7,75,3265.818181818182
hpmcounter5,jump,seed7,76,3263.0
hpmcounter5,jump,seed7,77,3262.1757575757574
hpmcounter5,jump,seed7,78,3260.6848484848483
hpmcounter5,jump,seed7,79,3259.490909090909
hpmcounter5,jump,seed7,80,3258.6969696969695
hpmcounter5,jump,seed7,81,3258.6969696969695
hpmcounter5,jump,seed7,82,3259.787878787879
hpmcounter5,jump,seed7,83,3263.3757575757577
hpmcounter5,jump,seed7,84,3267.0969696969696
hpmcounter5,jump,seed7,85,3274.224242424242
hpmcounter5,jump,seed7,86,3277.042424242424
hpmcounter5,jump,seed7,87,3280.5757575757575
hpmcounter5,jump,seed7,88,3282.7151515151513
hpmcounter5,jump,seed7,89,3285.2060606060604
hpmcounter5,jump,seed7,90,3283.6181818181817
hpmcounter5,jump,seed7,91,3281.3030303030305
hpmcounter5,jump,seed7,92,3276.10303030303
hpmcounter5,jump,seed7,93,3273.181818181818
hpmcounter5,jump,seed7,94,3270.5939393939393
hpmcounter5,jump,seed7,95,3268.8545454545456
hpmcounter5,jump,seed7,96,3266.012121212121
hpmcounter5,jump,seed7,97,3262.6242424242423
hpmcounter5,jump,seed7,98,3260.478787878788
hpmcounter5,jump,seed7,99,3259.5757575757575
hpmcounter5,jump,seed7,100,3260.1878787878786
hpmcounter5,jump,seed7,101,3261.5939393939393
hpmcounter5,jump,seed7,102,3261.7454545454543
hpmcounter5,jump,seed7,103,3264.387878787879
hpmcounter5,jump,seed7,104,3266.1151515151514
hpmcounter5,jump,seed7,105,3267.10303030303
hpmcounter5,jump,seed7,106,3268.957575757576
hpmcounter5,jump,seed7,107,3267.6242424242423
hpmcounter5,jump,seed7,108,3264.866666666667
hpmcounter5,jump,seed7,109,3261.133333333333
hpmcounter5,jump,seed7,110,3260.8545454545456
hpmcounter5,jump,seed7,111,3262.3333333333335
hpmcounter5,jump,seed7,112,3262.6181818181817
hpmcounter5,jump,seed7,113,3264.0969696969696
hpmcounter5,jump,seed7,114,3264.042424242424
hpmcounter5,jump,seed7,115,3266.5757575757575
hpmcounter5,jump,seed7,116,3269.8727272727274
hpmcounter5,jump,seed7,117,3270.660606060606
hpmcounter5,jump,seed7,118,3282.612121212121
hpmcounter5,jump,seed7,119,3290.0060606060606
hpmcounter5,jump,seed7,120,3294.8242424242426
hpmcounter5,jump,seed7,121,3299.5333333333333
hpmcounter5,jump,seed7,122,3300.369696969697
hpmcounter5,jump,seed7,123,3298.951515151515
hpmcounter5,jump,seed7,124,3292.10303030303
hpmcounter5,jump,seed7,125,3283.1454545454544
hpmcounter5,jump,seed7,126,3271.5030303030303
hpmcounter5,jump,seed7,127,3259.0969696969696
hpmcounter5,jump,seed7,128,3259.806060606061
hpmcounter5,jump,seed7,129,3257.1272727272726
hpmcounter5,jump,seed7,130,3252.4969696969697
hpmcounter5,jump,seed7,131,3248.1575757575756
hpmcounter5,jump,seed7,132,3244.909090909091
hpmcounter5,jump,seed7,133,3241.1757575757574
hpmcounter5,jump,seed7,134,3239.278787878788
hpmcounter5,jump,seed7,135,3239.042424242424
hpmcounter5,jump,seed7,136,3238.672727272727
hpmcounter5,jump,seed7,137,3239.060606060606
hpmcounter5,jump,seed7,138,3240.3636363636365
hpmcounter5,jump,seed7,139,3240.9151515151516
hpmcounter5,jump,seed7,140,3241.060606060606
hpmcounter5,jump,seed7,141,3243.836363636364
hpmcounter5,jump,seed7,142,3245.030303030303
hpmcounter5,jump,seed7,143,3243.509090909091
hpmcounter5,jump,seed7,144,3244.193939393939
hpmcounter5,jump,seed7,145,3246.4545454545455
hpmcounter5,jump,seed7,146,3248.6060606060605
hpmcounter5,jump,seed7,147,3249.6
hpmcounter5,jump,seed7,148,3251.0363636363636
hpmcounter5,jump,seed7,149,3252.048484848485
hpmcounter5,jump,seed7,150,3251.1151515151514
hpmcounter5,jump,seed7,151,3273.0
hpmcounter5,jump,seed7,152,3304.1575757575756
hpmcounter5,jump,seed7,153,3340.5939393939393
hpmcounter5,jump,seed7,154,3381.4424242424243
hpmcounter5,jump,seed7,155,3424.860606060606
hpmcounter5,jump,seed7,156,3467.8
hpmcounter5,jump,seed7,157,3504.7818181818184
hpmcounter5,jump,seed7,158,3531.478787878788
hpmcounter5,jump,seed7,159,3545.6787878787877
hpmcounter5,jump,seed7,160,3545.890909090909
hpmcounter5,jump,seed7,161,3548.8727272727274
hpmcounter5,jump,seed7,162,3550.369696969697
hpmcounter5,jump,seed7,163,3550.1454545454544
hpmcounter5,jump,seed7,164,3550.309090909091
hpmcounter5,jump,seed7,165,3550.309090909091
hpmcounter5,jump,seed7,166,3552.266666666667
hpmcounter5,jump,seed7,167,3553.8727272727274
hpmcounter5,jump,seed7,168,3535.9454545454546
hpmcounter5,jump,seed7,169,3504.6242424242423
hpmcounter5,jump,seed7,170,3466.4060606060607
hpmcounter5,jump,seed7,171,3423.278787878788
hpmcounter5,jump,seed7,172,3376.4424242424243
hpmcounter5,jump,seed7,173,3331.0
hpmcounter5,jump,seed7,174,3291.642424242424
hpmcounter5,jump,seed7,175,3263.1757575757574
hpmcounter5,jump,seed7,176,3249.042424242424
hpmcounter5,jump,seed7,177,3250.5636363636363
hpmcounter5,jump,seed7,178,3251.3030303030305
hpmcounter5,jump,seed7,179,3253.8545454545456
hpmcounter5,jump,seed7,180,3255.939393939394
hpmcounter5,jump,seed7,181,3258.9151515151516
hpmcounter5,jump,seed7,182,3259.181818181818
hpmcounter5,jump,seed7,183,3260.2909090909093
hpmcounter5,jump,seed7,184,3259.848484848485
hpmcounter5,jump,seed7,185,3261.539393939394
hpmcounter5,jump,seed7,186,3262.7818181818184
hpmcounter5,jump,seed7,187,3263.866666666667
hpmcounter5,jump,seed7,188,3262.0969696969696
hpmcounter5,jump,seed7,189,3262.2181818181816
hpmcounter5,jump,seed7,190,3263.193939393939
hpmcounter5,jump,seed7,191,3265.4
hpmcounter5,jump,seed7,192,3264.89696969697
hpmcounter5,jump,seed7,193,3266.418181818182
hpmcounter5,jump,seed7,194,3265.3454545454547
hpmcounter5,jump,seed7,195,3265.927272727273
hpmcounter5,jump,seed7,196,3262.448484848485
hpmcounter5,jump,seed7,197,3261.9151515151516
hpmcounter5,jump,seed7,198,3257.8727272727274
hpmcounter5,jump,seed7,199,3255.2909090909093
hpmcounter5,jump,seed7,200,3252.29696969697
hpmcounter5,jump,seed7,201,3254.6363636363635
hpmcounter5,jump,seed7,202,3257.2727272727275
hpmcounter5,jump,seed7,203,3262.2363636363634
hpmcounter5,jump,seed7,204,3265.309090909091
hpmcounter5,jump,seed7,205,3268.7939393939396
hpmcounter5,jump,seed7,206,3270.5575757575757
hpmcounter5,jump,seed7,207,3269.6545454545453
hpmcounter5,jump,seed7,208,3266.2363636363634
hpmcounter5,jump,seed7,209,3264.7636363636366
hpmcounter5,jump,seed7,210,3261.775757575758
hpmcounter5,jump,seed7,211,3261.0666666666666
hpmcounter5,jump,seed7,212,3260.612121212121
hpmcounter5,jump,seed7,213,3261.5333333333333
hpmcounter5,jump,seed7,214,3262.309090909091
hpmcounter5,jump,seed7,215,3260.7515151515154
hpmcounter5,jump,seed7,216,3258.3454545454547
hpmcounter5,jump,seed7,217,3252.0666666666666
hpmcounter5,jump,seed7,218,3247.9939393939394
hpmcounter5,jump,seed7,219,3248.9333333333334
hpmcounter5,jump,seed7,220,3250.987878787879
hpmcounter5,jump,seed7,221,3251.806060606061
hpmcounter5,jump,seed7,222,3252.8848484848486
hpmcounter5,jump,seed7,223,3254.460606060606
hpmcounter5,jump,seed7,224,3258.8
hpmcounter5,jump,seed7,225,3263.163636363636
hpmcounter5,jump,seed7,226,3264.242424242424
hpmcounter5,jump,seed7,227,3260.3757575757577
hpmcounter5,jump,seed7,228,3258.072727272727
hpmcounter5,jump,seed7,229,3257.8
hpmcounter5,jump,seed7,230,3256.4848484848485
hpmcounter5,jump,seed7,231,3254.10303030303
hpmcounter5,jump,seed7,232,3254.5636363636363
hpmcounter5,jump,seed7,233,3255.733333333333
hpmcounter5,jump,seed7,234,3259.327272727273
hpmcounter5,jump,seed7,235,3265.0060606060606
hpmcounter5,jump,seed7,236,3272.5878787878787
hpmcounter5,jump,seed7,237,3274.987878787879
hpmcounter5,jump,seed7,238,3276.2484848484846
hpmcounter5,jump,seed7,239,3274.6666666666665
hpmcounter5,jump,seed7,240,3270.0
hpmcounter5,jump,seed7,241,3263.242424242424
hpmcounter5,jump,seed7,242,3261.1757575757574
hpmcounter5,jump,seed7,243,3260.2
hpmcounter5,jump,seed7,244,3260.369696969697
hpmcounter5,jump,seed7,245,3277.4545454545455
hpmcounter5,jump,seed7,246,3310.6787878787877
hpmcounter5,jump,seed7,247,3349.7272727272725
hpmcounter5,jump,seed7,248,3392.7272727272725
hpmcounter5,jump,seed7,249,3420.4848484848485
hpmcounter5,jump,seed7,250,3433.3636363636365
hpmcounter5,jump,seed7,251,3432.109090909091
hpmcounter5,jump,seed7,252,3416.690909090909
hpmcounter5,jump,seed7,253,3386.769696969697
hpmcounter5,jump,seed7,254,3341.109090909091
hpmcounter5,jump,seed7,255,3302.7272727272725
hpmcounter5,jump,seed7,256,3275.072727272727
hpmcounter5,jump,seed7,257,3258.2484848484846
hpmcounter5,jump,seed7,258,3256.927272727273
hpmcounter5,jump,seed7,259,3255.0
hpmcounter5,jump,seed7,260,3252.8545454545456
hpmcounter5,jump,seed7,261,3252.181818181818
hpmcounter5,jump,seed7,262,3251.2060606060604
hpmcounter5,jump,seed7,263,3251.8242424242426
hpmcounter5,jump,seed7,264,3250.4121212121213
hpmcounter5,jump,seed7,265,3249.6787878787877
hpmcounter5,jump,seed7,266,3249.2545454545457
hpmcounter5,jump,seed7,267,3248.775757575758
hpmcounter5,jump,seed7,268,3250.072727272727
hpmcounter5,jump,seed7,269,3248.630303030303
hpmcounter5,jump,seed7,270,3248.806060606061
hpmcounter5,jump,seed7,271,3247.8121212121214
hpmcounter5,jump,seed7,272,3247.030303030303
hpmcounter5,jump,seed7,273,3247.927272727273
hpmcounter5,jump,seed7,274,3247.7393939393937
hpmcounter5,jump,seed7,275,3247.8
hpmcounter5,jump,seed7,276,3248.987878787879
hpmcounter5,jump,seed7,277,3249.642424242424
hpmcounter5,jump,seed7,278,3251.278787878788
hpmcounter5,jump,seed7,279,3249.5636363636363
hpmcounter5,jump,seed7,280,3247.89696969697
hpmcounter5,jump,seed7,281,3245.8
hpmcounter5,jump,seed7,282,3242.8424242424244
hpmcounter5,jump,seed7,283,3242.460606060606
hpmcounter5,jump,seed7,284,3239.866666666667
hpmcounter5,jump,seed7,285,3240.0969696969696
hpmcounter5,jump,seed7,286,3242.957575757576
hpmcounter5,jump,seed7,287,3248.2606060606063
hpmcounter5,jump,seed7,288,3251.5575757575757
hpmcounter5,jump,seed7,289,3254.836363636364
hpmcounter5,jump,seed7,290,3257.139393939394
hpmcounter5,jump,seed7,291,3259.3939393939395
hpmcounter5,jump,seed7,292,3259.878787878788
hpmcounter5,jump,seed7,293,3261.078787878788
hpmcounter5,jump,seed7,294,3262.10303030303
hpmcounter5,jump,seed7,295,3264.612121212121
hpmcounter5,jump,seed7,296,3263.9636363636364
hpmcounter5,jump,seed7,297,3266.939393939394
hpmcounter5,jump,seed7,298,3266.3515151515153
hpmcounter5,jump,seed8,9,3256.836363636364
hpmcounter5,jump,seed8,10,3254.3212121212123
hpmcounter5,jump,seed8,11,3249.8545454545456
hpmcounter5,jump,seed8,12,3247.4242424242425
hpmcounter5,jump,seed8,13,3246.7454545454543
hpmcounter5,jump,seed8,14,3246.151515151515
hpmcounter5,jump,seed8,15,3245.357575757576
hpmcounter5,jump,seed8,16,3243.612121212121
hpmcounter5,jump,seed8,17,3245.4060606060607
hpmcounter5,jump,seed8,18,3249.0060606060606
hpmcounter5,jump,seed8,19,3255.2363636363634
hpmcounter5,jump,seed8,20,3261.5030303030303
hpmcounter5,jump,seed8,21,3265.951515151515
hpmcounter5,jump,seed8,22,3269.5757575757575
hpmcounter5,jump,seed8,23,3272.4727272727273
hpmcounter5,jump,seed8,24,3273.509090909091
hpmcounter5,jump,seed8,25,3272.4363636363637
hpmcounter5,jump,seed8,26,3268.909090909091
hpmcounter5,jump,seed8,27,3265.7636363636366
hpmcounter5,jump,seed8,28,3262.836363636364
hpmcounter5,jump,seed8,29,3262.860606060606
hpmcounter5,jump,seed8,30,3265.4121212121213
hpmcounter5,jump,seed8,31,3267.278787878788
hpmcounter5,jump,seed8,32,3266.70303030303
hpmcounter5,jump,seed8,33,3264.9151515151516
hpmcounter5,jump,seed8,34,3263.9333333333334
hpmcounter5,jump,seed8,35,3261.29696969697
hpmcounter5,jump,seed8,36,3258.4666666666667
hpmcounter5,jump,seed8,37,3256.1454545454544
hpmcounter5,jump,seed8,38,3252.818181818182
hpmcounter5,jump,seed8,39,3251.072727272727
hpmcounter5,jump,seed8,40,3252.121212121212
hpmcounter5,jump,seed8,41,3256.460606060606
hpmcounter5,jump,seed8,42,3257.309090909091
hpmcounter5,jump,seed8,43,3258.193939393939
hpmcounter5,jump,seed8,44,3259.212121212121
hpmcounter5,jump,seed8,45,3257.7393939393937
hpmcounter5,jump,seed8,46,3257.163636363636
hpmcounter5,jump,seed8,47,3260.4363636363637
hpmcounter5,jump,seed8,48,3263.2606060606063
hpmcounter5,jump,seed8,49,3264.448484848485
hpmcounter5,jump,seed8,50,3267.230303030303
hpmcounter5,jump,seed8,51,3271.987878787879
hpmcounter5,jump,seed8,52,3272.072727272727
hpmcounter5,jump,seed8,53,3272.6848484848483
hpmcounter5,jump,seed8,54,3273.0060606060606
hpmcounter5,jump,seed8,55,3269.6060606060605
hpmcounter5,jump,seed8,56,3283.4666666666667
hpmcounter5,jump,seed8,57,3309.969696969697
hpmcounter5,jump,seed8,58,3344.048484848485
hpmcounter5,jump,seed8,59,3369.5575757575757
hpmcounter5,jump,seed8,60,3388.6787878787877
hpmcounter5,jump,seed8,61,3412.448484848485
hpmcounter5,jump,seed8,62,3434.7939393939396
hpmcounter5,jump,seed8,63,3437.9939393939394
hpmcounter5,jump,seed8,64,3424.133333333333
hpmcounter5,jump,seed8,65,3391.2
hpmcounter5,jump,seed8,66,3363.8727272727274
hpmcounter5,jump,seed8,67,3341.1151515151514
hpmcounter5,jump,seed8,68,3324.181818181818
hpmcounter5,jump,seed8,69,3302.030303030303
hpmcounter5,jump,seed8,70,3274.224242424242
hpmcounter5,jump,seed8,71,3257.0545454545454
hpmcounter5,jump,seed8,72,3257.309090909091
hpmcounter5,jump,seed8,73,3257.89696969697
hpmcounter5,jump,seed8,74,3256.921212121212
hpmcounter5,jump,seed8,75,3253.4
hpmcounter5,jump,seed8,76,3252.581818181818
hpmcounter5,jump,seed8,77,3268.7090909090907
hpmcounter5,jump,seed8,78,3283.860606060606
hpmcounter5,jump,seed8,79,3295.6787878787877
hpmcounter5,jump,seed8,80,3303.4363636363637
hpmcounter5,jump,seed8,81,3307.339393939394
hpmcounter5,jump,seed8,82,3307.430303030303
hpmcounter5,jump,seed8,83,3305.4545454545455
hpmcounter5,jump,seed8,84,3299.6545454545453
hpmcounter5,jump,seed8,85,3287.8848484848486
hpmcounter5,jump,seed8,86,3269.2909090909093
hpmcounter5,jump,seed8,87,3266.490909090909
hpmcounter5,jump,seed8,88,3265.8727272727274
hpmcounter5,jump,seed8,89,3264.775757575758
hpmcounter5,jump,seed8,90,3262.0545454545454
hpmcounter5,jump,seed8,91,3260.448484848485
hpmcounter5,jump,seed8,92,3258.70303030303
hpmcounter5,jump,seed8,93,3258.8424242424244
hpmcounter5,jump,seed8,94,3257.9454545454546
hpmcounter5,jump,seed8,95,3256.581818181818
hpmcounter5,jump,seed8,96,3254.7515151515154
hpmcounter5,jump,seed8,97,3256.2
hpmcounter5,jump,seed8,98,3256.3636363636365
hpmcounter5,jump,seed8,99,3257.733333333333
hpmcounter5,jump,seed8,100,3257.9939393939394
hpmcounter5,jump,seed8,101,3256.5878787878787
hpmcounter5,jump,seed8,102,3256.0545454545454
hpmcounter5,jump,seed8,103,3259.848484848485
hpmcounter5,jump,seed8,104,3262.0363636363636
hpmcounter5,jump,seed8,105,3262.448484848485
hpmcounter5,jump,seed8,106,3265.030303030303
hpmcounter5,jump,seed8,107,3268.660606060606
hpmcounter5,jump,seed8,108,3268.5333333333333
hpmcounter5,jump,seed8,109,3267.581818181818
hpmcounter5,jump,seed8,110,3265.133333333333
hpmcounter5,jump,seed8,111,3260.369696969697
hpmcounter5,jump,seed8,112,3255.109090909091
hpmcounter5,jump,seed8,113,3254.139393939394
hpmcounter5,jump,seed8,114,3254.987878787879
hpmcounter5,jump,seed8,115,3255.757575757576
hpmcounter5,jump,seed8,116,3256.3151515151517
hpmcounter5,jump,seed8,117,3257.4242424242425
hpmcounter5,jump,seed8,118,3260.787878787879
hpmcounter5,jump,seed8,119,3263.0363636363636
hpmcounter5,jump,seed8,120,3264.509090909091
hpmcounter5,jump,seed8,121,3264.733333333333
hpmcounter5,jump,seed8,122,3265.3151515151517
hpmcounter5,jump,seed8,123,3265.4060606060607
hpmcounter5,jump,seed8,124,3266.6363636363635
hpmcounter5,jump,seed8,125,3265.939393939394
hpmcounter5,jump,seed8,126,3261.224242424242
hpmcounter5,jump,seed8,127,3257.909090909091
hpmcounter5,jump,seed8,128,3256.5939393939393
hpmcounter5,jump,seed8,129,3252.521212121212
hpmcounter5,jump,seed8,130,3249.848484848485
hpmcounter5,jump,seed8,131,3249.224242424242
hpmcounter5,jump,seed8,132,3251.10303030303
hpmcounter5,jump,seed8,133,3254.109090909091
hpmcounter5,jump,seed8,134,3258.357575757576
hpmcounter5,jump,seed8,135,3259.521212121212
hpmcounter5,jump,seed8,136,3259.212121212121
hpmcounter5,jump,seed8,137,3262.806060606061
hpmcounter5,jump,seed8,138,3280.733333333333
hpmcounter5,jump,seed8,139,3306.339393939394
hpmcounter5,jump,seed8,140,3338.6969696969695
hpmcounter5,jump,seed8,141,3376.70303030303
hpmcounter5,jump,seed8,142,3419.8242424242426
hpmcounter5,jump,seed8,143,3464.072727272727
hpmcounter5,jump,seed8,144,3505.6060606060605
hpmcounter5,jump,seed8,145,3536.1272727272726
hpmcounter5,jump,seed8,146,3537.630303030303
hpmcounter5,jump,seed8,147,3513.9333333333334
hpmcounter5,jump,seed8,148,3481.6848484848483
hpmcounter5,jump,seed8,149,3441.9757575757576
hpmcounter5,jump,seed8,150,3398.0848484848484
hpmcounter5,jump,seed8,151,3366.5757575757575
hpmcounter5,jump,seed8,152,3354.3757575757577
hpmcounter5,jump,seed8,153,3361.3636363636365
hpmcounter5,jump,seed8,154,3388.521212121212
hpmcounter5,jump,seed8,155,3432.242424242424
hpmcounter5,jump,seed8,156,3472.133333333333
hpmcounter5,jump,seed8,157,3507.072727272727
hpmcounter5,jump,seed8,158,3535.957575757576
hpmcounter5,jump,seed8,159,3554.3636363636365
hpmcounter5,jump,seed8,160,3557.0060606060606
hpmcounter5,jump,seed8,161,3560.3454545454547
hpmcounter5,jump,seed8,162,3561.642424242424
hpmcounter5,jump,seed8,163,3560.7393939393937
hpmcounter5,jump,seed8,164,3559.939393939394
hpmcounter5,jump,seed8,165,3560.1454545454544
hpmcounter5,jump,seed8,166,3560.7454545454543
hpmcounter5,jump,seed8,167,3559.3636363636365
hpmcounter5,jump,seed8,168,3560.3757575757577
hpmcounter5,jump,seed8,169,3560.787878787879
hpmcounter5,jump,seed8,170,3562.2484848484846
hpmcounter5,jump,seed8,171,3567.2181818181816
hpmcounter5,jump,seed8,172,3551.7090909090907
hpmcounter5,jump,seed8,173,3519.7939393939396
hpmcounter5,jump,seed8,174,3474.6060606060605
hpmcounter5,jump,seed8,175,3422.6363636363635
hpmcounter5,jump,seed8,176,3372.1151515151514
hpmcounter5,jump,seed8,177,3322.357575757576
hpmcounter5,jump,seed8,178,3282.3454545454547
hpmcounter5,jump,seed8,179,3251.230303030303
hpmcounter5,jump,seed8,180,3238.581818181818
hpmcounter5,jump,seed8,181,3245.109090909091
hpmcounter5,jump,seed8,182,3248.9030303030304
hpmcounter5,jump,seed8,183,3256.539393939394
hpmcounter5,jump,seed8,184,3262.278787878788
hpmcounter5,jump,seed8,185,3267.2060606060604
hpmcounter5,jump,seed8,186,3268.5272727272727
hpmcounter5,jump,seed8,187,3267.151515151515
hpmcounter5,jump,seed8,188,3266.29696969697
hpmcounter5,jump,seed8,189,3263.0848484848484
hpmcounter5,jump,seed8,190,3260.0363636363636
hpmcounter5,jump,seed8,191,3256.5636363636363
hpmcounter5,jump,seed8,192,3251.3151515151517
hpmcounter5,jump,seed8,193,3250.927272727273
hpmcounter5,jump,seed8,194,3251.430303030303
hpmcounter5,jump,seed8,195,3254.2848484848487
hpmcounter5,jump,seed8,196,3256.6060606060605
hpmcounter5,jump,seed8,197,3257.1757575757574
hpmcounter5,jump,seed8,198,3258.660606060606
hpmcounter5,jump,seed8,199,3259.521212121212
hpmcounter5,jump,seed8,200,3259.3212121212123
hpmcounter5,jump,seed8,201,3257.987878787879
hpmcounter5,jump,seed8,202,3259.3454545454547
hpmcounter5,jump,seed8,203,3260.3151515151517
hpmcounter5,jump,seed8,204,3262.6060606060605
hpmcounter5,jump,seed8,205,3264.951515151515
hpmcounter5,jump,seed8,206,3270.5151515151515
hpmcounter5,jump,seed8,207,3271.2848484848487
hpmcounter5,jump,seed8,208,3269.1454545454544
hpmcounter5,jump,seed8,209,3266.193939393939
hpmcounter5,jump,seed8,210,3261.163636363636
hpmcounter5,jump,seed8,211,3258.151515151515
hpmcounter5,jump,seed8,212,3257.969696969697
hpmcounter5,jump,seed8,213,3257.5757575757575
hpmcounter5,jump,seed8,214,3257.448484848485
hpmcounter5,jump,seed8,215,3259.5757575757575
hpmcounter5,jump,seed8,216,3264.9636363636364
hpmcounter5,jump,seed8,217,3268.6181818181817
hpmcounter5,jump,seed8,218,3269.5757575757575
hpmcounter5,jump,seed8,219,3269.5575757575757
hpmcounter5,jump,seed8,220,3264.9333333333334
hpmcounter5,jump,seed8,221,3262.018181818182
hpmcounter5,jump,seed8,222,3258.1878787878786
hpmcounter5,jump,seed8,223,3253.539393939394
hpmcounter5,jump,seed8,224,3249.0848484848484
hpmcounter5,jump,seed8,225,3245.327272727273
hpmcounter5,jump,seed8,226,3243.3454545454547
hpmcounter5,jump,seed8,227,3242.3636363636365
hpmcounter5,jump,seed8,228,3243.951515151515
hpmcounter5,jump,seed8,229,3246.478787878788
hpmcounter5,jump,seed8,230,3247.121212121212
hpmcounter5,jump,seed8,231,3247.0969696969696
hpmcounter5,jump,seed8,232,3246.4121212121213
hpmcounter5,jump,seed8,233,3245.2363636363634
hpmcounter5,jump,seed8,234,3244.357575757576
hpmcounter5,jump,seed8,235,3243.4060606060607
hpmcounter5,jump,seed8,236,3243.163636363636
hpmcounter5,jump,seed8,237,3242.10303030303
hpmcounter5,jump,seed8,238,3243.630303030303
hpmcounter5,jump,seed8,239,3244.642424242424
hpmcounter5,jump,seed8,240,3247.987878787879
hpmcounter5,jump,seed8,241,3248.6363636363635
hpmcounter5,jump,seed8,242,3248.3454545454547
hpmcounter5,jump,seed8,243,3249.642424242424
hpmcounter5,jump,seed8,244,3265.4545454545455
hpmcounter5,jump,seed8,245,3277.2484848484846
hpmcounter5,jump,seed8,246,3285.2060606060604
hpmcounter5,jump,seed8,247,3293.193939393939
hpmcounter5,jump,seed8,248,3295.830303030303
hpmcounter5,jump,seed8,249,3294.4969696969697
hpmcounter5,jump,seed8,250,3290.8848484848486
hpmcounter5,jump,seed8,251,3284.5333333333333
hpmcounter5,jump,seed8,252,3276.4
hpmcounter5,jump,seed8,253,3264.8121212121214
hpmcounter5,jump,seed8,254,3266.9030303030304
hpmcounter5,jump,seed8,255,3267.339393939394
hpmcounter5,jump,seed8,256,3264.7818181818184
hpmcounter5,jump,seed8,257,3264.309090909091
hpmcounter5,jump,seed8,258,3261.10303030303
hpmcounter5,jump,seed8,259,3259.3333333333335
hpmcounter5,jump,seed8,260,3253.9151515151516
hpmcounter5,jump,seed8,261,3249.939393939394
hpmcounter5,jump,seed8,262,3250.9939393939394
hpmcounter5,jump,seed8,263,3251.4363636363637
hpmcounter5,jump,seed8,264,3251.7818181818184
hpmcounter5,jump,seed8,265,3256.3030303030305
hpmcounter5,jump,seed8,266,3260.5272727272727
hpmcounter5,jump,seed8,267,3264.478787878788
hpmcounter5,jump,seed8,268,3269.3939393939395
hpmcounter5,jump,seed8,269,3274.2727272727275
hpmcounter5,jump,seed8,270,3276.242424242424
hpmcounter5,jump,seed8,271,3274.5575757575757
hpmcounter5,jump,seed8,272,3271.909090909091
hpmcounter5,jump,seed8,273,3266.4727272727273
hpmcounter5,jump,seed8,274,3258.5272727272727
hpmcounter5,jump,seed8,275,3253.3636363636365
hpmcounter5,jump,seed8,276,3249.4848484848485
hpmcounter5,jump,seed8,277,3246.7393939393937
hpmcounter5,jump,seed8,278,3247.569696969697
hpmcounter5,jump,seed8,279,3248.327272727273
hpmcounter5,jump,seed8,280,3252.030303030303
hpmcounter5,jump,seed8,281,3255.309090909091
hpmcounter5,jump,seed8,282,3256.7090909090907
hpmcounter5,jump,seed8,283,3257.090909090909
hpmcounter5,jump,seed8,284,3255.224242424242
hpmcounter5,jump,seed8,285,3252.212121212121
hpmcounter5,jump,seed8,286,3251.478787878788
hpmcounter5,jump,seed8,287,3251.7090909090907
hpmcounter5,jump,seed8,288,3252.8424242424244
hpmcounter5,jump,seed8,289,3254.3818181818183
hpmcounter5,jump,seed8,290,3256.121212121212
hpmcounter5,jump,seed8,291,3259.242424242424
hpmcounter5,jump,seed8,292,3261.9030303030304
hpmcounter5,jump,seed8,293,3263.969696969697
hpmcounter5,jump,seed8,294,3263.8242424242426
hpmcounter5,jump,seed8,295,3262.0545454545454
hpmcounter5,jump,seed8,296,3259.836363636364
hpmcounter5,jump,seed8,297,3259.551515151515
hpmcounter5,jump,seed8,298,3257.9757575757576
hpmcounter5,jump,seed9,9,3255.70303030303
hpmcounter5,jump,seed9,10,3252.327272727273
hpmcounter5,jump,seed9,11,3248.2
hpmcounter5,jump,seed9,12,3248.569696969697
hpmcounter5,jump,seed9,13,3248.048484848485
hpmcounter5,jump,seed9,14,3247.7454545454543
hpmcounter5,jump,seed9,15,3247.478787878788
hpmcounter5,jump,seed9,16,3246.090909090909
hpmcounter5,jump,seed9,17,3249.6969696969695
hpmcounter5,jump,seed9,18,3255.7515151515154
hpmcounter5,jump,seed9,19,3263.860606060606
hpmcounter5,jump,seed9,20,3269.2484848484846
hpmcounter5,jump,seed9,21,3272.4242424242425
hpmcounter5,jump,seed9,22,3274.70303030303
hpmcounter5,jump,seed9,23,3275.357575757576
hpmcounter5,jump,seed9,24,3273.8
hpmcounter5,jump,seed9,25,3267.6484848484847
hpmcounter5,jump,seed9,26,3258.6060606060605
hpmcounter5,jump,seed9,27,3250.6787878787877
hpmcounter5,jump,seed9,28,3244.0666666666666
hpmcounter5,jump,seed9,29,3243.121212121212
hpmcounter5,jump,seed9,30,3245.9939393939394
hpmcounter5,jump,seed9,31,3249.5272727272727
hpmcounter5,jump,seed9,32,3251.612121212121
hpmcounter5,jump,seed9,33,3254.3818181818183
hpmcounter5,jump,seed9,34,3256.9151515151516
hpmcounter5,jump,seed9,35,3257.478787878788
hpmcounter5,jump,seed9,36,3256.327272727273
hpmcounter5,jump,seed9,37,3254.690909090909
hpmcounter5,jump,seed9,38,3251.757575757576
hpmcounter5,jump,seed9,39,3249.0
hpmcounter5,jump,seed9,40,3249.6181818181817
hpmcounter5,jump,seed9,41,3253.7818181818184
hpmcounter5,jump,seed9,42,3255.0060606060606
hpmcounter5,jump,seed9,43,3257.5272727272727
hpmcounter5,jump,seed9,44,3258.769696969697
hpmcounter5,jump,seed9,45,3258.581818181818
hpmcounter5,jump,seed9,46,3258.387878787879
hpmcounter5,jump,seed9,47,3259.030303030303
hpmcounter5,jump,seed9,48,3261.3818181818183
hpmcounter5,jump,seed9,49,3260.878787878788
hpmcounter5,jump,seed9,50,3261.6787878787877
hpmcounter5,jump,seed9,51,3265.2606060606063
hpmcounter5,jump,seed9,52,3265.569696969697
hpmcounter5,jump,seed9,53,3266.5575757575757
hpmcounter5,jump,seed9,54,3266.5878787878787
hpmcounter5,jump,seed9,55,3263.830303030303
hpmcounter5,jump,seed9,56,3260.2484848484846
hpmcounter5,jump,seed9,57,3257.89696969697
hpmcounter5,jump,seed9,58,3257.5454545454545
hpmcounter5,jump,seed9,59,3256.3818181818183
hpmcounter5,jump,seed9,60,3256.8424242424244
hpmcounter5,jump,seed9,61,3257.4121212121213
hpmcounter5,jump,seed9,62,3256.109090909091
hpmcounter5,jump,seed9,63,3253.909090909091
hpmcounter5,jump,seed9,64,3256.309090909091
hpmcounter5,jump,seed9,65,3259.012121212121
hpmcounter5,jump,seed9,66,3258.672727272727
hpmcounter5,jump,seed9,67,3259.951515151515
hpmcounter5,jump,seed9,68,3264.478787878788
hpmcounter5,jump,seed9,69,3270.29696969697
hpmcounter5,jump,seed9,70,3274.6242424242423
hpmcounter5,jump,seed9,71,3274.836363636364
hpmcounter5,jump,seed9,72,3273.9939393939394
hpmcounter5,jump,seed9,73,3270.2848484848487
hpmcounter5,jump,seed9,74,3269.6545454545453
hpmcounter5,jump,seed9,75,3267.581818181818
hpmcounter5,jump,seed9,76,3278.4666666666667
hpmcounter5,jump,seed9,77,3300.9030303030304
hpmcounter5,jump,seed9,78,3334.266666666667
hpmcounter5,jump,seed9,79,3377.8727272727274
hpmcounter5,jump,seed9,80,3408.7151515151513
hpmcounter5,jump,seed9,81,3424.7818181818184
hpmcounter5,jump,seed9,82,3430.818181818182
hpmcounter5,jump,seed9,83,3420.1757575757574
hpmcounter5,jump,seed9,84,3394.5939393939393
hpmcounter5,jump,seed9,85,3351.5030303030303
hpmcounter5,jump,seed9,86,3310.4424242424243
hpmcounter5,jump,seed9,87,3276.787878787879
hpmcounter5,jump,seed9,88,3253.181818181818
hpmcounter5,jump,seed9,89,3248.9454545454546
hpmcounter5,jump,seed9,90,3245.6969696969695
hpmcounter5,jump,seed9,91,3242.987878787879
hpmcounter5,jump,seed9,92,3245.987878787879
hpmcounter5,jump,seed9,93,3249.6848484848483
hpmcounter5,jump,seed9,94,3254.4969696969697
hpmcounter5,jump,seed9,95,3259.0666666666666
hpmcounter5,jump,seed9,96,3260.4727272727273
hpmcounter5,jump,seed9,97,3262.9151515151516
hpmcounter5,jump,seed9,98,3264.860606060606
hpmcounter5,jump,seed9,99,3266.5030303030303
hpmcounter5,jump,seed9,100,3267.7090909090907
hpmcounter5,jump,seed9,101,3268.7515151515154
hpmcounter5,jump,seed9,102,3271.224242424242
hpmcounter5,jump,seed9,103,3272.0363636363636
hpmcounter5,jump,seed9,104,3272.357575757576
hpmcounter5,jump,seed9,105,3271.6484848484847
hpmcounter5,jump,seed9,106,3267.4121212121213
hpmcounter5,jump,seed9,107,3265.048484848485
hpmcounter5,jump,seed9,108,3262.4545454545455
hpmcounter5,jump,seed9,109,3259.266666666667
hpmcounter5,jump,seed9,110,3256.4848484848485
hpmcounter5,jump,seed9,111,3256.0
hpmcounter5,jump,seed9,112,3258.769696969697
hpmcounter5,jump,seed9,113,3261.9333333333334
hpmcounter5,jump,seed9,114,3265.2606060606063
hpmcounter5,jump,seed9,115,3267.5333333333333
hpmcounter5,jump,seed9,116,3268.048484848485
hpmcounter5,jump,seed9,117,3266.9454545454546
hpmcounter5,jump,seed9,118,3263.9151515151516
hpmcounter5,jump,seed9,119,3259.048484848485
hpmcounter5,jump,seed9,120,3257.1454545454544
hpmcounter5,jump,seed9,121,3253.70303030303
hpmcounter5,jump,seed9,122,3250.5939393939393
hpmcounter5,jump,seed9,123,3249.5939393939393
hpmcounter5,jump,seed9,124,3250.4545454545455
hpmcounter5,jump,seed9,125,3251.1575757575756
hpmcounter5,jump,seed9,126,3255.9030303030304
hpmcounter5,jump,seed9,127,3260.133333333333
hpmcounter5,jump,seed9,128,3266.042424242424
hpmcounter5,jump,seed9,129,3266.1272727272726
hpmcounter5,jump,seed9,130,3269.5878787878787
hpmcounter5,jump,seed9,131,3270.630303030303
hpmcounter5,jump,seed9,132,3266.8545454545456
hpmcounter5,jump,seed9,133,3263.70303030303
hpmcounter5,jump,seed9,134,3260.878787878788
hpmcounter5,jump,seed9,135,3255.721212121212
hpmcounter5,jump,seed9,136,3253.4666666666667
hpmcounter5,jump,seed9,137,3250.3636363636365
hpmcounter5,jump,seed9,138,3250.5575757575757
hpmcounter5,jump,seed9,139,3249.3454545454547
hpmcounter5,jump,seed9,140,3250.369696969697
hpmcounter5,jump,seed9,141,3252.8242424242426
hpmcounter5,jump,seed9,142,3254.787878787879
hpmcounter5,jump,seed9,143,3258.2848484848487
hpmcounter5,jump,seed9,144,3259.224242424242
hpmcounter5,jump,seed9,145,3258.951515151515
hpmcounter5,jump,seed9,146,3260.909090909091
hpmcounter5,jump,seed9,147,3262.5757575757575
hpmcounter5,jump,seed9,148,3260.866666666667
hpmcounter5,jump,seed9,149,3261.163636363636
hpmcounter5,jump,seed9,150,3261.5878787878787
hpmcounter5,jump,seed9,151,3278.478787878788
hpmcounter5,jump,seed9,152,3307.3030303030305
hpmcounter5,jump,seed9,153,3345.6545454545453
hpmcounter5,jump,seed9,154,3386.9454545454546
hpmcounter5,jump,seed9,155,3428.9636363636364
hpmcounter5,jump,seed9,156,3469.7939393939396
hpmcounter5,jump,seed9,157,3506.5878787878787
hpmcounter5,jump,seed9,158,3533.769696969697
hpmcounter5,jump,seed9,159,3550.6484848484847
hpmcounter5,jump,seed9,160,3549.3818181818183
hpmcounter5,jump,seed9,161,3551.8242424242426
hpmcounter5,jump,seed9,162,3552.8242424242426
hpmcounter5,jump,seed9,163,3552.0666666666666
hpmcounter5,jump,seed9,164,3551.4
hpmcounter5,jump,seed9,165,3551.8424242424244
hpmcounter5,jump,seed9,166,3553.1757575757574
hpmcounter5,jump,seed9,167,3551.7515151515154
hpmcounter5,jump,seed9,168,3551.6545454545453
hpmcounter5,jump,seed9,169,3550.133333333333
hpmcounter5,jump,seed9,170,3546.139393939394
hpmcounter5,jump,seed9,171,3544.109090909091
hpmcounter5,jump,seed9,172,3542.6363636363635
hpmcounter5,jump,seed9,173,3539.2606060606063
hpmcounter5,jump,seed9,174,3535.3454545454547
hpmcounter5,jump,seed9,175,3519.2484848484846
hpmcounter5,jump,seed9,176,3492.866666666667
hpmcounter5,jump,seed9,177,3458.169696969697
hpmcounter5,jump,seed9,178,3418.733333333333
hpmcounter5,jump,seed9,179,3373.278787878788
hpmcounter5,jump,seed9,180,3331.278787878788
hpmcounter5,jump,seed9,181,3295.7939393939396
hpmcounter5,jump,seed9,182,3270.29696969697
hpmcounter5,jump,seed9,183,3255.8242424242426
hpmcounter5,jump,seed9,184,3258.0666666666666
hpmcounter5,jump,seed9,185,3261.733333333333
hpmcounter5,jump,seed9,186,3263.2545454545457
hpmcounter5,jump,seed9,187,3264.1757575757574
hpmcounter5,jump,seed9,188,3264.2909090909093
hpmcounter5,jump,seed9,189,3260.818181818182
hpmcounter5,jump,seed9,190,3258.309090909091
hpmcounter5,jump,seed9,191,3255.878787878788
hpmcounter5,jump,seed9,192,3270.6484848484847
hpmcounter5,jump,seed9,193,3284.2181818181816
hpmcounter5,jump,seed9,194,3313.460606060606
hpmcounter5,jump,seed9,195,3334.8727272727274
hpmcounter5,jump,seed9,196,3350.3454545454547
hpmcounter5,jump,seed9,197,3356.848484848485
hpmcounter5,jump,seed9,198,3352.9636363636364
hpmcounter5,jump,seed9,199,3341.2
hpmcounter5,jump,seed9,200,3320.6181818181817
hpmcounter5,jump,seed9,201,3290.4666666666667
hpmcounter5,jump,seed9,202,3276.1272727272726
hpmcounter5,jump,seed9,203,3259.8727272727274
hpmcounter5,jump,seed9,204,3263.224242424242
hpmcounter5,jump,seed9,205,3267.230303030303
hpmcounter5,jump,seed9,206,3272.29696969697
hpmcounter5,jump,seed9,207,3275.0060606060606
hpmcounter5,jump,seed9,208,3274.387878787879
hpmcounter5,jump,seed9,209,3273.339393939394
hpmcounter5,jump,seed9,210,3269.1272727272726
hpmcounter5,jump,seed9,211,3262.2363636363634
hpmcounter5,jump,seed9,212,3258.072727272727
hpmcounter5,jump,seed9,213,3252.242424242424
hpmcounter5,jump,seed9,214,3250.0969696969696
hpmcounter5,jump,seed9,215,3252.0
hpmcounter5,jump,seed9,216,3253.1151515151514
hpmcounter5,jump,seed9,217,3253.733333333333
hpmcounter5,jump,seed9,218,3257.2363636363634
hpmcounter5,jump,seed9,219,3261.3636363636365
hpmcounter5,jump,seed9,220,3264.927272727273
hpmcounter5,jump,seed9,221,3266.6181818181817
hpmcounter5,jump,seed9,222,3268.3939393939395
hpmcounter5,jump,seed9,223,3268.7393939393937
hpmcounter5,jump,seed9,224,3265.909090909091
hpmcounter5,jump,seed9,225,3266.181818181818
hpmcounter5,jump,seed9,226,3265.551515151515
hpmcounter5,jump,seed9,227,3266.0666666666666
hpmcounter5,jump,seed9,228,3269.927272727273
hpmcounter5,jump,seed9,229,3274.8242424242426
hpmcounter5,jump,seed9,230,3278.090909090909
hpmcounter5,jump,seed9,231,3277.9636363636364
hpmcounter5,jump,seed9,232,3275.9151515151516
hpmcounter5,jump,seed9,233,3271.6484848484847
hpmcounter5,jump,seed9,234,3263.309090909091
hpmcounter5,jump,seed9,235,3258.490909090909
hpmcounter5,jump,seed9,236,3254.630303030303
hpmcounter5,jump,seed9,237,3252.2606060606063
hpmcounter5,jump,seed9,238,3253.0545454545454
hpmcounter5,jump,seed9,239,3255.3333333333335
hpmcounter5,jump,seed9,240,3256.7151515151513
hpmcounter5,jump,seed9,241,3259.6484848484847
hpmcounter5,jump,seed9,242,3260.3939393939395
hpmcounter5,jump,seed9,243,3260.1878787878786
hpmcounter5,jump,seed9,244,3256.866666666667
hpmcounter5,jump,seed9,245,3254.8545454545456
hpmcounter5,jump,seed9,246,3253.939393939394
hpmcounter5,jump,seed9,247,3251.139393939394
hpmcounter5,jump,seed9,248,3249.3454545454547
hpmcounter5,jump,seed9,249,3248.369696969697
hpmcounter5,jump,seed9,250,3246.0060606060606
hpmcounter5,jump,seed9,251,3247.2909090909093
hpmcounter5,jump,seed9,252,3247.266666666667
hpmcounter5,jump,seed9,253,3248.0242424242424
hpmcounter5,jump,seed9,254,3246.775757575758
hpmcounter5,jump,seed9,255,3245.672727272727
hpmcounter5,jump,seed9,256,3245.7939393939396
hpmcounter5,jump,seed9,257,3244.981818181818
hpmcounter5,jump,seed9,258,3245.6
hpmcounter5,jump,seed9,259,3247.478787878788
hpmcounter5,jump,seed9,260,3248.018181818182
hpmcounter5,jump,seed9,261,3250.2484848484846
hpmcounter5,jump,seed9,262,3253.539393939394
hpmcounter5,jump,seed9,263,3255.5151515151515
hpmcounter5,jump,seed9,264,3254.3151515151517
hpmcounter5,jump,seed9,265,3253.4
hpmcounter5,jump,seed9,266,3250.690909090909
hpmcounter5,jump,seed9,267,3247.6848484848483
hpmcounter5,jump,seed9,268,3247.448484848485
hpmcounter5,jump,seed9,269,3247.5030303030303
hpmcounter5,jump,seed9,270,3249.4121212121213
hpmcounter5,jump,seed9,271,3250.448484848485
hpmcounter5,jump,seed9,272,3253.5151515151515
hpmcounter5,jump,seed9,273,3257.1454545454544
hpmcounter5,jump,seed9,274,3257.7393939393937
hpmcounter5,jump,seed9,275,3257.4545454545455
hpmcounter5,jump,seed9,276,3254.4848484848485
hpmcounter5,jump,seed9,277,3250.2545454545457
hpmcounter5,jump,seed9,278,3246.309090909091
hpmcounter5,jump,seed9,279,3243.072727272727
hpmcounter5,jump,seed9,280,3243.8424242424244
hpmcounter5,jump,seed9,281,3244.4545454545455
hpmcounter5,jump,seed9,282,3245.848484848485
hpmcounter5,jump,seed9,283,3247.8727272727274
hpmcounter5,jump,seed9,284,3251.10303030303
hpmcounter5,jump,seed9,285,3254.7818181818184
hpmcounter5,jump,seed9,286,3257.012121212121
hpmcounter5,jump,seed9,287,3257.7454545454543
hpmcounter5,jump,seed9,288,3255.951515151515
hpmcounter5,jump,seed9,289,3254.278787878788
hpmcounter5,jump,seed9,290,3253.2909090909093
hpmcounter5,jump,seed9,291,3254.012121212121
hpmcounter5,jump,seed9,292,3255.042424242424
hpmcounter5,jump,seed9,293,3255.2363636363634
hpmcounter5,jump,seed9,294,3258.569696969697
hpmcounter5,jump,seed9,295,3262.10303030303
hpmcounter5,jump,seed9,296,3264.5757575757575
hpmcounter5,jump,seed9,297,3267.5878787878787
hpmcounter5,jump,seed9,298,3267.8727272727274
hpmcounter5,normal,seed1,9,3258.018181818182
hpmcounter5,normal,seed1,10,3253.4363636363637
hpmcounter5,normal,seed1,11,3247.830303030303
hpmcounter5,normal,seed1,12,3244.8545454545456
hpmcounter5,normal,seed1,13,3242.266666666667
hpmcounter5,normal,seed1,14,3240.733333333333
hpmcounter5,normal,seed1,15,3240.569696969697
hpmcounter5,normal,seed1,16,3240.878787878788
hpmcounter5,normal,seed1,17,3242.5939393939393
hpmcounter5,normal,seed1,18,3246.29696969697
hpmcounter5,normal,seed1,19,3253.266666666667
hpmcounter5,normal,seed1,20,3261.1454545454544
hpmcounter5,normal,seed1,21,3267.2060606060604
hpmcounter5,normal,seed1,22,3271.163636363636
hpmcounter5,normal,seed1,23,3272.133333333333
hpmcounter5,normal,seed1,24,3271.048484848485
hpmcounter5,normal,seed1,25,3265.909090909091
hpmcounter5,normal,seed1,26,3259.4242424242425
hpmcounter5,normal,seed1,27,3250.951515151515
hpmcounter5,normal,seed1,28,3242.1757575757574
hpmcounter5,normal,seed1,29,3238.4121212121213
hpmcounter5,normal,seed1,30,3239.5757575757575
hpmcounter5,normal,seed1,31,3243.5636363636363
hpmcounter5,normal,seed1,32,3246.2909090909093
hpmcounter5,normal,seed1,33,3249.672727272727
hpmcounter5,normal,seed1,34,3254.169696969697
hpmcounter5,normal,seed1,35,3254.121212121212
hpmcounter5,normal,seed1,36,3254.5636363636363
hpmcounter5,normal,seed1,37,3255.0363636363636
hpmcounter5,normal,seed1,38,3253.3454545454547
hpmcounter5,normal,seed1,39,3250.448484848485
hpmcounter5,normal,seed1,40,3249.6545454545453
hpmcounter5,normal,seed1,41,3252.369696969697
hpmcounter5,normal,seed1,42,3252.7454545454543
hpmcounter5,normal,seed1,43,3256.0242424242424
hpmcounter5,normal,seed1,44,3259.3454545454547
hpmcounter5,normal,seed1,45,3257.490909090909
hpmcounter5,normal,seed1,46,3255.478787878788
hpmcounter5,normal,seed1,47,3256.460606060606
hpmcounter5,normal,seed1,48,3258.818181818182
hpmcounter5,normal,seed1,49,3259.212121212121
hpmcounter5,normal,seed1,50,3260.848484848485
hpmcounter5,normal,seed1,51,3265.4969696969697
hpmcounter5,normal,seed1,52,3266.969696969697
hpmcounter5,normal,seed1,53,3270.4060606060607
hpmcounter5,normal,seed1,54,3275.0666666666666
hpmcounter5,normal,seed1,55,3274.6969696969695
hpmcounter5,normal,seed1,56,3271.0848484848484
hpmcounter5,normal,seed1,57,3267.3151515151517
hpmcounter5,normal,seed1,58,3265.6181818181817
hpmcounter5,normal,seed1,59,3261.7636363636366
hpmcounter5,normal,seed1,60,3259.539393939394
hpmcounter5,normal,seed1,61,3258.490909090909
hpmcounter5,normal,seed1,62,3255.569696969697
hpmcounter5,normal,seed1,63,3268.2363636363634
hpmcounter5,normal,seed1,64,3284.0060606060606
hpmcounter5,normal,seed1,65,3296.5878787878787
hpmcounter5,normal,seed1,66,3304.4969696969697
hpmcounter5,normal,seed1,67,3308.757575757576
hpmcounter5,normal,seed1,68,3310.9454545454546
hpmcounter5,normal,seed1,69,3307.0848484848484
hpmcounter5,normal,seed1,70,3296.7151515151513
hpmcounter5,normal,seed1,71,3282.878787878788
hpmcounter5,normal,seed1,72,3264.012121212121
hpmcounter5,normal,seed1,73,3260.951515151515
hpmcounter5,normal,seed1,74,3260.460606060606
hpmcounter5,normal,seed1,75,3258.4121212121213
hpmcounter5,normal,seed1,76,3258.193939393939
hpmcounter5,normal,seed1,77,3256.7454545454543
hpmcounter5,normal,seed1,78,3256.4
hpmcounter5,normal,seed1,79,3255.957575757576
hpmcounter5,normal,seed1,80,3255.6181818181817
hpmcounter5,normal,seed1,81,3254.921212121212
hpmcounter5,normal,seed1,82,3252.369696969697
hpmcounter5,normal,seed1,83,3251.3212121212123
hpmcounter5,normal,seed1,84,3250.957575757576
hpmcounter5,normal,seed1,85,3248.3333333333335
hpmcounter5,normal,seed1,86,3248.581818181818
hpmcounter5,normal,seed1,87,3249.0969696969696
hpmcounter5,normal,seed1,88,3250.3212121212123
hpmcounter5,normal,seed1,89,3250.8424242424244
hpmcounter5,normal,seed1,90,3254.2909090909093
hpmcounter5,normal,seed1,91,3258.848484848485
hpmcounter5,normal,seed1,92,3264.569696969697
hpmcounter5,normal,seed1,93,3267.2909090909093
hpmcounter5,normal,seed1,94,3267.8848484848486
hpmcounter5,normal,seed1,95,3267.242424242424
hpmcounter5,normal,seed1,96,3266.5333333333333
hpmcounter5,normal,seed1,97,3267.163636363636
hpmcounter5,normal,seed1,98,3265.090909090909
hpmcounter5,normal,seed1,99,3261.7636363636366
hpmcounter5,normal,seed1,100,3258.6060606060605
hpmcounter5,normal,seed1,101,3258.2181818181816
hpmcounter5,normal,seed1,102,3260.060606060606
hpmcounter5,normal,seed1,103,3260.3333333333335
hpmcounter5,normal,seed1,104,3259.042424242424
hpmcounter5,normal,seed1,105,3258.030303030303
hpmcounter5,normal,seed1,106,3257.133333333333
hpmcounter5,normal,seed1,107,3258.6484848484847
hpmcounter5,normal,seed1,108,3257.6666666666665
hpmcounter5,normal,seed1,109,3256.7151515151513
hpmcounter5,normal,seed1,110,3257.1757575757574
hpmcounter5,normal,seed1,111,3259.6787878787877
hpmcounter5,normal,seed1,112,3258.9939393939394
hpmcounter5,normal,seed1,113,3258.3454545454547
hpmcounter5,normal,seed1,114,3258.3212121212123
hpmcounter5,normal,seed1,115,3255.5636363636363
hpmcounter5,normal,seed1,116,3252.5636363636363
hpmcounter5,normal,seed1,117,3251.4
hpmcounter5,normal,seed1,118,3248.830303030303
hpmcounter5,normal,seed1,119,3250.2484848484846
hpmcounter5,normal,seed1,120,3255.478787878788
hpmcounter5,normal,seed1,121,3262.018181818182
hpmcounter5,normal,seed1,122,3265.6363636363635
hpmcounter5,normal,seed1,123,3268.478787878788
hpmcounter5,normal,seed1,124,3270.181818181818
hpmcounter5,normal,seed1,125,3269.8424242424244
hpmcounter5,normal,seed1,126,3269.2181818181816
hpmcounter5,normal,seed1,127,3269.4060606060607
hpmcounter5,normal,seed1,128,3266.2545454545457
hpmcounter5,normal,seed1,129,3262.2181818181816
hpmcounter5,normal,seed1,130,3261.109090909091
hpmcounter5,normal,seed1,131,3261.266666666667
hpmcounter5,normal,seed1,132,3261.860606060606
hpmcounter5,normal,seed1,133,3262.951515151515
hpmcounter5,normal,seed1,134,3260.030303030303
hpmcounter5,normal,seed1,135,3259.4666666666667
hpmcounter5,normal,seed1,136,3259.9636363636364
hpmcounter5,normal,seed1,137,3262.0060606060606
hpmcounter5,normal,seed1,138,3264.4060606060607
hpmcounter5,normal,seed1,139,3262.3818181818183
hpmcounter5,normal,seed1,140,3260.5151515151515
hpmcounter5,normal,seed1,141,3261.9030303030304
hpmcounter5,normal,seed1,142,3265.1151515151514
hpmcounter5,normal,seed1,143,3269.6545454545453
hpmcounter5,normal,seed1,144,3270.89696969697
hpmcounter5,normal,seed1,145,3272.3818181818183
hpmcounter5,normal,seed1,146,3276.569696969697
hpmcounter5,normal,seed1,147,3280.787878787879
hpmcounter5,normal,seed1,148,3284.521212121212
hpmcounter5,normal,seed1,149,3283.266666666667
hpmcounter5,normal,seed1,150,3281.242424242424
hpmcounter5,normal,seed1,151,3278.278787878788
hpmcounter5,normal,seed1,152,3276.193939393939
hpmcounter5,normal,seed1,153,3275.939393939394
hpmcounter5,normal,seed1,154,3272.818181818182
hpmcounter5,normal,seed1,155,3267.109090909091
hpmcounter5,normal,seed1,156,3263.7636363636366
hpmcounter5,normal,seed1,157,3262.2606060606063
hpmcounter5,normal,seed1,158,3261.7939393939396
hpmcounter5,normal,seed1,159,3259.0545454545454
hpmcounter5,normal,seed1,160,3258.509090909091
hpmcounter5,normal,seed1,161,3259.6787878787877
hpmcounter5,normal,seed1,162,3262.3030303030305
hpmcounter5,normal,seed1,163,3265.551515151515
hpmcounter5,normal,seed1,164,3268.939393939394
hpmcounter5,normal,seed1,165,3270.866666666667
hpmcounter5,normal,seed1,166,3273.5757575757575
hpmcounter5,normal,seed1,167,3275.2727272727275
hpmcounter5,normal,seed1,168,3275.29696969697
hpmcounter5,normal,seed1,169,3272.490909090909
hpmcounter5,normal,seed1,170,3270.490909090909
hpmcounter5,normal,seed1,171,3271.0666666666666
hpmcounter5,normal,seed1,172,3269.581818181818
hpmcounter5,normal,seed1,173,3263.642424242424
hpmcounter5,normal,seed1,174,3258.5030303030303
hpmcounter5,normal,seed1,175,3253.193939393939
hpmcounter5,normal,seed1,176,3249.8424242424244
hpmcounter5,normal,seed1,177,3250.072727272727
hpmcounter5,normal,seed1,178,3251.0363636363636
hpmcounter5,normal,seed1,179,3253.987878787879
hpmcounter5,normal,seed1,180,3257.339393939394
hpmcounter5,normal,seed1,181,3262.921212121212
hpmcounter5,normal,seed1,182,3269.569696969697
hpmcounter5,normal,seed1,183,3273.2363636363634
hpmcounter5,normal,seed1,184,3274.5878787878787
hpmcounter5,normal,seed1,185,3273.5151515151515
hpmcounter5,normal,seed1,186,3271.581818181818
hpmcounter5,normal,seed1,187,3271.6242424242423
hpmcounter5,normal,seed1,188,3268.951515151515
hpmcounter5,normal,seed1,189,3268.551515151515
hpmcounter5,normal,seed1,190,3263.775757575758
hpmcounter5,normal,seed1,191,3261.0
hpmcounter5,normal,seed1,192,3260.042424242424
hpmcounter5,normal,seed1,193,3259.4242424242425
hpmcounter5,normal,seed1,194,3259.0363636363636
hpmcounter5,normal,seed1,195,3257.7393939393937
hpmcounter5,normal,seed1,196,3257.9939393939394
hpmcounter5,normal,seed1,197,3259.0363636363636
hpmcounter5,normal,seed1,198,3258.70303030303
hpmcounter5,normal,seed1,199,3260.5575757575757
hpmcounter5,normal,seed1,200,3259.848484848485
hpmcounter5,normal,seed1,201,3261.0545454545454
hpmcounter5,normal,seed1,202,3262.9333333333334
hpmcounter5,normal,seed1,203,3263.2484848484846
hpmcounter5,normal,seed1,204,3263.460606060606
hpmcounter5,normal,seed1,205,3259.7818181818184
hpmcounter5,normal,seed1,206,3253.6484848484847
hpmcounter5,normal,seed1,207,3246.6181818181817
hpmcounter5,normal,seed1,208,3241.430303030303
hpmcounter5,normal,seed1,209,3238.939393939394
hpmcounter5,normal,seed1,210,3237.4363636363637
hpmcounter5,normal,seed1,211,3235.0242424242424
hpmcounter5,normal,seed1,212,3236.29696969697
hpmcounter5,normal,seed1,213,3239.3515151515153
hpmcounter5,normal,seed1,214,3246.018181818182
hpmcounter5,normal,seed1,215,3250.4545454545455
hpmcounter5,normal,seed1,216,3254.109090909091
hpmcounter5,normal,seed1,217,3256.018181818182
hpmcounter5,normal,seed1,218,3258.9636363636364
hpmcounter5,normal,seed1,219,3260.848484848485
hpmcounter5,normal,seed1,220,3261.4
hpmcounter5,normal,seed1,221,3258.181818181818
hpmcounter5,normal,seed1,222,3255.4666666666667
hpmcounter5,normal,seed1,223,3253.969696969697
hpmcounter5,normal,seed1,224,3253.2606060606063
hpmcounter5,normal,seed1,225,3253.3515151515153
hpmcounter5,normal,seed1,226,3254.581818181818
hpmcounter5,normal,seed1,227,3257.169696969697
hpmcounter5,normal,seed1,228,3261.4363636363637
hpmcounter5,normal,seed1,229,3265.521212121212
hpmcounter5,normal,seed1,230,3267.509090909091
hpmcounter5,normal,seed1,231,3268.2909090909093
hpmcounter5,normal,seed1,232,3270.0666666666666
hpmcounter5,normal,seed1,233,3270.387878787879
hpmcounter5,normal,seed1,234,3269.060606060606
hpmcounter5,normal,seed1,235,3264.89696969697
hpmcounter5,normal,seed1,236,3259.448484848485
hpmcounter5,normal,seed1,237,3253.212121212121
hpmcounter5,normal,seed1,238,3249.0363636363636
hpmcounter5,normal,seed1,239,3247.4242424242425
hpmcounter5,normal,seed1,240,3247.4969696969697
hpmcounter5,normal,seed1,241,3247.0242424242424
hpmcounter5,normal,seed1,242,3249.012121212121
hpmcounter5,normal,seed1,243,3266.6666666666665
hpmcounter5,normal,seed1,244,3296.224242424242
hpmcounter5,normal,seed1,245,3331.139393939394
hpmcounter5,normal,seed1,246,3371.9454545454546
hpmcounter5,normal,seed1,247,3411.9030303030304
hpmcounter5,normal,seed1,248,3435.5939393939393
hpmcounter5,normal,seed1,249,3441.9939393939394
hpmcounter5,normal,seed1,250,3434.7454545454543
hpmcounter5,normal,seed1,251,3409.5030303030303
hpmcounter5,normal,seed1,252,3367.7393939393937
hpmcounter5,normal,seed1,253,3328.2727272727275
hpmcounter5,normal,seed1,254,3294.0242424242424
hpmcounter5,normal,seed1,255,3266.072727272727
hpmcounter5,normal,seed1,256,3249.387878787879
hpmcounter5,normal,seed1,257,3249.042424242424
hpmcounter5,normal,seed1,258,3249.672727272727
hpmcounter5,normal,seed1,259,3249.4121212121213
hpmcounter5,normal,seed1,260,3251.0
hpmcounter5,normal,seed1,261,3255.5151515151515
hpmcounter5,normal,seed1,262,3258.878787878788
hpmcounter5,normal,seed1,263,3262.460606060606
hpmcounter5,normal,seed1,264,3266.8848484848486
hpmcounter5,normal,seed1,265,3267.672727272727
hpmcounter5,normal,seed1,266,3280.460606060606
hpmcounter5,normal,seed1,267,3305.7818181818184
hpmcounter5,normal,seed1,268,3340.460606060606
hpmcounter5,normal,seed1,269,3381.1575757575756
hpmcounter5,normal,seed1,270,3423.448484848485
hpmcounter5,normal,seed1,271,3469.5272727272727
hpmcounter5,normal,seed1,272,3510.8242424242426
hpmcounter5,normal,seed1,273,3542.4969696969697
hpmcounter5,normal,seed1,274,3544.6060606060605
hpmcounter5,normal,seed1,275,3518.7454545454543
hpmcounter5,normal,seed1,276,3479.806060606061
hpmcounter5,normal,seed1,277,3434.769696969697
hpmcounter5,normal,seed1,278,3386.169696969697
hpmcounter5,normal,seed1,279,3339.212121212121
hpmcounter5,normal,seed1,280,3295.672727272727
hpmcounter5,normal,seed1,281,3263.89696969697
hpmcounter5,normal,seed1,282,3247.660606060606
hpmcounter5,normal,seed1,283,3248.012121212121
hpmcounter5,normal,seed1,284,3245.8121212121214
hpmcounter5,normal,seed1,285,3248.5757575757575
hpmcounter5,normal,seed1,286,3248.8
hpmcounter5,normal,seed1,287,3251.521212121212
hpmcounter5,normal,seed1,288,3251.775757575758
hpmcounter5,normal,seed1,289,3254.212121212121
hpmcounter5,normal,seed1,290,3255.3030303030305
hpmcounter5,normal,seed1,291,3255.7939393939396
hpmcounter5,normal,seed1,292,3255.6848484848483
hpmcounter5,normal,seed1,293,3257.509090909091
hpmcounter5,normal,seed1,294,3260.1878787878786
hpmcounter5,normal,seed1,295,3263.278787878788
hpmcounter5,normal,seed1,296,3263.830303030303
hpmcounter5,normal,seed1,297,3263.6060606060605
hpmcounter5,normal,seed1,298,3260.6
hpmcounter5,normal,seed10,9,3249.29696969697
hpmcounter5,normal,seed10,10,3243.5272727272727
hpmcounter5,normal,seed10,11,3238.721212121212
hpmcounter5,normal,seed10,12,3237.4242424242425
hpmcounter5,normal,seed10,13,3237.3454545454547
hpmcounter5,normal,seed10,14,3237.8727272727274
hpmcounter5,normal,seed10,15,3240.3939393939395
hpmcounter5,normal,seed10,16,3243.490909090909
hpmcounter5,normal,seed10,17,3248.460606060606
hpmcounter5,normal,seed10,18,3253.29696969697
hpmcounter5,normal,seed10,19,3259.769696969697
hpmcounter5,normal,seed10,20,3264.818181818182
hpmcounter5,normal,seed10,21,3266.7454545454543
hpmcounter5,normal,seed10,22,3268.109090909091
hpmcounter5,normal,seed10,23,3267.3030303030305
hpmcounter5,normal,seed10,24,3265.078787878788
hpmcounter5,normal,seed10,25,3260.721212121212
hpmcounter5,normal,seed10,26,3255.460606060606
hpmcounter5,normal,seed10,27,3251.0
hpmcounter5,normal,seed10,28,3246.0060606060606
hpmcounter5,normal,seed10,29,3245.9333333333334
hpmcounter5,normal,seed10,30,3249.4121212121213
hpmcounter5,normal,seed10,31,3252.048484848485
hpmcounter5,normal,seed10,32,3254.4424242424243
hpmcounter5,normal,seed10,33,3255.866666666667
hpmcounter5,normal,seed10,34,3257.5333333333333
hpmcounter5,normal,seed10,35,3258.3636363636365
hpmcounter5,normal,seed10,36,3256.0363636363636
hpmcounter5,normal,seed10,37,3253.4727272727273
hpmcounter5,normal,seed10,38,3248.266666666667
hpmcounter5,normal,seed10,39,3244.0848484848484
hpmcounter5,normal,seed10,40,3242.8424242424244
hpmcounter5,normal,seed10,41,3246.2181818181816
hpmcounter5,normal,seed10,42,3246.866666666667
hpmcounter5,normal,seed10,43,3248.630303030303
hpmcounter5,normal,seed10,44,3249.660606060606
hpmcounter5,normal,seed10,45,3250.3818181818183
hpmcounter5,normal,seed10,46,3250.787878787879
hpmcounter5,normal,seed10,47,3253.8424242424244
hpmcounter5,normal,seed10,48,3258.242424242424
hpmcounter5,normal,seed10,49,3260.357575757576
hpmcounter5,normal,seed10,50,3262.2545454545457
hpmcounter5,normal,seed10,51,3266.9636363636364
hpmcounter5,normal,seed10,52,3267.3151515151517
hpmcounter5,normal,seed10,53,3269.5757575757575
hpmcounter5,normal,seed10,54,3270.1575757575756
hpmcounter5,normal,seed10,55,3268.0060606060606
hpmcounter5,normal,seed10,56,3265.3030303030305
hpmcounter5,normal,seed10,57,3264.242424242424
hpmcounter5,normal,seed10,58,3265.4242424242425
hpmcounter5,normal,seed10,59,3265.860606060606
hpmcounter5,normal,seed10,60,3266.6787878787877
hpmcounter5,normal,seed10,61,3267.721212121212
hpmcounter5,normal,seed10,62,3265.860606060606
hpmcounter5,normal,seed10,63,3263.369696969697
hpmcounter5,normal,seed10,64,3265.7090909090907
hpmcounter5,normal,seed10,65,3266.8848484848486
hpmcounter5,normal,seed10,66,3265.551515151515
hpmcounter5,normal,seed10,67,3265.690909090909
hpmcounter5,normal,seed10,68,3268.109090909091
hpmcounter5,normal,seed10,69,3271.521212121212
hpmcounter5,normal,seed10,70,3270.672727272727
hpmcounter5,normal,seed10,71,3269.090909090909
hpmcounter5,normal,seed10,72,3266.9333333333334
hpmcounter5,normal,seed10,73,3262.0242424242424
hpmcounter5,normal,seed10,74,3262.224242424242
hpmcounter5,normal,seed10,75,3260.6484848484847
hpmcounter5,normal,seed10,76,3257.539393939394
hpmcounter5,normal,seed10,77,3253.4363636363637
hpmcounter5,normal,seed10,78,3251.987878787879
hpmcounter5,normal,seed10,79,3254.042424242424
hpmcounter5,normal,seed10,80,3254.018181818182
hpmcounter5,normal,seed10,81,3253.0848484848484
hpmcounter5,normal,seed10,82,3255.0363636363636
hpmcounter5,normal,seed10,83,3256.048484848485
hpmcounter5,normal,seed10,84,3259.630303030303
hpmcounter5,normal,seed10,85,3260.672727272727
hpmcounter5,normal,seed10,86,3260.860606060606
hpmcounter5,normal,seed10,87,3258.460606060606
hpmcounter5,normal,seed10,88,3256.987878787879
hpmcounter5,normal,seed10,89,3256.1575757575756
hpmcounter5,normal,seed10,90,3256.357575757576
hpmcounter5,normal,seed10,91,3252.769696969697
hpmcounter5,normal,seed10,92,3252.3636363636365
hpmcounter5,normal,seed10,93,3255.430303030303
hpmcounter5,normal,seed10,94,3262.551515151515
hpmcounter5,normal,seed10,95,3268.672727272727
hpmcounter5,normal,seed10,96,3271.2848484848487
hpmcounter5,normal,seed10,97,3270.5757575757575
hpmcounter5,normal,seed10,98,3270.030303030303
hpmcounter5,normal,seed10,99,3270.5333333333333
hpmcounter5,normal,seed10,100,3272.3636363636365
hpmcounter5,normal,seed10,101,3267.981818181818
hpmcounter5,normal,seed10,102,3262.9636363636364
hpmcounter5,normal,seed10,103,3257.9939393939394
hpmcounter5,normal,seed10,104,3258.721212121212
hpmcounter5,normal,seed10,105,3259.1878787878786
hpmcounter5,normal,seed10,106,3256.448484848485
hpmcounter5,normal,seed10,107,3254.660606060606
hpmcounter5,normal,seed10,108,3252.6484848484847
hpmcounter5,normal,seed10,109,3253.478787878788
hpmcounter5,normal,seed10,110,3255.3212121212123
hpmcounter5,normal,seed10,111,3255.10303030303
hpmcounter5,normal,seed10,112,3254.10303030303
hpmcounter5,normal,seed10,113,3251.836363636364
hpmcounter5,normal,seed10,114,3253.6787878787877
hpmcounter5,normal,seed10,115,3254.460606060606
hpmcounter5,normal,seed10,116,3252.048484848485
hpmcounter5,normal,seed10,117,3251.012121212121
hpmcounter5,normal,seed10,118,3249.4969696969697
hpmcounter5,normal,seed10,119,3250.060606060606
hpmcounter5,normal,seed10,120,3249.690909090909
hpmcounter5,normal,seed10,121,3247.4121212121213
hpmcounter5,normal,seed10,122,3246.018181818182
hpmcounter5,normal,seed10,123,3246.072727272727
hpmcounter5,normal,seed10,124,3249.448484848485
hpmcounter5,normal,seed10,125,3252.569696969697
hpmcounter5,normal,seed10,126,3257.6181818181817
hpmcounter5,normal,seed10,127,3262.2363636363634
hpmcounter5,normal,seed10,128,3265.060606060606
hpmcounter5,normal,seed10,129,3266.70303030303
hpmcounter5,normal,seed10,130,3266.2909090909093
hpmcounter5,normal,seed10,131,3262.242424242424
hpmcounter5,normal,seed10,132,3257.8545454545456
hpmcounter5,normal,seed10,133,3255.7818181818184
hpmcounter5,normal,seed10,134,3256.6060606060605
hpmcounter5,normal,seed10,135,3255.8848484848486
hpmcounter5,normal,seed10,136,3257.169696969697
hpmcounter5,normal,seed10,137,3257.1272727272726
hpmcounter5,normal,seed10,138,3258.5454545454545
hpmcounter5,normal,seed10,139,3259.4666666666667
hpmcounter5,normal,seed10,140,3262.7151515151513
hpmcounter5,normal,seed10,141,3262.193939393939
hpmcounter5,normal,seed10,142,3259.109090909091
hpmcounter5,normal,seed10,143,3259.266666666667
hpmcounter5,normal,seed10,144,3260.1454545454544
hpmcounter5,normal,seed10,145,3259.418181818182
hpmcounter5,normal,seed10,146,3257.3030303030305
hpmcounter5,normal,seed10,147,3252.139393939394
hpmcounter5,normal,seed10,148,3249.6484848484847
hpmcounter5,normal,seed10,149,3246.3151515151517
hpmcounter5,normal,seed10,150,3248.690909090909
hpmcounter5,normal,seed10,151,3251.2060606060604
hpmcounter5,normal,seed10,152,3252.7454545454543
hpmcounter5,normal,seed10,153,3255.806060606061
hpmcounter5,normal,seed10,154,3257.3757575757577
hpmcounter5,normal,seed10,155,3273.339393939394
hpmcounter5,normal,seed10,156,3284.030303030303
hpmcounter5,normal,seed10,157,3292.89696969697
hpmcounter5,normal,seed10,158,3300.1151515151514
hpmcounter5,normal,seed10,159,3303.7090909090907
hpmcounter5,normal,seed10,160,3304.357575757576
hpmcounter5,normal,seed10,161,3301.6969696969695
hpmcounter5,normal,seed10,162,3297.3151515151517
hpmcounter5,normal,seed10,163,3286.8242424242426
hpmcounter5,normal,seed10,164,3270.3030303030305
hpmcounter5,normal,seed10,165,3268.939393939394
hpmcounter5,normal,seed10,166,3264.957575757576
hpmcounter5,normal,seed10,167,3261.2060606060604
hpmcounter5,normal,seed10,168,3257.5151515151515
hpmcounter5,normal,seed10,169,3256.4060606060607
hpmcounter5,normal,seed10,170,3255.539393939394
hpmcounter5,normal,seed10,171,3255.1272727272726
hpmcounter5,normal,seed10,172,3272.5878787878787
hpmcounter5,normal,seed10,173,3303.5333333333333
hpmcounter5,normal,seed10,174,3342.7515151515154
hpmcounter5,normal,seed10,175,3372.2606060606063
hpmcounter5,normal,seed10,176,3388.6848484848483
hpmcounter5,normal,seed10,177,3391.939393939394
hpmcounter5,normal,seed10,178,3385.0242424242424
hpmcounter5,normal,seed10,179,3368.5878787878787
hpmcounter5,normal,seed10,180,3339.430303030303
hpmcounter5,normal,seed10,181,3303.2848484848487
hpmcounter5,normal,seed10,182,3273.078787878788
hpmcounter5,normal,seed10,183,3255.521212121212
hpmcounter5,normal,seed10,184,3253.4848484848485
hpmcounter5,normal,seed10,185,3255.018181818182
hpmcounter5,normal,seed10,186,3254.8424242424244
hpmcounter5,normal,seed10,187,3251.3212121212123
hpmcounter5,normal,seed10,188,3250.1272727272726
hpmcounter5,normal,seed10,189,3251.775757575758
hpmcounter5,normal,seed10,190,3250.7272727272725
hpmcounter5,normal,seed10,191,3251.2363636363634
hpmcounter5,normal,seed10,192,3250.193939393939
hpmcounter5,normal,seed10,193,3249.3030303030305
hpmcounter5,normal,seed10,194,3247.163636363636
hpmcounter5,normal,seed10,195,3249.70303030303
hpmcounter5,normal,seed10,196,3253.787878787879
hpmcounter5,normal,seed10,197,3252.9454545454546
hpmcounter5,normal,seed10,198,3252.29696969697
hpmcounter5,normal,seed10,199,3254.5151515151515
hpmcounter5,normal,seed10,200,3256.733333333333
hpmcounter5,normal,seed10,201,3257.927272727273
hpmcounter5,normal,seed10,202,3275.9939393939394
hpmcounter5,normal,seed10,203,3290.5454545454545
hpmcounter5,normal,seed10,204,3300.1575757575756
hpmcounter5,normal,seed10,205,3309.133333333333
hpmcounter5,normal,seed10,206,3314.509090909091
hpmcounter5,normal,seed10,207,3312.775757575758
hpmcounter5,normal,seed10,208,3303.4060606060607
hpmcounter5,normal,seed10,209,3290.0242424242424
hpmcounter5,normal,seed10,210,3274.430303030303
hpmcounter5,normal,seed10,211,3254.9151515151516
hpmcounter5,normal,seed10,212,3255.4424242424243
hpmcounter5,normal,seed10,213,3254.0969696969696
hpmcounter5,normal,seed10,214,3254.018181818182
hpmcounter5,normal,seed10,215,3256.5151515151515
hpmcounter5,normal,seed10,216,3261.4242424242425
hpmcounter5,normal,seed10,217,3263.866666666667
hpmcounter5,normal,seed10,218,3265.169696969697
hpmcounter5,normal,seed10,219,3267.5454545454545
hpmcounter5,normal,seed10,220,3268.1878787878786
hpmcounter5,normal,seed10,221,3266.212121212121
hpmcounter5,normal,seed10,222,3264.6484848484847
hpmcounter5,normal,seed10,223,3261.6363636363635
hpmcounter5,normal,seed10,224,3259.5757575757575
hpmcounter5,normal,seed10,225,3255.690909090909
hpmcounter5,normal,seed10,226,3255.1575757575756
hpmcounter5,normal,seed10,227,3251.7515151515154
hpmcounter5,normal,seed10,228,3247.7939393939396
hpmcounter5,normal,seed10,229,3249.339393939394
hpmcounter5,normal,seed10,230,3248.387878787879
hpmcounter5,normal,seed10,231,3245.860606060606
hpmcounter5,normal,seed10,232,3245.2848484848487
hpmcounter5,normal,seed10,233,3248.7393939393937
hpmcounter5,normal,seed10,234,3254.490909090909
hpmcounter5,normal,seed10,235,3260.242424242424
hpmcounter5,normal,seed10,236,3265.418181818182
hpmcounter5,normal,seed10,237,3269.4060606060607
hpmcounter5,normal,seed10,238,3272.0363636363636
hpmcounter5,normal,seed10,239,3274.4424242424243
hpmcounter5,normal,seed10,240,3271.878787878788
hpmcounter5,normal,seed10,241,3268.193939393939
hpmcounter5,normal,seed10,242,3263.89696969697
hpmcounter5,normal,seed10,243,3261.8424242424244
hpmcounter5,normal,seed10,244,3260.6
hpmcounter5,normal,seed10,245,3261.7454545454543
hpmcounter5,normal,seed10,246,3262.430303030303
hpmcounter5,normal,seed10,247,3264.733333333333
hpmcounter5,normal,seed10,248,3268.309090909091
hpmcounter5,normal,seed10,249,3268.3333333333335
hpmcounter5,normal,seed10,250,3264.509090909091
hpmcounter5,normal,seed10,251,3264.357575757576
hpmcounter5,normal,seed10,252,3263.4060606060607
hpmcounter5,normal,seed10,253,3262.5333333333333
hpmcounter5,normal,seed10,254,3260.0
hpmcounter5,normal,seed10,255,3256.309090909091
hpmcounter5,normal,seed10,256,3255.0848484848484
hpmcounter5,normal,seed10,257,3259.3212121212123
hpmcounter5,normal,seed10,258,3263.7393939393937
hpmcounter5,normal,seed10,259,3264.660606060606
hpmcounter5,normal,seed10,260,3264.733333333333
hpmcounter5,normal,seed10,261,3266.7454545454543
hpmcounter5,normal,seed10,262,3270.4969696969697
hpmcounter5,normal,seed10,263,3274.909090909091
hpmcounter5,normal,seed10,264,3277.5575757575757
hpmcounter5,normal,seed10,265,3276.6848484848483
hpmcounter5,normal,seed10,266,3275.5030303030303
hpmcounter5,normal,seed10,267,3275.3454545454547
hpmcounter5,normal,seed10,268,3275.4242424242425
hpmcounter5,normal,seed10,269,3274.7636363636366
hpmcounter5,normal,seed10,270,3275.327272727273
hpmcounter5,normal,seed10,271,3273.2545454545457
hpmcounter5,normal,seed10,272,3272.0242424242424
hpmcounter5,normal,seed10,273,3270.690909090909
hpmcounter5,normal,seed10,274,3269.2606060606063
hpmcounter5,normal,seed10,275,3270.1878787878786
hpmcounter5,normal,seed10,276,3270.242424242424
hpmcounter5,normal,seed10,277,3266.848484848485
hpmcounter5,normal,seed10,278,3262.0363636363636
hpmcounter5,normal,seed10,279,3260.5878787878787
hpmcounter5,normal,seed10,280,3260.4
hpmcounter5,normal,seed10,281,3258.4121212121213
hpmcounter5,normal,seed10,282,3257.7393939393937
hpmcounter5,normal,seed10,283,3258.151515151515
hpmcounter5,normal,seed10,284,3258.7090909090907
hpmcounter5,normal,seed10,285,3259.6848484848483
hpmcounter5,normal,seed10,286,3262.4727272727273
hpmcounter5,normal,seed10,287,3265.4060606060607
hpmcounter5,normal,seed10,288,3265.4121212121213
hpmcounter5,normal,seed10,289,3266.0363636363636
hpmcounter5,normal,seed10,290,3263.430303030303
hpmcounter5,normal,seed10,291,3260.0545454545454
hpmcounter5,normal,seed10,292,3257.630303030303
hpmcounter5,normal,seed10,293,3257.642424242424
hpmcounter5,normal,seed10,294,3257.2060606060604
hpmcounter5,normal,seed10,295,3255.430303030303
hpmcounter5,normal,seed10,296,3254.4424242424243
hpmcounter5,normal,seed10,297,3255.181818181818
hpmcounter5,normal,seed10,298,3257.072727272727
hpmcounter5,normal,seed11,9,3251.818181818182
hpmcounter5,normal,seed11,10,3249.769696969697
hpmcounter5,normal,seed11,11,3246.660606060606
hpmcounter5,normal,seed11,12,3243.4242424242425
hpmcounter5,normal,seed11,13,3238.7090909090907
hpmcounter5,normal,seed11,14,3237.8727272727274
hpmcounter5,normal,seed11,15,3237.4242424242425
hpmcounter5,normal,seed11,16,3236.642424242424
hpmcounter5,normal,seed11,17,3239.6545454545453
hpmcounter5,normal,seed11,18,3242.981818181818
hpmcounter5,normal,seed11,19,3249.1454545454544
hpmcounter5,normal,seed11,20,3256.048484848485
hpmcounter5,normal,seed11,21,3261.2484848484846
hpmcounter5,normal,seed11,22,3266.6181818181817
hpmcounter5,normal,seed11,23,3269.9757575757576
hpmcounter5,normal,seed11,24,3271.8
hpmcounter5,normal,seed11,25,3269.012121212121
hpmcounter5,normal,seed11,26,3262.5636363636363
hpmcounter5,normal,seed11,27,3256.1454545454544
hpmcounter5,normal,seed11,28,3248.5272727272727
hpmcounter5,normal,seed11,29,3244.5939393939393
hpmcounter5,normal,seed11,30,3246.0060606060606
hpmcounter5,normal,seed11,31,3246.551515151515
hpmcounter5,normal,seed11,32,3247.733333333333
hpmcounter5,normal,seed11,33,3250.4
hpmcounter5,normal,seed11,34,3253.4060606060607
hpmcounter5,normal,seed11,35,3253.569696969697
hpmcounter5,normal,seed11,36,3251.139393939394
hpmcounter5,normal,seed11,37,3248.9939393939394
hpmcounter5,normal,seed11,38,3245.909090909091
hpmcounter5,normal,seed11,39,3243.951515151515
hpmcounter5,normal,seed11,40,3244.890909090909
hpmcounter5,normal,seed11,41,3248.860606060606
hpmcounter5,normal,seed11,42,3250.630303030303
hpmcounter5,normal,seed11,43,3253.9151515151516
hpmcounter5,normal,seed11,44,3257.8424242424244
hpmcounter5,normal,seed11,45,3259.927272727273
hpmcounter5,normal,seed11,46,3260.9333333333334
hpmcounter5,normal,seed11,47,3262.539393939394
hpmcounter5,normal,seed11,48,3264.9454545454546
hpmcounter5,normal,seed11,49,3265.70303030303
hpmcounter5,normal,seed11,50,3265.3030303030305
hpmcounter5,normal,seed11,51,3268.030303030303
hpmcounter5,normal,seed11,52,3267.9151515151516
hpmcounter5,normal,seed11,53,3269.012121212121
hpmcounter5,normal,seed11,54,3269.8121212121214
hpmcounter5,normal,seed11,55,3282.0545454545454
hpmcounter5,normal,seed11,56,3307.8727272727274
hpmcounter5,normal,seed11,57,3342.8545454545456
hpmcounter5,normal,seed11,58,3384.9454545454546
hpmcounter5,normal,seed11,59,3426.4424242424243
hpmcounter5,normal,seed11,60,3466.9636363636364
hpmcounter5,normal,seed11,61,3502.266666666667
hpmcounter5,normal,seed11,62,3529.9636363636364
hpmcounter5,normal,seed11,63,3545.8242424242426
hpmcounter5,normal,seed11,64,3546.5575757575757
hpmcounter5,normal,seed11,65,3531.4
hpmcounter5,normal,seed11,66,3504.6787878787877
hpmcounter5,normal,seed11,67,3471.6484848484847
hpmcounter5,normal,seed11,68,3437.072727272727
hpmcounter5,normal,seed11,69,3398.2484848484846
hpmcounter5,normal,seed11,70,3361.806060606061
hpmcounter5,normal,seed11,71,3326.6848484848483
hpmcounter5,normal,seed11,72,3299.7272727272725
hpmcounter5,normal,seed11,73,3283.9151515151516
hpmcounter5,normal,seed11,74,3278.2606060606063
hpmcounter5,normal,seed11,75,3272.9454545454546
hpmcounter5,normal,seed11,76,3265.551515151515
hpmcounter5,normal,seed11,77,3258.836363636364
hpmcounter5,normal,seed11,78,3255.4242424242425
hpmcounter5,normal,seed11,79,3252.3030303030305
hpmcounter5,normal,seed11,80,3253.2727272727275
hpmcounter5,normal,seed11,81,3256.3515151515153
hpmcounter5,normal,seed11,82,3259.266666666667
hpmcounter5,normal,seed11,83,3263.448484848485
hpmcounter5,normal,seed11,84,3264.642424242424
hpmcounter5,normal,seed11,85,3265.927272727273
hpmcounter5,normal,seed11,86,3266.581818181818
hpmcounter5,normal,seed11,87,3268.8727272727274
hpmcounter5,normal,seed11,88,3269.9151515151516
hpmcounter5,normal,seed11,89,3269.4424242424243
hpmcounter5,normal,seed11,90,3269.70303030303
hpmcounter5,normal,seed11,91,3269.369696969697
hpmcounter5,normal,seed11,92,3266.6
hpmcounter5,normal,seed11,93,3261.509090909091
hpmcounter5,normal,seed11,94,3257.6848484848483
hpmcounter5,normal,seed11,95,3252.042424242424
hpmcounter5,normal,seed11,96,3245.369696969697
hpmcounter5,normal,seed11,97,3242.957575757576
hpmcounter5,normal,seed11,98,3243.278787878788
hpmcounter5,normal,seed11,99,3243.6787878787877
hpmcounter5,normal,seed11,100,3246.89696969697
hpmcounter5,normal,seed11,101,3250.721212121212
hpmcounter5,normal,seed11,102,3252.327272727273
hpmcounter5,normal,seed11,103,3267.018181818182
hpmcounter5,normal,seed11,104,3297.7090909090907
hpmcounter5,normal,seed11,105,3321.0363636363636
hpmcounter5,normal,seed11,106,3336.181818181818
hpmcounter5,normal,seed11,107,3345.2848484848487
hpmcounter5,normal,seed11,108,3349.078787878788
hpmcounter5,normal,seed11,109,3342.787878787879
hpmcounter5,normal,seed11,110,3330.4848484848485
hpmcounter5,normal,seed11,111,3309.6363636363635
hpmcounter5,normal,seed11,112,3280.775757575758
hpmcounter5,normal,seed11,113,3261.4969696969697
hpmcounter5,normal,seed11,114,3259.139393939394
hpmcounter5,normal,seed11,115,3258.369696969697
hpmcounter5,normal,seed11,116,3258.9454545454546
hpmcounter5,normal,seed11,117,3261.7272727272725
hpmcounter5,normal,seed11,118,3266.5151515151515
hpmcounter5,normal,seed11,119,3271.387878787879
hpmcounter5,normal,seed11,120,3274.478787878788
hpmcounter5,normal,seed11,121,3272.860606060606
hpmcounter5,normal,seed11,122,3270.957575757576
hpmcounter5,normal,seed11,123,3269.4060606060607
hpmcounter5,normal,seed11,124,3266.369696969697
hpmcounter5,normal,seed11,125,3263.339393939394
hpmcounter5,normal,seed11,126,3260.769696969697
hpmcounter5,normal,seed11,127,3258.721212121212
hpmcounter5,normal,seed11,128,3258.4363636363637
hpmcounter5,normal,seed11,129,3262.8
hpmcounter5,normal,seed11,130,3265.042424242424
hpmcounter5,normal,seed11,131,3267.4666666666667
hpmcounter5,normal,seed11,132,3268.890909090909
hpmcounter5,normal,seed11,133,3274.339393939394
hpmcounter5,normal,seed11,134,3278.4424242424243
hpmcounter5,normal,seed11,135,3280.5272727272727
hpmcounter5,normal,seed11,136,3279.9030303030304
hpmcounter5,normal,seed11,137,3278.818181818182
hpmcounter5,normal,seed11,138,3277.2545454545457
hpmcounter5,normal,seed11,139,3274.5151515151515
hpmcounter5,normal,seed11,140,3270.048484848485
hpmcounter5,normal,seed11,141,3265.987878787879
hpmcounter5,normal,seed11,142,3259.951515151515
hpmcounter5,normal,seed11,143,3257.6
hpmcounter5,normal,seed11,144,3258.1454545454544
hpmcounter5,normal,seed11,145,3257.357575757576
hpmcounter5,normal,seed11,146,3254.1272727272726
hpmcounter5,normal,seed11,147,3254.4363636363637
hpmcounter5,normal,seed11,148,3256.830303030303
hpmcounter5,normal,seed11,149,3255.921212121212
hpmcounter5,normal,seed11,150,3255.490909090909
hpmcounter5,normal,seed11,151,3256.078787878788
hpmcounter5,normal,seed11,152,3253.2606060606063
hpmcounter5,normal,seed11,153,3252.909090909091
hpmcounter5,normal,seed11,154,3253.6484848484847
hpmcounter5,normal,seed11,155,3252.8
hpmcounter5,normal,seed11,156,3251.7090909090907
hpmcounter5,normal,seed11,157,3254.5151515151515
hpmcounter5,normal,seed11,158,3256.509090909091
hpmcounter5,normal,seed11,159,3257.806060606061
hpmcounter5,normal,seed11,160,3258.939393939394
hpmcounter5,normal,seed11,161,3261.090909090909
hpmcounter5,normal,seed11,162,3260.460606060606
hpmcounter5,normal,seed11,163,3262.042424242424
hpmcounter5,normal,seed11,164,3263.2606060606063
hpmcounter5,normal,seed11,165,3263.060606060606
hpmcounter5,normal,seed11,166,3263.478787878788
hpmcounter5,normal,seed11,167,3263.7454545454543
hpmcounter5,normal,seed11,168,3261.1272727272726
hpmcounter5,normal,seed11,169,3258.3757575757577
hpmcounter5,normal,seed11,170,3254.969696969697
hpmcounter5,normal,seed11,171,3252.4242424242425
hpmcounter5,normal,seed11,172,3247.4545454545455
hpmcounter5,normal,seed11,173,3244.6545454545453
hpmcounter5,normal,seed11,174,3243.224242424242
hpmcounter5,normal,seed11,175,3243.0969696969696
hpmcounter5,normal,seed11,176,3244.230303030303
hpmcounter5,normal,seed11,177,3246.460606060606
hpmcounter5,normal,seed11,178,3249.339393939394
hpmcounter5,normal,seed11,179,3252.539393939394
hpmcounter5,normal,seed11,180,3252.29696969697
hpmcounter5,normal,seed11,181,3253.121212121212
hpmcounter5,normal,seed11,182,3253.030303030303
hpmcounter5,normal,seed11,183,3252.4666666666667
hpmcounter5,normal,seed11,184,3252.030303030303
hpmcounter5,normal,seed11,185,3252.181818181818
hpmcounter5,normal,seed11,186,3252.9030303030304
hpmcounter5,normal,seed11,187,3252.7818181818184
hpmcounter5,normal,seed11,188,3252.909090909091
hpmcounter5,normal,seed11,189,3254.109090909091
hpmcounter5,normal,seed11,190,3253.5878787878787
hpmcounter5,normal,seed11,191,3250.6969696969695
hpmcounter5,normal,seed11,192,3251.2
hpmcounter5,normal,seed11,193,3251.6666666666665
hpmcounter5,normal,seed11,194,3252.9333333333334
hpmcounter5,normal,seed11,195,3252.660606060606
hpmcounter5,normal,seed11,196,3255.612121212121
hpmcounter5,normal,seed11,197,3256.787878787879
hpmcounter5,normal,seed11,198,3258.430303030303
hpmcounter5,normal,seed11,199,3259.4424242424243
hpmcounter5,normal,seed11,200,3260.672727272727
hpmcounter5,normal,seed11,201,3258.3151515151517
hpmcounter5,normal,seed11,202,3258.787878787879
hpmcounter5,normal,seed11,203,3261.3454545454547
hpmcounter5,normal,seed11,204,3265.278787878788
hpmcounter5,normal,seed11,205,3264.909090909091
hpmcounter5,normal,seed11,206,3265.5454545454545
hpmcounter5,normal,seed11,207,3263.957575757576
hpmcounter5,normal,seed11,208,3264.10303030303
hpmcounter5,normal,seed11,209,3264.836363636364
hpmcounter5,normal,seed11,210,3265.1878787878786
hpmcounter5,normal,seed11,211,3263.836363636364
hpmcounter5,normal,seed11,212,3263.9454545454546
hpmcounter5,normal,seed11,213,3264.721212121212
hpmcounter5,normal,seed11,214,3267.0969696969696
hpmcounter5,normal,seed11,215,3265.6363636363635
hpmcounter5,normal,seed11,216,3264.030303030303
hpmcounter5,normal,seed11,217,3261.5636363636363
hpmcounter5,normal,seed11,218,3258.387878787879
hpmcounter5,normal,seed11,219,3256.890909090909
hpmcounter5,normal,seed11,220,3255.6181818181817
hpmcounter5,normal,seed11,221,3253.4060606060607
hpmcounter5,normal,seed11,222,3252.1575757575756
hpmcounter5,normal,seed11,223,3250.909090909091
hpmcounter5,normal,seed11,224,3250.806060606061
hpmcounter5,normal,seed11,225,3252.5151515151515
hpmcounter5,normal,seed11,226,3254.042424242424
hpmcounter5,normal,seed11,227,3255.090909090909
hpmcounter5,normal,seed11,228,3256.418181818182
hpmcounter5,normal,seed11,229,3259.830303030303
hpmcounter5,normal,seed11,230,3264.090909090909
hpmcounter5,normal,seed11,231,3269.0969696969696
hpmcounter5,normal,seed11,232,3273.29696969697
hpmcounter5,normal,seed11,233,3274.509090909091
hpmcounter5,normal,seed11,234,3276.5939393939393
hpmcounter5,normal,seed11,235,3280.4969696969697
hpmcounter5,normal,seed11,236,3280.7151515151513
hpmcounter5,normal,seed11,237,3276.8848484848486
hpmcounter5,normal,seed11,238,3271.0363636363636
hpmcounter5,normal,seed11,239,3266.8
hpmcounter5,normal,seed11,240,3260.7939393939396
hpmcounter5,normal,seed11,241,3256.4060606060607
hpmcounter5,normal,seed11,242,3255.5272727272727
hpmcounter5,normal,seed11,243,3253.078787878788
hpmcounter5,normal,seed11,244,3255.1757575757574
hpmcounter5,normal,seed11,245,3259.060606060606
hpmcounter5,normal,seed11,246,3263.569696969697
hpmcounter5,normal,seed11,247,3266.2606060606063
hpmcounter5,normal,seed11,248,3265.769696969697
hpmcounter5,normal,seed11,249,3267.2545454545457
hpmcounter5,normal,seed11,250,3269.3515151515153
hpmcounter5,normal,seed11,251,3270.6545454545453
hpmcounter5,normal,seed11,252,3270.430303030303
hpmcounter5,normal,seed11,253,3267.0363636363636
hpmcounter5,normal,seed11,254,3264.042424242424
hpmcounter5,normal,seed11,255,3260.224242424242
hpmcounter5,normal,seed11,256,3259.1575757575756
hpmcounter5,normal,seed11,257,3255.1272727272726
hpmcounter5,normal,seed11,258,3248.9151515151516
hpmcounter5,normal,seed11,259,3245.4121212121213
hpmcounter5,normal,seed11,260,3245.806060606061
hpmcounter5,normal,seed11,261,3250.5454545454545
hpmcounter5,normal,seed11,262,3255.7939393939396
hpmcounter5,normal,seed11,263,3257.6969696969695
hpmcounter5,normal,seed11,264,3260.0969696969696
hpmcounter5,normal,seed11,265,3261.509090909091
hpmcounter5,normal,seed11,266,3265.2545454545457
hpmcounter5,normal,seed11,267,3268.078787878788
hpmcounter5,normal,seed11,268,3267.9454545454546
hpmcounter5,normal,seed11,269,3266.0363636363636
hpmcounter5,normal,seed11,270,3261.8848484848486
hpmcounter5,normal,seed11,271,3273.2909090909093
hpmcounter5,normal,seed11,272,3283.6
hpmcounter5,normal,seed11,273,3290.6545454545453
hpmcounter5,normal,seed11,274,3292.551515151515
hpmcounter5,normal,seed11,275,3291.927272727273
hpmcounter5,normal,seed11,276,3289.981818181818
hpmcounter5,normal,seed11,277,3289.5272727272727
hpmcounter5,normal,seed11,278,3286.7272727272725
hpmcounter5,normal,seed11,279,3280.193939393939
hpmcounter5,normal,seed11,280,3271.630303030303
hpmcounter5,normal,seed11,281,3276.048484848485
hpmcounter5,normal,seed11,282,3279.193939393939
hpmcounter5,normal,seed11,283,3283.0666666666666
hpmcounter5,normal,seed11,284,3282.4727272727273
hpmcounter5,normal,seed11,285,3281.6181818181817
hpmcounter5,normal,seed11,286,3278.1575757575756
hpmcounter5,normal,seed11,287,3274.951515151515
hpmcounter5,normal,seed11,288,3271.2060606060604
hpmcounter5,normal,seed11,289,3265.1454545454544
hpmcounter5,normal,seed11,290,3263.3757575757577
hpmcounter5,normal,seed11,291,3261.818181818182
hpmcounter5,normal,seed11,292,3260.048484848485
hpmcounter5,normal,seed11,293,3257.7939393939396
hpmcounter5,normal,seed11,294,3255.757575757576
hpmcounter5,normal,seed11,295,3257.660606060606
hpmcounter5,normal,seed11,296,3260.551515151515
hpmcounter5,normal,seed11,297,3264.8242424242426
hpmcounter5,normal,seed11,298,3267.7818181818184
hpmcounter5,normal,seed12,9,3259.3454545454547
hpmcounter5,normal,seed12,10,3255.769696969697
hpmcounter5,normal,seed12,11,3251.8242424242426
hpmcounter5,normal,seed12,12,3249.448484848485
hpmcounter5,normal,seed12,13,3245.5575757575757
hpmcounter5,normal,seed12,14,3241.9454545454546
hpmcounter5,normal,seed12,15,3240.3939393939395
hpmcounter5,normal,seed12,16,3239.8121212121214
hpmcounter5,normal,seed12,17,3241.5272727272727
hpmcounter5,normal,seed12,18,3243.2909090909093
hpmcounter5,normal,seed12,19,3248.7090909090907
hpmcounter5,normal,seed12,20,3254.2181818181816
hpmcounter5,normal,seed12,21,3259.3454545454547
hpmcounter5,normal,seed12,22,3264.4060606060607
hpmcounter5,normal,seed12,23,3265.5272727272727
hpmcounter5,normal,seed12,24,3265.151515151515
hpmcounter5,normal,seed12,25,3261.266666666667
hpmcounter5,normal,seed12,26,3255.3212121212123
hpmcounter5,normal,seed12,27,3248.8848484848486
hpmcounter5,normal,seed12,28,3241.836363636364
hpmcounter5,normal,seed12,29,3238.2181818181816
hpmcounter5,normal,seed12,30,3239.169696969697
hpmcounter5,normal,seed12,31,3240.4727272727273
hpmcounter5,normal,seed12,32,3242.5333333333333
hpmcounter5,normal,seed12,33,3261.7090909090907
hpmcounter5,normal,seed12,34,3277.3212121212123
hpmcounter5,normal,seed12,35,3305.7939393939396
hpmcounter5,normal,seed12,36,3341.278787878788
hpmcounter5,normal,seed12,37,3362.612121212121
hpmcounter5,normal,seed12,38,3374.5030303030303
hpmcounter5,normal,seed12,39,3377.0666666666666
hpmcounter5,normal,seed12,40,3389.0060606060606
hpmcounter5,normal,seed12,41,3401.6242424242423
hpmcounter5,normal,seed12,42,3408.242424242424
hpmcounter5,normal,seed12,43,3413.7818181818184
hpmcounter5,normal,seed12,44,3403.7818181818184
hpmcounter5,normal,seed12,45,3411.0363636363636
hpmcounter5,normal,seed12,46,3433.612121212121
hpmcounter5,normal,seed12,47,3451.4969696969697
hpmcounter5,normal,seed12,48,3450.4848484848485
hpmcounter5,normal,seed12,49,3427.721212121212
hpmcounter5,normal,seed12,50,3404.7939393939396
hpmcounter5,normal,seed12,51,3399.3212121212123
hpmcounter5,normal,seed12,52,3410.630303030303
hpmcounter5,normal,seed12,53,3419.7272727272725
hpmcounter5,normal,seed12,54,3408.6242424242423
hpmcounter5,normal,seed12,55,3396.0848484848484
hpmcounter5,normal,seed12,56,3382.957575757576
hpmcounter5,normal,seed12,57,3376.2484848484846
hpmcounter5,normal,seed12,58,3359.109090909091
hpmcounter5,normal,seed12,59,3333.775757575758
hpmcounter5,normal,seed12,60,3296.418181818182
hpmcounter5,normal,seed12,61,3268.2848484848487
hpmcounter5,normal,seed12,62,3253.048484848485
hpmcounter5,normal,seed12,63,3252.70303030303
hpmcounter5,normal,seed12,64,3250.5636363636363
hpmcounter5,normal,seed12,65,3250.7393939393937
hpmcounter5,normal,seed12,66,3252.266666666667
hpmcounter5,normal,seed12,67,3254.6242424242423
hpmcounter5,normal,seed12,68,3254.3454545454547
hpmcounter5,normal,seed12,69,3255.6969696969695
hpmcounter5,normal,seed12,70,3254.612121212121
hpmcounter5,normal,seed12,71,3256.787878787879
hpmcounter5,normal,seed12,72,3258.3939393939395
hpmcounter5,normal,seed12,73,3257.0848484848484
hpmcounter5,normal,seed12,74,3253.10303030303
hpmcounter5,normal,seed12,75,3251.521212121212
hpmcounter5,normal,seed12,76,3255.539393939394
hpmcounter5,normal,seed12,77,3260.2545454545457
hpmcounter5,normal,seed12,78,3261.1757575757574
hpmcounter5,normal,seed12,79,3261.6666666666665
hpmcounter5,normal,seed12,80,3260.5272727272727
hpmcounter5,normal,seed12,81,3261.927272727273
hpmcounter5,normal,seed12,82,3263.3151515151517
hpmcounter5,normal,seed12,83,3260.672727272727
hpmcounter5,normal,seed12,84,3255.672727272727
hpmcounter5,normal,seed12,85,3252.418181818182
hpmcounter5,normal,seed12,86,3253.3939393939395
hpmcounter5,normal,seed12,87,3255.521212121212
hpmcounter5,normal,seed12,88,3255.193939393939
hpmcounter5,normal,seed12,89,3254.121212121212
hpmcounter5,normal,seed12,90,3256.242424242424
hpmcounter5,normal,seed12,91,3258.5939393939393
hpmcounter5,normal,seed12,92,3263.3454545454547
hpmcounter5,normal,seed12,93,3267.1575757575756
hpmcounter5,normal,seed12,94,3270.012121212121
hpmcounter5,normal,seed12,95,3272.430303030303
hpmcounter5,normal,seed12,96,3273.193939393939
hpmcounter5,normal,seed12,97,3273.957575757576
hpmcounter5,normal,seed12,98,3272.387878787879
hpmcounter5,normal,seed12,99,3266.1454545454544
hpmcounter5,normal,seed12,100,3260.3151515151517
hpmcounter5,normal,seed12,101,3253.460606060606
hpmcounter5,normal,seed12,102,3248.224242424242
hpmcounter5,normal,seed12,103,3246.163636363636
hpmcounter5,normal,seed12,104,3246.866666666667
hpmcounter5,normal,seed12,105,3248.775757575758
hpmcounter5,normal,seed12,106,3252.060606060606
hpmcounter5,normal,seed12,107,3261.1454545454544
hpmcounter5,normal,seed12,108,3268.551515151515
hpmcounter5,normal,seed12,109,3273.5939393939393
hpmcounter5,normal,seed12,110,3275.89696969697
hpmcounter5,normal,seed12,111,3276.6242424242423
hpmcounter5,normal,seed12,112,3273.8727272727274
hpmcounter5,normal,seed12,113,3269.5151515151515
hpmcounter5,normal,seed12,114,3265.878787878788
hpmcounter5,normal,seed12,115,3259.7272727272725
hpmcounter5,normal,seed12,116,3254.490909090909
hpmcounter5,normal,seed12,117,3252.818181818182
hpmcounter5,normal,seed12,118,3251.878787878788
hpmcounter5,normal,seed12,119,3253.2909090909093
hpmcounter5,normal,seed12,120,3255.8
hpmcounter5,normal,seed12,121,3256.806060606061
hpmcounter5,normal,seed12,122,3255.430303030303
hpmcounter5,normal,seed12,123,3252.866666666667
hpmcounter5,normal,seed12,124,3252.6
hpmcounter5,normal,seed12,125,3253.418181818182
hpmcounter5,normal,seed12,126,3253.8545454545456
hpmcounter5,normal,seed12,127,3252.5030303030303
hpmcounter5,normal,seed12,128,3254.5878787878787
hpmcounter5,normal,seed12,129,3258.836363636364
hpmcounter5,normal,seed12,130,3264.8727272727274
hpmcounter5,normal,seed12,131,3267.987878787879
hpmcounter5,normal,seed12,132,3269.551515151515
hpmcounter5,normal,seed12,133,3268.072727272727
hpmcounter5,normal,seed12,134,3267.163636363636
hpmcounter5,normal,seed12,135,3267.418181818182
hpmcounter5,normal,seed12,136,3267.2484848484846
hpmcounter5,normal,seed12,137,3267.89696969697
hpmcounter5,normal,seed12,138,3269.0545454545454
hpmcounter5,normal,seed12,139,3268.163636363636
hpmcounter5,normal,seed12,140,3265.8727272727274
hpmcounter5,normal,seed12,141,3263.048484848485
hpmcounter5,normal,seed12,142,3260.29696969697
hpmcounter5,normal,seed12,143,3255.509090909091
hpmcounter5,normal,seed12,144,3249.018181818182
hpmcounter5,normal,seed12,145,3242.8424242424244
hpmcounter5,normal,seed12,146,3237.042424242424
hpmcounter5,normal,seed12,147,3236.7939393939396
hpmcounter5,normal,seed12,148,3238.7272727272725
hpmcounter5,normal,seed12,149,3241.5454545454545
hpmcounter5,normal,seed12,150,3245.7515151515154
hpmcounter5,normal,seed12,151,3250.8
hpmcounter5,normal,seed12,152,3253.9636363636364
hpmcounter5,normal,seed12,153,3255.078787878788
hpmcounter5,normal,seed12,154,3254.5272727272727
hpmcounter5,normal,seed12,155,3251.987878787879
hpmcounter5,normal,seed12,156,3250.181818181818
hpmcounter5,normal,seed12,157,3246.5575757575757
hpmcounter5,normal,seed12,158,3244.672727272727
hpmcounter5,normal,seed12,159,3244.987878787879
hpmcounter5,normal,seed12,160,3246.8424242424244
hpmcounter5,normal,seed12,161,3250.7515151515154
hpmcounter5,normal,seed12,162,3255.4121212121213
hpmcounter5,normal,seed12,163,3258.1757575757574
hpmcounter5,normal,seed12,164,3261.5151515151515
hpmcounter5,normal,seed12,165,3261.060606060606
hpmcounter5,normal,seed12,166,3261.6545454545453
hpmcounter5,normal,seed12,167,3260.5757575757575
hpmcounter5,normal,seed12,168,3259.151515151515
hpmcounter5,normal,seed12,169,3260.2363636363634
hpmcounter5,normal,seed12,170,3258.630303030303
hpmcounter5,normal,seed12,171,3254.9333333333334
hpmcounter5,normal,seed12,172,3251.430303030303
hpmcounter5,normal,seed12,173,3247.3939393939395
hpmcounter5,normal,seed12,174,3245.8424242424244
hpmcounter5,normal,seed12,175,3245.721212121212
hpmcounter5,normal,seed12,176,3244.1151515151514
hpmcounter5,normal,seed12,177,3244.5575757575757
hpmcounter5,normal,seed12,178,3246.581818181818
hpmcounter5,normal,seed12,179,3249.5878787878787
hpmcounter5,normal,seed12,180,3251.6848484848483
hpmcounter5,normal,seed12,181,3252.8424242424244
hpmcounter5,normal,seed12,182,3251.3636363636365
hpmcounter5,normal,seed12,183,3248.4545454545455
hpmcounter5,normal,seed12,184,3245.8121212121214
hpmcounter5,normal,seed12,185,3245.4545454545455
hpmcounter5,normal,seed12,186,3246.4060606060607
hpmcounter5,normal,seed12,187,3250.1878787878786
hpmcounter5,normal,seed12,188,3254.551515151515
hpmcounter5,normal,seed12,189,3255.89696969697
hpmcounter5,normal,seed12,190,3257.224242424242
hpmcounter5,normal,seed12,191,3260.0545454545454
hpmcounter5,normal,seed12,192,3262.163636363636
hpmcounter5,normal,seed12,193,3264.151515151515
hpmcounter5,normal,seed12,194,3264.70303030303
hpmcounter5,normal,seed12,195,3264.5636363636363
hpmcounter5,normal,seed12,196,3268.6363636363635
hpmcounter5,normal,seed12,197,3272.4545454545455
hpmcounter5,normal,seed12,198,3274.012121212121
hpmcounter5,normal,seed12,199,3274.430303030303
hpmcounter5,normal,seed12,200,3273.4
hpmcounter5,normal,seed12,201,3272.8848484848486
hpmcounter5,normal,seed12,202,3271.169696969697
hpmcounter5,normal,seed12,203,3269.042424242424
hpmcounter5,normal,seed12,204,3264.29696969697
hpmcounter5,normal,seed12,205,3260.369696969697
hpmcounter5,normal,seed12,206,3261.4
hpmcounter5,normal,seed12,207,3262.6181818181817
hpmcounter5,normal,seed12,208,3263.3030303030305
hpmcounter5,normal,seed12,209,3263.642424242424
hpmcounter5,normal,seed12,210,3261.430303030303
hpmcounter5,normal,seed12,211,3258.212121212121
hpmcounter5,normal,seed12,212,3255.878787878788
hpmcounter5,normal,seed12,213,3253.5757575757575
hpmcounter5,normal,seed12,214,3250.909090909091
hpmcounter5,normal,seed12,215,3248.927272727273
hpmcounter5,normal,seed12,216,3247.551515151515
hpmcounter5,normal,seed12,217,3248.733333333333
hpmcounter5,normal,seed12,218,3252.9151515151516
hpmcounter5,normal,seed12,219,3256.7818181818184
hpmcounter5,normal,seed12,220,3261.551515151515
hpmcounter5,normal,seed12,221,3264.4666666666667
hpmcounter5,normal,seed12,222,3268.3454545454547
hpmcounter5,normal,seed12,223,3269.9030303030304
hpmcounter5,normal,seed12,224,3286.6545454545453
hpmcounter5,normal,seed12,225,3313.5333333333333
hpmcounter5,normal,seed12,226,3349.1454545454544
hpmcounter5,normal,seed12,227,3389.2484848484846
hpmcounter5,normal,seed12,228,3430.4848484848485
hpmcounter5,normal,seed12,229,3471.89696969697
hpmcounter5,normal,seed12,230,3508.672727272727
hpmcounter5,normal,seed12,231,3539.7272727272725
hpmcounter5,normal,seed12,232,3559.7393939393937
hpmcounter5,normal,seed12,233,3545.2606060606063
hpmcounter5,normal,seed12,234,3517.939393939394
hpmcounter5,normal,seed12,235,3477.8
hpmcounter5,normal,seed12,236,3435.478787878788
hpmcounter5,normal,seed12,237,3391.4
hpmcounter5,normal,seed12,238,3346.818181818182
hpmcounter5,normal,seed12,239,3309.181818181818
hpmcounter5,normal,seed12,240,3277.9151515151516
hpmcounter5,normal,seed12,241,3259.927272727273
hpmcounter5,normal,seed12,242,3258.2727272727275
hpmcounter5,normal,seed12,243,3254.109090909091
hpmcounter5,normal,seed12,244,3253.5030303030303
hpmcounter5,normal,seed12,245,3251.909090909091
hpmcounter5,normal,seed12,246,3251.242424242424
hpmcounter5,normal,seed12,247,3250.9636363636364
hpmcounter5,normal,seed12,248,3248.757575757576
hpmcounter5,normal,seed12,249,3247.151515151515
hpmcounter5,normal,seed12,250,3245.2363636363634
hpmcounter5,normal,seed12,251,3244.7393939393937
hpmcounter5,normal,seed12,252,3247.2363636363634
hpmcounter5,normal,seed12,253,3250.660606060606
hpmcounter5,normal,seed12,254,3255.1272727272726
hpmcounter5,normal,seed12,255,3261.1575757575756
hpmcounter5,normal,seed12,256,3267.387878787879
hpmcounter5,normal,seed12,257,3272.072727272727
hpmcounter5,normal,seed12,258,3274.2606060606063
hpmcounter5,normal,seed12,259,3275.5333333333333
hpmcounter5,normal,seed12,260,3274.0
hpmcounter5,normal,seed12,261,3272.430303030303
hpmcounter5,normal,seed12,262,3271.3818181818183
hpmcounter5,normal,seed12,263,3272.6
hpmcounter5,normal,seed12,264,3269.769696969697
hpmcounter5,normal,seed12,265,3266.9333333333334
hpmcounter5,normal,seed12,266,3264.7090909090907
hpmcounter5,normal,seed12,267,3259.339393939394
hpmcounter5,normal,seed12,268,3253.2909090909093
hpmcounter5,normal,seed12,269,3250.1757575757574
hpmcounter5,normal,seed12,270,3247.5939393939393
hpmcounter5,normal,seed12,271,3246.4848484848485
hpmcounter5,normal,seed12,272,3248.4121212121213
hpmcounter5,normal,seed12,273,3249.8848484848486
hpmcounter5,normal,seed12,274,3249.927272727273
hpmcounter5,normal,seed12,275,3265.878787878788
hpmcounter5,normal,seed12,276,3295.0969696969696
hpmcounter5,normal,seed12,277,3330.7939393939396
hpmcounter5,normal,seed12,278,3372.4121212121213
hpmcounter5,normal,seed12,279,3417.048484848485
hpmcounter5,normal,seed12,280,3443.121212121212
hpmcounter5,normal,seed12,281,3450.3939393939395
hpmcounter5,normal,seed12,282,3444.569696969697
hpmcounter5,normal,seed12,283,3421.430303030303
hpmcounter5,normal,seed12,284,3381.0363636363636
hpmcounter5,normal,seed12,285,3340.3333333333335
hpmcounter5,normal,seed12,286,3304.10303030303
hpmcounter5,normal,seed12,287,3275.1757575757574
hpmcounter5,normal,seed12,288,3257.70303030303
hpmcounter5,normal,seed12,289,3257.327272727273
hpmcounter5,normal,seed12,290,3256.642424242424
hpmcounter5,normal,seed12,291,3254.7939393939396
hpmcounter5,normal,seed12,292,3254.9030303030304
hpmcounter5,normal,seed12,293,3255.9151515151516
hpmcounter5,normal,seed12,294,3260.927272727273
hpmcounter5,normal,seed12,295,3263.490909090909
hpmcounter5,normal,seed12,296,3265.030303030303
hpmcounter5,normal,seed12,297,3269.193939393939
hpmcounter5,normal,seed12,298,3268.133333333333
hpmcounter5,normal,seed13,9,3252.5272727272727
hpmcounter5,normal,seed13,10,3247.981818181818
hpmcounter5,normal,seed13,11,3244.6060606060605
hpmcounter5,normal,seed13,12,3243.6787878787877
hpmcounter5,normal,seed13,13,3244.490909090909
hpmcounter5,normal,seed13,14,3246.2545454545457
hpmcounter5,normal,seed13,15,3248.9151515151516
hpmcounter5,normal,seed13,16,3250.1878787878786
hpmcounter5,normal,seed13,17,3252.4727272727273
hpmcounter5,normal,seed13,18,3255.7151515151513
hpmcounter5,normal,seed13,19,3261.830303030303
hpmcounter5,normal,seed13,20,3265.70303030303
hpmcounter5,normal,seed13,21,3267.5575757575757
hpmcounter5,normal,seed13,22,3268.1757575757574
hpmcounter5,normal,seed13,23,3267.612121212121
hpmcounter5,normal,seed13,24,3266.757575757576
hpmcounter5,normal,seed13,25,3262.806060606061
hpmcounter5,normal,seed13,26,3258.2484848484846
hpmcounter5,normal,seed13,27,3252.7939393939396
hpmcounter5,normal,seed13,28,3249.1272727272726
hpmcounter5,normal,seed13,29,3250.181818181818
hpmcounter5,normal,seed13,30,3253.4666666666667
hpmcounter5,normal,seed13,31,3257.6969696969695
hpmcounter5,normal,seed13,32,3259.4424242424243
hpmcounter5,normal,seed13,33,3261.4363636363637
hpmcounter5,normal,seed13,34,3263.121212121212
hpmcounter5,normal,seed13,35,3260.2
hpmcounter5,normal,seed13,36,3256.7090909090907
hpmcounter5,normal,seed13,37,3253.151515151515
hpmcounter5,normal,seed13,38,3249.5636363636363
hpmcounter5,normal,seed13,39,3246.787878787879
hpmcounter5,normal,seed13,40,3245.2
hpmcounter5,normal,seed13,41,3248.6060606060605
hpmcounter5,normal,seed13,42,3250.3212121212123
hpmcounter5,normal,seed13,43,3253.6666666666665
hpmcounter5,normal,seed13,44,3258.939393939394
hpmcounter5,normal,seed13,45,3260.6
hpmcounter5,normal,seed13,46,3262.8727272727274
hpmcounter5,normal,seed13,47,3267.0545454545454
hpmcounter5,normal,seed13,48,3269.5575757575757
hpmcounter5,normal,seed13,49,3269.9151515151516
hpmcounter5,normal,seed13,50,3269.278787878788
hpmcounter5,normal,seed13,51,3269.212121212121
hpmcounter5,normal,seed13,52,3267.7939393939396
hpmcounter5,normal,seed13,53,3266.4060606060607
hpmcounter5,normal,seed13,54,3265.9757575757576
hpmcounter5,normal,seed13,55,3262.890909090909
hpmcounter5,normal,seed13,56,3260.060606060606
hpmcounter5,normal,seed13,57,3260.721212121212
hpmcounter5,normal,seed13,58,3261.4727272727273
hpmcounter5,normal,seed13,59,3261.0060606060606
hpmcounter5,normal,seed13,60,3262.460606060606
hpmcounter5,normal,seed13,61,3263.339393939394
hpmcounter5,normal,seed13,62,3279.7515151515154
hpmcounter5,normal,seed13,63,3291.4363636363637
hpmcounter5,normal,seed13,64,3302.3212121212123
hpmcounter5,normal,seed13,65,3310.0060606060606
hpmcounter5,normal,seed13,66,3313.5454545454545
hpmcounter5,normal,seed13,67,3311.012121212121
hpmcounter5,normal,seed13,68,3304.6
hpmcounter5,normal,seed13,69,3292.7151515151513
hpmcounter5,normal,seed13,70,3277.939393939394
hpmcounter5,normal,seed13,71,3257.4060606060607
hpmcounter5,normal,seed13,72,3252.212121212121
hpmcounter5,normal,seed13,73,3247.987878787879
hpmcounter5,normal,seed13,74,3246.3212121212123
hpmcounter5,normal,seed13,75,3246.1151515151514
hpmcounter5,normal,seed13,76,3249.4727272727273
hpmcounter5,normal,seed13,77,3251.951515151515
hpmcounter5,normal,seed13,78,3254.672727272727
hpmcounter5,normal,seed13,79,3256.787878787879
hpmcounter5,normal,seed13,80,3264.2060606060604
hpmcounter5,normal,seed13,81,3267.3333333333335
hpmcounter5,normal,seed13,82,3267.1272727272726
hpmcounter5,normal,seed13,83,3266.181818181818
hpmcounter5,normal,seed13,84,3266.212121212121
hpmcounter5,normal,seed13,85,3263.266666666667
hpmcounter5,normal,seed13,86,3263.7272727272725
hpmcounter5,normal,seed13,87,3262.109090909091
hpmcounter5,normal,seed13,88,3261.642424242424
hpmcounter5,normal,seed13,89,3258.5030303030303
hpmcounter5,normal,seed13,90,3260.539393939394
hpmcounter5,normal,seed13,91,3261.70303030303
hpmcounter5,normal,seed13,92,3262.769696969697
hpmcounter5,normal,seed13,93,3264.2060606060604
hpmcounter5,normal,seed13,94,3264.012121212121
hpmcounter5,normal,seed13,95,3260.775757575758
hpmcounter5,normal,seed13,96,3261.9636363636364
hpmcounter5,normal,seed13,97,3259.5333333333333
hpmcounter5,normal,seed13,98,3260.2
hpmcounter5,normal,seed13,99,3258.672727272727
hpmcounter5,normal,seed13,100,3257.090909090909
hpmcounter5,normal,seed13,101,3256.1151515151514
hpmcounter5,normal,seed13,102,3256.4545454545455
hpmcounter5,normal,seed13,103,3259.5030303030303
hpmcounter5,normal,seed13,104,3261.539393939394
hpmcounter5,normal,seed13,105,3259.3939393939395
hpmcounter5,normal,seed13,106,3259.672727272727
hpmcounter5,normal,seed13,107,3259.7515151515154
hpmcounter5,normal,seed13,108,3260.0060606060606
hpmcounter5,normal,seed13,109,3262.2545454545457
hpmcounter5,normal,seed13,110,3263.757575757576
hpmcounter5,normal,seed13,111,3265.29696969697
hpmcounter5,normal,seed13,112,3265.048484848485
hpmcounter5,normal,seed13,113,3265.836363636364
hpmcounter5,normal,seed13,114,3266.9454545454546
hpmcounter5,normal,seed13,115,3262.569696969697
hpmcounter5,normal,seed13,116,3259.048484848485
hpmcounter5,normal,seed13,117,3256.9636363636364
hpmcounter5,normal,seed13,118,3256.6787878787877
hpmcounter5,normal,seed13,119,3259.6484848484847
hpmcounter5,normal,seed13,120,3262.3030303030305
hpmcounter5,normal,seed13,121,3265.642424242424
hpmcounter5,normal,seed13,122,3268.109090909091
hpmcounter5,normal,seed13,123,3270.339393939394
hpmcounter5,normal,seed13,124,3271.0545454545454
hpmcounter5,normal,seed13,125,3267.181818181818
hpmcounter5,normal,seed13,126,3262.890909090909
hpmcounter5,normal,seed13,127,3258.387878787879
hpmcounter5,normal,seed13,128,3255.721212121212
hpmcounter5,normal,seed13,129,3255.490909090909
hpmcounter5,normal,seed13,130,3254.612121212121
hpmcounter5,normal,seed13,131,3253.6484848484847
hpmcounter5,normal,seed13,132,3251.890909090909
hpmcounter5,normal,seed13,133,3250.448484848485
hpmcounter5,normal,seed13,134,3251.551515151515
hpmcounter5,normal,seed13,135,3251.4121212121213
hpmcounter5,normal,seed13,136,3250.1151515151514
hpmcounter5,normal,seed13,137,3247.775757575758
hpmcounter5,normal,seed13,138,3244.10303030303
hpmcounter5,normal,seed13,139,3244.6666666666665
hpmcounter5,normal,seed13,140,3245.3818181818183
hpmcounter5,normal,seed13,141,3247.551515151515
hpmcounter5,normal,seed13,142,3245.2
hpmcounter5,normal,seed13,143,3244.3212121212123
hpmcounter5,normal,seed13,144,3248.5030303030303
hpmcounter5,normal,seed13,145,3254.5878787878787
hpmcounter5,normal,seed13,146,3259.8727272727274
hpmcounter5,normal,seed13,147,3262.490909090909
hpmcounter5,normal,seed13,148,3261.5636363636363
hpmcounter5,normal,seed13,149,3263.5333333333333
hpmcounter5,normal,seed13,150,3266.121212121212
hpmcounter5,normal,seed13,151,3270.018181818182
hpmcounter5,normal,seed13,152,3269.9757575757576
hpmcounter5,normal,seed13,153,3269.133333333333
hpmcounter5,normal,seed13,154,3266.7818181818184
hpmcounter5,normal,seed13,155,3262.70303030303
hpmcounter5,normal,seed13,156,3258.2484848484846
hpmcounter5,normal,seed13,157,3256.2909090909093
hpmcounter5,normal,seed13,158,3252.4363636363637
hpmcounter5,normal,seed13,159,3249.6545454545453
hpmcounter5,normal,seed13,160,3250.757575757576
hpmcounter5,normal,seed13,161,3269.3151515151517
hpmcounter5,normal,seed13,162,3300.5575757575757
hpmcounter5,normal,seed13,163,3340.2727272727275
hpmcounter5,normal,seed13,164,3365.551515151515
hpmcounter5,normal,seed13,165,3378.2060606060604
hpmcounter5,normal,seed13,166,3377.8545454545456
hpmcounter5,normal,seed13,167,3369.757575757576
hpmcounter5,normal,seed13,168,3352.387878787879
hpmcounter5,normal,seed13,169,3324.890909090909
hpmcounter5,normal,seed13,170,3290.672727272727
hpmcounter5,normal,seed13,171,3266.866666666667
hpmcounter5,normal,seed13,172,3257.8424242424244
hpmcounter5,normal,seed13,173,3264.030303030303
hpmcounter5,normal,seed13,174,3266.309090909091
hpmcounter5,normal,seed13,175,3268.951515151515
hpmcounter5,normal,seed13,176,3269.951515151515
hpmcounter5,normal,seed13,177,3270.018181818182
hpmcounter5,normal,seed13,178,3268.987878787879
hpmcounter5,normal,seed13,179,3267.787878787879
hpmcounter5,normal,seed13,180,3267.921212121212
hpmcounter5,normal,seed13,181,3266.460606060606
hpmcounter5,normal,seed13,182,3268.878787878788
hpmcounter5,normal,seed13,183,3270.0848484848484
hpmcounter5,normal,seed13,184,3269.5575757575757
hpmcounter5,normal,seed13,185,3269.1272727272726
hpmcounter5,normal,seed13,186,3269.2606060606063
hpmcounter5,normal,seed13,187,3269.521212121212
hpmcounter5,normal,seed13,188,3268.6060606060605
hpmcounter5,normal,seed13,189,3266.6545454545453
hpmcounter5,normal,seed13,190,3266.581818181818
hpmcounter5,normal,seed13,191,3266.0848484848484
hpmcounter5,normal,seed13,192,3267.327272727273
hpmcounter5,normal,seed13,193,3268.4
hpmcounter5,normal,seed13,194,3271.3636363636365
hpmcounter5,normal,seed13,195,3270.430303030303
hpmcounter5,normal,seed13,196,3268.927272727273
hpmcounter5,normal,seed13,197,3267.387878787879
hpmcounter5,normal,seed13,198,3265.0
hpmcounter5,normal,seed13,199,3260.5636363636363
hpmcounter5,normal,seed13,200,3255.339393939394
hpmcounter5,normal,seed13,201,3252.775757575758
hpmcounter5,normal,seed13,202,3248.6848484848483
hpmcounter5,normal,seed13,203,3248.3939393939395
hpmcounter5,normal,seed13,204,3252.030303030303
hpmcounter5,normal,seed13,205,3253.9151515151516
hpmcounter5,normal,seed13,206,3255.5151515151515
hpmcounter5,normal,seed13,207,3254.612121212121
hpmcounter5,normal,seed13,208,3252.642424242424
hpmcounter5,normal,seed13,209,3249.9454545454546
hpmcounter5,normal,seed13,210,3246.339393939394
hpmcounter5,normal,seed13,211,3246.448484848485
hpmcounter5,normal,seed13,212,3247.357575757576
hpmcounter5,normal,seed13,213,3251.369696969697
hpmcounter5,normal,seed13,214,3254.509090909091
hpmcounter5,normal,seed13,215,3255.7636363636366
hpmcounter5,normal,seed13,216,3258.9333333333334
hpmcounter5,normal,seed13,217,3259.775757575758
hpmcounter5,normal,seed13,218,3260.212121212121
hpmcounter5,normal,seed13,219,3258.6969696969695
hpmcounter5,normal,seed13,220,3257.4424242424243
hpmcounter5,normal,seed13,221,3257.1272727272726
hpmcounter5,normal,seed13,222,3259.951515151515
hpmcounter5,normal,seed13,223,3262.2606060606063
hpmcounter5,normal,seed13,224,3264.266666666667
hpmcounter5,normal,seed13,225,3262.224242424242
hpmcounter5,normal,seed13,226,3261.981818181818
hpmcounter5,normal,seed13,227,3261.9030303030304
hpmcounter5,normal,seed13,228,3261.957575757576
hpmcounter5,normal,seed13,229,3261.6545454545453
hpmcounter5,normal,seed13,230,3263.539393939394
hpmcounter5,normal,seed13,231,3264.7272727272725
hpmcounter5,normal,seed13,232,3268.642424242424
hpmcounter5,normal,seed13,233,3267.6848484848483
hpmcounter5,normal,seed13,234,3265.9757575757576
hpmcounter5,normal,seed13,235,3262.9636363636364
hpmcounter5,normal,seed13,236,3261.0969696969696
hpmcounter5,normal,seed13,237,3257.5333333333333
hpmcounter5,normal,seed13,238,3254.5333333333333
hpmcounter5,normal,seed13,239,3251.4727272727273
hpmcounter5,normal,seed13,240,3249.3151515151517
hpmcounter5,normal,seed13,241,3246.1575757575756
hpmcounter5,normal,seed13,242,3248.490909090909
hpmcounter5,normal,seed13,243,3247.9757575757576
hpmcounter5,normal,seed13,244,3247.6969696969695
hpmcounter5,normal,seed13,245,3250.6545454545453
hpmcounter5,normal,seed13,246,3253.5030303030303
hpmcounter5,normal,seed13,247,3251.9030303030304
hpmcounter5,normal,seed13,248,3250.090909090909
hpmcounter5,normal,seed13,249,3249.630303030303
hpmcounter5,normal,seed13,250,3250.8848484848486
hpmcounter5,normal,seed13,251,3252.551515151515
hpmcounter5,normal,seed13,252,3254.987878787879
hpmcounter5,normal,seed13,253,3253.109090909091
hpmcounter5,normal,seed13,254,3252.090909090909
hpmcounter5,normal,seed13,255,3253.1878787878786
hpmcounter5,normal,seed13,256,3254.0545454545454
hpmcounter5,normal,seed13,257,3250.7272727272725
hpmcounter5,normal,seed13,258,3247.0666666666666
hpmcounter5,normal,seed13,259,3244.860606060606
hpmcounter5,normal,seed13,260,3246.89696969697
hpmcounter5,normal,seed13,261,3253.2848484848487
hpmcounter5,normal,seed13,262,3259.0969696969696
hpmcounter5,normal,seed13,263,3262.981818181818
hpmcounter5,normal,seed13,264,3266.909090909091
hpmcounter5,normal,seed13,265,3269.7151515151513
hpmcounter5,normal,seed13,266,3271.7636363636366
hpmcounter5,normal,seed13,267,3271.0848484848484
hpmcounter5,normal,seed13,268,3268.733333333333
hpmcounter5,normal,seed13,269,3264.448484848485
hpmcounter5,normal,seed13,270,3262.163636363636
hpmcounter5,normal,seed13,271,3260.957575757576
hpmcounter5,normal,seed13,272,3258.721212121212
hpmcounter5,normal,seed13,273,3254.5454545454545
hpmcounter5,normal,seed13,274,3250.8848484848486
hpmcounter5,normal,seed13,275,3248.969696969697
hpmcounter5,normal,seed13,276,3249.921212121212
hpmcounter5,normal,seed13,277,3252.0
hpmcounter5,normal,seed13,278,3253.818181818182
hpmcounter5,normal,seed13,279,3254.7636363636366
hpmcounter5,normal,seed13,280,3256.2545454545457
hpmcounter5,normal,seed13,281,3259.8
hpmcounter5,normal,seed13,282,3261.2545454545457
hpmcounter5,normal,seed13,283,3260.169696969697
hpmcounter5,normal,seed13,284,3258.3636363636365
hpmcounter5,normal,seed13,285,3256.2727272727275
hpmcounter5,normal,seed13,286,3254.733333333333
hpmcounter5,normal,seed13,287,3254.4545454545455
hpmcounter5,normal,seed13,288,3254.3151515151517
hpmcounter5,normal,seed13,289,3254.6666666666665
hpmcounter5,normal,seed13,290,3255.169696969697
hpmcounter5,normal,seed13,291,3257.630303030303
hpmcounter5,normal,seed13,292,3256.7818181818184
hpmcounter5,normal,seed13,293,3256.6060606060605
hpmcounter5,normal,seed13,294,3255.957575757576
hpmcounter5,normal,seed13,295,3254.0363636363636
hpmcounter5,normal,seed13,296,3252.309090909091
hpmcounter5,normal,seed13,297,3253.775757575758
hpmcounter5,normal,seed13,298,3270.193939393939
hpmcounter5,normal,seed14,9,3259.266666666667
hpmcounter5,normal,seed14,10,3257.7272727272725
hpmcounter5,normal,seed14,11,3253.6787878787877
hpmcounter5,normal,seed14,12,3252.5272727272727
hpmcounter5,normal,seed14,13,3250.060606060606
hpmcounter5,normal,seed14,14,3248.460606060606
hpmcounter5,normal,seed14,15,3248.030303030303
hpmcounter5,normal,seed14,16,3248.6242424242423
hpmcounter5,normal,seed14,17,3251.630303030303
hpmcounter5,normal,seed14,18,3255.6242424242423
hpmcounter5,normal,seed14,19,3263.109090909091
hpmcounter5,normal,seed14,20,3270.7515151515154
hpmcounter5,normal,seed14,21,3273.5272727272727
hpmcounter5,normal,seed14,22,3275.3818181818183
hpmcounter5,normal,seed14,23,3272.2848484848487
hpmcounter5,normal,seed14,24,3266.569696969697
hpmcounter5,normal,seed14,25,3258.7090909090907
hpmcounter5,normal,seed14,26,3250.1151515151514
hpmcounter5,normal,seed14,27,3242.5636363636363
hpmcounter5,normal,seed14,28,3235.878787878788
hpmcounter5,normal,seed14,29,3235.193939393939
hpmcounter5,normal,seed14,30,3239.733333333333
hpmcounter5,normal,seed14,31,3243.4545454545455
hpmcounter5,normal,seed14,32,3246.1757575757574
hpmcounter5,normal,seed14,33,3249.7939393939396
hpmcounter5,normal,seed14,34,3253.5757575757575
hpmcounter5,normal,seed14,35,3254.8727272727274
hpmcounter5,normal,seed14,36,3253.2363636363634
hpmcounter5,normal,seed14,37,3251.8848484848486
hpmcounter5,normal,seed14,38,3248.448484848485
hpmcounter5,normal,seed14,39,3245.4666666666667
hpmcounter5,normal,seed14,40,3245.5636363636363
hpmcounter5,normal,seed14,41,3248.951515151515
hpmcounter5,normal,seed14,42,3249.6363636363635
hpmcounter5,normal,seed14,43,3254.612121212121
hpmcounter5,normal,seed14,44,3259.6060606060605
hpmcounter5,normal,seed14,45,3262.860606060606
hpmcounter5,normal,seed14,46,3265.478787878788
hpmcounter5,normal,seed14,47,3269.4242424242425
hpmcounter5,normal,seed14,48,3272.181818181818
hpmcounter5,normal,seed14,49,3271.9454545454546
hpmcounter5,normal,seed14,50,3271.4969696969697
hpmcounter5,normal,seed14,51,3273.672727272727
hpmcounter5,normal,seed14,52,3272.6242424242423
hpmcounter5,normal,seed14,53,3275.4242424242425
hpmcounter5,normal,seed14,54,3277.181818181818
hpmcounter5,normal,seed14,55,3274.9939393939394
hpmcounter5,normal,seed14,56,3271.5454545454545
hpmcounter5,normal,seed14,57,3268.860606060606
hpmcounter5,normal,seed14,58,3266.866666666667
hpmcounter5,normal,seed14,59,3265.0545454545454
hpmcounter5,normal,seed14,60,3264.139393939394
hpmcounter5,normal,seed14,61,3264.0969696969696
hpmcounter5,normal,seed14,62,3260.818181818182
hpmcounter5,normal,seed14,63,3259.6181818181817
hpmcounter5,normal,seed14,64,3263.3757575757577
hpmcounter5,normal,seed14,65,3265.0969696969696
hpmcounter5,normal,seed14,66,3263.163636363636
hpmcounter5,normal,seed14,67,3278.0969696969696
hpmcounter5,normal,seed14,68,3305.7515151515154
hpmcounter5,normal,seed14,69,3343.5878787878787
hpmcounter5,normal,seed14,70,3386.2545454545457
hpmcounter5,normal,seed14,71,3414.8242424242426
hpmcounter5,normal,seed14,72,3441.2
hpmcounter5,normal,seed14,73,3450.521212121212
hpmcounter5,normal,seed14,74,3443.2848484848487
hpmcounter5,normal,seed14,75,3418.3030303030305
hpmcounter5,normal,seed14,76,3375.242424242424
hpmcounter5,normal,seed14,77,3335.3212121212123
hpmcounter5,normal,seed14,78,3303.4060606060607
hpmcounter5,normal,seed14,79,3284.460606060606
hpmcounter5,normal,seed14,80,3277.7090909090907
hpmcounter5,normal,seed14,81,3267.848484848485
hpmcounter5,normal,seed14,82,3268.5939393939393
hpmcounter5,normal,seed14,83,3267.612121212121
hpmcounter5,normal,seed14,84,3265.5333333333333
hpmcounter5,normal,seed14,85,3262.6363636363635
hpmcounter5,normal,seed14,86,3259.387878787879
hpmcounter5,normal,seed14,87,3257.078787878788
hpmcounter5,normal,seed14,88,3257.4242424242425
hpmcounter5,normal,seed14,89,3263.29696969697
hpmcounter5,normal,seed14,90,3268.151515151515
hpmcounter5,normal,seed14,91,3273.478787878788
hpmcounter5,normal,seed14,92,3276.266666666667
hpmcounter5,normal,seed14,93,3274.3454545454547
hpmcounter5,normal,seed14,94,3272.5636363636363
hpmcounter5,normal,seed14,95,3267.9030303030304
hpmcounter5,normal,seed14,96,3264.357575757576
hpmcounter5,normal,seed14,97,3263.3636363636365
hpmcounter5,normal,seed14,98,3263.339393939394
hpmcounter5,normal,seed14,99,3264.339393939394
hpmcounter5,normal,seed14,100,3262.2060606060604
hpmcounter5,normal,seed14,101,3259.509090909091
hpmcounter5,normal,seed14,102,3258.5454545454545
hpmcounter5,normal,seed14,103,3258.012121212121
hpmcounter5,normal,seed14,104,3256.7090909090907
hpmcounter5,normal,seed14,105,3253.2363636363634
hpmcounter5,normal,seed14,106,3252.139393939394
hpmcounter5,normal,seed14,107,3253.539393939394
hpmcounter5,normal,seed14,108,3255.957575757576
hpmcounter5,normal,seed14,109,3259.830303030303
hpmcounter5,normal,seed14,110,3262.139393939394
hpmcounter5,normal,seed14,111,3264.806060606061
hpmcounter5,normal,seed14,112,3263.9030303030304
hpmcounter5,normal,seed14,113,3264.5575757575757
hpmcounter5,normal,seed14,114,3266.3454545454547
hpmcounter5,normal,seed14,115,3265.836363636364
hpmcounter5,normal,seed14,116,3263.0060606060606
hpmcounter5,normal,seed14,117,3258.5454545454545
hpmcounter5,normal,seed14,118,3254.7454545454543
hpmcounter5,normal,seed14,119,3252.89696969697
hpmcounter5,normal,seed14,120,3255.642424242424
hpmcounter5,normal,seed14,121,3262.9939393939394
hpmcounter5,normal,seed14,122,3266.5454545454545
hpmcounter5,normal,seed14,123,3272.6666666666665
hpmcounter5,normal,seed14,124,3277.7090909090907
hpmcounter5,normal,seed14,125,3278.7818181818184
hpmcounter5,normal,seed14,126,3275.0363636363636
hpmcounter5,normal,seed14,127,3267.551515151515
hpmcounter5,normal,seed14,128,3261.939393939394
hpmcounter5,normal,seed14,129,3257.8727272727274
hpmcounter5,normal,seed14,130,3254.775757575758
hpmcounter5,normal,seed14,131,3254.957575757576
hpmcounter5,normal,seed14,132,3255.5030303030303
hpmcounter5,normal,seed14,133,3274.4969696969697
hpmcounter5,normal,seed14,134,3291.830303030303
hpmcounter5,normal,seed14,135,3307.5757575757575
hpmcounter5,normal,seed14,136,3315.478787878788
hpmcounter5,normal,seed14,137,3315.509090909091
hpmcounter5,normal,seed14,138,3312.4121212121213
hpmcounter5,normal,seed14,139,3310.018181818182
hpmcounter5,normal,seed14,140,3300.7515151515154
hpmcounter5,normal,seed14,141,3285.642424242424
hpmcounter5,normal,seed14,142,3268.0060606060606
hpmcounter5,normal,seed14,143,3263.448484848485
hpmcounter5,normal,seed14,144,3259.939393939394
hpmcounter5,normal,seed14,145,3260.0242424242424
hpmcounter5,normal,seed14,146,3261.7090909090907
hpmcounter5,normal,seed14,147,3260.5939393939393
hpmcounter5,normal,seed14,148,3259.5757575757575
hpmcounter5,normal,seed14,149,3261.0060606060606
hpmcounter5,normal,seed14,150,3263.6363636363635
hpmcounter5,normal,seed14,151,3266.690909090909
hpmcounter5,normal,seed14,152,3271.048484848485
hpmcounter5,normal,seed14,153,3274.7393939393937
hpmcounter5,normal,seed14,154,3274.387878787879
hpmcounter5,normal,seed14,155,3288.042424242424
hpmcounter5,normal,seed14,156,3315.9454545454546
hpmcounter5,normal,seed14,157,3349.181818181818
hpmcounter5,normal,seed14,158,3387.072727272727
hpmcounter5,normal,seed14,159,3412.478787878788
hpmcounter5,normal,seed14,160,3425.6666666666665
hpmcounter5,normal,seed14,161,3425.2181818181816
hpmcounter5,normal,seed14,162,3410.721212121212
hpmcounter5,normal,seed14,163,3383.612121212121
hpmcounter5,normal,seed14,164,3343.957575757576
hpmcounter5,normal,seed14,165,3310.10303030303
hpmcounter5,normal,seed14,166,3284.29696969697
hpmcounter5,normal,seed14,167,3267.8545454545456
hpmcounter5,normal,seed14,168,3268.2545454545457
hpmcounter5,normal,seed14,169,3268.309090909091
hpmcounter5,normal,seed14,170,3269.018181818182
hpmcounter5,normal,seed14,171,3266.3757575757577
hpmcounter5,normal,seed14,172,3260.7090909090907
hpmcounter5,normal,seed14,173,3254.4969696969697
hpmcounter5,normal,seed14,174,3253.921212121212
hpmcounter5,normal,seed14,175,3256.8727272727274
hpmcounter5,normal,seed14,176,3260.2060606060604
hpmcounter5,normal,seed14,177,3261.448484848485
hpmcounter5,normal,seed14,178,3267.4242424242425
hpmcounter5,normal,seed14,179,3270.6969696969695
hpmcounter5,normal,seed14,180,3272.775757575758
hpmcounter5,normal,seed14,181,3274.1272727272726
hpmcounter5,normal,seed14,182,3273.278787878788
hpmcounter5,normal,seed14,183,3270.969696969697
hpmcounter5,normal,seed14,184,3287.818181818182
hpmcounter5,normal,seed14,185,3317.1878787878786
hpmcounter5,normal,seed14,186,3356.4121212121213
hpmcounter5,normal,seed14,187,3398.951515151515
hpmcounter5,normal,seed14,188,3444.042424242424
hpmcounter5,normal,seed14,189,3485.1272727272726
hpmcounter5,normal,seed14,190,3502.5030303030303
hpmcounter5,normal,seed14,191,3498.042424242424
hpmcounter5,normal,seed14,192,3475.0242424242424
hpmcounter5,normal,seed14,193,3430.7636363636366
hpmcounter5,normal,seed14,194,3387.4060606060607
hpmcounter5,normal,seed14,195,3347.4666666666667
hpmcounter5,normal,seed14,196,3313.775757575758
hpmcounter5,normal,seed14,197,3287.5878787878787
hpmcounter5,normal,seed14,198,3272.9939393939394
hpmcounter5,normal,seed14,199,3271.121212121212
hpmcounter5,normal,seed14,200,3266.5878787878787
hpmcounter5,normal,seed14,201,3261.848484848485
hpmcounter5,normal,seed14,202,3260.3333333333335
hpmcounter5,normal,seed14,203,3255.509090909091
hpmcounter5,normal,seed14,204,3251.2
hpmcounter5,normal,seed14,205,3249.151515151515
hpmcounter5,normal,seed14,206,3248.1757575757574
hpmcounter5,normal,seed14,207,3249.7272727272725
hpmcounter5,normal,seed14,208,3254.1575757575756
hpmcounter5,normal,seed14,209,3257.5030303030303
hpmcounter5,normal,seed14,210,3260.109090909091
hpmcounter5,normal,seed14,211,3261.70303030303
hpmcounter5,normal,seed14,212,3265.5636363636363
hpmcounter5,normal,seed14,213,3263.8424242424244
hpmcounter5,normal,seed14,214,3259.787878787879
hpmcounter5,normal,seed14,215,3255.6363636363635
hpmcounter5,normal,seed14,216,3252.2545454545457
hpmcounter5,normal,seed14,217,3250.030303030303
hpmcounter5,normal,seed14,218,3251.642424242424
hpmcounter5,normal,seed14,219,3253.10303030303
hpmcounter5,normal,seed14,220,3254.921212121212
hpmcounter5,normal,seed14,221,3254.569696969697
hpmcounter5,normal,seed14,222,3253.957575757576
hpmcounter5,normal,seed14,223,3252.721212121212
hpmcounter5,normal,seed14,224,3249.4060606060607
hpmcounter5,normal,seed14,225,3249.042424242424
hpmcounter5,normal,seed14,226,3253.5333333333333
hpmcounter5,normal,seed14,227,3255.9757575757576
hpmcounter5,normal,seed14,228,3261.169696969697
hpmcounter5,normal,seed14,229,3264.060606060606
hpmcounter5,normal,seed14,230,3267.9757575757576
hpmcounter5,normal,seed14,231,3270.818181818182
hpmcounter5,normal,seed14,232,3269.4242424242425
hpmcounter5,normal,seed14,233,3268.3515151515153
hpmcounter5,normal,seed14,234,3269.8424242424244
hpmcounter5,normal,seed14,235,3271.7151515151513
hpmcounter5,normal,seed14,236,3276.072727272727
hpmcounter5,normal,seed14,237,3279.2606060606063
hpmcounter5,normal,seed14,238,3280.5939393939393
hpmcounter5,normal,seed14,239,3277.478787878788
hpmcounter5,normal,seed14,240,3276.981818181818
hpmcounter5,normal,seed14,241,3275.090909090909
hpmcounter5,normal,seed14,242,3271.8545454545456
hpmcounter5,normal,seed14,243,3270.5030303030303
hpmcounter5,normal,seed14,244,3273.9757575757576
hpmcounter5,normal,seed14,245,3276.981818181818
hpmcounter5,normal,seed14,246,3277.1272727272726
hpmcounter5,normal,seed14,247,3278.1757575757574
hpmcounter5,normal,seed14,248,3277.878787878788
hpmcounter5,normal,seed14,249,3274.478787878788
hpmcounter5,normal,seed14,250,3268.7272727272725
hpmcounter5,normal,seed14,251,3260.921212121212
hpmcounter5,normal,seed14,252,3254.7454545454543
hpmcounter5,normal,seed14,253,3251.5333333333333
hpmcounter5,normal,seed14,254,3255.133333333333
hpmcounter5,normal,seed14,255,3260.230303030303
hpmcounter5,normal,seed14,256,3261.9030303030304
hpmcounter5,normal,seed14,257,3262.2484848484846
hpmcounter5,normal,seed14,258,3264.969696969697
hpmcounter5,normal,seed14,259,3268.3454545454547
hpmcounter5,normal,seed14,260,3269.6242424242423
hpmcounter5,normal,seed14,261,3267.70303030303
hpmcounter5,normal,seed14,262,3267.721212121212
hpmcounter5,normal,seed14,263,3264.048484848485
hpmcounter5,normal,seed14,264,3262.3515151515153
hpmcounter5,normal,seed14,265,3259.660606060606
hpmcounter5,normal,seed14,266,3257.0848484848484
hpmcounter5,normal,seed14,267,3254.4848484848485
hpmcounter5,normal,seed14,268,3252.89696969697
hpmcounter5,normal,seed14,269,3250.8727272727274
hpmcounter5,normal,seed14,270,3252.951515151515
hpmcounter5,normal,seed14,271,3253.078787878788
hpmcounter5,normal,seed14,272,3254.7515151515154
hpmcounter5,normal,seed14,273,3254.10303030303
hpmcounter5,normal,seed14,274,3252.939393939394
hpmcounter5,normal,seed14,275,3249.4121212121213
hpmcounter5,normal,seed14,276,3246.1454545454544
hpmcounter5,normal,seed14,277,3245.10303030303
hpmcounter5,normal,seed14,278,3244.3151515151517
hpmcounter5,normal,seed14,279,3243.278787878788
hpmcounter5,normal,seed14,280,3246.921212121212
hpmcounter5,normal,seed14,281,3250.2606060606063
hpmcounter5,normal,seed14,282,3254.2060606060604
hpmcounter5,normal,seed14,283,3259.012121212121
hpmcounter5,normal,seed14,284,3262.6666666666665
hpmcounter5,normal,seed14,285,3265.539393939394
hpmcounter5,normal,seed14,286,3266.612121212121
hpmcounter5,normal,seed14,287,3266.642424242424
hpmcounter5,normal,seed14,288,3264.6181818181817
hpmcounter5,normal,seed14,289,3260.8848484848486
hpmcounter5,normal,seed14,290,3256.866666666667
hpmcounter5,normal,seed14,291,3255.4666666666667
hpmcounter5,normal,seed14,292,3253.830303030303
hpmcounter5,normal,seed14,293,3253.8242424242426
hpmcounter5,normal,seed14,294,3256.387878787879
hpmcounter5,normal,seed14,295,3256.9333333333334
hpmcounter5,normal,seed14,296,3256.3818181818183
hpmcounter5,normal,seed14,297,3255.6545454545453
hpmcounter5,normal,seed14,298,3255.6969696969695
hpmcounter5,normal,seed15,9,3418.806060606061
hpmcounter5,normal,seed15,10,3437.3454545454547
hpmcounter5,normal,seed15,11,3456.387878787879
hpmcounter5,normal,seed15,12,3475.5272727272727
hpmcounter5,normal,seed15,13,3485.7636363636366
hpmcounter5,normal,seed15,14,3491.6
hpmcounter5,normal,seed15,15,3497.8848484848486
hpmcounter5,normal,seed15,16,3488.860606060606
hpmcounter5,normal,seed15,17,3470.430303030303
hpmcounter5,normal,seed15,18,3444.2606060606063
hpmcounter5,normal,seed15,19,3414.030303030303
hpmcounter5,normal,seed15,20,3364.3151515151517
hpmcounter5,normal,seed15,21,3318.539393939394
hpmcounter5,normal,seed15,22,3282.969696969697
hpmcounter5,normal,seed15,23,3257.090909090909
hpmcounter5,normal,seed15,24,3243.0363636363636
hpmcounter5,normal,seed15,25,3244.6787878787877
hpmcounter5,normal,seed15,26,3246.509090909091
hpmcounter5,normal,seed15,27,3247.4545454545455
hpmcounter5,normal,seed15,28,3246.1757575757574
hpmcounter5,normal,seed15,29,3249.230303030303
hpmcounter5,normal,seed15,30,3252.5575757575757
hpmcounter5,normal,seed15,31,3255.836363636364
hpmcounter5,normal,seed15,32,3258.757575757576
hpmcounter5,normal,seed15,33,3258.2727272727275
hpmcounter5,normal,seed15,34,3257.5757575757575
hpmcounter5,normal,seed15,35,3256.5757575757575
hpmcounter5,normal,seed15,36,3258.0242424242424
hpmcounter5,normal,seed15,37,3258.939393939394
hpmcounter5,normal,seed15,38,3257.29696969697
hpmcounter5,normal,seed15,39,3258.042424242424
hpmcounter5,normal,seed15,40,3258.072727272727
hpmcounter5,normal,seed15,41,3258.10303030303
hpmcounter5,normal,seed15,42,3258.6242424242423
hpmcounter5,normal,seed15,43,3257.860606060606
hpmcounter5,normal,seed15,44,3257.1151515151514
hpmcounter5,normal,seed15,45,3254.1454545454544
hpmcounter5,normal,seed15,46,3255.787878787879
hpmcounter5,normal,seed15,47,3256.6242424242423
hpmcounter5,normal,seed15,48,3255.6060606060605
hpmcounter5,normal,seed15,49,3254.581818181818
hpmcounter5,normal,seed15,50,3253.3151515151517
hpmcounter5,normal,seed15,51,3251.3030303030305
hpmcounter5,normal,seed15,52,3249.9636363636364
hpmcounter5,normal,seed15,53,3251.5878787878787
hpmcounter5,normal,seed15,54,3251.7090909090907
hpmcounter5,normal,seed15,55,3251.6242424242423
hpmcounter5,normal,seed15,56,3271.860606060606
hpmcounter5,normal,seed15,57,3301.6545454545453
hpmcounter5,normal,seed15,58,3322.4969696969697
hpmcounter5,normal,seed15,59,3351.787878787879
hpmcounter5,normal,seed15,60,3387.1878787878786
hpmcounter5,normal,seed15,61,3424.29696969697
hpmcounter5,normal,seed15,62,3458.866666666667
hpmcounter5,normal,seed15,63,3492.9454545454546
hpmcounter5,normal,seed15,64,3497.8121212121214
hpmcounter5,normal,seed15,65,3494.0969696969696
hpmcounter5,normal,seed15,66,3482.5575757575757
hpmcounter5,normal,seed15,67,3465.121212121212
hpmcounter5,normal,seed15,68,3426.3333333333335
hpmcounter5,normal,seed15,69,3385.660606060606
hpmcounter5,normal,seed15,70,3344.733333333333
hpmcounter5,normal,seed15,71,3310.830303030303
hpmcounter5,normal,seed15,72,3285.569696969697
hpmcounter5,normal,seed15,73,3292.927272727273
hpmcounter5,normal,seed15,74,3307.612121212121
hpmcounter5,normal,seed15,75,3328.4121212121213
hpmcounter5,normal,seed15,76,3341.5878787878787
hpmcounter5,normal,seed15,77,3350.521212121212
hpmcounter5,normal,seed15,78,3353.690909090909
hpmcounter5,normal,seed15,79,3350.551515151515
hpmcounter5,normal,seed15,80,3337.018181818182
hpmcounter5,normal,seed15,81,3315.018181818182
hpmcounter5,normal,seed15,82,3283.212121212121
hpmcounter5,normal,seed15,83,3264.878787878788
hpmcounter5,normal,seed15,84,3262.630303030303
hpmcounter5,normal,seed15,85,3259.460606060606
hpmcounter5,normal,seed15,86,3255.1151515151514
hpmcounter5,normal,seed15,87,3255.090909090909
hpmcounter5,normal,seed15,88,3254.1878787878786
hpmcounter5,normal,seed15,89,3253.3454545454547
hpmcounter5,normal,seed15,90,3251.9939393939394
hpmcounter5,normal,seed15,91,3248.1151515151514
hpmcounter5,normal,seed15,92,3244.2848484848487
hpmcounter5,normal,seed15,93,3240.830303030303
hpmcounter5,normal,seed15,94,3240.339393939394
hpmcounter5,normal,seed15,95,3241.6969696969695
hpmcounter5,normal,seed15,96,3242.1151515151514
hpmcounter5,normal,seed15,97,3246.6545454545453
hpmcounter5,normal,seed15,98,3253.509090909091
hpmcounter5,normal,seed15,99,3257.9030303030304
hpmcounter5,normal,seed15,100,3262.230303030303
hpmcounter5,normal,seed15,101,3261.163636363636
hpmcounter5,normal,seed15,102,3263.569696969697
hpmcounter5,normal,seed15,103,3267.2909090909093
hpmcounter5,normal,seed15,104,3273.569696969697
hpmcounter5,normal,seed15,105,3277.890909090909
hpmcounter5,normal,seed15,106,3278.4060606060607
hpmcounter5,normal,seed15,107,3273.309090909091
hpmcounter5,normal,seed15,108,3267.9757575757576
hpmcounter5,normal,seed15,109,3262.6545454545453
hpmcounter5,normal,seed15,110,3256.369696969697
hpmcounter5,normal,seed15,111,3246.0060606060606
hpmcounter5,normal,seed15,112,3241.2
hpmcounter5,normal,seed15,113,3241.5636363636363
hpmcounter5,normal,seed15,114,3245.339393939394
hpmcounter5,normal,seed15,115,3249.478787878788
hpmcounter5,normal,seed15,116,3253.4545454545455
hpmcounter5,normal,seed15,117,3255.6181818181817
hpmcounter5,normal,seed15,118,3255.787878787879
hpmcounter5,normal,seed15,119,3257.4969696969697
hpmcounter5,normal,seed15,120,3254.6666666666665
hpmcounter5,normal,seed15,121,3252.3030303030305
hpmcounter5,normal,seed15,122,3253.163636363636
hpmcounter5,normal,seed15,123,3257.4
hpmcounter5,normal,seed15,124,3278.7636363636366
hpmcounter5,normal,seed15,125,3292.4363636363637
hpmcounter5,normal,seed15,126,3299.951515151515
hpmcounter5,normal,seed15,127,3305.060606060606
hpmcounter5,normal,seed15,128,3306.6848484848483
hpmcounter5,normal,seed15,129,3303.3333333333335
hpmcounter5,normal,seed15,130,3295.6969696969695
hpmcounter5,normal,seed15,131,3285.6545454545453
hpmcounter5,normal,seed15,132,3272.9333333333334
hpmcounter5,normal,seed15,133,3257.448484848485
hpmcounter5,normal,seed15,134,3260.581818181818
hpmcounter5,normal,seed15,135,3259.169696969697
hpmcounter5,normal,seed15,136,3255.878787878788
hpmcounter5,normal,seed15,137,3255.121212121212
hpmcounter5,normal,seed15,138,3252.9636363636364
hpmcounter5,normal,seed15,139,3250.909090909091
hpmcounter5,normal,seed15,140,3266.9757575757576
hpmcounter5,normal,seed15,141,3294.775757575758
hpmcounter5,normal,seed15,142,3332.5575757575757
hpmcounter5,normal,seed15,143,3373.733333333333
hpmcounter5,normal,seed15,144,3417.5454545454545
hpmcounter5,normal,seed15,145,3457.775757575758
hpmcounter5,normal,seed15,146,3491.690909090909
hpmcounter5,normal,seed15,147,3520.521212121212
hpmcounter5,normal,seed15,148,3537.212121212121
hpmcounter5,normal,seed15,149,3539.109090909091
hpmcounter5,normal,seed15,150,3526.957575757576
hpmcounter5,normal,seed15,151,3503.139393939394
hpmcounter5,normal,seed15,152,3471.775757575758
hpmcounter5,normal,seed15,153,3432.6363636363635
hpmcounter5,normal,seed15,154,3390.6787878787877
hpmcounter5,normal,seed15,155,3349.5939393939393
hpmcounter5,normal,seed15,156,3312.418181818182
hpmcounter5,normal,seed15,157,3283.121212121212
hpmcounter5,normal,seed15,158,3269.9151515151516
hpmcounter5,normal,seed15,159,3271.3454545454547
hpmcounter5,normal,seed15,160,3270.551515151515
hpmcounter5,normal,seed15,161,3271.4545454545455
hpmcounter5,normal,seed15,162,3270.4545454545455
hpmcounter5,normal,seed15,163,3269.581818181818
hpmcounter5,normal,seed15,164,3266.6545454545453
hpmcounter5,normal,seed15,165,3263.509090909091
hpmcounter5,normal,seed15,166,3277.7818181818184
hpmcounter5,normal,seed15,167,3286.4060606060607
hpmcounter5,normal,seed15,168,3294.139393939394
hpmcounter5,normal,seed15,169,3300.7515151515154
hpmcounter5,normal,seed15,170,3303.921212121212
hpmcounter5,normal,seed15,171,3302.8242424242426
hpmcounter5,normal,seed15,172,3297.3333333333335
hpmcounter5,normal,seed15,173,3290.7939393939396
hpmcounter5,normal,seed15,174,3278.6848484848483
hpmcounter5,normal,seed15,175,3260.6787878787877
hpmcounter5,normal,seed15,176,3258.4242424242425
hpmcounter5,normal,seed15,177,3255.0545454545454
hpmcounter5,normal,seed15,178,3251.4121212121213
hpmcounter5,normal,seed15,179,3248.8242424242426
hpmcounter5,normal,seed15,180,3248.418181818182
hpmcounter5,normal,seed15,181,3247.4060606060607
hpmcounter5,normal,seed15,182,3248.987878787879
hpmcounter5,normal,seed15,183,3251.775757575758
hpmcounter5,normal,seed15,184,3253.9939393939394
hpmcounter5,normal,seed15,185,3258.860606060606
hpmcounter5,normal,seed15,186,3261.987878787879
hpmcounter5,normal,seed15,187,3263.151515151515
hpmcounter5,normal,seed15,188,3262.369696969697
hpmcounter5,normal,seed15,189,3261.242424242424
hpmcounter5,normal,seed15,190,3256.733333333333
hpmcounter5,normal,seed15,191,3252.890909090909
hpmcounter5,normal,seed15,192,3249.939393939394
hpmcounter5,normal,seed15,193,3248.278787878788
hpmcounter5,normal,seed15,194,3246.012121212121
hpmcounter5,normal,seed15,195,3249.672727272727
hpmcounter5,normal,seed15,196,3254.5939393939393
hpmcounter5,normal,seed15,197,3261.9333333333334
hpmcounter5,normal,seed15,198,3268.0666666666666
hpmcounter5,normal,seed15,199,3272.339393939394
hpmcounter5,normal,seed15,200,3272.8424242424244
hpmcounter5,normal,seed15,201,3273.327272727273
hpmcounter5,normal,seed15,202,3272.8545454545456
hpmcounter5,normal,seed15,203,3272.539393939394
hpmcounter5,normal,seed15,204,3271.4121212121213
hpmcounter5,normal,seed15,205,3271.2060606060604
hpmcounter5,normal,seed15,206,3270.5333333333333
hpmcounter5,normal,seed15,207,3270.121212121212
hpmcounter5,normal,seed15,208,3271.8242424242426
hpmcounter5,normal,seed15,209,3270.460606060606
hpmcounter5,normal,seed15,210,3267.939393939394
hpmcounter5,normal,seed15,211,3265.1757575757574
hpmcounter5,normal,seed15,212,3260.9939393939394
hpmcounter5,normal,seed15,213,3256.830303030303
hpmcounter5,normal,seed15,214,3254.3515151515153
hpmcounter5,normal,seed15,215,3254.490909090909
hpmcounter5,normal,seed15,216,3254.7515151515154
hpmcounter5,normal,seed15,217,3252.0060606060606
hpmcounter5,normal,seed15,218,3253.987878787879
hpmcounter5,normal,seed15,219,3258.860606060606
hpmcounter5,normal,seed15,220,3264.8121212121214
hpmcounter5,normal,seed15,221,3271.1878787878786
hpmcounter5,normal,seed15,222,3274.109090909091
hpmcounter5,normal,seed15,223,3273.672727272727
hpmcounter5,normal,seed15,224,3274.3151515151517
hpmcounter5,normal,seed15,225,3274.969696969697
hpmcounter5,normal,seed15,226,3273.2909090909093
hpmcounter5,normal,seed15,227,3268.224242424242
hpmcounter5,normal,seed15,228,3263.733333333333
hpmcounter5,normal,seed15,229,3261.581818181818
hpmcounter5,normal,seed15,230,3259.5878787878787
hpmcounter5,normal,seed15,231,3257.7090909090907
hpmcounter5,normal,seed15,232,3254.9636363636364
hpmcounter5,normal,seed15,233,3253.878787878788
hpmcounter5,normal,seed15,234,3255.090909090909
hpmcounter5,normal,seed15,235,3258.4727272727273
hpmcounter5,normal,seed15,236,3259.890909090909
hpmcounter5,normal,seed15,237,3260.169696969697
hpmcounter5,normal,seed15,238,3262.230303030303
hpmcounter5,normal,seed15,239,3262.4969696969697
hpmcounter5,normal,seed15,240,3264.6484848484847
hpmcounter5,normal,seed15,241,3266.6242424242423
hpmcounter5,normal,seed15,242,3268.581818181818
hpmcounter5,normal,seed15,243,3270.927272727273
hpmcounter5,normal,seed15,244,3273.551515151515
hpmcounter5,normal,seed15,245,3276.981818181818
hpmcounter5,normal,seed15,246,3275.866666666667
hpmcounter5,normal,seed15,247,3272.3818181818183
hpmcounter5,normal,seed15,248,3268.921212121212
hpmcounter5,normal,seed15,249,3263.3818181818183
hpmcounter5,normal,seed15,250,3258.8
hpmcounter5,normal,seed15,251,3256.927272727273
hpmcounter5,normal,seed15,252,3258.987878787879
hpmcounter5,normal,seed15,253,3261.70303030303
hpmcounter5,normal,seed15,254,3265.957575757576
hpmcounter5,normal,seed15,255,3269.818181818182
hpmcounter5,normal,seed15,256,3270.0666666666666
hpmcounter5,normal,seed15,257,3269.29696969697
hpmcounter5,normal,seed15,258,3265.6787878787877
hpmcounter5,normal,seed15,259,3261.6484848484847
hpmcounter5,normal,seed15,260,3259.0
hpmcounter5,normal,seed15,261,3257.3515151515153
hpmcounter5,normal,seed15,262,3260.5939393939393
hpmcounter5,normal,seed15,263,3265.2606060606063
hpmcounter5,normal,seed15,264,3269.6969696969695
hpmcounter5,normal,seed15,265,3272.2363636363634
hpmcounter5,normal,seed15,266,3273.7272727272725
hpmcounter5,normal,seed15,267,3274.6969696969695
hpmcounter5,normal,seed15,268,3271.2363636363634
hpmcounter5,normal,seed15,269,3266.109090909091
hpmcounter5,normal,seed15,270,3261.133333333333
hpmcounter5,normal,seed15,271,3257.030303030303
hpmcounter5,normal,seed15,272,3256.2545454545457
hpmcounter5,normal,seed15,273,3255.430303030303
hpmcounter5,normal,seed15,274,3254.4121212121213
hpmcounter5,normal,seed15,275,3254.151515151515
hpmcounter5,normal,seed15,276,3254.3333333333335
hpmcounter5,normal,seed15,277,3256.836363636364
hpmcounter5,normal,seed15,278,3256.890909090909
hpmcounter5,normal,seed15,279,3256.921212121212
hpmcounter5,normal,seed15,280,3254.018181818182
hpmcounter5,normal,seed15,281,3254.0969696969696
hpmcounter5,normal,seed15,282,3254.981818181818
hpmcounter5,normal,seed15,283,3254.10303030303
hpmcounter5,normal,seed15,284,3250.2484848484846
hpmcounter5,normal,seed15,285,3247.660606060606
hpmcounter5,normal,seed15,286,3247.3636363636365
hpmcounter5,normal,seed15,287,3248.151515151515
hpmcounter5,normal,seed15,288,3248.490909090909
hpmcounter5,normal,seed15,289,3249.551515151515
hpmcounter5,normal,seed15,290,3248.878787878788
hpmcounter5,normal,seed15,291,3251.0969696969696
hpmcounter5,normal,seed15,292,3253.4121212121213
hpmcounter5,normal,seed15,293,3257.6242424242423
hpmcounter5,normal,seed15,294,3259.9333333333334
hpmcounter5,normal,seed15,295,3261.5333333333333
hpmcounter5,normal,seed15,296,3264.757575757576
hpmcounter5,normal,seed15,297,3266.7090909090907
hpmcounter5,normal,seed15,298,3265.8121212121214
hpmcounter5,normal,seed16,9,3248.5939393939393
hpmcounter5,normal,seed16,10,3243.6666666666665
hpmcounter5,normal,seed16,11,3239.012121212121
hpmcounter5,normal,seed16,12,3237.3757575757577
hpmcounter5,normal,seed16,13,3237.6363636363635
hpmcounter5,normal,seed16,14,3238.7454545454543
hpmcounter5,normal,seed16,15,3241.4969696969697
hpmcounter5,normal,seed16,16,3243.193939393939
hpmcounter5,normal,seed16,17,3246.030303030303
hpmcounter5,normal,seed16,18,3250.8424242424244
hpmcounter5,normal,seed16,19,3256.9939393939394
hpmcounter5,normal,seed16,20,3261.8242424242426
hpmcounter5,normal,seed16,21,3264.490909090909
hpmcounter5,normal,seed16,22,3267.151515151515
hpmcounter5,normal,seed16,23,3267.6484848484847
hpmcounter5,normal,seed16,24,3265.775757575758
hpmcounter5,normal,seed16,25,3261.4
hpmcounter5,normal,seed16,26,3255.6666666666665
hpmcounter5,normal,seed16,27,3250.927272727273
hpmcounter5,normal,seed16,28,3248.787878787879
hpmcounter5,normal,seed16,29,3250.090909090909
hpmcounter5,normal,seed16,30,3252.478787878788
hpmcounter5,normal,seed16,31,3255.9030303030304
hpmcounter5,normal,seed16,32,3258.890909090909
hpmcounter5,normal,seed16,33,3260.0545454545454
hpmcounter5,normal,seed16,34,3260.327272727273
hpmcounter5,normal,seed16,35,3257.9151515151516
hpmcounter5,normal,seed16,36,3254.6787878787877
hpmcounter5,normal,seed16,37,3252.7636363636366
hpmcounter5,normal,seed16,38,3249.1454545454544
hpmcounter5,normal,seed16,39,3246.3818181818183
hpmcounter5,normal,seed16,40,3245.5575757575757
hpmcounter5,normal,seed16,41,3249.078787878788
hpmcounter5,normal,seed16,42,3249.4
hpmcounter5,normal,seed16,43,3250.121212121212
hpmcounter5,normal,seed16,44,3251.4060606060607
hpmcounter5,normal,seed16,45,3250.4666666666667
hpmcounter5,normal,seed16,46,3250.927272727273
hpmcounter5,normal,seed16,47,3252.7393939393937
hpmcounter5,normal,seed16,48,3255.0969696969696
hpmcounter5,normal,seed16,49,3256.1151515151514
hpmcounter5,normal,seed16,50,3257.5636363636363
hpmcounter5,normal,seed16,51,3262.072727272727
hpmcounter5,normal,seed16,52,3262.357575757576
hpmcounter5,normal,seed16,53,3262.806060606061
hpmcounter5,normal,seed16,54,3263.4545454545455
hpmcounter5,normal,seed16,55,3260.9151515151516
hpmcounter5,normal,seed16,56,3258.6242424242423
hpmcounter5,normal,seed16,57,3256.5272727272727
hpmcounter5,normal,seed16,58,3257.6484848484847
hpmcounter5,normal,seed16,59,3257.090909090909
hpmcounter5,normal,seed16,60,3257.581818181818
hpmcounter5,normal,seed16,61,3259.460606060606
hpmcounter5,normal,seed16,62,3257.4121212121213
hpmcounter5,normal,seed16,63,3255.7151515151513
hpmcounter5,normal,seed16,64,3259.3939393939395
hpmcounter5,normal,seed16,65,3260.2181818181816
hpmcounter5,normal,seed16,66,3259.9030303030304
hpmcounter5,normal,seed16,67,3259.8848484848486
hpmcounter5,normal,seed16,68,3262.957575757576
hpmcounter5,normal,seed16,69,3267.612121212121
hpmcounter5,normal,seed16,70,3269.4969696969697
hpmcounter5,normal,seed16,71,3268.969696969697
hpmcounter5,normal,seed16,72,3266.9636363636364
hpmcounter5,normal,seed16,73,3262.0666666666666
hpmcounter5,normal,seed16,74,3262.4242424242425
hpmcounter5,normal,seed16,75,3259.806060606061
hpmcounter5,normal,seed16,76,3258.3030303030305
hpmcounter5,normal,seed16,77,3255.8121212121214
hpmcounter5,normal,seed16,78,3256.278787878788
hpmcounter5,normal,seed16,79,3261.278787878788
hpmcounter5,normal,seed16,80,3265.6242424242423
hpmcounter5,normal,seed16,81,3267.866666666667
hpmcounter5,normal,seed16,82,3272.193939393939
hpmcounter5,normal,seed16,83,3272.8545454545456
hpmcounter5,normal,seed16,84,3274.9030303030304
hpmcounter5,normal,seed16,85,3273.0545454545454
hpmcounter5,normal,seed16,86,3270.387878787879
hpmcounter5,normal,seed16,87,3264.878787878788
hpmcounter5,normal,seed16,88,3261.048484848485
hpmcounter5,normal,seed16,89,3255.721212121212
hpmcounter5,normal,seed16,90,3253.072727272727
hpmcounter5,normal,seed16,91,3248.2060606060604
hpmcounter5,normal,seed16,92,3245.7939393939396
hpmcounter5,normal,seed16,93,3246.0363636363636
hpmcounter5,normal,seed16,94,3251.078787878788
hpmcounter5,normal,seed16,95,3255.5454545454545
hpmcounter5,normal,seed16,96,3257.8727272727274
hpmcounter5,normal,seed16,97,3257.2909090909093
hpmcounter5,normal,seed16,98,3256.6787878787877
hpmcounter5,normal,seed16,99,3257.6969696969695
hpmcounter5,normal,seed16,100,3260.3454545454547
hpmcounter5,normal,seed16,101,3258.6181818181817
hpmcounter5,normal,seed16,102,3256.133333333333
hpmcounter5,normal,seed16,103,3254.4242424242425
hpmcounter5,normal,seed16,104,3257.3818181818183
hpmcounter5,normal,seed16,105,3258.460606060606
hpmcounter5,normal,seed16,106,3257.690909090909
hpmcounter5,normal,seed16,107,3254.539393939394
hpmcounter5,normal,seed16,108,3249.5878787878787
hpmcounter5,normal,seed16,109,3249.078787878788
hpmcounter5,normal,seed16,110,3249.630303030303
hpmcounter5,normal,seed16,111,3248.048484848485
hpmcounter5,normal,seed16,112,3246.3939393939395
hpmcounter5,normal,seed16,113,3244.9636363636364
hpmcounter5,normal,seed16,114,3247.6181818181817
hpmcounter5,normal,seed16,115,3248.9939393939394
hpmcounter5,normal,seed16,116,3251.1272727272726
hpmcounter5,normal,seed16,117,3270.4666666666667
hpmcounter5,normal,seed16,118,3284.860606060606
hpmcounter5,normal,seed16,119,3295.5030303030303
hpmcounter5,normal,seed16,120,3303.387878787879
hpmcounter5,normal,seed16,121,3306.8727272727274
hpmcounter5,normal,seed16,122,3305.181818181818
hpmcounter5,normal,seed16,123,3300.8848484848486
hpmcounter5,normal,seed16,124,3290.860606060606
hpmcounter5,normal,seed16,125,3274.042424242424
hpmcounter5,normal,seed16,126,3253.5878787878787
hpmcounter5,normal,seed16,127,3249.4060606060607
hpmcounter5,normal,seed16,128,3245.7515151515154
hpmcounter5,normal,seed16,129,3241.309090909091
hpmcounter5,normal,seed16,130,3238.060606060606
hpmcounter5,normal,seed16,131,3235.769696969697
hpmcounter5,normal,seed16,132,3233.4545454545455
hpmcounter5,normal,seed16,133,3235.569696969697
hpmcounter5,normal,seed16,134,3239.7515151515154
hpmcounter5,normal,seed16,135,3243.551515151515
hpmcounter5,normal,seed16,136,3247.4
hpmcounter5,normal,seed16,137,3248.309090909091
hpmcounter5,normal,seed16,138,3249.830303030303
hpmcounter5,normal,seed16,139,3251.5030303030303
hpmcounter5,normal,seed16,140,3254.490909090909
hpmcounter5,normal,seed16,141,3260.4121212121213
hpmcounter5,normal,seed16,142,3264.509090909091
hpmcounter5,normal,seed16,143,3266.018181818182
hpmcounter5,normal,seed16,144,3268.860606060606
hpmcounter5,normal,seed16,145,3272.018181818182
hpmcounter5,normal,seed16,146,3289.7515151515154
hpmcounter5,normal,seed16,147,3319.7272727272725
hpmcounter5,normal,seed16,148,3356.581818181818
hpmcounter5,normal,seed16,149,3396.3636363636365
hpmcounter5,normal,seed16,150,3438.169696969697
hpmcounter5,normal,seed16,151,3463.848484848485
hpmcounter5,normal,seed16,152,3472.4
hpmcounter5,normal,seed16,153,3461.163636363636
hpmcounter5,normal,seed16,154,3432.0666666666666
hpmcounter5,normal,seed16,155,3384.4363636363637
hpmcounter5,normal,seed16,156,3337.3757575757577
hpmcounter5,normal,seed16,157,3297.309090909091
hpmcounter5,normal,seed16,158,3266.4060606060607
hpmcounter5,normal,seed16,159,3250.1575757575756
hpmcounter5,normal,seed16,160,3253.6787878787877
hpmcounter5,normal,seed16,161,3254.6
hpmcounter5,normal,seed16,162,3257.2363636363634
hpmcounter5,normal,seed16,163,3262.3757575757577
hpmcounter5,normal,seed16,164,3264.672727272727
hpmcounter5,normal,seed16,165,3265.8727272727274
hpmcounter5,normal,seed16,166,3268.2606060606063
hpmcounter5,normal,seed16,167,3268.4121212121213
hpmcounter5,normal,seed16,168,3266.0545454545454
hpmcounter5,normal,seed16,169,3265.0545454545454
hpmcounter5,normal,seed16,170,3265.690909090909
hpmcounter5,normal,seed16,171,3267.3212121212123
hpmcounter5,normal,seed16,172,3269.121212121212
hpmcounter5,normal,seed16,173,3272.6969696969695
hpmcounter5,normal,seed16,174,3270.6666666666665
hpmcounter5,normal,seed16,175,3268.2060606060604
hpmcounter5,normal,seed16,176,3265.418181818182
hpmcounter5,normal,seed16,177,3260.927272727273
hpmcounter5,normal,seed16,178,3255.2848484848487
hpmcounter5,normal,seed16,179,3248.8121212121214
hpmcounter5,normal,seed16,180,3241.836363636364
hpmcounter5,normal,seed16,181,3241.369696969697
hpmcounter5,normal,seed16,182,3245.848484848485
hpmcounter5,normal,seed16,183,3250.7272727272725
hpmcounter5,normal,seed16,184,3254.8
hpmcounter5,normal,seed16,185,3259.569696969697
hpmcounter5,normal,seed16,186,3261.339393939394
hpmcounter5,normal,seed16,187,3262.4969696969697
hpmcounter5,normal,seed16,188,3263.7393939393937
hpmcounter5,normal,seed16,189,3264.4666666666667
hpmcounter5,normal,seed16,190,3263.266666666667
hpmcounter5,normal,seed16,191,3263.878787878788
hpmcounter5,normal,seed16,192,3263.848484848485
hpmcounter5,normal,seed16,193,3263.0969696969696
hpmcounter5,normal,seed16,194,3262.0363636363636
hpmcounter5,normal,seed16,195,3260.927272727273
hpmcounter5,normal,seed16,196,3257.5151515151515
hpmcounter5,normal,seed16,197,3254.1151515151514
hpmcounter5,normal,seed16,198,3253.848484848485
hpmcounter5,normal,seed16,199,3256.4666666666667
hpmcounter5,normal,seed16,200,3262.4424242424243
hpmcounter5,normal,seed16,201,3268.478787878788
hpmcounter5,normal,seed16,202,3270.2848484848487
hpmcounter5,normal,seed16,203,3268.6969696969695
hpmcounter5,normal,seed16,204,3268.133333333333
hpmcounter5,normal,seed16,205,3266.5333333333333
hpmcounter5,normal,seed16,206,3262.012121212121
hpmcounter5,normal,seed16,207,3259.090909090909
hpmcounter5,normal,seed16,208,3256.4666666666667
hpmcounter5,normal,seed16,209,3255.551515151515
hpmcounter5,normal,seed16,210,3258.775757575758
hpmcounter5,normal,seed16,211,3261.957575757576
hpmcounter5,normal,seed16,212,3264.060606060606
hpmcounter5,normal,seed16,213,3263.6666666666665
hpmcounter5,normal,seed16,214,3263.836363636364
hpmcounter5,normal,seed16,215,3264.5636363636363
hpmcounter5,normal,seed16,216,3263.151515151515
hpmcounter5,normal,seed16,217,3264.818181818182
hpmcounter5,normal,seed16,218,3265.4969696969697
hpmcounter5,normal,seed16,219,3264.224242424242
hpmcounter5,normal,seed16,220,3263.030303030303
hpmcounter5,normal,seed16,221,3262.6484848484847
hpmcounter5,normal,seed16,222,3263.6242424242423
hpmcounter5,normal,seed16,223,3264.775757575758
hpmcounter5,normal,seed16,224,3262.630303030303
hpmcounter5,normal,seed16,225,3261.169696969697
hpmcounter5,normal,seed16,226,3260.7818181818184
hpmcounter5,normal,seed16,227,3259.6363636363635
hpmcounter5,normal,seed16,228,3259.987878787879
hpmcounter5,normal,seed16,229,3258.430303030303
hpmcounter5,normal,seed16,230,3256.5272727272727
hpmcounter5,normal,seed16,231,3255.2181818181816
hpmcounter5,normal,seed16,232,3257.2
hpmcounter5,normal,seed16,233,3260.193939393939
hpmcounter5,normal,seed16,234,3261.1757575757574
hpmcounter5,normal,seed16,235,3262.836363636364
hpmcounter5,normal,seed16,236,3265.2545454545457
hpmcounter5,normal,seed16,237,3265.969696969697
hpmcounter5,normal,seed16,238,3267.0848484848484
hpmcounter5,normal,seed16,239,3267.490909090909
hpmcounter5,normal,seed16,240,3267.242424242424
hpmcounter5,normal,seed16,241,3265.9333333333334
hpmcounter5,normal,seed16,242,3265.581818181818
hpmcounter5,normal,seed16,243,3266.1575757575756
hpmcounter5,normal,seed16,244,3266.2363636363634
hpmcounter5,normal,seed16,245,3267.369696969697
hpmcounter5,normal,seed16,246,3267.2545454545457
hpmcounter5,normal,seed16,247,3266.6969696969695
hpmcounter5,normal,seed16,248,3267.460606060606
hpmcounter5,normal,seed16,249,3269.163636363636
hpmcounter5,normal,seed16,250,3270.7454545454543
hpmcounter5,normal,seed16,251,3272.769696969697
hpmcounter5,normal,seed16,252,3273.3757575757577
hpmcounter5,normal,seed16,253,3274.4545454545455
hpmcounter5,normal,seed16,254,3275.072727272727
hpmcounter5,normal,seed16,255,3274.9636363636364
hpmcounter5,normal,seed16,256,3274.0
hpmcounter5,normal,seed16,257,3271.6
hpmcounter5,normal,seed16,258,3269.6484848484847
hpmcounter5,normal,seed16,259,3283.818181818182
hpmcounter5,normal,seed16,260,3293.969696969697
hpmcounter5,normal,seed16,261,3317.3939393939395
hpmcounter5,normal,seed16,262,3330.3515151515153
hpmcounter5,normal,seed16,263,3337.10303030303
hpmcounter5,normal,seed16,264,3353.8121212121214
hpmcounter5,normal,seed16,265,3374.6
hpmcounter5,normal,seed16,266,3401.121212121212
hpmcounter5,normal,seed16,267,3426.1454545454544
hpmcounter5,normal,seed16,268,3445.9454545454546
hpmcounter5,normal,seed16,269,3462.10303030303
hpmcounter5,normal,seed16,270,3457.642424242424
hpmcounter5,normal,seed16,271,3450.2363636363634
hpmcounter5,normal,seed16,272,3424.0969696969696
hpmcounter5,normal,seed16,273,3379.6363636363635
hpmcounter5,normal,seed16,274,3338.6363636363635
hpmcounter5,normal,seed16,275,3306.048484848485
hpmcounter5,normal,seed16,276,3283.169696969697
hpmcounter5,normal,seed16,277,3269.387878787879
hpmcounter5,normal,seed16,278,3269.242424242424
hpmcounter5,normal,seed16,279,3268.018181818182
hpmcounter5,normal,seed16,280,3266.787878787879
hpmcounter5,normal,seed16,281,3262.133333333333
hpmcounter5,normal,seed16,282,3256.939393939394
hpmcounter5,normal,seed16,283,3249.2545454545457
hpmcounter5,normal,seed16,284,3244.212121212121
hpmcounter5,normal,seed16,285,3246.418181818182
hpmcounter5,normal,seed16,286,3249.6666666666665
hpmcounter5,normal,seed16,287,3253.8242424242426
hpmcounter5,normal,seed16,288,3260.8848484848486
hpmcounter5,normal,seed16,289,3264.8545454545456
hpmcounter5,normal,seed16,290,3270.866666666667
hpmcounter5,normal,seed16,291,3278.193939393939
hpmcounter5,normal,seed16,292,3283.612121212121
hpmcounter5,normal,seed16,293,3284.4242424242425
hpmcounter5,normal,seed16,294,3283.4363636363637
hpmcounter5,normal,seed16,295,3284.4545454545455
hpmcounter5,normal,seed16,296,3284.193939393939
hpmcounter5,normal,seed16,297,3283.9333333333334
hpmcounter5,normal,seed16,298,3282.733333333333
hpmcounter5,normal,seed17,9,3306.9151515151516
hpmcounter5,normal,seed17,10,3315.721212121212
hpmcounter5,normal,seed17,11,3335.769696969697
hpmcounter5,normal,seed17,12,3362.3212121212123
hpmcounter5,normal,seed17,13,3392.5151515151515
hpmcounter5,normal,seed17,14,3422.757575757576
hpmcounter5,normal,seed17,15,3451.7393939393937
hpmcounter5,normal,seed17,16,3469.448484848485
hpmcounter5,normal,seed17,17,3495.6363636363635
hpmcounter5,normal,seed17,18,3527.29696969697
hpmcounter5,normal,seed17,19,3544.733333333333
hpmcounter5,normal,seed17,20,3550.957575757576
hpmcounter5,normal,seed17,21,3556.2181818181816
hpmcounter5,normal,seed17,22,3558.70303030303
hpmcounter5,normal,seed17,23,3544.478787878788
hpmcounter5,normal,seed17,24,3516.151515151515
hpmcounter5,normal,seed17,25,3478.4363636363637
hpmcounter5,normal,seed17,26,3432.6484848484847
hpmcounter5,normal,seed17,27,3386.6242424242423
hpmcounter5,normal,seed17,28,3343.6484848484847
hpmcounter5,normal,seed17,29,3306.3030303030305
hpmcounter5,normal,seed17,30,3280.672727272727
hpmcounter5,normal,seed17,31,3266.539393939394
hpmcounter5,normal,seed17,32,3266.230303030303
hpmcounter5,normal,seed17,33,3264.048484848485
hpmcounter5,normal,seed17,34,3262.581818181818
hpmcounter5,normal,seed17,35,3264.4121212121213
hpmcounter5,normal,seed17,36,3266.909090909091
hpmcounter5,normal,seed17,37,3269.3515151515153
hpmcounter5,normal,seed17,38,3271.6969696969695
hpmcounter5,normal,seed17,39,3274.939393939394
hpmcounter5,normal,seed17,40,3275.309090909091
hpmcounter5,normal,seed17,41,3273.5454545454545
hpmcounter5,normal,seed17,42,3271.327272727273
hpmcounter5,normal,seed17,43,3268.89696969697
hpmcounter5,normal,seed17,44,3265.769696969697
hpmcounter5,normal,seed17,45,3263.9636363636364
hpmcounter5,normal,seed17,46,3263.957575757576
hpmcounter5,normal,seed17,47,3263.193939393939
hpmcounter5,normal,seed17,48,3263.6545454545453
hpmcounter5,normal,seed17,49,3264.060606060606
hpmcounter5,normal,seed17,50,3261.1575757575756
hpmcounter5,normal,seed17,51,3259.042424242424
hpmcounter5,normal,seed17,52,3259.2
hpmcounter5,normal,seed17,53,3262.7818181818184
hpmcounter5,normal,seed17,54,3265.4242424242425
hpmcounter5,normal,seed17,55,3263.6
hpmcounter5,normal,seed17,56,3263.5454545454545
hpmcounter5,normal,seed17,57,3262.848484848485
hpmcounter5,normal,seed17,58,3262.6969696969695
hpmcounter5,normal,seed17,59,3260.0060606060606
hpmcounter5,normal,seed17,60,3254.266666666667
hpmcounter5,normal,seed17,61,3250.8
hpmcounter5,normal,seed17,62,3247.630303030303
hpmcounter5,normal,seed17,63,3248.29696969697
hpmcounter5,normal,seed17,64,3251.224242424242
hpmcounter5,normal,seed17,65,3251.6242424242423
hpmcounter5,normal,seed17,66,3253.369696969697
hpmcounter5,normal,seed17,67,3256.169696969697
hpmcounter5,normal,seed17,68,3258.551515151515
hpmcounter5,normal,seed17,69,3258.2060606060604
hpmcounter5,normal,seed17,70,3255.6484848484847
hpmcounter5,normal,seed17,71,3253.10303030303
hpmcounter5,normal,seed17,72,3249.721212121212
hpmcounter5,normal,seed17,73,3248.2545454545457
hpmcounter5,normal,seed17,74,3251.951515151515
hpmcounter5,normal,seed17,75,3256.012121212121
hpmcounter5,normal,seed17,76,3260.012121212121
hpmcounter5,normal,seed17,77,3265.460606060606
hpmcounter5,normal,seed17,78,3269.3454545454547
hpmcounter5,normal,seed17,79,3271.4424242424243
hpmcounter5,normal,seed17,80,3270.8424242424244
hpmcounter5,normal,seed17,81,3269.5575757575757
hpmcounter5,normal,seed17,82,3268.6545454545453
hpmcounter5,normal,seed17,83,3264.121212121212
hpmcounter5,normal,seed17,84,3261.1151515151514
hpmcounter5,normal,seed17,85,3257.3454545454547
hpmcounter5,normal,seed17,86,3253.0545454545454
hpmcounter5,normal,seed17,87,3250.6363636363635
hpmcounter5,normal,seed17,88,3251.3757575757577
hpmcounter5,normal,seed17,89,3252.018181818182
hpmcounter5,normal,seed17,90,3252.70303030303
hpmcounter5,normal,seed17,91,3256.2848484848487
hpmcounter5,normal,seed17,92,3261.848484848485
hpmcounter5,normal,seed17,93,3266.3939393939395
hpmcounter5,normal,seed17,94,3268.0363636363636
hpmcounter5,normal,seed17,95,3268.6484848484847
hpmcounter5,normal,seed17,96,3266.3333333333335
hpmcounter5,normal,seed17,97,3264.642424242424
hpmcounter5,normal,seed17,98,3265.5939393939393
hpmcounter5,normal,seed17,99,3265.4
hpmcounter5,normal,seed17,100,3262.806060606061
hpmcounter5,normal,seed17,101,3263.630303030303
hpmcounter5,normal,seed17,102,3263.072727272727
hpmcounter5,normal,seed17,103,3266.860606060606
hpmcounter5,normal,seed17,104,3267.1151515151514
hpmcounter5,normal,seed17,105,3267.4121212121213
hpmcounter5,normal,seed17,106,3265.5272727272727
hpmcounter5,normal,seed17,107,3263.4121212121213
hpmcounter5,normal,seed17,108,3261.012121212121
hpmcounter5,normal,seed17,109,3257.5333333333333
hpmcounter5,normal,seed17,110,3249.8424242424244
hpmcounter5,normal,seed17,111,3246.830303030303
hpmcounter5,normal,seed17,112,3240.981818181818
hpmcounter5,normal,seed17,113,3240.193939393939
hpmcounter5,normal,seed17,114,3240.278787878788
hpmcounter5,normal,seed17,115,3240.5939393939393
hpmcounter5,normal,seed17,116,3242.478787878788
hpmcounter5,normal,seed17,117,3247.3818181818183
hpmcounter5,normal,seed17,118,3250.909090909091
hpmcounter5,normal,seed17,119,3251.6
hpmcounter5,normal,seed17,120,3252.672727272727
hpmcounter5,normal,seed17,121,3256.866666666667
hpmcounter5,normal,seed17,122,3260.387878787879
hpmcounter5,normal,seed17,123,3262.5636363636363
hpmcounter5,normal,seed17,124,3265.0969696969696
hpmcounter5,normal,seed17,125,3265.0242424242424
hpmcounter5,normal,seed17,126,3263.0
hpmcounter5,normal,seed17,127,3263.6969696969695
hpmcounter5,normal,seed17,128,3260.193939393939
hpmcounter5,normal,seed17,129,3255.951515151515
hpmcounter5,normal,seed17,130,3254.060606060606
hpmcounter5,normal,seed17,131,3252.448484848485
hpmcounter5,normal,seed17,132,3252.6848484848483
hpmcounter5,normal,seed17,133,3251.6484848484847
hpmcounter5,normal,seed17,134,3253.2848484848487
hpmcounter5,normal,seed17,135,3255.787878787879
hpmcounter5,normal,seed17,136,3256.8121212121214
hpmcounter5,normal,seed17,137,3258.4242424242425
hpmcounter5,normal,seed17,138,3257.133333333333
hpmcounter5,normal,seed17,139,3258.4060606060607
hpmcounter5,normal,seed17,140,3260.121212121212
hpmcounter5,normal,seed17,141,3263.2
hpmcounter5,normal,seed17,142,3265.7515151515154
hpmcounter5,normal,seed17,143,3265.0969696969696
hpmcounter5,normal,seed17,144,3264.4060606060607
hpmcounter5,normal,seed17,145,3264.278787878788
hpmcounter5,normal,seed17,146,3265.2909090909093
hpmcounter5,normal,seed17,147,3264.5272727272727
hpmcounter5,normal,seed17,148,3262.0666666666666
hpmcounter5,normal,seed17,149,3258.7454545454543
hpmcounter5,normal,seed17,150,3255.3636363636365
hpmcounter5,normal,seed17,151,3254.6242424242423
hpmcounter5,normal,seed17,152,3253.060606060606
hpmcounter5,normal,seed17,153,3250.6363636363635
hpmcounter5,normal,seed17,154,3248.163636363636
hpmcounter5,normal,seed17,155,3249.539393939394
hpmcounter5,normal,seed17,156,3254.133333333333
hpmcounter5,normal,seed17,157,3259.775757575758
hpmcounter5,normal,seed17,158,3282.3212121212123
hpmcounter5,normal,seed17,159,3299.018181818182
hpmcounter5,normal,seed17,160,3313.490909090909
hpmcounter5,normal,seed17,161,3321.5575757575757
hpmcounter5,normal,seed17,162,3324.521212121212
hpmcounter5,normal,seed17,163,3322.163636363636
hpmcounter5,normal,seed17,164,3311.521212121212
hpmcounter5,normal,seed17,165,3300.4121212121213
hpmcounter5,normal,seed17,166,3283.109090909091
hpmcounter5,normal,seed17,167,3262.7272727272725
hpmcounter5,normal,seed17,168,3257.242424242424
hpmcounter5,normal,seed17,169,3254.509090909091
hpmcounter5,normal,seed17,170,3257.0848484848484
hpmcounter5,normal,seed17,171,3260.2848484848487
hpmcounter5,normal,seed17,172,3263.2848484848487
hpmcounter5,normal,seed17,173,3266.70303030303
hpmcounter5,normal,seed17,174,3268.4060606060607
hpmcounter5,normal,seed17,175,3269.9151515151516
hpmcounter5,normal,seed17,176,3268.787878787879
hpmcounter5,normal,seed17,177,3267.721212121212
hpmcounter5,normal,seed17,178,3263.0060606060606
hpmcounter5,normal,seed17,179,3260.0
hpmcounter5,normal,seed17,180,3259.6242424242423
hpmcounter5,normal,seed17,181,3262.8121212121214
hpmcounter5,normal,seed17,182,3262.6060606060605
hpmcounter5,normal,seed17,183,3261.5757575757575
hpmcounter5,normal,seed17,184,3261.3333333333335
hpmcounter5,normal,seed17,185,3260.448484848485
hpmcounter5,normal,seed17,186,3260.818181818182
hpmcounter5,normal,seed17,187,3261.939393939394
hpmcounter5,normal,seed17,188,3260.830303030303
hpmcounter5,normal,seed17,189,3259.1878787878786
hpmcounter5,normal,seed17,190,3258.830303030303
hpmcounter5,normal,seed17,191,3259.4363636363637
hpmcounter5,normal,seed17,192,3261.6363636363635
hpmcounter5,normal,seed17,193,3262.387878787879
hpmcounter5,normal,seed17,194,3262.018181818182
hpmcounter5,normal,seed17,195,3262.4666666666667
hpmcounter5,normal,seed17,196,3264.5575757575757
hpmcounter5,normal,seed17,197,3267.3515151515153
hpmcounter5,normal,seed17,198,3267.8727272727274
hpmcounter5,normal,seed17,199,3265.551515151515
hpmcounter5,normal,seed17,200,3261.7454545454543
hpmcounter5,normal,seed17,201,3255.478787878788
hpmcounter5,normal,seed17,202,3253.4
hpmcounter5,normal,seed17,203,3251.7151515151513
hpmcounter5,normal,seed17,204,3248.4666666666667
hpmcounter5,normal,seed17,205,3247.7151515151513
hpmcounter5,normal,seed17,206,3246.3454545454547
hpmcounter5,normal,seed17,207,3248.230303030303
hpmcounter5,normal,seed17,208,3252.29696969697
hpmcounter5,normal,seed17,209,3255.6666666666665
hpmcounter5,normal,seed17,210,3257.4060606060607
hpmcounter5,normal,seed17,211,3260.4424242424243
hpmcounter5,normal,seed17,212,3263.690909090909
hpmcounter5,normal,seed17,213,3266.109090909091
hpmcounter5,normal,seed17,214,3267.339393939394
hpmcounter5,normal,seed17,215,3268.012121212121
hpmcounter5,normal,seed17,216,3265.3454545454547
hpmcounter5,normal,seed17,217,3262.3030303030305
hpmcounter5,normal,seed17,218,3258.6484848484847
hpmcounter5,normal,seed17,219,3254.690909090909
hpmcounter5,normal,seed17,220,3251.909090909091
hpmcounter5,normal,seed17,221,3252.6363636363635
hpmcounter5,normal,seed17,222,3254.921212121212
hpmcounter5,normal,seed17,223,3255.490909090909
hpmcounter5,normal,seed17,224,3259.8121212121214
hpmcounter5,normal,seed17,225,3261.242424242424
hpmcounter5,normal,seed17,226,3263.830303030303
hpmcounter5,normal,seed17,227,3264.072727272727
hpmcounter5,normal,seed17,228,3261.6484848484847
hpmcounter5,normal,seed17,229,3258.521212121212
hpmcounter5,normal,seed17,230,3254.866666666667
hpmcounter5,normal,seed17,231,3250.5151515151515
hpmcounter5,normal,seed17,232,3247.10303030303
hpmcounter5,normal,seed17,233,3243.878787878788
hpmcounter5,normal,seed17,234,3243.7393939393937
hpmcounter5,normal,seed17,235,3241.721212121212
hpmcounter5,normal,seed17,236,3242.0
hpmcounter5,normal,seed17,237,3243.242424242424
hpmcounter5,normal,seed17,238,3243.1757575757574
hpmcounter5,normal,seed17,239,3247.890909090909
hpmcounter5,normal,seed17,240,3249.7454545454543
hpmcounter5,normal,seed17,241,3248.957575757576
hpmcounter5,normal,seed17,242,3249.181818181818
hpmcounter5,normal,seed17,243,3251.030303030303
hpmcounter5,normal,seed17,244,3256.860606060606
hpmcounter5,normal,seed17,245,3259.0060606060606
hpmcounter5,normal,seed17,246,3259.2181818181816
hpmcounter5,normal,seed17,247,3259.448484848485
hpmcounter5,normal,seed17,248,3256.327272727273
hpmcounter5,normal,seed17,249,3256.387878787879
hpmcounter5,normal,seed17,250,3254.042424242424
hpmcounter5,normal,seed17,251,3252.7636363636366
hpmcounter5,normal,seed17,252,3250.981818181818
hpmcounter5,normal,seed17,253,3249.6484848484847
hpmcounter5,normal,seed17,254,3256.012121212121
hpmcounter5,normal,seed17,255,3258.70303030303
hpmcounter5,normal,seed17,256,3262.509090909091
hpmcounter5,normal,seed17,257,3265.5575757575757
hpmcounter5,normal,seed17,258,3268.327272727273
hpmcounter5,normal,seed17,259,3270.733333333333
hpmcounter5,normal,seed17,260,3272.5575757575757
hpmcounter5,normal,seed17,261,3274.939393939394
hpmcounter5,normal,seed17,262,3272.927272727273
hpmcounter5,normal,seed17,263,3267.957575757576
hpmcounter5,normal,seed17,264,3265.460606060606
hpmcounter5,normal,seed17,265,3259.539393939394
hpmcounter5,normal,seed17,266,3257.9454545454546
hpmcounter5,normal,seed17,267,3255.957575757576
hpmcounter5,normal,seed17,268,3255.830303030303
hpmcounter5,normal,seed17,269,3255.490909090909
hpmcounter5,normal,seed17,270,3255.7151515151513
hpmcounter5,normal,seed17,271,3254.3151515151517
hpmcounter5,normal,seed17,272,3250.5939393939393
hpmcounter5,normal,seed17,273,3247.4727272727273
hpmcounter5,normal,seed17,274,3245.2727272727275
hpmcounter5,normal,seed17,275,3242.6363636363635
hpmcounter5,normal,seed17,276,3244.2848484848487
hpmcounter5,normal,seed17,277,3249.70303030303
hpmcounter5,normal,seed17,278,3255.2484848484846
hpmcounter5,normal,seed17,279,3261.7818181818184
hpmcounter5,normal,seed17,280,3264.309090909091
hpmcounter5,normal,seed17,281,3266.2727272727275
hpmcounter5,normal,seed17,282,3265.418181818182
hpmcounter5,normal,seed17,283,3263.4727272727273
hpmcounter5,normal,seed17,284,3262.969696969697
hpmcounter5,normal,seed17,285,3261.181818181818
hpmcounter5,normal,seed17,286,3258.89696969697
hpmcounter5,normal,seed17,287,3258.521212121212
hpmcounter5,normal,seed17,288,3256.4242424242425
hpmcounter5,normal,seed17,289,3257.4
hpmcounter5,normal,seed17,290,3258.7393939393937
hpmcounter5,normal,seed17,291,3259.0060606060606
hpmcounter5,normal,seed17,292,3261.6666666666665
hpmcounter5,normal,seed17,293,3262.8242424242426
hpmcounter5,normal,seed17,294,3265.327272727273
hpmcounter5,normal,seed17,295,3271.1151515151514
hpmcounter5,normal,seed17,296,3276.581818181818
hpmcounter5,normal,seed17,297,3278.460606060606
hpmcounter5,normal,seed17,298,3280.690909090909
hpmcounter5,normal,seed18,9,3257.6242424242423
hpmcounter5,normal,seed18,10,3256.9333333333334
hpmcounter5,normal,seed18,11,3254.1151515151514
hpmcounter5,normal,seed18,12,3252.29696969697
hpmcounter5,normal,seed18,13,3250.357575757576
hpmcounter5,normal,seed18,14,3249.309090909091
hpmcounter5,normal,seed18,15,3248.3757575757577
hpmcounter5,normal,seed18,16,3245.70303030303
hpmcounter5,normal,seed18,17,3245.4242424242425
hpmcounter5,normal,seed18,18,3247.5272727272727
hpmcounter5,normal,seed18,19,3253.490909090909
hpmcounter5,normal,seed18,20,3260.309090909091
hpmcounter5,normal,seed18,21,3264.818181818182
hpmcounter5,normal,seed18,22,3267.9454545454546
hpmcounter5,normal,seed18,23,3268.0848484848484
hpmcounter5,normal,seed18,24,3266.9151515151516
hpmcounter5,normal,seed18,25,3262.078787878788
hpmcounter5,normal,seed18,26,3254.642424242424
hpmcounter5,normal,seed18,27,3245.2909090909093
hpmcounter5,normal,seed18,28,3238.9030303030304
hpmcounter5,normal,seed18,29,3238.0060606060606
hpmcounter5,normal,seed18,30,3242.048484848485
hpmcounter5,normal,seed18,31,3245.551515151515
hpmcounter5,normal,seed18,32,3247.3333333333335
hpmcounter5,normal,seed18,33,3249.7818181818184
hpmcounter5,normal,seed18,34,3252.387878787879
hpmcounter5,normal,seed18,35,3250.660606060606
hpmcounter5,normal,seed18,36,3249.163636363636
hpmcounter5,normal,seed18,37,3245.7090909090907
hpmcounter5,normal,seed18,38,3242.509090909091
hpmcounter5,normal,seed18,39,3240.4
hpmcounter5,normal,seed18,40,3241.787878787879
hpmcounter5,normal,seed18,41,3246.1575757575756
hpmcounter5,normal,seed18,42,3247.387878787879
hpmcounter5,normal,seed18,43,3249.721212121212
hpmcounter5,normal,seed18,44,3253.212121212121
hpmcounter5,normal,seed18,45,3254.309090909091
hpmcounter5,normal,seed18,46,3256.612121212121
hpmcounter5,normal,seed18,47,3258.3151515151517
hpmcounter5,normal,seed18,48,3261.8848484848486
hpmcounter5,normal,seed18,49,3264.387878787879
hpmcounter5,normal,seed18,50,3266.981818181818
hpmcounter5,normal,seed18,51,3272.4060606060607
hpmcounter5,normal,seed18,52,3273.3454545454547
hpmcounter5,normal,seed18,53,3274.2
hpmcounter5,normal,seed18,54,3275.1454545454544
hpmcounter5,normal,seed18,55,3274.29696969697
hpmcounter5,normal,seed18,56,3272.448484848485
hpmcounter5,normal,seed18,57,3269.266666666667
hpmcounter5,normal,seed18,58,3267.6969696969695
hpmcounter5,normal,seed18,59,3266.042424242424
hpmcounter5,normal,seed18,60,3266.757575757576
hpmcounter5,normal,seed18,61,3268.3151515151517
hpmcounter5,normal,seed18,62,3265.6545454545453
hpmcounter5,normal,seed18,63,3262.721212121212
hpmcounter5,normal,seed18,64,3263.3515151515153
hpmcounter5,normal,seed18,65,3262.4424242424243
hpmcounter5,normal,seed18,66,3258.4
hpmcounter5,normal,seed18,67,3256.230303030303
hpmcounter5,normal,seed18,68,3257.1151515151514
hpmcounter5,normal,seed18,69,3259.9151515151516
hpmcounter5,normal,seed18,70,3261.10303030303
hpmcounter5,normal,seed18,71,3260.181818181818
hpmcounter5,normal,seed18,72,3258.5272727272727
hpmcounter5,normal,seed18,73,3254.9333333333334
hpmcounter5,normal,seed18,74,3255.733333333333
hpmcounter5,normal,seed18,75,3255.3939393939395
hpmcounter5,normal,seed18,76,3252.3454545454547
hpmcounter5,normal,seed18,77,3249.5151515151515
hpmcounter5,normal,seed18,78,3249.951515151515
hpmcounter5,normal,seed18,79,3254.018181818182
hpmcounter5,normal,seed18,80,3257.4666666666667
hpmcounter5,normal,seed18,81,3257.242424242424
hpmcounter5,normal,seed18,82,3261.072727272727
hpmcounter5,normal,seed18,83,3262.3212121212123
hpmcounter5,normal,seed18,84,3264.509090909091
hpmcounter5,normal,seed18,85,3265.2727272727275
hpmcounter5,normal,seed18,86,3265.1575757575756
hpmcounter5,normal,seed18,87,3262.5636363636363
hpmcounter5,normal,seed18,88,3259.418181818182
hpmcounter5,normal,seed18,89,3255.612121212121
hpmcounter5,normal,seed18,90,3254.9939393939394
hpmcounter5,normal,seed18,91,3251.1454545454544
hpmcounter5,normal,seed18,92,3251.266666666667
hpmcounter5,normal,seed18,93,3253.909090909091
hpmcounter5,normal,seed18,94,3257.0969696969696
hpmcounter5,normal,seed18,95,3261.0545454545454
hpmcounter5,normal,seed18,96,3263.2
hpmcounter5,normal,seed18,97,3262.6969696969695
hpmcounter5,normal,seed18,98,3261.109090909091
hpmcounter5,normal,seed18,99,3259.1878787878786
hpmcounter5,normal,seed18,100,3261.848484848485
hpmcounter5,normal,seed18,101,3261.6787878787877
hpmcounter5,normal,seed18,102,3261.2848484848487
hpmcounter5,normal,seed18,103,3261.848484848485
hpmcounter5,normal,seed18,104,3264.6484848484847
hpmcounter5,normal,seed18,105,3267.581818181818
hpmcounter5,normal,seed18,106,3267.193939393939
hpmcounter5,normal,seed18,107,3264.048484848485
hpmcounter5,normal,seed18,108,3260.8
hpmcounter5,normal,seed18,109,3258.8121212121214
hpmcounter5,normal,seed18,110,3258.660606060606
hpmcounter5,normal,seed18,111,3255.2181818181816
hpmcounter5,normal,seed18,112,3252.4363636363637
hpmcounter5,normal,seed18,113,3250.1757575757574
hpmcounter5,normal,seed18,114,3251.8121212121214
hpmcounter5,normal,seed18,115,3252.072727272727
hpmcounter5,normal,seed18,116,3251.4969696969697
hpmcounter5,normal,seed18,117,3248.4666666666667
hpmcounter5,normal,seed18,118,3246.266666666667
hpmcounter5,normal,seed18,119,3247.309090909091
hpmcounter5,normal,seed18,120,3248.278787878788
hpmcounter5,normal,seed18,121,3246.0969696969696
hpmcounter5,normal,seed18,122,3244.8848484848486
hpmcounter5,normal,seed18,123,3246.2181818181816
hpmcounter5,normal,seed18,124,3248.5757575757575
hpmcounter5,normal,seed18,125,3249.7636363636366
hpmcounter5,normal,seed18,126,3253.139393939394
hpmcounter5,normal,seed18,127,3255.2181818181816
hpmcounter5,normal,seed18,128,3257.9454545454546
hpmcounter5,normal,seed18,129,3260.4545454545455
hpmcounter5,normal,seed18,130,3260.775757575758
hpmcounter5,normal,seed18,131,3257.775757575758
hpmcounter5,normal,seed18,132,3254.4
hpmcounter5,normal,seed18,133,3254.775757575758
hpmcounter5,normal,seed18,134,3255.927272727273
hpmcounter5,normal,seed18,135,3256.9151515151516
hpmcounter5,normal,seed18,136,3257.2727272727275
hpmcounter5,normal,seed18,137,3256.490909090909
hpmcounter5,normal,seed18,138,3259.4424242424243
hpmcounter5,normal,seed18,139,3263.3515151515153
hpmcounter5,normal,seed18,140,3267.339393939394
hpmcounter5,normal,seed18,141,3268.212121212121
hpmcounter5,normal,seed18,142,3266.5878787878787
hpmcounter5,normal,seed18,143,3281.769696969697
hpmcounter5,normal,seed18,144,3308.9030303030304
hpmcounter5,normal,seed18,145,3345.242424242424
hpmcounter5,normal,seed18,146,3368.7454545454543
hpmcounter5,normal,seed18,147,3380.4727272727273
hpmcounter5,normal,seed18,148,3383.339393939394
hpmcounter5,normal,seed18,149,3377.151515151515
hpmcounter5,normal,seed18,150,3360.890909090909
hpmcounter5,normal,seed18,151,3333.660606060606
hpmcounter5,normal,seed18,152,3295.581818181818
hpmcounter5,normal,seed18,153,3271.030303030303
hpmcounter5,normal,seed18,154,3260.460606060606
hpmcounter5,normal,seed18,155,3263.539393939394
hpmcounter5,normal,seed18,156,3264.0060606060606
hpmcounter5,normal,seed18,157,3264.1757575757574
hpmcounter5,normal,seed18,158,3263.2484848484846
hpmcounter5,normal,seed18,159,3262.7818181818184
hpmcounter5,normal,seed18,160,3262.7090909090907
hpmcounter5,normal,seed18,161,3260.690909090909
hpmcounter5,normal,seed18,162,3258.5030303030303
hpmcounter5,normal,seed18,163,3261.0545454545454
hpmcounter5,normal,seed18,164,3266.660606060606
hpmcounter5,normal,seed18,165,3287.10303030303
hpmcounter5,normal,seed18,166,3318.6060606060605
hpmcounter5,normal,seed18,167,3355.9636363636364
hpmcounter5,normal,seed18,168,3381.3515151515153
hpmcounter5,normal,seed18,169,3397.121212121212
hpmcounter5,normal,seed18,170,3403.4242424242425
hpmcounter5,normal,seed18,171,3398.2484848484846
hpmcounter5,normal,seed18,172,3381.6242424242423
hpmcounter5,normal,seed18,173,3354.242424242424
hpmcounter5,normal,seed18,174,3313.9030303030304
hpmcounter5,normal,seed18,175,3279.672727272727
hpmcounter5,normal,seed18,176,3258.1272727272726
hpmcounter5,normal,seed18,177,3250.6363636363635
hpmcounter5,normal,seed18,178,3246.5575757575757
hpmcounter5,normal,seed18,179,3245.4
hpmcounter5,normal,seed18,180,3246.012121212121
hpmcounter5,normal,seed18,181,3250.866666666667
hpmcounter5,normal,seed18,182,3258.7515151515154
hpmcounter5,normal,seed18,183,3266.836363636364
hpmcounter5,normal,seed18,184,3273.8242424242426
hpmcounter5,normal,seed18,185,3275.0969696969696
hpmcounter5,normal,seed18,186,3273.6848484848483
hpmcounter5,normal,seed18,187,3270.951515151515
hpmcounter5,normal,seed18,188,3267.1878787878786
hpmcounter5,normal,seed18,189,3260.5878787878787
hpmcounter5,normal,seed18,190,3254.048484848485
hpmcounter5,normal,seed18,191,3248.9454545454546
hpmcounter5,normal,seed18,192,3249.3636363636365
hpmcounter5,normal,seed18,193,3248.7939393939396
hpmcounter5,normal,seed18,194,3249.818181818182
hpmcounter5,normal,seed18,195,3249.357575757576
hpmcounter5,normal,seed18,196,3250.078787878788
hpmcounter5,normal,seed18,197,3253.2545454545457
hpmcounter5,normal,seed18,198,3257.7454545454543
hpmcounter5,normal,seed18,199,3274.121212121212
hpmcounter5,normal,seed18,200,3287.4727272727273
hpmcounter5,normal,seed18,201,3293.836363636364
hpmcounter5,normal,seed18,202,3301.2606060606063
hpmcounter5,normal,seed18,203,3302.1878787878786
hpmcounter5,normal,seed18,204,3300.878787878788
hpmcounter5,normal,seed18,205,3293.012121212121
hpmcounter5,normal,seed18,206,3281.860606060606
hpmcounter5,normal,seed18,207,3268.775757575758
hpmcounter5,normal,seed18,208,3253.0545454545454
hpmcounter5,normal,seed18,209,3249.890909090909
hpmcounter5,normal,seed18,210,3250.521212121212
hpmcounter5,normal,seed18,211,3246.5878787878787
hpmcounter5,normal,seed18,212,3244.690909090909
hpmcounter5,normal,seed18,213,3243.2484848484846
hpmcounter5,normal,seed18,214,3244.2484848484846
hpmcounter5,normal,seed18,215,3246.0666666666666
hpmcounter5,normal,seed18,216,3250.957575757576
hpmcounter5,normal,seed18,217,3255.327272727273
hpmcounter5,normal,seed18,218,3256.2848484848487
hpmcounter5,normal,seed18,219,3256.1878787878786
hpmcounter5,normal,seed18,220,3259.848484848485
hpmcounter5,normal,seed18,221,3260.1272727272726
hpmcounter5,normal,seed18,222,3258.6060606060605
hpmcounter5,normal,seed18,223,3256.569696969697
hpmcounter5,normal,seed18,224,3254.987878787879
hpmcounter5,normal,seed18,225,3255.3212121212123
hpmcounter5,normal,seed18,226,3257.509090909091
hpmcounter5,normal,seed18,227,3259.327272727273
hpmcounter5,normal,seed18,228,3258.7939393939396
hpmcounter5,normal,seed18,229,3257.8727272727274
hpmcounter5,normal,seed18,230,3261.2848484848487
hpmcounter5,normal,seed18,231,3263.5636363636363
hpmcounter5,normal,seed18,232,3266.6969696969695
hpmcounter5,normal,seed18,233,3271.339393939394
hpmcounter5,normal,seed18,234,3277.0545454545454
hpmcounter5,normal,seed18,235,3281.387878787879
hpmcounter5,normal,seed18,236,3285.4666666666667
hpmcounter5,normal,seed18,237,3287.181818181818
hpmcounter5,normal,seed18,238,3285.1151515151514
hpmcounter5,normal,seed18,239,3278.339393939394
hpmcounter5,normal,seed18,240,3273.909090909091
hpmcounter5,normal,seed18,241,3266.242424242424
hpmcounter5,normal,seed18,242,3260.2727272727275
hpmcounter5,normal,seed18,243,3255.3333333333335
hpmcounter5,normal,seed18,244,3252.133333333333
hpmcounter5,normal,seed18,245,3250.3515151515153
hpmcounter5,normal,seed18,246,3251.1272727272726
hpmcounter5,normal,seed18,247,3253.775757575758
hpmcounter5,normal,seed18,248,3254.7454545454543
hpmcounter5,normal,seed18,249,3255.6242424242423
hpmcounter5,normal,seed18,250,3258.2909090909093
hpmcounter5,normal,seed18,251,3258.460606060606
hpmcounter5,normal,seed18,252,3260.430303030303
hpmcounter5,normal,seed18,253,3263.866666666667
hpmcounter5,normal,seed18,254,3265.4666666666667
hpmcounter5,normal,seed18,255,3267.4545454545455
hpmcounter5,normal,seed18,256,3266.163636363636
hpmcounter5,normal,seed18,257,3265.0242424242424
hpmcounter5,normal,seed18,258,3261.357575757576
hpmcounter5,normal,seed18,259,3257.642424242424
hpmcounter5,normal,seed18,260,3254.2606060606063
hpmcounter5,normal,seed18,261,3247.509090909091
hpmcounter5,normal,seed18,262,3243.0363636363636
hpmcounter5,normal,seed18,263,3244.2545454545457
hpmcounter5,normal,seed18,264,3247.70303030303
hpmcounter5,normal,seed18,265,3251.3151515151517
hpmcounter5,normal,seed18,266,3257.163636363636
hpmcounter5,normal,seed18,267,3261.29696969697
hpmcounter5,normal,seed18,268,3265.0969696969696
hpmcounter5,normal,seed18,269,3269.478787878788
hpmcounter5,normal,seed18,270,3273.642424242424
hpmcounter5,normal,seed18,271,3275.981818181818
hpmcounter5,normal,seed18,272,3281.042424242424
hpmcounter5,normal,seed18,273,3281.660606060606
hpmcounter5,normal,seed18,274,3281.6484848484847
hpmcounter5,normal,seed18,275,3277.612121212121
hpmcounter5,normal,seed18,276,3274.7393939393937
hpmcounter5,normal,seed18,277,3269.6969696969695
hpmcounter5,normal,seed18,278,3262.7151515151513
hpmcounter5,normal,seed18,279,3257.193939393939
hpmcounter5,normal,seed18,280,3251.060606060606
hpmcounter5,normal,seed18,281,3249.6787878787877
hpmcounter5,normal,seed18,282,3254.369696969697
hpmcounter5,normal,seed18,283,3257.775757575758
hpmcounter5,normal,seed18,284,3261.4060606060607
hpmcounter5,normal,seed18,285,3261.8242424242426
hpmcounter5,normal,seed18,286,3260.181818181818
hpmcounter5,normal,seed18,287,3259.169696969697
hpmcounter5,normal,seed18,288,3258.4121212121213
hpmcounter5,normal,seed18,289,3259.0242424242424
hpmcounter5,normal,seed18,290,3256.0545454545454
hpmcounter5,normal,seed18,291,3255.3030303030305
hpmcounter5,normal,seed18,292,3257.327272727273
hpmcounter5,normal,seed18,293,3259.6363636363635
hpmcounter5,normal,seed18,294,3262.5454545454545
hpmcounter5,normal,seed18,295,3263.5939393939393
hpmcounter5,normal,seed18,296,3261.5454545454545
hpmcounter5,normal,seed18,297,3257.9333333333334
hpmcounter5,normal,seed18,298,3254.521212121212
hpmcounter5,normal,seed19,9,3303.836363636364
hpmcounter5,normal,seed19,10,3288.8
hpmcounter5,normal,seed19,11,3267.4848484848485
hpmcounter5,normal,seed19,12,3252.569696969697
hpmcounter5,normal,seed19,13,3250.2
hpmcounter5,normal,seed19,14,3250.181818181818
hpmcounter5,normal,seed19,15,3248.672727272727
hpmcounter5,normal,seed19,16,3248.078787878788
hpmcounter5,normal,seed19,17,3251.109090909091
hpmcounter5,normal,seed19,18,3256.2848484848487
hpmcounter5,normal,seed19,19,3259.6848484848483
hpmcounter5,normal,seed19,20,3261.7818181818184
hpmcounter5,normal,seed19,21,3262.3939393939395
hpmcounter5,normal,seed19,22,3263.5636363636363
hpmcounter5,normal,seed19,23,3263.6848484848483
hpmcounter5,normal,seed19,24,3263.29696969697
hpmcounter5,normal,seed19,25,3260.5636363636363
hpmcounter5,normal,seed19,26,3259.6545454545453
hpmcounter5,normal,seed19,27,3256.939393939394
hpmcounter5,normal,seed19,28,3258.460606060606
hpmcounter5,normal,seed19,29,3259.0545454545454
hpmcounter5,normal,seed19,30,3263.3939393939395
hpmcounter5,normal,seed19,31,3267.230303030303
hpmcounter5,normal,seed19,32,3271.3818181818183
hpmcounter5,normal,seed19,33,3271.7393939393937
hpmcounter5,normal,seed19,34,3270.6242424242423
hpmcounter5,normal,seed19,35,3268.957575757576
hpmcounter5,normal,seed19,36,3266.2848484848487
hpmcounter5,normal,seed19,37,3261.3818181818183
hpmcounter5,normal,seed19,38,3255.6
hpmcounter5,normal,seed19,39,3249.5575757575757
hpmcounter5,normal,seed19,40,3247.5030303030303
hpmcounter5,normal,seed19,41,3246.0545454545454
hpmcounter5,normal,seed19,42,3246.806060606061
hpmcounter5,normal,seed19,43,3245.2181818181816
hpmcounter5,normal,seed19,44,3243.890909090909
hpmcounter5,normal,seed19,45,3245.1575757575756
hpmcounter5,normal,seed19,46,3244.10303030303
hpmcounter5,normal,seed19,47,3244.3333333333335
hpmcounter5,normal,seed19,48,3244.9151515151516
hpmcounter5,normal,seed19,49,3245.4363636363637
hpmcounter5,normal,seed19,50,3248.3757575757577
hpmcounter5,normal,seed19,51,3251.2545454545457
hpmcounter5,normal,seed19,52,3254.242424242424
hpmcounter5,normal,seed19,53,3258.5151515151515
hpmcounter5,normal,seed19,54,3263.448484848485
hpmcounter5,normal,seed19,55,3268.4969696969697
hpmcounter5,normal,seed19,56,3272.121212121212
hpmcounter5,normal,seed19,57,3274.3030303030305
hpmcounter5,normal,seed19,58,3275.0848484848484
hpmcounter5,normal,seed19,59,3275.3151515151517
hpmcounter5,normal,seed19,60,3272.509090909091
hpmcounter5,normal,seed19,61,3269.769696969697
hpmcounter5,normal,seed19,62,3264.757575757576
hpmcounter5,normal,seed19,63,3260.387878787879
hpmcounter5,normal,seed19,64,3255.951515151515
hpmcounter5,normal,seed19,65,3251.569696969697
hpmcounter5,normal,seed19,66,3247.5878787878787
hpmcounter5,normal,seed19,67,3246.987878787879
hpmcounter5,normal,seed19,68,3246.9030303030304
hpmcounter5,normal,seed19,69,3247.9454545454546
hpmcounter5,normal,seed19,70,3247.1454545454544
hpmcounter5,normal,seed19,71,3250.1454545454544
hpmcounter5,normal,seed19,72,3252.4242424242425
hpmcounter5,normal,seed19,73,3254.5939393939393
hpmcounter5,normal,seed19,74,3254.9454545454546
hpmcounter5,normal,seed19,75,3255.193939393939
hpmcounter5,normal,seed19,76,3253.660606060606
hpmcounter5,normal,seed19,77,3252.757575757576
hpmcounter5,normal,seed19,78,3270.6242424242423
hpmcounter5,normal,seed19,79,3285.2363636363634
hpmcounter5,normal,seed19,80,3296.357575757576
hpmcounter5,normal,seed19,81,3318.721212121212
hpmcounter5,normal,seed19,82,3348.4969696969697
hpmcounter5,normal,seed19,83,3384.4242424242425
hpmcounter5,normal,seed19,84,3405.5151515151515
hpmcounter5,normal,seed19,85,3409.769696969697
hpmcounter5,normal,seed19,86,3401.0060606060606
hpmcounter5,normal,seed19,87,3376.806060606061
hpmcounter5,normal,seed19,88,3360.090909090909
hpmcounter5,normal,seed19,89,3334.2363636363634
hpmcounter5,normal,seed19,90,3298.8121212121214
hpmcounter5,normal,seed19,91,3269.1151515151514
hpmcounter5,normal,seed19,92,3252.848484848485
hpmcounter5,normal,seed19,93,3252.7515151515154
hpmcounter5,normal,seed19,94,3253.1151515151514
hpmcounter5,normal,seed19,95,3252.2909090909093
hpmcounter5,normal,seed19,96,3254.3030303030305
hpmcounter5,normal,seed19,97,3257.0969696969696
hpmcounter5,normal,seed19,98,3259.2545454545457
hpmcounter5,normal,seed19,99,3259.7272727272725
hpmcounter5,normal,seed19,100,3263.29696969697
hpmcounter5,normal,seed19,101,3266.836363636364
hpmcounter5,normal,seed19,102,3272.339393939394
hpmcounter5,normal,seed19,103,3276.2
hpmcounter5,normal,seed19,104,3276.3454545454547
hpmcounter5,normal,seed19,105,3274.5454545454545
hpmcounter5,normal,seed19,106,3274.078787878788
hpmcounter5,normal,seed19,107,3274.612121212121
hpmcounter5,normal,seed19,108,3272.0
hpmcounter5,normal,seed19,109,3264.0666666666666
hpmcounter5,normal,seed19,110,3258.0848484848484
hpmcounter5,normal,seed19,111,3252.0666666666666
hpmcounter5,normal,seed19,112,3251.3818181818183
hpmcounter5,normal,seed19,113,3250.6060606060605
hpmcounter5,normal,seed19,114,3250.2545454545457
hpmcounter5,normal,seed19,115,3248.4060606060607
hpmcounter5,normal,seed19,116,3248.957575757576
hpmcounter5,normal,seed19,117,3250.927272727273
hpmcounter5,normal,seed19,118,3253.121212121212
hpmcounter5,normal,seed19,119,3253.6
hpmcounter5,normal,seed19,120,3253.230303030303
hpmcounter5,normal,seed19,121,3249.8121212121214
hpmcounter5,normal,seed19,122,3248.242424242424
hpmcounter5,normal,seed19,123,3246.430303030303
hpmcounter5,normal,seed19,124,3245.8242424242426
hpmcounter5,normal,seed19,125,3243.4060606060607
hpmcounter5,normal,seed19,126,3243.7818181818184
hpmcounter5,normal,seed19,127,3248.539393939394
hpmcounter5,normal,seed19,128,3252.521212121212
hpmcounter5,normal,seed19,129,3256.133333333333
hpmcounter5,normal,seed19,130,3260.8545454545456
hpmcounter5,normal,seed19,131,3263.1878787878786
hpmcounter5,normal,seed19,132,3266.460606060606
hpmcounter5,normal,seed19,133,3271.5939393939393
hpmcounter5,normal,seed19,134,3274.9757575757576
hpmcounter5,normal,seed19,135,3271.818181818182
hpmcounter5,normal,seed19,136,3267.7818181818184
hpmcounter5,normal,seed19,137,3268.6545454545453
hpmcounter5,normal,seed19,138,3266.327272727273
hpmcounter5,normal,seed19,139,3261.0242424242424
hpmcounter5,normal,seed19,140,3257.2181818181816
hpmcounter5,normal,seed19,141,3250.018181818182
hpmcounter5,normal,seed19,142,3243.490909090909
hpmcounter5,normal,seed19,143,3240.866666666667
hpmcounter5,normal,seed19,144,3242.4545454545455
hpmcounter5,normal,seed19,145,3242.4545454545455
hpmcounter5,normal,seed19,146,3242.6
hpmcounter5,normal,seed19,147,3244.5878787878787
hpmcounter5,normal,seed19,148,3248.4424242424243
hpmcounter5,normal,seed19,149,3253.012121212121
hpmcounter5,normal,seed19,150,3258.230303030303
hpmcounter5,normal,seed19,151,3260.5757575757575
hpmcounter5,normal,seed19,152,3260.193939393939
hpmcounter5,normal,seed19,153,3259.6181818181817
hpmcounter5,normal,seed19,154,3260.5939393939393
hpmcounter5,normal,seed19,155,3259.357575757576
hpmcounter5,normal,seed19,156,3256.9151515151516
hpmcounter5,normal,seed19,157,3252.769696969697
hpmcounter5,normal,seed19,158,3249.5272727272727
hpmcounter5,normal,seed19,159,3247.551515151515
hpmcounter5,normal,seed19,160,3245.418181818182
hpmcounter5,normal,seed19,161,3244.5151515151515
hpmcounter5,normal,seed19,162,3244.0969696969696
hpmcounter5,normal,seed19,163,3245.7272727272725
hpmcounter5,normal,seed19,164,3246.163636363636
hpmcounter5,normal,seed19,165,3245.969696969697
hpmcounter5,normal,seed19,166,3245.9030303030304
hpmcounter5,normal,seed19,167,3246.1151515151514
hpmcounter5,normal,seed19,168,3245.224242424242
hpmcounter5,normal,seed19,169,3245.5878787878787
hpmcounter5,normal,seed19,170,3246.139393939394
hpmcounter5,normal,seed19,171,3245.987878787879
hpmcounter5,normal,seed19,172,3246.012121212121
hpmcounter5,normal,seed19,173,3247.090909090909
hpmcounter5,normal,seed19,174,3246.860606060606
hpmcounter5,normal,seed19,175,3248.6969696969695
hpmcounter5,normal,seed19,176,3252.339393939394
hpmcounter5,normal,seed19,177,3258.109090909091
hpmcounter5,normal,seed19,178,3260.866666666667
hpmcounter5,normal,seed19,179,3264.0
hpmcounter5,normal,seed19,180,3267.181818181818
hpmcounter5,normal,seed19,181,3266.5272727272727
hpmcounter5,normal,seed19,182,3265.818181818182
hpmcounter5,normal,seed19,183,3264.0242424242424
hpmcounter5,normal,seed19,184,3261.1878787878786
hpmcounter5,normal,seed19,185,3258.478787878788
hpmcounter5,normal,seed19,186,3257.1757575757574
hpmcounter5,normal,seed19,187,3258.327272727273
hpmcounter5,normal,seed19,188,3257.2727272727275
hpmcounter5,normal,seed19,189,3253.8727272727274
hpmcounter5,normal,seed19,190,3251.309090909091
hpmcounter5,normal,seed19,191,3249.7272727272725
hpmcounter5,normal,seed19,192,3247.787878787879
hpmcounter5,normal,seed19,193,3246.151515151515
hpmcounter5,normal,seed19,194,3245.5757575757575
hpmcounter5,normal,seed19,195,3246.630303030303
hpmcounter5,normal,seed19,196,3248.5575757575757
hpmcounter5,normal,seed19,197,3253.6666666666665
hpmcounter5,normal,seed19,198,3256.418181818182
hpmcounter5,normal,seed19,199,3256.4060606060607
hpmcounter5,normal,seed19,200,3258.8242424242426
hpmcounter5,normal,seed19,201,3262.4727272727273
hpmcounter5,normal,seed19,202,3265.0363636363636
hpmcounter5,normal,seed19,203,3265.2909090909093
hpmcounter5,normal,seed19,204,3265.4424242424243
hpmcounter5,normal,seed19,205,3263.078787878788
hpmcounter5,normal,seed19,206,3260.733333333333
hpmcounter5,normal,seed19,207,3260.0848484848484
hpmcounter5,normal,seed19,208,3255.787878787879
hpmcounter5,normal,seed19,209,3252.70303030303
hpmcounter5,normal,seed19,210,3251.806060606061
hpmcounter5,normal,seed19,211,3250.387878787879
hpmcounter5,normal,seed19,212,3252.7939393939396
hpmcounter5,normal,seed19,213,3254.8424242424244
hpmcounter5,normal,seed19,214,3257.921212121212
hpmcounter5,normal,seed19,215,3260.9151515151516
hpmcounter5,normal,seed19,216,3265.951515151515
hpmcounter5,normal,seed19,217,3267.757575757576
hpmcounter5,normal,seed19,218,3267.224242424242
hpmcounter5,normal,seed19,219,3270.387878787879
hpmcounter5,normal,seed19,220,3271.9151515151516
hpmcounter5,normal,seed19,221,3269.490909090909
hpmcounter5,normal,seed19,222,3268.9151515151516
hpmcounter5,normal,seed19,223,3267.012121212121
hpmcounter5,normal,seed19,224,3262.0545454545454
hpmcounter5,normal,seed19,225,3260.6181818181817
hpmcounter5,normal,seed19,226,3261.981818181818
hpmcounter5,normal,seed19,227,3263.018181818182
hpmcounter5,normal,seed19,228,3262.836363636364
hpmcounter5,normal,seed19,229,3265.8727272727274
hpmcounter5,normal,seed19,230,3266.7515151515154
hpmcounter5,normal,seed19,231,3263.9333333333334
hpmcounter5,normal,seed19,232,3261.369696969697
hpmcounter5,normal,seed19,233,3257.4969696969697
hpmcounter5,normal,seed19,234,3251.2
hpmcounter5,normal,seed19,235,3247.418181818182
hpmcounter5,normal,seed19,236,3246.3939393939395
hpmcounter5,normal,seed19,237,3247.848484848485
hpmcounter5,normal,seed19,238,3249.878787878788
hpmcounter5,normal,seed19,239,3253.6363636363635
hpmcounter5,normal,seed19,240,3254.266666666667
hpmcounter5,normal,seed19,241,3252.121212121212
hpmcounter5,normal,seed19,242,3250.0969696969696
hpmcounter5,normal,seed19,243,3251.4545454545455
hpmcounter5,normal,seed19,244,3252.4727272727273
hpmcounter5,normal,seed19,245,3253.6666666666665
hpmcounter5,normal,seed19,246,3256.10303030303
hpmcounter5,normal,seed19,247,3256.551515151515
hpmcounter5,normal,seed19,248,3259.278787878788
hpmcounter5,normal,seed19,249,3262.3030303030305
hpmcounter5,normal,seed19,250,3263.042424242424
hpmcounter5,normal,seed19,251,3260.4060606060607
hpmcounter5,normal,seed19,252,3256.4242424242425
hpmcounter5,normal,seed19,253,3258.0060606060606
hpmcounter5,normal,seed19,254,3257.4727272727273
hpmcounter5,normal,seed19,255,3256.6242424242423
hpmcounter5,normal,seed19,256,3255.2363636363634
hpmcounter5,normal,seed19,257,3251.569696969697
hpmcounter5,normal,seed19,258,3249.5030303030303
hpmcounter5,normal,seed19,259,3248.569696969697
hpmcounter5,normal,seed19,260,3248.224242424242
hpmcounter5,normal,seed19,261,3248.072727272727
hpmcounter5,normal,seed19,262,3249.309090909091
hpmcounter5,normal,seed19,263,3252.8424242424244
hpmcounter5,normal,seed19,264,3253.70303030303
hpmcounter5,normal,seed19,265,3257.121212121212
hpmcounter5,normal,seed19,266,3261.012121212121
hpmcounter5,normal,seed19,267,3262.0969696969696
hpmcounter5,normal,seed19,268,3264.0060606060606
hpmcounter5,normal,seed19,269,3264.848484848485
hpmcounter5,normal,seed19,270,3265.4
hpmcounter5,normal,seed19,271,3264.278787878788
hpmcounter5,normal,seed19,272,3264.6484848484847
hpmcounter5,normal,seed19,273,3263.909090909091
hpmcounter5,normal,seed19,274,3260.757575757576
hpmcounter5,normal,seed19,275,3259.690909090909
hpmcounter5,normal,seed19,276,3259.5757575757575
hpmcounter5,normal,seed19,277,3257.4848484848485
hpmcounter5,normal,seed19,278,3257.9454545454546
hpmcounter5,normal,seed19,279,3256.6363636363635
hpmcounter5,normal,seed19,280,3257.987878787879
hpmcounter5,normal,seed19,281,3257.0242424242424
hpmcounter5,normal,seed19,282,3257.5151515151515
hpmcounter5,normal,seed19,283,3258.0060606060606
hpmcounter5,normal,seed19,284,3256.4545454545455
hpmcounter5,normal,seed19,285,3254.224242424242
hpmcounter5,normal,seed19,286,3253.5757575757575
hpmcounter5,normal,seed19,287,3251.357575757576
hpmcounter5,normal,seed19,288,3248.89696969697
hpmcounter5,normal,seed19,289,3244.509090909091
hpmcounter5,normal,seed19,290,3241.981818181818
hpmcounter5,normal,seed19,291,3240.121212121212
hpmcounter5,normal,seed19,292,3239.042424242424
hpmcounter5,normal,seed19,293,3240.757575757576
hpmcounter5,normal,seed19,294,3242.3151515151517
hpmcounter5,normal,seed19,295,3243.672727272727
hpmcounter5,normal,seed19,296,3247.5757575757575
hpmcounter5,normal,seed19,297,3249.8242424242426
hpmcounter5,normal,seed19,298,3250.7151515151513
hpmcounter5,normal,seed2,9,3257.193939393939
hpmcounter5,normal,seed2,10,3253.4545454545455
hpmcounter5,normal,seed2,11,3247.8
hpmcounter5,normal,seed2,12,3243.5757575757575
hpmcounter5,normal,seed2,13,3239.539393939394
hpmcounter5,normal,seed2,14,3237.9151515151516
hpmcounter5,normal,seed2,15,3255.430303030303
hpmcounter5,normal,seed2,16,3271.121212121212
hpmcounter5,normal,seed2,17,3284.0
hpmcounter5,normal,seed2,18,3295.6
hpmcounter5,normal,seed2,19,3318.551515151515
hpmcounter5,normal,seed2,20,3352.0
hpmcounter5,normal,seed2,21,3369.9939393939394
hpmcounter5,normal,seed2,22,3376.8424242424244
hpmcounter5,normal,seed2,23,3374.369696969697
hpmcounter5,normal,seed2,24,3358.133333333333
hpmcounter5,normal,seed2,25,3350.8242424242426
hpmcounter5,normal,seed2,26,3333.490909090909
hpmcounter5,normal,seed2,27,3306.169696969697
hpmcounter5,normal,seed2,28,3272.551515151515
hpmcounter5,normal,seed2,29,3250.012121212121
hpmcounter5,normal,seed2,30,3248.048484848485
hpmcounter5,normal,seed2,31,3243.448484848485
hpmcounter5,normal,seed2,32,3239.4242424242425
hpmcounter5,normal,seed2,33,3239.133333333333
hpmcounter5,normal,seed2,34,3237.6545454545453
hpmcounter5,normal,seed2,35,3241.8
hpmcounter5,normal,seed2,36,3246.163636363636
hpmcounter5,normal,seed2,37,3253.072727272727
hpmcounter5,normal,seed2,38,3259.6848484848483
hpmcounter5,normal,seed2,39,3265.8727272727274
hpmcounter5,normal,seed2,40,3270.9454545454546
hpmcounter5,normal,seed2,41,3274.2606060606063
hpmcounter5,normal,seed2,42,3272.7090909090907
hpmcounter5,normal,seed2,43,3267.957575757576
hpmcounter5,normal,seed2,44,3262.769696969697
hpmcounter5,normal,seed2,45,3257.0242424242424
hpmcounter5,normal,seed2,46,3251.018181818182
hpmcounter5,normal,seed2,47,3248.369696969697
hpmcounter5,normal,seed2,48,3247.551515151515
hpmcounter5,normal,seed2,49,3251.581818181818
hpmcounter5,normal,seed2,50,3253.0545454545454
hpmcounter5,normal,seed2,51,3255.5030303030303
hpmcounter5,normal,seed2,52,3255.9030303030304
hpmcounter5,normal,seed2,53,3254.551515151515
hpmcounter5,normal,seed2,54,3256.866666666667
hpmcounter5,normal,seed2,55,3256.7818181818184
hpmcounter5,normal,seed2,56,3255.551515151515
hpmcounter5,normal,seed2,57,3252.921212121212
hpmcounter5,normal,seed2,58,3252.70303030303
hpmcounter5,normal,seed2,59,3253.2181818181816
hpmcounter5,normal,seed2,60,3251.721212121212
hpmcounter5,normal,seed2,61,3250.4545454545455
hpmcounter5,normal,seed2,62,3250.2
hpmcounter5,normal,seed2,63,3246.1878787878786
hpmcounter5,normal,seed2,64,3245.521212121212
hpmcounter5,normal,seed2,65,3246.939393939394
hpmcounter5,normal,seed2,66,3248.521212121212
hpmcounter5,normal,seed2,67,3250.2727272727275
hpmcounter5,normal,seed2,68,3256.1454545454544
hpmcounter5,normal,seed2,69,3260.012121212121
hpmcounter5,normal,seed2,70,3263.7454545454543
hpmcounter5,normal,seed2,71,3266.369696969697
hpmcounter5,normal,seed2,72,3267.8727272727274
hpmcounter5,normal,seed2,73,3266.921212121212
hpmcounter5,normal,seed2,74,3266.2060606060604
hpmcounter5,normal,seed2,75,3266.7454545454543
hpmcounter5,normal,seed2,76,3268.224242424242
hpmcounter5,normal,seed2,77,3270.612121212121
hpmcounter5,normal,seed2,78,3272.9030303030304
hpmcounter5,normal,seed2,79,3273.012121212121
hpmcounter5,normal,seed2,80,3272.6484848484847
hpmcounter5,normal,seed2,81,3272.133333333333
hpmcounter5,normal,seed2,82,3270.6
hpmcounter5,normal,seed2,83,3268.8545454545456
hpmcounter5,normal,seed2,84,3264.369696969697
hpmcounter5,normal,seed2,85,3259.0666666666666
hpmcounter5,normal,seed2,86,3256.9333333333334
hpmcounter5,normal,seed2,87,3256.369696969697
hpmcounter5,normal,seed2,88,3253.6787878787877
hpmcounter5,normal,seed2,89,3252.090909090909
hpmcounter5,normal,seed2,90,3250.3030303030305
hpmcounter5,normal,seed2,91,3250.951515151515
hpmcounter5,normal,seed2,92,3254.0666666666666
hpmcounter5,normal,seed2,93,3255.309090909091
hpmcounter5,normal,seed2,94,3254.490909090909
hpmcounter5,normal,seed2,95,3254.0545454545454
hpmcounter5,normal,seed2,96,3252.787878787879
hpmcounter5,normal,seed2,97,3254.3454545454547
hpmcounter5,normal,seed2,98,3254.7272727272725
hpmcounter5,normal,seed2,99,3257.0060606060606
hpmcounter5,normal,seed2,100,3257.339393939394
hpmcounter5,normal,seed2,101,3259.7151515151513
hpmcounter5,normal,seed2,102,3265.139393939394
hpmcounter5,normal,seed2,103,3266.890909090909
hpmcounter5,normal,seed2,104,3266.981818181818
hpmcounter5,normal,seed2,105,3267.327272727273
hpmcounter5,normal,seed2,106,3264.848484848485
hpmcounter5,normal,seed2,107,3264.242424242424
hpmcounter5,normal,seed2,108,3264.581818181818
hpmcounter5,normal,seed2,109,3266.3757575757577
hpmcounter5,normal,seed2,110,3264.5333333333333
hpmcounter5,normal,seed2,111,3260.8
hpmcounter5,normal,seed2,112,3261.2181818181816
hpmcounter5,normal,seed2,113,3260.2727272727275
hpmcounter5,normal,seed2,114,3259.0363636363636
hpmcounter5,normal,seed2,115,3260.0666666666666
hpmcounter5,normal,seed2,116,3258.4060606060607
hpmcounter5,normal,seed2,117,3255.8727272727274
hpmcounter5,normal,seed2,118,3254.909090909091
hpmcounter5,normal,seed2,119,3255.836363636364
hpmcounter5,normal,seed2,120,3255.0363636363636
hpmcounter5,normal,seed2,121,3252.6848484848483
hpmcounter5,normal,seed2,122,3253.230303030303
hpmcounter5,normal,seed2,123,3255.5636363636363
hpmcounter5,normal,seed2,124,3255.5939393939393
hpmcounter5,normal,seed2,125,3260.1575757575756
hpmcounter5,normal,seed2,126,3259.2363636363634
hpmcounter5,normal,seed2,127,3258.151515151515
hpmcounter5,normal,seed2,128,3257.8242424242426
hpmcounter5,normal,seed2,129,3256.430303030303
hpmcounter5,normal,seed2,130,3255.8848484848486
hpmcounter5,normal,seed2,131,3255.4
hpmcounter5,normal,seed2,132,3255.0242424242424
hpmcounter5,normal,seed2,133,3258.3757575757577
hpmcounter5,normal,seed2,134,3260.672727272727
hpmcounter5,normal,seed2,135,3263.4545454545455
hpmcounter5,normal,seed2,136,3260.581818181818
hpmcounter5,normal,seed2,137,3256.5333333333333
hpmcounter5,normal,seed2,138,3252.6969696969695
hpmcounter5,normal,seed2,139,3247.2484848484846
hpmcounter5,normal,seed2,140,3244.2181818181816
hpmcounter5,normal,seed2,141,3241.4060606060607
hpmcounter5,normal,seed2,142,3241.7272727272725
hpmcounter5,normal,seed2,143,3242.969696969697
hpmcounter5,normal,seed2,144,3246.5575757575757
hpmcounter5,normal,seed2,145,3251.0545454545454
hpmcounter5,normal,seed2,146,3254.5575757575757
hpmcounter5,normal,seed2,147,3258.266666666667
hpmcounter5,normal,seed2,148,3275.836363636364
hpmcounter5,normal,seed2,149,3288.8242424242426
hpmcounter5,normal,seed2,150,3295.169696969697
hpmcounter5,normal,seed2,151,3294.9757575757576
hpmcounter5,normal,seed2,152,3311.866666666667
hpmcounter5,normal,seed2,153,3336.369696969697
hpmcounter5,normal,seed2,154,3365.151515151515
hpmcounter5,normal,seed2,155,3382.7393939393937
hpmcounter5,normal,seed2,156,3386.957575757576
hpmcounter5,normal,seed2,157,3379.7818181818184
hpmcounter5,normal,seed2,158,3379.551515151515
hpmcounter5,normal,seed2,159,3367.9757575757576
hpmcounter5,normal,seed2,160,3342.6666666666665
hpmcounter5,normal,seed2,161,3305.387878787879
hpmcounter5,normal,seed2,162,3278.630303030303
hpmcounter5,normal,seed2,163,3263.1575757575756
hpmcounter5,normal,seed2,164,3259.987878787879
hpmcounter5,normal,seed2,165,3256.418181818182
hpmcounter5,normal,seed2,166,3253.5757575757575
hpmcounter5,normal,seed2,167,3250.4
hpmcounter5,normal,seed2,168,3248.151515151515
hpmcounter5,normal,seed2,169,3245.5272727272727
hpmcounter5,normal,seed2,170,3245.3151515151517
hpmcounter5,normal,seed2,171,3245.3151515151517
hpmcounter5,normal,seed2,172,3245.860606060606
hpmcounter5,normal,seed2,173,3262.5454545454545
hpmcounter5,normal,seed2,174,3290.860606060606
hpmcounter5,normal,seed2,175,3328.6363636363635
hpmcounter5,normal,seed2,176,3359.0545454545454
hpmcounter5,normal,seed2,177,3379.042424242424
hpmcounter5,normal,seed2,178,3387.0060606060606
hpmcounter5,normal,seed2,179,3384.090909090909
hpmcounter5,normal,seed2,180,3373.4060606060607
hpmcounter5,normal,seed2,181,3351.3151515151517
hpmcounter5,normal,seed2,182,3317.0848484848484
hpmcounter5,normal,seed2,183,3289.5272727272727
hpmcounter5,normal,seed2,184,3274.369696969697
hpmcounter5,normal,seed2,185,3272.830303030303
hpmcounter5,normal,seed2,186,3272.2
hpmcounter5,normal,seed2,187,3268.163636363636
hpmcounter5,normal,seed2,188,3263.0848484848484
hpmcounter5,normal,seed2,189,3257.4545454545455
hpmcounter5,normal,seed2,190,3253.7636363636366
hpmcounter5,normal,seed2,191,3251.9454545454546
hpmcounter5,normal,seed2,192,3251.109090909091
hpmcounter5,normal,seed2,193,3250.4969696969697
hpmcounter5,normal,seed2,194,3254.1575757575756
hpmcounter5,normal,seed2,195,3255.9454545454546
hpmcounter5,normal,seed2,196,3260.327272727273
hpmcounter5,normal,seed2,197,3263.6
hpmcounter5,normal,seed2,198,3265.1454545454544
hpmcounter5,normal,seed2,199,3264.4
hpmcounter5,normal,seed2,200,3262.357575757576
hpmcounter5,normal,seed2,201,3259.848484848485
hpmcounter5,normal,seed2,202,3255.0666666666666
hpmcounter5,normal,seed2,203,3250.1151515151514
hpmcounter5,normal,seed2,204,3246.242424242424
hpmcounter5,normal,seed2,205,3240.29696969697
hpmcounter5,normal,seed2,206,3240.2545454545457
hpmcounter5,normal,seed2,207,3244.0060606060606
hpmcounter5,normal,seed2,208,3248.0242424242424
hpmcounter5,normal,seed2,209,3252.230303030303
hpmcounter5,normal,seed2,210,3254.078787878788
hpmcounter5,normal,seed2,211,3252.521212121212
hpmcounter5,normal,seed2,212,3248.5878787878787
hpmcounter5,normal,seed2,213,3246.1575757575756
hpmcounter5,normal,seed2,214,3245.509090909091
hpmcounter5,normal,seed2,215,3241.2727272727275
hpmcounter5,normal,seed2,216,3239.9939393939394
hpmcounter5,normal,seed2,217,3242.387878787879
hpmcounter5,normal,seed2,218,3246.0242424242424
hpmcounter5,normal,seed2,219,3252.8
hpmcounter5,normal,seed2,220,3257.3151515151517
hpmcounter5,normal,seed2,221,3261.0060606060606
hpmcounter5,normal,seed2,222,3263.733333333333
hpmcounter5,normal,seed2,223,3265.0242424242424
hpmcounter5,normal,seed2,224,3264.8727272727274
hpmcounter5,normal,seed2,225,3262.5878787878787
hpmcounter5,normal,seed2,226,3257.418181818182
hpmcounter5,normal,seed2,227,3251.5878787878787
hpmcounter5,normal,seed2,228,3249.5636363636363
hpmcounter5,normal,seed2,229,3248.3454545454547
hpmcounter5,normal,seed2,230,3247.721212121212
hpmcounter5,normal,seed2,231,3250.642424242424
hpmcounter5,normal,seed2,232,3255.0969696969696
hpmcounter5,normal,seed2,233,3259.8545454545456
hpmcounter5,normal,seed2,234,3259.987878787879
hpmcounter5,normal,seed2,235,3260.4727272727273
hpmcounter5,normal,seed2,236,3259.460606060606
hpmcounter5,normal,seed2,237,3258.4969696969697
hpmcounter5,normal,seed2,238,3261.242424242424
hpmcounter5,normal,seed2,239,3260.224242424242
hpmcounter5,normal,seed2,240,3258.121212121212
hpmcounter5,normal,seed2,241,3258.5939393939393
hpmcounter5,normal,seed2,242,3259.909090909091
hpmcounter5,normal,seed2,243,3261.0242424242424
hpmcounter5,normal,seed2,244,3259.1575757575756
hpmcounter5,normal,seed2,245,3257.8727272727274
hpmcounter5,normal,seed2,246,3256.581818181818
hpmcounter5,normal,seed2,247,3256.042424242424
hpmcounter5,normal,seed2,248,3256.109090909091
hpmcounter5,normal,seed2,249,3255.0
hpmcounter5,normal,seed2,250,3253.0
hpmcounter5,normal,seed2,251,3252.818181818182
hpmcounter5,normal,seed2,252,3256.8424242424244
hpmcounter5,normal,seed2,253,3259.0060606060606
hpmcounter5,normal,seed2,254,3262.2727272727275
hpmcounter5,normal,seed2,255,3265.8
hpmcounter5,normal,seed2,256,3270.030303030303
hpmcounter5,normal,seed2,257,3274.4666666666667
hpmcounter5,normal,seed2,258,3277.8121212121214
hpmcounter5,normal,seed2,259,3278.9939393939394
hpmcounter5,normal,seed2,260,3279.1757575757574
hpmcounter5,normal,seed2,261,3277.3454545454547
hpmcounter5,normal,seed2,262,3276.042424242424
hpmcounter5,normal,seed2,263,3272.278787878788
hpmcounter5,normal,seed2,264,3271.078787878788
hpmcounter5,normal,seed2,265,3269.139393939394
hpmcounter5,normal,seed2,266,3265.460606060606
hpmcounter5,normal,seed2,267,3262.2060606060604
hpmcounter5,normal,seed2,268,3259.0
hpmcounter5,normal,seed2,269,3255.7636363636366
hpmcounter5,normal,seed2,270,3252.9333333333334
hpmcounter5,normal,seed2,271,3251.581818181818
hpmcounter5,normal,seed2,272,3249.4969696969697
hpmcounter5,normal,seed2,273,3247.3757575757577
hpmcounter5,normal,seed2,274,3247.939393939394
hpmcounter5,normal,seed2,275,3250.6
hpmcounter5,normal,seed2,276,3251.7393939393937
hpmcounter5,normal,seed2,277,3253.7151515151513
hpmcounter5,normal,seed2,278,3252.3636363636365
hpmcounter5,normal,seed2,279,3250.909090909091
hpmcounter5,normal,seed2,280,3250.3333333333335
hpmcounter5,normal,seed2,281,3250.4
hpmcounter5,normal,seed2,282,3251.181818181818
hpmcounter5,normal,seed2,283,3249.0242424242424
hpmcounter5,normal,seed2,284,3249.327272727273
hpmcounter5,normal,seed2,285,3252.0060606060606
hpmcounter5,normal,seed2,286,3254.769696969697
hpmcounter5,normal,seed2,287,3258.2
hpmcounter5,normal,seed2,288,3258.6787878787877
hpmcounter5,normal,seed2,289,3257.7272727272725
hpmcounter5,normal,seed2,290,3256.2181818181816
hpmcounter5,normal,seed2,291,3255.866666666667
hpmcounter5,normal,seed2,292,3258.8121212121214
hpmcounter5,normal,seed2,293,3257.987878787879
hpmcounter5,normal,seed2,294,3256.6
hpmcounter5,normal,seed2,295,3256.830303030303
hpmcounter5,normal,seed2,296,3257.6787878787877
hpmcounter5,normal,seed2,297,3257.7454545454543
hpmcounter5,normal,seed2,298,3256.9333333333334
hpmcounter5,normal,seed20,9,3451.072727272727
hpmcounter5,normal,seed20,10,3449.212121212121
hpmcounter5,normal,seed20,11,3430.6666666666665
hpmcounter5,normal,seed20,12,3405.2606060606063
hpmcounter5,normal,seed20,13,3374.0848484848484
hpmcounter5,normal,seed20,14,3342.10303030303
hpmcounter5,normal,seed20,15,3311.9030303030304
hpmcounter5,normal,seed20,16,3287.6787878787877
hpmcounter5,normal,seed20,17,3271.3636363636365
hpmcounter5,normal,seed20,18,3270.5333333333333
hpmcounter5,normal,seed20,19,3264.266666666667
hpmcounter5,normal,seed20,20,3261.4969696969697
hpmcounter5,normal,seed20,21,3261.9030303030304
hpmcounter5,normal,seed20,22,3262.6060606060605
hpmcounter5,normal,seed20,23,3262.630303030303
hpmcounter5,normal,seed20,24,3266.3515151515153
hpmcounter5,normal,seed20,25,3268.3939393939395
hpmcounter5,normal,seed20,26,3268.4848484848485
hpmcounter5,normal,seed20,27,3264.939393939394
hpmcounter5,normal,seed20,28,3262.339393939394
hpmcounter5,normal,seed20,29,3256.8121212121214
hpmcounter5,normal,seed20,30,3253.5151515151515
hpmcounter5,normal,seed20,31,3252.430303030303
hpmcounter5,normal,seed20,32,3252.6666666666665
hpmcounter5,normal,seed20,33,3252.357575757576
hpmcounter5,normal,seed20,34,3257.0
hpmcounter5,normal,seed20,35,3259.1454545454544
hpmcounter5,normal,seed20,36,3257.690909090909
hpmcounter5,normal,seed20,37,3256.8424242424244
hpmcounter5,normal,seed20,38,3257.2606060606063
hpmcounter5,normal,seed20,39,3257.672727272727
hpmcounter5,normal,seed20,40,3259.9333333333334
hpmcounter5,normal,seed20,41,3261.660606060606
hpmcounter5,normal,seed20,42,3264.509090909091
hpmcounter5,normal,seed20,43,3268.1575757575756
hpmcounter5,normal,seed20,44,3271.278787878788
hpmcounter5,normal,seed20,45,3271.660606060606
hpmcounter5,normal,seed20,46,3285.0545454545454
hpmcounter5,normal,seed20,47,3310.490909090909
hpmcounter5,normal,seed20,48,3345.2
hpmcounter5,normal,seed20,49,3388.078787878788
hpmcounter5,normal,seed20,50,3418.4666666666667
hpmcounter5,normal,seed20,51,3433.109090909091
hpmcounter5,normal,seed20,52,3434.0242424242424
hpmcounter5,normal,seed20,53,3419.418181818182
hpmcounter5,normal,seed20,54,3389.309090909091
hpmcounter5,normal,seed20,55,3344.2363636363634
hpmcounter5,normal,seed20,56,3303.7090909090907
hpmcounter5,normal,seed20,57,3272.3636363636365
hpmcounter5,normal,seed20,58,3253.6
hpmcounter5,normal,seed20,59,3253.048484848485
hpmcounter5,normal,seed20,60,3254.8121212121214
hpmcounter5,normal,seed20,61,3256.8
hpmcounter5,normal,seed20,62,3258.612121212121
hpmcounter5,normal,seed20,63,3256.9151515151516
hpmcounter5,normal,seed20,64,3253.212121212121
hpmcounter5,normal,seed20,65,3248.630303030303
hpmcounter5,normal,seed20,66,3245.509090909091
hpmcounter5,normal,seed20,67,3245.0060606060606
hpmcounter5,normal,seed20,68,3244.060606060606
hpmcounter5,normal,seed20,69,3246.5333333333333
hpmcounter5,normal,seed20,70,3249.569696969697
hpmcounter5,normal,seed20,71,3251.4424242424243
hpmcounter5,normal,seed20,72,3253.2606060606063
hpmcounter5,normal,seed20,73,3255.5878787878787
hpmcounter5,normal,seed20,74,3259.8242424242426
hpmcounter5,normal,seed20,75,3260.70303030303
hpmcounter5,normal,seed20,76,3264.048484848485
hpmcounter5,normal,seed20,77,3265.2363636363634
hpmcounter5,normal,seed20,78,3266.339393939394
hpmcounter5,normal,seed20,79,3270.4121212121213
hpmcounter5,normal,seed20,80,3271.7272727272725
hpmcounter5,normal,seed20,81,3271.951515151515
hpmcounter5,normal,seed20,82,3271.5272727272727
hpmcounter5,normal,seed20,83,3273.630303030303
hpmcounter5,normal,seed20,84,3276.612121212121
hpmcounter5,normal,seed20,85,3279.521212121212
hpmcounter5,normal,seed20,86,3287.133333333333
hpmcounter5,normal,seed20,87,3290.775757575758
hpmcounter5,normal,seed20,88,3293.4848484848485
hpmcounter5,normal,seed20,89,3292.7454545454543
hpmcounter5,normal,seed20,90,3289.339393939394
hpmcounter5,normal,seed20,91,3283.4424242424243
hpmcounter5,normal,seed20,92,3278.9636363636364
hpmcounter5,normal,seed20,93,3275.7818181818184
hpmcounter5,normal,seed20,94,3268.3818181818183
hpmcounter5,normal,seed20,95,3264.10303030303
hpmcounter5,normal,seed20,96,3264.1454545454544
hpmcounter5,normal,seed20,97,3263.3151515151517
hpmcounter5,normal,seed20,98,3263.9030303030304
hpmcounter5,normal,seed20,99,3263.7454545454543
hpmcounter5,normal,seed20,100,3264.866666666667
hpmcounter5,normal,seed20,101,3261.4242424242425
hpmcounter5,normal,seed20,102,3261.642424242424
hpmcounter5,normal,seed20,103,3260.981818181818
hpmcounter5,normal,seed20,104,3258.70303030303
hpmcounter5,normal,seed20,105,3257.3939393939395
hpmcounter5,normal,seed20,106,3259.327272727273
hpmcounter5,normal,seed20,107,3258.6484848484847
hpmcounter5,normal,seed20,108,3257.5878787878787
hpmcounter5,normal,seed20,109,3258.7393939393937
hpmcounter5,normal,seed20,110,3259.151515151515
hpmcounter5,normal,seed20,111,3257.090909090909
hpmcounter5,normal,seed20,112,3254.2545454545457
hpmcounter5,normal,seed20,113,3250.109090909091
hpmcounter5,normal,seed20,114,3246.369696969697
hpmcounter5,normal,seed20,115,3242.193939393939
hpmcounter5,normal,seed20,116,3241.581818181818
hpmcounter5,normal,seed20,117,3242.569696969697
hpmcounter5,normal,seed20,118,3244.6060606060605
hpmcounter5,normal,seed20,119,3249.3757575757577
hpmcounter5,normal,seed20,120,3253.775757575758
hpmcounter5,normal,seed20,121,3258.169696969697
hpmcounter5,normal,seed20,122,3258.921212121212
hpmcounter5,normal,seed20,123,3258.733333333333
hpmcounter5,normal,seed20,124,3257.2606060606063
hpmcounter5,normal,seed20,125,3254.139393939394
hpmcounter5,normal,seed20,126,3250.8545454545456
hpmcounter5,normal,seed20,127,3264.4
hpmcounter5,normal,seed20,128,3276.2606060606063
hpmcounter5,normal,seed20,129,3285.787878787879
hpmcounter5,normal,seed20,130,3290.642424242424
hpmcounter5,normal,seed20,131,3293.612121212121
hpmcounter5,normal,seed20,132,3292.2848484848487
hpmcounter5,normal,seed20,133,3287.981818181818
hpmcounter5,normal,seed20,134,3280.357575757576
hpmcounter5,normal,seed20,135,3267.3333333333335
hpmcounter5,normal,seed20,136,3252.6666666666665
hpmcounter5,normal,seed20,137,3254.6666666666665
hpmcounter5,normal,seed20,138,3258.5575757575757
hpmcounter5,normal,seed20,139,3262.2545454545457
hpmcounter5,normal,seed20,140,3263.230303030303
hpmcounter5,normal,seed20,141,3267.357575757576
hpmcounter5,normal,seed20,142,3271.9454545454546
hpmcounter5,normal,seed20,143,3275.987878787879
hpmcounter5,normal,seed20,144,3277.3939393939395
hpmcounter5,normal,seed20,145,3275.6363636363635
hpmcounter5,normal,seed20,146,3272.4363636363637
hpmcounter5,normal,seed20,147,3268.430303030303
hpmcounter5,normal,seed20,148,3264.660606060606
hpmcounter5,normal,seed20,149,3259.7151515151513
hpmcounter5,normal,seed20,150,3253.9454545454546
hpmcounter5,normal,seed20,151,3250.890909090909
hpmcounter5,normal,seed20,152,3250.951515151515
hpmcounter5,normal,seed20,153,3252.309090909091
hpmcounter5,normal,seed20,154,3253.042424242424
hpmcounter5,normal,seed20,155,3256.2606060606063
hpmcounter5,normal,seed20,156,3260.6484848484847
hpmcounter5,normal,seed20,157,3265.018181818182
hpmcounter5,normal,seed20,158,3266.836363636364
hpmcounter5,normal,seed20,159,3267.981818181818
hpmcounter5,normal,seed20,160,3269.5939393939393
hpmcounter5,normal,seed20,161,3271.8727272727274
hpmcounter5,normal,seed20,162,3276.5272727272727
hpmcounter5,normal,seed20,163,3278.3515151515153
hpmcounter5,normal,seed20,164,3277.6545454545453
hpmcounter5,normal,seed20,165,3278.909090909091
hpmcounter5,normal,seed20,166,3280.4363636363637
hpmcounter5,normal,seed20,167,3280.9636363636364
hpmcounter5,normal,seed20,168,3275.2181818181816
hpmcounter5,normal,seed20,169,3269.612121212121
hpmcounter5,normal,seed20,170,3264.0545454545454
hpmcounter5,normal,seed20,171,3260.7636363636366
hpmcounter5,normal,seed20,172,3258.9939393939394
hpmcounter5,normal,seed20,173,3256.3818181818183
hpmcounter5,normal,seed20,174,3255.448484848485
hpmcounter5,normal,seed20,175,3255.787878787879
hpmcounter5,normal,seed20,176,3256.3636363636365
hpmcounter5,normal,seed20,177,3258.0666666666666
hpmcounter5,normal,seed20,178,3256.848484848485
hpmcounter5,normal,seed20,179,3258.569696969697
hpmcounter5,normal,seed20,180,3261.490909090909
hpmcounter5,normal,seed20,181,3262.8545454545456
hpmcounter5,normal,seed20,182,3261.6
hpmcounter5,normal,seed20,183,3258.012121212121
hpmcounter5,normal,seed20,184,3255.6848484848483
hpmcounter5,normal,seed20,185,3252.860606060606
hpmcounter5,normal,seed20,186,3248.981818181818
hpmcounter5,normal,seed20,187,3247.6787878787877
hpmcounter5,normal,seed20,188,3246.048484848485
hpmcounter5,normal,seed20,189,3247.278787878788
hpmcounter5,normal,seed20,190,3251.4545454545455
hpmcounter5,normal,seed20,191,3254.660606060606
hpmcounter5,normal,seed20,192,3257.4848484848485
hpmcounter5,normal,seed20,193,3261.0969696969696
hpmcounter5,normal,seed20,194,3262.878787878788
hpmcounter5,normal,seed20,195,3262.012121212121
hpmcounter5,normal,seed20,196,3260.0848484848484
hpmcounter5,normal,seed20,197,3260.10303030303
hpmcounter5,normal,seed20,198,3261.212121212121
hpmcounter5,normal,seed20,199,3259.4727272727273
hpmcounter5,normal,seed20,200,3259.357575757576
hpmcounter5,normal,seed20,201,3261.987878787879
hpmcounter5,normal,seed20,202,3265.139393939394
hpmcounter5,normal,seed20,203,3268.3454545454547
hpmcounter5,normal,seed20,204,3271.163636363636
hpmcounter5,normal,seed20,205,3271.9333333333334
hpmcounter5,normal,seed20,206,3270.1454545454544
hpmcounter5,normal,seed20,207,3267.169696969697
hpmcounter5,normal,seed20,208,3266.4666666666667
hpmcounter5,normal,seed20,209,3262.581818181818
hpmcounter5,normal,seed20,210,3259.6787878787877
hpmcounter5,normal,seed20,211,3260.1878787878786
hpmcounter5,normal,seed20,212,3261.1757575757574
hpmcounter5,normal,seed20,213,3260.2181818181816
hpmcounter5,normal,seed20,214,3258.6484848484847
hpmcounter5,normal,seed20,215,3258.3939393939395
hpmcounter5,normal,seed20,216,3259.3515151515153
hpmcounter5,normal,seed20,217,3260.10303030303
hpmcounter5,normal,seed20,218,3261.660606060606
hpmcounter5,normal,seed20,219,3264.7454545454543
hpmcounter5,normal,seed20,220,3266.8121212121214
hpmcounter5,normal,seed20,221,3268.230303030303
hpmcounter5,normal,seed20,222,3271.775757575758
hpmcounter5,normal,seed20,223,3286.6969696969695
hpmcounter5,normal,seed20,224,3296.072727272727
hpmcounter5,normal,seed20,225,3301.060606060606
hpmcounter5,normal,seed20,226,3304.551515151515
hpmcounter5,normal,seed20,227,3303.490909090909
hpmcounter5,normal,seed20,228,3300.090909090909
hpmcounter5,normal,seed20,229,3295.4363636363637
hpmcounter5,normal,seed20,230,3285.6848484848483
hpmcounter5,normal,seed20,231,3269.387878787879
hpmcounter5,normal,seed20,232,3255.4363636363637
hpmcounter5,normal,seed20,233,3256.7818181818184
hpmcounter5,normal,seed20,234,3257.836363636364
hpmcounter5,normal,seed20,235,3259.5333333333333
hpmcounter5,normal,seed20,236,3261.1757575757574
hpmcounter5,normal,seed20,237,3263.757575757576
hpmcounter5,normal,seed20,238,3266.630303030303
hpmcounter5,normal,seed20,239,3266.7515151515154
hpmcounter5,normal,seed20,240,3263.89696969697
hpmcounter5,normal,seed20,241,3257.630303030303
hpmcounter5,normal,seed20,242,3253.2181818181816
hpmcounter5,normal,seed20,243,3250.478787878788
hpmcounter5,normal,seed20,244,3247.193939393939
hpmcounter5,normal,seed20,245,3246.7939393939396
hpmcounter5,normal,seed20,246,3246.224242424242
hpmcounter5,normal,seed20,247,3248.6242424242423
hpmcounter5,normal,seed20,248,3251.8848484848486
hpmcounter5,normal,seed20,249,3255.521212121212
hpmcounter5,normal,seed20,250,3258.8727272727274
hpmcounter5,normal,seed20,251,3259.660606060606
hpmcounter5,normal,seed20,252,3259.3636363636365
hpmcounter5,normal,seed20,253,3276.278787878788
hpmcounter5,normal,seed20,254,3303.2060606060604
hpmcounter5,normal,seed20,255,3340.29696969697
hpmcounter5,normal,seed20,256,3383.969696969697
hpmcounter5,normal,seed20,257,3412.4727272727273
hpmcounter5,normal,seed20,258,3423.478787878788
hpmcounter5,normal,seed20,259,3421.4060606060607
hpmcounter5,normal,seed20,260,3423.6
hpmcounter5,normal,seed20,261,3424.890909090909
hpmcounter5,normal,seed20,262,3403.181818181818
hpmcounter5,normal,seed20,263,3381.6484848484847
hpmcounter5,normal,seed20,264,3359.6969696969695
hpmcounter5,normal,seed20,265,3344.2
hpmcounter5,normal,seed20,266,3338.939393939394
hpmcounter5,normal,seed20,267,3327.569696969697
hpmcounter5,normal,seed20,268,3306.0666666666666
hpmcounter5,normal,seed20,269,3276.0
hpmcounter5,normal,seed20,270,3259.121212121212
hpmcounter5,normal,seed20,271,3260.5757575757575
hpmcounter5,normal,seed20,272,3260.109090909091
hpmcounter5,normal,seed20,273,3259.5878787878787
hpmcounter5,normal,seed20,274,3257.5030303030303
hpmcounter5,normal,seed20,275,3258.3515151515153
hpmcounter5,normal,seed20,276,3258.8121212121214
hpmcounter5,normal,seed20,277,3257.5333333333333
hpmcounter5,normal,seed20,278,3255.9636363636364
hpmcounter5,normal,seed20,279,3253.921212121212
hpmcounter5,normal,seed20,280,3253.3757575757577
hpmcounter5,normal,seed20,281,3253.4969696969697
hpmcounter5,normal,seed20,282,3251.3939393939395
hpmcounter5,normal,seed20,283,3250.8848484848486
hpmcounter5,normal,seed20,284,3250.1454545454544
hpmcounter5,normal,seed20,285,3250.909090909091
hpmcounter5,normal,seed20,286,3255.2909090909093
hpmcounter5,normal,seed20,287,3257.3939393939395
hpmcounter5,normal,seed20,288,3260.630303030303
hpmcounter5,normal,seed20,289,3262.9030303030304
hpmcounter5,normal,seed20,290,3265.9939393939394
hpmcounter5,normal,seed20,291,3268.6787878787877
hpmcounter5,normal,seed20,292,3270.5454545454545
hpmcounter5,normal,seed20,293,3271.848484848485
hpmcounter5,normal,seed20,294,3271.4363636363637
hpmcounter5,normal,seed20,295,3267.7515151515154
hpmcounter5,normal,seed20,296,3265.2545454545457
hpmcounter5,normal,seed20,297,3262.5151515151515
hpmcounter5,normal,seed20,298,3260.6969696969695
hpmcounter5,normal,seed3,9,3255.6969696969695
hpmcounter5,normal,seed3,10,3253.3939393939395
hpmcounter5,normal,seed3,11,3250.3212121212123
hpmcounter5,normal,seed3,12,3249.3333333333335
hpmcounter5,normal,seed3,13,3247.848484848485
hpmcounter5,normal,seed3,14,3246.7939393939396
hpmcounter5,normal,seed3,15,3246.490909090909
hpmcounter5,normal,seed3,16,3247.6787878787877
hpmcounter5,normal,seed3,17,3250.5030303030303
hpmcounter5,normal,seed3,18,3254.7272727272725
hpmcounter5,normal,seed3,19,3261.0363636363636
hpmcounter5,normal,seed3,20,3279.3818181818183
hpmcounter5,normal,seed3,21,3293.0848484848484
hpmcounter5,normal,seed3,22,3302.7272727272725
hpmcounter5,normal,seed3,23,3321.775757575758
hpmcounter5,normal,seed3,24,3332.927272727273
hpmcounter5,normal,seed3,25,3350.0666666666666
hpmcounter5,normal,seed3,26,3355.878787878788
hpmcounter5,normal,seed3,27,3352.3212121212123
hpmcounter5,normal,seed3,28,3341.193939393939
hpmcounter5,normal,seed3,29,3325.0666666666666
hpmcounter5,normal,seed3,30,3316.660606060606
hpmcounter5,normal,seed3,31,3303.4363636363637
hpmcounter5,normal,seed3,32,3285.818181818182
hpmcounter5,normal,seed3,33,3280.987878787879
hpmcounter5,normal,seed3,34,3268.1757575757574
hpmcounter5,normal,seed3,35,3267.2727272727275
hpmcounter5,normal,seed3,36,3267.357575757576
hpmcounter5,normal,seed3,37,3264.6787878787877
hpmcounter5,normal,seed3,38,3261.4121212121213
hpmcounter5,normal,seed3,39,3262.4121212121213
hpmcounter5,normal,seed3,40,3260.2727272727275
hpmcounter5,normal,seed3,41,3258.6
hpmcounter5,normal,seed3,42,3257.0545454545454
hpmcounter5,normal,seed3,43,3256.836363636364
hpmcounter5,normal,seed3,44,3254.721212121212
hpmcounter5,normal,seed3,45,3249.8727272727274
hpmcounter5,normal,seed3,46,3248.921212121212
hpmcounter5,normal,seed3,47,3248.266666666667
hpmcounter5,normal,seed3,48,3248.9454545454546
hpmcounter5,normal,seed3,49,3254.70303030303
hpmcounter5,normal,seed3,50,3258.060606060606
hpmcounter5,normal,seed3,51,3262.030303030303
hpmcounter5,normal,seed3,52,3265.806060606061
hpmcounter5,normal,seed3,53,3269.848484848485
hpmcounter5,normal,seed3,54,3272.151515151515
hpmcounter5,normal,seed3,55,3275.3454545454547
hpmcounter5,normal,seed3,56,3276.9333333333334
hpmcounter5,normal,seed3,57,3276.6363636363635
hpmcounter5,normal,seed3,58,3278.5030303030303
hpmcounter5,normal,seed3,59,3278.866666666667
hpmcounter5,normal,seed3,60,3276.5939393939393
hpmcounter5,normal,seed3,61,3272.5272727272727
hpmcounter5,normal,seed3,62,3270.10303030303
hpmcounter5,normal,seed3,63,3267.3818181818183
hpmcounter5,normal,seed3,64,3263.7090909090907
hpmcounter5,normal,seed3,65,3262.224242424242
hpmcounter5,normal,seed3,66,3260.133333333333
hpmcounter5,normal,seed3,67,3255.4
hpmcounter5,normal,seed3,68,3254.0545454545454
hpmcounter5,normal,seed3,69,3251.3939393939395
hpmcounter5,normal,seed3,70,3248.4666666666667
hpmcounter5,normal,seed3,71,3246.2484848484846
hpmcounter5,normal,seed3,72,3246.7939393939396
hpmcounter5,normal,seed3,73,3248.0545454545454
hpmcounter5,normal,seed3,74,3251.8848484848486
hpmcounter5,normal,seed3,75,3253.8
hpmcounter5,normal,seed3,76,3254.8242424242426
hpmcounter5,normal,seed3,77,3252.909090909091
hpmcounter5,normal,seed3,78,3252.642424242424
hpmcounter5,normal,seed3,79,3249.769696969697
hpmcounter5,normal,seed3,80,3246.690909090909
hpmcounter5,normal,seed3,81,3244.0545454545454
hpmcounter5,normal,seed3,82,3243.3939393939395
hpmcounter5,normal,seed3,83,3244.3939393939395
hpmcounter5,normal,seed3,84,3248.6060606060605
hpmcounter5,normal,seed3,85,3253.969696969697
hpmcounter5,normal,seed3,86,3259.3515151515153
hpmcounter5,normal,seed3,87,3261.10303030303
hpmcounter5,normal,seed3,88,3262.7515151515154
hpmcounter5,normal,seed3,89,3262.139393939394
hpmcounter5,normal,seed3,90,3260.460606060606
hpmcounter5,normal,seed3,91,3259.4727272727273
hpmcounter5,normal,seed3,92,3258.1575757575756
hpmcounter5,normal,seed3,93,3255.1454545454544
hpmcounter5,normal,seed3,94,3249.2545454545457
hpmcounter5,normal,seed3,95,3247.4363636363637
hpmcounter5,normal,seed3,96,3247.030303030303
hpmcounter5,normal,seed3,97,3247.042424242424
hpmcounter5,normal,seed3,98,3246.8242424242426
hpmcounter5,normal,seed3,99,3247.969696969697
hpmcounter5,normal,seed3,100,3247.2
hpmcounter5,normal,seed3,101,3249.0666666666666
hpmcounter5,normal,seed3,102,3251.0363636363636
hpmcounter5,normal,seed3,103,3253.987878787879
hpmcounter5,normal,seed3,104,3256.121212121212
hpmcounter5,normal,seed3,105,3259.369696969697
hpmcounter5,normal,seed3,106,3261.6363636363635
hpmcounter5,normal,seed3,107,3267.7454545454543
hpmcounter5,normal,seed3,108,3272.6242424242423
hpmcounter5,normal,seed3,109,3276.6060606060605
hpmcounter5,normal,seed3,110,3279.3757575757577
hpmcounter5,normal,seed3,111,3280.9333333333334
hpmcounter5,normal,seed3,112,3278.569696969697
hpmcounter5,normal,seed3,113,3274.7636363636366
hpmcounter5,normal,seed3,114,3273.3030303030305
hpmcounter5,normal,seed3,115,3270.6969696969695
hpmcounter5,normal,seed3,116,3263.387878787879
hpmcounter5,normal,seed3,117,3259.121212121212
hpmcounter5,normal,seed3,118,3253.0969696969696
hpmcounter5,normal,seed3,119,3244.6242424242423
hpmcounter5,normal,seed3,120,3240.630303030303
hpmcounter5,normal,seed3,121,3239.10303030303
hpmcounter5,normal,seed3,122,3236.4242424242425
hpmcounter5,normal,seed3,123,3234.4666666666667
hpmcounter5,normal,seed3,124,3234.163636363636
hpmcounter5,normal,seed3,125,3238.4848484848485
hpmcounter5,normal,seed3,126,3239.5151515151515
hpmcounter5,normal,seed3,127,3242.6484848484847
hpmcounter5,normal,seed3,128,3245.4545454545455
hpmcounter5,normal,seed3,129,3245.1272727272726
hpmcounter5,normal,seed3,130,3246.327272727273
hpmcounter5,normal,seed3,131,3248.9939393939394
hpmcounter5,normal,seed3,132,3267.6545454545453
hpmcounter5,normal,seed3,133,3284.224242424242
hpmcounter5,normal,seed3,134,3296.8
hpmcounter5,normal,seed3,135,3307.860606060606
hpmcounter5,normal,seed3,136,3314.6848484848483
hpmcounter5,normal,seed3,137,3331.8545454545456
hpmcounter5,normal,seed3,138,3341.8727272727274
hpmcounter5,normal,seed3,139,3339.8
hpmcounter5,normal,seed3,140,3326.866666666667
hpmcounter5,normal,seed3,141,3305.078787878788
hpmcounter5,normal,seed3,142,3296.357575757576
hpmcounter5,normal,seed3,143,3285.642424242424
hpmcounter5,normal,seed3,144,3272.5939393939393
hpmcounter5,normal,seed3,145,3258.660606060606
hpmcounter5,normal,seed3,146,3243.6484848484847
hpmcounter5,normal,seed3,147,3244.3151515151517
hpmcounter5,normal,seed3,148,3246.951515151515
hpmcounter5,normal,seed3,149,3249.309090909091
hpmcounter5,normal,seed3,150,3252.2484848484846
hpmcounter5,normal,seed3,151,3252.951515151515
hpmcounter5,normal,seed3,152,3254.6969696969695
hpmcounter5,normal,seed3,153,3254.8121212121214
hpmcounter5,normal,seed3,154,3254.0
hpmcounter5,normal,seed3,155,3253.6545454545453
hpmcounter5,normal,seed3,156,3255.3030303030305
hpmcounter5,normal,seed3,157,3254.860606060606
hpmcounter5,normal,seed3,158,3255.339393939394
hpmcounter5,normal,seed3,159,3258.327272727273
hpmcounter5,normal,seed3,160,3261.660606060606
hpmcounter5,normal,seed3,161,3265.927272727273
hpmcounter5,normal,seed3,162,3270.5636363636363
hpmcounter5,normal,seed3,163,3271.0666666666666
hpmcounter5,normal,seed3,164,3270.7939393939396
hpmcounter5,normal,seed3,165,3269.7454545454543
hpmcounter5,normal,seed3,166,3266.8848484848486
hpmcounter5,normal,seed3,167,3262.387878787879
hpmcounter5,normal,seed3,168,3260.2606060606063
hpmcounter5,normal,seed3,169,3257.89696969697
hpmcounter5,normal,seed3,170,3256.5151515151515
hpmcounter5,normal,seed3,171,3256.448484848485
hpmcounter5,normal,seed3,172,3255.927272727273
hpmcounter5,normal,seed3,173,3252.2
hpmcounter5,normal,seed3,174,3250.660606060606
hpmcounter5,normal,seed3,175,3251.2060606060604
hpmcounter5,normal,seed3,176,3248.0545454545454
hpmcounter5,normal,seed3,177,3247.830303030303
hpmcounter5,normal,seed3,178,3250.7818181818184
hpmcounter5,normal,seed3,179,3249.309090909091
hpmcounter5,normal,seed3,180,3250.630303030303
hpmcounter5,normal,seed3,181,3252.539393939394
hpmcounter5,normal,seed3,182,3251.8727272727274
hpmcounter5,normal,seed3,183,3248.8424242424244
hpmcounter5,normal,seed3,184,3247.1575757575756
hpmcounter5,normal,seed3,185,3246.951515151515
hpmcounter5,normal,seed3,186,3245.4363636363637
hpmcounter5,normal,seed3,187,3250.078787878788
hpmcounter5,normal,seed3,188,3255.8545454545456
hpmcounter5,normal,seed3,189,3258.4666666666667
hpmcounter5,normal,seed3,190,3260.0363636363636
hpmcounter5,normal,seed3,191,3260.224242424242
hpmcounter5,normal,seed3,192,3256.660606060606
hpmcounter5,normal,seed3,193,3252.642424242424
hpmcounter5,normal,seed3,194,3249.327272727273
hpmcounter5,normal,seed3,195,3249.581818181818
hpmcounter5,normal,seed3,196,3250.1272727272726
hpmcounter5,normal,seed3,197,3254.327272727273
hpmcounter5,normal,seed3,198,3260.4848484848485
hpmcounter5,normal,seed3,199,3266.878787878788
hpmcounter5,normal,seed3,200,3271.775757575758
hpmcounter5,normal,seed3,201,3274.0848484848484
hpmcounter5,normal,seed3,202,3274.612121212121
hpmcounter5,normal,seed3,203,3271.430303030303
hpmcounter5,normal,seed3,204,3267.5757575757575
hpmcounter5,normal,seed3,205,3265.430303030303
hpmcounter5,normal,seed3,206,3264.3515151515153
hpmcounter5,normal,seed3,207,3261.309090909091
hpmcounter5,normal,seed3,208,3257.70303030303
hpmcounter5,normal,seed3,209,3256.224242424242
hpmcounter5,normal,seed3,210,3256.5272727272727
hpmcounter5,normal,seed3,211,3257.430303030303
hpmcounter5,normal,seed3,212,3258.7393939393937
hpmcounter5,normal,seed3,213,3257.109090909091
hpmcounter5,normal,seed3,214,3256.8242424242426
hpmcounter5,normal,seed3,215,3256.230303030303
hpmcounter5,normal,seed3,216,3260.151515151515
hpmcounter5,normal,seed3,217,3262.387878787879
hpmcounter5,normal,seed3,218,3260.7818181818184
hpmcounter5,normal,seed3,219,3256.878787878788
hpmcounter5,normal,seed3,220,3252.2181818181816
hpmcounter5,normal,seed3,221,3248.4424242424243
hpmcounter5,normal,seed3,222,3243.230303030303
hpmcounter5,normal,seed3,223,3237.369696969697
hpmcounter5,normal,seed3,224,3236.2909090909093
hpmcounter5,normal,seed3,225,3235.7090909090907
hpmcounter5,normal,seed3,226,3239.10303030303
hpmcounter5,normal,seed3,227,3241.6363636363635
hpmcounter5,normal,seed3,228,3245.0363636363636
hpmcounter5,normal,seed3,229,3248.4
hpmcounter5,normal,seed3,230,3250.6242424242423
hpmcounter5,normal,seed3,231,3251.6
hpmcounter5,normal,seed3,232,3250.5454545454545
hpmcounter5,normal,seed3,233,3247.7454545454543
hpmcounter5,normal,seed3,234,3245.327272727273
hpmcounter5,normal,seed3,235,3241.9151515151516
hpmcounter5,normal,seed3,236,3238.478787878788
hpmcounter5,normal,seed3,237,3234.581818181818
hpmcounter5,normal,seed3,238,3231.836363636364
hpmcounter5,normal,seed3,239,3230.2727272727275
hpmcounter5,normal,seed3,240,3233.163636363636
hpmcounter5,normal,seed3,241,3236.3939393939395
hpmcounter5,normal,seed3,242,3238.866666666667
hpmcounter5,normal,seed3,243,3242.2545454545457
hpmcounter5,normal,seed3,244,3244.2484848484846
hpmcounter5,normal,seed3,245,3245.0363636363636
hpmcounter5,normal,seed3,246,3243.757575757576
hpmcounter5,normal,seed3,247,3244.0848484848484
hpmcounter5,normal,seed3,248,3243.8424242424244
hpmcounter5,normal,seed3,249,3245.0060606060606
hpmcounter5,normal,seed3,250,3247.5454545454545
hpmcounter5,normal,seed3,251,3252.133333333333
hpmcounter5,normal,seed3,252,3256.1454545454544
hpmcounter5,normal,seed3,253,3259.2909090909093
hpmcounter5,normal,seed3,254,3259.6787878787877
hpmcounter5,normal,seed3,255,3260.012121212121
hpmcounter5,normal,seed3,256,3258.0666666666666
hpmcounter5,normal,seed3,257,3255.2727272727275
hpmcounter5,normal,seed3,258,3248.460606060606
hpmcounter5,normal,seed3,259,3245.6969696969695
hpmcounter5,normal,seed3,260,3243.8
hpmcounter5,normal,seed3,261,3243.2606060606063
hpmcounter5,normal,seed3,262,3244.0242424242424
hpmcounter5,normal,seed3,263,3247.327272727273
hpmcounter5,normal,seed3,264,3248.642424242424
hpmcounter5,normal,seed3,265,3253.3939393939395
hpmcounter5,normal,seed3,266,3256.5333333333333
hpmcounter5,normal,seed3,267,3259.278787878788
hpmcounter5,normal,seed3,268,3258.048484848485
hpmcounter5,normal,seed3,269,3256.3757575757577
hpmcounter5,normal,seed3,270,3256.4969696969697
hpmcounter5,normal,seed3,271,3254.0969696969696
hpmcounter5,normal,seed3,272,3251.5454545454545
hpmcounter5,normal,seed3,273,3250.733333333333
hpmcounter5,normal,seed3,274,3250.7818181818184
hpmcounter5,normal,seed3,275,3254.2484848484846
hpmcounter5,normal,seed3,276,3254.860606060606
hpmcounter5,normal,seed3,277,3257.309090909091
hpmcounter5,normal,seed3,278,3259.1878787878786
hpmcounter5,normal,seed3,279,3259.2606060606063
hpmcounter5,normal,seed3,280,3262.139393939394
hpmcounter5,normal,seed3,281,3260.309090909091
hpmcounter5,normal,seed3,282,3261.042424242424
hpmcounter5,normal,seed3,283,3263.060606060606
hpmcounter5,normal,seed3,284,3265.642424242424
hpmcounter5,normal,seed3,285,3267.072727272727
hpmcounter5,normal,seed3,286,3266.072727272727
hpmcounter5,normal,seed3,287,3263.2484848484846
hpmcounter5,normal,seed3,288,3261.339393939394
hpmcounter5,normal,seed3,289,3262.030303030303
hpmcounter5,normal,seed3,290,3265.5454545454545
hpmcounter5,normal,seed3,291,3262.818181818182
hpmcounter5,normal,seed3,292,3260.836363636364
hpmcounter5,normal,seed3,293,3262.3212121212123
hpmcounter5,normal,seed3,294,3278.266666666667
hpmcounter5,normal,seed3,295,3290.357575757576
hpmcounter5,normal,seed3,296,3299.109090909091
hpmcounter5,normal,seed3,297,3301.7515151515154
hpmcounter5,normal,seed3,298,3299.0242424242424
hpmcounter5,normal,seed4,9,3256.769696969697
hpmcounter5,normal,seed4,10,3250.9757575757576
hpmcounter5,normal,seed4,11,3246.927272727273
hpmcounter5,normal,seed4,12,3245.3212121212123
hpmcounter5,normal,seed4,13,3242.0666666666666
hpmcounter5,normal,seed4,14,3240.1151515151514
hpmcounter5,normal,seed4,15,3240.3030303030305
hpmcounter5,normal,seed4,16,3239.048484848485
hpmcounter5,normal,seed4,17,3240.2848484848487
hpmcounter5,normal,seed4,18,3245.6
hpmcounter5,normal,seed4,19,3254.018181818182
hpmcounter5,normal,seed4,20,3261.090909090909
hpmcounter5,normal,seed4,21,3266.0363636363636
hpmcounter5,normal,seed4,22,3270.3454545454547
hpmcounter5,normal,seed4,23,3272.2
hpmcounter5,normal,seed4,24,3272.3757575757577
hpmcounter5,normal,seed4,25,3268.0666666666666
hpmcounter5,normal,seed4,26,3259.927272727273
hpmcounter5,normal,seed4,27,3252.2909090909093
hpmcounter5,normal,seed4,28,3246.6969696969695
hpmcounter5,normal,seed4,29,3247.757575757576
hpmcounter5,normal,seed4,30,3251.7393939393937
hpmcounter5,normal,seed4,31,3255.10303030303
hpmcounter5,normal,seed4,32,3257.012121212121
hpmcounter5,normal,seed4,33,3258.612121212121
hpmcounter5,normal,seed4,34,3261.4121212121213
hpmcounter5,normal,seed4,35,3260.0969696969696
hpmcounter5,normal,seed4,36,3257.6545454545453
hpmcounter5,normal,seed4,37,3254.890909090909
hpmcounter5,normal,seed4,38,3250.5878787878787
hpmcounter5,normal,seed4,39,3247.6545454545453
hpmcounter5,normal,seed4,40,3247.818181818182
hpmcounter5,normal,seed4,41,3251.4545454545455
hpmcounter5,normal,seed4,42,3253.2181818181816
hpmcounter5,normal,seed4,43,3255.3939393939395
hpmcounter5,normal,seed4,44,3257.012121212121
hpmcounter5,normal,seed4,45,3256.151515151515
hpmcounter5,normal,seed4,46,3257.860606060606
hpmcounter5,normal,seed4,47,3262.090909090909
hpmcounter5,normal,seed4,48,3266.3212121212123
hpmcounter5,normal,seed4,49,3266.7939393939396
hpmcounter5,normal,seed4,50,3267.460606060606
hpmcounter5,normal,seed4,51,3268.2363636363634
hpmcounter5,normal,seed4,52,3267.3454545454547
hpmcounter5,normal,seed4,53,3268.072727272727
hpmcounter5,normal,seed4,54,3266.1272727272726
hpmcounter5,normal,seed4,55,3262.2060606060604
hpmcounter5,normal,seed4,56,3258.1151515151514
hpmcounter5,normal,seed4,57,3257.266666666667
hpmcounter5,normal,seed4,58,3259.6787878787877
hpmcounter5,normal,seed4,59,3259.7454545454543
hpmcounter5,normal,seed4,60,3262.521212121212
hpmcounter5,normal,seed4,61,3264.357575757576
hpmcounter5,normal,seed4,62,3262.5151515151515
hpmcounter5,normal,seed4,63,3260.9151515151516
hpmcounter5,normal,seed4,64,3261.6363636363635
hpmcounter5,normal,seed4,65,3261.0545454545454
hpmcounter5,normal,seed4,66,3257.4121212121213
hpmcounter5,normal,seed4,67,3257.193939393939
hpmcounter5,normal,seed4,68,3260.072727272727
hpmcounter5,normal,seed4,69,3263.151515151515
hpmcounter5,normal,seed4,70,3264.818181818182
hpmcounter5,normal,seed4,71,3265.2545454545457
hpmcounter5,normal,seed4,72,3263.327272727273
hpmcounter5,normal,seed4,73,3258.5636363636363
hpmcounter5,normal,seed4,74,3257.4060606060607
hpmcounter5,normal,seed4,75,3254.642424242424
hpmcounter5,normal,seed4,76,3250.5878787878787
hpmcounter5,normal,seed4,77,3247.909090909091
hpmcounter5,normal,seed4,78,3249.5757575757575
hpmcounter5,normal,seed4,79,3253.3454545454547
hpmcounter5,normal,seed4,80,3257.278787878788
hpmcounter5,normal,seed4,81,3257.8242424242426
hpmcounter5,normal,seed4,82,3260.9151515151516
hpmcounter5,normal,seed4,83,3260.878787878788
hpmcounter5,normal,seed4,84,3262.0969696969696
hpmcounter5,normal,seed4,85,3261.4424242424243
hpmcounter5,normal,seed4,86,3260.551515151515
hpmcounter5,normal,seed4,87,3256.612121212121
hpmcounter5,normal,seed4,88,3256.163636363636
hpmcounter5,normal,seed4,89,3253.8242424242426
hpmcounter5,normal,seed4,90,3254.509090909091
hpmcounter5,normal,seed4,91,3251.078787878788
hpmcounter5,normal,seed4,92,3250.018181818182
hpmcounter5,normal,seed4,93,3252.0
hpmcounter5,normal,seed4,94,3256.6242424242423
hpmcounter5,normal,seed4,95,3261.048484848485
hpmcounter5,normal,seed4,96,3264.3212121212123
hpmcounter5,normal,seed4,97,3265.181818181818
hpmcounter5,normal,seed4,98,3266.3151515151517
hpmcounter5,normal,seed4,99,3266.642424242424
hpmcounter5,normal,seed4,100,3267.9636363636364
hpmcounter5,normal,seed4,101,3264.139393939394
hpmcounter5,normal,seed4,102,3258.890909090909
hpmcounter5,normal,seed4,103,3255.2727272727275
hpmcounter5,normal,seed4,104,3255.848484848485
hpmcounter5,normal,seed4,105,3255.460606060606
hpmcounter5,normal,seed4,106,3254.357575757576
hpmcounter5,normal,seed4,107,3253.6787878787877
hpmcounter5,normal,seed4,108,3253.3757575757577
hpmcounter5,normal,seed4,109,3255.5030303030303
hpmcounter5,normal,seed4,110,3258.0969696969696
hpmcounter5,normal,seed4,111,3258.7151515151513
hpmcounter5,normal,seed4,112,3258.9636363636364
hpmcounter5,normal,seed4,113,3259.139393939394
hpmcounter5,normal,seed4,114,3263.169696969697
hpmcounter5,normal,seed4,115,3263.5878787878787
hpmcounter5,normal,seed4,116,3277.818181818182
hpmcounter5,normal,seed4,117,3305.3818181818183
hpmcounter5,normal,seed4,118,3324.551515151515
hpmcounter5,normal,seed4,119,3339.521212121212
hpmcounter5,normal,seed4,120,3347.690909090909
hpmcounter5,normal,seed4,121,3347.4545454545455
hpmcounter5,normal,seed4,122,3341.387878787879
hpmcounter5,normal,seed4,123,3345.0242424242424
hpmcounter5,normal,seed4,124,3339.151515151515
hpmcounter5,normal,seed4,125,3319.818181818182
hpmcounter5,normal,seed4,126,3308.6363636363635
hpmcounter5,normal,seed4,127,3311.0
hpmcounter5,normal,seed4,128,3308.3515151515153
hpmcounter5,normal,seed4,129,3301.6181818181817
hpmcounter5,normal,seed4,130,3291.539393939394
hpmcounter5,normal,seed4,131,3276.121212121212
hpmcounter5,normal,seed4,132,3260.0363636363636
hpmcounter5,normal,seed4,133,3258.460606060606
hpmcounter5,normal,seed4,134,3258.939393939394
hpmcounter5,normal,seed4,135,3257.266666666667
hpmcounter5,normal,seed4,136,3259.1272727272726
hpmcounter5,normal,seed4,137,3259.878787878788
hpmcounter5,normal,seed4,138,3261.163636363636
hpmcounter5,normal,seed4,139,3260.6666666666665
hpmcounter5,normal,seed4,140,3259.030303030303
hpmcounter5,normal,seed4,141,3259.6848484848483
hpmcounter5,normal,seed4,142,3261.0969696969696
hpmcounter5,normal,seed4,143,3258.6
hpmcounter5,normal,seed4,144,3257.387878787879
hpmcounter5,normal,seed4,145,3254.10303030303
hpmcounter5,normal,seed4,146,3255.7939393939396
hpmcounter5,normal,seed4,147,3255.7272727272725
hpmcounter5,normal,seed4,148,3256.090909090909
hpmcounter5,normal,seed4,149,3253.9454545454546
hpmcounter5,normal,seed4,150,3252.969696969697
hpmcounter5,normal,seed4,151,3255.4060606060607
hpmcounter5,normal,seed4,152,3256.6787878787877
hpmcounter5,normal,seed4,153,3259.830303030303
hpmcounter5,normal,seed4,154,3262.212121212121
hpmcounter5,normal,seed4,155,3263.230303030303
hpmcounter5,normal,seed4,156,3265.3818181818183
hpmcounter5,normal,seed4,157,3263.757575757576
hpmcounter5,normal,seed4,158,3262.787878787879
hpmcounter5,normal,seed4,159,3260.3454545454547
hpmcounter5,normal,seed4,160,3261.2909090909093
hpmcounter5,normal,seed4,161,3262.4242424242425
hpmcounter5,normal,seed4,162,3261.4727272727273
hpmcounter5,normal,seed4,163,3265.6
hpmcounter5,normal,seed4,164,3268.521212121212
hpmcounter5,normal,seed4,165,3288.2727272727275
hpmcounter5,normal,seed4,166,3302.29696969697
hpmcounter5,normal,seed4,167,3311.3333333333335
hpmcounter5,normal,seed4,168,3328.5636363636363
hpmcounter5,normal,seed4,169,3339.109090909091
hpmcounter5,normal,seed4,170,3342.7393939393937
hpmcounter5,normal,seed4,171,3354.4363636363637
hpmcounter5,normal,seed4,172,3370.1575757575756
hpmcounter5,normal,seed4,173,3390.939393939394
hpmcounter5,normal,seed4,174,3395.418181818182
hpmcounter5,normal,seed4,175,3402.2484848484846
hpmcounter5,normal,seed4,176,3395.8
hpmcounter5,normal,seed4,177,3377.4424242424243
hpmcounter5,normal,seed4,178,3361.951515151515
hpmcounter5,normal,seed4,179,3337.8242424242426
hpmcounter5,normal,seed4,180,3300.909090909091
hpmcounter5,normal,seed4,181,3272.1757575757574
hpmcounter5,normal,seed4,182,3255.230303030303
hpmcounter5,normal,seed4,183,3255.4545454545455
hpmcounter5,normal,seed4,184,3255.2363636363634
hpmcounter5,normal,seed4,185,3254.6484848484847
hpmcounter5,normal,seed4,186,3255.878787878788
hpmcounter5,normal,seed4,187,3261.224242424242
hpmcounter5,normal,seed4,188,3265.6363636363635
hpmcounter5,normal,seed4,189,3269.8242424242426
hpmcounter5,normal,seed4,190,3272.6666666666665
hpmcounter5,normal,seed4,191,3275.7090909090907
hpmcounter5,normal,seed4,192,3276.6060606060605
hpmcounter5,normal,seed4,193,3275.509090909091
hpmcounter5,normal,seed4,194,3271.5151515151515
hpmcounter5,normal,seed4,195,3264.8424242424244
hpmcounter5,normal,seed4,196,3255.981818181818
hpmcounter5,normal,seed4,197,3252.339393939394
hpmcounter5,normal,seed4,198,3252.5939393939393
hpmcounter5,normal,seed4,199,3254.5030303030303
hpmcounter5,normal,seed4,200,3258.4666666666667
hpmcounter5,normal,seed4,201,3262.8
hpmcounter5,normal,seed4,202,3266.2909090909093
hpmcounter5,normal,seed4,203,3267.1454545454544
hpmcounter5,normal,seed4,204,3266.939393939394
hpmcounter5,normal,seed4,205,3265.181818181818
hpmcounter5,normal,seed4,206,3260.2
hpmcounter5,normal,seed4,207,3254.3030303030305
hpmcounter5,normal,seed4,208,3251.7090909090907
hpmcounter5,normal,seed4,209,3251.181818181818
hpmcounter5,normal,seed4,210,3252.6545454545453
hpmcounter5,normal,seed4,211,3255.357575757576
hpmcounter5,normal,seed4,212,3258.7939393939396
hpmcounter5,normal,seed4,213,3260.309090909091
hpmcounter5,normal,seed4,214,3262.0666666666666
hpmcounter5,normal,seed4,215,3262.8
hpmcounter5,normal,seed4,216,3260.775757575758
hpmcounter5,normal,seed4,217,3261.2848484848487
hpmcounter5,normal,seed4,218,3261.7939393939396
hpmcounter5,normal,seed4,219,3263.139393939394
hpmcounter5,normal,seed4,220,3261.357575757576
hpmcounter5,normal,seed4,221,3261.521212121212
hpmcounter5,normal,seed4,222,3262.072727272727
hpmcounter5,normal,seed4,223,3262.0060606060606
hpmcounter5,normal,seed4,224,3263.581818181818
hpmcounter5,normal,seed4,225,3262.6545454545453
hpmcounter5,normal,seed4,226,3260.539393939394
hpmcounter5,normal,seed4,227,3262.012121212121
hpmcounter5,normal,seed4,228,3261.139393939394
hpmcounter5,normal,seed4,229,3261.5939393939393
hpmcounter5,normal,seed4,230,3260.0545454545454
hpmcounter5,normal,seed4,231,3257.5272727272727
hpmcounter5,normal,seed4,232,3256.060606060606
hpmcounter5,normal,seed4,233,3255.2909090909093
hpmcounter5,normal,seed4,234,3252.818181818182
hpmcounter5,normal,seed4,235,3250.2
hpmcounter5,normal,seed4,236,3252.139393939394
hpmcounter5,normal,seed4,237,3254.369696969697
hpmcounter5,normal,seed4,238,3255.29696969697
hpmcounter5,normal,seed4,239,3256.4848484848485
hpmcounter5,normal,seed4,240,3258.4666666666667
hpmcounter5,normal,seed4,241,3257.3333333333335
hpmcounter5,normal,seed4,242,3255.909090909091
hpmcounter5,normal,seed4,243,3254.860606060606
hpmcounter5,normal,seed4,244,3251.3212121212123
hpmcounter5,normal,seed4,245,3247.0666666666666
hpmcounter5,normal,seed4,246,3244.8121212121214
hpmcounter5,normal,seed4,247,3244.8424242424244
hpmcounter5,normal,seed4,248,3246.369696969697
hpmcounter5,normal,seed4,249,3250.9030303030304
hpmcounter5,normal,seed4,250,3255.866666666667
hpmcounter5,normal,seed4,251,3261.521212121212
hpmcounter5,normal,seed4,252,3263.921212121212
hpmcounter5,normal,seed4,253,3265.836363636364
hpmcounter5,normal,seed4,254,3264.9030303030304
hpmcounter5,normal,seed4,255,3265.721212121212
hpmcounter5,normal,seed4,256,3261.151515151515
hpmcounter5,normal,seed4,257,3256.4969696969697
hpmcounter5,normal,seed4,258,3252.521212121212
hpmcounter5,normal,seed4,259,3251.048484848485
hpmcounter5,normal,seed4,260,3248.3818181818183
hpmcounter5,normal,seed4,261,3247.3030303030305
hpmcounter5,normal,seed4,262,3245.3757575757577
hpmcounter5,normal,seed4,263,3245.6181818181817
hpmcounter5,normal,seed4,264,3243.7454545454543
hpmcounter5,normal,seed4,265,3246.9636363636364
hpmcounter5,normal,seed4,266,3248.3939393939395
hpmcounter5,normal,seed4,267,3264.939393939394
hpmcounter5,normal,seed4,268,3292.1272727272726
hpmcounter5,normal,seed4,269,3331.357575757576
hpmcounter5,normal,seed4,270,3375.7393939393937
hpmcounter5,normal,seed4,271,3421.7454545454543
hpmcounter5,normal,seed4,272,3449.133333333333
hpmcounter5,normal,seed4,273,3459.0848484848484
hpmcounter5,normal,seed4,274,3449.8545454545456
hpmcounter5,normal,seed4,275,3422.181818181818
hpmcounter5,normal,seed4,276,3377.9757575757576
hpmcounter5,normal,seed4,277,3334.2606060606063
hpmcounter5,normal,seed4,278,3293.7454545454543
hpmcounter5,normal,seed4,279,3264.769696969697
hpmcounter5,normal,seed4,280,3249.339393939394
hpmcounter5,normal,seed4,281,3249.9636363636364
hpmcounter5,normal,seed4,282,3250.9757575757576
hpmcounter5,normal,seed4,283,3249.969696969697
hpmcounter5,normal,seed4,284,3249.642424242424
hpmcounter5,normal,seed4,285,3247.29696969697
hpmcounter5,normal,seed4,286,3248.2
hpmcounter5,normal,seed4,287,3249.018181818182
hpmcounter5,normal,seed4,288,3250.109090909091
hpmcounter5,normal,seed4,289,3253.1454545454544
hpmcounter5,normal,seed4,290,3258.1878787878786
hpmcounter5,normal,seed4,291,3261.4727272727273
hpmcounter5,normal,seed4,292,3265.0242424242424
hpmcounter5,normal,seed4,293,3268.539393939394
hpmcounter5,normal,seed4,294,3272.8424242424244
hpmcounter5,normal,seed4,295,3274.2060606060604
hpmcounter5,normal,seed4,296,3274.987878787879
hpmcounter5,normal,seed4,297,3274.1878787878786
hpmcounter5,normal,seed4,298,3272.193939393939
hpmcounter5,normal,seed5,9,3352.539393939394
hpmcounter5,normal,seed5,10,3338.448484848485
hpmcounter5,normal,seed5,11,3315.2181818181816
hpmcounter5,normal,seed5,12,3292.230303030303
hpmcounter5,normal,seed5,13,3270.4848484848485
hpmcounter5,normal,seed5,14,3255.7272727272725
hpmcounter5,normal,seed5,15,3255.5939393939393
hpmcounter5,normal,seed5,16,3258.2727272727275
hpmcounter5,normal,seed5,17,3260.0969696969696
hpmcounter5,normal,seed5,18,3260.757575757576
hpmcounter5,normal,seed5,19,3259.8848484848486
hpmcounter5,normal,seed5,20,3257.418181818182
hpmcounter5,normal,seed5,21,3255.89696969697
hpmcounter5,normal,seed5,22,3253.2848484848487
hpmcounter5,normal,seed5,23,3252.3818181818183
hpmcounter5,normal,seed5,24,3252.969696969697
hpmcounter5,normal,seed5,25,3252.1454545454544
hpmcounter5,normal,seed5,26,3253.7515151515154
hpmcounter5,normal,seed5,27,3257.1757575757574
hpmcounter5,normal,seed5,28,3259.7151515151513
hpmcounter5,normal,seed5,29,3258.866666666667
hpmcounter5,normal,seed5,30,3272.29696969697
hpmcounter5,normal,seed5,31,3297.957575757576
hpmcounter5,normal,seed5,32,3314.29696969697
hpmcounter5,normal,seed5,33,3343.042424242424
hpmcounter5,normal,seed5,34,3380.866666666667
hpmcounter5,normal,seed5,35,3417.921212121212
hpmcounter5,normal,seed5,36,3451.212121212121
hpmcounter5,normal,seed5,37,3481.733333333333
hpmcounter5,normal,seed5,38,3488.309090909091
hpmcounter5,normal,seed5,39,3468.890909090909
hpmcounter5,normal,seed5,40,3446.521212121212
hpmcounter5,normal,seed5,41,3420.721212121212
hpmcounter5,normal,seed5,42,3394.327272727273
hpmcounter5,normal,seed5,43,3366.109090909091
hpmcounter5,normal,seed5,44,3338.181818181818
hpmcounter5,normal,seed5,45,3315.478787878788
hpmcounter5,normal,seed5,46,3300.7090909090907
hpmcounter5,normal,seed5,47,3300.6969696969695
hpmcounter5,normal,seed5,48,3297.0666666666666
hpmcounter5,normal,seed5,49,3287.4060606060607
hpmcounter5,normal,seed5,50,3277.0545454545454
hpmcounter5,normal,seed5,51,3262.339393939394
hpmcounter5,normal,seed5,52,3265.418181818182
hpmcounter5,normal,seed5,53,3264.387878787879
hpmcounter5,normal,seed5,54,3262.9454545454546
hpmcounter5,normal,seed5,55,3260.836363636364
hpmcounter5,normal,seed5,56,3257.6
hpmcounter5,normal,seed5,57,3254.630303030303
hpmcounter5,normal,seed5,58,3254.278787878788
hpmcounter5,normal,seed5,59,3269.7151515151513
hpmcounter5,normal,seed5,60,3283.5575757575757
hpmcounter5,normal,seed5,61,3311.878787878788
hpmcounter5,normal,seed5,62,3349.9636363636364
hpmcounter5,normal,seed5,63,3388.121212121212
hpmcounter5,normal,seed5,64,3428.70303030303
hpmcounter5,normal,seed5,65,3450.4666666666667
hpmcounter5,normal,seed5,66,3452.5030303030303
hpmcounter5,normal,seed5,67,3435.3333333333335
hpmcounter5,normal,seed5,68,3400.721212121212
hpmcounter5,normal,seed5,69,3369.0
hpmcounter5,normal,seed5,70,3325.5030303030303
hpmcounter5,normal,seed5,71,3290.2181818181816
hpmcounter5,normal,seed5,72,3265.0666666666666
hpmcounter5,normal,seed5,73,3253.448484848485
hpmcounter5,normal,seed5,74,3256.6363636363635
hpmcounter5,normal,seed5,75,3259.0848484848484
hpmcounter5,normal,seed5,76,3260.387878787879
hpmcounter5,normal,seed5,77,3262.078787878788
hpmcounter5,normal,seed5,78,3262.787878787879
hpmcounter5,normal,seed5,79,3263.981818181818
hpmcounter5,normal,seed5,80,3264.266666666667
hpmcounter5,normal,seed5,81,3262.9454545454546
hpmcounter5,normal,seed5,82,3258.6787878787877
hpmcounter5,normal,seed5,83,3256.460606060606
hpmcounter5,normal,seed5,84,3254.078787878788
hpmcounter5,normal,seed5,85,3252.921212121212
hpmcounter5,normal,seed5,86,3253.5151515151515
hpmcounter5,normal,seed5,87,3255.4666666666667
hpmcounter5,normal,seed5,88,3256.630303030303
hpmcounter5,normal,seed5,89,3258.927272727273
hpmcounter5,normal,seed5,90,3262.7272727272725
hpmcounter5,normal,seed5,91,3263.3212121212123
hpmcounter5,normal,seed5,92,3263.6848484848483
hpmcounter5,normal,seed5,93,3265.1575757575756
hpmcounter5,normal,seed5,94,3263.878787878788
hpmcounter5,normal,seed5,95,3261.642424242424
hpmcounter5,normal,seed5,96,3261.5151515151515
hpmcounter5,normal,seed5,97,3260.612121212121
hpmcounter5,normal,seed5,98,3260.5575757575757
hpmcounter5,normal,seed5,99,3259.2848484848487
hpmcounter5,normal,seed5,100,3260.969696969697
hpmcounter5,normal,seed5,101,3260.981818181818
hpmcounter5,normal,seed5,102,3260.7393939393937
hpmcounter5,normal,seed5,103,3262.2060606060604
hpmcounter5,normal,seed5,104,3265.266666666667
hpmcounter5,normal,seed5,105,3265.490909090909
hpmcounter5,normal,seed5,106,3263.70303030303
hpmcounter5,normal,seed5,107,3258.1878787878786
hpmcounter5,normal,seed5,108,3257.478787878788
hpmcounter5,normal,seed5,109,3258.957575757576
hpmcounter5,normal,seed5,110,3260.4363636363637
hpmcounter5,normal,seed5,111,3263.5878787878787
hpmcounter5,normal,seed5,112,3262.7818181818184
hpmcounter5,normal,seed5,113,3260.1878787878786
hpmcounter5,normal,seed5,114,3262.0545454545454
hpmcounter5,normal,seed5,115,3265.642424242424
hpmcounter5,normal,seed5,116,3268.2
hpmcounter5,normal,seed5,117,3268.0
hpmcounter5,normal,seed5,118,3269.012121212121
hpmcounter5,normal,seed5,119,3287.757575757576
hpmcounter5,normal,seed5,120,3302.4363636363637
hpmcounter5,normal,seed5,121,3314.242424242424
hpmcounter5,normal,seed5,122,3318.0242424242424
hpmcounter5,normal,seed5,123,3315.818181818182
hpmcounter5,normal,seed5,124,3308.8848484848486
hpmcounter5,normal,seed5,125,3301.018181818182
hpmcounter5,normal,seed5,126,3290.4
hpmcounter5,normal,seed5,127,3278.6181818181817
hpmcounter5,normal,seed5,128,3264.733333333333
hpmcounter5,normal,seed5,129,3265.787878787879
hpmcounter5,normal,seed5,130,3268.230303030303
hpmcounter5,normal,seed5,131,3269.6666666666665
hpmcounter5,normal,seed5,132,3269.3757575757577
hpmcounter5,normal,seed5,133,3269.1454545454544
hpmcounter5,normal,seed5,134,3267.9151515151516
hpmcounter5,normal,seed5,135,3266.9636363636364
hpmcounter5,normal,seed5,136,3264.181818181818
hpmcounter5,normal,seed5,137,3260.5636363636363
hpmcounter5,normal,seed5,138,3257.6
hpmcounter5,normal,seed5,139,3255.9151515151516
hpmcounter5,normal,seed5,140,3255.551515151515
hpmcounter5,normal,seed5,141,3254.9757575757576
hpmcounter5,normal,seed5,142,3254.3212121212123
hpmcounter5,normal,seed5,143,3253.2060606060604
hpmcounter5,normal,seed5,144,3252.1151515151514
hpmcounter5,normal,seed5,145,3253.4545454545455
hpmcounter5,normal,seed5,146,3254.4363636363637
hpmcounter5,normal,seed5,147,3255.139393939394
hpmcounter5,normal,seed5,148,3254.0060606060606
hpmcounter5,normal,seed5,149,3253.987878787879
hpmcounter5,normal,seed5,150,3253.018181818182
hpmcounter5,normal,seed5,151,3254.4060606060607
hpmcounter5,normal,seed5,152,3256.3212121212123
hpmcounter5,normal,seed5,153,3257.212121212121
hpmcounter5,normal,seed5,154,3255.030303030303
hpmcounter5,normal,seed5,155,3252.6969696969695
hpmcounter5,normal,seed5,156,3250.339393939394
hpmcounter5,normal,seed5,157,3251.018181818182
hpmcounter5,normal,seed5,158,3249.7454545454543
hpmcounter5,normal,seed5,159,3249.806060606061
hpmcounter5,normal,seed5,160,3251.9636363636364
hpmcounter5,normal,seed5,161,3253.2181818181816
hpmcounter5,normal,seed5,162,3254.521212121212
hpmcounter5,normal,seed5,163,3258.327272727273
hpmcounter5,normal,seed5,164,3259.181818181818
hpmcounter5,normal,seed5,165,3257.4848484848485
hpmcounter5,normal,seed5,166,3255.6363636363635
hpmcounter5,normal,seed5,167,3254.787878787879
hpmcounter5,normal,seed5,168,3253.0969696969696
hpmcounter5,normal,seed5,169,3250.169696969697
hpmcounter5,normal,seed5,170,3249.387878787879
hpmcounter5,normal,seed5,171,3248.478787878788
hpmcounter5,normal,seed5,172,3247.7454545454543
hpmcounter5,normal,seed5,173,3250.072727272727
hpmcounter5,normal,seed5,174,3251.7515151515154
hpmcounter5,normal,seed5,175,3252.8727272727274
hpmcounter5,normal,seed5,176,3256.2363636363634
hpmcounter5,normal,seed5,177,3258.3939393939395
hpmcounter5,normal,seed5,178,3261.3757575757577
hpmcounter5,normal,seed5,179,3260.230303030303
hpmcounter5,normal,seed5,180,3259.1151515151514
hpmcounter5,normal,seed5,181,3257.4727272727273
hpmcounter5,normal,seed5,182,3257.5939393939393
hpmcounter5,normal,seed5,183,3258.927272727273
hpmcounter5,normal,seed5,184,3258.2909090909093
hpmcounter5,normal,seed5,185,3260.2909090909093
hpmcounter5,normal,seed5,186,3264.6545454545453
hpmcounter5,normal,seed5,187,3267.5878787878787
hpmcounter5,normal,seed5,188,3271.169696969697
hpmcounter5,normal,seed5,189,3270.163636363636
hpmcounter5,normal,seed5,190,3268.969696969697
hpmcounter5,normal,seed5,191,3265.012121212121
hpmcounter5,normal,seed5,192,3262.3030303030305
hpmcounter5,normal,seed5,193,3259.581818181818
hpmcounter5,normal,seed5,194,3253.987878787879
hpmcounter5,normal,seed5,195,3250.8727272727274
hpmcounter5,normal,seed5,196,3248.757575757576
hpmcounter5,normal,seed5,197,3247.387878787879
hpmcounter5,normal,seed5,198,3251.0
hpmcounter5,normal,seed5,199,3256.5272727272727
hpmcounter5,normal,seed5,200,3262.278787878788
hpmcounter5,normal,seed5,201,3266.163636363636
hpmcounter5,normal,seed5,202,3271.5878787878787
hpmcounter5,normal,seed5,203,3274.4848484848485
hpmcounter5,normal,seed5,204,3275.0
hpmcounter5,normal,seed5,205,3272.357575757576
hpmcounter5,normal,seed5,206,3269.6181818181817
hpmcounter5,normal,seed5,207,3265.721212121212
hpmcounter5,normal,seed5,208,3262.89696969697
hpmcounter5,normal,seed5,209,3261.6848484848483
hpmcounter5,normal,seed5,210,3261.0
hpmcounter5,normal,seed5,211,3260.7090909090907
hpmcounter5,normal,seed5,212,3263.5454545454545
hpmcounter5,normal,seed5,213,3263.660606060606
hpmcounter5,normal,seed5,214,3262.660606060606
hpmcounter5,normal,seed5,215,3261.581818181818
hpmcounter5,normal,seed5,216,3261.2
hpmcounter5,normal,seed5,217,3261.0666666666666
hpmcounter5,normal,seed5,218,3263.6181818181817
hpmcounter5,normal,seed5,219,3267.9636363636364
hpmcounter5,normal,seed5,220,3269.0363636363636
hpmcounter5,normal,seed5,221,3271.830303030303
hpmcounter5,normal,seed5,222,3275.6181818181817
hpmcounter5,normal,seed5,223,3277.3212121212123
hpmcounter5,normal,seed5,224,3275.090909090909
hpmcounter5,normal,seed5,225,3273.551515151515
hpmcounter5,normal,seed5,226,3268.121212121212
hpmcounter5,normal,seed5,227,3260.4666666666667
hpmcounter5,normal,seed5,228,3255.29696969697
hpmcounter5,normal,seed5,229,3253.369696969697
hpmcounter5,normal,seed5,230,3249.7151515151513
hpmcounter5,normal,seed5,231,3248.927272727273
hpmcounter5,normal,seed5,232,3249.4545454545455
hpmcounter5,normal,seed5,233,3250.6848484848483
hpmcounter5,normal,seed5,234,3251.806060606061
hpmcounter5,normal,seed5,235,3255.012121212121
hpmcounter5,normal,seed5,236,3256.4727272727273
hpmcounter5,normal,seed5,237,3256.4969696969697
hpmcounter5,normal,seed5,238,3257.3030303030305
hpmcounter5,normal,seed5,239,3257.521212121212
hpmcounter5,normal,seed5,240,3257.6
hpmcounter5,normal,seed5,241,3256.5636363636363
hpmcounter5,normal,seed5,242,3258.0848484848484
hpmcounter5,normal,seed5,243,3256.539393939394
hpmcounter5,normal,seed5,244,3254.70303030303
hpmcounter5,normal,seed5,245,3255.89696969697
hpmcounter5,normal,seed5,246,3256.224242424242
hpmcounter5,normal,seed5,247,3257.848484848485
hpmcounter5,normal,seed5,248,3259.048484848485
hpmcounter5,normal,seed5,249,3259.6666666666665
hpmcounter5,normal,seed5,250,3261.878787878788
hpmcounter5,normal,seed5,251,3261.3212121212123
hpmcounter5,normal,seed5,252,3264.139393939394
hpmcounter5,normal,seed5,253,3264.660606060606
hpmcounter5,normal,seed5,254,3264.3212121212123
hpmcounter5,normal,seed5,255,3264.806060606061
hpmcounter5,normal,seed5,256,3265.212121212121
hpmcounter5,normal,seed5,257,3265.6666666666665
hpmcounter5,normal,seed5,258,3264.2909090909093
hpmcounter5,normal,seed5,259,3263.266666666667
hpmcounter5,normal,seed5,260,3261.8848484848486
hpmcounter5,normal,seed5,261,3257.70303030303
hpmcounter5,normal,seed5,262,3256.5151515151515
hpmcounter5,normal,seed5,263,3271.6848484848483
hpmcounter5,normal,seed5,264,3299.89696969697
hpmcounter5,normal,seed5,265,3323.3818181818183
hpmcounter5,normal,seed5,266,3341.3818181818183
hpmcounter5,normal,seed5,267,3349.121212121212
hpmcounter5,normal,seed5,268,3350.387878787879
hpmcounter5,normal,seed5,269,3347.690909090909
hpmcounter5,normal,seed5,270,3334.9454545454546
hpmcounter5,normal,seed5,271,3312.042424242424
hpmcounter5,normal,seed5,272,3280.939393939394
hpmcounter5,normal,seed5,273,3262.309090909091
hpmcounter5,normal,seed5,274,3258.539393939394
hpmcounter5,normal,seed5,275,3258.2848484848487
hpmcounter5,normal,seed5,276,3258.818181818182
hpmcounter5,normal,seed5,277,3257.690909090909
hpmcounter5,normal,seed5,278,3255.642424242424
hpmcounter5,normal,seed5,279,3254.878787878788
hpmcounter5,normal,seed5,280,3253.7818181818184
hpmcounter5,normal,seed5,281,3255.139393939394
hpmcounter5,normal,seed5,282,3255.2484848484846
hpmcounter5,normal,seed5,283,3256.181818181818
hpmcounter5,normal,seed5,284,3257.7090909090907
hpmcounter5,normal,seed5,285,3261.2
hpmcounter5,normal,seed5,286,3264.4545454545455
hpmcounter5,normal,seed5,287,3268.8242424242426
hpmcounter5,normal,seed5,288,3272.5575757575757
hpmcounter5,normal,seed5,289,3274.921212121212
hpmcounter5,normal,seed5,290,3276.9333333333334
hpmcounter5,normal,seed5,291,3277.4060606060607
hpmcounter5,normal,seed5,292,3291.7393939393937
hpmcounter5,normal,seed5,293,3316.430303030303
hpmcounter5,normal,seed5,294,3351.0666666666666
hpmcounter5,normal,seed5,295,3388.8727272727274
hpmcounter5,normal,seed5,296,3428.5030303030303
hpmcounter5,normal,seed5,297,3466.2363636363634
hpmcounter5,normal,seed5,298,3485.29696969697
hpmcounter5,normal,seed6,9,3289.4424242424243
hpmcounter5,normal,seed6,10,3284.8727272727274
hpmcounter5,normal,seed6,11,3277.5151515151515
hpmcounter5,normal,seed6,12,3272.0969696969696
hpmcounter5,normal,seed6,13,3264.581818181818
hpmcounter5,normal,seed6,14,3270.787878787879
hpmcounter5,normal,seed6,15,3273.430303030303
hpmcounter5,normal,seed6,16,3277.6484848484847
hpmcounter5,normal,seed6,17,3282.3818181818183
hpmcounter5,normal,seed6,18,3282.509090909091
hpmcounter5,normal,seed6,19,3280.4969696969697
hpmcounter5,normal,seed6,20,3275.521212121212
hpmcounter5,normal,seed6,21,3271.630303030303
hpmcounter5,normal,seed6,22,3269.0848484848484
hpmcounter5,normal,seed6,23,3268.5454545454545
hpmcounter5,normal,seed6,24,3267.757575757576
hpmcounter5,normal,seed6,25,3264.5454545454545
hpmcounter5,normal,seed6,26,3263.3030303030305
hpmcounter5,normal,seed6,27,3264.551515151515
hpmcounter5,normal,seed6,28,3278.9636363636364
hpmcounter5,normal,seed6,29,3307.7393939393937
hpmcounter5,normal,seed6,30,3342.4
hpmcounter5,normal,seed6,31,3381.9939393939394
hpmcounter5,normal,seed6,32,3422.9939393939394
hpmcounter5,normal,seed6,33,3446.642424242424
hpmcounter5,normal,seed6,34,3449.1454545454544
hpmcounter5,normal,seed6,35,3433.230303030303
hpmcounter5,normal,seed6,36,3400.836363636364
hpmcounter5,normal,seed6,37,3356.1454545454544
hpmcounter5,normal,seed6,38,3315.0848484848484
hpmcounter5,normal,seed6,39,3283.6060606060605
hpmcounter5,normal,seed6,40,3265.830303030303
hpmcounter5,normal,seed6,41,3258.927272727273
hpmcounter5,normal,seed6,42,3268.478787878788
hpmcounter5,normal,seed6,43,3276.072727272727
hpmcounter5,normal,seed6,44,3280.357575757576
hpmcounter5,normal,seed6,45,3280.951515151515
hpmcounter5,normal,seed6,46,3277.8545454545456
hpmcounter5,normal,seed6,47,3273.012121212121
hpmcounter5,normal,seed6,48,3268.2909090909093
hpmcounter5,normal,seed6,49,3262.193939393939
hpmcounter5,normal,seed6,50,3257.89696969697
hpmcounter5,normal,seed6,51,3255.4424242424243
hpmcounter5,normal,seed6,52,3255.1151515151514
hpmcounter5,normal,seed6,53,3254.5636363636363
hpmcounter5,normal,seed6,54,3254.133333333333
hpmcounter5,normal,seed6,55,3256.4363636363637
hpmcounter5,normal,seed6,56,3259.4121212121213
hpmcounter5,normal,seed6,57,3261.7636363636366
hpmcounter5,normal,seed6,58,3264.042424242424
hpmcounter5,normal,seed6,59,3264.1757575757574
hpmcounter5,normal,seed6,60,3261.818181818182
hpmcounter5,normal,seed6,61,3261.4424242424243
hpmcounter5,normal,seed6,62,3260.0545454545454
hpmcounter5,normal,seed6,63,3259.0545454545454
hpmcounter5,normal,seed6,64,3254.078787878788
hpmcounter5,normal,seed6,65,3251.951515151515
hpmcounter5,normal,seed6,66,3249.539393939394
hpmcounter5,normal,seed6,67,3249.030303030303
hpmcounter5,normal,seed6,68,3250.6787878787877
hpmcounter5,normal,seed6,69,3254.7454545454543
hpmcounter5,normal,seed6,70,3258.7818181818184
hpmcounter5,normal,seed6,71,3263.8242424242426
hpmcounter5,normal,seed6,72,3267.163636363636
hpmcounter5,normal,seed6,73,3273.163636363636
hpmcounter5,normal,seed6,74,3275.4242424242425
hpmcounter5,normal,seed6,75,3277.2848484848487
hpmcounter5,normal,seed6,76,3277.4666666666667
hpmcounter5,normal,seed6,77,3275.7636363636366
hpmcounter5,normal,seed6,78,3273.9030303030304
hpmcounter5,normal,seed6,79,3272.818181818182
hpmcounter5,normal,seed6,80,3271.4969696969697
hpmcounter5,normal,seed6,81,3272.6545454545453
hpmcounter5,normal,seed6,82,3273.5939393939393
hpmcounter5,normal,seed6,83,3275.181818181818
hpmcounter5,normal,seed6,84,3274.509090909091
hpmcounter5,normal,seed6,85,3273.0666666666666
hpmcounter5,normal,seed6,86,3288.4363636363637
hpmcounter5,normal,seed6,87,3315.909090909091
hpmcounter5,normal,seed6,88,3334.6666666666665
hpmcounter5,normal,seed6,89,3347.078787878788
hpmcounter5,normal,seed6,90,3351.987878787879
hpmcounter5,normal,seed6,91,3353.1575757575756
hpmcounter5,normal,seed6,92,3345.0545454545454
hpmcounter5,normal,seed6,93,3333.0848484848484
hpmcounter5,normal,seed6,94,3311.2848484848487
hpmcounter5,normal,seed6,95,3280.509090909091
hpmcounter5,normal,seed6,96,3262.4727272727273
hpmcounter5,normal,seed6,97,3263.2484848484846
hpmcounter5,normal,seed6,98,3263.278787878788
hpmcounter5,normal,seed6,99,3266.4242424242425
hpmcounter5,normal,seed6,100,3267.139393939394
hpmcounter5,normal,seed6,101,3269.721212121212
hpmcounter5,normal,seed6,102,3270.448484848485
hpmcounter5,normal,seed6,103,3274.078787878788
hpmcounter5,normal,seed6,104,3273.70303030303
hpmcounter5,normal,seed6,105,3270.387878787879
hpmcounter5,normal,seed6,106,3266.4727272727273
hpmcounter5,normal,seed6,107,3262.70303030303
hpmcounter5,normal,seed6,108,3260.5151515151515
hpmcounter5,normal,seed6,109,3258.4060606060607
hpmcounter5,normal,seed6,110,3255.2181818181816
hpmcounter5,normal,seed6,111,3251.6
hpmcounter5,normal,seed6,112,3249.460606060606
hpmcounter5,normal,seed6,113,3249.5878787878787
hpmcounter5,normal,seed6,114,3248.672727272727
hpmcounter5,normal,seed6,115,3248.0545454545454
hpmcounter5,normal,seed6,116,3249.012121212121
hpmcounter5,normal,seed6,117,3249.9333333333334
hpmcounter5,normal,seed6,118,3251.5454545454545
hpmcounter5,normal,seed6,119,3252.0242424242424
hpmcounter5,normal,seed6,120,3252.7393939393937
hpmcounter5,normal,seed6,121,3251.0242424242424
hpmcounter5,normal,seed6,122,3246.9757575757576
hpmcounter5,normal,seed6,123,3245.478787878788
hpmcounter5,normal,seed6,124,3244.151515151515
hpmcounter5,normal,seed6,125,3244.951515151515
hpmcounter5,normal,seed6,126,3246.212121212121
hpmcounter5,normal,seed6,127,3248.4121212121213
hpmcounter5,normal,seed6,128,3248.8
hpmcounter5,normal,seed6,129,3251.630303030303
hpmcounter5,normal,seed6,130,3253.121212121212
hpmcounter5,normal,seed6,131,3253.2606060606063
hpmcounter5,normal,seed6,132,3251.1878787878786
hpmcounter5,normal,seed6,133,3251.5151515151515
hpmcounter5,normal,seed6,134,3250.921212121212
hpmcounter5,normal,seed6,135,3251.387878787879
hpmcounter5,normal,seed6,136,3270.6848484848483
hpmcounter5,normal,seed6,137,3286.581818181818
hpmcounter5,normal,seed6,138,3296.1454545454544
hpmcounter5,normal,seed6,139,3319.2363636363634
hpmcounter5,normal,seed6,140,3332.9939393939394
hpmcounter5,normal,seed6,141,3336.9030303030304
hpmcounter5,normal,seed6,142,3336.0242424242424
hpmcounter5,normal,seed6,143,3330.551515151515
hpmcounter5,normal,seed6,144,3318.0969696969696
hpmcounter5,normal,seed6,145,3297.70303030303
hpmcounter5,normal,seed6,146,3291.090909090909
hpmcounter5,normal,seed6,147,3281.018181818182
hpmcounter5,normal,seed6,148,3267.3939393939395
hpmcounter5,normal,seed6,149,3268.0848484848484
hpmcounter5,normal,seed6,150,3267.181818181818
hpmcounter5,normal,seed6,151,3263.2848484848487
hpmcounter5,normal,seed6,152,3258.7818181818184
hpmcounter5,normal,seed6,153,3253.7151515151513
hpmcounter5,normal,seed6,154,3248.848484848485
hpmcounter5,normal,seed6,155,3246.369696969697
hpmcounter5,normal,seed6,156,3241.6363636363635
hpmcounter5,normal,seed6,157,3239.478787878788
hpmcounter5,normal,seed6,158,3240.012121212121
hpmcounter5,normal,seed6,159,3243.0848484848484
hpmcounter5,normal,seed6,160,3250.121212121212
hpmcounter5,normal,seed6,161,3257.6060606060605
hpmcounter5,normal,seed6,162,3264.2909090909093
hpmcounter5,normal,seed6,163,3269.672727272727
hpmcounter5,normal,seed6,164,3271.6969696969695
hpmcounter5,normal,seed6,165,3272.224242424242
hpmcounter5,normal,seed6,166,3268.5878787878787
hpmcounter5,normal,seed6,167,3262.5272727272727
hpmcounter5,normal,seed6,168,3254.29696969697
hpmcounter5,normal,seed6,169,3247.018181818182
hpmcounter5,normal,seed6,170,3243.448484848485
hpmcounter5,normal,seed6,171,3239.539393939394
hpmcounter5,normal,seed6,172,3240.969696969697
hpmcounter5,normal,seed6,173,3244.4121212121213
hpmcounter5,normal,seed6,174,3250.012121212121
hpmcounter5,normal,seed6,175,3252.8848484848486
hpmcounter5,normal,seed6,176,3256.193939393939
hpmcounter5,normal,seed6,177,3257.2181818181816
hpmcounter5,normal,seed6,178,3256.8
hpmcounter5,normal,seed6,179,3256.5575757575757
hpmcounter5,normal,seed6,180,3254.163636363636
hpmcounter5,normal,seed6,181,3250.090909090909
hpmcounter5,normal,seed6,182,3249.2
hpmcounter5,normal,seed6,183,3247.89696969697
hpmcounter5,normal,seed6,184,3250.969696969697
hpmcounter5,normal,seed6,185,3253.7454545454543
hpmcounter5,normal,seed6,186,3256.721212121212
hpmcounter5,normal,seed6,187,3257.6242424242423
hpmcounter5,normal,seed6,188,3257.7090909090907
hpmcounter5,normal,seed6,189,3259.3454545454547
hpmcounter5,normal,seed6,190,3257.109090909091
hpmcounter5,normal,seed6,191,3254.8848484848486
hpmcounter5,normal,seed6,192,3254.866666666667
hpmcounter5,normal,seed6,193,3255.4424242424243
hpmcounter5,normal,seed6,194,3259.9454545454546
hpmcounter5,normal,seed6,195,3266.521212121212
hpmcounter5,normal,seed6,196,3269.1454545454544
hpmcounter5,normal,seed6,197,3268.866666666667
hpmcounter5,normal,seed6,198,3269.927272727273
hpmcounter5,normal,seed6,199,3273.860606060606
hpmcounter5,normal,seed6,200,3272.490909090909
hpmcounter5,normal,seed6,201,3270.2727272727275
hpmcounter5,normal,seed6,202,3281.927272727273
hpmcounter5,normal,seed6,203,3308.4242424242425
hpmcounter5,normal,seed6,204,3328.721212121212
hpmcounter5,normal,seed6,205,3343.5575757575757
hpmcounter5,normal,seed6,206,3346.7393939393937
hpmcounter5,normal,seed6,207,3357.5151515151515
hpmcounter5,normal,seed6,208,3376.981818181818
hpmcounter5,normal,seed6,209,3387.6
hpmcounter5,normal,seed6,210,3383.2484848484846
hpmcounter5,normal,seed6,211,3367.1151515151514
hpmcounter5,normal,seed6,212,3350.9636363636364
hpmcounter5,normal,seed6,213,3342.775757575758
hpmcounter5,normal,seed6,214,3324.309090909091
hpmcounter5,normal,seed6,215,3301.278787878788
hpmcounter5,normal,seed6,216,3270.8848484848486
hpmcounter5,normal,seed6,217,3251.909090909091
hpmcounter5,normal,seed6,218,3250.6363636363635
hpmcounter5,normal,seed6,219,3250.7090909090907
hpmcounter5,normal,seed6,220,3251.278787878788
hpmcounter5,normal,seed6,221,3256.939393939394
hpmcounter5,normal,seed6,222,3260.121212121212
hpmcounter5,normal,seed6,223,3259.6969696969695
hpmcounter5,normal,seed6,224,3256.2727272727275
hpmcounter5,normal,seed6,225,3257.448484848485
hpmcounter5,normal,seed6,226,3257.7454545454543
hpmcounter5,normal,seed6,227,3256.927272727273
hpmcounter5,normal,seed6,228,3255.212121212121
hpmcounter5,normal,seed6,229,3253.060606060606
hpmcounter5,normal,seed6,230,3250.569696969697
hpmcounter5,normal,seed6,231,3253.4363636363637
hpmcounter5,normal,seed6,232,3255.369696969697
hpmcounter5,normal,seed6,233,3253.4
hpmcounter5,normal,seed6,234,3249.569696969697
hpmcounter5,normal,seed6,235,3248.8545454545456
hpmcounter5,normal,seed6,236,3248.5272727272727
hpmcounter5,normal,seed6,237,3251.4848484848485
hpmcounter5,normal,seed6,238,3251.878787878788
hpmcounter5,normal,seed6,239,3251.9636363636364
hpmcounter5,normal,seed6,240,3253.2363636363634
hpmcounter5,normal,seed6,241,3255.569696969697
hpmcounter5,normal,seed6,242,3255.6848484848483
hpmcounter5,normal,seed6,243,3256.139393939394
hpmcounter5,normal,seed6,244,3255.2848484848487
hpmcounter5,normal,seed6,245,3254.418181818182
hpmcounter5,normal,seed6,246,3252.6666666666665
hpmcounter5,normal,seed6,247,3253.181818181818
hpmcounter5,normal,seed6,248,3253.430303030303
hpmcounter5,normal,seed6,249,3256.2363636363634
hpmcounter5,normal,seed6,250,3259.10303030303
hpmcounter5,normal,seed6,251,3261.1757575757574
hpmcounter5,normal,seed6,252,3261.775757575758
hpmcounter5,normal,seed6,253,3266.7818181818184
hpmcounter5,normal,seed6,254,3272.3333333333335
hpmcounter5,normal,seed6,255,3277.121212121212
hpmcounter5,normal,seed6,256,3276.981818181818
hpmcounter5,normal,seed6,257,3273.121212121212
hpmcounter5,normal,seed6,258,3269.078787878788
hpmcounter5,normal,seed6,259,3265.3030303030305
hpmcounter5,normal,seed6,260,3258.0242424242424
hpmcounter5,normal,seed6,261,3253.3212121212123
hpmcounter5,normal,seed6,262,3248.478787878788
hpmcounter5,normal,seed6,263,3246.369696969697
hpmcounter5,normal,seed6,264,3246.4545454545455
hpmcounter5,normal,seed6,265,3247.4060606060607
hpmcounter5,normal,seed6,266,3250.0545454545454
hpmcounter5,normal,seed6,267,3251.4121212121213
hpmcounter5,normal,seed6,268,3253.109090909091
hpmcounter5,normal,seed6,269,3255.2
hpmcounter5,normal,seed6,270,3255.672727272727
hpmcounter5,normal,seed6,271,3261.8242424242426
hpmcounter5,normal,seed6,272,3265.957575757576
hpmcounter5,normal,seed6,273,3269.309090909091
hpmcounter5,normal,seed6,274,3270.5575757575757
hpmcounter5,normal,seed6,275,3270.339393939394
hpmcounter5,normal,seed6,276,3271.048484848485
hpmcounter5,normal,seed6,277,3269.6363636363635
hpmcounter5,normal,seed6,278,3282.5636363636363
hpmcounter5,normal,seed6,279,3306.490909090909
hpmcounter5,normal,seed6,280,3337.909090909091
hpmcounter5,normal,seed6,281,3360.1878787878786
hpmcounter5,normal,seed6,282,3372.357575757576
hpmcounter5,normal,seed6,283,3374.7393939393937
hpmcounter5,normal,seed6,284,3365.0969696969696
hpmcounter5,normal,seed6,285,3362.987878787879
hpmcounter5,normal,seed6,286,3349.6484848484847
hpmcounter5,normal,seed6,287,3322.121212121212
hpmcounter5,normal,seed6,288,3302.8424242424244
hpmcounter5,normal,seed6,289,3292.030303030303
hpmcounter5,normal,seed6,290,3294.89696969697
hpmcounter5,normal,seed6,291,3290.721212121212
hpmcounter5,normal,seed6,292,3282.7636363636366
hpmcounter5,normal,seed6,293,3270.690909090909
hpmcounter5,normal,seed6,294,3254.2
hpmcounter5,normal,seed6,295,3255.3030303030305
hpmcounter5,normal,seed6,296,3256.6181818181817
hpmcounter5,normal,seed6,297,3258.5575757575757
hpmcounter5,normal,seed6,298,3259.8545454545456
hpmcounter5,normal,seed7,9,3248.0
hpmcounter5,normal,seed7,10,3243.4666666666667
hpmcounter5,normal,seed7,11,3238.569696969697
hpmcounter5,normal,seed7,12,3236.848484848485
hpmcounter5,normal,seed7,13,3237.539393939394
hpmcounter5,normal,seed7,14,3237.8242424242426
hpmcounter5,normal,seed7,15,3240.4666666666667
hpmcounter5,normal,seed7,16,3242.4424242424243
hpmcounter5,normal,seed7,17,3246.1757575757574
hpmcounter5,normal,seed7,18,3250.642424242424
hpmcounter5,normal,seed7,19,3258.2484848484846
hpmcounter5,normal,seed7,20,3264.848484848485
hpmcounter5,normal,seed7,21,3267.4
hpmcounter5,normal,seed7,22,3270.3030303030305
hpmcounter5,normal,seed7,23,3270.6969696969695
hpmcounter5,normal,seed7,24,3269.6848484848483
hpmcounter5,normal,seed7,25,3265.4363636363637
hpmcounter5,normal,seed7,26,3258.7090909090907
hpmcounter5,normal,seed7,27,3252.4969696969697
hpmcounter5,normal,seed7,28,3246.387878787879
hpmcounter5,normal,seed7,29,3244.830303030303
hpmcounter5,normal,seed7,30,3247.3333333333335
hpmcounter5,normal,seed7,31,3263.757575757576
hpmcounter5,normal,seed7,32,3296.539393939394
hpmcounter5,normal,seed7,33,3339.042424242424
hpmcounter5,normal,seed7,34,3369.4424242424243
hpmcounter5,normal,seed7,35,3388.9333333333334
hpmcounter5,normal,seed7,36,3398.3515151515153
hpmcounter5,normal,seed7,37,3395.4969696969697
hpmcounter5,normal,seed7,38,3379.4060606060607
hpmcounter5,normal,seed7,39,3350.581818181818
hpmcounter5,normal,seed7,40,3312.8848484848486
hpmcounter5,normal,seed7,41,3280.927272727273
hpmcounter5,normal,seed7,42,3262.3212121212123
hpmcounter5,normal,seed7,43,3259.1272727272726
hpmcounter5,normal,seed7,44,3253.672727272727
hpmcounter5,normal,seed7,45,3251.048484848485
hpmcounter5,normal,seed7,46,3249.7515151515154
hpmcounter5,normal,seed7,47,3248.4363636363637
hpmcounter5,normal,seed7,48,3247.3212121212123
hpmcounter5,normal,seed7,49,3245.848484848485
hpmcounter5,normal,seed7,50,3247.0545454545454
hpmcounter5,normal,seed7,51,3249.8242424242426
hpmcounter5,normal,seed7,52,3253.6363636363635
hpmcounter5,normal,seed7,53,3254.9939393939394
hpmcounter5,normal,seed7,54,3255.860606060606
hpmcounter5,normal,seed7,55,3256.890909090909
hpmcounter5,normal,seed7,56,3256.018181818182
hpmcounter5,normal,seed7,57,3255.357575757576
hpmcounter5,normal,seed7,58,3255.5575757575757
hpmcounter5,normal,seed7,59,3255.309090909091
hpmcounter5,normal,seed7,60,3270.612121212121
hpmcounter5,normal,seed7,61,3283.490909090909
hpmcounter5,normal,seed7,62,3291.7515151515154
hpmcounter5,normal,seed7,63,3296.6
hpmcounter5,normal,seed7,64,3298.951515151515
hpmcounter5,normal,seed7,65,3295.8424242424244
hpmcounter5,normal,seed7,66,3289.2727272727275
hpmcounter5,normal,seed7,67,3281.6787878787877
hpmcounter5,normal,seed7,68,3273.0363636363636
hpmcounter5,normal,seed7,69,3261.6545454545453
hpmcounter5,normal,seed7,70,3265.327272727273
hpmcounter5,normal,seed7,71,3267.70303030303
hpmcounter5,normal,seed7,72,3268.139393939394
hpmcounter5,normal,seed7,73,3269.0242424242424
hpmcounter5,normal,seed7,74,3267.987878787879
hpmcounter5,normal,seed7,75,3265.818181818182
hpmcounter5,normal,seed7,76,3263.0
hpmcounter5,normal,seed7,77,3262.1757575757574
hpmcounter5,normal,seed7,78,3260.6848484848483
hpmcounter5,normal,seed7,79,3259.490909090909
hpmcounter5,normal,seed7,80,3258.6969696969695
hpmcounter5,normal,seed7,81,3258.6969696969695
hpmcounter5,normal,seed7,82,3259.787878787879
hpmcounter5,normal,seed7,83,3263.3757575757577
hpmcounter5,normal,seed7,84,3267.0969696969696
hpmcounter5,normal,seed7,85,3274.224242424242
hpmcounter5,normal,seed7,86,3277.042424242424
hpmcounter5,normal,seed7,87,3280.5757575757575
hpmcounter5,normal,seed7,88,3282.7151515151513
hpmcounter5,normal,seed7,89,3285.2060606060604
hpmcounter5,normal,seed7,90,3283.6181818181817
hpmcounter5,normal,seed7,91,3281.3030303030305
hpmcounter5,normal,seed7,92,3276.10303030303
hpmcounter5,normal,seed7,93,3273.181818181818
hpmcounter5,normal,seed7,94,3270.5939393939393
hpmcounter5,normal,seed7,95,3268.8545454545456
hpmcounter5,normal,seed7,96,3266.012121212121
hpmcounter5,normal,seed7,97,3262.6242424242423
hpmcounter5,normal,seed7,98,3260.478787878788
hpmcounter5,normal,seed7,99,3259.5757575757575
hpmcounter5,normal,seed7,100,3260.1878787878786
hpmcounter5,normal,seed7,101,3261.5939393939393
hpmcounter5,normal,seed7,102,3261.7454545454543
hpmcounter5,normal,seed7,103,3264.387878787879
hpmcounter5,normal,seed7,104,3266.1151515151514
hpmcounter5,normal,seed7,105,3267.10303030303
hpmcounter5,normal,seed7,106,3268.957575757576
hpmcounter5,normal,seed7,107,3267.6242424242423
hpmcounter5,normal,seed7,108,3264.866666666667
hpmcounter5,normal,seed7,109,3261.133333333333
hpmcounter5,normal,seed7,110,3260.8545454545456
hpmcounter5,normal,seed7,111,3262.3333333333335
hpmcounter5,normal,seed7,112,3262.6181818181817
hpmcounter5,normal,seed7,113,3264.0969696969696
hpmcounter5,normal,seed7,114,3264.042424242424
hpmcounter5,normal,seed7,115,3266.5757575757575
hpmcounter5,normal,seed7,116,3269.8727272727274
hpmcounter5,normal,seed7,117,3270.660606060606
hpmcounter5,normal,seed7,118,3282.612121212121
hpmcounter5,normal,seed7,119,3290.0060606060606
hpmcounter5,normal,seed7,120,3294.8242424242426
hpmcounter5,normal,seed7,121,3299.5333333333333
hpmcounter5,normal,seed7,122,3300.369696969697
hpmcounter5,normal,seed7,123,3298.951515151515
hpmcounter5,normal,seed7,124,3292.10303030303
hpmcounter5,normal,seed7,125,3283.1454545454544
hpmcounter5,normal,seed7,126,3271.5030303030303
hpmcounter5,normal,seed7,127,3259.0969696969696
hpmcounter5,normal,seed7,128,3259.806060606061
hpmcounter5,normal,seed7,129,3257.1272727272726
hpmcounter5,normal,seed7,130,3252.4969696969697
hpmcounter5,normal,seed7,131,3248.1575757575756
hpmcounter5,normal,seed7,132,3244.909090909091
hpmcounter5,normal,seed7,133,3241.1757575757574
hpmcounter5,normal,seed7,134,3239.278787878788
hpmcounter5,normal,seed7,135,3239.042424242424
hpmcounter5,normal,seed7,136,3238.672727272727
hpmcounter5,normal,seed7,137,3239.060606060606
hpmcounter5,normal,seed7,138,3240.3636363636365
hpmcounter5,normal,seed7,139,3240.9151515151516
hpmcounter5,normal,seed7,140,3241.060606060606
hpmcounter5,normal,seed7,141,3243.836363636364
hpmcounter5,normal,seed7,142,3245.030303030303
hpmcounter5,normal,seed7,143,3243.509090909091
hpmcounter5,normal,seed7,144,3244.193939393939
hpmcounter5,normal,seed7,145,3246.4545454545455
hpmcounter5,normal,seed7,146,3248.6060606060605
hpmcounter5,normal,seed7,147,3249.6
hpmcounter5,normal,seed7,148,3251.0363636363636
hpmcounter5,normal,seed7,149,3252.048484848485
hpmcounter5,normal,seed7,150,3250.89696969697
hpmcounter5,normal,seed7,151,3253.2484848484846
hpmcounter5,normal,seed7,152,3255.042424242424
hpmcounter5,normal,seed7,153,3253.581818181818
hpmcounter5,normal,seed7,154,3250.1454545454544
hpmcounter5,normal,seed7,155,3247.806060606061
hpmcounter5,normal,seed7,156,3246.2363636363634
hpmcounter5,normal,seed7,157,3245.775757575758
hpmcounter5,normal,seed7,158,3247.4242424242425
hpmcounter5,normal,seed7,159,3248.3636363636365
hpmcounter5,normal,seed7,160,3249.212121212121
hpmcounter5,normal,seed7,161,3249.569696969697
hpmcounter5,normal,seed7,162,3253.5636363636363
hpmcounter5,normal,seed7,163,3258.339393939394
hpmcounter5,normal,seed7,164,3264.266666666667
hpmcounter5,normal,seed7,165,3270.048484848485
hpmcounter5,normal,seed7,166,3275.242424242424
hpmcounter5,normal,seed7,167,3277.5939393939393
hpmcounter5,normal,seed7,168,3278.29696969697
hpmcounter5,normal,seed7,169,3274.4424242424243
hpmcounter5,normal,seed7,170,3269.0242424242424
hpmcounter5,normal,seed7,171,3261.0060606060606
hpmcounter5,normal,seed7,172,3252.224242424242
hpmcounter5,normal,seed7,173,3248.1575757575756
hpmcounter5,normal,seed7,174,3246.090909090909
hpmcounter5,normal,seed7,175,3244.987878787879
hpmcounter5,normal,seed7,176,3246.0
hpmcounter5,normal,seed7,177,3250.1757575757574
hpmcounter5,normal,seed7,178,3252.612121212121
hpmcounter5,normal,seed7,179,3252.6484848484847
hpmcounter5,normal,seed7,180,3250.5757575757575
hpmcounter5,normal,seed7,181,3247.787878787879
hpmcounter5,normal,seed7,182,3243.3515151515153
hpmcounter5,normal,seed7,183,3244.4545454545455
hpmcounter5,normal,seed7,184,3244.569696969697
hpmcounter5,normal,seed7,185,3243.860606060606
hpmcounter5,normal,seed7,186,3246.169696969697
hpmcounter5,normal,seed7,187,3255.0363636363636
hpmcounter5,normal,seed7,188,3262.806060606061
hpmcounter5,normal,seed7,189,3269.224242424242
hpmcounter5,normal,seed7,190,3272.672727272727
hpmcounter5,normal,seed7,191,3271.8848484848486
hpmcounter5,normal,seed7,192,3267.9636363636364
hpmcounter5,normal,seed7,193,3264.4060606060607
hpmcounter5,normal,seed7,194,3259.7393939393937
hpmcounter5,normal,seed7,195,3252.181818181818
hpmcounter5,normal,seed7,196,3246.1575757575756
hpmcounter5,normal,seed7,197,3244.89696969697
hpmcounter5,normal,seed7,198,3244.9636363636364
hpmcounter5,normal,seed7,199,3247.981818181818
hpmcounter5,normal,seed7,200,3252.9636363636364
hpmcounter5,normal,seed7,201,3257.078787878788
hpmcounter5,normal,seed7,202,3261.212121212121
hpmcounter5,normal,seed7,203,3262.6969696969695
hpmcounter5,normal,seed7,204,3264.509090909091
hpmcounter5,normal,seed7,205,3264.478787878788
hpmcounter5,normal,seed7,206,3263.521212121212
hpmcounter5,normal,seed7,207,3264.2848484848487
hpmcounter5,normal,seed7,208,3263.4363636363637
hpmcounter5,normal,seed7,209,3264.1878787878786
hpmcounter5,normal,seed7,210,3267.181818181818
hpmcounter5,normal,seed7,211,3269.5939393939393
hpmcounter5,normal,seed7,212,3271.4121212121213
hpmcounter5,normal,seed7,213,3271.4121212121213
hpmcounter5,normal,seed7,214,3269.733333333333
hpmcounter5,normal,seed7,215,3267.2545454545457
hpmcounter5,normal,seed7,216,3266.2545454545457
hpmcounter5,normal,seed7,217,3265.2060606060604
hpmcounter5,normal,seed7,218,3263.909090909091
hpmcounter5,normal,seed7,219,3263.0969696969696
hpmcounter5,normal,seed7,220,3262.6545454545453
hpmcounter5,normal,seed7,221,3260.987878787879
hpmcounter5,normal,seed7,222,3256.7939393939396
hpmcounter5,normal,seed7,223,3254.2060606060604
hpmcounter5,normal,seed7,224,3250.0666666666666
hpmcounter5,normal,seed7,225,3245.969696969697
hpmcounter5,normal,seed7,226,3246.927272727273
hpmcounter5,normal,seed7,227,3247.9454545454546
hpmcounter5,normal,seed7,228,3252.151515151515
hpmcounter5,normal,seed7,229,3255.490909090909
hpmcounter5,normal,seed7,230,3259.927272727273
hpmcounter5,normal,seed7,231,3263.7515151515154
hpmcounter5,normal,seed7,232,3264.5757575757575
hpmcounter5,normal,seed7,233,3264.7939393939396
hpmcounter5,normal,seed7,234,3261.721212121212
hpmcounter5,normal,seed7,235,3258.5878787878787
hpmcounter5,normal,seed7,236,3255.521212121212
hpmcounter5,normal,seed7,237,3254.224242424242
hpmcounter5,normal,seed7,238,3257.29696969697
hpmcounter5,normal,seed7,239,3258.9030303030304
hpmcounter5,normal,seed7,240,3260.1878787878786
hpmcounter5,normal,seed7,241,3260.6181818181817
hpmcounter5,normal,seed7,242,3261.212121212121
hpmcounter5,normal,seed7,243,3261.151515151515
hpmcounter5,normal,seed7,244,3258.0363636363636
hpmcounter5,normal,seed7,245,3271.757575757576
hpmcounter5,normal,seed7,246,3295.3454545454547
hpmcounter5,normal,seed7,247,3329.090909090909
hpmcounter5,normal,seed7,248,3370.7090909090907
hpmcounter5,normal,seed7,249,3400.4363636363637
hpmcounter5,normal,seed7,250,3416.430303030303
hpmcounter5,normal,seed7,251,3419.163636363636
hpmcounter5,normal,seed7,252,3408.8121212121214
hpmcounter5,normal,seed7,253,3382.4
hpmcounter5,normal,seed7,254,3339.539393939394
hpmcounter5,normal,seed7,255,3301.072727272727
hpmcounter5,normal,seed7,256,3272.242424242424
hpmcounter5,normal,seed7,257,3255.4969696969697
hpmcounter5,normal,seed7,258,3255.806060606061
hpmcounter5,normal,seed7,259,3255.0060606060606
hpmcounter5,normal,seed7,260,3254.1272727272726
hpmcounter5,normal,seed7,261,3256.5151515151515
hpmcounter5,normal,seed7,262,3259.3212121212123
hpmcounter5,normal,seed7,263,3260.848484848485
hpmcounter5,normal,seed7,264,3260.4121212121213
hpmcounter5,normal,seed7,265,3257.8121212121214
hpmcounter5,normal,seed7,266,3257.109090909091
hpmcounter5,normal,seed7,267,3255.3515151515153
hpmcounter5,normal,seed7,268,3254.8424242424244
hpmcounter5,normal,seed7,269,3253.539393939394
hpmcounter5,normal,seed7,270,3251.8
hpmcounter5,normal,seed7,271,3250.151515151515
hpmcounter5,normal,seed7,272,3249.6545454545453
hpmcounter5,normal,seed7,273,3250.7272727272725
hpmcounter5,normal,seed7,274,3251.3818181818183
hpmcounter5,normal,seed7,275,3250.939393939394
hpmcounter5,normal,seed7,276,3250.478787878788
hpmcounter5,normal,seed7,277,3248.5757575757575
hpmcounter5,normal,seed7,278,3247.3636363636365
hpmcounter5,normal,seed7,279,3246.2727272727275
hpmcounter5,normal,seed7,280,3245.5939393939393
hpmcounter5,normal,seed7,281,3245.266666666667
hpmcounter5,normal,seed7,282,3248.1575757575756
hpmcounter5,normal,seed7,283,3253.9454545454546
hpmcounter5,normal,seed7,284,3260.3030303030305
hpmcounter5,normal,seed7,285,3265.7151515151513
hpmcounter5,normal,seed7,286,3269.830303030303
hpmcounter5,normal,seed7,287,3273.6848484848483
hpmcounter5,normal,seed7,288,3274.5151515151515
hpmcounter5,normal,seed7,289,3274.909090909091
hpmcounter5,normal,seed7,290,3272.0060606060606
hpmcounter5,normal,seed7,291,3267.539393939394
hpmcounter5,normal,seed7,292,3265.193939393939
hpmcounter5,normal,seed7,293,3262.3151515151517
hpmcounter5,normal,seed7,294,3261.2848484848487
hpmcounter5,normal,seed7,295,3259.133333333333
hpmcounter5,normal,seed7,296,3259.7515151515154
hpmcounter5,normal,seed7,297,3262.4666666666667
hpmcounter5,normal,seed7,298,3261.818181818182
hpmcounter5,normal,seed8,9,3256.836363636364
hpmcounter5,normal,seed8,10,3254.3212121212123
hpmcounter5,normal,seed8,11,3249.8545454545456
hpmcounter5,normal,seed8,12,3247.4242424242425
hpmcounter5,normal,seed8,13,3246.7454545454543
hpmcounter5,normal,seed8,14,3246.151515151515
hpmcounter5,normal,seed8,15,3245.357575757576
hpmcounter5,normal,seed8,16,3243.612121212121
hpmcounter5,normal,seed8,17,3245.4060606060607
hpmcounter5,normal,seed8,18,3249.0060606060606
hpmcounter5,normal,seed8,19,3255.2363636363634
hpmcounter5,normal,seed8,20,3261.5030303030303
hpmcounter5,normal,seed8,21,3265.951515151515
hpmcounter5,normal,seed8,22,3269.5757575757575
hpmcounter5,normal,seed8,23,3272.4727272727273
hpmcounter5,normal,seed8,24,3273.509090909091
hpmcounter5,normal,seed8,25,3272.4363636363637
hpmcounter5,normal,seed8,26,3268.909090909091
hpmcounter5,normal,seed8,27,3265.7636363636366
hpmcounter5,normal,seed8,28,3262.836363636364
hpmcounter5,normal,seed8,29,3262.860606060606
hpmcounter5,normal,seed8,30,3265.4121212121213
hpmcounter5,normal,seed8,31,3267.278787878788
hpmcounter5,normal,seed8,32,3266.70303030303
hpmcounter5,normal,seed8,33,3264.9151515151516
hpmcounter5,normal,seed8,34,3263.9333333333334
hpmcounter5,normal,seed8,35,3261.29696969697
hpmcounter5,normal,seed8,36,3258.4666666666667
hpmcounter5,normal,seed8,37,3256.1454545454544
hpmcounter5,normal,seed8,38,3252.818181818182
hpmcounter5,normal,seed8,39,3251.072727272727
hpmcounter5,normal,seed8,40,3252.121212121212
hpmcounter5,normal,seed8,41,3256.460606060606
hpmcounter5,normal,seed8,42,3257.309090909091
hpmcounter5,normal,seed8,43,3258.193939393939
hpmcounter5,normal,seed8,44,3259.212121212121
hpmcounter5,normal,seed8,45,3257.7393939393937
hpmcounter5,normal,seed8,46,3257.163636363636
hpmcounter5,normal,seed8,47,3260.4363636363637
hpmcounter5,normal,seed8,48,3263.2606060606063
hpmcounter5,normal,seed8,49,3264.448484848485
hpmcounter5,normal,seed8,50,3267.230303030303
hpmcounter5,normal,seed8,51,3271.987878787879
hpmcounter5,normal,seed8,52,3272.072727272727
hpmcounter5,normal,seed8,53,3272.6848484848483
hpmcounter5,normal,seed8,54,3273.0060606060606
hpmcounter5,normal,seed8,55,3269.6060606060605
hpmcounter5,normal,seed8,56,3283.4666666666667
hpmcounter5,normal,seed8,57,3309.969696969697
hpmcounter5,normal,seed8,58,3344.048484848485
hpmcounter5,normal,seed8,59,3369.5575757575757
hpmcounter5,normal,seed8,60,3388.6787878787877
hpmcounter5,normal,seed8,61,3412.448484848485
hpmcounter5,normal,seed8,62,3434.7939393939396
hpmcounter5,normal,seed8,63,3437.9939393939394
hpmcounter5,normal,seed8,64,3424.133333333333
hpmcounter5,normal,seed8,65,3391.2
hpmcounter5,normal,seed8,66,3363.8727272727274
hpmcounter5,normal,seed8,67,3341.1151515151514
hpmcounter5,normal,seed8,68,3324.181818181818
hpmcounter5,normal,seed8,69,3302.030303030303
hpmcounter5,normal,seed8,70,3274.224242424242
hpmcounter5,normal,seed8,71,3257.0545454545454
hpmcounter5,normal,seed8,72,3257.309090909091
hpmcounter5,normal,seed8,73,3257.89696969697
hpmcounter5,normal,seed8,74,3256.921212121212
hpmcounter5,normal,seed8,75,3253.4
hpmcounter5,normal,seed8,76,3252.581818181818
hpmcounter5,normal,seed8,77,3268.7090909090907
hpmcounter5,normal,seed8,78,3283.860606060606
hpmcounter5,normal,seed8,79,3295.6787878787877
hpmcounter5,normal,seed8,80,3303.4363636363637
hpmcounter5,normal,seed8,81,3307.339393939394
hpmcounter5,normal,seed8,82,3307.430303030303
hpmcounter5,normal,seed8,83,3305.4545454545455
hpmcounter5,normal,seed8,84,3299.6545454545453
hpmcounter5,normal,seed8,85,3287.8848484848486
hpmcounter5,normal,seed8,86,3269.2909090909093
hpmcounter5,normal,seed8,87,3266.490909090909
hpmcounter5,normal,seed8,88,3265.8727272727274
hpmcounter5,normal,seed8,89,3264.775757575758
hpmcounter5,normal,seed8,90,3262.0545454545454
hpmcounter5,normal,seed8,91,3260.448484848485
hpmcounter5,normal,seed8,92,3258.70303030303
hpmcounter5,normal,seed8,93,3258.8424242424244
hpmcounter5,normal,seed8,94,3257.9454545454546
hpmcounter5,normal,seed8,95,3256.581818181818
hpmcounter5,normal,seed8,96,3254.7515151515154
hpmcounter5,normal,seed8,97,3256.2
hpmcounter5,normal,seed8,98,3256.3636363636365
hpmcounter5,normal,seed8,99,3257.733333333333
hpmcounter5,normal,seed8,100,3257.9939393939394
hpmcounter5,normal,seed8,101,3256.5878787878787
hpmcounter5,normal,seed8,102,3256.0545454545454
hpmcounter5,normal,seed8,103,3259.848484848485
hpmcounter5,normal,seed8,104,3262.0363636363636
hpmcounter5,normal,seed8,105,3262.448484848485
hpmcounter5,normal,seed8,106,3265.030303030303
hpmcounter5,normal,seed8,107,3268.660606060606
hpmcounter5,normal,seed8,108,3268.5333333333333
hpmcounter5,normal,seed8,109,3267.581818181818
hpmcounter5,normal,seed8,110,3265.133333333333
hpmcounter5,normal,seed8,111,3260.369696969697
hpmcounter5,normal,seed8,112,3255.109090909091
hpmcounter5,normal,seed8,113,3254.139393939394
hpmcounter5,normal,seed8,114,3254.987878787879
hpmcounter5,normal,seed8,115,3255.757575757576
hpmcounter5,normal,seed8,116,3256.3151515151517
hpmcounter5,normal,seed8,117,3257.4242424242425
hpmcounter5,normal,seed8,118,3260.787878787879
hpmcounter5,normal,seed8,119,3263.0363636363636
hpmcounter5,normal,seed8,120,3264.509090909091
hpmcounter5,normal,seed8,121,3264.733333333333
hpmcounter5,normal,seed8,122,3265.3151515151517
hpmcounter5,normal,seed8,123,3265.4060606060607
hpmcounter5,normal,seed8,124,3266.6363636363635
hpmcounter5,normal,seed8,125,3265.939393939394
hpmcounter5,normal,seed8,126,3261.224242424242
hpmcounter5,normal,seed8,127,3257.909090909091
hpmcounter5,normal,seed8,128,3256.5939393939393
hpmcounter5,normal,seed8,129,3252.521212121212
hpmcounter5,normal,seed8,130,3249.848484848485
hpmcounter5,normal,seed8,131,3249.224242424242
hpmcounter5,normal,seed8,132,3251.10303030303
hpmcounter5,normal,seed8,133,3254.109090909091
hpmcounter5,normal,seed8,134,3258.357575757576
hpmcounter5,normal,seed8,135,3259.521212121212
hpmcounter5,normal,seed8,136,3259.212121212121
hpmcounter5,normal,seed8,137,3262.806060606061
hpmcounter5,normal,seed8,138,3280.733333333333
hpmcounter5,normal,seed8,139,3306.339393939394
hpmcounter5,normal,seed8,140,3338.6969696969695
hpmcounter5,normal,seed8,141,3376.70303030303
hpmcounter5,normal,seed8,142,3419.8242424242426
hpmcounter5,normal,seed8,143,3464.072727272727
hpmcounter5,normal,seed8,144,3505.6060606060605
hpmcounter5,normal,seed8,145,3536.1272727272726
hpmcounter5,normal,seed8,146,3537.630303030303
hpmcounter5,normal,seed8,147,3513.9333333333334
hpmcounter5,normal,seed8,148,3481.6848484848483
hpmcounter5,normal,seed8,149,3441.9757575757576
hpmcounter5,normal,seed8,150,3398.4666666666667
hpmcounter5,normal,seed8,151,3352.2
hpmcounter5,normal,seed8,152,3312.630303030303
hpmcounter5,normal,seed8,153,3281.0363636363636
hpmcounter5,normal,seed8,154,3263.8727272727274
hpmcounter5,normal,seed8,155,3262.6242424242423
hpmcounter5,normal,seed8,156,3261.7818181818184
hpmcounter5,normal,seed8,157,3260.3515151515153
hpmcounter5,normal,seed8,158,3260.6181818181817
hpmcounter5,normal,seed8,159,3263.733333333333
hpmcounter5,normal,seed8,160,3265.89696969697
hpmcounter5,normal,seed8,161,3265.551515151515
hpmcounter5,normal,seed8,162,3264.309090909091
hpmcounter5,normal,seed8,163,3260.3212121212123
hpmcounter5,normal,seed8,164,3256.5151515151515
hpmcounter5,normal,seed8,165,3252.2363636363634
hpmcounter5,normal,seed8,166,3248.4727272727273
hpmcounter5,normal,seed8,167,3246.6666666666665
hpmcounter5,normal,seed8,168,3247.3030303030305
hpmcounter5,normal,seed8,169,3252.212121212121
hpmcounter5,normal,seed8,170,3256.490909090909
hpmcounter5,normal,seed8,171,3260.6
hpmcounter5,normal,seed8,172,3263.309090909091
hpmcounter5,normal,seed8,173,3265.5636363636363
hpmcounter5,normal,seed8,174,3265.169696969697
hpmcounter5,normal,seed8,175,3262.0969696969696
hpmcounter5,normal,seed8,176,3257.4424242424243
hpmcounter5,normal,seed8,177,3253.987878787879
hpmcounter5,normal,seed8,178,3255.121212121212
hpmcounter5,normal,seed8,179,3256.8242424242426
hpmcounter5,normal,seed8,180,3257.5272727272727
hpmcounter5,normal,seed8,181,3260.5333333333333
hpmcounter5,normal,seed8,182,3261.9757575757576
hpmcounter5,normal,seed8,183,3263.8424242424244
hpmcounter5,normal,seed8,184,3263.042424242424
hpmcounter5,normal,seed8,185,3260.042424242424
hpmcounter5,normal,seed8,186,3257.6787878787877
hpmcounter5,normal,seed8,187,3255.072727272727
hpmcounter5,normal,seed8,188,3256.9939393939394
hpmcounter5,normal,seed8,189,3256.939393939394
hpmcounter5,normal,seed8,190,3258.242424242424
hpmcounter5,normal,seed8,191,3259.8424242424244
hpmcounter5,normal,seed8,192,3261.818181818182
hpmcounter5,normal,seed8,193,3264.987878787879
hpmcounter5,normal,seed8,194,3267.133333333333
hpmcounter5,normal,seed8,195,3268.6484848484847
hpmcounter5,normal,seed8,196,3269.212121212121
hpmcounter5,normal,seed8,197,3271.0363636363636
hpmcounter5,normal,seed8,198,3273.078787878788
hpmcounter5,normal,seed8,199,3273.3151515151517
hpmcounter5,normal,seed8,200,3275.9757575757576
hpmcounter5,normal,seed8,201,3272.4666666666667
hpmcounter5,normal,seed8,202,3267.987878787879
hpmcounter5,normal,seed8,203,3262.2484848484846
hpmcounter5,normal,seed8,204,3257.2545454545457
hpmcounter5,normal,seed8,205,3254.957575757576
hpmcounter5,normal,seed8,206,3251.29696969697
hpmcounter5,normal,seed8,207,3251.909090909091
hpmcounter5,normal,seed8,208,3251.830303030303
hpmcounter5,normal,seed8,209,3253.2060606060604
hpmcounter5,normal,seed8,210,3256.090909090909
hpmcounter5,normal,seed8,211,3257.3030303030305
hpmcounter5,normal,seed8,212,3258.169696969697
hpmcounter5,normal,seed8,213,3254.6
hpmcounter5,normal,seed8,214,3251.139393939394
hpmcounter5,normal,seed8,215,3247.048484848485
hpmcounter5,normal,seed8,216,3243.309090909091
hpmcounter5,normal,seed8,217,3244.151515151515
hpmcounter5,normal,seed8,218,3246.818181818182
hpmcounter5,normal,seed8,219,3249.4969696969697
hpmcounter5,normal,seed8,220,3251.672727272727
hpmcounter5,normal,seed8,221,3253.6545454545453
hpmcounter5,normal,seed8,222,3256.878787878788
hpmcounter5,normal,seed8,223,3257.939393939394
hpmcounter5,normal,seed8,224,3259.357575757576
hpmcounter5,normal,seed8,225,3256.6363636363635
hpmcounter5,normal,seed8,226,3252.3818181818183
hpmcounter5,normal,seed8,227,3250.460606060606
hpmcounter5,normal,seed8,228,3250.6848484848483
hpmcounter5,normal,seed8,229,3248.8424242424244
hpmcounter5,normal,seed8,230,3250.3939393939395
hpmcounter5,normal,seed8,231,3253.151515151515
hpmcounter5,normal,seed8,232,3256.1272727272726
hpmcounter5,normal,seed8,233,3259.109090909091
hpmcounter5,normal,seed8,234,3260.806060606061
hpmcounter5,normal,seed8,235,3262.660606060606
hpmcounter5,normal,seed8,236,3265.309090909091
hpmcounter5,normal,seed8,237,3265.769696969697
hpmcounter5,normal,seed8,238,3263.2181818181816
hpmcounter5,normal,seed8,239,3259.230303030303
hpmcounter5,normal,seed8,240,3257.3818181818183
hpmcounter5,normal,seed8,241,3258.7636363636366
hpmcounter5,normal,seed8,242,3260.181818181818
hpmcounter5,normal,seed8,243,3260.6969696969695
hpmcounter5,normal,seed8,244,3258.957575757576
hpmcounter5,normal,seed8,245,3257.3454545454547
hpmcounter5,normal,seed8,246,3259.757575757576
hpmcounter5,normal,seed8,247,3260.921212121212
hpmcounter5,normal,seed8,248,3260.806060606061
hpmcounter5,normal,seed8,249,3259.478787878788
hpmcounter5,normal,seed8,250,3257.5757575757575
hpmcounter5,normal,seed8,251,3257.6969696969695
hpmcounter5,normal,seed8,252,3255.848484848485
hpmcounter5,normal,seed8,253,3253.909090909091
hpmcounter5,normal,seed8,254,3254.0969696969696
hpmcounter5,normal,seed8,255,3253.848484848485
hpmcounter5,normal,seed8,256,3255.212121212121
hpmcounter5,normal,seed8,257,3258.957575757576
hpmcounter5,normal,seed8,258,3265.2848484848487
hpmcounter5,normal,seed8,259,3272.3636363636365
hpmcounter5,normal,seed8,260,3274.224242424242
hpmcounter5,normal,seed8,261,3275.551515151515
hpmcounter5,normal,seed8,262,3271.4545454545455
hpmcounter5,normal,seed8,263,3266.836363636364
hpmcounter5,normal,seed8,264,3263.878787878788
hpmcounter5,normal,seed8,265,3262.660606060606
hpmcounter5,normal,seed8,266,3261.6969696969695
hpmcounter5,normal,seed8,267,3261.29696969697
hpmcounter5,normal,seed8,268,3263.612121212121
hpmcounter5,normal,seed8,269,3268.230303030303
hpmcounter5,normal,seed8,270,3268.078787878788
hpmcounter5,normal,seed8,271,3266.6545454545453
hpmcounter5,normal,seed8,272,3260.7393939393937
hpmcounter5,normal,seed8,273,3254.10303030303
hpmcounter5,normal,seed8,274,3248.3939393939395
hpmcounter5,normal,seed8,275,3248.3333333333335
hpmcounter5,normal,seed8,276,3248.0242424242424
hpmcounter5,normal,seed8,277,3247.151515151515
hpmcounter5,normal,seed8,278,3251.8
hpmcounter5,normal,seed8,279,3254.0969696969696
hpmcounter5,normal,seed8,280,3256.2484848484846
hpmcounter5,normal,seed8,281,3258.1878787878786
hpmcounter5,normal,seed8,282,3258.5272727272727
hpmcounter5,normal,seed8,283,3259.1272727272726
hpmcounter5,normal,seed8,284,3258.278787878788
hpmcounter5,normal,seed8,285,3258.5878787878787
hpmcounter5,normal,seed8,286,3258.7454545454543
hpmcounter5,normal,seed8,287,3258.818181818182
hpmcounter5,normal,seed8,288,3262.0
hpmcounter5,normal,seed8,289,3261.860606060606
hpmcounter5,normal,seed8,290,3261.927272727273
hpmcounter5,normal,seed8,291,3261.230303030303
hpmcounter5,normal,seed8,292,3259.2606060606063
hpmcounter5,normal,seed8,293,3259.1757575757574
hpmcounter5,normal,seed8,294,3257.2181818181816
hpmcounter5,normal,seed8,295,3254.5454545454545
hpmcounter5,normal,seed8,296,3252.7393939393937
hpmcounter5,normal,seed8,297,3252.909090909091
hpmcounter5,normal,seed8,298,3256.3636363636365
hpmcounter5,normal,seed9,9,3255.70303030303
hpmcounter5,normal,seed9,10,3252.327272727273
hpmcounter5,normal,seed9,11,3248.2
hpmcounter5,normal,seed9,12,3248.569696969697
hpmcounter5,normal,seed9,13,3248.048484848485
hpmcounter5,normal,seed9,14,3247.7454545454543
hpmcounter5,normal,seed9,15,3247.478787878788
hpmcounter5,normal,seed9,16,3246.090909090909
hpmcounter5,normal,seed9,17,3249.6969696969695
hpmcounter5,normal,seed9,18,3255.7515151515154
hpmcounter5,normal,seed9,19,3263.860606060606
hpmcounter5,normal,seed9,20,3269.2484848484846
hpmcounter5,normal,seed9,21,3272.4242424242425
hpmcounter5,normal,seed9,22,3274.70303030303
hpmcounter5,normal,seed9,23,3275.357575757576
hpmcounter5,normal,seed9,24,3273.8
hpmcounter5,normal,seed9,25,3267.6484848484847
hpmcounter5,normal,seed9,26,3258.6060606060605
hpmcounter5,normal,seed9,27,3250.6787878787877
hpmcounter5,normal,seed9,28,3244.0666666666666
hpmcounter5,normal,seed9,29,3243.121212121212
hpmcounter5,normal,seed9,30,3245.9939393939394
hpmcounter5,normal,seed9,31,3249.5272727272727
hpmcounter5,normal,seed9,32,3251.612121212121
hpmcounter5,normal,seed9,33,3254.3818181818183
hpmcounter5,normal,seed9,34,3256.9151515151516
hpmcounter5,normal,seed9,35,3257.478787878788
hpmcounter5,normal,seed9,36,3256.327272727273
hpmcounter5,normal,seed9,37,3254.690909090909
hpmcounter5,normal,seed9,38,3251.757575757576
hpmcounter5,normal,seed9,39,3249.0
hpmcounter5,normal,seed9,40,3249.6181818181817
hpmcounter5,normal,seed9,41,3253.7818181818184
hpmcounter5,normal,seed9,42,3255.0060606060606
hpmcounter5,normal,seed9,43,3257.5272727272727
hpmcounter5,normal,seed9,44,3258.769696969697
hpmcounter5,normal,seed9,45,3258.581818181818
hpmcounter5,normal,seed9,46,3258.387878787879
hpmcounter5,normal,seed9,47,3259.030303030303
hpmcounter5,normal,seed9,48,3261.3818181818183
hpmcounter5,normal,seed9,49,3260.878787878788
hpmcounter5,normal,seed9,50,3261.6787878787877
hpmcounter5,normal,seed9,51,3265.2606060606063
hpmcounter5,normal,seed9,52,3265.569696969697
hpmcounter5,normal,seed9,53,3266.5575757575757
hpmcounter5,normal,seed9,54,3266.5878787878787
hpmcounter5,normal,seed9,55,3263.830303030303
hpmcounter5,normal,seed9,56,3260.2484848484846
hpmcounter5,normal,seed9,57,3257.89696969697
hpmcounter5,normal,seed9,58,3257.5454545454545
hpmcounter5,normal,seed9,59,3256.3818181818183
hpmcounter5,normal,seed9,60,3256.8424242424244
hpmcounter5,normal,seed9,61,3257.4121212121213
hpmcounter5,normal,seed9,62,3256.109090909091
hpmcounter5,normal,seed9,63,3253.909090909091
hpmcounter5,normal,seed9,64,3256.309090909091
hpmcounter5,normal,seed9,65,3259.012121212121
hpmcounter5,normal,seed9,66,3258.672727272727
hpmcounter5,normal,seed9,67,3259.951515151515
hpmcounter5,normal,seed9,68,3264.478787878788
hpmcounter5,normal,seed9,69,3270.29696969697
hpmcounter5,normal,seed9,70,3274.6242424242423
hpmcounter5,normal,seed9,71,3274.836363636364
hpmcounter5,normal,seed9,72,3273.9939393939394
hpmcounter5,normal,seed9,73,3270.2848484848487
hpmcounter5,normal,seed9,74,3269.6545454545453
hpmcounter5,normal,seed9,75,3267.581818181818
hpmcounter5,normal,seed9,76,3278.4666666666667
hpmcounter5,normal,seed9,77,3300.9030303030304
hpmcounter5,normal,seed9,78,3334.266666666667
hpmcounter5,normal,seed9,79,3377.8727272727274
hpmcounter5,normal,seed9,80,3408.7151515151513
hpmcounter5,normal,seed9,81,3424.7818181818184
hpmcounter5,normal,seed9,82,3430.818181818182
hpmcounter5,normal,seed9,83,3420.1757575757574
hpmcounter5,normal,seed9,84,3394.5939393939393
hpmcounter5,normal,seed9,85,3351.5030303030303
hpmcounter5,normal,seed9,86,3310.4424242424243
hpmcounter5,normal,seed9,87,3276.787878787879
hpmcounter5,normal,seed9,88,3253.181818181818
hpmcounter5,normal,seed9,89,3248.9454545454546
hpmcounter5,normal,seed9,90,3245.6969696969695
hpmcounter5,normal,seed9,91,3242.987878787879
hpmcounter5,normal,seed9,92,3245.987878787879
hpmcounter5,normal,seed9,93,3249.6848484848483
hpmcounter5,normal,seed9,94,3254.4969696969697
hpmcounter5,normal,seed9,95,3259.0666666666666
hpmcounter5,normal,seed9,96,3260.4727272727273
hpmcounter5,normal,seed9,97,3262.9151515151516
hpmcounter5,normal,seed9,98,3264.860606060606
hpmcounter5,normal,seed9,99,3266.5030303030303
hpmcounter5,normal,seed9,100,3267.7090909090907
hpmcounter5,normal,seed9,101,3268.7515151515154
hpmcounter5,normal,seed9,102,3271.224242424242
hpmcounter5,normal,seed9,103,3272.0363636363636
hpmcounter5,normal,seed9,104,3272.357575757576
hpmcounter5,normal,seed9,105,3271.6484848484847
hpmcounter5,normal,seed9,106,3267.4121212121213
hpmcounter5,normal,seed9,107,3265.048484848485
hpmcounter5,normal,seed9,108,3262.4545454545455
hpmcounter5,normal,seed9,109,3259.266666666667
hpmcounter5,normal,seed9,110,3256.4848484848485
hpmcounter5,normal,seed9,111,3256.0
hpmcounter5,normal,seed9,112,3258.769696969697
hpmcounter5,normal,seed9,113,3261.9333333333334
hpmcounter5,normal,seed9,114,3265.2606060606063
hpmcounter5,normal,seed9,115,3267.5333333333333
hpmcounter5,normal,seed9,116,3268.048484848485
hpmcounter5,normal,seed9,117,3266.9454545454546
hpmcounter5,normal,seed9,118,3263.9151515151516
hpmcounter5,normal,seed9,119,3259.048484848485
hpmcounter5,normal,seed9,120,3257.1454545454544
hpmcounter5,normal,seed9,121,3253.70303030303
hpmcounter5,normal,seed9,122,3250.5939393939393
hpmcounter5,normal,seed9,123,3249.5939393939393
hpmcounter5,normal,seed9,124,3250.4545454545455
hpmcounter5,normal,seed9,125,3251.1575757575756
hpmcounter5,normal,seed9,126,3255.9030303030304
hpmcounter5,normal,seed9,127,3260.133333333333
hpmcounter5,normal,seed9,128,3266.042424242424
hpmcounter5,normal,seed9,129,3266.1272727272726
hpmcounter5,normal,seed9,130,3269.5878787878787
hpmcounter5,normal,seed9,131,3270.630303030303
hpmcounter5,normal,seed9,132,3266.8545454545456
hpmcounter5,normal,seed9,133,3263.70303030303
hpmcounter5,normal,seed9,134,3260.878787878788
hpmcounter5,normal,seed9,135,3255.721212121212
hpmcounter5,normal,seed9,136,3253.4666666666667
hpmcounter5,normal,seed9,137,3250.3636363636365
hpmcounter5,normal,seed9,138,3250.5575757575757
hpmcounter5,normal,seed9,139,3249.3454545454547
hpmcounter5,normal,seed9,140,3250.369696969697
hpmcounter5,normal,seed9,141,3252.8242424242426
hpmcounter5,normal,seed9,142,3254.787878787879
hpmcounter5,normal,seed9,143,3258.2848484848487
hpmcounter5,normal,seed9,144,3259.224242424242
hpmcounter5,normal,seed9,145,3258.951515151515
hpmcounter5,normal,seed9,146,3260.909090909091
hpmcounter5,normal,seed9,147,3262.5757575757575
hpmcounter5,normal,seed9,148,3260.866666666667
hpmcounter5,normal,seed9,149,3261.163636363636
hpmcounter5,normal,seed9,150,3262.6242424242423
hpmcounter5,normal,seed9,151,3263.0848484848484
hpmcounter5,normal,seed9,152,3261.133333333333
hpmcounter5,normal,seed9,153,3262.551515151515
hpmcounter5,normal,seed9,154,3259.551515151515
hpmcounter5,normal,seed9,155,3255.9939393939394
hpmcounter5,normal,seed9,156,3270.521212121212
hpmcounter5,normal,seed9,157,3300.6969696969695
hpmcounter5,normal,seed9,158,3336.139393939394
hpmcounter5,normal,seed9,159,3377.787878787879
hpmcounter5,normal,seed9,160,3421.830303030303
hpmcounter5,normal,seed9,161,3464.357575757576
hpmcounter5,normal,seed9,162,3483.090909090909
hpmcounter5,normal,seed9,163,3482.090909090909
hpmcounter5,normal,seed9,164,3459.278787878788
hpmcounter5,normal,seed9,165,3415.7454545454543
hpmcounter5,normal,seed9,166,3371.193939393939
hpmcounter5,normal,seed9,167,3331.060606060606
hpmcounter5,normal,seed9,168,3293.448484848485
hpmcounter5,normal,seed9,169,3266.266666666667
hpmcounter5,normal,seed9,170,3250.224242424242
hpmcounter5,normal,seed9,171,3251.3757575757577
hpmcounter5,normal,seed9,172,3253.8545454545456
hpmcounter5,normal,seed9,173,3254.490909090909
hpmcounter5,normal,seed9,174,3254.3212121212123
hpmcounter5,normal,seed9,175,3254.29696969697
hpmcounter5,normal,seed9,176,3253.29696969697
hpmcounter5,normal,seed9,177,3252.830303030303
hpmcounter5,normal,seed9,178,3248.3333333333335
hpmcounter5,normal,seed9,179,3244.9333333333334
hpmcounter5,normal,seed9,180,3241.769696969697
hpmcounter5,normal,seed9,181,3241.769696969697
hpmcounter5,normal,seed9,182,3245.672727272727
hpmcounter5,normal,seed9,183,3250.4121212121213
hpmcounter5,normal,seed9,184,3255.6484848484847
hpmcounter5,normal,seed9,185,3259.490909090909
hpmcounter5,normal,seed9,186,3262.012121212121
hpmcounter5,normal,seed9,187,3261.836363636364
hpmcounter5,normal,seed9,188,3259.539393939394
hpmcounter5,normal,seed9,189,3256.5151515151515
hpmcounter5,normal,seed9,190,3254.8121212121214
hpmcounter5,normal,seed9,191,3270.121212121212
hpmcounter5,normal,seed9,192,3299.29696969697
hpmcounter5,normal,seed9,193,3338.672727272727
hpmcounter5,normal,seed9,194,3387.8545454545456
hpmcounter5,normal,seed9,195,3420.9454545454546
hpmcounter5,normal,seed9,196,3436.612121212121
hpmcounter5,normal,seed9,197,3435.121212121212
hpmcounter5,normal,seed9,198,3416.3757575757577
hpmcounter5,normal,seed9,199,3385.230303030303
hpmcounter5,normal,seed9,200,3340.018181818182
hpmcounter5,normal,seed9,201,3299.4969696969697
hpmcounter5,normal,seed9,202,3268.0363636363636
hpmcounter5,normal,seed9,203,3249.6484848484847
hpmcounter5,normal,seed9,204,3250.987878787879
hpmcounter5,normal,seed9,205,3251.7090909090907
hpmcounter5,normal,seed9,206,3252.2848484848487
hpmcounter5,normal,seed9,207,3251.078787878788
hpmcounter5,normal,seed9,208,3250.109090909091
hpmcounter5,normal,seed9,209,3253.733333333333
hpmcounter5,normal,seed9,210,3256.89696969697
hpmcounter5,normal,seed9,211,3257.327272727273
hpmcounter5,normal,seed9,212,3256.5454545454545
hpmcounter5,normal,seed9,213,3255.733333333333
hpmcounter5,normal,seed9,214,3255.0363636363636
hpmcounter5,normal,seed9,215,3255.042424242424
hpmcounter5,normal,seed9,216,3255.478787878788
hpmcounter5,normal,seed9,217,3254.7939393939396
hpmcounter5,normal,seed9,218,3253.89696969697
hpmcounter5,normal,seed9,219,3254.581818181818
hpmcounter5,normal,seed9,220,3255.5030303030303
hpmcounter5,normal,seed9,221,3255.830303030303
hpmcounter5,normal,seed9,222,3254.539393939394
hpmcounter5,normal,seed9,223,3255.5636363636363
hpmcounter5,normal,seed9,224,3254.9939393939394
hpmcounter5,normal,seed9,225,3257.339393939394
hpmcounter5,normal,seed9,226,3257.757575757576
hpmcounter5,normal,seed9,227,3260.6
hpmcounter5,normal,seed9,228,3262.278787878788
hpmcounter5,normal,seed9,229,3264.830303030303
hpmcounter5,normal,seed9,230,3265.133333333333
hpmcounter5,normal,seed9,231,3265.418181818182
hpmcounter5,normal,seed9,232,3264.7636363636366
hpmcounter5,normal,seed9,233,3266.2606060606063
hpmcounter5,normal,seed9,234,3264.630303030303
hpmcounter5,normal,seed9,235,3261.921212121212
hpmcounter5,normal,seed9,236,3261.0969696969696
hpmcounter5,normal,seed9,237,3263.630303030303
hpmcounter5,normal,seed9,238,3265.0666666666666
hpmcounter5,normal,seed9,239,3267.418181818182
hpmcounter5,normal,seed9,240,3267.757575757576
hpmcounter5,normal,seed9,241,3269.030303030303
hpmcounter5,normal,seed9,242,3268.672727272727
hpmcounter5,normal,seed9,243,3267.9151515151516
hpmcounter5,normal,seed9,244,3263.6484848484847
hpmcounter5,normal,seed9,245,3257.7939393939396
hpmcounter5,normal,seed9,246,3255.5878787878787
hpmcounter5,normal,seed9,247,3254.3030303030305
hpmcounter5,normal,seed9,248,3251.5272727272727
hpmcounter5,normal,seed9,249,3248.921212121212
hpmcounter5,normal,seed9,250,3246.8
hpmcounter5,normal,seed9,251,3247.690909090909
hpmcounter5,normal,seed9,252,3248.224242424242
hpmcounter5,normal,seed9,253,3250.309090909091
hpmcounter5,normal,seed9,254,3252.4727272727273
hpmcounter5,normal,seed9,255,3256.909090909091
hpmcounter5,normal,seed9,256,3264.4727272727273
hpmcounter5,normal,seed9,257,3269.7636363636366
hpmcounter5,normal,seed9,258,3270.7151515151513
hpmcounter5,normal,seed9,259,3269.987878787879
hpmcounter5,normal,seed9,260,3267.4121212121213
hpmcounter5,normal,seed9,261,3266.3636363636365
hpmcounter5,normal,seed9,262,3263.2606060606063
hpmcounter5,normal,seed9,263,3260.660606060606
hpmcounter5,normal,seed9,264,3256.721212121212
hpmcounter5,normal,seed9,265,3255.8
hpmcounter5,normal,seed9,266,3254.890909090909
hpmcounter5,normal,seed9,267,3253.369696969697
hpmcounter5,normal,seed9,268,3249.418181818182
hpmcounter5,normal,seed9,269,3247.7818181818184
hpmcounter5,normal,seed9,270,3246.163636363636
hpmcounter5,normal,seed9,271,3246.2727272727275
hpmcounter5,normal,seed9,272,3245.460606060606
hpmcounter5,normal,seed9,273,3244.448484848485
hpmcounter5,normal,seed9,274,3244.048484848485
hpmcounter5,normal,seed9,275,3249.4666666666667
hpmcounter5,normal,seed9,276,3252.1272727272726
hpmcounter5,normal,seed9,277,3253.030303030303
hpmcounter5,normal,seed9,278,3253.890909090909
hpmcounter5,normal,seed9,279,3255.3030303030305
hpmcounter5,normal,seed9,280,3255.278787878788
hpmcounter5,normal,seed9,281,3257.163636363636
hpmcounter5,normal,seed9,282,3260.4363636363637
hpmcounter5,normal,seed9,283,3261.6484848484847
hpmcounter5,normal,seed9,284,3263.5636363636363
hpmcounter5,normal,seed9,285,3267.448484848485
hpmcounter5,normal,seed9,286,3267.642424242424
hpmcounter5,normal,seed9,287,3266.2545454545457
hpmcounter5,normal,seed9,288,3264.9939393939394
hpmcounter5,normal,seed9,289,3261.9939393939394
hpmcounter5,normal,seed9,290,3255.9333333333334
hpmcounter5,normal,seed9,291,3252.806060606061
hpmcounter5,normal,seed9,292,3252.3757575757577
hpmcounter5,normal,seed9,293,3254.0060606060606
hpmcounter5,normal,seed9,294,3257.9939393939394
hpmcounter5,normal,seed9,295,3260.581818181818
hpmcounter5,normal,seed9,296,3261.6363636363635
hpmcounter5,normal,seed9,297,3261.787878787879
hpmcounter5,normal,seed9,298,3262.4
hpmcounter6,drift,seed1,9,6.557575757575758
hpmcounter6,drift,seed1,10,6.303030303030303
hpmcounter6,drift,seed1,11,6.218181818181818
hpmcounter6,drift,seed1,12,6.303030303030303
hpmcounter6,drift,seed1,13,6.557575757575758
hpmcounter6,drift,seed1,14,6.739393939393939
hpmcounter6,drift,seed1,15,6.848484848484849
hpmcounter6,drift,seed1,16,6.884848484848485
hpmcounter6,drift,seed1,17,6.848484848484849
hpmcounter6,drift,seed1,18,6.739393939393939
hpmcounter6,drift,seed1,19,6.557575757575758
hpmcounter6,drift,seed1,20,6.303030303030303
hpmcounter6,drift,seed1,21,6.218181818181818
hpmcounter6,drift,seed1,22,6.303030303030303
hpmcounter6,drift,seed1,23,6.557575757575758
hpmcounter6,drift,seed1,24,6.739393939393939
hpmcounter6,drift,seed1,25,6.848484848484849
hpmcounter6,drift,seed1,26,6.884848484848485
hpmcounter6,drift,seed1,27,6.848484848484849
hpmcounter6,drift,seed1,28,6.739393939393939
hpmcounter6,drift,seed1,29,6.557575757575758
hpmcounter6,drift,seed1,30,6.303030303030303
hpmcounter6,drift,seed1,31,6.218181818181818
hpmcounter6,drift,seed1,32,6.303030303030303
hpmcounter6,drift,seed1,33,6.557575757575758
hpmcounter6,drift,seed1,34,6.739393939393939
hpmcounter6,drift,seed1,35,6.848484848484849
hpmcounter6,drift,seed1,36,6.884848484848485
hpmcounter6,drift,seed1,37,6.848484848484849
hpmcounter6,drift,seed1,38,6.739393939393939
hpmcounter6,drift,seed1,39,6.557575757575758
hpmcounter6,drift,seed1,40,6.303030303030303
hpmcounter6,drift,seed1,41,6.218181818181818
hpmcounter6,drift,seed1,42,6.303030303030303
hpmcounter6,drift,seed1,43,6.557575757575758
hpmcounter6,drift,seed1,44,6.739393939393939
hpmcounter6,drift,seed1,45,6.848484848484849
hpmcounter6,drift,seed1,46,6.884848484848485
hpmcounter6,drift,seed1,47,6.848484848484849
hpmcounter6,drift,seed1,48,6.739393939393939
hpmcounter6,drift,seed1,49,6.557575757575758
hpmcounter6,drift,seed1,50,6.303030303030303
hpmcounter6,drift,seed1,51,6.218181818181818
hpmcounter6,drift,seed1,52,6.303030303030303
hpmcounter6,drift,seed1,53,6.557575757575758
hpmcounter6,drift,seed1,54,6.739393939393939
hpmcounter6,drift,seed1,55,6.848484848484849
hpmcounter6,drift,seed1,56,6.884848484848485
hpmcounter6,drift,seed1,57,6.848484848484849
hpmcounter6,drift,seed1,58,6.739393939393939
hpmcounter6,drift,seed1,59,6.557575757575758
hpmcounter6,drift,seed1,60,6.303030303030303
hpmcounter6,drift,seed1,61,6.218181818181818
hpmcounter6,drift,seed1,62,6.303030303030303
hpmcounter6,drift,seed1,63,6.557575757575758
hpmcounter6,drift,seed1,64,6.739393939393939
hpmcounter6,drift,seed1,65,6.848484848484849
hpmcounter6,drift,seed1,66,6.884848484848485
hpmcounter6,drift,seed1,67,6.848484848484849
hpmcounter6,drift,seed1,68,6.739393939393939
hpmcounter6,drift,seed1,69,6.557575757575758
hpmcounter6,drift,seed1,70,6.303030303030303
hpmcounter6,drift,seed1,71,6.218181818181818
hpmcounter6,drift,seed1,72,6.303030303030303
hpmcounter6,drift,seed1,73,6.557575757575758
hpmcounter6,drift,seed1,74,6.739393939393939
hpmcounter6,drift,seed1,75,6.848484848484849
hpmcounter6,drift,seed1,76,6.884848484848485
hpmcounter6,drift,seed1,77,6.848484848484849
hpmcounter6,drift,seed1,78,6.739393939393939
hpmcounter6,drift,seed1,79,6.557575757575758
hpmcounter6,drift,seed1,80,6.303030303030303
hpmcounter6,drift,seed1,81,6.218181818181818
hpmcounter6,drift,seed1,82,6.303030303030303
hpmcounter6,drift,seed1,83,6.557575757575758
hpmcounter6,drift,seed1,84,6.739393939393939
hpmcounter6,drift,seed1,85,6.848484848484849
hpmcounter6,drift,seed1,86,6.884848484848485
hpmcounter6,drift,seed1,87,6.848484848484849
hpmcounter6,drift,seed1,88,6.739393939393939
hpmcounter6,drift,seed1,89,6.557575757575758
hpmcounter6,drift,seed1,90,6.303030303030303
hpmcounter6,drift,seed1,91,6.218181818181818
hpmcounter6,drift,seed1,92,6.303030303030303
hpmcounter6,drift,seed1,93,6.557575757575758
hpmcounter6,drift,seed1,94,6.739393939393939
hpmcounter6,drift,seed1,95,6.848484848484849
hpmcounter6,drift,seed1,96,6.884848484848485
hpmcounter6,drift,seed1,97,6.848484848484849
hpmcounter6,drift,seed1,98,6.739393939393939
hpmcounter6,drift,seed1,99,6.557575757575758
hpmcounter6,drift,seed1,100,6.303030303030303
hpmcounter6,drift,seed1,101,6.218181818181818
hpmcounter6,drift,seed1,102,6.303030303030303
hpmcounter6,drift,seed1,103,6.557575757575758
hpmcounter6,drift,seed1,104,6.739393939393939
hpmcounter6,drift,seed1,105,6.848484848484849
hpmcounter6,drift,seed1,106,6.884848484848485
hpmcounter6,drift,seed1,107,6.848484848484849
hpmcounter6,drift,seed1,108,6.739393939393939
hpmcounter6,drift,seed1,109,6.557575757575758
hpmcounter6,drift,seed1,110,6.303030303030303
hpmcounter6,drift,seed1,111,6.218181818181818
hpmcounter6,drift,seed1,112,6.303030303030303
hpmcounter6,drift,seed1,113,6.557575757575758
hpmcounter6,drift,seed1,114,6.739393939393939
hpmcounter6,drift,seed1,115,6.848484848484849
hpmcounter6,drift,seed1,116,6.884848484848485
hpmcounter6,drift,seed1,117,6.848484848484849
hpmcounter6,drift,seed1,118,6.739393939393939
hpmcounter6,drift,seed1,119,6.557575757575758
hpmcounter6,drift,seed1,120,6.303030303030303
hpmcounter6,drift,seed1,121,6.218181818181818
hpmcounter6,drift,seed1,122,6.303030303030303
hpmcounter6,drift,seed1,123,6.557575757575758
hpmcounter6,drift,seed1,124,6.739393939393939
hpmcounter6,drift,seed1,125,6.848484848484849
hpmcounter6,drift,seed1,126,6.884848484848485
hpmcounter6,drift,seed1,127,6.848484848484849
hpmcounter6,drift,seed1,128,6.739393939393939
hpmcounter6,drift,seed1,129,6.557575757575758
hpmcounter6,drift,seed1,130,6.303030303030303
hpmcounter6,drift,seed1,131,6.218181818181818
hpmcounter6,drift,seed1,132,6.303030303030303
hpmcounter6,drift,seed1,133,6.557575757575758
hpmcounter6,drift,seed1,134,6.739393939393939
hpmcounter6,drift,seed1,135,6.848484848484849
hpmcounter6,drift,seed1,136,6.884848484848485
hpmcounter6,drift,seed1,137,6.848484848484849
hpmcounter6,drift,seed1,138,6.739393939393939
hpmcounter6,drift,seed1,139,6.557575757575758
hpmcounter6,drift,seed1,140,6.303030303030303
hpmcounter6,drift,seed1,141,6.218181818181818
hpmcounter6,drift,seed1,142,6.303030303030303
hpmcounter6,drift,seed1,143,6.557575757575758
hpmcounter6,drift,seed1,144,6.739393939393939
hpmcounter6,drift,seed1,145,6.848484848484849
hpmcounter6,drift,seed1,146,6.884848484848485
hpmcounter6,drift,seed1,147,6.848484848484849
hpmcounter6,drift,seed1,148,6.739393939393939
hpmcounter6,drift,seed1,149,6.557575757575758
hpmcounter6,drift,seed1,150,6.303030303030303
hpmcounter6,drift,seed1,151,6.218181818181818
hpmcounter6,drift,seed1,152,6.303030303030303
hpmcounter6,drift,seed1,153,6.557575757575758
hpmcounter6,drift,seed1,154,6.739393939393939
hpmcounter6,drift,seed1,155,6.848484848484849
hpmcounter6,drift,seed1,156,6.884848484848485
hpmcounter6,drift,seed1,157,6.848484848484849
hpmcounter6,drift,seed1,158,6.739393939393939
hpmcounter6,drift,seed1,159,6.557575757575758
hpmcounter6,drift,seed1,160,6.303030303030303
hpmcounter6,drift,seed1,161,6.218181818181818
hpmcounter6,drift,seed1,162,6.303030303030303
hpmcounter6,drift,seed1,163,6.557575757575758
hpmcounter6,drift,seed1,164,6.739393939393939
hpmcounter6,drift,seed1,165,6.848484848484849
hpmcounter6,drift,seed1,166,6.884848484848485
hpmcounter6,drift,seed1,167,6.848484848484849
hpmcounter6,drift,seed1,168,6.739393939393939
hpmcounter6,drift,seed1,169,6.557575757575758
hpmcounter6,drift,seed1,170,6.303030303030303
hpmcounter6,drift,seed1,171,6.218181818181818
hpmcounter6,drift,seed1,172,6.303030303030303
hpmcounter6,drift,seed1,173,6.557575757575758
hpmcounter6,drift,seed1,174,6.739393939393939
hpmcounter6,drift,seed1,175,6.848484848484849
hpmcounter6,drift,seed1,176,6.884848484848485
hpmcounter6,drift,seed1,177,6.848484848484849
hpmcounter6,drift,seed1,178,6.739393939393939
hpmcounter6,drift,seed1,179,6.557575757575758
hpmcounter6,drift,seed1,180,6.303030303030303
hpmcounter6,drift,seed1,181,6.218181818181818
hpmcounter6,drift,seed1,182,6.303030303030303
hpmcounter6,drift,seed1,183,6.557575757575758
hpmcounter6,drift,seed1,184,6.739393939393939
hpmcounter6,drift,seed1,185,6.848484848484849
hpmcounter6,drift,seed1,186,6.884848484848485
hpmcounter6,drift,seed1,187,6.848484848484849
hpmcounter6,drift,seed1,188,6.739393939393939
hpmcounter6,drift,seed1,189,6.557575757575758
hpmcounter6,drift,seed1,190,6.303030303030303
hpmcounter6,drift,seed1,191,6.218181818181818
hpmcounter6,drift,seed1,192,6.303030303030303
hpmcounter6,drift,seed1,193,6.557575757575758
hpmcounter6,drift,seed1,194,6.739393939393939
hpmcounter6,drift,seed1,195,6.848484848484849
hpmcounter6,drift,seed1,196,6.884848484848485
hpmcounter6,drift,seed1,197,6.848484848484849
hpmcounter6,drift,seed1,198,6.739393939393939
hpmcounter6,drift,seed1,199,6.557575757575758
hpmcounter6,drift,seed1,200,6.303030303030303
hpmcounter6,drift,seed1,201,6.218181818181818
hpmcounter6,drift,seed1,202,6.303030303030303
hpmcounter6,drift,seed1,203,6.557575757575758
hpmcounter6,drift,seed1,204,6.739393939393939
hpmcounter6,drift,seed1,205,6.848484848484849
hpmcounter6,drift,seed1,206,6.884848484848485
hpmcounter6,drift,seed1,207,6.848484848484849
hpmcounter6,drift,seed1,208,6.739393939393939
hpmcounter6,drift,seed1,209,6.557575757575758
hpmcounter6,drift,seed1,210,6.303030303030303
hpmcounter6,drift,seed1,211,6.218181818181818
hpmcounter6,drift,seed1,212,6.303030303030303
hpmcounter6,drift,seed1,213,6.557575757575758
hpmcounter6,drift,seed1,214,6.739393939393939
hpmcounter6,drift,seed1,215,6.848484848484849
hpmcounter6,drift,seed1,216,6.884848484848485
hpmcounter6,drift,seed1,217,6.848484848484849
hpmcounter6,drift,seed1,218,6.739393939393939
hpmcounter6,drift,seed1,219,6.557575757575758
hpmcounter6,drift,seed1,220,6.303030303030303
hpmcounter6,drift,seed1,221,6.218181818181818
hpmcounter6,drift,seed1,222,6.303030303030303
hpmcounter6,drift,seed1,223,6.557575757575758
hpmcounter6,drift,seed1,224,6.739393939393939
hpmcounter6,drift,seed1,225,6.848484848484849
hpmcounter6,drift,seed1,226,6.884848484848485
hpmcounter6,drift,seed1,227,6.848484848484849
hpmcounter6,drift,seed1,228,6.739393939393939
hpmcounter6,drift,seed1,229,6.557575757575758
hpmcounter6,drift,seed1,230,6.303030303030303
hpmcounter6,drift,seed1,231,6.218181818181818
hpmcounter6,drift,seed1,232,6.303030303030303
hpmcounter6,drift,seed1,233,6.557575757575758
hpmcounter6,drift,seed1,234,6.739393939393939
hpmcounter6,drift,seed1,235,6.848484848484849
hpmcounter6,drift,seed1,236,6.884848484848485
hpmcounter6,drift,seed1,237,6.848484848484849
hpmcounter6,drift,seed1,238,6.739393939393939
hpmcounter6,drift,seed1,239,6.557575757575758
hpmcounter6,drift,seed1,240,6.303030303030303
hpmcounter6,drift,seed1,241,6.218181818181818
hpmcounter6,drift,seed1,242,6.303030303030303
hpmcounter6,drift,seed1,243,6.557575757575758
hpmcounter6,drift,seed1,244,6.739393939393939
hpmcounter6,drift,seed1,245,6.848484848484849
hpmcounter6,drift,seed1,246,6.884848484848485
hpmcounter6,drift,seed1,247,6.848484848484849
hpmcounter6,drift,seed1,248,6.739393939393939
hpmcounter6,drift,seed1,249,6.557575757575758
hpmcounter6,drift,seed1,250,6.303030303030303
hpmcounter6,drift,seed1,251,6.218181818181818
hpmcounter6,drift,seed1,252,6.303030303030303
hpmcounter6,drift,seed1,253,6.557575757575758
hpmcounter6,drift,seed1,254,6.739393939393939
hpmcounter6,drift,seed1,255,6.848484848484849
hpmcounter6,drift,seed1,256,6.884848484848485
hpmcounter6,drift,seed1,257,6.848484848484849
hpmcounter6,drift,seed1,258,6.739393939393939
hpmcounter6,drift,seed1,259,6.557575757575758
hpmcounter6,drift,seed1,260,6.303030303030303
hpmcounter6,drift,seed1,261,6.218181818181818
hpmcounter6,drift,seed1,262,6.303030303030303
hpmcounter6,drift,seed1,263,6.557575757575758
hpmcounter6,drift,seed1,264,6.739393939393939
hpmcounter6,drift,seed1,265,6.848484848484849
hpmcounter6,drift,seed1,266,6.884848484848485
hpmcounter6,drift,seed1,267,6.848484848484849
hpmcounter6,drift,seed1,268,6.739393939393939
hpmcounter6,drift,seed1,269,6.557575757575758
hpmcounter6,drift,seed1,270,6.303030303030303
hpmcounter6,drift,seed1,271,6.218181818181818
hpmcounter6,drift,seed1,272,6.303030303030303
hpmcounter6,drift,seed1,273,6.557575757575758
hpmcounter6,drift,seed1,274,6.739393939393939
hpmcounter6,drift,seed1,275,6.848484848484849
hpmcounter6,drift,seed1,276,6.884848484848485
hpmcounter6,drift,seed1,277,6.848484848484849
hpmcounter6,drift,seed1,278,6.739393939393939
hpmcounter6,drift,seed1,279,6.557575757575758
hpmcounter6,drift,seed1,280,6.303030303030303
hpmcounter6,drift,seed1,281,6.218181818181818
hpmcounter6,drift,seed1,282,6.303030303030303
hpmcounter6,drift,seed1,283,6.557575757575758
hpmcounter6,drift,seed1,284,6.739393939393939
hpmcounter6,drift,seed1,285,6.848484848484849
hpmcounter6,drift,seed1,286,6.884848484848485
hpmcounter6,drift,seed1,287,6.848484848484849
hpmcounter6,drift,seed1,288,6.739393939393939
hpmcounter6,drift,seed1,289,6.557575757575758
hpmcounter6,drift,seed1,290,6.303030303030303
hpmcounter6,drift,seed1,291,6.218181818181818
hpmcounter6,drift,seed1,292,6.303030303030303
hpmcounter6,drift,seed1,293,6.557575757575758
hpmcounter6,drift,seed1,294,6.739393939393939
hpmcounter6,drift,seed1,295,6.848484848484849
hpmcounter6,drift,seed1,296,6.884848484848485
hpmcounter6,drift,seed1,297,6.848484848484849
hpmcounter6,drift,seed1,298,6.739393939393939
hpmcounter6,drift,seed10,9,6.557575757575758
hpmcounter6,drift,seed10,10,6.303030303030303
hpmcounter6,drift,seed10,11,6.218181818181818
hpmcounter6,drift,seed10,12,6.303030303030303
hpmcounter6,drift,seed10,13,6.557575757575758
hpmcounter6,drift,seed10,14,6.739393939393939
hpmcounter6,drift,seed10,15,6.848484848484849
hpmcounter6,drift,seed10,16,6.884848484848485
hpmcounter6,drift,seed10,17,6.848484848484849
hpmcounter6,drift,seed10,18,6.739393939393939
hpmcounter6,drift,seed10,19,6.557575757575758
hpmcounter6,drift,seed10,20,6.303030303030303
hpmcounter6,drift,seed10,21,6.218181818181818
hpmcounter6,drift,seed10,22,6.303030303030303
hpmcounter6,drift,seed10,23,6.557575757575758
hpmcounter6,drift,seed10,24,6.739393939393939
hpmcounter6,drift,seed10,25,6.848484848484849
hpmcounter6,drift,seed10,26,6.884848484848485
hpmcounter6,drift,seed10,27,6.848484848484849
hpmcounter6,drift,seed10,28,6.739393939393939
hpmcounter6,drift,seed10,29,6.557575757575758
hpmcounter6,drift,seed10,30,6.303030303030303
hpmcounter6,drift,seed10,31,6.218181818181818
hpmcounter6,drift,seed10,32,6.303030303030303
hpmcounter6,drift,seed10,33,6.557575757575758
hpmcounter6,drift,seed10,34,6.739393939393939
hpmcounter6,drift,seed10,35,6.848484848484849
hpmcounter6,drift,seed10,36,6.884848484848485
hpmcounter6,drift,seed10,37,6.848484848484849
hpmcounter6,drift,seed10,38,6.739393939393939
hpmcounter6,drift,seed10,39,6.557575757575758
hpmcounter6,drift,seed10,40,6.303030303030303
hpmcounter6,drift,seed10,41,6.218181818181818
hpmcounter6,drift,seed10,42,6.303030303030303
hpmcounter6,drift,seed10,43,6.557575757575758
hpmcounter6,drift,seed10,44,6.739393939393939
hpmcounter6,drift,seed10,45,6.848484848484849
hpmcounter6,drift,seed10,46,6.884848484848485
hpmcounter6,drift,seed10,47,6.848484848484849
hpmcounter6,drift,seed10,48,6.739393939393939
hpmcounter6,drift,seed10,49,6.557575757575758
hpmcounter6,drift,seed10,50,6.303030303030303
hpmcounter6,drift,seed10,51,6.218181818181818
hpmcounter6,drift,seed10,52,6.303030303030303
hpmcounter6,drift,seed10,53,6.557575757575758
hpmcounter6,drift,seed10,54,6.739393939393939
hpmcounter6,drift,seed10,55,6.848484848484849
hpmcounter6,drift,seed10,56,6.884848484848485
hpmcounter6,drift,seed10,57,6.848484848484849
hpmcounter6,drift,seed10,58,6.739393939393939
hpmcounter6,drift,seed10,59,6.557575757575758
hpmcounter6,drift,seed10,60,6.303030303030303
hpmcounter6,drift,seed10,61,6.218181818181818
hpmcounter6,drift,seed10,62,6.303030303030303
hpmcounter6,drift,seed10,63,6.557575757575758
hpmcounter6,drift,seed10,64,6.739393939393939
hpmcounter6,drift,seed10,65,6.848484848484849
hpmcounter6,drift,seed10,66,6.884848484848485
hpmcounter6,drift,seed10,67,6.848484848484849
hpmcounter6,drift,seed10,68,6.739393939393939
hpmcounter6,drift,seed10,69,6.557575757575758
hpmcounter6,drift,seed10,70,6.303030303030303
hpmcounter6,drift,seed10,71,6.218181818181818
hpmcounter6,drift,seed10,72,6.303030303030303
hpmcounter6,drift,seed10,73,6.557575757575758
hpmcounter6,drift,seed10,74,6.739393939393939
hpmcounter6,drift,seed10,75,6.848484848484849
hpmcounter6,drift,seed10,76,6.884848484848485
hpmcounter6,drift,seed10,77,6.848484848484849
hpmcounter6,drift,seed10,78,6.739393939393939
hpmcounter6,drift,seed10,79,6.557575757575758
hpmcounter6,drift,seed10,80,6.303030303030303
hpmcounter6,drift,seed10,81,6.218181818181818
hpmcounter6,drift,seed10,82,6.303030303030303
hpmcounter6,drift,seed10,83,6.557575757575758
hpmcounter6,drift,seed10,84,6.739393939393939
hpmcounter6,drift,seed10,85,6.848484848484849
hpmcounter6,drift,seed10,86,6.884848484848485
hpmcounter6,drift,seed10,87,6.848484848484849
hpmcounter6,drift,seed10,88,6.739393939393939
hpmcounter6,drift,seed10,89,6.557575757575758
hpmcounter6,drift,seed10,90,6.303030303030303
hpmcounter6,drift,seed10,91,6.218181818181818
hpmcounter6,drift,seed10,92,6.303030303030303
hpmcounter6,drift,seed10,93,6.557575757575758
hpmcounter6,drift,seed10,94,6.739393939393939
hpmcounter6,drift,seed10,95,6.848484848484849
hpmcounter6,drift,seed10,96,6.884848484848485
hpmcounter6,drift,seed10,97,6.848484848484849
hpmcounter6,drift,seed10,98,6.739393939393939
hpmcounter6,drift,seed10,99,6.557575757575758
hpmcounter6,drift,seed10,100,6.303030303030303
hpmcounter6,drift,seed10,101,6.218181818181818
hpmcounter6,drift,seed10,102,6.303030303030303
hpmcounter6,drift,seed10,103,6.557575757575758
hpmcounter6,drift,seed10,104,6.739393939393939
hpmcounter6,drift,seed10,105,6.848484848484849
hpmcounter6,drift,seed10,106,6.884848484848485
hpmcounter6,drift,seed10,107,6.848484848484849
hpmcounter6,drift,seed10,108,6.739393939393939
hpmcounter6,drift,seed10,109,6.557575757575758
hpmcounter6,drift,seed10,110,6.303030303030303
hpmcounter6,drift,seed10,111,6.218181818181818
hpmcounter6,drift,seed10,112,6.303030303030303
hpmcounter6,drift,seed10,113,6.557575757575758
hpmcounter6,drift,seed10,114,6.739393939393939
hpmcounter6,drift,seed10,115,6.848484848484849
hpmcounter6,drift,seed10,116,6.884848484848485
hpmcounter6,drift,seed10,117,6.848484848484849
hpmcounter6,drift,seed10,118,6.739393939393939
hpmcounter6,drift,seed10,119,6.557575757575758
hpmcounter6,drift,seed10,120,6.303030303030303
hpmcounter6,drift,seed10,121,6.218181818181818
hpmcounter6,drift,seed10,122,6.303030303030303
hpmcounter6,drift,seed10,123,6.557575757575758
hpmcounter6,drift,seed10,124,6.739393939393939
hpmcounter6,drift,seed10,125,6.848484848484849
hpmcounter6,drift,seed10,126,6.884848484848485
hpmcounter6,drift,seed10,127,6.848484848484849
hpmcounter6,drift,seed10,128,6.739393939393939
hpmcounter6,drift,seed10,129,6.557575757575758
hpmcounter6,drift,seed10,130,6.303030303030303
hpmcounter6,drift,seed10,131,6.218181818181818
hpmcounter6,drift,seed10,132,6.303030303030303
hpmcounter6,drift,seed10,133,6.557575757575758
hpmcounter6,drift,seed10,134,6.739393939393939
hpmcounter6,drift,seed10,135,6.848484848484849
hpmcounter6,drift,seed10,136,6.884848484848485
hpmcounter6,drift,seed10,137,6.848484848484849
hpmcounter6,drift,seed10,138,6.739393939393939
hpmcounter6,drift,seed10,139,6.557575757575758
hpmcounter6,drift,seed10,140,6.303030303030303
hpmcounter6,drift,seed10,141,6.218181818181818
hpmcounter6,drift,seed10,142,6.303030303030303
hpmcounter6,drift,seed10,143,6.557575757575758
hpmcounter6,drift,seed10,144,6.739393939393939
hpmcounter6,drift,seed10,145,6.848484848484849
hpmcounter6,drift,seed10,146,6.884848484848485
hpmcounter6,drift,seed10,147,6.848484848484849
hpmcounter6,drift,seed10,148,6.739393939393939
hpmcounter6,drift,seed10,149,6.557575757575758
hpmcounter6,drift,seed10,150,6.303030303030303
hpmcounter6,drift,seed10,151,6.218181818181818
hpmcounter6,drift,seed10,152,6.303030303030303
hpmcounter6,drift,seed10,153,6.557575757575758
hpmcounter6,drift,seed10,154,6.739393939393939
hpmcounter6,drift,seed10,155,6.848484848484849
hpmcounter6,drift,seed10,156,6.884848484848485
hpmcounter6,drift,seed10,157,6.848484848484849
hpmcounter6,drift,seed10,158,6.739393939393939
hpmcounter6,drift,seed10,159,6.557575757575758
hpmcounter6,drift,seed10,160,6.303030303030303
hpmcounter6,drift,seed10,161,6.218181818181818
hpmcounter6,drift,seed10,162,6.303030303030303
hpmcounter6,drift,seed10,163,6.557575757575758
hpmcounter6,drift,seed10,164,6.739393939393939
hpmcounter6,drift,seed10,165,6.848484848484849
hpmcounter6,drift,seed10,166,6.884848484848485
hpmcounter6,drift,seed10,167,6.848484848484849
hpmcounter6,drift,seed10,168,6.739393939393939
hpmcounter6,drift,seed10,169,6.557575757575758
hpmcounter6,drift,seed10,170,6.303030303030303
hpmcounter6,drift,seed10,171,6.218181818181818
hpmcounter6,drift,seed10,172,6.303030303030303
hpmcounter6,drift,seed10,173,6.557575757575758
hpmcounter6,drift,seed10,174,6.739393939393939
hpmcounter6,drift,seed10,175,6.848484848484849
hpmcounter6,drift,seed10,176,6.884848484848485
hpmcounter6,drift,seed10,177,6.848484848484849
hpmcounter6,drift,seed10,178,6.739393939393939
hpmcounter6,drift,seed10,179,6.557575757575758
hpmcounter6,drift,seed10,180,6.303030303030303
hpmcounter6,drift,seed10,181,6.218181818181818
hpmcounter6,drift,seed10,182,6.303030303030303
hpmcounter6,drift,seed10,183,6.557575757575758
hpmcounter6,drift,seed10,184,6.739393939393939
hpmcounter6,drift,seed10,185,6.848484848484849
hpmcounter6,drift,seed10,186,6.884848484848485
hpmcounter6,drift,seed10,187,6.848484848484849
hpmcounter6,drift,seed10,188,6.739393939393939
hpmcounter6,drift,seed10,189,6.557575757575758
hpmcounter6,drift,seed10,190,6.303030303030303
hpmcounter6,drift,seed10,191,6.218181818181818
hpmcounter6,drift,seed10,192,6.303030303030303
hpmcounter6,drift,seed10,193,6.557575757575758
hpmcounter6,drift,seed10,194,6.739393939393939
hpmcounter6,drift,seed10,195,6.848484848484849
hpmcounter6,drift,seed10,196,6.884848484848485
hpmcounter6,drift,seed10,197,6.848484848484849
hpmcounter6,drift,seed10,198,6.739393939393939
hpmcounter6,drift,seed10,199,6.557575757575758
hpmcounter6,drift,seed10,200,6.303030303030303
hpmcounter6,drift,seed10,201,6.218181818181818
hpmcounter6,drift,seed10,202,6.303030303030303
hpmcounter6,drift,seed10,203,6.557575757575758
hpmcounter6,drift,seed10,204,6.739393939393939
hpmcounter6,drift,seed10,205,6.848484848484849
hpmcounter6,drift,seed10,206,6.884848484848485
hpmcounter6,drift,seed10,207,6.848484848484849
hpmcounter6,drift,seed10,208,6.739393939393939
hpmcounter6,drift,seed10,209,6.557575757575758
hpmcounter6,drift,seed10,210,6.303030303030303
hpmcounter6,drift,seed10,211,6.218181818181818
hpmcounter6,drift,seed10,212,6.303030303030303
hpmcounter6,drift,seed10,213,6.557575757575758
hpmcounter6,drift,seed10,214,6.739393939393939
hpmcounter6,drift,seed10,215,6.848484848484849
hpmcounter6,drift,seed10,216,6.884848484848485
hpmcounter6,drift,seed10,217,6.848484848484849
hpmcounter6,drift,seed10,218,6.739393939393939
hpmcounter6,drift,seed10,219,6.557575757575758
hpmcounter6,drift,seed10,220,6.303030303030303
hpmcounter6,drift,seed10,221,6.218181818181818
hpmcounter6,drift,seed10,222,6.303030303030303
hpmcounter6,drift,seed10,223,6.557575757575758
hpmcounter6,drift,seed10,224,6.739393939393939
hpmcounter6,drift,seed10,225,6.848484848484849
hpmcounter6,drift,seed10,226,6.884848484848485
hpmcounter6,drift,seed10,227,6.848484848484849
hpmcounter6,drift,seed10,228,6.739393939393939
hpmcounter6,drift,seed10,229,6.557575757575758
hpmcounter6,drift,seed10,230,6.303030303030303
hpmcounter6,drift,seed10,231,6.218181818181818
hpmcounter6,drift,seed10,232,6.303030303030303
hpmcounter6,drift,seed10,233,6.557575757575758
hpmcounter6,drift,seed10,234,6.739393939393939
hpmcounter6,drift,seed10,235,6.848484848484849
hpmcounter6,drift,seed10,236,6.884848484848485
hpmcounter6,drift,seed10,237,6.848484848484849
hpmcounter6,drift,seed10,238,6.739393939393939
hpmcounter6,drift,seed10,239,6.557575757575758
hpmcounter6,drift,seed10,240,6.303030303030303
hpmcounter6,drift,seed10,241,6.218181818181818
hpmcounter6,drift,seed10,242,6.303030303030303
hpmcounter6,drift,seed10,243,6.557575757575758
hpmcounter6,drift,seed10,244,6.739393939393939
hpmcounter6,drift,seed10,245,6.848484848484849
hpmcounter6,drift,seed10,246,6.884848484848485
hpmcounter6,drift,seed10,247,6.848484848484849
hpmcounter6,drift,seed10,248,6.739393939393939
hpmcounter6,drift,seed10,249,6.557575757575758
hpmcounter6,drift,seed10,250,6.303030303030303
hpmcounter6,drift,seed10,251,6.218181818181818
hpmcounter6,drift,seed10,252,6.303030303030303
hpmcounter6,drift,seed10,253,6.557575757575758
hpmcounter6,drift,seed10,254,6.739393939393939
hpmcounter6,drift,seed10,255,6.848484848484849
hpmcounter6,drift,seed10,256,6.884848484848485
hpmcounter6,drift,seed10,257,6.848484848484849
hpmcounter6,drift,seed10,258,6.739393939393939
hpmcounter6,drift,seed10,259,6.557575757575758
hpmcounter6,drift,seed10,260,6.303030303030303
hpmcounter6,drift,seed10,261,6.218181818181818
hpmcounter6,drift,seed10,262,6.303030303030303
hpmcounter6,drift,seed10,263,6.557575757575758
hpmcounter6,drift,seed10,264,6.739393939393939
hpmcounter6,drift,seed10,265,6.848484848484849
hpmcounter6,drift,seed10,266,6.884848484848485
hpmcounter6,drift,seed10,267,6.848484848484849
hpmcounter6,drift,seed10,268,6.739393939393939
hpmcounter6,drift,seed10,269,6.557575757575758
hpmcounter6,drift,seed10,270,6.303030303030303
hpmcounter6,drift,seed10,271,6.218181818181818
hpmcounter6,drift,seed10,272,6.303030303030303
hpmcounter6,drift,seed10,273,6.557575757575758
hpmcounter6,drift,seed10,274,6.739393939393939
hpmcounter6,drift,seed10,275,6.848484848484849
hpmcounter6,drift,seed10,276,6.884848484848485
hpmcounter6,drift,seed10,277,6.848484848484849
hpmcounter6,drift,seed10,278,6.739393939393939
hpmcounter6,drift,seed10,279,6.557575757575758
hpmcounter6,drift,seed10,280,6.303030303030303
hpmcounter6,drift,seed10,281,6.218181818181818
hpmcounter6,drift,seed10,282,6.303030303030303
hpmcounter6,drift,seed10,283,6.557575757575758
hpmcounter6,drift,seed10,284,6.739393939393939
hpmcounter6,drift,seed10,285,6.848484848484849
hpmcounter6,drift,seed10,286,6.884848484848485
hpmcounter6,drift,seed10,287,6.848484848484849
hpmcounter6,drift,seed10,288,6.739393939393939
hpmcounter6,drift,seed10,289,6.557575757575758
hpmcounter6,drift,seed10,290,6.303030303030303
hpmcounter6,drift,seed10,291,6.218181818181818
hpmcounter6,drift,seed10,292,6.303030303030303
hpmcounter6,drift,seed10,293,6.557575757575758
hpmcounter6,drift,seed10,294,6.739393939393939
hpmcounter6,drift,seed10,295,6.848484848484849
hpmcounter6,drift,seed10,296,6.884848484848485
hpmcounter6,drift,seed10,297,6.848484848484849
hpmcounter6,drift,seed10,298,6.739393939393939
hpmcounter6,drift,seed11,9,6.557575757575758
hpmcounter6,drift,seed11,10,6.303030303030303
hpmcounter6,drift,seed11,11,6.218181818181818
hpmcounter6,drift,seed11,12,6.303030303030303
hpmcounter6,drift,seed11,13,6.557575757575758
hpmcounter6,drift,seed11,14,6.739393939393939
hpmcounter6,drift,seed11,15,6.848484848484849
hpmcounter6,drift,seed11,16,6.884848484848485
hpmcounter6,drift,seed11,17,6.848484848484849
hpmcounter6,drift,seed11,18,6.739393939393939
hpmcounter6,drift,seed11,19,6.557575757575758
hpmcounter6,drift,seed11,20,6.303030303030303
hpmcounter6,drift,seed11,21,6.218181818181818
hpmcounter6,drift,seed11,22,6.303030303030303
hpmcounter6,drift,seed11,23,6.557575757575758
hpmcounter6,drift,seed11,24,6.739393939393939
hpmcounter6,drift,seed11,25,6.848484848484849
hpmcounter6,drift,seed11,26,6.884848484848485
hpmcounter6,drift,seed11,27,6.848484848484849
hpmcounter6,drift,seed11,28,6.739393939393939
hpmcounter6,drift,seed11,29,6.557575757575758
hpmcounter6,drift,seed11,30,6.303030303030303
hpmcounter6,drift,seed11,31,6.218181818181818
hpmcounter6,drift,seed11,32,6.303030303030303
hpmcounter6,drift,seed11,33,6.557575757575758
hpmcounter6,drift,seed11,34,6.739393939393939
hpmcounter6,drift,seed11,35,6.848484848484849
hpmcounter6,drift,seed11,36,6.884848484848485
hpmcounter6,drift,seed11,37,6.848484848484849
hpmcounter6,drift,seed11,38,6.739393939393939
hpmcounter6,drift,seed11,39,6.557575757575758
hpmcounter6,drift,seed11,40,6.303030303030303
hpmcounter6,drift,seed11,41,6.218181818181818
hpmcounter6,drift,seed11,42,6.303030303030303
hpmcounter6,drift,seed11,43,6.557575757575758
hpmcounter6,drift,seed11,44,6.739393939393939
hpmcounter6,drift,seed11,45,6.848484848484849
hpmcounter6,drift,seed11,46,6.884848484848485
hpmcounter6,drift,seed11,47,6.848484848484849
hpmcounter6,drift,seed11,48,6.739393939393939
hpmcounter6,drift,seed11,49,6.557575757575758
hpmcounter6,drift,seed11,50,6.303030303030303
hpmcounter6,drift,seed11,51,6.218181818181818
hpmcounter6,drift,seed11,52,6.303030303030303
hpmcounter6,drift,seed11,53,6.557575757575758
hpmcounter6,drift,seed11,54,6.739393939393939
hpmcounter6,drift,seed11,55,6.848484848484849
hpmcounter6,drift,seed11,56,6.884848484848485
hpmcounter6,drift,seed11,57,6.848484848484849
hpmcounter6,drift,seed11,58,6.739393939393939
hpmcounter6,drift,seed11,59,6.557575757575758
hpmcounter6,drift,seed11,60,6.303030303030303
hpmcounter6,drift,seed11,61,6.218181818181818
hpmcounter6,drift,seed11,62,6.303030303030303
hpmcounter6,drift,seed11,63,6.557575757575758
hpmcounter6,drift,seed11,64,6.739393939393939
hpmcounter6,drift,seed11,65,6.848484848484849
hpmcounter6,drift,seed11,66,6.884848484848485
hpmcounter6,drift,seed11,67,6.848484848484849
hpmcounter6,drift,seed11,68,6.739393939393939
hpmcounter6,drift,seed11,69,6.557575757575758
hpmcounter6,drift,seed11,70,6.303030303030303
hpmcounter6,drift,seed11,71,6.218181818181818
hpmcounter6,drift,seed11,72,6.303030303030303
hpmcounter6,drift,seed11,73,6.557575757575758
hpmcounter6,drift,seed11,74,6.739393939393939
hpmcounter6,drift,seed11,75,6.848484848484849
hpmcounter6,drift,seed11,76,6.884848484848485
hpmcounter6,drift,seed11,77,6.848484848484849
hpmcounter6,drift,seed11,78,6.739393939393939
hpmcounter6,drift,seed11,79,6.557575757575758
hpmcounter6,drift,seed11,80,6.303030303030303
hpmcounter6,drift,seed11,81,6.218181818181818
hpmcounter6,drift,seed11,82,6.303030303030303
hpmcounter6,drift,seed11,83,6.557575757575758
hpmcounter6,drift,seed11,84,6.739393939393939
hpmcounter6,drift,seed11,85,6.848484848484849
hpmcounter6,drift,seed11,86,6.884848484848485
hpmcounter6,drift,seed11,87,6.848484848484849
hpmcounter6,drift,seed11,88,6.739393939393939
hpmcounter6,drift,seed11,89,6.557575757575758
hpmcounter6,drift,seed11,90,6.303030303030303
hpmcounter6,drift,seed11,91,6.218181818181818
hpmcounter6,drift,seed11,92,6.303030303030303
hpmcounter6,drift,seed11,93,6.557575757575758
hpmcounter6,drift,seed11,94,6.739393939393939
hpmcounter6,drift,seed11,95,6.848484848484849
hpmcounter6,drift,seed11,96,6.884848484848485
hpmcounter6,drift,seed11,97,6.848484848484849
hpmcounter6,drift,seed11,98,6.739393939393939
hpmcounter6,drift,seed11,99,6.557575757575758
hpmcounter6,drift,seed11,100,6.303030303030303
hpmcounter6,drift,seed11,101,6.218181818181818
hpmcounter6,drift,seed11,102,6.303030303030303
hpmcounter6,drift,seed11,103,6.557575757575758
hpmcounter6,drift,seed11,104,6.739393939393939
hpmcounter6,drift,seed11,105,6.848484848484849
hpmcounter6,drift,seed11,106,6.884848484848485
hpmcounter6,drift,seed11,107,6.848484848484849
hpmcounter6,drift,seed11,108,6.739393939393939
hpmcounter6,drift,seed11,109,6.557575757575758
hpmcounter6,drift,seed11,110,6.303030303030303
hpmcounter6,drift,seed11,111,6.218181818181818
hpmcounter6,drift,seed11,112,6.303030303030303
hpmcounter6,drift,seed11,113,6.557575757575758
hpmcounter6,drift,seed11,114,6.739393939393939
hpmcounter6,drift,seed11,115,6.848484848484849
hpmcounter6,drift,seed11,116,6.884848484848485
hpmcounter6,drift,seed11,117,6.848484848484849
hpmcounter6,drift,seed11,118,6.739393939393939
hpmcounter6,drift,seed11,119,6.557575757575758
hpmcounter6,drift,seed11,120,6.303030303030303
hpmcounter6,drift,seed11,121,6.218181818181818
hpmcounter6,drift,seed11,122,6.303030303030303
hpmcounter6,drift,seed11,123,6.557575757575758
hpmcounter6,drift,seed11,124,6.739393939393939
hpmcounter6,drift,seed11,125,6.848484848484849
hpmcounter6,drift,seed11,126,6.884848484848485
hpmcounter6,drift,seed11,127,6.848484848484849
hpmcounter6,drift,seed11,128,6.739393939393939
hpmcounter6,drift,seed11,129,6.557575757575758
hpmcounter6,drift,seed11,130,6.303030303030303
hpmcounter6,drift,seed11,131,6.218181818181818
hpmcounter6,drift,seed11,132,6.303030303030303
hpmcounter6,drift,seed11,133,6.557575757575758
hpmcounter6,drift,seed11,134,6.739393939393939
hpmcounter6,drift,seed11,135,6.848484848484849
hpmcounter6,drift,seed11,136,6.884848484848485
hpmcounter6,drift,seed11,137,6.848484848484849
hpmcounter6,drift,seed11,138,6.739393939393939
hpmcounter6,drift,seed11,139,6.557575757575758
hpmcounter6,drift,seed11,140,6.303030303030303
hpmcounter6,drift,seed11,141,6.218181818181818
hpmcounter6,drift,seed11,142,6.303030303030303
hpmcounter6,drift,seed11,143,6.557575757575758
hpmcounter6,drift,seed11,144,6.739393939393939
hpmcounter6,drift,seed11,145,6.848484848484849
hpmcounter6,drift,seed11,146,6.884848484848485
hpmcounter6,drift,seed11,147,6.848484848484849
hpmcounter6,drift,seed11,148,6.739393939393939
hpmcounter6,drift,seed11,149,6.557575757575758
hpmcounter6,drift,seed11,150,6.303030303030303
hpmcounter6,drift,seed11,151,6.218181818181818
hpmcounter6,drift,seed11,152,6.303030303030303
hpmcounter6,drift,seed11,153,6.557575757575758
hpmcounter6,drift,seed11,154,6.739393939393939
hpmcounter6,drift,seed11,155,6.848484848484849
hpmcounter6,drift,seed11,156,6.884848484848485
hpmcounter6,drift,seed11,157,6.848484848484849
hpmcounter6,drift,seed11,158,6.739393939393939
hpmcounter6,drift,seed11,159,6.557575757575758
hpmcounter6,drift,seed11,160,6.303030303030303
hpmcounter6,drift,seed11,161,6.218181818181818
hpmcounter6,drift,seed11,162,6.303030303030303
hpmcounter6,drift,seed11,163,6.557575757575758
hpmcounter6,drift,seed11,164,6.739393939393939
hpmcounter6,drift,seed11,165,6.848484848484849
hpmcounter6,drift,seed11,166,6.884848484848485
hpmcounter6,drift,seed11,167,6.848484848484849
hpmcounter6,drift,seed11,168,6.739393939393939
hpmcounter6,drift,seed11,169,6.557575757575758
hpmcounter6,drift,seed11,170,6.303030303030303
hpmcounter6,drift,seed11,171,6.218181818181818
hpmcounter6,drift,seed11,172,6.303030303030303
hpmcounter6,drift,seed11,173,6.557575757575758
hpmcounter6,drift,seed11,174,6.739393939393939
hpmcounter6,drift,seed11,175,6.848484848484849
hpmcounter6,drift,seed11,176,6.884848484848485
hpmcounter6,drift,seed11,177,6.848484848484849
hpmcounter6,drift,seed11,178,6.739393939393939
hpmcounter6,drift,seed11,179,6.557575757575758
hpmcounter6,drift,seed11,180,6.303030303030303
hpmcounter6,drift,seed11,181,6.218181818181818
hpmcounter6,drift,seed11,182,6.303030303030303
hpmcounter6,drift,seed11,183,6.557575757575758
hpmcounter6,drift,seed11,184,6.739393939393939
hpmcounter6,drift,seed11,185,6.848484848484849
hpmcounter6,drift,seed11,186,6.884848484848485
hpmcounter6,drift,seed11,187,6.848484848484849
hpmcounter6,drift,seed11,188,6.739393939393939
hpmcounter6,drift,seed11,189,6.557575757575758
hpmcounter6,drift,seed11,190,6.303030303030303
hpmcounter6,drift,seed11,191,6.218181818181818
hpmcounter6,drift,seed11,192,6.303030303030303
hpmcounter6,drift,seed11,193,6.557575757575758
hpmcounter6,drift,seed11,194,6.739393939393939
hpmcounter6,drift,seed11,195,6.848484848484849
hpmcounter6,drift,seed11,196,6.884848484848485
hpmcounter6,drift,seed11,197,6.848484848484849
hpmcounter6,drift,seed11,198,6.739393939393939
hpmcounter6,drift,seed11,199,6.557575757575758
hpmcounter6,drift,seed11,200,6.303030303030303
hpmcounter6,drift,seed11,201,6.218181818181818
hpmcounter6,drift,seed11,202,6.303030303030303
hpmcounter6,drift,seed11,203,6.557575757575758
hpmcounter6,drift,seed11,204,6.739393939393939
hpmcounter6,drift,seed11,205,6.848484848484849
hpmcounter6,drift,seed11,206,6.884848484848485
hpmcounter6,drift,seed11,207,6.848484848484849
hpmcounter6,drift,seed11,208,6.739393939393939
hpmcounter6,drift,seed11,209,6.557575757575758
hpmcounter6,drift,seed11,210,6.303030303030303
hpmcounter6,drift,seed11,211,6.218181818181818
hpmcounter6,drift,seed11,212,6.303030303030303
hpmcounter6,drift,seed11,213,6.557575757575758
hpmcounter6,drift,seed11,214,6.739393939393939
hpmcounter6,drift,seed11,215,6.848484848484849
hpmcounter6,drift,seed11,216,6.884848484848485
hpmcounter6,drift,seed11,217,6.848484848484849
hpmcounter6,drift,seed11,218,6.739393939393939
hpmcounter6,drift,seed11,219,6.557575757575758
hpmcounter6,drift,seed11,220,6.303030303030303
hpmcounter6,drift,seed11,221,6.218181818181818
hpmcounter6,drift,seed11,222,6.303030303030303
hpmcounter6,drift,seed11,223,6.557575757575758
hpmcounter6,drift,seed11,224,6.739393939393939
hpmcounter6,drift,seed11,225,6.848484848484849
hpmcounter6,drift,seed11,226,6.884848484848485
hpmcounter6,drift,seed11,227,6.848484848484849
hpmcounter6,drift,seed11,228,6.739393939393939
hpmcounter6,drift,seed11,229,6.557575757575758
hpmcounter6,drift,seed11,230,6.303030303030303
hpmcounter6,drift,seed11,231,6.218181818181818
hpmcounter6,drift,seed11,232,6.303030303030303
hpmcounter6,drift,seed11,233,6.557575757575758
hpmcounter6,drift,seed11,234,6.739393939393939
hpmcounter6,drift,seed11,235,6.848484848484849
hpmcounter6,drift,seed11,236,6.884848484848485
hpmcounter6,drift,seed11,237,6.848484848484849
hpmcounter6,drift,seed11,238,6.739393939393939
hpmcounter6,drift,seed11,239,6.557575757575758
hpmcounter6,drift,seed11,240,6.303030303030303
hpmcounter6,drift,seed11,241,6.218181818181818
hpmcounter6,drift,seed11,242,6.303030303030303
hpmcounter6,drift,seed11,243,6.557575757575758
hpmcounter6,drift,seed11,244,6.739393939393939
hpmcounter6,drift,seed11,245,6.848484848484849
hpmcounter6,drift,seed11,246,6.884848484848485
hpmcounter6,drift,seed11,247,6.848484848484849
hpmcounter6,drift,seed11,248,6.739393939393939
hpmcounter6,drift,seed11,249,6.557575757575758
hpmcounter6,drift,seed11,250,6.303030303030303
hpmcounter6,drift,seed11,251,6.218181818181818
hpmcounter6,drift,seed11,252,6.303030303030303
hpmcounter6,drift,seed11,253,6.557575757575758
hpmcounter6,drift,seed11,254,6.739393939393939
hpmcounter6,drift,seed11,255,6.848484848484849
hpmcounter6,drift,seed11,256,6.884848484848485
hpmcounter6,drift,seed11,257,6.848484848484849
hpmcounter6,drift,seed11,258,6.739393939393939
hpmcounter6,drift,seed11,259,6.557575757575758
hpmcounter6,drift,seed11,260,6.303030303030303
hpmcounter6,drift,seed11,261,6.218181818181818
hpmcounter6,drift,seed11,262,6.303030303030303
hpmcounter6,drift,seed11,263,6.557575757575758
hpmcounter6,drift,seed11,264,6.739393939393939
hpmcounter6,drift,seed11,265,6.848484848484849
hpmcounter6,drift,seed11,266,6.884848484848485
hpmcounter6,drift,seed11,267,6.848484848484849
hpmcounter6,drift,seed11,268,6.739393939393939
hpmcounter6,drift,seed11,269,6.557575757575758
hpmcounter6,drift,seed11,270,6.303030303030303
hpmcounter6,drift,seed11,271,6.218181818181818
hpmcounter6,drift,seed11,272,6.303030303030303
hpmcounter6,drift,seed11,273,6.557575757575758
hpmcounter6,drift,seed11,274,6.739393939393939
hpmcounter6,drift,seed11,275,6.848484848484849
hpmcounter6,drift,seed11,276,6.884848484848485
hpmcounter6,drift,seed11,277,6.848484848484849
hpmcounter6,drift,seed11,278,6.739393939393939
hpmcounter6,drift,seed11,279,6.557575757575758
hpmcounter6,drift,seed11,280,6.303030303030303
hpmcounter6,drift,seed11,281,6.218181818181818
hpmcounter6,drift,seed11,282,6.303030303030303
hpmcounter6,drift,seed11,283,6.557575757575758
hpmcounter6,drift,seed11,284,6.739393939393939
hpmcounter6,drift,seed11,285,6.848484848484849
hpmcounter6,drift,seed11,286,6.884848484848485
hpmcounter6,drift,seed11,287,6.848484848484849
hpmcounter6,drift,seed11,288,6.739393939393939
hpmcounter6,drift,seed11,289,6.557575757575758
hpmcounter6,drift,seed11,290,6.303030303030303
hpmcounter6,drift,seed11,291,6.218181818181818
hpmcounter6,drift,seed11,292,6.303030303030303
hpmcounter6,drift,seed11,293,6.557575757575758
hpmcounter6,drift,seed11,294,6.739393939393939
hpmcounter6,drift,seed11,295,6.848484848484849
hpmcounter6,drift,seed11,296,6.884848484848485
hpmcounter6,drift,seed11,297,6.848484848484849
hpmcounter6,drift,seed11,298,6.739393939393939
hpmcounter6,drift,seed12,9,6.557575757575758
hpmcounter6,drift,seed12,10,6.303030303030303
hpmcounter6,drift,seed12,11,6.218181818181818
hpmcounter6,drift,seed12,12,6.303030303030303
hpmcounter6,drift,seed12,13,6.557575757575758
hpmcounter6,drift,seed12,14,6.739393939393939
hpmcounter6,drift,seed12,15,6.848484848484849
hpmcounter6,drift,seed12,16,6.884848484848485
hpmcounter6,drift,seed12,17,6.848484848484849
hpmcounter6,drift,seed12,18,6.739393939393939
hpmcounter6,drift,seed12,19,6.557575757575758
hpmcounter6,drift,seed12,20,6.303030303030303
hpmcounter6,drift,seed12,21,6.218181818181818
hpmcounter6,drift,seed12,22,6.303030303030303
hpmcounter6,drift,seed12,23,6.557575757575758
hpmcounter6,drift,seed12,24,6.739393939393939
hpmcounter6,drift,seed12,25,6.848484848484849
hpmcounter6,drift,seed12,26,6.884848484848485
hpmcounter6,drift,seed12,27,6.848484848484849
hpmcounter6,drift,seed12,28,6.739393939393939
hpmcounter6,drift,seed12,29,6.557575757575758
hpmcounter6,drift,seed12,30,6.303030303030303
hpmcounter6,drift,seed12,31,6.218181818181818
hpmcounter6,drift,seed12,32,6.303030303030303
hpmcounter6,drift,seed12,33,6.557575757575758
hpmcounter6,drift,seed12,34,6.739393939393939
hpmcounter6,drift,seed12,35,6.848484848484849
hpmcounter6,drift,seed12,36,6.884848484848485
hpmcounter6,drift,seed12,37,6.848484848484849
hpmcounter6,drift,seed12,38,6.739393939393939
hpmcounter6,drift,seed12,39,6.557575757575758
hpmcounter6,drift,seed12,40,6.303030303030303
hpmcounter6,drift,seed12,41,6.218181818181818
hpmcounter6,drift,seed12,42,6.303030303030303
hpmcounter6,drift,seed12,43,6.557575757575758
hpmcounter6,drift,seed12,44,6.739393939393939
hpmcounter6,drift,seed12,45,6.848484848484849
hpmcounter6,drift,seed12,46,6.884848484848485
hpmcounter6,drift,seed12,47,6.848484848484849
hpmcounter6,drift,seed12,48,6.739393939393939
hpmcounter6,drift,seed12,49,6.557575757575758
hpmcounter6,drift,seed12,50,6.303030303030303
hpmcounter6,drift,seed12,51,6.218181818181818
hpmcounter6,drift,seed12,52,6.303030303030303
hpmcounter6,drift,seed12,53,6.557575757575758
hpmcounter6,drift,seed12,54,6.739393939393939
hpmcounter6,drift,seed12,55,6.848484848484849
hpmcounter6,drift,seed12,56,6.884848484848485
hpmcounter6,drift,seed12,57,6.848484848484849
hpmcounter6,drift,seed12,58,6.739393939393939
hpmcounter6,drift,seed12,59,6.557575757575758
hpmcounter6,drift,seed12,60,6.303030303030303
hpmcounter6,drift,seed12,61,6.218181818181818
hpmcounter6,drift,seed12,62,6.303030303030303
hpmcounter6,drift,seed12,63,6.557575757575758
hpmcounter6,drift,seed12,64,6.739393939393939
hpmcounter6,drift,seed12,65,6.848484848484849
hpmcounter6,drift,seed12,66,6.884848484848485
hpmcounter6,drift,seed12,67,6.848484848484849
hpmcounter6,drift,seed12,68,6.739393939393939
hpmcounter6,drift,seed12,69,6.557575757575758
hpmcounter6,drift,seed12,70,6.303030303030303
hpmcounter6,drift,seed12,71,6.218181818181818
hpmcounter6,drift,seed12,72,6.303030303030303
hpmcounter6,drift,seed12,73,6.557575757575758
hpmcounter6,drift,seed12,74,6.739393939393939
hpmcounter6,drift,seed12,75,6.848484848484849
hpmcounter6,drift,seed12,76,6.884848484848485
hpmcounter6,drift,seed12,77,6.848484848484849
hpmcounter6,drift,seed12,78,6.739393939393939
hpmcounter6,drift,seed12,79,6.557575757575758
hpmcounter6,drift,seed12,80,6.303030303030303
hpmcounter6,drift,seed12,81,6.218181818181818
hpmcounter6,drift,seed12,82,6.303030303030303
hpmcounter6,drift,seed12,83,6.557575757575758
hpmcounter6,drift,seed12,84,6.739393939393939
hpmcounter6,drift,seed12,85,6.848484848484849
hpmcounter6,drift,seed12,86,6.884848484848485
hpmcounter6,drift,seed12,87,6.848484848484849
hpmcounter6,drift,seed12,88,6.739393939393939
hpmcounter6,drift,seed12,89,6.557575757575758
hpmcounter6,drift,seed12,90,6.303030303030303
hpmcounter6,drift,seed12,91,6.218181818181818
hpmcounter6,drift,seed12,92,6.303030303030303
hpmcounter6,drift,seed12,93,6.557575757575758
hpmcounter6,drift,seed12,94,6.739393939393939
hpmcounter6,drift,seed12,95,6.848484848484849
hpmcounter6,drift,seed12,96,6.884848484848485
hpmcounter6,drift,seed12,97,6.848484848484849
hpmcounter6,drift,seed12,98,6.739393939393939
hpmcounter6,drift,seed12,99,6.557575757575758
hpmcounter6,drift,seed12,100,6.303030303030303
hpmcounter6,drift,seed12,101,6.218181818181818
hpmcounter6,drift,seed12,102,6.303030303030303
hpmcounter6,drift,seed12,103,6.557575757575758
hpmcounter6,drift,seed12,104,6.739393939393939
hpmcounter6,drift,seed12,105,6.848484848484849
hpmcounter6,drift,seed12,106,6.884848484848485
hpmcounter6,drift,seed12,107,6.848484848484849
hpmcounter6,drift,seed12,108,6.739393939393939
hpmcounter6,drift,seed12,109,6.557575757575758
hpmcounter6,drift,seed12,110,6.303030303030303
hpmcounter6,drift,seed12,111,6.218181818181818
hpmcounter6,drift,seed12,112,6.303030303030303
hpmcounter6,drift,seed12,113,6.557575757575758
hpmcounter6,drift,seed12,114,6.739393939393939
hpmcounter6,drift,seed12,115,6.848484848484849
hpmcounter6,drift,seed12,116,6.884848484848485
hpmcounter6,drift,seed12,117,6.848484848484849
hpmcounter6,drift,seed12,118,6.739393939393939
hpmcounter6,drift,seed12,119,6.557575757575758
hpmcounter6,drift,seed12,120,6.303030303030303
hpmcounter6,drift,seed12,121,6.218181818181818
hpmcounter6,drift,seed12,122,6.303030303030303
hpmcounter6,drift,seed12,123,6.557575757575758
hpmcounter6,drift,seed12,124,6.739393939393939
hpmcounter6,drift,seed12,125,6.848484848484849
hpmcounter6,drift,seed12,126,6.884848484848485
hpmcounter6,drift,seed12,127,6.848484848484849
hpmcounter6,drift,seed12,128,6.739393939393939
hpmcounter6,drift,seed12,129,6.557575757575758
hpmcounter6,drift,seed12,130,6.303030303030303
hpmcounter6,drift,seed12,131,6.218181818181818
hpmcounter6,drift,seed12,132,6.303030303030303
hpmcounter6,drift,seed12,133,6.557575757575758
hpmcounter6,drift,seed12,134,6.739393939393939
hpmcounter6,drift,seed12,135,6.848484848484849
hpmcounter6,drift,seed12,136,6.884848484848485
hpmcounter6,drift,seed12,137,6.848484848484849
hpmcounter6,drift,seed12,138,6.739393939393939
hpmcounter6,drift,seed12,139,6.557575757575758
hpmcounter6,drift,seed12,140,6.303030303030303
hpmcounter6,drift,seed12,141,6.218181818181818
hpmcounter6,drift,seed12,142,6.303030303030303
hpmcounter6,drift,seed12,143,6.557575757575758
hpmcounter6,drift,seed12,144,6.739393939393939
hpmcounter6,drift,seed12,145,6.848484848484849
hpmcounter6,drift,seed12,146,6.884848484848485
hpmcounter6,drift,seed12,147,6.848484848484849
hpmcounter6,drift,seed12,148,6.739393939393939
hpmcounter6,drift,seed12,149,6.557575757575758
hpmcounter6,drift,seed12,150,6.303030303030303
hpmcounter6,drift,seed12,151,6.218181818181818
hpmcounter6,drift,seed12,152,6.303030303030303
hpmcounter6,drift,seed12,153,6.557575757575758
hpmcounter6,drift,seed12,154,6.739393939393939
hpmcounter6,drift,seed12,155,6.848484848484849
hpmcounter6,drift,seed12,156,6.884848484848485
hpmcounter6,drift,seed12,157,6.848484848484849
hpmcounter6,drift,seed12,158,6.739393939393939
hpmcounter6,drift,seed12,159,6.557575757575758
hpmcounter6,drift,seed12,160,6.303030303030303
hpmcounter6,drift,seed12,161,6.218181818181818
hpmcounter6,drift,seed12,162,6.303030303030303
hpmcounter6,drift,seed12,163,6.557575757575758
hpmcounter6,drift,seed12,164,6.739393939393939
hpmcounter6,drift,seed12,165,6.848484848484849
hpmcounter6,drift,seed12,166,6.884848484848485
hpmcounter6,drift,seed12,167,6.848484848484849
hpmcounter6,drift,seed12,168,6.739393939393939
hpmcounter6,drift,seed12,169,6.557575757575758
hpmcounter6,drift,seed12,170,6.303030303030303
hpmcounter6,drift,seed12,171,6.218181818181818
hpmcounter6,drift,seed12,172,6.303030303030303
hpmcounter6,drift,seed12,173,6.557575757575758
hpmcounter6,drift,seed12,174,6.739393939393939
hpmcounter6,drift,seed12,175,6.848484848484849
hpmcounter6,drift,seed12,176,6.884848484848485
hpmcounter6,drift,seed12,177,6.848484848484849
hpmcounter6,drift,seed12,178,6.739393939393939
hpmcounter6,drift,seed12,179,6.557575757575758
hpmcounter6,drift,seed12,180,6.303030303030303
hpmcounter6,drift,seed12,181,6.218181818181818
hpmcounter6,drift,seed12,182,6.303030303030303
hpmcounter6,drift,seed12,183,6.557575757575758
hpmcounter6,drift,seed12,184,6.739393939393939
hpmcounter6,drift,seed12,185,6.848484848484849
hpmcounter6,drift,seed12,186,6.884848484848485
hpmcounter6,drift,seed12,187,6.848484848484849
hpmcounter6,drift,seed12,188,6.739393939393939
hpmcounter6,drift,seed12,189,6.557575757575758
hpmcounter6,drift,seed12,190,6.303030303030303
hpmcounter6,drift,seed12,191,6.218181818181818
hpmcounter6,drift,seed12,192,6.303030303030303
hpmcounter6,drift,seed12,193,6.557575757575758
hpmcounter6,drift,seed12,194,6.739393939393939
hpmcounter6,drift,seed12,195,6.848484848484849
hpmcounter6,drift,seed12,196,6.884848484848485
hpmcounter6,drift,seed12,197,6.848484848484849
hpmcounter6,drift,seed12,198,6.739393939393939
hpmcounter6,drift,seed12,199,6.557575757575758
hpmcounter6,drift,seed12,200,6.303030303030303
hpmcounter6,drift,seed12,201,6.218181818181818
hpmcounter6,drift,seed12,202,6.303030303030303
hpmcounter6,drift,seed12,203,6.557575757575758
hpmcounter6,drift,seed12,204,6.739393939393939
hpmcounter6,drift,seed12,205,6.848484848484849
hpmcounter6,drift,seed12,206,6.884848484848485
hpmcounter6,drift,seed12,207,6.848484848484849
hpmcounter6,drift,seed12,208,6.739393939393939
hpmcounter6,drift,seed12,209,6.557575757575758
hpmcounter6,drift,seed12,210,6.303030303030303
hpmcounter6,drift,seed12,211,6.218181818181818
hpmcounter6,drift,seed12,212,6.303030303030303
hpmcounter6,drift,seed12,213,6.557575757575758
hpmcounter6,drift,seed12,214,6.739393939393939
hpmcounter6,drift,seed12,215,6.848484848484849
hpmcounter6,drift,seed12,216,6.884848484848485
hpmcounter6,drift,seed12,217,6.848484848484849
hpmcounter6,drift,seed12,218,6.739393939393939
hpmcounter6,drift,seed12,219,6.557575757575758
hpmcounter6,drift,seed12,220,6.303030303030303
hpmcounter6,drift,seed12,221,6.218181818181818
hpmcounter6,drift,seed12,222,6.303030303030303
hpmcounter6,drift,seed12,223,6.557575757575758
hpmcounter6,drift,seed12,224,6.739393939393939
hpmcounter6,drift,seed12,225,6.848484848484849
hpmcounter6,drift,seed12,226,6.884848484848485
hpmcounter6,drift,seed12,227,6.848484848484849
hpmcounter6,drift,seed12,228,6.739393939393939
hpmcounter6,drift,seed12,229,6.557575757575758
hpmcounter6,drift,seed12,230,6.303030303030303
hpmcounter6,drift,seed12,231,6.218181818181818
hpmcounter6,drift,seed12,232,6.303030303030303
hpmcounter6,drift,seed12,233,6.557575757575758
hpmcounter6,drift,seed12,234,6.739393939393939
hpmcounter6,drift,seed12,235,6.848484848484849
hpmcounter6,drift,seed12,236,6.884848484848485
hpmcounter6,drift,seed12,237,6.848484848484849
hpmcounter6,drift,seed12,238,6.739393939393939
hpmcounter6,drift,seed12,239,6.557575757575758
hpmcounter6,drift,seed12,240,6.303030303030303
hpmcounter6,drift,seed12,241,6.218181818181818
hpmcounter6,drift,seed12,242,6.303030303030303
hpmcounter6,drift,seed12,243,6.557575757575758
hpmcounter6,drift,seed12,244,6.739393939393939
hpmcounter6,drift,seed12,245,6.848484848484849
hpmcounter6,drift,seed12,246,6.884848484848485
hpmcounter6,drift,seed12,247,6.848484848484849
hpmcounter6,drift,seed12,248,6.739393939393939
hpmcounter6,drift,seed12,249,6.557575757575758
hpmcounter6,drift,seed12,250,6.303030303030303
hpmcounter6,drift,seed12,251,6.218181818181818
hpmcounter6,drift,seed12,252,6.303030303030303
hpmcounter6,drift,seed12,253,6.557575757575758
hpmcounter6,drift,seed12,254,6.739393939393939
hpmcounter6,drift,seed12,255,6.848484848484849
hpmcounter6,drift,seed12,256,6.884848484848485
hpmcounter6,drift,seed12,257,6.848484848484849
hpmcounter6,drift,seed12,258,6.739393939393939
hpmcounter6,drift,seed12,259,6.557575757575758
hpmcounter6,drift,seed12,260,6.303030303030303
hpmcounter6,drift,seed12,261,6.218181818181818
hpmcounter6,drift,seed12,262,6.303030303030303
hpmcounter6,drift,seed12,263,6.557575757575758
hpmcounter6,drift,seed12,264,6.739393939393939
hpmcounter6,drift,seed12,265,6.848484848484849
hpmcounter6,drift,seed12,266,6.884848484848485
hpmcounter6,drift,seed12,267,6.848484848484849
hpmcounter6,drift,seed12,268,6.739393939393939
hpmcounter6,drift,seed12,269,6.557575757575758
hpmcounter6,drift,seed12,270,6.303030303030303
hpmcounter6,drift,seed12,271,6.218181818181818
hpmcounter6,drift,seed12,272,6.303030303030303
hpmcounter6,drift,seed12,273,6.557575757575758
hpmcounter6,drift,seed12,274,6.739393939393939
hpmcounter6,drift,seed12,275,6.848484848484849
hpmcounter6,drift,seed12,276,6.884848484848485
hpmcounter6,drift,seed12,277,6.848484848484849
hpmcounter6,drift,seed12,278,6.739393939393939
hpmcounter6,drift,seed12,279,6.557575757575758
hpmcounter6,drift,seed12,280,6.303030303030303
hpmcounter6,drift,seed12,281,6.218181818181818
hpmcounter6,drift,seed12,282,6.303030303030303
hpmcounter6,drift,seed12,283,6.557575757575758
hpmcounter6,drift,seed12,284,6.739393939393939
hpmcounter6,drift,seed12,285,6.848484848484849
hpmcounter6,drift,seed12,286,6.884848484848485
hpmcounter6,drift,seed12,287,6.848484848484849
hpmcounter6,drift,seed12,288,6.739393939393939
hpmcounter6,drift,seed12,289,6.557575757575758
hpmcounter6,drift,seed12,290,6.303030303030303
hpmcounter6,drift,seed12,291,6.218181818181818
hpmcounter6,drift,seed12,292,6.303030303030303
hpmcounter6,drift,seed12,293,6.557575757575758
hpmcounter6,drift,seed12,294,6.739393939393939
hpmcounter6,drift,seed12,295,6.848484848484849
hpmcounter6,drift,seed12,296,6.884848484848485
hpmcounter6,drift,seed12,297,6.848484848484849
hpmcounter6,drift,seed12,298,6.739393939393939
hpmcounter6,drift,seed13,9,6.557575757575758
hpmcounter6,drift,seed13,10,6.303030303030303
hpmcounter6,drift,seed13,11,6.218181818181818
hpmcounter6,drift,seed13,12,6.303030303030303
hpmcounter6,drift,seed13,13,6.557575757575758
hpmcounter6,drift,seed13,14,6.739393939393939
hpmcounter6,drift,seed13,15,6.848484848484849
hpmcounter6,drift,seed13,16,6.884848484848485
hpmcounter6,drift,seed13,17,6.848484848484849
hpmcounter6,drift,seed13,18,6.739393939393939
hpmcounter6,drift,seed13,19,6.557575757575758
hpmcounter6,drift,seed13,20,6.303030303030303
hpmcounter6,drift,seed13,21,6.218181818181818
hpmcounter6,drift,seed13,22,6.303030303030303
hpmcounter6,drift,seed13,23,6.557575757575758
hpmcounter6,drift,seed13,24,6.739393939393939
hpmcounter6,drift,seed13,25,6.848484848484849
hpmcounter6,drift,seed13,26,6.884848484848485
hpmcounter6,drift,seed13,27,6.848484848484849
hpmcounter6,drift,seed13,28,6.739393939393939
hpmcounter6,drift,seed13,29,6.557575757575758
hpmcounter6,drift,seed13,30,6.303030303030303
hpmcounter6,drift,seed13,31,6.218181818181818
hpmcounter6,drift,seed13,32,6.303030303030303
hpmcounter6,drift,seed13,33,6.557575757575758
hpmcounter6,drift,seed13,34,6.739393939393939
hpmcounter6,drift,seed13,35,6.848484848484849
hpmcounter6,drift,seed13,36,6.884848484848485
hpmcounter6,drift,seed13,37,6.848484848484849
hpmcounter6,drift,seed13,38,6.739393939393939
hpmcounter6,drift,seed13,39,6.557575757575758
hpmcounter6,drift,seed13,40,6.303030303030303
hpmcounter6,drift,seed13,41,6.218181818181818
hpmcounter6,drift,seed13,42,6.303030303030303
hpmcounter6,drift,seed13,43,6.557575757575758
hpmcounter6,drift,seed13,44,6.739393939393939
hpmcounter6,drift,seed13,45,6.848484848484849
hpmcounter6,drift,seed13,46,6.884848484848485
hpmcounter6,drift,seed13,47,6.848484848484849
hpmcounter6,drift,seed13,48,6.739393939393939
hpmcounter6,drift,seed13,49,6.557575757575758
hpmcounter6,drift,seed13,50,6.303030303030303
hpmcounter6,drift,seed13,51,6.218181818181818
hpmcounter6,drift,seed13,52,6.303030303030303
hpmcounter6,drift,seed13,53,6.557575757575758
hpmcounter6,drift,seed13,54,6.739393939393939
hpmcounter6,drift,seed13,55,6.848484848484849
hpmcounter6,drift,seed13,56,6.884848484848485
hpmcounter6,drift,seed13,57,6.848484848484849
hpmcounter6,drift,seed13,58,6.739393939393939
hpmcounter6,drift,seed13,59,6.557575757575758
hpmcounter6,drift,seed13,60,6.303030303030303
hpmcounter6,drift,seed13,61,6.218181818181818
hpmcounter6,drift,seed13,62,6.303030303030303
hpmcounter6,drift,seed13,63,6.557575757575758
hpmcounter6,drift,seed13,64,6.739393939393939
hpmcounter6,drift,seed13,65,6.848484848484849
hpmcounter6,drift,seed13,66,6.884848484848485
hpmcounter6,drift,seed13,67,6.848484848484849
hpmcounter6,drift,seed13,68,6.739393939393939
hpmcounter6,drift,seed13,69,6.557575757575758
hpmcounter6,drift,seed13,70,6.303030303030303
hpmcounter6,drift,seed13,71,6.218181818181818
hpmcounter6,drift,seed13,72,6.303030303030303
hpmcounter6,drift,seed13,73,6.557575757575758
hpmcounter6,drift,seed13,74,6.739393939393939
hpmcounter6,drift,seed13,75,6.848484848484849
hpmcounter6,drift,seed13,76,6.884848484848485
hpmcounter6,drift,seed13,77,6.848484848484849
hpmcounter6,drift,seed13,78,6.739393939393939
hpmcounter6,drift,seed13,79,6.557575757575758
hpmcounter6,drift,seed13,80,6.303030303030303
hpmcounter6,drift,seed13,81,6.218181818181818
hpmcounter6,drift,seed13,82,6.303030303030303
hpmcounter6,drift,seed13,83,6.557575757575758
hpmcounter6,drift,seed13,84,6.739393939393939
hpmcounter6,drift,seed13,85,6.848484848484849
hpmcounter6,drift,seed13,86,6.884848484848485
hpmcounter6,drift,seed13,87,6.848484848484849
hpmcounter6,drift,seed13,88,6.739393939393939
hpmcounter6,drift,seed13,89,6.557575757575758
hpmcounter6,drift,seed13,90,6.303030303030303
hpmcounter6,drift,seed13,91,6.218181818181818
hpmcounter6,drift,seed13,92,6.303030303030303
hpmcounter6,drift,seed13,93,6.557575757575758
hpmcounter6,drift,seed13,94,6.739393939393939
hpmcounter6,drift,seed13,95,6.848484848484849
hpmcounter6,drift,seed13,96,6.884848484848485
hpmcounter6,drift,seed13,97,6.848484848484849
hpmcounter6,drift,seed13,98,6.739393939393939
hpmcounter6,drift,seed13,99,6.557575757575758
hpmcounter6,drift,seed13,100,6.303030303030303
hpmcounter6,drift,seed13,101,6.218181818181818
hpmcounter6,drift,seed13,102,6.303030303030303
hpmcounter6,drift,seed13,103,6.557575757575758
hpmcounter6,drift,seed13,104,6.739393939393939
hpmcounter6,drift,seed13,105,6.848484848484849
hpmcounter6,drift,seed13,106,6.884848484848485
hpmcounter6,drift,seed13,107,6.848484848484849
hpmcounter6,drift,seed13,108,6.739393939393939
hpmcounter6,drift,seed13,109,6.557575757575758
hpmcounter6,drift,seed13,110,6.303030303030303
hpmcounter6,drift,seed13,111,6.218181818181818
hpmcounter6,drift,seed13,112,6.303030303030303
hpmcounter6,drift,seed13,113,6.557575757575758
hpmcounter6,drift,seed13,114,6.739393939393939
hpmcounter6,drift,seed13,115,6.848484848484849
hpmcounter6,drift,seed13,116,6.884848484848485
hpmcounter6,drift,seed13,117,6.848484848484849
hpmcounter6,drift,seed13,118,6.739393939393939
hpmcounter6,drift,seed13,119,6.557575757575758
hpmcounter6,drift,seed13,120,6.303030303030303
hpmcounter6,drift,seed13,121,6.218181818181818
hpmcounter6,drift,seed13,122,6.303030303030303
hpmcounter6,drift,seed13,123,6.557575757575758
hpmcounter6,drift,seed13,124,6.739393939393939
hpmcounter6,drift,seed13,125,6.848484848484849
hpmcounter6,drift,seed13,126,6.884848484848485
hpmcounter6,drift,seed13,127,6.848484848484849
hpmcounter6,drift,seed13,128,6.739393939393939
hpmcounter6,drift,seed13,129,6.557575757575758
hpmcounter6,drift,seed13,130,6.303030303030303
hpmcounter6,drift,seed13,131,6.218181818181818
hpmcounter6,drift,seed13,132,6.303030303030303
hpmcounter6,drift,seed13,133,6.557575757575758
hpmcounter6,drift,seed13,134,6.739393939393939
hpmcounter6,drift,seed13,135,6.848484848484849
hpmcounter6,drift,seed13,136,6.884848484848485
hpmcounter6,drift,seed13,137,6.848484848484849
hpmcounter6,drift,seed13,138,6.739393939393939
hpmcounter6,drift,seed13,139,6.557575757575758
hpmcounter6,drift,seed13,140,6.303030303030303
hpmcounter6,drift,seed13,141,6.218181818181818
hpmcounter6,drift,seed13,142,6.303030303030303
hpmcounter6,drift,seed13,143,6.557575757575758
hpmcounter6,drift,seed13,144,6.739393939393939
hpmcounter6,drift,seed13,145,6.848484848484849
hpmcounter6,drift,seed13,146,6.884848484848485
hpmcounter6,drift,seed13,147,6.848484848484849
hpmcounter6,drift,seed13,148,6.739393939393939
hpmcounter6,drift,seed13,149,6.557575757575758
hpmcounter6,drift,seed13,150,6.303030303030303
hpmcounter6,drift,seed13,151,6.218181818181818
hpmcounter6,drift,seed13,152,6.303030303030303
hpmcounter6,drift,seed13,153,6.557575757575758
hpmcounter6,drift,seed13,154,6.739393939393939
hpmcounter6,drift,seed13,155,6.848484848484849
hpmcounter6,drift,seed13,156,6.884848484848485
hpmcounter6,drift,seed13,157,6.848484848484849
hpmcounter6,drift,seed13,158,6.739393939393939
hpmcounter6,drift,seed13,159,6.557575757575758
hpmcounter6,drift,seed13,160,6.303030303030303
hpmcounter6,drift,seed13,161,6.218181818181818
hpmcounter6,drift,seed13,162,6.303030303030303
hpmcounter6,drift,seed13,163,6.557575757575758
hpmcounter6,drift,seed13,164,6.739393939393939
hpmcounter6,drift,seed13,165,6.848484848484849
hpmcounter6,drift,seed13,166,6.884848484848485
hpmcounter6,drift,seed13,167,6.848484848484849
hpmcounter6,drift,seed13,168,6.739393939393939
hpmcounter6,drift,seed13,169,6.557575757575758
hpmcounter6,drift,seed13,170,6.303030303030303
hpmcounter6,drift,seed13,171,6.218181818181818
hpmcounter6,drift,seed13,172,6.303030303030303
hpmcounter6,drift,seed13,173,6.557575757575758
hpmcounter6,drift,seed13,174,6.739393939393939
hpmcounter6,drift,seed13,175,6.848484848484849
hpmcounter6,drift,seed13,176,6.884848484848485
hpmcounter6,drift,seed13,177,6.848484848484849
hpmcounter6,drift,seed13,178,6.739393939393939
hpmcounter6,drift,seed13,179,6.557575757575758
hpmcounter6,drift,seed13,180,6.303030303030303
hpmcounter6,drift,seed13,181,6.218181818181818
hpmcounter6,drift,seed13,182,6.303030303030303
hpmcounter6,drift,seed13,183,6.557575757575758
hpmcounter6,drift,seed13,184,6.739393939393939
hpmcounter6,drift,seed13,185,6.848484848484849
hpmcounter6,drift,seed13,186,6.884848484848485
hpmcounter6,drift,seed13,187,6.848484848484849
hpmcounter6,drift,seed13,188,6.739393939393939
hpmcounter6,drift,seed13,189,6.557575757575758
hpmcounter6,drift,seed13,190,6.303030303030303
hpmcounter6,drift,seed13,191,6.218181818181818
hpmcounter6,drift,seed13,192,6.303030303030303
hpmcounter6,drift,seed13,193,6.557575757575758
hpmcounter6,drift,seed13,194,6.739393939393939
hpmcounter6,drift,seed13,195,6.848484848484849
hpmcounter6,drift,seed13,196,6.884848484848485
hpmcounter6,drift,seed13,197,6.848484848484849
hpmcounter6,drift,seed13,198,6.739393939393939
hpmcounter6,drift,seed13,199,6.557575757575758
hpmcounter6,drift,seed13,200,6.303030303030303
hpmcounter6,drift,seed13,201,6.218181818181818
hpmcounter6,drift,seed13,202,6.303030303030303
hpmcounter6,drift,seed13,203,6.557575757575758
hpmcounter6,drift,seed13,204,6.739393939393939
hpmcounter6,drift,seed13,205,6.848484848484849
hpmcounter6,drift,seed13,206,6.884848484848485
hpmcounter6,drift,seed13,207,6.848484848484849
hpmcounter6,drift,seed13,208,6.739393939393939
hpmcounter6,drift,seed13,209,6.557575757575758
hpmcounter6,drift,seed13,210,6.303030303030303
hpmcounter6,drift,seed13,211,6.218181818181818
hpmcounter6,drift,seed13,212,6.303030303030303
hpmcounter6,drift,seed13,213,6.557575757575758
hpmcounter6,drift,seed13,214,6.739393939393939
hpmcounter6,drift,seed13,215,6.848484848484849
hpmcounter6,drift,seed13,216,6.884848484848485
hpmcounter6,drift,seed13,217,6.848484848484849
hpmcounter6,drift,seed13,218,6.739393939393939
hpmcounter6,drift,seed13,219,6.557575757575758
hpmcounter6,drift,seed13,220,6.303030303030303
hpmcounter6,drift,seed13,221,6.218181818181818
hpmcounter6,drift,seed13,222,6.303030303030303
hpmcounter6,drift,seed13,223,6.557575757575758
hpmcounter6,drift,seed13,224,6.739393939393939
hpmcounter6,drift,seed13,225,6.848484848484849
hpmcounter6,drift,seed13,226,6.884848484848485
hpmcounter6,drift,seed13,227,6.848484848484849
hpmcounter6,drift,seed13,228,6.739393939393939
hpmcounter6,drift,seed13,229,6.557575757575758
hpmcounter6,drift,seed13,230,6.303030303030303
hpmcounter6,drift,seed13,231,6.218181818181818
hpmcounter6,drift,seed13,232,6.303030303030303
hpmcounter6,drift,seed13,233,6.557575757575758
hpmcounter6,drift,seed13,234,6.739393939393939
hpmcounter6,drift,seed13,235,6.848484848484849
hpmcounter6,drift,seed13,236,6.884848484848485
hpmcounter6,drift,seed13,237,6.848484848484849
hpmcounter6,drift,seed13,238,6.739393939393939
hpmcounter6,drift,seed13,239,6.557575757575758
hpmcounter6,drift,seed13,240,6.303030303030303
hpmcounter6,drift,seed13,241,6.218181818181818
hpmcounter6,drift,seed13,242,6.303030303030303
hpmcounter6,drift,seed13,243,6.557575757575758
hpmcounter6,drift,seed13,244,6.739393939393939
hpmcounter6,drift,seed13,245,6.848484848484849
hpmcounter6,drift,seed13,246,6.884848484848485
hpmcounter6,drift,seed13,247,6.848484848484849
hpmcounter6,drift,seed13,248,6.739393939393939
hpmcounter6,drift,seed13,249,6.557575757575758
hpmcounter6,drift,seed13,250,6.303030303030303
hpmcounter6,drift,seed13,251,6.218181818181818
hpmcounter6,drift,seed13,252,6.303030303030303
hpmcounter6,drift,seed13,253,6.557575757575758
hpmcounter6,drift,seed13,254,6.739393939393939
hpmcounter6,drift,seed13,255,6.848484848484849
hpmcounter6,drift,seed13,256,6.884848484848485
hpmcounter6,drift,seed13,257,6.848484848484849
hpmcounter6,drift,seed13,258,6.739393939393939
hpmcounter6,drift,seed13,259,6.557575757575758
hpmcounter6,drift,seed13,260,6.303030303030303
hpmcounter6,drift,seed13,261,6.218181818181818
hpmcounter6,drift,seed13,262,6.303030303030303
hpmcounter6,drift,seed13,263,6.557575757575758
hpmcounter6,drift,seed13,264,6.739393939393939
hpmcounter6,drift,seed13,265,6.848484848484849
hpmcounter6,drift,seed13,266,6.884848484848485
hpmcounter6,drift,seed13,267,6.848484848484849
hpmcounter6,drift,seed13,268,6.739393939393939
hpmcounter6,drift,seed13,269,6.557575757575758
hpmcounter6,drift,seed13,270,6.303030303030303
hpmcounter6,drift,seed13,271,6.218181818181818
hpmcounter6,drift,seed13,272,6.303030303030303
hpmcounter6,drift,seed13,273,6.557575757575758
hpmcounter6,drift,seed13,274,6.739393939393939
hpmcounter6,drift,seed13,275,6.848484848484849
hpmcounter6,drift,seed13,276,6.884848484848485
hpmcounter6,drift,seed13,277,6.848484848484849
hpmcounter6,drift,seed13,278,6.739393939393939
hpmcounter6,drift,seed13,279,6.557575757575758
hpmcounter6,drift,seed13,280,6.303030303030303
hpmcounter6,drift,seed13,281,6.218181818181818
hpmcounter6,drift,seed13,282,6.303030303030303
hpmcounter6,drift,seed13,283,6.557575757575758
hpmcounter6,drift,seed13,284,6.739393939393939
hpmcounter6,drift,seed13,285,6.848484848484849
hpmcounter6,drift,seed13,286,6.884848484848485
hpmcounter6,drift,seed13,287,6.848484848484849
hpmcounter6,drift,seed13,288,6.739393939393939
hpmcounter6,drift,seed13,289,6.557575757575758
hpmcounter6,drift,seed13,290,6.303030303030303
hpmcounter6,drift,seed13,291,6.218181818181818
hpmcounter6,drift,seed13,292,6.303030303030303
hpmcounter6,drift,seed13,293,6.557575757575758
hpmcounter6,drift,seed13,294,6.739393939393939
hpmcounter6,drift,seed13,295,6.848484848484849
hpmcounter6,drift,seed13,296,6.884848484848485
hpmcounter6,drift,seed13,297,6.848484848484849
hpmcounter6,drift,seed13,298,6.739393939393939
hpmcounter6,drift,seed14,9,6.557575757575758
hpmcounter6,drift,seed14,10,6.303030303030303
hpmcounter6,drift,seed14,11,6.218181818181818
hpmcounter6,drift,seed14,12,6.303030303030303
hpmcounter6,drift,seed14,13,6.557575757575758
hpmcounter6,drift,seed14,14,6.739393939393939
hpmcounter6,drift,seed14,15,6.848484848484849
hpmcounter6,drift,seed14,16,6.884848484848485
hpmcounter6,drift,seed14,17,6.848484848484849
hpmcounter6,drift,seed14,18,6.739393939393939
hpmcounter6,drift,seed14,19,6.557575757575758
hpmcounter6,drift,seed14,20,6.303030303030303
hpmcounter6,drift,seed14,21,6.218181818181818
hpmcounter6,drift,seed14,22,6.303030303030303
hpmcounter6,drift,seed14,23,6.557575757575758
hpmcounter6,drift,seed14,24,6.739393939393939
hpmcounter6,drift,seed14,25,6.848484848484849
hpmcounter6,drift,seed14,26,6.884848484848485
hpmcounter6,drift,seed14,27,6.848484848484849
hpmcounter6,drift,seed14,28,6.739393939393939
hpmcounter6,drift,seed14,29,6.557575757575758
hpmcounter6,drift,seed14,30,6.303030303030303
hpmcounter6,drift,seed14,31,6.218181818181818
hpmcounter6,drift,seed14,32,6.303030303030303
hpmcounter6,drift,seed14,33,6.557575757575758
hpmcounter6,drift,seed14,34,6.739393939393939
hpmcounter6,drift,seed14,35,6.848484848484849
hpmcounter6,drift,seed14,36,6.884848484848485
hpmcounter6,drift,seed14,37,6.848484848484849
hpmcounter6,drift,seed14,38,6.739393939393939
hpmcounter6,drift,seed14,39,6.557575757575758
hpmcounter6,drift,seed14,40,6.303030303030303
hpmcounter6,drift,seed14,41,6.218181818181818
hpmcounter6,drift,seed14,42,6.303030303030303
hpmcounter6,drift,seed14,43,6.557575757575758
hpmcounter6,drift,seed14,44,6.739393939393939
hpmcounter6,drift,seed14,45,6.848484848484849
hpmcounter6,drift,seed14,46,6.884848484848485
hpmcounter6,drift,seed14,47,6.848484848484849
hpmcounter6,drift,seed14,48,6.739393939393939
hpmcounter6,drift,seed14,49,6.557575757575758
hpmcounter6,drift,seed14,50,6.303030303030303
hpmcounter6,drift,seed14,51,6.218181818181818
hpmcounter6,drift,seed14,52,6.303030303030303
hpmcounter6,drift,seed14,53,6.557575757575758
hpmcounter6,drift,seed14,54,6.739393939393939
hpmcounter6,drift,seed14,55,6.848484848484849
hpmcounter6,drift,seed14,56,6.884848484848485
hpmcounter6,drift,seed14,57,6.848484848484849
hpmcounter6,drift,seed14,58,6.739393939393939
hpmcounter6,drift,seed14,59,6.557575757575758
hpmcounter6,drift,seed14,60,6.303030303030303
hpmcounter6,drift,seed14,61,6.218181818181818
hpmcounter6,drift,seed14,62,6.303030303030303
hpmcounter6,drift,seed14,63,6.557575757575758
hpmcounter6,drift,seed14,64,6.739393939393939
hpmcounter6,drift,seed14,65,6.848484848484849
hpmcounter6,drift,seed14,66,6.884848484848485
hpmcounter6,drift,seed14,67,6.848484848484849
hpmcounter6,drift,seed14,68,6.739393939393939
hpmcounter6,drift,seed14,69,6.557575757575758
hpmcounter6,drift,seed14,70,6.303030303030303
hpmcounter6,drift,seed14,71,6.218181818181818
hpmcounter6,drift,seed14,72,6.303030303030303
hpmcounter6,drift,seed14,73,6.557575757575758
hpmcounter6,drift,seed14,74,6.739393939393939
hpmcounter6,drift,seed14,75,6.848484848484849
hpmcounter6,drift,seed14,76,6.884848484848485
hpmcounter6,drift,seed14,77,6.848484848484849
hpmcounter6,drift,seed14,78,6.739393939393939
hpmcounter6,drift,seed14,79,6.557575757575758
hpmcounter6,drift,seed14,80,6.303030303030303
hpmcounter6,drift,seed14,81,6.218181818181818
hpmcounter6,drift,seed14,82,6.303030303030303
hpmcounter6,drift,seed14,83,6.557575757575758
hpmcounter6,drift,seed14,84,6.739393939393939
hpmcounter6,drift,seed14,85,6.848484848484849
hpmcounter6,drift,seed14,86,6.884848484848485
hpmcounter6,drift,seed14,87,6.848484848484849
hpmcounter6,drift,seed14,88,6.739393939393939
hpmcounter6,drift,seed14,89,6.557575757575758
hpmcounter6,drift,seed14,90,6.303030303030303
hpmcounter6,drift,seed14,91,6.218181818181818
hpmcounter6,drift,seed14,92,6.303030303030303
hpmcounter6,drift,seed14,93,6.557575757575758
hpmcounter6,drift,seed14,94,6.739393939393939
hpmcounter6,drift,seed14,95,6.848484848484849
hpmcounter6,drift,seed14,96,6.884848484848485
hpmcounter6,drift,seed14,97,6.848484848484849
hpmcounter6,drift,seed14,98,6.739393939393939
hpmcounter6,drift,seed14,99,6.557575757575758
hpmcounter6,drift,seed14,100,6.303030303030303
hpmcounter6,drift,seed14,101,6.218181818181818
hpmcounter6,drift,seed14,102,6.303030303030303
hpmcounter6,drift,seed14,103,6.557575757575758
hpmcounter6,drift,seed14,104,6.739393939393939
hpmcounter6,drift,seed14,105,6.848484848484849
hpmcounter6,drift,seed14,106,6.884848484848485
hpmcounter6,drift,seed14,107,6.848484848484849
hpmcounter6,drift,seed14,108,6.739393939393939
hpmcounter6,drift,seed14,109,6.557575757575758
hpmcounter6,drift,seed14,110,6.303030303030303
hpmcounter6,drift,seed14,111,6.218181818181818
hpmcounter6,drift,seed14,112,6.303030303030303
hpmcounter6,drift,seed14,113,6.557575757575758
hpmcounter6,drift,seed14,114,6.739393939393939
hpmcounter6,drift,seed14,115,6.848484848484849
hpmcounter6,drift,seed14,116,6.884848484848485
hpmcounter6,drift,seed14,117,6.848484848484849
hpmcounter6,drift,seed14,118,6.739393939393939
hpmcounter6,drift,seed14,119,6.557575757575758
hpmcounter6,drift,seed14,120,6.303030303030303
hpmcounter6,drift,seed14,121,6.218181818181818
hpmcounter6,drift,seed14,122,6.303030303030303
hpmcounter6,drift,seed14,123,6.557575757575758
hpmcounter6,drift,seed14,124,6.739393939393939
hpmcounter6,drift,seed14,125,6.848484848484849
hpmcounter6,drift,seed14,126,6.884848484848485
hpmcounter6,drift,seed14,127,6.848484848484849
hpmcounter6,drift,seed14,128,6.739393939393939
hpmcounter6,drift,seed14,129,6.557575757575758
hpmcounter6,drift,seed14,130,6.303030303030303
hpmcounter6,drift,seed14,131,6.218181818181818
hpmcounter6,drift,seed14,132,6.303030303030303
hpmcounter6,drift,seed14,133,6.557575757575758
hpmcounter6,drift,seed14,134,6.739393939393939
hpmcounter6,drift,seed14,135,6.848484848484849
hpmcounter6,drift,seed14,136,6.884848484848485
hpmcounter6,drift,seed14,137,6.848484848484849
hpmcounter6,drift,seed14,138,6.739393939393939
hpmcounter6,drift,seed14,139,6.557575757575758
hpmcounter6,drift,seed14,140,6.303030303030303
hpmcounter6,drift,seed14,141,6.218181818181818
hpmcounter6,drift,seed14,142,6.303030303030303
hpmcounter6,drift,seed14,143,6.557575757575758
hpmcounter6,drift,seed14,144,6.739393939393939
hpmcounter6,drift,seed14,145,6.848484848484849
hpmcounter6,drift,seed14,146,6.884848484848485
hpmcounter6,drift,seed14,147,6.848484848484849
hpmcounter6,drift,seed14,148,6.739393939393939
hpmcounter6,drift,seed14,149,6.557575757575758
hpmcounter6,drift,seed14,150,6.303030303030303
hpmcounter6,drift,seed14,151,6.218181818181818
hpmcounter6,drift,seed14,152,6.303030303030303
hpmcounter6,drift,seed14,153,6.557575757575758
hpmcounter6,drift,seed14,154,6.739393939393939
hpmcounter6,drift,seed14,155,6.848484848484849
hpmcounter6,drift,seed14,156,6.884848484848485
hpmcounter6,drift,seed14,157,6.848484848484849
hpmcounter6,drift,seed14,158,6.739393939393939
hpmcounter6,drift,seed14,159,6.557575757575758
hpmcounter6,drift,seed14,160,6.303030303030303
hpmcounter6,drift,seed14,161,6.218181818181818
hpmcounter6,drift,seed14,162,6.303030303030303
hpmcounter6,drift,seed14,163,6.557575757575758
hpmcounter6,drift,seed14,164,6.739393939393939
hpmcounter6,drift,seed14,165,6.848484848484849
hpmcounter6,drift,seed14,166,6.884848484848485
hpmcounter6,drift,seed14,167,6.848484848484849
hpmcounter6,drift,seed14,168,6.739393939393939
hpmcounter6,drift,seed14,169,6.557575757575758
hpmcounter6,drift,seed14,170,6.303030303030303
hpmcounter6,drift,seed14,171,6.218181818181818
hpmcounter6,drift,seed14,172,6.303030303030303
hpmcounter6,drift,seed14,173,6.557575757575758
hpmcounter6,drift,seed14,174,6.739393939393939
hpmcounter6,drift,seed14,175,6.848484848484849
hpmcounter6,drift,seed14,176,6.884848484848485
hpmcounter6,drift,seed14,177,6.848484848484849
hpmcounter6,drift,seed14,178,6.739393939393939
hpmcounter6,drift,seed14,179,6.557575757575758
hpmcounter6,drift,seed14,180,6.303030303030303
hpmcounter6,drift,seed14,181,6.218181818181818
hpmcounter6,drift,seed14,182,6.303030303030303
hpmcounter6,drift,seed14,183,6.557575757575758
hpmcounter6,drift,seed14,184,6.739393939393939
hpmcounter6,drift,seed14,185,6.848484848484849
hpmcounter6,drift,seed14,186,6.884848484848485
hpmcounter6,drift,seed14,187,6.848484848484849
hpmcounter6,drift,seed14,188,6.739393939393939
hpmcounter6,drift,seed14,189,6.557575757575758
hpmcounter6,drift,seed14,190,6.303030303030303
hpmcounter6,drift,seed14,191,6.218181818181818
hpmcounter6,drift,seed14,192,6.303030303030303
hpmcounter6,drift,seed14,193,6.557575757575758
hpmcounter6,drift,seed14,194,6.739393939393939
hpmcounter6,drift,seed14,195,6.848484848484849
hpmcounter6,drift,seed14,196,6.884848484848485
hpmcounter6,drift,seed14,197,6.848484848484849
hpmcounter6,drift,seed14,198,6.739393939393939
hpmcounter6,drift,seed14,199,6.557575757575758
hpmcounter6,drift,seed14,200,6.303030303030303
hpmcounter6,drift,seed14,201,6.218181818181818
hpmcounter6,drift,seed14,202,6.303030303030303
hpmcounter6,drift,seed14,203,6.557575757575758
hpmcounter6,drift,seed14,204,6.739393939393939
hpmcounter6,drift,seed14,205,6.848484848484849
hpmcounter6,drift,seed14,206,6.884848484848485
hpmcounter6,drift,seed14,207,6.848484848484849
hpmcounter6,drift,seed14,208,6.739393939393939
hpmcounter6,drift,seed14,209,6.557575757575758
hpmcounter6,drift,seed14,210,6.303030303030303
hpmcounter6,drift,seed14,211,6.218181818181818
hpmcounter6,drift,seed14,212,6.303030303030303
hpmcounter6,drift,seed14,213,6.557575757575758
hpmcounter6,drift,seed14,214,6.739393939393939
hpmcounter6,drift,seed14,215,6.848484848484849
hpmcounter6,drift,seed14,216,6.884848484848485
hpmcounter6,drift,seed14,217,6.848484848484849
hpmcounter6,drift,seed14,218,6.739393939393939
hpmcounter6,drift,seed14,219,6.557575757575758
hpmcounter6,drift,seed14,220,6.303030303030303
hpmcounter6,drift,seed14,221,6.218181818181818
hpmcounter6,drift,seed14,222,6.303030303030303
hpmcounter6,drift,seed14,223,6.557575757575758
hpmcounter6,drift,seed14,224,6.739393939393939
hpmcounter6,drift,seed14,225,6.848484848484849
hpmcounter6,drift,seed14,226,6.884848484848485
hpmcounter6,drift,seed14,227,6.848484848484849
hpmcounter6,drift,seed14,228,6.739393939393939
hpmcounter6,drift,seed14,229,6.557575757575758
hpmcounter6,drift,seed14,230,6.303030303030303
hpmcounter6,drift,seed14,231,6.218181818181818
hpmcounter6,drift,seed14,232,6.303030303030303
hpmcounter6,drift,seed14,233,6.557575757575758
hpmcounter6,drift,seed14,234,6.739393939393939
hpmcounter6,drift,seed14,235,6.848484848484849
hpmcounter6,drift,seed14,236,6.884848484848485
hpmcounter6,drift,seed14,237,6.848484848484849
hpmcounter6,drift,seed14,238,6.739393939393939
hpmcounter6,drift,seed14,239,6.557575757575758
hpmcounter6,drift,seed14,240,6.303030303030303
hpmcounter6,drift,seed14,241,6.218181818181818
hpmcounter6,drift,seed14,242,6.303030303030303
hpmcounter6,drift,seed14,243,6.557575757575758
hpmcounter6,drift,seed14,244,6.739393939393939
hpmcounter6,drift,seed14,245,6.848484848484849
hpmcounter6,drift,seed14,246,6.884848484848485
hpmcounter6,drift,seed14,247,6.848484848484849
hpmcounter6,drift,seed14,248,6.739393939393939
hpmcounter6,drift,seed14,249,6.557575757575758
hpmcounter6,drift,seed14,250,6.303030303030303
hpmcounter6,drift,seed14,251,6.218181818181818
hpmcounter6,drift,seed14,252,6.303030303030303
hpmcounter6,drift,seed14,253,6.557575757575758
hpmcounter6,drift,seed14,254,6.739393939393939
hpmcounter6,drift,seed14,255,6.848484848484849
hpmcounter6,drift,seed14,256,6.884848484848485
hpmcounter6,drift,seed14,257,6.848484848484849
hpmcounter6,drift,seed14,258,6.739393939393939
hpmcounter6,drift,seed14,259,6.557575757575758
hpmcounter6,drift,seed14,260,6.303030303030303
hpmcounter6,drift,seed14,261,6.218181818181818
hpmcounter6,drift,seed14,262,6.303030303030303
hpmcounter6,drift,seed14,263,6.557575757575758
hpmcounter6,drift,seed14,264,6.739393939393939
hpmcounter6,drift,seed14,265,6.848484848484849
hpmcounter6,drift,seed14,266,6.884848484848485
hpmcounter6,drift,seed14,267,6.848484848484849
hpmcounter6,drift,seed14,268,6.739393939393939
hpmcounter6,drift,seed14,269,6.557575757575758
hpmcounter6,drift,seed14,270,6.303030303030303
hpmcounter6,drift,seed14,271,6.218181818181818
hpmcounter6,drift,seed14,272,6.303030303030303
hpmcounter6,drift,seed14,273,6.557575757575758
hpmcounter6,drift,seed14,274,6.739393939393939
hpmcounter6,drift,seed14,275,6.848484848484849
hpmcounter6,drift,seed14,276,6.884848484848485
hpmcounter6,drift,seed14,277,6.848484848484849
hpmcounter6,drift,seed14,278,6.739393939393939
hpmcounter6,drift,seed14,279,6.557575757575758
hpmcounter6,drift,seed14,280,6.303030303030303
hpmcounter6,drift,seed14,281,6.218181818181818
hpmcounter6,drift,seed14,282,6.303030303030303
hpmcounter6,drift,seed14,283,6.557575757575758
hpmcounter6,drift,seed14,284,6.739393939393939
hpmcounter6,drift,seed14,285,6.848484848484849
hpmcounter6,drift,seed14,286,6.884848484848485
hpmcounter6,drift,seed14,287,6.848484848484849
hpmcounter6,drift,seed14,288,6.739393939393939
hpmcounter6,drift,seed14,289,6.557575757575758
hpmcounter6,drift,seed14,290,6.303030303030303
hpmcounter6,drift,seed14,291,6.218181818181818
hpmcounter6,drift,seed14,292,6.303030303030303
hpmcounter6,drift,seed14,293,6.557575757575758
hpmcounter6,drift,seed14,294,6.739393939393939
hpmcounter6,drift,seed14,295,6.848484848484849
hpmcounter6,drift,seed14,296,6.884848484848485
hpmcounter6,drift,seed14,297,6.848484848484849
hpmcounter6,drift,seed14,298,6.739393939393939
hpmcounter6,drift,seed15,9,6.557575757575758
hpmcounter6,drift,seed15,10,6.303030303030303
hpmcounter6,drift,seed15,11,6.218181818181818
hpmcounter6,drift,seed15,12,6.303030303030303
hpmcounter6,drift,seed15,13,6.557575757575758
hpmcounter6,drift,seed15,14,6.739393939393939
hpmcounter6,drift,seed15,15,6.848484848484849
hpmcounter6,drift,seed15,16,6.884848484848485
hpmcounter6,drift,seed15,17,6.848484848484849
hpmcounter6,drift,seed15,18,6.739393939393939
hpmcounter6,drift,seed15,19,6.557575757575758
hpmcounter6,drift,seed15,20,6.303030303030303
hpmcounter6,drift,seed15,21,6.218181818181818
hpmcounter6,drift,seed15,22,6.303030303030303
hpmcounter6,drift,seed15,23,6.557575757575758
hpmcounter6,drift,seed15,24,6.739393939393939
hpmcounter6,drift,seed15,25,6.848484848484849
hpmcounter6,drift,seed15,26,6.884848484848485
hpmcounter6,drift,seed15,27,6.848484848484849
hpmcounter6,drift,seed15,28,6.739393939393939
hpmcounter6,drift,seed15,29,6.557575757575758
hpmcounter6,drift,seed15,30,6.303030303030303
hpmcounter6,drift,seed15,31,6.218181818181818
hpmcounter6,drift,seed15,32,6.303030303030303
hpmcounter6,drift,seed15,33,6.557575757575758
hpmcounter6,drift,seed15,34,6.739393939393939
hpmcounter6,drift,seed15,35,6.848484848484849
hpmcounter6,drift,seed15,36,6.884848484848485
hpmcounter6,drift,seed15,37,6.848484848484849
hpmcounter6,drift,seed15,38,6.739393939393939
hpmcounter6,drift,seed15,39,6.557575757575758
hpmcounter6,drift,seed15,40,6.303030303030303
hpmcounter6,drift,seed15,41,6.218181818181818
hpmcounter6,drift,seed15,42,6.303030303030303
hpmcounter6,drift,seed15,43,6.557575757575758
hpmcounter6,drift,seed15,44,6.739393939393939
hpmcounter6,drift,seed15,45,6.848484848484849
hpmcounter6,drift,seed15,46,6.884848484848485
hpmcounter6,drift,seed15,47,6.848484848484849
hpmcounter6,drift,seed15,48,6.739393939393939
hpmcounter6,drift,seed15,49,6.557575757575758
hpmcounter6,drift,seed15,50,6.303030303030303
hpmcounter6,drift,seed15,51,6.218181818181818
hpmcounter6,drift,seed15,52,6.303030303030303
hpmcounter6,drift,seed15,53,6.557575757575758
hpmcounter6,drift,seed15,54,6.739393939393939
hpmcounter6,drift,seed15,55,6.848484848484849
hpmcounter6,drift,seed15,56,6.884848484848485
hpmcounter6,drift,seed15,57,6.848484848484849
hpmcounter6,drift,seed15,58,6.739393939393939
hpmcounter6,drift,seed15,59,6.557575757575758
hpmcounter6,drift,seed15,60,6.303030303030303
hpmcounter6,drift,seed15,61,6.218181818181818
hpmcounter6,drift,seed15,62,6.303030303030303
hpmcounter6,drift,seed15,63,6.557575757575758
hpmcounter6,drift,seed15,64,6.739393939393939
hpmcounter6,drift,seed15,65,6.848484848484849
hpmcounter6,drift,seed15,66,6.884848484848485
hpmcounter6,drift,seed15,67,6.848484848484849
hpmcounter6,drift,seed15,68,6.739393939393939
hpmcounter6,drift,seed15,69,6.557575757575758
hpmcounter6,drift,seed15,70,6.303030303030303
hpmcounter6,drift,seed15,71,6.218181818181818
hpmcounter6,drift,seed15,72,6.303030303030303
hpmcounter6,drift,seed15,73,6.557575757575758
hpmcounter6,drift,seed15,74,6.739393939393939
hpmcounter6,drift,seed15,75,6.848484848484849
hpmcounter6,drift,seed15,76,6.884848484848485
hpmcounter6,drift,seed15,77,6.848484848484849
hpmcounter6,drift,seed15,78,6.739393939393939
hpmcounter6,drift,seed15,79,6.557575757575758
hpmcounter6,drift,seed15,80,6.303030303030303
hpmcounter6,drift,seed15,81,6.218181818181818
hpmcounter6,drift,seed15,82,6.303030303030303
hpmcounter6,drift,seed15,83,6.557575757575758
hpmcounter6,drift,seed15,84,6.739393939393939
hpmcounter6,drift,seed15,85,6.848484848484849
hpmcounter6,drift,seed15,86,6.884848484848485
hpmcounter6,drift,seed15,87,6.848484848484849
hpmcounter6,drift,seed15,88,6.739393939393939
hpmcounter6,drift,seed15,89,6.557575757575758
hpmcounter6,drift,seed15,90,6.303030303030303
hpmcounter6,drift,seed15,91,6.218181818181818
hpmcounter6,drift,seed15,92,6.303030303030303
hpmcounter6,drift,seed15,93,6.557575757575758
hpmcounter6,drift,seed15,94,6.739393939393939
hpmcounter6,drift,seed15,95,6.848484848484849
hpmcounter6,drift,seed15,96,6.884848484848485
hpmcounter6,drift,seed15,97,6.848484848484849
hpmcounter6,drift,seed15,98,6.739393939393939
hpmcounter6,drift,seed15,99,6.557575757575758
hpmcounter6,drift,seed15,100,6.303030303030303
hpmcounter6,drift,seed15,101,6.218181818181818
hpmcounter6,drift,seed15,102,6.303030303030303
hpmcounter6,drift,seed15,103,6.557575757575758
hpmcounter6,drift,seed15,104,6.739393939393939
hpmcounter6,drift,seed15,105,6.848484848484849
hpmcounter6,drift,seed15,106,6.884848484848485
hpmcounter6,drift,seed15,107,6.848484848484849
hpmcounter6,drift,seed15,108,6.739393939393939
hpmcounter6,drift,seed15,109,6.557575757575758
hpmcounter6,drift,seed15,110,6.303030303030303
hpmcounter6,drift,seed15,111,6.218181818181818
hpmcounter6,drift,seed15,112,6.303030303030303
hpmcounter6,drift,seed15,113,6.557575757575758
hpmcounter6,drift,seed15,114,6.739393939393939
hpmcounter6,drift,seed15,115,6.848484848484849
hpmcounter6,drift,seed15,116,6.884848484848485
hpmcounter6,drift,seed15,117,6.848484848484849
hpmcounter6,drift,seed15,118,6.739393939393939
hpmcounter6,drift,seed15,119,6.557575757575758
hpmcounter6,drift,seed15,120,6.303030303030303
hpmcounter6,drift,seed15,121,6.218181818181818
hpmcounter6,drift,seed15,122,6.303030303030303
hpmcounter6,drift,seed15,123,6.557575757575758
hpmcounter6,drift,seed15,124,6.739393939393939
hpmcounter6,drift,seed15,125,6.848484848484849
hpmcounter6,drift,seed15,126,6.884848484848485
hpmcounter6,drift,seed15,127,6.848484848484849
hpmcounter6,drift,seed15,128,6.739393939393939
hpmcounter6,drift,seed15,129,6.557575757575758
hpmcounter6,drift,seed15,130,6.303030303030303
hpmcounter6,drift,seed15,131,6.218181818181818
hpmcounter6,drift,seed15,132,6.303030303030303
hpmcounter6,drift,seed15,133,6.557575757575758
hpmcounter6,drift,seed15,134,6.739393939393939
hpmcounter6,drift,seed15,135,6.848484848484849
hpmcounter6,drift,seed15,136,6.884848484848485
hpmcounter6,drift,seed15,137,6.848484848484849
hpmcounter6,drift,seed15,138,6.739393939393939
hpmcounter6,drift,seed15,139,6.557575757575758
hpmcounter6,drift,seed15,140,6.303030303030303
hpmcounter6,drift,seed15,141,6.218181818181818
hpmcounter6,drift,seed15,142,6.303030303030303
hpmcounter6,drift,seed15,143,6.557575757575758
hpmcounter6,drift,seed15,144,6.739393939393939
hpmcounter6,drift,seed15,145,6.848484848484849
hpmcounter6,drift,seed15,146,6.884848484848485
hpmcounter6,drift,seed15,147,6.848484848484849
hpmcounter6,drift,seed15,148,6.739393939393939
hpmcounter6,drift,seed15,149,6.557575757575758
hpmcounter6,drift,seed15,150,6.303030303030303
hpmcounter6,drift,seed15,151,6.218181818181818
hpmcounter6,drift,seed15,152,6.303030303030303
hpmcounter6,drift,seed15,153,6.557575757575758
hpmcounter6,drift,seed15,154,6.739393939393939
hpmcounter6,drift,seed15,155,6.848484848484849
hpmcounter6,drift,seed15,156,6.884848484848485
hpmcounter6,drift,seed15,157,6.848484848484849
hpmcounter6,drift,seed15,158,6.739393939393939
hpmcounter6,drift,seed15,159,6.557575757575758
hpmcounter6,drift,seed15,160,6.303030303030303
hpmcounter6,drift,seed15,161,6.218181818181818
hpmcounter6,drift,seed15,162,6.303030303030303
hpmcounter6,drift,seed15,163,6.557575757575758
hpmcounter6,drift,seed15,164,6.739393939393939
hpmcounter6,drift,seed15,165,6.848484848484849
hpmcounter6,drift,seed15,166,6.884848484848485
hpmcounter6,drift,seed15,167,6.848484848484849
hpmcounter6,drift,seed15,168,6.739393939393939
hpmcounter6,drift,seed15,169,6.557575757575758
hpmcounter6,drift,seed15,170,6.303030303030303
hpmcounter6,drift,seed15,171,6.218181818181818
hpmcounter6,drift,seed15,172,6.303030303030303
hpmcounter6,drift,seed15,173,6.557575757575758
hpmcounter6,drift,seed15,174,6.739393939393939
hpmcounter6,drift,seed15,175,6.848484848484849
hpmcounter6,drift,seed15,176,6.884848484848485
hpmcounter6,drift,seed15,177,6.848484848484849
hpmcounter6,drift,seed15,178,6.739393939393939
hpmcounter6,drift,seed15,179,6.557575757575758
hpmcounter6,drift,seed15,180,6.303030303030303
hpmcounter6,drift,seed15,181,6.218181818181818
hpmcounter6,drift,seed15,182,6.303030303030303
hpmcounter6,drift,seed15,183,6.557575757575758
hpmcounter6,drift,seed15,184,6.739393939393939
hpmcounter6,drift,seed15,185,6.848484848484849
hpmcounter6,drift,seed15,186,6.884848484848485
hpmcounter6,drift,seed15,187,6.848484848484849
hpmcounter6,drift,seed15,188,6.739393939393939
hpmcounter6,drift,seed15,189,6.557575757575758
hpmcounter6,drift,seed15,190,6.303030303030303
hpmcounter6,drift,seed15,191,6.218181818181818
hpmcounter6,drift,seed15,192,6.303030303030303
hpmcounter6,drift,seed15,193,6.557575757575758
hpmcounter6,drift,seed15,194,6.739393939393939
hpmcounter6,drift,seed15,195,6.848484848484849
hpmcounter6,drift,seed15,196,6.884848484848485
hpmcounter6,drift,seed15,197,6.848484848484849
hpmcounter6,drift,seed15,198,6.739393939393939
hpmcounter6,drift,seed15,199,6.557575757575758
hpmcounter6,drift,seed15,200,6.303030303030303
hpmcounter6,drift,seed15,201,6.218181818181818
hpmcounter6,drift,seed15,202,6.303030303030303
hpmcounter6,drift,seed15,203,6.557575757575758
hpmcounter6,drift,seed15,204,6.739393939393939
hpmcounter6,drift,seed15,205,6.848484848484849
hpmcounter6,drift,seed15,206,6.884848484848485
hpmcounter6,drift,seed15,207,6.848484848484849
hpmcounter6,drift,seed15,208,6.739393939393939
hpmcounter6,drift,seed15,209,6.557575757575758
hpmcounter6,drift,seed15,210,6.303030303030303
hpmcounter6,drift,seed15,211,6.218181818181818
hpmcounter6,drift,seed15,212,6.303030303030303
hpmcounter6,drift,seed15,213,6.557575757575758
hpmcounter6,drift,seed15,214,6.739393939393939
hpmcounter6,drift,seed15,215,6.848484848484849
hpmcounter6,drift,seed15,216,6.884848484848485
hpmcounter6,drift,seed15,217,6.848484848484849
hpmcounter6,drift,seed15,218,6.739393939393939
hpmcounter6,drift,seed15,219,6.557575757575758
hpmcounter6,drift,seed15,220,6.303030303030303
hpmcounter6,drift,seed15,221,6.218181818181818
hpmcounter6,drift,seed15,222,6.303030303030303
hpmcounter6,drift,seed15,223,6.557575757575758
hpmcounter6,drift,seed15,224,6.739393939393939
hpmcounter6,drift,seed15,225,6.848484848484849
hpmcounter6,drift,seed15,226,6.884848484848485
hpmcounter6,drift,seed15,227,6.848484848484849
hpmcounter6,drift,seed15,228,6.739393939393939
hpmcounter6,drift,seed15,229,6.557575757575758
hpmcounter6,drift,seed15,230,6.303030303030303
hpmcounter6,drift,seed15,231,6.218181818181818
hpmcounter6,drift,seed15,232,6.303030303030303
hpmcounter6,drift,seed15,233,6.557575757575758
hpmcounter6,drift,seed15,234,6.739393939393939
hpmcounter6,drift,seed15,235,6.848484848484849
hpmcounter6,drift,seed15,236,6.884848484848485
hpmcounter6,drift,seed15,237,6.848484848484849
hpmcounter6,drift,seed15,238,6.739393939393939
hpmcounter6,drift,seed15,239,6.557575757575758
hpmcounter6,drift,seed15,240,6.303030303030303
hpmcounter6,drift,seed15,241,6.218181818181818
hpmcounter6,drift,seed15,242,6.303030303030303
hpmcounter6,drift,seed15,243,6.557575757575758
hpmcounter6,drift,seed15,244,6.739393939393939
hpmcounter6,drift,seed15,245,6.848484848484849
hpmcounter6,drift,seed15,246,6.884848484848485
hpmcounter6,drift,seed15,247,6.848484848484849
hpmcounter6,drift,seed15,248,6.739393939393939
hpmcounter6,drift,seed15,249,6.557575757575758
hpmcounter6,drift,seed15,250,6.303030303030303
hpmcounter6,drift,seed15,251,6.218181818181818
hpmcounter6,drift,seed15,252,6.303030303030303
hpmcounter6,drift,seed15,253,6.557575757575758
hpmcounter6,drift,seed15,254,6.739393939393939
hpmcounter6,drift,seed15,255,6.848484848484849
hpmcounter6,drift,seed15,256,6.884848484848485
hpmcounter6,drift,seed15,257,6.848484848484849
hpmcounter6,drift,seed15,258,6.739393939393939
hpmcounter6,drift,seed15,259,6.557575757575758
hpmcounter6,drift,seed15,260,6.303030303030303
hpmcounter6,drift,seed15,261,6.218181818181818
hpmcounter6,drift,seed15,262,6.303030303030303
hpmcounter6,drift,seed15,263,6.557575757575758
hpmcounter6,drift,seed15,264,6.739393939393939
hpmcounter6,drift,seed15,265,6.848484848484849
hpmcounter6,drift,seed15,266,6.884848484848485
hpmcounter6,drift,seed15,267,6.848484848484849
hpmcounter6,drift,seed15,268,6.739393939393939
hpmcounter6,drift,seed15,269,6.557575757575758
hpmcounter6,drift,seed15,270,6.303030303030303
hpmcounter6,drift,seed15,271,6.218181818181818
hpmcounter6,drift,seed15,272,6.303030303030303
hpmcounter6,drift,seed15,273,6.557575757575758
hpmcounter6,drift,seed15,274,6.739393939393939
hpmcounter6,drift,seed15,275,6.848484848484849
hpmcounter6,drift,seed15,276,6.884848484848485
hpmcounter6,drift,seed15,277,6.848484848484849
hpmcounter6,drift,seed15,278,6.739393939393939
hpmcounter6,drift,seed15,279,6.557575757575758
hpmcounter6,drift,seed15,280,6.303030303030303
hpmcounter6,drift,seed15,281,6.218181818181818
hpmcounter6,drift,seed15,282,6.303030303030303
hpmcounter6,drift,seed15,283,6.557575757575758
hpmcounter6,drift,seed15,284,6.739393939393939
hpmcounter6,drift,seed15,285,6.848484848484849
hpmcounter6,drift,seed15,286,6.884848484848485
hpmcounter6,drift,seed15,287,6.848484848484849
hpmcounter6,drift,seed15,288,6.739393939393939
hpmcounter6,drift,seed15,289,6.557575757575758
hpmcounter6,drift,seed15,290,6.303030303030303
hpmcounter6,drift,seed15,291,6.218181818181818
hpmcounter6,drift,seed15,292,6.303030303030303
hpmcounter6,drift,seed15,293,6.557575757575758
hpmcounter6,drift,seed15,294,6.739393939393939
hpmcounter6,drift,seed15,295,6.848484848484849
hpmcounter6,drift,seed15,296,6.884848484848485
hpmcounter6,drift,seed15,297,6.848484848484849
hpmcounter6,drift,seed15,298,6.739393939393939
hpmcounter6,drift,seed16,9,6.557575757575758
hpmcounter6,drift,seed16,10,6.303030303030303
hpmcounter6,drift,seed16,11,6.218181818181818
hpmcounter6,drift,seed16,12,6.303030303030303
hpmcounter6,drift,seed16,13,6.557575757575758
hpmcounter6,drift,seed16,14,6.739393939393939
hpmcounter6,drift,seed16,15,6.848484848484849
hpmcounter6,drift,seed16,16,6.884848484848485
hpmcounter6,drift,seed16,17,6.848484848484849
hpmcounter6,drift,seed16,18,6.739393939393939
hpmcounter6,drift,seed16,19,6.557575757575758
hpmcounter6,drift,seed16,20,6.303030303030303
hpmcounter6,drift,seed16,21,6.218181818181818
hpmcounter6,drift,seed16,22,6.303030303030303
hpmcounter6,drift,seed16,23,6.557575757575758
hpmcounter6,drift,seed16,24,6.739393939393939
hpmcounter6,drift,seed16,25,6.848484848484849
hpmcounter6,drift,seed16,26,6.884848484848485
hpmcounter6,drift,seed16,27,6.848484848484849
hpmcounter6,drift,seed16,28,6.739393939393939
hpmcounter6,drift,seed16,29,6.557575757575758
hpmcounter6,drift,seed16,30,6.303030303030303
hpmcounter6,drift,seed16,31,6.218181818181818
hpmcounter6,drift,seed16,32,6.303030303030303
hpmcounter6,drift,seed16,33,6.557575757575758
hpmcounter6,drift,seed16,34,6.739393939393939
hpmcounter6,drift,seed16,35,6.848484848484849
hpmcounter6,drift,seed16,36,6.884848484848485
hpmcounter6,drift,seed16,37,6.848484848484849
hpmcounter6,drift,seed16,38,6.739393939393939
hpmcounter6,drift,seed16,39,6.557575757575758
hpmcounter6,drift,seed16,40,6.303030303030303
hpmcounter6,drift,seed16,41,6.218181818181818
hpmcounter6,drift,seed16,42,6.303030303030303
hpmcounter6,drift,seed16,43,6.557575757575758
hpmcounter6,drift,seed16,44,6.739393939393939
hpmcounter6,drift,seed16,45,6.848484848484849
hpmcounter6,drift,seed16,46,6.884848484848485
hpmcounter6,drift,seed16,47,6.848484848484849
hpmcounter6,drift,seed16,48,6.739393939393939
hpmcounter6,drift,seed16,49,6.557575757575758
hpmcounter6,drift,seed16,50,6.303030303030303
hpmcounter6,drift,seed16,51,6.218181818181818
hpmcounter6,drift,seed16,52,6.303030303030303
hpmcounter6,drift,seed16,53,6.557575757575758
hpmcounter6,drift,seed16,54,6.739393939393939
hpmcounter6,drift,seed16,55,6.848484848484849
hpmcounter6,drift,seed16,56,6.884848484848485
hpmcounter6,drift,seed16,57,6.848484848484849
hpmcounter6,drift,seed16,58,6.739393939393939
hpmcounter6,drift,seed16,59,6.557575757575758
hpmcounter6,drift,seed16,60,6.303030303030303
hpmcounter6,drift,seed16,61,6.218181818181818
hpmcounter6,drift,seed16,62,6.303030303030303
hpmcounter6,drift,seed16,63,6.557575757575758
hpmcounter6,drift,seed16,64,6.739393939393939
hpmcounter6,drift,seed16,65,6.848484848484849
hpmcounter6,drift,seed16,66,6.884848484848485
hpmcounter6,drift,seed16,67,6.848484848484849
hpmcounter6,drift,seed16,68,6.739393939393939
hpmcounter6,drift,seed16,69,6.557575757575758
hpmcounter6,drift,seed16,70,6.303030303030303
hpmcounter6,drift,seed16,71,6.218181818181818
hpmcounter6,drift,seed16,72,6.303030303030303
hpmcounter6,drift,seed16,73,6.557575757575758
hpmcounter6,drift,seed16,74,6.739393939393939
hpmcounter6,drift,seed16,75,6.848484848484849
hpmcounter6,drift,seed16,76,6.884848484848485
hpmcounter6,drift,seed16,77,6.848484848484849
hpmcounter6,drift,seed16,78,6.739393939393939
hpmcounter6,drift,seed16,79,6.557575757575758
hpmcounter6,drift,seed16,80,6.303030303030303
hpmcounter6,drift,seed16,81,6.218181818181818
hpmcounter6,drift,seed16,82,6.303030303030303
hpmcounter6,drift,seed16,83,6.557575757575758
hpmcounter6,drift,seed16,84,6.739393939393939
hpmcounter6,drift,seed16,85,6.848484848484849
hpmcounter6,drift,seed16,86,6.884848484848485
hpmcounter6,drift,seed16,87,6.848484848484849
hpmcounter6,drift,seed16,88,6.739393939393939
hpmcounter6,drift,seed16,89,6.557575757575758
hpmcounter6,drift,seed16,90,6.303030303030303
hpmcounter6,drift,seed16,91,6.218181818181818
hpmcounter6,drift,seed16,92,6.303030303030303
hpmcounter6,drift,seed16,93,6.557575757575758
hpmcounter6,drift,seed16,94,6.739393939393939
hpmcounter6,drift,seed16,95,6.848484848484849
hpmcounter6,drift,seed16,96,6.884848484848485
hpmcounter6,drift,seed16,97,6.848484848484849
hpmcounter6,drift,seed16,98,6.739393939393939
hpmcounter6,drift,seed16,99,6.557575757575758
hpmcounter6,drift,seed16,100,6.303030303030303
hpmcounter6,drift,seed16,101,6.218181818181818
hpmcounter6,drift,seed16,102,6.303030303030303
hpmcounter6,drift,seed16,103,6.557575757575758
hpmcounter6,drift,seed16,104,6.739393939393939
hpmcounter6,drift,seed16,105,6.848484848484849
hpmcounter6,drift,seed16,106,6.884848484848485
hpmcounter6,drift,seed16,107,6.848484848484849
hpmcounter6,drift,seed16,108,6.739393939393939
hpmcounter6,drift,seed16,109,6.557575757575758
hpmcounter6,drift,seed16,110,6.303030303030303
hpmcounter6,drift,seed16,111,6.218181818181818
hpmcounter6,drift,seed16,112,6.303030303030303
hpmcounter6,drift,seed16,113,6.557575757575758
hpmcounter6,drift,seed16,114,6.739393939393939
hpmcounter6,drift,seed16,115,6.848484848484849
hpmcounter6,drift,seed16,116,6.884848484848485
hpmcounter6,drift,seed16,117,6.848484848484849
hpmcounter6,drift,seed16,118,6.739393939393939
hpmcounter6,drift,seed16,119,6.557575757575758
hpmcounter6,drift,seed16,120,6.303030303030303
hpmcounter6,drift,seed16,121,6.218181818181818
hpmcounter6,drift,seed16,122,6.303030303030303
hpmcounter6,drift,seed16,123,6.557575757575758
hpmcounter6,drift,seed16,124,6.739393939393939
hpmcounter6,drift,seed16,125,6.848484848484849
hpmcounter6,drift,seed16,126,6.884848484848485
hpmcounter6,drift,seed16,127,6.848484848484849
hpmcounter6,drift,seed16,128,6.739393939393939
hpmcounter6,drift,seed16,129,6.557575757575758
hpmcounter6,drift,seed16,130,6.303030303030303
hpmcounter6,drift,seed16,131,6.218181818181818
hpmcounter6,drift,seed16,132,6.303030303030303
hpmcounter6,drift,seed16,133,6.557575757575758
hpmcounter6,drift,seed16,134,6.739393939393939
hpmcounter6,drift,seed16,135,6.848484848484849
hpmcounter6,drift,seed16,136,6.884848484848485
hpmcounter6,drift,seed16,137,6.848484848484849
hpmcounter6,drift,seed16,138,6.739393939393939
hpmcounter6,drift,seed16,139,6.557575757575758
hpmcounter6,drift,seed16,140,6.303030303030303
hpmcounter6,drift,seed16,141,6.218181818181818
hpmcounter6,drift,seed16,142,6.303030303030303
hpmcounter6,drift,seed16,143,6.557575757575758
hpmcounter6,drift,seed16,144,6.739393939393939
hpmcounter6,drift,seed16,145,6.848484848484849
hpmcounter6,drift,seed16,146,6.884848484848485
hpmcounter6,drift,seed16,147,6.848484848484849
hpmcounter6,drift,seed16,148,6.739393939393939
hpmcounter6,drift,seed16,149,6.557575757575758
hpmcounter6,drift,seed16,150,6.303030303030303
hpmcounter6,drift,seed16,151,6.218181818181818
hpmcounter6,drift,seed16,152,6.303030303030303
hpmcounter6,drift,seed16,153,6.557575757575758
hpmcounter6,drift,seed16,154,6.739393939393939
hpmcounter6,drift,seed16,155,6.848484848484849
hpmcounter6,drift,seed16,156,6.884848484848485
hpmcounter6,drift,seed16,157,6.848484848484849
hpmcounter6,drift,seed16,158,6.739393939393939
hpmcounter6,drift,seed16,159,6.557575757575758
hpmcounter6,drift,seed16,160,6.303030303030303
hpmcounter6,drift,seed16,161,6.218181818181818
hpmcounter6,drift,seed16,162,6.303030303030303
hpmcounter6,drift,seed16,163,6.557575757575758
hpmcounter6,drift,seed16,164,6.739393939393939
hpmcounter6,drift,seed16,165,6.848484848484849
hpmcounter6,drift,seed16,166,6.884848484848485
hpmcounter6,drift,seed16,167,6.848484848484849
hpmcounter6,drift,seed16,168,6.739393939393939
hpmcounter6,drift,seed16,169,6.557575757575758
hpmcounter6,drift,seed16,170,6.303030303030303
hpmcounter6,drift,seed16,171,6.218181818181818
hpmcounter6,drift,seed16,172,6.303030303030303
hpmcounter6,drift,seed16,173,6.557575757575758
hpmcounter6,drift,seed16,174,6.739393939393939
hpmcounter6,drift,seed16,175,6.848484848484849
hpmcounter6,drift,seed16,176,6.884848484848485
hpmcounter6,drift,seed16,177,6.848484848484849
hpmcounter6,drift,seed16,178,6.739393939393939
hpmcounter6,drift,seed16,179,6.557575757575758
hpmcounter6,drift,seed16,180,6.303030303030303
hpmcounter6,drift,seed16,181,6.218181818181818
hpmcounter6,drift,seed16,182,6.303030303030303
hpmcounter6,drift,seed16,183,6.557575757575758
hpmcounter6,drift,seed16,184,6.739393939393939
hpmcounter6,drift,seed16,185,6.848484848484849
hpmcounter6,drift,seed16,186,6.884848484848485
hpmcounter6,drift,seed16,187,6.848484848484849
hpmcounter6,drift,seed16,188,6.739393939393939
hpmcounter6,drift,seed16,189,6.557575757575758
hpmcounter6,drift,seed16,190,6.303030303030303
hpmcounter6,drift,seed16,191,6.218181818181818
hpmcounter6,drift,seed16,192,6.303030303030303
hpmcounter6,drift,seed16,193,6.557575757575758
hpmcounter6,drift,seed16,194,6.739393939393939
hpmcounter6,drift,seed16,195,6.848484848484849
hpmcounter6,drift,seed16,196,6.884848484848485
hpmcounter6,drift,seed16,197,6.848484848484849
hpmcounter6,drift,seed16,198,6.739393939393939
hpmcounter6,drift,seed16,199,6.557575757575758
hpmcounter6,drift,seed16,200,6.303030303030303
hpmcounter6,drift,seed16,201,6.218181818181818
hpmcounter6,drift,seed16,202,6.303030303030303
hpmcounter6,drift,seed16,203,6.557575757575758
hpmcounter6,drift,seed16,204,6.739393939393939
hpmcounter6,drift,seed16,205,6.848484848484849
hpmcounter6,drift,seed16,206,6.884848484848485
hpmcounter6,drift,seed16,207,6.848484848484849
hpmcounter6,drift,seed16,208,6.739393939393939
hpmcounter6,drift,seed16,209,6.557575757575758
hpmcounter6,drift,seed16,210,6.303030303030303
hpmcounter6,drift,seed16,211,6.218181818181818
hpmcounter6,drift,seed16,212,6.303030303030303
hpmcounter6,drift,seed16,213,6.557575757575758
hpmcounter6,drift,seed16,214,6.739393939393939
hpmcounter6,drift,seed16,215,6.848484848484849
hpmcounter6,drift,seed16,216,6.884848484848485
hpmcounter6,drift,seed16,217,6.848484848484849
hpmcounter6,drift,seed16,218,6.739393939393939
hpmcounter6,drift,seed16,219,6.557575757575758
hpmcounter6,drift,seed16,220,6.303030303030303
hpmcounter6,drift,seed16,221,6.218181818181818
hpmcounter6,drift,seed16,222,6.303030303030303
hpmcounter6,drift,seed16,223,6.557575757575758
hpmcounter6,drift,seed16,224,6.739393939393939
hpmcounter6,drift,seed16,225,6.848484848484849
hpmcounter6,drift,seed16,226,6.884848484848485
hpmcounter6,drift,seed16,227,6.848484848484849
hpmcounter6,drift,seed16,228,6.739393939393939
hpmcounter6,drift,seed16,229,6.557575757575758
hpmcounter6,drift,seed16,230,6.303030303030303
hpmcounter6,drift,seed16,231,6.218181818181818
hpmcounter6,drift,seed16,232,6.303030303030303
hpmcounter6,drift,seed16,233,6.557575757575758
hpmcounter6,drift,seed16,234,6.739393939393939
hpmcounter6,drift,seed16,235,6.848484848484849
hpmcounter6,drift,seed16,236,6.884848484848485
hpmcounter6,drift,seed16,237,6.848484848484849
hpmcounter6,drift,seed16,238,6.739393939393939
hpmcounter6,drift,seed16,239,6.557575757575758
hpmcounter6,drift,seed16,240,6.303030303030303
hpmcounter6,drift,seed16,241,6.218181818181818
hpmcounter6,drift,seed16,242,6.303030303030303
hpmcounter6,drift,seed16,243,6.557575757575758
hpmcounter6,drift,seed16,244,6.739393939393939
hpmcounter6,drift,seed16,245,6.848484848484849
hpmcounter6,drift,seed16,246,6.884848484848485
hpmcounter6,drift,seed16,247,6.848484848484849
hpmcounter6,drift,seed16,248,6.739393939393939
hpmcounter6,drift,seed16,249,6.557575757575758
hpmcounter6,drift,seed16,250,6.303030303030303
hpmcounter6,drift,seed16,251,6.218181818181818
hpmcounter6,drift,seed16,252,6.303030303030303
hpmcounter6,drift,seed16,253,6.557575757575758
hpmcounter6,drift,seed16,254,6.739393939393939
hpmcounter6,drift,seed16,255,6.848484848484849
hpmcounter6,drift,seed16,256,6.884848484848485
hpmcounter6,drift,seed16,257,6.848484848484849
hpmcounter6,drift,seed16,258,6.739393939393939
hpmcounter6,drift,seed16,259,6.557575757575758
hpmcounter6,drift,seed16,260,6.303030303030303
hpmcounter6,drift,seed16,261,6.218181818181818
hpmcounter6,drift,seed16,262,6.303030303030303
hpmcounter6,drift,seed16,263,6.557575757575758
hpmcounter6,drift,seed16,264,6.739393939393939
hpmcounter6,drift,seed16,265,6.848484848484849
hpmcounter6,drift,seed16,266,6.884848484848485
hpmcounter6,drift,seed16,267,6.848484848484849
hpmcounter6,drift,seed16,268,6.739393939393939
hpmcounter6,drift,seed16,269,6.557575757575758
hpmcounter6,drift,seed16,270,6.303030303030303
hpmcounter6,drift,seed16,271,6.218181818181818
hpmcounter6,drift,seed16,272,6.303030303030303
hpmcounter6,drift,seed16,273,6.557575757575758
hpmcounter6,drift,seed16,274,6.739393939393939
hpmcounter6,drift,seed16,275,6.848484848484849
hpmcounter6,drift,seed16,276,6.884848484848485
hpmcounter6,drift,seed16,277,6.848484848484849
hpmcounter6,drift,seed16,278,6.739393939393939
hpmcounter6,drift,seed16,279,6.557575757575758
hpmcounter6,drift,seed16,280,6.303030303030303
hpmcounter6,drift,seed16,281,6.218181818181818
hpmcounter6,drift,seed16,282,6.303030303030303
hpmcounter6,drift,seed16,283,6.557575757575758
hpmcounter6,drift,seed16,284,6.739393939393939
hpmcounter6,drift,seed16,285,6.848484848484849
hpmcounter6,drift,seed16,286,6.884848484848485
hpmcounter6,drift,seed16,287,6.848484848484849
hpmcounter6,drift,seed16,288,6.739393939393939
hpmcounter6,drift,seed16,289,6.557575757575758
hpmcounter6,drift,seed16,290,6.303030303030303
hpmcounter6,drift,seed16,291,6.218181818181818
hpmcounter6,drift,seed16,292,6.303030303030303
hpmcounter6,drift,seed16,293,6.557575757575758
hpmcounter6,drift,seed16,294,6.739393939393939
hpmcounter6,drift,seed16,295,6.848484848484849
hpmcounter6,drift,seed16,296,6.884848484848485
hpmcounter6,drift,seed16,297,6.848484848484849
hpmcounter6,drift,seed16,298,6.739393939393939
hpmcounter6,drift,seed17,9,6.557575757575758
hpmcounter6,drift,seed17,10,6.303030303030303
hpmcounter6,drift,seed17,11,6.218181818181818
hpmcounter6,drift,seed17,12,6.303030303030303
hpmcounter6,drift,seed17,13,6.557575757575758
hpmcounter6,drift,seed17,14,6.739393939393939
hpmcounter6,drift,seed17,15,6.848484848484849
hpmcounter6,drift,seed17,16,6.884848484848485
hpmcounter6,drift,seed17,17,6.848484848484849
hpmcounter6,drift,seed17,18,6.739393939393939
hpmcounter6,drift,seed17,19,6.557575757575758
hpmcounter6,drift,seed17,20,6.303030303030303
hpmcounter6,drift,seed17,21,6.218181818181818
hpmcounter6,drift,seed17,22,6.303030303030303
hpmcounter6,drift,seed17,23,6.557575757575758
hpmcounter6,drift,seed17,24,6.739393939393939
hpmcounter6,drift,seed17,25,6.848484848484849
hpmcounter6,drift,seed17,26,6.884848484848485
hpmcounter6,drift,seed17,27,6.848484848484849
hpmcounter6,drift,seed17,28,6.739393939393939
hpmcounter6,drift,seed17,29,6.557575757575758
hpmcounter6,drift,seed17,30,6.303030303030303
hpmcounter6,drift,seed17,31,6.218181818181818
hpmcounter6,drift,seed17,32,6.303030303030303
hpmcounter6,drift,seed17,33,6.557575757575758
hpmcounter6,drift,seed17,34,6.739393939393939
hpmcounter6,drift,seed17,35,6.848484848484849
hpmcounter6,drift,seed17,36,6.884848484848485
hpmcounter6,drift,seed17,37,6.848484848484849
hpmcounter6,drift,seed17,38,6.739393939393939
hpmcounter6,drift,seed17,39,6.557575757575758
hpmcounter6,drift,seed17,40,6.303030303030303
hpmcounter6,drift,seed17,41,6.218181818181818
hpmcounter6,drift,seed17,42,6.303030303030303
hpmcounter6,drift,seed17,43,6.557575757575758
hpmcounter6,drift,seed17,44,6.739393939393939
hpmcounter6,drift,seed17,45,6.848484848484849
hpmcounter6,drift,seed17,46,6.884848484848485
hpmcounter6,drift,seed17,47,6.848484848484849
hpmcounter6,drift,seed17,48,6.739393939393939
hpmcounter6,drift,seed17,49,6.557575757575758
hpmcounter6,drift,seed17,50,6.303030303030303
hpmcounter6,drift,seed17,51,6.218181818181818
hpmcounter6,drift,seed17,52,6.303030303030303
hpmcounter6,drift,seed17,53,6.557575757575758
hpmcounter6,drift,seed17,54,6.739393939393939
hpmcounter6,drift,seed17,55,6.848484848484849
hpmcounter6,drift,seed17,56,6.884848484848485
hpmcounter6,drift,seed17,57,6.848484848484849
hpmcounter6,drift,seed17,58,6.739393939393939
hpmcounter6,drift,seed17,59,6.557575757575758
hpmcounter6,drift,seed17,60,6.303030303030303
hpmcounter6,drift,seed17,61,6.218181818181818
hpmcounter6,drift,seed17,62,6.303030303030303
hpmcounter6,drift,seed17,63,6.557575757575758
hpmcounter6,drift,seed17,64,6.739393939393939
hpmcounter6,drift,seed17,65,6.848484848484849
hpmcounter6,drift,seed17,66,6.884848484848485
hpmcounter6,drift,seed17,67,6.848484848484849
hpmcounter6,drift,seed17,68,6.739393939393939
hpmcounter6,drift,seed17,69,6.557575757575758
hpmcounter6,drift,seed17,70,6.303030303030303
hpmcounter6,drift,seed17,71,6.218181818181818
hpmcounter6,drift,seed17,72,6.303030303030303
hpmcounter6,drift,seed17,73,6.557575757575758
hpmcounter6,drift,seed17,74,6.739393939393939
hpmcounter6,drift,seed17,75,6.848484848484849
hpmcounter6,drift,seed17,76,6.884848484848485
hpmcounter6,drift,seed17,77,6.848484848484849
hpmcounter6,drift,seed17,78,6.739393939393939
hpmcounter6,drift,seed17,79,6.557575757575758
hpmcounter6,drift,seed17,80,6.303030303030303
hpmcounter6,drift,seed17,81,6.218181818181818
hpmcounter6,drift,seed17,82,6.303030303030303
hpmcounter6,drift,seed17,83,6.557575757575758
hpmcounter6,drift,seed17,84,6.739393939393939
hpmcounter6,drift,seed17,85,6.848484848484849
hpmcounter6,drift,seed17,86,6.884848484848485
hpmcounter6,drift,seed17,87,6.848484848484849
hpmcounter6,drift,seed17,88,6.739393939393939
hpmcounter6,drift,seed17,89,6.557575757575758
hpmcounter6,drift,seed17,90,6.303030303030303
hpmcounter6,drift,seed17,91,6.218181818181818
hpmcounter6,drift,seed17,92,6.303030303030303
hpmcounter6,drift,seed17,93,6.557575757575758
hpmcounter6,drift,seed17,94,6.739393939393939
hpmcounter6,drift,seed17,95,6.848484848484849
hpmcounter6,drift,seed17,96,6.884848484848485
hpmcounter6,drift,seed17,97,6.848484848484849
hpmcounter6,drift,seed17,98,6.739393939393939
hpmcounter6,drift,seed17,99,6.557575757575758
hpmcounter6,drift,seed17,100,6.303030303030303
hpmcounter6,drift,seed17,101,6.218181818181818
hpmcounter6,drift,seed17,102,6.303030303030303
hpmcounter6,drift,seed17,103,6.557575757575758
hpmcounter6,drift,seed17,104,6.739393939393939
hpmcounter6,drift,seed17,105,6.848484848484849
hpmcounter6,drift,seed17,106,6.884848484848485
hpmcounter6,drift,seed17,107,6.848484848484849
hpmcounter6,drift,seed17,108,6.739393939393939
hpmcounter6,drift,seed17,109,6.557575757575758
hpmcounter6,drift,seed17,110,6.303030303030303
hpmcounter6,drift,seed17,111,6.218181818181818
hpmcounter6,drift,seed17,112,6.303030303030303
hpmcounter6,drift,seed17,113,6.557575757575758
hpmcounter6,drift,seed17,114,6.739393939393939
hpmcounter6,drift,seed17,115,6.848484848484849
hpmcounter6,drift,seed17,116,6.884848484848485
hpmcounter6,drift,seed17,117,6.848484848484849
hpmcounter6,drift,seed17,118,6.739393939393939
hpmcounter6,drift,seed17,119,6.557575757575758
hpmcounter6,drift,seed17,120,6.303030303030303
hpmcounter6,drift,seed17,121,6.218181818181818
hpmcounter6,drift,seed17,122,6.303030303030303
hpmcounter6,drift,seed17,123,6.557575757575758
hpmcounter6,drift,seed17,124,6.739393939393939
hpmcounter6,drift,seed17,125,6.848484848484849
hpmcounter6,drift,seed17,126,6.884848484848485
hpmcounter6,drift,seed17,127,6.848484848484849
hpmcounter6,drift,seed17,128,6.739393939393939
hpmcounter6,drift,seed17,129,6.557575757575758
hpmcounter6,drift,seed17,130,6.303030303030303
hpmcounter6,drift,seed17,131,6.218181818181818
hpmcounter6,drift,seed17,132,6.303030303030303
hpmcounter6,drift,seed17,133,6.557575757575758
hpmcounter6,drift,seed17,134,6.739393939393939
hpmcounter6,drift,seed17,135,6.848484848484849
hpmcounter6,drift,seed17,136,6.884848484848485
hpmcounter6,drift,seed17,137,6.848484848484849
hpmcounter6,drift,seed17,138,6.739393939393939
hpmcounter6,drift,seed17,139,6.557575757575758
hpmcounter6,drift,seed17,140,6.303030303030303
hpmcounter6,drift,seed17,141,6.218181818181818
hpmcounter6,drift,seed17,142,6.303030303030303
hpmcounter6,drift,seed17,143,6.557575757575758
hpmcounter6,drift,seed17,144,6.739393939393939
hpmcounter6,drift,seed17,145,6.848484848484849
hpmcounter6,drift,seed17,146,6.884848484848485
hpmcounter6,drift,seed17,147,6.848484848484849
hpmcounter6,drift,seed17,148,6.739393939393939
hpmcounter6,drift,seed17,149,6.557575757575758
hpmcounter6,drift,seed17,150,6.303030303030303
hpmcounter6,drift,seed17,151,6.218181818181818
hpmcounter6,drift,seed17,152,6.303030303030303
hpmcounter6,drift,seed17,153,6.557575757575758
hpmcounter6,drift,seed17,154,6.739393939393939
hpmcounter6,drift,seed17,155,6.848484848484849
hpmcounter6,drift,seed17,156,6.884848484848485
hpmcounter6,drift,seed17,157,6.848484848484849
hpmcounter6,drift,seed17,158,6.739393939393939
hpmcounter6,drift,seed17,159,6.557575757575758
hpmcounter6,drift,seed17,160,6.303030303030303
hpmcounter6,drift,seed17,161,6.218181818181818
hpmcounter6,drift,seed17,162,6.303030303030303
hpmcounter6,drift,seed17,163,6.557575757575758
hpmcounter6,drift,seed17,164,6.739393939393939
hpmcounter6,drift,seed17,165,6.848484848484849
hpmcounter6,drift,seed17,166,6.884848484848485
hpmcounter6,drift,seed17,167,6.848484848484849
hpmcounter6,drift,seed17,168,6.739393939393939
hpmcounter6,drift,seed17,169,6.557575757575758
hpmcounter6,drift,seed17,170,6.303030303030303
hpmcounter6,drift,seed17,171,6.218181818181818
hpmcounter6,drift,seed17,172,6.303030303030303
hpmcounter6,drift,seed17,173,6.557575757575758
hpmcounter6,drift,seed17,174,6.739393939393939
hpmcounter6,drift,seed17,175,6.848484848484849
hpmcounter6,drift,seed17,176,6.884848484848485
hpmcounter6,drift,seed17,177,6.848484848484849
hpmcounter6,drift,seed17,178,6.739393939393939
hpmcounter6,drift,seed17,179,6.557575757575758
hpmcounter6,drift,seed17,180,6.303030303030303
hpmcounter6,drift,seed17,181,6.218181818181818
hpmcounter6,drift,seed17,182,6.303030303030303
hpmcounter6,drift,seed17,183,6.557575757575758
hpmcounter6,drift,seed17,184,6.739393939393939
hpmcounter6,drift,seed17,185,6.848484848484849
hpmcounter6,drift,seed17,186,6.884848484848485
hpmcounter6,drift,seed17,187,6.848484848484849
hpmcounter6,drift,seed17,188,6.739393939393939
hpmcounter6,drift,seed17,189,6.557575757575758
hpmcounter6,drift,seed17,190,6.303030303030303
hpmcounter6,drift,seed17,191,6.218181818181818
hpmcounter6,drift,seed17,192,6.303030303030303
hpmcounter6,drift,seed17,193,6.557575757575758
hpmcounter6,drift,seed17,194,6.739393939393939
hpmcounter6,drift,seed17,195,6.848484848484849
hpmcounter6,drift,seed17,196,6.884848484848485
hpmcounter6,drift,seed17,197,6.848484848484849
hpmcounter6,drift,seed17,198,6.739393939393939
hpmcounter6,drift,seed17,199,6.557575757575758
hpmcounter6,drift,seed17,200,6.303030303030303
hpmcounter6,drift,seed17,201,6.218181818181818
hpmcounter6,drift,seed17,202,6.303030303030303
hpmcounter6,drift,seed17,203,6.557575757575758
hpmcounter6,drift,seed17,204,6.739393939393939
hpmcounter6,drift,seed17,205,6.848484848484849
hpmcounter6,drift,seed17,206,6.884848484848485
hpmcounter6,drift,seed17,207,6.848484848484849
hpmcounter6,drift,seed17,208,6.739393939393939
hpmcounter6,drift,seed17,209,6.557575757575758
hpmcounter6,drift,seed17,210,6.303030303030303
hpmcounter6,drift,seed17,211,6.218181818181818
hpmcounter6,drift,seed17,212,6.303030303030303
hpmcounter6,drift,seed17,213,6.557575757575758
hpmcounter6,drift,seed17,214,6.739393939393939
hpmcounter6,drift,seed17,215,6.848484848484849
hpmcounter6,drift,seed17,216,6.884848484848485
hpmcounter6,drift,seed17,217,6.848484848484849
hpmcounter6,drift,seed17,218,6.739393939393939
hpmcounter6,drift,seed17,219,6.557575757575758
hpmcounter6,drift,seed17,220,6.303030303030303
hpmcounter6,drift,seed17,221,6.218181818181818
hpmcounter6,drift,seed17,222,6.303030303030303
hpmcounter6,drift,seed17,223,6.557575757575758
hpmcounter6,drift,seed17,224,6.739393939393939
hpmcounter6,drift,seed17,225,6.848484848484849
hpmcounter6,drift,seed17,226,6.884848484848485
hpmcounter6,drift,seed17,227,6.848484848484849
hpmcounter6,drift,seed17,228,6.739393939393939
hpmcounter6,drift,seed17,229,6.557575757575758
hpmcounter6,drift,seed17,230,6.303030303030303
hpmcounter6,drift,seed17,231,6.218181818181818
hpmcounter6,drift,seed17,232,6.303030303030303
hpmcounter6,drift,seed17,233,6.557575757575758
hpmcounter6,drift,seed17,234,6.739393939393939
hpmcounter6,drift,seed17,235,6.848484848484849
hpmcounter6,drift,seed17,236,6.884848484848485
hpmcounter6,drift,seed17,237,6.848484848484849
hpmcounter6,drift,seed17,238,6.739393939393939
hpmcounter6,drift,seed17,239,6.557575757575758
hpmcounter6,drift,seed17,240,6.303030303030303
hpmcounter6,drift,seed17,241,6.218181818181818
hpmcounter6,drift,seed17,242,6.303030303030303
hpmcounter6,drift,seed17,243,6.557575757575758
hpmcounter6,drift,seed17,244,6.739393939393939
hpmcounter6,drift,seed17,245,6.848484848484849
hpmcounter6,drift,seed17,246,6.884848484848485
hpmcounter6,drift,seed17,247,6.848484848484849
hpmcounter6,drift,seed17,248,6.739393939393939
hpmcounter6,drift,seed17,249,6.557575757575758
hpmcounter6,drift,seed17,250,6.303030303030303
hpmcounter6,drift,seed17,251,6.218181818181818
hpmcounter6,drift,seed17,252,6.303030303030303
hpmcounter6,drift,seed17,253,6.557575757575758
hpmcounter6,drift,seed17,254,6.739393939393939
hpmcounter6,drift,seed17,255,6.848484848484849
hpmcounter6,drift,seed17,256,6.884848484848485
hpmcounter6,drift,seed17,257,6.848484848484849
hpmcounter6,drift,seed17,258,6.739393939393939
hpmcounter6,drift,seed17,259,6.557575757575758
hpmcounter6,drift,seed17,260,6.303030303030303
hpmcounter6,drift,seed17,261,6.218181818181818
hpmcounter6,drift,seed17,262,6.303030303030303
hpmcounter6,drift,seed17,263,6.557575757575758
hpmcounter6,drift,seed17,264,6.739393939393939
hpmcounter6,drift,seed17,265,6.848484848484849
hpmcounter6,drift,seed17,266,6.884848484848485
hpmcounter6,drift,seed17,267,6.848484848484849
hpmcounter6,drift,seed17,268,6.739393939393939
hpmcounter6,drift,seed17,269,6.557575757575758
hpmcounter6,drift,seed17,270,6.303030303030303
hpmcounter6,drift,seed17,271,6.218181818181818
hpmcounter6,drift,seed17,272,6.303030303030303
hpmcounter6,drift,seed17,273,6.557575757575758
hpmcounter6,drift,seed17,274,6.739393939393939
hpmcounter6,drift,seed17,275,6.848484848484849
hpmcounter6,drift,seed17,276,6.884848484848485
hpmcounter6,drift,seed17,277,6.848484848484849
hpmcounter6,drift,seed17,278,6.739393939393939
hpmcounter6,drift,seed17,279,6.557575757575758
hpmcounter6,drift,seed17,280,6.303030303030303
hpmcounter6,drift,seed17,281,6.218181818181818
hpmcounter6,drift,seed17,282,6.303030303030303
hpmcounter6,drift,seed17,283,6.557575757575758
hpmcounter6,drift,seed17,284,6.739393939393939
hpmcounter6,drift,seed17,285,6.848484848484849
hpmcounter6,drift,seed17,286,6.884848484848485
hpmcounter6,drift,seed17,287,6.848484848484849
hpmcounter6,drift,seed17,288,6.739393939393939
hpmcounter6,drift,seed17,289,6.557575757575758
hpmcounter6,drift,seed17,290,6.303030303030303
hpmcounter6,drift,seed17,291,6.218181818181818
hpmcounter6,drift,seed17,292,6.303030303030303
hpmcounter6,drift,seed17,293,6.557575757575758
hpmcounter6,drift,seed17,294,6.739393939393939
hpmcounter6,drift,seed17,295,6.848484848484849
hpmcounter6,drift,seed17,296,6.884848484848485
hpmcounter6,drift,seed17,297,6.848484848484849
hpmcounter6,drift,seed17,298,6.739393939393939
hpmcounter6,drift,seed18,9,6.557575757575758
hpmcounter6,drift,seed18,10,6.303030303030303
hpmcounter6,drift,seed18,11,6.218181818181818
hpmcounter6,drift,seed18,12,6.303030303030303
hpmcounter6,drift,seed18,13,6.557575757575758
hpmcounter6,drift,seed18,14,6.739393939393939
hpmcounter6,drift,seed18,15,6.848484848484849
hpmcounter6,drift,seed18,16,6.884848484848485
hpmcounter6,drift,seed18,17,6.848484848484849
hpmcounter6,drift,seed18,18,6.739393939393939
hpmcounter6,drift,seed18,19,6.557575757575758
hpmcounter6,drift,seed18,20,6.303030303030303
hpmcounter6,drift,seed18,21,6.218181818181818
hpmcounter6,drift,seed18,22,6.303030303030303
hpmcounter6,drift,seed18,23,6.557575757575758
hpmcounter6,drift,seed18,24,6.739393939393939
hpmcounter6,drift,seed18,25,6.848484848484849
hpmcounter6,drift,seed18,26,6.884848484848485
hpmcounter6,drift,seed18,27,6.848484848484849
hpmcounter6,drift,seed18,28,6.739393939393939
hpmcounter6,drift,seed18,29,6.557575757575758
hpmcounter6,drift,seed18,30,6.303030303030303
hpmcounter6,drift,seed18,31,6.218181818181818
hpmcounter6,drift,seed18,32,6.303030303030303
hpmcounter6,drift,seed18,33,6.557575757575758
hpmcounter6,drift,seed18,34,6.739393939393939
hpmcounter6,drift,seed18,35,6.848484848484849
hpmcounter6,drift,seed18,36,6.884848484848485
hpmcounter6,drift,seed18,37,6.848484848484849
hpmcounter6,drift,seed18,38,6.739393939393939
hpmcounter6,drift,seed18,39,6.557575757575758
hpmcounter6,drift,seed18,40,6.303030303030303
hpmcounter6,drift,seed18,41,6.218181818181818
hpmcounter6,drift,seed18,42,6.303030303030303
hpmcounter6,drift,seed18,43,6.557575757575758
hpmcounter6,drift,seed18,44,6.739393939393939
hpmcounter6,drift,seed18,45,6.848484848484849
hpmcounter6,drift,seed18,46,6.884848484848485
hpmcounter6,drift,seed18,47,6.848484848484849
hpmcounter6,drift,seed18,48,6.739393939393939
hpmcounter6,drift,seed18,49,6.557575757575758
hpmcounter6,drift,seed18,50,6.303030303030303
hpmcounter6,drift,seed18,51,6.218181818181818
hpmcounter6,drift,seed18,52,6.303030303030303
hpmcounter6,drift,seed18,53,6.557575757575758
hpmcounter6,drift,seed18,54,6.739393939393939
hpmcounter6,drift,seed18,55,6.848484848484849
hpmcounter6,drift,seed18,56,6.884848484848485
hpmcounter6,drift,seed18,57,6.848484848484849
hpmcounter6,drift,seed18,58,6.739393939393939
hpmcounter6,drift,seed18,59,6.557575757575758
hpmcounter6,drift,seed18,60,6.303030303030303
hpmcounter6,drift,seed18,61,6.218181818181818
hpmcounter6,drift,seed18,62,6.303030303030303
hpmcounter6,drift,seed18,63,6.557575757575758
hpmcounter6,drift,seed18,64,6.739393939393939
hpmcounter6,drift,seed18,65,6.848484848484849
hpmcounter6,drift,seed18,66,6.884848484848485
hpmcounter6,drift,seed18,67,6.848484848484849
hpmcounter6,drift,seed18,68,6.739393939393939
hpmcounter6,drift,seed18,69,6.557575757575758
hpmcounter6,drift,seed18,70,6.303030303030303
hpmcounter6,drift,seed18,71,6.218181818181818
hpmcounter6,drift,seed18,72,6.303030303030303
hpmcounter6,drift,seed18,73,6.557575757575758
hpmcounter6,drift,seed18,74,6.739393939393939
hpmcounter6,drift,seed18,75,6.848484848484849
hpmcounter6,drift,seed18,76,6.884848484848485
hpmcounter6,drift,seed18,77,6.848484848484849
hpmcounter6,drift,seed18,78,6.739393939393939
hpmcounter6,drift,seed18,79,6.557575757575758
hpmcounter6,drift,seed18,80,6.303030303030303
hpmcounter6,drift,seed18,81,6.218181818181818
hpmcounter6,drift,seed18,82,6.303030303030303
hpmcounter6,drift,seed18,83,6.557575757575758
hpmcounter6,drift,seed18,84,6.739393939393939
hpmcounter6,drift,seed18,85,6.848484848484849
hpmcounter6,drift,seed18,86,6.884848484848485
hpmcounter6,drift,seed18,87,6.848484848484849
hpmcounter6,drift,seed18,88,6.739393939393939
hpmcounter6,drift,seed18,89,6.557575757575758
hpmcounter6,drift,seed18,90,6.303030303030303
hpmcounter6,drift,seed18,91,6.218181818181818
hpmcounter6,drift,seed18,92,6.303030303030303
hpmcounter6,drift,seed18,93,6.557575757575758
hpmcounter6,drift,seed18,94,6.739393939393939
hpmcounter6,drift,seed18,95,6.848484848484849
hpmcounter6,drift,seed18,96,6.884848484848485
hpmcounter6,drift,seed18,97,6.848484848484849
hpmcounter6,drift,seed18,98,6.739393939393939
hpmcounter6,drift,seed18,99,6.557575757575758
hpmcounter6,drift,seed18,100,6.303030303030303
hpmcounter6,drift,seed18,101,6.218181818181818
hpmcounter6,drift,seed18,102,6.303030303030303
hpmcounter6,drift,seed18,103,6.557575757575758
hpmcounter6,drift,seed18,104,6.739393939393939
hpmcounter6,drift,seed18,105,6.848484848484849
hpmcounter6,drift,seed18,106,6.884848484848485
hpmcounter6,drift,seed18,107,6.848484848484849
hpmcounter6,drift,seed18,108,6.739393939393939
hpmcounter6,drift,seed18,109,6.557575757575758
hpmcounter6,drift,seed18,110,6.303030303030303
hpmcounter6,drift,seed18,111,6.218181818181818
hpmcounter6,drift,seed18,112,6.303030303030303
hpmcounter6,drift,seed18,113,6.557575757575758
hpmcounter6,drift,seed18,114,6.739393939393939
hpmcounter6,drift,seed18,115,6.848484848484849
hpmcounter6,drift,seed18,116,6.884848484848485
hpmcounter6,drift,seed18,117,6.848484848484849
hpmcounter6,drift,seed18,118,6.739393939393939
hpmcounter6,drift,seed18,119,6.557575757575758
hpmcounter6,drift,seed18,120,6.303030303030303
hpmcounter6,drift,seed18,121,6.218181818181818
hpmcounter6,drift,seed18,122,6.303030303030303
hpmcounter6,drift,seed18,123,6.557575757575758
hpmcounter6,drift,seed18,124,6.739393939393939
hpmcounter6,drift,seed18,125,6.848484848484849
hpmcounter6,drift,seed18,126,6.884848484848485
hpmcounter6,drift,seed18,127,6.848484848484849
hpmcounter6,drift,seed18,128,6.739393939393939
hpmcounter6,drift,seed18,129,6.557575757575758
hpmcounter6,drift,seed18,130,6.303030303030303
hpmcounter6,drift,seed18,131,6.218181818181818
hpmcounter6,drift,seed18,132,6.303030303030303
hpmcounter6,drift,seed18,133,6.557575757575758
hpmcounter6,drift,seed18,134,6.739393939393939
hpmcounter6,drift,seed18,135,6.848484848484849
hpmcounter6,drift,seed18,136,6.884848484848485
hpmcounter6,drift,seed18,137,6.848484848484849
hpmcounter6,drift,seed18,138,6.739393939393939
hpmcounter6,drift,seed18,139,6.557575757575758
hpmcounter6,drift,seed18,140,6.303030303030303
hpmcounter6,drift,seed18,141,6.218181818181818
hpmcounter6,drift,seed18,142,6.303030303030303
hpmcounter6,drift,seed18,143,6.557575757575758
hpmcounter6,drift,seed18,144,6.739393939393939
hpmcounter6,drift,seed18,145,6.848484848484849
hpmcounter6,drift,seed18,146,6.884848484848485
hpmcounter6,drift,seed18,147,6.848484848484849
hpmcounter6,drift,seed18,148,6.739393939393939
hpmcounter6,drift,seed18,149,6.557575757575758
hpmcounter6,drift,seed18,150,6.303030303030303
hpmcounter6,drift,seed18,151,6.218181818181818
hpmcounter6,drift,seed18,152,6.303030303030303
hpmcounter6,drift,seed18,153,6.557575757575758
hpmcounter6,drift,seed18,154,6.739393939393939
hpmcounter6,drift,seed18,155,6.848484848484849
hpmcounter6,drift,seed18,156,6.884848484848485
hpmcounter6,drift,seed18,157,6.848484848484849
hpmcounter6,drift,seed18,158,6.739393939393939
hpmcounter6,drift,seed18,159,6.557575757575758
hpmcounter6,drift,seed18,160,6.303030303030303
hpmcounter6,drift,seed18,161,6.218181818181818
hpmcounter6,drift,seed18,162,6.303030303030303
hpmcounter6,drift,seed18,163,6.557575757575758
hpmcounter6,drift,seed18,164,6.739393939393939
hpmcounter6,drift,seed18,165,6.848484848484849
hpmcounter6,drift,seed18,166,6.884848484848485
hpmcounter6,drift,seed18,167,6.848484848484849
hpmcounter6,drift,seed18,168,6.739393939393939
hpmcounter6,drift,seed18,169,6.557575757575758
hpmcounter6,drift,seed18,170,6.303030303030303
hpmcounter6,drift,seed18,171,6.218181818181818
hpmcounter6,drift,seed18,172,6.303030303030303
hpmcounter6,drift,seed18,173,6.557575757575758
hpmcounter6,drift,seed18,174,6.739393939393939
hpmcounter6,drift,seed18,175,6.848484848484849
hpmcounter6,drift,seed18,176,6.884848484848485
hpmcounter6,drift,seed18,177,6.848484848484849
hpmcounter6,drift,seed18,178,6.739393939393939
hpmcounter6,drift,seed18,179,6.557575757575758
hpmcounter6,drift,seed18,180,6.303030303030303
hpmcounter6,drift,seed18,181,6.218181818181818
hpmcounter6,drift,seed18,182,6.303030303030303
hpmcounter6,drift,seed18,183,6.557575757575758
hpmcounter6,drift,seed18,184,6.739393939393939
hpmcounter6,drift,seed18,185,6.848484848484849
hpmcounter6,drift,seed18,186,6.884848484848485
hpmcounter6,drift,seed18,187,6.848484848484849
hpmcounter6,drift,seed18,188,6.739393939393939
hpmcounter6,drift,seed18,189,6.557575757575758
hpmcounter6,drift,seed18,190,6.303030303030303
hpmcounter6,drift,seed18,191,6.218181818181818
hpmcounter6,drift,seed18,192,6.303030303030303
hpmcounter6,drift,seed18,193,6.557575757575758
hpmcounter6,drift,seed18,194,6.739393939393939
hpmcounter6,drift,seed18,195,6.848484848484849
hpmcounter6,drift,seed18,196,6.884848484848485
hpmcounter6,drift,seed18,197,6.848484848484849
hpmcounter6,drift,seed18,198,6.739393939393939
hpmcounter6,drift,seed18,199,6.557575757575758
hpmcounter6,drift,seed18,200,6.303030303030303
hpmcounter6,drift,seed18,201,6.218181818181818
hpmcounter6,drift,seed18,202,6.303030303030303
hpmcounter6,drift,seed18,203,6.557575757575758
hpmcounter6,drift,seed18,204,6.739393939393939
hpmcounter6,drift,seed18,205,6.848484848484849
hpmcounter6,drift,seed18,206,6.884848484848485
hpmcounter6,drift,seed18,207,6.848484848484849
hpmcounter6,drift,seed18,208,6.739393939393939
hpmcounter6,drift,seed18,209,6.557575757575758
hpmcounter6,drift,seed18,210,6.303030303030303
hpmcounter6,drift,seed18,211,6.218181818181818
hpmcounter6,drift,seed18,212,6.303030303030303
hpmcounter6,drift,seed18,213,6.557575757575758
hpmcounter6,drift,seed18,214,6.739393939393939
hpmcounter6,drift,seed18,215,6.848484848484849
hpmcounter6,drift,seed18,216,6.884848484848485
hpmcounter6,drift,seed18,217,6.848484848484849
hpmcounter6,drift,seed18,218,6.739393939393939
hpmcounter6,drift,seed18,219,6.557575757575758
hpmcounter6,drift,seed18,220,6.303030303030303
hpmcounter6,drift,seed18,221,6.218181818181818
hpmcounter6,drift,seed18,222,6.303030303030303
hpmcounter6,drift,seed18,223,6.557575757575758
hpmcounter6,drift,seed18,224,6.739393939393939
hpmcounter6,drift,seed18,225,6.848484848484849
hpmcounter6,drift,seed18,226,6.884848484848485
hpmcounter6,drift,seed18,227,6.848484848484849
hpmcounter6,drift,seed18,228,6.739393939393939
hpmcounter6,drift,seed18,229,6.557575757575758
hpmcounter6,drift,seed18,230,6.303030303030303
hpmcounter6,drift,seed18,231,6.218181818181818
hpmcounter6,drift,seed18,232,6.303030303030303
hpmcounter6,drift,seed18,233,6.557575757575758
hpmcounter6,drift,seed18,234,6.739393939393939
hpmcounter6,drift,seed18,235,6.848484848484849
hpmcounter6,drift,seed18,236,6.884848484848485
hpmcounter6,drift,seed18,237,6.848484848484849
hpmcounter6,drift,seed18,238,6.739393939393939
hpmcounter6,drift,seed18,239,6.557575757575758
hpmcounter6,drift,seed18,240,6.303030303030303
hpmcounter6,drift,seed18,241,6.218181818181818
hpmcounter6,drift,seed18,242,6.303030303030303
hpmcounter6,drift,seed18,243,6.557575757575758
hpmcounter6,drift,seed18,244,6.739393939393939
hpmcounter6,drift,seed18,245,6.848484848484849
hpmcounter6,drift,seed18,246,6.884848484848485
hpmcounter6,drift,seed18,247,6.848484848484849
hpmcounter6,drift,seed18,248,6.739393939393939
hpmcounter6,drift,seed18,249,6.557575757575758
hpmcounter6,drift,seed18,250,6.303030303030303
hpmcounter6,drift,seed18,251,6.218181818181818
hpmcounter6,drift,seed18,252,6.303030303030303
hpmcounter6,drift,seed18,253,6.557575757575758
hpmcounter6,drift,seed18,254,6.739393939393939
hpmcounter6,drift,seed18,255,6.848484848484849
hpmcounter6,drift,seed18,256,6.884848484848485
hpmcounter6,drift,seed18,257,6.848484848484849
hpmcounter6,drift,seed18,258,6.739393939393939
hpmcounter6,drift,seed18,259,6.557575757575758
hpmcounter6,drift,seed18,260,6.303030303030303
hpmcounter6,drift,seed18,261,6.218181818181818
hpmcounter6,drift,seed18,262,6.303030303030303
hpmcounter6,drift,seed18,263,6.557575757575758
hpmcounter6,drift,seed18,264,6.739393939393939
hpmcounter6,drift,seed18,265,6.848484848484849
hpmcounter6,drift,seed18,266,6.884848484848485
hpmcounter6,drift,seed18,267,6.848484848484849
hpmcounter6,drift,seed18,268,6.739393939393939
hpmcounter6,drift,seed18,269,6.557575757575758
hpmcounter6,drift,seed18,270,6.303030303030303
hpmcounter6,drift,seed18,271,6.218181818181818
hpmcounter6,drift,seed18,272,6.303030303030303
hpmcounter6,drift,seed18,273,6.557575757575758
hpmcounter6,drift,seed18,274,6.739393939393939
hpmcounter6,drift,seed18,275,6.848484848484849
hpmcounter6,drift,seed18,276,6.884848484848485
hpmcounter6,drift,seed18,277,6.848484848484849
hpmcounter6,drift,seed18,278,6.739393939393939
hpmcounter6,drift,seed18,279,6.557575757575758
hpmcounter6,drift,seed18,280,6.303030303030303
hpmcounter6,drift,seed18,281,6.218181818181818
hpmcounter6,drift,seed18,282,6.303030303030303
hpmcounter6,drift,seed18,283,6.557575757575758
hpmcounter6,drift,seed18,284,6.739393939393939
hpmcounter6,drift,seed18,285,6.848484848484849
hpmcounter6,drift,seed18,286,6.884848484848485
hpmcounter6,drift,seed18,287,6.848484848484849
hpmcounter6,drift,seed18,288,6.739393939393939
hpmcounter6,drift,seed18,289,6.557575757575758
hpmcounter6,drift,seed18,290,6.303030303030303
hpmcounter6,drift,seed18,291,6.218181818181818
hpmcounter6,drift,seed18,292,6.303030303030303
hpmcounter6,drift,seed18,293,6.557575757575758
hpmcounter6,drift,seed18,294,6.739393939393939
hpmcounter6,drift,seed18,295,6.848484848484849
hpmcounter6,drift,seed18,296,6.884848484848485
hpmcounter6,drift,seed18,297,6.848484848484849
hpmcounter6,drift,seed18,298,6.739393939393939
hpmcounter6,drift,seed19,9,6.557575757575758
hpmcounter6,drift,seed19,10,6.303030303030303
hpmcounter6,drift,seed19,11,6.218181818181818
hpmcounter6,drift,seed19,12,6.303030303030303
hpmcounter6,drift,seed19,13,6.557575757575758
hpmcounter6,drift,seed19,14,6.739393939393939
hpmcounter6,drift,seed19,15,6.848484848484849
hpmcounter6,drift,seed19,16,6.884848484848485
hpmcounter6,drift,seed19,17,6.848484848484849
hpmcounter6,drift,seed19,18,6.739393939393939
hpmcounter6,drift,seed19,19,6.557575757575758
hpmcounter6,drift,seed19,20,6.303030303030303
hpmcounter6,drift,seed19,21,6.218181818181818
hpmcounter6,drift,seed19,22,6.303030303030303
hpmcounter6,drift,seed19,23,6.557575757575758
hpmcounter6,drift,seed19,24,6.739393939393939
hpmcounter6,drift,seed19,25,6.848484848484849
hpmcounter6,drift,seed19,26,6.884848484848485
hpmcounter6,drift,seed19,27,6.848484848484849
hpmcounter6,drift,seed19,28,6.739393939393939
hpmcounter6,drift,seed19,29,6.557575757575758
hpmcounter6,drift,seed19,30,6.303030303030303
hpmcounter6,drift,seed19,31,6.218181818181818
hpmcounter6,drift,seed19,32,6.303030303030303
hpmcounter6,drift,seed19,33,6.557575757575758
hpmcounter6,drift,seed19,34,6.739393939393939
hpmcounter6,drift,seed19,35,6.848484848484849
hpmcounter6,drift,seed19,36,6.884848484848485
hpmcounter6,drift,seed19,37,6.848484848484849
hpmcounter6,drift,seed19,38,6.739393939393939
hpmcounter6,drift,seed19,39,6.557575757575758
hpmcounter6,drift,seed19,40,6.303030303030303
hpmcounter6,drift,seed19,41,6.218181818181818
hpmcounter6,drift,seed19,42,6.303030303030303
hpmcounter6,drift,seed19,43,6.557575757575758
hpmcounter6,drift,seed19,44,6.739393939393939
hpmcounter6,drift,seed19,45,6.848484848484849
hpmcounter6,drift,seed19,46,6.884848484848485
hpmcounter6,drift,seed19,47,6.848484848484849
hpmcounter6,drift,seed19,48,6.739393939393939
hpmcounter6,drift,seed19,49,6.557575757575758
hpmcounter6,drift,seed19,50,6.303030303030303
hpmcounter6,drift,seed19,51,6.218181818181818
hpmcounter6,drift,seed19,52,6.303030303030303
hpmcounter6,drift,seed19,53,6.557575757575758
hpmcounter6,drift,seed19,54,6.739393939393939
hpmcounter6,drift,seed19,55,6.848484848484849
hpmcounter6,drift,seed19,56,6.884848484848485
hpmcounter6,drift,seed19,57,6.848484848484849
hpmcounter6,drift,seed19,58,6.739393939393939
hpmcounter6,drift,seed19,59,6.557575757575758
hpmcounter6,drift,seed19,60,6.303030303030303
hpmcounter6,drift,seed19,61,6.218181818181818
hpmcounter6,drift,seed19,62,6.303030303030303
hpmcounter6,drift,seed19,63,6.557575757575758
hpmcounter6,drift,seed19,64,6.739393939393939
hpmcounter6,drift,seed19,65,6.848484848484849
hpmcounter6,drift,seed19,66,6.884848484848485
hpmcounter6,drift,seed19,67,6.848484848484849
hpmcounter6,drift,seed19,68,6.739393939393939
hpmcounter6,drift,seed19,69,6.557575757575758
hpmcounter6,drift,seed19,70,6.303030303030303
hpmcounter6,drift,seed19,71,6.218181818181818
hpmcounter6,drift,seed19,72,6.303030303030303
hpmcounter6,drift,seed19,73,6.557575757575758
hpmcounter6,drift,seed19,74,6.739393939393939
hpmcounter6,drift,seed19,75,6.848484848484849
hpmcounter6,drift,seed19,76,6.884848484848485
hpmcounter6,drift,seed19,77,6.848484848484849
hpmcounter6,drift,seed19,78,6.739393939393939
hpmcounter6,drift,seed19,79,6.557575757575758
hpmcounter6,drift,seed19,80,6.303030303030303
hpmcounter6,drift,seed19,81,6.218181818181818
hpmcounter6,drift,seed19,82,6.303030303030303
hpmcounter6,drift,seed19,83,6.557575757575758
hpmcounter6,drift,seed19,84,6.739393939393939
hpmcounter6,drift,seed19,85,6.848484848484849
hpmcounter6,drift,seed19,86,6.884848484848485
hpmcounter6,drift,seed19,87,6.848484848484849
hpmcounter6,drift,seed19,88,6.739393939393939
hpmcounter6,drift,seed19,89,6.557575757575758
hpmcounter6,drift,seed19,90,6.303030303030303
hpmcounter6,drift,seed19,91,6.218181818181818
hpmcounter6,drift,seed19,92,6.303030303030303
hpmcounter6,drift,seed19,93,6.557575757575758
hpmcounter6,drift,seed19,94,6.739393939393939
hpmcounter6,drift,seed19,95,6.848484848484849
hpmcounter6,drift,seed19,96,6.884848484848485
hpmcounter6,drift,seed19,97,6.848484848484849
hpmcounter6,drift,seed19,98,6.739393939393939
hpmcounter6,drift,seed19,99,6.557575757575758
hpmcounter6,drift,seed19,100,6.303030303030303
hpmcounter6,drift,seed19,101,6.218181818181818
hpmcounter6,drift,seed19,102,6.303030303030303
hpmcounter6,drift,seed19,103,6.557575757575758
hpmcounter6,drift,seed19,104,6.739393939393939
hpmcounter6,drift,seed19,105,6.848484848484849
hpmcounter6,drift,seed19,106,6.884848484848485
hpmcounter6,drift,seed19,107,6.848484848484849
hpmcounter6,drift,seed19,108,6.739393939393939
hpmcounter6,drift,seed19,109,6.557575757575758
hpmcounter6,drift,seed19,110,6.303030303030303
hpmcounter6,drift,seed19,111,6.218181818181818
hpmcounter6,drift,seed19,112,6.303030303030303
hpmcounter6,drift,seed19,113,6.557575757575758
hpmcounter6,drift,seed19,114,6.739393939393939
hpmcounter6,drift,seed19,115,6.848484848484849
hpmcounter6,drift,seed19,116,6.884848484848485
hpmcounter6,drift,seed19,117,6.848484848484849
hpmcounter6,drift,seed19,118,6.739393939393939
hpmcounter6,drift,seed19,119,6.557575757575758
hpmcounter6,drift,seed19,120,6.303030303030303
hpmcounter6,drift,seed19,121,6.218181818181818
hpmcounter6,drift,seed19,122,6.303030303030303
hpmcounter6,drift,seed19,123,6.557575757575758
hpmcounter6,drift,seed19,124,6.739393939393939
hpmcounter6,drift,seed19,125,6.848484848484849
hpmcounter6,drift,seed19,126,6.884848484848485
hpmcounter6,drift,seed19,127,6.848484848484849
hpmcounter6,drift,seed19,128,6.739393939393939
hpmcounter6,drift,seed19,129,6.557575757575758
hpmcounter6,drift,seed19,130,6.303030303030303
hpmcounter6,drift,seed19,131,6.218181818181818
hpmcounter6,drift,seed19,132,6.303030303030303
hpmcounter6,drift,seed19,133,6.557575757575758
hpmcounter6,drift,seed19,134,6.739393939393939
hpmcounter6,drift,seed19,135,6.848484848484849
hpmcounter6,drift,seed19,136,6.884848484848485
hpmcounter6,drift,seed19,137,6.848484848484849
hpmcounter6,drift,seed19,138,6.739393939393939
hpmcounter6,drift,seed19,139,6.557575757575758
hpmcounter6,drift,seed19,140,6.303030303030303
hpmcounter6,drift,seed19,141,6.218181818181818
hpmcounter6,drift,seed19,142,6.303030303030303
hpmcounter6,drift,seed19,143,6.557575757575758
hpmcounter6,drift,seed19,144,6.739393939393939
hpmcounter6,drift,seed19,145,6.848484848484849
hpmcounter6,drift,seed19,146,6.884848484848485
hpmcounter6,drift,seed19,147,6.848484848484849
hpmcounter6,drift,seed19,148,6.739393939393939
hpmcounter6,drift,seed19,149,6.557575757575758
hpmcounter6,drift,seed19,150,6.303030303030303
hpmcounter6,drift,seed19,151,6.218181818181818
hpmcounter6,drift,seed19,152,6.303030303030303
hpmcounter6,drift,seed19,153,6.557575757575758
hpmcounter6,drift,seed19,154,6.739393939393939
hpmcounter6,drift,seed19,155,6.848484848484849
hpmcounter6,drift,seed19,156,6.884848484848485
hpmcounter6,drift,seed19,157,6.848484848484849
hpmcounter6,drift,seed19,158,6.739393939393939
hpmcounter6,drift,seed19,159,6.557575757575758
hpmcounter6,drift,seed19,160,6.303030303030303
hpmcounter6,drift,seed19,161,6.218181818181818
hpmcounter6,drift,seed19,162,6.303030303030303
hpmcounter6,drift,seed19,163,6.557575757575758
hpmcounter6,drift,seed19,164,6.739393939393939
hpmcounter6,drift,seed19,165,6.848484848484849
hpmcounter6,drift,seed19,166,6.884848484848485
hpmcounter6,drift,seed19,167,6.848484848484849
hpmcounter6,drift,seed19,168,6.739393939393939
hpmcounter6,drift,seed19,169,6.557575757575758
hpmcounter6,drift,seed19,170,6.303030303030303
hpmcounter6,drift,seed19,171,6.218181818181818
hpmcounter6,drift,seed19,172,6.303030303030303
hpmcounter6,drift,seed19,173,6.557575757575758
hpmcounter6,drift,seed19,174,6.739393939393939
hpmcounter6,drift,seed19,175,6.848484848484849
hpmcounter6,drift,seed19,176,6.884848484848485
hpmcounter6,drift,seed19,177,6.848484848484849
hpmcounter6,drift,seed19,178,6.739393939393939
hpmcounter6,drift,seed19,179,6.557575757575758
hpmcounter6,drift,seed19,180,6.303030303030303
hpmcounter6,drift,seed19,181,6.218181818181818
hpmcounter6,drift,seed19,182,6.303030303030303
hpmcounter6,drift,seed19,183,6.557575757575758
hpmcounter6,drift,seed19,184,6.739393939393939
hpmcounter6,drift,seed19,185,6.848484848484849
hpmcounter6,drift,seed19,186,6.884848484848485
hpmcounter6,drift,seed19,187,6.848484848484849
hpmcounter6,drift,seed19,188,6.739393939393939
hpmcounter6,drift,seed19,189,6.557575757575758
hpmcounter6,drift,seed19,190,6.303030303030303
hpmcounter6,drift,seed19,191,6.218181818181818
hpmcounter6,drift,seed19,192,6.303030303030303
hpmcounter6,drift,seed19,193,6.557575757575758
hpmcounter6,drift,seed19,194,6.739393939393939
hpmcounter6,drift,seed19,195,6.848484848484849
hpmcounter6,drift,seed19,196,6.884848484848485
hpmcounter6,drift,seed19,197,6.848484848484849
hpmcounter6,drift,seed19,198,6.739393939393939
hpmcounter6,drift,seed19,199,6.557575757575758
hpmcounter6,drift,seed19,200,6.303030303030303
hpmcounter6,drift,seed19,201,6.218181818181818
hpmcounter6,drift,seed19,202,6.303030303030303
hpmcounter6,drift,seed19,203,6.557575757575758
hpmcounter6,drift,seed19,204,6.739393939393939
hpmcounter6,drift,seed19,205,6.848484848484849
hpmcounter6,drift,seed19,206,6.884848484848485
hpmcounter6,drift,seed19,207,6.848484848484849
hpmcounter6,drift,seed19,208,6.739393939393939
hpmcounter6,drift,seed19,209,6.557575757575758
hpmcounter6,drift,seed19,210,6.303030303030303
hpmcounter6,drift,seed19,211,6.218181818181818
hpmcounter6,drift,seed19,212,6.303030303030303
hpmcounter6,drift,seed19,213,6.557575757575758
hpmcounter6,drift,seed19,214,6.739393939393939
hpmcounter6,drift,seed19,215,6.848484848484849
hpmcounter6,drift,seed19,216,6.884848484848485
hpmcounter6,drift,seed19,217,6.848484848484849
hpmcounter6,drift,seed19,218,6.739393939393939
hpmcounter6,drift,seed19,219,6.557575757575758
hpmcounter6,drift,seed19,220,6.303030303030303
hpmcounter6,drift,seed19,221,6.218181818181818
hpmcounter6,drift,seed19,222,6.303030303030303
hpmcounter6,drift,seed19,223,6.557575757575758
hpmcounter6,drift,seed19,224,6.739393939393939
hpmcounter6,drift,seed19,225,6.848484848484849
hpmcounter6,drift,seed19,226,6.884848484848485
hpmcounter6,drift,seed19,227,6.848484848484849
hpmcounter6,drift,seed19,228,6.739393939393939
hpmcounter6,drift,seed19,229,6.557575757575758
hpmcounter6,drift,seed19,230,6.303030303030303
hpmcounter6,drift,seed19,231,6.218181818181818
hpmcounter6,drift,seed19,232,6.303030303030303
hpmcounter6,drift,seed19,233,6.557575757575758
hpmcounter6,drift,seed19,234,6.739393939393939
hpmcounter6,drift,seed19,235,6.848484848484849
hpmcounter6,drift,seed19,236,6.884848484848485
hpmcounter6,drift,seed19,237,6.848484848484849
hpmcounter6,drift,seed19,238,6.739393939393939
hpmcounter6,drift,seed19,239,6.557575757575758
hpmcounter6,drift,seed19,240,6.303030303030303
hpmcounter6,drift,seed19,241,6.218181818181818
hpmcounter6,drift,seed19,242,6.303030303030303
hpmcounter6,drift,seed19,243,6.557575757575758
hpmcounter6,drift,seed19,244,6.739393939393939
hpmcounter6,drift,seed19,245,6.848484848484849
hpmcounter6,drift,seed19,246,6.884848484848485
hpmcounter6,drift,seed19,247,6.848484848484849
hpmcounter6,drift,seed19,248,6.739393939393939
hpmcounter6,drift,seed19,249,6.557575757575758
hpmcounter6,drift,seed19,250,6.303030303030303
hpmcounter6,drift,seed19,251,6.218181818181818
hpmcounter6,drift,seed19,252,6.303030303030303
hpmcounter6,drift,seed19,253,6.557575757575758
hpmcounter6,drift,seed19,254,6.739393939393939
hpmcounter6,drift,seed19,255,6.848484848484849
hpmcounter6,drift,seed19,256,6.884848484848485
hpmcounter6,drift,seed19,257,6.848484848484849
hpmcounter6,drift,seed19,258,6.739393939393939
hpmcounter6,drift,seed19,259,6.557575757575758
hpmcounter6,drift,seed19,260,6.303030303030303
hpmcounter6,drift,seed19,261,6.218181818181818
hpmcounter6,drift,seed19,262,6.303030303030303
hpmcounter6,drift,seed19,263,6.557575757575758
hpmcounter6,drift,seed19,264,6.739393939393939
hpmcounter6,drift,seed19,265,6.848484848484849
hpmcounter6,drift,seed19,266,6.884848484848485
hpmcounter6,drift,seed19,267,6.848484848484849
hpmcounter6,drift,seed19,268,6.739393939393939
hpmcounter6,drift,seed19,269,6.557575757575758
hpmcounter6,drift,seed19,270,6.303030303030303
hpmcounter6,drift,seed19,271,6.218181818181818
hpmcounter6,drift,seed19,272,6.303030303030303
hpmcounter6,drift,seed19,273,6.557575757575758
hpmcounter6,drift,seed19,274,6.739393939393939
hpmcounter6,drift,seed19,275,6.848484848484849
hpmcounter6,drift,seed19,276,6.884848484848485
hpmcounter6,drift,seed19,277,6.848484848484849
hpmcounter6,drift,seed19,278,6.739393939393939
hpmcounter6,drift,seed19,279,6.557575757575758
hpmcounter6,drift,seed19,280,6.303030303030303
hpmcounter6,drift,seed19,281,6.218181818181818
hpmcounter6,drift,seed19,282,6.303030303030303
hpmcounter6,drift,seed19,283,6.557575757575758
hpmcounter6,drift,seed19,284,6.739393939393939
hpmcounter6,drift,seed19,285,6.848484848484849
hpmcounter6,drift,seed19,286,6.884848484848485
hpmcounter6,drift,seed19,287,6.848484848484849
hpmcounter6,drift,seed19,288,6.739393939393939
hpmcounter6,drift,seed19,289,6.557575757575758
hpmcounter6,drift,seed19,290,6.303030303030303
hpmcounter6,drift,seed19,291,6.218181818181818
hpmcounter6,drift,seed19,292,6.303030303030303
hpmcounter6,drift,seed19,293,6.557575757575758
hpmcounter6,drift,seed19,294,6.739393939393939
hpmcounter6,drift,seed19,295,6.848484848484849
hpmcounter6,drift,seed19,296,6.884848484848485
hpmcounter6,drift,seed19,297,6.848484848484849
hpmcounter6,drift,seed19,298,6.739393939393939
hpmcounter6,drift,seed2,9,6.557575757575758
hpmcounter6,drift,seed2,10,6.303030303030303
hpmcounter6,drift,seed2,11,6.218181818181818
hpmcounter6,drift,seed2,12,6.303030303030303
hpmcounter6,drift,seed2,13,6.557575757575758
hpmcounter6,drift,seed2,14,6.739393939393939
hpmcounter6,drift,seed2,15,6.848484848484849
hpmcounter6,drift,seed2,16,6.884848484848485
hpmcounter6,drift,seed2,17,6.848484848484849
hpmcounter6,drift,seed2,18,6.739393939393939
hpmcounter6,drift,seed2,19,6.557575757575758
hpmcounter6,drift,seed2,20,6.303030303030303
hpmcounter6,drift,seed2,21,6.218181818181818
hpmcounter6,drift,seed2,22,6.303030303030303
hpmcounter6,drift,seed2,23,6.557575757575758
hpmcounter6,drift,seed2,24,6.739393939393939
hpmcounter6,drift,seed2,25,6.848484848484849
hpmcounter6,drift,seed2,26,6.884848484848485
hpmcounter6,drift,seed2,27,6.848484848484849
hpmcounter6,drift,seed2,28,6.739393939393939
hpmcounter6,drift,seed2,29,6.557575757575758
hpmcounter6,drift,seed2,30,6.303030303030303
hpmcounter6,drift,seed2,31,6.218181818181818
hpmcounter6,drift,seed2,32,6.303030303030303
hpmcounter6,drift,seed2,33,6.557575757575758
hpmcounter6,drift,seed2,34,6.739393939393939
hpmcounter6,drift,seed2,35,6.848484848484849
hpmcounter6,drift,seed2,36,6.884848484848485
hpmcounter6,drift,seed2,37,6.848484848484849
hpmcounter6,drift,seed2,38,6.739393939393939
hpmcounter6,drift,seed2,39,6.557575757575758
hpmcounter6,drift,seed2,40,6.303030303030303
hpmcounter6,drift,seed2,41,6.218181818181818
hpmcounter6,drift,seed2,42,6.303030303030303
hpmcounter6,drift,seed2,43,6.557575757575758
hpmcounter6,drift,seed2,44,6.739393939393939
hpmcounter6,drift,seed2,45,6.848484848484849
hpmcounter6,drift,seed2,46,6.884848484848485
hpmcounter6,drift,seed2,47,6.848484848484849
hpmcounter6,drift,seed2,48,6.739393939393939
hpmcounter6,drift,seed2,49,6.557575757575758
hpmcounter6,drift,seed2,50,6.303030303030303
hpmcounter6,drift,seed2,51,6.218181818181818
hpmcounter6,drift,seed2,52,6.303030303030303
hpmcounter6,drift,seed2,53,6.557575757575758
hpmcounter6,drift,seed2,54,6.739393939393939
hpmcounter6,drift,seed2,55,6.848484848484849
hpmcounter6,drift,seed2,56,6.884848484848485
hpmcounter6,drift,seed2,57,6.848484848484849
hpmcounter6,drift,seed2,58,6.739393939393939
hpmcounter6,drift,seed2,59,6.557575757575758
hpmcounter6,drift,seed2,60,6.303030303030303
hpmcounter6,drift,seed2,61,6.218181818181818
hpmcounter6,drift,seed2,62,6.303030303030303
hpmcounter6,drift,seed2,63,6.557575757575758
hpmcounter6,drift,seed2,64,6.739393939393939
hpmcounter6,drift,seed2,65,6.848484848484849
hpmcounter6,drift,seed2,66,6.884848484848485
hpmcounter6,drift,seed2,67,6.848484848484849
hpmcounter6,drift,seed2,68,6.739393939393939
hpmcounter6,drift,seed2,69,6.557575757575758
hpmcounter6,drift,seed2,70,6.303030303030303
hpmcounter6,drift,seed2,71,6.218181818181818
hpmcounter6,drift,seed2,72,6.303030303030303
hpmcounter6,drift,seed2,73,6.557575757575758
hpmcounter6,drift,seed2,74,6.739393939393939
hpmcounter6,drift,seed2,75,6.848484848484849
hpmcounter6,drift,seed2,76,6.884848484848485
hpmcounter6,drift,seed2,77,6.848484848484849
hpmcounter6,drift,seed2,78,6.739393939393939
hpmcounter6,drift,seed2,79,6.557575757575758
hpmcounter6,drift,seed2,80,6.303030303030303
hpmcounter6,drift,seed2,81,6.218181818181818
hpmcounter6,drift,seed2,82,6.303030303030303
hpmcounter6,drift,seed2,83,6.557575757575758
hpmcounter6,drift,seed2,84,6.739393939393939
hpmcounter6,drift,seed2,85,6.848484848484849
hpmcounter6,drift,seed2,86,6.884848484848485
hpmcounter6,drift,seed2,87,6.848484848484849
hpmcounter6,drift,seed2,88,6.739393939393939
hpmcounter6,drift,seed2,89,6.557575757575758
hpmcounter6,drift,seed2,90,6.303030303030303
hpmcounter6,drift,seed2,91,6.218181818181818
hpmcounter6,drift,seed2,92,6.303030303030303
hpmcounter6,drift,seed2,93,6.557575757575758
hpmcounter6,drift,seed2,94,6.739393939393939
hpmcounter6,drift,seed2,95,6.848484848484849
hpmcounter6,drift,seed2,96,6.884848484848485
hpmcounter6,drift,seed2,97,6.848484848484849
hpmcounter6,drift,seed2,98,6.739393939393939
hpmcounter6,drift,seed2,99,6.557575757575758
hpmcounter6,drift,seed2,100,6.303030303030303
hpmcounter6,drift,seed2,101,6.218181818181818
hpmcounter6,drift,seed2,102,6.303030303030303
hpmcounter6,drift,seed2,103,6.557575757575758
hpmcounter6,drift,seed2,104,6.739393939393939
hpmcounter6,drift,seed2,105,6.848484848484849
hpmcounter6,drift,seed2,106,6.884848484848485
hpmcounter6,drift,seed2,107,6.848484848484849
hpmcounter6,drift,seed2,108,6.739393939393939
hpmcounter6,drift,seed2,109,6.557575757575758
hpmcounter6,drift,seed2,110,6.303030303030303
hpmcounter6,drift,seed2,111,6.218181818181818
hpmcounter6,drift,seed2,112,6.303030303030303
hpmcounter6,drift,seed2,113,6.557575757575758
hpmcounter6,drift,seed2,114,6.739393939393939
hpmcounter6,drift,seed2,115,6.848484848484849
hpmcounter6,drift,seed2,116,6.884848484848485
hpmcounter6,drift,seed2,117,6.848484848484849
hpmcounter6,drift,seed2,118,6.739393939393939
hpmcounter6,drift,seed2,119,6.557575757575758
hpmcounter6,drift,seed2,120,6.303030303030303
hpmcounter6,drift,seed2,121,6.218181818181818
hpmcounter6,drift,seed2,122,6.303030303030303
hpmcounter6,drift,seed2,123,6.557575757575758
hpmcounter6,drift,seed2,124,6.739393939393939
hpmcounter6,drift,seed2,125,6.848484848484849
hpmcounter6,drift,seed2,126,6.884848484848485
hpmcounter6,drift,seed2,127,6.848484848484849
hpmcounter6,drift,seed2,128,6.739393939393939
hpmcounter6,drift,seed2,129,6.557575757575758
hpmcounter6,drift,seed2,130,6.303030303030303
hpmcounter6,drift,seed2,131,6.218181818181818
hpmcounter6,drift,seed2,132,6.303030303030303
hpmcounter6,drift,seed2,133,6.557575757575758
hpmcounter6,drift,seed2,134,6.739393939393939
hpmcounter6,drift,seed2,135,6.848484848484849
hpmcounter6,drift,seed2,136,6.884848484848485
hpmcounter6,drift,seed2,137,6.848484848484849
hpmcounter6,drift,seed2,138,6.739393939393939
hpmcounter6,drift,seed2,139,6.557575757575758
hpmcounter6,drift,seed2,140,6.303030303030303
hpmcounter6,drift,seed2,141,6.218181818181818
hpmcounter6,drift,seed2,142,6.303030303030303
hpmcounter6,drift,seed2,143,6.557575757575758
hpmcounter6,drift,seed2,144,6.739393939393939
hpmcounter6,drift,seed2,145,6.848484848484849
hpmcounter6,drift,seed2,146,6.884848484848485
hpmcounter6,drift,seed2,147,6.848484848484849
hpmcounter6,drift,seed2,148,6.739393939393939
hpmcounter6,drift,seed2,149,6.557575757575758
hpmcounter6,drift,seed2,150,6.303030303030303
hpmcounter6,drift,seed2,151,6.218181818181818
hpmcounter6,drift,seed2,152,6.303030303030303
hpmcounter6,drift,seed2,153,6.557575757575758
hpmcounter6,drift,seed2,154,6.739393939393939
hpmcounter6,drift,seed2,155,6.848484848484849
hpmcounter6,drift,seed2,156,6.884848484848485
hpmcounter6,drift,seed2,157,6.848484848484849
hpmcounter6,drift,seed2,158,6.739393939393939
hpmcounter6,drift,seed2,159,6.557575757575758
hpmcounter6,drift,seed2,160,6.303030303030303
hpmcounter6,drift,seed2,161,6.218181818181818
hpmcounter6,drift,seed2,162,6.303030303030303
hpmcounter6,drift,seed2,163,6.557575757575758
hpmcounter6,drift,seed2,164,6.739393939393939
hpmcounter6,drift,seed2,165,6.848484848484849
hpmcounter6,drift,seed2,166,6.884848484848485
hpmcounter6,drift,seed2,167,6.848484848484849
hpmcounter6,drift,seed2,168,6.739393939393939
hpmcounter6,drift,seed2,169,6.557575757575758
hpmcounter6,drift,seed2,170,6.303030303030303
hpmcounter6,drift,seed2,171,6.218181818181818
hpmcounter6,drift,seed2,172,6.303030303030303
hpmcounter6,drift,seed2,173,6.557575757575758
hpmcounter6,drift,seed2,174,6.739393939393939
hpmcounter6,drift,seed2,175,6.848484848484849
hpmcounter6,drift,seed2,176,6.884848484848485
hpmcounter6,drift,seed2,177,6.848484848484849
hpmcounter6,drift,seed2,178,6.739393939393939
hpmcounter6,drift,seed2,179,6.557575757575758
hpmcounter6,drift,seed2,180,6.303030303030303
hpmcounter6,drift,seed2,181,6.218181818181818
hpmcounter6,drift,seed2,182,6.303030303030303
hpmcounter6,drift,seed2,183,6.557575757575758
hpmcounter6,drift,seed2,184,6.739393939393939
hpmcounter6,drift,seed2,185,6.848484848484849
hpmcounter6,drift,seed2,186,6.884848484848485
hpmcounter6,drift,seed2,187,6.848484848484849
hpmcounter6,drift,seed2,188,6.739393939393939
hpmcounter6,drift,seed2,189,6.557575757575758
hpmcounter6,drift,seed2,190,6.303030303030303
hpmcounter6,drift,seed2,191,6.218181818181818
hpmcounter6,drift,seed2,192,6.303030303030303
hpmcounter6,drift,seed2,193,6.557575757575758
hpmcounter6,drift,seed2,194,6.739393939393939
hpmcounter6,drift,seed2,195,6.848484848484849
hpmcounter6,drift,seed2,196,6.884848484848485
hpmcounter6,drift,seed2,197,6.848484848484849
hpmcounter6,drift,seed2,198,6.739393939393939
hpmcounter6,drift,seed2,199,6.557575757575758
hpmcounter6,drift,seed2,200,6.303030303030303
hpmcounter6,drift,seed2,201,6.218181818181818
hpmcounter6,drift,seed2,202,6.303030303030303
hpmcounter6,drift,seed2,203,6.557575757575758
hpmcounter6,drift,seed2,204,6.739393939393939
hpmcounter6,drift,seed2,205,6.848484848484849
hpmcounter6,drift,seed2,206,6.884848484848485
hpmcounter6,drift,seed2,207,6.848484848484849
hpmcounter6,drift,seed2,208,6.739393939393939
hpmcounter6,drift,seed2,209,6.557575757575758
hpmcounter6,drift,seed2,210,6.303030303030303
hpmcounter6,drift,seed2,211,6.218181818181818
hpmcounter6,drift,seed2,212,6.303030303030303
hpmcounter6,drift,seed2,213,6.557575757575758
hpmcounter6,drift,seed2,214,6.739393939393939
hpmcounter6,drift,seed2,215,6.848484848484849
hpmcounter6,drift,seed2,216,6.884848484848485
hpmcounter6,drift,seed2,217,6.848484848484849
hpmcounter6,drift,seed2,218,6.739393939393939
hpmcounter6,drift,seed2,219,6.557575757575758
hpmcounter6,drift,seed2,220,6.303030303030303
hpmcounter6,drift,seed2,221,6.218181818181818
hpmcounter6,drift,seed2,222,6.303030303030303
hpmcounter6,drift,seed2,223,6.557575757575758
hpmcounter6,drift,seed2,224,6.739393939393939
hpmcounter6,drift,seed2,225,6.848484848484849
hpmcounter6,drift,seed2,226,6.884848484848485
hpmcounter6,drift,seed2,227,6.848484848484849
hpmcounter6,drift,seed2,228,6.739393939393939
hpmcounter6,drift,seed2,229,6.557575757575758
hpmcounter6,drift,seed2,230,6.303030303030303
hpmcounter6,drift,seed2,231,6.218181818181818
hpmcounter6,drift,seed2,232,6.303030303030303
hpmcounter6,drift,seed2,233,6.557575757575758
hpmcounter6,drift,seed2,234,6.739393939393939
hpmcounter6,drift,seed2,235,6.848484848484849
hpmcounter6,drift,seed2,236,6.884848484848485
hpmcounter6,drift,seed2,237,6.848484848484849
hpmcounter6,drift,seed2,238,6.739393939393939
hpmcounter6,drift,seed2,239,6.557575757575758
hpmcounter6,drift,seed2,240,6.303030303030303
hpmcounter6,drift,seed2,241,6.218181818181818
hpmcounter6,drift,seed2,242,6.303030303030303
hpmcounter6,drift,seed2,243,6.557575757575758
hpmcounter6,drift,seed2,244,6.739393939393939
hpmcounter6,drift,seed2,245,6.848484848484849
hpmcounter6,drift,seed2,246,6.884848484848485
hpmcounter6,drift,seed2,247,6.848484848484849
hpmcounter6,drift,seed2,248,6.739393939393939
hpmcounter6,drift,seed2,249,6.557575757575758
hpmcounter6,drift,seed2,250,6.303030303030303
hpmcounter6,drift,seed2,251,6.218181818181818
hpmcounter6,drift,seed2,252,6.303030303030303
hpmcounter6,drift,seed2,253,6.557575757575758
hpmcounter6,drift,seed2,254,6.739393939393939
hpmcounter6,drift,seed2,255,6.848484848484849
hpmcounter6,drift,seed2,256,6.884848484848485
hpmcounter6,drift,seed2,257,6.848484848484849
hpmcounter6,drift,seed2,258,6.739393939393939
hpmcounter6,drift,seed2,259,6.557575757575758
hpmcounter6,drift,seed2,260,6.303030303030303
hpmcounter6,drift,seed2,261,6.218181818181818
hpmcounter6,drift,seed2,262,6.303030303030303
hpmcounter6,drift,seed2,263,6.557575757575758
hpmcounter6,drift,seed2,264,6.739393939393939
hpmcounter6,drift,seed2,265,6.848484848484849
hpmcounter6,drift,seed2,266,6.884848484848485
hpmcounter6,drift,seed2,267,6.848484848484849
hpmcounter6,drift,seed2,268,6.739393939393939
hpmcounter6,drift,seed2,269,6.557575757575758
hpmcounter6,drift,seed2,270,6.303030303030303
hpmcounter6,drift,seed2,271,6.218181818181818
hpmcounter6,drift,seed2,272,6.303030303030303
hpmcounter6,drift,seed2,273,6.557575757575758
hpmcounter6,drift,seed2,274,6.739393939393939
hpmcounter6,drift,seed2,275,6.848484848484849
hpmcounter6,drift,seed2,276,6.884848484848485
hpmcounter6,drift,seed2,277,6.848484848484849
hpmcounter6,drift,seed2,278,6.739393939393939
hpmcounter6,drift,seed2,279,6.557575757575758
hpmcounter6,drift,seed2,280,6.303030303030303
hpmcounter6,drift,seed2,281,6.218181818181818
hpmcounter6,drift,seed2,282,6.303030303030303
hpmcounter6,drift,seed2,283,6.557575757575758
hpmcounter6,drift,seed2,284,6.739393939393939
hpmcounter6,drift,seed2,285,6.848484848484849
hpmcounter6,drift,seed2,286,6.884848484848485
hpmcounter6,drift,seed2,287,6.848484848484849
hpmcounter6,drift,seed2,288,6.739393939393939
hpmcounter6,drift,seed2,289,6.557575757575758
hpmcounter6,drift,seed2,290,6.303030303030303
hpmcounter6,drift,seed2,291,6.218181818181818
hpmcounter6,drift,seed2,292,6.303030303030303
hpmcounter6,drift,seed2,293,6.557575757575758
hpmcounter6,drift,seed2,294,6.739393939393939
hpmcounter6,drift,seed2,295,6.848484848484849
hpmcounter6,drift,seed2,296,6.884848484848485
hpmcounter6,drift,seed2,297,6.848484848484849
hpmcounter6,drift,seed2,298,6.739393939393939
hpmcounter6,drift,seed20,9,6.557575757575758
hpmcounter6,drift,seed20,10,6.303030303030303
hpmcounter6,drift,seed20,11,6.218181818181818
hpmcounter6,drift,seed20,12,6.303030303030303
hpmcounter6,drift,seed20,13,6.557575757575758
hpmcounter6,drift,seed20,14,6.739393939393939
hpmcounter6,drift,seed20,15,6.848484848484849
hpmcounter6,drift,seed20,16,6.884848484848485
hpmcounter6,drift,seed20,17,6.848484848484849
hpmcounter6,drift,seed20,18,6.739393939393939
hpmcounter6,drift,seed20,19,6.557575757575758
hpmcounter6,drift,seed20,20,6.303030303030303
hpmcounter6,drift,seed20,21,6.218181818181818
hpmcounter6,drift,seed20,22,6.303030303030303
hpmcounter6,drift,seed20,23,6.557575757575758
hpmcounter6,drift,seed20,24,6.739393939393939
hpmcounter6,drift,seed20,25,6.848484848484849
hpmcounter6,drift,seed20,26,6.884848484848485
hpmcounter6,drift,seed20,27,6.848484848484849
hpmcounter6,drift,seed20,28,6.739393939393939
hpmcounter6,drift,seed20,29,6.557575757575758
hpmcounter6,drift,seed20,30,6.303030303030303
hpmcounter6,drift,seed20,31,6.218181818181818
hpmcounter6,drift,seed20,32,6.303030303030303
hpmcounter6,drift,seed20,33,6.557575757575758
hpmcounter6,drift,seed20,34,6.739393939393939
hpmcounter6,drift,seed20,35,6.848484848484849
hpmcounter6,drift,seed20,36,6.884848484848485
hpmcounter6,drift,seed20,37,6.848484848484849
hpmcounter6,drift,seed20,38,6.739393939393939
hpmcounter6,drift,seed20,39,6.557575757575758
hpmcounter6,drift,seed20,40,6.303030303030303
hpmcounter6,drift,seed20,41,6.218181818181818
hpmcounter6,drift,seed20,42,6.303030303030303
hpmcounter6,drift,seed20,43,6.557575757575758
hpmcounter6,drift,seed20,44,6.739393939393939
hpmcounter6,drift,seed20,45,6.848484848484849
hpmcounter6,drift,seed20,46,6.884848484848485
hpmcounter6,drift,seed20,47,6.848484848484849
hpmcounter6,drift,seed20,48,6.739393939393939
hpmcounter6,drift,seed20,49,6.557575757575758
hpmcounter6,drift,seed20,50,6.303030303030303
hpmcounter6,drift,seed20,51,6.218181818181818
hpmcounter6,drift,seed20,52,6.303030303030303
hpmcounter6,drift,seed20,53,6.557575757575758
hpmcounter6,drift,seed20,54,6.739393939393939
hpmcounter6,drift,seed20,55,6.848484848484849
hpmcounter6,drift,seed20,56,6.884848484848485
hpmcounter6,drift,seed20,57,6.848484848484849
hpmcounter6,drift,seed20,58,6.739393939393939
hpmcounter6,drift,seed20,59,6.557575757575758
hpmcounter6,drift,seed20,60,6.303030303030303
hpmcounter6,drift,seed20,61,6.218181818181818
hpmcounter6,drift,seed20,62,6.303030303030303
hpmcounter6,drift,seed20,63,6.557575757575758
hpmcounter6,drift,seed20,64,6.739393939393939
hpmcounter6,drift,seed20,65,6.848484848484849
hpmcounter6,drift,seed20,66,6.884848484848485
hpmcounter6,drift,seed20,67,6.848484848484849
hpmcounter6,drift,seed20,68,6.739393939393939
hpmcounter6,drift,seed20,69,6.557575757575758
hpmcounter6,drift,seed20,70,6.303030303030303
hpmcounter6,drift,seed20,71,6.218181818181818
hpmcounter6,drift,seed20,72,6.303030303030303
hpmcounter6,drift,seed20,73,6.557575757575758
hpmcounter6,drift,seed20,74,6.739393939393939
hpmcounter6,drift,seed20,75,6.848484848484849
hpmcounter6,drift,seed20,76,6.884848484848485
hpmcounter6,drift,seed20,77,6.848484848484849
hpmcounter6,drift,seed20,78,6.739393939393939
hpmcounter6,drift,seed20,79,6.557575757575758
hpmcounter6,drift,seed20,80,6.303030303030303
hpmcounter6,drift,seed20,81,6.218181818181818
hpmcounter6,drift,seed20,82,6.303030303030303
hpmcounter6,drift,seed20,83,6.557575757575758
hpmcounter6,drift,seed20,84,6.739393939393939
hpmcounter6,drift,seed20,85,6.848484848484849
hpmcounter6,drift,seed20,86,6.884848484848485
hpmcounter6,drift,seed20,87,6.848484848484849
hpmcounter6,drift,seed20,88,6.739393939393939
hpmcounter6,drift,seed20,89,6.557575757575758
hpmcounter6,drift,seed20,90,6.303030303030303
hpmcounter6,drift,seed20,91,6.218181818181818
hpmcounter6,drift,seed20,92,6.303030303030303
hpmcounter6,drift,seed20,93,6.557575757575758
hpmcounter6,drift,seed20,94,6.739393939393939
hpmcounter6,drift,seed20,95,6.848484848484849
hpmcounter6,drift,seed20,96,6.884848484848485
hpmcounter6,drift,seed20,97,6.848484848484849
hpmcounter6,drift,seed20,98,6.739393939393939
hpmcounter6,drift,seed20,99,6.557575757575758
hpmcounter6,drift,seed20,100,6.303030303030303
hpmcounter6,drift,seed20,101,6.218181818181818
hpmcounter6,drift,seed20,102,6.303030303030303
hpmcounter6,drift,seed20,103,6.557575757575758
hpmcounter6,drift,seed20,104,6.739393939393939
hpmcounter6,drift,seed20,105,6.848484848484849
hpmcounter6,drift,seed20,106,6.884848484848485
hpmcounter6,drift,seed20,107,6.848484848484849
hpmcounter6,drift,seed20,108,6.739393939393939
hpmcounter6,drift,seed20,109,6.557575757575758
hpmcounter6,drift,seed20,110,6.303030303030303
hpmcounter6,drift,seed20,111,6.218181818181818
hpmcounter6,drift,seed20,112,6.303030303030303
hpmcounter6,drift,seed20,113,6.557575757575758
hpmcounter6,drift,seed20,114,6.739393939393939
hpmcounter6,drift,seed20,115,6.848484848484849
hpmcounter6,drift,seed20,116,6.884848484848485
hpmcounter6,drift,seed20,117,6.848484848484849
hpmcounter6,drift,seed20,118,6.739393939393939
hpmcounter6,drift,seed20,119,6.557575757575758
hpmcounter6,drift,seed20,120,6.303030303030303
hpmcounter6,drift,seed20,121,6.218181818181818
hpmcounter6,drift,seed20,122,6.303030303030303
hpmcounter6,drift,seed20,123,6.557575757575758
hpmcounter6,drift,seed20,124,6.739393939393939
hpmcounter6,drift,seed20,125,6.848484848484849
hpmcounter6,drift,seed20,126,6.884848484848485
hpmcounter6,drift,seed20,127,6.848484848484849
hpmcounter6,drift,seed20,128,6.739393939393939
hpmcounter6,drift,seed20,129,6.557575757575758
hpmcounter6,drift,seed20,130,6.303030303030303
hpmcounter6,drift,seed20,131,6.218181818181818
hpmcounter6,drift,seed20,132,6.303030303030303
hpmcounter6,drift,seed20,133,6.557575757575758
hpmcounter6,drift,seed20,134,6.739393939393939
hpmcounter6,drift,seed20,135,6.848484848484849
hpmcounter6,drift,seed20,136,6.884848484848485
hpmcounter6,drift,seed20,137,6.848484848484849
hpmcounter6,drift,seed20,138,6.739393939393939
hpmcounter6,drift,seed20,139,6.557575757575758
hpmcounter6,drift,seed20,140,6.303030303030303
hpmcounter6,drift,seed20,141,6.218181818181818
hpmcounter6,drift,seed20,142,6.303030303030303
hpmcounter6,drift,seed20,143,6.557575757575758
hpmcounter6,drift,seed20,144,6.739393939393939
hpmcounter6,drift,seed20,145,6.848484848484849
hpmcounter6,drift,seed20,146,6.884848484848485
hpmcounter6,drift,seed20,147,6.848484848484849
hpmcounter6,drift,seed20,148,6.739393939393939
hpmcounter6,drift,seed20,149,6.557575757575758
hpmcounter6,drift,seed20,150,6.303030303030303
hpmcounter6,drift,seed20,151,6.218181818181818
hpmcounter6,drift,seed20,152,6.303030303030303
hpmcounter6,drift,seed20,153,6.557575757575758
hpmcounter6,drift,seed20,154,6.739393939393939
hpmcounter6,drift,seed20,155,6.848484848484849
hpmcounter6,drift,seed20,156,6.884848484848485
hpmcounter6,drift,seed20,157,6.848484848484849
hpmcounter6,drift,seed20,158,6.739393939393939
hpmcounter6,drift,seed20,159,6.557575757575758
hpmcounter6,drift,seed20,160,6.303030303030303
hpmcounter6,drift,seed20,161,6.218181818181818
hpmcounter6,drift,seed20,162,6.303030303030303
hpmcounter6,drift,seed20,163,6.557575757575758
hpmcounter6,drift,seed20,164,6.739393939393939
hpmcounter6,drift,seed20,165,6.848484848484849
hpmcounter6,drift,seed20,166,6.884848484848485
hpmcounter6,drift,seed20,167,6.848484848484849
hpmcounter6,drift,seed20,168,6.739393939393939
hpmcounter6,drift,seed20,169,6.557575757575758
hpmcounter6,drift,seed20,170,6.303030303030303
hpmcounter6,drift,seed20,171,6.218181818181818
hpmcounter6,drift,seed20,172,6.303030303030303
hpmcounter6,drift,seed20,173,6.557575757575758
hpmcounter6,drift,seed20,174,6.739393939393939
hpmcounter6,drift,seed20,175,6.848484848484849
hpmcounter6,drift,seed20,176,6.884848484848485
hpmcounter6,drift,seed20,177,6.848484848484849
hpmcounter6,drift,seed20,178,6.739393939393939
hpmcounter6,drift,seed20,179,6.557575757575758
hpmcounter6,drift,seed20,180,6.303030303030303
hpmcounter6,drift,seed20,181,6.218181818181818
hpmcounter6,drift,seed20,182,6.303030303030303
hpmcounter6,drift,seed20,183,6.557575757575758
hpmcounter6,drift,seed20,184,6.739393939393939
hpmcounter6,drift,seed20,185,6.848484848484849
hpmcounter6,drift,seed20,186,6.884848484848485
hpmcounter6,drift,seed20,187,6.848484848484849
hpmcounter6,drift,seed20,188,6.739393939393939
hpmcounter6,drift,seed20,189,6.557575757575758
hpmcounter6,drift,seed20,190,6.303030303030303
hpmcounter6,drift,seed20,191,6.218181818181818
hpmcounter6,drift,seed20,192,6.303030303030303
hpmcounter6,drift,seed20,193,6.557575757575758
hpmcounter6,drift,seed20,194,6.739393939393939
hpmcounter6,drift,seed20,195,6.848484848484849
hpmcounter6,drift,seed20,196,6.884848484848485
hpmcounter6,drift,seed20,197,6.848484848484849
hpmcounter6,drift,seed20,198,6.739393939393939
hpmcounter6,drift,seed20,199,6.557575757575758
hpmcounter6,drift,seed20,200,6.303030303030303
hpmcounter6,drift,seed20,201,6.218181818181818
hpmcounter6,drift,seed20,202,6.303030303030303
hpmcounter6,drift,seed20,203,6.557575757575758
hpmcounter6,drift,seed20,204,6.739393939393939
hpmcounter6,drift,seed20,205,6.848484848484849
hpmcounter6,drift,seed20,206,6.884848484848485
hpmcounter6,drift,seed20,207,6.848484848484849
hpmcounter6,drift,seed20,208,6.739393939393939
hpmcounter6,drift,seed20,209,6.557575757575758
hpmcounter6,drift,seed20,210,6.303030303030303
hpmcounter6,drift,seed20,211,6.218181818181818
hpmcounter6,drift,seed20,212,6.303030303030303
hpmcounter6,drift,seed20,213,6.557575757575758
hpmcounter6,drift,seed20,214,6.739393939393939
hpmcounter6,drift,seed20,215,6.848484848484849
hpmcounter6,drift,seed20,216,6.884848484848485
hpmcounter6,drift,seed20,217,6.848484848484849
hpmcounter6,drift,seed20,218,6.739393939393939
hpmcounter6,drift,seed20,219,6.557575757575758
hpmcounter6,drift,seed20,220,6.303030303030303
hpmcounter6,drift,seed20,221,6.218181818181818
hpmcounter6,drift,seed20,222,6.303030303030303
hpmcounter6,drift,seed20,223,6.557575757575758
hpmcounter6,drift,seed20,224,6.739393939393939
hpmcounter6,drift,seed20,225,6.848484848484849
hpmcounter6,drift,seed20,226,6.884848484848485
hpmcounter6,drift,seed20,227,6.848484848484849
hpmcounter6,drift,seed20,228,6.739393939393939
hpmcounter6,drift,seed20,229,6.557575757575758
hpmcounter6,drift,seed20,230,6.303030303030303
hpmcounter6,drift,seed20,231,6.218181818181818
hpmcounter6,drift,seed20,232,6.303030303030303
hpmcounter6,drift,seed20,233,6.557575757575758
hpmcounter6,drift,seed20,234,6.739393939393939
hpmcounter6,drift,seed20,235,6.848484848484849
hpmcounter6,drift,seed20,236,6.884848484848485
hpmcounter6,drift,seed20,237,6.848484848484849
hpmcounter6,drift,seed20,238,6.739393939393939
hpmcounter6,drift,seed20,239,6.557575757575758
hpmcounter6,drift,seed20,240,6.303030303030303
hpmcounter6,drift,seed20,241,6.218181818181818
hpmcounter6,drift,seed20,242,6.303030303030303
hpmcounter6,drift,seed20,243,6.557575757575758
hpmcounter6,drift,seed20,244,6.739393939393939
hpmcounter6,drift,seed20,245,6.848484848484849
hpmcounter6,drift,seed20,246,6.884848484848485
hpmcounter6,drift,seed20,247,6.848484848484849
hpmcounter6,drift,seed20,248,6.739393939393939
hpmcounter6,drift,seed20,249,6.557575757575758
hpmcounter6,drift,seed20,250,6.303030303030303
hpmcounter6,drift,seed20,251,6.218181818181818
hpmcounter6,drift,seed20,252,6.303030303030303
hpmcounter6,drift,seed20,253,6.557575757575758
hpmcounter6,drift,seed20,254,6.739393939393939
hpmcounter6,drift,seed20,255,6.848484848484849
hpmcounter6,drift,seed20,256,6.884848484848485
hpmcounter6,drift,seed20,257,6.848484848484849
hpmcounter6,drift,seed20,258,6.739393939393939
hpmcounter6,drift,seed20,259,6.557575757575758
hpmcounter6,drift,seed20,260,6.303030303030303
hpmcounter6,drift,seed20,261,6.218181818181818
hpmcounter6,drift,seed20,262,6.303030303030303
hpmcounter6,drift,seed20,263,6.557575757575758
hpmcounter6,drift,seed20,264,6.739393939393939
hpmcounter6,drift,seed20,265,6.848484848484849
hpmcounter6,drift,seed20,266,6.884848484848485
hpmcounter6,drift,seed20,267,6.848484848484849
hpmcounter6,drift,seed20,268,6.739393939393939
hpmcounter6,drift,seed20,269,6.557575757575758
hpmcounter6,drift,seed20,270,6.303030303030303
hpmcounter6,drift,seed20,271,6.218181818181818
hpmcounter6,drift,seed20,272,6.303030303030303
hpmcounter6,drift,seed20,273,6.557575757575758
hpmcounter6,drift,seed20,274,6.739393939393939
hpmcounter6,drift,seed20,275,6.848484848484849
hpmcounter6,drift,seed20,276,6.884848484848485
hpmcounter6,drift,seed20,277,6.848484848484849
hpmcounter6,drift,seed20,278,6.739393939393939
hpmcounter6,drift,seed20,279,6.557575757575758
hpmcounter6,drift,seed20,280,6.303030303030303
hpmcounter6,drift,seed20,281,6.218181818181818
hpmcounter6,drift,seed20,282,6.303030303030303
hpmcounter6,drift,seed20,283,6.557575757575758
hpmcounter6,drift,seed20,284,6.739393939393939
hpmcounter6,drift,seed20,285,6.848484848484849
hpmcounter6,drift,seed20,286,6.884848484848485
hpmcounter6,drift,seed20,287,6.848484848484849
hpmcounter6,drift,seed20,288,6.739393939393939
hpmcounter6,drift,seed20,289,6.557575757575758
hpmcounter6,drift,seed20,290,6.303030303030303
hpmcounter6,drift,seed20,291,6.218181818181818
hpmcounter6,drift,seed20,292,6.303030303030303
hpmcounter6,drift,seed20,293,6.557575757575758
hpmcounter6,drift,seed20,294,6.739393939393939
hpmcounter6,drift,seed20,295,6.848484848484849
hpmcounter6,drift,seed20,296,6.884848484848485
hpmcounter6,drift,seed20,297,6.848484848484849
hpmcounter6,drift,seed20,298,6.739393939393939
hpmcounter6,drift,seed3,9,6.557575757575758
hpmcounter6,drift,seed3,10,6.303030303030303
hpmcounter6,drift,seed3,11,6.218181818181818
hpmcounter6,drift,seed3,12,6.303030303030303
hpmcounter6,drift,seed3,13,6.557575757575758
hpmcounter6,drift,seed3,14,6.739393939393939
hpmcounter6,drift,seed3,15,6.848484848484849
hpmcounter6,drift,seed3,16,6.884848484848485
hpmcounter6,drift,seed3,17,6.848484848484849
hpmcounter6,drift,seed3,18,6.739393939393939
hpmcounter6,drift,seed3,19,6.557575757575758
hpmcounter6,drift,seed3,20,6.303030303030303
hpmcounter6,drift,seed3,21,6.218181818181818
hpmcounter6,drift,seed3,22,6.303030303030303
hpmcounter6,drift,seed3,23,6.557575757575758
hpmcounter6,drift,seed3,24,6.739393939393939
hpmcounter6,drift,seed3,25,6.848484848484849
hpmcounter6,drift,seed3,26,6.884848484848485
hpmcounter6,drift,seed3,27,6.848484848484849
hpmcounter6,drift,seed3,28,6.739393939393939
hpmcounter6,drift,seed3,29,6.557575757575758
hpmcounter6,drift,seed3,30,6.303030303030303
hpmcounter6,drift,seed3,31,6.218181818181818
hpmcounter6,drift,seed3,32,6.303030303030303
hpmcounter6,drift,seed3,33,6.557575757575758
hpmcounter6,drift,seed3,34,6.739393939393939
hpmcounter6,drift,seed3,35,6.848484848484849
hpmcounter6,drift,seed3,36,6.884848484848485
hpmcounter6,drift,seed3,37,6.848484848484849
hpmcounter6,drift,seed3,38,6.739393939393939
hpmcounter6,drift,seed3,39,6.557575757575758
hpmcounter6,drift,seed3,40,6.303030303030303
hpmcounter6,drift,seed3,41,6.218181818181818
hpmcounter6,drift,seed3,42,6.303030303030303
hpmcounter6,drift,seed3,43,6.557575757575758
hpmcounter6,drift,seed3,44,6.739393939393939
hpmcounter6,drift,seed3,45,6.848484848484849
hpmcounter6,drift,seed3,46,6.884848484848485
hpmcounter6,drift,seed3,47,6.848484848484849
hpmcounter6,drift,seed3,48,6.739393939393939
hpmcounter6,drift,seed3,49,6.557575757575758
hpmcounter6,drift,seed3,50,6.303030303030303
hpmcounter6,drift,seed3,51,6.218181818181818
hpmcounter6,drift,seed3,52,6.303030303030303
hpmcounter6,drift,seed3,53,6.557575757575758
hpmcounter6,drift,seed3,54,6.739393939393939
hpmcounter6,drift,seed3,55,6.848484848484849
hpmcounter6,drift,seed3,56,6.884848484848485
hpmcounter6,drift,seed3,57,6.848484848484849
hpmcounter6,drift,seed3,58,6.739393939393939
hpmcounter6,drift,seed3,59,6.557575757575758
hpmcounter6,drift,seed3,60,6.303030303030303
hpmcounter6,drift,seed3,61,6.218181818181818
hpmcounter6,drift,seed3,62,6.303030303030303
hpmcounter6,drift,seed3,63,6.557575757575758
hpmcounter6,drift,seed3,64,6.739393939393939
hpmcounter6,drift,seed3,65,6.848484848484849
hpmcounter6,drift,seed3,66,6.884848484848485
hpmcounter6,drift,seed3,67,6.848484848484849
hpmcounter6,drift,seed3,68,6.739393939393939
hpmcounter6,drift,seed3,69,6.557575757575758
hpmcounter6,drift,seed3,70,6.303030303030303
hpmcounter6,drift,seed3,71,6.218181818181818
hpmcounter6,drift,seed3,72,6.303030303030303
hpmcounter6,drift,seed3,73,6.557575757575758
hpmcounter6,drift,seed3,74,6.739393939393939
hpmcounter6,drift,seed3,75,6.848484848484849
hpmcounter6,drift,seed3,76,6.884848484848485
hpmcounter6,drift,seed3,77,6.848484848484849
hpmcounter6,drift,seed3,78,6.739393939393939
hpmcounter6,drift,seed3,79,6.557575757575758
hpmcounter6,drift,seed3,80,6.303030303030303
hpmcounter6,drift,seed3,81,6.218181818181818
hpmcounter6,drift,seed3,82,6.303030303030303
hpmcounter6,drift,seed3,83,6.557575757575758
hpmcounter6,drift,seed3,84,6.739393939393939
hpmcounter6,drift,seed3,85,6.848484848484849
hpmcounter6,drift,seed3,86,6.884848484848485
hpmcounter6,drift,seed3,87,6.848484848484849
hpmcounter6,drift,seed3,88,6.739393939393939
hpmcounter6,drift,seed3,89,6.557575757575758
hpmcounter6,drift,seed3,90,6.303030303030303
hpmcounter6,drift,seed3,91,6.218181818181818
hpmcounter6,drift,seed3,92,6.303030303030303
hpmcounter6,drift,seed3,93,6.557575757575758
hpmcounter6,drift,seed3,94,6.739393939393939
hpmcounter6,drift,seed3,95,6.848484848484849
hpmcounter6,drift,seed3,96,6.884848484848485
hpmcounter6,drift,seed3,97,6.848484848484849
hpmcounter6,drift,seed3,98,6.739393939393939
hpmcounter6,drift,seed3,99,6.557575757575758
hpmcounter6,drift,seed3,100,6.303030303030303
hpmcounter6,drift,seed3,101,6.218181818181818
hpmcounter6,drift,seed3,102,6.303030303030303
hpmcounter6,drift,seed3,103,6.557575757575758
hpmcounter6,drift,seed3,104,6.739393939393939
hpmcounter6,drift,seed3,105,6.848484848484849
hpmcounter6,drift,seed3,106,6.884848484848485
hpmcounter6,drift,seed3,107,6.848484848484849
hpmcounter6,drift,seed3,108,6.739393939393939
hpmcounter6,drift,seed3,109,6.557575757575758
hpmcounter6,drift,seed3,110,6.303030303030303
hpmcounter6,drift,seed3,111,6.218181818181818
hpmcounter6,drift,seed3,112,6.303030303030303
hpmcounter6,drift,seed3,113,6.557575757575758
hpmcounter6,drift,seed3,114,6.739393939393939
hpmcounter6,drift,seed3,115,6.848484848484849
hpmcounter6,drift,seed3,116,6.884848484848485
hpmcounter6,drift,seed3,117,6.848484848484849
hpmcounter6,drift,seed3,118,6.739393939393939
hpmcounter6,drift,seed3,119,6.557575757575758
hpmcounter6,drift,seed3,120,6.303030303030303
hpmcounter6,drift,seed3,121,6.218181818181818
hpmcounter6,drift,seed3,122,6.303030303030303
hpmcounter6,drift,seed3,123,6.557575757575758
hpmcounter6,drift,seed3,124,6.739393939393939
hpmcounter6,drift,seed3,125,6.848484848484849
hpmcounter6,drift,seed3,126,6.884848484848485
hpmcounter6,drift,seed3,127,6.848484848484849
hpmcounter6,drift,seed3,128,6.739393939393939
hpmcounter6,drift,seed3,129,6.557575757575758
hpmcounter6,drift,seed3,130,6.303030303030303
hpmcounter6,drift,seed3,131,6.218181818181818
hpmcounter6,drift,seed3,132,6.303030303030303
hpmcounter6,drift,seed3,133,6.557575757575758
hpmcounter6,drift,seed3,134,6.739393939393939
hpmcounter6,drift,seed3,135,6.848484848484849
hpmcounter6,drift,seed3,136,6.884848484848485
hpmcounter6,drift,seed3,137,6.848484848484849
hpmcounter6,drift,seed3,138,6.739393939393939
hpmcounter6,drift,seed3,139,6.557575757575758
hpmcounter6,drift,seed3,140,6.303030303030303
hpmcounter6,drift,seed3,141,6.218181818181818
hpmcounter6,drift,seed3,142,6.303030303030303
hpmcounter6,drift,seed3,143,6.557575757575758
hpmcounter6,drift,seed3,144,6.739393939393939
hpmcounter6,drift,seed3,145,6.848484848484849
hpmcounter6,drift,seed3,146,6.884848484848485
hpmcounter6,drift,seed3,147,6.848484848484849
hpmcounter6,drift,seed3,148,6.739393939393939
hpmcounter6,drift,seed3,149,6.557575757575758
hpmcounter6,drift,seed3,150,6.303030303030303
hpmcounter6,drift,seed3,151,6.218181818181818
hpmcounter6,drift,seed3,152,6.303030303030303
hpmcounter6,drift,seed3,153,6.557575757575758
hpmcounter6,drift,seed3,154,6.739393939393939
hpmcounter6,drift,seed3,155,6.848484848484849
hpmcounter6,drift,seed3,156,6.884848484848485
hpmcounter6,drift,seed3,157,6.848484848484849
hpmcounter6,drift,seed3,158,6.739393939393939
hpmcounter6,drift,seed3,159,6.557575757575758
hpmcounter6,drift,seed3,160,6.303030303030303
hpmcounter6,drift,seed3,161,6.218181818181818
hpmcounter6,drift,seed3,162,6.303030303030303
hpmcounter6,drift,seed3,163,6.557575757575758
hpmcounter6,drift,seed3,164,6.739393939393939
hpmcounter6,drift,seed3,165,6.848484848484849
hpmcounter6,drift,seed3,166,6.884848484848485
hpmcounter6,drift,seed3,167,6.848484848484849
hpmcounter6,drift,seed3,168,6.739393939393939
hpmcounter6,drift,seed3,169,6.557575757575758
hpmcounter6,drift,seed3,170,6.303030303030303
hpmcounter6,drift,seed3,171,6.218181818181818
hpmcounter6,drift,seed3,172,6.303030303030303
hpmcounter6,drift,seed3,173,6.557575757575758
hpmcounter6,drift,seed3,174,6.739393939393939
hpmcounter6,drift,seed3,175,6.848484848484849
hpmcounter6,drift,seed3,176,6.884848484848485
hpmcounter6,drift,seed3,177,6.848484848484849
hpmcounter6,drift,seed3,178,6.739393939393939
hpmcounter6,drift,seed3,179,6.557575757575758
hpmcounter6,drift,seed3,180,6.303030303030303
hpmcounter6,drift,seed3,181,6.218181818181818
hpmcounter6,drift,seed3,182,6.303030303030303
hpmcounter6,drift,seed3,183,6.557575757575758
hpmcounter6,drift,seed3,184,6.739393939393939
hpmcounter6,drift,seed3,185,6.848484848484849
hpmcounter6,drift,seed3,186,6.884848484848485
hpmcounter6,drift,seed3,187,6.848484848484849
hpmcounter6,drift,seed3,188,6.739393939393939
hpmcounter6,drift,seed3,189,6.557575757575758
hpmcounter6,drift,seed3,190,6.303030303030303
hpmcounter6,drift,seed3,191,6.218181818181818
hpmcounter6,drift,seed3,192,6.303030303030303
hpmcounter6,drift,seed3,193,6.557575757575758
hpmcounter6,drift,seed3,194,6.739393939393939
hpmcounter6,drift,seed3,195,6.848484848484849
hpmcounter6,drift,seed3,196,6.884848484848485
hpmcounter6,drift,seed3,197,6.848484848484849
hpmcounter6,drift,seed3,198,6.739393939393939
hpmcounter6,drift,seed3,199,6.557575757575758
hpmcounter6,drift,seed3,200,6.303030303030303
hpmcounter6,drift,seed3,201,6.218181818181818
hpmcounter6,drift,seed3,202,6.303030303030303
hpmcounter6,drift,seed3,203,6.557575757575758
hpmcounter6,drift,seed3,204,6.739393939393939
hpmcounter6,drift,seed3,205,6.848484848484849
hpmcounter6,drift,seed3,206,6.884848484848485
hpmcounter6,drift,seed3,207,6.848484848484849
hpmcounter6,drift,seed3,208,6.739393939393939
hpmcounter6,drift,seed3,209,6.557575757575758
hpmcounter6,drift,seed3,210,6.303030303030303
hpmcounter6,drift,seed3,211,6.218181818181818
hpmcounter6,drift,seed3,212,6.303030303030303
hpmcounter6,drift,seed3,213,6.557575757575758
hpmcounter6,drift,seed3,214,6.739393939393939
hpmcounter6,drift,seed3,215,6.848484848484849
hpmcounter6,drift,seed3,216,6.884848484848485
hpmcounter6,drift,seed3,217,6.848484848484849
hpmcounter6,drift,seed3,218,6.739393939393939
hpmcounter6,drift,seed3,219,6.557575757575758
hpmcounter6,drift,seed3,220,6.303030303030303
hpmcounter6,drift,seed3,221,6.218181818181818
hpmcounter6,drift,seed3,222,6.303030303030303
hpmcounter6,drift,seed3,223,6.557575757575758
hpmcounter6,drift,seed3,224,6.739393939393939
hpmcounter6,drift,seed3,225,6.848484848484849
hpmcounter6,drift,seed3,226,6.884848484848485
hpmcounter6,drift,seed3,227,6.848484848484849
hpmcounter6,drift,seed3,228,6.739393939393939
hpmcounter6,drift,seed3,229,6.557575757575758
hpmcounter6,drift,seed3,230,6.303030303030303
hpmcounter6,drift,seed3,231,6.218181818181818
hpmcounter6,drift,seed3,232,6.303030303030303
hpmcounter6,drift,seed3,233,6.557575757575758
hpmcounter6,drift,seed3,234,6.739393939393939
hpmcounter6,drift,seed3,235,6.848484848484849
hpmcounter6,drift,seed3,236,6.884848484848485
hpmcounter6,drift,seed3,237,6.848484848484849
hpmcounter6,drift,seed3,238,6.739393939393939
hpmcounter6,drift,seed3,239,6.557575757575758
hpmcounter6,drift,seed3,240,6.303030303030303
hpmcounter6,drift,seed3,241,6.218181818181818
hpmcounter6,drift,seed3,242,6.303030303030303
hpmcounter6,drift,seed3,243,6.557575757575758
hpmcounter6,drift,seed3,244,6.739393939393939
hpmcounter6,drift,seed3,245,6.848484848484849
hpmcounter6,drift,seed3,246,6.884848484848485
hpmcounter6,drift,seed3,247,6.848484848484849
hpmcounter6,drift,seed3,248,6.739393939393939
hpmcounter6,drift,seed3,249,6.557575757575758
hpmcounter6,drift,seed3,250,6.303030303030303
hpmcounter6,drift,seed3,251,6.218181818181818
hpmcounter6,drift,seed3,252,6.303030303030303
hpmcounter6,drift,seed3,253,6.557575757575758
hpmcounter6,drift,seed3,254,6.739393939393939
hpmcounter6,drift,seed3,255,6.848484848484849
hpmcounter6,drift,seed3,256,6.884848484848485
hpmcounter6,drift,seed3,257,6.848484848484849
hpmcounter6,drift,seed3,258,6.739393939393939
hpmcounter6,drift,seed3,259,6.557575757575758
hpmcounter6,drift,seed3,260,6.303030303030303
hpmcounter6,drift,seed3,261,6.218181818181818
hpmcounter6,drift,seed3,262,6.303030303030303
hpmcounter6,drift,seed3,263,6.557575757575758
hpmcounter6,drift,seed3,264,6.739393939393939
hpmcounter6,drift,seed3,265,6.848484848484849
hpmcounter6,drift,seed3,266,6.884848484848485
hpmcounter6,drift,seed3,267,6.848484848484849
hpmcounter6,drift,seed3,268,6.739393939393939
hpmcounter6,drift,seed3,269,6.557575757575758
hpmcounter6,drift,seed3,270,6.303030303030303
hpmcounter6,drift,seed3,271,6.218181818181818
hpmcounter6,drift,seed3,272,6.303030303030303
hpmcounter6,drift,seed3,273,6.557575757575758
hpmcounter6,drift,seed3,274,6.739393939393939
hpmcounter6,drift,seed3,275,6.848484848484849
hpmcounter6,drift,seed3,276,6.884848484848485
hpmcounter6,drift,seed3,277,6.848484848484849
hpmcounter6,drift,seed3,278,6.739393939393939
hpmcounter6,drift,seed3,279,6.557575757575758
hpmcounter6,drift,seed3,280,6.303030303030303
hpmcounter6,drift,seed3,281,6.218181818181818
hpmcounter6,drift,seed3,282,6.303030303030303
hpmcounter6,drift,seed3,283,6.557575757575758
hpmcounter6,drift,seed3,284,6.739393939393939
hpmcounter6,drift,seed3,285,6.848484848484849
hpmcounter6,drift,seed3,286,6.884848484848485
hpmcounter6,drift,seed3,287,6.848484848484849
hpmcounter6,drift,seed3,288,6.739393939393939
hpmcounter6,drift,seed3,289,6.557575757575758
hpmcounter6,drift,seed3,290,6.303030303030303
hpmcounter6,drift,seed3,291,6.218181818181818
hpmcounter6,drift,seed3,292,6.303030303030303
hpmcounter6,drift,seed3,293,6.557575757575758
hpmcounter6,drift,seed3,294,6.739393939393939
hpmcounter6,drift,seed3,295,6.848484848484849
hpmcounter6,drift,seed3,296,6.884848484848485
hpmcounter6,drift,seed3,297,6.848484848484849
hpmcounter6,drift,seed3,298,6.739393939393939
hpmcounter6,drift,seed4,9,6.557575757575758
hpmcounter6,drift,seed4,10,6.303030303030303
hpmcounter6,drift,seed4,11,6.218181818181818
hpmcounter6,drift,seed4,12,6.303030303030303
hpmcounter6,drift,seed4,13,6.557575757575758
hpmcounter6,drift,seed4,14,6.739393939393939
hpmcounter6,drift,seed4,15,6.848484848484849
hpmcounter6,drift,seed4,16,6.884848484848485
hpmcounter6,drift,seed4,17,6.848484848484849
hpmcounter6,drift,seed4,18,6.739393939393939
hpmcounter6,drift,seed4,19,6.557575757575758
hpmcounter6,drift,seed4,20,6.303030303030303
hpmcounter6,drift,seed4,21,6.218181818181818
hpmcounter6,drift,seed4,22,6.303030303030303
hpmcounter6,drift,seed4,23,6.557575757575758
hpmcounter6,drift,seed4,24,6.739393939393939
hpmcounter6,drift,seed4,25,6.848484848484849
hpmcounter6,drift,seed4,26,6.884848484848485
hpmcounter6,drift,seed4,27,6.848484848484849
hpmcounter6,drift,seed4,28,6.739393939393939
hpmcounter6,drift,seed4,29,6.557575757575758
hpmcounter6,drift,seed4,30,6.303030303030303
hpmcounter6,drift,seed4,31,6.218181818181818
hpmcounter6,drift,seed4,32,6.303030303030303
hpmcounter6,drift,seed4,33,6.557575757575758
hpmcounter6,drift,seed4,34,6.739393939393939
hpmcounter6,drift,seed4,35,6.848484848484849
hpmcounter6,drift,seed4,36,6.884848484848485
hpmcounter6,drift,seed4,37,6.848484848484849
hpmcounter6,drift,seed4,38,6.739393939393939
hpmcounter6,drift,seed4,39,6.557575757575758
hpmcounter6,drift,seed4,40,6.303030303030303
hpmcounter6,drift,seed4,41,6.218181818181818
hpmcounter6,drift,seed4,42,6.303030303030303
hpmcounter6,drift,seed4,43,6.557575757575758
hpmcounter6,drift,seed4,44,6.739393939393939
hpmcounter6,drift,seed4,45,6.848484848484849
hpmcounter6,drift,seed4,46,6.884848484848485
hpmcounter6,drift,seed4,47,6.848484848484849
hpmcounter6,drift,seed4,48,6.739393939393939
hpmcounter6,drift,seed4,49,6.557575757575758
hpmcounter6,drift,seed4,50,6.303030303030303
hpmcounter6,drift,seed4,51,6.218181818181818
hpmcounter6,drift,seed4,52,6.303030303030303
hpmcounter6,drift,seed4,53,6.557575757575758
hpmcounter6,drift,seed4,54,6.739393939393939
hpmcounter6,drift,seed4,55,6.848484848484849
hpmcounter6,drift,seed4,56,6.884848484848485
hpmcounter6,drift,seed4,57,6.848484848484849
hpmcounter6,drift,seed4,58,6.739393939393939
hpmcounter6,drift,seed4,59,6.557575757575758
hpmcounter6,drift,seed4,60,6.303030303030303
hpmcounter6,drift,seed4,61,6.218181818181818
hpmcounter6,drift,seed4,62,6.303030303030303
hpmcounter6,drift,seed4,63,6.557575757575758
hpmcounter6,drift,seed4,64,6.739393939393939
hpmcounter6,drift,seed4,65,6.848484848484849
hpmcounter6,drift,seed4,66,6.884848484848485
hpmcounter6,drift,seed4,67,6.848484848484849
hpmcounter6,drift,seed4,68,6.739393939393939
hpmcounter6,drift,seed4,69,6.557575757575758
hpmcounter6,drift,seed4,70,6.303030303030303
hpmcounter6,drift,seed4,71,6.218181818181818
hpmcounter6,drift,seed4,72,6.303030303030303
hpmcounter6,drift,seed4,73,6.557575757575758
hpmcounter6,drift,seed4,74,6.739393939393939
hpmcounter6,drift,seed4,75,6.848484848484849
hpmcounter6,drift,seed4,76,6.884848484848485
hpmcounter6,drift,seed4,77,6.848484848484849
hpmcounter6,drift,seed4,78,6.739393939393939
hpmcounter6,drift,seed4,79,6.557575757575758
hpmcounter6,drift,seed4,80,6.303030303030303
hpmcounter6,drift,seed4,81,6.218181818181818
hpmcounter6,drift,seed4,82,6.303030303030303
hpmcounter6,drift,seed4,83,6.557575757575758
hpmcounter6,drift,seed4,84,6.739393939393939
hpmcounter6,drift,seed4,85,6.848484848484849
hpmcounter6,drift,seed4,86,6.884848484848485
hpmcounter6,drift,seed4,87,6.848484848484849
hpmcounter6,drift,seed4,88,6.739393939393939
hpmcounter6,drift,seed4,89,6.557575757575758
hpmcounter6,drift,seed4,90,6.303030303030303
hpmcounter6,drift,seed4,91,6.218181818181818
hpmcounter6,drift,seed4,92,6.303030303030303
hpmcounter6,drift,seed4,93,6.557575757575758
hpmcounter6,drift,seed4,94,6.739393939393939
hpmcounter6,drift,seed4,95,6.848484848484849
hpmcounter6,drift,seed4,96,6.884848484848485
hpmcounter6,drift,seed4,97,6.848484848484849
hpmcounter6,drift,seed4,98,6.739393939393939
hpmcounter6,drift,seed4,99,6.557575757575758
hpmcounter6,drift,seed4,100,6.303030303030303
hpmcounter6,drift,seed4,101,6.218181818181818
hpmcounter6,drift,seed4,102,6.303030303030303
hpmcounter6,drift,seed4,103,6.557575757575758
hpmcounter6,drift,seed4,104,6.739393939393939
hpmcounter6,drift,seed4,105,6.848484848484849
hpmcounter6,drift,seed4,106,6.884848484848485
hpmcounter6,drift,seed4,107,6.848484848484849
hpmcounter6,drift,seed4,108,6.739393939393939
hpmcounter6,drift,seed4,109,6.557575757575758
hpmcounter6,drift,seed4,110,6.303030303030303
hpmcounter6,drift,seed4,111,6.218181818181818
hpmcounter6,drift,seed4,112,6.303030303030303
hpmcounter6,drift,seed4,113,6.557575757575758
hpmcounter6,drift,seed4,114,6.739393939393939
hpmcounter6,drift,seed4,115,6.848484848484849
hpmcounter6,drift,seed4,116,6.884848484848485
hpmcounter6,drift,seed4,117,6.848484848484849
hpmcounter6,drift,seed4,118,6.739393939393939
hpmcounter6,drift,seed4,119,6.557575757575758
hpmcounter6,drift,seed4,120,6.303030303030303
hpmcounter6,drift,seed4,121,6.218181818181818
hpmcounter6,drift,seed4,122,6.303030303030303
hpmcounter6,drift,seed4,123,6.557575757575758
hpmcounter6,drift,seed4,124,6.739393939393939
hpmcounter6,drift,seed4,125,6.848484848484849
hpmcounter6,drift,seed4,126,6.884848484848485
hpmcounter6,drift,seed4,127,6.848484848484849
hpmcounter6,drift,seed4,128,6.739393939393939
hpmcounter6,drift,seed4,129,6.557575757575758
hpmcounter6,drift,seed4,130,6.303030303030303
hpmcounter6,drift,seed4,131,6.218181818181818
hpmcounter6,drift,seed4,132,6.303030303030303
hpmcounter6,drift,seed4,133,6.557575757575758
hpmcounter6,drift,seed4,134,6.739393939393939
hpmcounter6,drift,seed4,135,6.848484848484849
hpmcounter6,drift,seed4,136,6.884848484848485
hpmcounter6,drift,seed4,137,6.848484848484849
hpmcounter6,drift,seed4,138,6.739393939393939
hpmcounter6,drift,seed4,139,6.557575757575758
hpmcounter6,drift,seed4,140,6.303030303030303
hpmcounter6,drift,seed4,141,6.218181818181818
hpmcounter6,drift,seed4,142,6.303030303030303
hpmcounter6,drift,seed4,143,6.557575757575758
hpmcounter6,drift,seed4,144,6.739393939393939
hpmcounter6,drift,seed4,145,6.848484848484849
hpmcounter6,drift,seed4,146,6.884848484848485
hpmcounter6,drift,seed4,147,6.848484848484849
hpmcounter6,drift,seed4,148,6.739393939393939
hpmcounter6,drift,seed4,149,6.557575757575758
hpmcounter6,drift,seed4,150,6.303030303030303
hpmcounter6,drift,seed4,151,6.218181818181818
hpmcounter6,drift,seed4,152,6.303030303030303
hpmcounter6,drift,seed4,153,6.557575757575758
hpmcounter6,drift,seed4,154,6.739393939393939
hpmcounter6,drift,seed4,155,6.848484848484849
hpmcounter6,drift,seed4,156,6.884848484848485
hpmcounter6,drift,seed4,157,6.848484848484849
hpmcounter6,drift,seed4,158,6.739393939393939
hpmcounter6,drift,seed4,159,6.557575757575758
hpmcounter6,drift,seed4,160,6.303030303030303
hpmcounter6,drift,seed4,161,6.218181818181818
hpmcounter6,drift,seed4,162,6.303030303030303
hpmcounter6,drift,seed4,163,6.557575757575758
hpmcounter6,drift,seed4,164,6.739393939393939
hpmcounter6,drift,seed4,165,6.848484848484849
hpmcounter6,drift,seed4,166,6.884848484848485
hpmcounter6,drift,seed4,167,6.848484848484849
hpmcounter6,drift,seed4,168,6.739393939393939
hpmcounter6,drift,seed4,169,6.557575757575758
hpmcounter6,drift,seed4,170,6.303030303030303
hpmcounter6,drift,seed4,171,6.218181818181818
hpmcounter6,drift,seed4,172,6.303030303030303
hpmcounter6,drift,seed4,173,6.557575757575758
hpmcounter6,drift,seed4,174,6.739393939393939
hpmcounter6,drift,seed4,175,6.848484848484849
hpmcounter6,drift,seed4,176,6.884848484848485
hpmcounter6,drift,seed4,177,6.848484848484849
hpmcounter6,drift,seed4,178,6.739393939393939
hpmcounter6,drift,seed4,179,6.557575757575758
hpmcounter6,drift,seed4,180,6.303030303030303
hpmcounter6,drift,seed4,181,6.218181818181818
hpmcounter6,drift,seed4,182,6.303030303030303
hpmcounter6,drift,seed4,183,6.557575757575758
hpmcounter6,drift,seed4,184,6.739393939393939
hpmcounter6,drift,seed4,185,6.848484848484849
hpmcounter6,drift,seed4,186,6.884848484848485
hpmcounter6,drift,seed4,187,6.848484848484849
hpmcounter6,drift,seed4,188,6.739393939393939
hpmcounter6,drift,seed4,189,6.557575757575758
hpmcounter6,drift,seed4,190,6.303030303030303
hpmcounter6,drift,seed4,191,6.218181818181818
hpmcounter6,drift,seed4,192,6.303030303030303
hpmcounter6,drift,seed4,193,6.557575757575758
hpmcounter6,drift,seed4,194,6.739393939393939
hpmcounter6,drift,seed4,195,6.848484848484849
hpmcounter6,drift,seed4,196,6.884848484848485
hpmcounter6,drift,seed4,197,6.848484848484849
hpmcounter6,drift,seed4,198,6.739393939393939
hpmcounter6,drift,seed4,199,6.557575757575758
hpmcounter6,drift,seed4,200,6.303030303030303
hpmcounter6,drift,seed4,201,6.218181818181818
hpmcounter6,drift,seed4,202,6.303030303030303
hpmcounter6,drift,seed4,203,6.557575757575758
hpmcounter6,drift,seed4,204,6.739393939393939
hpmcounter6,drift,seed4,205,6.848484848484849
hpmcounter6,drift,seed4,206,6.884848484848485
hpmcounter6,drift,seed4,207,6.848484848484849
hpmcounter6,drift,seed4,208,6.739393939393939
hpmcounter6,drift,seed4,209,6.557575757575758
hpmcounter6,drift,seed4,210,6.303030303030303
hpmcounter6,drift,seed4,211,6.218181818181818
hpmcounter6,drift,seed4,212,6.303030303030303
hpmcounter6,drift,seed4,213,6.557575757575758
hpmcounter6,drift,seed4,214,6.739393939393939
hpmcounter6,drift,seed4,215,6.848484848484849
hpmcounter6,drift,seed4,216,6.884848484848485
hpmcounter6,drift,seed4,217,6.848484848484849
hpmcounter6,drift,seed4,218,6.739393939393939
hpmcounter6,drift,seed4,219,6.557575757575758
hpmcounter6,drift,seed4,220,6.303030303030303
hpmcounter6,drift,seed4,221,6.218181818181818
hpmcounter6,drift,seed4,222,6.303030303030303
hpmcounter6,drift,seed4,223,6.557575757575758
hpmcounter6,drift,seed4,224,6.739393939393939
hpmcounter6,drift,seed4,225,6.848484848484849
hpmcounter6,drift,seed4,226,6.884848484848485
hpmcounter6,drift,seed4,227,6.848484848484849
hpmcounter6,drift,seed4,228,6.739393939393939
hpmcounter6,drift,seed4,229,6.557575757575758
hpmcounter6,drift,seed4,230,6.303030303030303
hpmcounter6,drift,seed4,231,6.218181818181818
hpmcounter6,drift,seed4,232,6.303030303030303
hpmcounter6,drift,seed4,233,6.557575757575758
hpmcounter6,drift,seed4,234,6.739393939393939
hpmcounter6,drift,seed4,235,6.848484848484849
hpmcounter6,drift,seed4,236,6.884848484848485
hpmcounter6,drift,seed4,237,6.848484848484849
hpmcounter6,drift,seed4,238,6.739393939393939
hpmcounter6,drift,seed4,239,6.557575757575758
hpmcounter6,drift,seed4,240,6.303030303030303
hpmcounter6,drift,seed4,241,6.218181818181818
hpmcounter6,drift,seed4,242,6.303030303030303
hpmcounter6,drift,seed4,243,6.557575757575758
hpmcounter6,drift,seed4,244,6.739393939393939
hpmcounter6,drift,seed4,245,6.848484848484849
hpmcounter6,drift,seed4,246,6.884848484848485
hpmcounter6,drift,seed4,247,6.848484848484849
hpmcounter6,drift,seed4,248,6.739393939393939
hpmcounter6,drift,seed4,249,6.557575757575758
hpmcounter6,drift,seed4,250,6.303030303030303
hpmcounter6,drift,seed4,251,6.218181818181818
hpmcounter6,drift,seed4,252,6.303030303030303
hpmcounter6,drift,seed4,253,6.557575757575758
hpmcounter6,drift,seed4,254,6.739393939393939
hpmcounter6,drift,seed4,255,6.848484848484849
hpmcounter6,drift,seed4,256,6.884848484848485
hpmcounter6,drift,seed4,257,6.848484848484849
hpmcounter6,drift,seed4,258,6.739393939393939
hpmcounter6,drift,seed4,259,6.557575757575758
hpmcounter6,drift,seed4,260,6.303030303030303
hpmcounter6,drift,seed4,261,6.218181818181818
hpmcounter6,drift,seed4,262,6.303030303030303
hpmcounter6,drift,seed4,263,6.557575757575758
hpmcounter6,drift,seed4,264,6.739393939393939
hpmcounter6,drift,seed4,265,6.848484848484849
hpmcounter6,drift,seed4,266,6.884848484848485
hpmcounter6,drift,seed4,267,6.848484848484849
hpmcounter6,drift,seed4,268,6.739393939393939
hpmcounter6,drift,seed4,269,6.557575757575758
hpmcounter6,drift,seed4,270,6.303030303030303
hpmcounter6,drift,seed4,271,6.218181818181818
hpmcounter6,drift,seed4,272,6.303030303030303
hpmcounter6,drift,seed4,273,6.557575757575758
hpmcounter6,drift,seed4,274,6.739393939393939
hpmcounter6,drift,seed4,275,6.848484848484849
hpmcounter6,drift,seed4,276,6.884848484848485
hpmcounter6,drift,seed4,277,6.848484848484849
hpmcounter6,drift,seed4,278,6.739393939393939
hpmcounter6,drift,seed4,279,6.557575757575758
hpmcounter6,drift,seed4,280,6.303030303030303
hpmcounter6,drift,seed4,281,6.218181818181818
hpmcounter6,drift,seed4,282,6.303030303030303
hpmcounter6,drift,seed4,283,6.557575757575758
hpmcounter6,drift,seed4,284,6.739393939393939
hpmcounter6,drift,seed4,285,6.848484848484849
hpmcounter6,drift,seed4,286,6.884848484848485
hpmcounter6,drift,seed4,287,6.848484848484849
hpmcounter6,drift,seed4,288,6.739393939393939
hpmcounter6,drift,seed4,289,6.557575757575758
hpmcounter6,drift,seed4,290,6.303030303030303
hpmcounter6,drift,seed4,291,6.218181818181818
hpmcounter6,drift,seed4,292,6.303030303030303
hpmcounter6,drift,seed4,293,6.557575757575758
hpmcounter6,drift,seed4,294,6.739393939393939
hpmcounter6,drift,seed4,295,6.848484848484849
hpmcounter6,drift,seed4,296,6.884848484848485
hpmcounter6,drift,seed4,297,6.848484848484849
hpmcounter6,drift,seed4,298,6.739393939393939
hpmcounter6,drift,seed5,9,6.557575757575758
hpmcounter6,drift,seed5,10,6.303030303030303
hpmcounter6,drift,seed5,11,6.218181818181818
hpmcounter6,drift,seed5,12,6.303030303030303
hpmcounter6,drift,seed5,13,6.557575757575758
hpmcounter6,drift,seed5,14,6.739393939393939
hpmcounter6,drift,seed5,15,6.848484848484849
hpmcounter6,drift,seed5,16,6.884848484848485
hpmcounter6,drift,seed5,17,6.848484848484849
hpmcounter6,drift,seed5,18,6.739393939393939
hpmcounter6,drift,seed5,19,6.557575757575758
hpmcounter6,drift,seed5,20,6.303030303030303
hpmcounter6,drift,seed5,21,6.218181818181818
hpmcounter6,drift,seed5,22,6.303030303030303
hpmcounter6,drift,seed5,23,6.557575757575758
hpmcounter6,drift,seed5,24,6.739393939393939
hpmcounter6,drift,seed5,25,6.848484848484849
hpmcounter6,drift,seed5,26,6.884848484848485
hpmcounter6,drift,seed5,27,6.848484848484849
hpmcounter6,drift,seed5,28,6.739393939393939
hpmcounter6,drift,seed5,29,6.557575757575758
hpmcounter6,drift,seed5,30,6.303030303030303
hpmcounter6,drift,seed5,31,6.218181818181818
hpmcounter6,drift,seed5,32,6.303030303030303
hpmcounter6,drift,seed5,33,6.557575757575758
hpmcounter6,drift,seed5,34,6.739393939393939
hpmcounter6,drift,seed5,35,6.848484848484849
hpmcounter6,drift,seed5,36,6.884848484848485
hpmcounter6,drift,seed5,37,6.848484848484849
hpmcounter6,drift,seed5,38,6.739393939393939
hpmcounter6,drift,seed5,39,6.557575757575758
hpmcounter6,drift,seed5,40,6.303030303030303
hpmcounter6,drift,seed5,41,6.218181818181818
hpmcounter6,drift,seed5,42,6.303030303030303
hpmcounter6,drift,seed5,43,6.557575757575758
hpmcounter6,drift,seed5,44,6.739393939393939
hpmcounter6,drift,seed5,45,6.848484848484849
hpmcounter6,drift,seed5,46,6.884848484848485
hpmcounter6,drift,seed5,47,6.848484848484849
hpmcounter6,drift,seed5,48,6.739393939393939
hpmcounter6,drift,seed5,49,6.557575757575758
hpmcounter6,drift,seed5,50,6.303030303030303
hpmcounter6,drift,seed5,51,6.218181818181818
hpmcounter6,drift,seed5,52,6.303030303030303
hpmcounter6,drift,seed5,53,6.557575757575758
hpmcounter6,drift,seed5,54,6.739393939393939
hpmcounter6,drift,seed5,55,6.848484848484849
hpmcounter6,drift,seed5,56,6.884848484848485
hpmcounter6,drift,seed5,57,6.848484848484849
hpmcounter6,drift,seed5,58,6.739393939393939
hpmcounter6,drift,seed5,59,6.557575757575758
hpmcounter6,drift,seed5,60,6.303030303030303
hpmcounter6,drift,seed5,61,6.218181818181818
hpmcounter6,drift,seed5,62,6.303030303030303
hpmcounter6,drift,seed5,63,6.557575757575758
hpmcounter6,drift,seed5,64,6.739393939393939
hpmcounter6,drift,seed5,65,6.848484848484849
hpmcounter6,drift,seed5,66,6.884848484848485
hpmcounter6,drift,seed5,67,6.848484848484849
hpmcounter6,drift,seed5,68,6.739393939393939
hpmcounter6,drift,seed5,69,6.557575757575758
hpmcounter6,drift,seed5,70,6.303030303030303
hpmcounter6,drift,seed5,71,6.218181818181818
hpmcounter6,drift,seed5,72,6.303030303030303
hpmcounter6,drift,seed5,73,6.557575757575758
hpmcounter6,drift,seed5,74,6.739393939393939
hpmcounter6,drift,seed5,75,6.848484848484849
hpmcounter6,drift,seed5,76,6.884848484848485
hpmcounter6,drift,seed5,77,6.848484848484849
hpmcounter6,drift,seed5,78,6.739393939393939
hpmcounter6,drift,seed5,79,6.557575757575758
hpmcounter6,drift,seed5,80,6.303030303030303
hpmcounter6,drift,seed5,81,6.218181818181818
hpmcounter6,drift,seed5,82,6.303030303030303
hpmcounter6,drift,seed5,83,6.557575757575758
hpmcounter6,drift,seed5,84,6.739393939393939
hpmcounter6,drift,seed5,85,6.848484848484849
hpmcounter6,drift,seed5,86,6.884848484848485
hpmcounter6,drift,seed5,87,6.848484848484849
hpmcounter6,drift,seed5,88,6.739393939393939
hpmcounter6,drift,seed5,89,6.557575757575758
hpmcounter6,drift,seed5,90,6.303030303030303
hpmcounter6,drift,seed5,91,6.218181818181818
hpmcounter6,drift,seed5,92,6.303030303030303
hpmcounter6,drift,seed5,93,6.557575757575758
hpmcounter6,drift,seed5,94,6.739393939393939
hpmcounter6,drift,seed5,95,6.848484848484849
hpmcounter6,drift,seed5,96,6.884848484848485
hpmcounter6,drift,seed5,97,6.848484848484849
hpmcounter6,drift,seed5,98,6.739393939393939
hpmcounter6,drift,seed5,99,6.557575757575758
hpmcounter6,drift,seed5,100,6.303030303030303
hpmcounter6,drift,seed5,101,6.218181818181818
hpmcounter6,drift,seed5,102,6.303030303030303
hpmcounter6,drift,seed5,103,6.557575757575758
hpmcounter6,drift,seed5,104,6.739393939393939
hpmcounter6,drift,seed5,105,6.848484848484849
hpmcounter6,drift,seed5,106,6.884848484848485
hpmcounter6,drift,seed5,107,6.848484848484849
hpmcounter6,drift,seed5,108,6.739393939393939
hpmcounter6,drift,seed5,109,6.557575757575758
hpmcounter6,drift,seed5,110,6.303030303030303
hpmcounter6,drift,seed5,111,6.218181818181818
hpmcounter6,drift,seed5,112,6.303030303030303
hpmcounter6,drift,seed5,113,6.557575757575758
hpmcounter6,drift,seed5,114,6.739393939393939
hpmcounter6,drift,seed5,115,6.848484848484849
hpmcounter6,drift,seed5,116,6.884848484848485
hpmcounter6,drift,seed5,117,6.848484848484849
hpmcounter6,drift,seed5,118,6.739393939393939
hpmcounter6,drift,seed5,119,6.557575757575758
hpmcounter6,drift,seed5,120,6.303030303030303
hpmcounter6,drift,seed5,121,6.218181818181818
hpmcounter6,drift,seed5,122,6.303030303030303
hpmcounter6,drift,seed5,123,6.557575757575758
hpmcounter6,drift,seed5,124,6.739393939393939
hpmcounter6,drift,seed5,125,6.848484848484849
hpmcounter6,drift,seed5,126,6.884848484848485
hpmcounter6,drift,seed5,127,6.848484848484849
hpmcounter6,drift,seed5,128,6.739393939393939
hpmcounter6,drift,seed5,129,6.557575757575758
hpmcounter6,drift,seed5,130,6.303030303030303
hpmcounter6,drift,seed5,131,6.218181818181818
hpmcounter6,drift,seed5,132,6.303030303030303
hpmcounter6,drift,seed5,133,6.557575757575758
hpmcounter6,drift,seed5,134,6.739393939393939
hpmcounter6,drift,seed5,135,6.848484848484849
hpmcounter6,drift,seed5,136,6.884848484848485
hpmcounter6,drift,seed5,137,6.848484848484849
hpmcounter6,drift,seed5,138,6.739393939393939
hpmcounter6,drift,seed5,139,6.557575757575758
hpmcounter6,drift,seed5,140,6.303030303030303
hpmcounter6,drift,seed5,141,6.218181818181818
hpmcounter6,drift,seed5,142,6.303030303030303
hpmcounter6,drift,seed5,143,6.557575757575758
hpmcounter6,drift,seed5,144,6.739393939393939
hpmcounter6,drift,seed5,145,6.848484848484849
hpmcounter6,drift,seed5,146,6.884848484848485
hpmcounter6,drift,seed5,147,6.848484848484849
hpmcounter6,drift,seed5,148,6.739393939393939
hpmcounter6,drift,seed5,149,6.557575757575758
hpmcounter6,drift,seed5,150,6.303030303030303
hpmcounter6,drift,seed5,151,6.218181818181818
hpmcounter6,drift,seed5,152,6.303030303030303
hpmcounter6,drift,seed5,153,6.557575757575758
hpmcounter6,drift,seed5,154,6.739393939393939
hpmcounter6,drift,seed5,155,6.848484848484849
hpmcounter6,drift,seed5,156,6.884848484848485
hpmcounter6,drift,seed5,157,6.848484848484849
hpmcounter6,drift,seed5,158,6.739393939393939
hpmcounter6,drift,seed5,159,6.557575757575758
hpmcounter6,drift,seed5,160,6.303030303030303
hpmcounter6,drift,seed5,161,6.218181818181818
hpmcounter6,drift,seed5,162,6.303030303030303
hpmcounter6,drift,seed5,163,6.557575757575758
hpmcounter6,drift,seed5,164,6.739393939393939
hpmcounter6,drift,seed5,165,6.848484848484849
hpmcounter6,drift,seed5,166,6.884848484848485
hpmcounter6,drift,seed5,167,6.848484848484849
hpmcounter6,drift,seed5,168,6.739393939393939
hpmcounter6,drift,seed5,169,6.557575757575758
hpmcounter6,drift,seed5,170,6.303030303030303
hpmcounter6,drift,seed5,171,6.218181818181818
hpmcounter6,drift,seed5,172,6.303030303030303
hpmcounter6,drift,seed5,173,6.557575757575758
hpmcounter6,drift,seed5,174,6.739393939393939
hpmcounter6,drift,seed5,175,6.848484848484849
hpmcounter6,drift,seed5,176,6.884848484848485
hpmcounter6,drift,seed5,177,6.848484848484849
hpmcounter6,drift,seed5,178,6.739393939393939
hpmcounter6,drift,seed5,179,6.557575757575758
hpmcounter6,drift,seed5,180,6.303030303030303
hpmcounter6,drift,seed5,181,6.218181818181818
hpmcounter6,drift,seed5,182,6.303030303030303
hpmcounter6,drift,seed5,183,6.557575757575758
hpmcounter6,drift,seed5,184,6.739393939393939
hpmcounter6,drift,seed5,185,6.848484848484849
hpmcounter6,drift,seed5,186,6.884848484848485
hpmcounter6,drift,seed5,187,6.848484848484849
hpmcounter6,drift,seed5,188,6.739393939393939
hpmcounter6,drift,seed5,189,6.557575757575758
hpmcounter6,drift,seed5,190,6.303030303030303
hpmcounter6,drift,seed5,191,6.218181818181818
hpmcounter6,drift,seed5,192,6.303030303030303
hpmcounter6,drift,seed5,193,6.557575757575758
hpmcounter6,drift,seed5,194,6.739393939393939
hpmcounter6,drift,seed5,195,6.848484848484849
hpmcounter6,drift,seed5,196,6.884848484848485
hpmcounter6,drift,seed5,197,6.848484848484849
hpmcounter6,drift,seed5,198,6.739393939393939
hpmcounter6,drift,seed5,199,6.557575757575758
hpmcounter6,drift,seed5,200,6.303030303030303
hpmcounter6,drift,seed5,201,6.218181818181818
hpmcounter6,drift,seed5,202,6.303030303030303
hpmcounter6,drift,seed5,203,6.557575757575758
hpmcounter6,drift,seed5,204,6.739393939393939
hpmcounter6,drift,seed5,205,6.848484848484849
hpmcounter6,drift,seed5,206,6.884848484848485
hpmcounter6,drift,seed5,207,6.848484848484849
hpmcounter6,drift,seed5,208,6.739393939393939
hpmcounter6,drift,seed5,209,6.557575757575758
hpmcounter6,drift,seed5,210,6.303030303030303
hpmcounter6,drift,seed5,211,6.218181818181818
hpmcounter6,drift,seed5,212,6.303030303030303
hpmcounter6,drift,seed5,213,6.557575757575758
hpmcounter6,drift,seed5,214,6.739393939393939
hpmcounter6,drift,seed5,215,6.848484848484849
hpmcounter6,drift,seed5,216,6.884848484848485
hpmcounter6,drift,seed5,217,6.848484848484849
hpmcounter6,drift,seed5,218,6.739393939393939
hpmcounter6,drift,seed5,219,6.557575757575758
hpmcounter6,drift,seed5,220,6.303030303030303
hpmcounter6,drift,seed5,221,6.218181818181818
hpmcounter6,drift,seed5,222,6.303030303030303
hpmcounter6,drift,seed5,223,6.557575757575758
hpmcounter6,drift,seed5,224,6.739393939393939
hpmcounter6,drift,seed5,225,6.848484848484849
hpmcounter6,drift,seed5,226,6.884848484848485
hpmcounter6,drift,seed5,227,6.848484848484849
hpmcounter6,drift,seed5,228,6.739393939393939
hpmcounter6,drift,seed5,229,6.557575757575758
hpmcounter6,drift,seed5,230,6.303030303030303
hpmcounter6,drift,seed5,231,6.218181818181818
hpmcounter6,drift,seed5,232,6.303030303030303
hpmcounter6,drift,seed5,233,6.557575757575758
hpmcounter6,drift,seed5,234,6.739393939393939
hpmcounter6,drift,seed5,235,6.848484848484849
hpmcounter6,drift,seed5,236,6.884848484848485
hpmcounter6,drift,seed5,237,6.848484848484849
hpmcounter6,drift,seed5,238,6.739393939393939
hpmcounter6,drift,seed5,239,6.557575757575758
hpmcounter6,drift,seed5,240,6.303030303030303
hpmcounter6,drift,seed5,241,6.218181818181818
hpmcounter6,drift,seed5,242,6.303030303030303
hpmcounter6,drift,seed5,243,6.557575757575758
hpmcounter6,drift,seed5,244,6.739393939393939
hpmcounter6,drift,seed5,245,6.848484848484849
hpmcounter6,drift,seed5,246,6.884848484848485
hpmcounter6,drift,seed5,247,6.848484848484849
hpmcounter6,drift,seed5,248,6.739393939393939
hpmcounter6,drift,seed5,249,6.557575757575758
hpmcounter6,drift,seed5,250,6.303030303030303
hpmcounter6,drift,seed5,251,6.218181818181818
hpmcounter6,drift,seed5,252,6.303030303030303
hpmcounter6,drift,seed5,253,6.557575757575758
hpmcounter6,drift,seed5,254,6.739393939393939
hpmcounter6,drift,seed5,255,6.848484848484849
hpmcounter6,drift,seed5,256,6.884848484848485
hpmcounter6,drift,seed5,257,6.848484848484849
hpmcounter6,drift,seed5,258,6.739393939393939
hpmcounter6,drift,seed5,259,6.557575757575758
hpmcounter6,drift,seed5,260,6.303030303030303
hpmcounter6,drift,seed5,261,6.218181818181818
hpmcounter6,drift,seed5,262,6.303030303030303
hpmcounter6,drift,seed5,263,6.557575757575758
hpmcounter6,drift,seed5,264,6.739393939393939
hpmcounter6,drift,seed5,265,6.848484848484849
hpmcounter6,drift,seed5,266,6.884848484848485
hpmcounter6,drift,seed5,267,6.848484848484849
hpmcounter6,drift,seed5,268,6.739393939393939
hpmcounter6,drift,seed5,269,6.557575757575758
hpmcounter6,drift,seed5,270,6.303030303030303
hpmcounter6,drift,seed5,271,6.218181818181818
hpmcounter6,drift,seed5,272,6.303030303030303
hpmcounter6,drift,seed5,273,6.557575757575758
hpmcounter6,drift,seed5,274,6.739393939393939
hpmcounter6,drift,seed5,275,6.848484848484849
hpmcounter6,drift,seed5,276,6.884848484848485
hpmcounter6,drift,seed5,277,6.848484848484849
hpmcounter6,drift,seed5,278,6.739393939393939
hpmcounter6,drift,seed5,279,6.557575757575758
hpmcounter6,drift,seed5,280,6.303030303030303
hpmcounter6,drift,seed5,281,6.218181818181818
hpmcounter6,drift,seed5,282,6.303030303030303
hpmcounter6,drift,seed5,283,6.557575757575758
hpmcounter6,drift,seed5,284,6.739393939393939
hpmcounter6,drift,seed5,285,6.848484848484849
hpmcounter6,drift,seed5,286,6.884848484848485
hpmcounter6,drift,seed5,287,6.848484848484849
hpmcounter6,drift,seed5,288,6.739393939393939
hpmcounter6,drift,seed5,289,6.557575757575758
hpmcounter6,drift,seed5,290,6.303030303030303
hpmcounter6,drift,seed5,291,6.218181818181818
hpmcounter6,drift,seed5,292,6.303030303030303
hpmcounter6,drift,seed5,293,6.557575757575758
hpmcounter6,drift,seed5,294,6.739393939393939
hpmcounter6,drift,seed5,295,6.848484848484849
hpmcounter6,drift,seed5,296,6.884848484848485
hpmcounter6,drift,seed5,297,6.848484848484849
hpmcounter6,drift,seed5,298,6.739393939393939
hpmcounter6,drift,seed6,9,6.557575757575758
hpmcounter6,drift,seed6,10,6.303030303030303
hpmcounter6,drift,seed6,11,6.218181818181818
hpmcounter6,drift,seed6,12,6.303030303030303
hpmcounter6,drift,seed6,13,6.557575757575758
hpmcounter6,drift,seed6,14,6.739393939393939
hpmcounter6,drift,seed6,15,6.848484848484849
hpmcounter6,drift,seed6,16,6.884848484848485
hpmcounter6,drift,seed6,17,6.848484848484849
hpmcounter6,drift,seed6,18,6.739393939393939
hpmcounter6,drift,seed6,19,6.557575757575758
hpmcounter6,drift,seed6,20,6.303030303030303
hpmcounter6,drift,seed6,21,6.218181818181818
hpmcounter6,drift,seed6,22,6.303030303030303
hpmcounter6,drift,seed6,23,6.557575757575758
hpmcounter6,drift,seed6,24,6.739393939393939
hpmcounter6,drift,seed6,25,6.848484848484849
hpmcounter6,drift,seed6,26,6.884848484848485
hpmcounter6,drift,seed6,27,6.848484848484849
hpmcounter6,drift,seed6,28,6.739393939393939
hpmcounter6,drift,seed6,29,6.557575757575758
hpmcounter6,drift,seed6,30,6.303030303030303
hpmcounter6,drift,seed6,31,6.218181818181818
hpmcounter6,drift,seed6,32,6.303030303030303
hpmcounter6,drift,seed6,33,6.557575757575758
hpmcounter6,drift,seed6,34,6.739393939393939
hpmcounter6,drift,seed6,35,6.848484848484849
hpmcounter6,drift,seed6,36,6.884848484848485
hpmcounter6,drift,seed6,37,6.848484848484849
hpmcounter6,drift,seed6,38,6.739393939393939
hpmcounter6,drift,seed6,39,6.557575757575758
hpmcounter6,drift,seed6,40,6.303030303030303
hpmcounter6,drift,seed6,41,6.218181818181818
hpmcounter6,drift,seed6,42,6.303030303030303
hpmcounter6,drift,seed6,43,6.557575757575758
hpmcounter6,drift,seed6,44,6.739393939393939
hpmcounter6,drift,seed6,45,6.848484848484849
hpmcounter6,drift,seed6,46,6.884848484848485
hpmcounter6,drift,seed6,47,6.848484848484849
hpmcounter6,drift,seed6,48,6.739393939393939
hpmcounter6,drift,seed6,49,6.557575757575758
hpmcounter6,drift,seed6,50,6.303030303030303
hpmcounter6,drift,seed6,51,6.218181818181818
hpmcounter6,drift,seed6,52,6.303030303030303
hpmcounter6,drift,seed6,53,6.557575757575758
hpmcounter6,drift,seed6,54,6.739393939393939
hpmcounter6,drift,seed6,55,6.848484848484849
hpmcounter6,drift,seed6,56,6.884848484848485
hpmcounter6,drift,seed6,57,6.848484848484849
hpmcounter6,drift,seed6,58,6.739393939393939
hpmcounter6,drift,seed6,59,6.557575757575758
hpmcounter6,drift,seed6,60,6.303030303030303
hpmcounter6,drift,seed6,61,6.218181818181818
hpmcounter6,drift,seed6,62,6.303030303030303
hpmcounter6,drift,seed6,63,6.557575757575758
hpmcounter6,drift,seed6,64,6.739393939393939
hpmcounter6,drift,seed6,65,6.848484848484849
hpmcounter6,drift,seed6,66,6.884848484848485
hpmcounter6,drift,seed6,67,6.848484848484849
hpmcounter6,drift,seed6,68,6.739393939393939
hpmcounter6,drift,seed6,69,6.557575757575758
hpmcounter6,drift,seed6,70,6.303030303030303
hpmcounter6,drift,seed6,71,6.218181818181818
hpmcounter6,drift,seed6,72,6.303030303030303
hpmcounter6,drift,seed6,73,6.557575757575758
hpmcounter6,drift,seed6,74,6.739393939393939
hpmcounter6,drift,seed6,75,6.848484848484849
hpmcounter6,drift,seed6,76,6.884848484848485
hpmcounter6,drift,seed6,77,6.848484848484849
hpmcounter6,drift,seed6,78,6.739393939393939
hpmcounter6,drift,seed6,79,6.557575757575758
hpmcounter6,drift,seed6,80,6.303030303030303
hpmcounter6,drift,seed6,81,6.218181818181818
hpmcounter6,drift,seed6,82,6.303030303030303
hpmcounter6,drift,seed6,83,6.557575757575758
hpmcounter6,drift,seed6,84,6.739393939393939
hpmcounter6,drift,seed6,85,6.848484848484849
hpmcounter6,drift,seed6,86,6.884848484848485
hpmcounter6,drift,seed6,87,6.848484848484849
hpmcounter6,drift,seed6,88,6.739393939393939
hpmcounter6,drift,seed6,89,6.557575757575758
hpmcounter6,drift,seed6,90,6.303030303030303
hpmcounter6,drift,seed6,91,6.218181818181818
hpmcounter6,drift,seed6,92,6.303030303030303
hpmcounter6,drift,seed6,93,6.557575757575758
hpmcounter6,drift,seed6,94,6.739393939393939
hpmcounter6,drift,seed6,95,6.848484848484849
hpmcounter6,drift,seed6,96,6.884848484848485
hpmcounter6,drift,seed6,97,6.848484848484849
hpmcounter6,drift,seed6,98,6.739393939393939
hpmcounter6,drift,seed6,99,6.557575757575758
hpmcounter6,drift,seed6,100,6.303030303030303
hpmcounter6,drift,seed6,101,6.218181818181818
hpmcounter6,drift,seed6,102,6.303030303030303
hpmcounter6,drift,seed6,103,6.557575757575758
hpmcounter6,drift,seed6,104,6.739393939393939
hpmcounter6,drift,seed6,105,6.848484848484849
hpmcounter6,drift,seed6,106,6.884848484848485
hpmcounter6,drift,seed6,107,6.848484848484849
hpmcounter6,drift,seed6,108,6.739393939393939
hpmcounter6,drift,seed6,109,6.557575757575758
hpmcounter6,drift,seed6,110,6.303030303030303
hpmcounter6,drift,seed6,111,6.218181818181818
hpmcounter6,drift,seed6,112,6.303030303030303
hpmcounter6,drift,seed6,113,6.557575757575758
hpmcounter6,drift,seed6,114,6.739393939393939
hpmcounter6,drift,seed6,115,6.848484848484849
hpmcounter6,drift,seed6,116,6.884848484848485
hpmcounter6,drift,seed6,117,6.848484848484849
hpmcounter6,drift,seed6,118,6.739393939393939
hpmcounter6,drift,seed6,119,6.557575757575758
hpmcounter6,drift,seed6,120,6.303030303030303
hpmcounter6,drift,seed6,121,6.218181818181818
hpmcounter6,drift,seed6,122,6.303030303030303
hpmcounter6,drift,seed6,123,6.557575757575758
hpmcounter6,drift,seed6,124,6.739393939393939
hpmcounter6,drift,seed6,125,6.848484848484849
hpmcounter6,drift,seed6,126,6.884848484848485
hpmcounter6,drift,seed6,127,6.848484848484849
hpmcounter6,drift,seed6,128,6.739393939393939
hpmcounter6,drift,seed6,129,6.557575757575758
hpmcounter6,drift,seed6,130,6.303030303030303
hpmcounter6,drift,seed6,131,6.218181818181818
hpmcounter6,drift,seed6,132,6.303030303030303
hpmcounter6,drift,seed6,133,6.557575757575758
hpmcounter6,drift,seed6,134,6.739393939393939
hpmcounter6,drift,seed6,135,6.848484848484849
hpmcounter6,drift,seed6,136,6.884848484848485
hpmcounter6,drift,seed6,137,6.848484848484849
hpmcounter6,drift,seed6,138,6.739393939393939
hpmcounter6,drift,seed6,139,6.557575757575758
hpmcounter6,drift,seed6,140,6.303030303030303
hpmcounter6,drift,seed6,141,6.218181818181818
hpmcounter6,drift,seed6,142,6.303030303030303
hpmcounter6,drift,seed6,143,6.557575757575758
hpmcounter6,drift,seed6,144,6.739393939393939
hpmcounter6,drift,seed6,145,6.848484848484849
hpmcounter6,drift,seed6,146,6.884848484848485
hpmcounter6,drift,seed6,147,6.848484848484849
hpmcounter6,drift,seed6,148,6.739393939393939
hpmcounter6,drift,seed6,149,6.557575757575758
hpmcounter6,drift,seed6,150,6.303030303030303
hpmcounter6,drift,seed6,151,6.218181818181818
hpmcounter6,drift,seed6,152,6.303030303030303
hpmcounter6,drift,seed6,153,6.557575757575758
hpmcounter6,drift,seed6,154,6.739393939393939
hpmcounter6,drift,seed6,155,6.848484848484849
hpmcounter6,drift,seed6,156,6.884848484848485
hpmcounter6,drift,seed6,157,6.848484848484849
hpmcounter6,drift,seed6,158,6.739393939393939
hpmcounter6,drift,seed6,159,6.557575757575758
hpmcounter6,drift,seed6,160,6.303030303030303
hpmcounter6,drift,seed6,161,6.218181818181818
hpmcounter6,drift,seed6,162,6.303030303030303
hpmcounter6,drift,seed6,163,6.557575757575758
hpmcounter6,drift,seed6,164,6.739393939393939
hpmcounter6,drift,seed6,165,6.848484848484849
hpmcounter6,drift,seed6,166,6.884848484848485
hpmcounter6,drift,seed6,167,6.848484848484849
hpmcounter6,drift,seed6,168,6.739393939393939
hpmcounter6,drift,seed6,169,6.557575757575758
hpmcounter6,drift,seed6,170,6.303030303030303
hpmcounter6,drift,seed6,171,6.218181818181818
hpmcounter6,drift,seed6,172,6.303030303030303
hpmcounter6,drift,seed6,173,6.557575757575758
hpmcounter6,drift,seed6,174,6.739393939393939
hpmcounter6,drift,seed6,175,6.848484848484849
hpmcounter6,drift,seed6,176,6.884848484848485
hpmcounter6,drift,seed6,177,6.848484848484849
hpmcounter6,drift,seed6,178,6.739393939393939
hpmcounter6,drift,seed6,179,6.557575757575758
hpmcounter6,drift,seed6,180,6.303030303030303
hpmcounter6,drift,seed6,181,6.218181818181818
hpmcounter6,drift,seed6,182,6.303030303030303
hpmcounter6,drift,seed6,183,6.557575757575758
hpmcounter6,drift,seed6,184,6.739393939393939
hpmcounter6,drift,seed6,185,6.848484848484849
hpmcounter6,drift,seed6,186,6.884848484848485
hpmcounter6,drift,seed6,187,6.848484848484849
hpmcounter6,drift,seed6,188,6.739393939393939
hpmcounter6,drift,seed6,189,6.557575757575758
hpmcounter6,drift,seed6,190,6.303030303030303
hpmcounter6,drift,seed6,191,6.218181818181818
hpmcounter6,drift,seed6,192,6.303030303030303
hpmcounter6,drift,seed6,193,6.557575757575758
hpmcounter6,drift,seed6,194,6.739393939393939
hpmcounter6,drift,seed6,195,6.848484848484849
hpmcounter6,drift,seed6,196,6.884848484848485
hpmcounter6,drift,seed6,197,6.848484848484849
hpmcounter6,drift,seed6,198,6.739393939393939
hpmcounter6,drift,seed6,199,6.557575757575758
hpmcounter6,drift,seed6,200,6.303030303030303
hpmcounter6,drift,seed6,201,6.218181818181818
hpmcounter6,drift,seed6,202,6.303030303030303
hpmcounter6,drift,seed6,203,6.557575757575758
hpmcounter6,drift,seed6,204,6.739393939393939
hpmcounter6,drift,seed6,205,6.848484848484849
hpmcounter6,drift,seed6,206,6.884848484848485
hpmcounter6,drift,seed6,207,6.848484848484849
hpmcounter6,drift,seed6,208,6.739393939393939
hpmcounter6,drift,seed6,209,6.557575757575758
hpmcounter6,drift,seed6,210,6.303030303030303
hpmcounter6,drift,seed6,211,6.218181818181818
hpmcounter6,drift,seed6,212,6.303030303030303
hpmcounter6,drift,seed6,213,6.557575757575758
hpmcounter6,drift,seed6,214,6.739393939393939
hpmcounter6,drift,seed6,215,6.848484848484849
hpmcounter6,drift,seed6,216,6.884848484848485
hpmcounter6,drift,seed6,217,6.848484848484849
hpmcounter6,drift,seed6,218,6.739393939393939
hpmcounter6,drift,seed6,219,6.557575757575758
hpmcounter6,drift,seed6,220,6.303030303030303
hpmcounter6,drift,seed6,221,6.218181818181818
hpmcounter6,drift,seed6,222,6.303030303030303
hpmcounter6,drift,seed6,223,6.557575757575758
hpmcounter6,drift,seed6,224,6.739393939393939
hpmcounter6,drift,seed6,225,6.848484848484849
hpmcounter6,drift,seed6,226,6.884848484848485
hpmcounter6,drift,seed6,227,6.848484848484849
hpmcounter6,drift,seed6,228,6.739393939393939
hpmcounter6,drift,seed6,229,6.557575757575758
hpmcounter6,drift,seed6,230,6.303030303030303
hpmcounter6,drift,seed6,231,6.218181818181818
hpmcounter6,drift,seed6,232,6.303030303030303
hpmcounter6,drift,seed6,233,6.557575757575758
hpmcounter6,drift,seed6,234,6.739393939393939
hpmcounter6,drift,seed6,235,6.848484848484849
hpmcounter6,drift,seed6,236,6.884848484848485
hpmcounter6,drift,seed6,237,6.848484848484849
hpmcounter6,drift,seed6,238,6.739393939393939
hpmcounter6,drift,seed6,239,6.557575757575758
hpmcounter6,drift,seed6,240,6.303030303030303
hpmcounter6,drift,seed6,241,6.218181818181818
hpmcounter6,drift,seed6,242,6.303030303030303
hpmcounter6,drift,seed6,243,6.557575757575758
hpmcounter6,drift,seed6,244,6.739393939393939
hpmcounter6,drift,seed6,245,6.848484848484849
hpmcounter6,drift,seed6,246,6.884848484848485
hpmcounter6,drift,seed6,247,6.848484848484849
hpmcounter6,drift,seed6,248,6.739393939393939
hpmcounter6,drift,seed6,249,6.557575757575758
hpmcounter6,drift,seed6,250,6.303030303030303
hpmcounter6,drift,seed6,251,6.218181818181818
hpmcounter6,drift,seed6,252,6.303030303030303
hpmcounter6,drift,seed6,253,6.557575757575758
hpmcounter6,drift,seed6,254,6.739393939393939
hpmcounter6,drift,seed6,255,6.848484848484849
hpmcounter6,drift,seed6,256,6.884848484848485
hpmcounter6,drift,seed6,257,6.848484848484849
hpmcounter6,drift,seed6,258,6.739393939393939
hpmcounter6,drift,seed6,259,6.557575757575758
hpmcounter6,drift,seed6,260,6.303030303030303
hpmcounter6,drift,seed6,261,6.218181818181818
hpmcounter6,drift,seed6,262,6.303030303030303
hpmcounter6,drift,seed6,263,6.557575757575758
hpmcounter6,drift,seed6,264,6.739393939393939
hpmcounter6,drift,seed6,265,6.848484848484849
hpmcounter6,drift,seed6,266,6.884848484848485
hpmcounter6,drift,seed6,267,6.848484848484849
hpmcounter6,drift,seed6,268,6.739393939393939
hpmcounter6,drift,seed6,269,6.557575757575758
hpmcounter6,drift,seed6,270,6.303030303030303
hpmcounter6,drift,seed6,271,6.218181818181818
hpmcounter6,drift,seed6,272,6.303030303030303
hpmcounter6,drift,seed6,273,6.557575757575758
hpmcounter6,drift,seed6,274,6.739393939393939
hpmcounter6,drift,seed6,275,6.848484848484849
hpmcounter6,drift,seed6,276,6.884848484848485
hpmcounter6,drift,seed6,277,6.848484848484849
hpmcounter6,drift,seed6,278,6.739393939393939
hpmcounter6,drift,seed6,279,6.557575757575758
hpmcounter6,drift,seed6,280,6.303030303030303
hpmcounter6,drift,seed6,281,6.218181818181818
hpmcounter6,drift,seed6,282,6.303030303030303
hpmcounter6,drift,seed6,283,6.557575757575758
hpmcounter6,drift,seed6,284,6.739393939393939
hpmcounter6,drift,seed6,285,6.848484848484849
hpmcounter6,drift,seed6,286,6.884848484848485
hpmcounter6,drift,seed6,287,6.848484848484849
hpmcounter6,drift,seed6,288,6.739393939393939
hpmcounter6,drift,seed6,289,6.557575757575758
hpmcounter6,drift,seed6,290,6.303030303030303
hpmcounter6,drift,seed6,291,6.218181818181818
hpmcounter6,drift,seed6,292,6.303030303030303
hpmcounter6,drift,seed6,293,6.557575757575758
hpmcounter6,drift,seed6,294,6.739393939393939
hpmcounter6,drift,seed6,295,6.848484848484849
hpmcounter6,drift,seed6,296,6.884848484848485
hpmcounter6,drift,seed6,297,6.848484848484849
hpmcounter6,drift,seed6,298,6.739393939393939
hpmcounter6,drift,seed7,9,6.557575757575758
hpmcounter6,drift,seed7,10,6.303030303030303
hpmcounter6,drift,seed7,11,6.218181818181818
hpmcounter6,drift,seed7,12,6.303030303030303
hpmcounter6,drift,seed7,13,6.557575757575758
hpmcounter6,drift,seed7,14,6.739393939393939
hpmcounter6,drift,seed7,15,6.848484848484849
hpmcounter6,drift,seed7,16,6.884848484848485
hpmcounter6,drift,seed7,17,6.848484848484849
hpmcounter6,drift,seed7,18,6.739393939393939
hpmcounter6,drift,seed7,19,6.557575757575758
hpmcounter6,drift,seed7,20,6.303030303030303
hpmcounter6,drift,seed7,21,6.218181818181818
hpmcounter6,drift,seed7,22,6.303030303030303
hpmcounter6,drift,seed7,23,6.557575757575758
hpmcounter6,drift,seed7,24,6.739393939393939
hpmcounter6,drift,seed7,25,6.848484848484849
hpmcounter6,drift,seed7,26,6.884848484848485
hpmcounter6,drift,seed7,27,6.848484848484849
hpmcounter6,drift,seed7,28,6.739393939393939
hpmcounter6,drift,seed7,29,6.557575757575758
hpmcounter6,drift,seed7,30,6.303030303030303
hpmcounter6,drift,seed7,31,6.218181818181818
hpmcounter6,drift,seed7,32,6.303030303030303
hpmcounter6,drift,seed7,33,6.557575757575758
hpmcounter6,drift,seed7,34,6.739393939393939
hpmcounter6,drift,seed7,35,6.848484848484849
hpmcounter6,drift,seed7,36,6.884848484848485
hpmcounter6,drift,seed7,37,6.848484848484849
hpmcounter6,drift,seed7,38,6.739393939393939
hpmcounter6,drift,seed7,39,6.557575757575758
hpmcounter6,drift,seed7,40,6.303030303030303
hpmcounter6,drift,seed7,41,6.218181818181818
hpmcounter6,drift,seed7,42,6.303030303030303
hpmcounter6,drift,seed7,43,6.557575757575758
hpmcounter6,drift,seed7,44,6.739393939393939
hpmcounter6,drift,seed7,45,6.848484848484849
hpmcounter6,drift,seed7,46,6.884848484848485
hpmcounter6,drift,seed7,47,6.848484848484849
hpmcounter6,drift,seed7,48,6.739393939393939
hpmcounter6,drift,seed7,49,6.557575757575758
hpmcounter6,drift,seed7,50,6.303030303030303
hpmcounter6,drift,seed7,51,6.218181818181818
hpmcounter6,drift,seed7,52,6.303030303030303
hpmcounter6,drift,seed7,53,6.557575757575758
hpmcounter6,drift,seed7,54,6.739393939393939
hpmcounter6,drift,seed7,55,6.848484848484849
hpmcounter6,drift,seed7,56,6.884848484848485
hpmcounter6,drift,seed7,57,6.848484848484849
hpmcounter6,drift,seed7,58,6.739393939393939
hpmcounter6,drift,seed7,59,6.557575757575758
hpmcounter6,drift,seed7,60,6.303030303030303
hpmcounter6,drift,seed7,61,6.218181818181818
hpmcounter6,drift,seed7,62,6.303030303030303
hpmcounter6,drift,seed7,63,6.557575757575758
hpmcounter6,drift,seed7,64,6.739393939393939
hpmcounter6,drift,seed7,65,6.848484848484849
hpmcounter6,drift,seed7,66,6.884848484848485
hpmcounter6,drift,seed7,67,6.848484848484849
hpmcounter6,drift,seed7,68,6.739393939393939
hpmcounter6,drift,seed7,69,6.557575757575758
hpmcounter6,drift,seed7,70,6.303030303030303
hpmcounter6,drift,seed7,71,6.218181818181818
hpmcounter6,drift,seed7,72,6.303030303030303
hpmcounter6,drift,seed7,73,6.557575757575758
hpmcounter6,drift,seed7,74,6.739393939393939
hpmcounter6,drift,seed7,75,6.848484848484849
hpmcounter6,drift,seed7,76,6.884848484848485
hpmcounter6,drift,seed7,77,6.848484848484849
hpmcounter6,drift,seed7,78,6.739393939393939
hpmcounter6,drift,seed7,79,6.557575757575758
hpmcounter6,drift,seed7,80,6.303030303030303
hpmcounter6,drift,seed7,81,6.218181818181818
hpmcounter6,drift,seed7,82,6.303030303030303
hpmcounter6,drift,seed7,83,6.557575757575758
hpmcounter6,drift,seed7,84,6.739393939393939
hpmcounter6,drift,seed7,85,6.848484848484849
hpmcounter6,drift,seed7,86,6.884848484848485
hpmcounter6,drift,seed7,87,6.848484848484849
hpmcounter6,drift,seed7,88,6.739393939393939
hpmcounter6,drift,seed7,89,6.557575757575758
hpmcounter6,drift,seed7,90,6.303030303030303
hpmcounter6,drift,seed7,91,6.218181818181818
hpmcounter6,drift,seed7,92,6.303030303030303
hpmcounter6,drift,seed7,93,6.557575757575758
hpmcounter6,drift,seed7,94,6.739393939393939
hpmcounter6,drift,seed7,95,6.848484848484849
hpmcounter6,drift,seed7,96,6.884848484848485
hpmcounter6,drift,seed7,97,6.848484848484849
hpmcounter6,drift,seed7,98,6.739393939393939
hpmcounter6,drift,seed7,99,6.557575757575758
hpmcounter6,drift,seed7,100,6.303030303030303
hpmcounter6,drift,seed7,101,6.218181818181818
hpmcounter6,drift,seed7,102,6.303030303030303
hpmcounter6,drift,seed7,103,6.557575757575758
hpmcounter6,drift,seed7,104,6.739393939393939
hpmcounter6,drift,seed7,105,6.848484848484849
hpmcounter6,drift,seed7,106,6.884848484848485
hpmcounter6,drift,seed7,107,6.848484848484849
hpmcounter6,drift,seed7,108,6.739393939393939
hpmcounter6,drift,seed7,109,6.557575757575758
hpmcounter6,drift,seed7,110,6.303030303030303
hpmcounter6,drift,seed7,111,6.218181818181818
hpmcounter6,drift,seed7,112,6.303030303030303
hpmcounter6,drift,seed7,113,6.557575757575758
hpmcounter6,drift,seed7,114,6.739393939393939
hpmcounter6,drift,seed7,115,6.848484848484849
hpmcounter6,drift,seed7,116,6.884848484848485
hpmcounter6,drift,seed7,117,6.848484848484849
hpmcounter6,drift,seed7,118,6.739393939393939
hpmcounter6,drift,seed7,119,6.557575757575758
hpmcounter6,drift,seed7,120,6.303030303030303
hpmcounter6,drift,seed7,121,6.218181818181818
hpmcounter6,drift,seed7,122,6.303030303030303
hpmcounter6,drift,seed7,123,6.557575757575758
hpmcounter6,drift,seed7,124,6.739393939393939
hpmcounter6,drift,seed7,125,6.848484848484849
hpmcounter6,drift,seed7,126,6.884848484848485
hpmcounter6,drift,seed7,127,6.848484848484849
hpmcounter6,drift,seed7,128,6.739393939393939
hpmcounter6,drift,seed7,129,6.557575757575758
hpmcounter6,drift,seed7,130,6.303030303030303
hpmcounter6,drift,seed7,131,6.218181818181818
hpmcounter6,drift,seed7,132,6.303030303030303
hpmcounter6,drift,seed7,133,6.557575757575758
hpmcounter6,drift,seed7,134,6.739393939393939
hpmcounter6,drift,seed7,135,6.848484848484849
hpmcounter6,drift,seed7,136,6.884848484848485
hpmcounter6,drift,seed7,137,6.848484848484849
hpmcounter6,drift,seed7,138,6.739393939393939
hpmcounter6,drift,seed7,139,6.557575757575758
hpmcounter6,drift,seed7,140,6.303030303030303
hpmcounter6,drift,seed7,141,6.218181818181818
hpmcounter6,drift,seed7,142,6.303030303030303
hpmcounter6,drift,seed7,143,6.557575757575758
hpmcounter6,drift,seed7,144,6.739393939393939
hpmcounter6,drift,seed7,145,6.848484848484849
hpmcounter6,drift,seed7,146,6.884848484848485
hpmcounter6,drift,seed7,147,6.848484848484849
hpmcounter6,drift,seed7,148,6.739393939393939
hpmcounter6,drift,seed7,149,6.557575757575758
hpmcounter6,drift,seed7,150,6.303030303030303
hpmcounter6,drift,seed7,151,6.218181818181818
hpmcounter6,drift,seed7,152,6.303030303030303
hpmcounter6,drift,seed7,153,6.557575757575758
hpmcounter6,drift,seed7,154,6.739393939393939
hpmcounter6,drift,seed7,155,6.848484848484849
hpmcounter6,drift,seed7,156,6.884848484848485
hpmcounter6,drift,seed7,157,6.848484848484849
hpmcounter6,drift,seed7,158,6.739393939393939
hpmcounter6,drift,seed7,159,6.557575757575758
hpmcounter6,drift,seed7,160,6.303030303030303
hpmcounter6,drift,seed7,161,6.218181818181818
hpmcounter6,drift,seed7,162,6.303030303030303
hpmcounter6,drift,seed7,163,6.557575757575758
hpmcounter6,drift,seed7,164,6.739393939393939
hpmcounter6,drift,seed7,165,6.848484848484849
hpmcounter6,drift,seed7,166,6.884848484848485
hpmcounter6,drift,seed7,167,6.848484848484849
hpmcounter6,drift,seed7,168,6.739393939393939
hpmcounter6,drift,seed7,169,6.557575757575758
hpmcounter6,drift,seed7,170,6.303030303030303
hpmcounter6,drift,seed7,171,6.218181818181818
hpmcounter6,drift,seed7,172,6.303030303030303
hpmcounter6,drift,seed7,173,6.557575757575758
hpmcounter6,drift,seed7,174,6.739393939393939
hpmcounter6,drift,seed7,175,6.848484848484849
hpmcounter6,drift,seed7,176,6.884848484848485
hpmcounter6,drift,seed7,177,6.848484848484849
hpmcounter6,drift,seed7,178,6.739393939393939
hpmcounter6,drift,seed7,179,6.557575757575758
hpmcounter6,drift,seed7,180,6.303030303030303
hpmcounter6,drift,seed7,181,6.218181818181818
hpmcounter6,drift,seed7,182,6.303030303030303
hpmcounter6,drift,seed7,183,6.557575757575758
hpmcounter6,drift,seed7,184,6.739393939393939
hpmcounter6,drift,seed7,185,6.848484848484849
hpmcounter6,drift,seed7,186,6.884848484848485
hpmcounter6,drift,seed7,187,6.848484848484849
hpmcounter6,drift,seed7,188,6.739393939393939
hpmcounter6,drift,seed7,189,6.557575757575758
hpmcounter6,drift,seed7,190,6.303030303030303
hpmcounter6,drift,seed7,191,6.218181818181818
hpmcounter6,drift,seed7,192,6.303030303030303
hpmcounter6,drift,seed7,193,6.557575757575758
hpmcounter6,drift,seed7,194,6.739393939393939
hpmcounter6,drift,seed7,195,6.848484848484849
hpmcounter6,drift,seed7,196,6.884848484848485
hpmcounter6,drift,seed7,197,6.848484848484849
hpmcounter6,drift,seed7,198,6.739393939393939
hpmcounter6,drift,seed7,199,6.557575757575758
hpmcounter6,drift,seed7,200,6.303030303030303
hpmcounter6,drift,seed7,201,6.218181818181818
hpmcounter6,drift,seed7,202,6.303030303030303
hpmcounter6,drift,seed7,203,6.557575757575758
hpmcounter6,drift,seed7,204,6.739393939393939
hpmcounter6,drift,seed7,205,6.848484848484849
hpmcounter6,drift,seed7,206,6.884848484848485
hpmcounter6,drift,seed7,207,6.848484848484849
hpmcounter6,drift,seed7,208,6.739393939393939
hpmcounter6,drift,seed7,209,6.557575757575758
hpmcounter6,drift,seed7,210,6.303030303030303
hpmcounter6,drift,seed7,211,6.218181818181818
hpmcounter6,drift,seed7,212,6.303030303030303
hpmcounter6,drift,seed7,213,6.557575757575758
hpmcounter6,drift,seed7,214,6.739393939393939
hpmcounter6,drift,seed7,215,6.848484848484849
hpmcounter6,drift,seed7,216,6.884848484848485
hpmcounter6,drift,seed7,217,6.848484848484849
hpmcounter6,drift,seed7,218,6.739393939393939
hpmcounter6,drift,seed7,219,6.557575757575758
hpmcounter6,drift,seed7,220,6.303030303030303
hpmcounter6,drift,seed7,221,6.218181818181818
hpmcounter6,drift,seed7,222,6.303030303030303
hpmcounter6,drift,seed7,223,6.557575757575758
hpmcounter6,drift,seed7,224,6.739393939393939
hpmcounter6,drift,seed7,225,6.848484848484849
hpmcounter6,drift,seed7,226,6.884848484848485
hpmcounter6,drift,seed7,227,6.848484848484849
hpmcounter6,drift,seed7,228,6.739393939393939
hpmcounter6,drift,seed7,229,6.557575757575758
hpmcounter6,drift,seed7,230,6.303030303030303
hpmcounter6,drift,seed7,231,6.218181818181818
hpmcounter6,drift,seed7,232,6.303030303030303
hpmcounter6,drift,seed7,233,6.557575757575758
hpmcounter6,drift,seed7,234,6.739393939393939
hpmcounter6,drift,seed7,235,6.848484848484849
hpmcounter6,drift,seed7,236,6.884848484848485
hpmcounter6,drift,seed7,237,6.848484848484849
hpmcounter6,drift,seed7,238,6.739393939393939
hpmcounter6,drift,seed7,239,6.557575757575758
hpmcounter6,drift,seed7,240,6.303030303030303
hpmcounter6,drift,seed7,241,6.218181818181818
hpmcounter6,drift,seed7,242,6.303030303030303
hpmcounter6,drift,seed7,243,6.557575757575758
hpmcounter6,drift,seed7,244,6.739393939393939
hpmcounter6,drift,seed7,245,6.848484848484849
hpmcounter6,drift,seed7,246,6.884848484848485
hpmcounter6,drift,seed7,247,6.848484848484849
hpmcounter6,drift,seed7,248,6.739393939393939
hpmcounter6,drift,seed7,249,6.557575757575758
hpmcounter6,drift,seed7,250,6.303030303030303
hpmcounter6,drift,seed7,251,6.218181818181818
hpmcounter6,drift,seed7,252,6.303030303030303
hpmcounter6,drift,seed7,253,6.557575757575758
hpmcounter6,drift,seed7,254,6.739393939393939
hpmcounter6,drift,seed7,255,6.848484848484849
hpmcounter6,drift,seed7,256,6.884848484848485
hpmcounter6,drift,seed7,257,6.848484848484849
hpmcounter6,drift,seed7,258,6.739393939393939
hpmcounter6,drift,seed7,259,6.557575757575758
hpmcounter6,drift,seed7,260,6.303030303030303
hpmcounter6,drift,seed7,261,6.218181818181818
hpmcounter6,drift,seed7,262,6.303030303030303
hpmcounter6,drift,seed7,263,6.557575757575758
hpmcounter6,drift,seed7,264,6.739393939393939
hpmcounter6,drift,seed7,265,6.848484848484849
hpmcounter6,drift,seed7,266,6.884848484848485
hpmcounter6,drift,seed7,267,6.848484848484849
hpmcounter6,drift,seed7,268,6.739393939393939
hpmcounter6,drift,seed7,269,6.557575757575758
hpmcounter6,drift,seed7,270,6.303030303030303
hpmcounter6,drift,seed7,271,6.218181818181818
hpmcounter6,drift,seed7,272,6.303030303030303
hpmcounter6,drift,seed7,273,6.557575757575758
hpmcounter6,drift,seed7,274,6.739393939393939
hpmcounter6,drift,seed7,275,6.848484848484849
hpmcounter6,drift,seed7,276,6.884848484848485
hpmcounter6,drift,seed7,277,6.848484848484849
hpmcounter6,drift,seed7,278,6.739393939393939
hpmcounter6,drift,seed7,279,6.557575757575758
hpmcounter6,drift,seed7,280,6.303030303030303
hpmcounter6,drift,seed7,281,6.218181818181818
hpmcounter6,drift,seed7,282,6.303030303030303
hpmcounter6,drift,seed7,283,6.557575757575758
hpmcounter6,drift,seed7,284,6.739393939393939
hpmcounter6,drift,seed7,285,6.848484848484849
hpmcounter6,drift,seed7,286,6.884848484848485
hpmcounter6,drift,seed7,287,6.848484848484849
hpmcounter6,drift,seed7,288,6.739393939393939
hpmcounter6,drift,seed7,289,6.557575757575758
hpmcounter6,drift,seed7,290,6.303030303030303
hpmcounter6,drift,seed7,291,6.218181818181818
hpmcounter6,drift,seed7,292,6.303030303030303
hpmcounter6,drift,seed7,293,6.557575757575758
hpmcounter6,drift,seed7,294,6.739393939393939
hpmcounter6,drift,seed7,295,6.848484848484849
hpmcounter6,drift,seed7,296,6.884848484848485
hpmcounter6,drift,seed7,297,6.848484848484849
hpmcounter6,drift,seed7,298,6.739393939393939
hpmcounter6,drift,seed8,9,6.557575757575758
hpmcounter6,drift,seed8,10,6.303030303030303
hpmcounter6,drift,seed8,11,6.218181818181818
hpmcounter6,drift,seed8,12,6.303030303030303
hpmcounter6,drift,seed8,13,6.557575757575758
hpmcounter6,drift,seed8,14,6.739393939393939
hpmcounter6,drift,seed8,15,6.848484848484849
hpmcounter6,drift,seed8,16,6.884848484848485
hpmcounter6,drift,seed8,17,6.848484848484849
hpmcounter6,drift,seed8,18,6.739393939393939
hpmcounter6,drift,seed8,19,6.557575757575758
hpmcounter6,drift,seed8,20,6.303030303030303
hpmcounter6,drift,seed8,21,6.218181818181818
hpmcounter6,drift,seed8,22,6.303030303030303
hpmcounter6,drift,seed8,23,6.557575757575758
hpmcounter6,drift,seed8,24,6.739393939393939
hpmcounter6,drift,seed8,25,6.848484848484849
hpmcounter6,drift,seed8,26,6.884848484848485
hpmcounter6,drift,seed8,27,6.848484848484849
hpmcounter6,drift,seed8,28,6.739393939393939
hpmcounter6,drift,seed8,29,6.557575757575758
hpmcounter6,drift,seed8,30,6.303030303030303
hpmcounter6,drift,seed8,31,6.218181818181818
hpmcounter6,drift,seed8,32,6.303030303030303
hpmcounter6,drift,seed8,33,6.557575757575758
hpmcounter6,drift,seed8,34,6.739393939393939
hpmcounter6,drift,seed8,35,6.848484848484849
hpmcounter6,drift,seed8,36,6.884848484848485
hpmcounter6,drift,seed8,37,6.848484848484849
hpmcounter6,drift,seed8,38,6.739393939393939
hpmcounter6,drift,seed8,39,6.557575757575758
hpmcounter6,drift,seed8,40,6.303030303030303
hpmcounter6,drift,seed8,41,6.218181818181818
hpmcounter6,drift,seed8,42,6.303030303030303
hpmcounter6,drift,seed8,43,6.557575757575758
hpmcounter6,drift,seed8,44,6.739393939393939
hpmcounter6,drift,seed8,45,6.848484848484849
hpmcounter6,drift,seed8,46,6.884848484848485
hpmcounter6,drift,seed8,47,6.848484848484849
hpmcounter6,drift,seed8,48,6.739393939393939
hpmcounter6,drift,seed8,49,6.557575757575758
hpmcounter6,drift,seed8,50,6.303030303030303
hpmcounter6,drift,seed8,51,6.218181818181818
hpmcounter6,drift,seed8,52,6.303030303030303
hpmcounter6,drift,seed8,53,6.557575757575758
hpmcounter6,drift,seed8,54,6.739393939393939
hpmcounter6,drift,seed8,55,6.848484848484849
hpmcounter6,drift,seed8,56,6.884848484848485
hpmcounter6,drift,seed8,57,6.848484848484849
hpmcounter6,drift,seed8,58,6.739393939393939
hpmcounter6,drift,seed8,59,6.557575757575758
hpmcounter6,drift,seed8,60,6.303030303030303
hpmcounter6,drift,seed8,61,6.218181818181818
hpmcounter6,drift,seed8,62,6.303030303030303
hpmcounter6,drift,seed8,63,6.557575757575758
hpmcounter6,drift,seed8,64,6.739393939393939
hpmcounter6,drift,seed8,65,6.848484848484849
hpmcounter6,drift,seed8,66,6.884848484848485
hpmcounter6,drift,seed8,67,6.848484848484849
hpmcounter6,drift,seed8,68,6.739393939393939
hpmcounter6,drift,seed8,69,6.557575757575758
hpmcounter6,drift,seed8,70,6.303030303030303
hpmcounter6,drift,seed8,71,6.218181818181818
hpmcounter6,drift,seed8,72,6.303030303030303
hpmcounter6,drift,seed8,73,6.557575757575758
hpmcounter6,drift,seed8,74,6.739393939393939
hpmcounter6,drift,seed8,75,6.848484848484849
hpmcounter6,drift,seed8,76,6.884848484848485
hpmcounter6,drift,seed8,77,6.848484848484849
hpmcounter6,drift,seed8,78,6.739393939393939
hpmcounter6,drift,seed8,79,6.557575757575758
hpmcounter6,drift,seed8,80,6.303030303030303
hpmcounter6,drift,seed8,81,6.218181818181818
hpmcounter6,drift,seed8,82,6.303030303030303
hpmcounter6,drift,seed8,83,6.557575757575758
hpmcounter6,drift,seed8,84,6.739393939393939
hpmcounter6,drift,seed8,85,6.848484848484849
hpmcounter6,drift,seed8,86,6.884848484848485
hpmcounter6,drift,seed8,87,6.848484848484849
hpmcounter6,drift,seed8,88,6.739393939393939
hpmcounter6,drift,seed8,89,6.557575757575758
hpmcounter6,drift,seed8,90,6.303030303030303
hpmcounter6,drift,seed8,91,6.218181818181818
hpmcounter6,drift,seed8,92,6.303030303030303
hpmcounter6,drift,seed8,93,6.557575757575758
hpmcounter6,drift,seed8,94,6.739393939393939
hpmcounter6,drift,seed8,95,6.848484848484849
hpmcounter6,drift,seed8,96,6.884848484848485
hpmcounter6,drift,seed8,97,6.848484848484849
hpmcounter6,drift,seed8,98,6.739393939393939
hpmcounter6,drift,seed8,99,6.557575757575758
hpmcounter6,drift,seed8,100,6.303030303030303
hpmcounter6,drift,seed8,101,6.218181818181818
hpmcounter6,drift,seed8,102,6.303030303030303
hpmcounter6,drift,seed8,103,6.557575757575758
hpmcounter6,drift,seed8,104,6.739393939393939
hpmcounter6,drift,seed8,105,6.848484848484849
hpmcounter6,drift,seed8,106,6.884848484848485
hpmcounter6,drift,seed8,107,6.848484848484849
hpmcounter6,drift,seed8,108,6.739393939393939
hpmcounter6,drift,seed8,109,6.557575757575758
hpmcounter6,drift,seed8,110,6.303030303030303
hpmcounter6,drift,seed8,111,6.218181818181818
hpmcounter6,drift,seed8,112,6.303030303030303
hpmcounter6,drift,seed8,113,6.557575757575758
hpmcounter6,drift,seed8,114,6.739393939393939
hpmcounter6,drift,seed8,115,6.848484848484849
hpmcounter6,drift,seed8,116,6.884848484848485
hpmcounter6,drift,seed8,117,6.848484848484849
hpmcounter6,drift,seed8,118,6.739393939393939
hpmcounter6,drift,seed8,119,6.557575757575758
hpmcounter6,drift,seed8,120,6.303030303030303
hpmcounter6,drift,seed8,121,6.218181818181818
hpmcounter6,drift,seed8,122,6.303030303030303
hpmcounter6,drift,seed8,123,6.557575757575758
hpmcounter6,drift,seed8,124,6.739393939393939
hpmcounter6,drift,seed8,125,6.848484848484849
hpmcounter6,drift,seed8,126,6.884848484848485
hpmcounter6,drift,seed8,127,6.848484848484849
hpmcounter6,drift,seed8,128,6.739393939393939
hpmcounter6,drift,seed8,129,6.557575757575758
hpmcounter6,drift,seed8,130,6.303030303030303
hpmcounter6,drift,seed8,131,6.218181818181818
hpmcounter6,drift,seed8,132,6.303030303030303
hpmcounter6,drift,seed8,133,6.557575757575758
hpmcounter6,drift,seed8,134,6.739393939393939
hpmcounter6,drift,seed8,135,6.848484848484849
hpmcounter6,drift,seed8,136,6.884848484848485
hpmcounter6,drift,seed8,137,6.848484848484849
hpmcounter6,drift,seed8,138,6.739393939393939
hpmcounter6,drift,seed8,139,6.557575757575758
hpmcounter6,drift,seed8,140,6.303030303030303
hpmcounter6,drift,seed8,141,6.218181818181818
hpmcounter6,drift,seed8,142,6.303030303030303
hpmcounter6,drift,seed8,143,6.557575757575758
hpmcounter6,drift,seed8,144,6.739393939393939
hpmcounter6,drift,seed8,145,6.848484848484849
hpmcounter6,drift,seed8,146,6.884848484848485
hpmcounter6,drift,seed8,147,6.848484848484849
hpmcounter6,drift,seed8,148,6.739393939393939
hpmcounter6,drift,seed8,149,6.557575757575758
hpmcounter6,drift,seed8,150,6.303030303030303
hpmcounter6,drift,seed8,151,6.218181818181818
hpmcounter6,drift,seed8,152,6.303030303030303
hpmcounter6,drift,seed8,153,6.557575757575758
hpmcounter6,drift,seed8,154,6.739393939393939
hpmcounter6,drift,seed8,155,6.848484848484849
hpmcounter6,drift,seed8,156,6.884848484848485
hpmcounter6,drift,seed8,157,6.848484848484849
hpmcounter6,drift,seed8,158,6.739393939393939
hpmcounter6,drift,seed8,159,6.557575757575758
hpmcounter6,drift,seed8,160,6.303030303030303
hpmcounter6,drift,seed8,161,6.218181818181818
hpmcounter6,drift,seed8,162,6.303030303030303
hpmcounter6,drift,seed8,163,6.557575757575758
hpmcounter6,drift,seed8,164,6.739393939393939
hpmcounter6,drift,seed8,165,6.848484848484849
hpmcounter6,drift,seed8,166,6.884848484848485
hpmcounter6,drift,seed8,167,6.848484848484849
hpmcounter6,drift,seed8,168,6.739393939393939
hpmcounter6,drift,seed8,169,6.557575757575758
hpmcounter6,drift,seed8,170,6.303030303030303
hpmcounter6,drift,seed8,171,6.218181818181818
hpmcounter6,drift,seed8,172,6.303030303030303
hpmcounter6,drift,seed8,173,6.557575757575758
hpmcounter6,drift,seed8,174,6.739393939393939
hpmcounter6,drift,seed8,175,6.848484848484849
hpmcounter6,drift,seed8,176,6.884848484848485
hpmcounter6,drift,seed8,177,6.848484848484849
hpmcounter6,drift,seed8,178,6.739393939393939
hpmcounter6,drift,seed8,179,6.557575757575758
hpmcounter6,drift,seed8,180,6.303030303030303
hpmcounter6,drift,seed8,181,6.218181818181818
hpmcounter6,drift,seed8,182,6.303030303030303
hpmcounter6,drift,seed8,183,6.557575757575758
hpmcounter6,drift,seed8,184,6.739393939393939
hpmcounter6,drift,seed8,185,6.848484848484849
hpmcounter6,drift,seed8,186,6.884848484848485
hpmcounter6,drift,seed8,187,6.848484848484849
hpmcounter6,drift,seed8,188,6.739393939393939
hpmcounter6,drift,seed8,189,6.557575757575758
hpmcounter6,drift,seed8,190,6.303030303030303
hpmcounter6,drift,seed8,191,6.218181818181818
hpmcounter6,drift,seed8,192,6.303030303030303
hpmcounter6,drift,seed8,193,6.557575757575758
hpmcounter6,drift,seed8,194,6.739393939393939
hpmcounter6,drift,seed8,195,6.848484848484849
hpmcounter6,drift,seed8,196,6.884848484848485
hpmcounter6,drift,seed8,197,6.848484848484849
hpmcounter6,drift,seed8,198,6.739393939393939
hpmcounter6,drift,seed8,199,6.557575757575758
hpmcounter6,drift,seed8,200,6.303030303030303
hpmcounter6,drift,seed8,201,6.218181818181818
hpmcounter6,drift,seed8,202,6.303030303030303
hpmcounter6,drift,seed8,203,6.557575757575758
hpmcounter6,drift,seed8,204,6.739393939393939
hpmcounter6,drift,seed8,205,6.848484848484849
hpmcounter6,drift,seed8,206,6.884848484848485
hpmcounter6,drift,seed8,207,6.848484848484849
hpmcounter6,drift,seed8,208,6.739393939393939
hpmcounter6,drift,seed8,209,6.557575757575758
hpmcounter6,drift,seed8,210,6.303030303030303
hpmcounter6,drift,seed8,211,6.218181818181818
hpmcounter6,drift,seed8,212,6.303030303030303
hpmcounter6,drift,seed8,213,6.557575757575758
hpmcounter6,drift,seed8,214,6.739393939393939
hpmcounter6,drift,seed8,215,6.848484848484849
hpmcounter6,drift,seed8,216,6.884848484848485
hpmcounter6,drift,seed8,217,6.848484848484849
hpmcounter6,drift,seed8,218,6.739393939393939
hpmcounter6,drift,seed8,219,6.557575757575758
hpmcounter6,drift,seed8,220,6.303030303030303
hpmcounter6,drift,seed8,221,6.218181818181818
hpmcounter6,drift,seed8,222,6.303030303030303
hpmcounter6,drift,seed8,223,6.557575757575758
hpmcounter6,drift,seed8,224,6.739393939393939
hpmcounter6,drift,seed8,225,6.848484848484849
hpmcounter6,drift,seed8,226,6.884848484848485
hpmcounter6,drift,seed8,227,6.848484848484849
hpmcounter6,drift,seed8,228,6.739393939393939
hpmcounter6,drift,seed8,229,6.557575757575758
hpmcounter6,drift,seed8,230,6.303030303030303
hpmcounter6,drift,seed8,231,6.218181818181818
hpmcounter6,drift,seed8,232,6.303030303030303
hpmcounter6,drift,seed8,233,6.557575757575758
hpmcounter6,drift,seed8,234,6.739393939393939
hpmcounter6,drift,seed8,235,6.848484848484849
hpmcounter6,drift,seed8,236,6.884848484848485
hpmcounter6,drift,seed8,237,6.848484848484849
hpmcounter6,drift,seed8,238,6.739393939393939
hpmcounter6,drift,seed8,239,6.557575757575758
hpmcounter6,drift,seed8,240,6.303030303030303
hpmcounter6,drift,seed8,241,6.218181818181818
hpmcounter6,drift,seed8,242,6.303030303030303
hpmcounter6,drift,seed8,243,6.557575757575758
hpmcounter6,drift,seed8,244,6.739393939393939
hpmcounter6,drift,seed8,245,6.848484848484849
hpmcounter6,drift,seed8,246,6.884848484848485
hpmcounter6,drift,seed8,247,6.848484848484849
hpmcounter6,drift,seed8,248,6.739393939393939
hpmcounter6,drift,seed8,249,6.557575757575758
hpmcounter6,drift,seed8,250,6.303030303030303
hpmcounter6,drift,seed8,251,6.218181818181818
hpmcounter6,drift,seed8,252,6.303030303030303
hpmcounter6,drift,seed8,253,6.557575757575758
hpmcounter6,drift,seed8,254,6.739393939393939
hpmcounter6,drift,seed8,255,6.848484848484849
hpmcounter6,drift,seed8,256,6.884848484848485
hpmcounter6,drift,seed8,257,6.848484848484849
hpmcounter6,drift,seed8,258,6.739393939393939
hpmcounter6,drift,seed8,259,6.557575757575758
hpmcounter6,drift,seed8,260,6.303030303030303
hpmcounter6,drift,seed8,261,6.218181818181818
hpmcounter6,drift,seed8,262,6.303030303030303
hpmcounter6,drift,seed8,263,6.557575757575758
hpmcounter6,drift,seed8,264,6.739393939393939
hpmcounter6,drift,seed8,265,6.848484848484849
hpmcounter6,drift,seed8,266,6.884848484848485
hpmcounter6,drift,seed8,267,6.848484848484849
hpmcounter6,drift,seed8,268,6.739393939393939
hpmcounter6,drift,seed8,269,6.557575757575758
hpmcounter6,drift,seed8,270,6.303030303030303
hpmcounter6,drift,seed8,271,6.218181818181818
hpmcounter6,drift,seed8,272,6.303030303030303
hpmcounter6,drift,seed8,273,6.557575757575758
hpmcounter6,drift,seed8,274,6.739393939393939
hpmcounter6,drift,seed8,275,6.848484848484849
hpmcounter6,drift,seed8,276,6.884848484848485
hpmcounter6,drift,seed8,277,6.848484848484849
hpmcounter6,drift,seed8,278,6.739393939393939
hpmcounter6,drift,seed8,279,6.557575757575758
hpmcounter6,drift,seed8,280,6.303030303030303
hpmcounter6,drift,seed8,281,6.218181818181818
hpmcounter6,drift,seed8,282,6.303030303030303
hpmcounter6,drift,seed8,283,6.557575757575758
hpmcounter6,drift,seed8,284,6.739393939393939
hpmcounter6,drift,seed8,285,6.848484848484849
hpmcounter6,drift,seed8,286,6.884848484848485
hpmcounter6,drift,seed8,287,6.848484848484849
hpmcounter6,drift,seed8,288,6.739393939393939
hpmcounter6,drift,seed8,289,6.557575757575758
hpmcounter6,drift,seed8,290,6.303030303030303
hpmcounter6,drift,seed8,291,6.218181818181818
hpmcounter6,drift,seed8,292,6.303030303030303
hpmcounter6,drift,seed8,293,6.557575757575758
hpmcounter6,drift,seed8,294,6.739393939393939
hpmcounter6,drift,seed8,295,6.848484848484849
hpmcounter6,drift,seed8,296,6.884848484848485
hpmcounter6,drift,seed8,297,6.848484848484849
hpmcounter6,drift,seed8,298,6.739393939393939
hpmcounter6,drift,seed9,9,6.557575757575758
hpmcounter6,drift,seed9,10,6.303030303030303
hpmcounter6,drift,seed9,11,6.218181818181818
hpmcounter6,drift,seed9,12,6.303030303030303
hpmcounter6,drift,seed9,13,6.557575757575758
hpmcounter6,drift,seed9,14,6.739393939393939
hpmcounter6,drift,seed9,15,6.848484848484849
hpmcounter6,drift,seed9,16,6.884848484848485
hpmcounter6,drift,seed9,17,6.848484848484849
hpmcounter6,drift,seed9,18,6.739393939393939
hpmcounter6,drift,seed9,19,6.557575757575758
hpmcounter6,drift,seed9,20,6.303030303030303
hpmcounter6,drift,seed9,21,6.218181818181818
hpmcounter6,drift,seed9,22,6.303030303030303
hpmcounter6,drift,seed9,23,6.557575757575758
hpmcounter6,drift,seed9,24,6.739393939393939
hpmcounter6,drift,seed9,25,6.848484848484849
hpmcounter6,drift,seed9,26,6.884848484848485
hpmcounter6,drift,seed9,27,6.848484848484849
hpmcounter6,drift,seed9,28,6.739393939393939
hpmcounter6,drift,seed9,29,6.557575757575758
hpmcounter6,drift,seed9,30,6.303030303030303
hpmcounter6,drift,seed9,31,6.218181818181818
hpmcounter6,drift,seed9,32,6.303030303030303
hpmcounter6,drift,seed9,33,6.557575757575758
hpmcounter6,drift,seed9,34,6.739393939393939
hpmcounter6,drift,seed9,35,6.848484848484849
hpmcounter6,drift,seed9,36,6.884848484848485
hpmcounter6,drift,seed9,37,6.848484848484849
hpmcounter6,drift,seed9,38,6.739393939393939
hpmcounter6,drift,seed9,39,6.557575757575758
hpmcounter6,drift,seed9,40,6.303030303030303
hpmcounter6,drift,seed9,41,6.218181818181818
hpmcounter6,drift,seed9,42,6.303030303030303
hpmcounter6,drift,seed9,43,6.557575757575758
hpmcounter6,drift,seed9,44,6.739393939393939
hpmcounter6,drift,seed9,45,6.848484848484849
hpmcounter6,drift,seed9,46,6.884848484848485
hpmcounter6,drift,seed9,47,6.848484848484849
hpmcounter6,drift,seed9,48,6.739393939393939
hpmcounter6,drift,seed9,49,6.557575757575758
hpmcounter6,drift,seed9,50,6.303030303030303
hpmcounter6,drift,seed9,51,6.218181818181818
hpmcounter6,drift,seed9,52,6.303030303030303
hpmcounter6,drift,seed9,53,6.557575757575758
hpmcounter6,drift,seed9,54,6.739393939393939
hpmcounter6,drift,seed9,55,6.848484848484849
hpmcounter6,drift,seed9,56,6.884848484848485
hpmcounter6,drift,seed9,57,6.848484848484849
hpmcounter6,drift,seed9,58,6.739393939393939
hpmcounter6,drift,seed9,59,6.557575757575758
hpmcounter6,drift,seed9,60,6.303030303030303
hpmcounter6,drift,seed9,61,6.218181818181818
hpmcounter6,drift,seed9,62,6.303030303030303
hpmcounter6,drift,seed9,63,6.557575757575758
hpmcounter6,drift,seed9,64,6.739393939393939
hpmcounter6,drift,seed9,65,6.848484848484849
hpmcounter6,drift,seed9,66,6.884848484848485
hpmcounter6,drift,seed9,67,6.848484848484849
hpmcounter6,drift,seed9,68,6.739393939393939
hpmcounter6,drift,seed9,69,6.557575757575758
hpmcounter6,drift,seed9,70,6.303030303030303
hpmcounter6,drift,seed9,71,6.218181818181818
hpmcounter6,drift,seed9,72,6.303030303030303
hpmcounter6,drift,seed9,73,6.557575757575758
hpmcounter6,drift,seed9,74,6.739393939393939
hpmcounter6,drift,seed9,75,6.848484848484849
hpmcounter6,drift,seed9,76,6.884848484848485
hpmcounter6,drift,seed9,77,6.848484848484849
hpmcounter6,drift,seed9,78,6.739393939393939
hpmcounter6,drift,seed9,79,6.557575757575758
hpmcounter6,drift,seed9,80,6.303030303030303
hpmcounter6,drift,seed9,81,6.218181818181818
hpmcounter6,drift,seed9,82,6.303030303030303
hpmcounter6,drift,seed9,83,6.557575757575758
hpmcounter6,drift,seed9,84,6.739393939393939
hpmcounter6,drift,seed9,85,6.848484848484849
hpmcounter6,drift,seed9,86,6.884848484848485
hpmcounter6,drift,seed9,87,6.848484848484849
hpmcounter6,drift,seed9,88,6.739393939393939
hpmcounter6,drift,seed9,89,6.557575757575758
hpmcounter6,drift,seed9,90,6.303030303030303
hpmcounter6,drift,seed9,91,6.218181818181818
hpmcounter6,drift,seed9,92,6.303030303030303
hpmcounter6,drift,seed9,93,6.557575757575758
hpmcounter6,drift,seed9,94,6.739393939393939
hpmcounter6,drift,seed9,95,6.848484848484849
hpmcounter6,drift,seed9,96,6.884848484848485
hpmcounter6,drift,seed9,97,6.848484848484849
hpmcounter6,drift,seed9,98,6.739393939393939
hpmcounter6,drift,seed9,99,6.557575757575758
hpmcounter6,drift,seed9,100,6.303030303030303
hpmcounter6,drift,seed9,101,6.218181818181818
hpmcounter6,drift,seed9,102,6.303030303030303
hpmcounter6,drift,seed9,103,6.557575757575758
hpmcounter6,drift,seed9,104,6.739393939393939
hpmcounter6,drift,seed9,105,6.848484848484849
hpmcounter6,drift,seed9,106,6.884848484848485
hpmcounter6,drift,seed9,107,6.848484848484849
hpmcounter6,drift,seed9,108,6.739393939393939
hpmcounter6,drift,seed9,109,6.557575757575758
hpmcounter6,drift,seed9,110,6.303030303030303
hpmcounter6,drift,seed9,111,6.218181818181818
hpmcounter6,drift,seed9,112,6.303030303030303
hpmcounter6,drift,seed9,113,6.557575757575758
hpmcounter6,drift,seed9,114,6.739393939393939
hpmcounter6,drift,seed9,115,6.848484848484849
hpmcounter6,drift,seed9,116,6.884848484848485
hpmcounter6,drift,seed9,117,6.848484848484849
hpmcounter6,drift,seed9,118,6.739393939393939
hpmcounter6,drift,seed9,119,6.557575757575758
hpmcounter6,drift,seed9,120,6.303030303030303
hpmcounter6,drift,seed9,121,6.218181818181818
hpmcounter6,drift,seed9,122,6.303030303030303
hpmcounter6,drift,seed9,123,6.557575757575758
hpmcounter6,drift,seed9,124,6.739393939393939
hpmcounter6,drift,seed9,125,6.848484848484849
hpmcounter6,drift,seed9,126,6.884848484848485
hpmcounter6,drift,seed9,127,6.848484848484849
hpmcounter6,drift,seed9,128,6.739393939393939
hpmcounter6,drift,seed9,129,6.557575757575758
hpmcounter6,drift,seed9,130,6.303030303030303
hpmcounter6,drift,seed9,131,6.218181818181818
hpmcounter6,drift,seed9,132,6.303030303030303
hpmcounter6,drift,seed9,133,6.557575757575758
hpmcounter6,drift,seed9,134,6.739393939393939
hpmcounter6,drift,seed9,135,6.848484848484849
hpmcounter6,drift,seed9,136,6.884848484848485
hpmcounter6,drift,seed9,137,6.848484848484849
hpmcounter6,drift,seed9,138,6.739393939393939
hpmcounter6,drift,seed9,139,6.557575757575758
hpmcounter6,drift,seed9,140,6.303030303030303
hpmcounter6,drift,seed9,141,6.218181818181818
hpmcounter6,drift,seed9,142,6.303030303030303
hpmcounter6,drift,seed9,143,6.557575757575758
hpmcounter6,drift,seed9,144,6.739393939393939
hpmcounter6,drift,seed9,145,6.848484848484849
hpmcounter6,drift,seed9,146,6.884848484848485
hpmcounter6,drift,seed9,147,6.848484848484849
hpmcounter6,drift,seed9,148,6.739393939393939
hpmcounter6,drift,seed9,149,6.557575757575758
hpmcounter6,drift,seed9,150,6.303030303030303
hpmcounter6,drift,seed9,151,6.218181818181818
hpmcounter6,drift,seed9,152,6.303030303030303
hpmcounter6,drift,seed9,153,6.557575757575758
hpmcounter6,drift,seed9,154,6.739393939393939
hpmcounter6,drift,seed9,155,6.848484848484849
hpmcounter6,drift,seed9,156,6.884848484848485
hpmcounter6,drift,seed9,157,6.848484848484849
hpmcounter6,drift,seed9,158,6.739393939393939
hpmcounter6,drift,seed9,159,6.557575757575758
hpmcounter6,drift,seed9,160,6.303030303030303
hpmcounter6,drift,seed9,161,6.218181818181818
hpmcounter6,drift,seed9,162,6.303030303030303
hpmcounter6,drift,seed9,163,6.557575757575758
hpmcounter6,drift,seed9,164,6.739393939393939
hpmcounter6,drift,seed9,165,6.848484848484849
hpmcounter6,drift,seed9,166,6.884848484848485
hpmcounter6,drift,seed9,167,6.848484848484849
hpmcounter6,drift,seed9,168,6.739393939393939
hpmcounter6,drift,seed9,169,6.557575757575758
hpmcounter6,drift,seed9,170,6.303030303030303
hpmcounter6,drift,seed9,171,6.218181818181818
hpmcounter6,drift,seed9,172,6.303030303030303
hpmcounter6,drift,seed9,173,6.557575757575758
hpmcounter6,drift,seed9,174,6.739393939393939
hpmcounter6,drift,seed9,175,6.848484848484849
hpmcounter6,drift,seed9,176,6.884848484848485
hpmcounter6,drift,seed9,177,6.848484848484849
hpmcounter6,drift,seed9,178,6.739393939393939
hpmcounter6,drift,seed9,179,6.557575757575758
hpmcounter6,drift,seed9,180,6.303030303030303
hpmcounter6,drift,seed9,181,6.218181818181818
hpmcounter6,drift,seed9,182,6.303030303030303
hpmcounter6,drift,seed9,183,6.557575757575758
hpmcounter6,drift,seed9,184,6.739393939393939
hpmcounter6,drift,seed9,185,6.848484848484849
hpmcounter6,drift,seed9,186,6.884848484848485
hpmcounter6,drift,seed9,187,6.848484848484849
hpmcounter6,drift,seed9,188,6.739393939393939
hpmcounter6,drift,seed9,189,6.557575757575758
hpmcounter6,drift,seed9,190,6.303030303030303
hpmcounter6,drift,seed9,191,6.218181818181818
hpmcounter6,drift,seed9,192,6.303030303030303
hpmcounter6,drift,seed9,193,6.557575757575758
hpmcounter6,drift,seed9,194,6.739393939393939
hpmcounter6,drift,seed9,195,6.848484848484849
hpmcounter6,drift,seed9,196,6.884848484848485
hpmcounter6,drift,seed9,197,6.848484848484849
hpmcounter6,drift,seed9,198,6.739393939393939
hpmcounter6,drift,seed9,199,6.557575757575758
hpmcounter6,drift,seed9,200,6.303030303030303
hpmcounter6,drift,seed9,201,6.218181818181818
hpmcounter6,drift,seed9,202,6.303030303030303
hpmcounter6,drift,seed9,203,6.557575757575758
hpmcounter6,drift,seed9,204,6.739393939393939
hpmcounter6,drift,seed9,205,6.848484848484849
hpmcounter6,drift,seed9,206,6.884848484848485
hpmcounter6,drift,seed9,207,6.848484848484849
hpmcounter6,drift,seed9,208,6.739393939393939
hpmcounter6,drift,seed9,209,6.557575757575758
hpmcounter6,drift,seed9,210,6.303030303030303
hpmcounter6,drift,seed9,211,6.218181818181818
hpmcounter6,drift,seed9,212,6.303030303030303
hpmcounter6,drift,seed9,213,6.557575757575758
hpmcounter6,drift,seed9,214,6.739393939393939
hpmcounter6,drift,seed9,215,6.848484848484849
hpmcounter6,drift,seed9,216,6.884848484848485
hpmcounter6,drift,seed9,217,6.848484848484849
hpmcounter6,drift,seed9,218,6.739393939393939
hpmcounter6,drift,seed9,219,6.557575757575758
hpmcounter6,drift,seed9,220,6.303030303030303
hpmcounter6,drift,seed9,221,6.218181818181818
hpmcounter6,drift,seed9,222,6.303030303030303
hpmcounter6,drift,seed9,223,6.557575757575758
hpmcounter6,drift,seed9,224,6.739393939393939
hpmcounter6,drift,seed9,225,6.848484848484849
hpmcounter6,drift,seed9,226,6.884848484848485
hpmcounter6,drift,seed9,227,6.848484848484849
hpmcounter6,drift,seed9,228,6.739393939393939
hpmcounter6,drift,seed9,229,6.557575757575758
hpmcounter6,drift,seed9,230,6.303030303030303
hpmcounter6,drift,seed9,231,6.218181818181818
hpmcounter6,drift,seed9,232,6.303030303030303
hpmcounter6,drift,seed9,233,6.557575757575758
hpmcounter6,drift,seed9,234,6.739393939393939
hpmcounter6,drift,seed9,235,6.848484848484849
hpmcounter6,drift,seed9,236,6.884848484848485
hpmcounter6,drift,seed9,237,6.848484848484849
hpmcounter6,drift,seed9,238,6.739393939393939
hpmcounter6,drift,seed9,239,6.557575757575758
hpmcounter6,drift,seed9,240,6.303030303030303
hpmcounter6,drift,seed9,241,6.218181818181818
hpmcounter6,drift,seed9,242,6.303030303030303
hpmcounter6,drift,seed9,243,6.557575757575758
hpmcounter6,drift,seed9,244,6.739393939393939
hpmcounter6,drift,seed9,245,6.848484848484849
hpmcounter6,drift,seed9,246,6.884848484848485
hpmcounter6,drift,seed9,247,6.848484848484849
hpmcounter6,drift,seed9,248,6.739393939393939
hpmcounter6,drift,seed9,249,6.557575757575758
hpmcounter6,drift,seed9,250,6.303030303030303
hpmcounter6,drift,seed9,251,6.218181818181818
hpmcounter6,drift,seed9,252,6.303030303030303
hpmcounter6,drift,seed9,253,6.557575757575758
hpmcounter6,drift,seed9,254,6.739393939393939
hpmcounter6,drift,seed9,255,6.848484848484849
hpmcounter6,drift,seed9,256,6.884848484848485
hpmcounter6,drift,seed9,257,6.848484848484849
hpmcounter6,drift,seed9,258,6.739393939393939
hpmcounter6,drift,seed9,259,6.557575757575758
hpmcounter6,drift,seed9,260,6.303030303030303
hpmcounter6,drift,seed9,261,6.218181818181818
hpmcounter6,drift,seed9,262,6.303030303030303
hpmcounter6,drift,seed9,263,6.557575757575758
hpmcounter6,drift,seed9,264,6.739393939393939
hpmcounter6,drift,seed9,265,6.848484848484849
hpmcounter6,drift,seed9,266,6.884848484848485
hpmcounter6,drift,seed9,267,6.848484848484849
hpmcounter6,drift,seed9,268,6.739393939393939
hpmcounter6,drift,seed9,269,6.557575757575758
hpmcounter6,drift,seed9,270,6.303030303030303
hpmcounter6,drift,seed9,271,6.218181818181818
hpmcounter6,drift,seed9,272,6.303030303030303
hpmcounter6,drift,seed9,273,6.557575757575758
hpmcounter6,drift,seed9,274,6.739393939393939
hpmcounter6,drift,seed9,275,6.848484848484849
hpmcounter6,drift,seed9,276,6.884848484848485
hpmcounter6,drift,seed9,277,6.848484848484849
hpmcounter6,drift,seed9,278,6.739393939393939
hpmcounter6,drift,seed9,279,6.557575757575758
hpmcounter6,drift,seed9,280,6.303030303030303
hpmcounter6,drift,seed9,281,6.218181818181818
hpmcounter6,drift,seed9,282,6.303030303030303
hpmcounter6,drift,seed9,283,6.557575757575758
hpmcounter6,drift,seed9,284,6.739393939393939
hpmcounter6,drift,seed9,285,6.848484848484849
hpmcounter6,drift,seed9,286,6.884848484848485
hpmcounter6,drift,seed9,287,6.848484848484849
hpmcounter6,drift,seed9,288,6.739393939393939
hpmcounter6,drift,seed9,289,6.557575757575758
hpmcounter6,drift,seed9,290,6.303030303030303
hpmcounter6,drift,seed9,291,6.218181818181818
hpmcounter6,drift,seed9,292,6.303030303030303
hpmcounter6,drift,seed9,293,6.557575757575758
hpmcounter6,drift,seed9,294,6.739393939393939
hpmcounter6,drift,seed9,295,6.848484848484849
hpmcounter6,drift,seed9,296,6.884848484848485
hpmcounter6,drift,seed9,297,6.848484848484849
hpmcounter6,drift,seed9,298,6.739393939393939
hpmcounter6,jump,seed1,9,6.557575757575758
hpmcounter6,jump,seed1,10,6.303030303030303
hpmcounter6,jump,seed1,11,6.218181818181818
hpmcounter6,jump,seed1,12,6.303030303030303
hpmcounter6,jump,seed1,13,6.557575757575758
hpmcounter6,jump,seed1,14,6.739393939393939
hpmcounter6,jump,seed1,15,6.848484848484849
hpmcounter6,jump,seed1,16,6.884848484848485
hpmcounter6,jump,seed1,17,6.848484848484849
hpmcounter6,jump,seed1,18,6.739393939393939
hpmcounter6,jump,seed1,19,6.557575757575758
hpmcounter6,jump,seed1,20,6.303030303030303
hpmcounter6,jump,seed1,21,6.218181818181818
hpmcounter6,jump,seed1,22,6.303030303030303
hpmcounter6,jump,seed1,23,6.557575757575758
hpmcounter6,jump,seed1,24,6.739393939393939
hpmcounter6,jump,seed1,25,6.848484848484849
hpmcounter6,jump,seed1,26,6.884848484848485
hpmcounter6,jump,seed1,27,6.848484848484849
hpmcounter6,jump,seed1,28,6.739393939393939
hpmcounter6,jump,seed1,29,6.557575757575758
hpmcounter6,jump,seed1,30,6.303030303030303
hpmcounter6,jump,seed1,31,6.218181818181818
hpmcounter6,jump,seed1,32,6.303030303030303
hpmcounter6,jump,seed1,33,6.557575757575758
hpmcounter6,jump,seed1,34,6.739393939393939
hpmcounter6,jump,seed1,35,6.848484848484849
hpmcounter6,jump,seed1,36,6.884848484848485
hpmcounter6,jump,seed1,37,6.848484848484849
hpmcounter6,jump,seed1,38,6.739393939393939
hpmcounter6,jump,seed1,39,6.557575757575758
hpmcounter6,jump,seed1,40,6.303030303030303
hpmcounter6,jump,seed1,41,6.218181818181818
hpmcounter6,jump,seed1,42,6.303030303030303
hpmcounter6,jump,seed1,43,6.557575757575758
hpmcounter6,jump,seed1,44,6.739393939393939
hpmcounter6,jump,seed1,45,6.848484848484849
hpmcounter6,jump,seed1,46,6.884848484848485
hpmcounter6,jump,seed1,47,6.848484848484849
hpmcounter6,jump,seed1,48,6.739393939393939
hpmcounter6,jump,seed1,49,6.557575757575758
hpmcounter6,jump,seed1,50,6.303030303030303
hpmcounter6,jump,seed1,51,6.218181818181818
hpmcounter6,jump,seed1,52,6.303030303030303
hpmcounter6,jump,seed1,53,6.557575757575758
hpmcounter6,jump,seed1,54,6.739393939393939
hpmcounter6,jump,seed1,55,6.848484848484849
hpmcounter6,jump,seed1,56,6.884848484848485
hpmcounter6,jump,seed1,57,6.848484848484849
hpmcounter6,jump,seed1,58,6.739393939393939
hpmcounter6,jump,seed1,59,6.557575757575758
hpmcounter6,jump,seed1,60,6.303030303030303
hpmcounter6,jump,seed1,61,6.218181818181818
hpmcounter6,jump,seed1,62,6.303030303030303
hpmcounter6,jump,seed1,63,6.557575757575758
hpmcounter6,jump,seed1,64,6.739393939393939
hpmcounter6,jump,seed1,65,6.848484848484849
hpmcounter6,jump,seed1,66,6.884848484848485
hpmcounter6,jump,seed1,67,6.848484848484849
hpmcounter6,jump,seed1,68,6.739393939393939
hpmcounter6,jump,seed1,69,6.557575757575758
hpmcounter6,jump,seed1,70,6.303030303030303
hpmcounter6,jump,seed1,71,6.218181818181818
hpmcounter6,jump,seed1,72,6.303030303030303
hpmcounter6,jump,seed1,73,6.557575757575758
hpmcounter6,jump,seed1,74,6.739393939393939
hpmcounter6,jump,seed1,75,6.848484848484849
hpmcounter6,jump,seed1,76,6.884848484848485
hpmcounter6,jump,seed1,77,6.848484848484849
hpmcounter6,jump,seed1,78,6.739393939393939
hpmcounter6,jump,seed1,79,6.557575757575758
hpmcounter6,jump,seed1,80,6.303030303030303
hpmcounter6,jump,seed1,81,6.218181818181818
hpmcounter6,jump,seed1,82,6.303030303030303
hpmcounter6,jump,seed1,83,6.557575757575758
hpmcounter6,jump,seed1,84,6.739393939393939
hpmcounter6,jump,seed1,85,6.848484848484849
hpmcounter6,jump,seed1,86,6.884848484848485
hpmcounter6,jump,seed1,87,6.848484848484849
hpmcounter6,jump,seed1,88,6.739393939393939
hpmcounter6,jump,seed1,89,6.557575757575758
hpmcounter6,jump,seed1,90,6.303030303030303
hpmcounter6,jump,seed1,91,6.218181818181818
hpmcounter6,jump,seed1,92,6.303030303030303
hpmcounter6,jump,seed1,93,6.557575757575758
hpmcounter6,jump,seed1,94,6.739393939393939
hpmcounter6,jump,seed1,95,6.848484848484849
hpmcounter6,jump,seed1,96,6.884848484848485
hpmcounter6,jump,seed1,97,6.848484848484849
hpmcounter6,jump,seed1,98,6.739393939393939
hpmcounter6,jump,seed1,99,6.557575757575758
hpmcounter6,jump,seed1,100,6.303030303030303
hpmcounter6,jump,seed1,101,6.218181818181818
hpmcounter6,jump,seed1,102,6.303030303030303
hpmcounter6,jump,seed1,103,6.557575757575758
hpmcounter6,jump,seed1,104,6.739393939393939
hpmcounter6,jump,seed1,105,6.848484848484849
hpmcounter6,jump,seed1,106,6.884848484848485
hpmcounter6,jump,seed1,107,6.848484848484849
hpmcounter6,jump,seed1,108,6.739393939393939
hpmcounter6,jump,seed1,109,6.557575757575758
hpmcounter6,jump,seed1,110,6.303030303030303
hpmcounter6,jump,seed1,111,6.218181818181818
hpmcounter6,jump,seed1,112,6.303030303030303
hpmcounter6,jump,seed1,113,6.557575757575758
hpmcounter6,jump,seed1,114,6.739393939393939
hpmcounter6,jump,seed1,115,6.848484848484849
hpmcounter6,jump,seed1,116,6.884848484848485
hpmcounter6,jump,seed1,117,6.848484848484849
hpmcounter6,jump,seed1,118,6.739393939393939
hpmcounter6,jump,seed1,119,6.557575757575758
hpmcounter6,jump,seed1,120,6.303030303030303
hpmcounter6,jump,seed1,121,6.218181818181818
hpmcounter6,jump,seed1,122,6.303030303030303
hpmcounter6,jump,seed1,123,6.557575757575758
hpmcounter6,jump,seed1,124,6.739393939393939
hpmcounter6,jump,seed1,125,6.848484848484849
hpmcounter6,jump,seed1,126,6.884848484848485
hpmcounter6,jump,seed1,127,6.848484848484849
hpmcounter6,jump,seed1,128,6.739393939393939
hpmcounter6,jump,seed1,129,6.557575757575758
hpmcounter6,jump,seed1,130,6.303030303030303
hpmcounter6,jump,seed1,131,6.218181818181818
hpmcounter6,jump,seed1,132,6.303030303030303
hpmcounter6,jump,seed1,133,6.557575757575758
hpmcounter6,jump,seed1,134,6.739393939393939
hpmcounter6,jump,seed1,135,6.848484848484849
hpmcounter6,jump,seed1,136,6.884848484848485
hpmcounter6,jump,seed1,137,6.848484848484849
hpmcounter6,jump,seed1,138,6.739393939393939
hpmcounter6,jump,seed1,139,6.557575757575758
hpmcounter6,jump,seed1,140,6.303030303030303
hpmcounter6,jump,seed1,141,6.218181818181818
hpmcounter6,jump,seed1,142,6.303030303030303
hpmcounter6,jump,seed1,143,6.557575757575758
hpmcounter6,jump,seed1,144,6.739393939393939
hpmcounter6,jump,seed1,145,6.848484848484849
hpmcounter6,jump,seed1,146,6.884848484848485
hpmcounter6,jump,seed1,147,6.848484848484849
hpmcounter6,jump,seed1,148,6.739393939393939
hpmcounter6,jump,seed1,149,6.557575757575758
hpmcounter6,jump,seed1,150,6.303030303030303
hpmcounter6,jump,seed1,151,6.218181818181818
hpmcounter6,jump,seed1,152,6.303030303030303
hpmcounter6,jump,seed1,153,6.557575757575758
hpmcounter6,jump,seed1,154,6.739393939393939
hpmcounter6,jump,seed1,155,6.848484848484849
hpmcounter6,jump,seed1,156,6.884848484848485
hpmcounter6,jump,seed1,157,6.848484848484849
hpmcounter6,jump,seed1,158,6.739393939393939
hpmcounter6,jump,seed1,159,6.557575757575758
hpmcounter6,jump,seed1,160,6.303030303030303
hpmcounter6,jump,seed1,161,6.218181818181818
hpmcounter6,jump,seed1,162,6.303030303030303
hpmcounter6,jump,seed1,163,6.557575757575758
hpmcounter6,jump,seed1,164,6.739393939393939
hpmcounter6,jump,seed1,165,6.848484848484849
hpmcounter6,jump,seed1,166,6.884848484848485
hpmcounter6,jump,seed1,167,6.848484848484849
hpmcounter6,jump,seed1,168,6.739393939393939
hpmcounter6,jump,seed1,169,6.557575757575758
hpmcounter6,jump,seed1,170,6.303030303030303
hpmcounter6,jump,seed1,171,6.218181818181818
hpmcounter6,jump,seed1,172,6.303030303030303
hpmcounter6,jump,seed1,173,6.557575757575758
hpmcounter6,jump,seed1,174,6.739393939393939
hpmcounter6,jump,seed1,175,6.848484848484849
hpmcounter6,jump,seed1,176,6.884848484848485
hpmcounter6,jump,seed1,177,6.848484848484849
hpmcounter6,jump,seed1,178,6.739393939393939
hpmcounter6,jump,seed1,179,6.557575757575758
hpmcounter6,jump,seed1,180,6.303030303030303
hpmcounter6,jump,seed1,181,6.218181818181818
hpmcounter6,jump,seed1,182,6.303030303030303
hpmcounter6,jump,seed1,183,6.557575757575758
hpmcounter6,jump,seed1,184,6.739393939393939
hpmcounter6,jump,seed1,185,6.848484848484849
hpmcounter6,jump,seed1,186,6.884848484848485
hpmcounter6,jump,seed1,187,6.848484848484849
hpmcounter6,jump,seed1,188,6.739393939393939
hpmcounter6,jump,seed1,189,6.557575757575758
hpmcounter6,jump,seed1,190,6.303030303030303
hpmcounter6,jump,seed1,191,6.218181818181818
hpmcounter6,jump,seed1,192,6.303030303030303
hpmcounter6,jump,seed1,193,6.557575757575758
hpmcounter6,jump,seed1,194,6.739393939393939
hpmcounter6,jump,seed1,195,6.848484848484849
hpmcounter6,jump,seed1,196,6.884848484848485
hpmcounter6,jump,seed1,197,6.848484848484849
hpmcounter6,jump,seed1,198,6.739393939393939
hpmcounter6,jump,seed1,199,6.557575757575758
hpmcounter6,jump,seed1,200,6.303030303030303
hpmcounter6,jump,seed1,201,6.218181818181818
hpmcounter6,jump,seed1,202,6.303030303030303
hpmcounter6,jump,seed1,203,6.557575757575758
hpmcounter6,jump,seed1,204,6.739393939393939
hpmcounter6,jump,seed1,205,6.848484848484849
hpmcounter6,jump,seed1,206,6.884848484848485
hpmcounter6,jump,seed1,207,6.848484848484849
hpmcounter6,jump,seed1,208,6.739393939393939
hpmcounter6,jump,seed1,209,6.557575757575758
hpmcounter6,jump,seed1,210,6.303030303030303
hpmcounter6,jump,seed1,211,6.218181818181818
hpmcounter6,jump,seed1,212,6.303030303030303
hpmcounter6,jump,seed1,213,6.557575757575758
hpmcounter6,jump,seed1,214,6.739393939393939
hpmcounter6,jump,seed1,215,6.848484848484849
hpmcounter6,jump,seed1,216,6.884848484848485
hpmcounter6,jump,seed1,217,6.848484848484849
hpmcounter6,jump,seed1,218,6.739393939393939
hpmcounter6,jump,seed1,219,6.557575757575758
hpmcounter6,jump,seed1,220,6.303030303030303
hpmcounter6,jump,seed1,221,6.218181818181818
hpmcounter6,jump,seed1,222,6.303030303030303
hpmcounter6,jump,seed1,223,6.557575757575758
hpmcounter6,jump,seed1,224,6.739393939393939
hpmcounter6,jump,seed1,225,6.848484848484849
hpmcounter6,jump,seed1,226,6.884848484848485
hpmcounter6,jump,seed1,227,6.848484848484849
hpmcounter6,jump,seed1,228,6.739393939393939
hpmcounter6,jump,seed1,229,6.557575757575758
hpmcounter6,jump,seed1,230,6.303030303030303
hpmcounter6,jump,seed1,231,6.218181818181818
hpmcounter6,jump,seed1,232,6.303030303030303
hpmcounter6,jump,seed1,233,6.557575757575758
hpmcounter6,jump,seed1,234,6.739393939393939
hpmcounter6,jump,seed1,235,6.848484848484849
hpmcounter6,jump,seed1,236,6.884848484848485
hpmcounter6,jump,seed1,237,6.848484848484849
hpmcounter6,jump,seed1,238,6.739393939393939
hpmcounter6,jump,seed1,239,6.557575757575758
hpmcounter6,jump,seed1,240,6.303030303030303
hpmcounter6,jump,seed1,241,6.218181818181818
hpmcounter6,jump,seed1,242,6.303030303030303
hpmcounter6,jump,seed1,243,6.557575757575758
hpmcounter6,jump,seed1,244,6.739393939393939
hpmcounter6,jump,seed1,245,6.848484848484849
hpmcounter6,jump,seed1,246,6.884848484848485
hpmcounter6,jump,seed1,247,6.848484848484849
hpmcounter6,jump,seed1,248,6.739393939393939
hpmcounter6,jump,seed1,249,6.557575757575758
hpmcounter6,jump,seed1,250,6.303030303030303
hpmcounter6,jump,seed1,251,6.218181818181818
hpmcounter6,jump,seed1,252,6.303030303030303
hpmcounter6,jump,seed1,253,6.557575757575758
hpmcounter6,jump,seed1,254,6.739393939393939
hpmcounter6,jump,seed1,255,6.848484848484849
hpmcounter6,jump,seed1,256,6.884848484848485
hpmcounter6,jump,seed1,257,6.848484848484849
hpmcounter6,jump,seed1,258,6.739393939393939
hpmcounter6,jump,seed1,259,6.557575757575758
hpmcounter6,jump,seed1,260,6.303030303030303
hpmcounter6,jump,seed1,261,6.218181818181818
hpmcounter6,jump,seed1,262,6.303030303030303
hpmcounter6,jump,seed1,263,6.557575757575758
hpmcounter6,jump,seed1,264,6.739393939393939
hpmcounter6,jump,seed1,265,6.848484848484849
hpmcounter6,jump,seed1,266,6.884848484848485
hpmcounter6,jump,seed1,267,6.848484848484849
hpmcounter6,jump,seed1,268,6.739393939393939
hpmcounter6,jump,seed1,269,6.557575757575758
hpmcounter6,jump,seed1,270,6.303030303030303
hpmcounter6,jump,seed1,271,6.218181818181818
hpmcounter6,jump,seed1,272,6.303030303030303
hpmcounter6,jump,seed1,273,6.557575757575758
hpmcounter6,jump,seed1,274,6.739393939393939
hpmcounter6,jump,seed1,275,6.848484848484849
hpmcounter6,jump,seed1,276,6.884848484848485
hpmcounter6,jump,seed1,277,6.848484848484849
hpmcounter6,jump,seed1,278,6.739393939393939
hpmcounter6,jump,seed1,279,6.557575757575758
hpmcounter6,jump,seed1,280,6.303030303030303
hpmcounter6,jump,seed1,281,6.218181818181818
hpmcounter6,jump,seed1,282,6.303030303030303
hpmcounter6,jump,seed1,283,6.557575757575758
hpmcounter6,jump,seed1,284,6.739393939393939
hpmcounter6,jump,seed1,285,6.848484848484849
hpmcounter6,jump,seed1,286,6.884848484848485
hpmcounter6,jump,seed1,287,6.848484848484849
hpmcounter6,jump,seed1,288,6.739393939393939
hpmcounter6,jump,seed1,289,6.557575757575758
hpmcounter6,jump,seed1,290,6.303030303030303
hpmcounter6,jump,seed1,291,6.218181818181818
hpmcounter6,jump,seed1,292,6.303030303030303
hpmcounter6,jump,seed1,293,6.557575757575758
hpmcounter6,jump,seed1,294,6.739393939393939
hpmcounter6,jump,seed1,295,6.848484848484849
hpmcounter6,jump,seed1,296,6.884848484848485
hpmcounter6,jump,seed1,297,6.848484848484849
hpmcounter6,jump,seed1,298,6.739393939393939
hpmcounter6,jump,seed10,9,6.557575757575758
hpmcounter6,jump,seed10,10,6.303030303030303
hpmcounter6,jump,seed10,11,6.218181818181818
hpmcounter6,jump,seed10,12,6.303030303030303
hpmcounter6,jump,seed10,13,6.557575757575758
hpmcounter6,jump,seed10,14,6.739393939393939
hpmcounter6,jump,seed10,15,6.848484848484849
hpmcounter6,jump,seed10,16,6.884848484848485
hpmcounter6,jump,seed10,17,6.848484848484849
hpmcounter6,jump,seed10,18,6.739393939393939
hpmcounter6,jump,seed10,19,6.557575757575758
hpmcounter6,jump,seed10,20,6.303030303030303
hpmcounter6,jump,seed10,21,6.218181818181818
hpmcounter6,jump,seed10,22,6.303030303030303
hpmcounter6,jump,seed10,23,6.557575757575758
hpmcounter6,jump,seed10,24,6.739393939393939
hpmcounter6,jump,seed10,25,6.848484848484849
hpmcounter6,jump,seed10,26,6.884848484848485
hpmcounter6,jump,seed10,27,6.848484848484849
hpmcounter6,jump,seed10,28,6.739393939393939
hpmcounter6,jump,seed10,29,6.557575757575758
hpmcounter6,jump,seed10,30,6.303030303030303
hpmcounter6,jump,seed10,31,6.218181818181818
hpmcounter6,jump,seed10,32,6.303030303030303
hpmcounter6,jump,seed10,33,6.557575757575758
hpmcounter6,jump,seed10,34,6.739393939393939
hpmcounter6,jump,seed10,35,6.848484848484849
hpmcounter6,jump,seed10,36,6.884848484848485
hpmcounter6,jump,seed10,37,6.848484848484849
hpmcounter6,jump,seed10,38,6.739393939393939
hpmcounter6,jump,seed10,39,6.557575757575758
hpmcounter6,jump,seed10,40,6.303030303030303
hpmcounter6,jump,seed10,41,6.218181818181818
hpmcounter6,jump,seed10,42,6.303030303030303
hpmcounter6,jump,seed10,43,6.557575757575758
hpmcounter6,jump,seed10,44,6.739393939393939
hpmcounter6,jump,seed10,45,6.848484848484849
hpmcounter6,jump,seed10,46,6.884848484848485
hpmcounter6,jump,seed10,47,6.848484848484849
hpmcounter6,jump,seed10,48,6.739393939393939
hpmcounter6,jump,seed10,49,6.557575757575758
hpmcounter6,jump,seed10,50,6.303030303030303
hpmcounter6,jump,seed10,51,6.218181818181818
hpmcounter6,jump,seed10,52,6.303030303030303
hpmcounter6,jump,seed10,53,6.557575757575758
hpmcounter6,jump,seed10,54,6.739393939393939
hpmcounter6,jump,seed10,55,6.848484848484849
hpmcounter6,jump,seed10,56,6.884848484848485
hpmcounter6,jump,seed10,57,6.848484848484849
hpmcounter6,jump,seed10,58,6.739393939393939
hpmcounter6,jump,seed10,59,6.557575757575758
hpmcounter6,jump,seed10,60,6.303030303030303
hpmcounter6,jump,seed10,61,6.218181818181818
hpmcounter6,jump,seed10,62,6.303030303030303
hpmcounter6,jump,seed10,63,6.557575757575758
hpmcounter6,jump,seed10,64,6.739393939393939
hpmcounter6,jump,seed10,65,6.848484848484849
hpmcounter6,jump,seed10,66,6.884848484848485
hpmcounter6,jump,seed10,67,6.848484848484849
hpmcounter6,jump,seed10,68,6.739393939393939
hpmcounter6,jump,seed10,69,6.557575757575758
hpmcounter6,jump,seed10,70,6.303030303030303
hpmcounter6,jump,seed10,71,6.218181818181818
hpmcounter6,jump,seed10,72,6.303030303030303
hpmcounter6,jump,seed10,73,6.557575757575758
hpmcounter6,jump,seed10,74,6.739393939393939
hpmcounter6,jump,seed10,75,6.848484848484849
hpmcounter6,jump,seed10,76,6.884848484848485
hpmcounter6,jump,seed10,77,6.848484848484849
hpmcounter6,jump,seed10,78,6.739393939393939
hpmcounter6,jump,seed10,79,6.557575757575758
hpmcounter6,jump,seed10,80,6.303030303030303
hpmcounter6,jump,seed10,81,6.218181818181818
hpmcounter6,jump,seed10,82,6.303030303030303
hpmcounter6,jump,seed10,83,6.557575757575758
hpmcounter6,jump,seed10,84,6.739393939393939
hpmcounter6,jump,seed10,85,6.848484848484849
hpmcounter6,jump,seed10,86,6.884848484848485
hpmcounter6,jump,seed10,87,6.848484848484849
hpmcounter6,jump,seed10,88,6.739393939393939
hpmcounter6,jump,seed10,89,6.557575757575758
hpmcounter6,jump,seed10,90,6.303030303030303
hpmcounter6,jump,seed10,91,6.218181818181818
hpmcounter6,jump,seed10,92,6.303030303030303
hpmcounter6,jump,seed10,93,6.557575757575758
hpmcounter6,jump,seed10,94,6.739393939393939
hpmcounter6,jump,seed10,95,6.848484848484849
hpmcounter6,jump,seed10,96,6.884848484848485
hpmcounter6,jump,seed10,97,6.848484848484849
hpmcounter6,jump,seed10,98,6.739393939393939
hpmcounter6,jump,seed10,99,6.557575757575758
hpmcounter6,jump,seed10,100,6.303030303030303
hpmcounter6,jump,seed10,101,6.218181818181818
hpmcounter6,jump,seed10,102,6.303030303030303
hpmcounter6,jump,seed10,103,6.557575757575758
hpmcounter6,jump,seed10,104,6.739393939393939
hpmcounter6,jump,seed10,105,6.848484848484849
hpmcounter6,jump,seed10,106,6.884848484848485
hpmcounter6,jump,seed10,107,6.848484848484849
hpmcounter6,jump,seed10,108,6.739393939393939
hpmcounter6,jump,seed10,109,6.557575757575758
hpmcounter6,jump,seed10,110,6.303030303030303
hpmcounter6,jump,seed10,111,6.218181818181818
hpmcounter6,jump,seed10,112,6.303030303030303
hpmcounter6,jump,seed10,113,6.557575757575758
hpmcounter6,jump,seed10,114,6.739393939393939
hpmcounter6,jump,seed10,115,6.848484848484849
hpmcounter6,jump,seed10,116,6.884848484848485
hpmcounter6,jump,seed10,117,6.848484848484849
hpmcounter6,jump,seed10,118,6.739393939393939
hpmcounter6,jump,seed10,119,6.557575757575758
hpmcounter6,jump,seed10,120,6.303030303030303
hpmcounter6,jump,seed10,121,6.218181818181818
hpmcounter6,jump,seed10,122,6.303030303030303
hpmcounter6,jump,seed10,123,6.557575757575758
hpmcounter6,jump,seed10,124,6.739393939393939
hpmcounter6,jump,seed10,125,6.848484848484849
hpmcounter6,jump,seed10,126,6.884848484848485
hpmcounter6,jump,seed10,127,6.848484848484849
hpmcounter6,jump,seed10,128,6.739393939393939
hpmcounter6,jump,seed10,129,6.557575757575758
hpmcounter6,jump,seed10,130,6.303030303030303
hpmcounter6,jump,seed10,131,6.218181818181818
hpmcounter6,jump,seed10,132,6.303030303030303
hpmcounter6,jump,seed10,133,6.557575757575758
hpmcounter6,jump,seed10,134,6.739393939393939
hpmcounter6,jump,seed10,135,6.848484848484849
hpmcounter6,jump,seed10,136,6.884848484848485
hpmcounter6,jump,seed10,137,6.848484848484849
hpmcounter6,jump,seed10,138,6.739393939393939
hpmcounter6,jump,seed10,139,6.557575757575758
hpmcounter6,jump,seed10,140,6.303030303030303
hpmcounter6,jump,seed10,141,6.218181818181818
hpmcounter6,jump,seed10,142,6.303030303030303
hpmcounter6,jump,seed10,143,6.557575757575758
hpmcounter6,jump,seed10,144,6.739393939393939
hpmcounter6,jump,seed10,145,6.848484848484849
hpmcounter6,jump,seed10,146,6.884848484848485
hpmcounter6,jump,seed10,147,6.848484848484849
hpmcounter6,jump,seed10,148,6.739393939393939
hpmcounter6,jump,seed10,149,6.557575757575758
hpmcounter6,jump,seed10,150,6.303030303030303
hpmcounter6,jump,seed10,151,6.218181818181818
hpmcounter6,jump,seed10,152,6.303030303030303
hpmcounter6,jump,seed10,153,6.557575757575758
hpmcounter6,jump,seed10,154,6.739393939393939
hpmcounter6,jump,seed10,155,6.848484848484849
hpmcounter6,jump,seed10,156,6.884848484848485
hpmcounter6,jump,seed10,157,6.848484848484849
hpmcounter6,jump,seed10,158,6.739393939393939
hpmcounter6,jump,seed10,159,6.557575757575758
hpmcounter6,jump,seed10,160,6.303030303030303
hpmcounter6,jump,seed10,161,6.218181818181818
hpmcounter6,jump,seed10,162,6.303030303030303
hpmcounter6,jump,seed10,163,6.557575757575758
hpmcounter6,jump,seed10,164,6.739393939393939
hpmcounter6,jump,seed10,165,6.848484848484849
hpmcounter6,jump,seed10,166,6.884848484848485
hpmcounter6,jump,seed10,167,6.848484848484849
hpmcounter6,jump,seed10,168,6.739393939393939
hpmcounter6,jump,seed10,169,6.557575757575758
hpmcounter6,jump,seed10,170,6.303030303030303
hpmcounter6,jump,seed10,171,6.218181818181818
hpmcounter6,jump,seed10,172,6.303030303030303
hpmcounter6,jump,seed10,173,6.557575757575758
hpmcounter6,jump,seed10,174,6.739393939393939
hpmcounter6,jump,seed10,175,6.848484848484849
hpmcounter6,jump,seed10,176,6.884848484848485
hpmcounter6,jump,seed10,177,6.848484848484849
hpmcounter6,jump,seed10,178,6.739393939393939
hpmcounter6,jump,seed10,179,6.557575757575758
hpmcounter6,jump,seed10,180,6.303030303030303
hpmcounter6,jump,seed10,181,6.218181818181818
hpmcounter6,jump,seed10,182,6.303030303030303
hpmcounter6,jump,seed10,183,6.557575757575758
hpmcounter6,jump,seed10,184,6.739393939393939
hpmcounter6,jump,seed10,185,6.848484848484849
hpmcounter6,jump,seed10,186,6.884848484848485
hpmcounter6,jump,seed10,187,6.848484848484849
hpmcounter6,jump,seed10,188,6.739393939393939
hpmcounter6,jump,seed10,189,6.557575757575758
hpmcounter6,jump,seed10,190,6.303030303030303
hpmcounter6,jump,seed10,191,6.218181818181818
hpmcounter6,jump,seed10,192,6.303030303030303
hpmcounter6,jump,seed10,193,6.557575757575758
hpmcounter6,jump,seed10,194,6.739393939393939
hpmcounter6,jump,seed10,195,6.848484848484849
hpmcounter6,jump,seed10,196,6.884848484848485
hpmcounter6,jump,seed10,197,6.848484848484849
hpmcounter6,jump,seed10,198,6.739393939393939
hpmcounter6,jump,seed10,199,6.557575757575758
hpmcounter6,jump,seed10,200,6.303030303030303
hpmcounter6,jump,seed10,201,6.218181818181818
hpmcounter6,jump,seed10,202,6.303030303030303
hpmcounter6,jump,seed10,203,6.557575757575758
hpmcounter6,jump,seed10,204,6.739393939393939
hpmcounter6,jump,seed10,205,6.848484848484849
hpmcounter6,jump,seed10,206,6.884848484848485
hpmcounter6,jump,seed10,207,6.848484848484849
hpmcounter6,jump,seed10,208,6.739393939393939
hpmcounter6,jump,seed10,209,6.557575757575758
hpmcounter6,jump,seed10,210,6.303030303030303
hpmcounter6,jump,seed10,211,6.218181818181818
hpmcounter6,jump,seed10,212,6.303030303030303
hpmcounter6,jump,seed10,213,6.557575757575758
hpmcounter6,jump,seed10,214,6.739393939393939
hpmcounter6,jump,seed10,215,6.848484848484849
hpmcounter6,jump,seed10,216,6.884848484848485
hpmcounter6,jump,seed10,217,6.848484848484849
hpmcounter6,jump,seed10,218,6.739393939393939
hpmcounter6,jump,seed10,219,6.557575757575758
hpmcounter6,jump,seed10,220,6.303030303030303
hpmcounter6,jump,seed10,221,6.218181818181818
hpmcounter6,jump,seed10,222,6.303030303030303
hpmcounter6,jump,seed10,223,6.557575757575758
hpmcounter6,jump,seed10,224,6.739393939393939
hpmcounter6,jump,seed10,225,6.848484848484849
hpmcounter6,jump,seed10,226,6.884848484848485
hpmcounter6,jump,seed10,227,6.848484848484849
hpmcounter6,jump,seed10,228,6.739393939393939
hpmcounter6,jump,seed10,229,6.557575757575758
hpmcounter6,jump,seed10,230,6.303030303030303
hpmcounter6,jump,seed10,231,6.218181818181818
hpmcounter6,jump,seed10,232,6.303030303030303
hpmcounter6,jump,seed10,233,6.557575757575758
hpmcounter6,jump,seed10,234,6.739393939393939
hpmcounter6,jump,seed10,235,6.848484848484849
hpmcounter6,jump,seed10,236,6.884848484848485
hpmcounter6,jump,seed10,237,6.848484848484849
hpmcounter6,jump,seed10,238,6.739393939393939
hpmcounter6,jump,seed10,239,6.557575757575758
hpmcounter6,jump,seed10,240,6.303030303030303
hpmcounter6,jump,seed10,241,6.218181818181818
hpmcounter6,jump,seed10,242,6.303030303030303
hpmcounter6,jump,seed10,243,6.557575757575758
hpmcounter6,jump,seed10,244,6.739393939393939
hpmcounter6,jump,seed10,245,6.848484848484849
hpmcounter6,jump,seed10,246,6.884848484848485
hpmcounter6,jump,seed10,247,6.848484848484849
hpmcounter6,jump,seed10,248,6.739393939393939
hpmcounter6,jump,seed10,249,6.557575757575758
hpmcounter6,jump,seed10,250,6.303030303030303
hpmcounter6,jump,seed10,251,6.218181818181818
hpmcounter6,jump,seed10,252,6.303030303030303
hpmcounter6,jump,seed10,253,6.557575757575758
hpmcounter6,jump,seed10,254,6.739393939393939
hpmcounter6,jump,seed10,255,6.848484848484849
hpmcounter6,jump,seed10,256,6.884848484848485
hpmcounter6,jump,seed10,257,6.848484848484849
hpmcounter6,jump,seed10,258,6.739393939393939
hpmcounter6,jump,seed10,259,6.557575757575758
hpmcounter6,jump,seed10,260,6.303030303030303
hpmcounter6,jump,seed10,261,6.218181818181818
hpmcounter6,jump,seed10,262,6.303030303030303
hpmcounter6,jump,seed10,263,6.557575757575758
hpmcounter6,jump,seed10,264,6.739393939393939
hpmcounter6,jump,seed10,265,6.848484848484849
hpmcounter6,jump,seed10,266,6.884848484848485
hpmcounter6,jump,seed10,267,6.848484848484849
hpmcounter6,jump,seed10,268,6.739393939393939
hpmcounter6,jump,seed10,269,6.557575757575758
hpmcounter6,jump,seed10,270,6.303030303030303
hpmcounter6,jump,seed10,271,6.218181818181818
hpmcounter6,jump,seed10,272,6.303030303030303
hpmcounter6,jump,seed10,273,6.557575757575758
hpmcounter6,jump,seed10,274,6.739393939393939
hpmcounter6,jump,seed10,275,6.848484848484849
hpmcounter6,jump,seed10,276,6.884848484848485
hpmcounter6,jump,seed10,277,6.848484848484849
hpmcounter6,jump,seed10,278,6.739393939393939
hpmcounter6,jump,seed10,279,6.557575757575758
hpmcounter6,jump,seed10,280,6.303030303030303
hpmcounter6,jump,seed10,281,6.218181818181818
hpmcounter6,jump,seed10,282,6.303030303030303
hpmcounter6,jump,seed10,283,6.557575757575758
hpmcounter6,jump,seed10,284,6.739393939393939
hpmcounter6,jump,seed10,285,6.848484848484849
hpmcounter6,jump,seed10,286,6.884848484848485
hpmcounter6,jump,seed10,287,6.848484848484849
hpmcounter6,jump,seed10,288,6.739393939393939
hpmcounter6,jump,seed10,289,6.557575757575758
hpmcounter6,jump,seed10,290,6.303030303030303
hpmcounter6,jump,seed10,291,6.218181818181818
hpmcounter6,jump,seed10,292,6.303030303030303
hpmcounter6,jump,seed10,293,6.557575757575758
hpmcounter6,jump,seed10,294,6.739393939393939
hpmcounter6,jump,seed10,295,6.848484848484849
hpmcounter6,jump,seed10,296,6.884848484848485
hpmcounter6,jump,seed10,297,6.848484848484849
hpmcounter6,jump,seed10,298,6.739393939393939
hpmcounter6,jump,seed11,9,6.557575757575758
hpmcounter6,jump,seed11,10,6.303030303030303
hpmcounter6,jump,seed11,11,6.218181818181818
hpmcounter6,jump,seed11,12,6.303030303030303
hpmcounter6,jump,seed11,13,6.557575757575758
hpmcounter6,jump,seed11,14,6.739393939393939
hpmcounter6,jump,seed11,15,6.848484848484849
hpmcounter6,jump,seed11,16,6.884848484848485
hpmcounter6,jump,seed11,17,6.848484848484849
hpmcounter6,jump,seed11,18,6.739393939393939
hpmcounter6,jump,seed11,19,6.557575757575758
hpmcounter6,jump,seed11,20,6.303030303030303
hpmcounter6,jump,seed11,21,6.218181818181818
hpmcounter6,jump,seed11,22,6.303030303030303
hpmcounter6,jump,seed11,23,6.557575757575758
hpmcounter6,jump,seed11,24,6.739393939393939
hpmcounter6,jump,seed11,25,6.848484848484849
hpmcounter6,jump,seed11,26,6.884848484848485
hpmcounter6,jump,seed11,27,6.848484848484849
hpmcounter6,jump,seed11,28,6.739393939393939
hpmcounter6,jump,seed11,29,6.557575757575758
hpmcounter6,jump,seed11,30,6.303030303030303
hpmcounter6,jump,seed11,31,6.218181818181818
hpmcounter6,jump,seed11,32,6.303030303030303
hpmcounter6,jump,seed11,33,6.557575757575758
hpmcounter6,jump,seed11,34,6.739393939393939
hpmcounter6,jump,seed11,35,6.848484848484849
hpmcounter6,jump,seed11,36,6.884848484848485
hpmcounter6,jump,seed11,37,6.848484848484849
hpmcounter6,jump,seed11,38,6.739393939393939
hpmcounter6,jump,seed11,39,6.557575757575758
hpmcounter6,jump,seed11,40,6.303030303030303
hpmcounter6,jump,seed11,41,6.218181818181818
hpmcounter6,jump,seed11,42,6.303030303030303
hpmcounter6,jump,seed11,43,6.557575757575758
hpmcounter6,jump,seed11,44,6.739393939393939
hpmcounter6,jump,seed11,45,6.848484848484849
hpmcounter6,jump,seed11,46,6.884848484848485
hpmcounter6,jump,seed11,47,6.848484848484849
hpmcounter6,jump,seed11,48,6.739393939393939
hpmcounter6,jump,seed11,49,6.557575757575758
hpmcounter6,jump,seed11,50,6.303030303030303
hpmcounter6,jump,seed11,51,6.218181818181818
hpmcounter6,jump,seed11,52,6.303030303030303
hpmcounter6,jump,seed11,53,6.557575757575758
hpmcounter6,jump,seed11,54,6.739393939393939
hpmcounter6,jump,seed11,55,6.848484848484849
hpmcounter6,jump,seed11,56,6.884848484848485
hpmcounter6,jump,seed11,57,6.848484848484849
hpmcounter6,jump,seed11,58,6.739393939393939
hpmcounter6,jump,seed11,59,6.557575757575758
hpmcounter6,jump,seed11,60,6.303030303030303
hpmcounter6,jump,seed11,61,6.218181818181818
hpmcounter6,jump,seed11,62,6.303030303030303
hpmcounter6,jump,seed11,63,6.557575757575758
hpmcounter6,jump,seed11,64,6.739393939393939
hpmcounter6,jump,seed11,65,6.848484848484849
hpmcounter6,jump,seed11,66,6.884848484848485
hpmcounter6,jump,seed11,67,6.848484848484849
hpmcounter6,jump,seed11,68,6.739393939393939
hpmcounter6,jump,seed11,69,6.557575757575758
hpmcounter6,jump,seed11,70,6.303030303030303
hpmcounter6,jump,seed11,71,6.218181818181818
hpmcounter6,jump,seed11,72,6.303030303030303
hpmcounter6,jump,seed11,73,6.557575757575758
hpmcounter6,jump,seed11,74,6.739393939393939
hpmcounter6,jump,seed11,75,6.848484848484849
hpmcounter6,jump,seed11,76,6.884848484848485
hpmcounter6,jump,seed11,77,6.848484848484849
hpmcounter6,jump,seed11,78,6.739393939393939
hpmcounter6,jump,seed11,79,6.557575757575758
hpmcounter6,jump,seed11,80,6.303030303030303
hpmcounter6,jump,seed11,81,6.218181818181818
hpmcounter6,jump,seed11,82,6.303030303030303
hpmcounter6,jump,seed11,83,6.557575757575758
hpmcounter6,jump,seed11,84,6.739393939393939
hpmcounter6,jump,seed11,85,6.848484848484849
hpmcounter6,jump,seed11,86,6.884848484848485
hpmcounter6,jump,seed11,87,6.848484848484849
hpmcounter6,jump,seed11,88,6.739393939393939
hpmcounter6,jump,seed11,89,6.557575757575758
hpmcounter6,jump,seed11,90,6.303030303030303
hpmcounter6,jump,seed11,91,6.218181818181818
hpmcounter6,jump,seed11,92,6.303030303030303
hpmcounter6,jump,seed11,93,6.557575757575758
hpmcounter6,jump,seed11,94,6.739393939393939
hpmcounter6,jump,seed11,95,6.848484848484849
hpmcounter6,jump,seed11,96,6.884848484848485
hpmcounter6,jump,seed11,97,6.848484848484849
hpmcounter6,jump,seed11,98,6.739393939393939
hpmcounter6,jump,seed11,99,6.557575757575758
hpmcounter6,jump,seed11,100,6.303030303030303
hpmcounter6,jump,seed11,101,6.218181818181818
hpmcounter6,jump,seed11,102,6.303030303030303
hpmcounter6,jump,seed11,103,6.557575757575758
hpmcounter6,jump,seed11,104,6.739393939393939
hpmcounter6,jump,seed11,105,6.848484848484849
hpmcounter6,jump,seed11,106,6.884848484848485
hpmcounter6,jump,seed11,107,6.848484848484849
hpmcounter6,jump,seed11,108,6.739393939393939
hpmcounter6,jump,seed11,109,6.557575757575758
hpmcounter6,jump,seed11,110,6.303030303030303
hpmcounter6,jump,seed11,111,6.218181818181818
hpmcounter6,jump,seed11,112,6.303030303030303
hpmcounter6,jump,seed11,113,6.557575757575758
hpmcounter6,jump,seed11,114,6.739393939393939
hpmcounter6,jump,seed11,115,6.848484848484849
hpmcounter6,jump,seed11,116,6.884848484848485
hpmcounter6,jump,seed11,117,6.848484848484849
hpmcounter6,jump,seed11,118,6.739393939393939
hpmcounter6,jump,seed11,119,6.557575757575758
hpmcounter6,jump,seed11,120,6.303030303030303
hpmcounter6,jump,seed11,121,6.218181818181818
hpmcounter6,jump,seed11,122,6.303030303030303
hpmcounter6,jump,seed11,123,6.557575757575758
hpmcounter6,jump,seed11,124,6.739393939393939
hpmcounter6,jump,seed11,125,6.848484848484849
hpmcounter6,jump,seed11,126,6.884848484848485
hpmcounter6,jump,seed11,127,6.848484848484849
hpmcounter6,jump,seed11,128,6.739393939393939
hpmcounter6,jump,seed11,129,6.557575757575758
hpmcounter6,jump,seed11,130,6.303030303030303
hpmcounter6,jump,seed11,131,6.218181818181818
hpmcounter6,jump,seed11,132,6.303030303030303
hpmcounter6,jump,seed11,133,6.557575757575758
hpmcounter6,jump,seed11,134,6.739393939393939
hpmcounter6,jump,seed11,135,6.848484848484849
hpmcounter6,jump,seed11,136,6.884848484848485
hpmcounter6,jump,seed11,137,6.848484848484849
hpmcounter6,jump,seed11,138,6.739393939393939
hpmcounter6,jump,seed11,139,6.557575757575758
hpmcounter6,jump,seed11,140,6.303030303030303
hpmcounter6,jump,seed11,141,6.218181818181818
hpmcounter6,jump,seed11,142,6.303030303030303
hpmcounter6,jump,seed11,143,6.557575757575758
hpmcounter6,jump,seed11,144,6.739393939393939
hpmcounter6,jump,seed11,145,6.848484848484849
hpmcounter6,jump,seed11,146,6.884848484848485
hpmcounter6,jump,seed11,147,6.848484848484849
hpmcounter6,jump,seed11,148,6.739393939393939
hpmcounter6,jump,seed11,149,6.557575757575758
hpmcounter6,jump,seed11,150,6.303030303030303
hpmcounter6,jump,seed11,151,6.218181818181818
hpmcounter6,jump,seed11,152,6.303030303030303
hpmcounter6,jump,seed11,153,6.557575757575758
hpmcounter6,jump,seed11,154,6.739393939393939
hpmcounter6,jump,seed11,155,6.848484848484849
hpmcounter6,jump,seed11,156,6.884848484848485
hpmcounter6,jump,seed11,157,6.848484848484849
hpmcounter6,jump,seed11,158,6.739393939393939
hpmcounter6,jump,seed11,159,6.557575757575758
hpmcounter6,jump,seed11,160,6.303030303030303
hpmcounter6,jump,seed11,161,6.218181818181818
hpmcounter6,jump,seed11,162,6.303030303030303
hpmcounter6,jump,seed11,163,6.557575757575758
hpmcounter6,jump,seed11,164,6.739393939393939
hpmcounter6,jump,seed11,165,6.848484848484849
hpmcounter6,jump,seed11,166,6.884848484848485
hpmcounter6,jump,seed11,167,6.848484848484849
hpmcounter6,jump,seed11,168,6.739393939393939
hpmcounter6,jump,seed11,169,6.557575757575758
hpmcounter6,jump,seed11,170,6.303030303030303
hpmcounter6,jump,seed11,171,6.218181818181818
hpmcounter6,jump,seed11,172,6.303030303030303
hpmcounter6,jump,seed11,173,6.557575757575758
hpmcounter6,jump,seed11,174,6.739393939393939
hpmcounter6,jump,seed11,175,6.848484848484849
hpmcounter6,jump,seed11,176,6.884848484848485
hpmcounter6,jump,seed11,177,6.848484848484849
hpmcounter6,jump,seed11,178,6.739393939393939
hpmcounter6,jump,seed11,179,6.557575757575758
hpmcounter6,jump,seed11,180,6.303030303030303
hpmcounter6,jump,seed11,181,6.218181818181818
hpmcounter6,jump,seed11,182,6.303030303030303
hpmcounter6,jump,seed11,183,6.557575757575758
hpmcounter6,jump,seed11,184,6.739393939393939
hpmcounter6,jump,seed11,185,6.848484848484849
hpmcounter6,jump,seed11,186,6.884848484848485
hpmcounter6,jump,seed11,187,6.848484848484849
hpmcounter6,jump,seed11,188,6.739393939393939
hpmcounter6,jump,seed11,189,6.557575757575758
hpmcounter6,jump,seed11,190,6.303030303030303
hpmcounter6,jump,seed11,191,6.218181818181818
hpmcounter6,jump,seed11,192,6.303030303030303
hpmcounter6,jump,seed11,193,6.557575757575758
hpmcounter6,jump,seed11,194,6.739393939393939
hpmcounter6,jump,seed11,195,6.848484848484849
hpmcounter6,jump,seed11,196,6.884848484848485
hpmcounter6,jump,seed11,197,6.848484848484849
hpmcounter6,jump,seed11,198,6.739393939393939
hpmcounter6,jump,seed11,199,6.557575757575758
hpmcounter6,jump,seed11,200,6.303030303030303
hpmcounter6,jump,seed11,201,6.218181818181818
hpmcounter6,jump,seed11,202,6.303030303030303
hpmcounter6,jump,seed11,203,6.557575757575758
hpmcounter6,jump,seed11,204,6.739393939393939
hpmcounter6,jump,seed11,205,6.848484848484849
hpmcounter6,jump,seed11,206,6.884848484848485
hpmcounter6,jump,seed11,207,6.848484848484849
hpmcounter6,jump,seed11,208,6.739393939393939
hpmcounter6,jump,seed11,209,6.557575757575758
hpmcounter6,jump,seed11,210,6.303030303030303
hpmcounter6,jump,seed11,211,6.218181818181818
hpmcounter6,jump,seed11,212,6.303030303030303
hpmcounter6,jump,seed11,213,6.557575757575758
hpmcounter6,jump,seed11,214,6.739393939393939
hpmcounter6,jump,seed11,215,6.848484848484849
hpmcounter6,jump,seed11,216,6.884848484848485
hpmcounter6,jump,seed11,217,6.848484848484849
hpmcounter6,jump,seed11,218,6.739393939393939
hpmcounter6,jump,seed11,219,6.557575757575758
hpmcounter6,jump,seed11,220,6.303030303030303
hpmcounter6,jump,seed11,221,6.218181818181818
hpmcounter6,jump,seed11,222,6.303030303030303
hpmcounter6,jump,seed11,223,6.557575757575758
hpmcounter6,jump,seed11,224,6.739393939393939
hpmcounter6,jump,seed11,225,6.848484848484849
hpmcounter6,jump,seed11,226,6.884848484848485
hpmcounter6,jump,seed11,227,6.848484848484849
hpmcounter6,jump,seed11,228,6.739393939393939
hpmcounter6,jump,seed11,229,6.557575757575758
hpmcounter6,jump,seed11,230,6.303030303030303
hpmcounter6,jump,seed11,231,6.218181818181818
hpmcounter6,jump,seed11,232,6.303030303030303
hpmcounter6,jump,seed11,233,6.557575757575758
hpmcounter6,jump,seed11,234,6.739393939393939
hpmcounter6,jump,seed11,235,6.848484848484849
hpmcounter6,jump,seed11,236,6.884848484848485
hpmcounter6,jump,seed11,237,6.848484848484849
hpmcounter6,jump,seed11,238,6.739393939393939
hpmcounter6,jump,seed11,239,6.557575757575758
hpmcounter6,jump,seed11,240,6.303030303030303
hpmcounter6,jump,seed11,241,6.218181818181818
hpmcounter6,jump,seed11,242,6.303030303030303
hpmcounter6,jump,seed11,243,6.557575757575758
hpmcounter6,jump,seed11,244,6.739393939393939
hpmcounter6,jump,seed11,245,6.848484848484849
hpmcounter6,jump,seed11,246,6.884848484848485
hpmcounter6,jump,seed11,247,6.848484848484849
hpmcounter6,jump,seed11,248,6.739393939393939
hpmcounter6,jump,seed11,249,6.557575757575758
hpmcounter6,jump,seed11,250,6.303030303030303
hpmcounter6,jump,seed11,251,6.218181818181818
hpmcounter6,jump,seed11,252,6.303030303030303
hpmcounter6,jump,seed11,253,6.557575757575758
hpmcounter6,jump,seed11,254,6.739393939393939
hpmcounter6,jump,seed11,255,6.848484848484849
hpmcounter6,jump,seed11,256,6.884848484848485
hpmcounter6,jump,seed11,257,6.848484848484849
hpmcounter6,jump,seed11,258,6.739393939393939
hpmcounter6,jump,seed11,259,6.557575757575758
hpmcounter6,jump,seed11,260,6.303030303030303
hpmcounter6,jump,seed11,261,6.218181818181818
hpmcounter6,jump,seed11,262,6.303030303030303
hpmcounter6,jump,seed11,263,6.557575757575758
hpmcounter6,jump,seed11,264,6.739393939393939
hpmcounter6,jump,seed11,265,6.848484848484849
hpmcounter6,jump,seed11,266,6.884848484848485
hpmcounter6,jump,seed11,267,6.848484848484849
hpmcounter6,jump,seed11,268,6.739393939393939
hpmcounter6,jump,seed11,269,6.557575757575758
hpmcounter6,jump,seed11,270,6.303030303030303
hpmcounter6,jump,seed11,271,6.218181818181818
hpmcounter6,jump,seed11,272,6.303030303030303
hpmcounter6,jump,seed11,273,6.557575757575758
hpmcounter6,jump,seed11,274,6.739393939393939
hpmcounter6,jump,seed11,275,6.848484848484849
hpmcounter6,jump,seed11,276,6.884848484848485
hpmcounter6,jump,seed11,277,6.848484848484849
hpmcounter6,jump,seed11,278,6.739393939393939
hpmcounter6,jump,seed11,279,6.557575757575758
hpmcounter6,jump,seed11,280,6.303030303030303
hpmcounter6,jump,seed11,281,6.218181818181818
hpmcounter6,jump,seed11,282,6.303030303030303
hpmcounter6,jump,seed11,283,6.557575757575758
hpmcounter6,jump,seed11,284,6.739393939393939
hpmcounter6,jump,seed11,285,6.848484848484849
hpmcounter6,jump,seed11,286,6.884848484848485
hpmcounter6,jump,seed11,287,6.848484848484849
hpmcounter6,jump,seed11,288,6.739393939393939
hpmcounter6,jump,seed11,289,6.557575757575758
hpmcounter6,jump,seed11,290,6.303030303030303
hpmcounter6,jump,seed11,291,6.218181818181818
hpmcounter6,jump,seed11,292,6.303030303030303
hpmcounter6,jump,seed11,293,6.557575757575758
hpmcounter6,jump,seed11,294,6.739393939393939
hpmcounter6,jump,seed11,295,6.848484848484849
hpmcounter6,jump,seed11,296,6.884848484848485
hpmcounter6,jump,seed11,297,6.848484848484849
hpmcounter6,jump,seed11,298,6.739393939393939
hpmcounter6,jump,seed12,9,6.557575757575758
hpmcounter6,jump,seed12,10,6.303030303030303
hpmcounter6,jump,seed12,11,6.218181818181818
hpmcounter6,jump,seed12,12,6.303030303030303
hpmcounter6,jump,seed12,13,6.557575757575758
hpmcounter6,jump,seed12,14,6.739393939393939
hpmcounter6,jump,seed12,15,6.848484848484849
hpmcounter6,jump,seed12,16,6.884848484848485
hpmcounter6,jump,seed12,17,6.848484848484849
hpmcounter6,jump,seed12,18,6.739393939393939
hpmcounter6,jump,seed12,19,6.557575757575758
hpmcounter6,jump,seed12,20,6.303030303030303
hpmcounter6,jump,seed12,21,6.218181818181818
hpmcounter6,jump,seed12,22,6.303030303030303
hpmcounter6,jump,seed12,23,6.557575757575758
hpmcounter6,jump,seed12,24,6.739393939393939
hpmcounter6,jump,seed12,25,6.848484848484849
hpmcounter6,jump,seed12,26,6.884848484848485
hpmcounter6,jump,seed12,27,6.848484848484849
hpmcounter6,jump,seed12,28,6.739393939393939
hpmcounter6,jump,seed12,29,6.557575757575758
hpmcounter6,jump,seed12,30,6.303030303030303
hpmcounter6,jump,seed12,31,6.218181818181818
hpmcounter6,jump,seed12,32,6.303030303030303
hpmcounter6,jump,seed12,33,6.557575757575758
hpmcounter6,jump,seed12,34,6.739393939393939
hpmcounter6,jump,seed12,35,6.848484848484849
hpmcounter6,jump,seed12,36,6.884848484848485
hpmcounter6,jump,seed12,37,6.848484848484849
hpmcounter6,jump,seed12,38,6.739393939393939
hpmcounter6,jump,seed12,39,6.557575757575758
hpmcounter6,jump,seed12,40,6.303030303030303
hpmcounter6,jump,seed12,41,6.218181818181818
hpmcounter6,jump,seed12,42,6.303030303030303
hpmcounter6,jump,seed12,43,6.557575757575758
hpmcounter6,jump,seed12,44,6.739393939393939
hpmcounter6,jump,seed12,45,6.848484848484849
hpmcounter6,jump,seed12,46,6.884848484848485
hpmcounter6,jump,seed12,47,6.848484848484849
hpmcounter6,jump,seed12,48,6.739393939393939
hpmcounter6,jump,seed12,49,6.557575757575758
hpmcounter6,jump,seed12,50,6.303030303030303
hpmcounter6,jump,seed12,51,6.218181818181818
hpmcounter6,jump,seed12,52,6.303030303030303
hpmcounter6,jump,seed12,53,6.557575757575758
hpmcounter6,jump,seed12,54,6.739393939393939
hpmcounter6,jump,seed12,55,6.848484848484849
hpmcounter6,jump,seed12,56,6.884848484848485
hpmcounter6,jump,seed12,57,6.848484848484849
hpmcounter6,jump,seed12,58,6.739393939393939
hpmcounter6,jump,seed12,59,6.557575757575758
hpmcounter6,jump,seed12,60,6.303030303030303
hpmcounter6,jump,seed12,61,6.218181818181818
hpmcounter6,jump,seed12,62,6.303030303030303
hpmcounter6,jump,seed12,63,6.557575757575758
hpmcounter6,jump,seed12,64,6.739393939393939
hpmcounter6,jump,seed12,65,6.848484848484849
hpmcounter6,jump,seed12,66,6.884848484848485
hpmcounter6,jump,seed12,67,6.848484848484849
hpmcounter6,jump,seed12,68,6.739393939393939
hpmcounter6,jump,seed12,69,6.557575757575758
hpmcounter6,jump,seed12,70,6.303030303030303
hpmcounter6,jump,seed12,71,6.218181818181818
hpmcounter6,jump,seed12,72,6.303030303030303
hpmcounter6,jump,seed12,73,6.557575757575758
hpmcounter6,jump,seed12,74,6.739393939393939
hpmcounter6,jump,seed12,75,6.848484848484849
hpmcounter6,jump,seed12,76,6.884848484848485
hpmcounter6,jump,seed12,77,6.848484848484849
hpmcounter6,jump,seed12,78,6.739393939393939
hpmcounter6,jump,seed12,79,6.557575757575758
hpmcounter6,jump,seed12,80,6.303030303030303
hpmcounter6,jump,seed12,81,6.218181818181818
hpmcounter6,jump,seed12,82,6.303030303030303
hpmcounter6,jump,seed12,83,6.557575757575758
hpmcounter6,jump,seed12,84,6.739393939393939
hpmcounter6,jump,seed12,85,6.848484848484849
hpmcounter6,jump,seed12,86,6.884848484848485
hpmcounter6,jump,seed12,87,6.848484848484849
hpmcounter6,jump,seed12,88,6.739393939393939
hpmcounter6,jump,seed12,89,6.557575757575758
hpmcounter6,jump,seed12,90,6.303030303030303
hpmcounter6,jump,seed12,91,6.218181818181818
hpmcounter6,jump,seed12,92,6.303030303030303
hpmcounter6,jump,seed12,93,6.557575757575758
hpmcounter6,jump,seed12,94,6.739393939393939
hpmcounter6,jump,seed12,95,6.848484848484849
hpmcounter6,jump,seed12,96,6.884848484848485
hpmcounter6,jump,seed12,97,6.848484848484849
hpmcounter6,jump,seed12,98,6.739393939393939
hpmcounter6,jump,seed12,99,6.557575757575758
hpmcounter6,jump,seed12,100,6.303030303030303
hpmcounter6,jump,seed12,101,6.218181818181818
hpmcounter6,jump,seed12,102,6.303030303030303
hpmcounter6,jump,seed12,103,6.557575757575758
hpmcounter6,jump,seed12,104,6.739393939393939
hpmcounter6,jump,seed12,105,6.848484848484849
hpmcounter6,jump,seed12,106,6.884848484848485
hpmcounter6,jump,seed12,107,6.848484848484849
hpmcounter6,jump,seed12,108,6.739393939393939
hpmcounter6,jump,seed12,109,6.557575757575758
hpmcounter6,jump,seed12,110,6.303030303030303
hpmcounter6,jump,seed12,111,6.218181818181818
hpmcounter6,jump,seed12,112,6.303030303030303
hpmcounter6,jump,seed12,113,6.557575757575758
hpmcounter6,jump,seed12,114,6.739393939393939
hpmcounter6,jump,seed12,115,6.848484848484849
hpmcounter6,jump,seed12,116,6.884848484848485
hpmcounter6,jump,seed12,117,6.848484848484849
hpmcounter6,jump,seed12,118,6.739393939393939
hpmcounter6,jump,seed12,119,6.557575757575758
hpmcounter6,jump,seed12,120,6.303030303030303
hpmcounter6,jump,seed12,121,6.218181818181818
hpmcounter6,jump,seed12,122,6.303030303030303
hpmcounter6,jump,seed12,123,6.557575757575758
hpmcounter6,jump,seed12,124,6.739393939393939
hpmcounter6,jump,seed12,125,6.848484848484849
hpmcounter6,jump,seed12,126,6.884848484848485
hpmcounter6,jump,seed12,127,6.848484848484849
hpmcounter6,jump,seed12,128,6.739393939393939
hpmcounter6,jump,seed12,129,6.557575757575758
hpmcounter6,jump,seed12,130,6.303030303030303
hpmcounter6,jump,seed12,131,6.218181818181818
hpmcounter6,jump,seed12,132,6.303030303030303
hpmcounter6,jump,seed12,133,6.557575757575758
hpmcounter6,jump,seed12,134,6.739393939393939
hpmcounter6,jump,seed12,135,6.848484848484849
hpmcounter6,jump,seed12,136,6.884848484848485
hpmcounter6,jump,seed12,137,6.848484848484849
hpmcounter6,jump,seed12,138,6.739393939393939
hpmcounter6,jump,seed12,139,6.557575757575758
hpmcounter6,jump,seed12,140,6.303030303030303
hpmcounter6,jump,seed12,141,6.218181818181818
hpmcounter6,jump,seed12,142,6.303030303030303
hpmcounter6,jump,seed12,143,6.557575757575758
hpmcounter6,jump,seed12,144,6.739393939393939
hpmcounter6,jump,seed12,145,6.848484848484849
hpmcounter6,jump,seed12,146,6.884848484848485
hpmcounter6,jump,seed12,147,6.848484848484849
hpmcounter6,jump,seed12,148,6.739393939393939
hpmcounter6,jump,seed12,149,6.557575757575758
hpmcounter6,jump,seed12,150,6.303030303030303
hpmcounter6,jump,seed12,151,6.218181818181818
hpmcounter6,jump,seed12,152,6.303030303030303
hpmcounter6,jump,seed12,153,6.557575757575758
hpmcounter6,jump,seed12,154,6.739393939393939
hpmcounter6,jump,seed12,155,6.848484848484849
hpmcounter6,jump,seed12,156,6.884848484848485
hpmcounter6,jump,seed12,157,6.848484848484849
hpmcounter6,jump,seed12,158,6.739393939393939
hpmcounter6,jump,seed12,159,6.557575757575758
hpmcounter6,jump,seed12,160,6.303030303030303
hpmcounter6,jump,seed12,161,6.218181818181818
hpmcounter6,jump,seed12,162,6.303030303030303
hpmcounter6,jump,seed12,163,6.557575757575758
hpmcounter6,jump,seed12,164,6.739393939393939
hpmcounter6,jump,seed12,165,6.848484848484849
hpmcounter6,jump,seed12,166,6.884848484848485
hpmcounter6,jump,seed12,167,6.848484848484849
hpmcounter6,jump,seed12,168,6.739393939393939
hpmcounter6,jump,seed12,169,6.557575757575758
hpmcounter6,jump,seed12,170,6.303030303030303
hpmcounter6,jump,seed12,171,6.218181818181818
hpmcounter6,jump,seed12,172,6.303030303030303
hpmcounter6,jump,seed12,173,6.557575757575758
hpmcounter6,jump,seed12,174,6.739393939393939
hpmcounter6,jump,seed12,175,6.848484848484849
hpmcounter6,jump,seed12,176,6.884848484848485
hpmcounter6,jump,seed12,177,6.848484848484849
hpmcounter6,jump,seed12,178,6.739393939393939
hpmcounter6,jump,seed12,179,6.557575757575758
hpmcounter6,jump,seed12,180,6.303030303030303
hpmcounter6,jump,seed12,181,6.218181818181818
hpmcounter6,jump,seed12,182,6.303030303030303
hpmcounter6,jump,seed12,183,6.557575757575758
hpmcounter6,jump,seed12,184,6.739393939393939
hpmcounter6,jump,seed12,185,6.848484848484849
hpmcounter6,jump,seed12,186,6.884848484848485
hpmcounter6,jump,seed12,187,6.848484848484849
hpmcounter6,jump,seed12,188,6.739393939393939
hpmcounter6,jump,seed12,189,6.557575757575758
hpmcounter6,jump,seed12,190,6.303030303030303
hpmcounter6,jump,seed12,191,6.218181818181818
hpmcounter6,jump,seed12,192,6.303030303030303
hpmcounter6,jump,seed12,193,6.557575757575758
hpmcounter6,jump,seed12,194,6.739393939393939
hpmcounter6,jump,seed12,195,6.848484848484849
hpmcounter6,jump,seed12,196,6.884848484848485
hpmcounter6,jump,seed12,197,6.848484848484849
hpmcounter6,jump,seed12,198,6.739393939393939
hpmcounter6,jump,seed12,199,6.557575757575758
hpmcounter6,jump,seed12,200,6.303030303030303
hpmcounter6,jump,seed12,201,6.218181818181818
hpmcounter6,jump,seed12,202,6.303030303030303
hpmcounter6,jump,seed12,203,6.557575757575758
hpmcounter6,jump,seed12,204,6.739393939393939
hpmcounter6,jump,seed12,205,6.848484848484849
hpmcounter6,jump,seed12,206,6.884848484848485
hpmcounter6,jump,seed12,207,6.848484848484849
hpmcounter6,jump,seed12,208,6.739393939393939
hpmcounter6,jump,seed12,209,6.557575757575758
hpmcounter6,jump,seed12,210,6.303030303030303
hpmcounter6,jump,seed12,211,6.218181818181818
hpmcounter6,jump,seed12,212,6.303030303030303
hpmcounter6,jump,seed12,213,6.557575757575758
hpmcounter6,jump,seed12,214,6.739393939393939
hpmcounter6,jump,seed12,215,6.848484848484849
hpmcounter6,jump,seed12,216,6.884848484848485
hpmcounter6,jump,seed12,217,6.848484848484849
hpmcounter6,jump,seed12,218,6.739393939393939
hpmcounter6,jump,seed12,219,6.557575757575758
hpmcounter6,jump,seed12,220,6.303030303030303
hpmcounter6,jump,seed12,221,6.218181818181818
hpmcounter6,jump,seed12,222,6.303030303030303
hpmcounter6,jump,seed12,223,6.557575757575758
hpmcounter6,jump,seed12,224,6.739393939393939
hpmcounter6,jump,seed12,225,6.848484848484849
hpmcounter6,jump,seed12,226,6.884848484848485
hpmcounter6,jump,seed12,227,6.848484848484849
hpmcounter6,jump,seed12,228,6.739393939393939
hpmcounter6,jump,seed12,229,6.557575757575758
hpmcounter6,jump,seed12,230,6.303030303030303
hpmcounter6,jump,seed12,231,6.218181818181818
hpmcounter6,jump,seed12,232,6.303030303030303
hpmcounter6,jump,seed12,233,6.557575757575758
hpmcounter6,jump,seed12,234,6.739393939393939
hpmcounter6,jump,seed12,235,6.848484848484849
hpmcounter6,jump,seed12,236,6.884848484848485
hpmcounter6,jump,seed12,237,6.848484848484849
hpmcounter6,jump,seed12,238,6.739393939393939
hpmcounter6,jump,seed12,239,6.557575757575758
hpmcounter6,jump,seed12,240,6.303030303030303
hpmcounter6,jump,seed12,241,6.218181818181818
hpmcounter6,jump,seed12,242,6.303030303030303
hpmcounter6,jump,seed12,243,6.557575757575758
hpmcounter6,jump,seed12,244,6.739393939393939
hpmcounter6,jump,seed12,245,6.848484848484849
hpmcounter6,jump,seed12,246,6.884848484848485
hpmcounter6,jump,seed12,247,6.848484848484849
hpmcounter6,jump,seed12,248,6.739393939393939
hpmcounter6,jump,seed12,249,6.557575757575758
hpmcounter6,jump,seed12,250,6.303030303030303
hpmcounter6,jump,seed12,251,6.218181818181818
hpmcounter6,jump,seed12,252,6.303030303030303
hpmcounter6,jump,seed12,253,6.557575757575758
hpmcounter6,jump,seed12,254,6.739393939393939
hpmcounter6,jump,seed12,255,6.848484848484849
hpmcounter6,jump,seed12,256,6.884848484848485
hpmcounter6,jump,seed12,257,6.848484848484849
hpmcounter6,jump,seed12,258,6.739393939393939
hpmcounter6,jump,seed12,259,6.557575757575758
hpmcounter6,jump,seed12,260,6.303030303030303
hpmcounter6,jump,seed12,261,6.218181818181818
hpmcounter6,jump,seed12,262,6.303030303030303
hpmcounter6,jump,seed12,263,6.557575757575758
hpmcounter6,jump,seed12,264,6.739393939393939
hpmcounter6,jump,seed12,265,6.848484848484849
hpmcounter6,jump,seed12,266,6.884848484848485
hpmcounter6,jump,seed12,267,6.848484848484849
hpmcounter6,jump,seed12,268,6.739393939393939
hpmcounter6,jump,seed12,269,6.557575757575758
hpmcounter6,jump,seed12,270,6.303030303030303
hpmcounter6,jump,seed12,271,6.218181818181818
hpmcounter6,jump,seed12,272,6.303030303030303
hpmcounter6,jump,seed12,273,6.557575757575758
hpmcounter6,jump,seed12,274,6.739393939393939
hpmcounter6,jump,seed12,275,6.848484848484849
hpmcounter6,jump,seed12,276,6.884848484848485
hpmcounter6,jump,seed12,277,6.848484848484849
hpmcounter6,jump,seed12,278,6.739393939393939
hpmcounter6,jump,seed12,279,6.557575757575758
hpmcounter6,jump,seed12,280,6.303030303030303
hpmcounter6,jump,seed12,281,6.218181818181818
hpmcounter6,jump,seed12,282,6.303030303030303
hpmcounter6,jump,seed12,283,6.557575757575758
hpmcounter6,jump,seed12,284,6.739393939393939
hpmcounter6,jump,seed12,285,6.848484848484849
hpmcounter6,jump,seed12,286,6.884848484848485
hpmcounter6,jump,seed12,287,6.848484848484849
hpmcounter6,jump,seed12,288,6.739393939393939
hpmcounter6,jump,seed12,289,6.557575757575758
hpmcounter6,jump,seed12,290,6.303030303030303
hpmcounter6,jump,seed12,291,6.218181818181818
hpmcounter6,jump,seed12,292,6.303030303030303
hpmcounter6,jump,seed12,293,6.557575757575758
hpmcounter6,jump,seed12,294,6.739393939393939
hpmcounter6,jump,seed12,295,6.848484848484849
hpmcounter6,jump,seed12,296,6.884848484848485
hpmcounter6,jump,seed12,297,6.848484848484849
hpmcounter6,jump,seed12,298,6.739393939393939
hpmcounter6,jump,seed13,9,6.557575757575758
hpmcounter6,jump,seed13,10,6.303030303030303
hpmcounter6,jump,seed13,11,6.218181818181818
hpmcounter6,jump,seed13,12,6.303030303030303
hpmcounter6,jump,seed13,13,6.557575757575758
hpmcounter6,jump,seed13,14,6.739393939393939
hpmcounter6,jump,seed13,15,6.848484848484849
hpmcounter6,jump,seed13,16,6.884848484848485
hpmcounter6,jump,seed13,17,6.848484848484849
hpmcounter6,jump,seed13,18,6.739393939393939
hpmcounter6,jump,seed13,19,6.557575757575758
hpmcounter6,jump,seed13,20,6.303030303030303
hpmcounter6,jump,seed13,21,6.218181818181818
hpmcounter6,jump,seed13,22,6.303030303030303
hpmcounter6,jump,seed13,23,6.557575757575758
hpmcounter6,jump,seed13,24,6.739393939393939
hpmcounter6,jump,seed13,25,6.848484848484849
hpmcounter6,jump,seed13,26,6.884848484848485
hpmcounter6,jump,seed13,27,6.848484848484849
hpmcounter6,jump,seed13,28,6.739393939393939
hpmcounter6,jump,seed13,29,6.557575757575758
hpmcounter6,jump,seed13,30,6.303030303030303
hpmcounter6,jump,seed13,31,6.218181818181818
hpmcounter6,jump,seed13,32,6.303030303030303
hpmcounter6,jump,seed13,33,6.557575757575758
hpmcounter6,jump,seed13,34,6.739393939393939
hpmcounter6,jump,seed13,35,6.848484848484849
hpmcounter6,jump,seed13,36,6.884848484848485
hpmcounter6,jump,seed13,37,6.848484848484849
hpmcounter6,jump,seed13,38,6.739393939393939
hpmcounter6,jump,seed13,39,6.557575757575758
hpmcounter6,jump,seed13,40,6.303030303030303
hpmcounter6,jump,seed13,41,6.218181818181818
hpmcounter6,jump,seed13,42,6.303030303030303
hpmcounter6,jump,seed13,43,6.557575757575758
hpmcounter6,jump,seed13,44,6.739393939393939
hpmcounter6,jump,seed13,45,6.848484848484849
hpmcounter6,jump,seed13,46,6.884848484848485
hpmcounter6,jump,seed13,47,6.848484848484849
hpmcounter6,jump,seed13,48,6.739393939393939
hpmcounter6,jump,seed13,49,6.557575757575758
hpmcounter6,jump,seed13,50,6.303030303030303
hpmcounter6,jump,seed13,51,6.218181818181818
hpmcounter6,jump,seed13,52,6.303030303030303
hpmcounter6,jump,seed13,53,6.557575757575758
hpmcounter6,jump,seed13,54,6.739393939393939
hpmcounter6,jump,seed13,55,6.848484848484849
hpmcounter6,jump,seed13,56,6.884848484848485
hpmcounter6,jump,seed13,57,6.848484848484849
hpmcounter6,jump,seed13,58,6.739393939393939
hpmcounter6,jump,seed13,59,6.557575757575758
hpmcounter6,jump,seed13,60,6.303030303030303
hpmcounter6,jump,seed13,61,6.218181818181818
hpmcounter6,jump,seed13,62,6.303030303030303
hpmcounter6,jump,seed13,63,6.557575757575758
hpmcounter6,jump,seed13,64,6.739393939393939
hpmcounter6,jump,seed13,65,6.848484848484849
hpmcounter6,jump,seed13,66,6.884848484848485
hpmcounter6,jump,seed13,67,6.848484848484849
hpmcounter6,jump,seed13,68,6.739393939393939
hpmcounter6,jump,seed13,69,6.557575757575758
hpmcounter6,jump,seed13,70,6.303030303030303
hpmcounter6,jump,seed13,71,6.218181818181818
hpmcounter6,jump,seed13,72,6.303030303030303
hpmcounter6,jump,seed13,73,6.557575757575758
hpmcounter6,jump,seed13,74,6.739393939393939
hpmcounter6,jump,seed13,75,6.848484848484849
hpmcounter6,jump,seed13,76,6.884848484848485
hpmcounter6,jump,seed13,77,6.848484848484849
hpmcounter6,jump,seed13,78,6.739393939393939
hpmcounter6,jump,seed13,79,6.557575757575758
hpmcounter6,jump,seed13,80,6.303030303030303
hpmcounter6,jump,seed13,81,6.218181818181818
hpmcounter6,jump,seed13,82,6.303030303030303
hpmcounter6,jump,seed13,83,6.557575757575758
hpmcounter6,jump,seed13,84,6.739393939393939
hpmcounter6,jump,seed13,85,6.848484848484849
hpmcounter6,jump,seed13,86,6.884848484848485
hpmcounter6,jump,seed13,87,6.848484848484849
hpmcounter6,jump,seed13,88,6.739393939393939
hpmcounter6,jump,seed13,89,6.557575757575758
hpmcounter6,jump,seed13,90,6.303030303030303
hpmcounter6,jump,seed13,91,6.218181818181818
hpmcounter6,jump,seed13,92,6.303030303030303
hpmcounter6,jump,seed13,93,6.557575757575758
hpmcounter6,jump,seed13,94,6.739393939393939
hpmcounter6,jump,seed13,95,6.848484848484849
hpmcounter6,jump,seed13,96,6.884848484848485
hpmcounter6,jump,seed13,97,6.848484848484849
hpmcounter6,jump,seed13,98,6.739393939393939
hpmcounter6,jump,seed13,99,6.557575757575758
hpmcounter6,jump,seed13,100,6.303030303030303
hpmcounter6,jump,seed13,101,6.218181818181818
hpmcounter6,jump,seed13,102,6.303030303030303
hpmcounter6,jump,seed13,103,6.557575757575758
hpmcounter6,jump,seed13,104,6.739393939393939
hpmcounter6,jump,seed13,105,6.848484848484849
hpmcounter6,jump,seed13,106,6.884848484848485
hpmcounter6,jump,seed13,107,6.848484848484849
hpmcounter6,jump,seed13,108,6.739393939393939
hpmcounter6,jump,seed13,109,6.557575757575758
hpmcounter6,jump,seed13,110,6.303030303030303
hpmcounter6,jump,seed13,111,6.218181818181818
hpmcounter6,jump,seed13,112,6.303030303030303
hpmcounter6,jump,seed13,113,6.557575757575758
hpmcounter6,jump,seed13,114,6.739393939393939
hpmcounter6,jump,seed13,115,6.848484848484849
hpmcounter6,jump,seed13,116,6.884848484848485
hpmcounter6,jump,seed13,117,6.848484848484849
hpmcounter6,jump,seed13,118,6.739393939393939
hpmcounter6,jump,seed13,119,6.557575757575758
hpmcounter6,jump,seed13,120,6.303030303030303
hpmcounter6,jump,seed13,121,6.218181818181818
hpmcounter6,jump,seed13,122,6.303030303030303
hpmcounter6,jump,seed13,123,6.557575757575758
hpmcounter6,jump,seed13,124,6.739393939393939
hpmcounter6,jump,seed13,125,6.848484848484849
hpmcounter6,jump,seed13,126,6.884848484848485
hpmcounter6,jump,seed13,127,6.848484848484849
hpmcounter6,jump,seed13,128,6.739393939393939
hpmcounter6,jump,seed13,129,6.557575757575758
hpmcounter6,jump,seed13,130,6.303030303030303
hpmcounter6,jump,seed13,131,6.218181818181818
hpmcounter6,jump,seed13,132,6.303030303030303
hpmcounter6,jump,seed13,133,6.557575757575758
hpmcounter6,jump,seed13,134,6.739393939393939
hpmcounter6,jump,seed13,135,6.848484848484849
hpmcounter6,jump,seed13,136,6.884848484848485
hpmcounter6,jump,seed13,137,6.848484848484849
hpmcounter6,jump,seed13,138,6.739393939393939
hpmcounter6,jump,seed13,139,6.557575757575758
hpmcounter6,jump,seed13,140,6.303030303030303
hpmcounter6,jump,seed13,141,6.218181818181818
hpmcounter6,jump,seed13,142,6.303030303030303
hpmcounter6,jump,seed13,143,6.557575757575758
hpmcounter6,jump,seed13,144,6.739393939393939
hpmcounter6,jump,seed13,145,6.848484848484849
hpmcounter6,jump,seed13,146,6.884848484848485
hpmcounter6,jump,seed13,147,6.848484848484849
hpmcounter6,jump,seed13,148,6.739393939393939
hpmcounter6,jump,seed13,149,6.557575757575758
hpmcounter6,jump,seed13,150,6.303030303030303
hpmcounter6,jump,seed13,151,6.218181818181818
hpmcounter6,jump,seed13,152,6.303030303030303
hpmcounter6,jump,seed13,153,6.557575757575758
hpmcounter6,jump,seed13,154,6.739393939393939
hpmcounter6,jump,seed13,155,6.848484848484849
hpmcounter6,jump,seed13,156,6.884848484848485
hpmcounter6,jump,seed13,157,6.848484848484849
hpmcounter6,jump,seed13,158,6.739393939393939
hpmcounter6,jump,seed13,159,6.557575757575758
hpmcounter6,jump,seed13,160,6.303030303030303
hpmcounter6,jump,seed13,161,6.218181818181818
hpmcounter6,jump,seed13,162,6.303030303030303
hpmcounter6,jump,seed13,163,6.557575757575758
hpmcounter6,jump,seed13,164,6.739393939393939
hpmcounter6,jump,seed13,165,6.848484848484849
hpmcounter6,jump,seed13,166,6.884848484848485
hpmcounter6,jump,seed13,167,6.848484848484849
hpmcounter6,jump,seed13,168,6.739393939393939
hpmcounter6,jump,seed13,169,6.557575757575758
hpmcounter6,jump,seed13,170,6.303030303030303
hpmcounter6,jump,seed13,171,6.218181818181818
hpmcounter6,jump,seed13,172,6.303030303030303
hpmcounter6,jump,seed13,173,6.557575757575758
hpmcounter6,jump,seed13,174,6.739393939393939
hpmcounter6,jump,seed13,175,6.848484848484849
hpmcounter6,jump,seed13,176,6.884848484848485
hpmcounter6,jump,seed13,177,6.848484848484849
hpmcounter6,jump,seed13,178,6.739393939393939
hpmcounter6,jump,seed13,179,6.557575757575758
hpmcounter6,jump,seed13,180,6.303030303030303
hpmcounter6,jump,seed13,181,6.218181818181818
hpmcounter6,jump,seed13,182,6.303030303030303
hpmcounter6,jump,seed13,183,6.557575757575758
hpmcounter6,jump,seed13,184,6.739393939393939
hpmcounter6,jump,seed13,185,6.848484848484849
hpmcounter6,jump,seed13,186,6.884848484848485
hpmcounter6,jump,seed13,187,6.848484848484849
hpmcounter6,jump,seed13,188,6.739393939393939
hpmcounter6,jump,seed13,189,6.557575757575758
hpmcounter6,jump,seed13,190,6.303030303030303
hpmcounter6,jump,seed13,191,6.218181818181818
hpmcounter6,jump,seed13,192,6.303030303030303
hpmcounter6,jump,seed13,193,6.557575757575758
hpmcounter6,jump,seed13,194,6.739393939393939
hpmcounter6,jump,seed13,195,6.848484848484849
hpmcounter6,jump,seed13,196,6.884848484848485
hpmcounter6,jump,seed13,197,6.848484848484849
hpmcounter6,jump,seed13,198,6.739393939393939
hpmcounter6,jump,seed13,199,6.557575757575758
hpmcounter6,jump,seed13,200,6.303030303030303
hpmcounter6,jump,seed13,201,6.218181818181818
hpmcounter6,jump,seed13,202,6.303030303030303
hpmcounter6,jump,seed13,203,6.557575757575758
hpmcounter6,jump,seed13,204,6.739393939393939
hpmcounter6,jump,seed13,205,6.848484848484849
hpmcounter6,jump,seed13,206,6.884848484848485
hpmcounter6,jump,seed13,207,6.848484848484849
hpmcounter6,jump,seed13,208,6.739393939393939
hpmcounter6,jump,seed13,209,6.557575757575758
hpmcounter6,jump,seed13,210,6.303030303030303
hpmcounter6,jump,seed13,211,6.218181818181818
hpmcounter6,jump,seed13,212,6.303030303030303
hpmcounter6,jump,seed13,213,6.557575757575758
hpmcounter6,jump,seed13,214,6.739393939393939
hpmcounter6,jump,seed13,215,6.848484848484849
hpmcounter6,jump,seed13,216,6.884848484848485
hpmcounter6,jump,seed13,217,6.848484848484849
hpmcounter6,jump,seed13,218,6.739393939393939
hpmcounter6,jump,seed13,219,6.557575757575758
hpmcounter6,jump,seed13,220,6.303030303030303
hpmcounter6,jump,seed13,221,6.218181818181818
hpmcounter6,jump,seed13,222,6.303030303030303
hpmcounter6,jump,seed13,223,6.557575757575758
hpmcounter6,jump,seed13,224,6.739393939393939
hpmcounter6,jump,seed13,225,6.848484848484849
hpmcounter6,jump,seed13,226,6.884848484848485
hpmcounter6,jump,seed13,227,6.848484848484849
hpmcounter6,jump,seed13,228,6.739393939393939
hpmcounter6,jump,seed13,229,6.557575757575758
hpmcounter6,jump,seed13,230,6.303030303030303
hpmcounter6,jump,seed13,231,6.218181818181818
hpmcounter6,jump,seed13,232,6.303030303030303
hpmcounter6,jump,seed13,233,6.557575757575758
hpmcounter6,jump,seed13,234,6.739393939393939
hpmcounter6,jump,seed13,235,6.848484848484849
hpmcounter6,jump,seed13,236,6.884848484848485
hpmcounter6,jump,seed13,237,6.848484848484849
hpmcounter6,jump,seed13,238,6.739393939393939
hpmcounter6,jump,seed13,239,6.557575757575758
hpmcounter6,jump,seed13,240,6.303030303030303
hpmcounter6,jump,seed13,241,6.218181818181818
hpmcounter6,jump,seed13,242,6.303030303030303
hpmcounter6,jump,seed13,243,6.557575757575758
hpmcounter6,jump,seed13,244,6.739393939393939
hpmcounter6,jump,seed13,245,6.848484848484849
hpmcounter6,jump,seed13,246,6.884848484848485
hpmcounter6,jump,seed13,247,6.848484848484849
hpmcounter6,jump,seed13,248,6.739393939393939
hpmcounter6,jump,seed13,249,6.557575757575758
hpmcounter6,jump,seed13,250,6.303030303030303
hpmcounter6,jump,seed13,251,6.218181818181818
hpmcounter6,jump,seed13,252,6.303030303030303
hpmcounter6,jump,seed13,253,6.557575757575758
hpmcounter6,jump,seed13,254,6.739393939393939
hpmcounter6,jump,seed13,255,6.848484848484849
hpmcounter6,jump,seed13,256,6.884848484848485
hpmcounter6,jump,seed13,257,6.848484848484849
hpmcounter6,jump,seed13,258,6.739393939393939
hpmcounter6,jump,seed13,259,6.557575757575758
hpmcounter6,jump,seed13,260,6.303030303030303
hpmcounter6,jump,seed13,261,6.218181818181818
hpmcounter6,jump,seed13,262,6.303030303030303
hpmcounter6,jump,seed13,263,6.557575757575758
hpmcounter6,jump,seed13,264,6.739393939393939
hpmcounter6,jump,seed13,265,6.848484848484849
hpmcounter6,jump,seed13,266,6.884848484848485
hpmcounter6,jump,seed13,267,6.848484848484849
hpmcounter6,jump,seed13,268,6.739393939393939
hpmcounter6,jump,seed13,269,6.557575757575758
hpmcounter6,jump,seed13,270,6.303030303030303
hpmcounter6,jump,seed13,271,6.218181818181818
hpmcounter6,jump,seed13,272,6.303030303030303
hpmcounter6,jump,seed13,273,6.557575757575758
hpmcounter6,jump,seed13,274,6.739393939393939
hpmcounter6,jump,seed13,275,6.848484848484849
hpmcounter6,jump,seed13,276,6.884848484848485
hpmcounter6,jump,seed13,277,6.848484848484849
hpmcounter6,jump,seed13,278,6.739393939393939
hpmcounter6,jump,seed13,279,6.557575757575758
hpmcounter6,jump,seed13,280,6.303030303030303
hpmcounter6,jump,seed13,281,6.218181818181818
hpmcounter6,jump,seed13,282,6.303030303030303
hpmcounter6,jump,seed13,283,6.557575757575758
hpmcounter6,jump,seed13,284,6.739393939393939
hpmcounter6,jump,seed13,285,6.848484848484849
hpmcounter6,jump,seed13,286,6.884848484848485
hpmcounter6,jump,seed13,287,6.848484848484849
hpmcounter6,jump,seed13,288,6.739393939393939
hpmcounter6,jump,seed13,289,6.557575757575758
hpmcounter6,jump,seed13,290,6.303030303030303
hpmcounter6,jump,seed13,291,6.218181818181818
hpmcounter6,jump,seed13,292,6.303030303030303
hpmcounter6,jump,seed13,293,6.557575757575758
hpmcounter6,jump,seed13,294,6.739393939393939
hpmcounter6,jump,seed13,295,6.848484848484849
hpmcounter6,jump,seed13,296,6.884848484848485
hpmcounter6,jump,seed13,297,6.848484848484849
hpmcounter6,jump,seed13,298,6.739393939393939
hpmcounter6,jump,seed14,9,6.557575757575758
hpmcounter6,jump,seed14,10,6.303030303030303
hpmcounter6,jump,seed14,11,6.218181818181818
hpmcounter6,jump,seed14,12,6.303030303030303
hpmcounter6,jump,seed14,13,6.557575757575758
hpmcounter6,jump,seed14,14,6.739393939393939
hpmcounter6,jump,seed14,15,6.848484848484849
hpmcounter6,jump,seed14,16,6.884848484848485
hpmcounter6,jump,seed14,17,6.848484848484849
hpmcounter6,jump,seed14,18,6.739393939393939
hpmcounter6,jump,seed14,19,6.557575757575758
hpmcounter6,jump,seed14,20,6.303030303030303
hpmcounter6,jump,seed14,21,6.218181818181818
hpmcounter6,jump,seed14,22,6.303030303030303
hpmcounter6,jump,seed14,23,6.557575757575758
hpmcounter6,jump,seed14,24,6.739393939393939
hpmcounter6,jump,seed14,25,6.848484848484849
hpmcounter6,jump,seed14,26,6.884848484848485
hpmcounter6,jump,seed14,27,6.848484848484849
hpmcounter6,jump,seed14,28,6.739393939393939
hpmcounter6,jump,seed14,29,6.557575757575758
hpmcounter6,jump,seed14,30,6.303030303030303
hpmcounter6,jump,seed14,31,6.218181818181818
hpmcounter6,jump,seed14,32,6.303030303030303
hpmcounter6,jump,seed14,33,6.557575757575758
hpmcounter6,jump,seed14,34,6.739393939393939
hpmcounter6,jump,seed14,35,6.848484848484849
hpmcounter6,jump,seed14,36,6.884848484848485
hpmcounter6,jump,seed14,37,6.848484848484849
hpmcounter6,jump,seed14,38,6.739393939393939
hpmcounter6,jump,seed14,39,6.557575757575758
hpmcounter6,jump,seed14,40,6.303030303030303
hpmcounter6,jump,seed14,41,6.218181818181818
hpmcounter6,jump,seed14,42,6.303030303030303
hpmcounter6,jump,seed14,43,6.557575757575758
hpmcounter6,jump,seed14,44,6.739393939393939
hpmcounter6,jump,seed14,45,6.848484848484849
hpmcounter6,jump,seed14,46,6.884848484848485
hpmcounter6,jump,seed14,47,6.848484848484849
hpmcounter6,jump,seed14,48,6.739393939393939
hpmcounter6,jump,seed14,49,6.557575757575758
hpmcounter6,jump,seed14,50,6.303030303030303
hpmcounter6,jump,seed14,51,6.218181818181818
hpmcounter6,jump,seed14,52,6.303030303030303
hpmcounter6,jump,seed14,53,6.557575757575758
hpmcounter6,jump,seed14,54,6.739393939393939
hpmcounter6,jump,seed14,55,6.848484848484849
hpmcounter6,jump,seed14,56,6.884848484848485
hpmcounter6,jump,seed14,57,6.848484848484849
hpmcounter6,jump,seed14,58,6.739393939393939
hpmcounter6,jump,seed14,59,6.557575757575758
hpmcounter6,jump,seed14,60,6.303030303030303
hpmcounter6,jump,seed14,61,6.218181818181818
hpmcounter6,jump,seed14,62,6.303030303030303
hpmcounter6,jump,seed14,63,6.557575757575758
hpmcounter6,jump,seed14,64,6.739393939393939
hpmcounter6,jump,seed14,65,6.848484848484849
hpmcounter6,jump,seed14,66,6.884848484848485
hpmcounter6,jump,seed14,67,6.848484848484849
hpmcounter6,jump,seed14,68,6.739393939393939
hpmcounter6,jump,seed14,69,6.557575757575758
hpmcounter6,jump,seed14,70,6.303030303030303
hpmcounter6,jump,seed14,71,6.218181818181818
hpmcounter6,jump,seed14,72,6.303030303030303
hpmcounter6,jump,seed14,73,6.557575757575758
hpmcounter6,jump,seed14,74,6.739393939393939
hpmcounter6,jump,seed14,75,6.848484848484849
hpmcounter6,jump,seed14,76,6.884848484848485
hpmcounter6,jump,seed14,77,6.848484848484849
hpmcounter6,jump,seed14,78,6.739393939393939
hpmcounter6,jump,seed14,79,6.557575757575758
hpmcounter6,jump,seed14,80,6.303030303030303
hpmcounter6,jump,seed14,81,6.218181818181818
hpmcounter6,jump,seed14,82,6.303030303030303
hpmcounter6,jump,seed14,83,6.557575757575758
hpmcounter6,jump,seed14,84,6.739393939393939
hpmcounter6,jump,seed14,85,6.848484848484849
hpmcounter6,jump,seed14,86,6.884848484848485
hpmcounter6,jump,seed14,87,6.848484848484849
hpmcounter6,jump,seed14,88,6.739393939393939
hpmcounter6,jump,seed14,89,6.557575757575758
hpmcounter6,jump,seed14,90,6.303030303030303
hpmcounter6,jump,seed14,91,6.218181818181818
hpmcounter6,jump,seed14,92,6.303030303030303
hpmcounter6,jump,seed14,93,6.557575757575758
hpmcounter6,jump,seed14,94,6.739393939393939
hpmcounter6,jump,seed14,95,6.848484848484849
hpmcounter6,jump,seed14,96,6.884848484848485
hpmcounter6,jump,seed14,97,6.848484848484849
hpmcounter6,jump,seed14,98,6.739393939393939
hpmcounter6,jump,seed14,99,6.557575757575758
hpmcounter6,jump,seed14,100,6.303030303030303
hpmcounter6,jump,seed14,101,6.218181818181818
hpmcounter6,jump,seed14,102,6.303030303030303
hpmcounter6,jump,seed14,103,6.557575757575758
hpmcounter6,jump,seed14,104,6.739393939393939
hpmcounter6,jump,seed14,105,6.848484848484849
hpmcounter6,jump,seed14,106,6.884848484848485
hpmcounter6,jump,seed14,107,6.848484848484849
hpmcounter6,jump,seed14,108,6.739393939393939
hpmcounter6,jump,seed14,109,6.557575757575758
hpmcounter6,jump,seed14,110,6.303030303030303
hpmcounter6,jump,seed14,111,6.218181818181818
hpmcounter6,jump,seed14,112,6.303030303030303
hpmcounter6,jump,seed14,113,6.557575757575758
hpmcounter6,jump,seed14,114,6.739393939393939
hpmcounter6,jump,seed14,115,6.848484848484849
hpmcounter6,jump,seed14,116,6.884848484848485
hpmcounter6,jump,seed14,117,6.848484848484849
hpmcounter6,jump,seed14,118,6.739393939393939
hpmcounter6,jump,seed14,119,6.557575757575758
hpmcounter6,jump,seed14,120,6.303030303030303
hpmcounter6,jump,seed14,121,6.218181818181818
hpmcounter6,jump,seed14,122,6.303030303030303
hpmcounter6,jump,seed14,123,6.557575757575758
hpmcounter6,jump,seed14,124,6.739393939393939
hpmcounter6,jump,seed14,125,6.848484848484849
hpmcounter6,jump,seed14,126,6.884848484848485
hpmcounter6,jump,seed14,127,6.848484848484849
hpmcounter6,jump,seed14,128,6.739393939393939
hpmcounter6,jump,seed14,129,6.557575757575758
hpmcounter6,jump,seed14,130,6.303030303030303
hpmcounter6,jump,seed14,131,6.218181818181818
hpmcounter6,jump,seed14,132,6.303030303030303
hpmcounter6,jump,seed14,133,6.557575757575758
hpmcounter6,jump,seed14,134,6.739393939393939
hpmcounter6,jump,seed14,135,6.848484848484849
hpmcounter6,jump,seed14,136,6.884848484848485
hpmcounter6,jump,seed14,137,6.848484848484849
hpmcounter6,jump,seed14,138,6.739393939393939
hpmcounter6,jump,seed14,139,6.557575757575758
hpmcounter6,jump,seed14,140,6.303030303030303
hpmcounter6,jump,seed14,141,6.218181818181818
hpmcounter6,jump,seed14,142,6.303030303030303
hpmcounter6,jump,seed14,143,6.557575757575758
hpmcounter6,jump,seed14,144,6.739393939393939
hpmcounter6,jump,seed14,145,6.848484848484849
hpmcounter6,jump,seed14,146,6.884848484848485
hpmcounter6,jump,seed14,147,6.848484848484849
hpmcounter6,jump,seed14,148,6.739393939393939
hpmcounter6,jump,seed14,149,6.557575757575758
hpmcounter6,jump,seed14,150,6.303030303030303
hpmcounter6,jump,seed14,151,6.218181818181818
hpmcounter6,jump,seed14,152,6.303030303030303
hpmcounter6,jump,seed14,153,6.557575757575758
hpmcounter6,jump,seed14,154,6.739393939393939
hpmcounter6,jump,seed14,155,6.848484848484849
hpmcounter6,jump,seed14,156,6.884848484848485
hpmcounter6,jump,seed14,157,6.848484848484849
hpmcounter6,jump,seed14,158,6.739393939393939
hpmcounter6,jump,seed14,159,6.557575757575758
hpmcounter6,jump,seed14,160,6.303030303030303
hpmcounter6,jump,seed14,161,6.218181818181818
hpmcounter6,jump,seed14,162,6.303030303030303
hpmcounter6,jump,seed14,163,6.557575757575758
hpmcounter6,jump,seed14,164,6.739393939393939
hpmcounter6,jump,seed14,165,6.848484848484849
hpmcounter6,jump,seed14,166,6.884848484848485
hpmcounter6,jump,seed14,167,6.848484848484849
hpmcounter6,jump,seed14,168,6.739393939393939
hpmcounter6,jump,seed14,169,6.557575757575758
hpmcounter6,jump,seed14,170,6.303030303030303
hpmcounter6,jump,seed14,171,6.218181818181818
hpmcounter6,jump,seed14,172,6.303030303030303
hpmcounter6,jump,seed14,173,6.557575757575758
hpmcounter6,jump,seed14,174,6.739393939393939
hpmcounter6,jump,seed14,175,6.848484848484849
hpmcounter6,jump,seed14,176,6.884848484848485
hpmcounter6,jump,seed14,177,6.848484848484849
hpmcounter6,jump,seed14,178,6.739393939393939
hpmcounter6,jump,seed14,179,6.557575757575758
hpmcounter6,jump,seed14,180,6.303030303030303
hpmcounter6,jump,seed14,181,6.218181818181818
hpmcounter6,jump,seed14,182,6.303030303030303
hpmcounter6,jump,seed14,183,6.557575757575758
hpmcounter6,jump,seed14,184,6.739393939393939
hpmcounter6,jump,seed14,185,6.848484848484849
hpmcounter6,jump,seed14,186,6.884848484848485
hpmcounter6,jump,seed14,187,6.848484848484849
hpmcounter6,jump,seed14,188,6.739393939393939
hpmcounter6,jump,seed14,189,6.557575757575758
hpmcounter6,jump,seed14,190,6.303030303030303
hpmcounter6,jump,seed14,191,6.218181818181818
hpmcounter6,jump,seed14,192,6.303030303030303
hpmcounter6,jump,seed14,193,6.557575757575758
hpmcounter6,jump,seed14,194,6.739393939393939
hpmcounter6,jump,seed14,195,6.848484848484849
hpmcounter6,jump,seed14,196,6.884848484848485
hpmcounter6,jump,seed14,197,6.848484848484849
hpmcounter6,jump,seed14,198,6.739393939393939
hpmcounter6,jump,seed14,199,6.557575757575758
hpmcounter6,jump,seed14,200,6.303030303030303
hpmcounter6,jump,seed14,201,6.218181818181818
hpmcounter6,jump,seed14,202,6.303030303030303
hpmcounter6,jump,seed14,203,6.557575757575758
hpmcounter6,jump,seed14,204,6.739393939393939
hpmcounter6,jump,seed14,205,6.848484848484849
hpmcounter6,jump,seed14,206,6.884848484848485
hpmcounter6,jump,seed14,207,6.848484848484849
hpmcounter6,jump,seed14,208,6.739393939393939
hpmcounter6,jump,seed14,209,6.557575757575758
hpmcounter6,jump,seed14,210,6.303030303030303
hpmcounter6,jump,seed14,211,6.218181818181818
hpmcounter6,jump,seed14,212,6.303030303030303
hpmcounter6,jump,seed14,213,6.557575757575758
hpmcounter6,jump,seed14,214,6.739393939393939
hpmcounter6,jump,seed14,215,6.848484848484849
hpmcounter6,jump,seed14,216,6.884848484848485
hpmcounter6,jump,seed14,217,6.848484848484849
hpmcounter6,jump,seed14,218,6.739393939393939
hpmcounter6,jump,seed14,219,6.557575757575758
hpmcounter6,jump,seed14,220,6.303030303030303
hpmcounter6,jump,seed14,221,6.218181818181818
hpmcounter6,jump,seed14,222,6.303030303030303
hpmcounter6,jump,seed14,223,6.557575757575758
hpmcounter6,jump,seed14,224,6.739393939393939
hpmcounter6,jump,seed14,225,6.848484848484849
hpmcounter6,jump,seed14,226,6.884848484848485
hpmcounter6,jump,seed14,227,6.848484848484849
hpmcounter6,jump,seed14,228,6.739393939393939
hpmcounter6,jump,seed14,229,6.557575757575758
hpmcounter6,jump,seed14,230,6.303030303030303
hpmcounter6,jump,seed14,231,6.218181818181818
hpmcounter6,jump,seed14,232,6.303030303030303
hpmcounter6,jump,seed14,233,6.557575757575758
hpmcounter6,jump,seed14,234,6.739393939393939
hpmcounter6,jump,seed14,235,6.848484848484849
hpmcounter6,jump,seed14,236,6.884848484848485
hpmcounter6,jump,seed14,237,6.848484848484849
hpmcounter6,jump,seed14,238,6.739393939393939
hpmcounter6,jump,seed14,239,6.557575757575758
hpmcounter6,jump,seed14,240,6.303030303030303
hpmcounter6,jump,seed14,241,6.218181818181818
hpmcounter6,jump,seed14,242,6.303030303030303
hpmcounter6,jump,seed14,243,6.557575757575758
hpmcounter6,jump,seed14,244,6.739393939393939
hpmcounter6,jump,seed14,245,6.848484848484849
hpmcounter6,jump,seed14,246,6.884848484848485
hpmcounter6,jump,seed14,247,6.848484848484849
hpmcounter6,jump,seed14,248,6.739393939393939
hpmcounter6,jump,seed14,249,6.557575757575758
hpmcounter6,jump,seed14,250,6.303030303030303
hpmcounter6,jump,seed14,251,6.218181818181818
hpmcounter6,jump,seed14,252,6.303030303030303
hpmcounter6,jump,seed14,253,6.557575757575758
hpmcounter6,jump,seed14,254,6.739393939393939
hpmcounter6,jump,seed14,255,6.848484848484849
hpmcounter6,jump,seed14,256,6.884848484848485
hpmcounter6,jump,seed14,257,6.848484848484849
hpmcounter6,jump,seed14,258,6.739393939393939
hpmcounter6,jump,seed14,259,6.557575757575758
hpmcounter6,jump,seed14,260,6.303030303030303
hpmcounter6,jump,seed14,261,6.218181818181818
hpmcounter6,jump,seed14,262,6.303030303030303
hpmcounter6,jump,seed14,263,6.557575757575758
hpmcounter6,jump,seed14,264,6.739393939393939
hpmcounter6,jump,seed14,265,6.848484848484849
hpmcounter6,jump,seed14,266,6.884848484848485
hpmcounter6,jump,seed14,267,6.848484848484849
hpmcounter6,jump,seed14,268,6.739393939393939
hpmcounter6,jump,seed14,269,6.557575757575758
hpmcounter6,jump,seed14,270,6.303030303030303
hpmcounter6,jump,seed14,271,6.218181818181818
hpmcounter6,jump,seed14,272,6.303030303030303
hpmcounter6,jump,seed14,273,6.557575757575758
hpmcounter6,jump,seed14,274,6.739393939393939
hpmcounter6,jump,seed14,275,6.848484848484849
hpmcounter6,jump,seed14,276,6.884848484848485
hpmcounter6,jump,seed14,277,6.848484848484849
hpmcounter6,jump,seed14,278,6.739393939393939
hpmcounter6,jump,seed14,279,6.557575757575758
hpmcounter6,jump,seed14,280,6.303030303030303
hpmcounter6,jump,seed14,281,6.218181818181818
hpmcounter6,jump,seed14,282,6.303030303030303
hpmcounter6,jump,seed14,283,6.557575757575758
hpmcounter6,jump,seed14,284,6.739393939393939
hpmcounter6,jump,seed14,285,6.848484848484849
hpmcounter6,jump,seed14,286,6.884848484848485
hpmcounter6,jump,seed14,287,6.848484848484849
hpmcounter6,jump,seed14,288,6.739393939393939
hpmcounter6,jump,seed14,289,6.557575757575758
hpmcounter6,jump,seed14,290,6.303030303030303
hpmcounter6,jump,seed14,291,6.218181818181818
hpmcounter6,jump,seed14,292,6.303030303030303
hpmcounter6,jump,seed14,293,6.557575757575758
hpmcounter6,jump,seed14,294,6.739393939393939
hpmcounter6,jump,seed14,295,6.848484848484849
hpmcounter6,jump,seed14,296,6.884848484848485
hpmcounter6,jump,seed14,297,6.848484848484849
hpmcounter6,jump,seed14,298,6.739393939393939
hpmcounter6,jump,seed15,9,6.557575757575758
hpmcounter6,jump,seed15,10,6.303030303030303
hpmcounter6,jump,seed15,11,6.218181818181818
hpmcounter6,jump,seed15,12,6.303030303030303
hpmcounter6,jump,seed15,13,6.557575757575758
hpmcounter6,jump,seed15,14,6.739393939393939
hpmcounter6,jump,seed15,15,6.848484848484849
hpmcounter6,jump,seed15,16,6.884848484848485
hpmcounter6,jump,seed15,17,6.848484848484849
hpmcounter6,jump,seed15,18,6.739393939393939
hpmcounter6,jump,seed15,19,6.557575757575758
hpmcounter6,jump,seed15,20,6.303030303030303
hpmcounter6,jump,seed15,21,6.218181818181818
hpmcounter6,jump,seed15,22,6.303030303030303
hpmcounter6,jump,seed15,23,6.557575757575758
hpmcounter6,jump,seed15,24,6.739393939393939
hpmcounter6,jump,seed15,25,6.848484848484849
hpmcounter6,jump,seed15,26,6.884848484848485
hpmcounter6,jump,seed15,27,6.848484848484849
hpmcounter6,jump,seed15,28,6.739393939393939
hpmcounter6,jump,seed15,29,6.557575757575758
hpmcounter6,jump,seed15,30,6.303030303030303
hpmcounter6,jump,seed15,31,6.218181818181818
hpmcounter6,jump,seed15,32,6.303030303030303
hpmcounter6,jump,seed15,33,6.557575757575758
hpmcounter6,jump,seed15,34,6.739393939393939
hpmcounter6,jump,seed15,35,6.848484848484849
hpmcounter6,jump,seed15,36,6.884848484848485
hpmcounter6,jump,seed15,37,6.848484848484849
hpmcounter6,jump,seed15,38,6.739393939393939
hpmcounter6,jump,seed15,39,6.557575757575758
hpmcounter6,jump,seed15,40,6.303030303030303
hpmcounter6,jump,seed15,41,6.218181818181818
hpmcounter6,jump,seed15,42,6.303030303030303
hpmcounter6,jump,seed15,43,6.557575757575758
hpmcounter6,jump,seed15,44,6.739393939393939
hpmcounter6,jump,seed15,45,6.848484848484849
hpmcounter6,jump,seed15,46,6.884848484848485
hpmcounter6,jump,seed15,47,6.848484848484849
hpmcounter6,jump,seed15,48,6.739393939393939
hpmcounter6,jump,seed15,49,6.557575757575758
hpmcounter6,jump,seed15,50,6.303030303030303
hpmcounter6,jump,seed15,51,6.218181818181818
hpmcounter6,jump,seed15,52,6.303030303030303
hpmcounter6,jump,seed15,53,6.557575757575758
hpmcounter6,jump,seed15,54,6.739393939393939
hpmcounter6,jump,seed15,55,6.848484848484849
hpmcounter6,jump,seed15,56,6.884848484848485
hpmcounter6,jump,seed15,57,6.848484848484849
hpmcounter6,jump,seed15,58,6.739393939393939
hpmcounter6,jump,seed15,59,6.557575757575758
hpmcounter6,jump,seed15,60,6.303030303030303
hpmcounter6,jump,seed15,61,6.218181818181818
hpmcounter6,jump,seed15,62,6.303030303030303
hpmcounter6,jump,seed15,63,6.557575757575758
hpmcounter6,jump,seed15,64,6.739393939393939
hpmcounter6,jump,seed15,65,6.848484848484849
hpmcounter6,jump,seed15,66,6.884848484848485
hpmcounter6,jump,seed15,67,6.848484848484849
hpmcounter6,jump,seed15,68,6.739393939393939
hpmcounter6,jump,seed15,69,6.557575757575758
hpmcounter6,jump,seed15,70,6.303030303030303
hpmcounter6,jump,seed15,71,6.218181818181818
hpmcounter6,jump,seed15,72,6.303030303030303
hpmcounter6,jump,seed15,73,6.557575757575758
hpmcounter6,jump,seed15,74,6.739393939393939
hpmcounter6,jump,seed15,75,6.848484848484849
hpmcounter6,jump,seed15,76,6.884848484848485
hpmcounter6,jump,seed15,77,6.848484848484849
hpmcounter6,jump,seed15,78,6.739393939393939
hpmcounter6,jump,seed15,79,6.557575757575758
hpmcounter6,jump,seed15,80,6.303030303030303
hpmcounter6,jump,seed15,81,6.218181818181818
hpmcounter6,jump,seed15,82,6.303030303030303
hpmcounter6,jump,seed15,83,6.557575757575758
hpmcounter6,jump,seed15,84,6.739393939393939
hpmcounter6,jump,seed15,85,6.848484848484849
hpmcounter6,jump,seed15,86,6.884848484848485
hpmcounter6,jump,seed15,87,6.848484848484849
hpmcounter6,jump,seed15,88,6.739393939393939
hpmcounter6,jump,seed15,89,6.557575757575758
hpmcounter6,jump,seed15,90,6.303030303030303
hpmcounter6,jump,seed15,91,6.218181818181818
hpmcounter6,jump,seed15,92,6.303030303030303
hpmcounter6,jump,seed15,93,6.557575757575758
hpmcounter6,jump,seed15,94,6.739393939393939
hpmcounter6,jump,seed15,95,6.848484848484849
hpmcounter6,jump,seed15,96,6.884848484848485
hpmcounter6,jump,seed15,97,6.848484848484849
hpmcounter6,jump,seed15,98,6.739393939393939
hpmcounter6,jump,seed15,99,6.557575757575758
hpmcounter6,jump,seed15,100,6.303030303030303
hpmcounter6,jump,seed15,101,6.218181818181818
hpmcounter6,jump,seed15,102,6.303030303030303
hpmcounter6,jump,seed15,103,6.557575757575758
hpmcounter6,jump,seed15,104,6.739393939393939
hpmcounter6,jump,seed15,105,6.848484848484849
hpmcounter6,jump,seed15,106,6.884848484848485
hpmcounter6,jump,seed15,107,6.848484848484849
hpmcounter6,jump,seed15,108,6.739393939393939
hpmcounter6,jump,seed15,109,6.557575757575758
hpmcounter6,jump,seed15,110,6.303030303030303
hpmcounter6,jump,seed15,111,6.218181818181818
hpmcounter6,jump,seed15,112,6.303030303030303
hpmcounter6,jump,seed15,113,6.557575757575758
hpmcounter6,jump,seed15,114,6.739393939393939
hpmcounter6,jump,seed15,115,6.848484848484849
hpmcounter6,jump,seed15,116,6.884848484848485
hpmcounter6,jump,seed15,117,6.848484848484849
hpmcounter6,jump,seed15,118,6.739393939393939
hpmcounter6,jump,seed15,119,6.557575757575758
hpmcounter6,jump,seed15,120,6.303030303030303
hpmcounter6,jump,seed15,121,6.218181818181818
hpmcounter6,jump,seed15,122,6.303030303030303
hpmcounter6,jump,seed15,123,6.557575757575758
hpmcounter6,jump,seed15,124,6.739393939393939
hpmcounter6,jump,seed15,125,6.848484848484849
hpmcounter6,jump,seed15,126,6.884848484848485
hpmcounter6,jump,seed15,127,6.848484848484849
hpmcounter6,jump,seed15,128,6.739393939393939
hpmcounter6,jump,seed15,129,6.557575757575758
hpmcounter6,jump,seed15,130,6.303030303030303
hpmcounter6,jump,seed15,131,6.218181818181818
hpmcounter6,jump,seed15,132,6.303030303030303
hpmcounter6,jump,seed15,133,6.557575757575758
hpmcounter6,jump,seed15,134,6.739393939393939
hpmcounter6,jump,seed15,135,6.848484848484849
hpmcounter6,jump,seed15,136,6.884848484848485
hpmcounter6,jump,seed15,137,6.848484848484849
hpmcounter6,jump,seed15,138,6.739393939393939
hpmcounter6,jump,seed15,139,6.557575757575758
hpmcounter6,jump,seed15,140,6.303030303030303
hpmcounter6,jump,seed15,141,6.218181818181818
hpmcounter6,jump,seed15,142,6.303030303030303
hpmcounter6,jump,seed15,143,6.557575757575758
hpmcounter6,jump,seed15,144,6.739393939393939
hpmcounter6,jump,seed15,145,6.848484848484849
hpmcounter6,jump,seed15,146,6.884848484848485
hpmcounter6,jump,seed15,147,6.848484848484849
hpmcounter6,jump,seed15,148,6.739393939393939
hpmcounter6,jump,seed15,149,6.557575757575758
hpmcounter6,jump,seed15,150,6.303030303030303
hpmcounter6,jump,seed15,151,6.218181818181818
hpmcounter6,jump,seed15,152,6.303030303030303
hpmcounter6,jump,seed15,153,6.557575757575758
hpmcounter6,jump,seed15,154,6.739393939393939
hpmcounter6,jump,seed15,155,6.848484848484849
hpmcounter6,jump,seed15,156,6.884848484848485
hpmcounter6,jump,seed15,157,6.848484848484849
hpmcounter6,jump,seed15,158,6.739393939393939
hpmcounter6,jump,seed15,159,6.557575757575758
hpmcounter6,jump,seed15,160,6.303030303030303
hpmcounter6,jump,seed15,161,6.218181818181818
hpmcounter6,jump,seed15,162,6.303030303030303
hpmcounter6,jump,seed15,163,6.557575757575758
hpmcounter6,jump,seed15,164,6.739393939393939
hpmcounter6,jump,seed15,165,6.848484848484849
hpmcounter6,jump,seed15,166,6.884848484848485
hpmcounter6,jump,seed15,167,6.848484848484849
hpmcounter6,jump,seed15,168,6.739393939393939
hpmcounter6,jump,seed15,169,6.557575757575758
hpmcounter6,jump,seed15,170,6.303030303030303
hpmcounter6,jump,seed15,171,6.218181818181818
hpmcounter6,jump,seed15,172,6.303030303030303
hpmcounter6,jump,seed15,173,6.557575757575758
hpmcounter6,jump,seed15,174,6.739393939393939
hpmcounter6,jump,seed15,175,6.848484848484849
hpmcounter6,jump,seed15,176,6.884848484848485
hpmcounter6,jump,seed15,177,6.848484848484849
hpmcounter6,jump,seed15,178,6.739393939393939
hpmcounter6,jump,seed15,179,6.557575757575758
hpmcounter6,jump,seed15,180,6.303030303030303
hpmcounter6,jump,seed15,181,6.218181818181818
hpmcounter6,jump,seed15,182,6.303030303030303
hpmcounter6,jump,seed15,183,6.557575757575758
hpmcounter6,jump,seed15,184,6.739393939393939
hpmcounter6,jump,seed15,185,6.848484848484849
hpmcounter6,jump,seed15,186,6.884848484848485
hpmcounter6,jump,seed15,187,6.848484848484849
hpmcounter6,jump,seed15,188,6.739393939393939
hpmcounter6,jump,seed15,189,6.557575757575758
hpmcounter6,jump,seed15,190,6.303030303030303
hpmcounter6,jump,seed15,191,6.218181818181818
hpmcounter6,jump,seed15,192,6.303030303030303
hpmcounter6,jump,seed15,193,6.557575757575758
hpmcounter6,jump,seed15,194,6.739393939393939
hpmcounter6,jump,seed15,195,6.848484848484849
hpmcounter6,jump,seed15,196,6.884848484848485
hpmcounter6,jump,seed15,197,6.848484848484849
hpmcounter6,jump,seed15,198,6.739393939393939
hpmcounter6,jump,seed15,199,6.557575757575758
hpmcounter6,jump,seed15,200,6.303030303030303
hpmcounter6,jump,seed15,201,6.218181818181818
hpmcounter6,jump,seed15,202,6.303030303030303
hpmcounter6,jump,seed15,203,6.557575757575758
hpmcounter6,jump,seed15,204,6.739393939393939
hpmcounter6,jump,seed15,205,6.848484848484849
hpmcounter6,jump,seed15,206,6.884848484848485
hpmcounter6,jump,seed15,207,6.848484848484849
hpmcounter6,jump,seed15,208,6.739393939393939
hpmcounter6,jump,seed15,209,6.557575757575758
hpmcounter6,jump,seed15,210,6.303030303030303
hpmcounter6,jump,seed15,211,6.218181818181818
hpmcounter6,jump,seed15,212,6.303030303030303
hpmcounter6,jump,seed15,213,6.557575757575758
hpmcounter6,jump,seed15,214,6.739393939393939
hpmcounter6,jump,seed15,215,6.848484848484849
hpmcounter6,jump,seed15,216,6.884848484848485
hpmcounter6,jump,seed15,217,6.848484848484849
hpmcounter6,jump,seed15,218,6.739393939393939
hpmcounter6,jump,seed15,219,6.557575757575758
hpmcounter6,jump,seed15,220,6.303030303030303
hpmcounter6,jump,seed15,221,6.218181818181818
hpmcounter6,jump,seed15,222,6.303030303030303
hpmcounter6,jump,seed15,223,6.557575757575758
hpmcounter6,jump,seed15,224,6.739393939393939
hpmcounter6,jump,seed15,225,6.848484848484849
hpmcounter6,jump,seed15,226,6.884848484848485
hpmcounter6,jump,seed15,227,6.848484848484849
hpmcounter6,jump,seed15,228,6.739393939393939
hpmcounter6,jump,seed15,229,6.557575757575758
hpmcounter6,jump,seed15,230,6.303030303030303
hpmcounter6,jump,seed15,231,6.218181818181818
hpmcounter6,jump,seed15,232,6.303030303030303
hpmcounter6,jump,seed15,233,6.557575757575758
hpmcounter6,jump,seed15,234,6.739393939393939
hpmcounter6,jump,seed15,235,6.848484848484849
hpmcounter6,jump,seed15,236,6.884848484848485
hpmcounter6,jump,seed15,237,6.848484848484849
hpmcounter6,jump,seed15,238,6.739393939393939
hpmcounter6,jump,seed15,239,6.557575757575758
hpmcounter6,jump,seed15,240,6.303030303030303
hpmcounter6,jump,seed15,241,6.218181818181818
hpmcounter6,jump,seed15,242,6.303030303030303
hpmcounter6,jump,seed15,243,6.557575757575758
hpmcounter6,jump,seed15,244,6.739393939393939
hpmcounter6,jump,seed15,245,6.848484848484849
hpmcounter6,jump,seed15,246,6.884848484848485
hpmcounter6,jump,seed15,247,6.848484848484849
hpmcounter6,jump,seed15,248,6.739393939393939
hpmcounter6,jump,seed15,249,6.557575757575758
hpmcounter6,jump,seed15,250,6.303030303030303
hpmcounter6,jump,seed15,251,6.218181818181818
hpmcounter6,jump,seed15,252,6.303030303030303
hpmcounter6,jump,seed15,253,6.557575757575758
hpmcounter6,jump,seed15,254,6.739393939393939
hpmcounter6,jump,seed15,255,6.848484848484849
hpmcounter6,jump,seed15,256,6.884848484848485
hpmcounter6,jump,seed15,257,6.848484848484849
hpmcounter6,jump,seed15,258,6.739393939393939
hpmcounter6,jump,seed15,259,6.557575757575758
hpmcounter6,jump,seed15,260,6.303030303030303
hpmcounter6,jump,seed15,261,6.218181818181818
hpmcounter6,jump,seed15,262,6.303030303030303
hpmcounter6,jump,seed15,263,6.557575757575758
hpmcounter6,jump,seed15,264,6.739393939393939
hpmcounter6,jump,seed15,265,6.848484848484849
hpmcounter6,jump,seed15,266,6.884848484848485
hpmcounter6,jump,seed15,267,6.848484848484849
hpmcounter6,jump,seed15,268,6.739393939393939
hpmcounter6,jump,seed15,269,6.557575757575758
hpmcounter6,jump,seed15,270,6.303030303030303
hpmcounter6,jump,seed15,271,6.218181818181818
hpmcounter6,jump,seed15,272,6.303030303030303
hpmcounter6,jump,seed15,273,6.557575757575758
hpmcounter6,jump,seed15,274,6.739393939393939
hpmcounter6,jump,seed15,275,6.848484848484849
hpmcounter6,jump,seed15,276,6.884848484848485
hpmcounter6,jump,seed15,277,6.848484848484849
hpmcounter6,jump,seed15,278,6.739393939393939
hpmcounter6,jump,seed15,279,6.557575757575758
hpmcounter6,jump,seed15,280,6.303030303030303
hpmcounter6,jump,seed15,281,6.218181818181818
hpmcounter6,jump,seed15,282,6.303030303030303
hpmcounter6,jump,seed15,283,6.557575757575758
hpmcounter6,jump,seed15,284,6.739393939393939
hpmcounter6,jump,seed15,285,6.848484848484849
hpmcounter6,jump,seed15,286,6.884848484848485
hpmcounter6,jump,seed15,287,6.848484848484849
hpmcounter6,jump,seed15,288,6.739393939393939
hpmcounter6,jump,seed15,289,6.557575757575758
hpmcounter6,jump,seed15,290,6.303030303030303
hpmcounter6,jump,seed15,291,6.218181818181818
hpmcounter6,jump,seed15,292,6.303030303030303
hpmcounter6,jump,seed15,293,6.557575757575758
hpmcounter6,jump,seed15,294,6.739393939393939
hpmcounter6,jump,seed15,295,6.848484848484849
hpmcounter6,jump,seed15,296,6.884848484848485
hpmcounter6,jump,seed15,297,6.848484848484849
hpmcounter6,jump,seed15,298,6.739393939393939
hpmcounter6,jump,seed16,9,6.557575757575758
hpmcounter6,jump,seed16,10,6.303030303030303
hpmcounter6,jump,seed16,11,6.218181818181818
hpmcounter6,jump,seed16,12,6.303030303030303
hpmcounter6,jump,seed16,13,6.557575757575758
hpmcounter6,jump,seed16,14,6.739393939393939
hpmcounter6,jump,seed16,15,6.848484848484849
hpmcounter6,jump,seed16,16,6.884848484848485
hpmcounter6,jump,seed16,17,6.848484848484849
hpmcounter6,jump,seed16,18,6.739393939393939
hpmcounter6,jump,seed16,19,6.557575757575758
hpmcounter6,jump,seed16,20,6.303030303030303
hpmcounter6,jump,seed16,21,6.218181818181818
hpmcounter6,jump,seed16,22,6.303030303030303
hpmcounter6,jump,seed16,23,6.557575757575758
hpmcounter6,jump,seed16,24,6.739393939393939
hpmcounter6,jump,seed16,25,6.848484848484849
hpmcounter6,jump,seed16,26,6.884848484848485
hpmcounter6,jump,seed16,27,6.848484848484849
hpmcounter6,jump,seed16,28,6.739393939393939
hpmcounter6,jump,seed16,29,6.557575757575758
hpmcounter6,jump,seed16,30,6.303030303030303
hpmcounter6,jump,seed16,31,6.218181818181818
hpmcounter6,jump,seed16,32,6.303030303030303
hpmcounter6,jump,seed16,33,6.557575757575758
hpmcounter6,jump,seed16,34,6.739393939393939
hpmcounter6,jump,seed16,35,6.848484848484849
hpmcounter6,jump,seed16,36,6.884848484848485
hpmcounter6,jump,seed16,37,6.848484848484849
hpmcounter6,jump,seed16,38,6.739393939393939
hpmcounter6,jump,seed16,39,6.557575757575758
hpmcounter6,jump,seed16,40,6.303030303030303
hpmcounter6,jump,seed16,41,6.218181818181818
hpmcounter6,jump,seed16,42,6.303030303030303
hpmcounter6,jump,seed16,43,6.557575757575758
hpmcounter6,jump,seed16,44,6.739393939393939
hpmcounter6,jump,seed16,45,6.848484848484849
hpmcounter6,jump,seed16,46,6.884848484848485
hpmcounter6,jump,seed16,47,6.848484848484849
hpmcounter6,jump,seed16,48,6.739393939393939
hpmcounter6,jump,seed16,49,6.557575757575758
hpmcounter6,jump,seed16,50,6.303030303030303
hpmcounter6,jump,seed16,51,6.218181818181818
hpmcounter6,jump,seed16,52,6.303030303030303
hpmcounter6,jump,seed16,53,6.557575757575758
hpmcounter6,jump,seed16,54,6.739393939393939
hpmcounter6,jump,seed16,55,6.848484848484849
hpmcounter6,jump,seed16,56,6.884848484848485
hpmcounter6,jump,seed16,57,6.848484848484849
hpmcounter6,jump,seed16,58,6.739393939393939
hpmcounter6,jump,seed16,59,6.557575757575758
hpmcounter6,jump,seed16,60,6.303030303030303
hpmcounter6,jump,seed16,61,6.218181818181818
hpmcounter6,jump,seed16,62,6.303030303030303
hpmcounter6,jump,seed16,63,6.557575757575758
hpmcounter6,jump,seed16,64,6.739393939393939
hpmcounter6,jump,seed16,65,6.848484848484849
hpmcounter6,jump,seed16,66,6.884848484848485
hpmcounter6,jump,seed16,67,6.848484848484849
hpmcounter6,jump,seed16,68,6.739393939393939
hpmcounter6,jump,seed16,69,6.557575757575758
hpmcounter6,jump,seed16,70,6.303030303030303
hpmcounter6,jump,seed16,71,6.218181818181818
hpmcounter6,jump,seed16,72,6.303030303030303
hpmcounter6,jump,seed16,73,6.557575757575758
hpmcounter6,jump,seed16,74,6.739393939393939
hpmcounter6,jump,seed16,75,6.848484848484849
hpmcounter6,jump,seed16,76,6.884848484848485
hpmcounter6,jump,seed16,77,6.848484848484849
hpmcounter6,jump,seed16,78,6.739393939393939
hpmcounter6,jump,seed16,79,6.557575757575758
hpmcounter6,jump,seed16,80,6.303030303030303
hpmcounter6,jump,seed16,81,6.218181818181818
hpmcounter6,jump,seed16,82,6.303030303030303
hpmcounter6,jump,seed16,83,6.557575757575758
hpmcounter6,jump,seed16,84,6.739393939393939
hpmcounter6,jump,seed16,85,6.848484848484849
hpmcounter6,jump,seed16,86,6.884848484848485
hpmcounter6,jump,seed16,87,6.848484848484849
hpmcounter6,jump,seed16,88,6.739393939393939
hpmcounter6,jump,seed16,89,6.557575757575758
hpmcounter6,jump,seed16,90,6.303030303030303
hpmcounter6,jump,seed16,91,6.218181818181818
hpmcounter6,jump,seed16,92,6.303030303030303
hpmcounter6,jump,seed16,93,6.557575757575758
hpmcounter6,jump,seed16,94,6.739393939393939
hpmcounter6,jump,seed16,95,6.848484848484849
hpmcounter6,jump,seed16,96,6.884848484848485
hpmcounter6,jump,seed16,97,6.848484848484849
hpmcounter6,jump,seed16,98,6.739393939393939
hpmcounter6,jump,seed16,99,6.557575757575758
hpmcounter6,jump,seed16,100,6.303030303030303
hpmcounter6,jump,seed16,101,6.218181818181818
hpmcounter6,jump,seed16,102,6.303030303030303
hpmcounter6,jump,seed16,103,6.557575757575758
hpmcounter6,jump,seed16,104,6.739393939393939
hpmcounter6,jump,seed16,105,6.848484848484849
hpmcounter6,jump,seed16,106,6.884848484848485
hpmcounter6,jump,seed16,107,6.848484848484849
hpmcounter6,jump,seed16,108,6.739393939393939
hpmcounter6,jump,seed16,109,6.557575757575758
hpmcounter6,jump,seed16,110,6.303030303030303
hpmcounter6,jump,seed16,111,6.218181818181818
hpmcounter6,jump,seed16,112,6.303030303030303
hpmcounter6,jump,seed16,113,6.557575757575758
hpmcounter6,jump,seed16,114,6.739393939393939
hpmcounter6,jump,seed16,115,6.848484848484849
hpmcounter6,jump,seed16,116,6.884848484848485
hpmcounter6,jump,seed16,117,6.848484848484849
hpmcounter6,jump,seed16,118,6.739393939393939
hpmcounter6,jump,seed16,119,6.557575757575758
hpmcounter6,jump,seed16,120,6.303030303030303
hpmcounter6,jump,seed16,121,6.218181818181818
hpmcounter6,jump,seed16,122,6.303030303030303
hpmcounter6,jump,seed16,123,6.557575757575758
hpmcounter6,jump,seed16,124,6.739393939393939
hpmcounter6,jump,seed16,125,6.848484848484849
hpmcounter6,jump,seed16,126,6.884848484848485
hpmcounter6,jump,seed16,127,6.848484848484849
hpmcounter6,jump,seed16,128,6.739393939393939
hpmcounter6,jump,seed16,129,6.557575757575758
hpmcounter6,jump,seed16,130,6.303030303030303
hpmcounter6,jump,seed16,131,6.218181818181818
hpmcounter6,jump,seed16,132,6.303030303030303
hpmcounter6,jump,seed16,133,6.557575757575758
hpmcounter6,jump,seed16,134,6.739393939393939
hpmcounter6,jump,seed16,135,6.848484848484849
hpmcounter6,jump,seed16,136,6.884848484848485
hpmcounter6,jump,seed16,137,6.848484848484849
hpmcounter6,jump,seed16,138,6.739393939393939
hpmcounter6,jump,seed16,139,6.557575757575758
hpmcounter6,jump,seed16,140,6.303030303030303
hpmcounter6,jump,seed16,141,6.218181818181818
hpmcounter6,jump,seed16,142,6.303030303030303
hpmcounter6,jump,seed16,143,6.557575757575758
hpmcounter6,jump,seed16,144,6.739393939393939
hpmcounter6,jump,seed16,145,6.848484848484849
hpmcounter6,jump,seed16,146,6.884848484848485
hpmcounter6,jump,seed16,147,6.848484848484849
hpmcounter6,jump,seed16,148,6.739393939393939
hpmcounter6,jump,seed16,149,6.557575757575758
hpmcounter6,jump,seed16,150,6.303030303030303
hpmcounter6,jump,seed16,151,6.218181818181818
hpmcounter6,jump,seed16,152,6.303030303030303
hpmcounter6,jump,seed16,153,6.557575757575758
hpmcounter6,jump,seed16,154,6.739393939393939
hpmcounter6,jump,seed16,155,6.848484848484849
hpmcounter6,jump,seed16,156,6.884848484848485
hpmcounter6,jump,seed16,157,6.848484848484849
hpmcounter6,jump,seed16,158,6.739393939393939
hpmcounter6,jump,seed16,159,6.557575757575758
hpmcounter6,jump,seed16,160,6.303030303030303
hpmcounter6,jump,seed16,161,6.218181818181818
hpmcounter6,jump,seed16,162,6.303030303030303
hpmcounter6,jump,seed16,163,6.557575757575758
hpmcounter6,jump,seed16,164,6.739393939393939
hpmcounter6,jump,seed16,165,6.848484848484849
hpmcounter6,jump,seed16,166,6.884848484848485
hpmcounter6,jump,seed16,167,6.848484848484849
hpmcounter6,jump,seed16,168,6.739393939393939
hpmcounter6,jump,seed16,169,6.557575757575758
hpmcounter6,jump,seed16,170,6.303030303030303
hpmcounter6,jump,seed16,171,6.218181818181818
hpmcounter6,jump,seed16,172,6.303030303030303
hpmcounter6,jump,seed16,173,6.557575757575758
hpmcounter6,jump,seed16,174,6.739393939393939
hpmcounter6,jump,seed16,175,6.848484848484849
hpmcounter6,jump,seed16,176,6.884848484848485
hpmcounter6,jump,seed16,177,6.848484848484849
hpmcounter6,jump,seed16,178,6.739393939393939
hpmcounter6,jump,seed16,179,6.557575757575758
hpmcounter6,jump,seed16,180,6.303030303030303
hpmcounter6,jump,seed16,181,6.218181818181818
hpmcounter6,jump,seed16,182,6.303030303030303
hpmcounter6,jump,seed16,183,6.557575757575758
hpmcounter6,jump,seed16,184,6.739393939393939
hpmcounter6,jump,seed16,185,6.848484848484849
hpmcounter6,jump,seed16,186,6.884848484848485
hpmcounter6,jump,seed16,187,6.848484848484849
hpmcounter6,jump,seed16,188,6.739393939393939
hpmcounter6,jump,seed16,189,6.557575757575758
hpmcounter6,jump,seed16,190,6.303030303030303
hpmcounter6,jump,seed16,191,6.218181818181818
hpmcounter6,jump,seed16,192,6.303030303030303
hpmcounter6,jump,seed16,193,6.557575757575758
hpmcounter6,jump,seed16,194,6.739393939393939
hpmcounter6,jump,seed16,195,6.848484848484849
hpmcounter6,jump,seed16,196,6.884848484848485
hpmcounter6,jump,seed16,197,6.848484848484849
hpmcounter6,jump,seed16,198,6.739393939393939
hpmcounter6,jump,seed16,199,6.557575757575758
hpmcounter6,jump,seed16,200,6.303030303030303
hpmcounter6,jump,seed16,201,6.218181818181818
hpmcounter6,jump,seed16,202,6.303030303030303
hpmcounter6,jump,seed16,203,6.557575757575758
hpmcounter6,jump,seed16,204,6.739393939393939
hpmcounter6,jump,seed16,205,6.848484848484849
hpmcounter6,jump,seed16,206,6.884848484848485
hpmcounter6,jump,seed16,207,6.848484848484849
hpmcounter6,jump,seed16,208,6.739393939393939
hpmcounter6,jump,seed16,209,6.557575757575758
hpmcounter6,jump,seed16,210,6.303030303030303
hpmcounter6,jump,seed16,211,6.218181818181818
hpmcounter6,jump,seed16,212,6.303030303030303
hpmcounter6,jump,seed16,213,6.557575757575758
hpmcounter6,jump,seed16,214,6.739393939393939
hpmcounter6,jump,seed16,215,6.848484848484849
hpmcounter6,jump,seed16,216,6.884848484848485
hpmcounter6,jump,seed16,217,6.848484848484849
hpmcounter6,jump,seed16,218,6.739393939393939
hpmcounter6,jump,seed16,219,6.557575757575758
hpmcounter6,jump,seed16,220,6.303030303030303
hpmcounter6,jump,seed16,221,6.218181818181818
hpmcounter6,jump,seed16,222,6.303030303030303
hpmcounter6,jump,seed16,223,6.557575757575758
hpmcounter6,jump,seed16,224,6.739393939393939
hpmcounter6,jump,seed16,225,6.848484848484849
hpmcounter6,jump,seed16,226,6.884848484848485
hpmcounter6,jump,seed16,227,6.848484848484849
hpmcounter6,jump,seed16,228,6.739393939393939
hpmcounter6,jump,seed16,229,6.557575757575758
hpmcounter6,jump,seed16,230,6.303030303030303
hpmcounter6,jump,seed16,231,6.218181818181818
hpmcounter6,jump,seed16,232,6.303030303030303
hpmcounter6,jump,seed16,233,6.557575757575758
hpmcounter6,jump,seed16,234,6.739393939393939
hpmcounter6,jump,seed16,235,6.848484848484849
hpmcounter6,jump,seed16,236,6.884848484848485
hpmcounter6,jump,seed16,237,6.848484848484849
hpmcounter6,jump,seed16,238,6.739393939393939
hpmcounter6,jump,seed16,239,6.557575757575758
hpmcounter6,jump,seed16,240,6.303030303030303
hpmcounter6,jump,seed16,241,6.218181818181818
hpmcounter6,jump,seed16,242,6.303030303030303
hpmcounter6,jump,seed16,243,6.557575757575758
hpmcounter6,jump,seed16,244,6.739393939393939
hpmcounter6,jump,seed16,245,6.848484848484849
hpmcounter6,jump,seed16,246,6.884848484848485
hpmcounter6,jump,seed16,247,6.848484848484849
hpmcounter6,jump,seed16,248,6.739393939393939
hpmcounter6,jump,seed16,249,6.557575757575758
hpmcounter6,jump,seed16,250,6.303030303030303
hpmcounter6,jump,seed16,251,6.218181818181818
hpmcounter6,jump,seed16,252,6.303030303030303
hpmcounter6,jump,seed16,253,6.557575757575758
hpmcounter6,jump,seed16,254,6.739393939393939
hpmcounter6,jump,seed16,255,6.848484848484849
hpmcounter6,jump,seed16,256,6.884848484848485
hpmcounter6,jump,seed16,257,6.848484848484849
hpmcounter6,jump,seed16,258,6.739393939393939
hpmcounter6,jump,seed16,259,6.557575757575758
hpmcounter6,jump,seed16,260,6.303030303030303
hpmcounter6,jump,seed16,261,6.218181818181818
hpmcounter6,jump,seed16,262,6.303030303030303
hpmcounter6,jump,seed16,263,6.557575757575758
hpmcounter6,jump,seed16,264,6.739393939393939
hpmcounter6,jump,seed16,265,6.848484848484849
hpmcounter6,jump,seed16,266,6.884848484848485
hpmcounter6,jump,seed16,267,6.848484848484849
hpmcounter6,jump,seed16,268,6.739393939393939
hpmcounter6,jump,seed16,269,6.557575757575758
hpmcounter6,jump,seed16,270,6.303030303030303
hpmcounter6,jump,seed16,271,6.218181818181818
hpmcounter6,jump,seed16,272,6.303030303030303
hpmcounter6,jump,seed16,273,6.557575757575758
hpmcounter6,jump,seed16,274,6.739393939393939
hpmcounter6,jump,seed16,275,6.848484848484849
hpmcounter6,jump,seed16,276,6.884848484848485
hpmcounter6,jump,seed16,277,6.848484848484849
hpmcounter6,jump,seed16,278,6.739393939393939
hpmcounter6,jump,seed16,279,6.557575757575758
hpmcounter6,jump,seed16,280,6.303030303030303
hpmcounter6,jump,seed16,281,6.218181818181818
hpmcounter6,jump,seed16,282,6.303030303030303
hpmcounter6,jump,seed16,283,6.557575757575758
hpmcounter6,jump,seed16,284,6.739393939393939
hpmcounter6,jump,seed16,285,6.848484848484849
hpmcounter6,jump,seed16,286,6.884848484848485
hpmcounter6,jump,seed16,287,6.848484848484849
hpmcounter6,jump,seed16,288,6.739393939393939
hpmcounter6,jump,seed16,289,6.557575757575758
hpmcounter6,jump,seed16,290,6.303030303030303
hpmcounter6,jump,seed16,291,6.218181818181818
hpmcounter6,jump,seed16,292,6.303030303030303
hpmcounter6,jump,seed16,293,6.557575757575758
hpmcounter6,jump,seed16,294,6.739393939393939
hpmcounter6,jump,seed16,295,6.848484848484849
hpmcounter6,jump,seed16,296,6.884848484848485
hpmcounter6,jump,seed16,297,6.848484848484849
hpmcounter6,jump,seed16,298,6.739393939393939
hpmcounter6,jump,seed17,9,6.557575757575758
hpmcounter6,jump,seed17,10,6.303030303030303
hpmcounter6,jump,seed17,11,6.218181818181818
hpmcounter6,jump,seed17,12,6.303030303030303
hpmcounter6,jump,seed17,13,6.557575757575758
hpmcounter6,jump,seed17,14,6.739393939393939
hpmcounter6,jump,seed17,15,6.848484848484849
hpmcounter6,jump,seed17,16,6.884848484848485
hpmcounter6,jump,seed17,17,6.848484848484849
hpmcounter6,jump,seed17,18,6.739393939393939
hpmcounter6,jump,seed17,19,6.557575757575758
hpmcounter6,jump,seed17,20,6.303030303030303
hpmcounter6,jump,seed17,21,6.218181818181818
hpmcounter6,jump,seed17,22,6.303030303030303
hpmcounter6,jump,seed17,23,6.557575757575758
hpmcounter6,jump,seed17,24,6.739393939393939
hpmcounter6,jump,seed17,25,6.848484848484849
hpmcounter6,jump,seed17,26,6.884848484848485
hpmcounter6,jump,seed17,27,6.848484848484849
hpmcounter6,jump,seed17,28,6.739393939393939
hpmcounter6,jump,seed17,29,6.557575757575758
hpmcounter6,jump,seed17,30,6.303030303030303
hpmcounter6,jump,seed17,31,6.218181818181818
hpmcounter6,jump,seed17,32,6.303030303030303
hpmcounter6,jump,seed17,33,6.557575757575758
hpmcounter6,jump,seed17,34,6.739393939393939
hpmcounter6,jump,seed17,35,6.848484848484849
hpmcounter6,jump,seed17,36,6.884848484848485
hpmcounter6,jump,seed17,37,6.848484848484849
hpmcounter6,jump,seed17,38,6.739393939393939
hpmcounter6,jump,seed17,39,6.557575757575758
hpmcounter6,jump,seed17,40,6.303030303030303
hpmcounter6,jump,seed17,41,6.218181818181818
hpmcounter6,jump,seed17,42,6.303030303030303
hpmcounter6,jump,seed17,43,6.557575757575758
hpmcounter6,jump,seed17,44,6.739393939393939
hpmcounter6,jump,seed17,45,6.848484848484849
hpmcounter6,jump,seed17,46,6.884848484848485
hpmcounter6,jump,seed17,47,6.848484848484849
hpmcounter6,jump,seed17,48,6.739393939393939
hpmcounter6,jump,seed17,49,6.557575757575758
hpmcounter6,jump,seed17,50,6.303030303030303
hpmcounter6,jump,seed17,51,6.218181818181818
hpmcounter6,jump,seed17,52,6.303030303030303
hpmcounter6,jump,seed17,53,6.557575757575758
hpmcounter6,jump,seed17,54,6.739393939393939
hpmcounter6,jump,seed17,55,6.848484848484849
hpmcounter6,jump,seed17,56,6.884848484848485
hpmcounter6,jump,seed17,57,6.848484848484849
hpmcounter6,jump,seed17,58,6.739393939393939
hpmcounter6,jump,seed17,59,6.557575757575758
hpmcounter6,jump,seed17,60,6.303030303030303
hpmcounter6,jump,seed17,61,6.218181818181818
hpmcounter6,jump,seed17,62,6.303030303030303
hpmcounter6,jump,seed17,63,6.557575757575758
hpmcounter6,jump,seed17,64,6.739393939393939
hpmcounter6,jump,seed17,65,6.848484848484849
hpmcounter6,jump,seed17,66,6.884848484848485
hpmcounter6,jump,seed17,67,6.848484848484849
hpmcounter6,jump,seed17,68,6.739393939393939
hpmcounter6,jump,seed17,69,6.557575757575758
hpmcounter6,jump,seed17,70,6.303030303030303
hpmcounter6,jump,seed17,71,6.218181818181818
hpmcounter6,jump,seed17,72,6.303030303030303
hpmcounter6,jump,seed17,73,6.557575757575758
hpmcounter6,jump,seed17,74,6.739393939393939
hpmcounter6,jump,seed17,75,6.848484848484849
hpmcounter6,jump,seed17,76,6.884848484848485
hpmcounter6,jump,seed17,77,6.848484848484849
hpmcounter6,jump,seed17,78,6.739393939393939
hpmcounter6,jump,seed17,79,6.557575757575758
hpmcounter6,jump,seed17,80,6.303030303030303
hpmcounter6,jump,seed17,81,6.218181818181818
hpmcounter6,jump,seed17,82,6.303030303030303
hpmcounter6,jump,seed17,83,6.557575757575758
hpmcounter6,jump,seed17,84,6.739393939393939
hpmcounter6,jump,seed17,85,6.848484848484849
hpmcounter6,jump,seed17,86,6.884848484848485
hpmcounter6,jump,seed17,87,6.848484848484849
hpmcounter6,jump,seed17,88,6.739393939393939
hpmcounter6,jump,seed17,89,6.557575757575758
hpmcounter6,jump,seed17,90,6.303030303030303
hpmcounter6,jump,seed17,91,6.218181818181818
hpmcounter6,jump,seed17,92,6.303030303030303
hpmcounter6,jump,seed17,93,6.557575757575758
hpmcounter6,jump,seed17,94,6.739393939393939
hpmcounter6,jump,seed17,95,6.848484848484849
hpmcounter6,jump,seed17,96,6.884848484848485
hpmcounter6,jump,seed17,97,6.848484848484849
hpmcounter6,jump,seed17,98,6.739393939393939
hpmcounter6,jump,seed17,99,6.557575757575758
hpmcounter6,jump,seed17,100,6.303030303030303
hpmcounter6,jump,seed17,101,6.218181818181818
hpmcounter6,jump,seed17,102,6.303030303030303
hpmcounter6,jump,seed17,103,6.557575757575758
hpmcounter6,jump,seed17,104,6.739393939393939
hpmcounter6,jump,seed17,105,6.848484848484849
hpmcounter6,jump,seed17,106,6.884848484848485
hpmcounter6,jump,seed17,107,6.848484848484849
hpmcounter6,jump,seed17,108,6.739393939393939
hpmcounter6,jump,seed17,109,6.557575757575758
hpmcounter6,jump,seed17,110,6.303030303030303
hpmcounter6,jump,seed17,111,6.218181818181818
hpmcounter6,jump,seed17,112,6.303030303030303
hpmcounter6,jump,seed17,113,6.557575757575758
hpmcounter6,jump,seed17,114,6.739393939393939
hpmcounter6,jump,seed17,115,6.848484848484849
hpmcounter6,jump,seed17,116,6.884848484848485
hpmcounter6,jump,seed17,117,6.848484848484849
hpmcounter6,jump,seed17,118,6.739393939393939
hpmcounter6,jump,seed17,119,6.557575757575758
hpmcounter6,jump,seed17,120,6.303030303030303
hpmcounter6,jump,seed17,121,6.218181818181818
hpmcounter6,jump,seed17,122,6.303030303030303
hpmcounter6,jump,seed17,123,6.557575757575758
hpmcounter6,jump,seed17,124,6.739393939393939
hpmcounter6,jump,seed17,125,6.848484848484849
hpmcounter6,jump,seed17,126,6.884848484848485
hpmcounter6,jump,seed17,127,6.848484848484849
hpmcounter6,jump,seed17,128,6.739393939393939
hpmcounter6,jump,seed17,129,6.557575757575758
hpmcounter6,jump,seed17,130,6.303030303030303
hpmcounter6,jump,seed17,131,6.218181818181818
hpmcounter6,jump,seed17,132,6.303030303030303
hpmcounter6,jump,seed17,133,6.557575757575758
hpmcounter6,jump,seed17,134,6.739393939393939
hpmcounter6,jump,seed17,135,6.848484848484849
hpmcounter6,jump,seed17,136,6.884848484848485
hpmcounter6,jump,seed17,137,6.848484848484849
hpmcounter6,jump,seed17,138,6.739393939393939
hpmcounter6,jump,seed17,139,6.557575757575758
hpmcounter6,jump,seed17,140,6.303030303030303
hpmcounter6,jump,seed17,141,6.218181818181818
hpmcounter6,jump,seed17,142,6.303030303030303
hpmcounter6,jump,seed17,143,6.557575757575758
hpmcounter6,jump,seed17,144,6.739393939393939
hpmcounter6,jump,seed17,145,6.848484848484849
hpmcounter6,jump,seed17,146,6.884848484848485
hpmcounter6,jump,seed17,147,6.848484848484849
hpmcounter6,jump,seed17,148,6.739393939393939
hpmcounter6,jump,seed17,149,6.557575757575758
hpmcounter6,jump,seed17,150,6.303030303030303
hpmcounter6,jump,seed17,151,6.218181818181818
hpmcounter6,jump,seed17,152,6.303030303030303
hpmcounter6,jump,seed17,153,6.557575757575758
hpmcounter6,jump,seed17,154,6.739393939393939
hpmcounter6,jump,seed17,155,6.848484848484849
hpmcounter6,jump,seed17,156,6.884848484848485
hpmcounter6,jump,seed17,157,6.848484848484849
hpmcounter6,jump,seed17,158,6.739393939393939
hpmcounter6,jump,seed17,159,6.557575757575758
hpmcounter6,jump,seed17,160,6.303030303030303
hpmcounter6,jump,seed17,161,6.218181818181818
hpmcounter6,jump,seed17,162,6.303030303030303
hpmcounter6,jump,seed17,163,6.557575757575758
hpmcounter6,jump,seed17,164,6.739393939393939
hpmcounter6,jump,seed17,165,6.848484848484849
hpmcounter6,jump,seed17,166,6.884848484848485
hpmcounter6,jump,seed17,167,6.848484848484849
hpmcounter6,jump,seed17,168,6.739393939393939
hpmcounter6,jump,seed17,169,6.557575757575758
hpmcounter6,jump,seed17,170,6.303030303030303
hpmcounter6,jump,seed17,171,6.218181818181818
hpmcounter6,jump,seed17,172,6.303030303030303
hpmcounter6,jump,seed17,173,6.557575757575758
hpmcounter6,jump,seed17,174,6.739393939393939
hpmcounter6,jump,seed17,175,6.848484848484849
hpmcounter6,jump,seed17,176,6.884848484848485
hpmcounter6,jump,seed17,177,6.848484848484849
hpmcounter6,jump,seed17,178,6.739393939393939
hpmcounter6,jump,seed17,179,6.557575757575758
hpmcounter6,jump,seed17,180,6.303030303030303
hpmcounter6,jump,seed17,181,6.218181818181818
hpmcounter6,jump,seed17,182,6.303030303030303
hpmcounter6,jump,seed17,183,6.557575757575758
hpmcounter6,jump,seed17,184,6.739393939393939
hpmcounter6,jump,seed17,185,6.848484848484849
hpmcounter6,jump,seed17,186,6.884848484848485
hpmcounter6,jump,seed17,187,6.848484848484849
hpmcounter6,jump,seed17,188,6.739393939393939
hpmcounter6,jump,seed17,189,6.557575757575758
hpmcounter6,jump,seed17,190,6.303030303030303
hpmcounter6,jump,seed17,191,6.218181818181818
hpmcounter6,jump,seed17,192,6.303030303030303
hpmcounter6,jump,seed17,193,6.557575757575758
hpmcounter6,jump,seed17,194,6.739393939393939
hpmcounter6,jump,seed17,195,6.848484848484849
hpmcounter6,jump,seed17,196,6.884848484848485
hpmcounter6,jump,seed17,197,6.848484848484849
hpmcounter6,jump,seed17,198,6.739393939393939
hpmcounter6,jump,seed17,199,6.557575757575758
hpmcounter6,jump,seed17,200,6.303030303030303
hpmcounter6,jump,seed17,201,6.218181818181818
hpmcounter6,jump,seed17,202,6.303030303030303
hpmcounter6,jump,seed17,203,6.557575757575758
hpmcounter6,jump,seed17,204,6.739393939393939
hpmcounter6,jump,seed17,205,6.848484848484849
hpmcounter6,jump,seed17,206,6.884848484848485
hpmcounter6,jump,seed17,207,6.848484848484849
hpmcounter6,jump,seed17,208,6.739393939393939
hpmcounter6,jump,seed17,209,6.557575757575758
hpmcounter6,jump,seed17,210,6.303030303030303
hpmcounter6,jump,seed17,211,6.218181818181818
hpmcounter6,jump,seed17,212,6.303030303030303
hpmcounter6,jump,seed17,213,6.557575757575758
hpmcounter6,jump,seed17,214,6.739393939393939
hpmcounter6,jump,seed17,215,6.848484848484849
hpmcounter6,jump,seed17,216,6.884848484848485
hpmcounter6,jump,seed17,217,6.848484848484849
hpmcounter6,jump,seed17,218,6.739393939393939
hpmcounter6,jump,seed17,219,6.557575757575758
hpmcounter6,jump,seed17,220,6.303030303030303
hpmcounter6,jump,seed17,221,6.218181818181818
hpmcounter6,jump,seed17,222,6.303030303030303
hpmcounter6,jump,seed17,223,6.557575757575758
hpmcounter6,jump,seed17,224,6.739393939393939
hpmcounter6,jump,seed17,225,6.848484848484849
hpmcounter6,jump,seed17,226,6.884848484848485
hpmcounter6,jump,seed17,227,6.848484848484849
hpmcounter6,jump,seed17,228,6.739393939393939
hpmcounter6,jump,seed17,229,6.557575757575758
hpmcounter6,jump,seed17,230,6.303030303030303
hpmcounter6,jump,seed17,231,6.218181818181818
hpmcounter6,jump,seed17,232,6.303030303030303
hpmcounter6,jump,seed17,233,6.557575757575758
hpmcounter6,jump,seed17,234,6.739393939393939
hpmcounter6,jump,seed17,235,6.848484848484849
hpmcounter6,jump,seed17,236,6.884848484848485
hpmcounter6,jump,seed17,237,6.848484848484849
hpmcounter6,jump,seed17,238,6.739393939393939
hpmcounter6,jump,seed17,239,6.557575757575758
hpmcounter6,jump,seed17,240,6.303030303030303
hpmcounter6,jump,seed17,241,6.218181818181818
hpmcounter6,jump,seed17,242,6.303030303030303
hpmcounter6,jump,seed17,243,6.557575757575758
hpmcounter6,jump,seed17,244,6.739393939393939
hpmcounter6,jump,seed17,245,6.848484848484849
hpmcounter6,jump,seed17,246,6.884848484848485
hpmcounter6,jump,seed17,247,6.848484848484849
hpmcounter6,jump,seed17,248,6.739393939393939
hpmcounter6,jump,seed17,249,6.557575757575758
hpmcounter6,jump,seed17,250,6.303030303030303
hpmcounter6,jump,seed17,251,6.218181818181818
hpmcounter6,jump,seed17,252,6.303030303030303
hpmcounter6,jump,seed17,253,6.557575757575758
hpmcounter6,jump,seed17,254,6.739393939393939
hpmcounter6,jump,seed17,255,6.848484848484849
hpmcounter6,jump,seed17,256,6.884848484848485
hpmcounter6,jump,seed17,257,6.848484848484849
hpmcounter6,jump,seed17,258,6.739393939393939
hpmcounter6,jump,seed17,259,6.557575757575758
hpmcounter6,jump,seed17,260,6.303030303030303
hpmcounter6,jump,seed17,261,6.218181818181818
hpmcounter6,jump,seed17,262,6.303030303030303
hpmcounter6,jump,seed17,263,6.557575757575758
hpmcounter6,jump,seed17,264,6.739393939393939
hpmcounter6,jump,seed17,265,6.848484848484849
hpmcounter6,jump,seed17,266,6.884848484848485
hpmcounter6,jump,seed17,267,6.848484848484849
hpmcounter6,jump,seed17,268,6.739393939393939
hpmcounter6,jump,seed17,269,6.557575757575758
hpmcounter6,jump,seed17,270,6.303030303030303
hpmcounter6,jump,seed17,271,6.218181818181818
hpmcounter6,jump,seed17,272,6.303030303030303
hpmcounter6,jump,seed17,273,6.557575757575758
hpmcounter6,jump,seed17,274,6.739393939393939
hpmcounter6,jump,seed17,275,6.848484848484849
hpmcounter6,jump,seed17,276,6.884848484848485
hpmcounter6,jump,seed17,277,6.848484848484849
hpmcounter6,jump,seed17,278,6.739393939393939
hpmcounter6,jump,seed17,279,6.557575757575758
hpmcounter6,jump,seed17,280,6.303030303030303
hpmcounter6,jump,seed17,281,6.218181818181818
hpmcounter6,jump,seed17,282,6.303030303030303
hpmcounter6,jump,seed17,283,6.557575757575758
hpmcounter6,jump,seed17,284,6.739393939393939
hpmcounter6,jump,seed17,285,6.848484848484849
hpmcounter6,jump,seed17,286,6.884848484848485
hpmcounter6,jump,seed17,287,6.848484848484849
hpmcounter6,jump,seed17,288,6.739393939393939
hpmcounter6,jump,seed17,289,6.557575757575758
hpmcounter6,jump,seed17,290,6.303030303030303
hpmcounter6,jump,seed17,291,6.218181818181818
hpmcounter6,jump,seed17,292,6.303030303030303
hpmcounter6,jump,seed17,293,6.557575757575758
hpmcounter6,jump,seed17,294,6.739393939393939
hpmcounter6,jump,seed17,295,6.848484848484849
hpmcounter6,jump,seed17,296,6.884848484848485
hpmcounter6,jump,seed17,297,6.848484848484849
hpmcounter6,jump,seed17,298,6.739393939393939
hpmcounter6,jump,seed18,9,6.557575757575758
hpmcounter6,jump,seed18,10,6.303030303030303
hpmcounter6,jump,seed18,11,6.218181818181818
hpmcounter6,jump,seed18,12,6.303030303030303
hpmcounter6,jump,seed18,13,6.557575757575758
hpmcounter6,jump,seed18,14,6.739393939393939
hpmcounter6,jump,seed18,15,6.848484848484849
hpmcounter6,jump,seed18,16,6.884848484848485
hpmcounter6,jump,seed18,17,6.848484848484849
hpmcounter6,jump,seed18,18,6.739393939393939
hpmcounter6,jump,seed18,19,6.557575757575758
hpmcounter6,jump,seed18,20,6.303030303030303
hpmcounter6,jump,seed18,21,6.218181818181818
hpmcounter6,jump,seed18,22,6.303030303030303
hpmcounter6,jump,seed18,23,6.557575757575758
hpmcounter6,jump,seed18,24,6.739393939393939
hpmcounter6,jump,seed18,25,6.848484848484849
hpmcounter6,jump,seed18,26,6.884848484848485
hpmcounter6,jump,seed18,27,6.848484848484849
hpmcounter6,jump,seed18,28,6.739393939393939
hpmcounter6,jump,seed18,29,6.557575757575758
hpmcounter6,jump,seed18,30,6.303030303030303
hpmcounter6,jump,seed18,31,6.218181818181818
hpmcounter6,jump,seed18,32,6.303030303030303
hpmcounter6,jump,seed18,33,6.557575757575758
hpmcounter6,jump,seed18,34,6.739393939393939
hpmcounter6,jump,seed18,35,6.848484848484849
hpmcounter6,jump,seed18,36,6.884848484848485
hpmcounter6,jump,seed18,37,6.848484848484849
hpmcounter6,jump,seed18,38,6.739393939393939
hpmcounter6,jump,seed18,39,6.557575757575758
hpmcounter6,jump,seed18,40,6.303030303030303
hpmcounter6,jump,seed18,41,6.218181818181818
hpmcounter6,jump,seed18,42,6.303030303030303
hpmcounter6,jump,seed18,43,6.557575757575758
hpmcounter6,jump,seed18,44,6.739393939393939
hpmcounter6,jump,seed18,45,6.848484848484849
hpmcounter6,jump,seed18,46,6.884848484848485
hpmcounter6,jump,seed18,47,6.848484848484849
hpmcounter6,jump,seed18,48,6.739393939393939
hpmcounter6,jump,seed18,49,6.557575757575758
hpmcounter6,jump,seed18,50,6.303030303030303
hpmcounter6,jump,seed18,51,6.218181818181818
hpmcounter6,jump,seed18,52,6.303030303030303
hpmcounter6,jump,seed18,53,6.557575757575758
hpmcounter6,jump,seed18,54,6.739393939393939
hpmcounter6,jump,seed18,55,6.848484848484849
hpmcounter6,jump,seed18,56,6.884848484848485
hpmcounter6,jump,seed18,57,6.848484848484849
hpmcounter6,jump,seed18,58,6.739393939393939
hpmcounter6,jump,seed18,59,6.557575757575758
hpmcounter6,jump,seed18,60,6.303030303030303
hpmcounter6,jump,seed18,61,6.218181818181818
hpmcounter6,jump,seed18,62,6.303030303030303
hpmcounter6,jump,seed18,63,6.557575757575758
hpmcounter6,jump,seed18,64,6.739393939393939
hpmcounter6,jump,seed18,65,6.848484848484849
hpmcounter6,jump,seed18,66,6.884848484848485
hpmcounter6,jump,seed18,67,6.848484848484849
hpmcounter6,jump,seed18,68,6.739393939393939
hpmcounter6,jump,seed18,69,6.557575757575758
hpmcounter6,jump,seed18,70,6.303030303030303
hpmcounter6,jump,seed18,71,6.218181818181818
hpmcounter6,jump,seed18,72,6.303030303030303
hpmcounter6,jump,seed18,73,6.557575757575758
hpmcounter6,jump,seed18,74,6.739393939393939
hpmcounter6,jump,seed18,75,6.848484848484849
hpmcounter6,jump,seed18,76,6.884848484848485
hpmcounter6,jump,seed18,77,6.848484848484849
hpmcounter6,jump,seed18,78,6.739393939393939
hpmcounter6,jump,seed18,79,6.557575757575758
hpmcounter6,jump,seed18,80,6.303030303030303
hpmcounter6,jump,seed18,81,6.218181818181818
hpmcounter6,jump,seed18,82,6.303030303030303
hpmcounter6,jump,seed18,83,6.557575757575758
hpmcounter6,jump,seed18,84,6.739393939393939
hpmcounter6,jump,seed18,85,6.848484848484849
hpmcounter6,jump,seed18,86,6.884848484848485
hpmcounter6,jump,seed18,87,6.848484848484849
hpmcounter6,jump,seed18,88,6.739393939393939
hpmcounter6,jump,seed18,89,6.557575757575758
hpmcounter6,jump,seed18,90,6.303030303030303
hpmcounter6,jump,seed18,91,6.218181818181818
hpmcounter6,jump,seed18,92,6.303030303030303
hpmcounter6,jump,seed18,93,6.557575757575758
hpmcounter6,jump,seed18,94,6.739393939393939
hpmcounter6,jump,seed18,95,6.848484848484849
hpmcounter6,jump,seed18,96,6.884848484848485
hpmcounter6,jump,seed18,97,6.848484848484849
hpmcounter6,jump,seed18,98,6.739393939393939
hpmcounter6,jump,seed18,99,6.557575757575758
hpmcounter6,jump,seed18,100,6.303030303030303
hpmcounter6,jump,seed18,101,6.218181818181818
hpmcounter6,jump,seed18,102,6.303030303030303
hpmcounter6,jump,seed18,103,6.557575757575758
hpmcounter6,jump,seed18,104,6.739393939393939
hpmcounter6,jump,seed18,105,6.848484848484849
hpmcounter6,jump,seed18,106,6.884848484848485
hpmcounter6,jump,seed18,107,6.848484848484849
hpmcounter6,jump,seed18,108,6.739393939393939
hpmcounter6,jump,seed18,109,6.557575757575758
hpmcounter6,jump,seed18,110,6.303030303030303
hpmcounter6,jump,seed18,111,6.218181818181818
hpmcounter6,jump,seed18,112,6.303030303030303
hpmcounter6,jump,seed18,113,6.557575757575758
hpmcounter6,jump,seed18,114,6.739393939393939
hpmcounter6,jump,seed18,115,6.848484848484849
hpmcounter6,jump,seed18,116,6.884848484848485
hpmcounter6,jump,seed18,117,6.848484848484849
hpmcounter6,jump,seed18,118,6.739393939393939
hpmcounter6,jump,seed18,119,6.557575757575758
hpmcounter6,jump,seed18,120,6.303030303030303
hpmcounter6,jump,seed18,121,6.218181818181818
hpmcounter6,jump,seed18,122,6.303030303030303
hpmcounter6,jump,seed18,123,6.557575757575758
hpmcounter6,jump,seed18,124,6.739393939393939
hpmcounter6,jump,seed18,125,6.848484848484849
hpmcounter6,jump,seed18,126,6.884848484848485
hpmcounter6,jump,seed18,127,6.848484848484849
hpmcounter6,jump,seed18,128,6.739393939393939
hpmcounter6,jump,seed18,129,6.557575757575758
hpmcounter6,jump,seed18,130,6.303030303030303
hpmcounter6,jump,seed18,131,6.218181818181818
hpmcounter6,jump,seed18,132,6.303030303030303
hpmcounter6,jump,seed18,133,6.557575757575758
hpmcounter6,jump,seed18,134,6.739393939393939
hpmcounter6,jump,seed18,135,6.848484848484849
hpmcounter6,jump,seed18,136,6.884848484848485
hpmcounter6,jump,seed18,137,6.848484848484849
hpmcounter6,jump,seed18,138,6.739393939393939
hpmcounter6,jump,seed18,139,6.557575757575758
hpmcounter6,jump,seed18,140,6.303030303030303
hpmcounter6,jump,seed18,141,6.218181818181818
hpmcounter6,jump,seed18,142,6.303030303030303
hpmcounter6,jump,seed18,143,6.557575757575758
hpmcounter6,jump,seed18,144,6.739393939393939
hpmcounter6,jump,seed18,145,6.848484848484849
hpmcounter6,jump,seed18,146,6.884848484848485
hpmcounter6,jump,seed18,147,6.848484848484849
hpmcounter6,jump,seed18,148,6.739393939393939
hpmcounter6,jump,seed18,149,6.557575757575758
hpmcounter6,jump,seed18,150,6.303030303030303
hpmcounter6,jump,seed18,151,6.218181818181818
hpmcounter6,jump,seed18,152,6.303030303030303
hpmcounter6,jump,seed18,153,6.557575757575758
hpmcounter6,jump,seed18,154,6.739393939393939
hpmcounter6,jump,seed18,155,6.848484848484849
hpmcounter6,jump,seed18,156,6.884848484848485
hpmcounter6,jump,seed18,157,6.848484848484849
hpmcounter6,jump,seed18,158,6.739393939393939
hpmcounter6,jump,seed18,159,6.557575757575758
hpmcounter6,jump,seed18,160,6.303030303030303
hpmcounter6,jump,seed18,161,6.218181818181818
hpmcounter6,jump,seed18,162,6.303030303030303
hpmcounter6,jump,seed18,163,6.557575757575758
hpmcounter6,jump,seed18,164,6.739393939393939
hpmcounter6,jump,seed18,165,6.848484848484849
hpmcounter6,jump,seed18,166,6.884848484848485
hpmcounter6,jump,seed18,167,6.848484848484849
hpmcounter6,jump,seed18,168,6.739393939393939
hpmcounter6,jump,seed18,169,6.557575757575758
hpmcounter6,jump,seed18,170,6.303030303030303
hpmcounter6,jump,seed18,171,6.218181818181818
hpmcounter6,jump,seed18,172,6.303030303030303
hpmcounter6,jump,seed18,173,6.557575757575758
hpmcounter6,jump,seed18,174,6.739393939393939
hpmcounter6,jump,seed18,175,6.848484848484849
hpmcounter6,jump,seed18,176,6.884848484848485
hpmcounter6,jump,seed18,177,6.848484848484849
hpmcounter6,jump,seed18,178,6.739393939393939
hpmcounter6,jump,seed18,179,6.557575757575758
hpmcounter6,jump,seed18,180,6.303030303030303
hpmcounter6,jump,seed18,181,6.218181818181818
hpmcounter6,jump,seed18,182,6.303030303030303
hpmcounter6,jump,seed18,183,6.557575757575758
hpmcounter6,jump,seed18,184,6.739393939393939
hpmcounter6,jump,seed18,185,6.848484848484849
hpmcounter6,jump,seed18,186,6.884848484848485
hpmcounter6,jump,seed18,187,6.848484848484849
hpmcounter6,jump,seed18,188,6.739393939393939
hpmcounter6,jump,seed18,189,6.557575757575758
hpmcounter6,jump,seed18,190,6.303030303030303
hpmcounter6,jump,seed18,191,6.218181818181818
hpmcounter6,jump,seed18,192,6.303030303030303
hpmcounter6,jump,seed18,193,6.557575757575758
hpmcounter6,jump,seed18,194,6.739393939393939
hpmcounter6,jump,seed18,195,6.848484848484849
hpmcounter6,jump,seed18,196,6.884848484848485
hpmcounter6,jump,seed18,197,6.848484848484849
hpmcounter6,jump,seed18,198,6.739393939393939
hpmcounter6,jump,seed18,199,6.557575757575758
hpmcounter6,jump,seed18,200,6.303030303030303
hpmcounter6,jump,seed18,201,6.218181818181818
hpmcounter6,jump,seed18,202,6.303030303030303
hpmcounter6,jump,seed18,203,6.557575757575758
hpmcounter6,jump,seed18,204,6.739393939393939
hpmcounter6,jump,seed18,205,6.848484848484849
hpmcounter6,jump,seed18,206,6.884848484848485
hpmcounter6,jump,seed18,207,6.848484848484849
hpmcounter6,jump,seed18,208,6.739393939393939
hpmcounter6,jump,seed18,209,6.557575757575758
hpmcounter6,jump,seed18,210,6.303030303030303
hpmcounter6,jump,seed18,211,6.218181818181818
hpmcounter6,jump,seed18,212,6.303030303030303
hpmcounter6,jump,seed18,213,6.557575757575758
hpmcounter6,jump,seed18,214,6.739393939393939
hpmcounter6,jump,seed18,215,6.848484848484849
hpmcounter6,jump,seed18,216,6.884848484848485
hpmcounter6,jump,seed18,217,6.848484848484849
hpmcounter6,jump,seed18,218,6.739393939393939
hpmcounter6,jump,seed18,219,6.557575757575758
hpmcounter6,jump,seed18,220,6.303030303030303
hpmcounter6,jump,seed18,221,6.218181818181818
hpmcounter6,jump,seed18,222,6.303030303030303
hpmcounter6,jump,seed18,223,6.557575757575758
hpmcounter6,jump,seed18,224,6.739393939393939
hpmcounter6,jump,seed18,225,6.848484848484849
hpmcounter6,jump,seed18,226,6.884848484848485
hpmcounter6,jump,seed18,227,6.848484848484849
hpmcounter6,jump,seed18,228,6.739393939393939
hpmcounter6,jump,seed18,229,6.557575757575758
hpmcounter6,jump,seed18,230,6.303030303030303
hpmcounter6,jump,seed18,231,6.218181818181818
hpmcounter6,jump,seed18,232,6.303030303030303
hpmcounter6,jump,seed18,233,6.557575757575758
hpmcounter6,jump,seed18,234,6.739393939393939
hpmcounter6,jump,seed18,235,6.848484848484849
hpmcounter6,jump,seed18,236,6.884848484848485
hpmcounter6,jump,seed18,237,6.848484848484849
hpmcounter6,jump,seed18,238,6.739393939393939
hpmcounter6,jump,seed18,239,6.557575757575758
hpmcounter6,jump,seed18,240,6.303030303030303
hpmcounter6,jump,seed18,241,6.218181818181818
hpmcounter6,jump,seed18,242,6.303030303030303
hpmcounter6,jump,seed18,243,6.557575757575758
hpmcounter6,jump,seed18,244,6.739393939393939
hpmcounter6,jump,seed18,245,6.848484848484849
hpmcounter6,jump,seed18,246,6.884848484848485
hpmcounter6,jump,seed18,247,6.848484848484849
hpmcounter6,jump,seed18,248,6.739393939393939
hpmcounter6,jump,seed18,249,6.557575757575758
hpmcounter6,jump,seed18,250,6.303030303030303
hpmcounter6,jump,seed18,251,6.218181818181818
hpmcounter6,jump,seed18,252,6.303030303030303
hpmcounter6,jump,seed18,253,6.557575757575758
hpmcounter6,jump,seed18,254,6.739393939393939
hpmcounter6,jump,seed18,255,6.848484848484849
hpmcounter6,jump,seed18,256,6.884848484848485
hpmcounter6,jump,seed18,257,6.848484848484849
hpmcounter6,jump,seed18,258,6.739393939393939
hpmcounter6,jump,seed18,259,6.557575757575758
hpmcounter6,jump,seed18,260,6.303030303030303
hpmcounter6,jump,seed18,261,6.218181818181818
hpmcounter6,jump,seed18,262,6.303030303030303
hpmcounter6,jump,seed18,263,6.557575757575758
hpmcounter6,jump,seed18,264,6.739393939393939
hpmcounter6,jump,seed18,265,6.848484848484849
hpmcounter6,jump,seed18,266,6.884848484848485
hpmcounter6,jump,seed18,267,6.848484848484849
hpmcounter6,jump,seed18,268,6.739393939393939
hpmcounter6,jump,seed18,269,6.557575757575758
hpmcounter6,jump,seed18,270,6.303030303030303
hpmcounter6,jump,seed18,271,6.218181818181818
hpmcounter6,jump,seed18,272,6.303030303030303
hpmcounter6,jump,seed18,273,6.557575757575758
hpmcounter6,jump,seed18,274,6.739393939393939
hpmcounter6,jump,seed18,275,6.848484848484849
hpmcounter6,jump,seed18,276,6.884848484848485
hpmcounter6,jump,seed18,277,6.848484848484849
hpmcounter6,jump,seed18,278,6.739393939393939
hpmcounter6,jump,seed18,279,6.557575757575758
hpmcounter6,jump,seed18,280,6.303030303030303
hpmcounter6,jump,seed18,281,6.218181818181818
hpmcounter6,jump,seed18,282,6.303030303030303
hpmcounter6,jump,seed18,283,6.557575757575758
hpmcounter6,jump,seed18,284,6.739393939393939
hpmcounter6,jump,seed18,285,6.848484848484849
hpmcounter6,jump,seed18,286,6.884848484848485
hpmcounter6,jump,seed18,287,6.848484848484849
hpmcounter6,jump,seed18,288,6.739393939393939
hpmcounter6,jump,seed18,289,6.557575757575758
hpmcounter6,jump,seed18,290,6.303030303030303
hpmcounter6,jump,seed18,291,6.218181818181818
hpmcounter6,jump,seed18,292,6.303030303030303
hpmcounter6,jump,seed18,293,6.557575757575758
hpmcounter6,jump,seed18,294,6.739393939393939
hpmcounter6,jump,seed18,295,6.848484848484849
hpmcounter6,jump,seed18,296,6.884848484848485
hpmcounter6,jump,seed18,297,6.848484848484849
hpmcounter6,jump,seed18,298,6.739393939393939
hpmcounter6,jump,seed19,9,6.557575757575758
hpmcounter6,jump,seed19,10,6.303030303030303
hpmcounter6,jump,seed19,11,6.218181818181818
hpmcounter6,jump,seed19,12,6.303030303030303
hpmcounter6,jump,seed19,13,6.557575757575758
hpmcounter6,jump,seed19,14,6.739393939393939
hpmcounter6,jump,seed19,15,6.848484848484849
hpmcounter6,jump,seed19,16,6.884848484848485
hpmcounter6,jump,seed19,17,6.848484848484849
hpmcounter6,jump,seed19,18,6.739393939393939
hpmcounter6,jump,seed19,19,6.557575757575758
hpmcounter6,jump,seed19,20,6.303030303030303
hpmcounter6,jump,seed19,21,6.218181818181818
hpmcounter6,jump,seed19,22,6.303030303030303
hpmcounter6,jump,seed19,23,6.557575757575758
hpmcounter6,jump,seed19,24,6.739393939393939
hpmcounter6,jump,seed19,25,6.848484848484849
hpmcounter6,jump,seed19,26,6.884848484848485
hpmcounter6,jump,seed19,27,6.848484848484849
hpmcounter6,jump,seed19,28,6.739393939393939
hpmcounter6,jump,seed19,29,6.557575757575758
hpmcounter6,jump,seed19,30,6.303030303030303
hpmcounter6,jump,seed19,31,6.218181818181818
hpmcounter6,jump,seed19,32,6.303030303030303
hpmcounter6,jump,seed19,33,6.557575757575758
hpmcounter6,jump,seed19,34,6.739393939393939
hpmcounter6,jump,seed19,35,6.848484848484849
hpmcounter6,jump,seed19,36,6.884848484848485
hpmcounter6,jump,seed19,37,6.848484848484849
hpmcounter6,jump,seed19,38,6.739393939393939
hpmcounter6,jump,seed19,39,6.557575757575758
hpmcounter6,jump,seed19,40,6.303030303030303
hpmcounter6,jump,seed19,41,6.218181818181818
hpmcounter6,jump,seed19,42,6.303030303030303
hpmcounter6,jump,seed19,43,6.557575757575758
hpmcounter6,jump,seed19,44,6.739393939393939
hpmcounter6,jump,seed19,45,6.848484848484849
hpmcounter6,jump,seed19,46,6.884848484848485
hpmcounter6,jump,seed19,47,6.848484848484849
hpmcounter6,jump,seed19,48,6.739393939393939
hpmcounter6,jump,seed19,49,6.557575757575758
hpmcounter6,jump,seed19,50,6.303030303030303
hpmcounter6,jump,seed19,51,6.218181818181818
hpmcounter6,jump,seed19,52,6.303030303030303
hpmcounter6,jump,seed19,53,6.557575757575758
hpmcounter6,jump,seed19,54,6.739393939393939
hpmcounter6,jump,seed19,55,6.848484848484849
hpmcounter6,jump,seed19,56,6.884848484848485
hpmcounter6,jump,seed19,57,6.848484848484849
hpmcounter6,jump,seed19,58,6.739393939393939
hpmcounter6,jump,seed19,59,6.557575757575758
hpmcounter6,jump,seed19,60,6.303030303030303
hpmcounter6,jump,seed19,61,6.218181818181818
hpmcounter6,jump,seed19,62,6.303030303030303
hpmcounter6,jump,seed19,63,6.557575757575758
hpmcounter6,jump,seed19,64,6.739393939393939
hpmcounter6,jump,seed19,65,6.848484848484849
hpmcounter6,jump,seed19,66,6.884848484848485
hpmcounter6,jump,seed19,67,6.848484848484849
hpmcounter6,jump,seed19,68,6.739393939393939
hpmcounter6,jump,seed19,69,6.557575757575758
hpmcounter6,jump,seed19,70,6.303030303030303
hpmcounter6,jump,seed19,71,6.218181818181818
hpmcounter6,jump,seed19,72,6.303030303030303
hpmcounter6,jump,seed19,73,6.557575757575758
hpmcounter6,jump,seed19,74,6.739393939393939
hpmcounter6,jump,seed19,75,6.848484848484849
hpmcounter6,jump,seed19,76,6.884848484848485
hpmcounter6,jump,seed19,77,6.848484848484849
hpmcounter6,jump,seed19,78,6.739393939393939
hpmcounter6,jump,seed19,79,6.557575757575758
hpmcounter6,jump,seed19,80,6.303030303030303
hpmcounter6,jump,seed19,81,6.218181818181818
hpmcounter6,jump,seed19,82,6.303030303030303
hpmcounter6,jump,seed19,83,6.557575757575758
hpmcounter6,jump,seed19,84,6.739393939393939
hpmcounter6,jump,seed19,85,6.848484848484849
hpmcounter6,jump,seed19,86,6.884848484848485
hpmcounter6,jump,seed19,87,6.848484848484849
hpmcounter6,jump,seed19,88,6.739393939393939
hpmcounter6,jump,seed19,89,6.557575757575758
hpmcounter6,jump,seed19,90,6.303030303030303
hpmcounter6,jump,seed19,91,6.218181818181818
hpmcounter6,jump,seed19,92,6.303030303030303
hpmcounter6,jump,seed19,93,6.557575757575758
hpmcounter6,jump,seed19,94,6.739393939393939
hpmcounter6,jump,seed19,95,6.848484848484849
hpmcounter6,jump,seed19,96,6.884848484848485
hpmcounter6,jump,seed19,97,6.848484848484849
hpmcounter6,jump,seed19,98,6.739393939393939
hpmcounter6,jump,seed19,99,6.557575757575758
hpmcounter6,jump,seed19,100,6.303030303030303
hpmcounter6,jump,seed19,101,6.218181818181818
hpmcounter6,jump,seed19,102,6.303030303030303
hpmcounter6,jump,seed19,103,6.557575757575758
hpmcounter6,jump,seed19,104,6.739393939393939
hpmcounter6,jump,seed19,105,6.848484848484849
hpmcounter6,jump,seed19,106,6.884848484848485
hpmcounter6,jump,seed19,107,6.848484848484849
hpmcounter6,jump,seed19,108,6.739393939393939
hpmcounter6,jump,seed19,109,6.557575757575758
hpmcounter6,jump,seed19,110,6.303030303030303
hpmcounter6,jump,seed19,111,6.218181818181818
hpmcounter6,jump,seed19,112,6.303030303030303
hpmcounter6,jump,seed19,113,6.557575757575758
hpmcounter6,jump,seed19,114,6.739393939393939
hpmcounter6,jump,seed19,115,6.848484848484849
hpmcounter6,jump,seed19,116,6.884848484848485
hpmcounter6,jump,seed19,117,6.848484848484849
hpmcounter6,jump,seed19,118,6.739393939393939
hpmcounter6,jump,seed19,119,6.557575757575758
hpmcounter6,jump,seed19,120,6.303030303030303
hpmcounter6,jump,seed19,121,6.218181818181818
hpmcounter6,jump,seed19,122,6.303030303030303
hpmcounter6,jump,seed19,123,6.557575757575758
hpmcounter6,jump,seed19,124,6.739393939393939
hpmcounter6,jump,seed19,125,6.848484848484849
hpmcounter6,jump,seed19,126,6.884848484848485
hpmcounter6,jump,seed19,127,6.848484848484849
hpmcounter6,jump,seed19,128,6.739393939393939
hpmcounter6,jump,seed19,129,6.557575757575758
hpmcounter6,jump,seed19,130,6.303030303030303
hpmcounter6,jump,seed19,131,6.218181818181818
hpmcounter6,jump,seed19,132,6.303030303030303
hpmcounter6,jump,seed19,133,6.557575757575758
hpmcounter6,jump,seed19,134,6.739393939393939
hpmcounter6,jump,seed19,135,6.848484848484849
hpmcounter6,jump,seed19,136,6.884848484848485
hpmcounter6,jump,seed19,137,6.848484848484849
hpmcounter6,jump,seed19,138,6.739393939393939
hpmcounter6,jump,seed19,139,6.557575757575758
hpmcounter6,jump,seed19,140,6.303030303030303
hpmcounter6,jump,seed19,141,6.218181818181818
hpmcounter6,jump,seed19,142,6.303030303030303
hpmcounter6,jump,seed19,143,6.557575757575758
hpmcounter6,jump,seed19,144,6.739393939393939
hpmcounter6,jump,seed19,145,6.848484848484849
hpmcounter6,jump,seed19,146,6.884848484848485
hpmcounter6,jump,seed19,147,6.848484848484849
hpmcounter6,jump,seed19,148,6.739393939393939
hpmcounter6,jump,seed19,149,6.557575757575758
hpmcounter6,jump,seed19,150,6.303030303030303
hpmcounter6,jump,seed19,151,6.218181818181818
hpmcounter6,jump,seed19,152,6.303030303030303
hpmcounter6,jump,seed19,153,6.557575757575758
hpmcounter6,jump,seed19,154,6.739393939393939
hpmcounter6,jump,seed19,155,6.848484848484849
hpmcounter6,jump,seed19,156,6.884848484848485
hpmcounter6,jump,seed19,157,6.848484848484849
hpmcounter6,jump,seed19,158,6.739393939393939
hpmcounter6,jump,seed19,159,6.557575757575758
hpmcounter6,jump,seed19,160,6.303030303030303
hpmcounter6,jump,seed19,161,6.218181818181818
hpmcounter6,jump,seed19,162,6.303030303030303
hpmcounter6,jump,seed19,163,6.557575757575758
hpmcounter6,jump,seed19,164,6.739393939393939
hpmcounter6,jump,seed19,165,6.848484848484849
hpmcounter6,jump,seed19,166,6.884848484848485
hpmcounter6,jump,seed19,167,6.848484848484849
hpmcounter6,jump,seed19,168,6.739393939393939
hpmcounter6,jump,seed19,169,6.557575757575758
hpmcounter6,jump,seed19,170,6.303030303030303
hpmcounter6,jump,seed19,171,6.218181818181818
hpmcounter6,jump,seed19,172,6.303030303030303
hpmcounter6,jump,seed19,173,6.557575757575758
hpmcounter6,jump,seed19,174,6.739393939393939
hpmcounter6,jump,seed19,175,6.848484848484849
hpmcounter6,jump,seed19,176,6.884848484848485
hpmcounter6,jump,seed19,177,6.848484848484849
hpmcounter6,jump,seed19,178,6.739393939393939
hpmcounter6,jump,seed19,179,6.557575757575758
hpmcounter6,jump,seed19,180,6.303030303030303
hpmcounter6,jump,seed19,181,6.218181818181818
hpmcounter6,jump,seed19,182,6.303030303030303
hpmcounter6,jump,seed19,183,6.557575757575758
hpmcounter6,jump,seed19,184,6.739393939393939
hpmcounter6,jump,seed19,185,6.848484848484849
hpmcounter6,jump,seed19,186,6.884848484848485
hpmcounter6,jump,seed19,187,6.848484848484849
hpmcounter6,jump,seed19,188,6.739393939393939
hpmcounter6,jump,seed19,189,6.557575757575758
hpmcounter6,jump,seed19,190,6.303030303030303
hpmcounter6,jump,seed19,191,6.218181818181818
hpmcounter6,jump,seed19,192,6.303030303030303
hpmcounter6,jump,seed19,193,6.557575757575758
hpmcounter6,jump,seed19,194,6.739393939393939
hpmcounter6,jump,seed19,195,6.848484848484849
hpmcounter6,jump,seed19,196,6.884848484848485
hpmcounter6,jump,seed19,197,6.848484848484849
hpmcounter6,jump,seed19,198,6.739393939393939
hpmcounter6,jump,seed19,199,6.557575757575758
hpmcounter6,jump,seed19,200,6.303030303030303
hpmcounter6,jump,seed19,201,6.218181818181818
hpmcounter6,jump,seed19,202,6.303030303030303
hpmcounter6,jump,seed19,203,6.557575757575758
hpmcounter6,jump,seed19,204,6.739393939393939
hpmcounter6,jump,seed19,205,6.848484848484849
hpmcounter6,jump,seed19,206,6.884848484848485
hpmcounter6,jump,seed19,207,6.848484848484849
hpmcounter6,jump,seed19,208,6.739393939393939
hpmcounter6,jump,seed19,209,6.557575757575758
hpmcounter6,jump,seed19,210,6.303030303030303
hpmcounter6,jump,seed19,211,6.218181818181818
hpmcounter6,jump,seed19,212,6.303030303030303
hpmcounter6,jump,seed19,213,6.557575757575758
hpmcounter6,jump,seed19,214,6.739393939393939
hpmcounter6,jump,seed19,215,6.848484848484849
hpmcounter6,jump,seed19,216,6.884848484848485
hpmcounter6,jump,seed19,217,6.848484848484849
hpmcounter6,jump,seed19,218,6.739393939393939
hpmcounter6,jump,seed19,219,6.557575757575758
hpmcounter6,jump,seed19,220,6.303030303030303
hpmcounter6,jump,seed19,221,6.218181818181818
hpmcounter6,jump,seed19,222,6.303030303030303
hpmcounter6,jump,seed19,223,6.557575757575758
hpmcounter6,jump,seed19,224,6.739393939393939
hpmcounter6,jump,seed19,225,6.848484848484849
hpmcounter6,jump,seed19,226,6.884848484848485
hpmcounter6,jump,seed19,227,6.848484848484849
hpmcounter6,jump,seed19,228,6.739393939393939
hpmcounter6,jump,seed19,229,6.557575757575758
hpmcounter6,jump,seed19,230,6.303030303030303
hpmcounter6,jump,seed19,231,6.218181818181818
hpmcounter6,jump,seed19,232,6.303030303030303
hpmcounter6,jump,seed19,233,6.557575757575758
hpmcounter6,jump,seed19,234,6.739393939393939
hpmcounter6,jump,seed19,235,6.848484848484849
hpmcounter6,jump,seed19,236,6.884848484848485
hpmcounter6,jump,seed19,237,6.848484848484849
hpmcounter6,jump,seed19,238,6.739393939393939
hpmcounter6,jump,seed19,239,6.557575757575758
hpmcounter6,jump,seed19,240,6.303030303030303
hpmcounter6,jump,seed19,241,6.218181818181818
hpmcounter6,jump,seed19,242,6.303030303030303
hpmcounter6,jump,seed19,243,6.557575757575758
hpmcounter6,jump,seed19,244,6.739393939393939
hpmcounter6,jump,seed19,245,6.848484848484849
hpmcounter6,jump,seed19,246,6.884848484848485
hpmcounter6,jump,seed19,247,6.848484848484849
hpmcounter6,jump,seed19,248,6.739393939393939
hpmcounter6,jump,seed19,249,6.557575757575758
hpmcounter6,jump,seed19,250,6.303030303030303
hpmcounter6,jump,seed19,251,6.218181818181818
hpmcounter6,jump,seed19,252,6.303030303030303
hpmcounter6,jump,seed19,253,6.557575757575758
hpmcounter6,jump,seed19,254,6.739393939393939
hpmcounter6,jump,seed19,255,6.848484848484849
hpmcounter6,jump,seed19,256,6.884848484848485
hpmcounter6,jump,seed19,257,6.848484848484849
hpmcounter6,jump,seed19,258,6.739393939393939
hpmcounter6,jump,seed19,259,6.557575757575758
hpmcounter6,jump,seed19,260,6.303030303030303
hpmcounter6,jump,seed19,261,6.218181818181818
hpmcounter6,jump,seed19,262,6.303030303030303
hpmcounter6,jump,seed19,263,6.557575757575758
hpmcounter6,jump,seed19,264,6.739393939393939
hpmcounter6,jump,seed19,265,6.848484848484849
hpmcounter6,jump,seed19,266,6.884848484848485
hpmcounter6,jump,seed19,267,6.848484848484849
hpmcounter6,jump,seed19,268,6.739393939393939
hpmcounter6,jump,seed19,269,6.557575757575758
hpmcounter6,jump,seed19,270,6.303030303030303
hpmcounter6,jump,seed19,271,6.218181818181818
hpmcounter6,jump,seed19,272,6.303030303030303
hpmcounter6,jump,seed19,273,6.557575757575758
hpmcounter6,jump,seed19,274,6.739393939393939
hpmcounter6,jump,seed19,275,6.848484848484849
hpmcounter6,jump,seed19,276,6.884848484848485
hpmcounter6,jump,seed19,277,6.848484848484849
hpmcounter6,jump,seed19,278,6.739393939393939
hpmcounter6,jump,seed19,279,6.557575757575758
hpmcounter6,jump,seed19,280,6.303030303030303
hpmcounter6,jump,seed19,281,6.218181818181818
hpmcounter6,jump,seed19,282,6.303030303030303
hpmcounter6,jump,seed19,283,6.557575757575758
hpmcounter6,jump,seed19,284,6.739393939393939
hpmcounter6,jump,seed19,285,6.848484848484849
hpmcounter6,jump,seed19,286,6.884848484848485
hpmcounter6,jump,seed19,287,6.848484848484849
hpmcounter6,jump,seed19,288,6.739393939393939
hpmcounter6,jump,seed19,289,6.557575757575758
hpmcounter6,jump,seed19,290,6.303030303030303
hpmcounter6,jump,seed19,291,6.218181818181818
hpmcounter6,jump,seed19,292,6.303030303030303
hpmcounter6,jump,seed19,293,6.557575757575758
hpmcounter6,jump,seed19,294,6.739393939393939
hpmcounter6,jump,seed19,295,6.848484848484849
hpmcounter6,jump,seed19,296,6.884848484848485
hpmcounter6,jump,seed19,297,6.848484848484849
hpmcounter6,jump,seed19,298,6.739393939393939
hpmcounter6,jump,seed2,9,6.557575757575758
hpmcounter6,jump,seed2,10,6.303030303030303
hpmcounter6,jump,seed2,11,6.218181818181818
hpmcounter6,jump,seed2,12,6.303030303030303
hpmcounter6,jump,seed2,13,6.557575757575758
hpmcounter6,jump,seed2,14,6.739393939393939
hpmcounter6,jump,seed2,15,6.848484848484849
hpmcounter6,jump,seed2,16,6.884848484848485
hpmcounter6,jump,seed2,17,6.848484848484849
hpmcounter6,jump,seed2,18,6.739393939393939
hpmcounter6,jump,seed2,19,6.557575757575758
hpmcounter6,jump,seed2,20,6.303030303030303
hpmcounter6,jump,seed2,21,6.218181818181818
hpmcounter6,jump,seed2,22,6.303030303030303
hpmcounter6,jump,seed2,23,6.557575757575758
hpmcounter6,jump,seed2,24,6.739393939393939
hpmcounter6,jump,seed2,25,6.848484848484849
hpmcounter6,jump,seed2,26,6.884848484848485
hpmcounter6,jump,seed2,27,6.848484848484849
hpmcounter6,jump,seed2,28,6.739393939393939
hpmcounter6,jump,seed2,29,6.557575757575758
hpmcounter6,jump,seed2,30,6.303030303030303
hpmcounter6,jump,seed2,31,6.218181818181818
hpmcounter6,jump,seed2,32,6.303030303030303
hpmcounter6,jump,seed2,33,6.557575757575758
hpmcounter6,jump,seed2,34,6.739393939393939
hpmcounter6,jump,seed2,35,6.848484848484849
hpmcounter6,jump,seed2,36,6.884848484848485
hpmcounter6,jump,seed2,37,6.848484848484849
hpmcounter6,jump,seed2,38,6.739393939393939
hpmcounter6,jump,seed2,39,6.557575757575758
hpmcounter6,jump,seed2,40,6.303030303030303
hpmcounter6,jump,seed2,41,6.218181818181818
hpmcounter6,jump,seed2,42,6.303030303030303
hpmcounter6,jump,seed2,43,6.557575757575758
hpmcounter6,jump,seed2,44,6.739393939393939
hpmcounter6,jump,seed2,45,6.848484848484849
hpmcounter6,jump,seed2,46,6.884848484848485
hpmcounter6,jump,seed2,47,6.848484848484849
hpmcounter6,jump,seed2,48,6.739393939393939
hpmcounter6,jump,seed2,49,6.557575757575758
hpmcounter6,jump,seed2,50,6.303030303030303
hpmcounter6,jump,seed2,51,6.218181818181818
hpmcounter6,jump,seed2,52,6.303030303030303
hpmcounter6,jump,seed2,53,6.557575757575758
hpmcounter6,jump,seed2,54,6.739393939393939
hpmcounter6,jump,seed2,55,6.848484848484849
hpmcounter6,jump,seed2,56,6.884848484848485
hpmcounter6,jump,seed2,57,6.848484848484849
hpmcounter6,jump,seed2,58,6.739393939393939
hpmcounter6,jump,seed2,59,6.557575757575758
hpmcounter6,jump,seed2,60,6.303030303030303
hpmcounter6,jump,seed2,61,6.218181818181818
hpmcounter6,jump,seed2,62,6.303030303030303
hpmcounter6,jump,seed2,63,6.557575757575758
hpmcounter6,jump,seed2,64,6.739393939393939
hpmcounter6,jump,seed2,65,6.848484848484849
hpmcounter6,jump,seed2,66,6.884848484848485
hpmcounter6,jump,seed2,67,6.848484848484849
hpmcounter6,jump,seed2,68,6.739393939393939
hpmcounter6,jump,seed2,69,6.557575757575758
hpmcounter6,jump,seed2,70,6.303030303030303
hpmcounter6,jump,seed2,71,6.218181818181818
hpmcounter6,jump,seed2,72,6.303030303030303
hpmcounter6,jump,seed2,73,6.557575757575758
hpmcounter6,jump,seed2,74,6.739393939393939
hpmcounter6,jump,seed2,75,6.848484848484849
hpmcounter6,jump,seed2,76,6.884848484848485
hpmcounter6,jump,seed2,77,6.848484848484849
hpmcounter6,jump,seed2,78,6.739393939393939
hpmcounter6,jump,seed2,79,6.557575757575758
hpmcounter6,jump,seed2,80,6.303030303030303
hpmcounter6,jump,seed2,81,6.218181818181818
hpmcounter6,jump,seed2,82,6.303030303030303
hpmcounter6,jump,seed2,83,6.557575757575758
hpmcounter6,jump,seed2,84,6.739393939393939
hpmcounter6,jump,seed2,85,6.848484848484849
hpmcounter6,jump,seed2,86,6.884848484848485
hpmcounter6,jump,seed2,87,6.848484848484849
hpmcounter6,jump,seed2,88,6.739393939393939
hpmcounter6,jump,seed2,89,6.557575757575758
hpmcounter6,jump,seed2,90,6.303030303030303
hpmcounter6,jump,seed2,91,6.218181818181818
hpmcounter6,jump,seed2,92,6.303030303030303
hpmcounter6,jump,seed2,93,6.557575757575758
hpmcounter6,jump,seed2,94,6.739393939393939
hpmcounter6,jump,seed2,95,6.848484848484849
hpmcounter6,jump,seed2,96,6.884848484848485
hpmcounter6,jump,seed2,97,6.848484848484849
hpmcounter6,jump,seed2,98,6.739393939393939
hpmcounter6,jump,seed2,99,6.557575757575758
hpmcounter6,jump,seed2,100,6.303030303030303
hpmcounter6,jump,seed2,101,6.218181818181818
hpmcounter6,jump,seed2,102,6.303030303030303
hpmcounter6,jump,seed2,103,6.557575757575758
hpmcounter6,jump,seed2,104,6.739393939393939
hpmcounter6,jump,seed2,105,6.848484848484849
hpmcounter6,jump,seed2,106,6.884848484848485
hpmcounter6,jump,seed2,107,6.848484848484849
hpmcounter6,jump,seed2,108,6.739393939393939
hpmcounter6,jump,seed2,109,6.557575757575758
hpmcounter6,jump,seed2,110,6.303030303030303
hpmcounter6,jump,seed2,111,6.218181818181818
hpmcounter6,jump,seed2,112,6.303030303030303
hpmcounter6,jump,seed2,113,6.557575757575758
hpmcounter6,jump,seed2,114,6.739393939393939
hpmcounter6,jump,seed2,115,6.848484848484849
hpmcounter6,jump,seed2,116,6.884848484848485
hpmcounter6,jump,seed2,117,6.848484848484849
hpmcounter6,jump,seed2,118,6.739393939393939
hpmcounter6,jump,seed2,119,6.557575757575758
hpmcounter6,jump,seed2,120,6.303030303030303
hpmcounter6,jump,seed2,121,6.218181818181818
hpmcounter6,jump,seed2,122,6.303030303030303
hpmcounter6,jump,seed2,123,6.557575757575758
hpmcounter6,jump,seed2,124,6.739393939393939
hpmcounter6,jump,seed2,125,6.848484848484849
hpmcounter6,jump,seed2,126,6.884848484848485
hpmcounter6,jump,seed2,127,6.848484848484849
hpmcounter6,jump,seed2,128,6.739393939393939
hpmcounter6,jump,seed2,129,6.557575757575758
hpmcounter6,jump,seed2,130,6.303030303030303
hpmcounter6,jump,seed2,131,6.218181818181818
hpmcounter6,jump,seed2,132,6.303030303030303
hpmcounter6,jump,seed2,133,6.557575757575758
hpmcounter6,jump,seed2,134,6.739393939393939
hpmcounter6,jump,seed2,135,6.848484848484849
hpmcounter6,jump,seed2,136,6.884848484848485
hpmcounter6,jump,seed2,137,6.848484848484849
hpmcounter6,jump,seed2,138,6.739393939393939
hpmcounter6,jump,seed2,139,6.557575757575758
hpmcounter6,jump,seed2,140,6.303030303030303
hpmcounter6,jump,seed2,141,6.218181818181818
hpmcounter6,jump,seed2,142,6.303030303030303
hpmcounter6,jump,seed2,143,6.557575757575758
hpmcounter6,jump,seed2,144,6.739393939393939
hpmcounter6,jump,seed2,145,6.848484848484849
hpmcounter6,jump,seed2,146,6.884848484848485
hpmcounter6,jump,seed2,147,6.848484848484849
hpmcounter6,jump,seed2,148,6.739393939393939
hpmcounter6,jump,seed2,149,6.557575757575758
hpmcounter6,jump,seed2,150,6.303030303030303
hpmcounter6,jump,seed2,151,6.218181818181818
hpmcounter6,jump,seed2,152,6.303030303030303
hpmcounter6,jump,seed2,153,6.557575757575758
hpmcounter6,jump,seed2,154,6.739393939393939
hpmcounter6,jump,seed2,155,6.848484848484849
hpmcounter6,jump,seed2,156,6.884848484848485
hpmcounter6,jump,seed2,157,6.848484848484849
hpmcounter6,jump,seed2,158,6.739393939393939
hpmcounter6,jump,seed2,159,6.557575757575758
hpmcounter6,jump,seed2,160,6.303030303030303
hpmcounter6,jump,seed2,161,6.218181818181818
hpmcounter6,jump,seed2,162,6.303030303030303
hpmcounter6,jump,seed2,163,6.557575757575758
hpmcounter6,jump,seed2,164,6.739393939393939
hpmcounter6,jump,seed2,165,6.848484848484849
hpmcounter6,jump,seed2,166,6.884848484848485
hpmcounter6,jump,seed2,167,6.848484848484849
hpmcounter6,jump,seed2,168,6.739393939393939
hpmcounter6,jump,seed2,169,6.557575757575758
hpmcounter6,jump,seed2,170,6.303030303030303
hpmcounter6,jump,seed2,171,6.218181818181818
hpmcounter6,jump,seed2,172,6.303030303030303
hpmcounter6,jump,seed2,173,6.557575757575758
hpmcounter6,jump,seed2,174,6.739393939393939
hpmcounter6,jump,seed2,175,6.848484848484849
hpmcounter6,jump,seed2,176,6.884848484848485
hpmcounter6,jump,seed2,177,6.848484848484849
hpmcounter6,jump,seed2,178,6.739393939393939
hpmcounter6,jump,seed2,179,6.557575757575758
hpmcounter6,jump,seed2,180,6.303030303030303
hpmcounter6,jump,seed2,181,6.218181818181818
hpmcounter6,jump,seed2,182,6.303030303030303
hpmcounter6,jump,seed2,183,6.557575757575758
hpmcounter6,jump,seed2,184,6.739393939393939
hpmcounter6,jump,seed2,185,6.848484848484849
hpmcounter6,jump,seed2,186,6.884848484848485
hpmcounter6,jump,seed2,187,6.848484848484849
hpmcounter6,jump,seed2,188,6.739393939393939
hpmcounter6,jump,seed2,189,6.557575757575758
hpmcounter6,jump,seed2,190,6.303030303030303
hpmcounter6,jump,seed2,191,6.218181818181818
hpmcounter6,jump,seed2,192,6.303030303030303
hpmcounter6,jump,seed2,193,6.557575757575758
hpmcounter6,jump,seed2,194,6.739393939393939
hpmcounter6,jump,seed2,195,6.848484848484849
hpmcounter6,jump,seed2,196,6.884848484848485
hpmcounter6,jump,seed2,197,6.848484848484849
hpmcounter6,jump,seed2,198,6.739393939393939
hpmcounter6,jump,seed2,199,6.557575757575758
hpmcounter6,jump,seed2,200,6.303030303030303
hpmcounter6,jump,seed2,201,6.218181818181818
hpmcounter6,jump,seed2,202,6.303030303030303
hpmcounter6,jump,seed2,203,6.557575757575758
hpmcounter6,jump,seed2,204,6.739393939393939
hpmcounter6,jump,seed2,205,6.848484848484849
hpmcounter6,jump,seed2,206,6.884848484848485
hpmcounter6,jump,seed2,207,6.848484848484849
hpmcounter6,jump,seed2,208,6.739393939393939
hpmcounter6,jump,seed2,209,6.557575757575758
hpmcounter6,jump,seed2,210,6.303030303030303
hpmcounter6,jump,seed2,211,6.218181818181818
hpmcounter6,jump,seed2,212,6.303030303030303
hpmcounter6,jump,seed2,213,6.557575757575758
hpmcounter6,jump,seed2,214,6.739393939393939
hpmcounter6,jump,seed2,215,6.848484848484849
hpmcounter6,jump,seed2,216,6.884848484848485
hpmcounter6,jump,seed2,217,6.848484848484849
hpmcounter6,jump,seed2,218,6.739393939393939
hpmcounter6,jump,seed2,219,6.557575757575758
hpmcounter6,jump,seed2,220,6.303030303030303
hpmcounter6,jump,seed2,221,6.218181818181818
hpmcounter6,jump,seed2,222,6.303030303030303
hpmcounter6,jump,seed2,223,6.557575757575758
hpmcounter6,jump,seed2,224,6.739393939393939
hpmcounter6,jump,seed2,225,6.848484848484849
hpmcounter6,jump,seed2,226,6.884848484848485
hpmcounter6,jump,seed2,227,6.848484848484849
hpmcounter6,jump,seed2,228,6.739393939393939
hpmcounter6,jump,seed2,229,6.557575757575758
hpmcounter6,jump,seed2,230,6.303030303030303
hpmcounter6,jump,seed2,231,6.218181818181818
hpmcounter6,jump,seed2,232,6.303030303030303
hpmcounter6,jump,seed2,233,6.557575757575758
hpmcounter6,jump,seed2,234,6.739393939393939
hpmcounter6,jump,seed2,235,6.848484848484849
hpmcounter6,jump,seed2,236,6.884848484848485
hpmcounter6,jump,seed2,237,6.848484848484849
hpmcounter6,jump,seed2,238,6.739393939393939
hpmcounter6,jump,seed2,239,6.557575757575758
hpmcounter6,jump,seed2,240,6.303030303030303
hpmcounter6,jump,seed2,241,6.218181818181818
hpmcounter6,jump,seed2,242,6.303030303030303
hpmcounter6,jump,seed2,243,6.557575757575758
hpmcounter6,jump,seed2,244,6.739393939393939
hpmcounter6,jump,seed2,245,6.848484848484849
hpmcounter6,jump,seed2,246,6.884848484848485
hpmcounter6,jump,seed2,247,6.848484848484849
hpmcounter6,jump,seed2,248,6.739393939393939
hpmcounter6,jump,seed2,249,6.557575757575758
hpmcounter6,jump,seed2,250,6.303030303030303
hpmcounter6,jump,seed2,251,6.218181818181818
hpmcounter6,jump,seed2,252,6.303030303030303
hpmcounter6,jump,seed2,253,6.557575757575758
hpmcounter6,jump,seed2,254,6.739393939393939
hpmcounter6,jump,seed2,255,6.848484848484849
hpmcounter6,jump,seed2,256,6.884848484848485
hpmcounter6,jump,seed2,257,6.848484848484849
hpmcounter6,jump,seed2,258,6.739393939393939
hpmcounter6,jump,seed2,259,6.557575757575758
hpmcounter6,jump,seed2,260,6.303030303030303
hpmcounter6,jump,seed2,261,6.218181818181818
hpmcounter6,jump,seed2,262,6.303030303030303
hpmcounter6,jump,seed2,263,6.557575757575758
hpmcounter6,jump,seed2,264,6.739393939393939
hpmcounter6,jump,seed2,265,6.848484848484849
hpmcounter6,jump,seed2,266,6.884848484848485
hpmcounter6,jump,seed2,267,6.848484848484849
hpmcounter6,jump,seed2,268,6.739393939393939
hpmcounter6,jump,seed2,269,6.557575757575758
hpmcounter6,jump,seed2,270,6.303030303030303
hpmcounter6,jump,seed2,271,6.218181818181818
hpmcounter6,jump,seed2,272,6.303030303030303
hpmcounter6,jump,seed2,273,6.557575757575758
hpmcounter6,jump,seed2,274,6.739393939393939
hpmcounter6,jump,seed2,275,6.848484848484849
hpmcounter6,jump,seed2,276,6.884848484848485
hpmcounter6,jump,seed2,277,6.848484848484849
hpmcounter6,jump,seed2,278,6.739393939393939
hpmcounter6,jump,seed2,279,6.557575757575758
hpmcounter6,jump,seed2,280,6.303030303030303
hpmcounter6,jump,seed2,281,6.218181818181818
hpmcounter6,jump,seed2,282,6.303030303030303
hpmcounter6,jump,seed2,283,6.557575757575758
hpmcounter6,jump,seed2,284,6.739393939393939
hpmcounter6,jump,seed2,285,6.848484848484849
hpmcounter6,jump,seed2,286,6.884848484848485
hpmcounter6,jump,seed2,287,6.848484848484849
hpmcounter6,jump,seed2,288,6.739393939393939
hpmcounter6,jump,seed2,289,6.557575757575758
hpmcounter6,jump,seed2,290,6.303030303030303
hpmcounter6,jump,seed2,291,6.218181818181818
hpmcounter6,jump,seed2,292,6.303030303030303
hpmcounter6,jump,seed2,293,6.557575757575758
hpmcounter6,jump,seed2,294,6.739393939393939
hpmcounter6,jump,seed2,295,6.848484848484849
hpmcounter6,jump,seed2,296,6.884848484848485
hpmcounter6,jump,seed2,297,6.848484848484849
hpmcounter6,jump,seed2,298,6.739393939393939
hpmcounter6,jump,seed20,9,6.557575757575758
hpmcounter6,jump,seed20,10,6.303030303030303
hpmcounter6,jump,seed20,11,6.218181818181818
hpmcounter6,jump,seed20,12,6.303030303030303
hpmcounter6,jump,seed20,13,6.557575757575758
hpmcounter6,jump,seed20,14,6.739393939393939
hpmcounter6,jump,seed20,15,6.848484848484849
hpmcounter6,jump,seed20,16,6.884848484848485
hpmcounter6,jump,seed20,17,6.848484848484849
hpmcounter6,jump,seed20,18,6.739393939393939
hpmcounter6,jump,seed20,19,6.557575757575758
hpmcounter6,jump,seed20,20,6.303030303030303
hpmcounter6,jump,seed20,21,6.218181818181818
hpmcounter6,jump,seed20,22,6.303030303030303
hpmcounter6,jump,seed20,23,6.557575757575758
hpmcounter6,jump,seed20,24,6.739393939393939
hpmcounter6,jump,seed20,25,6.848484848484849
hpmcounter6,jump,seed20,26,6.884848484848485
hpmcounter6,jump,seed20,27,6.848484848484849
hpmcounter6,jump,seed20,28,6.739393939393939
hpmcounter6,jump,seed20,29,6.557575757575758
hpmcounter6,jump,seed20,30,6.303030303030303
hpmcounter6,jump,seed20,31,6.218181818181818
hpmcounter6,jump,seed20,32,6.303030303030303
hpmcounter6,jump,seed20,33,6.557575757575758
hpmcounter6,jump,seed20,34,6.739393939393939
hpmcounter6,jump,seed20,35,6.848484848484849
hpmcounter6,jump,seed20,36,6.884848484848485
hpmcounter6,jump,seed20,37,6.848484848484849
hpmcounter6,jump,seed20,38,6.739393939393939
hpmcounter6,jump,seed20,39,6.557575757575758
hpmcounter6,jump,seed20,40,6.303030303030303
hpmcounter6,jump,seed20,41,6.218181818181818
hpmcounter6,jump,seed20,42,6.303030303030303
hpmcounter6,jump,seed20,43,6.557575757575758
hpmcounter6,jump,seed20,44,6.739393939393939
hpmcounter6,jump,seed20,45,6.848484848484849
hpmcounter6,jump,seed20,46,6.884848484848485
hpmcounter6,jump,seed20,47,6.848484848484849
hpmcounter6,jump,seed20,48,6.739393939393939
hpmcounter6,jump,seed20,49,6.557575757575758
hpmcounter6,jump,seed20,50,6.303030303030303
hpmcounter6,jump,seed20,51,6.218181818181818
hpmcounter6,jump,seed20,52,6.303030303030303
hpmcounter6,jump,seed20,53,6.557575757575758
hpmcounter6,jump,seed20,54,6.739393939393939
hpmcounter6,jump,seed20,55,6.848484848484849
hpmcounter6,jump,seed20,56,6.884848484848485
hpmcounter6,jump,seed20,57,6.848484848484849
hpmcounter6,jump,seed20,58,6.739393939393939
hpmcounter6,jump,seed20,59,6.557575757575758
hpmcounter6,jump,seed20,60,6.303030303030303
hpmcounter6,jump,seed20,61,6.218181818181818
hpmcounter6,jump,seed20,62,6.303030303030303
hpmcounter6,jump,seed20,63,6.557575757575758
hpmcounter6,jump,seed20,64,6.739393939393939
hpmcounter6,jump,seed20,65,6.848484848484849
hpmcounter6,jump,seed20,66,6.884848484848485
hpmcounter6,jump,seed20,67,6.848484848484849
hpmcounter6,jump,seed20,68,6.739393939393939
hpmcounter6,jump,seed20,69,6.557575757575758
hpmcounter6,jump,seed20,70,6.303030303030303
hpmcounter6,jump,seed20,71,6.218181818181818
hpmcounter6,jump,seed20,72,6.303030303030303
hpmcounter6,jump,seed20,73,6.557575757575758
hpmcounter6,jump,seed20,74,6.739393939393939
hpmcounter6,jump,seed20,75,6.848484848484849
hpmcounter6,jump,seed20,76,6.884848484848485
hpmcounter6,jump,seed20,77,6.848484848484849
hpmcounter6,jump,seed20,78,6.739393939393939
hpmcounter6,jump,seed20,79,6.557575757575758
hpmcounter6,jump,seed20,80,6.303030303030303
hpmcounter6,jump,seed20,81,6.218181818181818
hpmcounter6,jump,seed20,82,6.303030303030303
hpmcounter6,jump,seed20,83,6.557575757575758
hpmcounter6,jump,seed20,84,6.739393939393939
hpmcounter6,jump,seed20,85,6.848484848484849
hpmcounter6,jump,seed20,86,6.884848484848485
hpmcounter6,jump,seed20,87,6.848484848484849
hpmcounter6,jump,seed20,88,6.739393939393939
hpmcounter6,jump,seed20,89,6.557575757575758
hpmcounter6,jump,seed20,90,6.303030303030303
hpmcounter6,jump,seed20,91,6.218181818181818
hpmcounter6,jump,seed20,92,6.303030303030303
hpmcounter6,jump,seed20,93,6.557575757575758
hpmcounter6,jump,seed20,94,6.739393939393939
hpmcounter6,jump,seed20,95,6.848484848484849
hpmcounter6,jump,seed20,96,6.884848484848485
hpmcounter6,jump,seed20,97,6.848484848484849
hpmcounter6,jump,seed20,98,6.739393939393939
hpmcounter6,jump,seed20,99,6.557575757575758
hpmcounter6,jump,seed20,100,6.303030303030303
hpmcounter6,jump,seed20,101,6.218181818181818
hpmcounter6,jump,seed20,102,6.303030303030303
hpmcounter6,jump,seed20,103,6.557575757575758
hpmcounter6,jump,seed20,104,6.739393939393939
hpmcounter6,jump,seed20,105,6.848484848484849
hpmcounter6,jump,seed20,106,6.884848484848485
hpmcounter6,jump,seed20,107,6.848484848484849
hpmcounter6,jump,seed20,108,6.739393939393939
hpmcounter6,jump,seed20,109,6.557575757575758
hpmcounter6,jump,seed20,110,6.303030303030303
hpmcounter6,jump,seed20,111,6.218181818181818
hpmcounter6,jump,seed20,112,6.303030303030303
hpmcounter6,jump,seed20,113,6.557575757575758
hpmcounter6,jump,seed20,114,6.739393939393939
hpmcounter6,jump,seed20,115,6.848484848484849
hpmcounter6,jump,seed20,116,6.884848484848485
hpmcounter6,jump,seed20,117,6.848484848484849
hpmcounter6,jump,seed20,118,6.739393939393939
hpmcounter6,jump,seed20,119,6.557575757575758
hpmcounter6,jump,seed20,120,6.303030303030303
hpmcounter6,jump,seed20,121,6.218181818181818
hpmcounter6,jump,seed20,122,6.303030303030303
hpmcounter6,jump,seed20,123,6.557575757575758
hpmcounter6,jump,seed20,124,6.739393939393939
hpmcounter6,jump,seed20,125,6.848484848484849
hpmcounter6,jump,seed20,126,6.884848484848485
hpmcounter6,jump,seed20,127,6.848484848484849
hpmcounter6,jump,seed20,128,6.739393939393939
hpmcounter6,jump,seed20,129,6.557575757575758
hpmcounter6,jump,seed20,130,6.303030303030303
hpmcounter6,jump,seed20,131,6.218181818181818
hpmcounter6,jump,seed20,132,6.303030303030303
hpmcounter6,jump,seed20,133,6.557575757575758
hpmcounter6,jump,seed20,134,6.739393939393939
hpmcounter6,jump,seed20,135,6.848484848484849
hpmcounter6,jump,seed20,136,6.884848484848485
hpmcounter6,jump,seed20,137,6.848484848484849
hpmcounter6,jump,seed20,138,6.739393939393939
hpmcounter6,jump,seed20,139,6.557575757575758
hpmcounter6,jump,seed20,140,6.303030303030303
hpmcounter6,jump,seed20,141,6.218181818181818
hpmcounter6,jump,seed20,142,6.303030303030303
hpmcounter6,jump,seed20,143,6.557575757575758
hpmcounter6,jump,seed20,144,6.739393939393939
hpmcounter6,jump,seed20,145,6.848484848484849
hpmcounter6,jump,seed20,146,6.884848484848485
hpmcounter6,jump,seed20,147,6.848484848484849
hpmcounter6,jump,seed20,148,6.739393939393939
hpmcounter6,jump,seed20,149,6.557575757575758
hpmcounter6,jump,seed20,150,6.303030303030303
hpmcounter6,jump,seed20,151,6.218181818181818
hpmcounter6,jump,seed20,152,6.303030303030303
hpmcounter6,jump,seed20,153,6.557575757575758
hpmcounter6,jump,seed20,154,6.739393939393939
hpmcounter6,jump,seed20,155,6.848484848484849
hpmcounter6,jump,seed20,156,6.884848484848485
hpmcounter6,jump,seed20,157,6.848484848484849
hpmcounter6,jump,seed20,158,6.739393939393939
hpmcounter6,jump,seed20,159,6.557575757575758
hpmcounter6,jump,seed20,160,6.303030303030303
hpmcounter6,jump,seed20,161,6.218181818181818
hpmcounter6,jump,seed20,162,6.303030303030303
hpmcounter6,jump,seed20,163,6.557575757575758
hpmcounter6,jump,seed20,164,6.739393939393939
hpmcounter6,jump,seed20,165,6.848484848484849
hpmcounter6,jump,seed20,166,6.884848484848485
hpmcounter6,jump,seed20,167,6.848484848484849
hpmcounter6,jump,seed20,168,6.739393939393939
hpmcounter6,jump,seed20,169,6.557575757575758
hpmcounter6,jump,seed20,170,6.303030303030303
hpmcounter6,jump,seed20,171,6.218181818181818
hpmcounter6,jump,seed20,172,6.303030303030303
hpmcounter6,jump,seed20,173,6.557575757575758
hpmcounter6,jump,seed20,174,6.739393939393939
hpmcounter6,jump,seed20,175,6.848484848484849
hpmcounter6,jump,seed20,176,6.884848484848485
hpmcounter6,jump,seed20,177,6.848484848484849
hpmcounter6,jump,seed20,178,6.739393939393939
hpmcounter6,jump,seed20,179,6.557575757575758
hpmcounter6,jump,seed20,180,6.303030303030303
hpmcounter6,jump,seed20,181,6.218181818181818
hpmcounter6,jump,seed20,182,6.303030303030303
hpmcounter6,jump,seed20,183,6.557575757575758
hpmcounter6,jump,seed20,184,6.739393939393939
hpmcounter6,jump,seed20,185,6.848484848484849
hpmcounter6,jump,seed20,186,6.884848484848485
hpmcounter6,jump,seed20,187,6.848484848484849
hpmcounter6,jump,seed20,188,6.739393939393939
hpmcounter6,jump,seed20,189,6.557575757575758
hpmcounter6,jump,seed20,190,6.303030303030303
hpmcounter6,jump,seed20,191,6.218181818181818
hpmcounter6,jump,seed20,192,6.303030303030303
hpmcounter6,jump,seed20,193,6.557575757575758
hpmcounter6,jump,seed20,194,6.739393939393939
hpmcounter6,jump,seed20,195,6.848484848484849
hpmcounter6,jump,seed20,196,6.884848484848485
hpmcounter6,jump,seed20,197,6.848484848484849
hpmcounter6,jump,seed20,198,6.739393939393939
hpmcounter6,jump,seed20,199,6.557575757575758
hpmcounter6,jump,seed20,200,6.303030303030303
hpmcounter6,jump,seed20,201,6.218181818181818
hpmcounter6,jump,seed20,202,6.303030303030303
hpmcounter6,jump,seed20,203,6.557575757575758
hpmcounter6,jump,seed20,204,6.739393939393939
hpmcounter6,jump,seed20,205,6.848484848484849
hpmcounter6,jump,seed20,206,6.884848484848485
hpmcounter6,jump,seed20,207,6.848484848484849
hpmcounter6,jump,seed20,208,6.739393939393939
hpmcounter6,jump,seed20,209,6.557575757575758
hpmcounter6,jump,seed20,210,6.303030303030303
hpmcounter6,jump,seed20,211,6.218181818181818
hpmcounter6,jump,seed20,212,6.303030303030303
hpmcounter6,jump,seed20,213,6.557575757575758
hpmcounter6,jump,seed20,214,6.739393939393939
hpmcounter6,jump,seed20,215,6.848484848484849
hpmcounter6,jump,seed20,216,6.884848484848485
hpmcounter6,jump,seed20,217,6.848484848484849
hpmcounter6,jump,seed20,218,6.739393939393939
hpmcounter6,jump,seed20,219,6.557575757575758
hpmcounter6,jump,seed20,220,6.303030303030303
hpmcounter6,jump,seed20,221,6.218181818181818
hpmcounter6,jump,seed20,222,6.303030303030303
hpmcounter6,jump,seed20,223,6.557575757575758
hpmcounter6,jump,seed20,224,6.739393939393939
hpmcounter6,jump,seed20,225,6.848484848484849
hpmcounter6,jump,seed20,226,6.884848484848485
hpmcounter6,jump,seed20,227,6.848484848484849
hpmcounter6,jump,seed20,228,6.739393939393939
hpmcounter6,jump,seed20,229,6.557575757575758
hpmcounter6,jump,seed20,230,6.303030303030303
hpmcounter6,jump,seed20,231,6.218181818181818
hpmcounter6,jump,seed20,232,6.303030303030303
hpmcounter6,jump,seed20,233,6.557575757575758
hpmcounter6,jump,seed20,234,6.739393939393939
hpmcounter6,jump,seed20,235,6.848484848484849
hpmcounter6,jump,seed20,236,6.884848484848485
hpmcounter6,jump,seed20,237,6.848484848484849
hpmcounter6,jump,seed20,238,6.739393939393939
hpmcounter6,jump,seed20,239,6.557575757575758
hpmcounter6,jump,seed20,240,6.303030303030303
hpmcounter6,jump,seed20,241,6.218181818181818
hpmcounter6,jump,seed20,242,6.303030303030303
hpmcounter6,jump,seed20,243,6.557575757575758
hpmcounter6,jump,seed20,244,6.739393939393939
hpmcounter6,jump,seed20,245,6.848484848484849
hpmcounter6,jump,seed20,246,6.884848484848485
hpmcounter6,jump,seed20,247,6.848484848484849
hpmcounter6,jump,seed20,248,6.739393939393939
hpmcounter6,jump,seed20,249,6.557575757575758
hpmcounter6,jump,seed20,250,6.303030303030303
hpmcounter6,jump,seed20,251,6.218181818181818
hpmcounter6,jump,seed20,252,6.303030303030303
hpmcounter6,jump,seed20,253,6.557575757575758
hpmcounter6,jump,seed20,254,6.739393939393939
hpmcounter6,jump,seed20,255,6.848484848484849
hpmcounter6,jump,seed20,256,6.884848484848485
hpmcounter6,jump,seed20,257,6.848484848484849
hpmcounter6,jump,seed20,258,6.739393939393939
hpmcounter6,jump,seed20,259,6.557575757575758
hpmcounter6,jump,seed20,260,6.303030303030303
hpmcounter6,jump,seed20,261,6.218181818181818
hpmcounter6,jump,seed20,262,6.303030303030303
hpmcounter6,jump,seed20,263,6.557575757575758
hpmcounter6,jump,seed20,264,6.739393939393939
hpmcounter6,jump,seed20,265,6.848484848484849
hpmcounter6,jump,seed20,266,6.884848484848485
hpmcounter6,jump,seed20,267,6.848484848484849
hpmcounter6,jump,seed20,268,6.739393939393939
hpmcounter6,jump,seed20,269,6.557575757575758
hpmcounter6,jump,seed20,270,6.303030303030303
hpmcounter6,jump,seed20,271,6.218181818181818
hpmcounter6,jump,seed20,272,6.303030303030303
hpmcounter6,jump,seed20,273,6.557575757575758
hpmcounter6,jump,seed20,274,6.739393939393939
hpmcounter6,jump,seed20,275,6.848484848484849
hpmcounter6,jump,seed20,276,6.884848484848485
hpmcounter6,jump,seed20,277,6.848484848484849
hpmcounter6,jump,seed20,278,6.739393939393939
hpmcounter6,jump,seed20,279,6.557575757575758
hpmcounter6,jump,seed20,280,6.303030303030303
hpmcounter6,jump,seed20,281,6.218181818181818
hpmcounter6,jump,seed20,282,6.303030303030303
hpmcounter6,jump,seed20,283,6.557575757575758
hpmcounter6,jump,seed20,284,6.739393939393939
hpmcounter6,jump,seed20,285,6.848484848484849
hpmcounter6,jump,seed20,286,6.884848484848485
hpmcounter6,jump,seed20,287,6.848484848484849
hpmcounter6,jump,seed20,288,6.739393939393939
hpmcounter6,jump,seed20,289,6.557575757575758
hpmcounter6,jump,seed20,290,6.303030303030303
hpmcounter6,jump,seed20,291,6.218181818181818
hpmcounter6,jump,seed20,292,6.303030303030303
hpmcounter6,jump,seed20,293,6.557575757575758
hpmcounter6,jump,seed20,294,6.739393939393939
hpmcounter6,jump,seed20,295,6.848484848484849
hpmcounter6,jump,seed20,296,6.884848484848485
hpmcounter6,jump,seed20,297,6.848484848484849
hpmcounter6,jump,seed20,298,6.739393939393939
hpmcounter6,jump,seed3,9,6.557575757575758
hpmcounter6,jump,seed3,10,6.303030303030303
hpmcounter6,jump,seed3,11,6.218181818181818
hpmcounter6,jump,seed3,12,6.303030303030303
hpmcounter6,jump,seed3,13,6.557575757575758
hpmcounter6,jump,seed3,14,6.739393939393939
hpmcounter6,jump,seed3,15,6.848484848484849
hpmcounter6,jump,seed3,16,6.884848484848485
hpmcounter6,jump,seed3,17,6.848484848484849
hpmcounter6,jump,seed3,18,6.739393939393939
hpmcounter6,jump,seed3,19,6.557575757575758
hpmcounter6,jump,seed3,20,6.303030303030303
hpmcounter6,jump,seed3,21,6.218181818181818
hpmcounter6,jump,seed3,22,6.303030303030303
hpmcounter6,jump,seed3,23,6.557575757575758
hpmcounter6,jump,seed3,24,6.739393939393939
hpmcounter6,jump,seed3,25,6.848484848484849
hpmcounter6,jump,seed3,26,6.884848484848485
hpmcounter6,jump,seed3,27,6.848484848484849
hpmcounter6,jump,seed3,28,6.739393939393939
hpmcounter6,jump,seed3,29,6.557575757575758
hpmcounter6,jump,seed3,30,6.303030303030303
hpmcounter6,jump,seed3,31,6.218181818181818
hpmcounter6,jump,seed3,32,6.303030303030303
hpmcounter6,jump,seed3,33,6.557575757575758
hpmcounter6,jump,seed3,34,6.739393939393939
hpmcounter6,jump,seed3,35,6.848484848484849
hpmcounter6,jump,seed3,36,6.884848484848485
hpmcounter6,jump,seed3,37,6.848484848484849
hpmcounter6,jump,seed3,38,6.739393939393939
hpmcounter6,jump,seed3,39,6.557575757575758
hpmcounter6,jump,seed3,40,6.303030303030303
hpmcounter6,jump,seed3,41,6.218181818181818
hpmcounter6,jump,seed3,42,6.303030303030303
hpmcounter6,jump,seed3,43,6.557575757575758
hpmcounter6,jump,seed3,44,6.739393939393939
hpmcounter6,jump,seed3,45,6.848484848484849
hpmcounter6,jump,seed3,46,6.884848484848485
hpmcounter6,jump,seed3,47,6.848484848484849
hpmcounter6,jump,seed3,48,6.739393939393939
hpmcounter6,jump,seed3,49,6.557575757575758
hpmcounter6,jump,seed3,50,6.303030303030303
hpmcounter6,jump,seed3,51,6.218181818181818
hpmcounter6,jump,seed3,52,6.303030303030303
hpmcounter6,jump,seed3,53,6.557575757575758
hpmcounter6,jump,seed3,54,6.739393939393939
hpmcounter6,jump,seed3,55,6.848484848484849
hpmcounter6,jump,seed3,56,6.884848484848485
hpmcounter6,jump,seed3,57,6.848484848484849
hpmcounter6,jump,seed3,58,6.739393939393939
hpmcounter6,jump,seed3,59,6.557575757575758
hpmcounter6,jump,seed3,60,6.303030303030303
hpmcounter6,jump,seed3,61,6.218181818181818
hpmcounter6,jump,seed3,62,6.303030303030303
hpmcounter6,jump,seed3,63,6.557575757575758
hpmcounter6,jump,seed3,64,6.739393939393939
hpmcounter6,jump,seed3,65,6.848484848484849
hpmcounter6,jump,seed3,66,6.884848484848485
hpmcounter6,jump,seed3,67,6.848484848484849
hpmcounter6,jump,seed3,68,6.739393939393939
hpmcounter6,jump,seed3,69,6.557575757575758
hpmcounter6,jump,seed3,70,6.303030303030303
hpmcounter6,jump,seed3,71,6.218181818181818
hpmcounter6,jump,seed3,72,6.303030303030303
hpmcounter6,jump,seed3,73,6.557575757575758
hpmcounter6,jump,seed3,74,6.739393939393939
hpmcounter6,jump,seed3,75,6.848484848484849
hpmcounter6,jump,seed3,76,6.884848484848485
hpmcounter6,jump,seed3,77,6.848484848484849
hpmcounter6,jump,seed3,78,6.739393939393939
hpmcounter6,jump,seed3,79,6.557575757575758
hpmcounter6,jump,seed3,80,6.303030303030303
hpmcounter6,jump,seed3,81,6.218181818181818
hpmcounter6,jump,seed3,82,6.303030303030303
hpmcounter6,jump,seed3,83,6.557575757575758
hpmcounter6,jump,seed3,84,6.739393939393939
hpmcounter6,jump,seed3,85,6.848484848484849
hpmcounter6,jump,seed3,86,6.884848484848485
hpmcounter6,jump,seed3,87,6.848484848484849
hpmcounter6,jump,seed3,88,6.739393939393939
hpmcounter6,jump,seed3,89,6.557575757575758
hpmcounter6,jump,seed3,90,6.303030303030303
hpmcounter6,jump,seed3,91,6.218181818181818
hpmcounter6,jump,seed3,92,6.303030303030303
hpmcounter6,jump,seed3,93,6.557575757575758
hpmcounter6,jump,seed3,94,6.739393939393939
hpmcounter6,jump,seed3,95,6.848484848484849
hpmcounter6,jump,seed3,96,6.884848484848485
hpmcounter6,jump,seed3,97,6.848484848484849
hpmcounter6,jump,seed3,98,6.739393939393939
hpmcounter6,jump,seed3,99,6.557575757575758
hpmcounter6,jump,seed3,100,6.303030303030303
hpmcounter6,jump,seed3,101,6.218181818181818
hpmcounter6,jump,seed3,102,6.303030303030303
hpmcounter6,jump,seed3,103,6.557575757575758
hpmcounter6,jump,seed3,104,6.739393939393939
hpmcounter6,jump,seed3,105,6.848484848484849
hpmcounter6,jump,seed3,106,6.884848484848485
hpmcounter6,jump,seed3,107,6.848484848484849
hpmcounter6,jump,seed3,108,6.739393939393939
hpmcounter6,jump,seed3,109,6.557575757575758
hpmcounter6,jump,seed3,110,6.303030303030303
hpmcounter6,jump,seed3,111,6.218181818181818
hpmcounter6,jump,seed3,112,6.303030303030303
hpmcounter6,jump,seed3,113,6.557575757575758
hpmcounter6,jump,seed3,114,6.739393939393939
hpmcounter6,jump,seed3,115,6.848484848484849
hpmcounter6,jump,seed3,116,6.884848484848485
hpmcounter6,jump,seed3,117,6.848484848484849
hpmcounter6,jump,seed3,118,6.739393939393939
hpmcounter6,jump,seed3,119,6.557575757575758
hpmcounter6,jump,seed3,120,6.303030303030303
hpmcounter6,jump,seed3,121,6.218181818181818
hpmcounter6,jump,seed3,122,6.303030303030303
hpmcounter6,jump,seed3,123,6.557575757575758
hpmcounter6,jump,seed3,124,6.739393939393939
hpmcounter6,jump,seed3,125,6.848484848484849
hpmcounter6,jump,seed3,126,6.884848484848485
hpmcounter6,jump,seed3,127,6.848484848484849
hpmcounter6,jump,seed3,128,6.739393939393939
hpmcounter6,jump,seed3,129,6.557575757575758
hpmcounter6,jump,seed3,130,6.303030303030303
hpmcounter6,jump,seed3,131,6.218181818181818
hpmcounter6,jump,seed3,132,6.303030303030303
hpmcounter6,jump,seed3,133,6.557575757575758
hpmcounter6,jump,seed3,134,6.739393939393939
hpmcounter6,jump,seed3,135,6.848484848484849
hpmcounter6,jump,seed3,136,6.884848484848485
hpmcounter6,jump,seed3,137,6.848484848484849
hpmcounter6,jump,seed3,138,6.739393939393939
hpmcounter6,jump,seed3,139,6.557575757575758
hpmcounter6,jump,seed3,140,6.303030303030303
hpmcounter6,jump,seed3,141,6.218181818181818
hpmcounter6,jump,seed3,142,6.303030303030303
hpmcounter6,jump,seed3,143,6.557575757575758
hpmcounter6,jump,seed3,144,6.739393939393939
hpmcounter6,jump,seed3,145,6.848484848484849
hpmcounter6,jump,seed3,146,6.884848484848485
hpmcounter6,jump,seed3,147,6.848484848484849
hpmcounter6,jump,seed3,148,6.739393939393939
hpmcounter6,jump,seed3,149,6.557575757575758
hpmcounter6,jump,seed3,150,6.303030303030303
hpmcounter6,jump,seed3,151,6.218181818181818
hpmcounter6,jump,seed3,152,6.303030303030303
hpmcounter6,jump,seed3,153,6.557575757575758
hpmcounter6,jump,seed3,154,6.739393939393939
hpmcounter6,jump,seed3,155,6.848484848484849
hpmcounter6,jump,seed3,156,6.884848484848485
hpmcounter6,jump,seed3,157,6.848484848484849
hpmcounter6,jump,seed3,158,6.739393939393939
hpmcounter6,jump,seed3,159,6.557575757575758
hpmcounter6,jump,seed3,160,6.303030303030303
hpmcounter6,jump,seed3,161,6.218181818181818
hpmcounter6,jump,seed3,162,6.303030303030303
hpmcounter6,jump,seed3,163,6.557575757575758
hpmcounter6,jump,seed3,164,6.739393939393939
hpmcounter6,jump,seed3,165,6.848484848484849
hpmcounter6,jump,seed3,166,6.884848484848485
hpmcounter6,jump,seed3,167,6.848484848484849
hpmcounter6,jump,seed3,168,6.739393939393939
hpmcounter6,jump,seed3,169,6.557575757575758
hpmcounter6,jump,seed3,170,6.303030303030303
hpmcounter6,jump,seed3,171,6.218181818181818
hpmcounter6,jump,seed3,172,6.303030303030303
hpmcounter6,jump,seed3,173,6.557575757575758
hpmcounter6,jump,seed3,174,6.739393939393939
hpmcounter6,jump,seed3,175,6.848484848484849
hpmcounter6,jump,seed3,176,6.884848484848485
hpmcounter6,jump,seed3,177,6.848484848484849
hpmcounter6,jump,seed3,178,6.739393939393939
hpmcounter6,jump,seed3,179,6.557575757575758
hpmcounter6,jump,seed3,180,6.303030303030303
hpmcounter6,jump,seed3,181,6.218181818181818
hpmcounter6,jump,seed3,182,6.303030303030303
hpmcounter6,jump,seed3,183,6.557575757575758
hpmcounter6,jump,seed3,184,6.739393939393939
hpmcounter6,jump,seed3,185,6.848484848484849
hpmcounter6,jump,seed3,186,6.884848484848485
hpmcounter6,jump,seed3,187,6.848484848484849
hpmcounter6,jump,seed3,188,6.739393939393939
hpmcounter6,jump,seed3,189,6.557575757575758
hpmcounter6,jump,seed3,190,6.303030303030303
hpmcounter6,jump,seed3,191,6.218181818181818
hpmcounter6,jump,seed3,192,6.303030303030303
hpmcounter6,jump,seed3,193,6.557575757575758
hpmcounter6,jump,seed3,194,6.739393939393939
hpmcounter6,jump,seed3,195,6.848484848484849
hpmcounter6,jump,seed3,196,6.884848484848485
hpmcounter6,jump,seed3,197,6.848484848484849
hpmcounter6,jump,seed3,198,6.739393939393939
hpmcounter6,jump,seed3,199,6.557575757575758
hpmcounter6,jump,seed3,200,6.303030303030303
hpmcounter6,jump,seed3,201,6.218181818181818
hpmcounter6,jump,seed3,202,6.303030303030303
hpmcounter6,jump,seed3,203,6.557575757575758
hpmcounter6,jump,seed3,204,6.739393939393939
hpmcounter6,jump,seed3,205,6.848484848484849
hpmcounter6,jump,seed3,206,6.884848484848485
hpmcounter6,jump,seed3,207,6.848484848484849
hpmcounter6,jump,seed3,208,6.739393939393939
hpmcounter6,jump,seed3,209,6.557575757575758
hpmcounter6,jump,seed3,210,6.303030303030303
hpmcounter6,jump,seed3,211,6.218181818181818
hpmcounter6,jump,seed3,212,6.303030303030303
hpmcounter6,jump,seed3,213,6.557575757575758
hpmcounter6,jump,seed3,214,6.739393939393939
hpmcounter6,jump,seed3,215,6.848484848484849
hpmcounter6,jump,seed3,216,6.884848484848485
hpmcounter6,jump,seed3,217,6.848484848484849
hpmcounter6,jump,seed3,218,6.739393939393939
hpmcounter6,jump,seed3,219,6.557575757575758
hpmcounter6,jump,seed3,220,6.303030303030303
hpmcounter6,jump,seed3,221,6.218181818181818
hpmcounter6,jump,seed3,222,6.303030303030303
hpmcounter6,jump,seed3,223,6.557575757575758
hpmcounter6,jump,seed3,224,6.739393939393939
hpmcounter6,jump,seed3,225,6.848484848484849
hpmcounter6,jump,seed3,226,6.884848484848485
hpmcounter6,jump,seed3,227,6.848484848484849
hpmcounter6,jump,seed3,228,6.739393939393939
hpmcounter6,jump,seed3,229,6.557575757575758
hpmcounter6,jump,seed3,230,6.303030303030303
hpmcounter6,jump,seed3,231,6.218181818181818
hpmcounter6,jump,seed3,232,6.303030303030303
hpmcounter6,jump,seed3,233,6.557575757575758
hpmcounter6,jump,seed3,234,6.739393939393939
hpmcounter6,jump,seed3,235,6.848484848484849
hpmcounter6,jump,seed3,236,6.884848484848485
hpmcounter6,jump,seed3,237,6.848484848484849
hpmcounter6,jump,seed3,238,6.739393939393939
hpmcounter6,jump,seed3,239,6.557575757575758
hpmcounter6,jump,seed3,240,6.303030303030303
hpmcounter6,jump,seed3,241,6.218181818181818
hpmcounter6,jump,seed3,242,6.303030303030303
hpmcounter6,jump,seed3,243,6.557575757575758
hpmcounter6,jump,seed3,244,6.739393939393939
hpmcounter6,jump,seed3,245,6.848484848484849
hpmcounter6,jump,seed3,246,6.884848484848485
hpmcounter6,jump,seed3,247,6.848484848484849
hpmcounter6,jump,seed3,248,6.739393939393939
hpmcounter6,jump,seed3,249,6.557575757575758
hpmcounter6,jump,seed3,250,6.303030303030303
hpmcounter6,jump,seed3,251,6.218181818181818
hpmcounter6,jump,seed3,252,6.303030303030303
hpmcounter6,jump,seed3,253,6.557575757575758
hpmcounter6,jump,seed3,254,6.739393939393939
hpmcounter6,jump,seed3,255,6.848484848484849
hpmcounter6,jump,seed3,256,6.884848484848485
hpmcounter6,jump,seed3,257,6.848484848484849
hpmcounter6,jump,seed3,258,6.739393939393939
hpmcounter6,jump,seed3,259,6.557575757575758
hpmcounter6,jump,seed3,260,6.303030303030303
hpmcounter6,jump,seed3,261,6.218181818181818
hpmcounter6,jump,seed3,262,6.303030303030303
hpmcounter6,jump,seed3,263,6.557575757575758
hpmcounter6,jump,seed3,264,6.739393939393939
hpmcounter6,jump,seed3,265,6.848484848484849
hpmcounter6,jump,seed3,266,6.884848484848485
hpmcounter6,jump,seed3,267,6.848484848484849
hpmcounter6,jump,seed3,268,6.739393939393939
hpmcounter6,jump,seed3,269,6.557575757575758
hpmcounter6,jump,seed3,270,6.303030303030303
hpmcounter6,jump,seed3,271,6.218181818181818
hpmcounter6,jump,seed3,272,6.303030303030303
hpmcounter6,jump,seed3,273,6.557575757575758
hpmcounter6,jump,seed3,274,6.739393939393939
hpmcounter6,jump,seed3,275,6.848484848484849
hpmcounter6,jump,seed3,276,6.884848484848485
hpmcounter6,jump,seed3,277,6.848484848484849
hpmcounter6,jump,seed3,278,6.739393939393939
hpmcounter6,jump,seed3,279,6.557575757575758
hpmcounter6,jump,seed3,280,6.303030303030303
hpmcounter6,jump,seed3,281,6.218181818181818
hpmcounter6,jump,seed3,282,6.303030303030303
hpmcounter6,jump,seed3,283,6.557575757575758
hpmcounter6,jump,seed3,284,6.739393939393939
hpmcounter6,jump,seed3,285,6.848484848484849
hpmcounter6,jump,seed3,286,6.884848484848485
hpmcounter6,jump,seed3,287,6.848484848484849
hpmcounter6,jump,seed3,288,6.739393939393939
hpmcounter6,jump,seed3,289,6.557575757575758
hpmcounter6,jump,seed3,290,6.303030303030303
hpmcounter6,jump,seed3,291,6.218181818181818
hpmcounter6,jump,seed3,292,6.303030303030303
hpmcounter6,jump,seed3,293,6.557575757575758
hpmcounter6,jump,seed3,294,6.739393939393939
hpmcounter6,jump,seed3,295,6.848484848484849
hpmcounter6,jump,seed3,296,6.884848484848485
hpmcounter6,jump,seed3,297,6.848484848484849
hpmcounter6,jump,seed3,298,6.739393939393939
hpmcounter6,jump,seed4,9,6.557575757575758
hpmcounter6,jump,seed4,10,6.303030303030303
hpmcounter6,jump,seed4,11,6.218181818181818
hpmcounter6,jump,seed4,12,6.303030303030303
hpmcounter6,jump,seed4,13,6.557575757575758
hpmcounter6,jump,seed4,14,6.739393939393939
hpmcounter6,jump,seed4,15,6.848484848484849
hpmcounter6,jump,seed4,16,6.884848484848485
hpmcounter6,jump,seed4,17,6.848484848484849
hpmcounter6,jump,seed4,18,6.739393939393939
hpmcounter6,jump,seed4,19,6.557575757575758
hpmcounter6,jump,seed4,20,6.303030303030303
hpmcounter6,jump,seed4,21,6.218181818181818
hpmcounter6,jump,seed4,22,6.303030303030303
hpmcounter6,jump,seed4,23,6.557575757575758
hpmcounter6,jump,seed4,24,6.739393939393939
hpmcounter6,jump,seed4,25,6.848484848484849
hpmcounter6,jump,seed4,26,6.884848484848485
hpmcounter6,jump,seed4,27,6.848484848484849
hpmcounter6,jump,seed4,28,6.739393939393939
hpmcounter6,jump,seed4,29,6.557575757575758
hpmcounter6,jump,seed4,30,6.303030303030303
hpmcounter6,jump,seed4,31,6.218181818181818
hpmcounter6,jump,seed4,32,6.303030303030303
hpmcounter6,jump,seed4,33,6.557575757575758
hpmcounter6,jump,seed4,34,6.739393939393939
hpmcounter6,jump,seed4,35,6.848484848484849
hpmcounter6,jump,seed4,36,6.884848484848485
hpmcounter6,jump,seed4,37,6.848484848484849
hpmcounter6,jump,seed4,38,6.739393939393939
hpmcounter6,jump,seed4,39,6.557575757575758
hpmcounter6,jump,seed4,40,6.303030303030303
hpmcounter6,jump,seed4,41,6.218181818181818
hpmcounter6,jump,seed4,42,6.303030303030303
hpmcounter6,jump,seed4,43,6.557575757575758
hpmcounter6,jump,seed4,44,6.739393939393939
hpmcounter6,jump,seed4,45,6.848484848484849
hpmcounter6,jump,seed4,46,6.884848484848485
hpmcounter6,jump,seed4,47,6.848484848484849
hpmcounter6,jump,seed4,48,6.739393939393939
hpmcounter6,jump,seed4,49,6.557575757575758
hpmcounter6,jump,seed4,50,6.303030303030303
hpmcounter6,jump,seed4,51,6.218181818181818
hpmcounter6,jump,seed4,52,6.303030303030303
hpmcounter6,jump,seed4,53,6.557575757575758
hpmcounter6,jump,seed4,54,6.739393939393939
hpmcounter6,jump,seed4,55,6.848484848484849
hpmcounter6,jump,seed4,56,6.884848484848485
hpmcounter6,jump,seed4,57,6.848484848484849
hpmcounter6,jump,seed4,58,6.739393939393939
hpmcounter6,jump,seed4,59,6.557575757575758
hpmcounter6,jump,seed4,60,6.303030303030303
hpmcounter6,jump,seed4,61,6.218181818181818
hpmcounter6,jump,seed4,62,6.303030303030303
hpmcounter6,jump,seed4,63,6.557575757575758
hpmcounter6,jump,seed4,64,6.739393939393939
hpmcounter6,jump,seed4,65,6.848484848484849
hpmcounter6,jump,seed4,66,6.884848484848485
hpmcounter6,jump,seed4,67,6.848484848484849
hpmcounter6,jump,seed4,68,6.739393939393939
hpmcounter6,jump,seed4,69,6.557575757575758
hpmcounter6,jump,seed4,70,6.303030303030303
hpmcounter6,jump,seed4,71,6.218181818181818
hpmcounter6,jump,seed4,72,6.303030303030303
hpmcounter6,jump,seed4,73,6.557575757575758
hpmcounter6,jump,seed4,74,6.739393939393939
hpmcounter6,jump,seed4,75,6.848484848484849
hpmcounter6,jump,seed4,76,6.884848484848485
hpmcounter6,jump,seed4,77,6.848484848484849
hpmcounter6,jump,seed4,78,6.739393939393939
hpmcounter6,jump,seed4,79,6.557575757575758
hpmcounter6,jump,seed4,80,6.303030303030303
hpmcounter6,jump,seed4,81,6.218181818181818
hpmcounter6,jump,seed4,82,6.303030303030303
hpmcounter6,jump,seed4,83,6.557575757575758
hpmcounter6,jump,seed4,84,6.739393939393939
hpmcounter6,jump,seed4,85,6.848484848484849
hpmcounter6,jump,seed4,86,6.884848484848485
hpmcounter6,jump,seed4,87,6.848484848484849
hpmcounter6,jump,seed4,88,6.739393939393939
hpmcounter6,jump,seed4,89,6.557575757575758
hpmcounter6,jump,seed4,90,6.303030303030303
hpmcounter6,jump,seed4,91,6.218181818181818
hpmcounter6,jump,seed4,92,6.303030303030303
hpmcounter6,jump,seed4,93,6.557575757575758
hpmcounter6,jump,seed4,94,6.739393939393939
hpmcounter6,jump,seed4,95,6.848484848484849
hpmcounter6,jump,seed4,96,6.884848484848485
hpmcounter6,jump,seed4,97,6.848484848484849
hpmcounter6,jump,seed4,98,6.739393939393939
hpmcounter6,jump,seed4,99,6.557575757575758
hpmcounter6,jump,seed4,100,6.303030303030303
hpmcounter6,jump,seed4,101,6.218181818181818
hpmcounter6,jump,seed4,102,6.303030303030303
hpmcounter6,jump,seed4,103,6.557575757575758
hpmcounter6,jump,seed4,104,6.739393939393939
hpmcounter6,jump,seed4,105,6.848484848484849
hpmcounter6,jump,seed4,106,6.884848484848485
hpmcounter6,jump,seed4,107,6.848484848484849
hpmcounter6,jump,seed4,108,6.739393939393939
hpmcounter6,jump,seed4,109,6.557575757575758
hpmcounter6,jump,seed4,110,6.303030303030303
hpmcounter6,jump,seed4,111,6.218181818181818
hpmcounter6,jump,seed4,112,6.303030303030303
hpmcounter6,jump,seed4,113,6.557575757575758
hpmcounter6,jump,seed4,114,6.739393939393939
hpmcounter6,jump,seed4,115,6.848484848484849
hpmcounter6,jump,seed4,116,6.884848484848485
hpmcounter6,jump,seed4,117,6.848484848484849
hpmcounter6,jump,seed4,118,6.739393939393939
hpmcounter6,jump,seed4,119,6.557575757575758
hpmcounter6,jump,seed4,120,6.303030303030303
hpmcounter6,jump,seed4,121,6.218181818181818
hpmcounter6,jump,seed4,122,6.303030303030303
hpmcounter6,jump,seed4,123,6.557575757575758
hpmcounter6,jump,seed4,124,6.739393939393939
hpmcounter6,jump,seed4,125,6.848484848484849
hpmcounter6,jump,seed4,126,6.884848484848485
hpmcounter6,jump,seed4,127,6.848484848484849
hpmcounter6,jump,seed4,128,6.739393939393939
hpmcounter6,jump,seed4,129,6.557575757575758
hpmcounter6,jump,seed4,130,6.303030303030303
hpmcounter6,jump,seed4,131,6.218181818181818
hpmcounter6,jump,seed4,132,6.303030303030303
hpmcounter6,jump,seed4,133,6.557575757575758
hpmcounter6,jump,seed4,134,6.739393939393939
hpmcounter6,jump,seed4,135,6.848484848484849
hpmcounter6,jump,seed4,136,6.884848484848485
hpmcounter6,jump,seed4,137,6.848484848484849
hpmcounter6,jump,seed4,138,6.739393939393939
hpmcounter6,jump,seed4,139,6.557575757575758
hpmcounter6,jump,seed4,140,6.303030303030303
hpmcounter6,jump,seed4,141,6.218181818181818
hpmcounter6,jump,seed4,142,6.303030303030303
hpmcounter6,jump,seed4,143,6.557575757575758
hpmcounter6,jump,seed4,144,6.739393939393939
hpmcounter6,jump,seed4,145,6.848484848484849
hpmcounter6,jump,seed4,146,6.884848484848485
hpmcounter6,jump,seed4,147,6.848484848484849
hpmcounter6,jump,seed4,148,6.739393939393939
hpmcounter6,jump,seed4,149,6.557575757575758
hpmcounter6,jump,seed4,150,6.303030303030303
hpmcounter6,jump,seed4,151,6.218181818181818
hpmcounter6,jump,seed4,152,6.303030303030303
hpmcounter6,jump,seed4,153,6.557575757575758
hpmcounter6,jump,seed4,154,6.739393939393939
hpmcounter6,jump,seed4,155,6.848484848484849
hpmcounter6,jump,seed4,156,6.884848484848485
hpmcounter6,jump,seed4,157,6.848484848484849
hpmcounter6,jump,seed4,158,6.739393939393939
hpmcounter6,jump,seed4,159,6.557575757575758
hpmcounter6,jump,seed4,160,6.303030303030303
hpmcounter6,jump,seed4,161,6.218181818181818
hpmcounter6,jump,seed4,162,6.303030303030303
hpmcounter6,jump,seed4,163,6.557575757575758
hpmcounter6,jump,seed4,164,6.739393939393939
hpmcounter6,jump,seed4,165,6.848484848484849
hpmcounter6,jump,seed4,166,6.884848484848485
hpmcounter6,jump,seed4,167,6.848484848484849
hpmcounter6,jump,seed4,168,6.739393939393939
hpmcounter6,jump,seed4,169,6.557575757575758
hpmcounter6,jump,seed4,170,6.303030303030303
hpmcounter6,jump,seed4,171,6.218181818181818
hpmcounter6,jump,seed4,172,6.303030303030303
hpmcounter6,jump,seed4,173,6.557575757575758
hpmcounter6,jump,seed4,174,6.739393939393939
hpmcounter6,jump,seed4,175,6.848484848484849
hpmcounter6,jump,seed4,176,6.884848484848485
hpmcounter6,jump,seed4,177,6.848484848484849
hpmcounter6,jump,seed4,178,6.739393939393939
hpmcounter6,jump,seed4,179,6.557575757575758
hpmcounter6,jump,seed4,180,6.303030303030303
hpmcounter6,jump,seed4,181,6.218181818181818
hpmcounter6,jump,seed4,182,6.303030303030303
hpmcounter6,jump,seed4,183,6.557575757575758
hpmcounter6,jump,seed4,184,6.739393939393939
hpmcounter6,jump,seed4,185,6.848484848484849
hpmcounter6,jump,seed4,186,6.884848484848485
hpmcounter6,jump,seed4,187,6.848484848484849
hpmcounter6,jump,seed4,188,6.739393939393939
hpmcounter6,jump,seed4,189,6.557575757575758
hpmcounter6,jump,seed4,190,6.303030303030303
hpmcounter6,jump,seed4,191,6.218181818181818
hpmcounter6,jump,seed4,192,6.303030303030303
hpmcounter6,jump,seed4,193,6.557575757575758
hpmcounter6,jump,seed4,194,6.739393939393939
hpmcounter6,jump,seed4,195,6.848484848484849
hpmcounter6,jump,seed4,196,6.884848484848485
hpmcounter6,jump,seed4,197,6.848484848484849
hpmcounter6,jump,seed4,198,6.739393939393939
hpmcounter6,jump,seed4,199,6.557575757575758
hpmcounter6,jump,seed4,200,6.303030303030303
hpmcounter6,jump,seed4,201,6.218181818181818
hpmcounter6,jump,seed4,202,6.303030303030303
hpmcounter6,jump,seed4,203,6.557575757575758
hpmcounter6,jump,seed4,204,6.739393939393939
hpmcounter6,jump,seed4,205,6.848484848484849
hpmcounter6,jump,seed4,206,6.884848484848485
hpmcounter6,jump,seed4,207,6.848484848484849
hpmcounter6,jump,seed4,208,6.739393939393939
hpmcounter6,jump,seed4,209,6.557575757575758
hpmcounter6,jump,seed4,210,6.303030303030303
hpmcounter6,jump,seed4,211,6.218181818181818
hpmcounter6,jump,seed4,212,6.303030303030303
hpmcounter6,jump,seed4,213,6.557575757575758
hpmcounter6,jump,seed4,214,6.739393939393939
hpmcounter6,jump,seed4,215,6.848484848484849
hpmcounter6,jump,seed4,216,6.884848484848485
hpmcounter6,jump,seed4,217,6.848484848484849
hpmcounter6,jump,seed4,218,6.739393939393939
hpmcounter6,jump,seed4,219,6.557575757575758
hpmcounter6,jump,seed4,220,6.303030303030303
hpmcounter6,jump,seed4,221,6.218181818181818
hpmcounter6,jump,seed4,222,6.303030303030303
hpmcounter6,jump,seed4,223,6.557575757575758
hpmcounter6,jump,seed4,224,6.739393939393939
hpmcounter6,jump,seed4,225,6.848484848484849
hpmcounter6,jump,seed4,226,6.884848484848485
hpmcounter6,jump,seed4,227,6.848484848484849
hpmcounter6,jump,seed4,228,6.739393939393939
hpmcounter6,jump,seed4,229,6.557575757575758
hpmcounter6,jump,seed4,230,6.303030303030303
hpmcounter6,jump,seed4,231,6.218181818181818
hpmcounter6,jump,seed4,232,6.303030303030303
hpmcounter6,jump,seed4,233,6.557575757575758
hpmcounter6,jump,seed4,234,6.739393939393939
hpmcounter6,jump,seed4,235,6.848484848484849
hpmcounter6,jump,seed4,236,6.884848484848485
hpmcounter6,jump,seed4,237,6.848484848484849
hpmcounter6,jump,seed4,238,6.739393939393939
hpmcounter6,jump,seed4,239,6.557575757575758
hpmcounter6,jump,seed4,240,6.303030303030303
hpmcounter6,jump,seed4,241,6.218181818181818
hpmcounter6,jump,seed4,242,6.303030303030303
hpmcounter6,jump,seed4,243,6.557575757575758
hpmcounter6,jump,seed4,244,6.739393939393939
hpmcounter6,jump,seed4,245,6.848484848484849
hpmcounter6,jump,seed4,246,6.884848484848485
hpmcounter6,jump,seed4,247,6.848484848484849
hpmcounter6,jump,seed4,248,6.739393939393939
hpmcounter6,jump,seed4,249,6.557575757575758
hpmcounter6,jump,seed4,250,6.303030303030303
hpmcounter6,jump,seed4,251,6.218181818181818
hpmcounter6,jump,seed4,252,6.303030303030303
hpmcounter6,jump,seed4,253,6.557575757575758
hpmcounter6,jump,seed4,254,6.739393939393939
hpmcounter6,jump,seed4,255,6.848484848484849
hpmcounter6,jump,seed4,256,6.884848484848485
hpmcounter6,jump,seed4,257,6.848484848484849
hpmcounter6,jump,seed4,258,6.739393939393939
hpmcounter6,jump,seed4,259,6.557575757575758
hpmcounter6,jump,seed4,260,6.303030303030303
hpmcounter6,jump,seed4,261,6.218181818181818
hpmcounter6,jump,seed4,262,6.303030303030303
hpmcounter6,jump,seed4,263,6.557575757575758
hpmcounter6,jump,seed4,264,6.739393939393939
hpmcounter6,jump,seed4,265,6.848484848484849
hpmcounter6,jump,seed4,266,6.884848484848485
hpmcounter6,jump,seed4,267,6.848484848484849
hpmcounter6,jump,seed4,268,6.739393939393939
hpmcounter6,jump,seed4,269,6.557575757575758
hpmcounter6,jump,seed4,270,6.303030303030303
hpmcounter6,jump,seed4,271,6.218181818181818
hpmcounter6,jump,seed4,272,6.303030303030303
hpmcounter6,jump,seed4,273,6.557575757575758
hpmcounter6,jump,seed4,274,6.739393939393939
hpmcounter6,jump,seed4,275,6.848484848484849
hpmcounter6,jump,seed4,276,6.884848484848485
hpmcounter6,jump,seed4,277,6.848484848484849
hpmcounter6,jump,seed4,278,6.739393939393939
hpmcounter6,jump,seed4,279,6.557575757575758
hpmcounter6,jump,seed4,280,6.303030303030303
hpmcounter6,jump,seed4,281,6.218181818181818
hpmcounter6,jump,seed4,282,6.303030303030303
hpmcounter6,jump,seed4,283,6.557575757575758
hpmcounter6,jump,seed4,284,6.739393939393939
hpmcounter6,jump,seed4,285,6.848484848484849
hpmcounter6,jump,seed4,286,6.884848484848485
hpmcounter6,jump,seed4,287,6.848484848484849
hpmcounter6,jump,seed4,288,6.739393939393939
hpmcounter6,jump,seed4,289,6.557575757575758
hpmcounter6,jump,seed4,290,6.303030303030303
hpmcounter6,jump,seed4,291,6.218181818181818
hpmcounter6,jump,seed4,292,6.303030303030303
hpmcounter6,jump,seed4,293,6.557575757575758
hpmcounter6,jump,seed4,294,6.739393939393939
hpmcounter6,jump,seed4,295,6.848484848484849
hpmcounter6,jump,seed4,296,6.884848484848485
hpmcounter6,jump,seed4,297,6.848484848484849
hpmcounter6,jump,seed4,298,6.739393939393939
hpmcounter6,jump,seed5,9,6.557575757575758
hpmcounter6,jump,seed5,10,6.303030303030303
hpmcounter6,jump,seed5,11,6.218181818181818
hpmcounter6,jump,seed5,12,6.303030303030303
hpmcounter6,jump,seed5,13,6.557575757575758
hpmcounter6,jump,seed5,14,6.739393939393939
hpmcounter6,jump,seed5,15,6.848484848484849
hpmcounter6,jump,seed5,16,6.884848484848485
hpmcounter6,jump,seed5,17,6.848484848484849
hpmcounter6,jump,seed5,18,6.739393939393939
hpmcounter6,jump,seed5,19,6.557575757575758
hpmcounter6,jump,seed5,20,6.303030303030303
hpmcounter6,jump,seed5,21,6.218181818181818
hpmcounter6,jump,seed5,22,6.303030303030303
hpmcounter6,jump,seed5,23,6.557575757575758
hpmcounter6,jump,seed5,24,6.739393939393939
hpmcounter6,jump,seed5,25,6.848484848484849
hpmcounter6,jump,seed5,26,6.884848484848485
hpmcounter6,jump,seed5,27,6.848484848484849
hpmcounter6,jump,seed5,28,6.739393939393939
hpmcounter6,jump,seed5,29,6.557575757575758
hpmcounter6,jump,seed5,30,6.303030303030303
hpmcounter6,jump,seed5,31,6.218181818181818
hpmcounter6,jump,seed5,32,6.303030303030303
hpmcounter6,jump,seed5,33,6.557575757575758
hpmcounter6,jump,seed5,34,6.739393939393939
hpmcounter6,jump,seed5,35,6.848484848484849
hpmcounter6,jump,seed5,36,6.884848484848485
hpmcounter6,jump,seed5,37,6.848484848484849
hpmcounter6,jump,seed5,38,6.739393939393939
hpmcounter6,jump,seed5,39,6.557575757575758
hpmcounter6,jump,seed5,40,6.303030303030303
hpmcounter6,jump,seed5,41,6.218181818181818
hpmcounter6,jump,seed5,42,6.303030303030303
hpmcounter6,jump,seed5,43,6.557575757575758
hpmcounter6,jump,seed5,44,6.739393939393939
hpmcounter6,jump,seed5,45,6.848484848484849
hpmcounter6,jump,seed5,46,6.884848484848485
hpmcounter6,jump,seed5,47,6.848484848484849
hpmcounter6,jump,seed5,48,6.739393939393939
hpmcounter6,jump,seed5,49,6.557575757575758
hpmcounter6,jump,seed5,50,6.303030303030303
hpmcounter6,jump,seed5,51,6.218181818181818
hpmcounter6,jump,seed5,52,6.303030303030303
hpmcounter6,jump,seed5,53,6.557575757575758
hpmcounter6,jump,seed5,54,6.739393939393939
hpmcounter6,jump,seed5,55,6.848484848484849
hpmcounter6,jump,seed5,56,6.884848484848485
hpmcounter6,jump,seed5,57,6.848484848484849
hpmcounter6,jump,seed5,58,6.739393939393939
hpmcounter6,jump,seed5,59,6.557575757575758
hpmcounter6,jump,seed5,60,6.303030303030303
hpmcounter6,jump,seed5,61,6.218181818181818
hpmcounter6,jump,seed5,62,6.303030303030303
hpmcounter6,jump,seed5,63,6.557575757575758
hpmcounter6,jump,seed5,64,6.739393939393939
hpmcounter6,jump,seed5,65,6.848484848484849
hpmcounter6,jump,seed5,66,6.884848484848485
hpmcounter6,jump,seed5,67,6.848484848484849
hpmcounter6,jump,seed5,68,6.739393939393939
hpmcounter6,jump,seed5,69,6.557575757575758
hpmcounter6,jump,seed5,70,6.303030303030303
hpmcounter6,jump,seed5,71,6.218181818181818
hpmcounter6,jump,seed5,72,6.303030303030303
hpmcounter6,jump,seed5,73,6.557575757575758
hpmcounter6,jump,seed5,74,6.739393939393939
hpmcounter6,jump,seed5,75,6.848484848484849
hpmcounter6,jump,seed5,76,6.884848484848485
hpmcounter6,jump,seed5,77,6.848484848484849
hpmcounter6,jump,seed5,78,6.739393939393939
hpmcounter6,jump,seed5,79,6.557575757575758
hpmcounter6,jump,seed5,80,6.303030303030303
hpmcounter6,jump,seed5,81,6.218181818181818
hpmcounter6,jump,seed5,82,6.303030303030303
hpmcounter6,jump,seed5,83,6.557575757575758
hpmcounter6,jump,seed5,84,6.739393939393939
hpmcounter6,jump,seed5,85,6.848484848484849
hpmcounter6,jump,seed5,86,6.884848484848485
hpmcounter6,jump,seed5,87,6.848484848484849
hpmcounter6,jump,seed5,88,6.739393939393939
hpmcounter6,jump,seed5,89,6.557575757575758
hpmcounter6,jump,seed5,90,6.303030303030303
hpmcounter6,jump,seed5,91,6.218181818181818
hpmcounter6,jump,seed5,92,6.303030303030303
hpmcounter6,jump,seed5,93,6.557575757575758
hpmcounter6,jump,seed5,94,6.739393939393939
hpmcounter6,jump,seed5,95,6.848484848484849
hpmcounter6,jump,seed5,96,6.884848484848485
hpmcounter6,jump,seed5,97,6.848484848484849
hpmcounter6,jump,seed5,98,6.739393939393939
hpmcounter6,jump,seed5,99,6.557575757575758
hpmcounter6,jump,seed5,100,6.303030303030303
hpmcounter6,jump,seed5,101,6.218181818181818
hpmcounter6,jump,seed5,102,6.303030303030303
hpmcounter6,jump,seed5,103,6.557575757575758
hpmcounter6,jump,seed5,104,6.739393939393939
hpmcounter6,jump,seed5,105,6.848484848484849
hpmcounter6,jump,seed5,106,6.884848484848485
hpmcounter6,jump,seed5,107,6.848484848484849
hpmcounter6,jump,seed5,108,6.739393939393939
hpmcounter6,jump,seed5,109,6.557575757575758
hpmcounter6,jump,seed5,110,6.303030303030303
hpmcounter6,jump,seed5,111,6.218181818181818
hpmcounter6,jump,seed5,112,6.303030303030303
hpmcounter6,jump,seed5,113,6.557575757575758
hpmcounter6,jump,seed5,114,6.739393939393939
hpmcounter6,jump,seed5,115,6.848484848484849
hpmcounter6,jump,seed5,116,6.884848484848485
hpmcounter6,jump,seed5,117,6.848484848484849
hpmcounter6,jump,seed5,118,6.739393939393939
hpmcounter6,jump,seed5,119,6.557575757575758
hpmcounter6,jump,seed5,120,6.303030303030303
hpmcounter6,jump,seed5,121,6.218181818181818
hpmcounter6,jump,seed5,122,6.303030303030303
hpmcounter6,jump,seed5,123,6.557575757575758
hpmcounter6,jump,seed5,124,6.739393939393939
hpmcounter6,jump,seed5,125,6.848484848484849
hpmcounter6,jump,seed5,126,6.884848484848485
hpmcounter6,jump,seed5,127,6.848484848484849
hpmcounter6,jump,seed5,128,6.739393939393939
hpmcounter6,jump,seed5,129,6.557575757575758
hpmcounter6,jump,seed5,130,6.303030303030303
hpmcounter6,jump,seed5,131,6.218181818181818
hpmcounter6,jump,seed5,132,6.303030303030303
hpmcounter6,jump,seed5,133,6.557575757575758
hpmcounter6,jump,seed5,134,6.739393939393939
hpmcounter6,jump,seed5,135,6.848484848484849
hpmcounter6,jump,seed5,136,6.884848484848485
hpmcounter6,jump,seed5,137,6.848484848484849
hpmcounter6,jump,seed5,138,6.739393939393939
hpmcounter6,jump,seed5,139,6.557575757575758
hpmcounter6,jump,seed5,140,6.303030303030303
hpmcounter6,jump,seed5,141,6.218181818181818
hpmcounter6,jump,seed5,142,6.303030303030303
hpmcounter6,jump,seed5,143,6.557575757575758
hpmcounter6,jump,seed5,144,6.739393939393939
hpmcounter6,jump,seed5,145,6.848484848484849
hpmcounter6,jump,seed5,146,6.884848484848485
hpmcounter6,jump,seed5,147,6.848484848484849
hpmcounter6,jump,seed5,148,6.739393939393939
hpmcounter6,jump,seed5,149,6.557575757575758
hpmcounter6,jump,seed5,150,6.303030303030303
hpmcounter6,jump,seed5,151,6.218181818181818
hpmcounter6,jump,seed5,152,6.303030303030303
hpmcounter6,jump,seed5,153,6.557575757575758
hpmcounter6,jump,seed5,154,6.739393939393939
hpmcounter6,jump,seed5,155,6.848484848484849
hpmcounter6,jump,seed5,156,6.884848484848485
hpmcounter6,jump,seed5,157,6.848484848484849
hpmcounter6,jump,seed5,158,6.739393939393939
hpmcounter6,jump,seed5,159,6.557575757575758
hpmcounter6,jump,seed5,160,6.303030303030303
hpmcounter6,jump,seed5,161,6.218181818181818
hpmcounter6,jump,seed5,162,6.303030303030303
hpmcounter6,jump,seed5,163,6.557575757575758
hpmcounter6,jump,seed5,164,6.739393939393939
hpmcounter6,jump,seed5,165,6.848484848484849
hpmcounter6,jump,seed5,166,6.884848484848485
hpmcounter6,jump,seed5,167,6.848484848484849
hpmcounter6,jump,seed5,168,6.739393939393939
hpmcounter6,jump,seed5,169,6.557575757575758
hpmcounter6,jump,seed5,170,6.303030303030303
hpmcounter6,jump,seed5,171,6.218181818181818
hpmcounter6,jump,seed5,172,6.303030303030303
hpmcounter6,jump,seed5,173,6.557575757575758
hpmcounter6,jump,seed5,174,6.739393939393939
hpmcounter6,jump,seed5,175,6.848484848484849
hpmcounter6,jump,seed5,176,6.884848484848485
hpmcounter6,jump,seed5,177,6.848484848484849
hpmcounter6,jump,seed5,178,6.739393939393939
hpmcounter6,jump,seed5,179,6.557575757575758
hpmcounter6,jump,seed5,180,6.303030303030303
hpmcounter6,jump,seed5,181,6.218181818181818
hpmcounter6,jump,seed5,182,6.303030303030303
hpmcounter6,jump,seed5,183,6.557575757575758
hpmcounter6,jump,seed5,184,6.739393939393939
hpmcounter6,jump,seed5,185,6.848484848484849
hpmcounter6,jump,seed5,186,6.884848484848485
hpmcounter6,jump,seed5,187,6.848484848484849
hpmcounter6,jump,seed5,188,6.739393939393939
hpmcounter6,jump,seed5,189,6.557575757575758
hpmcounter6,jump,seed5,190,6.303030303030303
hpmcounter6,jump,seed5,191,6.218181818181818
hpmcounter6,jump,seed5,192,6.303030303030303
hpmcounter6,jump,seed5,193,6.557575757575758
hpmcounter6,jump,seed5,194,6.739393939393939
hpmcounter6,jump,seed5,195,6.848484848484849
hpmcounter6,jump,seed5,196,6.884848484848485
hpmcounter6,jump,seed5,197,6.848484848484849
hpmcounter6,jump,seed5,198,6.739393939393939
hpmcounter6,jump,seed5,199,6.557575757575758
hpmcounter6,jump,seed5,200,6.303030303030303
hpmcounter6,jump,seed5,201,6.218181818181818
hpmcounter6,jump,seed5,202,6.303030303030303
hpmcounter6,jump,seed5,203,6.557575757575758
hpmcounter6,jump,seed5,204,6.739393939393939
hpmcounter6,jump,seed5,205,6.848484848484849
hpmcounter6,jump,seed5,206,6.884848484848485
hpmcounter6,jump,seed5,207,6.848484848484849
hpmcounter6,jump,seed5,208,6.739393939393939
hpmcounter6,jump,seed5,209,6.557575757575758
hpmcounter6,jump,seed5,210,6.303030303030303
hpmcounter6,jump,seed5,211,6.218181818181818
hpmcounter6,jump,seed5,212,6.303030303030303
hpmcounter6,jump,seed5,213,6.557575757575758
hpmcounter6,jump,seed5,214,6.739393939393939
hpmcounter6,jump,seed5,215,6.848484848484849
hpmcounter6,jump,seed5,216,6.884848484848485
hpmcounter6,jump,seed5,217,6.848484848484849
hpmcounter6,jump,seed5,218,6.739393939393939
hpmcounter6,jump,seed5,219,6.557575757575758
hpmcounter6,jump,seed5,220,6.303030303030303
hpmcounter6,jump,seed5,221,6.218181818181818
hpmcounter6,jump,seed5,222,6.303030303030303
hpmcounter6,jump,seed5,223,6.557575757575758
hpmcounter6,jump,seed5,224,6.739393939393939
hpmcounter6,jump,seed5,225,6.848484848484849
hpmcounter6,jump,seed5,226,6.884848484848485
hpmcounter6,jump,seed5,227,6.848484848484849
hpmcounter6,jump,seed5,228,6.739393939393939
hpmcounter6,jump,seed5,229,6.557575757575758
hpmcounter6,jump,seed5,230,6.303030303030303
hpmcounter6,jump,seed5,231,6.218181818181818
hpmcounter6,jump,seed5,232,6.303030303030303
hpmcounter6,jump,seed5,233,6.557575757575758
hpmcounter6,jump,seed5,234,6.739393939393939
hpmcounter6,jump,seed5,235,6.848484848484849
hpmcounter6,jump,seed5,236,6.884848484848485
hpmcounter6,jump,seed5,237,6.848484848484849
hpmcounter6,jump,seed5,238,6.739393939393939
hpmcounter6,jump,seed5,239,6.557575757575758
hpmcounter6,jump,seed5,240,6.303030303030303
hpmcounter6,jump,seed5,241,6.218181818181818
hpmcounter6,jump,seed5,242,6.303030303030303
hpmcounter6,jump,seed5,243,6.557575757575758
hpmcounter6,jump,seed5,244,6.739393939393939
hpmcounter6,jump,seed5,245,6.848484848484849
hpmcounter6,jump,seed5,246,6.884848484848485
hpmcounter6,jump,seed5,247,6.848484848484849
hpmcounter6,jump,seed5,248,6.739393939393939
hpmcounter6,jump,seed5,249,6.557575757575758
hpmcounter6,jump,seed5,250,6.303030303030303
hpmcounter6,jump,seed5,251,6.218181818181818
hpmcounter6,jump,seed5,252,6.303030303030303
hpmcounter6,jump,seed5,253,6.557575757575758
hpmcounter6,jump,seed5,254,6.739393939393939
hpmcounter6,jump,seed5,255,6.848484848484849
hpmcounter6,jump,seed5,256,6.884848484848485
hpmcounter6,jump,seed5,257,6.848484848484849
hpmcounter6,jump,seed5,258,6.739393939393939
hpmcounter6,jump,seed5,259,6.557575757575758
hpmcounter6,jump,seed5,260,6.303030303030303
hpmcounter6,jump,seed5,261,6.218181818181818
hpmcounter6,jump,seed5,262,6.303030303030303
hpmcounter6,jump,seed5,263,6.557575757575758
hpmcounter6,jump,seed5,264,6.739393939393939
hpmcounter6,jump,seed5,265,6.848484848484849
hpmcounter6,jump,seed5,266,6.884848484848485
hpmcounter6,jump,seed5,267,6.848484848484849
hpmcounter6,jump,seed5,268,6.739393939393939
hpmcounter6,jump,seed5,269,6.557575757575758
hpmcounter6,jump,seed5,270,6.303030303030303
hpmcounter6,jump,seed5,271,6.218181818181818
hpmcounter6,jump,seed5,272,6.303030303030303
hpmcounter6,jump,seed5,273,6.557575757575758
hpmcounter6,jump,seed5,274,6.739393939393939
hpmcounter6,jump,seed5,275,6.848484848484849
hpmcounter6,jump,seed5,276,6.884848484848485
hpmcounter6,jump,seed5,277,6.848484848484849
hpmcounter6,jump,seed5,278,6.739393939393939
hpmcounter6,jump,seed5,279,6.557575757575758
hpmcounter6,jump,seed5,280,6.303030303030303
hpmcounter6,jump,seed5,281,6.218181818181818
hpmcounter6,jump,seed5,282,6.303030303030303
hpmcounter6,jump,seed5,283,6.557575757575758
hpmcounter6,jump,seed5,284,6.739393939393939
hpmcounter6,jump,seed5,285,6.848484848484849
hpmcounter6,jump,seed5,286,6.884848484848485
hpmcounter6,jump,seed5,287,6.848484848484849
hpmcounter6,jump,seed5,288,6.739393939393939
hpmcounter6,jump,seed5,289,6.557575757575758
hpmcounter6,jump,seed5,290,6.303030303030303
hpmcounter6,jump,seed5,291,6.218181818181818
hpmcounter6,jump,seed5,292,6.303030303030303
hpmcounter6,jump,seed5,293,6.557575757575758
hpmcounter6,jump,seed5,294,6.739393939393939
hpmcounter6,jump,seed5,295,6.848484848484849
hpmcounter6,jump,seed5,296,6.884848484848485
hpmcounter6,jump,seed5,297,6.848484848484849
hpmcounter6,jump,seed5,298,6.739393939393939
hpmcounter6,jump,seed6,9,6.557575757575758
hpmcounter6,jump,seed6,10,6.303030303030303
hpmcounter6,jump,seed6,11,6.218181818181818
hpmcounter6,jump,seed6,12,6.303030303030303
hpmcounter6,jump,seed6,13,6.557575757575758
hpmcounter6,jump,seed6,14,6.739393939393939
hpmcounter6,jump,seed6,15,6.848484848484849
hpmcounter6,jump,seed6,16,6.884848484848485
hpmcounter6,jump,seed6,17,6.848484848484849
hpmcounter6,jump,seed6,18,6.739393939393939
hpmcounter6,jump,seed6,19,6.557575757575758
hpmcounter6,jump,seed6,20,6.303030303030303
hpmcounter6,jump,seed6,21,6.218181818181818
hpmcounter6,jump,seed6,22,6.303030303030303
hpmcounter6,jump,seed6,23,6.557575757575758
hpmcounter6,jump,seed6,24,6.739393939393939
hpmcounter6,jump,seed6,25,6.848484848484849
hpmcounter6,jump,seed6,26,6.884848484848485
hpmcounter6,jump,seed6,27,6.848484848484849
hpmcounter6,jump,seed6,28,6.739393939393939
hpmcounter6,jump,seed6,29,6.557575757575758
hpmcounter6,jump,seed6,30,6.303030303030303
hpmcounter6,jump,seed6,31,6.218181818181818
hpmcounter6,jump,seed6,32,6.303030303030303
hpmcounter6,jump,seed6,33,6.557575757575758
hpmcounter6,jump,seed6,34,6.739393939393939
hpmcounter6,jump,seed6,35,6.848484848484849
hpmcounter6,jump,seed6,36,6.884848484848485
hpmcounter6,jump,seed6,37,6.848484848484849
hpmcounter6,jump,seed6,38,6.739393939393939
hpmcounter6,jump,seed6,39,6.557575757575758
hpmcounter6,jump,seed6,40,6.303030303030303
hpmcounter6,jump,seed6,41,6.218181818181818
hpmcounter6,jump,seed6,42,6.303030303030303
hpmcounter6,jump,seed6,43,6.557575757575758
hpmcounter6,jump,seed6,44,6.739393939393939
hpmcounter6,jump,seed6,45,6.848484848484849
hpmcounter6,jump,seed6,46,6.884848484848485
hpmcounter6,jump,seed6,47,6.848484848484849
hpmcounter6,jump,seed6,48,6.739393939393939
hpmcounter6,jump,seed6,49,6.557575757575758
hpmcounter6,jump,seed6,50,6.303030303030303
hpmcounter6,jump,seed6,51,6.218181818181818
hpmcounter6,jump,seed6,52,6.303030303030303
hpmcounter6,jump,seed6,53,6.557575757575758
hpmcounter6,jump,seed6,54,6.739393939393939
hpmcounter6,jump,seed6,55,6.848484848484849
hpmcounter6,jump,seed6,56,6.884848484848485
hpmcounter6,jump,seed6,57,6.848484848484849
hpmcounter6,jump,seed6,58,6.739393939393939
hpmcounter6,jump,seed6,59,6.557575757575758
hpmcounter6,jump,seed6,60,6.303030303030303
hpmcounter6,jump,seed6,61,6.218181818181818
hpmcounter6,jump,seed6,62,6.303030303030303
hpmcounter6,jump,seed6,63,6.557575757575758
hpmcounter6,jump,seed6,64,6.739393939393939
hpmcounter6,jump,seed6,65,6.848484848484849
hpmcounter6,jump,seed6,66,6.884848484848485
hpmcounter6,jump,seed6,67,6.848484848484849
hpmcounter6,jump,seed6,68,6.739393939393939
hpmcounter6,jump,seed6,69,6.557575757575758
hpmcounter6,jump,seed6,70,6.303030303030303
hpmcounter6,jump,seed6,71,6.218181818181818
hpmcounter6,jump,seed6,72,6.303030303030303
hpmcounter6,jump,seed6,73,6.557575757575758
hpmcounter6,jump,seed6,74,6.739393939393939
hpmcounter6,jump,seed6,75,6.848484848484849
hpmcounter6,jump,seed6,76,6.884848484848485
hpmcounter6,jump,seed6,77,6.848484848484849
hpmcounter6,jump,seed6,78,6.739393939393939
hpmcounter6,jump,seed6,79,6.557575757575758
hpmcounter6,jump,seed6,80,6.303030303030303
hpmcounter6,jump,seed6,81,6.218181818181818
hpmcounter6,jump,seed6,82,6.303030303030303
hpmcounter6,jump,seed6,83,6.557575757575758
hpmcounter6,jump,seed6,84,6.739393939393939
hpmcounter6,jump,seed6,85,6.848484848484849
hpmcounter6,jump,seed6,86,6.884848484848485
hpmcounter6,jump,seed6,87,6.848484848484849
hpmcounter6,jump,seed6,88,6.739393939393939
hpmcounter6,jump,seed6,89,6.557575757575758
hpmcounter6,jump,seed6,90,6.303030303030303
hpmcounter6,jump,seed6,91,6.218181818181818
hpmcounter6,jump,seed6,92,6.303030303030303
hpmcounter6,jump,seed6,93,6.557575757575758
hpmcounter6,jump,seed6,94,6.739393939393939
hpmcounter6,jump,seed6,95,6.848484848484849
hpmcounter6,jump,seed6,96,6.884848484848485
hpmcounter6,jump,seed6,97,6.848484848484849
hpmcounter6,jump,seed6,98,6.739393939393939
hpmcounter6,jump,seed6,99,6.557575757575758
hpmcounter6,jump,seed6,100,6.303030303030303
hpmcounter6,jump,seed6,101,6.218181818181818
hpmcounter6,jump,seed6,102,6.303030303030303
hpmcounter6,jump,seed6,103,6.557575757575758
hpmcounter6,jump,seed6,104,6.739393939393939
hpmcounter6,jump,seed6,105,6.848484848484849
hpmcounter6,jump,seed6,106,6.884848484848485
hpmcounter6,jump,seed6,107,6.848484848484849
hpmcounter6,jump,seed6,108,6.739393939393939
hpmcounter6,jump,seed6,109,6.557575757575758
hpmcounter6,jump,seed6,110,6.303030303030303
hpmcounter6,jump,seed6,111,6.218181818181818
hpmcounter6,jump,seed6,112,6.303030303030303
hpmcounter6,jump,seed6,113,6.557575757575758
hpmcounter6,jump,seed6,114,6.739393939393939
hpmcounter6,jump,seed6,115,6.848484848484849
hpmcounter6,jump,seed6,116,6.884848484848485
hpmcounter6,jump,seed6,117,6.848484848484849
hpmcounter6,jump,seed6,118,6.739393939393939
hpmcounter6,jump,seed6,119,6.557575757575758
hpmcounter6,jump,seed6,120,6.303030303030303
hpmcounter6,jump,seed6,121,6.218181818181818
hpmcounter6,jump,seed6,122,6.303030303030303
hpmcounter6,jump,seed6,123,6.557575757575758
hpmcounter6,jump,seed6,124,6.739393939393939
hpmcounter6,jump,seed6,125,6.848484848484849
hpmcounter6,jump,seed6,126,6.884848484848485
hpmcounter6,jump,seed6,127,6.848484848484849
hpmcounter6,jump,seed6,128,6.739393939393939
hpmcounter6,jump,seed6,129,6.557575757575758
hpmcounter6,jump,seed6,130,6.303030303030303
hpmcounter6,jump,seed6,131,6.218181818181818
hpmcounter6,jump,seed6,132,6.303030303030303
hpmcounter6,jump,seed6,133,6.557575757575758
hpmcounter6,jump,seed6,134,6.739393939393939
hpmcounter6,jump,seed6,135,6.848484848484849
hpmcounter6,jump,seed6,136,6.884848484848485
hpmcounter6,jump,seed6,137,6.848484848484849
hpmcounter6,jump,seed6,138,6.739393939393939
hpmcounter6,jump,seed6,139,6.557575757575758
hpmcounter6,jump,seed6,140,6.303030303030303
hpmcounter6,jump,seed6,141,6.218181818181818
hpmcounter6,jump,seed6,142,6.303030303030303
hpmcounter6,jump,seed6,143,6.557575757575758
hpmcounter6,jump,seed6,144,6.739393939393939
hpmcounter6,jump,seed6,145,6.848484848484849
hpmcounter6,jump,seed6,146,6.884848484848485
hpmcounter6,jump,seed6,147,6.848484848484849
hpmcounter6,jump,seed6,148,6.739393939393939
hpmcounter6,jump,seed6,149,6.557575757575758
hpmcounter6,jump,seed6,150,6.303030303030303
hpmcounter6,jump,seed6,151,6.218181818181818
hpmcounter6,jump,seed6,152,6.303030303030303
hpmcounter6,jump,seed6,153,6.557575757575758
hpmcounter6,jump,seed6,154,6.739393939393939
hpmcounter6,jump,seed6,155,6.848484848484849
hpmcounter6,jump,seed6,156,6.884848484848485
hpmcounter6,jump,seed6,157,6.848484848484849
hpmcounter6,jump,seed6,158,6.739393939393939
hpmcounter6,jump,seed6,159,6.557575757575758
hpmcounter6,jump,seed6,160,6.303030303030303
hpmcounter6,jump,seed6,161,6.218181818181818
hpmcounter6,jump,seed6,162,6.303030303030303
hpmcounter6,jump,seed6,163,6.557575757575758
hpmcounter6,jump,seed6,164,6.739393939393939
hpmcounter6,jump,seed6,165,6.848484848484849
hpmcounter6,jump,seed6,166,6.884848484848485
hpmcounter6,jump,seed6,167,6.848484848484849
hpmcounter6,jump,seed6,168,6.739393939393939
hpmcounter6,jump,seed6,169,6.557575757575758
hpmcounter6,jump,seed6,170,6.303030303030303
hpmcounter6,jump,seed6,171,6.218181818181818
hpmcounter6,jump,seed6,172,6.303030303030303
hpmcounter6,jump,seed6,173,6.557575757575758
hpmcounter6,jump,seed6,174,6.739393939393939
hpmcounter6,jump,seed6,175,6.848484848484849
hpmcounter6,jump,seed6,176,6.884848484848485
hpmcounter6,jump,seed6,177,6.848484848484849
hpmcounter6,jump,seed6,178,6.739393939393939
hpmcounter6,jump,seed6,179,6.557575757575758
hpmcounter6,jump,seed6,180,6.303030303030303
hpmcounter6,jump,seed6,181,6.218181818181818
hpmcounter6,jump,seed6,182,6.303030303030303
hpmcounter6,jump,seed6,183,6.557575757575758
hpmcounter6,jump,seed6,184,6.739393939393939
hpmcounter6,jump,seed6,185,6.848484848484849
hpmcounter6,jump,seed6,186,6.884848484848485
hpmcounter6,jump,seed6,187,6.848484848484849
hpmcounter6,jump,seed6,188,6.739393939393939
hpmcounter6,jump,seed6,189,6.557575757575758
hpmcounter6,jump,seed6,190,6.303030303030303
hpmcounter6,jump,seed6,191,6.218181818181818
hpmcounter6,jump,seed6,192,6.303030303030303
hpmcounter6,jump,seed6,193,6.557575757575758
hpmcounter6,jump,seed6,194,6.739393939393939
hpmcounter6,jump,seed6,195,6.848484848484849
hpmcounter6,jump,seed6,196,6.884848484848485
hpmcounter6,jump,seed6,197,6.848484848484849
hpmcounter6,jump,seed6,198,6.739393939393939
hpmcounter6,jump,seed6,199,6.557575757575758
hpmcounter6,jump,seed6,200,6.303030303030303
hpmcounter6,jump,seed6,201,6.218181818181818
hpmcounter6,jump,seed6,202,6.303030303030303
hpmcounter6,jump,seed6,203,6.557575757575758
hpmcounter6,jump,seed6,204,6.739393939393939
hpmcounter6,jump,seed6,205,6.848484848484849
hpmcounter6,jump,seed6,206,6.884848484848485
hpmcounter6,jump,seed6,207,6.848484848484849
hpmcounter6,jump,seed6,208,6.739393939393939
hpmcounter6,jump,seed6,209,6.557575757575758
hpmcounter6,jump,seed6,210,6.303030303030303
hpmcounter6,jump,seed6,211,6.218181818181818
hpmcounter6,jump,seed6,212,6.303030303030303
hpmcounter6,jump,seed6,213,6.557575757575758
hpmcounter6,jump,seed6,214,6.739393939393939
hpmcounter6,jump,seed6,215,6.848484848484849
hpmcounter6,jump,seed6,216,6.884848484848485
hpmcounter6,jump,seed6,217,6.848484848484849
hpmcounter6,jump,seed6,218,6.739393939393939
hpmcounter6,jump,seed6,219,6.557575757575758
hpmcounter6,jump,seed6,220,6.303030303030303
hpmcounter6,jump,seed6,221,6.218181818181818
hpmcounter6,jump,seed6,222,6.303030303030303
hpmcounter6,jump,seed6,223,6.557575757575758
hpmcounter6,jump,seed6,224,6.739393939393939
hpmcounter6,jump,seed6,225,6.848484848484849
hpmcounter6,jump,seed6,226,6.884848484848485
hpmcounter6,jump,seed6,227,6.848484848484849
hpmcounter6,jump,seed6,228,6.739393939393939
hpmcounter6,jump,seed6,229,6.557575757575758
hpmcounter6,jump,seed6,230,6.303030303030303
hpmcounter6,jump,seed6,231,6.218181818181818
hpmcounter6,jump,seed6,232,6.303030303030303
hpmcounter6,jump,seed6,233,6.557575757575758
hpmcounter6,jump,seed6,234,6.739393939393939
hpmcounter6,jump,seed6,235,6.848484848484849
hpmcounter6,jump,seed6,236,6.884848484848485
hpmcounter6,jump,seed6,237,6.848484848484849
hpmcounter6,jump,seed6,238,6.739393939393939
hpmcounter6,jump,seed6,239,6.557575757575758
hpmcounter6,jump,seed6,240,6.303030303030303
hpmcounter6,jump,seed6,241,6.218181818181818
hpmcounter6,jump,seed6,242,6.303030303030303
hpmcounter6,jump,seed6,243,6.557575757575758
hpmcounter6,jump,seed6,244,6.739393939393939
hpmcounter6,jump,seed6,245,6.848484848484849
hpmcounter6,jump,seed6,246,6.884848484848485
hpmcounter6,jump,seed6,247,6.848484848484849
hpmcounter6,jump,seed6,248,6.739393939393939
hpmcounter6,jump,seed6,249,6.557575757575758
hpmcounter6,jump,seed6,250,6.303030303030303
hpmcounter6,jump,seed6,251,6.218181818181818
hpmcounter6,jump,seed6,252,6.303030303030303
hpmcounter6,jump,seed6,253,6.557575757575758
hpmcounter6,jump,seed6,254,6.739393939393939
hpmcounter6,jump,seed6,255,6.848484848484849
hpmcounter6,jump,seed6,256,6.884848484848485
hpmcounter6,jump,seed6,257,6.848484848484849
hpmcounter6,jump,seed6,258,6.739393939393939
hpmcounter6,jump,seed6,259,6.557575757575758
hpmcounter6,jump,seed6,260,6.303030303030303
hpmcounter6,jump,seed6,261,6.218181818181818
hpmcounter6,jump,seed6,262,6.303030303030303
hpmcounter6,jump,seed6,263,6.557575757575758
hpmcounter6,jump,seed6,264,6.739393939393939
hpmcounter6,jump,seed6,265,6.848484848484849
hpmcounter6,jump,seed6,266,6.884848484848485
hpmcounter6,jump,seed6,267,6.848484848484849
hpmcounter6,jump,seed6,268,6.739393939393939
hpmcounter6,jump,seed6,269,6.557575757575758
hpmcounter6,jump,seed6,270,6.303030303030303
hpmcounter6,jump,seed6,271,6.218181818181818
hpmcounter6,jump,seed6,272,6.303030303030303
hpmcounter6,jump,seed6,273,6.557575757575758
hpmcounter6,jump,seed6,274,6.739393939393939
hpmcounter6,jump,seed6,275,6.848484848484849
hpmcounter6,jump,seed6,276,6.884848484848485
hpmcounter6,jump,seed6,277,6.848484848484849
hpmcounter6,jump,seed6,278,6.739393939393939
hpmcounter6,jump,seed6,279,6.557575757575758
hpmcounter6,jump,seed6,280,6.303030303030303
hpmcounter6,jump,seed6,281,6.218181818181818
hpmcounter6,jump,seed6,282,6.303030303030303
hpmcounter6,jump,seed6,283,6.557575757575758
hpmcounter6,jump,seed6,284,6.739393939393939
hpmcounter6,jump,seed6,285,6.848484848484849
hpmcounter6,jump,seed6,286,6.884848484848485
hpmcounter6,jump,seed6,287,6.848484848484849
hpmcounter6,jump,seed6,288,6.739393939393939
hpmcounter6,jump,seed6,289,6.557575757575758
hpmcounter6,jump,seed6,290,6.303030303030303
hpmcounter6,jump,seed6,291,6.218181818181818
hpmcounter6,jump,seed6,292,6.303030303030303
hpmcounter6,jump,seed6,293,6.557575757575758
hpmcounter6,jump,seed6,294,6.739393939393939
hpmcounter6,jump,seed6,295,6.848484848484849
hpmcounter6,jump,seed6,296,6.884848484848485
hpmcounter6,jump,seed6,297,6.848484848484849
hpmcounter6,jump,seed6,298,6.739393939393939
hpmcounter6,jump,seed7,9,6.557575757575758
hpmcounter6,jump,seed7,10,6.303030303030303
hpmcounter6,jump,seed7,11,6.218181818181818
hpmcounter6,jump,seed7,12,6.303030303030303
hpmcounter6,jump,seed7,13,6.557575757575758
hpmcounter6,jump,seed7,14,6.739393939393939
hpmcounter6,jump,seed7,15,6.848484848484849
hpmcounter6,jump,seed7,16,6.884848484848485
hpmcounter6,jump,seed7,17,6.848484848484849
hpmcounter6,jump,seed7,18,6.739393939393939
hpmcounter6,jump,seed7,19,6.557575757575758
hpmcounter6,jump,seed7,20,6.303030303030303
hpmcounter6,jump,seed7,21,6.218181818181818
hpmcounter6,jump,seed7,22,6.303030303030303
hpmcounter6,jump,seed7,23,6.557575757575758
hpmcounter6,jump,seed7,24,6.739393939393939
hpmcounter6,jump,seed7,25,6.848484848484849
hpmcounter6,jump,seed7,26,6.884848484848485
hpmcounter6,jump,seed7,27,6.848484848484849
hpmcounter6,jump,seed7,28,6.739393939393939
hpmcounter6,jump,seed7,29,6.557575757575758
hpmcounter6,jump,seed7,30,6.303030303030303
hpmcounter6,jump,seed7,31,6.218181818181818
hpmcounter6,jump,seed7,32,6.303030303030303
hpmcounter6,jump,seed7,33,6.557575757575758
hpmcounter6,jump,seed7,34,6.739393939393939
hpmcounter6,jump,seed7,35,6.848484848484849
hpmcounter6,jump,seed7,36,6.884848484848485
hpmcounter6,jump,seed7,37,6.848484848484849
hpmcounter6,jump,seed7,38,6.739393939393939
hpmcounter6,jump,seed7,39,6.557575757575758
hpmcounter6,jump,seed7,40,6.303030303030303
hpmcounter6,jump,seed7,41,6.218181818181818
hpmcounter6,jump,seed7,42,6.303030303030303
hpmcounter6,jump,seed7,43,6.557575757575758
hpmcounter6,jump,seed7,44,6.739393939393939
hpmcounter6,jump,seed7,45,6.848484848484849
hpmcounter6,jump,seed7,46,6.884848484848485
hpmcounter6,jump,seed7,47,6.848484848484849
hpmcounter6,jump,seed7,48,6.739393939393939
hpmcounter6,jump,seed7,49,6.557575757575758
hpmcounter6,jump,seed7,50,6.303030303030303
hpmcounter6,jump,seed7,51,6.218181818181818
hpmcounter6,jump,seed7,52,6.303030303030303
hpmcounter6,jump,seed7,53,6.557575757575758
hpmcounter6,jump,seed7,54,6.739393939393939
hpmcounter6,jump,seed7,55,6.848484848484849
hpmcounter6,jump,seed7,56,6.884848484848485
hpmcounter6,jump,seed7,57,6.848484848484849
hpmcounter6,jump,seed7,58,6.739393939393939
hpmcounter6,jump,seed7,59,6.557575757575758
hpmcounter6,jump,seed7,60,6.303030303030303
hpmcounter6,jump,seed7,61,6.218181818181818
hpmcounter6,jump,seed7,62,6.303030303030303
hpmcounter6,jump,seed7,63,6.557575757575758
hpmcounter6,jump,seed7,64,6.739393939393939
hpmcounter6,jump,seed7,65,6.848484848484849
hpmcounter6,jump,seed7,66,6.884848484848485
hpmcounter6,jump,seed7,67,6.848484848484849
hpmcounter6,jump,seed7,68,6.739393939393939
hpmcounter6,jump,seed7,69,6.557575757575758
hpmcounter6,jump,seed7,70,6.303030303030303
hpmcounter6,jump,seed7,71,6.218181818181818
hpmcounter6,jump,seed7,72,6.303030303030303
hpmcounter6,jump,seed7,73,6.557575757575758
hpmcounter6,jump,seed7,74,6.739393939393939
hpmcounter6,jump,seed7,75,6.848484848484849
hpmcounter6,jump,seed7,76,6.884848484848485
hpmcounter6,jump,seed7,77,6.848484848484849
hpmcounter6,jump,seed7,78,6.739393939393939
hpmcounter6,jump,seed7,79,6.557575757575758
hpmcounter6,jump,seed7,80,6.303030303030303
hpmcounter6,jump,seed7,81,6.218181818181818
hpmcounter6,jump,seed7,82,6.303030303030303
hpmcounter6,jump,seed7,83,6.557575757575758
hpmcounter6,jump,seed7,84,6.739393939393939
hpmcounter6,jump,seed7,85,6.848484848484849
hpmcounter6,jump,seed7,86,6.884848484848485
hpmcounter6,jump,seed7,87,6.848484848484849
hpmcounter6,jump,seed7,88,6.739393939393939
hpmcounter6,jump,seed7,89,6.557575757575758
hpmcounter6,jump,seed7,90,6.303030303030303
hpmcounter6,jump,seed7,91,6.218181818181818
hpmcounter6,jump,seed7,92,6.303030303030303
hpmcounter6,jump,seed7,93,6.557575757575758
hpmcounter6,jump,seed7,94,6.739393939393939
hpmcounter6,jump,seed7,95,6.848484848484849
hpmcounter6,jump,seed7,96,6.884848484848485
hpmcounter6,jump,seed7,97,6.848484848484849
hpmcounter6,jump,seed7,98,6.739393939393939
hpmcounter6,jump,seed7,99,6.557575757575758
hpmcounter6,jump,seed7,100,6.303030303030303
hpmcounter6,jump,seed7,101,6.218181818181818
hpmcounter6,jump,seed7,102,6.303030303030303
hpmcounter6,jump,seed7,103,6.557575757575758
hpmcounter6,jump,seed7,104,6.739393939393939
hpmcounter6,jump,seed7,105,6.848484848484849
hpmcounter6,jump,seed7,106,6.884848484848485
hpmcounter6,jump,seed7,107,6.848484848484849
hpmcounter6,jump,seed7,108,6.739393939393939
hpmcounter6,jump,seed7,109,6.557575757575758
hpmcounter6,jump,seed7,110,6.303030303030303
hpmcounter6,jump,seed7,111,6.218181818181818
hpmcounter6,jump,seed7,112,6.303030303030303
hpmcounter6,jump,seed7,113,6.557575757575758
hpmcounter6,jump,seed7,114,6.739393939393939
hpmcounter6,jump,seed7,115,6.848484848484849
hpmcounter6,jump,seed7,116,6.884848484848485
hpmcounter6,jump,seed7,117,6.848484848484849
hpmcounter6,jump,seed7,118,6.739393939393939
hpmcounter6,jump,seed7,119,6.557575757575758
hpmcounter6,jump,seed7,120,6.303030303030303
hpmcounter6,jump,seed7,121,6.218181818181818
hpmcounter6,jump,seed7,122,6.303030303030303
hpmcounter6,jump,seed7,123,6.557575757575758
hpmcounter6,jump,seed7,124,6.739393939393939
hpmcounter6,jump,seed7,125,6.848484848484849
hpmcounter6,jump,seed7,126,6.884848484848485
hpmcounter6,jump,seed7,127,6.848484848484849
hpmcounter6,jump,seed7,128,6.739393939393939
hpmcounter6,jump,seed7,129,6.557575757575758
hpmcounter6,jump,seed7,130,6.303030303030303
hpmcounter6,jump,seed7,131,6.218181818181818
hpmcounter6,jump,seed7,132,6.303030303030303
hpmcounter6,jump,seed7,133,6.557575757575758
hpmcounter6,jump,seed7,134,6.739393939393939
hpmcounter6,jump,seed7,135,6.848484848484849
hpmcounter6,jump,seed7,136,6.884848484848485
hpmcounter6,jump,seed7,137,6.848484848484849
hpmcounter6,jump,seed7,138,6.739393939393939
hpmcounter6,jump,seed7,139,6.557575757575758
hpmcounter6,jump,seed7,140,6.303030303030303
hpmcounter6,jump,seed7,141,6.218181818181818
hpmcounter6,jump,seed7,142,6.303030303030303
hpmcounter6,jump,seed7,143,6.557575757575758
hpmcounter6,jump,seed7,144,6.739393939393939
hpmcounter6,jump,seed7,145,6.848484848484849
hpmcounter6,jump,seed7,146,6.884848484848485
hpmcounter6,jump,seed7,147,6.848484848484849
hpmcounter6,jump,seed7,148,6.739393939393939
hpmcounter6,jump,seed7,149,6.557575757575758
hpmcounter6,jump,seed7,150,6.303030303030303
hpmcounter6,jump,seed7,151,6.218181818181818
hpmcounter6,jump,seed7,152,6.303030303030303
hpmcounter6,jump,seed7,153,6.557575757575758
hpmcounter6,jump,seed7,154,6.739393939393939
hpmcounter6,jump,seed7,155,6.848484848484849
hpmcounter6,jump,seed7,156,6.884848484848485
hpmcounter6,jump,seed7,157,6.848484848484849
hpmcounter6,jump,seed7,158,6.739393939393939
hpmcounter6,jump,seed7,159,6.557575757575758
hpmcounter6,jump,seed7,160,6.303030303030303
hpmcounter6,jump,seed7,161,6.218181818181818
hpmcounter6,jump,seed7,162,6.303030303030303
hpmcounter6,jump,seed7,163,6.557575757575758
hpmcounter6,jump,seed7,164,6.739393939393939
hpmcounter6,jump,seed7,165,6.848484848484849
hpmcounter6,jump,seed7,166,6.884848484848485
hpmcounter6,jump,seed7,167,6.848484848484849
hpmcounter6,jump,seed7,168,6.739393939393939
hpmcounter6,jump,seed7,169,6.557575757575758
hpmcounter6,jump,seed7,170,6.303030303030303
hpmcounter6,jump,seed7,171,6.218181818181818
hpmcounter6,jump,seed7,172,6.303030303030303
hpmcounter6,jump,seed7,173,6.557575757575758
hpmcounter6,jump,seed7,174,6.739393939393939
hpmcounter6,jump,seed7,175,6.848484848484849
hpmcounter6,jump,seed7,176,6.884848484848485
hpmcounter6,jump,seed7,177,6.848484848484849
hpmcounter6,jump,seed7,178,6.739393939393939
hpmcounter6,jump,seed7,179,6.557575757575758
hpmcounter6,jump,seed7,180,6.303030303030303
hpmcounter6,jump,seed7,181,6.218181818181818
hpmcounter6,jump,seed7,182,6.303030303030303
hpmcounter6,jump,seed7,183,6.557575757575758
hpmcounter6,jump,seed7,184,6.739393939393939
hpmcounter6,jump,seed7,185,6.848484848484849
hpmcounter6,jump,seed7,186,6.884848484848485
hpmcounter6,jump,seed7,187,6.848484848484849
hpmcounter6,jump,seed7,188,6.739393939393939
hpmcounter6,jump,seed7,189,6.557575757575758
hpmcounter6,jump,seed7,190,6.303030303030303
hpmcounter6,jump,seed7,191,6.218181818181818
hpmcounter6,jump,seed7,192,6.303030303030303
hpmcounter6,jump,seed7,193,6.557575757575758
hpmcounter6,jump,seed7,194,6.739393939393939
hpmcounter6,jump,seed7,195,6.848484848484849
hpmcounter6,jump,seed7,196,6.884848484848485
hpmcounter6,jump,seed7,197,6.848484848484849
hpmcounter6,jump,seed7,198,6.739393939393939
hpmcounter6,jump,seed7,199,6.557575757575758
hpmcounter6,jump,seed7,200,6.303030303030303
hpmcounter6,jump,seed7,201,6.218181818181818
hpmcounter6,jump,seed7,202,6.303030303030303
hpmcounter6,jump,seed7,203,6.557575757575758
hpmcounter6,jump,seed7,204,6.739393939393939
hpmcounter6,jump,seed7,205,6.848484848484849
hpmcounter6,jump,seed7,206,6.884848484848485
hpmcounter6,jump,seed7,207,6.848484848484849
hpmcounter6,jump,seed7,208,6.739393939393939
hpmcounter6,jump,seed7,209,6.557575757575758
hpmcounter6,jump,seed7,210,6.303030303030303
hpmcounter6,jump,seed7,211,6.218181818181818
hpmcounter6,jump,seed7,212,6.303030303030303
hpmcounter6,jump,seed7,213,6.557575757575758
hpmcounter6,jump,seed7,214,6.739393939393939
hpmcounter6,jump,seed7,215,6.848484848484849
hpmcounter6,jump,seed7,216,6.884848484848485
hpmcounter6,jump,seed7,217,6.848484848484849
hpmcounter6,jump,seed7,218,6.739393939393939
hpmcounter6,jump,seed7,219,6.557575757575758
hpmcounter6,jump,seed7,220,6.303030303030303
hpmcounter6,jump,seed7,221,6.218181818181818
hpmcounter6,jump,seed7,222,6.303030303030303
hpmcounter6,jump,seed7,223,6.557575757575758
hpmcounter6,jump,seed7,224,6.739393939393939
hpmcounter6,jump,seed7,225,6.848484848484849
hpmcounter6,jump,seed7,226,6.884848484848485
hpmcounter6,jump,seed7,227,6.848484848484849
hpmcounter6,jump,seed7,228,6.739393939393939
hpmcounter6,jump,seed7,229,6.557575757575758
hpmcounter6,jump,seed7,230,6.303030303030303
hpmcounter6,jump,seed7,231,6.218181818181818
hpmcounter6,jump,seed7,232,6.303030303030303
hpmcounter6,jump,seed7,233,6.557575757575758
hpmcounter6,jump,seed7,234,6.739393939393939
hpmcounter6,jump,seed7,235,6.848484848484849
hpmcounter6,jump,seed7,236,6.884848484848485
hpmcounter6,jump,seed7,237,6.848484848484849
hpmcounter6,jump,seed7,238,6.739393939393939
hpmcounter6,jump,seed7,239,6.557575757575758
hpmcounter6,jump,seed7,240,6.303030303030303
hpmcounter6,jump,seed7,241,6.218181818181818
hpmcounter6,jump,seed7,242,6.303030303030303
hpmcounter6,jump,seed7,243,6.557575757575758
hpmcounter6,jump,seed7,244,6.739393939393939
hpmcounter6,jump,seed7,245,6.848484848484849
hpmcounter6,jump,seed7,246,6.884848484848485
hpmcounter6,jump,seed7,247,6.848484848484849
hpmcounter6,jump,seed7,248,6.739393939393939
hpmcounter6,jump,seed7,249,6.557575757575758
hpmcounter6,jump,seed7,250,6.303030303030303
hpmcounter6,jump,seed7,251,6.218181818181818
hpmcounter6,jump,seed7,252,6.303030303030303
hpmcounter6,jump,seed7,253,6.557575757575758
hpmcounter6,jump,seed7,254,6.739393939393939
hpmcounter6,jump,seed7,255,6.848484848484849
hpmcounter6,jump,seed7,256,6.884848484848485
hpmcounter6,jump,seed7,257,6.848484848484849
hpmcounter6,jump,seed7,258,6.739393939393939
hpmcounter6,jump,seed7,259,6.557575757575758
hpmcounter6,jump,seed7,260,6.303030303030303
hpmcounter6,jump,seed7,261,6.218181818181818
hpmcounter6,jump,seed7,262,6.303030303030303
hpmcounter6,jump,seed7,263,6.557575757575758
hpmcounter6,jump,seed7,264,6.739393939393939
hpmcounter6,jump,seed7,265,6.848484848484849
hpmcounter6,jump,seed7,266,6.884848484848485
hpmcounter6,jump,seed7,267,6.848484848484849
hpmcounter6,jump,seed7,268,6.739393939393939
hpmcounter6,jump,seed7,269,6.557575757575758
hpmcounter6,jump,seed7,270,6.303030303030303
hpmcounter6,jump,seed7,271,6.218181818181818
hpmcounter6,jump,seed7,272,6.303030303030303
hpmcounter6,jump,seed7,273,6.557575757575758
hpmcounter6,jump,seed7,274,6.739393939393939
hpmcounter6,jump,seed7,275,6.848484848484849
hpmcounter6,jump,seed7,276,6.884848484848485
hpmcounter6,jump,seed7,277,6.848484848484849
hpmcounter6,jump,seed7,278,6.739393939393939
hpmcounter6,jump,seed7,279,6.557575757575758
hpmcounter6,jump,seed7,280,6.303030303030303
hpmcounter6,jump,seed7,281,6.218181818181818
hpmcounter6,jump,seed7,282,6.303030303030303
hpmcounter6,jump,seed7,283,6.557575757575758
hpmcounter6,jump,seed7,284,6.739393939393939
hpmcounter6,jump,seed7,285,6.848484848484849
hpmcounter6,jump,seed7,286,6.884848484848485
hpmcounter6,jump,seed7,287,6.848484848484849
hpmcounter6,jump,seed7,288,6.739393939393939
hpmcounter6,jump,seed7,289,6.557575757575758
hpmcounter6,jump,seed7,290,6.303030303030303
hpmcounter6,jump,seed7,291,6.218181818181818
hpmcounter6,jump,seed7,292,6.303030303030303
hpmcounter6,jump,seed7,293,6.557575757575758
hpmcounter6,jump,seed7,294,6.739393939393939
hpmcounter6,jump,seed7,295,6.848484848484849
hpmcounter6,jump,seed7,296,6.884848484848485
hpmcounter6,jump,seed7,297,6.848484848484849
hpmcounter6,jump,seed7,298,6.739393939393939
hpmcounter6,jump,seed8,9,6.557575757575758
hpmcounter6,jump,seed8,10,6.303030303030303
hpmcounter6,jump,seed8,11,6.218181818181818
hpmcounter6,jump,seed8,12,6.303030303030303
hpmcounter6,jump,seed8,13,6.557575757575758
hpmcounter6,jump,seed8,14,6.739393939393939
hpmcounter6,jump,seed8,15,6.848484848484849
hpmcounter6,jump,seed8,16,6.884848484848485
hpmcounter6,jump,seed8,17,6.848484848484849
hpmcounter6,jump,seed8,18,6.739393939393939
hpmcounter6,jump,seed8,19,6.557575757575758
hpmcounter6,jump,seed8,20,6.303030303030303
hpmcounter6,jump,seed8,21,6.218181818181818
hpmcounter6,jump,seed8,22,6.303030303030303
hpmcounter6,jump,seed8,23,6.557575757575758
hpmcounter6,jump,seed8,24,6.739393939393939
hpmcounter6,jump,seed8,25,6.848484848484849
hpmcounter6,jump,seed8,26,6.884848484848485
hpmcounter6,jump,seed8,27,6.848484848484849
hpmcounter6,jump,seed8,28,6.739393939393939
hpmcounter6,jump,seed8,29,6.557575757575758
hpmcounter6,jump,seed8,30,6.303030303030303
hpmcounter6,jump,seed8,31,6.218181818181818
hpmcounter6,jump,seed8,32,6.303030303030303
hpmcounter6,jump,seed8,33,6.557575757575758
hpmcounter6,jump,seed8,34,6.739393939393939
hpmcounter6,jump,seed8,35,6.848484848484849
hpmcounter6,jump,seed8,36,6.884848484848485
hpmcounter6,jump,seed8,37,6.848484848484849
hpmcounter6,jump,seed8,38,6.739393939393939
hpmcounter6,jump,seed8,39,6.557575757575758
hpmcounter6,jump,seed8,40,6.303030303030303
hpmcounter6,jump,seed8,41,6.218181818181818
hpmcounter6,jump,seed8,42,6.303030303030303
hpmcounter6,jump,seed8,43,6.557575757575758
hpmcounter6,jump,seed8,44,6.739393939393939
hpmcounter6,jump,seed8,45,6.848484848484849
hpmcounter6,jump,seed8,46,6.884848484848485
hpmcounter6,jump,seed8,47,6.848484848484849
hpmcounter6,jump,seed8,48,6.739393939393939
hpmcounter6,jump,seed8,49,6.557575757575758
hpmcounter6,jump,seed8,50,6.303030303030303
hpmcounter6,jump,seed8,51,6.218181818181818
hpmcounter6,jump,seed8,52,6.303030303030303
hpmcounter6,jump,seed8,53,6.557575757575758
hpmcounter6,jump,seed8,54,6.739393939393939
hpmcounter6,jump,seed8,55,6.848484848484849
hpmcounter6,jump,seed8,56,6.884848484848485
hpmcounter6,jump,seed8,57,6.848484848484849
hpmcounter6,jump,seed8,58,6.739393939393939
hpmcounter6,jump,seed8,59,6.557575757575758
hpmcounter6,jump,seed8,60,6.303030303030303
hpmcounter6,jump,seed8,61,6.218181818181818
hpmcounter6,jump,seed8,62,6.303030303030303
hpmcounter6,jump,seed8,63,6.557575757575758
hpmcounter6,jump,seed8,64,6.739393939393939
hpmcounter6,jump,seed8,65,6.848484848484849
hpmcounter6,jump,seed8,66,6.884848484848485
hpmcounter6,jump,seed8,67,6.848484848484849
hpmcounter6,jump,seed8,68,6.739393939393939
hpmcounter6,jump,seed8,69,6.557575757575758
hpmcounter6,jump,seed8,70,6.303030303030303
hpmcounter6,jump,seed8,71,6.218181818181818
hpmcounter6,jump,seed8,72,6.303030303030303
hpmcounter6,jump,seed8,73,6.557575757575758
hpmcounter6,jump,seed8,74,6.739393939393939
hpmcounter6,jump,seed8,75,6.848484848484849
hpmcounter6,jump,seed8,76,6.884848484848485
hpmcounter6,jump,seed8,77,6.848484848484849
hpmcounter6,jump,seed8,78,6.739393939393939
hpmcounter6,jump,seed8,79,6.557575757575758
hpmcounter6,jump,seed8,80,6.303030303030303
hpmcounter6,jump,seed8,81,6.218181818181818
hpmcounter6,jump,seed8,82,6.303030303030303
hpmcounter6,jump,seed8,83,6.557575757575758
hpmcounter6,jump,seed8,84,6.739393939393939
hpmcounter6,jump,seed8,85,6.848484848484849
hpmcounter6,jump,seed8,86,6.884848484848485
hpmcounter6,jump,seed8,87,6.848484848484849
hpmcounter6,jump,seed8,88,6.739393939393939
hpmcounter6,jump,seed8,89,6.557575757575758
hpmcounter6,jump,seed8,90,6.303030303030303
hpmcounter6,jump,seed8,91,6.218181818181818
hpmcounter6,jump,seed8,92,6.303030303030303
hpmcounter6,jump,seed8,93,6.557575757575758
hpmcounter6,jump,seed8,94,6.739393939393939
hpmcounter6,jump,seed8,95,6.848484848484849
hpmcounter6,jump,seed8,96,6.884848484848485
hpmcounter6,jump,seed8,97,6.848484848484849
hpmcounter6,jump,seed8,98,6.739393939393939
hpmcounter6,jump,seed8,99,6.557575757575758
hpmcounter6,jump,seed8,100,6.303030303030303
hpmcounter6,jump,seed8,101,6.218181818181818
hpmcounter6,jump,seed8,102,6.303030303030303
hpmcounter6,jump,seed8,103,6.557575757575758
hpmcounter6,jump,seed8,104,6.739393939393939
hpmcounter6,jump,seed8,105,6.848484848484849
hpmcounter6,jump,seed8,106,6.884848484848485
hpmcounter6,jump,seed8,107,6.848484848484849
hpmcounter6,jump,seed8,108,6.739393939393939
hpmcounter6,jump,seed8,109,6.557575757575758
hpmcounter6,jump,seed8,110,6.303030303030303
hpmcounter6,jump,seed8,111,6.218181818181818
hpmcounter6,jump,seed8,112,6.303030303030303
hpmcounter6,jump,seed8,113,6.557575757575758
hpmcounter6,jump,seed8,114,6.739393939393939
hpmcounter6,jump,seed8,115,6.848484848484849
hpmcounter6,jump,seed8,116,6.884848484848485
hpmcounter6,jump,seed8,117,6.848484848484849
hpmcounter6,jump,seed8,118,6.739393939393939
hpmcounter6,jump,seed8,119,6.557575757575758
hpmcounter6,jump,seed8,120,6.303030303030303
hpmcounter6,jump,seed8,121,6.218181818181818
hpmcounter6,jump,seed8,122,6.303030303030303
hpmcounter6,jump,seed8,123,6.557575757575758
hpmcounter6,jump,seed8,124,6.739393939393939
hpmcounter6,jump,seed8,125,6.848484848484849
hpmcounter6,jump,seed8,126,6.884848484848485
hpmcounter6,jump,seed8,127,6.848484848484849
hpmcounter6,jump,seed8,128,6.739393939393939
hpmcounter6,jump,seed8,129,6.557575757575758
hpmcounter6,jump,seed8,130,6.303030303030303
hpmcounter6,jump,seed8,131,6.218181818181818
hpmcounter6,jump,seed8,132,6.303030303030303
hpmcounter6,jump,seed8,133,6.557575757575758
hpmcounter6,jump,seed8,134,6.739393939393939
hpmcounter6,jump,seed8,135,6.848484848484849
hpmcounter6,jump,seed8,136,6.884848484848485
hpmcounter6,jump,seed8,137,6.848484848484849
hpmcounter6,jump,seed8,138,6.739393939393939
hpmcounter6,jump,seed8,139,6.557575757575758
hpmcounter6,jump,seed8,140,6.303030303030303
hpmcounter6,jump,seed8,141,6.218181818181818
hpmcounter6,jump,seed8,142,6.303030303030303
hpmcounter6,jump,seed8,143,6.557575757575758
hpmcounter6,jump,seed8,144,6.739393939393939
hpmcounter6,jump,seed8,145,6.848484848484849
hpmcounter6,jump,seed8,146,6.884848484848485
hpmcounter6,jump,seed8,147,6.848484848484849
hpmcounter6,jump,seed8,148,6.739393939393939
hpmcounter6,jump,seed8,149,6.557575757575758
hpmcounter6,jump,seed8,150,6.303030303030303
hpmcounter6,jump,seed8,151,6.218181818181818
hpmcounter6,jump,seed8,152,6.303030303030303
hpmcounter6,jump,seed8,153,6.557575757575758
hpmcounter6,jump,seed8,154,6.739393939393939
hpmcounter6,jump,seed8,155,6.848484848484849
hpmcounter6,jump,seed8,156,6.884848484848485
hpmcounter6,jump,seed8,157,6.848484848484849
hpmcounter6,jump,seed8,158,6.739393939393939
hpmcounter6,jump,seed8,159,6.557575757575758
hpmcounter6,jump,seed8,160,6.303030303030303
hpmcounter6,jump,seed8,161,6.218181818181818
hpmcounter6,jump,seed8,162,6.303030303030303
hpmcounter6,jump,seed8,163,6.557575757575758
hpmcounter6,jump,seed8,164,6.739393939393939
hpmcounter6,jump,seed8,165,6.848484848484849
hpmcounter6,jump,seed8,166,6.884848484848485
hpmcounter6,jump,seed8,167,6.848484848484849
hpmcounter6,jump,seed8,168,6.739393939393939
hpmcounter6,jump,seed8,169,6.557575757575758
hpmcounter6,jump,seed8,170,6.303030303030303
hpmcounter6,jump,seed8,171,6.218181818181818
hpmcounter6,jump,seed8,172,6.303030303030303
hpmcounter6,jump,seed8,173,6.557575757575758
hpmcounter6,jump,seed8,174,6.739393939393939
hpmcounter6,jump,seed8,175,6.848484848484849
hpmcounter6,jump,seed8,176,6.884848484848485
hpmcounter6,jump,seed8,177,6.848484848484849
hpmcounter6,jump,seed8,178,6.739393939393939
hpmcounter6,jump,seed8,179,6.557575757575758
hpmcounter6,jump,seed8,180,6.303030303030303
hpmcounter6,jump,seed8,181,6.218181818181818
hpmcounter6,jump,seed8,182,6.303030303030303
hpmcounter6,jump,seed8,183,6.557575757575758
hpmcounter6,jump,seed8,184,6.739393939393939
hpmcounter6,jump,seed8,185,6.848484848484849
hpmcounter6,jump,seed8,186,6.884848484848485
hpmcounter6,jump,seed8,187,6.848484848484849
hpmcounter6,jump,seed8,188,6.739393939393939
hpmcounter6,jump,seed8,189,6.557575757575758
hpmcounter6,jump,seed8,190,6.303030303030303
hpmcounter6,jump,seed8,191,6.218181818181818
hpmcounter6,jump,seed8,192,6.303030303030303
hpmcounter6,jump,seed8,193,6.557575757575758
hpmcounter6,jump,seed8,194,6.739393939393939
hpmcounter6,jump,seed8,195,6.848484848484849
hpmcounter6,jump,seed8,196,6.884848484848485
hpmcounter6,jump,seed8,197,6.848484848484849
hpmcounter6,jump,seed8,198,6.739393939393939
hpmcounter6,jump,seed8,199,6.557575757575758
hpmcounter6,jump,seed8,200,6.303030303030303
hpmcounter6,jump,seed8,201,6.218181818181818
hpmcounter6,jump,seed8,202,6.303030303030303
hpmcounter6,jump,seed8,203,6.557575757575758
hpmcounter6,jump,seed8,204,6.739393939393939
hpmcounter6,jump,seed8,205,6.848484848484849
hpmcounter6,jump,seed8,206,6.884848484848485
hpmcounter6,jump,seed8,207,6.848484848484849
hpmcounter6,jump,seed8,208,6.739393939393939
hpmcounter6,jump,seed8,209,6.557575757575758
hpmcounter6,jump,seed8,210,6.303030303030303
hpmcounter6,jump,seed8,211,6.218181818181818
hpmcounter6,jump,seed8,212,6.303030303030303
hpmcounter6,jump,seed8,213,6.557575757575758
hpmcounter6,jump,seed8,214,6.739393939393939
hpmcounter6,jump,seed8,215,6.848484848484849
hpmcounter6,jump,seed8,216,6.884848484848485
hpmcounter6,jump,seed8,217,6.848484848484849
hpmcounter6,jump,seed8,218,6.739393939393939
hpmcounter6,jump,seed8,219,6.557575757575758
hpmcounter6,jump,seed8,220,6.303030303030303
hpmcounter6,jump,seed8,221,6.218181818181818
hpmcounter6,jump,seed8,222,6.303030303030303
hpmcounter6,jump,seed8,223,6.557575757575758
hpmcounter6,jump,seed8,224,6.739393939393939
hpmcounter6,jump,seed8,225,6.848484848484849
hpmcounter6,jump,seed8,226,6.884848484848485
hpmcounter6,jump,seed8,227,6.848484848484849
hpmcounter6,jump,seed8,228,6.739393939393939
hpmcounter6,jump,seed8,229,6.557575757575758
hpmcounter6,jump,seed8,230,6.303030303030303
hpmcounter6,jump,seed8,231,6.218181818181818
hpmcounter6,jump,seed8,232,6.303030303030303
hpmcounter6,jump,seed8,233,6.557575757575758
hpmcounter6,jump,seed8,234,6.739393939393939
hpmcounter6,jump,seed8,235,6.848484848484849
hpmcounter6,jump,seed8,236,6.884848484848485
hpmcounter6,jump,seed8,237,6.848484848484849
hpmcounter6,jump,seed8,238,6.739393939393939
hpmcounter6,jump,seed8,239,6.557575757575758
hpmcounter6,jump,seed8,240,6.303030303030303
hpmcounter6,jump,seed8,241,6.218181818181818
hpmcounter6,jump,seed8,242,6.303030303030303
hpmcounter6,jump,seed8,243,6.557575757575758
hpmcounter6,jump,seed8,244,6.739393939393939
hpmcounter6,jump,seed8,245,6.848484848484849
hpmcounter6,jump,seed8,246,6.884848484848485
hpmcounter6,jump,seed8,247,6.848484848484849
hpmcounter6,jump,seed8,248,6.739393939393939
hpmcounter6,jump,seed8,249,6.557575757575758
hpmcounter6,jump,seed8,250,6.303030303030303
hpmcounter6,jump,seed8,251,6.218181818181818
hpmcounter6,jump,seed8,252,6.303030303030303
hpmcounter6,jump,seed8,253,6.557575757575758
hpmcounter6,jump,seed8,254,6.739393939393939
hpmcounter6,jump,seed8,255,6.848484848484849
hpmcounter6,jump,seed8,256,6.884848484848485
hpmcounter6,jump,seed8,257,6.848484848484849
hpmcounter6,jump,seed8,258,6.739393939393939
hpmcounter6,jump,seed8,259,6.557575757575758
hpmcounter6,jump,seed8,260,6.303030303030303
hpmcounter6,jump,seed8,261,6.218181818181818
hpmcounter6,jump,seed8,262,6.303030303030303
hpmcounter6,jump,seed8,263,6.557575757575758
hpmcounter6,jump,seed8,264,6.739393939393939
hpmcounter6,jump,seed8,265,6.848484848484849
hpmcounter6,jump,seed8,266,6.884848484848485
hpmcounter6,jump,seed8,267,6.848484848484849
hpmcounter6,jump,seed8,268,6.739393939393939
hpmcounter6,jump,seed8,269,6.557575757575758
hpmcounter6,jump,seed8,270,6.303030303030303
hpmcounter6,jump,seed8,271,6.218181818181818
hpmcounter6,jump,seed8,272,6.303030303030303
hpmcounter6,jump,seed8,273,6.557575757575758
hpmcounter6,jump,seed8,274,6.739393939393939
hpmcounter6,jump,seed8,275,6.848484848484849
hpmcounter6,jump,seed8,276,6.884848484848485
hpmcounter6,jump,seed8,277,6.848484848484849
hpmcounter6,jump,seed8,278,6.739393939393939
hpmcounter6,jump,seed8,279,6.557575757575758
hpmcounter6,jump,seed8,280,6.303030303030303
hpmcounter6,jump,seed8,281,6.218181818181818
hpmcounter6,jump,seed8,282,6.303030303030303
hpmcounter6,jump,seed8,283,6.557575757575758
hpmcounter6,jump,seed8,284,6.739393939393939
hpmcounter6,jump,seed8,285,6.848484848484849
hpmcounter6,jump,seed8,286,6.884848484848485
hpmcounter6,jump,seed8,287,6.848484848484849
hpmcounter6,jump,seed8,288,6.739393939393939
hpmcounter6,jump,seed8,289,6.557575757575758
hpmcounter6,jump,seed8,290,6.303030303030303
hpmcounter6,jump,seed8,291,6.218181818181818
hpmcounter6,jump,seed8,292,6.303030303030303
hpmcounter6,jump,seed8,293,6.557575757575758
hpmcounter6,jump,seed8,294,6.739393939393939
hpmcounter6,jump,seed8,295,6.848484848484849
hpmcounter6,jump,seed8,296,6.884848484848485
hpmcounter6,jump,seed8,297,6.848484848484849
hpmcounter6,jump,seed8,298,6.739393939393939
hpmcounter6,jump,seed9,9,6.557575757575758
hpmcounter6,jump,seed9,10,6.303030303030303
hpmcounter6,jump,seed9,11,6.218181818181818
hpmcounter6,jump,seed9,12,6.303030303030303
hpmcounter6,jump,seed9,13,6.557575757575758
hpmcounter6,jump,seed9,14,6.739393939393939
hpmcounter6,jump,seed9,15,6.848484848484849
hpmcounter6,jump,seed9,16,6.884848484848485
hpmcounter6,jump,seed9,17,6.848484848484849
hpmcounter6,jump,seed9,18,6.739393939393939
hpmcounter6,jump,seed9,19,6.557575757575758
hpmcounter6,jump,seed9,20,6.303030303030303
hpmcounter6,jump,seed9,21,6.218181818181818
hpmcounter6,jump,seed9,22,6.303030303030303
hpmcounter6,jump,seed9,23,6.557575757575758
hpmcounter6,jump,seed9,24,6.739393939393939
hpmcounter6,jump,seed9,25,6.848484848484849
hpmcounter6,jump,seed9,26,6.884848484848485
hpmcounter6,jump,seed9,27,6.848484848484849
hpmcounter6,jump,seed9,28,6.739393939393939
hpmcounter6,jump,seed9,29,6.557575757575758
hpmcounter6,jump,seed9,30,6.303030303030303
hpmcounter6,jump,seed9,31,6.218181818181818
hpmcounter6,jump,seed9,32,6.303030303030303
hpmcounter6,jump,seed9,33,6.557575757575758
hpmcounter6,jump,seed9,34,6.739393939393939
hpmcounter6,jump,seed9,35,6.848484848484849
hpmcounter6,jump,seed9,36,6.884848484848485
hpmcounter6,jump,seed9,37,6.848484848484849
hpmcounter6,jump,seed9,38,6.739393939393939
hpmcounter6,jump,seed9,39,6.557575757575758
hpmcounter6,jump,seed9,40,6.303030303030303
hpmcounter6,jump,seed9,41,6.218181818181818
hpmcounter6,jump,seed9,42,6.303030303030303
hpmcounter6,jump,seed9,43,6.557575757575758
hpmcounter6,jump,seed9,44,6.739393939393939
hpmcounter6,jump,seed9,45,6.848484848484849
hpmcounter6,jump,seed9,46,6.884848484848485
hpmcounter6,jump,seed9,47,6.848484848484849
hpmcounter6,jump,seed9,48,6.739393939393939
hpmcounter6,jump,seed9,49,6.557575757575758
hpmcounter6,jump,seed9,50,6.303030303030303
hpmcounter6,jump,seed9,51,6.218181818181818
hpmcounter6,jump,seed9,52,6.303030303030303
hpmcounter6,jump,seed9,53,6.557575757575758
hpmcounter6,jump,seed9,54,6.739393939393939
hpmcounter6,jump,seed9,55,6.848484848484849
hpmcounter6,jump,seed9,56,6.884848484848485
hpmcounter6,jump,seed9,57,6.848484848484849
hpmcounter6,jump,seed9,58,6.739393939393939
hpmcounter6,jump,seed9,59,6.557575757575758
hpmcounter6,jump,seed9,60,6.303030303030303
hpmcounter6,jump,seed9,61,6.218181818181818
hpmcounter6,jump,seed9,62,6.303030303030303
hpmcounter6,jump,seed9,63,6.557575757575758
hpmcounter6,jump,seed9,64,6.739393939393939
hpmcounter6,jump,seed9,65,6.848484848484849
hpmcounter6,jump,seed9,66,6.884848484848485
hpmcounter6,jump,seed9,67,6.848484848484849
hpmcounter6,jump,seed9,68,6.739393939393939
hpmcounter6,jump,seed9,69,6.557575757575758
hpmcounter6,jump,seed9,70,6.303030303030303
hpmcounter6,jump,seed9,71,6.218181818181818
hpmcounter6,jump,seed9,72,6.303030303030303
hpmcounter6,jump,seed9,73,6.557575757575758
hpmcounter6,jump,seed9,74,6.739393939393939
hpmcounter6,jump,seed9,75,6.848484848484849
hpmcounter6,jump,seed9,76,6.884848484848485
hpmcounter6,jump,seed9,77,6.848484848484849
hpmcounter6,jump,seed9,78,6.739393939393939
hpmcounter6,jump,seed9,79,6.557575757575758
hpmcounter6,jump,seed9,80,6.303030303030303
hpmcounter6,jump,seed9,81,6.218181818181818
hpmcounter6,jump,seed9,82,6.303030303030303
hpmcounter6,jump,seed9,83,6.557575757575758
hpmcounter6,jump,seed9,84,6.739393939393939
hpmcounter6,jump,seed9,85,6.848484848484849
hpmcounter6,jump,seed9,86,6.884848484848485
hpmcounter6,jump,seed9,87,6.848484848484849
hpmcounter6,jump,seed9,88,6.739393939393939
hpmcounter6,jump,seed9,89,6.557575757575758
hpmcounter6,jump,seed9,90,6.303030303030303
hpmcounter6,jump,seed9,91,6.218181818181818
hpmcounter6,jump,seed9,92,6.303030303030303
hpmcounter6,jump,seed9,93,6.557575757575758
hpmcounter6,jump,seed9,94,6.739393939393939
hpmcounter6,jump,seed9,95,6.848484848484849
hpmcounter6,jump,seed9,96,6.884848484848485
hpmcounter6,jump,seed9,97,6.848484848484849
hpmcounter6,jump,seed9,98,6.739393939393939
hpmcounter6,jump,seed9,99,6.557575757575758
hpmcounter6,jump,seed9,100,6.303030303030303
hpmcounter6,jump,seed9,101,6.218181818181818
hpmcounter6,jump,seed9,102,6.303030303030303
hpmcounter6,jump,seed9,103,6.557575757575758
hpmcounter6,jump,seed9,104,6.739393939393939
hpmcounter6,jump,seed9,105,6.848484848484849
hpmcounter6,jump,seed9,106,6.884848484848485
hpmcounter6,jump,seed9,107,6.848484848484849
hpmcounter6,jump,seed9,108,6.739393939393939
hpmcounter6,jump,seed9,109,6.557575757575758
hpmcounter6,jump,seed9,110,6.303030303030303
hpmcounter6,jump,seed9,111,6.218181818181818
hpmcounter6,jump,seed9,112,6.303030303030303
hpmcounter6,jump,seed9,113,6.557575757575758
hpmcounter6,jump,seed9,114,6.739393939393939
hpmcounter6,jump,seed9,115,6.848484848484849
hpmcounter6,jump,seed9,116,6.884848484848485
hpmcounter6,jump,seed9,117,6.848484848484849
hpmcounter6,jump,seed9,118,6.739393939393939
hpmcounter6,jump,seed9,119,6.557575757575758
hpmcounter6,jump,seed9,120,6.303030303030303
hpmcounter6,jump,seed9,121,6.218181818181818
hpmcounter6,jump,seed9,122,6.303030303030303
hpmcounter6,jump,seed9,123,6.557575757575758
hpmcounter6,jump,seed9,124,6.739393939393939
hpmcounter6,jump,seed9,125,6.848484848484849
hpmcounter6,jump,seed9,126,6.884848484848485
hpmcounter6,jump,seed9,127,6.848484848484849
hpmcounter6,jump,seed9,128,6.739393939393939
hpmcounter6,jump,seed9,129,6.557575757575758
hpmcounter6,jump,seed9,130,6.303030303030303
hpmcounter6,jump,seed9,131,6.218181818181818
hpmcounter6,jump,seed9,132,6.303030303030303
hpmcounter6,jump,seed9,133,6.557575757575758
hpmcounter6,jump,seed9,134,6.739393939393939
hpmcounter6,jump,seed9,135,6.848484848484849
hpmcounter6,jump,seed9,136,6.884848484848485
hpmcounter6,jump,seed9,137,6.848484848484849
hpmcounter6,jump,seed9,138,6.739393939393939
hpmcounter6,jump,seed9,139,6.557575757575758
hpmcounter6,jump,seed9,140,6.303030303030303
hpmcounter6,jump,seed9,141,6.218181818181818
hpmcounter6,jump,seed9,142,6.303030303030303
hpmcounter6,jump,seed9,143,6.557575757575758
hpmcounter6,jump,seed9,144,6.739393939393939
hpmcounter6,jump,seed9,145,6.848484848484849
hpmcounter6,jump,seed9,146,6.884848484848485
hpmcounter6,jump,seed9,147,6.848484848484849
hpmcounter6,jump,seed9,148,6.739393939393939
hpmcounter6,jump,seed9,149,6.557575757575758
hpmcounter6,jump,seed9,150,6.303030303030303
hpmcounter6,jump,seed9,151,6.218181818181818
hpmcounter6,jump,seed9,152,6.303030303030303
hpmcounter6,jump,seed9,153,6.557575757575758
hpmcounter6,jump,seed9,154,6.739393939393939
hpmcounter6,jump,seed9,155,6.848484848484849
hpmcounter6,jump,seed9,156,6.884848484848485
hpmcounter6,jump,seed9,157,6.848484848484849
hpmcounter6,jump,seed9,158,6.739393939393939
hpmcounter6,jump,seed9,159,6.557575757575758
hpmcounter6,jump,seed9,160,6.303030303030303
hpmcounter6,jump,seed9,161,6.218181818181818
hpmcounter6,jump,seed9,162,6.303030303030303
hpmcounter6,jump,seed9,163,6.557575757575758
hpmcounter6,jump,seed9,164,6.739393939393939
hpmcounter6,jump,seed9,165,6.848484848484849
hpmcounter6,jump,seed9,166,6.884848484848485
hpmcounter6,jump,seed9,167,6.848484848484849
hpmcounter6,jump,seed9,168,6.739393939393939
hpmcounter6,jump,seed9,169,6.557575757575758
hpmcounter6,jump,seed9,170,6.303030303030303
hpmcounter6,jump,seed9,171,6.218181818181818
hpmcounter6,jump,seed9,172,6.303030303030303
hpmcounter6,jump,seed9,173,6.557575757575758
hpmcounter6,jump,seed9,174,6.739393939393939
hpmcounter6,jump,seed9,175,6.848484848484849
hpmcounter6,jump,seed9,176,6.884848484848485
hpmcounter6,jump,seed9,177,6.848484848484849
hpmcounter6,jump,seed9,178,6.739393939393939
hpmcounter6,jump,seed9,179,6.557575757575758
hpmcounter6,jump,seed9,180,6.303030303030303
hpmcounter6,jump,seed9,181,6.218181818181818
hpmcounter6,jump,seed9,182,6.303030303030303
hpmcounter6,jump,seed9,183,6.557575757575758
hpmcounter6,jump,seed9,184,6.739393939393939
hpmcounter6,jump,seed9,185,6.848484848484849
hpmcounter6,jump,seed9,186,6.884848484848485
hpmcounter6,jump,seed9,187,6.848484848484849
hpmcounter6,jump,seed9,188,6.739393939393939
hpmcounter6,jump,seed9,189,6.557575757575758
hpmcounter6,jump,seed9,190,6.303030303030303
hpmcounter6,jump,seed9,191,6.218181818181818
hpmcounter6,jump,seed9,192,6.303030303030303
hpmcounter6,jump,seed9,193,6.557575757575758
hpmcounter6,jump,seed9,194,6.739393939393939
hpmcounter6,jump,seed9,195,6.848484848484849
hpmcounter6,jump,seed9,196,6.884848484848485
hpmcounter6,jump,seed9,197,6.848484848484849
hpmcounter6,jump,seed9,198,6.739393939393939
hpmcounter6,jump,seed9,199,6.557575757575758
hpmcounter6,jump,seed9,200,6.303030303030303
hpmcounter6,jump,seed9,201,6.218181818181818
hpmcounter6,jump,seed9,202,6.303030303030303
hpmcounter6,jump,seed9,203,6.557575757575758
hpmcounter6,jump,seed9,204,6.739393939393939
hpmcounter6,jump,seed9,205,6.848484848484849
hpmcounter6,jump,seed9,206,6.884848484848485
hpmcounter6,jump,seed9,207,6.848484848484849
hpmcounter6,jump,seed9,208,6.739393939393939
hpmcounter6,jump,seed9,209,6.557575757575758
hpmcounter6,jump,seed9,210,6.303030303030303
hpmcounter6,jump,seed9,211,6.218181818181818
hpmcounter6,jump,seed9,212,6.303030303030303
hpmcounter6,jump,seed9,213,6.557575757575758
hpmcounter6,jump,seed9,214,6.739393939393939
hpmcounter6,jump,seed9,215,6.848484848484849
hpmcounter6,jump,seed9,216,6.884848484848485
hpmcounter6,jump,seed9,217,6.848484848484849
hpmcounter6,jump,seed9,218,6.739393939393939
hpmcounter6,jump,seed9,219,6.557575757575758
hpmcounter6,jump,seed9,220,6.303030303030303
hpmcounter6,jump,seed9,221,6.218181818181818
hpmcounter6,jump,seed9,222,6.303030303030303
hpmcounter6,jump,seed9,223,6.557575757575758
hpmcounter6,jump,seed9,224,6.739393939393939
hpmcounter6,jump,seed9,225,6.848484848484849
hpmcounter6,jump,seed9,226,6.884848484848485
hpmcounter6,jump,seed9,227,6.848484848484849
hpmcounter6,jump,seed9,228,6.739393939393939
hpmcounter6,jump,seed9,229,6.557575757575758
hpmcounter6,jump,seed9,230,6.303030303030303
hpmcounter6,jump,seed9,231,6.218181818181818
hpmcounter6,jump,seed9,232,6.303030303030303
hpmcounter6,jump,seed9,233,6.557575757575758
hpmcounter6,jump,seed9,234,6.739393939393939
hpmcounter6,jump,seed9,235,6.848484848484849
hpmcounter6,jump,seed9,236,6.884848484848485
hpmcounter6,jump,seed9,237,6.848484848484849
hpmcounter6,jump,seed9,238,6.739393939393939
hpmcounter6,jump,seed9,239,6.557575757575758
hpmcounter6,jump,seed9,240,6.303030303030303
hpmcounter6,jump,seed9,241,6.218181818181818
hpmcounter6,jump,seed9,242,6.303030303030303
hpmcounter6,jump,seed9,243,6.557575757575758
hpmcounter6,jump,seed9,244,6.739393939393939
hpmcounter6,jump,seed9,245,6.848484848484849
hpmcounter6,jump,seed9,246,6.884848484848485
hpmcounter6,jump,seed9,247,6.848484848484849
hpmcounter6,jump,seed9,248,6.739393939393939
hpmcounter6,jump,seed9,249,6.557575757575758
hpmcounter6,jump,seed9,250,6.303030303030303
hpmcounter6,jump,seed9,251,6.218181818181818
hpmcounter6,jump,seed9,252,6.303030303030303
hpmcounter6,jump,seed9,253,6.557575757575758
hpmcounter6,jump,seed9,254,6.739393939393939
hpmcounter6,jump,seed9,255,6.848484848484849
hpmcounter6,jump,seed9,256,6.884848484848485
hpmcounter6,jump,seed9,257,6.848484848484849
hpmcounter6,jump,seed9,258,6.739393939393939
hpmcounter6,jump,seed9,259,6.557575757575758
hpmcounter6,jump,seed9,260,6.303030303030303
hpmcounter6,jump,seed9,261,6.218181818181818
hpmcounter6,jump,seed9,262,6.303030303030303
hpmcounter6,jump,seed9,263,6.557575757575758
hpmcounter6,jump,seed9,264,6.739393939393939
hpmcounter6,jump,seed9,265,6.848484848484849
hpmcounter6,jump,seed9,266,6.884848484848485
hpmcounter6,jump,seed9,267,6.848484848484849
hpmcounter6,jump,seed9,268,6.739393939393939
hpmcounter6,jump,seed9,269,6.557575757575758
hpmcounter6,jump,seed9,270,6.303030303030303
hpmcounter6,jump,seed9,271,6.218181818181818
hpmcounter6,jump,seed9,272,6.303030303030303
hpmcounter6,jump,seed9,273,6.557575757575758
hpmcounter6,jump,seed9,274,6.739393939393939
hpmcounter6,jump,seed9,275,6.848484848484849
hpmcounter6,jump,seed9,276,6.884848484848485
hpmcounter6,jump,seed9,277,6.848484848484849
hpmcounter6,jump,seed9,278,6.739393939393939
hpmcounter6,jump,seed9,279,6.557575757575758
hpmcounter6,jump,seed9,280,6.303030303030303
hpmcounter6,jump,seed9,281,6.218181818181818
hpmcounter6,jump,seed9,282,6.303030303030303
hpmcounter6,jump,seed9,283,6.557575757575758
hpmcounter6,jump,seed9,284,6.739393939393939
hpmcounter6,jump,seed9,285,6.848484848484849
hpmcounter6,jump,seed9,286,6.884848484848485
hpmcounter6,jump,seed9,287,6.848484848484849
hpmcounter6,jump,seed9,288,6.739393939393939
hpmcounter6,jump,seed9,289,6.557575757575758
hpmcounter6,jump,seed9,290,6.303030303030303
hpmcounter6,jump,seed9,291,6.218181818181818
hpmcounter6,jump,seed9,292,6.303030303030303
hpmcounter6,jump,seed9,293,6.557575757575758
hpmcounter6,jump,seed9,294,6.739393939393939
hpmcounter6,jump,seed9,295,6.848484848484849
hpmcounter6,jump,seed9,296,6.884848484848485
hpmcounter6,jump,seed9,297,6.848484848484849
hpmcounter6,jump,seed9,298,6.739393939393939
hpmcounter6,normal,seed1,9,6.557575757575758
hpmcounter6,normal,seed1,10,6.303030303030303
hpmcounter6,normal,seed1,11,6.218181818181818
hpmcounter6,normal,seed1,12,6.303030303030303
hpmcounter6,normal,seed1,13,6.557575757575758
hpmcounter6,normal,seed1,14,6.739393939393939
hpmcounter6,normal,seed1,15,6.848484848484849
hpmcounter6,normal,seed1,16,6.884848484848485
hpmcounter6,normal,seed1,17,6.848484848484849
hpmcounter6,normal,seed1,18,6.739393939393939
hpmcounter6,normal,seed1,19,6.557575757575758
hpmcounter6,normal,seed1,20,6.303030303030303
hpmcounter6,normal,seed1,21,6.218181818181818
hpmcounter6,normal,seed1,22,6.303030303030303
hpmcounter6,normal,seed1,23,6.557575757575758
hpmcounter6,normal,seed1,24,6.739393939393939
hpmcounter6,normal,seed1,25,6.848484848484849
hpmcounter6,normal,seed1,26,6.884848484848485
hpmcounter6,normal,seed1,27,6.848484848484849
hpmcounter6,normal,seed1,28,6.739393939393939
hpmcounter6,normal,seed1,29,6.557575757575758
hpmcounter6,normal,seed1,30,6.303030303030303
hpmcounter6,normal,seed1,31,6.218181818181818
hpmcounter6,normal,seed1,32,6.303030303030303
hpmcounter6,normal,seed1,33,6.557575757575758
hpmcounter6,normal,seed1,34,6.739393939393939
hpmcounter6,normal,seed1,35,6.848484848484849
hpmcounter6,normal,seed1,36,6.884848484848485
hpmcounter6,normal,seed1,37,6.848484848484849
hpmcounter6,normal,seed1,38,6.739393939393939
hpmcounter6,normal,seed1,39,6.557575757575758
hpmcounter6,normal,seed1,40,6.303030303030303
hpmcounter6,normal,seed1,41,6.218181818181818
hpmcounter6,normal,seed1,42,6.303030303030303
hpmcounter6,normal,seed1,43,6.557575757575758
hpmcounter6,normal,seed1,44,6.739393939393939
hpmcounter6,normal,seed1,45,6.848484848484849
hpmcounter6,normal,seed1,46,6.884848484848485
hpmcounter6,normal,seed1,47,6.848484848484849
hpmcounter6,normal,seed1,48,6.739393939393939
hpmcounter6,normal,seed1,49,6.557575757575758
hpmcounter6,normal,seed1,50,6.303030303030303
hpmcounter6,normal,seed1,51,6.218181818181818
hpmcounter6,normal,seed1,52,6.303030303030303
hpmcounter6,normal,seed1,53,6.557575757575758
hpmcounter6,normal,seed1,54,6.739393939393939
hpmcounter6,normal,seed1,55,6.848484848484849
hpmcounter6,normal,seed1,56,6.884848484848485
hpmcounter6,normal,seed1,57,6.848484848484849
hpmcounter6,normal,seed1,58,6.739393939393939
hpmcounter6,normal,seed1,59,6.557575757575758
hpmcounter6,normal,seed1,60,6.303030303030303
hpmcounter6,normal,seed1,61,6.218181818181818
hpmcounter6,normal,seed1,62,6.303030303030303
hpmcounter6,normal,seed1,63,6.557575757575758
hpmcounter6,normal,seed1,64,6.739393939393939
hpmcounter6,normal,seed1,65,6.848484848484849
hpmcounter6,normal,seed1,66,6.884848484848485
hpmcounter6,normal,seed1,67,6.848484848484849
hpmcounter6,normal,seed1,68,6.739393939393939
hpmcounter6,normal,seed1,69,6.557575757575758
hpmcounter6,normal,seed1,70,6.303030303030303
hpmcounter6,normal,seed1,71,6.218181818181818
hpmcounter6,normal,seed1,72,6.303030303030303
hpmcounter6,normal,seed1,73,6.557575757575758
hpmcounter6,normal,seed1,74,6.739393939393939
hpmcounter6,normal,seed1,75,6.848484848484849
hpmcounter6,normal,seed1,76,6.884848484848485
hpmcounter6,normal,seed1,77,6.848484848484849
hpmcounter6,normal,seed1,78,6.739393939393939
hpmcounter6,normal,seed1,79,6.557575757575758
hpmcounter6,normal,seed1,80,6.303030303030303
hpmcounter6,normal,seed1,81,6.218181818181818
hpmcounter6,normal,seed1,82,6.303030303030303
hpmcounter6,normal,seed1,83,6.557575757575758
hpmcounter6,normal,seed1,84,6.739393939393939
hpmcounter6,normal,seed1,85,6.848484848484849
hpmcounter6,normal,seed1,86,6.884848484848485
hpmcounter6,normal,seed1,87,6.848484848484849
hpmcounter6,normal,seed1,88,6.739393939393939
hpmcounter6,normal,seed1,89,6.557575757575758
hpmcounter6,normal,seed1,90,6.303030303030303
hpmcounter6,normal,seed1,91,6.218181818181818
hpmcounter6,normal,seed1,92,6.303030303030303
hpmcounter6,normal,seed1,93,6.557575757575758
hpmcounter6,normal,seed1,94,6.739393939393939
hpmcounter6,normal,seed1,95,6.848484848484849
hpmcounter6,normal,seed1,96,6.884848484848485
hpmcounter6,normal,seed1,97,6.848484848484849
hpmcounter6,normal,seed1,98,6.739393939393939
hpmcounter6,normal,seed1,99,6.557575757575758
hpmcounter6,normal,seed1,100,6.303030303030303
hpmcounter6,normal,seed1,101,6.218181818181818
hpmcounter6,normal,seed1,102,6.303030303030303
hpmcounter6,normal,seed1,103,6.557575757575758
hpmcounter6,normal,seed1,104,6.739393939393939
hpmcounter6,normal,seed1,105,6.848484848484849
hpmcounter6,normal,seed1,106,6.884848484848485
hpmcounter6,normal,seed1,107,6.848484848484849
hpmcounter6,normal,seed1,108,6.739393939393939
hpmcounter6,normal,seed1,109,6.557575757575758
hpmcounter6,normal,seed1,110,6.303030303030303
hpmcounter6,normal,seed1,111,6.218181818181818
hpmcounter6,normal,seed1,112,6.303030303030303
hpmcounter6,normal,seed1,113,6.557575757575758
hpmcounter6,normal,seed1,114,6.739393939393939
hpmcounter6,normal,seed1,115,6.848484848484849
hpmcounter6,normal,seed1,116,6.884848484848485
hpmcounter6,normal,seed1,117,6.848484848484849
hpmcounter6,normal,seed1,118,6.739393939393939
hpmcounter6,normal,seed1,119,6.557575757575758
hpmcounter6,normal,seed1,120,6.303030303030303
hpmcounter6,normal,seed1,121,6.218181818181818
hpmcounter6,normal,seed1,122,6.303030303030303
hpmcounter6,normal,seed1,123,6.557575757575758
hpmcounter6,normal,seed1,124,6.739393939393939
hpmcounter6,normal,seed1,125,6.848484848484849
hpmcounter6,normal,seed1,126,6.884848484848485
hpmcounter6,normal,seed1,127,6.848484848484849
hpmcounter6,normal,seed1,128,6.739393939393939
hpmcounter6,normal,seed1,129,6.557575757575758
hpmcounter6,normal,seed1,130,6.303030303030303
hpmcounter6,normal,seed1,131,6.218181818181818
hpmcounter6,normal,seed1,132,6.303030303030303
hpmcounter6,normal,seed1,133,6.557575757575758
hpmcounter6,normal,seed1,134,6.739393939393939
hpmcounter6,normal,seed1,135,6.848484848484849
hpmcounter6,normal,seed1,136,6.884848484848485
hpmcounter6,normal,seed1,137,6.848484848484849
hpmcounter6,normal,seed1,138,6.739393939393939
hpmcounter6,normal,seed1,139,6.557575757575758
hpmcounter6,normal,seed1,140,6.303030303030303
hpmcounter6,normal,seed1,141,6.218181818181818
hpmcounter6,normal,seed1,142,6.303030303030303
hpmcounter6,normal,seed1,143,6.557575757575758
hpmcounter6,normal,seed1,144,6.739393939393939
hpmcounter6,normal,seed1,145,6.848484848484849
hpmcounter6,normal,seed1,146,6.884848484848485
hpmcounter6,normal,seed1,147,6.848484848484849
hpmcounter6,normal,seed1,148,6.739393939393939
hpmcounter6,normal,seed1,149,6.557575757575758
hpmcounter6,normal,seed1,150,6.303030303030303
hpmcounter6,normal,seed1,151,6.218181818181818
hpmcounter6,normal,seed1,152,6.303030303030303
hpmcounter6,normal,seed1,153,6.557575757575758
hpmcounter6,normal,seed1,154,6.739393939393939
hpmcounter6,normal,seed1,155,6.848484848484849
hpmcounter6,normal,seed1,156,6.884848484848485
hpmcounter6,normal,seed1,157,6.848484848484849
hpmcounter6,normal,seed1,158,6.739393939393939
hpmcounter6,normal,seed1,159,6.557575757575758
hpmcounter6,normal,seed1,160,6.303030303030303
hpmcounter6,normal,seed1,161,6.218181818181818
hpmcounter6,normal,seed1,162,6.303030303030303
hpmcounter6,normal,seed1,163,6.557575757575758
hpmcounter6,normal,seed1,164,6.739393939393939
hpmcounter6,normal,seed1,165,6.848484848484849
hpmcounter6,normal,seed1,166,6.884848484848485
hpmcounter6,normal,seed1,167,6.848484848484849
hpmcounter6,normal,seed1,168,6.739393939393939
hpmcounter6,normal,seed1,169,6.557575757575758
hpmcounter6,normal,seed1,170,6.303030303030303
hpmcounter6,normal,seed1,171,6.218181818181818
hpmcounter6,normal,seed1,172,6.303030303030303
hpmcounter6,normal,seed1,173,6.557575757575758
hpmcounter6,normal,seed1,174,6.739393939393939
hpmcounter6,normal,seed1,175,6.848484848484849
hpmcounter6,normal,seed1,176,6.884848484848485
hpmcounter6,normal,seed1,177,6.848484848484849
hpmcounter6,normal,seed1,178,6.739393939393939
hpmcounter6,normal,seed1,179,6.557575757575758
hpmcounter6,normal,seed1,180,6.303030303030303
hpmcounter6,normal,seed1,181,6.218181818181818
hpmcounter6,normal,seed1,182,6.303030303030303
hpmcounter6,normal,seed1,183,6.557575757575758
hpmcounter6,normal,seed1,184,6.739393939393939
hpmcounter6,normal,seed1,185,6.848484848484849
hpmcounter6,normal,seed1,186,6.884848484848485
hpmcounter6,normal,seed1,187,6.848484848484849
hpmcounter6,normal,seed1,188,6.739393939393939
hpmcounter6,normal,seed1,189,6.557575757575758
hpmcounter6,normal,seed1,190,6.303030303030303
hpmcounter6,normal,seed1,191,6.218181818181818
hpmcounter6,normal,seed1,192,6.303030303030303
hpmcounter6,normal,seed1,193,6.557575757575758
hpmcounter6,normal,seed1,194,6.739393939393939
hpmcounter6,normal,seed1,195,6.848484848484849
hpmcounter6,normal,seed1,196,6.884848484848485
hpmcounter6,normal,seed1,197,6.848484848484849
hpmcounter6,normal,seed1,198,6.739393939393939
hpmcounter6,normal,seed1,199,6.557575757575758
hpmcounter6,normal,seed1,200,6.303030303030303
hpmcounter6,normal,seed1,201,6.218181818181818
hpmcounter6,normal,seed1,202,6.303030303030303
hpmcounter6,normal,seed1,203,6.557575757575758
hpmcounter6,normal,seed1,204,6.739393939393939
hpmcounter6,normal,seed1,205,6.848484848484849
hpmcounter6,normal,seed1,206,6.884848484848485
hpmcounter6,normal,seed1,207,6.848484848484849
hpmcounter6,normal,seed1,208,6.739393939393939
hpmcounter6,normal,seed1,209,6.557575757575758
hpmcounter6,normal,seed1,210,6.303030303030303
hpmcounter6,normal,seed1,211,6.218181818181818
hpmcounter6,normal,seed1,212,6.303030303030303
hpmcounter6,normal,seed1,213,6.557575757575758
hpmcounter6,normal,seed1,214,6.739393939393939
hpmcounter6,normal,seed1,215,6.848484848484849
hpmcounter6,normal,seed1,216,6.884848484848485
hpmcounter6,normal,seed1,217,6.848484848484849
hpmcounter6,normal,seed1,218,6.739393939393939
hpmcounter6,normal,seed1,219,6.557575757575758
hpmcounter6,normal,seed1,220,6.303030303030303
hpmcounter6,normal,seed1,221,6.218181818181818
hpmcounter6,normal,seed1,222,6.303030303030303
hpmcounter6,normal,seed1,223,6.557575757575758
hpmcounter6,normal,seed1,224,6.739393939393939
hpmcounter6,normal,seed1,225,6.848484848484849
hpmcounter6,normal,seed1,226,6.884848484848485
hpmcounter6,normal,seed1,227,6.848484848484849
hpmcounter6,normal,seed1,228,6.739393939393939
hpmcounter6,normal,seed1,229,6.557575757575758
hpmcounter6,normal,seed1,230,6.303030303030303
hpmcounter6,normal,seed1,231,6.218181818181818
hpmcounter6,normal,seed1,232,6.303030303030303
hpmcounter6,normal,seed1,233,6.557575757575758
hpmcounter6,normal,seed1,234,6.739393939393939
hpmcounter6,normal,seed1,235,6.848484848484849
hpmcounter6,normal,seed1,236,6.884848484848485
hpmcounter6,normal,seed1,237,6.848484848484849
hpmcounter6,normal,seed1,238,6.739393939393939
hpmcounter6,normal,seed1,239,6.557575757575758
hpmcounter6,normal,seed1,240,6.303030303030303
hpmcounter6,normal,seed1,241,6.218181818181818
hpmcounter6,normal,seed1,242,6.303030303030303
hpmcounter6,normal,seed1,243,6.557575757575758
hpmcounter6,normal,seed1,244,6.739393939393939
hpmcounter6,normal,seed1,245,6.848484848484849
hpmcounter6,normal,seed1,246,6.884848484848485
hpmcounter6,normal,seed1,247,6.848484848484849
hpmcounter6,normal,seed1,248,6.739393939393939
hpmcounter6,normal,seed1,249,6.557575757575758
hpmcounter6,normal,seed1,250,6.303030303030303
hpmcounter6,normal,seed1,251,6.218181818181818
hpmcounter6,normal,seed1,252,6.303030303030303
hpmcounter6,normal,seed1,253,6.557575757575758
hpmcounter6,normal,seed1,254,6.739393939393939
hpmcounter6,normal,seed1,255,6.848484848484849
hpmcounter6,normal,seed1,256,6.884848484848485
hpmcounter6,normal,seed1,257,6.848484848484849
hpmcounter6,normal,seed1,258,6.739393939393939
hpmcounter6,normal,seed1,259,6.557575757575758
hpmcounter6,normal,seed1,260,6.303030303030303
hpmcounter6,normal,seed1,261,6.218181818181818
hpmcounter6,normal,seed1,262,6.303030303030303
hpmcounter6,normal,seed1,263,6.557575757575758
hpmcounter6,normal,seed1,264,6.739393939393939
hpmcounter6,normal,seed1,265,6.848484848484849
hpmcounter6,normal,seed1,266,6.884848484848485
hpmcounter6,normal,seed1,267,6.848484848484849
hpmcounter6,normal,seed1,268,6.739393939393939
hpmcounter6,normal,seed1,269,6.557575757575758
hpmcounter6,normal,seed1,270,6.303030303030303
hpmcounter6,normal,seed1,271,6.218181818181818
hpmcounter6,normal,seed1,272,6.303030303030303
hpmcounter6,normal,seed1,273,6.557575757575758
hpmcounter6,normal,seed1,274,6.739393939393939
hpmcounter6,normal,seed1,275,6.848484848484849
hpmcounter6,normal,seed1,276,6.884848484848485
hpmcounter6,normal,seed1,277,6.848484848484849
hpmcounter6,normal,seed1,278,6.739393939393939
hpmcounter6,normal,seed1,279,6.557575757575758
hpmcounter6,normal,seed1,280,6.303030303030303
hpmcounter6,normal,seed1,281,6.218181818181818
hpmcounter6,normal,seed1,282,6.303030303030303
hpmcounter6,normal,seed1,283,6.557575757575758
hpmcounter6,normal,seed1,284,6.739393939393939
hpmcounter6,normal,seed1,285,6.848484848484849
hpmcounter6,normal,seed1,286,6.884848484848485
hpmcounter6,normal,seed1,287,6.848484848484849
hpmcounter6,normal,seed1,288,6.739393939393939
hpmcounter6,normal,seed1,289,6.557575757575758
hpmcounter6,normal,seed1,290,6.303030303030303
hpmcounter6,normal,seed1,291,6.218181818181818
hpmcounter6,normal,seed1,292,6.303030303030303
hpmcounter6,normal,seed1,293,6.557575757575758
hpmcounter6,normal,seed1,294,6.739393939393939
hpmcounter6,normal,seed1,295,6.848484848484849
hpmcounter6,normal,seed1,296,6.884848484848485
hpmcounter6,normal,seed1,297,6.848484848484849
hpmcounter6,normal,seed1,298,6.739393939393939
hpmcounter6,normal,seed10,9,6.557575757575758
hpmcounter6,normal,seed10,10,6.303030303030303
hpmcounter6,normal,seed10,11,6.218181818181818
hpmcounter6,normal,seed10,12,6.303030303030303
hpmcounter6,normal,seed10,13,6.557575757575758
hpmcounter6,normal,seed10,14,6.739393939393939
hpmcounter6,normal,seed10,15,6.848484848484849
hpmcounter6,normal,seed10,16,6.884848484848485
hpmcounter6,normal,seed10,17,6.848484848484849
hpmcounter6,normal,seed10,18,6.739393939393939
hpmcounter6,normal,seed10,19,6.557575757575758
hpmcounter6,normal,seed10,20,6.303030303030303
hpmcounter6,normal,seed10,21,6.218181818181818
hpmcounter6,normal,seed10,22,6.303030303030303
hpmcounter6,normal,seed10,23,6.557575757575758
hpmcounter6,normal,seed10,24,6.739393939393939
hpmcounter6,normal,seed10,25,6.848484848484849
hpmcounter6,normal,seed10,26,6.884848484848485
hpmcounter6,normal,seed10,27,6.848484848484849
hpmcounter6,normal,seed10,28,6.739393939393939
hpmcounter6,normal,seed10,29,6.557575757575758
hpmcounter6,normal,seed10,30,6.303030303030303
hpmcounter6,normal,seed10,31,6.218181818181818
hpmcounter6,normal,seed10,32,6.303030303030303
hpmcounter6,normal,seed10,33,6.557575757575758
hpmcounter6,normal,seed10,34,6.739393939393939
hpmcounter6,normal,seed10,35,6.848484848484849
hpmcounter6,normal,seed10,36,6.884848484848485
hpmcounter6,normal,seed10,37,6.848484848484849
hpmcounter6,normal,seed10,38,6.739393939393939
hpmcounter6,normal,seed10,39,6.557575757575758
hpmcounter6,normal,seed10,40,6.303030303030303
hpmcounter6,normal,seed10,41,6.218181818181818
hpmcounter6,normal,seed10,42,6.303030303030303
hpmcounter6,normal,seed10,43,6.557575757575758
hpmcounter6,normal,seed10,44,6.739393939393939
hpmcounter6,normal,seed10,45,6.848484848484849
hpmcounter6,normal,seed10,46,6.884848484848485
hpmcounter6,normal,seed10,47,6.848484848484849
hpmcounter6,normal,seed10,48,6.739393939393939
hpmcounter6,normal,seed10,49,6.557575757575758
hpmcounter6,normal,seed10,50,6.303030303030303
hpmcounter6,normal,seed10,51,6.218181818181818
hpmcounter6,normal,seed10,52,6.303030303030303
hpmcounter6,normal,seed10,53,6.557575757575758
hpmcounter6,normal,seed10,54,6.739393939393939
hpmcounter6,normal,seed10,55,6.848484848484849
hpmcounter6,normal,seed10,56,6.884848484848485
hpmcounter6,normal,seed10,57,6.848484848484849
hpmcounter6,normal,seed10,58,6.739393939393939
hpmcounter6,normal,seed10,59,6.557575757575758
hpmcounter6,normal,seed10,60,6.303030303030303
hpmcounter6,normal,seed10,61,6.218181818181818
hpmcounter6,normal,seed10,62,6.303030303030303
hpmcounter6,normal,seed10,63,6.557575757575758
hpmcounter6,normal,seed10,64,6.739393939393939
hpmcounter6,normal,seed10,65,6.848484848484849
hpmcounter6,normal,seed10,66,6.884848484848485
hpmcounter6,normal,seed10,67,6.848484848484849
hpmcounter6,normal,seed10,68,6.739393939393939
hpmcounter6,normal,seed10,69,6.557575757575758
hpmcounter6,normal,seed10,70,6.303030303030303
hpmcounter6,normal,seed10,71,6.218181818181818
hpmcounter6,normal,seed10,72,6.303030303030303
hpmcounter6,normal,seed10,73,6.557575757575758
hpmcounter6,normal,seed10,74,6.739393939393939
hpmcounter6,normal,seed10,75,6.848484848484849
hpmcounter6,normal,seed10,76,6.884848484848485
hpmcounter6,normal,seed10,77,6.848484848484849
hpmcounter6,normal,seed10,78,6.739393939393939
hpmcounter6,normal,seed10,79,6.557575757575758
hpmcounter6,normal,seed10,80,6.303030303030303
hpmcounter6,normal,seed10,81,6.218181818181818
hpmcounter6,normal,seed10,82,6.303030303030303
hpmcounter6,normal,seed10,83,6.557575757575758
hpmcounter6,normal,seed10,84,6.739393939393939
hpmcounter6,normal,seed10,85,6.848484848484849
hpmcounter6,normal,seed10,86,6.884848484848485
hpmcounter6,normal,seed10,87,6.848484848484849
hpmcounter6,normal,seed10,88,6.739393939393939
hpmcounter6,normal,seed10,89,6.557575757575758
hpmcounter6,normal,seed10,90,6.303030303030303
hpmcounter6,normal,seed10,91,6.218181818181818
hpmcounter6,normal,seed10,92,6.303030303030303
hpmcounter6,normal,seed10,93,6.557575757575758
hpmcounter6,normal,seed10,94,6.739393939393939
hpmcounter6,normal,seed10,95,6.848484848484849
hpmcounter6,normal,seed10,96,6.884848484848485
hpmcounter6,normal,seed10,97,6.848484848484849
hpmcounter6,normal,seed10,98,6.739393939393939
hpmcounter6,normal,seed10,99,6.557575757575758
hpmcounter6,normal,seed10,100,6.303030303030303
hpmcounter6,normal,seed10,101,6.218181818181818
hpmcounter6,normal,seed10,102,6.303030303030303
hpmcounter6,normal,seed10,103,6.557575757575758
hpmcounter6,normal,seed10,104,6.739393939393939
hpmcounter6,normal,seed10,105,6.848484848484849
hpmcounter6,normal,seed10,106,6.884848484848485
hpmcounter6,normal,seed10,107,6.848484848484849
hpmcounter6,normal,seed10,108,6.739393939393939
hpmcounter6,normal,seed10,109,6.557575757575758
hpmcounter6,normal,seed10,110,6.303030303030303
hpmcounter6,normal,seed10,111,6.218181818181818
hpmcounter6,normal,seed10,112,6.303030303030303
hpmcounter6,normal,seed10,113,6.557575757575758
hpmcounter6,normal,seed10,114,6.739393939393939
hpmcounter6,normal,seed10,115,6.848484848484849
hpmcounter6,normal,seed10,116,6.884848484848485
hpmcounter6,normal,seed10,117,6.848484848484849
hpmcounter6,normal,seed10,118,6.739393939393939
hpmcounter6,normal,seed10,119,6.557575757575758
hpmcounter6,normal,seed10,120,6.303030303030303
hpmcounter6,normal,seed10,121,6.218181818181818
hpmcounter6,normal,seed10,122,6.303030303030303
hpmcounter6,normal,seed10,123,6.557575757575758
hpmcounter6,normal,seed10,124,6.739393939393939
hpmcounter6,normal,seed10,125,6.848484848484849
hpmcounter6,normal,seed10,126,6.884848484848485
hpmcounter6,normal,seed10,127,6.848484848484849
hpmcounter6,normal,seed10,128,6.739393939393939
hpmcounter6,normal,seed10,129,6.557575757575758
hpmcounter6,normal,seed10,130,6.303030303030303
hpmcounter6,normal,seed10,131,6.218181818181818
hpmcounter6,normal,seed10,132,6.303030303030303
hpmcounter6,normal,seed10,133,6.557575757575758
hpmcounter6,normal,seed10,134,6.739393939393939
hpmcounter6,normal,seed10,135,6.848484848484849
hpmcounter6,normal,seed10,136,6.884848484848485
hpmcounter6,normal,seed10,137,6.848484848484849
hpmcounter6,normal,seed10,138,6.739393939393939
hpmcounter6,normal,seed10,139,6.557575757575758
hpmcounter6,normal,seed10,140,6.303030303030303
hpmcounter6,normal,seed10,141,6.218181818181818
hpmcounter6,normal,seed10,142,6.303030303030303
hpmcounter6,normal,seed10,143,6.557575757575758
hpmcounter6,normal,seed10,144,6.739393939393939
hpmcounter6,normal,seed10,145,6.848484848484849
hpmcounter6,normal,seed10,146,6.884848484848485
hpmcounter6,normal,seed10,147,6.848484848484849
hpmcounter6,normal,seed10,148,6.739393939393939
hpmcounter6,normal,seed10,149,6.557575757575758
hpmcounter6,normal,seed10,150,6.303030303030303
hpmcounter6,normal,seed10,151,6.218181818181818
hpmcounter6,normal,seed10,152,6.303030303030303
hpmcounter6,normal,seed10,153,6.557575757575758
hpmcounter6,normal,seed10,154,6.739393939393939
hpmcounter6,normal,seed10,155,6.848484848484849
hpmcounter6,normal,seed10,156,6.884848484848485
hpmcounter6,normal,seed10,157,6.848484848484849
hpmcounter6,normal,seed10,158,6.739393939393939
hpmcounter6,normal,seed10,159,6.557575757575758
hpmcounter6,normal,seed10,160,6.303030303030303
hpmcounter6,normal,seed10,161,6.218181818181818
hpmcounter6,normal,seed10,162,6.303030303030303
hpmcounter6,normal,seed10,163,6.557575757575758
hpmcounter6,normal,seed10,164,6.739393939393939
hpmcounter6,normal,seed10,165,6.848484848484849
hpmcounter6,normal,seed10,166,6.884848484848485
hpmcounter6,normal,seed10,167,6.848484848484849
hpmcounter6,normal,seed10,168,6.739393939393939
hpmcounter6,normal,seed10,169,6.557575757575758
hpmcounter6,normal,seed10,170,6.303030303030303
hpmcounter6,normal,seed10,171,6.218181818181818
hpmcounter6,normal,seed10,172,6.303030303030303
hpmcounter6,normal,seed10,173,6.557575757575758
hpmcounter6,normal,seed10,174,6.739393939393939
hpmcounter6,normal,seed10,175,6.848484848484849
hpmcounter6,normal,seed10,176,6.884848484848485
hpmcounter6,normal,seed10,177,6.848484848484849
hpmcounter6,normal,seed10,178,6.739393939393939
hpmcounter6,normal,seed10,179,6.557575757575758
hpmcounter6,normal,seed10,180,6.303030303030303
hpmcounter6,normal,seed10,181,6.218181818181818
hpmcounter6,normal,seed10,182,6.303030303030303
hpmcounter6,normal,seed10,183,6.557575757575758
hpmcounter6,normal,seed10,184,6.739393939393939
hpmcounter6,normal,seed10,185,6.848484848484849
hpmcounter6,normal,seed10,186,6.884848484848485
hpmcounter6,normal,seed10,187,6.848484848484849
hpmcounter6,normal,seed10,188,6.739393939393939
hpmcounter6,normal,seed10,189,6.557575757575758
hpmcounter6,normal,seed10,190,6.303030303030303
hpmcounter6,normal,seed10,191,6.218181818181818
hpmcounter6,normal,seed10,192,6.303030303030303
hpmcounter6,normal,seed10,193,6.557575757575758
hpmcounter6,normal,seed10,194,6.739393939393939
hpmcounter6,normal,seed10,195,6.848484848484849
hpmcounter6,normal,seed10,196,6.884848484848485
hpmcounter6,normal,seed10,197,6.848484848484849
hpmcounter6,normal,seed10,198,6.739393939393939
hpmcounter6,normal,seed10,199,6.557575757575758
hpmcounter6,normal,seed10,200,6.303030303030303
hpmcounter6,normal,seed10,201,6.218181818181818
hpmcounter6,normal,seed10,202,6.303030303030303
hpmcounter6,normal,seed10,203,6.557575757575758
hpmcounter6,normal,seed10,204,6.739393939393939
hpmcounter6,normal,seed10,205,6.848484848484849
hpmcounter6,normal,seed10,206,6.884848484848485
hpmcounter6,normal,seed10,207,6.848484848484849
hpmcounter6,normal,seed10,208,6.739393939393939
hpmcounter6,normal,seed10,209,6.557575757575758
hpmcounter6,normal,seed10,210,6.303030303030303
hpmcounter6,normal,seed10,211,6.218181818181818
hpmcounter6,normal,seed10,212,6.303030303030303
hpmcounter6,normal,seed10,213,6.557575757575758
hpmcounter6,normal,seed10,214,6.739393939393939
hpmcounter6,normal,seed10,215,6.848484848484849
hpmcounter6,normal,seed10,216,6.884848484848485
hpmcounter6,normal,seed10,217,6.848484848484849
hpmcounter6,normal,seed10,218,6.739393939393939
hpmcounter6,normal,seed10,219,6.557575757575758
hpmcounter6,normal,seed10,220,6.303030303030303
hpmcounter6,normal,seed10,221,6.218181818181818
hpmcounter6,normal,seed10,222,6.303030303030303
hpmcounter6,normal,seed10,223,6.557575757575758
hpmcounter6,normal,seed10,224,6.739393939393939
hpmcounter6,normal,seed10,225,6.848484848484849
hpmcounter6,normal,seed10,226,6.884848484848485
hpmcounter6,normal,seed10,227,6.848484848484849
hpmcounter6,normal,seed10,228,6.739393939393939
hpmcounter6,normal,seed10,229,6.557575757575758
hpmcounter6,normal,seed10,230,6.303030303030303
hpmcounter6,normal,seed10,231,6.218181818181818
hpmcounter6,normal,seed10,232,6.303030303030303
hpmcounter6,normal,seed10,233,6.557575757575758
hpmcounter6,normal,seed10,234,6.739393939393939
hpmcounter6,normal,seed10,235,6.848484848484849
hpmcounter6,normal,seed10,236,6.884848484848485
hpmcounter6,normal,seed10,237,6.848484848484849
hpmcounter6,normal,seed10,238,6.739393939393939
hpmcounter6,normal,seed10,239,6.557575757575758
hpmcounter6,normal,seed10,240,6.303030303030303
hpmcounter6,normal,seed10,241,6.218181818181818
hpmcounter6,normal,seed10,242,6.303030303030303
hpmcounter6,normal,seed10,243,6.557575757575758
hpmcounter6,normal,seed10,244,6.739393939393939
hpmcounter6,normal,seed10,245,6.848484848484849
hpmcounter6,normal,seed10,246,6.884848484848485
hpmcounter6,normal,seed10,247,6.848484848484849
hpmcounter6,normal,seed10,248,6.739393939393939
hpmcounter6,normal,seed10,249,6.557575757575758
hpmcounter6,normal,seed10,250,6.303030303030303
hpmcounter6,normal,seed10,251,6.218181818181818
hpmcounter6,normal,seed10,252,6.303030303030303
hpmcounter6,normal,seed10,253,6.557575757575758
hpmcounter6,normal,seed10,254,6.739393939393939
hpmcounter6,normal,seed10,255,6.848484848484849
hpmcounter6,normal,seed10,256,6.884848484848485
hpmcounter6,normal,seed10,257,6.848484848484849
hpmcounter6,normal,seed10,258,6.739393939393939
hpmcounter6,normal,seed10,259,6.557575757575758
hpmcounter6,normal,seed10,260,6.303030303030303
hpmcounter6,normal,seed10,261,6.218181818181818
hpmcounter6,normal,seed10,262,6.303030303030303
hpmcounter6,normal,seed10,263,6.557575757575758
hpmcounter6,normal,seed10,264,6.739393939393939
hpmcounter6,normal,seed10,265,6.848484848484849
hpmcounter6,normal,seed10,266,6.884848484848485
hpmcounter6,normal,seed10,267,6.848484848484849
hpmcounter6,normal,seed10,268,6.739393939393939
hpmcounter6,normal,seed10,269,6.557575757575758
hpmcounter6,normal,seed10,270,6.303030303030303
hpmcounter6,normal,seed10,271,6.218181818181818
hpmcounter6,normal,seed10,272,6.303030303030303
hpmcounter6,normal,seed10,273,6.557575757575758
hpmcounter6,normal,seed10,274,6.739393939393939
hpmcounter6,normal,seed10,275,6.848484848484849
hpmcounter6,normal,seed10,276,6.884848484848485
hpmcounter6,normal,seed10,277,6.848484848484849
hpmcounter6,normal,seed10,278,6.739393939393939
hpmcounter6,normal,seed10,279,6.557575757575758
hpmcounter6,normal,seed10,280,6.303030303030303
hpmcounter6,normal,seed10,281,6.218181818181818
hpmcounter6,normal,seed10,282,6.303030303030303
hpmcounter6,normal,seed10,283,6.557575757575758
hpmcounter6,normal,seed10,284,6.739393939393939
hpmcounter6,normal,seed10,285,6.848484848484849
hpmcounter6,normal,seed10,286,6.884848484848485
hpmcounter6,normal,seed10,287,6.848484848484849
hpmcounter6,normal,seed10,288,6.739393939393939
hpmcounter6,normal,seed10,289,6.557575757575758
hpmcounter6,normal,seed10,290,6.303030303030303
hpmcounter6,normal,seed10,291,6.218181818181818
hpmcounter6,normal,seed10,292,6.303030303030303
hpmcounter6,normal,seed10,293,6.557575757575758
hpmcounter6,normal,seed10,294,6.739393939393939
hpmcounter6,normal,seed10,295,6.848484848484849
hpmcounter6,normal,seed10,296,6.884848484848485
hpmcounter6,normal,seed10,297,6.848484848484849
hpmcounter6,normal,seed10,298,6.739393939393939
hpmcounter6,normal,seed11,9,6.557575757575758
hpmcounter6,normal,seed11,10,6.303030303030303
hpmcounter6,normal,seed11,11,6.218181818181818
hpmcounter6,normal,seed11,12,6.303030303030303
hpmcounter6,normal,seed11,13,6.557575757575758
hpmcounter6,normal,seed11,14,6.739393939393939
hpmcounter6,normal,seed11,15,6.848484848484849
hpmcounter6,normal,seed11,16,6.884848484848485
hpmcounter6,normal,seed11,17,6.848484848484849
hpmcounter6,normal,seed11,18,6.739393939393939
hpmcounter6,normal,seed11,19,6.557575757575758
hpmcounter6,normal,seed11,20,6.303030303030303
hpmcounter6,normal,seed11,21,6.218181818181818
hpmcounter6,normal,seed11,22,6.303030303030303
hpmcounter6,normal,seed11,23,6.557575757575758
hpmcounter6,normal,seed11,24,6.739393939393939
hpmcounter6,normal,seed11,25,6.848484848484849
hpmcounter6,normal,seed11,26,6.884848484848485
hpmcounter6,normal,seed11,27,6.848484848484849
hpmcounter6,normal,seed11,28,6.739393939393939
hpmcounter6,normal,seed11,29,6.557575757575758
hpmcounter6,normal,seed11,30,6.303030303030303
hpmcounter6,normal,seed11,31,6.218181818181818
hpmcounter6,normal,seed11,32,6.303030303030303
hpmcounter6,normal,seed11,33,6.557575757575758
hpmcounter6,normal,seed11,34,6.739393939393939
hpmcounter6,normal,seed11,35,6.848484848484849
hpmcounter6,normal,seed11,36,6.884848484848485
hpmcounter6,normal,seed11,37,6.848484848484849
hpmcounter6,normal,seed11,38,6.739393939393939
hpmcounter6,normal,seed11,39,6.557575757575758
hpmcounter6,normal,seed11,40,6.303030303030303
hpmcounter6,normal,seed11,41,6.218181818181818
hpmcounter6,normal,seed11,42,6.303030303030303
hpmcounter6,normal,seed11,43,6.557575757575758
hpmcounter6,normal,seed11,44,6.739393939393939
hpmcounter6,normal,seed11,45,6.848484848484849
hpmcounter6,normal,seed11,46,6.884848484848485
hpmcounter6,normal,seed11,47,6.848484848484849
hpmcounter6,normal,seed11,48,6.739393939393939
hpmcounter6,normal,seed11,49,6.557575757575758
hpmcounter6,normal,seed11,50,6.303030303030303
hpmcounter6,normal,seed11,51,6.218181818181818
hpmcounter6,normal,seed11,52,6.303030303030303
hpmcounter6,normal,seed11,53,6.557575757575758
hpmcounter6,normal,seed11,54,6.739393939393939
hpmcounter6,normal,seed11,55,6.848484848484849
hpmcounter6,normal,seed11,56,6.884848484848485
hpmcounter6,normal,seed11,57,6.848484848484849
hpmcounter6,normal,seed11,58,6.739393939393939
hpmcounter6,normal,seed11,59,6.557575757575758
hpmcounter6,normal,seed11,60,6.303030303030303
hpmcounter6,normal,seed11,61,6.218181818181818
hpmcounter6,normal,seed11,62,6.303030303030303
hpmcounter6,normal,seed11,63,6.557575757575758
hpmcounter6,normal,seed11,64,6.739393939393939
hpmcounter6,normal,seed11,65,6.848484848484849
hpmcounter6,normal,seed11,66,6.884848484848485
hpmcounter6,normal,seed11,67,6.848484848484849
hpmcounter6,normal,seed11,68,6.739393939393939
hpmcounter6,normal,seed11,69,6.557575757575758
hpmcounter6,normal,seed11,70,6.303030303030303
hpmcounter6,normal,seed11,71,6.218181818181818
hpmcounter6,normal,seed11,72,6.303030303030303
hpmcounter6,normal,seed11,73,6.557575757575758
hpmcounter6,normal,seed11,74,6.739393939393939
hpmcounter6,normal,seed11,75,6.848484848484849
hpmcounter6,normal,seed11,76,6.884848484848485
hpmcounter6,normal,seed11,77,6.848484848484849
hpmcounter6,normal,seed11,78,6.739393939393939
hpmcounter6,normal,seed11,79,6.557575757575758
hpmcounter6,normal,seed11,80,6.303030303030303
hpmcounter6,normal,seed11,81,6.218181818181818
hpmcounter6,normal,seed11,82,6.303030303030303
hpmcounter6,normal,seed11,83,6.557575757575758
hpmcounter6,normal,seed11,84,6.739393939393939
hpmcounter6,normal,seed11,85,6.848484848484849
hpmcounter6,normal,seed11,86,6.884848484848485
hpmcounter6,normal,seed11,87,6.848484848484849
hpmcounter6,normal,seed11,88,6.739393939393939
hpmcounter6,normal,seed11,89,6.557575757575758
hpmcounter6,normal,seed11,90,6.303030303030303
hpmcounter6,normal,seed11,91,6.218181818181818
hpmcounter6,normal,seed11,92,6.303030303030303
hpmcounter6,normal,seed11,93,6.557575757575758
hpmcounter6,normal,seed11,94,6.739393939393939
hpmcounter6,normal,seed11,95,6.848484848484849
hpmcounter6,normal,seed11,96,6.884848484848485
hpmcounter6,normal,seed11,97,6.848484848484849
hpmcounter6,normal,seed11,98,6.739393939393939
hpmcounter6,normal,seed11,99,6.557575757575758
hpmcounter6,normal,seed11,100,6.303030303030303
hpmcounter6,normal,seed11,101,6.218181818181818
hpmcounter6,normal,seed11,102,6.303030303030303
hpmcounter6,normal,seed11,103,6.557575757575758
hpmcounter6,normal,seed11,104,6.739393939393939
hpmcounter6,normal,seed11,105,6.848484848484849
hpmcounter6,normal,seed11,106,6.884848484848485
hpmcounter6,normal,seed11,107,6.848484848484849
hpmcounter6,normal,seed11,108,6.739393939393939
hpmcounter6,normal,seed11,109,6.557575757575758
hpmcounter6,normal,seed11,110,6.303030303030303
hpmcounter6,normal,seed11,111,6.218181818181818
hpmcounter6,normal,seed11,112,6.303030303030303
hpmcounter6,normal,seed11,113,6.557575757575758
hpmcounter6,normal,seed11,114,6.739393939393939
hpmcounter6,normal,seed11,115,6.848484848484849
hpmcounter6,normal,seed11,116,6.884848484848485
hpmcounter6,normal,seed11,117,6.848484848484849
hpmcounter6,normal,seed11,118,6.739393939393939
hpmcounter6,normal,seed11,119,6.557575757575758
hpmcounter6,normal,seed11,120,6.303030303030303
hpmcounter6,normal,seed11,121,6.218181818181818
hpmcounter6,normal,seed11,122,6.303030303030303
hpmcounter6,normal,seed11,123,6.557575757575758
hpmcounter6,normal,seed11,124,6.739393939393939
hpmcounter6,normal,seed11,125,6.848484848484849
hpmcounter6,normal,seed11,126,6.884848484848485
hpmcounter6,normal,seed11,127,6.848484848484849
hpmcounter6,normal,seed11,128,6.739393939393939
hpmcounter6,normal,seed11,129,6.557575757575758
hpmcounter6,normal,seed11,130,6.303030303030303
hpmcounter6,normal,seed11,131,6.218181818181818
hpmcounter6,normal,seed11,132,6.303030303030303
hpmcounter6,normal,seed11,133,6.557575757575758
hpmcounter6,normal,seed11,134,6.739393939393939
hpmcounter6,normal,seed11,135,6.848484848484849
hpmcounter6,normal,seed11,136,6.884848484848485
hpmcounter6,normal,seed11,137,6.848484848484849
hpmcounter6,normal,seed11,138,6.739393939393939
hpmcounter6,normal,seed11,139,6.557575757575758
hpmcounter6,normal,seed11,140,6.303030303030303
hpmcounter6,normal,seed11,141,6.218181818181818
hpmcounter6,normal,seed11,142,6.303030303030303
hpmcounter6,normal,seed11,143,6.557575757575758
hpmcounter6,normal,seed11,144,6.739393939393939
hpmcounter6,normal,seed11,145,6.848484848484849
hpmcounter6,normal,seed11,146,6.884848484848485
hpmcounter6,normal,seed11,147,6.848484848484849
hpmcounter6,normal,seed11,148,6.739393939393939
hpmcounter6,normal,seed11,149,6.557575757575758
hpmcounter6,normal,seed11,150,6.303030303030303
hpmcounter6,normal,seed11,151,6.218181818181818
hpmcounter6,normal,seed11,152,6.303030303030303
hpmcounter6,normal,seed11,153,6.557575757575758
hpmcounter6,normal,seed11,154,6.739393939393939
hpmcounter6,normal,seed11,155,6.848484848484849
hpmcounter6,normal,seed11,156,6.884848484848485
hpmcounter6,normal,seed11,157,6.848484848484849
hpmcounter6,normal,seed11,158,6.739393939393939
hpmcounter6,normal,seed11,159,6.557575757575758
hpmcounter6,normal,seed11,160,6.303030303030303
hpmcounter6,normal,seed11,161,6.218181818181818
hpmcounter6,normal,seed11,162,6.303030303030303
hpmcounter6,normal,seed11,163,6.557575757575758
hpmcounter6,normal,seed11,164,6.739393939393939
hpmcounter6,normal,seed11,165,6.848484848484849
hpmcounter6,normal,seed11,166,6.884848484848485
hpmcounter6,normal,seed11,167,6.848484848484849
hpmcounter6,normal,seed11,168,6.739393939393939
hpmcounter6,normal,seed11,169,6.557575757575758
hpmcounter6,normal,seed11,170,6.303030303030303
hpmcounter6,normal,seed11,171,6.218181818181818
hpmcounter6,normal,seed11,172,6.303030303030303
hpmcounter6,normal,seed11,173,6.557575757575758
hpmcounter6,normal,seed11,174,6.739393939393939
hpmcounter6,normal,seed11,175,6.848484848484849
hpmcounter6,normal,seed11,176,6.884848484848485
hpmcounter6,normal,seed11,177,6.848484848484849
hpmcounter6,normal,seed11,178,6.739393939393939
hpmcounter6,normal,seed11,179,6.557575757575758
hpmcounter6,normal,seed11,180,6.303030303030303
hpmcounter6,normal,seed11,181,6.218181818181818
hpmcounter6,normal,seed11,182,6.303030303030303
hpmcounter6,normal,seed11,183,6.557575757575758
hpmcounter6,normal,seed11,184,6.739393939393939
hpmcounter6,normal,seed11,185,6.848484848484849
hpmcounter6,normal,seed11,186,6.884848484848485
hpmcounter6,normal,seed11,187,6.848484848484849
hpmcounter6,normal,seed11,188,6.739393939393939
hpmcounter6,normal,seed11,189,6.557575757575758
hpmcounter6,normal,seed11,190,6.303030303030303
hpmcounter6,normal,seed11,191,6.218181818181818
hpmcounter6,normal,seed11,192,6.303030303030303
hpmcounter6,normal,seed11,193,6.557575757575758
hpmcounter6,normal,seed11,194,6.739393939393939
hpmcounter6,normal,seed11,195,6.848484848484849
hpmcounter6,normal,seed11,196,6.884848484848485
hpmcounter6,normal,seed11,197,6.848484848484849
hpmcounter6,normal,seed11,198,6.739393939393939
hpmcounter6,normal,seed11,199,6.557575757575758
hpmcounter6,normal,seed11,200,6.303030303030303
hpmcounter6,normal,seed11,201,6.218181818181818
hpmcounter6,normal,seed11,202,6.303030303030303
hpmcounter6,normal,seed11,203,6.557575757575758
hpmcounter6,normal,seed11,204,6.739393939393939
hpmcounter6,normal,seed11,205,6.848484848484849
hpmcounter6,normal,seed11,206,6.884848484848485
hpmcounter6,normal,seed11,207,6.848484848484849
hpmcounter6,normal,seed11,208,6.739393939393939
hpmcounter6,normal,seed11,209,6.557575757575758
hpmcounter6,normal,seed11,210,6.303030303030303
hpmcounter6,normal,seed11,211,6.218181818181818
hpmcounter6,normal,seed11,212,6.303030303030303
hpmcounter6,normal,seed11,213,6.557575757575758
hpmcounter6,normal,seed11,214,6.739393939393939
hpmcounter6,normal,seed11,215,6.848484848484849
hpmcounter6,normal,seed11,216,6.884848484848485
hpmcounter6,normal,seed11,217,6.848484848484849
hpmcounter6,normal,seed11,218,6.739393939393939
hpmcounter6,normal,seed11,219,6.557575757575758
hpmcounter6,normal,seed11,220,6.303030303030303
hpmcounter6,normal,seed11,221,6.218181818181818
hpmcounter6,normal,seed11,222,6.303030303030303
hpmcounter6,normal,seed11,223,6.557575757575758
hpmcounter6,normal,seed11,224,6.739393939393939
hpmcounter6,normal,seed11,225,6.848484848484849
hpmcounter6,normal,seed11,226,6.884848484848485
hpmcounter6,normal,seed11,227,6.848484848484849
hpmcounter6,normal,seed11,228,6.739393939393939
hpmcounter6,normal,seed11,229,6.557575757575758
hpmcounter6,normal,seed11,230,6.303030303030303
hpmcounter6,normal,seed11,231,6.218181818181818
hpmcounter6,normal,seed11,232,6.303030303030303
hpmcounter6,normal,seed11,233,6.557575757575758
hpmcounter6,normal,seed11,234,6.739393939393939
hpmcounter6,normal,seed11,235,6.848484848484849
hpmcounter6,normal,seed11,236,6.884848484848485
hpmcounter6,normal,seed11,237,6.848484848484849
hpmcounter6,normal,seed11,238,6.739393939393939
hpmcounter6,normal,seed11,239,6.557575757575758
hpmcounter6,normal,seed11,240,6.303030303030303
hpmcounter6,normal,seed11,241,6.218181818181818
hpmcounter6,normal,seed11,242,6.303030303030303
hpmcounter6,normal,seed11,243,6.557575757575758
hpmcounter6,normal,seed11,244,6.739393939393939
hpmcounter6,normal,seed11,245,6.848484848484849
hpmcounter6,normal,seed11,246,6.884848484848485
hpmcounter6,normal,seed11,247,6.848484848484849
hpmcounter6,normal,seed11,248,6.739393939393939
hpmcounter6,normal,seed11,249,6.557575757575758
hpmcounter6,normal,seed11,250,6.303030303030303
hpmcounter6,normal,seed11,251,6.218181818181818
hpmcounter6,normal,seed11,252,6.303030303030303
hpmcounter6,normal,seed11,253,6.557575757575758
hpmcounter6,normal,seed11,254,6.739393939393939
hpmcounter6,normal,seed11,255,6.848484848484849
hpmcounter6,normal,seed11,256,6.884848484848485
hpmcounter6,normal,seed11,257,6.848484848484849
hpmcounter6,normal,seed11,258,6.739393939393939
hpmcounter6,normal,seed11,259,6.557575757575758
hpmcounter6,normal,seed11,260,6.303030303030303
hpmcounter6,normal,seed11,261,6.218181818181818
hpmcounter6,normal,seed11,262,6.303030303030303
hpmcounter6,normal,seed11,263,6.557575757575758
hpmcounter6,normal,seed11,264,6.739393939393939
hpmcounter6,normal,seed11,265,6.848484848484849
hpmcounter6,normal,seed11,266,6.884848484848485
hpmcounter6,normal,seed11,267,6.848484848484849
hpmcounter6,normal,seed11,268,6.739393939393939
hpmcounter6,normal,seed11,269,6.557575757575758
hpmcounter6,normal,seed11,270,6.303030303030303
hpmcounter6,normal,seed11,271,6.218181818181818
hpmcounter6,normal,seed11,272,6.303030303030303
hpmcounter6,normal,seed11,273,6.557575757575758
hpmcounter6,normal,seed11,274,6.739393939393939
hpmcounter6,normal,seed11,275,6.848484848484849
hpmcounter6,normal,seed11,276,6.884848484848485
hpmcounter6,normal,seed11,277,6.848484848484849
hpmcounter6,normal,seed11,278,6.739393939393939
hpmcounter6,normal,seed11,279,6.557575757575758
hpmcounter6,normal,seed11,280,6.303030303030303
hpmcounter6,normal,seed11,281,6.218181818181818
hpmcounter6,normal,seed11,282,6.303030303030303
hpmcounter6,normal,seed11,283,6.557575757575758
hpmcounter6,normal,seed11,284,6.739393939393939
hpmcounter6,normal,seed11,285,6.848484848484849
hpmcounter6,normal,seed11,286,6.884848484848485
hpmcounter6,normal,seed11,287,6.848484848484849
hpmcounter6,normal,seed11,288,6.739393939393939
hpmcounter6,normal,seed11,289,6.557575757575758
hpmcounter6,normal,seed11,290,6.303030303030303
hpmcounter6,normal,seed11,291,6.218181818181818
hpmcounter6,normal,seed11,292,6.303030303030303
hpmcounter6,normal,seed11,293,6.557575757575758
hpmcounter6,normal,seed11,294,6.739393939393939
hpmcounter6,normal,seed11,295,6.848484848484849
hpmcounter6,normal,seed11,296,6.884848484848485
hpmcounter6,normal,seed11,297,6.848484848484849
hpmcounter6,normal,seed11,298,6.739393939393939
hpmcounter6,normal,seed12,9,6.557575757575758
hpmcounter6,normal,seed12,10,6.303030303030303
hpmcounter6,normal,seed12,11,6.218181818181818
hpmcounter6,normal,seed12,12,6.303030303030303
hpmcounter6,normal,seed12,13,6.557575757575758
hpmcounter6,normal,seed12,14,6.739393939393939
hpmcounter6,normal,seed12,15,6.848484848484849
hpmcounter6,normal,seed12,16,6.884848484848485
hpmcounter6,normal,seed12,17,6.848484848484849
hpmcounter6,normal,seed12,18,6.739393939393939
hpmcounter6,normal,seed12,19,6.557575757575758
hpmcounter6,normal,seed12,20,6.303030303030303
hpmcounter6,normal,seed12,21,6.218181818181818
hpmcounter6,normal,seed12,22,6.303030303030303
hpmcounter6,normal,seed12,23,6.557575757575758
hpmcounter6,normal,seed12,24,6.739393939393939
hpmcounter6,normal,seed12,25,6.848484848484849
hpmcounter6,normal,seed12,26,6.884848484848485
hpmcounter6,normal,seed12,27,6.848484848484849
hpmcounter6,normal,seed12,28,6.739393939393939
hpmcounter6,normal,seed12,29,6.557575757575758
hpmcounter6,normal,seed12,30,6.303030303030303
hpmcounter6,normal,seed12,31,6.218181818181818
hpmcounter6,normal,seed12,32,6.303030303030303
hpmcounter6,normal,seed12,33,6.557575757575758
hpmcounter6,normal,seed12,34,6.739393939393939
hpmcounter6,normal,seed12,35,6.848484848484849
hpmcounter6,normal,seed12,36,6.884848484848485
hpmcounter6,normal,seed12,37,6.848484848484849
hpmcounter6,normal,seed12,38,6.739393939393939
hpmcounter6,normal,seed12,39,6.557575757575758
hpmcounter6,normal,seed12,40,6.303030303030303
hpmcounter6,normal,seed12,41,6.218181818181818
hpmcounter6,normal,seed12,42,6.303030303030303
hpmcounter6,normal,seed12,43,6.557575757575758
hpmcounter6,normal,seed12,44,6.739393939393939
hpmcounter6,normal,seed12,45,6.848484848484849
hpmcounter6,normal,seed12,46,6.884848484848485
hpmcounter6,normal,seed12,47,6.848484848484849
hpmcounter6,normal,seed12,48,6.739393939393939
hpmcounter6,normal,seed12,49,6.557575757575758
hpmcounter6,normal,seed12,50,6.303030303030303
hpmcounter6,normal,seed12,51,6.218181818181818
hpmcounter6,normal,seed12,52,6.303030303030303
hpmcounter6,normal,seed12,53,6.557575757575758
hpmcounter6,normal,seed12,54,6.739393939393939
hpmcounter6,normal,seed12,55,6.848484848484849
hpmcounter6,normal,seed12,56,6.884848484848485
hpmcounter6,normal,seed12,57,6.848484848484849
hpmcounter6,normal,seed12,58,6.739393939393939
hpmcounter6,normal,seed12,59,6.557575757575758
hpmcounter6,normal,seed12,60,6.303030303030303
hpmcounter6,normal,seed12,61,6.218181818181818
hpmcounter6,normal,seed12,62,6.303030303030303
hpmcounter6,normal,seed12,63,6.557575757575758
hpmcounter6,normal,seed12,64,6.739393939393939
hpmcounter6,normal,seed12,65,6.848484848484849
hpmcounter6,normal,seed12,66,6.884848484848485
hpmcounter6,normal,seed12,67,6.848484848484849
hpmcounter6,normal,seed12,68,6.739393939393939
hpmcounter6,normal,seed12,69,6.557575757575758
hpmcounter6,normal,seed12,70,6.303030303030303
hpmcounter6,normal,seed12,71,6.218181818181818
hpmcounter6,normal,seed12,72,6.303030303030303
hpmcounter6,normal,seed12,73,6.557575757575758
hpmcounter6,normal,seed12,74,6.739393939393939
hpmcounter6,normal,seed12,75,6.848484848484849
hpmcounter6,normal,seed12,76,6.884848484848485
hpmcounter6,normal,seed12,77,6.848484848484849
hpmcounter6,normal,seed12,78,6.739393939393939
hpmcounter6,normal,seed12,79,6.557575757575758
hpmcounter6,normal,seed12,80,6.303030303030303
hpmcounter6,normal,seed12,81,6.218181818181818
hpmcounter6,normal,seed12,82,6.303030303030303
hpmcounter6,normal,seed12,83,6.557575757575758
hpmcounter6,normal,seed12,84,6.739393939393939
hpmcounter6,normal,seed12,85,6.848484848484849
hpmcounter6,normal,seed12,86,6.884848484848485
hpmcounter6,normal,seed12,87,6.848484848484849
hpmcounter6,normal,seed12,88,6.739393939393939
hpmcounter6,normal,seed12,89,6.557575757575758
hpmcounter6,normal,seed12,90,6.303030303030303
hpmcounter6,normal,seed12,91,6.218181818181818
hpmcounter6,normal,seed12,92,6.303030303030303
hpmcounter6,normal,seed12,93,6.557575757575758
hpmcounter6,normal,seed12,94,6.739393939393939
hpmcounter6,normal,seed12,95,6.848484848484849
hpmcounter6,normal,seed12,96,6.884848484848485
hpmcounter6,normal,seed12,97,6.848484848484849
hpmcounter6,normal,seed12,98,6.739393939393939
hpmcounter6,normal,seed12,99,6.557575757575758
hpmcounter6,normal,seed12,100,6.303030303030303
hpmcounter6,normal,seed12,101,6.218181818181818
hpmcounter6,normal,seed12,102,6.303030303030303
hpmcounter6,normal,seed12,103,6.557575757575758
hpmcounter6,normal,seed12,104,6.739393939393939
hpmcounter6,normal,seed12,105,6.848484848484849
hpmcounter6,normal,seed12,106,6.884848484848485
hpmcounter6,normal,seed12,107,6.848484848484849
hpmcounter6,normal,seed12,108,6.739393939393939
hpmcounter6,normal,seed12,109,6.557575757575758
hpmcounter6,normal,seed12,110,6.303030303030303
hpmcounter6,normal,seed12,111,6.218181818181818
hpmcounter6,normal,seed12,112,6.303030303030303
hpmcounter6,normal,seed12,113,6.557575757575758
hpmcounter6,normal,seed12,114,6.739393939393939
hpmcounter6,normal,seed12,115,6.848484848484849
hpmcounter6,normal,seed12,116,6.884848484848485
hpmcounter6,normal,seed12,117,6.848484848484849
hpmcounter6,normal,seed12,118,6.739393939393939
hpmcounter6,normal,seed12,119,6.557575757575758
hpmcounter6,normal,seed12,120,6.303030303030303
hpmcounter6,normal,seed12,121,6.218181818181818
hpmcounter6,normal,seed12,122,6.303030303030303
hpmcounter6,normal,seed12,123,6.557575757575758
hpmcounter6,normal,seed12,124,6.739393939393939
hpmcounter6,normal,seed12,125,6.848484848484849
hpmcounter6,normal,seed12,126,6.884848484848485
hpmcounter6,normal,seed12,127,6.848484848484849
hpmcounter6,normal,seed12,128,6.739393939393939
hpmcounter6,normal,seed12,129,6.557575757575758
hpmcounter6,normal,seed12,130,6.303030303030303
hpmcounter6,normal,seed12,131,6.218181818181818
hpmcounter6,normal,seed12,132,6.303030303030303
hpmcounter6,normal,seed12,133,6.557575757575758
hpmcounter6,normal,seed12,134,6.739393939393939
hpmcounter6,normal,seed12,135,6.848484848484849
hpmcounter6,normal,seed12,136,6.884848484848485
hpmcounter6,normal,seed12,137,6.848484848484849
hpmcounter6,normal,seed12,138,6.739393939393939
hpmcounter6,normal,seed12,139,6.557575757575758
hpmcounter6,normal,seed12,140,6.303030303030303
hpmcounter6,normal,seed12,141,6.218181818181818
hpmcounter6,normal,seed12,142,6.303030303030303
hpmcounter6,normal,seed12,143,6.557575757575758
hpmcounter6,normal,seed12,144,6.739393939393939
hpmcounter6,normal,seed12,145,6.848484848484849
hpmcounter6,normal,seed12,146,6.884848484848485
hpmcounter6,normal,seed12,147,6.848484848484849
hpmcounter6,normal,seed12,148,6.739393939393939
hpmcounter6,normal,seed12,149,6.557575757575758
hpmcounter6,normal,seed12,150,6.303030303030303
hpmcounter6,normal,seed12,151,6.218181818181818
hpmcounter6,normal,seed12,152,6.303030303030303
hpmcounter6,normal,seed12,153,6.557575757575758
hpmcounter6,normal,seed12,154,6.739393939393939
hpmcounter6,normal,seed12,155,6.848484848484849
hpmcounter6,normal,seed12,156,6.884848484848485
hpmcounter6,normal,seed12,157,6.848484848484849
hpmcounter6,normal,seed12,158,6.739393939393939
hpmcounter6,normal,seed12,159,6.557575757575758
hpmcounter6,normal,seed12,160,6.303030303030303
hpmcounter6,normal,seed12,161,6.218181818181818
hpmcounter6,normal,seed12,162,6.303030303030303
hpmcounter6,normal,seed12,163,6.557575757575758
hpmcounter6,normal,seed12,164,6.739393939393939
hpmcounter6,normal,seed12,165,6.848484848484849
hpmcounter6,normal,seed12,166,6.884848484848485
hpmcounter6,normal,seed12,167,6.848484848484849
hpmcounter6,normal,seed12,168,6.739393939393939
hpmcounter6,normal,seed12,169,6.557575757575758
hpmcounter6,normal,seed12,170,6.303030303030303
hpmcounter6,normal,seed12,171,6.218181818181818
hpmcounter6,normal,seed12,172,6.303030303030303
hpmcounter6,normal,seed12,173,6.557575757575758
hpmcounter6,normal,seed12,174,6.739393939393939
hpmcounter6,normal,seed12,175,6.848484848484849
hpmcounter6,normal,seed12,176,6.884848484848485
hpmcounter6,normal,seed12,177,6.848484848484849
hpmcounter6,normal,seed12,178,6.739393939393939
hpmcounter6,normal,seed12,179,6.557575757575758
hpmcounter6,normal,seed12,180,6.303030303030303
hpmcounter6,normal,seed12,181,6.218181818181818
hpmcounter6,normal,seed12,182,6.303030303030303
hpmcounter6,normal,seed12,183,6.557575757575758
hpmcounter6,normal,seed12,184,6.739393939393939
hpmcounter6,normal,seed12,185,6.848484848484849
hpmcounter6,normal,seed12,186,6.884848484848485
hpmcounter6,normal,seed12,187,6.848484848484849
hpmcounter6,normal,seed12,188,6.739393939393939
hpmcounter6,normal,seed12,189,6.557575757575758
hpmcounter6,normal,seed12,190,6.303030303030303
hpmcounter6,normal,seed12,191,6.218181818181818
hpmcounter6,normal,seed12,192,6.303030303030303
hpmcounter6,normal,seed12,193,6.557575757575758
hpmcounter6,normal,seed12,194,6.739393939393939
hpmcounter6,normal,seed12,195,6.848484848484849
hpmcounter6,normal,seed12,196,6.884848484848485
hpmcounter6,normal,seed12,197,6.848484848484849
hpmcounter6,normal,seed12,198,6.739393939393939
hpmcounter6,normal,seed12,199,6.557575757575758
hpmcounter6,normal,seed12,200,6.303030303030303
hpmcounter6,normal,seed12,201,6.218181818181818
hpmcounter6,normal,seed12,202,6.303030303030303
hpmcounter6,normal,seed12,203,6.557575757575758
hpmcounter6,normal,seed12,204,6.739393939393939
hpmcounter6,normal,seed12,205,6.848484848484849
hpmcounter6,normal,seed12,206,6.884848484848485
hpmcounter6,normal,seed12,207,6.848484848484849
hpmcounter6,normal,seed12,208,6.739393939393939
hpmcounter6,normal,seed12,209,6.557575757575758
hpmcounter6,normal,seed12,210,6.303030303030303
hpmcounter6,normal,seed12,211,6.218181818181818
hpmcounter6,normal,seed12,212,6.303030303030303
hpmcounter6,normal,seed12,213,6.557575757575758
hpmcounter6,normal,seed12,214,6.739393939393939
hpmcounter6,normal,seed12,215,6.848484848484849
hpmcounter6,normal,seed12,216,6.884848484848485
hpmcounter6,normal,seed12,217,6.848484848484849
hpmcounter6,normal,seed12,218,6.739393939393939
hpmcounter6,normal,seed12,219,6.557575757575758
hpmcounter6,normal,seed12,220,6.303030303030303
hpmcounter6,normal,seed12,221,6.218181818181818
hpmcounter6,normal,seed12,222,6.303030303030303
hpmcounter6,normal,seed12,223,6.557575757575758
hpmcounter6,normal,seed12,224,6.739393939393939
hpmcounter6,normal,seed12,225,6.848484848484849
hpmcounter6,normal,seed12,226,6.884848484848485
hpmcounter6,normal,seed12,227,6.848484848484849
hpmcounter6,normal,seed12,228,6.739393939393939
hpmcounter6,normal,seed12,229,6.557575757575758
hpmcounter6,normal,seed12,230,6.303030303030303
hpmcounter6,normal,seed12,231,6.218181818181818
hpmcounter6,normal,seed12,232,6.303030303030303
hpmcounter6,normal,seed12,233,6.557575757575758
hpmcounter6,normal,seed12,234,6.739393939393939
hpmcounter6,normal,seed12,235,6.848484848484849
hpmcounter6,normal,seed12,236,6.884848484848485
hpmcounter6,normal,seed12,237,6.848484848484849
hpmcounter6,normal,seed12,238,6.739393939393939
hpmcounter6,normal,seed12,239,6.557575757575758
hpmcounter6,normal,seed12,240,6.303030303030303
hpmcounter6,normal,seed12,241,6.218181818181818
hpmcounter6,normal,seed12,242,6.303030303030303
hpmcounter6,normal,seed12,243,6.557575757575758
hpmcounter6,normal,seed12,244,6.739393939393939
hpmcounter6,normal,seed12,245,6.848484848484849
hpmcounter6,normal,seed12,246,6.884848484848485
hpmcounter6,normal,seed12,247,6.848484848484849
hpmcounter6,normal,seed12,248,6.739393939393939
hpmcounter6,normal,seed12,249,6.557575757575758
hpmcounter6,normal,seed12,250,6.303030303030303
hpmcounter6,normal,seed12,251,6.218181818181818
hpmcounter6,normal,seed12,252,6.303030303030303
hpmcounter6,normal,seed12,253,6.557575757575758
hpmcounter6,normal,seed12,254,6.739393939393939
hpmcounter6,normal,seed12,255,6.848484848484849
hpmcounter6,normal,seed12,256,6.884848484848485
hpmcounter6,normal,seed12,257,6.848484848484849
hpmcounter6,normal,seed12,258,6.739393939393939
hpmcounter6,normal,seed12,259,6.557575757575758
hpmcounter6,normal,seed12,260,6.303030303030303
hpmcounter6,normal,seed12,261,6.218181818181818
hpmcounter6,normal,seed12,262,6.303030303030303
hpmcounter6,normal,seed12,263,6.557575757575758
hpmcounter6,normal,seed12,264,6.739393939393939
hpmcounter6,normal,seed12,265,6.848484848484849
hpmcounter6,normal,seed12,266,6.884848484848485
hpmcounter6,normal,seed12,267,6.848484848484849
hpmcounter6,normal,seed12,268,6.739393939393939
hpmcounter6,normal,seed12,269,6.557575757575758
hpmcounter6,normal,seed12,270,6.303030303030303
hpmcounter6,normal,seed12,271,6.218181818181818
hpmcounter6,normal,seed12,272,6.303030303030303
hpmcounter6,normal,seed12,273,6.557575757575758
hpmcounter6,normal,seed12,274,6.739393939393939
hpmcounter6,normal,seed12,275,6.848484848484849
hpmcounter6,normal,seed12,276,6.884848484848485
hpmcounter6,normal,seed12,277,6.848484848484849
hpmcounter6,normal,seed12,278,6.739393939393939
hpmcounter6,normal,seed12,279,6.557575757575758
hpmcounter6,normal,seed12,280,6.303030303030303
hpmcounter6,normal,seed12,281,6.218181818181818
hpmcounter6,normal,seed12,282,6.303030303030303
hpmcounter6,normal,seed12,283,6.557575757575758
hpmcounter6,normal,seed12,284,6.739393939393939
hpmcounter6,normal,seed12,285,6.848484848484849
hpmcounter6,normal,seed12,286,6.884848484848485
hpmcounter6,normal,seed12,287,6.848484848484849
hpmcounter6,normal,seed12,288,6.739393939393939
hpmcounter6,normal,seed12,289,6.557575757575758
hpmcounter6,normal,seed12,290,6.303030303030303
hpmcounter6,normal,seed12,291,6.218181818181818
hpmcounter6,normal,seed12,292,6.303030303030303
hpmcounter6,normal,seed12,293,6.557575757575758
hpmcounter6,normal,seed12,294,6.739393939393939
hpmcounter6,normal,seed12,295,6.848484848484849
hpmcounter6,normal,seed12,296,6.884848484848485
hpmcounter6,normal,seed12,297,6.848484848484849
hpmcounter6,normal,seed12,298,6.739393939393939
hpmcounter6,normal,seed13,9,6.557575757575758
hpmcounter6,normal,seed13,10,6.303030303030303
hpmcounter6,normal,seed13,11,6.218181818181818
hpmcounter6,normal,seed13,12,6.303030303030303
hpmcounter6,normal,seed13,13,6.557575757575758
hpmcounter6,normal,seed13,14,6.739393939393939
hpmcounter6,normal,seed13,15,6.848484848484849
hpmcounter6,normal,seed13,16,6.884848484848485
hpmcounter6,normal,seed13,17,6.848484848484849
hpmcounter6,normal,seed13,18,6.739393939393939
hpmcounter6,normal,seed13,19,6.557575757575758
hpmcounter6,normal,seed13,20,6.303030303030303
hpmcounter6,normal,seed13,21,6.218181818181818
hpmcounter6,normal,seed13,22,6.303030303030303
hpmcounter6,normal,seed13,23,6.557575757575758
hpmcounter6,normal,seed13,24,6.739393939393939
hpmcounter6,normal,seed13,25,6.848484848484849
hpmcounter6,normal,seed13,26,6.884848484848485
hpmcounter6,normal,seed13,27,6.848484848484849
hpmcounter6,normal,seed13,28,6.739393939393939
hpmcounter6,normal,seed13,29,6.557575757575758
hpmcounter6,normal,seed13,30,6.303030303030303
hpmcounter6,normal,seed13,31,6.218181818181818
hpmcounter6,normal,seed13,32,6.303030303030303
hpmcounter6,normal,seed13,33,6.557575757575758
hpmcounter6,normal,seed13,34,6.739393939393939
hpmcounter6,normal,seed13,35,6.848484848484849
hpmcounter6,normal,seed13,36,6.884848484848485
hpmcounter6,normal,seed13,37,6.848484848484849
hpmcounter6,normal,seed13,38,6.739393939393939
hpmcounter6,normal,seed13,39,6.557575757575758
hpmcounter6,normal,seed13,40,6.303030303030303
hpmcounter6,normal,seed13,41,6.218181818181818
hpmcounter6,normal,seed13,42,6.303030303030303
hpmcounter6,normal,seed13,43,6.557575757575758
hpmcounter6,normal,seed13,44,6.739393939393939
hpmcounter6,normal,seed13,45,6.848484848484849
hpmcounter6,normal,seed13,46,6.884848484848485
hpmcounter6,normal,seed13,47,6.848484848484849
hpmcounter6,normal,seed13,48,6.739393939393939
hpmcounter6,normal,seed13,49,6.557575757575758
hpmcounter6,normal,seed13,50,6.303030303030303
hpmcounter6,normal,seed13,51,6.218181818181818
hpmcounter6,normal,seed13,52,6.303030303030303
hpmcounter6,normal,seed13,53,6.557575757575758
hpmcounter6,normal,seed13,54,6.739393939393939
hpmcounter6,normal,seed13,55,6.848484848484849
hpmcounter6,normal,seed13,56,6.884848484848485
hpmcounter6,normal,seed13,57,6.848484848484849
hpmcounter6,normal,seed13,58,6.739393939393939
hpmcounter6,normal,seed13,59,6.557575757575758
hpmcounter6,normal,seed13,60,6.303030303030303
hpmcounter6,normal,seed13,61,6.218181818181818
hpmcounter6,normal,seed13,62,6.303030303030303
hpmcounter6,normal,seed13,63,6.557575757575758
hpmcounter6,normal,seed13,64,6.739393939393939
hpmcounter6,normal,seed13,65,6.848484848484849
hpmcounter6,normal,seed13,66,6.884848484848485
hpmcounter6,normal,seed13,67,6.848484848484849
hpmcounter6,normal,seed13,68,6.739393939393939
hpmcounter6,normal,seed13,69,6.557575757575758
hpmcounter6,normal,seed13,70,6.303030303030303
hpmcounter6,normal,seed13,71,6.218181818181818
hpmcounter6,normal,seed13,72,6.303030303030303
hpmcounter6,normal,seed13,73,6.557575757575758
hpmcounter6,normal,seed13,74,6.739393939393939
hpmcounter6,normal,seed13,75,6.848484848484849
hpmcounter6,normal,seed13,76,6.884848484848485
hpmcounter6,normal,seed13,77,6.848484848484849
hpmcounter6,normal,seed13,78,6.739393939393939
hpmcounter6,normal,seed13,79,6.557575757575758
hpmcounter6,normal,seed13,80,6.303030303030303
hpmcounter6,normal,seed13,81,6.218181818181818
hpmcounter6,normal,seed13,82,6.303030303030303
hpmcounter6,normal,seed13,83,6.557575757575758
hpmcounter6,normal,seed13,84,6.739393939393939
hpmcounter6,normal,seed13,85,6.848484848484849
hpmcounter6,normal,seed13,86,6.884848484848485
hpmcounter6,normal,seed13,87,6.848484848484849
hpmcounter6,normal,seed13,88,6.739393939393939
hpmcounter6,normal,seed13,89,6.557575757575758
hpmcounter6,normal,seed13,90,6.303030303030303
hpmcounter6,normal,seed13,91,6.218181818181818
hpmcounter6,normal,seed13,92,6.303030303030303
hpmcounter6,normal,seed13,93,6.557575757575758
hpmcounter6,normal,seed13,94,6.739393939393939
hpmcounter6,normal,seed13,95,6.848484848484849
hpmcounter6,normal,seed13,96,6.884848484848485
hpmcounter6,normal,seed13,97,6.848484848484849
hpmcounter6,normal,seed13,98,6.739393939393939
hpmcounter6,normal,seed13,99,6.557575757575758
hpmcounter6,normal,seed13,100,6.303030303030303
hpmcounter6,normal,seed13,101,6.218181818181818
hpmcounter6,normal,seed13,102,6.303030303030303
hpmcounter6,normal,seed13,103,6.557575757575758
hpmcounter6,normal,seed13,104,6.739393939393939
hpmcounter6,normal,seed13,105,6.848484848484849
hpmcounter6,normal,seed13,106,6.884848484848485
hpmcounter6,normal,seed13,107,6.848484848484849
hpmcounter6,normal,seed13,108,6.739393939393939
hpmcounter6,normal,seed13,109,6.557575757575758
hpmcounter6,normal,seed13,110,6.303030303030303
hpmcounter6,normal,seed13,111,6.218181818181818
hpmcounter6,normal,seed13,112,6.303030303030303
hpmcounter6,normal,seed13,113,6.557575757575758
hpmcounter6,normal,seed13,114,6.739393939393939
hpmcounter6,normal,seed13,115,6.848484848484849
hpmcounter6,normal,seed13,116,6.884848484848485
hpmcounter6,normal,seed13,117,6.848484848484849
hpmcounter6,normal,seed13,118,6.739393939393939
hpmcounter6,normal,seed13,119,6.557575757575758
hpmcounter6,normal,seed13,120,6.303030303030303
hpmcounter6,normal,seed13,121,6.218181818181818
hpmcounter6,normal,seed13,122,6.303030303030303
hpmcounter6,normal,seed13,123,6.557575757575758
hpmcounter6,normal,seed13,124,6.739393939393939
hpmcounter6,normal,seed13,125,6.848484848484849
hpmcounter6,normal,seed13,126,6.884848484848485
hpmcounter6,normal,seed13,127,6.848484848484849
hpmcounter6,normal,seed13,128,6.739393939393939
hpmcounter6,normal,seed13,129,6.557575757575758
hpmcounter6,normal,seed13,130,6.303030303030303
hpmcounter6,normal,seed13,131,6.218181818181818
hpmcounter6,normal,seed13,132,6.303030303030303
hpmcounter6,normal,seed13,133,6.557575757575758
hpmcounter6,normal,seed13,134,6.739393939393939
hpmcounter6,normal,seed13,135,6.848484848484849
hpmcounter6,normal,seed13,136,6.884848484848485
hpmcounter6,normal,seed13,137,6.848484848484849
hpmcounter6,normal,seed13,138,6.739393939393939
hpmcounter6,normal,seed13,139,6.557575757575758
hpmcounter6,normal,seed13,140,6.303030303030303
hpmcounter6,normal,seed13,141,6.218181818181818
hpmcounter6,normal,seed13,142,6.303030303030303
hpmcounter6,normal,seed13,143,6.557575757575758
hpmcounter6,normal,seed13,144,6.739393939393939
hpmcounter6,normal,seed13,145,6.848484848484849
hpmcounter6,normal,seed13,146,6.884848484848485
hpmcounter6,normal,seed13,147,6.848484848484849
hpmcounter6,normal,seed13,148,6.739393939393939
hpmcounter6,normal,seed13,149,6.557575757575758
hpmcounter6,normal,seed13,150,6.303030303030303
hpmcounter6,normal,seed13,151,6.218181818181818
hpmcounter6,normal,seed13,152,6.303030303030303
hpmcounter6,normal,seed13,153,6.557575757575758
hpmcounter6,normal,seed13,154,6.739393939393939
hpmcounter6,normal,seed13,155,6.848484848484849
hpmcounter6,normal,seed13,156,6.884848484848485
hpmcounter6,normal,seed13,157,6.848484848484849
hpmcounter6,normal,seed13,158,6.739393939393939
hpmcounter6,normal,seed13,159,6.557575757575758
hpmcounter6,normal,seed13,160,6.303030303030303
hpmcounter6,normal,seed13,161,6.218181818181818
hpmcounter6,normal,seed13,162,6.303030303030303
hpmcounter6,normal,seed13,163,6.557575757575758
hpmcounter6,normal,seed13,164,6.739393939393939
hpmcounter6,normal,seed13,165,6.848484848484849
hpmcounter6,normal,seed13,166,6.884848484848485
hpmcounter6,normal,seed13,167,6.848484848484849
hpmcounter6,normal,seed13,168,6.739393939393939
hpmcounter6,normal,seed13,169,6.557575757575758
hpmcounter6,normal,seed13,170,6.303030303030303
hpmcounter6,normal,seed13,171,6.218181818181818
hpmcounter6,normal,seed13,172,6.303030303030303
hpmcounter6,normal,seed13,173,6.557575757575758
hpmcounter6,normal,seed13,174,6.739393939393939
hpmcounter6,normal,seed13,175,6.848484848484849
hpmcounter6,normal,seed13,176,6.884848484848485
hpmcounter6,normal,seed13,177,6.848484848484849
hpmcounter6,normal,seed13,178,6.739393939393939
hpmcounter6,normal,seed13,179,6.557575757575758
hpmcounter6,normal,seed13,180,6.303030303030303
hpmcounter6,normal,seed13,181,6.218181818181818
hpmcounter6,normal,seed13,182,6.303030303030303
hpmcounter6,normal,seed13,183,6.557575757575758
hpmcounter6,normal,seed13,184,6.739393939393939
hpmcounter6,normal,seed13,185,6.848484848484849
hpmcounter6,normal,seed13,186,6.884848484848485
hpmcounter6,normal,seed13,187,6.848484848484849
hpmcounter6,normal,seed13,188,6.739393939393939
hpmcounter6,normal,seed13,189,6.557575757575758
hpmcounter6,normal,seed13,190,6.303030303030303
hpmcounter6,normal,seed13,191,6.218181818181818
hpmcounter6,normal,seed13,192,6.303030303030303
hpmcounter6,normal,seed13,193,6.557575757575758
hpmcounter6,normal,seed13,194,6.739393939393939
hpmcounter6,normal,seed13,195,6.848484848484849
hpmcounter6,normal,seed13,196,6.884848484848485
hpmcounter6,normal,seed13,197,6.848484848484849
hpmcounter6,normal,seed13,198,6.739393939393939
hpmcounter6,normal,seed13,199,6.557575757575758
hpmcounter6,normal,seed13,200,6.303030303030303
hpmcounter6,normal,seed13,201,6.218181818181818
hpmcounter6,normal,seed13,202,6.303030303030303
hpmcounter6,normal,seed13,203,6.557575757575758
hpmcounter6,normal,seed13,204,6.739393939393939
hpmcounter6,normal,seed13,205,6.848484848484849
hpmcounter6,normal,seed13,206,6.884848484848485
hpmcounter6,normal,seed13,207,6.848484848484849
hpmcounter6,normal,seed13,208,6.739393939393939
hpmcounter6,normal,seed13,209,6.557575757575758
hpmcounter6,normal,seed13,210,6.303030303030303
hpmcounter6,normal,seed13,211,6.218181818181818
hpmcounter6,normal,seed13,212,6.303030303030303
hpmcounter6,normal,seed13,213,6.557575757575758
hpmcounter6,normal,seed13,214,6.739393939393939
hpmcounter6,normal,seed13,215,6.848484848484849
hpmcounter6,normal,seed13,216,6.884848484848485
hpmcounter6,normal,seed13,217,6.848484848484849
hpmcounter6,normal,seed13,218,6.739393939393939
hpmcounter6,normal,seed13,219,6.557575757575758
hpmcounter6,normal,seed13,220,6.303030303030303
hpmcounter6,normal,seed13,221,6.218181818181818
hpmcounter6,normal,seed13,222,6.303030303030303
hpmcounter6,normal,seed13,223,6.557575757575758
hpmcounter6,normal,seed13,224,6.739393939393939
hpmcounter6,normal,seed13,225,6.848484848484849
hpmcounter6,normal,seed13,226,6.884848484848485
hpmcounter6,normal,seed13,227,6.848484848484849
hpmcounter6,normal,seed13,228,6.739393939393939
hpmcounter6,normal,seed13,229,6.557575757575758
hpmcounter6,normal,seed13,230,6.303030303030303
hpmcounter6,normal,seed13,231,6.218181818181818
hpmcounter6,normal,seed13,232,6.303030303030303
hpmcounter6,normal,seed13,233,6.557575757575758
hpmcounter6,normal,seed13,234,6.739393939393939
hpmcounter6,normal,seed13,235,6.848484848484849
hpmcounter6,normal,seed13,236,6.884848484848485
hpmcounter6,normal,seed13,237,6.848484848484849
hpmcounter6,normal,seed13,238,6.739393939393939
hpmcounter6,normal,seed13,239,6.557575757575758
hpmcounter6,normal,seed13,240,6.303030303030303
hpmcounter6,normal,seed13,241,6.218181818181818
hpmcounter6,normal,seed13,242,6.303030303030303
hpmcounter6,normal,seed13,243,6.557575757575758
hpmcounter6,normal,seed13,244,6.739393939393939
hpmcounter6,normal,seed13,245,6.848484848484849
hpmcounter6,normal,seed13,246,6.884848484848485
hpmcounter6,normal,seed13,247,6.848484848484849
hpmcounter6,normal,seed13,248,6.739393939393939
hpmcounter6,normal,seed13,249,6.557575757575758
hpmcounter6,normal,seed13,250,6.303030303030303
hpmcounter6,normal,seed13,251,6.218181818181818
hpmcounter6,normal,seed13,252,6.303030303030303
hpmcounter6,normal,seed13,253,6.557575757575758
hpmcounter6,normal,seed13,254,6.739393939393939
hpmcounter6,normal,seed13,255,6.848484848484849
hpmcounter6,normal,seed13,256,6.884848484848485
hpmcounter6,normal,seed13,257,6.848484848484849
hpmcounter6,normal,seed13,258,6.739393939393939
hpmcounter6,normal,seed13,259,6.557575757575758
hpmcounter6,normal,seed13,260,6.303030303030303
hpmcounter6,normal,seed13,261,6.218181818181818
hpmcounter6,normal,seed13,262,6.303030303030303
hpmcounter6,normal,seed13,263,6.557575757575758
hpmcounter6,normal,seed13,264,6.739393939393939
hpmcounter6,normal,seed13,265,6.848484848484849
hpmcounter6,normal,seed13,266,6.884848484848485
hpmcounter6,normal,seed13,267,6.848484848484849
hpmcounter6,normal,seed13,268,6.739393939393939
hpmcounter6,normal,seed13,269,6.557575757575758
hpmcounter6,normal,seed13,270,6.303030303030303
hpmcounter6,normal,seed13,271,6.218181818181818
hpmcounter6,normal,seed13,272,6.303030303030303
hpmcounter6,normal,seed13,273,6.557575757575758
hpmcounter6,normal,seed13,274,6.739393939393939
hpmcounter6,normal,seed13,275,6.848484848484849
hpmcounter6,normal,seed13,276,6.884848484848485
hpmcounter6,normal,seed13,277,6.848484848484849
hpmcounter6,normal,seed13,278,6.739393939393939
hpmcounter6,normal,seed13,279,6.557575757575758
hpmcounter6,normal,seed13,280,6.303030303030303
hpmcounter6,normal,seed13,281,6.218181818181818
hpmcounter6,normal,seed13,282,6.303030303030303
hpmcounter6,normal,seed13,283,6.557575757575758
hpmcounter6,normal,seed13,284,6.739393939393939
hpmcounter6,normal,seed13,285,6.848484848484849
hpmcounter6,normal,seed13,286,6.884848484848485
hpmcounter6,normal,seed13,287,6.848484848484849
hpmcounter6,normal,seed13,288,6.739393939393939
hpmcounter6,normal,seed13,289,6.557575757575758
hpmcounter6,normal,seed13,290,6.303030303030303
hpmcounter6,normal,seed13,291,6.218181818181818
hpmcounter6,normal,seed13,292,6.303030303030303
hpmcounter6,normal,seed13,293,6.557575757575758
hpmcounter6,normal,seed13,294,6.739393939393939
hpmcounter6,normal,seed13,295,6.848484848484849
hpmcounter6,normal,seed13,296,6.884848484848485
hpmcounter6,normal,seed13,297,6.848484848484849
hpmcounter6,normal,seed13,298,6.739393939393939
hpmcounter6,normal,seed14,9,6.557575757575758
hpmcounter6,normal,seed14,10,6.303030303030303
hpmcounter6,normal,seed14,11,6.218181818181818
hpmcounter6,normal,seed14,12,6.303030303030303
hpmcounter6,normal,seed14,13,6.557575757575758
hpmcounter6,normal,seed14,14,6.739393939393939
hpmcounter6,normal,seed14,15,6.848484848484849
hpmcounter6,normal,seed14,16,6.884848484848485
hpmcounter6,normal,seed14,17,6.848484848484849
hpmcounter6,normal,seed14,18,6.739393939393939
hpmcounter6,normal,seed14,19,6.557575757575758
hpmcounter6,normal,seed14,20,6.303030303030303
hpmcounter6,normal,seed14,21,6.218181818181818
hpmcounter6,normal,seed14,22,6.303030303030303
hpmcounter6,normal,seed14,23,6.557575757575758
hpmcounter6,normal,seed14,24,6.739393939393939
hpmcounter6,normal,seed14,25,6.848484848484849
hpmcounter6,normal,seed14,26,6.884848484848485
hpmcounter6,normal,seed14,27,6.848484848484849
hpmcounter6,normal,seed14,28,6.739393939393939
hpmcounter6,normal,seed14,29,6.557575757575758
hpmcounter6,normal,seed14,30,6.303030303030303
hpmcounter6,normal,seed14,31,6.218181818181818
hpmcounter6,normal,seed14,32,6.303030303030303
hpmcounter6,normal,seed14,33,6.557575757575758
hpmcounter6,normal,seed14,34,6.739393939393939
hpmcounter6,normal,seed14,35,6.848484848484849
hpmcounter6,normal,seed14,36,6.884848484848485
hpmcounter6,normal,seed14,37,6.848484848484849
hpmcounter6,normal,seed14,38,6.739393939393939
hpmcounter6,normal,seed14,39,6.557575757575758
hpmcounter6,normal,seed14,40,6.303030303030303
hpmcounter6,normal,seed14,41,6.218181818181818
hpmcounter6,normal,seed14,42,6.303030303030303
hpmcounter6,normal,seed14,43,6.557575757575758
hpmcounter6,normal,seed14,44,6.739393939393939
hpmcounter6,normal,seed14,45,6.848484848484849
hpmcounter6,normal,seed14,46,6.884848484848485
hpmcounter6,normal,seed14,47,6.848484848484849
hpmcounter6,normal,seed14,48,6.739393939393939
hpmcounter6,normal,seed14,49,6.557575757575758
hpmcounter6,normal,seed14,50,6.303030303030303
hpmcounter6,normal,seed14,51,6.218181818181818
hpmcounter6,normal,seed14,52,6.303030303030303
hpmcounter6,normal,seed14,53,6.557575757575758
hpmcounter6,normal,seed14,54,6.739393939393939
hpmcounter6,normal,seed14,55,6.848484848484849
hpmcounter6,normal,seed14,56,6.884848484848485
hpmcounter6,normal,seed14,57,6.848484848484849
hpmcounter6,normal,seed14,58,6.739393939393939
hpmcounter6,normal,seed14,59,6.557575757575758
hpmcounter6,normal,seed14,60,6.303030303030303
hpmcounter6,normal,seed14,61,6.218181818181818
hpmcounter6,normal,seed14,62,6.303030303030303
hpmcounter6,normal,seed14,63,6.557575757575758
hpmcounter6,normal,seed14,64,6.739393939393939
hpmcounter6,normal,seed14,65,6.848484848484849
hpmcounter6,normal,seed14,66,6.884848484848485
hpmcounter6,normal,seed14,67,6.848484848484849
hpmcounter6,normal,seed14,68,6.739393939393939
hpmcounter6,normal,seed14,69,6.557575757575758
hpmcounter6,normal,seed14,70,6.303030303030303
hpmcounter6,normal,seed14,71,6.218181818181818
hpmcounter6,normal,seed14,72,6.303030303030303
hpmcounter6,normal,seed14,73,6.557575757575758
hpmcounter6,normal,seed14,74,6.739393939393939
hpmcounter6,normal,seed14,75,6.848484848484849
hpmcounter6,normal,seed14,76,6.884848484848485
hpmcounter6,normal,seed14,77,6.848484848484849
hpmcounter6,normal,seed14,78,6.739393939393939
hpmcounter6,normal,seed14,79,6.557575757575758
hpmcounter6,normal,seed14,80,6.303030303030303
hpmcounter6,normal,seed14,81,6.218181818181818
hpmcounter6,normal,seed14,82,6.303030303030303
hpmcounter6,normal,seed14,83,6.557575757575758
hpmcounter6,normal,seed14,84,6.739393939393939
hpmcounter6,normal,seed14,85,6.848484848484849
hpmcounter6,normal,seed14,86,6.884848484848485
hpmcounter6,normal,seed14,87,6.848484848484849
hpmcounter6,normal,seed14,88,6.739393939393939
hpmcounter6,normal,seed14,89,6.557575757575758
hpmcounter6,normal,seed14,90,6.303030303030303
hpmcounter6,normal,seed14,91,6.218181818181818
hpmcounter6,normal,seed14,92,6.303030303030303
hpmcounter6,normal,seed14,93,6.557575757575758
hpmcounter6,normal,seed14,94,6.739393939393939
hpmcounter6,normal,seed14,95,6.848484848484849
hpmcounter6,normal,seed14,96,6.884848484848485
hpmcounter6,normal,seed14,97,6.848484848484849
hpmcounter6,normal,seed14,98,6.739393939393939
hpmcounter6,normal,seed14,99,6.557575757575758
hpmcounter6,normal,seed14,100,6.303030303030303
hpmcounter6,normal,seed14,101,6.218181818181818
hpmcounter6,normal,seed14,102,6.303030303030303
hpmcounter6,normal,seed14,103,6.557575757575758
hpmcounter6,normal,seed14,104,6.739393939393939
hpmcounter6,normal,seed14,105,6.848484848484849
hpmcounter6,normal,seed14,106,6.884848484848485
hpmcounter6,normal,seed14,107,6.848484848484849
hpmcounter6,normal,seed14,108,6.739393939393939
hpmcounter6,normal,seed14,109,6.557575757575758
hpmcounter6,normal,seed14,110,6.303030303030303
hpmcounter6,normal,seed14,111,6.218181818181818
hpmcounter6,normal,seed14,112,6.303030303030303
hpmcounter6,normal,seed14,113,6.557575757575758
hpmcounter6,normal,seed14,114,6.739393939393939
hpmcounter6,normal,seed14,115,6.848484848484849
hpmcounter6,normal,seed14,116,6.884848484848485
hpmcounter6,normal,seed14,117,6.848484848484849
hpmcounter6,normal,seed14,118,6.739393939393939
hpmcounter6,normal,seed14,119,6.557575757575758
hpmcounter6,normal,seed14,120,6.303030303030303
hpmcounter6,normal,seed14,121,6.218181818181818
hpmcounter6,normal,seed14,122,6.303030303030303
hpmcounter6,normal,seed14,123,6.557575757575758
hpmcounter6,normal,seed14,124,6.739393939393939
hpmcounter6,normal,seed14,125,6.848484848484849
hpmcounter6,normal,seed14,126,6.884848484848485
hpmcounter6,normal,seed14,127,6.848484848484849
hpmcounter6,normal,seed14,128,6.739393939393939
hpmcounter6,normal,seed14,129,6.557575757575758
hpmcounter6,normal,seed14,130,6.303030303030303
hpmcounter6,normal,seed14,131,6.218181818181818
hpmcounter6,normal,seed14,132,6.303030303030303
hpmcounter6,normal,seed14,133,6.557575757575758
hpmcounter6,normal,seed14,134,6.739393939393939
hpmcounter6,normal,seed14,135,6.848484848484849
hpmcounter6,normal,seed14,136,6.884848484848485
hpmcounter6,normal,seed14,137,6.848484848484849
hpmcounter6,normal,seed14,138,6.739393939393939
hpmcounter6,normal,seed14,139,6.557575757575758
hpmcounter6,normal,seed14,140,6.303030303030303
hpmcounter6,normal,seed14,141,6.218181818181818
hpmcounter6,normal,seed14,142,6.303030303030303
hpmcounter6,normal,seed14,143,6.557575757575758
hpmcounter6,normal,seed14,144,6.739393939393939
hpmcounter6,normal,seed14,145,6.848484848484849
hpmcounter6,normal,seed14,146,6.884848484848485
hpmcounter6,normal,seed14,147,6.848484848484849
hpmcounter6,normal,seed14,148,6.739393939393939
hpmcounter6,normal,seed14,149,6.557575757575758
hpmcounter6,normal,seed14,150,6.303030303030303
hpmcounter6,normal,seed14,151,6.218181818181818
hpmcounter6,normal,seed14,152,6.303030303030303
hpmcounter6,normal,seed14,153,6.557575757575758
hpmcounter6,normal,seed14,154,6.739393939393939
hpmcounter6,normal,seed14,155,6.848484848484849
hpmcounter6,normal,seed14,156,6.884848484848485
hpmcounter6,normal,seed14,157,6.848484848484849
hpmcounter6,normal,seed14,158,6.739393939393939
hpmcounter6,normal,seed14,159,6.557575757575758
hpmcounter6,normal,seed14,160,6.303030303030303
hpmcounter6,normal,seed14,161,6.218181818181818
hpmcounter6,normal,seed14,162,6.303030303030303
hpmcounter6,normal,seed14,163,6.557575757575758
hpmcounter6,normal,seed14,164,6.739393939393939
hpmcounter6,normal,seed14,165,6.848484848484849
hpmcounter6,normal,seed14,166,6.884848484848485
hpmcounter6,normal,seed14,167,6.848484848484849
hpmcounter6,normal,seed14,168,6.739393939393939
hpmcounter6,normal,seed14,169,6.557575757575758
hpmcounter6,normal,seed14,170,6.303030303030303
hpmcounter6,normal,seed14,171,6.218181818181818
hpmcounter6,normal,seed14,172,6.303030303030303
hpmcounter6,normal,seed14,173,6.557575757575758
hpmcounter6,normal,seed14,174,6.739393939393939
hpmcounter6,normal,seed14,175,6.848484848484849
hpmcounter6,normal,seed14,176,6.884848484848485
hpmcounter6,normal,seed14,177,6.848484848484849
hpmcounter6,normal,seed14,178,6.739393939393939
hpmcounter6,normal,seed14,179,6.557575757575758
hpmcounter6,normal,seed14,180,6.303030303030303
hpmcounter6,normal,seed14,181,6.218181818181818
hpmcounter6,normal,seed14,182,6.303030303030303
hpmcounter6,normal,seed14,183,6.557575757575758
hpmcounter6,normal,seed14,184,6.739393939393939
hpmcounter6,normal,seed14,185,6.848484848484849
hpmcounter6,normal,seed14,186,6.884848484848485
hpmcounter6,normal,seed14,187,6.848484848484849
hpmcounter6,normal,seed14,188,6.739393939393939
hpmcounter6,normal,seed14,189,6.557575757575758
hpmcounter6,normal,seed14,190,6.303030303030303
hpmcounter6,normal,seed14,191,6.218181818181818
hpmcounter6,normal,seed14,192,6.303030303030303
hpmcounter6,normal,seed14,193,6.557575757575758
hpmcounter6,normal,seed14,194,6.739393939393939
hpmcounter6,normal,seed14,195,6.848484848484849
hpmcounter6,normal,seed14,196,6.884848484848485
hpmcounter6,normal,seed14,197,6.848484848484849
hpmcounter6,normal,seed14,198,6.739393939393939
hpmcounter6,normal,seed14,199,6.557575757575758
hpmcounter6,normal,seed14,200,6.303030303030303
hpmcounter6,normal,seed14,201,6.218181818181818
hpmcounter6,normal,seed14,202,6.303030303030303
hpmcounter6,normal,seed14,203,6.557575757575758
hpmcounter6,normal,seed14,204,6.739393939393939
hpmcounter6,normal,seed14,205,6.848484848484849
hpmcounter6,normal,seed14,206,6.884848484848485
hpmcounter6,normal,seed14,207,6.848484848484849
hpmcounter6,normal,seed14,208,6.739393939393939
hpmcounter6,normal,seed14,209,6.557575757575758
hpmcounter6,normal,seed14,210,6.303030303030303
hpmcounter6,normal,seed14,211,6.218181818181818
hpmcounter6,normal,seed14,212,6.303030303030303
hpmcounter6,normal,seed14,213,6.557575757575758
hpmcounter6,normal,seed14,214,6.739393939393939
hpmcounter6,normal,seed14,215,6.848484848484849
hpmcounter6,normal,seed14,216,6.884848484848485
hpmcounter6,normal,seed14,217,6.848484848484849
hpmcounter6,normal,seed14,218,6.739393939393939
hpmcounter6,normal,seed14,219,6.557575757575758
hpmcounter6,normal,seed14,220,6.303030303030303
hpmcounter6,normal,seed14,221,6.218181818181818
hpmcounter6,normal,seed14,222,6.303030303030303
hpmcounter6,normal,seed14,223,6.557575757575758
hpmcounter6,normal,seed14,224,6.739393939393939
hpmcounter6,normal,seed14,225,6.848484848484849
hpmcounter6,normal,seed14,226,6.884848484848485
hpmcounter6,normal,seed14,227,6.848484848484849
hpmcounter6,normal,seed14,228,6.739393939393939
hpmcounter6,normal,seed14,229,6.557575757575758
hpmcounter6,normal,seed14,230,6.303030303030303
hpmcounter6,normal,seed14,231,6.218181818181818
hpmcounter6,normal,seed14,232,6.303030303030303
hpmcounter6,normal,seed14,233,6.557575757575758
hpmcounter6,normal,seed14,234,6.739393939393939
hpmcounter6,normal,seed14,235,6.848484848484849
hpmcounter6,normal,seed14,236,6.884848484848485
hpmcounter6,normal,seed14,237,6.848484848484849
hpmcounter6,normal,seed14,238,6.739393939393939
hpmcounter6,normal,seed14,239,6.557575757575758
hpmcounter6,normal,seed14,240,6.303030303030303
hpmcounter6,normal,seed14,241,6.218181818181818
hpmcounter6,normal,seed14,242,6.303030303030303
hpmcounter6,normal,seed14,243,6.557575757575758
hpmcounter6,normal,seed14,244,6.739393939393939
hpmcounter6,normal,seed14,245,6.848484848484849
hpmcounter6,normal,seed14,246,6.884848484848485
hpmcounter6,normal,seed14,247,6.848484848484849
hpmcounter6,normal,seed14,248,6.739393939393939
hpmcounter6,normal,seed14,249,6.557575757575758
hpmcounter6,normal,seed14,250,6.303030303030303
hpmcounter6,normal,seed14,251,6.218181818181818
hpmcounter6,normal,seed14,252,6.303030303030303
hpmcounter6,normal,seed14,253,6.557575757575758
hpmcounter6,normal,seed14,254,6.739393939393939
hpmcounter6,normal,seed14,255,6.848484848484849
hpmcounter6,normal,seed14,256,6.884848484848485
hpmcounter6,normal,seed14,257,6.848484848484849
hpmcounter6,normal,seed14,258,6.739393939393939
hpmcounter6,normal,seed14,259,6.557575757575758
hpmcounter6,normal,seed14,260,6.303030303030303
hpmcounter6,normal,seed14,261,6.218181818181818
hpmcounter6,normal,seed14,262,6.303030303030303
hpmcounter6,normal,seed14,263,6.557575757575758
hpmcounter6,normal,seed14,264,6.739393939393939
hpmcounter6,normal,seed14,265,6.848484848484849
hpmcounter6,normal,seed14,266,6.884848484848485
hpmcounter6,normal,seed14,267,6.848484848484849
hpmcounter6,normal,seed14,268,6.739393939393939
hpmcounter6,normal,seed14,269,6.557575757575758
hpmcounter6,normal,seed14,270,6.303030303030303
hpmcounter6,normal,seed14,271,6.218181818181818
hpmcounter6,normal,seed14,272,6.303030303030303
hpmcounter6,normal,seed14,273,6.557575757575758
hpmcounter6,normal,seed14,274,6.739393939393939
hpmcounter6,normal,seed14,275,6.848484848484849
hpmcounter6,normal,seed14,276,6.884848484848485
hpmcounter6,normal,seed14,277,6.848484848484849
hpmcounter6,normal,seed14,278,6.739393939393939
hpmcounter6,normal,seed14,279,6.557575757575758
hpmcounter6,normal,seed14,280,6.303030303030303
hpmcounter6,normal,seed14,281,6.218181818181818
hpmcounter6,normal,seed14,282,6.303030303030303
hpmcounter6,normal,seed14,283,6.557575757575758
hpmcounter6,normal,seed14,284,6.739393939393939
hpmcounter6,normal,seed14,285,6.848484848484849
hpmcounter6,normal,seed14,286,6.884848484848485
hpmcounter6,normal,seed14,287,6.848484848484849
hpmcounter6,normal,seed14,288,6.739393939393939
hpmcounter6,normal,seed14,289,6.557575757575758
hpmcounter6,normal,seed14,290,6.303030303030303
hpmcounter6,normal,seed14,291,6.218181818181818
hpmcounter6,normal,seed14,292,6.303030303030303
hpmcounter6,normal,seed14,293,6.557575757575758
hpmcounter6,normal,seed14,294,6.739393939393939
hpmcounter6,normal,seed14,295,6.848484848484849
hpmcounter6,normal,seed14,296,6.884848484848485
hpmcounter6,normal,seed14,297,6.848484848484849
hpmcounter6,normal,seed14,298,6.739393939393939
hpmcounter6,normal,seed15,9,6.557575757575758
hpmcounter6,normal,seed15,10,6.303030303030303
hpmcounter6,normal,seed15,11,6.218181818181818
hpmcounter6,normal,seed15,12,6.303030303030303
hpmcounter6,normal,seed15,13,6.557575757575758
hpmcounter6,normal,seed15,14,6.739393939393939
hpmcounter6,normal,seed15,15,6.848484848484849
hpmcounter6,normal,seed15,16,6.884848484848485
hpmcounter6,normal,seed15,17,6.848484848484849
hpmcounter6,normal,seed15,18,6.739393939393939
hpmcounter6,normal,seed15,19,6.557575757575758
hpmcounter6,normal,seed15,20,6.303030303030303
hpmcounter6,normal,seed15,21,6.218181818181818
hpmcounter6,normal,seed15,22,6.303030303030303
hpmcounter6,normal,seed15,23,6.557575757575758
hpmcounter6,normal,seed15,24,6.739393939393939
hpmcounter6,normal,seed15,25,6.848484848484849
hpmcounter6,normal,seed15,26,6.884848484848485
hpmcounter6,normal,seed15,27,6.848484848484849
hpmcounter6,normal,seed15,28,6.739393939393939
hpmcounter6,normal,seed15,29,6.557575757575758
hpmcounter6,normal,seed15,30,6.303030303030303
hpmcounter6,normal,seed15,31,6.218181818181818
hpmcounter6,normal,seed15,32,6.303030303030303
hpmcounter6,normal,seed15,33,6.557575757575758
hpmcounter6,normal,seed15,34,6.739393939393939
hpmcounter6,normal,seed15,35,6.848484848484849
hpmcounter6,normal,seed15,36,6.884848484848485
hpmcounter6,normal,seed15,37,6.848484848484849
hpmcounter6,normal,seed15,38,6.739393939393939
hpmcounter6,normal,seed15,39,6.557575757575758
hpmcounter6,normal,seed15,40,6.303030303030303
hpmcounter6,normal,seed15,41,6.218181818181818
hpmcounter6,normal,seed15,42,6.303030303030303
hpmcounter6,normal,seed15,43,6.557575757575758
hpmcounter6,normal,seed15,44,6.739393939393939
hpmcounter6,normal,seed15,45,6.848484848484849
hpmcounter6,normal,seed15,46,6.884848484848485
hpmcounter6,normal,seed15,47,6.848484848484849
hpmcounter6,normal,seed15,48,6.739393939393939
hpmcounter6,normal,seed15,49,6.557575757575758
hpmcounter6,normal,seed15,50,6.303030303030303
hpmcounter6,normal,seed15,51,6.218181818181818
hpmcounter6,normal,seed15,52,6.303030303030303
hpmcounter6,normal,seed15,53,6.557575757575758
hpmcounter6,normal,seed15,54,6.739393939393939
hpmcounter6,normal,seed15,55,6.848484848484849
hpmcounter6,normal,seed15,56,6.884848484848485
hpmcounter6,normal,seed15,57,6.848484848484849
hpmcounter6,normal,seed15,58,6.739393939393939
hpmcounter6,normal,seed15,59,6.557575757575758
hpmcounter6,normal,seed15,60,6.303030303030303
hpmcounter6,normal,seed15,61,6.218181818181818
hpmcounter6,normal,seed15,62,6.303030303030303
hpmcounter6,normal,seed15,63,6.557575757575758
hpmcounter6,normal,seed15,64,6.739393939393939
hpmcounter6,normal,seed15,65,6.848484848484849
hpmcounter6,normal,seed15,66,6.884848484848485
hpmcounter6,normal,seed15,67,6.848484848484849
hpmcounter6,normal,seed15,68,6.739393939393939
hpmcounter6,normal,seed15,69,6.557575757575758
hpmcounter6,normal,seed15,70,6.303030303030303
hpmcounter6,normal,seed15,71,6.218181818181818
hpmcounter6,normal,seed15,72,6.303030303030303
hpmcounter6,normal,seed15,73,6.557575757575758
hpmcounter6,normal,seed15,74,6.739393939393939
hpmcounter6,normal,seed15,75,6.848484848484849
hpmcounter6,normal,seed15,76,6.884848484848485
hpmcounter6,normal,seed15,77,6.848484848484849
hpmcounter6,normal,seed15,78,6.739393939393939
hpmcounter6,normal,seed15,79,6.557575757575758
hpmcounter6,normal,seed15,80,6.303030303030303
hpmcounter6,normal,seed15,81,6.218181818181818
hpmcounter6,normal,seed15,82,6.303030303030303
hpmcounter6,normal,seed15,83,6.557575757575758
hpmcounter6,normal,seed15,84,6.739393939393939
hpmcounter6,normal,seed15,85,6.848484848484849
hpmcounter6,normal,seed15,86,6.884848484848485
hpmcounter6,normal,seed15,87,6.848484848484849
hpmcounter6,normal,seed15,88,6.739393939393939
hpmcounter6,normal,seed15,89,6.557575757575758
hpmcounter6,normal,seed15,90,6.303030303030303
hpmcounter6,normal,seed15,91,6.218181818181818
hpmcounter6,normal,seed15,92,6.303030303030303
hpmcounter6,normal,seed15,93,6.557575757575758
hpmcounter6,normal,seed15,94,6.739393939393939
hpmcounter6,normal,seed15,95,6.848484848484849
hpmcounter6,normal,seed15,96,6.884848484848485
hpmcounter6,normal,seed15,97,6.848484848484849
hpmcounter6,normal,seed15,98,6.739393939393939
hpmcounter6,normal,seed15,99,6.557575757575758
hpmcounter6,normal,seed15,100,6.303030303030303
hpmcounter6,normal,seed15,101,6.218181818181818
hpmcounter6,normal,seed15,102,6.303030303030303
hpmcounter6,normal,seed15,103,6.557575757575758
hpmcounter6,normal,seed15,104,6.739393939393939
hpmcounter6,normal,seed15,105,6.848484848484849
hpmcounter6,normal,seed15,106,6.884848484848485
hpmcounter6,normal,seed15,107,6.848484848484849
hpmcounter6,normal,seed15,108,6.739393939393939
hpmcounter6,normal,seed15,109,6.557575757575758
hpmcounter6,normal,seed15,110,6.303030303030303
hpmcounter6,normal,seed15,111,6.218181818181818
hpmcounter6,normal,seed15,112,6.303030303030303
hpmcounter6,normal,seed15,113,6.557575757575758
hpmcounter6,normal,seed15,114,6.739393939393939
hpmcounter6,normal,seed15,115,6.848484848484849
hpmcounter6,normal,seed15,116,6.884848484848485
hpmcounter6,normal,seed15,117,6.848484848484849
hpmcounter6,normal,seed15,118,6.739393939393939
hpmcounter6,normal,seed15,119,6.557575757575758
hpmcounter6,normal,seed15,120,6.303030303030303
hpmcounter6,normal,seed15,121,6.218181818181818
hpmcounter6,normal,seed15,122,6.303030303030303
hpmcounter6,normal,seed15,123,6.557575757575758
hpmcounter6,normal,seed15,124,6.739393939393939
hpmcounter6,normal,seed15,125,6.848484848484849
hpmcounter6,normal,seed15,126,6.884848484848485
hpmcounter6,normal,seed15,127,6.848484848484849
hpmcounter6,normal,seed15,128,6.739393939393939
hpmcounter6,normal,seed15,129,6.557575757575758
hpmcounter6,normal,seed15,130,6.303030303030303
hpmcounter6,normal,seed15,131,6.218181818181818
hpmcounter6,normal,seed15,132,6.303030303030303
hpmcounter6,normal,seed15,133,6.557575757575758
hpmcounter6,normal,seed15,134,6.739393939393939
hpmcounter6,normal,seed15,135,6.848484848484849
hpmcounter6,normal,seed15,136,6.884848484848485
hpmcounter6,normal,seed15,137,6.848484848484849
hpmcounter6,normal,seed15,138,6.739393939393939
hpmcounter6,normal,seed15,139,6.557575757575758
hpmcounter6,normal,seed15,140,6.303030303030303
hpmcounter6,normal,seed15,141,6.218181818181818
hpmcounter6,normal,seed15,142,6.303030303030303
hpmcounter6,normal,seed15,143,6.557575757575758
hpmcounter6,normal,seed15,144,6.739393939393939
hpmcounter6,normal,seed15,145,6.848484848484849
hpmcounter6,normal,seed15,146,6.884848484848485
hpmcounter6,normal,seed15,147,6.848484848484849
hpmcounter6,normal,seed15,148,6.739393939393939
hpmcounter6,normal,seed15,149,6.557575757575758
hpmcounter6,normal,seed15,150,6.303030303030303
hpmcounter6,normal,seed15,151,6.218181818181818
hpmcounter6,normal,seed15,152,6.303030303030303
hpmcounter6,normal,seed15,153,6.557575757575758
hpmcounter6,normal,seed15,154,6.739393939393939
hpmcounter6,normal,seed15,155,6.848484848484849
hpmcounter6,normal,seed15,156,6.884848484848485
hpmcounter6,normal,seed15,157,6.848484848484849
hpmcounter6,normal,seed15,158,6.739393939393939
hpmcounter6,normal,seed15,159,6.557575757575758
hpmcounter6,normal,seed15,160,6.303030303030303
hpmcounter6,normal,seed15,161,6.218181818181818
hpmcounter6,normal,seed15,162,6.303030303030303
hpmcounter6,normal,seed15,163,6.557575757575758
hpmcounter6,normal,seed15,164,6.739393939393939
hpmcounter6,normal,seed15,165,6.848484848484849
hpmcounter6,normal,seed15,166,6.884848484848485
hpmcounter6,normal,seed15,167,6.848484848484849
hpmcounter6,normal,seed15,168,6.739393939393939
hpmcounter6,normal,seed15,169,6.557575757575758
hpmcounter6,normal,seed15,170,6.303030303030303
hpmcounter6,normal,seed15,171,6.218181818181818
hpmcounter6,normal,seed15,172,6.303030303030303
hpmcounter6,normal,seed15,173,6.557575757575758
hpmcounter6,normal,seed15,174,6.739393939393939
hpmcounter6,normal,seed15,175,6.848484848484849
hpmcounter6,normal,seed15,176,6.884848484848485
hpmcounter6,normal,seed15,177,6.848484848484849
hpmcounter6,normal,seed15,178,6.739393939393939
hpmcounter6,normal,seed15,179,6.557575757575758
hpmcounter6,normal,seed15,180,6.303030303030303
hpmcounter6,normal,seed15,181,6.218181818181818
hpmcounter6,normal,seed15,182,6.303030303030303
hpmcounter6,normal,seed15,183,6.557575757575758
hpmcounter6,normal,seed15,184,6.739393939393939
hpmcounter6,normal,seed15,185,6.848484848484849
hpmcounter6,normal,seed15,186,6.884848484848485
hpmcounter6,normal,seed15,187,6.848484848484849
hpmcounter6,normal,seed15,188,6.739393939393939
hpmcounter6,normal,seed15,189,6.557575757575758
hpmcounter6,normal,seed15,190,6.303030303030303
hpmcounter6,normal,seed15,191,6.218181818181818
hpmcounter6,normal,seed15,192,6.303030303030303
hpmcounter6,normal,seed15,193,6.557575757575758
hpmcounter6,normal,seed15,194,6.739393939393939
hpmcounter6,normal,seed15,195,6.848484848484849
hpmcounter6,normal,seed15,196,6.884848484848485
hpmcounter6,normal,seed15,197,6.848484848484849
hpmcounter6,normal,seed15,198,6.739393939393939
hpmcounter6,normal,seed15,199,6.557575757575758
hpmcounter6,normal,seed15,200,6.303030303030303
hpmcounter6,normal,seed15,201,6.218181818181818
hpmcounter6,normal,seed15,202,6.303030303030303
hpmcounter6,normal,seed15,203,6.557575757575758
hpmcounter6,normal,seed15,204,6.739393939393939
hpmcounter6,normal,seed15,205,6.848484848484849
hpmcounter6,normal,seed15,206,6.884848484848485
hpmcounter6,normal,seed15,207,6.848484848484849
hpmcounter6,normal,seed15,208,6.739393939393939
hpmcounter6,normal,seed15,209,6.557575757575758
hpmcounter6,normal,seed15,210,6.303030303030303
hpmcounter6,normal,seed15,211,6.218181818181818
hpmcounter6,normal,seed15,212,6.303030303030303
hpmcounter6,normal,seed15,213,6.557575757575758
hpmcounter6,normal,seed15,214,6.739393939393939
hpmcounter6,normal,seed15,215,6.848484848484849
hpmcounter6,normal,seed15,216,6.884848484848485
hpmcounter6,normal,seed15,217,6.848484848484849
hpmcounter6,normal,seed15,218,6.739393939393939
hpmcounter6,normal,seed15,219,6.557575757575758
hpmcounter6,normal,seed15,220,6.303030303030303
hpmcounter6,normal,seed15,221,6.218181818181818
hpmcounter6,normal,seed15,222,6.303030303030303
hpmcounter6,normal,seed15,223,6.557575757575758
hpmcounter6,normal,seed15,224,6.739393939393939
hpmcounter6,normal,seed15,225,6.848484848484849
hpmcounter6,normal,seed15,226,6.884848484848485
hpmcounter6,normal,seed15,227,6.848484848484849
hpmcounter6,normal,seed15,228,6.739393939393939
hpmcounter6,normal,seed15,229,6.557575757575758
hpmcounter6,normal,seed15,230,6.303030303030303
hpmcounter6,normal,seed15,231,6.218181818181818
hpmcounter6,normal,seed15,232,6.303030303030303
hpmcounter6,normal,seed15,233,6.557575757575758
hpmcounter6,normal,seed15,234,6.739393939393939
hpmcounter6,normal,seed15,235,6.848484848484849
hpmcounter6,normal,seed15,236,6.884848484848485
hpmcounter6,normal,seed15,237,6.848484848484849
hpmcounter6,normal,seed15,238,6.739393939393939
hpmcounter6,normal,seed15,239,6.557575757575758
hpmcounter6,normal,seed15,240,6.303030303030303
hpmcounter6,normal,seed15,241,6.218181818181818
hpmcounter6,normal,seed15,242,6.303030303030303
hpmcounter6,normal,seed15,243,6.557575757575758
hpmcounter6,normal,seed15,244,6.739393939393939
hpmcounter6,normal,seed15,245,6.848484848484849
hpmcounter6,normal,seed15,246,6.884848484848485
hpmcounter6,normal,seed15,247,6.848484848484849
hpmcounter6,normal,seed15,248,6.739393939393939
hpmcounter6,normal,seed15,249,6.557575757575758
hpmcounter6,normal,seed15,250,6.303030303030303
hpmcounter6,normal,seed15,251,6.218181818181818
hpmcounter6,normal,seed15,252,6.303030303030303
hpmcounter6,normal,seed15,253,6.557575757575758
hpmcounter6,normal,seed15,254,6.739393939393939
hpmcounter6,normal,seed15,255,6.848484848484849
hpmcounter6,normal,seed15,256,6.884848484848485
hpmcounter6,normal,seed15,257,6.848484848484849
hpmcounter6,normal,seed15,258,6.739393939393939
hpmcounter6,normal,seed15,259,6.557575757575758
hpmcounter6,normal,seed15,260,6.303030303030303
hpmcounter6,normal,seed15,261,6.218181818181818
hpmcounter6,normal,seed15,262,6.303030303030303
hpmcounter6,normal,seed15,263,6.557575757575758
hpmcounter6,normal,seed15,264,6.739393939393939
hpmcounter6,normal,seed15,265,6.848484848484849
hpmcounter6,normal,seed15,266,6.884848484848485
hpmcounter6,normal,seed15,267,6.848484848484849
hpmcounter6,normal,seed15,268,6.739393939393939
hpmcounter6,normal,seed15,269,6.557575757575758
hpmcounter6,normal,seed15,270,6.303030303030303
hpmcounter6,normal,seed15,271,6.218181818181818
hpmcounter6,normal,seed15,272,6.303030303030303
hpmcounter6,normal,seed15,273,6.557575757575758
hpmcounter6,normal,seed15,274,6.739393939393939
hpmcounter6,normal,seed15,275,6.848484848484849
hpmcounter6,normal,seed15,276,6.884848484848485
hpmcounter6,normal,seed15,277,6.848484848484849
hpmcounter6,normal,seed15,278,6.739393939393939
hpmcounter6,normal,seed15,279,6.557575757575758
hpmcounter6,normal,seed15,280,6.303030303030303
hpmcounter6,normal,seed15,281,6.218181818181818
hpmcounter6,normal,seed15,282,6.303030303030303
hpmcounter6,normal,seed15,283,6.557575757575758
hpmcounter6,normal,seed15,284,6.739393939393939
hpmcounter6,normal,seed15,285,6.848484848484849
hpmcounter6,normal,seed15,286,6.884848484848485
hpmcounter6,normal,seed15,287,6.848484848484849
hpmcounter6,normal,seed15,288,6.739393939393939
hpmcounter6,normal,seed15,289,6.557575757575758
hpmcounter6,normal,seed15,290,6.303030303030303
hpmcounter6,normal,seed15,291,6.218181818181818
hpmcounter6,normal,seed15,292,6.303030303030303
hpmcounter6,normal,seed15,293,6.557575757575758
hpmcounter6,normal,seed15,294,6.739393939393939
hpmcounter6,normal,seed15,295,6.848484848484849
hpmcounter6,normal,seed15,296,6.884848484848485
hpmcounter6,normal,seed15,297,6.848484848484849
hpmcounter6,normal,seed15,298,6.739393939393939
hpmcounter6,normal,seed16,9,6.557575757575758
hpmcounter6,normal,seed16,10,6.303030303030303
hpmcounter6,normal,seed16,11,6.218181818181818
hpmcounter6,normal,seed16,12,6.303030303030303
hpmcounter6,normal,seed16,13,6.557575757575758
hpmcounter6,normal,seed16,14,6.739393939393939
hpmcounter6,normal,seed16,15,6.848484848484849
hpmcounter6,normal,seed16,16,6.884848484848485
hpmcounter6,normal,seed16,17,6.848484848484849
hpmcounter6,normal,seed16,18,6.739393939393939
hpmcounter6,normal,seed16,19,6.557575757575758
hpmcounter6,normal,seed16,20,6.303030303030303
hpmcounter6,normal,seed16,21,6.218181818181818
hpmcounter6,normal,seed16,22,6.303030303030303
hpmcounter6,normal,seed16,23,6.557575757575758
hpmcounter6,normal,seed16,24,6.739393939393939
hpmcounter6,normal,seed16,25,6.848484848484849
hpmcounter6,normal,seed16,26,6.884848484848485
hpmcounter6,normal,seed16,27,6.848484848484849
hpmcounter6,normal,seed16,28,6.739393939393939
hpmcounter6,normal,seed16,29,6.557575757575758
hpmcounter6,normal,seed16,30,6.303030303030303
hpmcounter6,normal,seed16,31,6.218181818181818
hpmcounter6,normal,seed16,32,6.303030303030303
hpmcounter6,normal,seed16,33,6.557575757575758
hpmcounter6,normal,seed16,34,6.739393939393939
hpmcounter6,normal,seed16,35,6.848484848484849
hpmcounter6,normal,seed16,36,6.884848484848485
hpmcounter6,normal,seed16,37,6.848484848484849
hpmcounter6,normal,seed16,38,6.739393939393939
hpmcounter6,normal,seed16,39,6.557575757575758
hpmcounter6,normal,seed16,40,6.303030303030303
hpmcounter6,normal,seed16,41,6.218181818181818
hpmcounter6,normal,seed16,42,6.303030303030303
hpmcounter6,normal,seed16,43,6.557575757575758
hpmcounter6,normal,seed16,44,6.739393939393939
hpmcounter6,normal,seed16,45,6.848484848484849
hpmcounter6,normal,seed16,46,6.884848484848485
hpmcounter6,normal,seed16,47,6.848484848484849
hpmcounter6,normal,seed16,48,6.739393939393939
hpmcounter6,normal,seed16,49,6.557575757575758
hpmcounter6,normal,seed16,50,6.303030303030303
hpmcounter6,normal,seed16,51,6.218181818181818
hpmcounter6,normal,seed16,52,6.303030303030303
hpmcounter6,normal,seed16,53,6.557575757575758
hpmcounter6,normal,seed16,54,6.739393939393939
hpmcounter6,normal,seed16,55,6.848484848484849
hpmcounter6,normal,seed16,56,6.884848484848485
hpmcounter6,normal,seed16,57,6.848484848484849
hpmcounter6,normal,seed16,58,6.739393939393939
hpmcounter6,normal,seed16,59,6.557575757575758
hpmcounter6,normal,seed16,60,6.303030303030303
hpmcounter6,normal,seed16,61,6.218181818181818
hpmcounter6,normal,seed16,62,6.303030303030303
hpmcounter6,normal,seed16,63,6.557575757575758
hpmcounter6,normal,seed16,64,6.739393939393939
hpmcounter6,normal,seed16,65,6.848484848484849
hpmcounter6,normal,seed16,66,6.884848484848485
hpmcounter6,normal,seed16,67,6.848484848484849
hpmcounter6,normal,seed16,68,6.739393939393939
hpmcounter6,normal,seed16,69,6.557575757575758
hpmcounter6,normal,seed16,70,6.303030303030303
hpmcounter6,normal,seed16,71,6.218181818181818
hpmcounter6,normal,seed16,72,6.303030303030303
hpmcounter6,normal,seed16,73,6.557575757575758
hpmcounter6,normal,seed16,74,6.739393939393939
hpmcounter6,normal,seed16,75,6.848484848484849
hpmcounter6,normal,seed16,76,6.884848484848485
hpmcounter6,normal,seed16,77,6.848484848484849
hpmcounter6,normal,seed16,78,6.739393939393939
hpmcounter6,normal,seed16,79,6.557575757575758
hpmcounter6,normal,seed16,80,6.303030303030303
hpmcounter6,normal,seed16,81,6.218181818181818
hpmcounter6,normal,seed16,82,6.303030303030303
hpmcounter6,normal,seed16,83,6.557575757575758
hpmcounter6,normal,seed16,84,6.739393939393939
hpmcounter6,normal,seed16,85,6.848484848484849
hpmcounter6,normal,seed16,86,6.884848484848485
hpmcounter6,normal,seed16,87,6.848484848484849
hpmcounter6,normal,seed16,88,6.739393939393939
hpmcounter6,normal,seed16,89,6.557575757575758
hpmcounter6,normal,seed16,90,6.303030303030303
hpmcounter6,normal,seed16,91,6.218181818181818
hpmcounter6,normal,seed16,92,6.303030303030303
hpmcounter6,normal,seed16,93,6.557575757575758
hpmcounter6,normal,seed16,94,6.739393939393939
hpmcounter6,normal,seed16,95,6.848484848484849
hpmcounter6,normal,seed16,96,6.884848484848485
hpmcounter6,normal,seed16,97,6.848484848484849
hpmcounter6,normal,seed16,98,6.739393939393939
hpmcounter6,normal,seed16,99,6.557575757575758
hpmcounter6,normal,seed16,100,6.303030303030303
hpmcounter6,normal,seed16,101,6.218181818181818
hpmcounter6,normal,seed16,102,6.303030303030303
hpmcounter6,normal,seed16,103,6.557575757575758
hpmcounter6,normal,seed16,104,6.739393939393939
hpmcounter6,normal,seed16,105,6.848484848484849
hpmcounter6,normal,seed16,106,6.884848484848485
hpmcounter6,normal,seed16,107,6.848484848484849
hpmcounter6,normal,seed16,108,6.739393939393939
hpmcounter6,normal,seed16,109,6.557575757575758
hpmcounter6,normal,seed16,110,6.303030303030303
hpmcounter6,normal,seed16,111,6.218181818181818
hpmcounter6,normal,seed16,112,6.303030303030303
hpmcounter6,normal,seed16,113,6.557575757575758
hpmcounter6,normal,seed16,114,6.739393939393939
hpmcounter6,normal,seed16,115,6.848484848484849
hpmcounter6,normal,seed16,116,6.884848484848485
hpmcounter6,normal,seed16,117,6.848484848484849
hpmcounter6,normal,seed16,118,6.739393939393939
hpmcounter6,normal,seed16,119,6.557575757575758
hpmcounter6,normal,seed16,120,6.303030303030303
hpmcounter6,normal,seed16,121,6.218181818181818
hpmcounter6,normal,seed16,122,6.303030303030303
hpmcounter6,normal,seed16,123,6.557575757575758
hpmcounter6,normal,seed16,124,6.739393939393939
hpmcounter6,normal,seed16,125,6.848484848484849
hpmcounter6,normal,seed16,126,6.884848484848485
hpmcounter6,normal,seed16,127,6.848484848484849
hpmcounter6,normal,seed16,128,6.739393939393939
hpmcounter6,normal,seed16,129,6.557575757575758
hpmcounter6,normal,seed16,130,6.303030303030303
hpmcounter6,normal,seed16,131,6.218181818181818
hpmcounter6,normal,seed16,132,6.303030303030303
hpmcounter6,normal,seed16,133,6.557575757575758
hpmcounter6,normal,seed16,134,6.739393939393939
hpmcounter6,normal,seed16,135,6.848484848484849
hpmcounter6,normal,seed16,136,6.884848484848485
hpmcounter6,normal,seed16,137,6.848484848484849
hpmcounter6,normal,seed16,138,6.739393939393939
hpmcounter6,normal,seed16,139,6.557575757575758
hpmcounter6,normal,seed16,140,6.303030303030303
hpmcounter6,normal,seed16,141,6.218181818181818
hpmcounter6,normal,seed16,142,6.303030303030303
hpmcounter6,normal,seed16,143,6.557575757575758
hpmcounter6,normal,seed16,144,6.739393939393939
hpmcounter6,normal,seed16,145,6.848484848484849
hpmcounter6,normal,seed16,146,6.884848484848485
hpmcounter6,normal,seed16,147,6.848484848484849
hpmcounter6,normal,seed16,148,6.739393939393939
hpmcounter6,normal,seed16,149,6.557575757575758
hpmcounter6,normal,seed16,150,6.303030303030303
hpmcounter6,normal,seed16,151,6.218181818181818
hpmcounter6,normal,seed16,152,6.303030303030303
hpmcounter6,normal,seed16,153,6.557575757575758
hpmcounter6,normal,seed16,154,6.739393939393939
hpmcounter6,normal,seed16,155,6.848484848484849
hpmcounter6,normal,seed16,156,6.884848484848485
hpmcounter6,normal,seed16,157,6.848484848484849
hpmcounter6,normal,seed16,158,6.739393939393939
hpmcounter6,normal,seed16,159,6.557575757575758
hpmcounter6,normal,seed16,160,6.303030303030303
hpmcounter6,normal,seed16,161,6.218181818181818
hpmcounter6,normal,seed16,162,6.303030303030303
hpmcounter6,normal,seed16,163,6.557575757575758
hpmcounter6,normal,seed16,164,6.739393939393939
hpmcounter6,normal,seed16,165,6.848484848484849
hpmcounter6,normal,seed16,166,6.884848484848485
hpmcounter6,normal,seed16,167,6.848484848484849
hpmcounter6,normal,seed16,168,6.739393939393939
hpmcounter6,normal,seed16,169,6.557575757575758
hpmcounter6,normal,seed16,170,6.303030303030303
hpmcounter6,normal,seed16,171,6.218181818181818
hpmcounter6,normal,seed16,172,6.303030303030303
hpmcounter6,normal,seed16,173,6.557575757575758
hpmcounter6,normal,seed16,174,6.739393939393939
hpmcounter6,normal,seed16,175,6.848484848484849
hpmcounter6,normal,seed16,176,6.884848484848485
hpmcounter6,normal,seed16,177,6.848484848484849
hpmcounter6,normal,seed16,178,6.739393939393939
hpmcounter6,normal,seed16,179,6.557575757575758
hpmcounter6,normal,seed16,180,6.303030303030303
hpmcounter6,normal,seed16,181,6.218181818181818
hpmcounter6,normal,seed16,182,6.303030303030303
hpmcounter6,normal,seed16,183,6.557575757575758
hpmcounter6,normal,seed16,184,6.739393939393939
hpmcounter6,normal,seed16,185,6.848484848484849
hpmcounter6,normal,seed16,186,6.884848484848485
hpmcounter6,normal,seed16,187,6.848484848484849
hpmcounter6,normal,seed16,188,6.739393939393939
hpmcounter6,normal,seed16,189,6.557575757575758
hpmcounter6,normal,seed16,190,6.303030303030303
hpmcounter6,normal,seed16,191,6.218181818181818
hpmcounter6,normal,seed16,192,6.303030303030303
hpmcounter6,normal,seed16,193,6.557575757575758
hpmcounter6,normal,seed16,194,6.739393939393939
hpmcounter6,normal,seed16,195,6.848484848484849
hpmcounter6,normal,seed16,196,6.884848484848485
hpmcounter6,normal,seed16,197,6.848484848484849
hpmcounter6,normal,seed16,198,6.739393939393939
hpmcounter6,normal,seed16,199,6.557575757575758
hpmcounter6,normal,seed16,200,6.303030303030303
hpmcounter6,normal,seed16,201,6.218181818181818
hpmcounter6,normal,seed16,202,6.303030303030303
hpmcounter6,normal,seed16,203,6.557575757575758
hpmcounter6,normal,seed16,204,6.739393939393939
hpmcounter6,normal,seed16,205,6.848484848484849
hpmcounter6,normal,seed16,206,6.884848484848485
hpmcounter6,normal,seed16,207,6.848484848484849
hpmcounter6,normal,seed16,208,6.739393939393939
hpmcounter6,normal,seed16,209,6.557575757575758
hpmcounter6,normal,seed16,210,6.303030303030303
hpmcounter6,normal,seed16,211,6.218181818181818
hpmcounter6,normal,seed16,212,6.303030303030303
hpmcounter6,normal,seed16,213,6.557575757575758
hpmcounter6,normal,seed16,214,6.739393939393939
hpmcounter6,normal,seed16,215,6.848484848484849
hpmcounter6,normal,seed16,216,6.884848484848485
hpmcounter6,normal,seed16,217,6.848484848484849
hpmcounter6,normal,seed16,218,6.739393939393939
hpmcounter6,normal,seed16,219,6.557575757575758
hpmcounter6,normal,seed16,220,6.303030303030303
hpmcounter6,normal,seed16,221,6.218181818181818
hpmcounter6,normal,seed16,222,6.303030303030303
hpmcounter6,normal,seed16,223,6.557575757575758
hpmcounter6,normal,seed16,224,6.739393939393939
hpmcounter6,normal,seed16,225,6.848484848484849
hpmcounter6,normal,seed16,226,6.884848484848485
hpmcounter6,normal,seed16,227,6.848484848484849
hpmcounter6,normal,seed16,228,6.739393939393939
hpmcounter6,normal,seed16,229,6.557575757575758
hpmcounter6,normal,seed16,230,6.303030303030303
hpmcounter6,normal,seed16,231,6.218181818181818
hpmcounter6,normal,seed16,232,6.303030303030303
hpmcounter6,normal,seed16,233,6.557575757575758
hpmcounter6,normal,seed16,234,6.739393939393939
hpmcounter6,normal,seed16,235,6.848484848484849
hpmcounter6,normal,seed16,236,6.884848484848485
hpmcounter6,normal,seed16,237,6.848484848484849
hpmcounter6,normal,seed16,238,6.739393939393939
hpmcounter6,normal,seed16,239,6.557575757575758
hpmcounter6,normal,seed16,240,6.303030303030303
hpmcounter6,normal,seed16,241,6.218181818181818
hpmcounter6,normal,seed16,242,6.303030303030303
hpmcounter6,normal,seed16,243,6.557575757575758
hpmcounter6,normal,seed16,244,6.739393939393939
hpmcounter6,normal,seed16,245,6.848484848484849
hpmcounter6,normal,seed16,246,6.884848484848485
hpmcounter6,normal,seed16,247,6.848484848484849
hpmcounter6,normal,seed16,248,6.739393939393939
hpmcounter6,normal,seed16,249,6.557575757575758
hpmcounter6,normal,seed16,250,6.303030303030303
hpmcounter6,normal,seed16,251,6.218181818181818
hpmcounter6,normal,seed16,252,6.303030303030303
hpmcounter6,normal,seed16,253,6.557575757575758
hpmcounter6,normal,seed16,254,6.739393939393939
hpmcounter6,normal,seed16,255,6.848484848484849
hpmcounter6,normal,seed16,256,6.884848484848485
hpmcounter6,normal,seed16,257,6.848484848484849
hpmcounter6,normal,seed16,258,6.739393939393939
hpmcounter6,normal,seed16,259,6.557575757575758
hpmcounter6,normal,seed16,260,6.303030303030303
hpmcounter6,normal,seed16,261,6.218181818181818
hpmcounter6,normal,seed16,262,6.303030303030303
hpmcounter6,normal,seed16,263,6.557575757575758
hpmcounter6,normal,seed16,264,6.739393939393939
hpmcounter6,normal,seed16,265,6.848484848484849
hpmcounter6,normal,seed16,266,6.884848484848485
hpmcounter6,normal,seed16,267,6.848484848484849
hpmcounter6,normal,seed16,268,6.739393939393939
hpmcounter6,normal,seed16,269,6.557575757575758
hpmcounter6,normal,seed16,270,6.303030303030303
hpmcounter6,normal,seed16,271,6.218181818181818
hpmcounter6,normal,seed16,272,6.303030303030303
hpmcounter6,normal,seed16,273,6.557575757575758
hpmcounter6,normal,seed16,274,6.739393939393939
hpmcounter6,normal,seed16,275,6.848484848484849
hpmcounter6,normal,seed16,276,6.884848484848485
hpmcounter6,normal,seed16,277,6.848484848484849
hpmcounter6,normal,seed16,278,6.739393939393939
hpmcounter6,normal,seed16,279,6.557575757575758
hpmcounter6,normal,seed16,280,6.303030303030303
hpmcounter6,normal,seed16,281,6.218181818181818
hpmcounter6,normal,seed16,282,6.303030303030303
hpmcounter6,normal,seed16,283,6.557575757575758
hpmcounter6,normal,seed16,284,6.739393939393939
hpmcounter6,normal,seed16,285,6.848484848484849
hpmcounter6,normal,seed16,286,6.884848484848485
hpmcounter6,normal,seed16,287,6.848484848484849
hpmcounter6,normal,seed16,288,6.739393939393939
hpmcounter6,normal,seed16,289,6.557575757575758
hpmcounter6,normal,seed16,290,6.303030303030303
hpmcounter6,normal,seed16,291,6.218181818181818
hpmcounter6,normal,seed16,292,6.303030303030303
hpmcounter6,normal,seed16,293,6.557575757575758
hpmcounter6,normal,seed16,294,6.739393939393939
hpmcounter6,normal,seed16,295,6.848484848484849
hpmcounter6,normal,seed16,296,6.884848484848485
hpmcounter6,normal,seed16,297,6.848484848484849
hpmcounter6,normal,seed16,298,6.739393939393939
hpmcounter6,normal,seed17,9,6.557575757575758
hpmcounter6,normal,seed17,10,6.303030303030303
hpmcounter6,normal,seed17,11,6.218181818181818
hpmcounter6,normal,seed17,12,6.303030303030303
hpmcounter6,normal,seed17,13,6.557575757575758
hpmcounter6,normal,seed17,14,6.739393939393939
hpmcounter6,normal,seed17,15,6.848484848484849
hpmcounter6,normal,seed17,16,6.884848484848485
hpmcounter6,normal,seed17,17,6.848484848484849
hpmcounter6,normal,seed17,18,6.739393939393939
hpmcounter6,normal,seed17,19,6.557575757575758
hpmcounter6,normal,seed17,20,6.303030303030303
hpmcounter6,normal,seed17,21,6.218181818181818
hpmcounter6,normal,seed17,22,6.303030303030303
hpmcounter6,normal,seed17,23,6.557575757575758
hpmcounter6,normal,seed17,24,6.739393939393939
hpmcounter6,normal,seed17,25,6.848484848484849
hpmcounter6,normal,seed17,26,6.884848484848485
hpmcounter6,normal,seed17,27,6.848484848484849
hpmcounter6,normal,seed17,28,6.739393939393939
hpmcounter6,normal,seed17,29,6.557575757575758
hpmcounter6,normal,seed17,30,6.303030303030303
hpmcounter6,normal,seed17,31,6.218181818181818
hpmcounter6,normal,seed17,32,6.303030303030303
hpmcounter6,normal,seed17,33,6.557575757575758
hpmcounter6,normal,seed17,34,6.739393939393939
hpmcounter6,normal,seed17,35,6.848484848484849
hpmcounter6,normal,seed17,36,6.884848484848485
hpmcounter6,normal,seed17,37,6.848484848484849
hpmcounter6,normal,seed17,38,6.739393939393939
hpmcounter6,normal,seed17,39,6.557575757575758
hpmcounter6,normal,seed17,40,6.303030303030303
hpmcounter6,normal,seed17,41,6.218181818181818
hpmcounter6,normal,seed17,42,6.303030303030303
hpmcounter6,normal,seed17,43,6.557575757575758
hpmcounter6,normal,seed17,44,6.739393939393939
hpmcounter6,normal,seed17,45,6.848484848484849
hpmcounter6,normal,seed17,46,6.884848484848485
hpmcounter6,normal,seed17,47,6.848484848484849
hpmcounter6,normal,seed17,48,6.739393939393939
hpmcounter6,normal,seed17,49,6.557575757575758
hpmcounter6,normal,seed17,50,6.303030303030303
hpmcounter6,normal,seed17,51,6.218181818181818
hpmcounter6,normal,seed17,52,6.303030303030303
hpmcounter6,normal,seed17,53,6.557575757575758
hpmcounter6,normal,seed17,54,6.739393939393939
hpmcounter6,normal,seed17,55,6.848484848484849
hpmcounter6,normal,seed17,56,6.884848484848485
hpmcounter6,normal,seed17,57,6.848484848484849
hpmcounter6,normal,seed17,58,6.739393939393939
hpmcounter6,normal,seed17,59,6.557575757575758
hpmcounter6,normal,seed17,60,6.303030303030303
hpmcounter6,normal,seed17,61,6.218181818181818
hpmcounter6,normal,seed17,62,6.303030303030303
hpmcounter6,normal,seed17,63,6.557575757575758
hpmcounter6,normal,seed17,64,6.739393939393939
hpmcounter6,normal,seed17,65,6.848484848484849
hpmcounter6,normal,seed17,66,6.884848484848485
hpmcounter6,normal,seed17,67,6.848484848484849
hpmcounter6,normal,seed17,68,6.739393939393939
hpmcounter6,normal,seed17,69,6.557575757575758
hpmcounter6,normal,seed17,70,6.303030303030303
hpmcounter6,normal,seed17,71,6.218181818181818
hpmcounter6,normal,seed17,72,6.303030303030303
hpmcounter6,normal,seed17,73,6.557575757575758
hpmcounter6,normal,seed17,74,6.739393939393939
hpmcounter6,normal,seed17,75,6.848484848484849
hpmcounter6,normal,seed17,76,6.884848484848485
hpmcounter6,normal,seed17,77,6.848484848484849
hpmcounter6,normal,seed17,78,6.739393939393939
hpmcounter6,normal,seed17,79,6.557575757575758
hpmcounter6,normal,seed17,80,6.303030303030303
hpmcounter6,normal,seed17,81,6.218181818181818
hpmcounter6,normal,seed17,82,6.303030303030303
hpmcounter6,normal,seed17,83,6.557575757575758
hpmcounter6,normal,seed17,84,6.739393939393939
hpmcounter6,normal,seed17,85,6.848484848484849
hpmcounter6,normal,seed17,86,6.884848484848485
hpmcounter6,normal,seed17,87,6.848484848484849
hpmcounter6,normal,seed17,88,6.739393939393939
hpmcounter6,normal,seed17,89,6.557575757575758
hpmcounter6,normal,seed17,90,6.303030303030303
hpmcounter6,normal,seed17,91,6.218181818181818
hpmcounter6,normal,seed17,92,6.303030303030303
hpmcounter6,normal,seed17,93,6.557575757575758
hpmcounter6,normal,seed17,94,6.739393939393939
hpmcounter6,normal,seed17,95,6.848484848484849
hpmcounter6,normal,seed17,96,6.884848484848485
hpmcounter6,normal,seed17,97,6.848484848484849
hpmcounter6,normal,seed17,98,6.739393939393939
hpmcounter6,normal,seed17,99,6.557575757575758
hpmcounter6,normal,seed17,100,6.303030303030303
hpmcounter6,normal,seed17,101,6.218181818181818
hpmcounter6,normal,seed17,102,6.303030303030303
hpmcounter6,normal,seed17,103,6.557575757575758
hpmcounter6,normal,seed17,104,6.739393939393939
hpmcounter6,normal,seed17,105,6.848484848484849
hpmcounter6,normal,seed17,106,6.884848484848485
hpmcounter6,normal,seed17,107,6.848484848484849
hpmcounter6,normal,seed17,108,6.739393939393939
hpmcounter6,normal,seed17,109,6.557575757575758
hpmcounter6,normal,seed17,110,6.303030303030303
hpmcounter6,normal,seed17,111,6.218181818181818
hpmcounter6,normal,seed17,112,6.303030303030303
hpmcounter6,normal,seed17,113,6.557575757575758
hpmcounter6,normal,seed17,114,6.739393939393939
hpmcounter6,normal,seed17,115,6.848484848484849
hpmcounter6,normal,seed17,116,6.884848484848485
hpmcounter6,normal,seed17,117,6.848484848484849
hpmcounter6,normal,seed17,118,6.739393939393939
hpmcounter6,normal,seed17,119,6.557575757575758
hpmcounter6,normal,seed17,120,6.303030303030303
hpmcounter6,normal,seed17,121,6.218181818181818
hpmcounter6,normal,seed17,122,6.303030303030303
hpmcounter6,normal,seed17,123,6.557575757575758
hpmcounter6,normal,seed17,124,6.739393939393939
hpmcounter6,normal,seed17,125,6.848484848484849
hpmcounter6,normal,seed17,126,6.884848484848485
hpmcounter6,normal,seed17,127,6.848484848484849
hpmcounter6,normal,seed17,128,6.739393939393939
hpmcounter6,normal,seed17,129,6.557575757575758
hpmcounter6,normal,seed17,130,6.303030303030303
hpmcounter6,normal,seed17,131,6.218181818181818
hpmcounter6,normal,seed17,132,6.303030303030303
hpmcounter6,normal,seed17,133,6.557575757575758
hpmcounter6,normal,seed17,134,6.739393939393939
hpmcounter6,normal,seed17,135,6.848484848484849
hpmcounter6,normal,seed17,136,6.884848484848485
hpmcounter6,normal,seed17,137,6.848484848484849
hpmcounter6,normal,seed17,138,6.739393939393939
hpmcounter6,normal,seed17,139,6.557575757575758
hpmcounter6,normal,seed17,140,6.303030303030303
hpmcounter6,normal,seed17,141,6.218181818181818
hpmcounter6,normal,seed17,142,6.303030303030303
hpmcounter6,normal,seed17,143,6.557575757575758
hpmcounter6,normal,seed17,144,6.739393939393939
hpmcounter6,normal,seed17,145,6.848484848484849
hpmcounter6,normal,seed17,146,6.884848484848485
hpmcounter6,normal,seed17,147,6.848484848484849
hpmcounter6,normal,seed17,148,6.739393939393939
hpmcounter6,normal,seed17,149,6.557575757575758
hpmcounter6,normal,seed17,150,6.303030303030303
hpmcounter6,normal,seed17,151,6.218181818181818
hpmcounter6,normal,seed17,152,6.303030303030303
hpmcounter6,normal,seed17,153,6.557575757575758
hpmcounter6,normal,seed17,154,6.739393939393939
hpmcounter6,normal,seed17,155,6.848484848484849
hpmcounter6,normal,seed17,156,6.884848484848485
hpmcounter6,normal,seed17,157,6.848484848484849
hpmcounter6,normal,seed17,158,6.739393939393939
hpmcounter6,normal,seed17,159,6.557575757575758
hpmcounter6,normal,seed17,160,6.303030303030303
hpmcounter6,normal,seed17,161,6.218181818181818
hpmcounter6,normal,seed17,162,6.303030303030303
hpmcounter6,normal,seed17,163,6.557575757575758
hpmcounter6,normal,seed17,164,6.739393939393939
hpmcounter6,normal,seed17,165,6.848484848484849
hpmcounter6,normal,seed17,166,6.884848484848485
hpmcounter6,normal,seed17,167,6.848484848484849
hpmcounter6,normal,seed17,168,6.739393939393939
hpmcounter6,normal,seed17,169,6.557575757575758
hpmcounter6,normal,seed17,170,6.303030303030303
hpmcounter6,normal,seed17,171,6.218181818181818
hpmcounter6,normal,seed17,172,6.303030303030303
hpmcounter6,normal,seed17,173,6.557575757575758
hpmcounter6,normal,seed17,174,6.739393939393939
hpmcounter6,normal,seed17,175,6.848484848484849
hpmcounter6,normal,seed17,176,6.884848484848485
hpmcounter6,normal,seed17,177,6.848484848484849
hpmcounter6,normal,seed17,178,6.739393939393939
hpmcounter6,normal,seed17,179,6.557575757575758
hpmcounter6,normal,seed17,180,6.303030303030303
hpmcounter6,normal,seed17,181,6.218181818181818
hpmcounter6,normal,seed17,182,6.303030303030303
hpmcounter6,normal,seed17,183,6.557575757575758
hpmcounter6,normal,seed17,184,6.739393939393939
hpmcounter6,normal,seed17,185,6.848484848484849
hpmcounter6,normal,seed17,186,6.884848484848485
hpmcounter6,normal,seed17,187,6.848484848484849
hpmcounter6,normal,seed17,188,6.739393939393939
hpmcounter6,normal,seed17,189,6.557575757575758
hpmcounter6,normal,seed17,190,6.303030303030303
hpmcounter6,normal,seed17,191,6.218181818181818
hpmcounter6,normal,seed17,192,6.303030303030303
hpmcounter6,normal,seed17,193,6.557575757575758
hpmcounter6,normal,seed17,194,6.739393939393939
hpmcounter6,normal,seed17,195,6.848484848484849
hpmcounter6,normal,seed17,196,6.884848484848485
hpmcounter6,normal,seed17,197,6.848484848484849
hpmcounter6,normal,seed17,198,6.739393939393939
hpmcounter6,normal,seed17,199,6.557575757575758
hpmcounter6,normal,seed17,200,6.303030303030303
hpmcounter6,normal,seed17,201,6.218181818181818
hpmcounter6,normal,seed17,202,6.303030303030303
hpmcounter6,normal,seed17,203,6.557575757575758
hpmcounter6,normal,seed17,204,6.739393939393939
hpmcounter6,normal,seed17,205,6.848484848484849
hpmcounter6,normal,seed17,206,6.884848484848485
hpmcounter6,normal,seed17,207,6.848484848484849
hpmcounter6,normal,seed17,208,6.739393939393939
hpmcounter6,normal,seed17,209,6.557575757575758
hpmcounter6,normal,seed17,210,6.303030303030303
hpmcounter6,normal,seed17,211,6.218181818181818
hpmcounter6,normal,seed17,212,6.303030303030303
hpmcounter6,normal,seed17,213,6.557575757575758
hpmcounter6,normal,seed17,214,6.739393939393939
hpmcounter6,normal,seed17,215,6.848484848484849
hpmcounter6,normal,seed17,216,6.884848484848485
hpmcounter6,normal,seed17,217,6.848484848484849
hpmcounter6,normal,seed17,218,6.739393939393939
hpmcounter6,normal,seed17,219,6.557575757575758
hpmcounter6,normal,seed17,220,6.303030303030303
hpmcounter6,normal,seed17,221,6.218181818181818
hpmcounter6,normal,seed17,222,6.303030303030303
hpmcounter6,normal,seed17,223,6.557575757575758
hpmcounter6,normal,seed17,224,6.739393939393939
hpmcounter6,normal,seed17,225,6.848484848484849
hpmcounter6,normal,seed17,226,6.884848484848485
hpmcounter6,normal,seed17,227,6.848484848484849
hpmcounter6,normal,seed17,228,6.739393939393939
hpmcounter6,normal,seed17,229,6.557575757575758
hpmcounter6,normal,seed17,230,6.303030303030303
hpmcounter6,normal,seed17,231,6.218181818181818
hpmcounter6,normal,seed17,232,6.303030303030303
hpmcounter6,normal,seed17,233,6.557575757575758
hpmcounter6,normal,seed17,234,6.739393939393939
hpmcounter6,normal,seed17,235,6.848484848484849
hpmcounter6,normal,seed17,236,6.884848484848485
hpmcounter6,normal,seed17,237,6.848484848484849
hpmcounter6,normal,seed17,238,6.739393939393939
hpmcounter6,normal,seed17,239,6.557575757575758
hpmcounter6,normal,seed17,240,6.303030303030303
hpmcounter6,normal,seed17,241,6.218181818181818
hpmcounter6,normal,seed17,242,6.303030303030303
hpmcounter6,normal,seed17,243,6.557575757575758
hpmcounter6,normal,seed17,244,6.739393939393939
hpmcounter6,normal,seed17,245,6.848484848484849
hpmcounter6,normal,seed17,246,6.884848484848485
hpmcounter6,normal,seed17,247,6.848484848484849
hpmcounter6,normal,seed17,248,6.739393939393939
hpmcounter6,normal,seed17,249,6.557575757575758
hpmcounter6,normal,seed17,250,6.303030303030303
hpmcounter6,normal,seed17,251,6.218181818181818
hpmcounter6,normal,seed17,252,6.303030303030303
hpmcounter6,normal,seed17,253,6.557575757575758
hpmcounter6,normal,seed17,254,6.739393939393939
hpmcounter6,normal,seed17,255,6.848484848484849
hpmcounter6,normal,seed17,256,6.884848484848485
hpmcounter6,normal,seed17,257,6.848484848484849
hpmcounter6,normal,seed17,258,6.739393939393939
hpmcounter6,normal,seed17,259,6.557575757575758
hpmcounter6,normal,seed17,260,6.303030303030303
hpmcounter6,normal,seed17,261,6.218181818181818
hpmcounter6,normal,seed17,262,6.303030303030303
hpmcounter6,normal,seed17,263,6.557575757575758
hpmcounter6,normal,seed17,264,6.739393939393939
hpmcounter6,normal,seed17,265,6.848484848484849
hpmcounter6,normal,seed17,266,6.884848484848485
hpmcounter6,normal,seed17,267,6.848484848484849
hpmcounter6,normal,seed17,268,6.739393939393939
hpmcounter6,normal,seed17,269,6.557575757575758
hpmcounter6,normal,seed17,270,6.303030303030303
hpmcounter6,normal,seed17,271,6.218181818181818
hpmcounter6,normal,seed17,272,6.303030303030303
hpmcounter6,normal,seed17,273,6.557575757575758
hpmcounter6,normal,seed17,274,6.739393939393939
hpmcounter6,normal,seed17,275,6.848484848484849
hpmcounter6,normal,seed17,276,6.884848484848485
hpmcounter6,normal,seed17,277,6.848484848484849
hpmcounter6,normal,seed17,278,6.739393939393939
hpmcounter6,normal,seed17,279,6.557575757575758
hpmcounter6,normal,seed17,280,6.303030303030303
hpmcounter6,normal,seed17,281,6.218181818181818
hpmcounter6,normal,seed17,282,6.303030303030303
hpmcounter6,normal,seed17,283,6.557575757575758
hpmcounter6,normal,seed17,284,6.739393939393939
hpmcounter6,normal,seed17,285,6.848484848484849
hpmcounter6,normal,seed17,286,6.884848484848485
hpmcounter6,normal,seed17,287,6.848484848484849
hpmcounter6,normal,seed17,288,6.739393939393939
hpmcounter6,normal,seed17,289,6.557575757575758
hpmcounter6,normal,seed17,290,6.303030303030303
hpmcounter6,normal,seed17,291,6.218181818181818
hpmcounter6,normal,seed17,292,6.303030303030303
hpmcounter6,normal,seed17,293,6.557575757575758
hpmcounter6,normal,seed17,294,6.739393939393939
hpmcounter6,normal,seed17,295,6.848484848484849
hpmcounter6,normal,seed17,296,6.884848484848485
hpmcounter6,normal,seed17,297,6.848484848484849
hpmcounter6,normal,seed17,298,6.739393939393939
hpmcounter6,normal,seed18,9,6.557575757575758
hpmcounter6,normal,seed18,10,6.303030303030303
hpmcounter6,normal,seed18,11,6.218181818181818
hpmcounter6,normal,seed18,12,6.303030303030303
hpmcounter6,normal,seed18,13,6.557575757575758
hpmcounter6,normal,seed18,14,6.739393939393939
hpmcounter6,normal,seed18,15,6.848484848484849
hpmcounter6,normal,seed18,16,6.884848484848485
hpmcounter6,normal,seed18,17,6.848484848484849
hpmcounter6,normal,seed18,18,6.739393939393939
hpmcounter6,normal,seed18,19,6.557575757575758
hpmcounter6,normal,seed18,20,6.303030303030303
hpmcounter6,normal,seed18,21,6.218181818181818
hpmcounter6,normal,seed18,22,6.303030303030303
hpmcounter6,normal,seed18,23,6.557575757575758
hpmcounter6,normal,seed18,24,6.739393939393939
hpmcounter6,normal,seed18,25,6.848484848484849
hpmcounter6,normal,seed18,26,6.884848484848485
hpmcounter6,normal,seed18,27,6.848484848484849
hpmcounter6,normal,seed18,28,6.739393939393939
hpmcounter6,normal,seed18,29,6.557575757575758
hpmcounter6,normal,seed18,30,6.303030303030303
hpmcounter6,normal,seed18,31,6.218181818181818
hpmcounter6,normal,seed18,32,6.303030303030303
hpmcounter6,normal,seed18,33,6.557575757575758
hpmcounter6,normal,seed18,34,6.739393939393939
hpmcounter6,normal,seed18,35,6.848484848484849
hpmcounter6,normal,seed18,36,6.884848484848485
hpmcounter6,normal,seed18,37,6.848484848484849
hpmcounter6,normal,seed18,38,6.739393939393939
hpmcounter6,normal,seed18,39,6.557575757575758
hpmcounter6,normal,seed18,40,6.303030303030303
hpmcounter6,normal,seed18,41,6.218181818181818
hpmcounter6,normal,seed18,42,6.303030303030303
hpmcounter6,normal,seed18,43,6.557575757575758
hpmcounter6,normal,seed18,44,6.739393939393939
hpmcounter6,normal,seed18,45,6.848484848484849
hpmcounter6,normal,seed18,46,6.884848484848485
hpmcounter6,normal,seed18,47,6.848484848484849
hpmcounter6,normal,seed18,48,6.739393939393939
hpmcounter6,normal,seed18,49,6.557575757575758
hpmcounter6,normal,seed18,50,6.303030303030303
hpmcounter6,normal,seed18,51,6.218181818181818
hpmcounter6,normal,seed18,52,6.303030303030303
hpmcounter6,normal,seed18,53,6.557575757575758
hpmcounter6,normal,seed18,54,6.739393939393939
hpmcounter6,normal,seed18,55,6.848484848484849
hpmcounter6,normal,seed18,56,6.884848484848485
hpmcounter6,normal,seed18,57,6.848484848484849
hpmcounter6,normal,seed18,58,6.739393939393939
hpmcounter6,normal,seed18,59,6.557575757575758
hpmcounter6,normal,seed18,60,6.303030303030303
hpmcounter6,normal,seed18,61,6.218181818181818
hpmcounter6,normal,seed18,62,6.303030303030303
hpmcounter6,normal,seed18,63,6.557575757575758
hpmcounter6,normal,seed18,64,6.739393939393939
hpmcounter6,normal,seed18,65,6.848484848484849
hpmcounter6,normal,seed18,66,6.884848484848485
hpmcounter6,normal,seed18,67,6.848484848484849
hpmcounter6,normal,seed18,68,6.739393939393939
hpmcounter6,normal,seed18,69,6.557575757575758
hpmcounter6,normal,seed18,70,6.303030303030303
hpmcounter6,normal,seed18,71,6.218181818181818
hpmcounter6,normal,seed18,72,6.303030303030303
hpmcounter6,normal,seed18,73,6.557575757575758
hpmcounter6,normal,seed18,74,6.739393939393939
hpmcounter6,normal,seed18,75,6.848484848484849
hpmcounter6,normal,seed18,76,6.884848484848485
hpmcounter6,normal,seed18,77,6.848484848484849
hpmcounter6,normal,seed18,78,6.739393939393939
hpmcounter6,normal,seed18,79,6.557575757575758
hpmcounter6,normal,seed18,80,6.303030303030303
hpmcounter6,normal,seed18,81,6.218181818181818
hpmcounter6,normal,seed18,82,6.303030303030303
hpmcounter6,normal,seed18,83,6.557575757575758
hpmcounter6,normal,seed18,84,6.739393939393939
hpmcounter6,normal,seed18,85,6.848484848484849
hpmcounter6,normal,seed18,86,6.884848484848485
hpmcounter6,normal,seed18,87,6.848484848484849
hpmcounter6,normal,seed18,88,6.739393939393939
hpmcounter6,normal,seed18,89,6.557575757575758
hpmcounter6,normal,seed18,90,6.303030303030303
hpmcounter6,normal,seed18,91,6.218181818181818
hpmcounter6,normal,seed18,92,6.303030303030303
hpmcounter6,normal,seed18,93,6.557575757575758
hpmcounter6,normal,seed18,94,6.739393939393939
hpmcounter6,normal,seed18,95,6.848484848484849
hpmcounter6,normal,seed18,96,6.884848484848485
hpmcounter6,normal,seed18,97,6.848484848484849
hpmcounter6,normal,seed18,98,6.739393939393939
hpmcounter6,normal,seed18,99,6.557575757575758
hpmcounter6,normal,seed18,100,6.303030303030303
hpmcounter6,normal,seed18,101,6.218181818181818
hpmcounter6,normal,seed18,102,6.303030303030303
hpmcounter6,normal,seed18,103,6.557575757575758
hpmcounter6,normal,seed18,104,6.739393939393939
hpmcounter6,normal,seed18,105,6.848484848484849
hpmcounter6,normal,seed18,106,6.884848484848485
hpmcounter6,normal,seed18,107,6.848484848484849
hpmcounter6,normal,seed18,108,6.739393939393939
hpmcounter6,normal,seed18,109,6.557575757575758
hpmcounter6,normal,seed18,110,6.303030303030303
hpmcounter6,normal,seed18,111,6.218181818181818
hpmcounter6,normal,seed18,112,6.303030303030303
hpmcounter6,normal,seed18,113,6.557575757575758
hpmcounter6,normal,seed18,114,6.739393939393939
hpmcounter6,normal,seed18,115,6.848484848484849
hpmcounter6,normal,seed18,116,6.884848484848485
hpmcounter6,normal,seed18,117,6.848484848484849
hpmcounter6,normal,seed18,118,6.739393939393939
hpmcounter6,normal,seed18,119,6.557575757575758
hpmcounter6,normal,seed18,120,6.303030303030303
hpmcounter6,normal,seed18,121,6.218181818181818
hpmcounter6,normal,seed18,122,6.303030303030303
hpmcounter6,normal,seed18,123,6.557575757575758
hpmcounter6,normal,seed18,124,6.739393939393939
hpmcounter6,normal,seed18,125,6.848484848484849
hpmcounter6,normal,seed18,126,6.884848484848485
hpmcounter6,normal,seed18,127,6.848484848484849
hpmcounter6,normal,seed18,128,6.739393939393939
hpmcounter6,normal,seed18,129,6.557575757575758
hpmcounter6,normal,seed18,130,6.303030303030303
hpmcounter6,normal,seed18,131,6.218181818181818
hpmcounter6,normal,seed18,132,6.303030303030303
hpmcounter6,normal,seed18,133,6.557575757575758
hpmcounter6,normal,seed18,134,6.739393939393939
hpmcounter6,normal,seed18,135,6.848484848484849
hpmcounter6,normal,seed18,136,6.884848484848485
hpmcounter6,normal,seed18,137,6.848484848484849
hpmcounter6,normal,seed18,138,6.739393939393939
hpmcounter6,normal,seed18,139,6.557575757575758
hpmcounter6,normal,seed18,140,6.303030303030303
hpmcounter6,normal,seed18,141,6.218181818181818
hpmcounter6,normal,seed18,142,6.303030303030303
hpmcounter6,normal,seed18,143,6.557575757575758
hpmcounter6,normal,seed18,144,6.739393939393939
hpmcounter6,normal,seed18,145,6.848484848484849
hpmcounter6,normal,seed18,146,6.884848484848485
hpmcounter6,normal,seed18,147,6.848484848484849
hpmcounter6,normal,seed18,148,6.739393939393939
hpmcounter6,normal,seed18,149,6.557575757575758
hpmcounter6,normal,seed18,150,6.303030303030303
hpmcounter6,normal,seed18,151,6.218181818181818
hpmcounter6,normal,seed18,152,6.303030303030303
hpmcounter6,normal,seed18,153,6.557575757575758
hpmcounter6,normal,seed18,154,6.739393939393939
hpmcounter6,normal,seed18,155,6.848484848484849
hpmcounter6,normal,seed18,156,6.884848484848485
hpmcounter6,normal,seed18,157,6.848484848484849
hpmcounter6,normal,seed18,158,6.739393939393939
hpmcounter6,normal,seed18,159,6.557575757575758
hpmcounter6,normal,seed18,160,6.303030303030303
hpmcounter6,normal,seed18,161,6.218181818181818
hpmcounter6,normal,seed18,162,6.303030303030303
hpmcounter6,normal,seed18,163,6.557575757575758
hpmcounter6,normal,seed18,164,6.739393939393939
hpmcounter6,normal,seed18,165,6.848484848484849
hpmcounter6,normal,seed18,166,6.884848484848485
hpmcounter6,normal,seed18,167,6.848484848484849
hpmcounter6,normal,seed18,168,6.739393939393939
hpmcounter6,normal,seed18,169,6.557575757575758
hpmcounter6,normal,seed18,170,6.303030303030303
hpmcounter6,normal,seed18,171,6.218181818181818
hpmcounter6,normal,seed18,172,6.303030303030303
hpmcounter6,normal,seed18,173,6.557575757575758
hpmcounter6,normal,seed18,174,6.739393939393939
hpmcounter6,normal,seed18,175,6.848484848484849
hpmcounter6,normal,seed18,176,6.884848484848485
hpmcounter6,normal,seed18,177,6.848484848484849
hpmcounter6,normal,seed18,178,6.739393939393939
hpmcounter6,normal,seed18,179,6.557575757575758
hpmcounter6,normal,seed18,180,6.303030303030303
hpmcounter6,normal,seed18,181,6.218181818181818
hpmcounter6,normal,seed18,182,6.303030303030303
hpmcounter6,normal,seed18,183,6.557575757575758
hpmcounter6,normal,seed18,184,6.739393939393939
hpmcounter6,normal,seed18,185,6.848484848484849
hpmcounter6,normal,seed18,186,6.884848484848485
hpmcounter6,normal,seed18,187,6.848484848484849
hpmcounter6,normal,seed18,188,6.739393939393939
hpmcounter6,normal,seed18,189,6.557575757575758
hpmcounter6,normal,seed18,190,6.303030303030303
hpmcounter6,normal,seed18,191,6.218181818181818
hpmcounter6,normal,seed18,192,6.303030303030303
hpmcounter6,normal,seed18,193,6.557575757575758
hpmcounter6,normal,seed18,194,6.739393939393939
hpmcounter6,normal,seed18,195,6.848484848484849
hpmcounter6,normal,seed18,196,6.884848484848485
hpmcounter6,normal,seed18,197,6.848484848484849
hpmcounter6,normal,seed18,198,6.739393939393939
hpmcounter6,normal,seed18,199,6.557575757575758
hpmcounter6,normal,seed18,200,6.303030303030303
hpmcounter6,normal,seed18,201,6.218181818181818
hpmcounter6,normal,seed18,202,6.303030303030303
hpmcounter6,normal,seed18,203,6.557575757575758
hpmcounter6,normal,seed18,204,6.739393939393939
hpmcounter6,normal,seed18,205,6.848484848484849
hpmcounter6,normal,seed18,206,6.884848484848485
hpmcounter6,normal,seed18,207,6.848484848484849
hpmcounter6,normal,seed18,208,6.739393939393939
hpmcounter6,normal,seed18,209,6.557575757575758
hpmcounter6,normal,seed18,210,6.303030303030303
hpmcounter6,normal,seed18,211,6.218181818181818
hpmcounter6,normal,seed18,212,6.303030303030303
hpmcounter6,normal,seed18,213,6.557575757575758
hpmcounter6,normal,seed18,214,6.739393939393939
hpmcounter6,normal,seed18,215,6.848484848484849
hpmcounter6,normal,seed18,216,6.884848484848485
hpmcounter6,normal,seed18,217,6.848484848484849
hpmcounter6,normal,seed18,218,6.739393939393939
hpmcounter6,normal,seed18,219,6.557575757575758
hpmcounter6,normal,seed18,220,6.303030303030303
hpmcounter6,normal,seed18,221,6.218181818181818
hpmcounter6,normal,seed18,222,6.303030303030303
hpmcounter6,normal,seed18,223,6.557575757575758
hpmcounter6,normal,seed18,224,6.739393939393939
hpmcounter6,normal,seed18,225,6.848484848484849
hpmcounter6,normal,seed18,226,6.884848484848485
hpmcounter6,normal,seed18,227,6.848484848484849
hpmcounter6,normal,seed18,228,6.739393939393939
hpmcounter6,normal,seed18,229,6.557575757575758
hpmcounter6,normal,seed18,230,6.303030303030303
hpmcounter6,normal,seed18,231,6.218181818181818
hpmcounter6,normal,seed18,232,6.303030303030303
hpmcounter6,normal,seed18,233,6.557575757575758
hpmcounter6,normal,seed18,234,6.739393939393939
hpmcounter6,normal,seed18,235,6.848484848484849
hpmcounter6,normal,seed18,236,6.884848484848485
hpmcounter6,normal,seed18,237,6.848484848484849
hpmcounter6,normal,seed18,238,6.739393939393939
hpmcounter6,normal,seed18,239,6.557575757575758
hpmcounter6,normal,seed18,240,6.303030303030303
hpmcounter6,normal,seed18,241,6.218181818181818
hpmcounter6,normal,seed18,242,6.303030303030303
hpmcounter6,normal,seed18,243,6.557575757575758
hpmcounter6,normal,seed18,244,6.739393939393939
hpmcounter6,normal,seed18,245,6.848484848484849
hpmcounter6,normal,seed18,246,6.884848484848485
hpmcounter6,normal,seed18,247,6.848484848484849
hpmcounter6,normal,seed18,248,6.739393939393939
hpmcounter6,normal,seed18,249,6.557575757575758
hpmcounter6,normal,seed18,250,6.303030303030303
hpmcounter6,normal,seed18,251,6.218181818181818
hpmcounter6,normal,seed18,252,6.303030303030303
hpmcounter6,normal,seed18,253,6.557575757575758
hpmcounter6,normal,seed18,254,6.739393939393939
hpmcounter6,normal,seed18,255,6.848484848484849
hpmcounter6,normal,seed18,256,6.884848484848485
hpmcounter6,normal,seed18,257,6.848484848484849
hpmcounter6,normal,seed18,258,6.739393939393939
hpmcounter6,normal,seed18,259,6.557575757575758
hpmcounter6,normal,seed18,260,6.303030303030303
hpmcounter6,normal,seed18,261,6.218181818181818
hpmcounter6,normal,seed18,262,6.303030303030303
hpmcounter6,normal,seed18,263,6.557575757575758
hpmcounter6,normal,seed18,264,6.739393939393939
hpmcounter6,normal,seed18,265,6.848484848484849
hpmcounter6,normal,seed18,266,6.884848484848485
hpmcounter6,normal,seed18,267,6.848484848484849
hpmcounter6,normal,seed18,268,6.739393939393939
hpmcounter6,normal,seed18,269,6.557575757575758
hpmcounter6,normal,seed18,270,6.303030303030303
hpmcounter6,normal,seed18,271,6.218181818181818
hpmcounter6,normal,seed18,272,6.303030303030303
hpmcounter6,normal,seed18,273,6.557575757575758
hpmcounter6,normal,seed18,274,6.739393939393939
hpmcounter6,normal,seed18,275,6.848484848484849
hpmcounter6,normal,seed18,276,6.884848484848485
hpmcounter6,normal,seed18,277,6.848484848484849
hpmcounter6,normal,seed18,278,6.739393939393939
hpmcounter6,normal,seed18,279,6.557575757575758
hpmcounter6,normal,seed18,280,6.303030303030303
hpmcounter6,normal,seed18,281,6.218181818181818
hpmcounter6,normal,seed18,282,6.303030303030303
hpmcounter6,normal,seed18,283,6.557575757575758
hpmcounter6,normal,seed18,284,6.739393939393939
hpmcounter6,normal,seed18,285,6.848484848484849
hpmcounter6,normal,seed18,286,6.884848484848485
hpmcounter6,normal,seed18,287,6.848484848484849
hpmcounter6,normal,seed18,288,6.739393939393939
hpmcounter6,normal,seed18,289,6.557575757575758
hpmcounter6,normal,seed18,290,6.303030303030303
hpmcounter6,normal,seed18,291,6.218181818181818
hpmcounter6,normal,seed18,292,6.303030303030303
hpmcounter6,normal,seed18,293,6.557575757575758
hpmcounter6,normal,seed18,294,6.739393939393939
hpmcounter6,normal,seed18,295,6.848484848484849
hpmcounter6,normal,seed18,296,6.884848484848485
hpmcounter6,normal,seed18,297,6.848484848484849
hpmcounter6,normal,seed18,298,6.739393939393939
hpmcounter6,normal,seed19,9,6.557575757575758
hpmcounter6,normal,seed19,10,6.303030303030303
hpmcounter6,normal,seed19,11,6.218181818181818
hpmcounter6,normal,seed19,12,6.303030303030303
hpmcounter6,normal,seed19,13,6.557575757575758
hpmcounter6,normal,seed19,14,6.739393939393939
hpmcounter6,normal,seed19,15,6.848484848484849
hpmcounter6,normal,seed19,16,6.884848484848485
hpmcounter6,normal,seed19,17,6.848484848484849
hpmcounter6,normal,seed19,18,6.739393939393939
hpmcounter6,normal,seed19,19,6.557575757575758
hpmcounter6,normal,seed19,20,6.303030303030303
hpmcounter6,normal,seed19,21,6.218181818181818
hpmcounter6,normal,seed19,22,6.303030303030303
hpmcounter6,normal,seed19,23,6.557575757575758
hpmcounter6,normal,seed19,24,6.739393939393939
hpmcounter6,normal,seed19,25,6.848484848484849
hpmcounter6,normal,seed19,26,6.884848484848485
hpmcounter6,normal,seed19,27,6.848484848484849
hpmcounter6,normal,seed19,28,6.739393939393939
hpmcounter6,normal,seed19,29,6.557575757575758
hpmcounter6,normal,seed19,30,6.303030303030303
hpmcounter6,normal,seed19,31,6.218181818181818
hpmcounter6,normal,seed19,32,6.303030303030303
hpmcounter6,normal,seed19,33,6.557575757575758
hpmcounter6,normal,seed19,34,6.739393939393939
hpmcounter6,normal,seed19,35,6.848484848484849
hpmcounter6,normal,seed19,36,6.884848484848485
hpmcounter6,normal,seed19,37,6.848484848484849
hpmcounter6,normal,seed19,38,6.739393939393939
hpmcounter6,normal,seed19,39,6.557575757575758
hpmcounter6,normal,seed19,40,6.303030303030303
hpmcounter6,normal,seed19,41,6.218181818181818
hpmcounter6,normal,seed19,42,6.303030303030303
hpmcounter6,normal,seed19,43,6.557575757575758
hpmcounter6,normal,seed19,44,6.739393939393939
hpmcounter6,normal,seed19,45,6.848484848484849
hpmcounter6,normal,seed19,46,6.884848484848485
hpmcounter6,normal,seed19,47,6.848484848484849
hpmcounter6,normal,seed19,48,6.739393939393939
hpmcounter6,normal,seed19,49,6.557575757575758
hpmcounter6,normal,seed19,50,6.303030303030303
hpmcounter6,normal,seed19,51,6.218181818181818
hpmcounter6,normal,seed19,52,6.303030303030303
hpmcounter6,normal,seed19,53,6.557575757575758
hpmcounter6,normal,seed19,54,6.739393939393939
hpmcounter6,normal,seed19,55,6.848484848484849
hpmcounter6,normal,seed19,56,6.884848484848485
hpmcounter6,normal,seed19,57,6.848484848484849
hpmcounter6,normal,seed19,58,6.739393939393939
hpmcounter6,normal,seed19,59,6.557575757575758
hpmcounter6,normal,seed19,60,6.303030303030303
hpmcounter6,normal,seed19,61,6.218181818181818
hpmcounter6,normal,seed19,62,6.303030303030303
hpmcounter6,normal,seed19,63,6.557575757575758
hpmcounter6,normal,seed19,64,6.739393939393939
hpmcounter6,normal,seed19,65,6.848484848484849
hpmcounter6,normal,seed19,66,6.884848484848485
hpmcounter6,normal,seed19,67,6.848484848484849
hpmcounter6,normal,seed19,68,6.739393939393939
hpmcounter6,normal,seed19,69,6.557575757575758
hpmcounter6,normal,seed19,70,6.303030303030303
hpmcounter6,normal,seed19,71,6.218181818181818
hpmcounter6,normal,seed19,72,6.303030303030303
hpmcounter6,normal,seed19,73,6.557575757575758
hpmcounter6,normal,seed19,74,6.739393939393939
hpmcounter6,normal,seed19,75,6.848484848484849
hpmcounter6,normal,seed19,76,6.884848484848485
hpmcounter6,normal,seed19,77,6.848484848484849
hpmcounter6,normal,seed19,78,6.739393939393939
hpmcounter6,normal,seed19,79,6.557575757575758
hpmcounter6,normal,seed19,80,6.303030303030303
hpmcounter6,normal,seed19,81,6.218181818181818
hpmcounter6,normal,seed19,82,6.303030303030303
hpmcounter6,normal,seed19,83,6.557575757575758
hpmcounter6,normal,seed19,84,6.739393939393939
hpmcounter6,normal,seed19,85,6.848484848484849
hpmcounter6,normal,seed19,86,6.884848484848485
hpmcounter6,normal,seed19,87,6.848484848484849
hpmcounter6,normal,seed19,88,6.739393939393939
hpmcounter6,normal,seed19,89,6.557575757575758
hpmcounter6,normal,seed19,90,6.303030303030303
hpmcounter6,normal,seed19,91,6.218181818181818
hpmcounter6,normal,seed19,92,6.303030303030303
hpmcounter6,normal,seed19,93,6.557575757575758
hpmcounter6,normal,seed19,94,6.739393939393939
hpmcounter6,normal,seed19,95,6.848484848484849
hpmcounter6,normal,seed19,96,6.884848484848485
hpmcounter6,normal,seed19,97,6.848484848484849
hpmcounter6,normal,seed19,98,6.739393939393939
hpmcounter6,normal,seed19,99,6.557575757575758
hpmcounter6,normal,seed19,100,6.303030303030303
hpmcounter6,normal,seed19,101,6.218181818181818
hpmcounter6,normal,seed19,102,6.303030303030303
hpmcounter6,normal,seed19,103,6.557575757575758
hpmcounter6,normal,seed19,104,6.739393939393939
hpmcounter6,normal,seed19,105,6.848484848484849
hpmcounter6,normal,seed19,106,6.884848484848485
hpmcounter6,normal,seed19,107,6.848484848484849
hpmcounter6,normal,seed19,108,6.739393939393939
hpmcounter6,normal,seed19,109,6.557575757575758
hpmcounter6,normal,seed19,110,6.303030303030303
hpmcounter6,normal,seed19,111,6.218181818181818
hpmcounter6,normal,seed19,112,6.303030303030303
hpmcounter6,normal,seed19,113,6.557575757575758
hpmcounter6,normal,seed19,114,6.739393939393939
hpmcounter6,normal,seed19,115,6.848484848484849
hpmcounter6,normal,seed19,116,6.884848484848485
hpmcounter6,normal,seed19,117,6.848484848484849
hpmcounter6,normal,seed19,118,6.739393939393939
hpmcounter6,normal,seed19,119,6.557575757575758
hpmcounter6,normal,seed19,120,6.303030303030303
hpmcounter6,normal,seed19,121,6.218181818181818
hpmcounter6,normal,seed19,122,6.303030303030303
hpmcounter6,normal,seed19,123,6.557575757575758
hpmcounter6,normal,seed19,124,6.739393939393939
hpmcounter6,normal,seed19,125,6.848484848484849
hpmcounter6,normal,seed19,126,6.884848484848485
hpmcounter6,normal,seed19,127,6.848484848484849
hpmcounter6,normal,seed19,128,6.739393939393939
hpmcounter6,normal,seed19,129,6.557575757575758
hpmcounter6,normal,seed19,130,6.303030303030303
hpmcounter6,normal,seed19,131,6.218181818181818
hpmcounter6,normal,seed19,132,6.303030303030303
hpmcounter6,normal,seed19,133,6.557575757575758
hpmcounter6,normal,seed19,134,6.739393939393939
hpmcounter6,normal,seed19,135,6.848484848484849
hpmcounter6,normal,seed19,136,6.884848484848485
hpmcounter6,normal,seed19,137,6.848484848484849
hpmcounter6,normal,seed19,138,6.739393939393939
hpmcounter6,normal,seed19,139,6.557575757575758
hpmcounter6,normal,seed19,140,6.303030303030303
hpmcounter6,normal,seed19,141,6.218181818181818
hpmcounter6,normal,seed19,142,6.303030303030303
hpmcounter6,normal,seed19,143,6.557575757575758
hpmcounter6,normal,seed19,144,6.739393939393939
hpmcounter6,normal,seed19,145,6.848484848484849
hpmcounter6,normal,seed19,146,6.884848484848485
hpmcounter6,normal,seed19,147,6.848484848484849
hpmcounter6,normal,seed19,148,6.739393939393939
hpmcounter6,normal,seed19,149,6.557575757575758
hpmcounter6,normal,seed19,150,6.303030303030303
hpmcounter6,normal,seed19,151,6.218181818181818
hpmcounter6,normal,seed19,152,6.303030303030303
hpmcounter6,normal,seed19,153,6.557575757575758
hpmcounter6,normal,seed19,154,6.739393939393939
hpmcounter6,normal,seed19,155,6.848484848484849
hpmcounter6,normal,seed19,156,6.884848484848485
hpmcounter6,normal,seed19,157,6.848484848484849
hpmcounter6,normal,seed19,158,6.739393939393939
hpmcounter6,normal,seed19,159,6.557575757575758
hpmcounter6,normal,seed19,160,6.303030303030303
hpmcounter6,normal,seed19,161,6.218181818181818
hpmcounter6,normal,seed19,162,6.303030303030303
hpmcounter6,normal,seed19,163,6.557575757575758
hpmcounter6,normal,seed19,164,6.739393939393939
hpmcounter6,normal,seed19,165,6.848484848484849
hpmcounter6,normal,seed19,166,6.884848484848485
hpmcounter6,normal,seed19,167,6.848484848484849
hpmcounter6,normal,seed19,168,6.739393939393939
hpmcounter6,normal,seed19,169,6.557575757575758
hpmcounter6,normal,seed19,170,6.303030303030303
hpmcounter6,normal,seed19,171,6.218181818181818
hpmcounter6,normal,seed19,172,6.303030303030303
hpmcounter6,normal,seed19,173,6.557575757575758
hpmcounter6,normal,seed19,174,6.739393939393939
hpmcounter6,normal,seed19,175,6.848484848484849
hpmcounter6,normal,seed19,176,6.884848484848485
hpmcounter6,normal,seed19,177,6.848484848484849
hpmcounter6,normal,seed19,178,6.739393939393939
hpmcounter6,normal,seed19,179,6.557575757575758
hpmcounter6,normal,seed19,180,6.303030303030303
hpmcounter6,normal,seed19,181,6.218181818181818
hpmcounter6,normal,seed19,182,6.303030303030303
hpmcounter6,normal,seed19,183,6.557575757575758
hpmcounter6,normal,seed19,184,6.739393939393939
hpmcounter6,normal,seed19,185,6.848484848484849
hpmcounter6,normal,seed19,186,6.884848484848485
hpmcounter6,normal,seed19,187,6.848484848484849
hpmcounter6,normal,seed19,188,6.739393939393939
hpmcounter6,normal,seed19,189,6.557575757575758
hpmcounter6,normal,seed19,190,6.303030303030303
hpmcounter6,normal,seed19,191,6.218181818181818
hpmcounter6,normal,seed19,192,6.303030303030303
hpmcounter6,normal,seed19,193,6.557575757575758
hpmcounter6,normal,seed19,194,6.739393939393939
hpmcounter6,normal,seed19,195,6.848484848484849
hpmcounter6,normal,seed19,196,6.884848484848485
hpmcounter6,normal,seed19,197,6.848484848484849
hpmcounter6,normal,seed19,198,6.739393939393939
hpmcounter6,normal,seed19,199,6.557575757575758
hpmcounter6,normal,seed19,200,6.303030303030303
hpmcounter6,normal,seed19,201,6.218181818181818
hpmcounter6,normal,seed19,202,6.303030303030303
hpmcounter6,normal,seed19,203,6.557575757575758
hpmcounter6,normal,seed19,204,6.739393939393939
hpmcounter6,normal,seed19,205,6.848484848484849
hpmcounter6,normal,seed19,206,6.884848484848485
hpmcounter6,normal,seed19,207,6.848484848484849
hpmcounter6,normal,seed19,208,6.739393939393939
hpmcounter6,normal,seed19,209,6.557575757575758
hpmcounter6,normal,seed19,210,6.303030303030303
hpmcounter6,normal,seed19,211,6.218181818181818
hpmcounter6,normal,seed19,212,6.303030303030303
hpmcounter6,normal,seed19,213,6.557575757575758
hpmcounter6,normal,seed19,214,6.739393939393939
hpmcounter6,normal,seed19,215,6.848484848484849
hpmcounter6,normal,seed19,216,6.884848484848485
hpmcounter6,normal,seed19,217,6.848484848484849
hpmcounter6,normal,seed19,218,6.739393939393939
hpmcounter6,normal,seed19,219,6.557575757575758
hpmcounter6,normal,seed19,220,6.303030303030303
hpmcounter6,normal,seed19,221,6.218181818181818
hpmcounter6,normal,seed19,222,6.303030303030303
hpmcounter6,normal,seed19,223,6.557575757575758
hpmcounter6,normal,seed19,224,6.739393939393939
hpmcounter6,normal,seed19,225,6.848484848484849
hpmcounter6,normal,seed19,226,6.884848484848485
hpmcounter6,normal,seed19,227,6.848484848484849
hpmcounter6,normal,seed19,228,6.739393939393939
hpmcounter6,normal,seed19,229,6.557575757575758
hpmcounter6,normal,seed19,230,6.303030303030303
hpmcounter6,normal,seed19,231,6.218181818181818
hpmcounter6,normal,seed19,232,6.303030303030303
hpmcounter6,normal,seed19,233,6.557575757575758
hpmcounter6,normal,seed19,234,6.739393939393939
hpmcounter6,normal,seed19,235,6.848484848484849
hpmcounter6,normal,seed19,236,6.884848484848485
hpmcounter6,normal,seed19,237,6.848484848484849
hpmcounter6,normal,seed19,238,6.739393939393939
hpmcounter6,normal,seed19,239,6.557575757575758
hpmcounter6,normal,seed19,240,6.303030303030303
hpmcounter6,normal,seed19,241,6.218181818181818
hpmcounter6,normal,seed19,242,6.303030303030303
hpmcounter6,normal,seed19,243,6.557575757575758
hpmcounter6,normal,seed19,244,6.739393939393939
hpmcounter6,normal,seed19,245,6.848484848484849
hpmcounter6,normal,seed19,246,6.884848484848485
hpmcounter6,normal,seed19,247,6.848484848484849
hpmcounter6,normal,seed19,248,6.739393939393939
hpmcounter6,normal,seed19,249,6.557575757575758
hpmcounter6,normal,seed19,250,6.303030303030303
hpmcounter6,normal,seed19,251,6.218181818181818
hpmcounter6,normal,seed19,252,6.303030303030303
hpmcounter6,normal,seed19,253,6.557575757575758
hpmcounter6,normal,seed19,254,6.739393939393939
hpmcounter6,normal,seed19,255,6.848484848484849
hpmcounter6,normal,seed19,256,6.884848484848485
hpmcounter6,normal,seed19,257,6.848484848484849
hpmcounter6,normal,seed19,258,6.739393939393939
hpmcounter6,normal,seed19,259,6.557575757575758
hpmcounter6,normal,seed19,260,6.303030303030303
hpmcounter6,normal,seed19,261,6.218181818181818
hpmcounter6,normal,seed19,262,6.303030303030303
hpmcounter6,normal,seed19,263,6.557575757575758
hpmcounter6,normal,seed19,264,6.739393939393939
hpmcounter6,normal,seed19,265,6.848484848484849
hpmcounter6,normal,seed19,266,6.884848484848485
hpmcounter6,normal,seed19,267,6.848484848484849
hpmcounter6,normal,seed19,268,6.739393939393939
hpmcounter6,normal,seed19,269,6.557575757575758
hpmcounter6,normal,seed19,270,6.303030303030303
hpmcounter6,normal,seed19,271,6.218181818181818
hpmcounter6,normal,seed19,272,6.303030303030303
hpmcounter6,normal,seed19,273,6.557575757575758
hpmcounter6,normal,seed19,274,6.739393939393939
hpmcounter6,normal,seed19,275,6.848484848484849
hpmcounter6,normal,seed19,276,6.884848484848485
hpmcounter6,normal,seed19,277,6.848484848484849
hpmcounter6,normal,seed19,278,6.739393939393939
hpmcounter6,normal,seed19,279,6.557575757575758
hpmcounter6,normal,seed19,280,6.303030303030303
hpmcounter6,normal,seed19,281,6.218181818181818
hpmcounter6,normal,seed19,282,6.303030303030303
hpmcounter6,normal,seed19,283,6.557575757575758
hpmcounter6,normal,seed19,284,6.739393939393939
hpmcounter6,normal,seed19,285,6.848484848484849
hpmcounter6,normal,seed19,286,6.884848484848485
hpmcounter6,normal,seed19,287,6.848484848484849
hpmcounter6,normal,seed19,288,6.739393939393939
hpmcounter6,normal,seed19,289,6.557575757575758
hpmcounter6,normal,seed19,290,6.303030303030303
hpmcounter6,normal,seed19,291,6.218181818181818
hpmcounter6,normal,seed19,292,6.303030303030303
hpmcounter6,normal,seed19,293,6.557575757575758
hpmcounter6,normal,seed19,294,6.739393939393939
hpmcounter6,normal,seed19,295,6.848484848484849
hpmcounter6,normal,seed19,296,6.884848484848485
hpmcounter6,normal,seed19,297,6.848484848484849
hpmcounter6,normal,seed19,298,6.739393939393939
hpmcounter6,normal,seed2,9,6.557575757575758
hpmcounter6,normal,seed2,10,6.303030303030303
hpmcounter6,normal,seed2,11,6.218181818181818
hpmcounter6,normal,seed2,12,6.303030303030303
hpmcounter6,normal,seed2,13,6.557575757575758
hpmcounter6,normal,seed2,14,6.739393939393939
hpmcounter6,normal,seed2,15,6.848484848484849
hpmcounter6,normal,seed2,16,6.884848484848485
hpmcounter6,normal,seed2,17,6.848484848484849
hpmcounter6,normal,seed2,18,6.739393939393939
hpmcounter6,normal,seed2,19,6.557575757575758
hpmcounter6,normal,seed2,20,6.303030303030303
hpmcounter6,normal,seed2,21,6.218181818181818
hpmcounter6,normal,seed2,22,6.303030303030303
hpmcounter6,normal,seed2,23,6.557575757575758
hpmcounter6,normal,seed2,24,6.739393939393939
hpmcounter6,normal,seed2,25,6.848484848484849
hpmcounter6,normal,seed2,26,6.884848484848485
hpmcounter6,normal,seed2,27,6.848484848484849
hpmcounter6,normal,seed2,28,6.739393939393939
hpmcounter6,normal,seed2,29,6.557575757575758
hpmcounter6,normal,seed2,30,6.303030303030303
hpmcounter6,normal,seed2,31,6.218181818181818
hpmcounter6,normal,seed2,32,6.303030303030303
hpmcounter6,normal,seed2,33,6.557575757575758
hpmcounter6,normal,seed2,34,6.739393939393939
hpmcounter6,normal,seed2,35,6.848484848484849
hpmcounter6,normal,seed2,36,6.884848484848485
hpmcounter6,normal,seed2,37,6.848484848484849
hpmcounter6,normal,seed2,38,6.739393939393939
hpmcounter6,normal,seed2,39,6.557575757575758
hpmcounter6,normal,seed2,40,6.303030303030303
hpmcounter6,normal,seed2,41,6.218181818181818
hpmcounter6,normal,seed2,42,6.303030303030303
hpmcounter6,normal,seed2,43,6.557575757575758
hpmcounter6,normal,seed2,44,6.739393939393939
hpmcounter6,normal,seed2,45,6.848484848484849
hpmcounter6,normal,seed2,46,6.884848484848485
hpmcounter6,normal,seed2,47,6.848484848484849
hpmcounter6,normal,seed2,48,6.739393939393939
hpmcounter6,normal,seed2,49,6.557575757575758
hpmcounter6,normal,seed2,50,6.303030303030303
hpmcounter6,normal,seed2,51,6.218181818181818
hpmcounter6,normal,seed2,52,6.303030303030303
hpmcounter6,normal,seed2,53,6.557575757575758
hpmcounter6,normal,seed2,54,6.739393939393939
hpmcounter6,normal,seed2,55,6.848484848484849
hpmcounter6,normal,seed2,56,6.884848484848485
hpmcounter6,normal,seed2,57,6.848484848484849
hpmcounter6,normal,seed2,58,6.739393939393939
hpmcounter6,normal,seed2,59,6.557575757575758
hpmcounter6,normal,seed2,60,6.303030303030303
hpmcounter6,normal,seed2,61,6.218181818181818
hpmcounter6,normal,seed2,62,6.303030303030303
hpmcounter6,normal,seed2,63,6.557575757575758
hpmcounter6,normal,seed2,64,6.739393939393939
hpmcounter6,normal,seed2,65,6.848484848484849
hpmcounter6,normal,seed2,66,6.884848484848485
hpmcounter6,normal,seed2,67,6.848484848484849
hpmcounter6,normal,seed2,68,6.739393939393939
hpmcounter6,normal,seed2,69,6.557575757575758
hpmcounter6,normal,seed2,70,6.303030303030303
hpmcounter6,normal,seed2,71,6.218181818181818
hpmcounter6,normal,seed2,72,6.303030303030303
hpmcounter6,normal,seed2,73,6.557575757575758
hpmcounter6,normal,seed2,74,6.739393939393939
hpmcounter6,normal,seed2,75,6.848484848484849
hpmcounter6,normal,seed2,76,6.884848484848485
hpmcounter6,normal,seed2,77,6.848484848484849
hpmcounter6,normal,seed2,78,6.739393939393939
hpmcounter6,normal,seed2,79,6.557575757575758
hpmcounter6,normal,seed2,80,6.303030303030303
hpmcounter6,normal,seed2,81,6.218181818181818
hpmcounter6,normal,seed2,82,6.303030303030303
hpmcounter6,normal,seed2,83,6.557575757575758
hpmcounter6,normal,seed2,84,6.739393939393939
hpmcounter6,normal,seed2,85,6.848484848484849
hpmcounter6,normal,seed2,86,6.884848484848485
hpmcounter6,normal,seed2,87,6.848484848484849
hpmcounter6,normal,seed2,88,6.739393939393939
hpmcounter6,normal,seed2,89,6.557575757575758
hpmcounter6,normal,seed2,90,6.303030303030303
hpmcounter6,normal,seed2,91,6.218181818181818
hpmcounter6,normal,seed2,92,6.303030303030303
hpmcounter6,normal,seed2,93,6.557575757575758
hpmcounter6,normal,seed2,94,6.739393939393939
hpmcounter6,normal,seed2,95,6.848484848484849
hpmcounter6,normal,seed2,96,6.884848484848485
hpmcounter6,normal,seed2,97,6.848484848484849
hpmcounter6,normal,seed2,98,6.739393939393939
hpmcounter6,normal,seed2,99,6.557575757575758
hpmcounter6,normal,seed2,100,6.303030303030303
hpmcounter6,normal,seed2,101,6.218181818181818
hpmcounter6,normal,seed2,102,6.303030303030303
hpmcounter6,normal,seed2,103,6.557575757575758
hpmcounter6,normal,seed2,104,6.739393939393939
hpmcounter6,normal,seed2,105,6.848484848484849
hpmcounter6,normal,seed2,106,6.884848484848485
hpmcounter6,normal,seed2,107,6.848484848484849
hpmcounter6,normal,seed2,108,6.739393939393939
hpmcounter6,normal,seed2,109,6.557575757575758
hpmcounter6,normal,seed2,110,6.303030303030303
hpmcounter6,normal,seed2,111,6.218181818181818
hpmcounter6,normal,seed2,112,6.303030303030303
hpmcounter6,normal,seed2,113,6.557575757575758
hpmcounter6,normal,seed2,114,6.739393939393939
hpmcounter6,normal,seed2,115,6.848484848484849
hpmcounter6,normal,seed2,116,6.884848484848485
hpmcounter6,normal,seed2,117,6.848484848484849
hpmcounter6,normal,seed2,118,6.739393939393939
hpmcounter6,normal,seed2,119,6.557575757575758
hpmcounter6,normal,seed2,120,6.303030303030303
hpmcounter6,normal,seed2,121,6.218181818181818
hpmcounter6,normal,seed2,122,6.303030303030303
hpmcounter6,normal,seed2,123,6.557575757575758
hpmcounter6,normal,seed2,124,6.739393939393939
hpmcounter6,normal,seed2,125,6.848484848484849
hpmcounter6,normal,seed2,126,6.884848484848485
hpmcounter6,normal,seed2,127,6.848484848484849
hpmcounter6,normal,seed2,128,6.739393939393939
hpmcounter6,normal,seed2,129,6.557575757575758
hpmcounter6,normal,seed2,130,6.303030303030303
hpmcounter6,normal,seed2,131,6.218181818181818
hpmcounter6,normal,seed2,132,6.303030303030303
hpmcounter6,normal,seed2,133,6.557575757575758
hpmcounter6,normal,seed2,134,6.739393939393939
hpmcounter6,normal,seed2,135,6.848484848484849
hpmcounter6,normal,seed2,136,6.884848484848485
hpmcounter6,normal,seed2,137,6.848484848484849
hpmcounter6,normal,seed2,138,6.739393939393939
hpmcounter6,normal,seed2,139,6.557575757575758
hpmcounter6,normal,seed2,140,6.303030303030303
hpmcounter6,normal,seed2,141,6.218181818181818
hpmcounter6,normal,seed2,142,6.303030303030303
hpmcounter6,normal,seed2,143,6.557575757575758
hpmcounter6,normal,seed2,144,6.739393939393939
hpmcounter6,normal,seed2,145,6.848484848484849
hpmcounter6,normal,seed2,146,6.884848484848485
hpmcounter6,normal,seed2,147,6.848484848484849
hpmcounter6,normal,seed2,148,6.739393939393939
hpmcounter6,normal,seed2,149,6.557575757575758
hpmcounter6,normal,seed2,150,6.303030303030303
hpmcounter6,normal,seed2,151,6.218181818181818
hpmcounter6,normal,seed2,152,6.303030303030303
hpmcounter6,normal,seed2,153,6.557575757575758
hpmcounter6,normal,seed2,154,6.739393939393939
hpmcounter6,normal,seed2,155,6.848484848484849
hpmcounter6,normal,seed2,156,6.884848484848485
hpmcounter6,normal,seed2,157,6.848484848484849
hpmcounter6,normal,seed2,158,6.739393939393939
hpmcounter6,normal,seed2,159,6.557575757575758
hpmcounter6,normal,seed2,160,6.303030303030303
hpmcounter6,normal,seed2,161,6.218181818181818
hpmcounter6,normal,seed2,162,6.303030303030303
hpmcounter6,normal,seed2,163,6.557575757575758
hpmcounter6,normal,seed2,164,6.739393939393939
hpmcounter6,normal,seed2,165,6.848484848484849
hpmcounter6,normal,seed2,166,6.884848484848485
hpmcounter6,normal,seed2,167,6.848484848484849
hpmcounter6,normal,seed2,168,6.739393939393939
hpmcounter6,normal,seed2,169,6.557575757575758
hpmcounter6,normal,seed2,170,6.303030303030303
hpmcounter6,normal,seed2,171,6.218181818181818
hpmcounter6,normal,seed2,172,6.303030303030303
hpmcounter6,normal,seed2,173,6.557575757575758
hpmcounter6,normal,seed2,174,6.739393939393939
hpmcounter6,normal,seed2,175,6.848484848484849
hpmcounter6,normal,seed2,176,6.884848484848485
hpmcounter6,normal,seed2,177,6.848484848484849
hpmcounter6,normal,seed2,178,6.739393939393939
hpmcounter6,normal,seed2,179,6.557575757575758
hpmcounter6,normal,seed2,180,6.303030303030303
hpmcounter6,normal,seed2,181,6.218181818181818
hpmcounter6,normal,seed2,182,6.303030303030303
hpmcounter6,normal,seed2,183,6.557575757575758
hpmcounter6,normal,seed2,184,6.739393939393939
hpmcounter6,normal,seed2,185,6.848484848484849
hpmcounter6,normal,seed2,186,6.884848484848485
hpmcounter6,normal,seed2,187,6.848484848484849
hpmcounter6,normal,seed2,188,6.739393939393939
hpmcounter6,normal,seed2,189,6.557575757575758
hpmcounter6,normal,seed2,190,6.303030303030303
hpmcounter6,normal,seed2,191,6.218181818181818
hpmcounter6,normal,seed2,192,6.303030303030303
hpmcounter6,normal,seed2,193,6.557575757575758
hpmcounter6,normal,seed2,194,6.739393939393939
hpmcounter6,normal,seed2,195,6.848484848484849
hpmcounter6,normal,seed2,196,6.884848484848485
hpmcounter6,normal,seed2,197,6.848484848484849
hpmcounter6,normal,seed2,198,6.739393939393939
hpmcounter6,normal,seed2,199,6.557575757575758
hpmcounter6,normal,seed2,200,6.303030303030303
hpmcounter6,normal,seed2,201,6.218181818181818
hpmcounter6,normal,seed2,202,6.303030303030303
hpmcounter6,normal,seed2,203,6.557575757575758
hpmcounter6,normal,seed2,204,6.739393939393939
hpmcounter6,normal,seed2,205,6.848484848484849
hpmcounter6,normal,seed2,206,6.884848484848485
hpmcounter6,normal,seed2,207,6.848484848484849
hpmcounter6,normal,seed2,208,6.739393939393939
hpmcounter6,normal,seed2,209,6.557575757575758
hpmcounter6,normal,seed2,210,6.303030303030303
hpmcounter6,normal,seed2,211,6.218181818181818
hpmcounter6,normal,seed2,212,6.303030303030303
hpmcounter6,normal,seed2,213,6.557575757575758
hpmcounter6,normal,seed2,214,6.739393939393939
hpmcounter6,normal,seed2,215,6.848484848484849
hpmcounter6,normal,seed2,216,6.884848484848485
hpmcounter6,normal,seed2,217,6.848484848484849
hpmcounter6,normal,seed2,218,6.739393939393939
hpmcounter6,normal,seed2,219,6.557575757575758
hpmcounter6,normal,seed2,220,6.303030303030303
hpmcounter6,normal,seed2,221,6.218181818181818
hpmcounter6,normal,seed2,222,6.303030303030303
hpmcounter6,normal,seed2,223,6.557575757575758
hpmcounter6,normal,seed2,224,6.739393939393939
hpmcounter6,normal,seed2,225,6.848484848484849
hpmcounter6,normal,seed2,226,6.884848484848485
hpmcounter6,normal,seed2,227,6.848484848484849
hpmcounter6,normal,seed2,228,6.739393939393939
hpmcounter6,normal,seed2,229,6.557575757575758
hpmcounter6,normal,seed2,230,6.303030303030303
hpmcounter6,normal,seed2,231,6.218181818181818
hpmcounter6,normal,seed2,232,6.303030303030303
hpmcounter6,normal,seed2,233,6.557575757575758
hpmcounter6,normal,seed2,234,6.739393939393939
hpmcounter6,normal,seed2,235,6.848484848484849
hpmcounter6,normal,seed2,236,6.884848484848485
hpmcounter6,normal,seed2,237,6.848484848484849
hpmcounter6,normal,seed2,238,6.739393939393939
hpmcounter6,normal,seed2,239,6.557575757575758
hpmcounter6,normal,seed2,240,6.303030303030303
hpmcounter6,normal,seed2,241,6.218181818181818
hpmcounter6,normal,seed2,242,6.303030303030303
hpmcounter6,normal,seed2,243,6.557575757575758
hpmcounter6,normal,seed2,244,6.739393939393939
hpmcounter6,normal,seed2,245,6.848484848484849
hpmcounter6,normal,seed2,246,6.884848484848485
hpmcounter6,normal,seed2,247,6.848484848484849
hpmcounter6,normal,seed2,248,6.739393939393939
hpmcounter6,normal,seed2,249,6.557575757575758
hpmcounter6,normal,seed2,250,6.303030303030303
hpmcounter6,normal,seed2,251,6.218181818181818
hpmcounter6,normal,seed2,252,6.303030303030303
hpmcounter6,normal,seed2,253,6.557575757575758
hpmcounter6,normal,seed2,254,6.739393939393939
hpmcounter6,normal,seed2,255,6.848484848484849
hpmcounter6,normal,seed2,256,6.884848484848485
hpmcounter6,normal,seed2,257,6.848484848484849
hpmcounter6,normal,seed2,258,6.739393939393939
hpmcounter6,normal,seed2,259,6.557575757575758
hpmcounter6,normal,seed2,260,6.303030303030303
hpmcounter6,normal,seed2,261,6.218181818181818
hpmcounter6,normal,seed2,262,6.303030303030303
hpmcounter6,normal,seed2,263,6.557575757575758
hpmcounter6,normal,seed2,264,6.739393939393939
hpmcounter6,normal,seed2,265,6.848484848484849
hpmcounter6,normal,seed2,266,6.884848484848485
hpmcounter6,normal,seed2,267,6.848484848484849
hpmcounter6,normal,seed2,268,6.739393939393939
hpmcounter6,normal,seed2,269,6.557575757575758
hpmcounter6,normal,seed2,270,6.303030303030303
hpmcounter6,normal,seed2,271,6.218181818181818
hpmcounter6,normal,seed2,272,6.303030303030303
hpmcounter6,normal,seed2,273,6.557575757575758
hpmcounter6,normal,seed2,274,6.739393939393939
hpmcounter6,normal,seed2,275,6.848484848484849
hpmcounter6,normal,seed2,276,6.884848484848485
hpmcounter6,normal,seed2,277,6.848484848484849
hpmcounter6,normal,seed2,278,6.739393939393939
hpmcounter6,normal,seed2,279,6.557575757575758
hpmcounter6,normal,seed2,280,6.303030303030303
hpmcounter6,normal,seed2,281,6.218181818181818
hpmcounter6,normal,seed2,282,6.303030303030303
hpmcounter6,normal,seed2,283,6.557575757575758
hpmcounter6,normal,seed2,284,6.739393939393939
hpmcounter6,normal,seed2,285,6.848484848484849
hpmcounter6,normal,seed2,286,6.884848484848485
hpmcounter6,normal,seed2,287,6.848484848484849
hpmcounter6,normal,seed2,288,6.739393939393939
hpmcounter6,normal,seed2,289,6.557575757575758
hpmcounter6,normal,seed2,290,6.303030303030303
hpmcounter6,normal,seed2,291,6.218181818181818
hpmcounter6,normal,seed2,292,6.303030303030303
hpmcounter6,normal,seed2,293,6.557575757575758
hpmcounter6,normal,seed2,294,6.739393939393939
hpmcounter6,normal,seed2,295,6.848484848484849
hpmcounter6,normal,seed2,296,6.884848484848485
hpmcounter6,normal,seed2,297,6.848484848484849
hpmcounter6,normal,seed2,298,6.739393939393939
hpmcounter6,normal,seed20,9,6.557575757575758
hpmcounter6,normal,seed20,10,6.303030303030303
hpmcounter6,normal,seed20,11,6.218181818181818
hpmcounter6,normal,seed20,12,6.303030303030303
hpmcounter6,normal,seed20,13,6.557575757575758
hpmcounter6,normal,seed20,14,6.739393939393939
hpmcounter6,normal,seed20,15,6.848484848484849
hpmcounter6,normal,seed20,16,6.884848484848485
hpmcounter6,normal,seed20,17,6.848484848484849
hpmcounter6,normal,seed20,18,6.739393939393939
hpmcounter6,normal,seed20,19,6.557575757575758
hpmcounter6,normal,seed20,20,6.303030303030303
hpmcounter6,normal,seed20,21,6.218181818181818
hpmcounter6,normal,seed20,22,6.303030303030303
hpmcounter6,normal,seed20,23,6.557575757575758
hpmcounter6,normal,seed20,24,6.739393939393939
hpmcounter6,normal,seed20,25,6.848484848484849
hpmcounter6,normal,seed20,26,6.884848484848485
hpmcounter6,normal,seed20,27,6.848484848484849
hpmcounter6,normal,seed20,28,6.739393939393939
hpmcounter6,normal,seed20,29,6.557575757575758
hpmcounter6,normal,seed20,30,6.303030303030303
hpmcounter6,normal,seed20,31,6.218181818181818
hpmcounter6,normal,seed20,32,6.303030303030303
hpmcounter6,normal,seed20,33,6.557575757575758
hpmcounter6,normal,seed20,34,6.739393939393939
hpmcounter6,normal,seed20,35,6.848484848484849
hpmcounter6,normal,seed20,36,6.884848484848485
hpmcounter6,normal,seed20,37,6.848484848484849
hpmcounter6,normal,seed20,38,6.739393939393939
hpmcounter6,normal,seed20,39,6.557575757575758
hpmcounter6,normal,seed20,40,6.303030303030303
hpmcounter6,normal,seed20,41,6.218181818181818
hpmcounter6,normal,seed20,42,6.303030303030303
hpmcounter6,normal,seed20,43,6.557575757575758
hpmcounter6,normal,seed20,44,6.739393939393939
hpmcounter6,normal,seed20,45,6.848484848484849
hpmcounter6,normal,seed20,46,6.884848484848485
hpmcounter6,normal,seed20,47,6.848484848484849
hpmcounter6,normal,seed20,48,6.739393939393939
hpmcounter6,normal,seed20,49,6.557575757575758
hpmcounter6,normal,seed20,50,6.303030303030303
hpmcounter6,normal,seed20,51,6.218181818181818
hpmcounter6,normal,seed20,52,6.303030303030303
hpmcounter6,normal,seed20,53,6.557575757575758
hpmcounter6,normal,seed20,54,6.739393939393939
hpmcounter6,normal,seed20,55,6.848484848484849
hpmcounter6,normal,seed20,56,6.884848484848485
hpmcounter6,normal,seed20,57,6.848484848484849
hpmcounter6,normal,seed20,58,6.739393939393939
hpmcounter6,normal,seed20,59,6.557575757575758
hpmcounter6,normal,seed20,60,6.303030303030303
hpmcounter6,normal,seed20,61,6.218181818181818
hpmcounter6,normal,seed20,62,6.303030303030303
hpmcounter6,normal,seed20,63,6.557575757575758
hpmcounter6,normal,seed20,64,6.739393939393939
hpmcounter6,normal,seed20,65,6.848484848484849
hpmcounter6,normal,seed20,66,6.884848484848485
hpmcounter6,normal,seed20,67,6.848484848484849
hpmcounter6,normal,seed20,68,6.739393939393939
hpmcounter6,normal,seed20,69,6.557575757575758
hpmcounter6,normal,seed20,70,6.303030303030303
hpmcounter6,normal,seed20,71,6.218181818181818
hpmcounter6,normal,seed20,72,6.303030303030303
hpmcounter6,normal,seed20,73,6.557575757575758
hpmcounter6,normal,seed20,74,6.739393939393939
hpmcounter6,normal,seed20,75,6.848484848484849
hpmcounter6,normal,seed20,76,6.884848484848485
hpmcounter6,normal,seed20,77,6.848484848484849
hpmcounter6,normal,seed20,78,6.739393939393939
hpmcounter6,normal,seed20,79,6.557575757575758
hpmcounter6,normal,seed20,80,6.303030303030303
hpmcounter6,normal,seed20,81,6.218181818181818
hpmcounter6,normal,seed20,82,6.303030303030303
hpmcounter6,normal,seed20,83,6.557575757575758
hpmcounter6,normal,seed20,84,6.739393939393939
hpmcounter6,normal,seed20,85,6.848484848484849
hpmcounter6,normal,seed20,86,6.884848484848485
hpmcounter6,normal,seed20,87,6.848484848484849
hpmcounter6,normal,seed20,88,6.739393939393939
hpmcounter6,normal,seed20,89,6.557575757575758
hpmcounter6,normal,seed20,90,6.303030303030303
hpmcounter6,normal,seed20,91,6.218181818181818
hpmcounter6,normal,seed20,92,6.303030303030303
hpmcounter6,normal,seed20,93,6.557575757575758
hpmcounter6,normal,seed20,94,6.739393939393939
hpmcounter6,normal,seed20,95,6.848484848484849
hpmcounter6,normal,seed20,96,6.884848484848485
hpmcounter6,normal,seed20,97,6.848484848484849
hpmcounter6,normal,seed20,98,6.739393939393939
hpmcounter6,normal,seed20,99,6.557575757575758
hpmcounter6,normal,seed20,100,6.303030303030303
hpmcounter6,normal,seed20,101,6.218181818181818
hpmcounter6,normal,seed20,102,6.303030303030303
hpmcounter6,normal,seed20,103,6.557575757575758
hpmcounter6,normal,seed20,104,6.739393939393939
hpmcounter6,normal,seed20,105,6.848484848484849
hpmcounter6,normal,seed20,106,6.884848484848485
hpmcounter6,normal,seed20,107,6.848484848484849
hpmcounter6,normal,seed20,108,6.739393939393939
hpmcounter6,normal,seed20,109,6.557575757575758
hpmcounter6,normal,seed20,110,6.303030303030303
hpmcounter6,normal,seed20,111,6.218181818181818
hpmcounter6,normal,seed20,112,6.303030303030303
hpmcounter6,normal,seed20,113,6.557575757575758
hpmcounter6,normal,seed20,114,6.739393939393939
hpmcounter6,normal,seed20,115,6.848484848484849
hpmcounter6,normal,seed20,116,6.884848484848485
hpmcounter6,normal,seed20,117,6.848484848484849
hpmcounter6,normal,seed20,118,6.739393939393939
hpmcounter6,normal,seed20,119,6.557575757575758
hpmcounter6,normal,seed20,120,6.303030303030303
hpmcounter6,normal,seed20,121,6.218181818181818
hpmcounter6,normal,seed20,122,6.303030303030303
hpmcounter6,normal,seed20,123,6.557575757575758
hpmcounter6,normal,seed20,124,6.739393939393939
hpmcounter6,normal,seed20,125,6.848484848484849
hpmcounter6,normal,seed20,126,6.884848484848485
hpmcounter6,normal,seed20,127,6.848484848484849
hpmcounter6,normal,seed20,128,6.739393939393939
hpmcounter6,normal,seed20,129,6.557575757575758
hpmcounter6,normal,seed20,130,6.303030303030303
hpmcounter6,normal,seed20,131,6.218181818181818
hpmcounter6,normal,seed20,132,6.303030303030303
hpmcounter6,normal,seed20,133,6.557575757575758
hpmcounter6,normal,seed20,134,6.739393939393939
hpmcounter6,normal,seed20,135,6.848484848484849
hpmcounter6,normal,seed20,136,6.884848484848485
hpmcounter6,normal,seed20,137,6.848484848484849
hpmcounter6,normal,seed20,138,6.739393939393939
hpmcounter6,normal,seed20,139,6.557575757575758
hpmcounter6,normal,seed20,140,6.303030303030303
hpmcounter6,normal,seed20,141,6.218181818181818
hpmcounter6,normal,seed20,142,6.303030303030303
hpmcounter6,normal,seed20,143,6.557575757575758
hpmcounter6,normal,seed20,144,6.739393939393939
hpmcounter6,normal,seed20,145,6.848484848484849
hpmcounter6,normal,seed20,146,6.884848484848485
hpmcounter6,normal,seed20,147,6.848484848484849
hpmcounter6,normal,seed20,148,6.739393939393939
hpmcounter6,normal,seed20,149,6.557575757575758
hpmcounter6,normal,seed20,150,6.303030303030303
hpmcounter6,normal,seed20,151,6.218181818181818
hpmcounter6,normal,seed20,152,6.303030303030303
hpmcounter6,normal,seed20,153,6.557575757575758
hpmcounter6,normal,seed20,154,6.739393939393939
hpmcounter6,normal,seed20,155,6.848484848484849
hpmcounter6,normal,seed20,156,6.884848484848485
hpmcounter6,normal,seed20,157,6.848484848484849
hpmcounter6,normal,seed20,158,6.739393939393939
hpmcounter6,normal,seed20,159,6.557575757575758
hpmcounter6,normal,seed20,160,6.303030303030303
hpmcounter6,normal,seed20,161,6.218181818181818
hpmcounter6,normal,seed20,162,6.303030303030303
hpmcounter6,normal,seed20,163,6.557575757575758
hpmcounter6,normal,seed20,164,6.739393939393939
hpmcounter6,normal,seed20,165,6.848484848484849
hpmcounter6,normal,seed20,166,6.884848484848485
hpmcounter6,normal,seed20,167,6.848484848484849
hpmcounter6,normal,seed20,168,6.739393939393939
hpmcounter6,normal,seed20,169,6.557575757575758
hpmcounter6,normal,seed20,170,6.303030303030303
hpmcounter6,normal,seed20,171,6.218181818181818
hpmcounter6,normal,seed20,172,6.303030303030303
hpmcounter6,normal,seed20,173,6.557575757575758
hpmcounter6,normal,seed20,174,6.739393939393939
hpmcounter6,normal,seed20,175,6.848484848484849
hpmcounter6,normal,seed20,176,6.884848484848485
hpmcounter6,normal,seed20,177,6.848484848484849
hpmcounter6,normal,seed20,178,6.739393939393939
hpmcounter6,normal,seed20,179,6.557575757575758
hpmcounter6,normal,seed20,180,6.303030303030303
hpmcounter6,normal,seed20,181,6.218181818181818
hpmcounter6,normal,seed20,182,6.303030303030303
hpmcounter6,normal,seed20,183,6.557575757575758
hpmcounter6,normal,seed20,184,6.739393939393939
hpmcounter6,normal,seed20,185,6.848484848484849
hpmcounter6,normal,seed20,186,6.884848484848485
hpmcounter6,normal,seed20,187,6.848484848484849
hpmcounter6,normal,seed20,188,6.739393939393939
hpmcounter6,normal,seed20,189,6.557575757575758
hpmcounter6,normal,seed20,190,6.303030303030303
hpmcounter6,normal,seed20,191,6.218181818181818
hpmcounter6,normal,seed20,192,6.303030303030303
hpmcounter6,normal,seed20,193,6.557575757575758
hpmcounter6,normal,seed20,194,6.739393939393939
hpmcounter6,normal,seed20,195,6.848484848484849
hpmcounter6,normal,seed20,196,6.884848484848485
hpmcounter6,normal,seed20,197,6.848484848484849
hpmcounter6,normal,seed20,198,6.739393939393939
hpmcounter6,normal,seed20,199,6.557575757575758
hpmcounter6,normal,seed20,200,6.303030303030303
hpmcounter6,normal,seed20,201,6.218181818181818
hpmcounter6,normal,seed20,202,6.303030303030303
hpmcounter6,normal,seed20,203,6.557575757575758
hpmcounter6,normal,seed20,204,6.739393939393939
hpmcounter6,normal,seed20,205,6.848484848484849
hpmcounter6,normal,seed20,206,6.884848484848485
hpmcounter6,normal,seed20,207,6.848484848484849
hpmcounter6,normal,seed20,208,6.739393939393939
hpmcounter6,normal,seed20,209,6.557575757575758
hpmcounter6,normal,seed20,210,6.303030303030303
hpmcounter6,normal,seed20,211,6.218181818181818
hpmcounter6,normal,seed20,212,6.303030303030303
hpmcounter6,normal,seed20,213,6.557575757575758
hpmcounter6,normal,seed20,214,6.739393939393939
hpmcounter6,normal,seed20,215,6.848484848484849
hpmcounter6,normal,seed20,216,6.884848484848485
hpmcounter6,normal,seed20,217,6.848484848484849
hpmcounter6,normal,seed20,218,6.739393939393939
hpmcounter6,normal,seed20,219,6.557575757575758
hpmcounter6,normal,seed20,220,6.303030303030303
hpmcounter6,normal,seed20,221,6.218181818181818
hpmcounter6,normal,seed20,222,6.303030303030303
hpmcounter6,normal,seed20,223,6.557575757575758
hpmcounter6,normal,seed20,224,6.739393939393939
hpmcounter6,normal,seed20,225,6.848484848484849
hpmcounter6,normal,seed20,226,6.884848484848485
hpmcounter6,normal,seed20,227,6.848484848484849
hpmcounter6,normal,seed20,228,6.739393939393939
hpmcounter6,normal,seed20,229,6.557575757575758
hpmcounter6,normal,seed20,230,6.303030303030303
hpmcounter6,normal,seed20,231,6.218181818181818
hpmcounter6,normal,seed20,232,6.303030303030303
hpmcounter6,normal,seed20,233,6.557575757575758
hpmcounter6,normal,seed20,234,6.739393939393939
hpmcounter6,normal,seed20,235,6.848484848484849
hpmcounter6,normal,seed20,236,6.884848484848485
hpmcounter6,normal,seed20,237,6.848484848484849
hpmcounter6,normal,seed20,238,6.739393939393939
hpmcounter6,normal,seed20,239,6.557575757575758
hpmcounter6,normal,seed20,240,6.303030303030303
hpmcounter6,normal,seed20,241,6.218181818181818
hpmcounter6,normal,seed20,242,6.303030303030303
hpmcounter6,normal,seed20,243,6.557575757575758
hpmcounter6,normal,seed20,244,6.739393939393939
hpmcounter6,normal,seed20,245,6.848484848484849
hpmcounter6,normal,seed20,246,6.884848484848485
hpmcounter6,normal,seed20,247,6.848484848484849
hpmcounter6,normal,seed20,248,6.739393939393939
hpmcounter6,normal,seed20,249,6.557575757575758
hpmcounter6,normal,seed20,250,6.303030303030303
hpmcounter6,normal,seed20,251,6.218181818181818
hpmcounter6,normal,seed20,252,6.303030303030303
hpmcounter6,normal,seed20,253,6.557575757575758
hpmcounter6,normal,seed20,254,6.739393939393939
hpmcounter6,normal,seed20,255,6.848484848484849
hpmcounter6,normal,seed20,256,6.884848484848485
hpmcounter6,normal,seed20,257,6.848484848484849
hpmcounter6,normal,seed20,258,6.739393939393939
hpmcounter6,normal,seed20,259,6.557575757575758
hpmcounter6,normal,seed20,260,6.303030303030303
hpmcounter6,normal,seed20,261,6.218181818181818
hpmcounter6,normal,seed20,262,6.303030303030303
hpmcounter6,normal,seed20,263,6.557575757575758
hpmcounter6,normal,seed20,264,6.739393939393939
hpmcounter6,normal,seed20,265,6.848484848484849
hpmcounter6,normal,seed20,266,6.884848484848485
hpmcounter6,normal,seed20,267,6.848484848484849
hpmcounter6,normal,seed20,268,6.739393939393939
hpmcounter6,normal,seed20,269,6.557575757575758
hpmcounter6,normal,seed20,270,6.303030303030303
hpmcounter6,normal,seed20,271,6.218181818181818
hpmcounter6,normal,seed20,272,6.303030303030303
hpmcounter6,normal,seed20,273,6.557575757575758
hpmcounter6,normal,seed20,274,6.739393939393939
hpmcounter6,normal,seed20,275,6.848484848484849
hpmcounter6,normal,seed20,276,6.884848484848485
hpmcounter6,normal,seed20,277,6.848484848484849
hpmcounter6,normal,seed20,278,6.739393939393939
hpmcounter6,normal,seed20,279,6.557575757575758
hpmcounter6,normal,seed20,280,6.303030303030303
hpmcounter6,normal,seed20,281,6.218181818181818
hpmcounter6,normal,seed20,282,6.303030303030303
hpmcounter6,normal,seed20,283,6.557575757575758
hpmcounter6,normal,seed20,284,6.739393939393939
hpmcounter6,normal,seed20,285,6.848484848484849
hpmcounter6,normal,seed20,286,6.884848484848485
hpmcounter6,normal,seed20,287,6.848484848484849
hpmcounter6,normal,seed20,288,6.739393939393939
hpmcounter6,normal,seed20,289,6.557575757575758
hpmcounter6,normal,seed20,290,6.303030303030303
hpmcounter6,normal,seed20,291,6.218181818181818
hpmcounter6,normal,seed20,292,6.303030303030303
hpmcounter6,normal,seed20,293,6.557575757575758
hpmcounter6,normal,seed20,294,6.739393939393939
hpmcounter6,normal,seed20,295,6.848484848484849
hpmcounter6,normal,seed20,296,6.884848484848485
hpmcounter6,normal,seed20,297,6.848484848484849
hpmcounter6,normal,seed20,298,6.739393939393939
hpmcounter6,normal,seed3,9,6.557575757575758
hpmcounter6,normal,seed3,10,6.303030303030303
hpmcounter6,normal,seed3,11,6.218181818181818
hpmcounter6,normal,seed3,12,6.303030303030303
hpmcounter6,normal,seed3,13,6.557575757575758
hpmcounter6,normal,seed3,14,6.739393939393939
hpmcounter6,normal,seed3,15,6.848484848484849
hpmcounter6,normal,seed3,16,6.884848484848485
hpmcounter6,normal,seed3,17,6.848484848484849
hpmcounter6,normal,seed3,18,6.739393939393939
hpmcounter6,normal,seed3,19,6.557575757575758
hpmcounter6,normal,seed3,20,6.303030303030303
hpmcounter6,normal,seed3,21,6.218181818181818
hpmcounter6,normal,seed3,22,6.303030303030303
hpmcounter6,normal,seed3,23,6.557575757575758
hpmcounter6,normal,seed3,24,6.739393939393939
hpmcounter6,normal,seed3,25,6.848484848484849
hpmcounter6,normal,seed3,26,6.884848484848485
hpmcounter6,normal,seed3,27,6.848484848484849
hpmcounter6,normal,seed3,28,6.739393939393939
hpmcounter6,normal,seed3,29,6.557575757575758
hpmcounter6,normal,seed3,30,6.303030303030303
hpmcounter6,normal,seed3,31,6.218181818181818
hpmcounter6,normal,seed3,32,6.303030303030303
hpmcounter6,normal,seed3,33,6.557575757575758
hpmcounter6,normal,seed3,34,6.739393939393939
hpmcounter6,normal,seed3,35,6.848484848484849
hpmcounter6,normal,seed3,36,6.884848484848485
hpmcounter6,normal,seed3,37,6.848484848484849
hpmcounter6,normal,seed3,38,6.739393939393939
hpmcounter6,normal,seed3,39,6.557575757575758
hpmcounter6,normal,seed3,40,6.303030303030303
hpmcounter6,normal,seed3,41,6.218181818181818
hpmcounter6,normal,seed3,42,6.303030303030303
hpmcounter6,normal,seed3,43,6.557575757575758
hpmcounter6,normal,seed3,44,6.739393939393939
hpmcounter6,normal,seed3,45,6.848484848484849
hpmcounter6,normal,seed3,46,6.884848484848485
hpmcounter6,normal,seed3,47,6.848484848484849
hpmcounter6,normal,seed3,48,6.739393939393939
hpmcounter6,normal,seed3,49,6.557575757575758
hpmcounter6,normal,seed3,50,6.303030303030303
hpmcounter6,normal,seed3,51,6.218181818181818
hpmcounter6,normal,seed3,52,6.303030303030303
hpmcounter6,normal,seed3,53,6.557575757575758
hpmcounter6,normal,seed3,54,6.739393939393939
hpmcounter6,normal,seed3,55,6.848484848484849
hpmcounter6,normal,seed3,56,6.884848484848485
hpmcounter6,normal,seed3,57,6.848484848484849
hpmcounter6,normal,seed3,58,6.739393939393939
hpmcounter6,normal,seed3,59,6.557575757575758
hpmcounter6,normal,seed3,60,6.303030303030303
hpmcounter6,normal,seed3,61,6.218181818181818
hpmcounter6,normal,seed3,62,6.303030303030303
hpmcounter6,normal,seed3,63,6.557575757575758
hpmcounter6,normal,seed3,64,6.739393939393939
hpmcounter6,normal,seed3,65,6.848484848484849
hpmcounter6,normal,seed3,66,6.884848484848485
hpmcounter6,normal,seed3,67,6.848484848484849
hpmcounter6,normal,seed3,68,6.739393939393939
hpmcounter6,normal,seed3,69,6.557575757575758
hpmcounter6,normal,seed3,70,6.303030303030303
hpmcounter6,normal,seed3,71,6.218181818181818
hpmcounter6,normal,seed3,72,6.303030303030303
hpmcounter6,normal,seed3,73,6.557575757575758
hpmcounter6,normal,seed3,74,6.739393939393939
hpmcounter6,normal,seed3,75,6.848484848484849
hpmcounter6,normal,seed3,76,6.884848484848485
hpmcounter6,normal,seed3,77,6.848484848484849
hpmcounter6,normal,seed3,78,6.739393939393939
hpmcounter6,normal,seed3,79,6.557575757575758
hpmcounter6,normal,seed3,80,6.303030303030303
hpmcounter6,normal,seed3,81,6.218181818181818
hpmcounter6,normal,seed3,82,6.303030303030303
hpmcounter6,normal,seed3,83,6.557575757575758
hpmcounter6,normal,seed3,84,6.739393939393939
hpmcounter6,normal,seed3,85,6.848484848484849
hpmcounter6,normal,seed3,86,6.884848484848485
hpmcounter6,normal,seed3,87,6.848484848484849
hpmcounter6,normal,seed3,88,6.739393939393939
hpmcounter6,normal,seed3,89,6.557575757575758
hpmcounter6,normal,seed3,90,6.303030303030303
hpmcounter6,normal,seed3,91,6.218181818181818
hpmcounter6,normal,seed3,92,6.303030303030303
hpmcounter6,normal,seed3,93,6.557575757575758
hpmcounter6,normal,seed3,94,6.739393939393939
hpmcounter6,normal,seed3,95,6.848484848484849
hpmcounter6,normal,seed3,96,6.884848484848485
hpmcounter6,normal,seed3,97,6.848484848484849
hpmcounter6,normal,seed3,98,6.739393939393939
hpmcounter6,normal,seed3,99,6.557575757575758
hpmcounter6,normal,seed3,100,6.303030303030303
hpmcounter6,normal,seed3,101,6.218181818181818
hpmcounter6,normal,seed3,102,6.303030303030303
hpmcounter6,normal,seed3,103,6.557575757575758
hpmcounter6,normal,seed3,104,6.739393939393939
hpmcounter6,normal,seed3,105,6.848484848484849
hpmcounter6,normal,seed3,106,6.884848484848485
hpmcounter6,normal,seed3,107,6.848484848484849
hpmcounter6,normal,seed3,108,6.739393939393939
hpmcounter6,normal,seed3,109,6.557575757575758
hpmcounter6,normal,seed3,110,6.303030303030303
hpmcounter6,normal,seed3,111,6.218181818181818
hpmcounter6,normal,seed3,112,6.303030303030303
hpmcounter6,normal,seed3,113,6.557575757575758
hpmcounter6,normal,seed3,114,6.739393939393939
hpmcounter6,normal,seed3,115,6.848484848484849
hpmcounter6,normal,seed3,116,6.884848484848485
hpmcounter6,normal,seed3,117,6.848484848484849
hpmcounter6,normal,seed3,118,6.739393939393939
hpmcounter6,normal,seed3,119,6.557575757575758
hpmcounter6,normal,seed3,120,6.303030303030303
hpmcounter6,normal,seed3,121,6.218181818181818
hpmcounter6,normal,seed3,122,6.303030303030303
hpmcounter6,normal,seed3,123,6.557575757575758
hpmcounter6,normal,seed3,124,6.739393939393939
hpmcounter6,normal,seed3,125,6.848484848484849
hpmcounter6,normal,seed3,126,6.884848484848485
hpmcounter6,normal,seed3,127,6.848484848484849
hpmcounter6,normal,seed3,128,6.739393939393939
hpmcounter6,normal,seed3,129,6.557575757575758
hpmcounter6,normal,seed3,130,6.303030303030303
hpmcounter6,normal,seed3,131,6.218181818181818
hpmcounter6,normal,seed3,132,6.303030303030303
hpmcounter6,normal,seed3,133,6.557575757575758
hpmcounter6,normal,seed3,134,6.739393939393939
hpmcounter6,normal,seed3,135,6.848484848484849
hpmcounter6,normal,seed3,136,6.884848484848485
hpmcounter6,normal,seed3,137,6.848484848484849
hpmcounter6,normal,seed3,138,6.739393939393939
hpmcounter6,normal,seed3,139,6.557575757575758
hpmcounter6,normal,seed3,140,6.303030303030303
hpmcounter6,normal,seed3,141,6.218181818181818
hpmcounter6,normal,seed3,142,6.303030303030303
hpmcounter6,normal,seed3,143,6.557575757575758
hpmcounter6,normal,seed3,144,6.739393939393939
hpmcounter6,normal,seed3,145,6.848484848484849
hpmcounter6,normal,seed3,146,6.884848484848485
hpmcounter6,normal,seed3,147,6.848484848484849
hpmcounter6,normal,seed3,148,6.739393939393939
hpmcounter6,normal,seed3,149,6.557575757575758
hpmcounter6,normal,seed3,150,6.303030303030303
hpmcounter6,normal,seed3,151,6.218181818181818
hpmcounter6,normal,seed3,152,6.303030303030303
hpmcounter6,normal,seed3,153,6.557575757575758
hpmcounter6,normal,seed3,154,6.739393939393939
hpmcounter6,normal,seed3,155,6.848484848484849
hpmcounter6,normal,seed3,156,6.884848484848485
hpmcounter6,normal,seed3,157,6.848484848484849
hpmcounter6,normal,seed3,158,6.739393939393939
hpmcounter6,normal,seed3,159,6.557575757575758
hpmcounter6,normal,seed3,160,6.303030303030303
hpmcounter6,normal,seed3,161,6.218181818181818
hpmcounter6,normal,seed3,162,6.303030303030303
hpmcounter6,normal,seed3,163,6.557575757575758
hpmcounter6,normal,seed3,164,6.739393939393939
hpmcounter6,normal,seed3,165,6.848484848484849
hpmcounter6,normal,seed3,166,6.884848484848485
hpmcounter6,normal,seed3,167,6.848484848484849
hpmcounter6,normal,seed3,168,6.739393939393939
hpmcounter6,normal,seed3,169,6.557575757575758
hpmcounter6,normal,seed3,170,6.303030303030303
hpmcounter6,normal,seed3,171,6.218181818181818
hpmcounter6,normal,seed3,172,6.303030303030303
hpmcounter6,normal,seed3,173,6.557575757575758
hpmcounter6,normal,seed3,174,6.739393939393939
hpmcounter6,normal,seed3,175,6.848484848484849
hpmcounter6,normal,seed3,176,6.884848484848485
hpmcounter6,normal,seed3,177,6.848484848484849
hpmcounter6,normal,seed3,178,6.739393939393939
hpmcounter6,normal,seed3,179,6.557575757575758
hpmcounter6,normal,seed3,180,6.303030303030303
hpmcounter6,normal,seed3,181,6.218181818181818
hpmcounter6,normal,seed3,182,6.303030303030303
hpmcounter6,normal,seed3,183,6.557575757575758
hpmcounter6,normal,seed3,184,6.739393939393939
hpmcounter6,normal,seed3,185,6.848484848484849
hpmcounter6,normal,seed3,186,6.884848484848485
hpmcounter6,normal,seed3,187,6.848484848484849
hpmcounter6,normal,seed3,188,6.739393939393939
hpmcounter6,normal,seed3,189,6.557575757575758
hpmcounter6,normal,seed3,190,6.303030303030303
hpmcounter6,normal,seed3,191,6.218181818181818
hpmcounter6,normal,seed3,192,6.303030303030303
hpmcounter6,normal,seed3,193,6.557575757575758
hpmcounter6,normal,seed3,194,6.739393939393939
hpmcounter6,normal,seed3,195,6.848484848484849
hpmcounter6,normal,seed3,196,6.884848484848485
hpmcounter6,normal,seed3,197,6.848484848484849
hpmcounter6,normal,seed3,198,6.739393939393939
hpmcounter6,normal,seed3,199,6.557575757575758
hpmcounter6,normal,seed3,200,6.303030303030303
hpmcounter6,normal,seed3,201,6.218181818181818
hpmcounter6,normal,seed3,202,6.303030303030303
hpmcounter6,normal,seed3,203,6.557575757575758
hpmcounter6,normal,seed3,204,6.739393939393939
hpmcounter6,normal,seed3,205,6.848484848484849
hpmcounter6,normal,seed3,206,6.884848484848485
hpmcounter6,normal,seed3,207,6.848484848484849
hpmcounter6,normal,seed3,208,6.739393939393939
hpmcounter6,normal,seed3,209,6.557575757575758
hpmcounter6,normal,seed3,210,6.303030303030303
hpmcounter6,normal,seed3,211,6.218181818181818
hpmcounter6,normal,seed3,212,6.303030303030303
hpmcounter6,normal,seed3,213,6.557575757575758
hpmcounter6,normal,seed3,214,6.739393939393939
hpmcounter6,normal,seed3,215,6.848484848484849
hpmcounter6,normal,seed3,216,6.884848484848485
hpmcounter6,normal,seed3,217,6.848484848484849
hpmcounter6,normal,seed3,218,6.739393939393939
hpmcounter6,normal,seed3,219,6.557575757575758
hpmcounter6,normal,seed3,220,6.303030303030303
hpmcounter6,normal,seed3,221,6.218181818181818
hpmcounter6,normal,seed3,222,6.303030303030303
hpmcounter6,normal,seed3,223,6.557575757575758
hpmcounter6,normal,seed3,224,6.739393939393939
hpmcounter6,normal,seed3,225,6.848484848484849
hpmcounter6,normal,seed3,226,6.884848484848485
hpmcounter6,normal,seed3,227,6.848484848484849
hpmcounter6,normal,seed3,228,6.739393939393939
hpmcounter6,normal,seed3,229,6.557575757575758
hpmcounter6,normal,seed3,230,6.303030303030303
hpmcounter6,normal,seed3,231,6.218181818181818
hpmcounter6,normal,seed3,232,6.303030303030303
hpmcounter6,normal,seed3,233,6.557575757575758
hpmcounter6,normal,seed3,234,6.739393939393939
hpmcounter6,normal,seed3,235,6.848484848484849
hpmcounter6,normal,seed3,236,6.884848484848485
hpmcounter6,normal,seed3,237,6.848484848484849
hpmcounter6,normal,seed3,238,6.739393939393939
hpmcounter6,normal,seed3,239,6.557575757575758
hpmcounter6,normal,seed3,240,6.303030303030303
hpmcounter6,normal,seed3,241,6.218181818181818
hpmcounter6,normal,seed3,242,6.303030303030303
hpmcounter6,normal,seed3,243,6.557575757575758
hpmcounter6,normal,seed3,244,6.739393939393939
hpmcounter6,normal,seed3,245,6.848484848484849
hpmcounter6,normal,seed3,246,6.884848484848485
hpmcounter6,normal,seed3,247,6.848484848484849
hpmcounter6,normal,seed3,248,6.739393939393939
hpmcounter6,normal,seed3,249,6.557575757575758
hpmcounter6,normal,seed3,250,6.303030303030303
hpmcounter6,normal,seed3,251,6.218181818181818
hpmcounter6,normal,seed3,252,6.303030303030303
hpmcounter6,normal,seed3,253,6.557575757575758
hpmcounter6,normal,seed3,254,6.739393939393939
hpmcounter6,normal,seed3,255,6.848484848484849
hpmcounter6,normal,seed3,256,6.884848484848485
hpmcounter6,normal,seed3,257,6.848484848484849
hpmcounter6,normal,seed3,258,6.739393939393939
hpmcounter6,normal,seed3,259,6.557575757575758
hpmcounter6,normal,seed3,260,6.303030303030303
hpmcounter6,normal,seed3,261,6.218181818181818
hpmcounter6,normal,seed3,262,6.303030303030303
hpmcounter6,normal,seed3,263,6.557575757575758
hpmcounter6,normal,seed3,264,6.739393939393939
hpmcounter6,normal,seed3,265,6.848484848484849
hpmcounter6,normal,seed3,266,6.884848484848485
hpmcounter6,normal,seed3,267,6.848484848484849
hpmcounter6,normal,seed3,268,6.739393939393939
hpmcounter6,normal,seed3,269,6.557575757575758
hpmcounter6,normal,seed3,270,6.303030303030303
hpmcounter6,normal,seed3,271,6.218181818181818
hpmcounter6,normal,seed3,272,6.303030303030303
hpmcounter6,normal,seed3,273,6.557575757575758
hpmcounter6,normal,seed3,274,6.739393939393939
hpmcounter6,normal,seed3,275,6.848484848484849
hpmcounter6,normal,seed3,276,6.884848484848485
hpmcounter6,normal,seed3,277,6.848484848484849
hpmcounter6,normal,seed3,278,6.739393939393939
hpmcounter6,normal,seed3,279,6.557575757575758
hpmcounter6,normal,seed3,280,6.303030303030303
hpmcounter6,normal,seed3,281,6.218181818181818
hpmcounter6,normal,seed3,282,6.303030303030303
hpmcounter6,normal,seed3,283,6.557575757575758
hpmcounter6,normal,seed3,284,6.739393939393939
hpmcounter6,normal,seed3,285,6.848484848484849
hpmcounter6,normal,seed3,286,6.884848484848485
hpmcounter6,normal,seed3,287,6.848484848484849
hpmcounter6,normal,seed3,288,6.739393939393939
hpmcounter6,normal,seed3,289,6.557575757575758
hpmcounter6,normal,seed3,290,6.303030303030303
hpmcounter6,normal,seed3,291,6.218181818181818
hpmcounter6,normal,seed3,292,6.303030303030303
hpmcounter6,normal,seed3,293,6.557575757575758
hpmcounter6,normal,seed3,294,6.739393939393939
hpmcounter6,normal,seed3,295,6.848484848484849
hpmcounter6,normal,seed3,296,6.884848484848485
hpmcounter6,normal,seed3,297,6.848484848484849
hpmcounter6,normal,seed3,298,6.739393939393939
hpmcounter6,normal,seed4,9,6.557575757575758
hpmcounter6,normal,seed4,10,6.303030303030303
hpmcounter6,normal,seed4,11,6.218181818181818
hpmcounter6,normal,seed4,12,6.303030303030303
hpmcounter6,normal,seed4,13,6.557575757575758
hpmcounter6,normal,seed4,14,6.739393939393939
hpmcounter6,normal,seed4,15,6.848484848484849
hpmcounter6,normal,seed4,16,6.884848484848485
hpmcounter6,normal,seed4,17,6.848484848484849
hpmcounter6,normal,seed4,18,6.739393939393939
hpmcounter6,normal,seed4,19,6.557575757575758
hpmcounter6,normal,seed4,20,6.303030303030303
hpmcounter6,normal,seed4,21,6.218181818181818
hpmcounter6,normal,seed4,22,6.303030303030303
hpmcounter6,normal,seed4,23,6.557575757575758
hpmcounter6,normal,seed4,24,6.739393939393939
hpmcounter6,normal,seed4,25,6.848484848484849
hpmcounter6,normal,seed4,26,6.884848484848485
hpmcounter6,normal,seed4,27,6.848484848484849
hpmcounter6,normal,seed4,28,6.739393939393939
hpmcounter6,normal,seed4,29,6.557575757575758
hpmcounter6,normal,seed4,30,6.303030303030303
hpmcounter6,normal,seed4,31,6.218181818181818
hpmcounter6,normal,seed4,32,6.303030303030303
hpmcounter6,normal,seed4,33,6.557575757575758
hpmcounter6,normal,seed4,34,6.739393939393939
hpmcounter6,normal,seed4,35,6.848484848484849
hpmcounter6,normal,seed4,36,6.884848484848485
hpmcounter6,normal,seed4,37,6.848484848484849
hpmcounter6,normal,seed4,38,6.739393939393939
hpmcounter6,normal,seed4,39,6.557575757575758
hpmcounter6,normal,seed4,40,6.303030303030303
hpmcounter6,normal,seed4,41,6.218181818181818
hpmcounter6,normal,seed4,42,6.303030303030303
hpmcounter6,normal,seed4,43,6.557575757575758
hpmcounter6,normal,seed4,44,6.739393939393939
hpmcounter6,normal,seed4,45,6.848484848484849
hpmcounter6,normal,seed4,46,6.884848484848485
hpmcounter6,normal,seed4,47,6.848484848484849
hpmcounter6,normal,seed4,48,6.739393939393939
hpmcounter6,normal,seed4,49,6.557575757575758
hpmcounter6,normal,seed4,50,6.303030303030303
hpmcounter6,normal,seed4,51,6.218181818181818
hpmcounter6,normal,seed4,52,6.303030303030303
hpmcounter6,normal,seed4,53,6.557575757575758
hpmcounter6,normal,seed4,54,6.739393939393939
hpmcounter6,normal,seed4,55,6.848484848484849
hpmcounter6,normal,seed4,56,6.884848484848485
hpmcounter6,normal,seed4,57,6.848484848484849
hpmcounter6,normal,seed4,58,6.739393939393939
hpmcounter6,normal,seed4,59,6.557575757575758
hpmcounter6,normal,seed4,60,6.303030303030303
hpmcounter6,normal,seed4,61,6.218181818181818
hpmcounter6,normal,seed4,62,6.303030303030303
hpmcounter6,normal,seed4,63,6.557575757575758
hpmcounter6,normal,seed4,64,6.739393939393939
hpmcounter6,normal,seed4,65,6.848484848484849
hpmcounter6,normal,seed4,66,6.884848484848485
hpmcounter6,normal,seed4,67,6.848484848484849
hpmcounter6,normal,seed4,68,6.739393939393939
hpmcounter6,normal,seed4,69,6.557575757575758
hpmcounter6,normal,seed4,70,6.303030303030303
hpmcounter6,normal,seed4,71,6.218181818181818
hpmcounter6,normal,seed4,72,6.303030303030303
hpmcounter6,normal,seed4,73,6.557575757575758
hpmcounter6,normal,seed4,74,6.739393939393939
hpmcounter6,normal,seed4,75,6.848484848484849
hpmcounter6,normal,seed4,76,6.884848484848485
hpmcounter6,normal,seed4,77,6.848484848484849
hpmcounter6,normal,seed4,78,6.739393939393939
hpmcounter6,normal,seed4,79,6.557575757575758
hpmcounter6,normal,seed4,80,6.303030303030303
hpmcounter6,normal,seed4,81,6.218181818181818
hpmcounter6,normal,seed4,82,6.303030303030303
hpmcounter6,normal,seed4,83,6.557575757575758
hpmcounter6,normal,seed4,84,6.739393939393939
hpmcounter6,normal,seed4,85,6.848484848484849
hpmcounter6,normal,seed4,86,6.884848484848485
hpmcounter6,normal,seed4,87,6.848484848484849
hpmcounter6,normal,seed4,88,6.739393939393939
hpmcounter6,normal,seed4,89,6.557575757575758
hpmcounter6,normal,seed4,90,6.303030303030303
hpmcounter6,normal,seed4,91,6.218181818181818
hpmcounter6,normal,seed4,92,6.303030303030303
hpmcounter6,normal,seed4,93,6.557575757575758
hpmcounter6,normal,seed4,94,6.739393939393939
hpmcounter6,normal,seed4,95,6.848484848484849
hpmcounter6,normal,seed4,96,6.884848484848485
hpmcounter6,normal,seed4,97,6.848484848484849
hpmcounter6,normal,seed4,98,6.739393939393939
hpmcounter6,normal,seed4,99,6.557575757575758
hpmcounter6,normal,seed4,100,6.303030303030303
hpmcounter6,normal,seed4,101,6.218181818181818
hpmcounter6,normal,seed4,102,6.303030303030303
hpmcounter6,normal,seed4,103,6.557575757575758
hpmcounter6,normal,seed4,104,6.739393939393939
hpmcounter6,normal,seed4,105,6.848484848484849
hpmcounter6,normal,seed4,106,6.884848484848485
hpmcounter6,normal,seed4,107,6.848484848484849
hpmcounter6,normal,seed4,108,6.739393939393939
hpmcounter6,normal,seed4,109,6.557575757575758
hpmcounter6,normal,seed4,110,6.303030303030303
hpmcounter6,normal,seed4,111,6.218181818181818
hpmcounter6,normal,seed4,112,6.303030303030303
hpmcounter6,normal,seed4,113,6.557575757575758
hpmcounter6,normal,seed4,114,6.739393939393939
hpmcounter6,normal,seed4,115,6.848484848484849
hpmcounter6,normal,seed4,116,6.884848484848485
hpmcounter6,normal,seed4,117,6.848484848484849
hpmcounter6,normal,seed4,118,6.739393939393939
hpmcounter6,normal,seed4,119,6.557575757575758
hpmcounter6,normal,seed4,120,6.303030303030303
hpmcounter6,normal,seed4,121,6.218181818181818
hpmcounter6,normal,seed4,122,6.303030303030303
hpmcounter6,normal,seed4,123,6.557575757575758
hpmcounter6,normal,seed4,124,6.739393939393939
hpmcounter6,normal,seed4,125,6.848484848484849
hpmcounter6,normal,seed4,126,6.884848484848485
hpmcounter6,normal,seed4,127,6.848484848484849
hpmcounter6,normal,seed4,128,6.739393939393939
hpmcounter6,normal,seed4,129,6.557575757575758
hpmcounter6,normal,seed4,130,6.303030303030303
hpmcounter6,normal,seed4,131,6.218181818181818
hpmcounter6,normal,seed4,132,6.303030303030303
hpmcounter6,normal,seed4,133,6.557575757575758
hpmcounter6,normal,seed4,134,6.739393939393939
hpmcounter6,normal,seed4,135,6.848484848484849
hpmcounter6,normal,seed4,136,6.884848484848485
hpmcounter6,normal,seed4,137,6.848484848484849
hpmcounter6,normal,seed4,138,6.739393939393939
hpmcounter6,normal,seed4,139,6.557575757575758
hpmcounter6,normal,seed4,140,6.303030303030303
hpmcounter6,normal,seed4,141,6.218181818181818
hpmcounter6,normal,seed4,142,6.303030303030303
hpmcounter6,normal,seed4,143,6.557575757575758
hpmcounter6,normal,seed4,144,6.739393939393939
hpmcounter6,normal,seed4,145,6.848484848484849
hpmcounter6,normal,seed4,146,6.884848484848485
hpmcounter6,normal,seed4,147,6.848484848484849
hpmcounter6,normal,seed4,148,6.739393939393939
hpmcounter6,normal,seed4,149,6.557575757575758
hpmcounter6,normal,seed4,150,6.303030303030303
hpmcounter6,normal,seed4,151,6.218181818181818
hpmcounter6,normal,seed4,152,6.303030303030303
hpmcounter6,normal,seed4,153,6.557575757575758
hpmcounter6,normal,seed4,154,6.739393939393939
hpmcounter6,normal,seed4,155,6.848484848484849
hpmcounter6,normal,seed4,156,6.884848484848485
hpmcounter6,normal,seed4,157,6.848484848484849
hpmcounter6,normal,seed4,158,6.739393939393939
hpmcounter6,normal,seed4,159,6.557575757575758
hpmcounter6,normal,seed4,160,6.303030303030303
hpmcounter6,normal,seed4,161,6.218181818181818
hpmcounter6,normal,seed4,162,6.303030303030303
hpmcounter6,normal,seed4,163,6.557575757575758
hpmcounter6,normal,seed4,164,6.739393939393939
hpmcounter6,normal,seed4,165,6.848484848484849
hpmcounter6,normal,seed4,166,6.884848484848485
hpmcounter6,normal,seed4,167,6.848484848484849
hpmcounter6,normal,seed4,168,6.739393939393939
hpmcounter6,normal,seed4,169,6.557575757575758
hpmcounter6,normal,seed4,170,6.303030303030303
hpmcounter6,normal,seed4,171,6.218181818181818
hpmcounter6,normal,seed4,172,6.303030303030303
hpmcounter6,normal,seed4,173,6.557575757575758
hpmcounter6,normal,seed4,174,6.739393939393939
hpmcounter6,normal,seed4,175,6.848484848484849
hpmcounter6,normal,seed4,176,6.884848484848485
hpmcounter6,normal,seed4,177,6.848484848484849
hpmcounter6,normal,seed4,178,6.739393939393939
hpmcounter6,normal,seed4,179,6.557575757575758
hpmcounter6,normal,seed4,180,6.303030303030303
hpmcounter6,normal,seed4,181,6.218181818181818
hpmcounter6,normal,seed4,182,6.303030303030303
hpmcounter6,normal,seed4,183,6.557575757575758
hpmcounter6,normal,seed4,184,6.739393939393939
hpmcounter6,normal,seed4,185,6.848484848484849
hpmcounter6,normal,seed4,186,6.884848484848485
hpmcounter6,normal,seed4,187,6.848484848484849
hpmcounter6,normal,seed4,188,6.739393939393939
hpmcounter6,normal,seed4,189,6.557575757575758
hpmcounter6,normal,seed4,190,6.303030303030303
hpmcounter6,normal,seed4,191,6.218181818181818
hpmcounter6,normal,seed4,192,6.303030303030303
hpmcounter6,normal,seed4,193,6.557575757575758
hpmcounter6,normal,seed4,194,6.739393939393939
hpmcounter6,normal,seed4,195,6.848484848484849
hpmcounter6,normal,seed4,196,6.884848484848485
hpmcounter6,normal,seed4,197,6.848484848484849
hpmcounter6,normal,seed4,198,6.739393939393939
hpmcounter6,normal,seed4,199,6.557575757575758
hpmcounter6,normal,seed4,200,6.303030303030303
hpmcounter6,normal,seed4,201,6.218181818181818
hpmcounter6,normal,seed4,202,6.303030303030303
hpmcounter6,normal,seed4,203,6.557575757575758
hpmcounter6,normal,seed4,204,6.739393939393939
hpmcounter6,normal,seed4,205,6.848484848484849
hpmcounter6,normal,seed4,206,6.884848484848485
hpmcounter6,normal,seed4,207,6.848484848484849
hpmcounter6,normal,seed4,208,6.739393939393939
hpmcounter6,normal,seed4,209,6.557575757575758
hpmcounter6,normal,seed4,210,6.303030303030303
hpmcounter6,normal,seed4,211,6.218181818181818
hpmcounter6,normal,seed4,212,6.303030303030303
hpmcounter6,normal,seed4,213,6.557575757575758
hpmcounter6,normal,seed4,214,6.739393939393939
hpmcounter6,normal,seed4,215,6.848484848484849
hpmcounter6,normal,seed4,216,6.884848484848485
hpmcounter6,normal,seed4,217,6.848484848484849
hpmcounter6,normal,seed4,218,6.739393939393939
hpmcounter6,normal,seed4,219,6.557575757575758
hpmcounter6,normal,seed4,220,6.303030303030303
hpmcounter6,normal,seed4,221,6.218181818181818
hpmcounter6,normal,seed4,222,6.303030303030303
hpmcounter6,normal,seed4,223,6.557575757575758
hpmcounter6,normal,seed4,224,6.739393939393939
hpmcounter6,normal,seed4,225,6.848484848484849
hpmcounter6,normal,seed4,226,6.884848484848485
hpmcounter6,normal,seed4,227,6.848484848484849
hpmcounter6,normal,seed4,228,6.739393939393939
hpmcounter6,normal,seed4,229,6.557575757575758
hpmcounter6,normal,seed4,230,6.303030303030303
hpmcounter6,normal,seed4,231,6.218181818181818
hpmcounter6,normal,seed4,232,6.303030303030303
hpmcounter6,normal,seed4,233,6.557575757575758
hpmcounter6,normal,seed4,234,6.739393939393939
hpmcounter6,normal,seed4,235,6.848484848484849
hpmcounter6,normal,seed4,236,6.884848484848485
hpmcounter6,normal,seed4,237,6.848484848484849
hpmcounter6,normal,seed4,238,6.739393939393939
hpmcounter6,normal,seed4,239,6.557575757575758
hpmcounter6,normal,seed4,240,6.303030303030303
hpmcounter6,normal,seed4,241,6.218181818181818
hpmcounter6,normal,seed4,242,6.303030303030303
hpmcounter6,normal,seed4,243,6.557575757575758
hpmcounter6,normal,seed4,244,6.739393939393939
hpmcounter6,normal,seed4,245,6.848484848484849
hpmcounter6,normal,seed4,246,6.884848484848485
hpmcounter6,normal,seed4,247,6.848484848484849
hpmcounter6,normal,seed4,248,6.739393939393939
hpmcounter6,normal,seed4,249,6.557575757575758
hpmcounter6,normal,seed4,250,6.303030303030303
hpmcounter6,normal,seed4,251,6.218181818181818
hpmcounter6,normal,seed4,252,6.303030303030303
hpmcounter6,normal,seed4,253,6.557575757575758
hpmcounter6,normal,seed4,254,6.739393939393939
hpmcounter6,normal,seed4,255,6.848484848484849
hpmcounter6,normal,seed4,256,6.884848484848485
hpmcounter6,normal,seed4,257,6.848484848484849
hpmcounter6,normal,seed4,258,6.739393939393939
hpmcounter6,normal,seed4,259,6.557575757575758
hpmcounter6,normal,seed4,260,6.303030303030303
hpmcounter6,normal,seed4,261,6.218181818181818
hpmcounter6,normal,seed4,262,6.303030303030303
hpmcounter6,normal,seed4,263,6.557575757575758
hpmcounter6,normal,seed4,264,6.739393939393939
hpmcounter6,normal,seed4,265,6.848484848484849
hpmcounter6,normal,seed4,266,6.884848484848485
hpmcounter6,normal,seed4,267,6.848484848484849
hpmcounter6,normal,seed4,268,6.739393939393939
hpmcounter6,normal,seed4,269,6.557575757575758
hpmcounter6,normal,seed4,270,6.303030303030303
hpmcounter6,normal,seed4,271,6.218181818181818
hpmcounter6,normal,seed4,272,6.303030303030303
hpmcounter6,normal,seed4,273,6.557575757575758
hpmcounter6,normal,seed4,274,6.739393939393939
hpmcounter6,normal,seed4,275,6.848484848484849
hpmcounter6,normal,seed4,276,6.884848484848485
hpmcounter6,normal,seed4,277,6.848484848484849
hpmcounter6,normal,seed4,278,6.739393939393939
hpmcounter6,normal,seed4,279,6.557575757575758
hpmcounter6,normal,seed4,280,6.303030303030303
hpmcounter6,normal,seed4,281,6.218181818181818
hpmcounter6,normal,seed4,282,6.303030303030303
hpmcounter6,normal,seed4,283,6.557575757575758
hpmcounter6,normal,seed4,284,6.739393939393939
hpmcounter6,normal,seed4,285,6.848484848484849
hpmcounter6,normal,seed4,286,6.884848484848485
hpmcounter6,normal,seed4,287,6.848484848484849
hpmcounter6,normal,seed4,288,6.739393939393939
hpmcounter6,normal,seed4,289,6.557575757575758
hpmcounter6,normal,seed4,290,6.303030303030303
hpmcounter6,normal,seed4,291,6.218181818181818
hpmcounter6,normal,seed4,292,6.303030303030303
hpmcounter6,normal,seed4,293,6.557575757575758
hpmcounter6,normal,seed4,294,6.739393939393939
hpmcounter6,normal,seed4,295,6.848484848484849
hpmcounter6,normal,seed4,296,6.884848484848485
hpmcounter6,normal,seed4,297,6.848484848484849
hpmcounter6,normal,seed4,298,6.739393939393939
hpmcounter6,normal,seed5,9,6.557575757575758
hpmcounter6,normal,seed5,10,6.303030303030303
hpmcounter6,normal,seed5,11,6.218181818181818
hpmcounter6,normal,seed5,12,6.303030303030303
hpmcounter6,normal,seed5,13,6.557575757575758
hpmcounter6,normal,seed5,14,6.739393939393939
hpmcounter6,normal,seed5,15,6.848484848484849
hpmcounter6,normal,seed5,16,6.884848484848485
hpmcounter6,normal,seed5,17,6.848484848484849
hpmcounter6,normal,seed5,18,6.739393939393939
hpmcounter6,normal,seed5,19,6.557575757575758
hpmcounter6,normal,seed5,20,6.303030303030303
hpmcounter6,normal,seed5,21,6.218181818181818
hpmcounter6,normal,seed5,22,6.303030303030303
hpmcounter6,normal,seed5,23,6.557575757575758
hpmcounter6,normal,seed5,24,6.739393939393939
hpmcounter6,normal,seed5,25,6.848484848484849
hpmcounter6,normal,seed5,26,6.884848484848485
hpmcounter6,normal,seed5,27,6.848484848484849
hpmcounter6,normal,seed5,28,6.739393939393939
hpmcounter6,normal,seed5,29,6.557575757575758
hpmcounter6,normal,seed5,30,6.303030303030303
hpmcounter6,normal,seed5,31,6.218181818181818
hpmcounter6,normal,seed5,32,6.303030303030303
hpmcounter6,normal,seed5,33,6.557575757575758
hpmcounter6,normal,seed5,34,6.739393939393939
hpmcounter6,normal,seed5,35,6.848484848484849
hpmcounter6,normal,seed5,36,6.884848484848485
hpmcounter6,normal,seed5,37,6.848484848484849
hpmcounter6,normal,seed5,38,6.739393939393939
hpmcounter6,normal,seed5,39,6.557575757575758
hpmcounter6,normal,seed5,40,6.303030303030303
hpmcounter6,normal,seed5,41,6.218181818181818
hpmcounter6,normal,seed5,42,6.303030303030303
hpmcounter6,normal,seed5,43,6.557575757575758
hpmcounter6,normal,seed5,44,6.739393939393939
hpmcounter6,normal,seed5,45,6.848484848484849
hpmcounter6,normal,seed5,46,6.884848484848485
hpmcounter6,normal,seed5,47,6.848484848484849
hpmcounter6,normal,seed5,48,6.739393939393939
hpmcounter6,normal,seed5,49,6.557575757575758
hpmcounter6,normal,seed5,50,6.303030303030303
hpmcounter6,normal,seed5,51,6.218181818181818
hpmcounter6,normal,seed5,52,6.303030303030303
hpmcounter6,normal,seed5,53,6.557575757575758
hpmcounter6,normal,seed5,54,6.739393939393939
hpmcounter6,normal,seed5,55,6.848484848484849
hpmcounter6,normal,seed5,56,6.884848484848485
hpmcounter6,normal,seed5,57,6.848484848484849
hpmcounter6,normal,seed5,58,6.739393939393939
hpmcounter6,normal,seed5,59,6.557575757575758
hpmcounter6,normal,seed5,60,6.303030303030303
hpmcounter6,normal,seed5,61,6.218181818181818
hpmcounter6,normal,seed5,62,6.303030303030303
hpmcounter6,normal,seed5,63,6.557575757575758
hpmcounter6,normal,seed5,64,6.739393939393939
hpmcounter6,normal,seed5,65,6.848484848484849
hpmcounter6,normal,seed5,66,6.884848484848485
hpmcounter6,normal,seed5,67,6.848484848484849
hpmcounter6,normal,seed5,68,6.739393939393939
hpmcounter6,normal,seed5,69,6.557575757575758
hpmcounter6,normal,seed5,70,6.303030303030303
hpmcounter6,normal,seed5,71,6.218181818181818
hpmcounter6,normal,seed5,72,6.303030303030303
hpmcounter6,normal,seed5,73,6.557575757575758
hpmcounter6,normal,seed5,74,6.739393939393939
hpmcounter6,normal,seed5,75,6.848484848484849
hpmcounter6,normal,seed5,76,6.884848484848485
hpmcounter6,normal,seed5,77,6.848484848484849
hpmcounter6,normal,seed5,78,6.739393939393939
hpmcounter6,normal,seed5,79,6.557575757575758
hpmcounter6,normal,seed5,80,6.303030303030303
hpmcounter6,normal,seed5,81,6.218181818181818
hpmcounter6,normal,seed5,82,6.303030303030303
hpmcounter6,normal,seed5,83,6.557575757575758
hpmcounter6,normal,seed5,84,6.739393939393939
hpmcounter6,normal,seed5,85,6.848484848484849
hpmcounter6,normal,seed5,86,6.884848484848485
hpmcounter6,normal,seed5,87,6.848484848484849
hpmcounter6,normal,seed5,88,6.739393939393939
hpmcounter6,normal,seed5,89,6.557575757575758
hpmcounter6,normal,seed5,90,6.303030303030303
hpmcounter6,normal,seed5,91,6.218181818181818
hpmcounter6,normal,seed5,92,6.303030303030303
hpmcounter6,normal,seed5,93,6.557575757575758
hpmcounter6,normal,seed5,94,6.739393939393939
hpmcounter6,normal,seed5,95,6.848484848484849
hpmcounter6,normal,seed5,96,6.884848484848485
hpmcounter6,normal,seed5,97,6.848484848484849
hpmcounter6,normal,seed5,98,6.739393939393939
hpmcounter6,normal,seed5,99,6.557575757575758
hpmcounter6,normal,seed5,100,6.303030303030303
hpmcounter6,normal,seed5,101,6.218181818181818
hpmcounter6,normal,seed5,102,6.303030303030303
hpmcounter6,normal,seed5,103,6.557575757575758
hpmcounter6,normal,seed5,104,6.739393939393939
hpmcounter6,normal,seed5,105,6.848484848484849
hpmcounter6,normal,seed5,106,6.884848484848485
hpmcounter6,normal,seed5,107,6.848484848484849
hpmcounter6,normal,seed5,108,6.739393939393939
hpmcounter6,normal,seed5,109,6.557575757575758
hpmcounter6,normal,seed5,110,6.303030303030303
hpmcounter6,normal,seed5,111,6.218181818181818
hpmcounter6,normal,seed5,112,6.303030303030303
hpmcounter6,normal,seed5,113,6.557575757575758
hpmcounter6,normal,seed5,114,6.739393939393939
hpmcounter6,normal,seed5,115,6.848484848484849
hpmcounter6,normal,seed5,116,6.884848484848485
hpmcounter6,normal,seed5,117,6.848484848484849
hpmcounter6,normal,seed5,118,6.739393939393939
hpmcounter6,normal,seed5,119,6.557575757575758
hpmcounter6,normal,seed5,120,6.303030303030303
hpmcounter6,normal,seed5,121,6.218181818181818
hpmcounter6,normal,seed5,122,6.303030303030303
hpmcounter6,normal,seed5,123,6.557575757575758
hpmcounter6,normal,seed5,124,6.739393939393939
hpmcounter6,normal,seed5,125,6.848484848484849
hpmcounter6,normal,seed5,126,6.884848484848485
hpmcounter6,normal,seed5,127,6.848484848484849
hpmcounter6,normal,seed5,128,6.739393939393939
hpmcounter6,normal,seed5,129,6.557575757575758
hpmcounter6,normal,seed5,130,6.303030303030303
hpmcounter6,normal,seed5,131,6.218181818181818
hpmcounter6,normal,seed5,132,6.303030303030303
hpmcounter6,normal,seed5,133,6.557575757575758
hpmcounter6,normal,seed5,134,6.739393939393939
hpmcounter6,normal,seed5,135,6.848484848484849
hpmcounter6,normal,seed5,136,6.884848484848485
hpmcounter6,normal,seed5,137,6.848484848484849
hpmcounter6,normal,seed5,138,6.739393939393939
hpmcounter6,normal,seed5,139,6.557575757575758
hpmcounter6,normal,seed5,140,6.303030303030303
hpmcounter6,normal,seed5,141,6.218181818181818
hpmcounter6,normal,seed5,142,6.303030303030303
hpmcounter6,normal,seed5,143,6.557575757575758
hpmcounter6,normal,seed5,144,6.739393939393939
hpmcounter6,normal,seed5,145,6.848484848484849
hpmcounter6,normal,seed5,146,6.884848484848485
hpmcounter6,normal,seed5,147,6.848484848484849
hpmcounter6,normal,seed5,148,6.739393939393939
hpmcounter6,normal,seed5,149,6.557575757575758
hpmcounter6,normal,seed5,150,6.303030303030303
hpmcounter6,normal,seed5,151,6.218181818181818
hpmcounter6,normal,seed5,152,6.303030303030303
hpmcounter6,normal,seed5,153,6.557575757575758
hpmcounter6,normal,seed5,154,6.739393939393939
hpmcounter6,normal,seed5,155,6.848484848484849
hpmcounter6,normal,seed5,156,6.884848484848485
hpmcounter6,normal,seed5,157,6.848484848484849
hpmcounter6,normal,seed5,158,6.739393939393939
hpmcounter6,normal,seed5,159,6.557575757575758
hpmcounter6,normal,seed5,160,6.303030303030303
hpmcounter6,normal,seed5,161,6.218181818181818
hpmcounter6,normal,seed5,162,6.303030303030303
hpmcounter6,normal,seed5,163,6.557575757575758
hpmcounter6,normal,seed5,164,6.739393939393939
hpmcounter6,normal,seed5,165,6.848484848484849
hpmcounter6,normal,seed5,166,6.884848484848485
hpmcounter6,normal,seed5,167,6.848484848484849
hpmcounter6,normal,seed5,168,6.739393939393939
hpmcounter6,normal,seed5,169,6.557575757575758
hpmcounter6,normal,seed5,170,6.303030303030303
hpmcounter6,normal,seed5,171,6.218181818181818
hpmcounter6,normal,seed5,172,6.303030303030303
hpmcounter6,normal,seed5,173,6.557575757575758
hpmcounter6,normal,seed5,174,6.739393939393939
hpmcounter6,normal,seed5,175,6.848484848484849
hpmcounter6,normal,seed5,176,6.884848484848485
hpmcounter6,normal,seed5,177,6.848484848484849
hpmcounter6,normal,seed5,178,6.739393939393939
hpmcounter6,normal,seed5,179,6.557575757575758
hpmcounter6,normal,seed5,180,6.303030303030303
hpmcounter6,normal,seed5,181,6.218181818181818
hpmcounter6,normal,seed5,182,6.303030303030303
hpmcounter6,normal,seed5,183,6.557575757575758
hpmcounter6,normal,seed5,184,6.739393939393939
hpmcounter6,normal,seed5,185,6.848484848484849
hpmcounter6,normal,seed5,186,6.884848484848485
hpmcounter6,normal,seed5,187,6.848484848484849
hpmcounter6,normal,seed5,188,6.739393939393939
hpmcounter6,normal,seed5,189,6.557575757575758
hpmcounter6,normal,seed5,190,6.303030303030303
hpmcounter6,normal,seed5,191,6.218181818181818
hpmcounter6,normal,seed5,192,6.303030303030303
hpmcounter6,normal,seed5,193,6.557575757575758
hpmcounter6,normal,seed5,194,6.739393939393939
hpmcounter6,normal,seed5,195,6.848484848484849
hpmcounter6,normal,seed5,196,6.884848484848485
hpmcounter6,normal,seed5,197,6.848484848484849
hpmcounter6,normal,seed5,198,6.739393939393939
hpmcounter6,normal,seed5,199,6.557575757575758
hpmcounter6,normal,seed5,200,6.303030303030303
hpmcounter6,normal,seed5,201,6.218181818181818
hpmcounter6,normal,seed5,202,6.303030303030303
hpmcounter6,normal,seed5,203,6.557575757575758
hpmcounter6,normal,seed5,204,6.739393939393939
hpmcounter6,normal,seed5,205,6.848484848484849
hpmcounter6,normal,seed5,206,6.884848484848485
hpmcounter6,normal,seed5,207,6.848484848484849
hpmcounter6,normal,seed5,208,6.739393939393939
hpmcounter6,normal,seed5,209,6.557575757575758
hpmcounter6,normal,seed5,210,6.303030303030303
hpmcounter6,normal,seed5,211,6.218181818181818
hpmcounter6,normal,seed5,212,6.303030303030303
hpmcounter6,normal,seed5,213,6.557575757575758
hpmcounter6,normal,seed5,214,6.739393939393939
hpmcounter6,normal,seed5,215,6.848484848484849
hpmcounter6,normal,seed5,216,6.884848484848485
hpmcounter6,normal,seed5,217,6.848484848484849
hpmcounter6,normal,seed5,218,6.739393939393939
hpmcounter6,normal,seed5,219,6.557575757575758
hpmcounter6,normal,seed5,220,6.303030303030303
hpmcounter6,normal,seed5,221,6.218181818181818
hpmcounter6,normal,seed5,222,6.303030303030303
hpmcounter6,normal,seed5,223,6.557575757575758
hpmcounter6,normal,seed5,224,6.739393939393939
hpmcounter6,normal,seed5,225,6.848484848484849
hpmcounter6,normal,seed5,226,6.884848484848485
hpmcounter6,normal,seed5,227,6.848484848484849
hpmcounter6,normal,seed5,228,6.739393939393939
hpmcounter6,normal,seed5,229,6.557575757575758
hpmcounter6,normal,seed5,230,6.303030303030303
hpmcounter6,normal,seed5,231,6.218181818181818
hpmcounter6,normal,seed5,232,6.303030303030303
hpmcounter6,normal,seed5,233,6.557575757575758
hpmcounter6,normal,seed5,234,6.739393939393939
hpmcounter6,normal,seed5,235,6.848484848484849
hpmcounter6,normal,seed5,236,6.884848484848485
hpmcounter6,normal,seed5,237,6.848484848484849
hpmcounter6,normal,seed5,238,6.739393939393939
hpmcounter6,normal,seed5,239,6.557575757575758
hpmcounter6,normal,seed5,240,6.303030303030303
hpmcounter6,normal,seed5,241,6.218181818181818
hpmcounter6,normal,seed5,242,6.303030303030303
hpmcounter6,normal,seed5,243,6.557575757575758
hpmcounter6,normal,seed5,244,6.739393939393939
hpmcounter6,normal,seed5,245,6.848484848484849
hpmcounter6,normal,seed5,246,6.884848484848485
hpmcounter6,normal,seed5,247,6.848484848484849
hpmcounter6,normal,seed5,248,6.739393939393939
hpmcounter6,normal,seed5,249,6.557575757575758
hpmcounter6,normal,seed5,250,6.303030303030303
hpmcounter6,normal,seed5,251,6.218181818181818
hpmcounter6,normal,seed5,252,6.303030303030303
hpmcounter6,normal,seed5,253,6.557575757575758
hpmcounter6,normal,seed5,254,6.739393939393939
hpmcounter6,normal,seed5,255,6.848484848484849
hpmcounter6,normal,seed5,256,6.884848484848485
hpmcounter6,normal,seed5,257,6.848484848484849
hpmcounter6,normal,seed5,258,6.739393939393939
hpmcounter6,normal,seed5,259,6.557575757575758
hpmcounter6,normal,seed5,260,6.303030303030303
hpmcounter6,normal,seed5,261,6.218181818181818
hpmcounter6,normal,seed5,262,6.303030303030303
hpmcounter6,normal,seed5,263,6.557575757575758
hpmcounter6,normal,seed5,264,6.739393939393939
hpmcounter6,normal,seed5,265,6.848484848484849
hpmcounter6,normal,seed5,266,6.884848484848485
hpmcounter6,normal,seed5,267,6.848484848484849
hpmcounter6,normal,seed5,268,6.739393939393939
hpmcounter6,normal,seed5,269,6.557575757575758
hpmcounter6,normal,seed5,270,6.303030303030303
hpmcounter6,normal,seed5,271,6.218181818181818
hpmcounter6,normal,seed5,272,6.303030303030303
hpmcounter6,normal,seed5,273,6.557575757575758
hpmcounter6,normal,seed5,274,6.739393939393939
hpmcounter6,normal,seed5,275,6.848484848484849
hpmcounter6,normal,seed5,276,6.884848484848485
hpmcounter6,normal,seed5,277,6.848484848484849
hpmcounter6,normal,seed5,278,6.739393939393939
hpmcounter6,normal,seed5,279,6.557575757575758
hpmcounter6,normal,seed5,280,6.303030303030303
hpmcounter6,normal,seed5,281,6.218181818181818
hpmcounter6,normal,seed5,282,6.303030303030303
hpmcounter6,normal,seed5,283,6.557575757575758
hpmcounter6,normal,seed5,284,6.739393939393939
hpmcounter6,normal,seed5,285,6.848484848484849
hpmcounter6,normal,seed5,286,6.884848484848485
hpmcounter6,normal,seed5,287,6.848484848484849
hpmcounter6,normal,seed5,288,6.739393939393939
hpmcounter6,normal,seed5,289,6.557575757575758
hpmcounter6,normal,seed5,290,6.303030303030303
hpmcounter6,normal,seed5,291,6.218181818181818
hpmcounter6,normal,seed5,292,6.303030303030303
hpmcounter6,normal,seed5,293,6.557575757575758
hpmcounter6,normal,seed5,294,6.739393939393939
hpmcounter6,normal,seed5,295,6.848484848484849
hpmcounter6,normal,seed5,296,6.884848484848485
hpmcounter6,normal,seed5,297,6.848484848484849
hpmcounter6,normal,seed5,298,6.739393939393939
hpmcounter6,normal,seed6,9,6.557575757575758
hpmcounter6,normal,seed6,10,6.303030303030303
hpmcounter6,normal,seed6,11,6.218181818181818
hpmcounter6,normal,seed6,12,6.303030303030303
hpmcounter6,normal,seed6,13,6.557575757575758
hpmcounter6,normal,seed6,14,6.739393939393939
hpmcounter6,normal,seed6,15,6.848484848484849
hpmcounter6,normal,seed6,16,6.884848484848485
hpmcounter6,normal,seed6,17,6.848484848484849
hpmcounter6,normal,seed6,18,6.739393939393939
hpmcounter6,normal,seed6,19,6.557575757575758
hpmcounter6,normal,seed6,20,6.303030303030303
hpmcounter6,normal,seed6,21,6.218181818181818
hpmcounter6,normal,seed6,22,6.303030303030303
hpmcounter6,normal,seed6,23,6.557575757575758
hpmcounter6,normal,seed6,24,6.739393939393939
hpmcounter6,normal,seed6,25,6.848484848484849
hpmcounter6,normal,seed6,26,6.884848484848485
hpmcounter6,normal,seed6,27,6.848484848484849
hpmcounter6,normal,seed6,28,6.739393939393939
hpmcounter6,normal,seed6,29,6.557575757575758
hpmcounter6,normal,seed6,30,6.303030303030303
hpmcounter6,normal,seed6,31,6.218181818181818
hpmcounter6,normal,seed6,32,6.303030303030303
hpmcounter6,normal,seed6,33,6.557575757575758
hpmcounter6,normal,seed6,34,6.739393939393939
hpmcounter6,normal,seed6,35,6.848484848484849
hpmcounter6,normal,seed6,36,6.884848484848485
hpmcounter6,normal,seed6,37,6.848484848484849
hpmcounter6,normal,seed6,38,6.739393939393939
hpmcounter6,normal,seed6,39,6.557575757575758
hpmcounter6,normal,seed6,40,6.303030303030303
hpmcounter6,normal,seed6,41,6.218181818181818
hpmcounter6,normal,seed6,42,6.303030303030303
hpmcounter6,normal,seed6,43,6.557575757575758
hpmcounter6,normal,seed6,44,6.739393939393939
hpmcounter6,normal,seed6,45,6.848484848484849
hpmcounter6,normal,seed6,46,6.884848484848485
hpmcounter6,normal,seed6,47,6.848484848484849
hpmcounter6,normal,seed6,48,6.739393939393939
hpmcounter6,normal,seed6,49,6.557575757575758
hpmcounter6,normal,seed6,50,6.303030303030303
hpmcounter6,normal,seed6,51,6.218181818181818
hpmcounter6,normal,seed6,52,6.303030303030303
hpmcounter6,normal,seed6,53,6.557575757575758
hpmcounter6,normal,seed6,54,6.739393939393939
hpmcounter6,normal,seed6,55,6.848484848484849
hpmcounter6,normal,seed6,56,6.884848484848485
hpmcounter6,normal,seed6,57,6.848484848484849
hpmcounter6,normal,seed6,58,6.739393939393939
hpmcounter6,normal,seed6,59,6.557575757575758
hpmcounter6,normal,seed6,60,6.303030303030303
hpmcounter6,normal,seed6,61,6.218181818181818
hpmcounter6,normal,seed6,62,6.303030303030303
hpmcounter6,normal,seed6,63,6.557575757575758
hpmcounter6,normal,seed6,64,6.739393939393939
hpmcounter6,normal,seed6,65,6.848484848484849
hpmcounter6,normal,seed6,66,6.884848484848485
hpmcounter6,normal,seed6,67,6.848484848484849
hpmcounter6,normal,seed6,68,6.739393939393939
hpmcounter6,normal,seed6,69,6.557575757575758
hpmcounter6,normal,seed6,70,6.303030303030303
hpmcounter6,normal,seed6,71,6.218181818181818
hpmcounter6,normal,seed6,72,6.303030303030303
hpmcounter6,normal,seed6,73,6.557575757575758
hpmcounter6,normal,seed6,74,6.739393939393939
hpmcounter6,normal,seed6,75,6.848484848484849
hpmcounter6,normal,seed6,76,6.884848484848485
hpmcounter6,normal,seed6,77,6.848484848484849
hpmcounter6,normal,seed6,78,6.739393939393939
hpmcounter6,normal,seed6,79,6.557575757575758
hpmcounter6,normal,seed6,80,6.303030303030303
hpmcounter6,normal,seed6,81,6.218181818181818
hpmcounter6,normal,seed6,82,6.303030303030303
hpmcounter6,normal,seed6,83,6.557575757575758
hpmcounter6,normal,seed6,84,6.739393939393939
hpmcounter6,normal,seed6,85,6.848484848484849
hpmcounter6,normal,seed6,86,6.884848484848485
hpmcounter6,normal,seed6,87,6.848484848484849
hpmcounter6,normal,seed6,88,6.739393939393939
hpmcounter6,normal,seed6,89,6.557575757575758
hpmcounter6,normal,seed6,90,6.303030303030303
hpmcounter6,normal,seed6,91,6.218181818181818
hpmcounter6,normal,seed6,92,6.303030303030303
hpmcounter6,normal,seed6,93,6.557575757575758
hpmcounter6,normal,seed6,94,6.739393939393939
hpmcounter6,normal,seed6,95,6.848484848484849
hpmcounter6,normal,seed6,96,6.884848484848485
hpmcounter6,normal,seed6,97,6.848484848484849
hpmcounter6,normal,seed6,98,6.739393939393939
hpmcounter6,normal,seed6,99,6.557575757575758
hpmcounter6,normal,seed6,100,6.303030303030303
hpmcounter6,normal,seed6,101,6.218181818181818
hpmcounter6,normal,seed6,102,6.303030303030303
hpmcounter6,normal,seed6,103,6.557575757575758
hpmcounter6,normal,seed6,104,6.739393939393939
hpmcounter6,normal,seed6,105,6.848484848484849
hpmcounter6,normal,seed6,106,6.884848484848485
hpmcounter6,normal,seed6,107,6.848484848484849
hpmcounter6,normal,seed6,108,6.739393939393939
hpmcounter6,normal,seed6,109,6.557575757575758
hpmcounter6,normal,seed6,110,6.303030303030303
hpmcounter6,normal,seed6,111,6.218181818181818
hpmcounter6,normal,seed6,112,6.303030303030303
hpmcounter6,normal,seed6,113,6.557575757575758
hpmcounter6,normal,seed6,114,6.739393939393939
hpmcounter6,normal,seed6,115,6.848484848484849
hpmcounter6,normal,seed6,116,6.884848484848485
hpmcounter6,normal,seed6,117,6.848484848484849
hpmcounter6,normal,seed6,118,6.739393939393939
hpmcounter6,normal,seed6,119,6.557575757575758
hpmcounter6,normal,seed6,120,6.303030303030303
hpmcounter6,normal,seed6,121,6.218181818181818
hpmcounter6,normal,seed6,122,6.303030303030303
hpmcounter6,normal,seed6,123,6.557575757575758
hpmcounter6,normal,seed6,124,6.739393939393939
hpmcounter6,normal,seed6,125,6.848484848484849
hpmcounter6,normal,seed6,126,6.884848484848485
hpmcounter6,normal,seed6,127,6.848484848484849
hpmcounter6,normal,seed6,128,6.739393939393939
hpmcounter6,normal,seed6,129,6.557575757575758
hpmcounter6,normal,seed6,130,6.303030303030303
hpmcounter6,normal,seed6,131,6.218181818181818
hpmcounter6,normal,seed6,132,6.303030303030303
hpmcounter6,normal,seed6,133,6.557575757575758
hpmcounter6,normal,seed6,134,6.739393939393939
hpmcounter6,normal,seed6,135,6.848484848484849
hpmcounter6,normal,seed6,136,6.884848484848485
hpmcounter6,normal,seed6,137,6.848484848484849
hpmcounter6,normal,seed6,138,6.739393939393939
hpmcounter6,normal,seed6,139,6.557575757575758
hpmcounter6,normal,seed6,140,6.303030303030303
hpmcounter6,normal,seed6,141,6.218181818181818
hpmcounter6,normal,seed6,142,6.303030303030303
hpmcounter6,normal,seed6,143,6.557575757575758
hpmcounter6,normal,seed6,144,6.739393939393939
hpmcounter6,normal,seed6,145,6.848484848484849
hpmcounter6,normal,seed6,146,6.884848484848485
hpmcounter6,normal,seed6,147,6.848484848484849
hpmcounter6,normal,seed6,148,6.739393939393939
hpmcounter6,normal,seed6,149,6.557575757575758
hpmcounter6,normal,seed6,150,6.303030303030303
hpmcounter6,normal,seed6,151,6.218181818181818
hpmcounter6,normal,seed6,152,6.303030303030303
hpmcounter6,normal,seed6,153,6.557575757575758
hpmcounter6,normal,seed6,154,6.739393939393939
hpmcounter6,normal,seed6,155,6.848484848484849
hpmcounter6,normal,seed6,156,6.884848484848485
hpmcounter6,normal,seed6,157,6.848484848484849
hpmcounter6,normal,seed6,158,6.739393939393939
hpmcounter6,normal,seed6,159,6.557575757575758
hpmcounter6,normal,seed6,160,6.303030303030303
hpmcounter6,normal,seed6,161,6.218181818181818
hpmcounter6,normal,seed6,162,6.303030303030303
hpmcounter6,normal,seed6,163,6.557575757575758
hpmcounter6,normal,seed6,164,6.739393939393939
hpmcounter6,normal,seed6,165,6.848484848484849
hpmcounter6,normal,seed6,166,6.884848484848485
hpmcounter6,normal,seed6,167,6.848484848484849
hpmcounter6,normal,seed6,168,6.739393939393939
hpmcounter6,normal,seed6,169,6.557575757575758
hpmcounter6,normal,seed6,170,6.303030303030303
hpmcounter6,normal,seed6,171,6.218181818181818
hpmcounter6,normal,seed6,172,6.303030303030303
hpmcounter6,normal,seed6,173,6.557575757575758
hpmcounter6,normal,seed6,174,6.739393939393939
hpmcounter6,normal,seed6,175,6.848484848484849
hpmcounter6,normal,seed6,176,6.884848484848485
hpmcounter6,normal,seed6,177,6.848484848484849
hpmcounter6,normal,seed6,178,6.739393939393939
hpmcounter6,normal,seed6,179,6.557575757575758
hpmcounter6,normal,seed6,180,6.303030303030303
hpmcounter6,normal,seed6,181,6.218181818181818
hpmcounter6,normal,seed6,182,6.303030303030303
hpmcounter6,normal,seed6,183,6.557575757575758
hpmcounter6,normal,seed6,184,6.739393939393939
hpmcounter6,normal,seed6,185,6.848484848484849
hpmcounter6,normal,seed6,186,6.884848484848485
hpmcounter6,normal,seed6,187,6.848484848484849
hpmcounter6,normal,seed6,188,6.739393939393939
hpmcounter6,normal,seed6,189,6.557575757575758
hpmcounter6,normal,seed6,190,6.303030303030303
hpmcounter6,normal,seed6,191,6.218181818181818
hpmcounter6,normal,seed6,192,6.303030303030303
hpmcounter6,normal,seed6,193,6.557575757575758
hpmcounter6,normal,seed6,194,6.739393939393939
hpmcounter6,normal,seed6,195,6.848484848484849
hpmcounter6,normal,seed6,196,6.884848484848485
hpmcounter6,normal,seed6,197,6.848484848484849
hpmcounter6,normal,seed6,198,6.739393939393939
hpmcounter6,normal,seed6,199,6.557575757575758
hpmcounter6,normal,seed6,200,6.303030303030303
hpmcounter6,normal,seed6,201,6.218181818181818
hpmcounter6,normal,seed6,202,6.303030303030303
hpmcounter6,normal,seed6,203,6.557575757575758
hpmcounter6,normal,seed6,204,6.739393939393939
hpmcounter6,normal,seed6,205,6.848484848484849
hpmcounter6,normal,seed6,206,6.884848484848485
hpmcounter6,normal,seed6,207,6.848484848484849
hpmcounter6,normal,seed6,208,6.739393939393939
hpmcounter6,normal,seed6,209,6.557575757575758
hpmcounter6,normal,seed6,210,6.303030303030303
hpmcounter6,normal,seed6,211,6.218181818181818
hpmcounter6,normal,seed6,212,6.303030303030303
hpmcounter6,normal,seed6,213,6.557575757575758
hpmcounter6,normal,seed6,214,6.739393939393939
hpmcounter6,normal,seed6,215,6.848484848484849
hpmcounter6,normal,seed6,216,6.884848484848485
hpmcounter6,normal,seed6,217,6.848484848484849
hpmcounter6,normal,seed6,218,6.739393939393939
hpmcounter6,normal,seed6,219,6.557575757575758
hpmcounter6,normal,seed6,220,6.303030303030303
hpmcounter6,normal,seed6,221,6.218181818181818
hpmcounter6,normal,seed6,222,6.303030303030303
hpmcounter6,normal,seed6,223,6.557575757575758
hpmcounter6,normal,seed6,224,6.739393939393939
hpmcounter6,normal,seed6,225,6.848484848484849
hpmcounter6,normal,seed6,226,6.884848484848485
hpmcounter6,normal,seed6,227,6.848484848484849
hpmcounter6,normal,seed6,228,6.739393939393939
hpmcounter6,normal,seed6,229,6.557575757575758
hpmcounter6,normal,seed6,230,6.303030303030303
hpmcounter6,normal,seed6,231,6.218181818181818
hpmcounter6,normal,seed6,232,6.303030303030303
hpmcounter6,normal,seed6,233,6.557575757575758
hpmcounter6,normal,seed6,234,6.739393939393939
hpmcounter6,normal,seed6,235,6.848484848484849
hpmcounter6,normal,seed6,236,6.884848484848485
hpmcounter6,normal,seed6,237,6.848484848484849
hpmcounter6,normal,seed6,238,6.739393939393939
hpmcounter6,normal,seed6,239,6.557575757575758
hpmcounter6,normal,seed6,240,6.303030303030303
hpmcounter6,normal,seed6,241,6.218181818181818
hpmcounter6,normal,seed6,242,6.303030303030303
hpmcounter6,normal,seed6,243,6.557575757575758
hpmcounter6,normal,seed6,244,6.739393939393939
hpmcounter6,normal,seed6,245,6.848484848484849
hpmcounter6,normal,seed6,246,6.884848484848485
hpmcounter6,normal,seed6,247,6.848484848484849
hpmcounter6,normal,seed6,248,6.739393939393939
hpmcounter6,normal,seed6,249,6.557575757575758
hpmcounter6,normal,seed6,250,6.303030303030303
hpmcounter6,normal,seed6,251,6.218181818181818
hpmcounter6,normal,seed6,252,6.303030303030303
hpmcounter6,normal,seed6,253,6.557575757575758
hpmcounter6,normal,seed6,254,6.739393939393939
hpmcounter6,normal,seed6,255,6.848484848484849
hpmcounter6,normal,seed6,256,6.884848484848485
hpmcounter6,normal,seed6,257,6.848484848484849
hpmcounter6,normal,seed6,258,6.739393939393939
hpmcounter6,normal,seed6,259,6.557575757575758
hpmcounter6,normal,seed6,260,6.303030303030303
hpmcounter6,normal,seed6,261,6.218181818181818
hpmcounter6,normal,seed6,262,6.303030303030303
hpmcounter6,normal,seed6,263,6.557575757575758
hpmcounter6,normal,seed6,264,6.739393939393939
hpmcounter6,normal,seed6,265,6.848484848484849
hpmcounter6,normal,seed6,266,6.884848484848485
hpmcounter6,normal,seed6,267,6.848484848484849
hpmcounter6,normal,seed6,268,6.739393939393939
hpmcounter6,normal,seed6,269,6.557575757575758
hpmcounter6,normal,seed6,270,6.303030303030303
hpmcounter6,normal,seed6,271,6.218181818181818
hpmcounter6,normal,seed6,272,6.303030303030303
hpmcounter6,normal,seed6,273,6.557575757575758
hpmcounter6,normal,seed6,274,6.739393939393939
hpmcounter6,normal,seed6,275,6.848484848484849
hpmcounter6,normal,seed6,276,6.884848484848485
hpmcounter6,normal,seed6,277,6.848484848484849
hpmcounter6,normal,seed6,278,6.739393939393939
hpmcounter6,normal,seed6,279,6.557575757575758
hpmcounter6,normal,seed6,280,6.303030303030303
hpmcounter6,normal,seed6,281,6.218181818181818
hpmcounter6,normal,seed6,282,6.303030303030303
hpmcounter6,normal,seed6,283,6.557575757575758
hpmcounter6,normal,seed6,284,6.739393939393939
hpmcounter6,normal,seed6,285,6.848484848484849
hpmcounter6,normal,seed6,286,6.884848484848485
hpmcounter6,normal,seed6,287,6.848484848484849
hpmcounter6,normal,seed6,288,6.739393939393939
hpmcounter6,normal,seed6,289,6.557575757575758
hpmcounter6,normal,seed6,290,6.303030303030303
hpmcounter6,normal,seed6,291,6.218181818181818
hpmcounter6,normal,seed6,292,6.303030303030303
hpmcounter6,normal,seed6,293,6.557575757575758
hpmcounter6,normal,seed6,294,6.739393939393939
hpmcounter6,normal,seed6,295,6.848484848484849
hpmcounter6,normal,seed6,296,6.884848484848485
hpmcounter6,normal,seed6,297,6.848484848484849
hpmcounter6,normal,seed6,298,6.739393939393939
hpmcounter6,normal,seed7,9,6.557575757575758
hpmcounter6,normal,seed7,10,6.303030303030303
hpmcounter6,normal,seed7,11,6.218181818181818
hpmcounter6,normal,seed7,12,6.303030303030303
hpmcounter6,normal,seed7,13,6.557575757575758
hpmcounter6,normal,seed7,14,6.739393939393939
hpmcounter6,normal,seed7,15,6.848484848484849
hpmcounter6,normal,seed7,16,6.884848484848485
hpmcounter6,normal,seed7,17,6.848484848484849
hpmcounter6,normal,seed7,18,6.739393939393939
hpmcounter6,normal,seed7,19,6.557575757575758
hpmcounter6,normal,seed7,20,6.303030303030303
hpmcounter6,normal,seed7,21,6.218181818181818
hpmcounter6,normal,seed7,22,6.303030303030303
hpmcounter6,normal,seed7,23,6.557575757575758
hpmcounter6,normal,seed7,24,6.739393939393939
hpmcounter6,normal,seed7,25,6.848484848484849
hpmcounter6,normal,seed7,26,6.884848484848485
hpmcounter6,normal,seed7,27,6.848484848484849
hpmcounter6,normal,seed7,28,6.739393939393939
hpmcounter6,normal,seed7,29,6.557575757575758
hpmcounter6,normal,seed7,30,6.303030303030303
hpmcounter6,normal,seed7,31,6.218181818181818
hpmcounter6,normal,seed7,32,6.303030303030303
hpmcounter6,normal,seed7,33,6.557575757575758
hpmcounter6,normal,seed7,34,6.739393939393939
hpmcounter6,normal,seed7,35,6.848484848484849
hpmcounter6,normal,seed7,36,6.884848484848485
hpmcounter6,normal,seed7,37,6.848484848484849
hpmcounter6,normal,seed7,38,6.739393939393939
hpmcounter6,normal,seed7,39,6.557575757575758
hpmcounter6,normal,seed7,40,6.303030303030303
hpmcounter6,normal,seed7,41,6.218181818181818
hpmcounter6,normal,seed7,42,6.303030303030303
hpmcounter6,normal,seed7,43,6.557575757575758
hpmcounter6,normal,seed7,44,6.739393939393939
hpmcounter6,normal,seed7,45,6.848484848484849
hpmcounter6,normal,seed7,46,6.884848484848485
hpmcounter6,normal,seed7,47,6.848484848484849
hpmcounter6,normal,seed7,48,6.739393939393939
hpmcounter6,normal,seed7,49,6.557575757575758
hpmcounter6,normal,seed7,50,6.303030303030303
hpmcounter6,normal,seed7,51,6.218181818181818
hpmcounter6,normal,seed7,52,6.303030303030303
hpmcounter6,normal,seed7,53,6.557575757575758
hpmcounter6,normal,seed7,54,6.739393939393939
hpmcounter6,normal,seed7,55,6.848484848484849
hpmcounter6,normal,seed7,56,6.884848484848485
hpmcounter6,normal,seed7,57,6.848484848484849
hpmcounter6,normal,seed7,58,6.739393939393939
hpmcounter6,normal,seed7,59,6.557575757575758
hpmcounter6,normal,seed7,60,6.303030303030303
hpmcounter6,normal,seed7,61,6.218181818181818
hpmcounter6,normal,seed7,62,6.303030303030303
hpmcounter6,normal,seed7,63,6.557575757575758
hpmcounter6,normal,seed7,64,6.739393939393939
hpmcounter6,normal,seed7,65,6.848484848484849
hpmcounter6,normal,seed7,66,6.884848484848485
hpmcounter6,normal,seed7,67,6.848484848484849
hpmcounter6,normal,seed7,68,6.739393939393939
hpmcounter6,normal,seed7,69,6.557575757575758
hpmcounter6,normal,seed7,70,6.303030303030303
hpmcounter6,normal,seed7,71,6.218181818181818
hpmcounter6,normal,seed7,72,6.303030303030303
hpmcounter6,normal,seed7,73,6.557575757575758
hpmcounter6,normal,seed7,74,6.739393939393939
hpmcounter6,normal,seed7,75,6.848484848484849
hpmcounter6,normal,seed7,76,6.884848484848485
hpmcounter6,normal,seed7,77,6.848484848484849
hpmcounter6,normal,seed7,78,6.739393939393939
hpmcounter6,normal,seed7,79,6.557575757575758
hpmcounter6,normal,seed7,80,6.303030303030303
hpmcounter6,normal,seed7,81,6.218181818181818
hpmcounter6,normal,seed7,82,6.303030303030303
hpmcounter6,normal,seed7,83,6.557575757575758
hpmcounter6,normal,seed7,84,6.739393939393939
hpmcounter6,normal,seed7,85,6.848484848484849
hpmcounter6,normal,seed7,86,6.884848484848485
hpmcounter6,normal,seed7,87,6.848484848484849
hpmcounter6,normal,seed7,88,6.739393939393939
hpmcounter6,normal,seed7,89,6.557575757575758
hpmcounter6,normal,seed7,90,6.303030303030303
hpmcounter6,normal,seed7,91,6.218181818181818
hpmcounter6,normal,seed7,92,6.303030303030303
hpmcounter6,normal,seed7,93,6.557575757575758
hpmcounter6,normal,seed7,94,6.739393939393939
hpmcounter6,normal,seed7,95,6.848484848484849
hpmcounter6,normal,seed7,96,6.884848484848485
hpmcounter6,normal,seed7,97,6.848484848484849
hpmcounter6,normal,seed7,98,6.739393939393939
hpmcounter6,normal,seed7,99,6.557575757575758
hpmcounter6,normal,seed7,100,6.303030303030303
hpmcounter6,normal,seed7,101,6.218181818181818
hpmcounter6,normal,seed7,102,6.303030303030303
hpmcounter6,normal,seed7,103,6.557575757575758
hpmcounter6,normal,seed7,104,6.739393939393939
hpmcounter6,normal,seed7,105,6.848484848484849
hpmcounter6,normal,seed7,106,6.884848484848485
hpmcounter6,normal,seed7,107,6.848484848484849
hpmcounter6,normal,seed7,108,6.739393939393939
hpmcounter6,normal,seed7,109,6.557575757575758
hpmcounter6,normal,seed7,110,6.303030303030303
hpmcounter6,normal,seed7,111,6.218181818181818
hpmcounter6,normal,seed7,112,6.303030303030303
hpmcounter6,normal,seed7,113,6.557575757575758
hpmcounter6,normal,seed7,114,6.739393939393939
hpmcounter6,normal,seed7,115,6.848484848484849
hpmcounter6,normal,seed7,116,6.884848484848485
hpmcounter6,normal,seed7,117,6.848484848484849
hpmcounter6,normal,seed7,118,6.739393939393939
hpmcounter6,normal,seed7,119,6.557575757575758
hpmcounter6,normal,seed7,120,6.303030303030303
hpmcounter6,normal,seed7,121,6.218181818181818
hpmcounter6,normal,seed7,122,6.303030303030303
hpmcounter6,normal,seed7,123,6.557575757575758
hpmcounter6,normal,seed7,124,6.739393939393939
hpmcounter6,normal,seed7,125,6.848484848484849
hpmcounter6,normal,seed7,126,6.884848484848485
hpmcounter6,normal,seed7,127,6.848484848484849
hpmcounter6,normal,seed7,128,6.739393939393939
hpmcounter6,normal,seed7,129,6.557575757575758
hpmcounter6,normal,seed7,130,6.303030303030303
hpmcounter6,normal,seed7,131,6.218181818181818
hpmcounter6,normal,seed7,132,6.303030303030303
hpmcounter6,normal,seed7,133,6.557575757575758
hpmcounter6,normal,seed7,134,6.739393939393939
hpmcounter6,normal,seed7,135,6.848484848484849
hpmcounter6,normal,seed7,136,6.884848484848485
hpmcounter6,normal,seed7,137,6.848484848484849
hpmcounter6,normal,seed7,138,6.739393939393939
hpmcounter6,normal,seed7,139,6.557575757575758
hpmcounter6,normal,seed7,140,6.303030303030303
hpmcounter6,normal,seed7,141,6.218181818181818
hpmcounter6,normal,seed7,142,6.303030303030303
hpmcounter6,normal,seed7,143,6.557575757575758
hpmcounter6,normal,seed7,144,6.739393939393939
hpmcounter6,normal,seed7,145,6.848484848484849
hpmcounter6,normal,seed7,146,6.884848484848485
hpmcounter6,normal,seed7,147,6.848484848484849
hpmcounter6,normal,seed7,148,6.739393939393939
hpmcounter6,normal,seed7,149,6.557575757575758
hpmcounter6,normal,seed7,150,6.303030303030303
hpmcounter6,normal,seed7,151,6.218181818181818
hpmcounter6,normal,seed7,152,6.303030303030303
hpmcounter6,normal,seed7,153,6.557575757575758
hpmcounter6,normal,seed7,154,6.739393939393939
hpmcounter6,normal,seed7,155,6.848484848484849
hpmcounter6,normal,seed7,156,6.884848484848485
hpmcounter6,normal,seed7,157,6.848484848484849
hpmcounter6,normal,seed7,158,6.739393939393939
hpmcounter6,normal,seed7,159,6.557575757575758
hpmcounter6,normal,seed7,160,6.303030303030303
hpmcounter6,normal,seed7,161,6.218181818181818
hpmcounter6,normal,seed7,162,6.303030303030303
hpmcounter6,normal,seed7,163,6.557575757575758
hpmcounter6,normal,seed7,164,6.739393939393939
hpmcounter6,normal,seed7,165,6.848484848484849
hpmcounter6,normal,seed7,166,6.884848484848485
hpmcounter6,normal,seed7,167,6.848484848484849
hpmcounter6,normal,seed7,168,6.739393939393939
hpmcounter6,normal,seed7,169,6.557575757575758
hpmcounter6,normal,seed7,170,6.303030303030303
hpmcounter6,normal,seed7,171,6.218181818181818
hpmcounter6,normal,seed7,172,6.303030303030303
hpmcounter6,normal,seed7,173,6.557575757575758
hpmcounter6,normal,seed7,174,6.739393939393939
hpmcounter6,normal,seed7,175,6.848484848484849
hpmcounter6,normal,seed7,176,6.884848484848485
hpmcounter6,normal,seed7,177,6.848484848484849
hpmcounter6,normal,seed7,178,6.739393939393939
hpmcounter6,normal,seed7,179,6.557575757575758
hpmcounter6,normal,seed7,180,6.303030303030303
hpmcounter6,normal,seed7,181,6.218181818181818
hpmcounter6,normal,seed7,182,6.303030303030303
hpmcounter6,normal,seed7,183,6.557575757575758
hpmcounter6,normal,seed7,184,6.739393939393939
hpmcounter6,normal,seed7,185,6.848484848484849
hpmcounter6,normal,seed7,186,6.884848484848485
hpmcounter6,normal,seed7,187,6.848484848484849
hpmcounter6,normal,seed7,188,6.739393939393939
hpmcounter6,normal,seed7,189,6.557575757575758
hpmcounter6,normal,seed7,190,6.303030303030303
hpmcounter6,normal,seed7,191,6.218181818181818
hpmcounter6,normal,seed7,192,6.303030303030303
hpmcounter6,normal,seed7,193,6.557575757575758
hpmcounter6,normal,seed7,194,6.739393939393939
hpmcounter6,normal,seed7,195,6.848484848484849
hpmcounter6,normal,seed7,196,6.884848484848485
hpmcounter6,normal,seed7,197,6.848484848484849
hpmcounter6,normal,seed7,198,6.739393939393939
hpmcounter6,normal,seed7,199,6.557575757575758
hpmcounter6,normal,seed7,200,6.303030303030303
hpmcounter6,normal,seed7,201,6.218181818181818
hpmcounter6,normal,seed7,202,6.303030303030303
hpmcounter6,normal,seed7,203,6.557575757575758
hpmcounter6,normal,seed7,204,6.739393939393939
hpmcounter6,normal,seed7,205,6.848484848484849
hpmcounter6,normal,seed7,206,6.884848484848485
hpmcounter6,normal,seed7,207,6.848484848484849
hpmcounter6,normal,seed7,208,6.739393939393939
hpmcounter6,normal,seed7,209,6.557575757575758
hpmcounter6,normal,seed7,210,6.303030303030303
hpmcounter6,normal,seed7,211,6.218181818181818
hpmcounter6,normal,seed7,212,6.303030303030303
hpmcounter6,normal,seed7,213,6.557575757575758
hpmcounter6,normal,seed7,214,6.739393939393939
hpmcounter6,normal,seed7,215,6.848484848484849
hpmcounter6,normal,seed7,216,6.884848484848485
hpmcounter6,normal,seed7,217,6.848484848484849
hpmcounter6,normal,seed7,218,6.739393939393939
hpmcounter6,normal,seed7,219,6.557575757575758
hpmcounter6,normal,seed7,220,6.303030303030303
hpmcounter6,normal,seed7,221,6.218181818181818
hpmcounter6,normal,seed7,222,6.303030303030303
hpmcounter6,normal,seed7,223,6.557575757575758
hpmcounter6,normal,seed7,224,6.739393939393939
hpmcounter6,normal,seed7,225,6.848484848484849
hpmcounter6,normal,seed7,226,6.884848484848485
hpmcounter6,normal,seed7,227,6.848484848484849
hpmcounter6,normal,seed7,228,6.739393939393939
hpmcounter6,normal,seed7,229,6.557575757575758
hpmcounter6,normal,seed7,230,6.303030303030303
hpmcounter6,normal,seed7,231,6.218181818181818
hpmcounter6,normal,seed7,232,6.303030303030303
hpmcounter6,normal,seed7,233,6.557575757575758
hpmcounter6,normal,seed7,234,6.739393939393939
hpmcounter6,normal,seed7,235,6.848484848484849
hpmcounter6,normal,seed7,236,6.884848484848485
hpmcounter6,normal,seed7,237,6.848484848484849
hpmcounter6,normal,seed7,238,6.739393939393939
hpmcounter6,normal,seed7,239,6.557575757575758
hpmcounter6,normal,seed7,240,6.303030303030303
hpmcounter6,normal,seed7,241,6.218181818181818
hpmcounter6,normal,seed7,242,6.303030303030303
hpmcounter6,normal,seed7,243,6.557575757575758
hpmcounter6,normal,seed7,244,6.739393939393939
hpmcounter6,normal,seed7,245,6.848484848484849
hpmcounter6,normal,seed7,246,6.884848484848485
hpmcounter6,normal,seed7,247,6.848484848484849
hpmcounter6,normal,seed7,248,6.739393939393939
hpmcounter6,normal,seed7,249,6.557575757575758
hpmcounter6,normal,seed7,250,6.303030303030303
hpmcounter6,normal,seed7,251,6.218181818181818
hpmcounter6,normal,seed7,252,6.303030303030303
hpmcounter6,normal,seed7,253,6.557575757575758
hpmcounter6,normal,seed7,254,6.739393939393939
hpmcounter6,normal,seed7,255,6.848484848484849
hpmcounter6,normal,seed7,256,6.884848484848485
hpmcounter6,normal,seed7,257,6.848484848484849
hpmcounter6,normal,seed7,258,6.739393939393939
hpmcounter6,normal,seed7,259,6.557575757575758
hpmcounter6,normal,seed7,260,6.303030303030303
hpmcounter6,normal,seed7,261,6.218181818181818
hpmcounter6,normal,seed7,262,6.303030303030303
hpmcounter6,normal,seed7,263,6.557575757575758
hpmcounter6,normal,seed7,264,6.739393939393939
hpmcounter6,normal,seed7,265,6.848484848484849
hpmcounter6,normal,seed7,266,6.884848484848485
hpmcounter6,normal,seed7,267,6.848484848484849
hpmcounter6,normal,seed7,268,6.739393939393939
hpmcounter6,normal,seed7,269,6.557575757575758
hpmcounter6,normal,seed7,270,6.303030303030303
hpmcounter6,normal,seed7,271,6.218181818181818
hpmcounter6,normal,seed7,272,6.303030303030303
hpmcounter6,normal,seed7,273,6.557575757575758
hpmcounter6,normal,seed7,274,6.739393939393939
hpmcounter6,normal,seed7,275,6.848484848484849
hpmcounter6,normal,seed7,276,6.884848484848485
hpmcounter6,normal,seed7,277,6.848484848484849
hpmcounter6,normal,seed7,278,6.739393939393939
hpmcounter6,normal,seed7,279,6.557575757575758
hpmcounter6,normal,seed7,280,6.303030303030303
hpmcounter6,normal,seed7,281,6.218181818181818
hpmcounter6,normal,seed7,282,6.303030303030303
hpmcounter6,normal,seed7,283,6.557575757575758
hpmcounter6,normal,seed7,284,6.739393939393939
hpmcounter6,normal,seed7,285,6.848484848484849
hpmcounter6,normal,seed7,286,6.884848484848485
hpmcounter6,normal,seed7,287,6.848484848484849
hpmcounter6,normal,seed7,288,6.739393939393939
hpmcounter6,normal,seed7,289,6.557575757575758
hpmcounter6,normal,seed7,290,6.303030303030303
hpmcounter6,normal,seed7,291,6.218181818181818
hpmcounter6,normal,seed7,292,6.303030303030303
hpmcounter6,normal,seed7,293,6.557575757575758
hpmcounter6,normal,seed7,294,6.739393939393939
hpmcounter6,normal,seed7,295,6.848484848484849
hpmcounter6,normal,seed7,296,6.884848484848485
hpmcounter6,normal,seed7,297,6.848484848484849
hpmcounter6,normal,seed7,298,6.739393939393939
hpmcounter6,normal,seed8,9,6.557575757575758
hpmcounter6,normal,seed8,10,6.303030303030303
hpmcounter6,normal,seed8,11,6.218181818181818
hpmcounter6,normal,seed8,12,6.303030303030303
hpmcounter6,normal,seed8,13,6.557575757575758
hpmcounter6,normal,seed8,14,6.739393939393939
hpmcounter6,normal,seed8,15,6.848484848484849
hpmcounter6,normal,seed8,16,6.884848484848485
hpmcounter6,normal,seed8,17,6.848484848484849
hpmcounter6,normal,seed8,18,6.739393939393939
hpmcounter6,normal,seed8,19,6.557575757575758
hpmcounter6,normal,seed8,20,6.303030303030303
hpmcounter6,normal,seed8,21,6.218181818181818
hpmcounter6,normal,seed8,22,6.303030303030303
hpmcounter6,normal,seed8,23,6.557575757575758
hpmcounter6,normal,seed8,24,6.739393939393939
hpmcounter6,normal,seed8,25,6.848484848484849
hpmcounter6,normal,seed8,26,6.884848484848485
hpmcounter6,normal,seed8,27,6.848484848484849
hpmcounter6,normal,seed8,28,6.739393939393939
hpmcounter6,normal,seed8,29,6.557575757575758
hpmcounter6,normal,seed8,30,6.303030303030303
hpmcounter6,normal,seed8,31,6.218181818181818
hpmcounter6,normal,seed8,32,6.303030303030303
hpmcounter6,normal,seed8,33,6.557575757575758
hpmcounter6,normal,seed8,34,6.739393939393939
hpmcounter6,normal,seed8,35,6.848484848484849
hpmcounter6,normal,seed8,36,6.884848484848485
hpmcounter6,normal,seed8,37,6.848484848484849
hpmcounter6,normal,seed8,38,6.739393939393939
hpmcounter6,normal,seed8,39,6.557575757575758
hpmcounter6,normal,seed8,40,6.303030303030303
hpmcounter6,normal,seed8,41,6.218181818181818
hpmcounter6,normal,seed8,42,6.303030303030303
hpmcounter6,normal,seed8,43,6.557575757575758
hpmcounter6,normal,seed8,44,6.739393939393939
hpmcounter6,normal,seed8,45,6.848484848484849
hpmcounter6,normal,seed8,46,6.884848484848485
hpmcounter6,normal,seed8,47,6.848484848484849
hpmcounter6,normal,seed8,48,6.739393939393939
hpmcounter6,normal,seed8,49,6.557575757575758
hpmcounter6,normal,seed8,50,6.303030303030303
hpmcounter6,normal,seed8,51,6.218181818181818
hpmcounter6,normal,seed8,52,6.303030303030303
hpmcounter6,normal,seed8,53,6.557575757575758
hpmcounter6,normal,seed8,54,6.739393939393939
hpmcounter6,normal,seed8,55,6.848484848484849
hpmcounter6,normal,seed8,56,6.884848484848485
hpmcounter6,normal,seed8,57,6.848484848484849
hpmcounter6,normal,seed8,58,6.739393939393939
hpmcounter6,normal,seed8,59,6.557575757575758
hpmcounter6,normal,seed8,60,6.303030303030303
hpmcounter6,normal,seed8,61,6.218181818181818
hpmcounter6,normal,seed8,62,6.303030303030303
hpmcounter6,normal,seed8,63,6.557575757575758
hpmcounter6,normal,seed8,64,6.739393939393939
hpmcounter6,normal,seed8,65,6.848484848484849
hpmcounter6,normal,seed8,66,6.884848484848485
hpmcounter6,normal,seed8,67,6.848484848484849
hpmcounter6,normal,seed8,68,6.739393939393939
hpmcounter6,normal,seed8,69,6.557575757575758
hpmcounter6,normal,seed8,70,6.303030303030303
hpmcounter6,normal,seed8,71,6.218181818181818
hpmcounter6,normal,seed8,72,6.303030303030303
hpmcounter6,normal,seed8,73,6.557575757575758
hpmcounter6,normal,seed8,74,6.739393939393939
hpmcounter6,normal,seed8,75,6.848484848484849
hpmcounter6,normal,seed8,76,6.884848484848485
hpmcounter6,normal,seed8,77,6.848484848484849
hpmcounter6,normal,seed8,78,6.739393939393939
hpmcounter6,normal,seed8,79,6.557575757575758
hpmcounter6,normal,seed8,80,6.303030303030303
hpmcounter6,normal,seed8,81,6.218181818181818
hpmcounter6,normal,seed8,82,6.303030303030303
hpmcounter6,normal,seed8,83,6.557575757575758
hpmcounter6,normal,seed8,84,6.739393939393939
hpmcounter6,normal,seed8,85,6.848484848484849
hpmcounter6,normal,seed8,86,6.884848484848485
hpmcounter6,normal,seed8,87,6.848484848484849
hpmcounter6,normal,seed8,88,6.739393939393939
hpmcounter6,normal,seed8,89,6.557575757575758
hpmcounter6,normal,seed8,90,6.303030303030303
hpmcounter6,normal,seed8,91,6.218181818181818
hpmcounter6,normal,seed8,92,6.303030303030303
hpmcounter6,normal,seed8,93,6.557575757575758
hpmcounter6,normal,seed8,94,6.739393939393939
hpmcounter6,normal,seed8,95,6.848484848484849
hpmcounter6,normal,seed8,96,6.884848484848485
hpmcounter6,normal,seed8,97,6.848484848484849
hpmcounter6,normal,seed8,98,6.739393939393939
hpmcounter6,normal,seed8,99,6.557575757575758
hpmcounter6,normal,seed8,100,6.303030303030303
hpmcounter6,normal,seed8,101,6.218181818181818
hpmcounter6,normal,seed8,102,6.303030303030303
hpmcounter6,normal,seed8,103,6.557575757575758
hpmcounter6,normal,seed8,104,6.739393939393939
hpmcounter6,normal,seed8,105,6.848484848484849
hpmcounter6,normal,seed8,106,6.884848484848485
hpmcounter6,normal,seed8,107,6.848484848484849
hpmcounter6,normal,seed8,108,6.739393939393939
hpmcounter6,normal,seed8,109,6.557575757575758
hpmcounter6,normal,seed8,110,6.303030303030303
hpmcounter6,normal,seed8,111,6.218181818181818
hpmcounter6,normal,seed8,112,6.303030303030303
hpmcounter6,normal,seed8,113,6.557575757575758
hpmcounter6,normal,seed8,114,6.739393939393939
hpmcounter6,normal,seed8,115,6.848484848484849
hpmcounter6,normal,seed8,116,6.884848484848485
hpmcounter6,normal,seed8,117,6.848484848484849
hpmcounter6,normal,seed8,118,6.739393939393939
hpmcounter6,normal,seed8,119,6.557575757575758
hpmcounter6,normal,seed8,120,6.303030303030303
hpmcounter6,normal,seed8,121,6.218181818181818
hpmcounter6,normal,seed8,122,6.303030303030303
hpmcounter6,normal,seed8,123,6.557575757575758
hpmcounter6,normal,seed8,124,6.739393939393939
hpmcounter6,normal,seed8,125,6.848484848484849
hpmcounter6,normal,seed8,126,6.884848484848485
hpmcounter6,normal,seed8,127,6.848484848484849
hpmcounter6,normal,seed8,128,6.739393939393939
hpmcounter6,normal,seed8,129,6.557575757575758
hpmcounter6,normal,seed8,130,6.303030303030303
hpmcounter6,normal,seed8,131,6.218181818181818
hpmcounter6,normal,seed8,132,6.303030303030303
hpmcounter6,normal,seed8,133,6.557575757575758
hpmcounter6,normal,seed8,134,6.739393939393939
hpmcounter6,normal,seed8,135,6.848484848484849
hpmcounter6,normal,seed8,136,6.884848484848485
hpmcounter6,normal,seed8,137,6.848484848484849
hpmcounter6,normal,seed8,138,6.739393939393939
hpmcounter6,normal,seed8,139,6.557575757575758
hpmcounter6,normal,seed8,140,6.303030303030303
hpmcounter6,normal,seed8,141,6.218181818181818
hpmcounter6,normal,seed8,142,6.303030303030303
hpmcounter6,normal,seed8,143,6.557575757575758
hpmcounter6,normal,seed8,144,6.739393939393939
hpmcounter6,normal,seed8,145,6.848484848484849
hpmcounter6,normal,seed8,146,6.884848484848485
hpmcounter6,normal,seed8,147,6.848484848484849
hpmcounter6,normal,seed8,148,6.739393939393939
hpmcounter6,normal,seed8,149,6.557575757575758
hpmcounter6,normal,seed8,150,6.303030303030303
hpmcounter6,normal,seed8,151,6.218181818181818
hpmcounter6,normal,seed8,152,6.303030303030303
hpmcounter6,normal,seed8,153,6.557575757575758
hpmcounter6,normal,seed8,154,6.739393939393939
hpmcounter6,normal,seed8,155,6.848484848484849
hpmcounter6,normal,seed8,156,6.884848484848485
hpmcounter6,normal,seed8,157,6.848484848484849
hpmcounter6,normal,seed8,158,6.739393939393939
hpmcounter6,normal,seed8,159,6.557575757575758
hpmcounter6,normal,seed8,160,6.303030303030303
hpmcounter6,normal,seed8,161,6.218181818181818
hpmcounter6,normal,seed8,162,6.303030303030303
hpmcounter6,normal,seed8,163,6.557575757575758
hpmcounter6,normal,seed8,164,6.739393939393939
hpmcounter6,normal,seed8,165,6.848484848484849
hpmcounter6,normal,seed8,166,6.884848484848485
hpmcounter6,normal,seed8,167,6.848484848484849
hpmcounter6,normal,seed8,168,6.739393939393939
hpmcounter6,normal,seed8,169,6.557575757575758
hpmcounter6,normal,seed8,170,6.303030303030303
hpmcounter6,normal,seed8,171,6.218181818181818
hpmcounter6,normal,seed8,172,6.303030303030303
hpmcounter6,normal,seed8,173,6.557575757575758
hpmcounter6,normal,seed8,174,6.739393939393939
hpmcounter6,normal,seed8,175,6.848484848484849
hpmcounter6,normal,seed8,176,6.884848484848485
hpmcounter6,normal,seed8,177,6.848484848484849
hpmcounter6,normal,seed8,178,6.739393939393939
hpmcounter6,normal,seed8,179,6.557575757575758
hpmcounter6,normal,seed8,180,6.303030303030303
hpmcounter6,normal,seed8,181,6.218181818181818
hpmcounter6,normal,seed8,182,6.303030303030303
hpmcounter6,normal,seed8,183,6.557575757575758
hpmcounter6,normal,seed8,184,6.739393939393939
hpmcounter6,normal,seed8,185,6.848484848484849
hpmcounter6,normal,seed8,186,6.884848484848485
hpmcounter6,normal,seed8,187,6.848484848484849
hpmcounter6,normal,seed8,188,6.739393939393939
hpmcounter6,normal,seed8,189,6.557575757575758
hpmcounter6,normal,seed8,190,6.303030303030303
hpmcounter6,normal,seed8,191,6.218181818181818
hpmcounter6,normal,seed8,192,6.303030303030303
hpmcounter6,normal,seed8,193,6.557575757575758
hpmcounter6,normal,seed8,194,6.739393939393939
hpmcounter6,normal,seed8,195,6.848484848484849
hpmcounter6,normal,seed8,196,6.884848484848485
hpmcounter6,normal,seed8,197,6.848484848484849
hpmcounter6,normal,seed8,198,6.739393939393939
hpmcounter6,normal,seed8,199,6.557575757575758
hpmcounter6,normal,seed8,200,6.303030303030303
hpmcounter6,normal,seed8,201,6.218181818181818
hpmcounter6,normal,seed8,202,6.303030303030303
hpmcounter6,normal,seed8,203,6.557575757575758
hpmcounter6,normal,seed8,204,6.739393939393939
hpmcounter6,normal,seed8,205,6.848484848484849
hpmcounter6,normal,seed8,206,6.884848484848485
hpmcounter6,normal,seed8,207,6.848484848484849
hpmcounter6,normal,seed8,208,6.739393939393939
hpmcounter6,normal,seed8,209,6.557575757575758
hpmcounter6,normal,seed8,210,6.303030303030303
hpmcounter6,normal,seed8,211,6.218181818181818
hpmcounter6,normal,seed8,212,6.303030303030303
hpmcounter6,normal,seed8,213,6.557575757575758
hpmcounter6,normal,seed8,214,6.739393939393939
hpmcounter6,normal,seed8,215,6.848484848484849
hpmcounter6,normal,seed8,216,6.884848484848485
hpmcounter6,normal,seed8,217,6.848484848484849
hpmcounter6,normal,seed8,218,6.739393939393939
hpmcounter6,normal,seed8,219,6.557575757575758
hpmcounter6,normal,seed8,220,6.303030303030303
hpmcounter6,normal,seed8,221,6.218181818181818
hpmcounter6,normal,seed8,222,6.303030303030303
hpmcounter6,normal,seed8,223,6.557575757575758
hpmcounter6,normal,seed8,224,6.739393939393939
hpmcounter6,normal,seed8,225,6.848484848484849
hpmcounter6,normal,seed8,226,6.884848484848485
hpmcounter6,normal,seed8,227,6.848484848484849
hpmcounter6,normal,seed8,228,6.739393939393939
hpmcounter6,normal,seed8,229,6.557575757575758
hpmcounter6,normal,seed8,230,6.303030303030303
hpmcounter6,normal,seed8,231,6.218181818181818
hpmcounter6,normal,seed8,232,6.303030303030303
hpmcounter6,normal,seed8,233,6.557575757575758
hpmcounter6,normal,seed8,234,6.739393939393939
hpmcounter6,normal,seed8,235,6.848484848484849
hpmcounter6,normal,seed8,236,6.884848484848485
hpmcounter6,normal,seed8,237,6.848484848484849
hpmcounter6,normal,seed8,238,6.739393939393939
hpmcounter6,normal,seed8,239,6.557575757575758
hpmcounter6,normal,seed8,240,6.303030303030303
hpmcounter6,normal,seed8,241,6.218181818181818
hpmcounter6,normal,seed8,242,6.303030303030303
hpmcounter6,normal,seed8,243,6.557575757575758
hpmcounter6,normal,seed8,244,6.739393939393939
hpmcounter6,normal,seed8,245,6.848484848484849
hpmcounter6,normal,seed8,246,6.884848484848485
hpmcounter6,normal,seed8,247,6.848484848484849
hpmcounter6,normal,seed8,248,6.739393939393939
hpmcounter6,normal,seed8,249,6.557575757575758
hpmcounter6,normal,seed8,250,6.303030303030303
hpmcounter6,normal,seed8,251,6.218181818181818
hpmcounter6,normal,seed8,252,6.303030303030303
hpmcounter6,normal,seed8,253,6.557575757575758
hpmcounter6,normal,seed8,254,6.739393939393939
hpmcounter6,normal,seed8,255,6.848484848484849
hpmcounter6,normal,seed8,256,6.884848484848485
hpmcounter6,normal,seed8,257,6.848484848484849
hpmcounter6,normal,seed8,258,6.739393939393939
hpmcounter6,normal,seed8,259,6.557575757575758
hpmcounter6,normal,seed8,260,6.303030303030303
hpmcounter6,normal,seed8,261,6.218181818181818
hpmcounter6,normal,seed8,262,6.303030303030303
hpmcounter6,normal,seed8,263,6.557575757575758
hpmcounter6,normal,seed8,264,6.739393939393939
hpmcounter6,normal,seed8,265,6.848484848484849
hpmcounter6,normal,seed8,266,6.884848484848485
hpmcounter6,normal,seed8,267,6.848484848484849
hpmcounter6,normal,seed8,268,6.739393939393939
hpmcounter6,normal,seed8,269,6.557575757575758
hpmcounter6,normal,seed8,270,6.303030303030303
hpmcounter6,normal,seed8,271,6.218181818181818
hpmcounter6,normal,seed8,272,6.303030303030303
hpmcounter6,normal,seed8,273,6.557575757575758
hpmcounter6,normal,seed8,274,6.739393939393939
hpmcounter6,normal,seed8,275,6.848484848484849
hpmcounter6,normal,seed8,276,6.884848484848485
hpmcounter6,normal,seed8,277,6.848484848484849
hpmcounter6,normal,seed8,278,6.739393939393939
hpmcounter6,normal,seed8,279,6.557575757575758
hpmcounter6,normal,seed8,280,6.303030303030303
hpmcounter6,normal,seed8,281,6.218181818181818
hpmcounter6,normal,seed8,282,6.303030303030303
hpmcounter6,normal,seed8,283,6.557575757575758
hpmcounter6,normal,seed8,284,6.739393939393939
hpmcounter6,normal,seed8,285,6.848484848484849
hpmcounter6,normal,seed8,286,6.884848484848485
hpmcounter6,normal,seed8,287,6.848484848484849
hpmcounter6,normal,seed8,288,6.739393939393939
hpmcounter6,normal,seed8,289,6.557575757575758
hpmcounter6,normal,seed8,290,6.303030303030303
hpmcounter6,normal,seed8,291,6.218181818181818
hpmcounter6,normal,seed8,292,6.303030303030303
hpmcounter6,normal,seed8,293,6.557575757575758
hpmcounter6,normal,seed8,294,6.739393939393939
hpmcounter6,normal,seed8,295,6.848484848484849
hpmcounter6,normal,seed8,296,6.884848484848485
hpmcounter6,normal,seed8,297,6.848484848484849
hpmcounter6,normal,seed8,298,6.739393939393939
hpmcounter6,normal,seed9,9,6.557575757575758
hpmcounter6,normal,seed9,10,6.303030303030303
hpmcounter6,normal,seed9,11,6.218181818181818
hpmcounter6,normal,seed9,12,6.303030303030303
hpmcounter6,normal,seed9,13,6.557575757575758
hpmcounter6,normal,seed9,14,6.739393939393939
hpmcounter6,normal,seed9,15,6.848484848484849
hpmcounter6,normal,seed9,16,6.884848484848485
hpmcounter6,normal,seed9,17,6.848484848484849
hpmcounter6,normal,seed9,18,6.739393939393939
hpmcounter6,normal,seed9,19,6.557575757575758
hpmcounter6,normal,seed9,20,6.303030303030303
hpmcounter6,normal,seed9,21,6.218181818181818
hpmcounter6,normal,seed9,22,6.303030303030303
hpmcounter6,normal,seed9,23,6.557575757575758
hpmcounter6,normal,seed9,24,6.739393939393939
hpmcounter6,normal,seed9,25,6.848484848484849
hpmcounter6,normal,seed9,26,6.884848484848485
hpmcounter6,normal,seed9,27,6.848484848484849
hpmcounter6,normal,seed9,28,6.739393939393939
hpmcounter6,normal,seed9,29,6.557575757575758
hpmcounter6,normal,seed9,30,6.303030303030303
hpmcounter6,normal,seed9,31,6.218181818181818
hpmcounter6,normal,seed9,32,6.303030303030303
hpmcounter6,normal,seed9,33,6.557575757575758
hpmcounter6,normal,seed9,34,6.739393939393939
hpmcounter6,normal,seed9,35,6.848484848484849
hpmcounter6,normal,seed9,36,6.884848484848485
hpmcounter6,normal,seed9,37,6.848484848484849
hpmcounter6,normal,seed9,38,6.739393939393939
hpmcounter6,normal,seed9,39,6.557575757575758
hpmcounter6,normal,seed9,40,6.303030303030303
hpmcounter6,normal,seed9,41,6.218181818181818
hpmcounter6,normal,seed9,42,6.303030303030303
hpmcounter6,normal,seed9,43,6.557575757575758
hpmcounter6,normal,seed9,44,6.739393939393939
hpmcounter6,normal,seed9,45,6.848484848484849
hpmcounter6,normal,seed9,46,6.884848484848485
hpmcounter6,normal,seed9,47,6.848484848484849
hpmcounter6,normal,seed9,48,6.739393939393939
hpmcounter6,normal,seed9,49,6.557575757575758
hpmcounter6,normal,seed9,50,6.303030303030303
hpmcounter6,normal,seed9,51,6.218181818181818
hpmcounter6,normal,seed9,52,6.303030303030303
hpmcounter6,normal,seed9,53,6.557575757575758
hpmcounter6,normal,seed9,54,6.739393939393939
hpmcounter6,normal,seed9,55,6.848484848484849
hpmcounter6,normal,seed9,56,6.884848484848485
hpmcounter6,normal,seed9,57,6.848484848484849
hpmcounter6,normal,seed9,58,6.739393939393939
hpmcounter6,normal,seed9,59,6.557575757575758
hpmcounter6,normal,seed9,60,6.303030303030303
hpmcounter6,normal,seed9,61,6.218181818181818
hpmcounter6,normal,seed9,62,6.303030303030303
hpmcounter6,normal,seed9,63,6.557575757575758
hpmcounter6,normal,seed9,64,6.739393939393939
hpmcounter6,normal,seed9,65,6.848484848484849
hpmcounter6,normal,seed9,66,6.884848484848485
hpmcounter6,normal,seed9,67,6.848484848484849
hpmcounter6,normal,seed9,68,6.739393939393939
hpmcounter6,normal,seed9,69,6.557575757575758
hpmcounter6,normal,seed9,70,6.303030303030303
hpmcounter6,normal,seed9,71,6.218181818181818
hpmcounter6,normal,seed9,72,6.303030303030303
hpmcounter6,normal,seed9,73,6.557575757575758
hpmcounter6,normal,seed9,74,6.739393939393939
hpmcounter6,normal,seed9,75,6.848484848484849
hpmcounter6,normal,seed9,76,6.884848484848485
hpmcounter6,normal,seed9,77,6.848484848484849
hpmcounter6,normal,seed9,78,6.739393939393939
hpmcounter6,normal,seed9,79,6.557575757575758
hpmcounter6,normal,seed9,80,6.303030303030303
hpmcounter6,normal,seed9,81,6.218181818181818
hpmcounter6,normal,seed9,82,6.303030303030303
hpmcounter6,normal,seed9,83,6.557575757575758
hpmcounter6,normal,seed9,84,6.739393939393939
hpmcounter6,normal,seed9,85,6.848484848484849
hpmcounter6,normal,seed9,86,6.884848484848485
hpmcounter6,normal,seed9,87,6.848484848484849
hpmcounter6,normal,seed9,88,6.739393939393939
hpmcounter6,normal,seed9,89,6.557575757575758
hpmcounter6,normal,seed9,90,6.303030303030303
hpmcounter6,normal,seed9,91,6.218181818181818
hpmcounter6,normal,seed9,92,6.303030303030303
hpmcounter6,normal,seed9,93,6.557575757575758
hpmcounter6,normal,seed9,94,6.739393939393939
hpmcounter6,normal,seed9,95,6.848484848484849
hpmcounter6,normal,seed9,96,6.884848484848485
hpmcounter6,normal,seed9,97,6.848484848484849
hpmcounter6,normal,seed9,98,6.739393939393939
hpmcounter6,normal,seed9,99,6.557575757575758
hpmcounter6,normal,seed9,100,6.303030303030303
hpmcounter6,normal,seed9,101,6.218181818181818
hpmcounter6,normal,seed9,102,6.303030303030303
hpmcounter6,normal,seed9,103,6.557575757575758
hpmcounter6,normal,seed9,104,6.739393939393939
hpmcounter6,normal,seed9,105,6.848484848484849
hpmcounter6,normal,seed9,106,6.884848484848485
hpmcounter6,normal,seed9,107,6.848484848484849
hpmcounter6,normal,seed9,108,6.739393939393939
hpmcounter6,normal,seed9,109,6.557575757575758
hpmcounter6,normal,seed9,110,6.303030303030303
hpmcounter6,normal,seed9,111,6.218181818181818
hpmcounter6,normal,seed9,112,6.303030303030303
hpmcounter6,normal,seed9,113,6.557575757575758
hpmcounter6,normal,seed9,114,6.739393939393939
hpmcounter6,normal,seed9,115,6.848484848484849
hpmcounter6,normal,seed9,116,6.884848484848485
hpmcounter6,normal,seed9,117,6.848484848484849
hpmcounter6,normal,seed9,118,6.739393939393939
hpmcounter6,normal,seed9,119,6.557575757575758
hpmcounter6,normal,seed9,120,6.303030303030303
hpmcounter6,normal,seed9,121,6.218181818181818
hpmcounter6,normal,seed9,122,6.303030303030303
hpmcounter6,normal,seed9,123,6.557575757575758
hpmcounter6,normal,seed9,124,6.739393939393939
hpmcounter6,normal,seed9,125,6.848484848484849
hpmcounter6,normal,seed9,126,6.884848484848485
hpmcounter6,normal,seed9,127,6.848484848484849
hpmcounter6,normal,seed9,128,6.739393939393939
hpmcounter6,normal,seed9,129,6.557575757575758
hpmcounter6,normal,seed9,130,6.303030303030303
hpmcounter6,normal,seed9,131,6.218181818181818
hpmcounter6,normal,seed9,132,6.303030303030303
hpmcounter6,normal,seed9,133,6.557575757575758
hpmcounter6,normal,seed9,134,6.739393939393939
hpmcounter6,normal,seed9,135,6.848484848484849
hpmcounter6,normal,seed9,136,6.884848484848485
hpmcounter6,normal,seed9,137,6.848484848484849
hpmcounter6,normal,seed9,138,6.739393939393939
hpmcounter6,normal,seed9,139,6.557575757575758
hpmcounter6,normal,seed9,140,6.303030303030303
hpmcounter6,normal,seed9,141,6.218181818181818
hpmcounter6,normal,seed9,142,6.303030303030303
hpmcounter6,normal,seed9,143,6.557575757575758
hpmcounter6,normal,seed9,144,6.739393939393939
hpmcounter6,normal,seed9,145,6.848484848484849
hpmcounter6,normal,seed9,146,6.884848484848485
hpmcounter6,normal,seed9,147,6.848484848484849
hpmcounter6,normal,seed9,148,6.739393939393939
hpmcounter6,normal,seed9,149,6.557575757575758
hpmcounter6,normal,seed9,150,6.303030303030303
hpmcounter6,normal,seed9,151,6.218181818181818
hpmcounter6,normal,seed9,152,6.303030303030303
hpmcounter6,normal,seed9,153,6.557575757575758
hpmcounter6,normal,seed9,154,6.739393939393939
hpmcounter6,normal,seed9,155,6.848484848484849
hpmcounter6,normal,seed9,156,6.884848484848485
hpmcounter6,normal,seed9,157,6.848484848484849
hpmcounter6,normal,seed9,158,6.739393939393939
hpmcounter6,normal,seed9,159,6.557575757575758
hpmcounter6,normal,seed9,160,6.303030303030303
hpmcounter6,normal,seed9,161,6.218181818181818
hpmcounter6,normal,seed9,162,6.303030303030303
hpmcounter6,normal,seed9,163,6.557575757575758
hpmcounter6,normal,seed9,164,6.739393939393939
hpmcounter6,normal,seed9,165,6.848484848484849
hpmcounter6,normal,seed9,166,6.884848484848485
hpmcounter6,normal,seed9,167,6.848484848484849
hpmcounter6,normal,seed9,168,6.739393939393939
hpmcounter6,normal,seed9,169,6.557575757575758
hpmcounter6,normal,seed9,170,6.303030303030303
hpmcounter6,normal,seed9,171,6.218181818181818
hpmcounter6,normal,seed9,172,6.303030303030303
hpmcounter6,normal,seed9,173,6.557575757575758
hpmcounter6,normal,seed9,174,6.739393939393939
hpmcounter6,normal,seed9,175,6.848484848484849
hpmcounter6,normal,seed9,176,6.884848484848485
hpmcounter6,normal,seed9,177,6.848484848484849
hpmcounter6,normal,seed9,178,6.739393939393939
hpmcounter6,normal,seed9,179,6.557575757575758
hpmcounter6,normal,seed9,180,6.303030303030303
hpmcounter6,normal,seed9,181,6.218181818181818
hpmcounter6,normal,seed9,182,6.303030303030303
hpmcounter6,normal,seed9,183,6.557575757575758
hpmcounter6,normal,seed9,184,6.739393939393939
hpmcounter6,normal,seed9,185,6.848484848484849
hpmcounter6,normal,seed9,186,6.884848484848485
hpmcounter6,normal,seed9,187,6.848484848484849
hpmcounter6,normal,seed9,188,6.739393939393939
hpmcounter6,normal,seed9,189,6.557575757575758
hpmcounter6,normal,seed9,190,6.303030303030303
hpmcounter6,normal,seed9,191,6.218181818181818
hpmcounter6,normal,seed9,192,6.303030303030303
hpmcounter6,normal,seed9,193,6.557575757575758
hpmcounter6,normal,seed9,194,6.739393939393939
hpmcounter6,normal,seed9,195,6.848484848484849
hpmcounter6,normal,seed9,196,6.884848484848485
hpmcounter6,normal,seed9,197,6.848484848484849
hpmcounter6,normal,seed9,198,6.739393939393939
hpmcounter6,normal,seed9,199,6.557575757575758
hpmcounter6,normal,seed9,200,6.303030303030303
hpmcounter6,normal,seed9,201,6.218181818181818
hpmcounter6,normal,seed9,202,6.303030303030303
hpmcounter6,normal,seed9,203,6.557575757575758
hpmcounter6,normal,seed9,204,6.739393939393939
hpmcounter6,normal,seed9,205,6.848484848484849
hpmcounter6,normal,seed9,206,6.884848484848485
hpmcounter6,normal,seed9,207,6.848484848484849
hpmcounter6,normal,seed9,208,6.739393939393939
hpmcounter6,normal,seed9,209,6.557575757575758
hpmcounter6,normal,seed9,210,6.303030303030303
hpmcounter6,normal,seed9,211,6.218181818181818
hpmcounter6,normal,seed9,212,6.303030303030303
hpmcounter6,normal,seed9,213,6.557575757575758
hpmcounter6,normal,seed9,214,6.739393939393939
hpmcounter6,normal,seed9,215,6.848484848484849
hpmcounter6,normal,seed9,216,6.884848484848485
hpmcounter6,normal,seed9,217,6.848484848484849
hpmcounter6,normal,seed9,218,6.739393939393939
hpmcounter6,normal,seed9,219,6.557575757575758
hpmcounter6,normal,seed9,220,6.303030303030303
hpmcounter6,normal,seed9,221,6.218181818181818
hpmcounter6,normal,seed9,222,6.303030303030303
hpmcounter6,normal,seed9,223,6.557575757575758
hpmcounter6,normal,seed9,224,6.739393939393939
hpmcounter6,normal,seed9,225,6.848484848484849
hpmcounter6,normal,seed9,226,6.884848484848485
hpmcounter6,normal,seed9,227,6.848484848484849
hpmcounter6,normal,seed9,228,6.739393939393939
hpmcounter6,normal,seed9,229,6.557575757575758
hpmcounter6,normal,seed9,230,6.303030303030303
hpmcounter6,normal,seed9,231,6.218181818181818
hpmcounter6,normal,seed9,232,6.303030303030303
hpmcounter6,normal,seed9,233,6.557575757575758
hpmcounter6,normal,seed9,234,6.739393939393939
hpmcounter6,normal,seed9,235,6.848484848484849
hpmcounter6,normal,seed9,236,6.884848484848485
hpmcounter6,normal,seed9,237,6.848484848484849
hpmcounter6,normal,seed9,238,6.739393939393939
hpmcounter6,normal,seed9,239,6.557575757575758
hpmcounter6,normal,seed9,240,6.303030303030303
hpmcounter6,normal,seed9,241,6.218181818181818
hpmcounter6,normal,seed9,242,6.303030303030303
hpmcounter6,normal,seed9,243,6.557575757575758
hpmcounter6,normal,seed9,244,6.739393939393939
hpmcounter6,normal,seed9,245,6.848484848484849
hpmcounter6,normal,seed9,246,6.884848484848485
hpmcounter6,normal,seed9,247,6.848484848484849
hpmcounter6,normal,seed9,248,6.739393939393939
hpmcounter6,normal,seed9,249,6.557575757575758
hpmcounter6,normal,seed9,250,6.303030303030303
hpmcounter6,normal,seed9,251,6.218181818181818
hpmcounter6,normal,seed9,252,6.303030303030303
hpmcounter6,normal,seed9,253,6.557575757575758
hpmcounter6,normal,seed9,254,6.739393939393939
hpmcounter6,normal,seed9,255,6.848484848484849
hpmcounter6,normal,seed9,256,6.884848484848485
hpmcounter6,normal,seed9,257,6.848484848484849
hpmcounter6,normal,seed9,258,6.739393939393939
hpmcounter6,normal,seed9,259,6.557575757575758
hpmcounter6,normal,seed9,260,6.303030303030303
hpmcounter6,normal,seed9,261,6.218181818181818
hpmcounter6,normal,seed9,262,6.303030303030303
hpmcounter6,normal,seed9,263,6.557575757575758
hpmcounter6,normal,seed9,264,6.739393939393939
hpmcounter6,normal,seed9,265,6.848484848484849
hpmcounter6,normal,seed9,266,6.884848484848485
hpmcounter6,normal,seed9,267,6.848484848484849
hpmcounter6,normal,seed9,268,6.739393939393939
hpmcounter6,normal,seed9,269,6.557575757575758
hpmcounter6,normal,seed9,270,6.303030303030303
hpmcounter6,normal,seed9,271,6.218181818181818
hpmcounter6,normal,seed9,272,6.303030303030303
hpmcounter6,normal,seed9,273,6.557575757575758
hpmcounter6,normal,seed9,274,6.739393939393939
hpmcounter6,normal,seed9,275,6.848484848484849
hpmcounter6,normal,seed9,276,6.884848484848485
hpmcounter6,normal,seed9,277,6.848484848484849
hpmcounter6,normal,seed9,278,6.739393939393939
hpmcounter6,normal,seed9,279,6.557575757575758
hpmcounter6,normal,seed9,280,6.303030303030303
hpmcounter6,normal,seed9,281,6.218181818181818
hpmcounter6,normal,seed9,282,6.303030303030303
hpmcounter6,normal,seed9,283,6.557575757575758
hpmcounter6,normal,seed9,284,6.739393939393939
hpmcounter6,normal,seed9,285,6.848484848484849
hpmcounter6,normal,seed9,286,6.884848484848485
hpmcounter6,normal,seed9,287,6.848484848484849
hpmcounter6,normal,seed9,288,6.739393939393939
hpmcounter6,normal,seed9,289,6.557575757575758
hpmcounter6,normal,seed9,290,6.303030303030303
hpmcounter6,normal,seed9,291,6.218181818181818
hpmcounter6,normal,seed9,292,6.303030303030303
hpmcounter6,normal,seed9,293,6.557575757575758
hpmcounter6,normal,seed9,294,6.739393939393939
hpmcounter6,normal,seed9,295,6.848484848484849
hpmcounter6,normal,seed9,296,6.884848484848485
hpmcounter6,normal,seed9,297,6.848484848484849
hpmcounter6,normal,seed9,298,6.739393939393939
hpmcounter7,drift,seed1,9,0.0
hpmcounter7,drift,seed1,10,0.0
hpmcounter7,drift,seed1,11,0.0
hpmcounter7,drift,seed1,12,0.0
hpmcounter7,drift,seed1,13,0.0
hpmcounter7,drift,seed1,14,0.0
hpmcounter7,drift,seed1,15,0.0
hpmcounter7,drift,seed1,16,0.0
hpmcounter7,drift,seed1,17,0.0
hpmcounter7,drift,seed1,18,0.0
hpmcounter7,drift,seed1,19,0.0
hpmcounter7,drift,seed1,20,0.0
hpmcounter7,drift,seed1,21,0.0
hpmcounter7,drift,seed1,22,0.0
hpmcounter7,drift,seed1,23,0.0
hpmcounter7,drift,seed1,24,0.0
hpmcounter7,drift,seed1,25,0.0
hpmcounter7,drift,seed1,26,0.0
hpmcounter7,drift,seed1,27,0.0
hpmcounter7,drift,seed1,28,0.0
hpmcounter7,drift,seed1,29,0.0
hpmcounter7,drift,seed1,30,0.0
hpmcounter7,drift,seed1,31,0.0
hpmcounter7,drift,seed1,32,0.0
hpmcounter7,drift,seed1,33,0.0
hpmcounter7,drift,seed1,34,0.0
hpmcounter7,drift,seed1,35,0.0
hpmcounter7,drift,seed1,36,0.0
hpmcounter7,drift,seed1,37,0.0
hpmcounter7,drift,seed1,38,0.0
hpmcounter7,drift,seed1,39,0.0
hpmcounter7,drift,seed1,40,0.0
hpmcounter7,drift,seed1,41,0.0
hpmcounter7,drift,seed1,42,0.0
hpmcounter7,drift,seed1,43,0.0
hpmcounter7,drift,seed1,44,0.0
hpmcounter7,drift,seed1,45,0.0
hpmcounter7,drift,seed1,46,0.0
hpmcounter7,drift,seed1,47,0.0
hpmcounter7,drift,seed1,48,0.0
hpmcounter7,drift,seed1,49,0.0
hpmcounter7,drift,seed1,50,0.0
hpmcounter7,drift,seed1,51,0.0
hpmcounter7,drift,seed1,52,0.0
hpmcounter7,drift,seed1,53,0.0
hpmcounter7,drift,seed1,54,0.0
hpmcounter7,drift,seed1,55,0.0
hpmcounter7,drift,seed1,56,0.0
hpmcounter7,drift,seed1,57,0.0
hpmcounter7,drift,seed1,58,0.0
hpmcounter7,drift,seed1,59,0.0
hpmcounter7,drift,seed1,60,0.0
hpmcounter7,drift,seed1,61,0.0
hpmcounter7,drift,seed1,62,0.0
hpmcounter7,drift,seed1,63,0.0
hpmcounter7,drift,seed1,64,0.0
hpmcounter7,drift,seed1,65,0.0
hpmcounter7,drift,seed1,66,0.0
hpmcounter7,drift,seed1,67,0.0
hpmcounter7,drift,seed1,68,0.0
hpmcounter7,drift,seed1,69,0.0
hpmcounter7,drift,seed1,70,0.0
hpmcounter7,drift,seed1,71,0.0
hpmcounter7,drift,seed1,72,0.0
hpmcounter7,drift,seed1,73,0.0
hpmcounter7,drift,seed1,74,0.0
hpmcounter7,drift,seed1,75,0.0
hpmcounter7,drift,seed1,76,0.0
hpmcounter7,drift,seed1,77,0.0
hpmcounter7,drift,seed1,78,0.0
hpmcounter7,drift,seed1,79,0.0
hpmcounter7,drift,seed1,80,0.0
hpmcounter7,drift,seed1,81,0.0
hpmcounter7,drift,seed1,82,0.0
hpmcounter7,drift,seed1,83,0.0
hpmcounter7,drift,seed1,84,0.0
hpmcounter7,drift,seed1,85,0.0
hpmcounter7,drift,seed1,86,0.0
hpmcounter7,drift,seed1,87,0.0
hpmcounter7,drift,seed1,88,0.0
hpmcounter7,drift,seed1,89,0.0
hpmcounter7,drift,seed1,90,0.0
hpmcounter7,drift,seed1,91,0.0
hpmcounter7,drift,seed1,92,0.0
hpmcounter7,drift,seed1,93,0.0
hpmcounter7,drift,seed1,94,0.0
hpmcounter7,drift,seed1,95,0.0
hpmcounter7,drift,seed1,96,0.0
hpmcounter7,drift,seed1,97,0.0
hpmcounter7,drift,seed1,98,0.0
hpmcounter7,drift,seed1,99,0.0
hpmcounter7,drift,seed1,100,0.0
hpmcounter7,drift,seed1,101,0.0
hpmcounter7,drift,seed1,102,0.0
hpmcounter7,drift,seed1,103,0.0
hpmcounter7,drift,seed1,104,0.0
hpmcounter7,drift,seed1,105,0.0
hpmcounter7,drift,seed1,106,0.0
hpmcounter7,drift,seed1,107,0.0
hpmcounter7,drift,seed1,108,0.0
hpmcounter7,drift,seed1,109,0.0
hpmcounter7,drift,seed1,110,0.0
hpmcounter7,drift,seed1,111,0.0
hpmcounter7,drift,seed1,112,0.0
hpmcounter7,drift,seed1,113,0.0
hpmcounter7,drift,seed1,114,0.0
hpmcounter7,drift,seed1,115,0.0
hpmcounter7,drift,seed1,116,0.0
hpmcounter7,drift,seed1,117,0.0
hpmcounter7,drift,seed1,118,0.0
hpmcounter7,drift,seed1,119,0.0
hpmcounter7,drift,seed1,120,0.0
hpmcounter7,drift,seed1,121,0.0
hpmcounter7,drift,seed1,122,0.0
hpmcounter7,drift,seed1,123,0.0
hpmcounter7,drift,seed1,124,0.0
hpmcounter7,drift,seed1,125,0.0
hpmcounter7,drift,seed1,126,0.0
hpmcounter7,drift,seed1,127,0.0
hpmcounter7,drift,seed1,128,0.0
hpmcounter7,drift,seed1,129,0.0
hpmcounter7,drift,seed1,130,0.0
hpmcounter7,drift,seed1,131,0.0
hpmcounter7,drift,seed1,132,0.0
hpmcounter7,drift,seed1,133,0.0
hpmcounter7,drift,seed1,134,0.0
hpmcounter7,drift,seed1,135,0.0
hpmcounter7,drift,seed1,136,0.0
hpmcounter7,drift,seed1,137,0.0
hpmcounter7,drift,seed1,138,0.0
hpmcounter7,drift,seed1,139,0.0
hpmcounter7,drift,seed1,140,0.0
hpmcounter7,drift,seed1,141,0.0
hpmcounter7,drift,seed1,142,0.0
hpmcounter7,drift,seed1,143,0.0
hpmcounter7,drift,seed1,144,0.0
hpmcounter7,drift,seed1,145,0.0
hpmcounter7,drift,seed1,146,0.0
hpmcounter7,drift,seed1,147,0.0
hpmcounter7,drift,seed1,148,0.0
hpmcounter7,drift,seed1,149,0.0
hpmcounter7,drift,seed1,150,0.0
hpmcounter7,drift,seed1,151,0.0
hpmcounter7,drift,seed1,152,0.0
hpmcounter7,drift,seed1,153,0.0
hpmcounter7,drift,seed1,154,0.0
hpmcounter7,drift,seed1,155,0.0
hpmcounter7,drift,seed1,156,0.0
hpmcounter7,drift,seed1,157,0.0
hpmcounter7,drift,seed1,158,0.0
hpmcounter7,drift,seed1,159,0.0
hpmcounter7,drift,seed1,160,0.0
hpmcounter7,drift,seed1,161,0.0
hpmcounter7,drift,seed1,162,0.0
hpmcounter7,drift,seed1,163,0.0
hpmcounter7,drift,seed1,164,0.0
hpmcounter7,drift,seed1,165,0.0
hpmcounter7,drift,seed1,166,0.0
hpmcounter7,drift,seed1,167,0.0
hpmcounter7,drift,seed1,168,0.0
hpmcounter7,drift,seed1,169,0.0
hpmcounter7,drift,seed1,170,0.0
hpmcounter7,drift,seed1,171,0.0
hpmcounter7,drift,seed1,172,0.0
hpmcounter7,drift,seed1,173,0.0
hpmcounter7,drift,seed1,174,0.0
hpmcounter7,drift,seed1,175,0.0
hpmcounter7,drift,seed1,176,0.0
hpmcounter7,drift,seed1,177,0.0
hpmcounter7,drift,seed1,178,0.0
hpmcounter7,drift,seed1,179,0.0
hpmcounter7,drift,seed1,180,0.0
hpmcounter7,drift,seed1,181,0.0
hpmcounter7,drift,seed1,182,0.0
hpmcounter7,drift,seed1,183,0.0
hpmcounter7,drift,seed1,184,0.0
hpmcounter7,drift,seed1,185,0.0
hpmcounter7,drift,seed1,186,0.0
hpmcounter7,drift,seed1,187,0.0
hpmcounter7,drift,seed1,188,0.0
hpmcounter7,drift,seed1,189,0.0
hpmcounter7,drift,seed1,190,0.0
hpmcounter7,drift,seed1,191,0.0
hpmcounter7,drift,seed1,192,0.0
hpmcounter7,drift,seed1,193,0.0
hpmcounter7,drift,seed1,194,0.0
hpmcounter7,drift,seed1,195,0.0
hpmcounter7,drift,seed1,196,0.0
hpmcounter7,drift,seed1,197,0.0
hpmcounter7,drift,seed1,198,0.0
hpmcounter7,drift,seed1,199,0.0
hpmcounter7,drift,seed1,200,0.0
hpmcounter7,drift,seed1,201,0.0
hpmcounter7,drift,seed1,202,0.0
hpmcounter7,drift,seed1,203,0.0
hpmcounter7,drift,seed1,204,0.0
hpmcounter7,drift,seed1,205,0.0
hpmcounter7,drift,seed1,206,0.0
hpmcounter7,drift,seed1,207,0.0
hpmcounter7,drift,seed1,208,0.0
hpmcounter7,drift,seed1,209,0.0
hpmcounter7,drift,seed1,210,0.0
hpmcounter7,drift,seed1,211,0.0
hpmcounter7,drift,seed1,212,0.0
hpmcounter7,drift,seed1,213,0.0
hpmcounter7,drift,seed1,214,0.0
hpmcounter7,drift,seed1,215,0.0
hpmcounter7,drift,seed1,216,0.0
hpmcounter7,drift,seed1,217,0.0
hpmcounter7,drift,seed1,218,0.0
hpmcounter7,drift,seed1,219,0.0
hpmcounter7,drift,seed1,220,0.0
hpmcounter7,drift,seed1,221,0.0
hpmcounter7,drift,seed1,222,0.0
hpmcounter7,drift,seed1,223,0.0
hpmcounter7,drift,seed1,224,0.0
hpmcounter7,drift,seed1,225,0.0
hpmcounter7,drift,seed1,226,0.0
hpmcounter7,drift,seed1,227,0.0
hpmcounter7,drift,seed1,228,0.0
hpmcounter7,drift,seed1,229,0.0
hpmcounter7,drift,seed1,230,0.0
hpmcounter7,drift,seed1,231,0.0
hpmcounter7,drift,seed1,232,0.0
hpmcounter7,drift,seed1,233,0.0
hpmcounter7,drift,seed1,234,0.0
hpmcounter7,drift,seed1,235,0.0
hpmcounter7,drift,seed1,236,0.0
hpmcounter7,drift,seed1,237,0.0
hpmcounter7,drift,seed1,238,0.0
hpmcounter7,drift,seed1,239,0.0
hpmcounter7,drift,seed1,240,0.0
hpmcounter7,drift,seed1,241,0.0
hpmcounter7,drift,seed1,242,0.0
hpmcounter7,drift,seed1,243,0.0
hpmcounter7,drift,seed1,244,0.0
hpmcounter7,drift,seed1,245,0.0
hpmcounter7,drift,seed1,246,0.0
hpmcounter7,drift,seed1,247,0.0
hpmcounter7,drift,seed1,248,0.0
hpmcounter7,drift,seed1,249,0.0
hpmcounter7,drift,seed1,250,0.0
hpmcounter7,drift,seed1,251,0.0
hpmcounter7,drift,seed1,252,0.0
hpmcounter7,drift,seed1,253,0.0
hpmcounter7,drift,seed1,254,0.0
hpmcounter7,drift,seed1,255,0.0
hpmcounter7,drift,seed1,256,0.0
hpmcounter7,drift,seed1,257,0.0
hpmcounter7,drift,seed1,258,0.0
hpmcounter7,drift,seed1,259,0.0
hpmcounter7,drift,seed1,260,0.0
hpmcounter7,drift,seed1,261,0.0
hpmcounter7,drift,seed1,262,0.0
hpmcounter7,drift,seed1,263,0.0
hpmcounter7,drift,seed1,264,0.0
hpmcounter7,drift,seed1,265,0.0
hpmcounter7,drift,seed1,266,0.0
hpmcounter7,drift,seed1,267,0.0
hpmcounter7,drift,seed1,268,0.0
hpmcounter7,drift,seed1,269,0.0
hpmcounter7,drift,seed1,270,0.0
hpmcounter7,drift,seed1,271,0.0
hpmcounter7,drift,seed1,272,0.0
hpmcounter7,drift,seed1,273,0.0
hpmcounter7,drift,seed1,274,0.0
hpmcounter7,drift,seed1,275,0.0
hpmcounter7,drift,seed1,276,0.0
hpmcounter7,drift,seed1,277,0.0
hpmcounter7,drift,seed1,278,0.0
hpmcounter7,drift,seed1,279,0.0
hpmcounter7,drift,seed1,280,0.0
hpmcounter7,drift,seed1,281,0.0
hpmcounter7,drift,seed1,282,0.0
hpmcounter7,drift,seed1,283,0.0
hpmcounter7,drift,seed1,284,0.0
hpmcounter7,drift,seed1,285,0.0
hpmcounter7,drift,seed1,286,0.0
hpmcounter7,drift,seed1,287,0.0
hpmcounter7,drift,seed1,288,0.0
hpmcounter7,drift,seed1,289,0.0
hpmcounter7,drift,seed1,290,0.0
hpmcounter7,drift,seed1,291,0.0
hpmcounter7,drift,seed1,292,0.0
hpmcounter7,drift,seed1,293,0.0
hpmcounter7,drift,seed1,294,0.0
hpmcounter7,drift,seed1,295,0.0
hpmcounter7,drift,seed1,296,0.0
hpmcounter7,drift,seed1,297,0.0
hpmcounter7,drift,seed1,298,0.0
hpmcounter7,drift,seed10,9,0.0
hpmcounter7,drift,seed10,10,0.0
hpmcounter7,drift,seed10,11,0.0
hpmcounter7,drift,seed10,12,0.0
hpmcounter7,drift,seed10,13,0.0
hpmcounter7,drift,seed10,14,0.0
hpmcounter7,drift,seed10,15,0.0
hpmcounter7,drift,seed10,16,0.0
hpmcounter7,drift,seed10,17,0.0
hpmcounter7,drift,seed10,18,0.0
hpmcounter7,drift,seed10,19,0.0
hpmcounter7,drift,seed10,20,0.0
hpmcounter7,drift,seed10,21,0.0
hpmcounter7,drift,seed10,22,0.0
hpmcounter7,drift,seed10,23,0.0
hpmcounter7,drift,seed10,24,0.0
hpmcounter7,drift,seed10,25,0.0
hpmcounter7,drift,seed10,26,0.0
hpmcounter7,drift,seed10,27,0.0
hpmcounter7,drift,seed10,28,0.0
hpmcounter7,drift,seed10,29,0.0
hpmcounter7,drift,seed10,30,0.0
hpmcounter7,drift,seed10,31,0.0
hpmcounter7,drift,seed10,32,0.0
hpmcounter7,drift,seed10,33,0.0
hpmcounter7,drift,seed10,34,0.0
hpmcounter7,drift,seed10,35,0.0
hpmcounter7,drift,seed10,36,0.0
hpmcounter7,drift,seed10,37,0.0
hpmcounter7,drift,seed10,38,0.0
hpmcounter7,drift,seed10,39,0.0
hpmcounter7,drift,seed10,40,0.0
hpmcounter7,drift,seed10,41,0.0
hpmcounter7,drift,seed10,42,0.0
hpmcounter7,drift,seed10,43,0.0
hpmcounter7,drift,seed10,44,0.0
hpmcounter7,drift,seed10,45,0.0
hpmcounter7,drift,seed10,46,0.0
hpmcounter7,drift,seed10,47,0.0
hpmcounter7,drift,seed10,48,0.0
hpmcounter7,drift,seed10,49,0.0
hpmcounter7,drift,seed10,50,0.0
hpmcounter7,drift,seed10,51,0.0
hpmcounter7,drift,seed10,52,0.0
hpmcounter7,drift,seed10,53,0.0
hpmcounter7,drift,seed10,54,0.0
hpmcounter7,drift,seed10,55,0.0
hpmcounter7,drift,seed10,56,0.0
hpmcounter7,drift,seed10,57,0.0
hpmcounter7,drift,seed10,58,0.0
hpmcounter7,drift,seed10,59,0.0
hpmcounter7,drift,seed10,60,0.0
hpmcounter7,drift,seed10,61,0.0
hpmcounter7,drift,seed10,62,0.0
hpmcounter7,drift,seed10,63,0.0
hpmcounter7,drift,seed10,64,0.0
hpmcounter7,drift,seed10,65,0.0
hpmcounter7,drift,seed10,66,0.0
hpmcounter7,drift,seed10,67,0.0
hpmcounter7,drift,seed10,68,0.0
hpmcounter7,drift,seed10,69,0.0
hpmcounter7,drift,seed10,70,0.0
hpmcounter7,drift,seed10,71,0.0
hpmcounter7,drift,seed10,72,0.0
hpmcounter7,drift,seed10,73,0.0
hpmcounter7,drift,seed10,74,0.0
hpmcounter7,drift,seed10,75,0.0
hpmcounter7,drift,seed10,76,0.0
hpmcounter7,drift,seed10,77,0.0
hpmcounter7,drift,seed10,78,0.0
hpmcounter7,drift,seed10,79,0.0
hpmcounter7,drift,seed10,80,0.0
hpmcounter7,drift,seed10,81,0.0
hpmcounter7,drift,seed10,82,0.0
hpmcounter7,drift,seed10,83,0.0
hpmcounter7,drift,seed10,84,0.0
hpmcounter7,drift,seed10,85,0.0
hpmcounter7,drift,seed10,86,0.0
hpmcounter7,drift,seed10,87,0.0
hpmcounter7,drift,seed10,88,0.0
hpmcounter7,drift,seed10,89,0.0
hpmcounter7,drift,seed10,90,0.0
hpmcounter7,drift,seed10,91,0.0
hpmcounter7,drift,seed10,92,0.0
hpmcounter7,drift,seed10,93,0.0
hpmcounter7,drift,seed10,94,0.0
hpmcounter7,drift,seed10,95,0.0
hpmcounter7,drift,seed10,96,0.0
hpmcounter7,drift,seed10,97,0.0
hpmcounter7,drift,seed10,98,0.0
hpmcounter7,drift,seed10,99,0.0
hpmcounter7,drift,seed10,100,0.0
hpmcounter7,drift,seed10,101,0.0
hpmcounter7,drift,seed10,102,0.0
hpmcounter7,drift,seed10,103,0.0
hpmcounter7,drift,seed10,104,0.0
hpmcounter7,drift,seed10,105,0.0
hpmcounter7,drift,seed10,106,0.0
hpmcounter7,drift,seed10,107,0.0
hpmcounter7,drift,seed10,108,0.0
hpmcounter7,drift,seed10,109,0.0
hpmcounter7,drift,seed10,110,0.0
hpmcounter7,drift,seed10,111,0.0
hpmcounter7,drift,seed10,112,0.0
hpmcounter7,drift,seed10,113,0.0
hpmcounter7,drift,seed10,114,0.0
hpmcounter7,drift,seed10,115,0.0
hpmcounter7,drift,seed10,116,0.0
hpmcounter7,drift,seed10,117,0.0
hpmcounter7,drift,seed10,118,0.0
hpmcounter7,drift,seed10,119,0.0
hpmcounter7,drift,seed10,120,0.0
hpmcounter7,drift,seed10,121,0.0
hpmcounter7,drift,seed10,122,0.0
hpmcounter7,drift,seed10,123,0.0
hpmcounter7,drift,seed10,124,0.0
hpmcounter7,drift,seed10,125,0.0
hpmcounter7,drift,seed10,126,0.0
hpmcounter7,drift,seed10,127,0.0
hpmcounter7,drift,seed10,128,0.0
hpmcounter7,drift,seed10,129,0.0
hpmcounter7,drift,seed10,130,0.0
hpmcounter7,drift,seed10,131,0.0
hpmcounter7,drift,seed10,132,0.0
hpmcounter7,drift,seed10,133,0.0
hpmcounter7,drift,seed10,134,0.0
hpmcounter7,drift,seed10,135,0.0
hpmcounter7,drift,seed10,136,0.0
hpmcounter7,drift,seed10,137,0.0
hpmcounter7,drift,seed10,138,0.0
hpmcounter7,drift,seed10,139,0.0
hpmcounter7,drift,seed10,140,0.0
hpmcounter7,drift,seed10,141,0.0
hpmcounter7,drift,seed10,142,0.0
hpmcounter7,drift,seed10,143,0.0
hpmcounter7,drift,seed10,144,0.0
hpmcounter7,drift,seed10,145,0.0
hpmcounter7,drift,seed10,146,0.0
hpmcounter7,drift,seed10,147,0.0
hpmcounter7,drift,seed10,148,0.0
hpmcounter7,drift,seed10,149,0.0
hpmcounter7,drift,seed10,150,0.0
hpmcounter7,drift,seed10,151,0.0
hpmcounter7,drift,seed10,152,0.0
hpmcounter7,drift,seed10,153,0.0
hpmcounter7,drift,seed10,154,0.0
hpmcounter7,drift,seed10,155,0.0
hpmcounter7,drift,seed10,156,0.0
hpmcounter7,drift,seed10,157,0.0
hpmcounter7,drift,seed10,158,0.0
hpmcounter7,drift,seed10,159,0.0
hpmcounter7,drift,seed10,160,0.0
hpmcounter7,drift,seed10,161,0.0
hpmcounter7,drift,seed10,162,0.0
hpmcounter7,drift,seed10,163,0.0
hpmcounter7,drift,seed10,164,0.0
hpmcounter7,drift,seed10,165,0.0
hpmcounter7,drift,seed10,166,0.0
hpmcounter7,drift,seed10,167,0.0
hpmcounter7,drift,seed10,168,0.0
hpmcounter7,drift,seed10,169,0.0
hpmcounter7,drift,seed10,170,0.0
hpmcounter7,drift,seed10,171,0.0
hpmcounter7,drift,seed10,172,0.0
hpmcounter7,drift,seed10,173,0.0
hpmcounter7,drift,seed10,174,0.0
hpmcounter7,drift,seed10,175,0.0
hpmcounter7,drift,seed10,176,0.0
hpmcounter7,drift,seed10,177,0.0
hpmcounter7,drift,seed10,178,0.0
hpmcounter7,drift,seed10,179,0.0
hpmcounter7,drift,seed10,180,0.0
hpmcounter7,drift,seed10,181,0.0
hpmcounter7,drift,seed10,182,0.0
hpmcounter7,drift,seed10,183,0.0
hpmcounter7,drift,seed10,184,0.0
hpmcounter7,drift,seed10,185,0.0
hpmcounter7,drift,seed10,186,0.0
hpmcounter7,drift,seed10,187,0.0
hpmcounter7,drift,seed10,188,0.0
hpmcounter7,drift,seed10,189,0.0
hpmcounter7,drift,seed10,190,0.0
hpmcounter7,drift,seed10,191,0.0
hpmcounter7,drift,seed10,192,0.0
hpmcounter7,drift,seed10,193,0.0
hpmcounter7,drift,seed10,194,0.0
hpmcounter7,drift,seed10,195,0.0
hpmcounter7,drift,seed10,196,0.0
hpmcounter7,drift,seed10,197,0.0
hpmcounter7,drift,seed10,198,0.0
hpmcounter7,drift,seed10,199,0.0
hpmcounter7,drift,seed10,200,0.0
hpmcounter7,drift,seed10,201,0.0
hpmcounter7,drift,seed10,202,0.0
hpmcounter7,drift,seed10,203,0.0
hpmcounter7,drift,seed10,204,0.0
hpmcounter7,drift,seed10,205,0.0
hpmcounter7,drift,seed10,206,0.0
hpmcounter7,drift,seed10,207,0.0
hpmcounter7,drift,seed10,208,0.0
hpmcounter7,drift,seed10,209,0.0
hpmcounter7,drift,seed10,210,0.0
hpmcounter7,drift,seed10,211,0.0
hpmcounter7,drift,seed10,212,0.0
hpmcounter7,drift,seed10,213,0.0
hpmcounter7,drift,seed10,214,0.0
hpmcounter7,drift,seed10,215,0.0
hpmcounter7,drift,seed10,216,0.0
hpmcounter7,drift,seed10,217,0.0
hpmcounter7,drift,seed10,218,0.0
hpmcounter7,drift,seed10,219,0.0
hpmcounter7,drift,seed10,220,0.0
hpmcounter7,drift,seed10,221,0.0
hpmcounter7,drift,seed10,222,0.0
hpmcounter7,drift,seed10,223,0.0
hpmcounter7,drift,seed10,224,0.0
hpmcounter7,drift,seed10,225,0.0
hpmcounter7,drift,seed10,226,0.0
hpmcounter7,drift,seed10,227,0.0
hpmcounter7,drift,seed10,228,0.0
hpmcounter7,drift,seed10,229,0.0
hpmcounter7,drift,seed10,230,0.0
hpmcounter7,drift,seed10,231,0.0
hpmcounter7,drift,seed10,232,0.0
hpmcounter7,drift,seed10,233,0.0
hpmcounter7,drift,seed10,234,0.0
hpmcounter7,drift,seed10,235,0.0
hpmcounter7,drift,seed10,236,0.0
hpmcounter7,drift,seed10,237,0.0
hpmcounter7,drift,seed10,238,0.0
hpmcounter7,drift,seed10,239,0.0
hpmcounter7,drift,seed10,240,0.0
hpmcounter7,drift,seed10,241,0.0
hpmcounter7,drift,seed10,242,0.0
hpmcounter7,drift,seed10,243,0.0
hpmcounter7,drift,seed10,244,0.0
hpmcounter7,drift,seed10,245,0.0
hpmcounter7,drift,seed10,246,0.0
hpmcounter7,drift,seed10,247,0.0
hpmcounter7,drift,seed10,248,0.0
hpmcounter7,drift,seed10,249,0.0
hpmcounter7,drift,seed10,250,0.0
hpmcounter7,drift,seed10,251,0.0
hpmcounter7,drift,seed10,252,0.0
hpmcounter7,drift,seed10,253,0.0
hpmcounter7,drift,seed10,254,0.0
hpmcounter7,drift,seed10,255,0.0
hpmcounter7,drift,seed10,256,0.0
hpmcounter7,drift,seed10,257,0.0
hpmcounter7,drift,seed10,258,0.0
hpmcounter7,drift,seed10,259,0.0
hpmcounter7,drift,seed10,260,0.0
hpmcounter7,drift,seed10,261,0.0
hpmcounter7,drift,seed10,262,0.0
hpmcounter7,drift,seed10,263,0.0
hpmcounter7,drift,seed10,264,0.0
hpmcounter7,drift,seed10,265,0.0
hpmcounter7,drift,seed10,266,0.0
hpmcounter7,drift,seed10,267,0.0
hpmcounter7,drift,seed10,268,0.0
hpmcounter7,drift,seed10,269,0.0
hpmcounter7,drift,seed10,270,0.0
hpmcounter7,drift,seed10,271,0.0
hpmcounter7,drift,seed10,272,0.0
hpmcounter7,drift,seed10,273,0.0
hpmcounter7,drift,seed10,274,0.0
hpmcounter7,drift,seed10,275,0.0
hpmcounter7,drift,seed10,276,0.0
hpmcounter7,drift,seed10,277,0.0
hpmcounter7,drift,seed10,278,0.0
hpmcounter7,drift,seed10,279,0.0
hpmcounter7,drift,seed10,280,0.0
hpmcounter7,drift,seed10,281,0.0
hpmcounter7,drift,seed10,282,0.0
hpmcounter7,drift,seed10,283,0.0
hpmcounter7,drift,seed10,284,0.0
hpmcounter7,drift,seed10,285,0.0
hpmcounter7,drift,seed10,286,0.0
hpmcounter7,drift,seed10,287,0.0
hpmcounter7,drift,seed10,288,0.0
hpmcounter7,drift,seed10,289,0.0
hpmcounter7,drift,seed10,290,0.0
hpmcounter7,drift,seed10,291,0.0
hpmcounter7,drift,seed10,292,0.0
hpmcounter7,drift,seed10,293,0.0
hpmcounter7,drift,seed10,294,0.0
hpmcounter7,drift,seed10,295,0.0
hpmcounter7,drift,seed10,296,0.0
hpmcounter7,drift,seed10,297,0.0
hpmcounter7,drift,seed10,298,0.0
hpmcounter7,drift,seed11,9,0.0
hpmcounter7,drift,seed11,10,0.0
hpmcounter7,drift,seed11,11,0.0
hpmcounter7,drift,seed11,12,0.0
hpmcounter7,drift,seed11,13,0.0
hpmcounter7,drift,seed11,14,0.0
hpmcounter7,drift,seed11,15,0.0
hpmcounter7,drift,seed11,16,0.0
hpmcounter7,drift,seed11,17,0.0
hpmcounter7,drift,seed11,18,0.0
hpmcounter7,drift,seed11,19,0.0
hpmcounter7,drift,seed11,20,0.0
hpmcounter7,drift,seed11,21,0.0
hpmcounter7,drift,seed11,22,0.0
hpmcounter7,drift,seed11,23,0.0
hpmcounter7,drift,seed11,24,0.0
hpmcounter7,drift,seed11,25,0.0
hpmcounter7,drift,seed11,26,0.0
hpmcounter7,drift,seed11,27,0.0
hpmcounter7,drift,seed11,28,0.0
hpmcounter7,drift,seed11,29,0.0
hpmcounter7,drift,seed11,30,0.0
hpmcounter7,drift,seed11,31,0.0
hpmcounter7,drift,seed11,32,0.0
hpmcounter7,drift,seed11,33,0.0
hpmcounter7,drift,seed11,34,0.0
hpmcounter7,drift,seed11,35,0.0
hpmcounter7,drift,seed11,36,0.0
hpmcounter7,drift,seed11,37,0.0
hpmcounter7,drift,seed11,38,0.0
hpmcounter7,drift,seed11,39,0.0
hpmcounter7,drift,seed11,40,0.0
hpmcounter7,drift,seed11,41,0.0
hpmcounter7,drift,seed11,42,0.0
hpmcounter7,drift,seed11,43,0.0
hpmcounter7,drift,seed11,44,0.0
hpmcounter7,drift,seed11,45,0.0
hpmcounter7,drift,seed11,46,0.0
hpmcounter7,drift,seed11,47,0.0
hpmcounter7,drift,seed11,48,0.0
hpmcounter7,drift,seed11,49,0.0
hpmcounter7,drift,seed11,50,0.0
hpmcounter7,drift,seed11,51,0.0
hpmcounter7,drift,seed11,52,0.0
hpmcounter7,drift,seed11,53,0.0
hpmcounter7,drift,seed11,54,0.0
hpmcounter7,drift,seed11,55,0.0
hpmcounter7,drift,seed11,56,0.0
hpmcounter7,drift,seed11,57,0.0
hpmcounter7,drift,seed11,58,0.0
hpmcounter7,drift,seed11,59,0.0
hpmcounter7,drift,seed11,60,0.0
hpmcounter7,drift,seed11,61,0.0
hpmcounter7,drift,seed11,62,0.0
hpmcounter7,drift,seed11,63,0.0
hpmcounter7,drift,seed11,64,0.0
hpmcounter7,drift,seed11,65,0.0
hpmcounter7,drift,seed11,66,0.0
hpmcounter7,drift,seed11,67,0.0
hpmcounter7,drift,seed11,68,0.0
hpmcounter7,drift,seed11,69,0.0
hpmcounter7,drift,seed11,70,0.0
hpmcounter7,drift,seed11,71,0.0
hpmcounter7,drift,seed11,72,0.0
hpmcounter7,drift,seed11,73,0.0
hpmcounter7,drift,seed11,74,0.0
hpmcounter7,drift,seed11,75,0.0
hpmcounter7,drift,seed11,76,0.0
hpmcounter7,drift,seed11,77,0.0
hpmcounter7,drift,seed11,78,0.0
hpmcounter7,drift,seed11,79,0.0
hpmcounter7,drift,seed11,80,0.0
hpmcounter7,drift,seed11,81,0.0
hpmcounter7,drift,seed11,82,0.0
hpmcounter7,drift,seed11,83,0.0
hpmcounter7,drift,seed11,84,0.0
hpmcounter7,drift,seed11,85,0.0
hpmcounter7,drift,seed11,86,0.0
hpmcounter7,drift,seed11,87,0.0
hpmcounter7,drift,seed11,88,0.0
hpmcounter7,drift,seed11,89,0.0
hpmcounter7,drift,seed11,90,0.0
hpmcounter7,drift,seed11,91,0.0
hpmcounter7,drift,seed11,92,0.0
hpmcounter7,drift,seed11,93,0.0
hpmcounter7,drift,seed11,94,0.0
hpmcounter7,drift,seed11,95,0.0
hpmcounter7,drift,seed11,96,0.0
hpmcounter7,drift,seed11,97,0.0
hpmcounter7,drift,seed11,98,0.0
hpmcounter7,drift,seed11,99,0.0
hpmcounter7,drift,seed11,100,0.0
hpmcounter7,drift,seed11,101,0.0
hpmcounter7,drift,seed11,102,0.0
hpmcounter7,drift,seed11,103,0.0
hpmcounter7,drift,seed11,104,0.0
hpmcounter7,drift,seed11,105,0.0
hpmcounter7,drift,seed11,106,0.0
hpmcounter7,drift,seed11,107,0.0
hpmcounter7,drift,seed11,108,0.0
hpmcounter7,drift,seed11,109,0.0
hpmcounter7,drift,seed11,110,0.0
hpmcounter7,drift,seed11,111,0.0
hpmcounter7,drift,seed11,112,0.0
hpmcounter7,drift,seed11,113,0.0
hpmcounter7,drift,seed11,114,0.0
hpmcounter7,drift,seed11,115,0.0
hpmcounter7,drift,seed11,116,0.0
hpmcounter7,drift,seed11,117,0.0
hpmcounter7,drift,seed11,118,0.0
hpmcounter7,drift,seed11,119,0.0
hpmcounter7,drift,seed11,120,0.0
hpmcounter7,drift,seed11,121,0.0
hpmcounter7,drift,seed11,122,0.0
hpmcounter7,drift,seed11,123,0.0
hpmcounter7,drift,seed11,124,0.0
hpmcounter7,drift,seed11,125,0.0
hpmcounter7,drift,seed11,126,0.0
hpmcounter7,drift,seed11,127,0.0
hpmcounter7,drift,seed11,128,0.0
hpmcounter7,drift,seed11,129,0.0
hpmcounter7,drift,seed11,130,0.0
hpmcounter7,drift,seed11,131,0.0
hpmcounter7,drift,seed11,132,0.0
hpmcounter7,drift,seed11,133,0.0
hpmcounter7,drift,seed11,134,0.0
hpmcounter7,drift,seed11,135,0.0
hpmcounter7,drift,seed11,136,0.0
hpmcounter7,drift,seed11,137,0.0
hpmcounter7,drift,seed11,138,0.0
hpmcounter7,drift,seed11,139,0.0
hpmcounter7,drift,seed11,140,0.0
hpmcounter7,drift,seed11,141,0.0
hpmcounter7,drift,seed11,142,0.0
hpmcounter7,drift,seed11,143,0.0
hpmcounter7,drift,seed11,144,0.0
hpmcounter7,drift,seed11,145,0.0
hpmcounter7,drift,seed11,146,0.0
hpmcounter7,drift,seed11,147,0.0
hpmcounter7,drift,seed11,148,0.0
hpmcounter7,drift,seed11,149,0.0
hpmcounter7,drift,seed11,150,0.0
hpmcounter7,drift,seed11,151,0.0
hpmcounter7,drift,seed11,152,0.0
hpmcounter7,drift,seed11,153,0.0
hpmcounter7,drift,seed11,154,0.0
hpmcounter7,drift,seed11,155,0.0
hpmcounter7,drift,seed11,156,0.0
hpmcounter7,drift,seed11,157,0.0
hpmcounter7,drift,seed11,158,0.0
hpmcounter7,drift,seed11,159,0.0
hpmcounter7,drift,seed11,160,0.0
hpmcounter7,drift,seed11,161,0.0
hpmcounter7,drift,seed11,162,0.0
hpmcounter7,drift,seed11,163,0.0
hpmcounter7,drift,seed11,164,0.0
hpmcounter7,drift,seed11,165,0.0
hpmcounter7,drift,seed11,166,0.0
hpmcounter7,drift,seed11,167,0.0
hpmcounter7,drift,seed11,168,0.0
hpmcounter7,drift,seed11,169,0.0
hpmcounter7,drift,seed11,170,0.0
hpmcounter7,drift,seed11,171,0.0
hpmcounter7,drift,seed11,172,0.0
hpmcounter7,drift,seed11,173,0.0
hpmcounter7,drift,seed11,174,0.0
hpmcounter7,drift,seed11,175,0.0
hpmcounter7,drift,seed11,176,0.0
hpmcounter7,drift,seed11,177,0.0
hpmcounter7,drift,seed11,178,0.0
hpmcounter7,drift,seed11,179,0.0
hpmcounter7,drift,seed11,180,0.0
hpmcounter7,drift,seed11,181,0.0
hpmcounter7,drift,seed11,182,0.0
hpmcounter7,drift,seed11,183,0.0
hpmcounter7,drift,seed11,184,0.0
hpmcounter7,drift,seed11,185,0.0
hpmcounter7,drift,seed11,186,0.0
hpmcounter7,drift,seed11,187,0.0
hpmcounter7,drift,seed11,188,0.0
hpmcounter7,drift,seed11,189,0.0
hpmcounter7,drift,seed11,190,0.0
hpmcounter7,drift,seed11,191,0.0
hpmcounter7,drift,seed11,192,0.0
hpmcounter7,drift,seed11,193,0.0
hpmcounter7,drift,seed11,194,0.0
hpmcounter7,drift,seed11,195,0.0
hpmcounter7,drift,seed11,196,0.0
hpmcounter7,drift,seed11,197,0.0
hpmcounter7,drift,seed11,198,0.0
hpmcounter7,drift,seed11,199,0.0
hpmcounter7,drift,seed11,200,0.0
hpmcounter7,drift,seed11,201,0.0
hpmcounter7,drift,seed11,202,0.0
hpmcounter7,drift,seed11,203,0.0
hpmcounter7,drift,seed11,204,0.0
hpmcounter7,drift,seed11,205,0.0
hpmcounter7,drift,seed11,206,0.0
hpmcounter7,drift,seed11,207,0.0
hpmcounter7,drift,seed11,208,0.0
hpmcounter7,drift,seed11,209,0.0
hpmcounter7,drift,seed11,210,0.0
hpmcounter7,drift,seed11,211,0.0
hpmcounter7,drift,seed11,212,0.0
hpmcounter7,drift,seed11,213,0.0
hpmcounter7,drift,seed11,214,0.0
hpmcounter7,drift,seed11,215,0.0
hpmcounter7,drift,seed11,216,0.0
hpmcounter7,drift,seed11,217,0.0
hpmcounter7,drift,seed11,218,0.0
hpmcounter7,drift,seed11,219,0.0
hpmcounter7,drift,seed11,220,0.0
hpmcounter7,drift,seed11,221,0.0
hpmcounter7,drift,seed11,222,0.0
hpmcounter7,drift,seed11,223,0.0
hpmcounter7,drift,seed11,224,0.0
hpmcounter7,drift,seed11,225,0.0
hpmcounter7,drift,seed11,226,0.0
hpmcounter7,drift,seed11,227,0.0
hpmcounter7,drift,seed11,228,0.0
hpmcounter7,drift,seed11,229,0.0
hpmcounter7,drift,seed11,230,0.0
hpmcounter7,drift,seed11,231,0.0
hpmcounter7,drift,seed11,232,0.0
hpmcounter7,drift,seed11,233,0.0
hpmcounter7,drift,seed11,234,0.0
hpmcounter7,drift,seed11,235,0.0
hpmcounter7,drift,seed11,236,0.0
hpmcounter7,drift,seed11,237,0.0
hpmcounter7,drift,seed11,238,0.0
hpmcounter7,drift,seed11,239,0.0
hpmcounter7,drift,seed11,240,0.0
hpmcounter7,drift,seed11,241,0.0
hpmcounter7,drift,seed11,242,0.0
hpmcounter7,drift,seed11,243,0.0
hpmcounter7,drift,seed11,244,0.0
hpmcounter7,drift,seed11,245,0.0
hpmcounter7,drift,seed11,246,0.0
hpmcounter7,drift,seed11,247,0.0
hpmcounter7,drift,seed11,248,0.0
hpmcounter7,drift,seed11,249,0.0
hpmcounter7,drift,seed11,250,0.0
hpmcounter7,drift,seed11,251,0.0
hpmcounter7,drift,seed11,252,0.0
hpmcounter7,drift,seed11,253,0.0
hpmcounter7,drift,seed11,254,0.0
hpmcounter7,drift,seed11,255,0.0
hpmcounter7,drift,seed11,256,0.0
hpmcounter7,drift,seed11,257,0.0
hpmcounter7,drift,seed11,258,0.0
hpmcounter7,drift,seed11,259,0.0
hpmcounter7,drift,seed11,260,0.0
hpmcounter7,drift,seed11,261,0.0
hpmcounter7,drift,seed11,262,0.0
hpmcounter7,drift,seed11,263,0.0
hpmcounter7,drift,seed11,264,0.0
hpmcounter7,drift,seed11,265,0.0
hpmcounter7,drift,seed11,266,0.0
hpmcounter7,drift,seed11,267,0.0
hpmcounter7,drift,seed11,268,0.0
hpmcounter7,drift,seed11,269,0.0
hpmcounter7,drift,seed11,270,0.0
hpmcounter7,drift,seed11,271,0.0
hpmcounter7,drift,seed11,272,0.0
hpmcounter7,drift,seed11,273,0.0
hpmcounter7,drift,seed11,274,0.0
hpmcounter7,drift,seed11,275,0.0
hpmcounter7,drift,seed11,276,0.0
hpmcounter7,drift,seed11,277,0.0
hpmcounter7,drift,seed11,278,0.0
hpmcounter7,drift,seed11,279,0.0
hpmcounter7,drift,seed11,280,0.0
hpmcounter7,drift,seed11,281,0.0
hpmcounter7,drift,seed11,282,0.0
hpmcounter7,drift,seed11,283,0.0
hpmcounter7,drift,seed11,284,0.0
hpmcounter7,drift,seed11,285,0.0
hpmcounter7,drift,seed11,286,0.0
hpmcounter7,drift,seed11,287,0.0
hpmcounter7,drift,seed11,288,0.0
hpmcounter7,drift,seed11,289,0.0
hpmcounter7,drift,seed11,290,0.0
hpmcounter7,drift,seed11,291,0.0
hpmcounter7,drift,seed11,292,0.0
hpmcounter7,drift,seed11,293,0.0
hpmcounter7,drift,seed11,294,0.0
hpmcounter7,drift,seed11,295,0.0
hpmcounter7,drift,seed11,296,0.0
hpmcounter7,drift,seed11,297,0.0
hpmcounter7,drift,seed11,298,0.0
hpmcounter7,drift,seed12,9,0.0
hpmcounter7,drift,seed12,10,0.0
hpmcounter7,drift,seed12,11,0.0
hpmcounter7,drift,seed12,12,0.0
hpmcounter7,drift,seed12,13,0.0
hpmcounter7,drift,seed12,14,0.0
hpmcounter7,drift,seed12,15,0.0
hpmcounter7,drift,seed12,16,0.0
hpmcounter7,drift,seed12,17,0.0
hpmcounter7,drift,seed12,18,0.0
hpmcounter7,drift,seed12,19,0.0
hpmcounter7,drift,seed12,20,0.0
hpmcounter7,drift,seed12,21,0.0
hpmcounter7,drift,seed12,22,0.0
hpmcounter7,drift,seed12,23,0.0
hpmcounter7,drift,seed12,24,0.0
hpmcounter7,drift,seed12,25,0.0
hpmcounter7,drift,seed12,26,0.0
hpmcounter7,drift,seed12,27,0.0
hpmcounter7,drift,seed12,28,0.0
hpmcounter7,drift,seed12,29,0.0
hpmcounter7,drift,seed12,30,0.0
hpmcounter7,drift,seed12,31,0.0
hpmcounter7,drift,seed12,32,0.0
hpmcounter7,drift,seed12,33,0.0
hpmcounter7,drift,seed12,34,0.0
hpmcounter7,drift,seed12,35,0.0
hpmcounter7,drift,seed12,36,0.0
hpmcounter7,drift,seed12,37,0.0
hpmcounter7,drift,seed12,38,0.0
hpmcounter7,drift,seed12,39,0.0
hpmcounter7,drift,seed12,40,0.0
hpmcounter7,drift,seed12,41,0.0
hpmcounter7,drift,seed12,42,0.0
hpmcounter7,drift,seed12,43,0.0
hpmcounter7,drift,seed12,44,0.0
hpmcounter7,drift,seed12,45,0.0
hpmcounter7,drift,seed12,46,0.0
hpmcounter7,drift,seed12,47,0.0
hpmcounter7,drift,seed12,48,0.0
hpmcounter7,drift,seed12,49,0.0
hpmcounter7,drift,seed12,50,0.0
hpmcounter7,drift,seed12,51,0.0
hpmcounter7,drift,seed12,52,0.0
hpmcounter7,drift,seed12,53,0.0
hpmcounter7,drift,seed12,54,0.0
hpmcounter7,drift,seed12,55,0.0
hpmcounter7,drift,seed12,56,0.0
hpmcounter7,drift,seed12,57,0.0
hpmcounter7,drift,seed12,58,0.0
hpmcounter7,drift,seed12,59,0.0
hpmcounter7,drift,seed12,60,0.0
hpmcounter7,drift,seed12,61,0.0
hpmcounter7,drift,seed12,62,0.0
hpmcounter7,drift,seed12,63,0.0
hpmcounter7,drift,seed12,64,0.0
hpmcounter7,drift,seed12,65,0.0
hpmcounter7,drift,seed12,66,0.0
hpmcounter7,drift,seed12,67,0.0
hpmcounter7,drift,seed12,68,0.0
hpmcounter7,drift,seed12,69,0.0
hpmcounter7,drift,seed12,70,0.0
hpmcounter7,drift,seed12,71,0.0
hpmcounter7,drift,seed12,72,0.0
hpmcounter7,drift,seed12,73,0.0
hpmcounter7,drift,seed12,74,0.0
hpmcounter7,drift,seed12,75,0.0
hpmcounter7,drift,seed12,76,0.0
hpmcounter7,drift,seed12,77,0.0
hpmcounter7,drift,seed12,78,0.0
hpmcounter7,drift,seed12,79,0.0
hpmcounter7,drift,seed12,80,0.0
hpmcounter7,drift,seed12,81,0.0
hpmcounter7,drift,seed12,82,0.0
hpmcounter7,drift,seed12,83,0.0
hpmcounter7,drift,seed12,84,0.0
hpmcounter7,drift,seed12,85,0.0
hpmcounter7,drift,seed12,86,0.0
hpmcounter7,drift,seed12,87,0.0
hpmcounter7,drift,seed12,88,0.0
hpmcounter7,drift,seed12,89,0.0
hpmcounter7,drift,seed12,90,0.0
hpmcounter7,drift,seed12,91,0.0
hpmcounter7,drift,seed12,92,0.0
hpmcounter7,drift,seed12,93,0.0
hpmcounter7,drift,seed12,94,0.0
hpmcounter7,drift,seed12,95,0.0
hpmcounter7,drift,seed12,96,0.0
hpmcounter7,drift,seed12,97,0.0
hpmcounter7,drift,seed12,98,0.0
hpmcounter7,drift,seed12,99,0.0
hpmcounter7,drift,seed12,100,0.0
hpmcounter7,drift,seed12,101,0.0
hpmcounter7,drift,seed12,102,0.0
hpmcounter7,drift,seed12,103,0.0
hpmcounter7,drift,seed12,104,0.0
hpmcounter7,drift,seed12,105,0.0
hpmcounter7,drift,seed12,106,0.0
hpmcounter7,drift,seed12,107,0.0
hpmcounter7,drift,seed12,108,0.0
hpmcounter7,drift,seed12,109,0.0
hpmcounter7,drift,seed12,110,0.0
hpmcounter7,drift,seed12,111,0.0
hpmcounter7,drift,seed12,112,0.0
hpmcounter7,drift,seed12,113,0.0
hpmcounter7,drift,seed12,114,0.0
hpmcounter7,drift,seed12,115,0.0
hpmcounter7,drift,seed12,116,0.0
hpmcounter7,drift,seed12,117,0.0
hpmcounter7,drift,seed12,118,0.0
hpmcounter7,drift,seed12,119,0.0
hpmcounter7,drift,seed12,120,0.0
hpmcounter7,drift,seed12,121,0.0
hpmcounter7,drift,seed12,122,0.0
hpmcounter7,drift,seed12,123,0.0
hpmcounter7,drift,seed12,124,0.0
hpmcounter7,drift,seed12,125,0.0
hpmcounter7,drift,seed12,126,0.0
hpmcounter7,drift,seed12,127,0.0
hpmcounter7,drift,seed12,128,0.0
hpmcounter7,drift,seed12,129,0.0
hpmcounter7,drift,seed12,130,0.0
hpmcounter7,drift,seed12,131,0.0
hpmcounter7,drift,seed12,132,0.0
hpmcounter7,drift,seed12,133,0.0
hpmcounter7,drift,seed12,134,0.0
hpmcounter7,drift,seed12,135,0.0
hpmcounter7,drift,seed12,136,0.0
hpmcounter7,drift,seed12,137,0.0
hpmcounter7,drift,seed12,138,0.0
hpmcounter7,drift,seed12,139,0.0
hpmcounter7,drift,seed12,140,0.0
hpmcounter7,drift,seed12,141,0.0
hpmcounter7,drift,seed12,142,0.0
hpmcounter7,drift,seed12,143,0.0
hpmcounter7,drift,seed12,144,0.0
hpmcounter7,drift,seed12,145,0.0
hpmcounter7,drift,seed12,146,0.0
hpmcounter7,drift,seed12,147,0.0
hpmcounter7,drift,seed12,148,0.0
hpmcounter7,drift,seed12,149,0.0
hpmcounter7,drift,seed12,150,0.0
hpmcounter7,drift,seed12,151,0.0
hpmcounter7,drift,seed12,152,0.0
hpmcounter7,drift,seed12,153,0.0
hpmcounter7,drift,seed12,154,0.0
hpmcounter7,drift,seed12,155,0.0
hpmcounter7,drift,seed12,156,0.0
hpmcounter7,drift,seed12,157,0.0
hpmcounter7,drift,seed12,158,0.0
hpmcounter7,drift,seed12,159,0.0
hpmcounter7,drift,seed12,160,0.0
hpmcounter7,drift,seed12,161,0.0
hpmcounter7,drift,seed12,162,0.0
hpmcounter7,drift,seed12,163,0.0
hpmcounter7,drift,seed12,164,0.0
hpmcounter7,drift,seed12,165,0.0
hpmcounter7,drift,seed12,166,0.0
hpmcounter7,drift,seed12,167,0.0
hpmcounter7,drift,seed12,168,0.0
hpmcounter7,drift,seed12,169,0.0
hpmcounter7,drift,seed12,170,0.0
hpmcounter7,drift,seed12,171,0.0
hpmcounter7,drift,seed12,172,0.0
hpmcounter7,drift,seed12,173,0.0
hpmcounter7,drift,seed12,174,0.0
hpmcounter7,drift,seed12,175,0.0
hpmcounter7,drift,seed12,176,0.0
hpmcounter7,drift,seed12,177,0.0
hpmcounter7,drift,seed12,178,0.0
hpmcounter7,drift,seed12,179,0.0
hpmcounter7,drift,seed12,180,0.0
hpmcounter7,drift,seed12,181,0.0
hpmcounter7,drift,seed12,182,0.0
hpmcounter7,drift,seed12,183,0.0
hpmcounter7,drift,seed12,184,0.0
hpmcounter7,drift,seed12,185,0.0
hpmcounter7,drift,seed12,186,0.0
hpmcounter7,drift,seed12,187,0.0
hpmcounter7,drift,seed12,188,0.0
hpmcounter7,drift,seed12,189,0.0
hpmcounter7,drift,seed12,190,0.0
hpmcounter7,drift,seed12,191,0.0
hpmcounter7,drift,seed12,192,0.0
hpmcounter7,drift,seed12,193,0.0
hpmcounter7,drift,seed12,194,0.0
hpmcounter7,drift,seed12,195,0.0
hpmcounter7,drift,seed12,196,0.0
hpmcounter7,drift,seed12,197,0.0
hpmcounter7,drift,seed12,198,0.0
hpmcounter7,drift,seed12,199,0.0
hpmcounter7,drift,seed12,200,0.0
hpmcounter7,drift,seed12,201,0.0
hpmcounter7,drift,seed12,202,0.0
hpmcounter7,drift,seed12,203,0.0
hpmcounter7,drift,seed12,204,0.0
hpmcounter7,drift,seed12,205,0.0
hpmcounter7,drift,seed12,206,0.0
hpmcounter7,drift,seed12,207,0.0
hpmcounter7,drift,seed12,208,0.0
hpmcounter7,drift,seed12,209,0.0
hpmcounter7,drift,seed12,210,0.0
hpmcounter7,drift,seed12,211,0.0
hpmcounter7,drift,seed12,212,0.0
hpmcounter7,drift,seed12,213,0.0
hpmcounter7,drift,seed12,214,0.0
hpmcounter7,drift,seed12,215,0.0
hpmcounter7,drift,seed12,216,0.0
hpmcounter7,drift,seed12,217,0.0
hpmcounter7,drift,seed12,218,0.0
hpmcounter7,drift,seed12,219,0.0
hpmcounter7,drift,seed12,220,0.0
hpmcounter7,drift,seed12,221,0.0
hpmcounter7,drift,seed12,222,0.0
hpmcounter7,drift,seed12,223,0.0
hpmcounter7,drift,seed12,224,0.0
hpmcounter7,drift,seed12,225,0.0
hpmcounter7,drift,seed12,226,0.0
hpmcounter7,drift,seed12,227,0.0
hpmcounter7,drift,seed12,228,0.0
hpmcounter7,drift,seed12,229,0.0
hpmcounter7,drift,seed12,230,0.0
hpmcounter7,drift,seed12,231,0.0
hpmcounter7,drift,seed12,232,0.0
hpmcounter7,drift,seed12,233,0.0
hpmcounter7,drift,seed12,234,0.0
hpmcounter7,drift,seed12,235,0.0
hpmcounter7,drift,seed12,236,0.0
hpmcounter7,drift,seed12,237,0.0
hpmcounter7,drift,seed12,238,0.0
hpmcounter7,drift,seed12,239,0.0
hpmcounter7,drift,seed12,240,0.0
hpmcounter7,drift,seed12,241,0.0
hpmcounter7,drift,seed12,242,0.0
hpmcounter7,drift,seed12,243,0.0
hpmcounter7,drift,seed12,244,0.0
hpmcounter7,drift,seed12,245,0.0
hpmcounter7,drift,seed12,246,0.0
hpmcounter7,drift,seed12,247,0.0
hpmcounter7,drift,seed12,248,0.0
hpmcounter7,drift,seed12,249,0.0
hpmcounter7,drift,seed12,250,0.0
hpmcounter7,drift,seed12,251,0.0
hpmcounter7,drift,seed12,252,0.0
hpmcounter7,drift,seed12,253,0.0
hpmcounter7,drift,seed12,254,0.0
hpmcounter7,drift,seed12,255,0.0
hpmcounter7,drift,seed12,256,0.0
hpmcounter7,drift,seed12,257,0.0
hpmcounter7,drift,seed12,258,0.0
hpmcounter7,drift,seed12,259,0.0
hpmcounter7,drift,seed12,260,0.0
hpmcounter7,drift,seed12,261,0.0
hpmcounter7,drift,seed12,262,0.0
hpmcounter7,drift,seed12,263,0.0
hpmcounter7,drift,seed12,264,0.0
hpmcounter7,drift,seed12,265,0.0
hpmcounter7,drift,seed12,266,0.0
hpmcounter7,drift,seed12,267,0.0
hpmcounter7,drift,seed12,268,0.0
hpmcounter7,drift,seed12,269,0.0
hpmcounter7,drift,seed12,270,0.0
hpmcounter7,drift,seed12,271,0.0
hpmcounter7,drift,seed12,272,0.0
hpmcounter7,drift,seed12,273,0.0
hpmcounter7,drift,seed12,274,0.0
hpmcounter7,drift,seed12,275,0.0
hpmcounter7,drift,seed12,276,0.0
hpmcounter7,drift,seed12,277,0.0
hpmcounter7,drift,seed12,278,0.0
hpmcounter7,drift,seed12,279,0.0
hpmcounter7,drift,seed12,280,0.0
hpmcounter7,drift,seed12,281,0.0
hpmcounter7,drift,seed12,282,0.0
hpmcounter7,drift,seed12,283,0.0
hpmcounter7,drift,seed12,284,0.0
hpmcounter7,drift,seed12,285,0.0
hpmcounter7,drift,seed12,286,0.0
hpmcounter7,drift,seed12,287,0.0
hpmcounter7,drift,seed12,288,0.0
hpmcounter7,drift,seed12,289,0.0
hpmcounter7,drift,seed12,290,0.0
hpmcounter7,drift,seed12,291,0.0
hpmcounter7,drift,seed12,292,0.0
hpmcounter7,drift,seed12,293,0.0
hpmcounter7,drift,seed12,294,0.0
hpmcounter7,drift,seed12,295,0.0
hpmcounter7,drift,seed12,296,0.0
hpmcounter7,drift,seed12,297,0.0
hpmcounter7,drift,seed12,298,0.0
hpmcounter7,drift,seed13,9,0.0
hpmcounter7,drift,seed13,10,0.0
hpmcounter7,drift,seed13,11,0.0
hpmcounter7,drift,seed13,12,0.0
hpmcounter7,drift,seed13,13,0.0
hpmcounter7,drift,seed13,14,0.0
hpmcounter7,drift,seed13,15,0.0
hpmcounter7,drift,seed13,16,0.0
hpmcounter7,drift,seed13,17,0.0
hpmcounter7,drift,seed13,18,0.0
hpmcounter7,drift,seed13,19,0.0
hpmcounter7,drift,seed13,20,0.0
hpmcounter7,drift,seed13,21,0.0
hpmcounter7,drift,seed13,22,0.0
hpmcounter7,drift,seed13,23,0.0
hpmcounter7,drift,seed13,24,0.0
hpmcounter7,drift,seed13,25,0.0
hpmcounter7,drift,seed13,26,0.0
hpmcounter7,drift,seed13,27,0.0
hpmcounter7,drift,seed13,28,0.0
hpmcounter7,drift,seed13,29,0.0
hpmcounter7,drift,seed13,30,0.0
hpmcounter7,drift,seed13,31,0.0
hpmcounter7,drift,seed13,32,0.0
hpmcounter7,drift,seed13,33,0.0
hpmcounter7,drift,seed13,34,0.0
hpmcounter7,drift,seed13,35,0.0
hpmcounter7,drift,seed13,36,0.0
hpmcounter7,drift,seed13,37,0.0
hpmcounter7,drift,seed13,38,0.0
hpmcounter7,drift,seed13,39,0.0
hpmcounter7,drift,seed13,40,0.0
hpmcounter7,drift,seed13,41,0.0
hpmcounter7,drift,seed13,42,0.0
hpmcounter7,drift,seed13,43,0.0
hpmcounter7,drift,seed13,44,0.0
hpmcounter7,drift,seed13,45,0.0
hpmcounter7,drift,seed13,46,0.0
hpmcounter7,drift,seed13,47,0.0
hpmcounter7,drift,seed13,48,0.0
hpmcounter7,drift,seed13,49,0.0
hpmcounter7,drift,seed13,50,0.0
hpmcounter7,drift,seed13,51,0.0
hpmcounter7,drift,seed13,52,0.0
hpmcounter7,drift,seed13,53,0.0
hpmcounter7,drift,seed13,54,0.0
hpmcounter7,drift,seed13,55,0.0
hpmcounter7,drift,seed13,56,0.0
hpmcounter7,drift,seed13,57,0.0
hpmcounter7,drift,seed13,58,0.0
hpmcounter7,drift,seed13,59,0.0
hpmcounter7,drift,seed13,60,0.0
hpmcounter7,drift,seed13,61,0.0
hpmcounter7,drift,seed13,62,0.0
hpmcounter7,drift,seed13,63,0.0
hpmcounter7,drift,seed13,64,0.0
hpmcounter7,drift,seed13,65,0.0
hpmcounter7,drift,seed13,66,0.0
hpmcounter7,drift,seed13,67,0.0
hpmcounter7,drift,seed13,68,0.0
hpmcounter7,drift,seed13,69,0.0
hpmcounter7,drift,seed13,70,0.0
hpmcounter7,drift,seed13,71,0.0
hpmcounter7,drift,seed13,72,0.0
hpmcounter7,drift,seed13,73,0.0
hpmcounter7,drift,seed13,74,0.0
hpmcounter7,drift,seed13,75,0.0
hpmcounter7,drift,seed13,76,0.0
hpmcounter7,drift,seed13,77,0.0
hpmcounter7,drift,seed13,78,0.0
hpmcounter7,drift,seed13,79,0.0
hpmcounter7,drift,seed13,80,0.0
hpmcounter7,drift,seed13,81,0.0
hpmcounter7,drift,seed13,82,0.0
hpmcounter7,drift,seed13,83,0.0
hpmcounter7,drift,seed13,84,0.0
hpmcounter7,drift,seed13,85,0.0
hpmcounter7,drift,seed13,86,0.0
hpmcounter7,drift,seed13,87,0.0
hpmcounter7,drift,seed13,88,0.0
hpmcounter7,drift,seed13,89,0.0
hpmcounter7,drift,seed13,90,0.0
hpmcounter7,drift,seed13,91,0.0
hpmcounter7,drift,seed13,92,0.0
hpmcounter7,drift,seed13,93,0.0
hpmcounter7,drift,seed13,94,0.0
hpmcounter7,drift,seed13,95,0.0
hpmcounter7,drift,seed13,96,0.0
hpmcounter7,drift,seed13,97,0.0
hpmcounter7,drift,seed13,98,0.0
hpmcounter7,drift,seed13,99,0.0
hpmcounter7,drift,seed13,100,0.0
hpmcounter7,drift,seed13,101,0.0
hpmcounter7,drift,seed13,102,0.0
hpmcounter7,drift,seed13,103,0.0
hpmcounter7,drift,seed13,104,0.0
hpmcounter7,drift,seed13,105,0.0
hpmcounter7,drift,seed13,106,0.0
hpmcounter7,drift,seed13,107,0.0
hpmcounter7,drift,seed13,108,0.0
hpmcounter7,drift,seed13,109,0.0
hpmcounter7,drift,seed13,110,0.0
hpmcounter7,drift,seed13,111,0.0
hpmcounter7,drift,seed13,112,0.0
hpmcounter7,drift,seed13,113,0.0
hpmcounter7,drift,seed13,114,0.0
hpmcounter7,drift,seed13,115,0.0
hpmcounter7,drift,seed13,116,0.0
hpmcounter7,drift,seed13,117,0.0
hpmcounter7,drift,seed13,118,0.0
hpmcounter7,drift,seed13,119,0.0
hpmcounter7,drift,seed13,120,0.0
hpmcounter7,drift,seed13,121,0.0
hpmcounter7,drift,seed13,122,0.0
hpmcounter7,drift,seed13,123,0.0
hpmcounter7,drift,seed13,124,0.0
hpmcounter7,drift,seed13,125,0.0
hpmcounter7,drift,seed13,126,0.0
hpmcounter7,drift,seed13,127,0.0
hpmcounter7,drift,seed13,128,0.0
hpmcounter7,drift,seed13,129,0.0
hpmcounter7,drift,seed13,130,0.0
hpmcounter7,drift,seed13,131,0.0
hpmcounter7,drift,seed13,132,0.0
hpmcounter7,drift,seed13,133,0.0
hpmcounter7,drift,seed13,134,0.0
hpmcounter7,drift,seed13,135,0.0
hpmcounter7,drift,seed13,136,0.0
hpmcounter7,drift,seed13,137,0.0
hpmcounter7,drift,seed13,138,0.0
hpmcounter7,drift,seed13,139,0.0
hpmcounter7,drift,seed13,140,0.0
hpmcounter7,drift,seed13,141,0.0
hpmcounter7,drift,seed13,142,0.0
hpmcounter7,drift,seed13,143,0.0
hpmcounter7,drift,seed13,144,0.0
hpmcounter7,drift,seed13,145,0.0
hpmcounter7,drift,seed13,146,0.0
hpmcounter7,drift,seed13,147,0.0
hpmcounter7,drift,seed13,148,0.0
hpmcounter7,drift,seed13,149,0.0
hpmcounter7,drift,seed13,150,0.0
hpmcounter7,drift,seed13,151,0.0
hpmcounter7,drift,seed13,152,0.0
hpmcounter7,drift,seed13,153,0.0
hpmcounter7,drift,seed13,154,0.0
hpmcounter7,drift,seed13,155,0.0
hpmcounter7,drift,seed13,156,0.0
hpmcounter7,drift,seed13,157,0.0
hpmcounter7,drift,seed13,158,0.0
hpmcounter7,drift,seed13,159,0.0
hpmcounter7,drift,seed13,160,0.0
hpmcounter7,drift,seed13,161,0.0
hpmcounter7,drift,seed13,162,0.0
hpmcounter7,drift,seed13,163,0.0
hpmcounter7,drift,seed13,164,0.0
hpmcounter7,drift,seed13,165,0.0
hpmcounter7,drift,seed13,166,0.0
hpmcounter7,drift,seed13,167,0.0
hpmcounter7,drift,seed13,168,0.0
hpmcounter7,drift,seed13,169,0.0
hpmcounter7,drift,seed13,170,0.0
hpmcounter7,drift,seed13,171,0.0
hpmcounter7,drift,seed13,172,0.0
hpmcounter7,drift,seed13,173,0.0
hpmcounter7,drift,seed13,174,0.0
hpmcounter7,drift,seed13,175,0.0
hpmcounter7,drift,seed13,176,0.0
hpmcounter7,drift,seed13,177,0.0
hpmcounter7,drift,seed13,178,0.0
hpmcounter7,drift,seed13,179,0.0
hpmcounter7,drift,seed13,180,0.0
hpmcounter7,drift,seed13,181,0.0
hpmcounter7,drift,seed13,182,0.0
hpmcounter7,drift,seed13,183,0.0
hpmcounter7,drift,seed13,184,0.0
hpmcounter7,drift,seed13,185,0.0
hpmcounter7,drift,seed13,186,0.0
hpmcounter7,drift,seed13,187,0.0
hpmcounter7,drift,seed13,188,0.0
hpmcounter7,drift,seed13,189,0.0
hpmcounter7,drift,seed13,190,0.0
hpmcounter7,drift,seed13,191,0.0
hpmcounter7,drift,seed13,192,0.0
hpmcounter7,drift,seed13,193,0.0
hpmcounter7,drift,seed13,194,0.0
hpmcounter7,drift,seed13,195,0.0
hpmcounter7,drift,seed13,196,0.0
hpmcounter7,drift,seed13,197,0.0
hpmcounter7,drift,seed13,198,0.0
hpmcounter7,drift,seed13,199,0.0
hpmcounter7,drift,seed13,200,0.0
hpmcounter7,drift,seed13,201,0.0
hpmcounter7,drift,seed13,202,0.0
hpmcounter7,drift,seed13,203,0.0
hpmcounter7,drift,seed13,204,0.0
hpmcounter7,drift,seed13,205,0.0
hpmcounter7,drift,seed13,206,0.0
hpmcounter7,drift,seed13,207,0.0
hpmcounter7,drift,seed13,208,0.0
hpmcounter7,drift,seed13,209,0.0
hpmcounter7,drift,seed13,210,0.0
hpmcounter7,drift,seed13,211,0.0
hpmcounter7,drift,seed13,212,0.0
hpmcounter7,drift,seed13,213,0.0
hpmcounter7,drift,seed13,214,0.0
hpmcounter7,drift,seed13,215,0.0
hpmcounter7,drift,seed13,216,0.0
hpmcounter7,drift,seed13,217,0.0
hpmcounter7,drift,seed13,218,0.0
hpmcounter7,drift,seed13,219,0.0
hpmcounter7,drift,seed13,220,0.0
hpmcounter7,drift,seed13,221,0.0
hpmcounter7,drift,seed13,222,0.0
hpmcounter7,drift,seed13,223,0.0
hpmcounter7,drift,seed13,224,0.0
hpmcounter7,drift,seed13,225,0.0
hpmcounter7,drift,seed13,226,0.0
hpmcounter7,drift,seed13,227,0.0
hpmcounter7,drift,seed13,228,0.0
hpmcounter7,drift,seed13,229,0.0
hpmcounter7,drift,seed13,230,0.0
hpmcounter7,drift,seed13,231,0.0
hpmcounter7,drift,seed13,232,0.0
hpmcounter7,drift,seed13,233,0.0
hpmcounter7,drift,seed13,234,0.0
hpmcounter7,drift,seed13,235,0.0
hpmcounter7,drift,seed13,236,0.0
hpmcounter7,drift,seed13,237,0.0
hpmcounter7,drift,seed13,238,0.0
hpmcounter7,drift,seed13,239,0.0
hpmcounter7,drift,seed13,240,0.0
hpmcounter7,drift,seed13,241,0.0
hpmcounter7,drift,seed13,242,0.0
hpmcounter7,drift,seed13,243,0.0
hpmcounter7,drift,seed13,244,0.0
hpmcounter7,drift,seed13,245,0.0
hpmcounter7,drift,seed13,246,0.0
hpmcounter7,drift,seed13,247,0.0
hpmcounter7,drift,seed13,248,0.0
hpmcounter7,drift,seed13,249,0.0
hpmcounter7,drift,seed13,250,0.0
hpmcounter7,drift,seed13,251,0.0
hpmcounter7,drift,seed13,252,0.0
hpmcounter7,drift,seed13,253,0.0
hpmcounter7,drift,seed13,254,0.0
hpmcounter7,drift,seed13,255,0.0
hpmcounter7,drift,seed13,256,0.0
hpmcounter7,drift,seed13,257,0.0
hpmcounter7,drift,seed13,258,0.0
hpmcounter7,drift,seed13,259,0.0
hpmcounter7,drift,seed13,260,0.0
hpmcounter7,drift,seed13,261,0.0
hpmcounter7,drift,seed13,262,0.0
hpmcounter7,drift,seed13,263,0.0
hpmcounter7,drift,seed13,264,0.0
hpmcounter7,drift,seed13,265,0.0
hpmcounter7,drift,seed13,266,0.0
hpmcounter7,drift,seed13,267,0.0
hpmcounter7,drift,seed13,268,0.0
hpmcounter7,drift,seed13,269,0.0
hpmcounter7,drift,seed13,270,0.0
hpmcounter7,drift,seed13,271,0.0
hpmcounter7,drift,seed13,272,0.0
hpmcounter7,drift,seed13,273,0.0
hpmcounter7,drift,seed13,274,0.0
hpmcounter7,drift,seed13,275,0.0
hpmcounter7,drift,seed13,276,0.0
hpmcounter7,drift,seed13,277,0.0
hpmcounter7,drift,seed13,278,0.0
hpmcounter7,drift,seed13,279,0.0
hpmcounter7,drift,seed13,280,0.0
hpmcounter7,drift,seed13,281,0.0
hpmcounter7,drift,seed13,282,0.0
hpmcounter7,drift,seed13,283,0.0
hpmcounter7,drift,seed13,284,0.0
hpmcounter7,drift,seed13,285,0.0
hpmcounter7,drift,seed13,286,0.0
hpmcounter7,drift,seed13,287,0.0
hpmcounter7,drift,seed13,288,0.0
hpmcounter7,drift,seed13,289,0.0
hpmcounter7,drift,seed13,290,0.0
hpmcounter7,drift,seed13,291,0.0
hpmcounter7,drift,seed13,292,0.0
hpmcounter7,drift,seed13,293,0.0
hpmcounter7,drift,seed13,294,0.0
hpmcounter7,drift,seed13,295,0.0
hpmcounter7,drift,seed13,296,0.0
hpmcounter7,drift,seed13,297,0.0
hpmcounter7,drift,seed13,298,0.0
hpmcounter7,drift,seed14,9,0.0
hpmcounter7,drift,seed14,10,0.0
hpmcounter7,drift,seed14,11,0.0
hpmcounter7,drift,seed14,12,0.0
hpmcounter7,drift,seed14,13,0.0
hpmcounter7,drift,seed14,14,0.0
hpmcounter7,drift,seed14,15,0.0
hpmcounter7,drift,seed14,16,0.0
hpmcounter7,drift,seed14,17,0.0
hpmcounter7,drift,seed14,18,0.0
hpmcounter7,drift,seed14,19,0.0
hpmcounter7,drift,seed14,20,0.0
hpmcounter7,drift,seed14,21,0.0
hpmcounter7,drift,seed14,22,0.0
hpmcounter7,drift,seed14,23,0.0
hpmcounter7,drift,seed14,24,0.0
hpmcounter7,drift,seed14,25,0.0
hpmcounter7,drift,seed14,26,0.0
hpmcounter7,drift,seed14,27,0.0
hpmcounter7,drift,seed14,28,0.0
hpmcounter7,drift,seed14,29,0.0
hpmcounter7,drift,seed14,30,0.0
hpmcounter7,drift,seed14,31,0.0
hpmcounter7,drift,seed14,32,0.0
hpmcounter7,drift,seed14,33,0.0
hpmcounter7,drift,seed14,34,0.0
hpmcounter7,drift,seed14,35,0.0
hpmcounter7,drift,seed14,36,0.0
hpmcounter7,drift,seed14,37,0.0
hpmcounter7,drift,seed14,38,0.0
hpmcounter7,drift,seed14,39,0.0
hpmcounter7,drift,seed14,40,0.0
hpmcounter7,drift,seed14,41,0.0
hpmcounter7,drift,seed14,42,0.0
hpmcounter7,drift,seed14,43,0.0
hpmcounter7,drift,seed14,44,0.0
hpmcounter7,drift,seed14,45,0.0
hpmcounter7,drift,seed14,46,0.0
hpmcounter7,drift,seed14,47,0.0
hpmcounter7,drift,seed14,48,0.0
hpmcounter7,drift,seed14,49,0.0
hpmcounter7,drift,seed14,50,0.0
hpmcounter7,drift,seed14,51,0.0
hpmcounter7,drift,seed14,52,0.0
hpmcounter7,drift,seed14,53,0.0
hpmcounter7,drift,seed14,54,0.0
hpmcounter7,drift,seed14,55,0.0
hpmcounter7,drift,seed14,56,0.0
hpmcounter7,drift,seed14,57,0.0
hpmcounter7,drift,seed14,58,0.0
hpmcounter7,drift,seed14,59,0.0
hpmcounter7,drift,seed14,60,0.0
hpmcounter7,drift,seed14,61,0.0
hpmcounter7,drift,seed14,62,0.0
hpmcounter7,drift,seed14,63,0.0
hpmcounter7,drift,seed14,64,0.0
hpmcounter7,drift,seed14,65,0.0
hpmcounter7,drift,seed14,66,0.0
hpmcounter7,drift,seed14,67,0.0
hpmcounter7,drift,seed14,68,0.0
hpmcounter7,drift,seed14,69,0.0
hpmcounter7,drift,seed14,70,0.0
hpmcounter7,drift,seed14,71,0.0
hpmcounter7,drift,seed14,72,0.0
hpmcounter7,drift,seed14,73,0.0
hpmcounter7,drift,seed14,74,0.0
hpmcounter7,drift,seed14,75,0.0
hpmcounter7,drift,seed14,76,0.0
hpmcounter7,drift,seed14,77,0.0
hpmcounter7,drift,seed14,78,0.0
hpmcounter7,drift,seed14,79,0.0
hpmcounter7,drift,seed14,80,0.0
hpmcounter7,drift,seed14,81,0.0
hpmcounter7,drift,seed14,82,0.0
hpmcounter7,drift,seed14,83,0.0
hpmcounter7,drift,seed14,84,0.0
hpmcounter7,drift,seed14,85,0.0
hpmcounter7,drift,seed14,86,0.0
hpmcounter7,drift,seed14,87,0.0
hpmcounter7,drift,seed14,88,0.0
hpmcounter7,drift,seed14,89,0.0
hpmcounter7,drift,seed14,90,0.0
hpmcounter7,drift,seed14,91,0.0
hpmcounter7,drift,seed14,92,0.0
hpmcounter7,drift,seed14,93,0.0
hpmcounter7,drift,seed14,94,0.0
hpmcounter7,drift,seed14,95,0.0
hpmcounter7,drift,seed14,96,0.0
hpmcounter7,drift,seed14,97,0.0
hpmcounter7,drift,seed14,98,0.0
hpmcounter7,drift,seed14,99,0.0
hpmcounter7,drift,seed14,100,0.0
hpmcounter7,drift,seed14,101,0.0
hpmcounter7,drift,seed14,102,0.0
hpmcounter7,drift,seed14,103,0.0
hpmcounter7,drift,seed14,104,0.0
hpmcounter7,drift,seed14,105,0.0
hpmcounter7,drift,seed14,106,0.0
hpmcounter7,drift,seed14,107,0.0
hpmcounter7,drift,seed14,108,0.0
hpmcounter7,drift,seed14,109,0.0
hpmcounter7,drift,seed14,110,0.0
hpmcounter7,drift,seed14,111,0.0
hpmcounter7,drift,seed14,112,0.0
hpmcounter7,drift,seed14,113,0.0
hpmcounter7,drift,seed14,114,0.0
hpmcounter7,drift,seed14,115,0.0
hpmcounter7,drift,seed14,116,0.0
hpmcounter7,drift,seed14,117,0.0
hpmcounter7,drift,seed14,118,0.0
hpmcounter7,drift,seed14,119,0.0
hpmcounter7,drift,seed14,120,0.0
hpmcounter7,drift,seed14,121,0.0
hpmcounter7,drift,seed14,122,0.0
hpmcounter7,drift,seed14,123,0.0
hpmcounter7,drift,seed14,124,0.0
hpmcounter7,drift,seed14,125,0.0
hpmcounter7,drift,seed14,126,0.0
hpmcounter7,drift,seed14,127,0.0
hpmcounter7,drift,seed14,128,0.0
hpmcounter7,drift,seed14,129,0.0
hpmcounter7,drift,seed14,130,0.0
hpmcounter7,drift,seed14,131,0.0
hpmcounter7,drift,seed14,132,0.0
hpmcounter7,drift,seed14,133,0.0
hpmcounter7,drift,seed14,134,0.0
hpmcounter7,drift,seed14,135,0.0
hpmcounter7,drift,seed14,136,0.0
hpmcounter7,drift,seed14,137,0.0
hpmcounter7,drift,seed14,138,0.0
hpmcounter7,drift,seed14,139,0.0
hpmcounter7,drift,seed14,140,0.0
hpmcounter7,drift,seed14,141,0.0
hpmcounter7,drift,seed14,142,0.0
hpmcounter7,drift,seed14,143,0.0
hpmcounter7,drift,seed14,144,0.0
hpmcounter7,drift,seed14,145,0.0
hpmcounter7,drift,seed14,146,0.0
hpmcounter7,drift,seed14,147,0.0
hpmcounter7,drift,seed14,148,0.0
hpmcounter7,drift,seed14,149,0.0
hpmcounter7,drift,seed14,150,0.0
hpmcounter7,drift,seed14,151,0.0
hpmcounter7,drift,seed14,152,0.0
hpmcounter7,drift,seed14,153,0.0
hpmcounter7,drift,seed14,154,0.0
hpmcounter7,drift,seed14,155,0.0
hpmcounter7,drift,seed14,156,0.0
hpmcounter7,drift,seed14,157,0.0
hpmcounter7,drift,seed14,158,0.0
hpmcounter7,drift,seed14,159,0.0
hpmcounter7,drift,seed14,160,0.0
hpmcounter7,drift,seed14,161,0.0
hpmcounter7,drift,seed14,162,0.0
hpmcounter7,drift,seed14,163,0.0
hpmcounter7,drift,seed14,164,0.0
hpmcounter7,drift,seed14,165,0.0
hpmcounter7,drift,seed14,166,0.0
hpmcounter7,drift,seed14,167,0.0
hpmcounter7,drift,seed14,168,0.0
hpmcounter7,drift,seed14,169,0.0
hpmcounter7,drift,seed14,170,0.0
hpmcounter7,drift,seed14,171,0.0
hpmcounter7,drift,seed14,172,0.0
hpmcounter7,drift,seed14,173,0.0
hpmcounter7,drift,seed14,174,0.0
hpmcounter7,drift,seed14,175,0.0
hpmcounter7,drift,seed14,176,0.0
hpmcounter7,drift,seed14,177,0.0
hpmcounter7,drift,seed14,178,0.0
hpmcounter7,drift,seed14,179,0.0
hpmcounter7,drift,seed14,180,0.0
hpmcounter7,drift,seed14,181,0.0
hpmcounter7,drift,seed14,182,0.0
hpmcounter7,drift,seed14,183,0.0
hpmcounter7,drift,seed14,184,0.0
hpmcounter7,drift,seed14,185,0.0
hpmcounter7,drift,seed14,186,0.0
hpmcounter7,drift,seed14,187,0.0
hpmcounter7,drift,seed14,188,0.0
hpmcounter7,drift,seed14,189,0.0
hpmcounter7,drift,seed14,190,0.0
hpmcounter7,drift,seed14,191,0.0
hpmcounter7,drift,seed14,192,0.0
hpmcounter7,drift,seed14,193,0.0
hpmcounter7,drift,seed14,194,0.0
hpmcounter7,drift,seed14,195,0.0
hpmcounter7,drift,seed14,196,0.0
hpmcounter7,drift,seed14,197,0.0
hpmcounter7,drift,seed14,198,0.0
hpmcounter7,drift,seed14,199,0.0
hpmcounter7,drift,seed14,200,0.0
hpmcounter7,drift,seed14,201,0.0
hpmcounter7,drift,seed14,202,0.0
hpmcounter7,drift,seed14,203,0.0
hpmcounter7,drift,seed14,204,0.0
hpmcounter7,drift,seed14,205,0.0
hpmcounter7,drift,seed14,206,0.0
hpmcounter7,drift,seed14,207,0.0
hpmcounter7,drift,seed14,208,0.0
hpmcounter7,drift,seed14,209,0.0
hpmcounter7,drift,seed14,210,0.0
hpmcounter7,drift,seed14,211,0.0
hpmcounter7,drift,seed14,212,0.0
hpmcounter7,drift,seed14,213,0.0
hpmcounter7,drift,seed14,214,0.0
hpmcounter7,drift,seed14,215,0.0
hpmcounter7,drift,seed14,216,0.0
hpmcounter7,drift,seed14,217,0.0
hpmcounter7,drift,seed14,218,0.0
hpmcounter7,drift,seed14,219,0.0
hpmcounter7,drift,seed14,220,0.0
hpmcounter7,drift,seed14,221,0.0
hpmcounter7,drift,seed14,222,0.0
hpmcounter7,drift,seed14,223,0.0
hpmcounter7,drift,seed14,224,0.0
hpmcounter7,drift,seed14,225,0.0
hpmcounter7,drift,seed14,226,0.0
hpmcounter7,drift,seed14,227,0.0
hpmcounter7,drift,seed14,228,0.0
hpmcounter7,drift,seed14,229,0.0
hpmcounter7,drift,seed14,230,0.0
hpmcounter7,drift,seed14,231,0.0
hpmcounter7,drift,seed14,232,0.0
hpmcounter7,drift,seed14,233,0.0
hpmcounter7,drift,seed14,234,0.0
hpmcounter7,drift,seed14,235,0.0
hpmcounter7,drift,seed14,236,0.0
hpmcounter7,drift,seed14,237,0.0
hpmcounter7,drift,seed14,238,0.0
hpmcounter7,drift,seed14,239,0.0
hpmcounter7,drift,seed14,240,0.0
hpmcounter7,drift,seed14,241,0.0
hpmcounter7,drift,seed14,242,0.0
hpmcounter7,drift,seed14,243,0.0
hpmcounter7,drift,seed14,244,0.0
hpmcounter7,drift,seed14,245,0.0
hpmcounter7,drift,seed14,246,0.0
hpmcounter7,drift,seed14,247,0.0
hpmcounter7,drift,seed14,248,0.0
hpmcounter7,drift,seed14,249,0.0
hpmcounter7,drift,seed14,250,0.0
hpmcounter7,drift,seed14,251,0.0
hpmcounter7,drift,seed14,252,0.0
hpmcounter7,drift,seed14,253,0.0
hpmcounter7,drift,seed14,254,0.0
hpmcounter7,drift,seed14,255,0.0
hpmcounter7,drift,seed14,256,0.0
hpmcounter7,drift,seed14,257,0.0
hpmcounter7,drift,seed14,258,0.0
hpmcounter7,drift,seed14,259,0.0
hpmcounter7,drift,seed14,260,0.0
hpmcounter7,drift,seed14,261,0.0
hpmcounter7,drift,seed14,262,0.0
hpmcounter7,drift,seed14,263,0.0
hpmcounter7,drift,seed14,264,0.0
hpmcounter7,drift,seed14,265,0.0
hpmcounter7,drift,seed14,266,0.0
hpmcounter7,drift,seed14,267,0.0
hpmcounter7,drift,seed14,268,0.0
hpmcounter7,drift,seed14,269,0.0
hpmcounter7,drift,seed14,270,0.0
hpmcounter7,drift,seed14,271,0.0
hpmcounter7,drift,seed14,272,0.0
hpmcounter7,drift,seed14,273,0.0
hpmcounter7,drift,seed14,274,0.0
hpmcounter7,drift,seed14,275,0.0
hpmcounter7,drift,seed14,276,0.0
hpmcounter7,drift,seed14,277,0.0
hpmcounter7,drift,seed14,278,0.0
hpmcounter7,drift,seed14,279,0.0
hpmcounter7,drift,seed14,280,0.0
hpmcounter7,drift,seed14,281,0.0
hpmcounter7,drift,seed14,282,0.0
hpmcounter7,drift,seed14,283,0.0
hpmcounter7,drift,seed14,284,0.0
hpmcounter7,drift,seed14,285,0.0
hpmcounter7,drift,seed14,286,0.0
hpmcounter7,drift,seed14,287,0.0
hpmcounter7,drift,seed14,288,0.0
hpmcounter7,drift,seed14,289,0.0
hpmcounter7,drift,seed14,290,0.0
hpmcounter7,drift,seed14,291,0.0
hpmcounter7,drift,seed14,292,0.0
hpmcounter7,drift,seed14,293,0.0
hpmcounter7,drift,seed14,294,0.0
hpmcounter7,drift,seed14,295,0.0
hpmcounter7,drift,seed14,296,0.0
hpmcounter7,drift,seed14,297,0.0
hpmcounter7,drift,seed14,298,0.0
hpmcounter7,drift,seed15,9,0.0
hpmcounter7,drift,seed15,10,0.0
hpmcounter7,drift,seed15,11,0.0
hpmcounter7,drift,seed15,12,0.0
hpmcounter7,drift,seed15,13,0.0
hpmcounter7,drift,seed15,14,0.0
hpmcounter7,drift,seed15,15,0.0
hpmcounter7,drift,seed15,16,0.0
hpmcounter7,drift,seed15,17,0.0
hpmcounter7,drift,seed15,18,0.0
hpmcounter7,drift,seed15,19,0.0
hpmcounter7,drift,seed15,20,0.0
hpmcounter7,drift,seed15,21,0.0
hpmcounter7,drift,seed15,22,0.0
hpmcounter7,drift,seed15,23,0.0
hpmcounter7,drift,seed15,24,0.0
hpmcounter7,drift,seed15,25,0.0
hpmcounter7,drift,seed15,26,0.0
hpmcounter7,drift,seed15,27,0.0
hpmcounter7,drift,seed15,28,0.0
hpmcounter7,drift,seed15,29,0.0
hpmcounter7,drift,seed15,30,0.0
hpmcounter7,drift,seed15,31,0.0
hpmcounter7,drift,seed15,32,0.0
hpmcounter7,drift,seed15,33,0.0
hpmcounter7,drift,seed15,34,0.0
hpmcounter7,drift,seed15,35,0.0
hpmcounter7,drift,seed15,36,0.0
hpmcounter7,drift,seed15,37,0.0
hpmcounter7,drift,seed15,38,0.0
hpmcounter7,drift,seed15,39,0.0
hpmcounter7,drift,seed15,40,0.0
hpmcounter7,drift,seed15,41,0.0
hpmcounter7,drift,seed15,42,0.0
hpmcounter7,drift,seed15,43,0.0
hpmcounter7,drift,seed15,44,0.0
hpmcounter7,drift,seed15,45,0.0
hpmcounter7,drift,seed15,46,0.0
hpmcounter7,drift,seed15,47,0.0
hpmcounter7,drift,seed15,48,0.0
hpmcounter7,drift,seed15,49,0.0
hpmcounter7,drift,seed15,50,0.0
hpmcounter7,drift,seed15,51,0.0
hpmcounter7,drift,seed15,52,0.0
hpmcounter7,drift,seed15,53,0.0
hpmcounter7,drift,seed15,54,0.0
hpmcounter7,drift,seed15,55,0.0
hpmcounter7,drift,seed15,56,0.0
hpmcounter7,drift,seed15,57,0.0
hpmcounter7,drift,seed15,58,0.0
hpmcounter7,drift,seed15,59,0.0
hpmcounter7,drift,seed15,60,0.0
hpmcounter7,drift,seed15,61,0.0
hpmcounter7,drift,seed15,62,0.0
hpmcounter7,drift,seed15,63,0.0
hpmcounter7,drift,seed15,64,0.0
hpmcounter7,drift,seed15,65,0.0
hpmcounter7,drift,seed15,66,0.0
hpmcounter7,drift,seed15,67,0.0
hpmcounter7,drift,seed15,68,0.0
hpmcounter7,drift,seed15,69,0.0
hpmcounter7,drift,seed15,70,0.0
hpmcounter7,drift,seed15,71,0.0
hpmcounter7,drift,seed15,72,0.0
hpmcounter7,drift,seed15,73,0.0
hpmcounter7,drift,seed15,74,0.0
hpmcounter7,drift,seed15,75,0.0
hpmcounter7,drift,seed15,76,0.0
hpmcounter7,drift,seed15,77,0.0
hpmcounter7,drift,seed15,78,0.0
hpmcounter7,drift,seed15,79,0.0
hpmcounter7,drift,seed15,80,0.0
hpmcounter7,drift,seed15,81,0.0
hpmcounter7,drift,seed15,82,0.0
hpmcounter7,drift,seed15,83,0.0
hpmcounter7,drift,seed15,84,0.0
hpmcounter7,drift,seed15,85,0.0
hpmcounter7,drift,seed15,86,0.0
hpmcounter7,drift,seed15,87,0.0
hpmcounter7,drift,seed15,88,0.0
hpmcounter7,drift,seed15,89,0.0
hpmcounter7,drift,seed15,90,0.0
hpmcounter7,drift,seed15,91,0.0
hpmcounter7,drift,seed15,92,0.0
hpmcounter7,drift,seed15,93,0.0
hpmcounter7,drift,seed15,94,0.0
hpmcounter7,drift,seed15,95,0.0
hpmcounter7,drift,seed15,96,0.0
hpmcounter7,drift,seed15,97,0.0
hpmcounter7,drift,seed15,98,0.0
hpmcounter7,drift,seed15,99,0.0
hpmcounter7,drift,seed15,100,0.0
hpmcounter7,drift,seed15,101,0.0
hpmcounter7,drift,seed15,102,0.0
hpmcounter7,drift,seed15,103,0.0
hpmcounter7,drift,seed15,104,0.0
hpmcounter7,drift,seed15,105,0.0
hpmcounter7,drift,seed15,106,0.0
hpmcounter7,drift,seed15,107,0.0
hpmcounter7,drift,seed15,108,0.0
hpmcounter7,drift,seed15,109,0.0
hpmcounter7,drift,seed15,110,0.0
hpmcounter7,drift,seed15,111,0.0
hpmcounter7,drift,seed15,112,0.0
hpmcounter7,drift,seed15,113,0.0
hpmcounter7,drift,seed15,114,0.0
hpmcounter7,drift,seed15,115,0.0
hpmcounter7,drift,seed15,116,0.0
hpmcounter7,drift,seed15,117,0.0
hpmcounter7,drift,seed15,118,0.0
hpmcounter7,drift,seed15,119,0.0
hpmcounter7,drift,seed15,120,0.0
hpmcounter7,drift,seed15,121,0.0
hpmcounter7,drift,seed15,122,0.0
hpmcounter7,drift,seed15,123,0.0
hpmcounter7,drift,seed15,124,0.0
hpmcounter7,drift,seed15,125,0.0
hpmcounter7,drift,seed15,126,0.0
hpmcounter7,drift,seed15,127,0.0
hpmcounter7,drift,seed15,128,0.0
hpmcounter7,drift,seed15,129,0.0
hpmcounter7,drift,seed15,130,0.0
hpmcounter7,drift,seed15,131,0.0
hpmcounter7,drift,seed15,132,0.0
hpmcounter7,drift,seed15,133,0.0
hpmcounter7,drift,seed15,134,0.0
hpmcounter7,drift,seed15,135,0.0
hpmcounter7,drift,seed15,136,0.0
hpmcounter7,drift,seed15,137,0.0
hpmcounter7,drift,seed15,138,0.0
hpmcounter7,drift,seed15,139,0.0
hpmcounter7,drift,seed15,140,0.0
hpmcounter7,drift,seed15,141,0.0
hpmcounter7,drift,seed15,142,0.0
hpmcounter7,drift,seed15,143,0.0
hpmcounter7,drift,seed15,144,0.0
hpmcounter7,drift,seed15,145,0.0
hpmcounter7,drift,seed15,146,0.0
hpmcounter7,drift,seed15,147,0.0
hpmcounter7,drift,seed15,148,0.0
hpmcounter7,drift,seed15,149,0.0
hpmcounter7,drift,seed15,150,0.0
hpmcounter7,drift,seed15,151,0.0
hpmcounter7,drift,seed15,152,0.0
hpmcounter7,drift,seed15,153,0.0
hpmcounter7,drift,seed15,154,0.0
hpmcounter7,drift,seed15,155,0.0
hpmcounter7,drift,seed15,156,0.0
hpmcounter7,drift,seed15,157,0.0
hpmcounter7,drift,seed15,158,0.0
hpmcounter7,drift,seed15,159,0.0
hpmcounter7,drift,seed15,160,0.0
hpmcounter7,drift,seed15,161,0.0
hpmcounter7,drift,seed15,162,0.0
hpmcounter7,drift,seed15,163,0.0
hpmcounter7,drift,seed15,164,0.0
hpmcounter7,drift,seed15,165,0.0
hpmcounter7,drift,seed15,166,0.0
hpmcounter7,drift,seed15,167,0.0
hpmcounter7,drift,seed15,168,0.0
hpmcounter7,drift,seed15,169,0.0
hpmcounter7,drift,seed15,170,0.0
hpmcounter7,drift,seed15,171,0.0
hpmcounter7,drift,seed15,172,0.0
hpmcounter7,drift,seed15,173,0.0
hpmcounter7,drift,seed15,174,0.0
hpmcounter7,drift,seed15,175,0.0
hpmcounter7,drift,seed15,176,0.0
hpmcounter7,drift,seed15,177,0.0
hpmcounter7,drift,seed15,178,0.0
hpmcounter7,drift,seed15,179,0.0
hpmcounter7,drift,seed15,180,0.0
hpmcounter7,drift,seed15,181,0.0
hpmcounter7,drift,seed15,182,0.0
hpmcounter7,drift,seed15,183,0.0
hpmcounter7,drift,seed15,184,0.0
hpmcounter7,drift,seed15,185,0.0
hpmcounter7,drift,seed15,186,0.0
hpmcounter7,drift,seed15,187,0.0
hpmcounter7,drift,seed15,188,0.0
hpmcounter7,drift,seed15,189,0.0
hpmcounter7,drift,seed15,190,0.0
hpmcounter7,drift,seed15,191,0.0
hpmcounter7,drift,seed15,192,0.0
hpmcounter7,drift,seed15,193,0.0
hpmcounter7,drift,seed15,194,0.0
hpmcounter7,drift,seed15,195,0.0
hpmcounter7,drift,seed15,196,0.0
hpmcounter7,drift,seed15,197,0.0
hpmcounter7,drift,seed15,198,0.0
hpmcounter7,drift,seed15,199,0.0
hpmcounter7,drift,seed15,200,0.0
hpmcounter7,drift,seed15,201,0.0
hpmcounter7,drift,seed15,202,0.0
hpmcounter7,drift,seed15,203,0.0
hpmcounter7,drift,seed15,204,0.0
hpmcounter7,drift,seed15,205,0.0
hpmcounter7,drift,seed15,206,0.0
hpmcounter7,drift,seed15,207,0.0
hpmcounter7,drift,seed15,208,0.0
hpmcounter7,drift,seed15,209,0.0
hpmcounter7,drift,seed15,210,0.0
hpmcounter7,drift,seed15,211,0.0
hpmcounter7,drift,seed15,212,0.0
hpmcounter7,drift,seed15,213,0.0
hpmcounter7,drift,seed15,214,0.0
hpmcounter7,drift,seed15,215,0.0
hpmcounter7,drift,seed15,216,0.0
hpmcounter7,drift,seed15,217,0.0
hpmcounter7,drift,seed15,218,0.0
hpmcounter7,drift,seed15,219,0.0
hpmcounter7,drift,seed15,220,0.0
hpmcounter7,drift,seed15,221,0.0
hpmcounter7,drift,seed15,222,0.0
hpmcounter7,drift,seed15,223,0.0
hpmcounter7,drift,seed15,224,0.0
hpmcounter7,drift,seed15,225,0.0
hpmcounter7,drift,seed15,226,0.0
hpmcounter7,drift,seed15,227,0.0
hpmcounter7,drift,seed15,228,0.0
hpmcounter7,drift,seed15,229,0.0
hpmcounter7,drift,seed15,230,0.0
hpmcounter7,drift,seed15,231,0.0
hpmcounter7,drift,seed15,232,0.0
hpmcounter7,drift,seed15,233,0.0
hpmcounter7,drift,seed15,234,0.0
hpmcounter7,drift,seed15,235,0.0
hpmcounter7,drift,seed15,236,0.0
hpmcounter7,drift,seed15,237,0.0
hpmcounter7,drift,seed15,238,0.0
hpmcounter7,drift,seed15,239,0.0
hpmcounter7,drift,seed15,240,0.0
hpmcounter7,drift,seed15,241,0.0
hpmcounter7,drift,seed15,242,0.0
hpmcounter7,drift,seed15,243,0.0
hpmcounter7,drift,seed15,244,0.0
hpmcounter7,drift,seed15,245,0.0
hpmcounter7,drift,seed15,246,0.0
hpmcounter7,drift,seed15,247,0.0
hpmcounter7,drift,seed15,248,0.0
hpmcounter7,drift,seed15,249,0.0
hpmcounter7,drift,seed15,250,0.0
hpmcounter7,drift,seed15,251,0.0
hpmcounter7,drift,seed15,252,0.0
hpmcounter7,drift,seed15,253,0.0
hpmcounter7,drift,seed15,254,0.0
hpmcounter7,drift,seed15,255,0.0
hpmcounter7,drift,seed15,256,0.0
hpmcounter7,drift,seed15,257,0.0
hpmcounter7,drift,seed15,258,0.0
hpmcounter7,drift,seed15,259,0.0
hpmcounter7,drift,seed15,260,0.0
hpmcounter7,drift,seed15,261,0.0
hpmcounter7,drift,seed15,262,0.0
hpmcounter7,drift,seed15,263,0.0
hpmcounter7,drift,seed15,264,0.0
hpmcounter7,drift,seed15,265,0.0
hpmcounter7,drift,seed15,266,0.0
hpmcounter7,drift,seed15,267,0.0
hpmcounter7,drift,seed15,268,0.0
hpmcounter7,drift,seed15,269,0.0
hpmcounter7,drift,seed15,270,0.0
hpmcounter7,drift,seed15,271,0.0
hpmcounter7,drift,seed15,272,0.0
hpmcounter7,drift,seed15,273,0.0
hpmcounter7,drift,seed15,274,0.0
hpmcounter7,drift,seed15,275,0.0
hpmcounter7,drift,seed15,276,0.0
hpmcounter7,drift,seed15,277,0.0
hpmcounter7,drift,seed15,278,0.0
hpmcounter7,drift,seed15,279,0.0
hpmcounter7,drift,seed15,280,0.0
hpmcounter7,drift,seed15,281,0.0
hpmcounter7,drift,seed15,282,0.0
hpmcounter7,drift,seed15,283,0.0
hpmcounter7,drift,seed15,284,0.0
hpmcounter7,drift,seed15,285,0.0
hpmcounter7,drift,seed15,286,0.0
hpmcounter7,drift,seed15,287,0.0
hpmcounter7,drift,seed15,288,0.0
hpmcounter7,drift,seed15,289,0.0
hpmcounter7,drift,seed15,290,0.0
hpmcounter7,drift,seed15,291,0.0
hpmcounter7,drift,seed15,292,0.0
hpmcounter7,drift,seed15,293,0.0
hpmcounter7,drift,seed15,294,0.0
hpmcounter7,drift,seed15,295,0.0
hpmcounter7,drift,seed15,296,0.0
hpmcounter7,drift,seed15,297,0.0
hpmcounter7,drift,seed15,298,0.0
hpmcounter7,drift,seed16,9,0.0
hpmcounter7,drift,seed16,10,0.0
hpmcounter7,drift,seed16,11,0.0
hpmcounter7,drift,seed16,12,0.0
hpmcounter7,drift,seed16,13,0.0
hpmcounter7,drift,seed16,14,0.0
hpmcounter7,drift,seed16,15,0.0
hpmcounter7,drift,seed16,16,0.0
hpmcounter7,drift,seed16,17,0.0
hpmcounter7,drift,seed16,18,0.0
hpmcounter7,drift,seed16,19,0.0
hpmcounter7,drift,seed16,20,0.0
hpmcounter7,drift,seed16,21,0.0
hpmcounter7,drift,seed16,22,0.0
hpmcounter7,drift,seed16,23,0.0
hpmcounter7,drift,seed16,24,0.0
hpmcounter7,drift,seed16,25,0.0
hpmcounter7,drift,seed16,26,0.0
hpmcounter7,drift,seed16,27,0.0
hpmcounter7,drift,seed16,28,0.0
hpmcounter7,drift,seed16,29,0.0
hpmcounter7,drift,seed16,30,0.0
hpmcounter7,drift,seed16,31,0.0
hpmcounter7,drift,seed16,32,0.0
hpmcounter7,drift,seed16,33,0.0
hpmcounter7,drift,seed16,34,0.0
hpmcounter7,drift,seed16,35,0.0
hpmcounter7,drift,seed16,36,0.0
hpmcounter7,drift,seed16,37,0.0
hpmcounter7,drift,seed16,38,0.0
hpmcounter7,drift,seed16,39,0.0
hpmcounter7,drift,seed16,40,0.0
hpmcounter7,drift,seed16,41,0.0
hpmcounter7,drift,seed16,42,0.0
hpmcounter7,drift,seed16,43,0.0
hpmcounter7,drift,seed16,44,0.0
hpmcounter7,drift,seed16,45,0.0
hpmcounter7,drift,seed16,46,0.0
hpmcounter7,drift,seed16,47,0.0
hpmcounter7,drift,seed16,48,0.0
hpmcounter7,drift,seed16,49,0.0
hpmcounter7,drift,seed16,50,0.0
hpmcounter7,drift,seed16,51,0.0
hpmcounter7,drift,seed16,52,0.0
hpmcounter7,drift,seed16,53,0.0
hpmcounter7,drift,seed16,54,0.0
hpmcounter7,drift,seed16,55,0.0
hpmcounter7,drift,seed16,56,0.0
hpmcounter7,drift,seed16,57,0.0
hpmcounter7,drift,seed16,58,0.0
hpmcounter7,drift,seed16,59,0.0
hpmcounter7,drift,seed16,60,0.0
hpmcounter7,drift,seed16,61,0.0
hpmcounter7,drift,seed16,62,0.0
hpmcounter7,drift,seed16,63,0.0
hpmcounter7,drift,seed16,64,0.0
hpmcounter7,drift,seed16,65,0.0
hpmcounter7,drift,seed16,66,0.0
hpmcounter7,drift,seed16,67,0.0
hpmcounter7,drift,seed16,68,0.0
hpmcounter7,drift,seed16,69,0.0
hpmcounter7,drift,seed16,70,0.0
hpmcounter7,drift,seed16,71,0.0
hpmcounter7,drift,seed16,72,0.0
hpmcounter7,drift,seed16,73,0.0
hpmcounter7,drift,seed16,74,0.0
hpmcounter7,drift,seed16,75,0.0
hpmcounter7,drift,seed16,76,0.0
hpmcounter7,drift,seed16,77,0.0
hpmcounter7,drift,seed16,78,0.0
hpmcounter7,drift,seed16,79,0.0
hpmcounter7,drift,seed16,80,0.0
hpmcounter7,drift,seed16,81,0.0
hpmcounter7,drift,seed16,82,0.0
hpmcounter7,drift,seed16,83,0.0
hpmcounter7,drift,seed16,84,0.0
hpmcounter7,drift,seed16,85,0.0
hpmcounter7,drift,seed16,86,0.0
hpmcounter7,drift,seed16,87,0.0
hpmcounter7,drift,seed16,88,0.0
hpmcounter7,drift,seed16,89,0.0
hpmcounter7,drift,seed16,90,0.0
hpmcounter7,drift,seed16,91,0.0
hpmcounter7,drift,seed16,92,0.0
hpmcounter7,drift,seed16,93,0.0
hpmcounter7,drift,seed16,94,0.0
hpmcounter7,drift,seed16,95,0.0
hpmcounter7,drift,seed16,96,0.0
hpmcounter7,drift,seed16,97,0.0
hpmcounter7,drift,seed16,98,0.0
hpmcounter7,drift,seed16,99,0.0
hpmcounter7,drift,seed16,100,0.0
hpmcounter7,drift,seed16,101,0.0
hpmcounter7,drift,seed16,102,0.0
hpmcounter7,drift,seed16,103,0.0
hpmcounter7,drift,seed16,104,0.0
hpmcounter7,drift,seed16,105,0.0
hpmcounter7,drift,seed16,106,0.0
hpmcounter7,drift,seed16,107,0.0
hpmcounter7,drift,seed16,108,0.0
hpmcounter7,drift,seed16,109,0.0
hpmcounter7,drift,seed16,110,0.0
hpmcounter7,drift,seed16,111,0.0
hpmcounter7,drift,seed16,112,0.0
hpmcounter7,drift,seed16,113,0.0
hpmcounter7,drift,seed16,114,0.0
hpmcounter7,drift,seed16,115,0.0
hpmcounter7,drift,seed16,116,0.0
hpmcounter7,drift,seed16,117,0.0
hpmcounter7,drift,seed16,118,0.0
hpmcounter7,drift,seed16,119,0.0
hpmcounter7,drift,seed16,120,0.0
hpmcounter7,drift,seed16,121,0.0
hpmcounter7,drift,seed16,122,0.0
hpmcounter7,drift,seed16,123,0.0
hpmcounter7,drift,seed16,124,0.0
hpmcounter7,drift,seed16,125,0.0
hpmcounter7,drift,seed16,126,0.0
hpmcounter7,drift,seed16,127,0.0
hpmcounter7,drift,seed16,128,0.0
hpmcounter7,drift,seed16,129,0.0
hpmcounter7,drift,seed16,130,0.0
hpmcounter7,drift,seed16,131,0.0
hpmcounter7,drift,seed16,132,0.0
hpmcounter7,drift,seed16,133,0.0
hpmcounter7,drift,seed16,134,0.0
hpmcounter7,drift,seed16,135,0.0
hpmcounter7,drift,seed16,136,0.0
hpmcounter7,drift,seed16,137,0.0
hpmcounter7,drift,seed16,138,0.0
hpmcounter7,drift,seed16,139,0.0
hpmcounter7,drift,seed16,140,0.0
hpmcounter7,drift,seed16,141,0.0
hpmcounter7,drift,seed16,142,0.0
hpmcounter7,drift,seed16,143,0.0
hpmcounter7,drift,seed16,144,0.0
hpmcounter7,drift,seed16,145,0.0
hpmcounter7,drift,seed16,146,0.0
hpmcounter7,drift,seed16,147,0.0
hpmcounter7,drift,seed16,148,0.0
hpmcounter7,drift,seed16,149,0.0
hpmcounter7,drift,seed16,150,0.0
hpmcounter7,drift,seed16,151,0.0
hpmcounter7,drift,seed16,152,0.0
hpmcounter7,drift,seed16,153,0.0
hpmcounter7,drift,seed16,154,0.0
hpmcounter7,drift,seed16,155,0.0
hpmcounter7,drift,seed16,156,0.0
hpmcounter7,drift,seed16,157,0.0
hpmcounter7,drift,seed16,158,0.0
hpmcounter7,drift,seed16,159,0.0
hpmcounter7,drift,seed16,160,0.0
hpmcounter7,drift,seed16,161,0.0
hpmcounter7,drift,seed16,162,0.0
hpmcounter7,drift,seed16,163,0.0
hpmcounter7,drift,seed16,164,0.0
hpmcounter7,drift,seed16,165,0.0
hpmcounter7,drift,seed16,166,0.0
hpmcounter7,drift,seed16,167,0.0
hpmcounter7,drift,seed16,168,0.0
hpmcounter7,drift,seed16,169,0.0
hpmcounter7,drift,seed16,170,0.0
hpmcounter7,drift,seed16,171,0.0
hpmcounter7,drift,seed16,172,0.0
hpmcounter7,drift,seed16,173,0.0
hpmcounter7,drift,seed16,174,0.0
hpmcounter7,drift,seed16,175,0.0
hpmcounter7,drift,seed16,176,0.0
hpmcounter7,drift,seed16,177,0.0
hpmcounter7,drift,seed16,178,0.0
hpmcounter7,drift,seed16,179,0.0
hpmcounter7,drift,seed16,180,0.0
hpmcounter7,drift,seed16,181,0.0
hpmcounter7,drift,seed16,182,0.0
hpmcounter7,drift,seed16,183,0.0
hpmcounter7,drift,seed16,184,0.0
hpmcounter7,drift,seed16,185,0.0
hpmcounter7,drift,seed16,186,0.0
hpmcounter7,drift,seed16,187,0.0
hpmcounter7,drift,seed16,188,0.0
hpmcounter7,drift,seed16,189,0.0
hpmcounter7,drift,seed16,190,0.0
hpmcounter7,drift,seed16,191,0.0
hpmcounter7,drift,seed16,192,0.0
hpmcounter7,drift,seed16,193,0.0
hpmcounter7,drift,seed16,194,0.0
hpmcounter7,drift,seed16,195,0.0
hpmcounter7,drift,seed16,196,0.0
hpmcounter7,drift,seed16,197,0.0
hpmcounter7,drift,seed16,198,0.0
hpmcounter7,drift,seed16,199,0.0
hpmcounter7,drift,seed16,200,0.0
hpmcounter7,drift,seed16,201,0.0
hpmcounter7,drift,seed16,202,0.0
hpmcounter7,drift,seed16,203,0.0
hpmcounter7,drift,seed16,204,0.0
hpmcounter7,drift,seed16,205,0.0
hpmcounter7,drift,seed16,206,0.0
hpmcounter7,drift,seed16,207,0.0
hpmcounter7,drift,seed16,208,0.0
hpmcounter7,drift,seed16,209,0.0
hpmcounter7,drift,seed16,210,0.0
hpmcounter7,drift,seed16,211,0.0
hpmcounter7,drift,seed16,212,0.0
hpmcounter7,drift,seed16,213,0.0
hpmcounter7,drift,seed16,214,0.0
hpmcounter7,drift,seed16,215,0.0
hpmcounter7,drift,seed16,216,0.0
hpmcounter7,drift,seed16,217,0.0
hpmcounter7,drift,seed16,218,0.0
hpmcounter7,drift,seed16,219,0.0
hpmcounter7,drift,seed16,220,0.0
hpmcounter7,drift,seed16,221,0.0
hpmcounter7,drift,seed16,222,0.0
hpmcounter7,drift,seed16,223,0.0
hpmcounter7,drift,seed16,224,0.0
hpmcounter7,drift,seed16,225,0.0
hpmcounter7,drift,seed16,226,0.0
hpmcounter7,drift,seed16,227,0.0
hpmcounter7,drift,seed16,228,0.0
hpmcounter7,drift,seed16,229,0.0
hpmcounter7,drift,seed16,230,0.0
hpmcounter7,drift,seed16,231,0.0
hpmcounter7,drift,seed16,232,0.0
hpmcounter7,drift,seed16,233,0.0
hpmcounter7,drift,seed16,234,0.0
hpmcounter7,drift,seed16,235,0.0
hpmcounter7,drift,seed16,236,0.0
hpmcounter7,drift,seed16,237,0.0
hpmcounter7,drift,seed16,238,0.0
hpmcounter7,drift,seed16,239,0.0
hpmcounter7,drift,seed16,240,0.0
hpmcounter7,drift,seed16,241,0.0
hpmcounter7,drift,seed16,242,0.0
hpmcounter7,drift,seed16,243,0.0
hpmcounter7,drift,seed16,244,0.0
hpmcounter7,drift,seed16,245,0.0
hpmcounter7,drift,seed16,246,0.0
hpmcounter7,drift,seed16,247,0.0
hpmcounter7,drift,seed16,248,0.0
hpmcounter7,drift,seed16,249,0.0
hpmcounter7,drift,seed16,250,0.0
hpmcounter7,drift,seed16,251,0.0
hpmcounter7,drift,seed16,252,0.0
hpmcounter7,drift,seed16,253,0.0
hpmcounter7,drift,seed16,254,0.0
hpmcounter7,drift,seed16,255,0.0
hpmcounter7,drift,seed16,256,0.0
hpmcounter7,drift,seed16,257,0.0
hpmcounter7,drift,seed16,258,0.0
hpmcounter7,drift,seed16,259,0.0
hpmcounter7,drift,seed16,260,0.0
hpmcounter7,drift,seed16,261,0.0
hpmcounter7,drift,seed16,262,0.0
hpmcounter7,drift,seed16,263,0.0
hpmcounter7,drift,seed16,264,0.0
hpmcounter7,drift,seed16,265,0.0
hpmcounter7,drift,seed16,266,0.0
hpmcounter7,drift,seed16,267,0.0
hpmcounter7,drift,seed16,268,0.0
hpmcounter7,drift,seed16,269,0.0
hpmcounter7,drift,seed16,270,0.0
hpmcounter7,drift,seed16,271,0.0
hpmcounter7,drift,seed16,272,0.0
hpmcounter7,drift,seed16,273,0.0
hpmcounter7,drift,seed16,274,0.0
hpmcounter7,drift,seed16,275,0.0
hpmcounter7,drift,seed16,276,0.0
hpmcounter7,drift,seed16,277,0.0
hpmcounter7,drift,seed16,278,0.0
hpmcounter7,drift,seed16,279,0.0
hpmcounter7,drift,seed16,280,0.0
hpmcounter7,drift,seed16,281,0.0
hpmcounter7,drift,seed16,282,0.0
hpmcounter7,drift,seed16,283,0.0
hpmcounter7,drift,seed16,284,0.0
hpmcounter7,drift,seed16,285,0.0
hpmcounter7,drift,seed16,286,0.0
hpmcounter7,drift,seed16,287,0.0
hpmcounter7,drift,seed16,288,0.0
hpmcounter7,drift,seed16,289,0.0
hpmcounter7,drift,seed16,290,0.0
hpmcounter7,drift,seed16,291,0.0
hpmcounter7,drift,seed16,292,0.0
hpmcounter7,drift,seed16,293,0.0
hpmcounter7,drift,seed16,294,0.0
hpmcounter7,drift,seed16,295,0.0
hpmcounter7,drift,seed16,296,0.0
hpmcounter7,drift,seed16,297,0.0
hpmcounter7,drift,seed16,298,0.0
hpmcounter7,drift,seed17,9,0.0
hpmcounter7,drift,seed17,10,0.0
hpmcounter7,drift,seed17,11,0.0
hpmcounter7,drift,seed17,12,0.0
hpmcounter7,drift,seed17,13,0.0
hpmcounter7,drift,seed17,14,0.0
hpmcounter7,drift,seed17,15,0.0
hpmcounter7,drift,seed17,16,0.0
hpmcounter7,drift,seed17,17,0.0
hpmcounter7,drift,seed17,18,0.0
hpmcounter7,drift,seed17,19,0.0
hpmcounter7,drift,seed17,20,0.0
hpmcounter7,drift,seed17,21,0.0
hpmcounter7,drift,seed17,22,0.0
hpmcounter7,drift,seed17,23,0.0
hpmcounter7,drift,seed17,24,0.0
hpmcounter7,drift,seed17,25,0.0
hpmcounter7,drift,seed17,26,0.0
hpmcounter7,drift,seed17,27,0.0
hpmcounter7,drift,seed17,28,0.0
hpmcounter7,drift,seed17,29,0.0
hpmcounter7,drift,seed17,30,0.0
hpmcounter7,drift,seed17,31,0.0
hpmcounter7,drift,seed17,32,0.0
hpmcounter7,drift,seed17,33,0.0
hpmcounter7,drift,seed17,34,0.0
hpmcounter7,drift,seed17,35,0.0
hpmcounter7,drift,seed17,36,0.0
hpmcounter7,drift,seed17,37,0.0
hpmcounter7,drift,seed17,38,0.0
hpmcounter7,drift,seed17,39,0.0
hpmcounter7,drift,seed17,40,0.0
hpmcounter7,drift,seed17,41,0.0
hpmcounter7,drift,seed17,42,0.0
hpmcounter7,drift,seed17,43,0.0
hpmcounter7,drift,seed17,44,0.0
hpmcounter7,drift,seed17,45,0.0
hpmcounter7,drift,seed17,46,0.0
hpmcounter7,drift,seed17,47,0.0
hpmcounter7,drift,seed17,48,0.0
hpmcounter7,drift,seed17,49,0.0
hpmcounter7,drift,seed17,50,0.0
hpmcounter7,drift,seed17,51,0.0
hpmcounter7,drift,seed17,52,0.0
hpmcounter7,drift,seed17,53,0.0
hpmcounter7,drift,seed17,54,0.0
hpmcounter7,drift,seed17,55,0.0
hpmcounter7,drift,seed17,56,0.0
hpmcounter7,drift,seed17,57,0.0
hpmcounter7,drift,seed17,58,0.0
hpmcounter7,drift,seed17,59,0.0
hpmcounter7,drift,seed17,60,0.0
hpmcounter7,drift,seed17,61,0.0
hpmcounter7,drift,seed17,62,0.0
hpmcounter7,drift,seed17,63,0.0
hpmcounter7,drift,seed17,64,0.0
hpmcounter7,drift,seed17,65,0.0
hpmcounter7,drift,seed17,66,0.0
hpmcounter7,drift,seed17,67,0.0
hpmcounter7,drift,seed17,68,0.0
hpmcounter7,drift,seed17,69,0.0
hpmcounter7,drift,seed17,70,0.0
hpmcounter7,drift,seed17,71,0.0
hpmcounter7,drift,seed17,72,0.0
hpmcounter7,drift,seed17,73,0.0
hpmcounter7,drift,seed17,74,0.0
hpmcounter7,drift,seed17,75,0.0
hpmcounter7,drift,seed17,76,0.0
hpmcounter7,drift,seed17,77,0.0
hpmcounter7,drift,seed17,78,0.0
hpmcounter7,drift,seed17,79,0.0
hpmcounter7,drift,seed17,80,0.0
hpmcounter7,drift,seed17,81,0.0
hpmcounter7,drift,seed17,82,0.0
hpmcounter7,drift,seed17,83,0.0
hpmcounter7,drift,seed17,84,0.0
hpmcounter7,drift,seed17,85,0.0
hpmcounter7,drift,seed17,86,0.0
hpmcounter7,drift,seed17,87,0.0
hpmcounter7,drift,seed17,88,0.0
hpmcounter7,drift,seed17,89,0.0
hpmcounter7,drift,seed17,90,0.0
hpmcounter7,drift,seed17,91,0.0
hpmcounter7,drift,seed17,92,0.0
hpmcounter7,drift,seed17,93,0.0
hpmcounter7,drift,seed17,94,0.0
hpmcounter7,drift,seed17,95,0.0
hpmcounter7,drift,seed17,96,0.0
hpmcounter7,drift,seed17,97,0.0
hpmcounter7,drift,seed17,98,0.0
hpmcounter7,drift,seed17,99,0.0
hpmcounter7,drift,seed17,100,0.0
hpmcounter7,drift,seed17,101,0.0
hpmcounter7,drift,seed17,102,0.0
hpmcounter7,drift,seed17,103,0.0
hpmcounter7,drift,seed17,104,0.0
hpmcounter7,drift,seed17,105,0.0
hpmcounter7,drift,seed17,106,0.0
hpmcounter7,drift,seed17,107,0.0
hpmcounter7,drift,seed17,108,0.0
hpmcounter7,drift,seed17,109,0.0
hpmcounter7,drift,seed17,110,0.0
hpmcounter7,drift,seed17,111,0.0
hpmcounter7,drift,seed17,112,0.0
hpmcounter7,drift,seed17,113,0.0
hpmcounter7,drift,seed17,114,0.0
hpmcounter7,drift,seed17,115,0.0
hpmcounter7,drift,seed17,116,0.0
hpmcounter7,drift,seed17,117,0.0
hpmcounter7,drift,seed17,118,0.0
hpmcounter7,drift,seed17,119,0.0
hpmcounter7,drift,seed17,120,0.0
hpmcounter7,drift,seed17,121,0.0
hpmcounter7,drift,seed17,122,0.0
hpmcounter7,drift,seed17,123,0.0
hpmcounter7,drift,seed17,124,0.0
hpmcounter7,drift,seed17,125,0.0
hpmcounter7,drift,seed17,126,0.0
hpmcounter7,drift,seed17,127,0.0
hpmcounter7,drift,seed17,128,0.0
hpmcounter7,drift,seed17,129,0.0
hpmcounter7,drift,seed17,130,0.0
hpmcounter7,drift,seed17,131,0.0
hpmcounter7,drift,seed17,132,0.0
hpmcounter7,drift,seed17,133,0.0
hpmcounter7,drift,seed17,134,0.0
hpmcounter7,drift,seed17,135,0.0
hpmcounter7,drift,seed17,136,0.0
hpmcounter7,drift,seed17,137,0.0
hpmcounter7,drift,seed17,138,0.0
hpmcounter7,drift,seed17,139,0.0
hpmcounter7,drift,seed17,140,0.0
hpmcounter7,drift,seed17,141,0.0
hpmcounter7,drift,seed17,142,0.0
hpmcounter7,drift,seed17,143,0.0
hpmcounter7,drift,seed17,144,0.0
hpmcounter7,drift,seed17,145,0.0
hpmcounter7,drift,seed17,146,0.0
hpmcounter7,drift,seed17,147,0.0
hpmcounter7,drift,seed17,148,0.0
hpmcounter7,drift,seed17,149,0.0
hpmcounter7,drift,seed17,150,0.0
hpmcounter7,drift,seed17,151,0.0
hpmcounter7,drift,seed17,152,0.0
hpmcounter7,drift,seed17,153,0.0
hpmcounter7,drift,seed17,154,0.0
hpmcounter7,drift,seed17,155,0.0
hpmcounter7,drift,seed17,156,0.0
hpmcounter7,drift,seed17,157,0.0
hpmcounter7,drift,seed17,158,0.0
hpmcounter7,drift,seed17,159,0.0
hpmcounter7,drift,seed17,160,0.0
hpmcounter7,drift,seed17,161,0.0
hpmcounter7,drift,seed17,162,0.0
hpmcounter7,drift,seed17,163,0.0
hpmcounter7,drift,seed17,164,0.0
hpmcounter7,drift,seed17,165,0.0
hpmcounter7,drift,seed17,166,0.0
hpmcounter7,drift,seed17,167,0.0
hpmcounter7,drift,seed17,168,0.0
hpmcounter7,drift,seed17,169,0.0
hpmcounter7,drift,seed17,170,0.0
hpmcounter7,drift,seed17,171,0.0
hpmcounter7,drift,seed17,172,0.0
hpmcounter7,drift,seed17,173,0.0
hpmcounter7,drift,seed17,174,0.0
hpmcounter7,drift,seed17,175,0.0
hpmcounter7,drift,seed17,176,0.0
hpmcounter7,drift,seed17,177,0.0
hpmcounter7,drift,seed17,178,0.0
hpmcounter7,drift,seed17,179,0.0
hpmcounter7,drift,seed17,180,0.0
hpmcounter7,drift,seed17,181,0.0
hpmcounter7,drift,seed17,182,0.0
hpmcounter7,drift,seed17,183,0.0
hpmcounter7,drift,seed17,184,0.0
hpmcounter7,drift,seed17,185,0.0
hpmcounter7,drift,seed17,186,0.0
hpmcounter7,drift,seed17,187,0.0
hpmcounter7,drift,seed17,188,0.0
hpmcounter7,drift,seed17,189,0.0
hpmcounter7,drift,seed17,190,0.0
hpmcounter7,drift,seed17,191,0.0
hpmcounter7,drift,seed17,192,0.0
hpmcounter7,drift,seed17,193,0.0
hpmcounter7,drift,seed17,194,0.0
hpmcounter7,drift,seed17,195,0.0
hpmcounter7,drift,seed17,196,0.0
hpmcounter7,drift,seed17,197,0.0
hpmcounter7,drift,seed17,198,0.0
hpmcounter7,drift,seed17,199,0.0
hpmcounter7,drift,seed17,200,0.0
hpmcounter7,drift,seed17,201,0.0
hpmcounter7,drift,seed17,202,0.0
hpmcounter7,drift,seed17,203,0.0
hpmcounter7,drift,seed17,204,0.0
hpmcounter7,drift,seed17,205,0.0
hpmcounter7,drift,seed17,206,0.0
hpmcounter7,drift,seed17,207,0.0
hpmcounter7,drift,seed17,208,0.0
hpmcounter7,drift,seed17,209,0.0
hpmcounter7,drift,seed17,210,0.0
hpmcounter7,drift,seed17,211,0.0
hpmcounter7,drift,seed17,212,0.0
hpmcounter7,drift,seed17,213,0.0
hpmcounter7,drift,seed17,214,0.0
hpmcounter7,drift,seed17,215,0.0
hpmcounter7,drift,seed17,216,0.0
hpmcounter7,drift,seed17,217,0.0
hpmcounter7,drift,seed17,218,0.0
hpmcounter7,drift,seed17,219,0.0
hpmcounter7,drift,seed17,220,0.0
hpmcounter7,drift,seed17,221,0.0
hpmcounter7,drift,seed17,222,0.0
hpmcounter7,drift,seed17,223,0.0
hpmcounter7,drift,seed17,224,0.0
hpmcounter7,drift,seed17,225,0.0
hpmcounter7,drift,seed17,226,0.0
hpmcounter7,drift,seed17,227,0.0
hpmcounter7,drift,seed17,228,0.0
hpmcounter7,drift,seed17,229,0.0
hpmcounter7,drift,seed17,230,0.0
hpmcounter7,drift,seed17,231,0.0
hpmcounter7,drift,seed17,232,0.0
hpmcounter7,drift,seed17,233,0.0
hpmcounter7,drift,seed17,234,0.0
hpmcounter7,drift,seed17,235,0.0
hpmcounter7,drift,seed17,236,0.0
hpmcounter7,drift,seed17,237,0.0
hpmcounter7,drift,seed17,238,0.0
hpmcounter7,drift,seed17,239,0.0
hpmcounter7,drift,seed17,240,0.0
hpmcounter7,drift,seed17,241,0.0
hpmcounter7,drift,seed17,242,0.0
hpmcounter7,drift,seed17,243,0.0
hpmcounter7,drift,seed17,244,0.0
hpmcounter7,drift,seed17,245,0.0
hpmcounter7,drift,seed17,246,0.0
hpmcounter7,drift,seed17,247,0.0
hpmcounter7,drift,seed17,248,0.0
hpmcounter7,drift,seed17,249,0.0
hpmcounter7,drift,seed17,250,0.0
hpmcounter7,drift,seed17,251,0.0
hpmcounter7,drift,seed17,252,0.0
hpmcounter7,drift,seed17,253,0.0
hpmcounter7,drift,seed17,254,0.0
hpmcounter7,drift,seed17,255,0.0
hpmcounter7,drift,seed17,256,0.0
hpmcounter7,drift,seed17,257,0.0
hpmcounter7,drift,seed17,258,0.0
hpmcounter7,drift,seed17,259,0.0
hpmcounter7,drift,seed17,260,0.0
hpmcounter7,drift,seed17,261,0.0
hpmcounter7,drift,seed17,262,0.0
hpmcounter7,drift,seed17,263,0.0
hpmcounter7,drift,seed17,264,0.0
hpmcounter7,drift,seed17,265,0.0
hpmcounter7,drift,seed17,266,0.0
hpmcounter7,drift,seed17,267,0.0
hpmcounter7,drift,seed17,268,0.0
hpmcounter7,drift,seed17,269,0.0
hpmcounter7,drift,seed17,270,0.0
hpmcounter7,drift,seed17,271,0.0
hpmcounter7,drift,seed17,272,0.0
hpmcounter7,drift,seed17,273,0.0
hpmcounter7,drift,seed17,274,0.0
hpmcounter7,drift,seed17,275,0.0
hpmcounter7,drift,seed17,276,0.0
hpmcounter7,drift,seed17,277,0.0
hpmcounter7,drift,seed17,278,0.0
hpmcounter7,drift,seed17,279,0.0
hpmcounter7,drift,seed17,280,0.0
hpmcounter7,drift,seed17,281,0.0
hpmcounter7,drift,seed17,282,0.0
hpmcounter7,drift,seed17,283,0.0
hpmcounter7,drift,seed17,284,0.0
hpmcounter7,drift,seed17,285,0.0
hpmcounter7,drift,seed17,286,0.0
hpmcounter7,drift,seed17,287,0.0
hpmcounter7,drift,seed17,288,0.0
hpmcounter7,drift,seed17,289,0.0
hpmcounter7,drift,seed17,290,0.0
hpmcounter7,drift,seed17,291,0.0
hpmcounter7,drift,seed17,292,0.0
hpmcounter7,drift,seed17,293,0.0
hpmcounter7,drift,seed17,294,0.0
hpmcounter7,drift,seed17,295,0.0
hpmcounter7,drift,seed17,296,0.0
hpmcounter7,drift,seed17,297,0.0
hpmcounter7,drift,seed17,298,0.0
hpmcounter7,drift,seed18,9,0.0
hpmcounter7,drift,seed18,10,0.0
hpmcounter7,drift,seed18,11,0.0
hpmcounter7,drift,seed18,12,0.0
hpmcounter7,drift,seed18,13,0.0
hpmcounter7,drift,seed18,14,0.0
hpmcounter7,drift,seed18,15,0.0
hpmcounter7,drift,seed18,16,0.0
hpmcounter7,drift,seed18,17,0.0
hpmcounter7,drift,seed18,18,0.0
hpmcounter7,drift,seed18,19,0.0
hpmcounter7,drift,seed18,20,0.0
hpmcounter7,drift,seed18,21,0.0
hpmcounter7,drift,seed18,22,0.0
hpmcounter7,drift,seed18,23,0.0
hpmcounter7,drift,seed18,24,0.0
hpmcounter7,drift,seed18,25,0.0
hpmcounter7,drift,seed18,26,0.0
hpmcounter7,drift,seed18,27,0.0
hpmcounter7,drift,seed18,28,0.0
hpmcounter7,drift,seed18,29,0.0
hpmcounter7,drift,seed18,30,0.0
hpmcounter7,drift,seed18,31,0.0
hpmcounter7,drift,seed18,32,0.0
hpmcounter7,drift,seed18,33,0.0
hpmcounter7,drift,seed18,34,0.0
hpmcounter7,drift,seed18,35,0.0
hpmcounter7,drift,seed18,36,0.0
hpmcounter7,drift,seed18,37,0.0
hpmcounter7,drift,seed18,38,0.0
hpmcounter7,drift,seed18,39,0.0
hpmcounter7,drift,seed18,40,0.0
hpmcounter7,drift,seed18,41,0.0
hpmcounter7,drift,seed18,42,0.0
hpmcounter7,drift,seed18,43,0.0
hpmcounter7,drift,seed18,44,0.0
hpmcounter7,drift,seed18,45,0.0
hpmcounter7,drift,seed18,46,0.0
hpmcounter7,drift,seed18,47,0.0
hpmcounter7,drift,seed18,48,0.0
hpmcounter7,drift,seed18,49,0.0
hpmcounter7,drift,seed18,50,0.0
hpmcounter7,drift,seed18,51,0.0
hpmcounter7,drift,seed18,52,0.0
hpmcounter7,drift,seed18,53,0.0
hpmcounter7,drift,seed18,54,0.0
hpmcounter7,drift,seed18,55,0.0
hpmcounter7,drift,seed18,56,0.0
hpmcounter7,drift,seed18,57,0.0
hpmcounter7,drift,seed18,58,0.0
hpmcounter7,drift,seed18,59,0.0
hpmcounter7,drift,seed18,60,0.0
hpmcounter7,drift,seed18,61,0.0
hpmcounter7,drift,seed18,62,0.0
hpmcounter7,drift,seed18,63,0.0
hpmcounter7,drift,seed18,64,0.0
hpmcounter7,drift,seed18,65,0.0
hpmcounter7,drift,seed18,66,0.0
hpmcounter7,drift,seed18,67,0.0
hpmcounter7,drift,seed18,68,0.0
hpmcounter7,drift,seed18,69,0.0
hpmcounter7,drift,seed18,70,0.0
hpmcounter7,drift,seed18,71,0.0
hpmcounter7,drift,seed18,72,0.0
hpmcounter7,drift,seed18,73,0.0
hpmcounter7,drift,seed18,74,0.0
hpmcounter7,drift,seed18,75,0.0
hpmcounter7,drift,seed18,76,0.0
hpmcounter7,drift,seed18,77,0.0
hpmcounter7,drift,seed18,78,0.0
hpmcounter7,drift,seed18,79,0.0
hpmcounter7,drift,seed18,80,0.0
hpmcounter7,drift,seed18,81,0.0
hpmcounter7,drift,seed18,82,0.0
hpmcounter7,drift,seed18,83,0.0
hpmcounter7,drift,seed18,84,0.0
hpmcounter7,drift,seed18,85,0.0
hpmcounter7,drift,seed18,86,0.0
hpmcounter7,drift,seed18,87,0.0
hpmcounter7,drift,seed18,88,0.0
hpmcounter7,drift,seed18,89,0.0
hpmcounter7,drift,seed18,90,0.0
hpmcounter7,drift,seed18,91,0.0
hpmcounter7,drift,seed18,92,0.0
hpmcounter7,drift,seed18,93,0.0
hpmcounter7,drift,seed18,94,0.0
hpmcounter7,drift,seed18,95,0.0
hpmcounter7,drift,seed18,96,0.0
hpmcounter7,drift,seed18,97,0.0
hpmcounter7,drift,seed18,98,0.0
hpmcounter7,drift,seed18,99,0.0
hpmcounter7,drift,seed18,100,0.0
hpmcounter7,drift,seed18,101,0.0
hpmcounter7,drift,seed18,102,0.0
hpmcounter7,drift,seed18,103,0.0
hpmcounter7,drift,seed18,104,0.0
hpmcounter7,drift,seed18,105,0.0
hpmcounter7,drift,seed18,106,0.0
hpmcounter7,drift,seed18,107,0.0
hpmcounter7,drift,seed18,108,0.0
hpmcounter7,drift,seed18,109,0.0
hpmcounter7,drift,seed18,110,0.0
hpmcounter7,drift,seed18,111,0.0
hpmcounter7,drift,seed18,112,0.0
hpmcounter7,drift,seed18,113,0.0
hpmcounter7,drift,seed18,114,0.0
hpmcounter7,drift,seed18,115,0.0
hpmcounter7,drift,seed18,116,0.0
hpmcounter7,drift,seed18,117,0.0
hpmcounter7,drift,seed18,118,0.0
hpmcounter7,drift,seed18,119,0.0
hpmcounter7,drift,seed18,120,0.0
hpmcounter7,drift,seed18,121,0.0
hpmcounter7,drift,seed18,122,0.0
hpmcounter7,drift,seed18,123,0.0
hpmcounter7,drift,seed18,124,0.0
hpmcounter7,drift,seed18,125,0.0
hpmcounter7,drift,seed18,126,0.0
hpmcounter7,drift,seed18,127,0.0
hpmcounter7,drift,seed18,128,0.0
hpmcounter7,drift,seed18,129,0.0
hpmcounter7,drift,seed18,130,0.0
hpmcounter7,drift,seed18,131,0.0
hpmcounter7,drift,seed18,132,0.0
hpmcounter7,drift,seed18,133,0.0
hpmcounter7,drift,seed18,134,0.0
hpmcounter7,drift,seed18,135,0.0
hpmcounter7,drift,seed18,136,0.0
hpmcounter7,drift,seed18,137,0.0
hpmcounter7,drift,seed18,138,0.0
hpmcounter7,drift,seed18,139,0.0
hpmcounter7,drift,seed18,140,0.0
hpmcounter7,drift,seed18,141,0.0
hpmcounter7,drift,seed18,142,0.0
hpmcounter7,drift,seed18,143,0.0
hpmcounter7,drift,seed18,144,0.0
hpmcounter7,drift,seed18,145,0.0
hpmcounter7,drift,seed18,146,0.0
hpmcounter7,drift,seed18,147,0.0
hpmcounter7,drift,seed18,148,0.0
hpmcounter7,drift,seed18,149,0.0
hpmcounter7,drift,seed18,150,0.0
hpmcounter7,drift,seed18,151,0.0
hpmcounter7,drift,seed18,152,0.0
hpmcounter7,drift,seed18,153,0.0
hpmcounter7,drift,seed18,154,0.0
hpmcounter7,drift,seed18,155,0.0
hpmcounter7,drift,seed18,156,0.0
hpmcounter7,drift,seed18,157,0.0
hpmcounter7,drift,seed18,158,0.0
hpmcounter7,drift,seed18,159,0.0
hpmcounter7,drift,seed18,160,0.0
hpmcounter7,drift,seed18,161,0.0
hpmcounter7,drift,seed18,162,0.0
hpmcounter7,drift,seed18,163,0.0
hpmcounter7,drift,seed18,164,0.0
hpmcounter7,drift,seed18,165,0.0
hpmcounter7,drift,seed18,166,0.0
hpmcounter7,drift,seed18,167,0.0
hpmcounter7,drift,seed18,168,0.0
hpmcounter7,drift,seed18,169,0.0
hpmcounter7,drift,seed18,170,0.0
hpmcounter7,drift,seed18,171,0.0
hpmcounter7,drift,seed18,172,0.0
hpmcounter7,drift,seed18,173,0.0
hpmcounter7,drift,seed18,174,0.0
hpmcounter7,drift,seed18,175,0.0
hpmcounter7,drift,seed18,176,0.0
hpmcounter7,drift,seed18,177,0.0
hpmcounter7,drift,seed18,178,0.0
hpmcounter7,drift,seed18,179,0.0
hpmcounter7,drift,seed18,180,0.0
hpmcounter7,drift,seed18,181,0.0
hpmcounter7,drift,seed18,182,0.0
hpmcounter7,drift,seed18,183,0.0
hpmcounter7,drift,seed18,184,0.0
hpmcounter7,drift,seed18,185,0.0
hpmcounter7,drift,seed18,186,0.0
hpmcounter7,drift,seed18,187,0.0
hpmcounter7,drift,seed18,188,0.0
hpmcounter7,drift,seed18,189,0.0
hpmcounter7,drift,seed18,190,0.0
hpmcounter7,drift,seed18,191,0.0
hpmcounter7,drift,seed18,192,0.0
hpmcounter7,drift,seed18,193,0.0
hpmcounter7,drift,seed18,194,0.0
hpmcounter7,drift,seed18,195,0.0
hpmcounter7,drift,seed18,196,0.0
hpmcounter7,drift,seed18,197,0.0
hpmcounter7,drift,seed18,198,0.0
hpmcounter7,drift,seed18,199,0.0
hpmcounter7,drift,seed18,200,0.0
hpmcounter7,drift,seed18,201,0.0
hpmcounter7,drift,seed18,202,0.0
hpmcounter7,drift,seed18,203,0.0
hpmcounter7,drift,seed18,204,0.0
hpmcounter7,drift,seed18,205,0.0
hpmcounter7,drift,seed18,206,0.0
hpmcounter7,drift,seed18,207,0.0
hpmcounter7,drift,seed18,208,0.0
hpmcounter7,drift,seed18,209,0.0
hpmcounter7,drift,seed18,210,0.0
hpmcounter7,drift,seed18,211,0.0
hpmcounter7,drift,seed18,212,0.0
hpmcounter7,drift,seed18,213,0.0
hpmcounter7,drift,seed18,214,0.0
hpmcounter7,drift,seed18,215,0.0
hpmcounter7,drift,seed18,216,0.0
hpmcounter7,drift,seed18,217,0.0
hpmcounter7,drift,seed18,218,0.0
hpmcounter7,drift,seed18,219,0.0
hpmcounter7,drift,seed18,220,0.0
hpmcounter7,drift,seed18,221,0.0
hpmcounter7,drift,seed18,222,0.0
hpmcounter7,drift,seed18,223,0.0
hpmcounter7,drift,seed18,224,0.0
hpmcounter7,drift,seed18,225,0.0
hpmcounter7,drift,seed18,226,0.0
hpmcounter7,drift,seed18,227,0.0
hpmcounter7,drift,seed18,228,0.0
hpmcounter7,drift,seed18,229,0.0
hpmcounter7,drift,seed18,230,0.0
hpmcounter7,drift,seed18,231,0.0
hpmcounter7,drift,seed18,232,0.0
hpmcounter7,drift,seed18,233,0.0
hpmcounter7,drift,seed18,234,0.0
hpmcounter7,drift,seed18,235,0.0
hpmcounter7,drift,seed18,236,0.0
hpmcounter7,drift,seed18,237,0.0
hpmcounter7,drift,seed18,238,0.0
hpmcounter7,drift,seed18,239,0.0
hpmcounter7,drift,seed18,240,0.0
hpmcounter7,drift,seed18,241,0.0
hpmcounter7,drift,seed18,242,0.0
hpmcounter7,drift,seed18,243,0.0
hpmcounter7,drift,seed18,244,0.0
hpmcounter7,drift,seed18,245,0.0
hpmcounter7,drift,seed18,246,0.0
hpmcounter7,drift,seed18,247,0.0
hpmcounter7,drift,seed18,248,0.0
hpmcounter7,drift,seed18,249,0.0
hpmcounter7,drift,seed18,250,0.0
hpmcounter7,drift,seed18,251,0.0
hpmcounter7,drift,seed18,252,0.0
hpmcounter7,drift,seed18,253,0.0
hpmcounter7,drift,seed18,254,0.0
hpmcounter7,drift,seed18,255,0.0
hpmcounter7,drift,seed18,256,0.0
hpmcounter7,drift,seed18,257,0.0
hpmcounter7,drift,seed18,258,0.0
hpmcounter7,drift,seed18,259,0.0
hpmcounter7,drift,seed18,260,0.0
hpmcounter7,drift,seed18,261,0.0
hpmcounter7,drift,seed18,262,0.0
hpmcounter7,drift,seed18,263,0.0
hpmcounter7,drift,seed18,264,0.0
hpmcounter7,drift,seed18,265,0.0
hpmcounter7,drift,seed18,266,0.0
hpmcounter7,drift,seed18,267,0.0
hpmcounter7,drift,seed18,268,0.0
hpmcounter7,drift,seed18,269,0.0
hpmcounter7,drift,seed18,270,0.0
hpmcounter7,drift,seed18,271,0.0
hpmcounter7,drift,seed18,272,0.0
hpmcounter7,drift,seed18,273,0.0
hpmcounter7,drift,seed18,274,0.0
hpmcounter7,drift,seed18,275,0.0
hpmcounter7,drift,seed18,276,0.0
hpmcounter7,drift,seed18,277,0.0
hpmcounter7,drift,seed18,278,0.0
hpmcounter7,drift,seed18,279,0.0
hpmcounter7,drift,seed18,280,0.0
hpmcounter7,drift,seed18,281,0.0
hpmcounter7,drift,seed18,282,0.0
hpmcounter7,drift,seed18,283,0.0
hpmcounter7,drift,seed18,284,0.0
hpmcounter7,drift,seed18,285,0.0
hpmcounter7,drift,seed18,286,0.0
hpmcounter7,drift,seed18,287,0.0
hpmcounter7,drift,seed18,288,0.0
hpmcounter7,drift,seed18,289,0.0
hpmcounter7,drift,seed18,290,0.0
hpmcounter7,drift,seed18,291,0.0
hpmcounter7,drift,seed18,292,0.0
hpmcounter7,drift,seed18,293,0.0
hpmcounter7,drift,seed18,294,0.0
hpmcounter7,drift,seed18,295,0.0
hpmcounter7,drift,seed18,296,0.0
hpmcounter7,drift,seed18,297,0.0
hpmcounter7,drift,seed18,298,0.0
hpmcounter7,drift,seed19,9,0.0
hpmcounter7,drift,seed19,10,0.0
hpmcounter7,drift,seed19,11,0.0
hpmcounter7,drift,seed19,12,0.0
hpmcounter7,drift,seed19,13,0.0
hpmcounter7,drift,seed19,14,0.0
hpmcounter7,drift,seed19,15,0.0
hpmcounter7,drift,seed19,16,0.0
hpmcounter7,drift,seed19,17,0.0
hpmcounter7,drift,seed19,18,0.0
hpmcounter7,drift,seed19,19,0.0
hpmcounter7,drift,seed19,20,0.0
hpmcounter7,drift,seed19,21,0.0
hpmcounter7,drift,seed19,22,0.0
hpmcounter7,drift,seed19,23,0.0
hpmcounter7,drift,seed19,24,0.0
hpmcounter7,drift,seed19,25,0.0
hpmcounter7,drift,seed19,26,0.0
hpmcounter7,drift,seed19,27,0.0
hpmcounter7,drift,seed19,28,0.0
hpmcounter7,drift,seed19,29,0.0
hpmcounter7,drift,seed19,30,0.0
hpmcounter7,drift,seed19,31,0.0
hpmcounter7,drift,seed19,32,0.0
hpmcounter7,drift,seed19,33,0.0
hpmcounter7,drift,seed19,34,0.0
hpmcounter7,drift,seed19,35,0.0
hpmcounter7,drift,seed19,36,0.0
hpmcounter7,drift,seed19,37,0.0
hpmcounter7,drift,seed19,38,0.0
hpmcounter7,drift,seed19,39,0.0
hpmcounter7,drift,seed19,40,0.0
hpmcounter7,drift,seed19,41,0.0
hpmcounter7,drift,seed19,42,0.0
hpmcounter7,drift,seed19,43,0.0
hpmcounter7,drift,seed19,44,0.0
hpmcounter7,drift,seed19,45,0.0
hpmcounter7,drift,seed19,46,0.0
hpmcounter7,drift,seed19,47,0.0
hpmcounter7,drift,seed19,48,0.0
hpmcounter7,drift,seed19,49,0.0
hpmcounter7,drift,seed19,50,0.0
hpmcounter7,drift,seed19,51,0.0
hpmcounter7,drift,seed19,52,0.0
hpmcounter7,drift,seed19,53,0.0
hpmcounter7,drift,seed19,54,0.0
hpmcounter7,drift,seed19,55,0.0
hpmcounter7,drift,seed19,56,0.0
hpmcounter7,drift,seed19,57,0.0
hpmcounter7,drift,seed19,58,0.0
hpmcounter7,drift,seed19,59,0.0
hpmcounter7,drift,seed19,60,0.0
hpmcounter7,drift,seed19,61,0.0
hpmcounter7,drift,seed19,62,0.0
hpmcounter7,drift,seed19,63,0.0
hpmcounter7,drift,seed19,64,0.0
hpmcounter7,drift,seed19,65,0.0
hpmcounter7,drift,seed19,66,0.0
hpmcounter7,drift,seed19,67,0.0
hpmcounter7,drift,seed19,68,0.0
hpmcounter7,drift,seed19,69,0.0
hpmcounter7,drift,seed19,70,0.0
hpmcounter7,drift,seed19,71,0.0
hpmcounter7,drift,seed19,72,0.0
hpmcounter7,drift,seed19,73,0.0
hpmcounter7,drift,seed19,74,0.0
hpmcounter7,drift,seed19,75,0.0
hpmcounter7,drift,seed19,76,0.0
hpmcounter7,drift,seed19,77,0.0
hpmcounter7,drift,seed19,78,0.0
hpmcounter7,drift,seed19,79,0.0
hpmcounter7,drift,seed19,80,0.0
hpmcounter7,drift,seed19,81,0.0
hpmcounter7,drift,seed19,82,0.0
hpmcounter7,drift,seed19,83,0.0
hpmcounter7,drift,seed19,84,0.0
hpmcounter7,drift,seed19,85,0.0
hpmcounter7,drift,seed19,86,0.0
hpmcounter7,drift,seed19,87,0.0
hpmcounter7,drift,seed19,88,0.0
hpmcounter7,drift,seed19,89,0.0
hpmcounter7,drift,seed19,90,0.0
hpmcounter7,drift,seed19,91,0.0
hpmcounter7,drift,seed19,92,0.0
hpmcounter7,drift,seed19,93,0.0
hpmcounter7,drift,seed19,94,0.0
hpmcounter7,drift,seed19,95,0.0
hpmcounter7,drift,seed19,96,0.0
hpmcounter7,drift,seed19,97,0.0
hpmcounter7,drift,seed19,98,0.0
hpmcounter7,drift,seed19,99,0.0
hpmcounter7,drift,seed19,100,0.0
hpmcounter7,drift,seed19,101,0.0
hpmcounter7,drift,seed19,102,0.0
hpmcounter7,drift,seed19,103,0.0
hpmcounter7,drift,seed19,104,0.0
hpmcounter7,drift,seed19,105,0.0
hpmcounter7,drift,seed19,106,0.0
hpmcounter7,drift,seed19,107,0.0
hpmcounter7,drift,seed19,108,0.0
hpmcounter7,drift,seed19,109,0.0
hpmcounter7,drift,seed19,110,0.0
hpmcounter7,drift,seed19,111,0.0
hpmcounter7,drift,seed19,112,0.0
hpmcounter7,drift,seed19,113,0.0
hpmcounter7,drift,seed19,114,0.0
hpmcounter7,drift,seed19,115,0.0
hpmcounter7,drift,seed19,116,0.0
hpmcounter7,drift,seed19,117,0.0
hpmcounter7,drift,seed19,118,0.0
hpmcounter7,drift,seed19,119,0.0
hpmcounter7,drift,seed19,120,0.0
hpmcounter7,drift,seed19,121,0.0
hpmcounter7,drift,seed19,122,0.0
hpmcounter7,drift,seed19,123,0.0
hpmcounter7,drift,seed19,124,0.0
hpmcounter7,drift,seed19,125,0.0
hpmcounter7,drift,seed19,126,0.0
hpmcounter7,drift,seed19,127,0.0
hpmcounter7,drift,seed19,128,0.0
hpmcounter7,drift,seed19,129,0.0
hpmcounter7,drift,seed19,130,0.0
hpmcounter7,drift,seed19,131,0.0
hpmcounter7,drift,seed19,132,0.0
hpmcounter7,drift,seed19,133,0.0
hpmcounter7,drift,seed19,134,0.0
hpmcounter7,drift,seed19,135,0.0
hpmcounter7,drift,seed19,136,0.0
hpmcounter7,drift,seed19,137,0.0
hpmcounter7,drift,seed19,138,0.0
hpmcounter7,drift,seed19,139,0.0
hpmcounter7,drift,seed19,140,0.0
hpmcounter7,drift,seed19,141,0.0
hpmcounter7,drift,seed19,142,0.0
hpmcounter7,drift,seed19,143,0.0
hpmcounter7,drift,seed19,144,0.0
hpmcounter7,drift,seed19,145,0.0
hpmcounter7,drift,seed19,146,0.0
hpmcounter7,drift,seed19,147,0.0
hpmcounter7,drift,seed19,148,0.0
hpmcounter7,drift,seed19,149,0.0
hpmcounter7,drift,seed19,150,0.0
hpmcounter7,drift,seed19,151,0.0
hpmcounter7,drift,seed19,152,0.0
hpmcounter7,drift,seed19,153,0.0
hpmcounter7,drift,seed19,154,0.0
hpmcounter7,drift,seed19,155,0.0
hpmcounter7,drift,seed19,156,0.0
hpmcounter7,drift,seed19,157,0.0
hpmcounter7,drift,seed19,158,0.0
hpmcounter7,drift,seed19,159,0.0
hpmcounter7,drift,seed19,160,0.0
hpmcounter7,drift,seed19,161,0.0
hpmcounter7,drift,seed19,162,0.0
hpmcounter7,drift,seed19,163,0.0
hpmcounter7,drift,seed19,164,0.0
hpmcounter7,drift,seed19,165,0.0
hpmcounter7,drift,seed19,166,0.0
hpmcounter7,drift,seed19,167,0.0
hpmcounter7,drift,seed19,168,0.0
hpmcounter7,drift,seed19,169,0.0
hpmcounter7,drift,seed19,170,0.0
hpmcounter7,drift,seed19,171,0.0
hpmcounter7,drift,seed19,172,0.0
hpmcounter7,drift,seed19,173,0.0
hpmcounter7,drift,seed19,174,0.0
hpmcounter7,drift,seed19,175,0.0
hpmcounter7,drift,seed19,176,0.0
hpmcounter7,drift,seed19,177,0.0
hpmcounter7,drift,seed19,178,0.0
hpmcounter7,drift,seed19,179,0.0
hpmcounter7,drift,seed19,180,0.0
hpmcounter7,drift,seed19,181,0.0
hpmcounter7,drift,seed19,182,0.0
hpmcounter7,drift,seed19,183,0.0
hpmcounter7,drift,seed19,184,0.0
hpmcounter7,drift,seed19,185,0.0
hpmcounter7,drift,seed19,186,0.0
hpmcounter7,drift,seed19,187,0.0
hpmcounter7,drift,seed19,188,0.0
hpmcounter7,drift,seed19,189,0.0
hpmcounter7,drift,seed19,190,0.0
hpmcounter7,drift,seed19,191,0.0
hpmcounter7,drift,seed19,192,0.0
hpmcounter7,drift,seed19,193,0.0
hpmcounter7,drift,seed19,194,0.0
hpmcounter7,drift,seed19,195,0.0
hpmcounter7,drift,seed19,196,0.0
hpmcounter7,drift,seed19,197,0.0
hpmcounter7,drift,seed19,198,0.0
hpmcounter7,drift,seed19,199,0.0
hpmcounter7,drift,seed19,200,0.0
hpmcounter7,drift,seed19,201,0.0
hpmcounter7,drift,seed19,202,0.0
hpmcounter7,drift,seed19,203,0.0
hpmcounter7,drift,seed19,204,0.0
hpmcounter7,drift,seed19,205,0.0
hpmcounter7,drift,seed19,206,0.0
hpmcounter7,drift,seed19,207,0.0
hpmcounter7,drift,seed19,208,0.0
hpmcounter7,drift,seed19,209,0.0
hpmcounter7,drift,seed19,210,0.0
hpmcounter7,drift,seed19,211,0.0
hpmcounter7,drift,seed19,212,0.0
hpmcounter7,drift,seed19,213,0.0
hpmcounter7,drift,seed19,214,0.0
hpmcounter7,drift,seed19,215,0.0
hpmcounter7,drift,seed19,216,0.0
hpmcounter7,drift,seed19,217,0.0
hpmcounter7,drift,seed19,218,0.0
hpmcounter7,drift,seed19,219,0.0
hpmcounter7,drift,seed19,220,0.0
hpmcounter7,drift,seed19,221,0.0
hpmcounter7,drift,seed19,222,0.0
hpmcounter7,drift,seed19,223,0.0
hpmcounter7,drift,seed19,224,0.0
hpmcounter7,drift,seed19,225,0.0
hpmcounter7,drift,seed19,226,0.0
hpmcounter7,drift,seed19,227,0.0
hpmcounter7,drift,seed19,228,0.0
hpmcounter7,drift,seed19,229,0.0
hpmcounter7,drift,seed19,230,0.0
hpmcounter7,drift,seed19,231,0.0
hpmcounter7,drift,seed19,232,0.0
hpmcounter7,drift,seed19,233,0.0
hpmcounter7,drift,seed19,234,0.0
hpmcounter7,drift,seed19,235,0.0
hpmcounter7,drift,seed19,236,0.0
hpmcounter7,drift,seed19,237,0.0
hpmcounter7,drift,seed19,238,0.0
hpmcounter7,drift,seed19,239,0.0
hpmcounter7,drift,seed19,240,0.0
hpmcounter7,drift,seed19,241,0.0
hpmcounter7,drift,seed19,242,0.0
hpmcounter7,drift,seed19,243,0.0
hpmcounter7,drift,seed19,244,0.0
hpmcounter7,drift,seed19,245,0.0
hpmcounter7,drift,seed19,246,0.0
hpmcounter7,drift,seed19,247,0.0
hpmcounter7,drift,seed19,248,0.0
hpmcounter7,drift,seed19,249,0.0
hpmcounter7,drift,seed19,250,0.0
hpmcounter7,drift,seed19,251,0.0
hpmcounter7,drift,seed19,252,0.0
hpmcounter7,drift,seed19,253,0.0
hpmcounter7,drift,seed19,254,0.0
hpmcounter7,drift,seed19,255,0.0
hpmcounter7,drift,seed19,256,0.0
hpmcounter7,drift,seed19,257,0.0
hpmcounter7,drift,seed19,258,0.0
hpmcounter7,drift,seed19,259,0.0
hpmcounter7,drift,seed19,260,0.0
hpmcounter7,drift,seed19,261,0.0
hpmcounter7,drift,seed19,262,0.0
hpmcounter7,drift,seed19,263,0.0
hpmcounter7,drift,seed19,264,0.0
hpmcounter7,drift,seed19,265,0.0
hpmcounter7,drift,seed19,266,0.0
hpmcounter7,drift,seed19,267,0.0
hpmcounter7,drift,seed19,268,0.0
hpmcounter7,drift,seed19,269,0.0
hpmcounter7,drift,seed19,270,0.0
hpmcounter7,drift,seed19,271,0.0
hpmcounter7,drift,seed19,272,0.0
hpmcounter7,drift,seed19,273,0.0
hpmcounter7,drift,seed19,274,0.0
hpmcounter7,drift,seed19,275,0.0
hpmcounter7,drift,seed19,276,0.0
hpmcounter7,drift,seed19,277,0.0
hpmcounter7,drift,seed19,278,0.0
hpmcounter7,drift,seed19,279,0.0
hpmcounter7,drift,seed19,280,0.0
hpmcounter7,drift,seed19,281,0.0
hpmcounter7,drift,seed19,282,0.0
hpmcounter7,drift,seed19,283,0.0
hpmcounter7,drift,seed19,284,0.0
hpmcounter7,drift,seed19,285,0.0
hpmcounter7,drift,seed19,286,0.0
hpmcounter7,drift,seed19,287,0.0
hpmcounter7,drift,seed19,288,0.0
hpmcounter7,drift,seed19,289,0.0
hpmcounter7,drift,seed19,290,0.0
hpmcounter7,drift,seed19,291,0.0
hpmcounter7,drift,seed19,292,0.0
hpmcounter7,drift,seed19,293,0.0
hpmcounter7,drift,seed19,294,0.0
hpmcounter7,drift,seed19,295,0.0
hpmcounter7,drift,seed19,296,0.0
hpmcounter7,drift,seed19,297,0.0
hpmcounter7,drift,seed19,298,0.0
hpmcounter7,drift,seed2,9,0.0
hpmcounter7,drift,seed2,10,0.0
hpmcounter7,drift,seed2,11,0.0
hpmcounter7,drift,seed2,12,0.0
hpmcounter7,drift,seed2,13,0.0
hpmcounter7,drift,seed2,14,0.0
hpmcounter7,drift,seed2,15,0.0
hpmcounter7,drift,seed2,16,0.0
hpmcounter7,drift,seed2,17,0.0
hpmcounter7,drift,seed2,18,0.0
hpmcounter7,drift,seed2,19,0.0
hpmcounter7,drift,seed2,20,0.0
hpmcounter7,drift,seed2,21,0.0
hpmcounter7,drift,seed2,22,0.0
hpmcounter7,drift,seed2,23,0.0
hpmcounter7,drift,seed2,24,0.0
hpmcounter7,drift,seed2,25,0.0
hpmcounter7,drift,seed2,26,0.0
hpmcounter7,drift,seed2,27,0.0
hpmcounter7,drift,seed2,28,0.0
hpmcounter7,drift,seed2,29,0.0
hpmcounter7,drift,seed2,30,0.0
hpmcounter7,drift,seed2,31,0.0
hpmcounter7,drift,seed2,32,0.0
hpmcounter7,drift,seed2,33,0.0
hpmcounter7,drift,seed2,34,0.0
hpmcounter7,drift,seed2,35,0.0
hpmcounter7,drift,seed2,36,0.0
hpmcounter7,drift,seed2,37,0.0
hpmcounter7,drift,seed2,38,0.0
hpmcounter7,drift,seed2,39,0.0
hpmcounter7,drift,seed2,40,0.0
hpmcounter7,drift,seed2,41,0.0
hpmcounter7,drift,seed2,42,0.0
hpmcounter7,drift,seed2,43,0.0
hpmcounter7,drift,seed2,44,0.0
hpmcounter7,drift,seed2,45,0.0
hpmcounter7,drift,seed2,46,0.0
hpmcounter7,drift,seed2,47,0.0
hpmcounter7,drift,seed2,48,0.0
hpmcounter7,drift,seed2,49,0.0
hpmcounter7,drift,seed2,50,0.0
hpmcounter7,drift,seed2,51,0.0
hpmcounter7,drift,seed2,52,0.0
hpmcounter7,drift,seed2,53,0.0
hpmcounter7,drift,seed2,54,0.0
hpmcounter7,drift,seed2,55,0.0
hpmcounter7,drift,seed2,56,0.0
hpmcounter7,drift,seed2,57,0.0
hpmcounter7,drift,seed2,58,0.0
hpmcounter7,drift,seed2,59,0.0
hpmcounter7,drift,seed2,60,0.0
hpmcounter7,drift,seed2,61,0.0
hpmcounter7,drift,seed2,62,0.0
hpmcounter7,drift,seed2,63,0.0
hpmcounter7,drift,seed2,64,0.0
hpmcounter7,drift,seed2,65,0.0
hpmcounter7,drift,seed2,66,0.0
hpmcounter7,drift,seed2,67,0.0
hpmcounter7,drift,seed2,68,0.0
hpmcounter7,drift,seed2,69,0.0
hpmcounter7,drift,seed2,70,0.0
hpmcounter7,drift,seed2,71,0.0
hpmcounter7,drift,seed2,72,0.0
hpmcounter7,drift,seed2,73,0.0
hpmcounter7,drift,seed2,74,0.0
hpmcounter7,drift,seed2,75,0.0
hpmcounter7,drift,seed2,76,0.0
hpmcounter7,drift,seed2,77,0.0
hpmcounter7,drift,seed2,78,0.0
hpmcounter7,drift,seed2,79,0.0
hpmcounter7,drift,seed2,80,0.0
hpmcounter7,drift,seed2,81,0.0
hpmcounter7,drift,seed2,82,0.0
hpmcounter7,drift,seed2,83,0.0
hpmcounter7,drift,seed2,84,0.0
hpmcounter7,drift,seed2,85,0.0
hpmcounter7,drift,seed2,86,0.0
hpmcounter7,drift,seed2,87,0.0
hpmcounter7,drift,seed2,88,0.0
hpmcounter7,drift,seed2,89,0.0
hpmcounter7,drift,seed2,90,0.0
hpmcounter7,drift,seed2,91,0.0
hpmcounter7,drift,seed2,92,0.0
hpmcounter7,drift,seed2,93,0.0
hpmcounter7,drift,seed2,94,0.0
hpmcounter7,drift,seed2,95,0.0
hpmcounter7,drift,seed2,96,0.0
hpmcounter7,drift,seed2,97,0.0
hpmcounter7,drift,seed2,98,0.0
hpmcounter7,drift,seed2,99,0.0
hpmcounter7,drift,seed2,100,0.0
hpmcounter7,drift,seed2,101,0.0
hpmcounter7,drift,seed2,102,0.0
hpmcounter7,drift,seed2,103,0.0
hpmcounter7,drift,seed2,104,0.0
hpmcounter7,drift,seed2,105,0.0
hpmcounter7,drift,seed2,106,0.0
hpmcounter7,drift,seed2,107,0.0
hpmcounter7,drift,seed2,108,0.0
hpmcounter7,drift,seed2,109,0.0
hpmcounter7,drift,seed2,110,0.0
hpmcounter7,drift,seed2,111,0.0
hpmcounter7,drift,seed2,112,0.0
hpmcounter7,drift,seed2,113,0.0
hpmcounter7,drift,seed2,114,0.0
hpmcounter7,drift,seed2,115,0.0
hpmcounter7,drift,seed2,116,0.0
hpmcounter7,drift,seed2,117,0.0
hpmcounter7,drift,seed2,118,0.0
hpmcounter7,drift,seed2,119,0.0
hpmcounter7,drift,seed2,120,0.0
hpmcounter7,drift,seed2,121,0.0
hpmcounter7,drift,seed2,122,0.0
hpmcounter7,drift,seed2,123,0.0
hpmcounter7,drift,seed2,124,0.0
hpmcounter7,drift,seed2,125,0.0
hpmcounter7,drift,seed2,126,0.0
hpmcounter7,drift,seed2,127,0.0
hpmcounter7,drift,seed2,128,0.0
hpmcounter7,drift,seed2,129,0.0
hpmcounter7,drift,seed2,130,0.0
hpmcounter7,drift,seed2,131,0.0
hpmcounter7,drift,seed2,132,0.0
hpmcounter7,drift,seed2,133,0.0
hpmcounter7,drift,seed2,134,0.0
hpmcounter7,drift,seed2,135,0.0
hpmcounter7,drift,seed2,136,0.0
hpmcounter7,drift,seed2,137,0.0
hpmcounter7,drift,seed2,138,0.0
hpmcounter7,drift,seed2,139,0.0
hpmcounter7,drift,seed2,140,0.0
hpmcounter7,drift,seed2,141,0.0
hpmcounter7,drift,seed2,142,0.0
hpmcounter7,drift,seed2,143,0.0
hpmcounter7,drift,seed2,144,0.0
hpmcounter7,drift,seed2,145,0.0
hpmcounter7,drift,seed2,146,0.0
hpmcounter7,drift,seed2,147,0.0
hpmcounter7,drift,seed2,148,0.0
hpmcounter7,drift,seed2,149,0.0
hpmcounter7,drift,seed2,150,0.0
hpmcounter7,drift,seed2,151,0.0
hpmcounter7,drift,seed2,152,0.0
hpmcounter7,drift,seed2,153,0.0
hpmcounter7,drift,seed2,154,0.0
hpmcounter7,drift,seed2,155,0.0
hpmcounter7,drift,seed2,156,0.0
hpmcounter7,drift,seed2,157,0.0
hpmcounter7,drift,seed2,158,0.0
hpmcounter7,drift,seed2,159,0.0
hpmcounter7,drift,seed2,160,0.0
hpmcounter7,drift,seed2,161,0.0
hpmcounter7,drift,seed2,162,0.0
hpmcounter7,drift,seed2,163,0.0
hpmcounter7,drift,seed2,164,0.0
hpmcounter7,drift,seed2,165,0.0
hpmcounter7,drift,seed2,166,0.0
hpmcounter7,drift,seed2,167,0.0
hpmcounter7,drift,seed2,168,0.0
hpmcounter7,drift,seed2,169,0.0
hpmcounter7,drift,seed2,170,0.0
hpmcounter7,drift,seed2,171,0.0
hpmcounter7,drift,seed2,172,0.0
hpmcounter7,drift,seed2,173,0.0
hpmcounter7,drift,seed2,174,0.0
hpmcounter7,drift,seed2,175,0.0
hpmcounter7,drift,seed2,176,0.0
hpmcounter7,drift,seed2,177,0.0
hpmcounter7,drift,seed2,178,0.0
hpmcounter7,drift,seed2,179,0.0
hpmcounter7,drift,seed2,180,0.0
hpmcounter7,drift,seed2,181,0.0
hpmcounter7,drift,seed2,182,0.0
hpmcounter7,drift,seed2,183,0.0
hpmcounter7,drift,seed2,184,0.0
hpmcounter7,drift,seed2,185,0.0
hpmcounter7,drift,seed2,186,0.0
hpmcounter7,drift,seed2,187,0.0
hpmcounter7,drift,seed2,188,0.0
hpmcounter7,drift,seed2,189,0.0
hpmcounter7,drift,seed2,190,0.0
hpmcounter7,drift,seed2,191,0.0
hpmcounter7,drift,seed2,192,0.0
hpmcounter7,drift,seed2,193,0.0
hpmcounter7,drift,seed2,194,0.0
hpmcounter7,drift,seed2,195,0.0
hpmcounter7,drift,seed2,196,0.0
hpmcounter7,drift,seed2,197,0.0
hpmcounter7,drift,seed2,198,0.0
hpmcounter7,drift,seed2,199,0.0
hpmcounter7,drift,seed2,200,0.0
hpmcounter7,drift,seed2,201,0.0
hpmcounter7,drift,seed2,202,0.0
hpmcounter7,drift,seed2,203,0.0
hpmcounter7,drift,seed2,204,0.0
hpmcounter7,drift,seed2,205,0.0
hpmcounter7,drift,seed2,206,0.0
hpmcounter7,drift,seed2,207,0.0
hpmcounter7,drift,seed2,208,0.0
hpmcounter7,drift,seed2,209,0.0
hpmcounter7,drift,seed2,210,0.0
hpmcounter7,drift,seed2,211,0.0
hpmcounter7,drift,seed2,212,0.0
hpmcounter7,drift,seed2,213,0.0
hpmcounter7,drift,seed2,214,0.0
hpmcounter7,drift,seed2,215,0.0
hpmcounter7,drift,seed2,216,0.0
hpmcounter7,drift,seed2,217,0.0
hpmcounter7,drift,seed2,218,0.0
hpmcounter7,drift,seed2,219,0.0
hpmcounter7,drift,seed2,220,0.0
hpmcounter7,drift,seed2,221,0.0
hpmcounter7,drift,seed2,222,0.0
hpmcounter7,drift,seed2,223,0.0
hpmcounter7,drift,seed2,224,0.0
hpmcounter7,drift,seed2,225,0.0
hpmcounter7,drift,seed2,226,0.0
hpmcounter7,drift,seed2,227,0.0
hpmcounter7,drift,seed2,228,0.0
hpmcounter7,drift,seed2,229,0.0
hpmcounter7,drift,seed2,230,0.0
hpmcounter7,drift,seed2,231,0.0
hpmcounter7,drift,seed2,232,0.0
hpmcounter7,drift,seed2,233,0.0
hpmcounter7,drift,seed2,234,0.0
hpmcounter7,drift,seed2,235,0.0
hpmcounter7,drift,seed2,236,0.0
hpmcounter7,drift,seed2,237,0.0
hpmcounter7,drift,seed2,238,0.0
hpmcounter7,drift,seed2,239,0.0
hpmcounter7,drift,seed2,240,0.0
hpmcounter7,drift,seed2,241,0.0
hpmcounter7,drift,seed2,242,0.0
hpmcounter7,drift,seed2,243,0.0
hpmcounter7,drift,seed2,244,0.0
hpmcounter7,drift,seed2,245,0.0
hpmcounter7,drift,seed2,246,0.0
hpmcounter7,drift,seed2,247,0.0
hpmcounter7,drift,seed2,248,0.0
hpmcounter7,drift,seed2,249,0.0
hpmcounter7,drift,seed2,250,0.0
hpmcounter7,drift,seed2,251,0.0
hpmcounter7,drift,seed2,252,0.0
hpmcounter7,drift,seed2,253,0.0
hpmcounter7,drift,seed2,254,0.0
hpmcounter7,drift,seed2,255,0.0
hpmcounter7,drift,seed2,256,0.0
hpmcounter7,drift,seed2,257,0.0
hpmcounter7,drift,seed2,258,0.0
hpmcounter7,drift,seed2,259,0.0
hpmcounter7,drift,seed2,260,0.0
hpmcounter7,drift,seed2,261,0.0
hpmcounter7,drift,seed2,262,0.0
hpmcounter7,drift,seed2,263,0.0
hpmcounter7,drift,seed2,264,0.0
hpmcounter7,drift,seed2,265,0.0
hpmcounter7,drift,seed2,266,0.0
hpmcounter7,drift,seed2,267,0.0
hpmcounter7,drift,seed2,268,0.0
hpmcounter7,drift,seed2,269,0.0
hpmcounter7,drift,seed2,270,0.0
hpmcounter7,drift,seed2,271,0.0
hpmcounter7,drift,seed2,272,0.0
hpmcounter7,drift,seed2,273,0.0
hpmcounter7,drift,seed2,274,0.0
hpmcounter7,drift,seed2,275,0.0
hpmcounter7,drift,seed2,276,0.0
hpmcounter7,drift,seed2,277,0.0
hpmcounter7,drift,seed2,278,0.0
hpmcounter7,drift,seed2,279,0.0
hpmcounter7,drift,seed2,280,0.0
hpmcounter7,drift,seed2,281,0.0
hpmcounter7,drift,seed2,282,0.0
hpmcounter7,drift,seed2,283,0.0
hpmcounter7,drift,seed2,284,0.0
hpmcounter7,drift,seed2,285,0.0
hpmcounter7,drift,seed2,286,0.0
hpmcounter7,drift,seed2,287,0.0
hpmcounter7,drift,seed2,288,0.0
hpmcounter7,drift,seed2,289,0.0
hpmcounter7,drift,seed2,290,0.0
hpmcounter7,drift,seed2,291,0.0
hpmcounter7,drift,seed2,292,0.0
hpmcounter7,drift,seed2,293,0.0
hpmcounter7,drift,seed2,294,0.0
hpmcounter7,drift,seed2,295,0.0
hpmcounter7,drift,seed2,296,0.0
hpmcounter7,drift,seed2,297,0.0
hpmcounter7,drift,seed2,298,0.0
hpmcounter7,drift,seed20,9,0.0
hpmcounter7,drift,seed20,10,0.0
hpmcounter7,drift,seed20,11,0.0
hpmcounter7,drift,seed20,12,0.0
hpmcounter7,drift,seed20,13,0.0
hpmcounter7,drift,seed20,14,0.0
hpmcounter7,drift,seed20,15,0.0
hpmcounter7,drift,seed20,16,0.0
hpmcounter7,drift,seed20,17,0.0
hpmcounter7,drift,seed20,18,0.0
hpmcounter7,drift,seed20,19,0.0
hpmcounter7,drift,seed20,20,0.0
hpmcounter7,drift,seed20,21,0.0
hpmcounter7,drift,seed20,22,0.0
hpmcounter7,drift,seed20,23,0.0
hpmcounter7,drift,seed20,24,0.0
hpmcounter7,drift,seed20,25,0.0
hpmcounter7,drift,seed20,26,0.0
hpmcounter7,drift,seed20,27,0.0
hpmcounter7,drift,seed20,28,0.0
hpmcounter7,drift,seed20,29,0.0
hpmcounter7,drift,seed20,30,0.0
hpmcounter7,drift,seed20,31,0.0
hpmcounter7,drift,seed20,32,0.0
hpmcounter7,drift,seed20,33,0.0
hpmcounter7,drift,seed20,34,0.0
hpmcounter7,drift,seed20,35,0.0
hpmcounter7,drift,seed20,36,0.0
hpmcounter7,drift,seed20,37,0.0
hpmcounter7,drift,seed20,38,0.0
hpmcounter7,drift,seed20,39,0.0
hpmcounter7,drift,seed20,40,0.0
hpmcounter7,drift,seed20,41,0.0
hpmcounter7,drift,seed20,42,0.0
hpmcounter7,drift,seed20,43,0.0
hpmcounter7,drift,seed20,44,0.0
hpmcounter7,drift,seed20,45,0.0
hpmcounter7,drift,seed20,46,0.0
hpmcounter7,drift,seed20,47,0.0
hpmcounter7,drift,seed20,48,0.0
hpmcounter7,drift,seed20,49,0.0
hpmcounter7,drift,seed20,50,0.0
hpmcounter7,drift,seed20,51,0.0
hpmcounter7,drift,seed20,52,0.0
hpmcounter7,drift,seed20,53,0.0
hpmcounter7,drift,seed20,54,0.0
hpmcounter7,drift,seed20,55,0.0
hpmcounter7,drift,seed20,56,0.0
hpmcounter7,drift,seed20,57,0.0
hpmcounter7,drift,seed20,58,0.0
hpmcounter7,drift,seed20,59,0.0
hpmcounter7,drift,seed20,60,0.0
hpmcounter7,drift,seed20,61,0.0
hpmcounter7,drift,seed20,62,0.0
hpmcounter7,drift,seed20,63,0.0
hpmcounter7,drift,seed20,64,0.0
hpmcounter7,drift,seed20,65,0.0
hpmcounter7,drift,seed20,66,0.0
hpmcounter7,drift,seed20,67,0.0
hpmcounter7,drift,seed20,68,0.0
hpmcounter7,drift,seed20,69,0.0
hpmcounter7,drift,seed20,70,0.0
hpmcounter7,drift,seed20,71,0.0
hpmcounter7,drift,seed20,72,0.0
hpmcounter7,drift,seed20,73,0.0
hpmcounter7,drift,seed20,74,0.0
hpmcounter7,drift,seed20,75,0.0
hpmcounter7,drift,seed20,76,0.0
hpmcounter7,drift,seed20,77,0.0
hpmcounter7,drift,seed20,78,0.0
hpmcounter7,drift,seed20,79,0.0
hpmcounter7,drift,seed20,80,0.0
hpmcounter7,drift,seed20,81,0.0
hpmcounter7,drift,seed20,82,0.0
hpmcounter7,drift,seed20,83,0.0
hpmcounter7,drift,seed20,84,0.0
hpmcounter7,drift,seed20,85,0.0
hpmcounter7,drift,seed20,86,0.0
hpmcounter7,drift,seed20,87,0.0
hpmcounter7,drift,seed20,88,0.0
hpmcounter7,drift,seed20,89,0.0
hpmcounter7,drift,seed20,90,0.0
hpmcounter7,drift,seed20,91,0.0
hpmcounter7,drift,seed20,92,0.0
hpmcounter7,drift,seed20,93,0.0
hpmcounter7,drift,seed20,94,0.0
hpmcounter7,drift,seed20,95,0.0
hpmcounter7,drift,seed20,96,0.0
hpmcounter7,drift,seed20,97,0.0
hpmcounter7,drift,seed20,98,0.0
hpmcounter7,drift,seed20,99,0.0
hpmcounter7,drift,seed20,100,0.0
hpmcounter7,drift,seed20,101,0.0
hpmcounter7,drift,seed20,102,0.0
hpmcounter7,drift,seed20,103,0.0
hpmcounter7,drift,seed20,104,0.0
hpmcounter7,drift,seed20,105,0.0
hpmcounter7,drift,seed20,106,0.0
hpmcounter7,drift,seed20,107,0.0
hpmcounter7,drift,seed20,108,0.0
hpmcounter7,drift,seed20,109,0.0
hpmcounter7,drift,seed20,110,0.0
hpmcounter7,drift,seed20,111,0.0
hpmcounter7,drift,seed20,112,0.0
hpmcounter7,drift,seed20,113,0.0
hpmcounter7,drift,seed20,114,0.0
hpmcounter7,drift,seed20,115,0.0
hpmcounter7,drift,seed20,116,0.0
hpmcounter7,drift,seed20,117,0.0
hpmcounter7,drift,seed20,118,0.0
hpmcounter7,drift,seed20,119,0.0
hpmcounter7,drift,seed20,120,0.0
hpmcounter7,drift,seed20,121,0.0
hpmcounter7,drift,seed20,122,0.0
hpmcounter7,drift,seed20,123,0.0
hpmcounter7,drift,seed20,124,0.0
hpmcounter7,drift,seed20,125,0.0
hpmcounter7,drift,seed20,126,0.0
hpmcounter7,drift,seed20,127,0.0
hpmcounter7,drift,seed20,128,0.0
hpmcounter7,drift,seed20,129,0.0
hpmcounter7,drift,seed20,130,0.0
hpmcounter7,drift,seed20,131,0.0
hpmcounter7,drift,seed20,132,0.0
hpmcounter7,drift,seed20,133,0.0
hpmcounter7,drift,seed20,134,0.0
hpmcounter7,drift,seed20,135,0.0
hpmcounter7,drift,seed20,136,0.0
hpmcounter7,drift,seed20,137,0.0
hpmcounter7,drift,seed20,138,0.0
hpmcounter7,drift,seed20,139,0.0
hpmcounter7,drift,seed20,140,0.0
hpmcounter7,drift,seed20,141,0.0
hpmcounter7,drift,seed20,142,0.0
hpmcounter7,drift,seed20,143,0.0
hpmcounter7,drift,seed20,144,0.0
hpmcounter7,drift,seed20,145,0.0
hpmcounter7,drift,seed20,146,0.0
hpmcounter7,drift,seed20,147,0.0
hpmcounter7,drift,seed20,148,0.0
hpmcounter7,drift,seed20,149,0.0
hpmcounter7,drift,seed20,150,0.0
hpmcounter7,drift,seed20,151,0.0
hpmcounter7,drift,seed20,152,0.0
hpmcounter7,drift,seed20,153,0.0
hpmcounter7,drift,seed20,154,0.0
hpmcounter7,drift,seed20,155,0.0
hpmcounter7,drift,seed20,156,0.0
hpmcounter7,drift,seed20,157,0.0
hpmcounter7,drift,seed20,158,0.0
hpmcounter7,drift,seed20,159,0.0
hpmcounter7,drift,seed20,160,0.0
hpmcounter7,drift,seed20,161,0.0
hpmcounter7,drift,seed20,162,0.0
hpmcounter7,drift,seed20,163,0.0
hpmcounter7,drift,seed20,164,0.0
hpmcounter7,drift,seed20,165,0.0
hpmcounter7,drift,seed20,166,0.0
hpmcounter7,drift,seed20,167,0.0
hpmcounter7,drift,seed20,168,0.0
hpmcounter7,drift,seed20,169,0.0
hpmcounter7,drift,seed20,170,0.0
hpmcounter7,drift,seed20,171,0.0
hpmcounter7,drift,seed20,172,0.0
hpmcounter7,drift,seed20,173,0.0
hpmcounter7,drift,seed20,174,0.0
hpmcounter7,drift,seed20,175,0.0
hpmcounter7,drift,seed20,176,0.0
hpmcounter7,drift,seed20,177,0.0
hpmcounter7,drift,seed20,178,0.0
hpmcounter7,drift,seed20,179,0.0
hpmcounter7,drift,seed20,180,0.0
hpmcounter7,drift,seed20,181,0.0
hpmcounter7,drift,seed20,182,0.0
hpmcounter7,drift,seed20,183,0.0
hpmcounter7,drift,seed20,184,0.0
hpmcounter7,drift,seed20,185,0.0
hpmcounter7,drift,seed20,186,0.0
hpmcounter7,drift,seed20,187,0.0
hpmcounter7,drift,seed20,188,0.0
hpmcounter7,drift,seed20,189,0.0
hpmcounter7,drift,seed20,190,0.0
hpmcounter7,drift,seed20,191,0.0
hpmcounter7,drift,seed20,192,0.0
hpmcounter7,drift,seed20,193,0.0
hpmcounter7,drift,seed20,194,0.0
hpmcounter7,drift,seed20,195,0.0
hpmcounter7,drift,seed20,196,0.0
hpmcounter7,drift,seed20,197,0.0
hpmcounter7,drift,seed20,198,0.0
hpmcounter7,drift,seed20,199,0.0
hpmcounter7,drift,seed20,200,0.0
hpmcounter7,drift,seed20,201,0.0
hpmcounter7,drift,seed20,202,0.0
hpmcounter7,drift,seed20,203,0.0
hpmcounter7,drift,seed20,204,0.0
hpmcounter7,drift,seed20,205,0.0
hpmcounter7,drift,seed20,206,0.0
hpmcounter7,drift,seed20,207,0.0
hpmcounter7,drift,seed20,208,0.0
hpmcounter7,drift,seed20,209,0.0
hpmcounter7,drift,seed20,210,0.0
hpmcounter7,drift,seed20,211,0.0
hpmcounter7,drift,seed20,212,0.0
hpmcounter7,drift,seed20,213,0.0
hpmcounter7,drift,seed20,214,0.0
hpmcounter7,drift,seed20,215,0.0
hpmcounter7,drift,seed20,216,0.0
hpmcounter7,drift,seed20,217,0.0
hpmcounter7,drift,seed20,218,0.0
hpmcounter7,drift,seed20,219,0.0
hpmcounter7,drift,seed20,220,0.0
hpmcounter7,drift,seed20,221,0.0
hpmcounter7,drift,seed20,222,0.0
hpmcounter7,drift,seed20,223,0.0
hpmcounter7,drift,seed20,224,0.0
hpmcounter7,drift,seed20,225,0.0
hpmcounter7,drift,seed20,226,0.0
hpmcounter7,drift,seed20,227,0.0
hpmcounter7,drift,seed20,228,0.0
hpmcounter7,drift,seed20,229,0.0
hpmcounter7,drift,seed20,230,0.0
hpmcounter7,drift,seed20,231,0.0
hpmcounter7,drift,seed20,232,0.0
hpmcounter7,drift,seed20,233,0.0
hpmcounter7,drift,seed20,234,0.0
hpmcounter7,drift,seed20,235,0.0
hpmcounter7,drift,seed20,236,0.0
hpmcounter7,drift,seed20,237,0.0
hpmcounter7,drift,seed20,238,0.0
hpmcounter7,drift,seed20,239,0.0
hpmcounter7,drift,seed20,240,0.0
hpmcounter7,drift,seed20,241,0.0
hpmcounter7,drift,seed20,242,0.0
hpmcounter7,drift,seed20,243,0.0
hpmcounter7,drift,seed20,244,0.0
hpmcounter7,drift,seed20,245,0.0
hpmcounter7,drift,seed20,246,0.0
hpmcounter7,drift,seed20,247,0.0
hpmcounter7,drift,seed20,248,0.0
hpmcounter7,drift,seed20,249,0.0
hpmcounter7,drift,seed20,250,0.0
hpmcounter7,drift,seed20,251,0.0
hpmcounter7,drift,seed20,252,0.0
hpmcounter7,drift,seed20,253,0.0
hpmcounter7,drift,seed20,254,0.0
hpmcounter7,drift,seed20,255,0.0
hpmcounter7,drift,seed20,256,0.0
hpmcounter7,drift,seed20,257,0.0
hpmcounter7,drift,seed20,258,0.0
hpmcounter7,drift,seed20,259,0.0
hpmcounter7,drift,seed20,260,0.0
hpmcounter7,drift,seed20,261,0.0
hpmcounter7,drift,seed20,262,0.0
hpmcounter7,drift,seed20,263,0.0
hpmcounter7,drift,seed20,264,0.0
hpmcounter7,drift,seed20,265,0.0
hpmcounter7,drift,seed20,266,0.0
hpmcounter7,drift,seed20,267,0.0
hpmcounter7,drift,seed20,268,0.0
hpmcounter7,drift,seed20,269,0.0
hpmcounter7,drift,seed20,270,0.0
hpmcounter7,drift,seed20,271,0.0
hpmcounter7,drift,seed20,272,0.0
hpmcounter7,drift,seed20,273,0.0
hpmcounter7,drift,seed20,274,0.0
hpmcounter7,drift,seed20,275,0.0
hpmcounter7,drift,seed20,276,0.0
hpmcounter7,drift,seed20,277,0.0
hpmcounter7,drift,seed20,278,0.0
hpmcounter7,drift,seed20,279,0.0
hpmcounter7,drift,seed20,280,0.0
hpmcounter7,drift,seed20,281,0.0
hpmcounter7,drift,seed20,282,0.0
hpmcounter7,drift,seed20,283,0.0
hpmcounter7,drift,seed20,284,0.0
hpmcounter7,drift,seed20,285,0.0
hpmcounter7,drift,seed20,286,0.0
hpmcounter7,drift,seed20,287,0.0
hpmcounter7,drift,seed20,288,0.0
hpmcounter7,drift,seed20,289,0.0
hpmcounter7,drift,seed20,290,0.0
hpmcounter7,drift,seed20,291,0.0
hpmcounter7,drift,seed20,292,0.0
hpmcounter7,drift,seed20,293,0.0
hpmcounter7,drift,seed20,294,0.0
hpmcounter7,drift,seed20,295,0.0
hpmcounter7,drift,seed20,296,0.0
hpmcounter7,drift,seed20,297,0.0
hpmcounter7,drift,seed20,298,0.0
hpmcounter7,drift,seed3,9,0.0
hpmcounter7,drift,seed3,10,0.0
hpmcounter7,drift,seed3,11,0.0
hpmcounter7,drift,seed3,12,0.0
hpmcounter7,drift,seed3,13,0.0
hpmcounter7,drift,seed3,14,0.0
hpmcounter7,drift,seed3,15,0.0
hpmcounter7,drift,seed3,16,0.0
hpmcounter7,drift,seed3,17,0.0
hpmcounter7,drift,seed3,18,0.0
hpmcounter7,drift,seed3,19,0.0
hpmcounter7,drift,seed3,20,0.0
hpmcounter7,drift,seed3,21,0.0
hpmcounter7,drift,seed3,22,0.0
hpmcounter7,drift,seed3,23,0.0
hpmcounter7,drift,seed3,24,0.0
hpmcounter7,drift,seed3,25,0.0
hpmcounter7,drift,seed3,26,0.0
hpmcounter7,drift,seed3,27,0.0
hpmcounter7,drift,seed3,28,0.0
hpmcounter7,drift,seed3,29,0.0
hpmcounter7,drift,seed3,30,0.0
hpmcounter7,drift,seed3,31,0.0
hpmcounter7,drift,seed3,32,0.0
hpmcounter7,drift,seed3,33,0.0
hpmcounter7,drift,seed3,34,0.0
hpmcounter7,drift,seed3,35,0.0
hpmcounter7,drift,seed3,36,0.0
hpmcounter7,drift,seed3,37,0.0
hpmcounter7,drift,seed3,38,0.0
hpmcounter7,drift,seed3,39,0.0
hpmcounter7,drift,seed3,40,0.0
hpmcounter7,drift,seed3,41,0.0
hpmcounter7,drift,seed3,42,0.0
hpmcounter7,drift,seed3,43,0.0
hpmcounter7,drift,seed3,44,0.0
hpmcounter7,drift,seed3,45,0.0
hpmcounter7,drift,seed3,46,0.0
hpmcounter7,drift,seed3,47,0.0
hpmcounter7,drift,seed3,48,0.0
hpmcounter7,drift,seed3,49,0.0
hpmcounter7,drift,seed3,50,0.0
hpmcounter7,drift,seed3,51,0.0
hpmcounter7,drift,seed3,52,0.0
hpmcounter7,drift,seed3,53,0.0
hpmcounter7,drift,seed3,54,0.0
hpmcounter7,drift,seed3,55,0.0
hpmcounter7,drift,seed3,56,0.0
hpmcounter7,drift,seed3,57,0.0
hpmcounter7,drift,seed3,58,0.0
hpmcounter7,drift,seed3,59,0.0
hpmcounter7,drift,seed3,60,0.0
hpmcounter7,drift,seed3,61,0.0
hpmcounter7,drift,seed3,62,0.0
hpmcounter7,drift,seed3,63,0.0
hpmcounter7,drift,seed3,64,0.0
hpmcounter7,drift,seed3,65,0.0
hpmcounter7,drift,seed3,66,0.0
hpmcounter7,drift,seed3,67,0.0
hpmcounter7,drift,seed3,68,0.0
hpmcounter7,drift,seed3,69,0.0
hpmcounter7,drift,seed3,70,0.0
hpmcounter7,drift,seed3,71,0.0
hpmcounter7,drift,seed3,72,0.0
hpmcounter7,drift,seed3,73,0.0
hpmcounter7,drift,seed3,74,0.0
hpmcounter7,drift,seed3,75,0.0
hpmcounter7,drift,seed3,76,0.0
hpmcounter7,drift,seed3,77,0.0
hpmcounter7,drift,seed3,78,0.0
hpmcounter7,drift,seed3,79,0.0
hpmcounter7,drift,seed3,80,0.0
hpmcounter7,drift,seed3,81,0.0
hpmcounter7,drift,seed3,82,0.0
hpmcounter7,drift,seed3,83,0.0
hpmcounter7,drift,seed3,84,0.0
hpmcounter7,drift,seed3,85,0.0
hpmcounter7,drift,seed3,86,0.0
hpmcounter7,drift,seed3,87,0.0
hpmcounter7,drift,seed3,88,0.0
hpmcounter7,drift,seed3,89,0.0
hpmcounter7,drift,seed3,90,0.0
hpmcounter7,drift,seed3,91,0.0
hpmcounter7,drift,seed3,92,0.0
hpmcounter7,drift,seed3,93,0.0
hpmcounter7,drift,seed3,94,0.0
hpmcounter7,drift,seed3,95,0.0
hpmcounter7,drift,seed3,96,0.0
hpmcounter7,drift,seed3,97,0.0
hpmcounter7,drift,seed3,98,0.0
hpmcounter7,drift,seed3,99,0.0
hpmcounter7,drift,seed3,100,0.0
hpmcounter7,drift,seed3,101,0.0
hpmcounter7,drift,seed3,102,0.0
hpmcounter7,drift,seed3,103,0.0
hpmcounter7,drift,seed3,104,0.0
hpmcounter7,drift,seed3,105,0.0
hpmcounter7,drift,seed3,106,0.0
hpmcounter7,drift,seed3,107,0.0
hpmcounter7,drift,seed3,108,0.0
hpmcounter7,drift,seed3,109,0.0
hpmcounter7,drift,seed3,110,0.0
hpmcounter7,drift,seed3,111,0.0
hpmcounter7,drift,seed3,112,0.0
hpmcounter7,drift,seed3,113,0.0
hpmcounter7,drift,seed3,114,0.0
hpmcounter7,drift,seed3,115,0.0
hpmcounter7,drift,seed3,116,0.0
hpmcounter7,drift,seed3,117,0.0
hpmcounter7,drift,seed3,118,0.0
hpmcounter7,drift,seed3,119,0.0
hpmcounter7,drift,seed3,120,0.0
hpmcounter7,drift,seed3,121,0.0
hpmcounter7,drift,seed3,122,0.0
hpmcounter7,drift,seed3,123,0.0
hpmcounter7,drift,seed3,124,0.0
hpmcounter7,drift,seed3,125,0.0
hpmcounter7,drift,seed3,126,0.0
hpmcounter7,drift,seed3,127,0.0
hpmcounter7,drift,seed3,128,0.0
hpmcounter7,drift,seed3,129,0.0
hpmcounter7,drift,seed3,130,0.0
hpmcounter7,drift,seed3,131,0.0
hpmcounter7,drift,seed3,132,0.0
hpmcounter7,drift,seed3,133,0.0
hpmcounter7,drift,seed3,134,0.0
hpmcounter7,drift,seed3,135,0.0
hpmcounter7,drift,seed3,136,0.0
hpmcounter7,drift,seed3,137,0.0
hpmcounter7,drift,seed3,138,0.0
hpmcounter7,drift,seed3,139,0.0
hpmcounter7,drift,seed3,140,0.0
hpmcounter7,drift,seed3,141,0.0
hpmcounter7,drift,seed3,142,0.0
hpmcounter7,drift,seed3,143,0.0
hpmcounter7,drift,seed3,144,0.0
hpmcounter7,drift,seed3,145,0.0
hpmcounter7,drift,seed3,146,0.0
hpmcounter7,drift,seed3,147,0.0
hpmcounter7,drift,seed3,148,0.0
hpmcounter7,drift,seed3,149,0.0
hpmcounter7,drift,seed3,150,0.0
hpmcounter7,drift,seed3,151,0.0
hpmcounter7,drift,seed3,152,0.0
hpmcounter7,drift,seed3,153,0.0
hpmcounter7,drift,seed3,154,0.0
hpmcounter7,drift,seed3,155,0.0
hpmcounter7,drift,seed3,156,0.0
hpmcounter7,drift,seed3,157,0.0
hpmcounter7,drift,seed3,158,0.0
hpmcounter7,drift,seed3,159,0.0
hpmcounter7,drift,seed3,160,0.0
hpmcounter7,drift,seed3,161,0.0
hpmcounter7,drift,seed3,162,0.0
hpmcounter7,drift,seed3,163,0.0
hpmcounter7,drift,seed3,164,0.0
hpmcounter7,drift,seed3,165,0.0
hpmcounter7,drift,seed3,166,0.0
hpmcounter7,drift,seed3,167,0.0
hpmcounter7,drift,seed3,168,0.0
hpmcounter7,drift,seed3,169,0.0
hpmcounter7,drift,seed3,170,0.0
hpmcounter7,drift,seed3,171,0.0
hpmcounter7,drift,seed3,172,0.0
hpmcounter7,drift,seed3,173,0.0
hpmcounter7,drift,seed3,174,0.0
hpmcounter7,drift,seed3,175,0.0
hpmcounter7,drift,seed3,176,0.0
hpmcounter7,drift,seed3,177,0.0
hpmcounter7,drift,seed3,178,0.0
hpmcounter7,drift,seed3,179,0.0
hpmcounter7,drift,seed3,180,0.0
hpmcounter7,drift,seed3,181,0.0
hpmcounter7,drift,seed3,182,0.0
hpmcounter7,drift,seed3,183,0.0
hpmcounter7,drift,seed3,184,0.0
hpmcounter7,drift,seed3,185,0.0
hpmcounter7,drift,seed3,186,0.0
hpmcounter7,drift,seed3,187,0.0
hpmcounter7,drift,seed3,188,0.0
hpmcounter7,drift,seed3,189,0.0
hpmcounter7,drift,seed3,190,0.0
hpmcounter7,drift,seed3,191,0.0
hpmcounter7,drift,seed3,192,0.0
hpmcounter7,drift,seed3,193,0.0
hpmcounter7,drift,seed3,194,0.0
hpmcounter7,drift,seed3,195,0.0
hpmcounter7,drift,seed3,196,0.0
hpmcounter7,drift,seed3,197,0.0
hpmcounter7,drift,seed3,198,0.0
hpmcounter7,drift,seed3,199,0.0
hpmcounter7,drift,seed3,200,0.0
hpmcounter7,drift,seed3,201,0.0
hpmcounter7,drift,seed3,202,0.0
hpmcounter7,drift,seed3,203,0.0
hpmcounter7,drift,seed3,204,0.0
hpmcounter7,drift,seed3,205,0.0
hpmcounter7,drift,seed3,206,0.0
hpmcounter7,drift,seed3,207,0.0
hpmcounter7,drift,seed3,208,0.0
hpmcounter7,drift,seed3,209,0.0
hpmcounter7,drift,seed3,210,0.0
hpmcounter7,drift,seed3,211,0.0
hpmcounter7,drift,seed3,212,0.0
hpmcounter7,drift,seed3,213,0.0
hpmcounter7,drift,seed3,214,0.0
hpmcounter7,drift,seed3,215,0.0
hpmcounter7,drift,seed3,216,0.0
hpmcounter7,drift,seed3,217,0.0
hpmcounter7,drift,seed3,218,0.0
hpmcounter7,drift,seed3,219,0.0
hpmcounter7,drift,seed3,220,0.0
hpmcounter7,drift,seed3,221,0.0
hpmcounter7,drift,seed3,222,0.0
hpmcounter7,drift,seed3,223,0.0
hpmcounter7,drift,seed3,224,0.0
hpmcounter7,drift,seed3,225,0.0
hpmcounter7,drift,seed3,226,0.0
hpmcounter7,drift,seed3,227,0.0
hpmcounter7,drift,seed3,228,0.0
hpmcounter7,drift,seed3,229,0.0
hpmcounter7,drift,seed3,230,0.0
hpmcounter7,drift,seed3,231,0.0
hpmcounter7,drift,seed3,232,0.0
hpmcounter7,drift,seed3,233,0.0
hpmcounter7,drift,seed3,234,0.0
hpmcounter7,drift,seed3,235,0.0
hpmcounter7,drift,seed3,236,0.0
hpmcounter7,drift,seed3,237,0.0
hpmcounter7,drift,seed3,238,0.0
hpmcounter7,drift,seed3,239,0.0
hpmcounter7,drift,seed3,240,0.0
hpmcounter7,drift,seed3,241,0.0
hpmcounter7,drift,seed3,242,0.0
hpmcounter7,drift,seed3,243,0.0
hpmcounter7,drift,seed3,244,0.0
hpmcounter7,drift,seed3,245,0.0
hpmcounter7,drift,seed3,246,0.0
hpmcounter7,drift,seed3,247,0.0
hpmcounter7,drift,seed3,248,0.0
hpmcounter7,drift,seed3,249,0.0
hpmcounter7,drift,seed3,250,0.0
hpmcounter7,drift,seed3,251,0.0
hpmcounter7,drift,seed3,252,0.0
hpmcounter7,drift,seed3,253,0.0
hpmcounter7,drift,seed3,254,0.0
hpmcounter7,drift,seed3,255,0.0
hpmcounter7,drift,seed3,256,0.0
hpmcounter7,drift,seed3,257,0.0
hpmcounter7,drift,seed3,258,0.0
hpmcounter7,drift,seed3,259,0.0
hpmcounter7,drift,seed3,260,0.0
hpmcounter7,drift,seed3,261,0.0
hpmcounter7,drift,seed3,262,0.0
hpmcounter7,drift,seed3,263,0.0
hpmcounter7,drift,seed3,264,0.0
hpmcounter7,drift,seed3,265,0.0
hpmcounter7,drift,seed3,266,0.0
hpmcounter7,drift,seed3,267,0.0
hpmcounter7,drift,seed3,268,0.0
hpmcounter7,drift,seed3,269,0.0
hpmcounter7,drift,seed3,270,0.0
hpmcounter7,drift,seed3,271,0.0
hpmcounter7,drift,seed3,272,0.0
hpmcounter7,drift,seed3,273,0.0
hpmcounter7,drift,seed3,274,0.0
hpmcounter7,drift,seed3,275,0.0
hpmcounter7,drift,seed3,276,0.0
hpmcounter7,drift,seed3,277,0.0
hpmcounter7,drift,seed3,278,0.0
hpmcounter7,drift,seed3,279,0.0
hpmcounter7,drift,seed3,280,0.0
hpmcounter7,drift,seed3,281,0.0
hpmcounter7,drift,seed3,282,0.0
hpmcounter7,drift,seed3,283,0.0
hpmcounter7,drift,seed3,284,0.0
hpmcounter7,drift,seed3,285,0.0
hpmcounter7,drift,seed3,286,0.0
hpmcounter7,drift,seed3,287,0.0
hpmcounter7,drift,seed3,288,0.0
hpmcounter7,drift,seed3,289,0.0
hpmcounter7,drift,seed3,290,0.0
hpmcounter7,drift,seed3,291,0.0
hpmcounter7,drift,seed3,292,0.0
hpmcounter7,drift,seed3,293,0.0
hpmcounter7,drift,seed3,294,0.0
hpmcounter7,drift,seed3,295,0.0
hpmcounter7,drift,seed3,296,0.0
hpmcounter7,drift,seed3,297,0.0
hpmcounter7,drift,seed3,298,0.0
hpmcounter7,drift,seed4,9,0.0
hpmcounter7,drift,seed4,10,0.0
hpmcounter7,drift,seed4,11,0.0
hpmcounter7,drift,seed4,12,0.0
hpmcounter7,drift,seed4,13,0.0
hpmcounter7,drift,seed4,14,0.0
hpmcounter7,drift,seed4,15,0.0
hpmcounter7,drift,seed4,16,0.0
hpmcounter7,drift,seed4,17,0.0
hpmcounter7,drift,seed4,18,0.0
hpmcounter7,drift,seed4,19,0.0
hpmcounter7,drift,seed4,20,0.0
hpmcounter7,drift,seed4,21,0.0
hpmcounter7,drift,seed4,22,0.0
hpmcounter7,drift,seed4,23,0.0
hpmcounter7,drift,seed4,24,0.0
hpmcounter7,drift,seed4,25,0.0
hpmcounter7,drift,seed4,26,0.0
hpmcounter7,drift,seed4,27,0.0
hpmcounter7,drift,seed4,28,0.0
hpmcounter7,drift,seed4,29,0.0
hpmcounter7,drift,seed4,30,0.0
hpmcounter7,drift,seed4,31,0.0
hpmcounter7,drift,seed4,32,0.0
hpmcounter7,drift,seed4,33,0.0
hpmcounter7,drift,seed4,34,0.0
hpmcounter7,drift,seed4,35,0.0
hpmcounter7,drift,seed4,36,0.0
hpmcounter7,drift,seed4,37,0.0
hpmcounter7,drift,seed4,38,0.0
hpmcounter7,drift,seed4,39,0.0
hpmcounter7,drift,seed4,40,0.0
hpmcounter7,drift,seed4,41,0.0
hpmcounter7,drift,seed4,42,0.0
hpmcounter7,drift,seed4,43,0.0
hpmcounter7,drift,seed4,44,0.0
hpmcounter7,drift,seed4,45,0.0
hpmcounter7,drift,seed4,46,0.0
hpmcounter7,drift,seed4,47,0.0
hpmcounter7,drift,seed4,48,0.0
hpmcounter7,drift,seed4,49,0.0
hpmcounter7,drift,seed4,50,0.0
hpmcounter7,drift,seed4,51,0.0
hpmcounter7,drift,seed4,52,0.0
hpmcounter7,drift,seed4,53,0.0
hpmcounter7,drift,seed4,54,0.0
hpmcounter7,drift,seed4,55,0.0
hpmcounter7,drift,seed4,56,0.0
hpmcounter7,drift,seed4,57,0.0
hpmcounter7,drift,seed4,58,0.0
hpmcounter7,drift,seed4,59,0.0
hpmcounter7,drift,seed4,60,0.0
hpmcounter7,drift,seed4,61,0.0
hpmcounter7,drift,seed4,62,0.0
hpmcounter7,drift,seed4,63,0.0
hpmcounter7,drift,seed4,64,0.0
hpmcounter7,drift,seed4,65,0.0
hpmcounter7,drift,seed4,66,0.0
hpmcounter7,drift,seed4,67,0.0
hpmcounter7,drift,seed4,68,0.0
hpmcounter7,drift,seed4,69,0.0
hpmcounter7,drift,seed4,70,0.0
hpmcounter7,drift,seed4,71,0.0
hpmcounter7,drift,seed4,72,0.0
hpmcounter7,drift,seed4,73,0.0
hpmcounter7,drift,seed4,74,0.0
hpmcounter7,drift,seed4,75,0.0
hpmcounter7,drift,seed4,76,0.0
hpmcounter7,drift,seed4,77,0.0
hpmcounter7,drift,seed4,78,0.0
hpmcounter7,drift,seed4,79,0.0
hpmcounter7,drift,seed4,80,0.0
hpmcounter7,drift,seed4,81,0.0
hpmcounter7,drift,seed4,82,0.0
hpmcounter7,drift,seed4,83,0.0
hpmcounter7,drift,seed4,84,0.0
hpmcounter7,drift,seed4,85,0.0
hpmcounter7,drift,seed4,86,0.0
hpmcounter7,drift,seed4,87,0.0
hpmcounter7,drift,seed4,88,0.0
hpmcounter7,drift,seed4,89,0.0
hpmcounter7,drift,seed4,90,0.0
hpmcounter7,drift,seed4,91,0.0
hpmcounter7,drift,seed4,92,0.0
hpmcounter7,drift,seed4,93,0.0
hpmcounter7,drift,seed4,94,0.0
hpmcounter7,drift,seed4,95,0.0
hpmcounter7,drift,seed4,96,0.0
hpmcounter7,drift,seed4,97,0.0
hpmcounter7,drift,seed4,98,0.0
hpmcounter7,drift,seed4,99,0.0
hpmcounter7,drift,seed4,100,0.0
hpmcounter7,drift,seed4,101,0.0
hpmcounter7,drift,seed4,102,0.0
hpmcounter7,drift,seed4,103,0.0
hpmcounter7,drift,seed4,104,0.0
hpmcounter7,drift,seed4,105,0.0
hpmcounter7,drift,seed4,106,0.0
hpmcounter7,drift,seed4,107,0.0
hpmcounter7,drift,seed4,108,0.0
hpmcounter7,drift,seed4,109,0.0
hpmcounter7,drift,seed4,110,0.0
hpmcounter7,drift,seed4,111,0.0
hpmcounter7,drift,seed4,112,0.0
hpmcounter7,drift,seed4,113,0.0
hpmcounter7,drift,seed4,114,0.0
hpmcounter7,drift,seed4,115,0.0
hpmcounter7,drift,seed4,116,0.0
hpmcounter7,drift,seed4,117,0.0
hpmcounter7,drift,seed4,118,0.0
hpmcounter7,drift,seed4,119,0.0
hpmcounter7,drift,seed4,120,0.0
hpmcounter7,drift,seed4,121,0.0
hpmcounter7,drift,seed4,122,0.0
hpmcounter7,drift,seed4,123,0.0
hpmcounter7,drift,seed4,124,0.0
hpmcounter7,drift,seed4,125,0.0
hpmcounter7,drift,seed4,126,0.0
hpmcounter7,drift,seed4,127,0.0
hpmcounter7,drift,seed4,128,0.0
hpmcounter7,drift,seed4,129,0.0
hpmcounter7,drift,seed4,130,0.0
hpmcounter7,drift,seed4,131,0.0
hpmcounter7,drift,seed4,132,0.0
hpmcounter7,drift,seed4,133,0.0
hpmcounter7,drift,seed4,134,0.0
hpmcounter7,drift,seed4,135,0.0
hpmcounter7,drift,seed4,136,0.0
hpmcounter7,drift,seed4,137,0.0
hpmcounter7,drift,seed4,138,0.0
hpmcounter7,drift,seed4,139,0.0
hpmcounter7,drift,seed4,140,0.0
hpmcounter7,drift,seed4,141,0.0
hpmcounter7,drift,seed4,142,0.0
hpmcounter7,drift,seed4,143,0.0
hpmcounter7,drift,seed4,144,0.0
hpmcounter7,drift,seed4,145,0.0
hpmcounter7,drift,seed4,146,0.0
hpmcounter7,drift,seed4,147,0.0
hpmcounter7,drift,seed4,148,0.0
hpmcounter7,drift,seed4,149,0.0
hpmcounter7,drift,seed4,150,0.0
hpmcounter7,drift,seed4,151,0.0
hpmcounter7,drift,seed4,152,0.0
hpmcounter7,drift,seed4,153,0.0
hpmcounter7,drift,seed4,154,0.0
hpmcounter7,drift,seed4,155,0.0
hpmcounter7,drift,seed4,156,0.0
hpmcounter7,drift,seed4,157,0.0
hpmcounter7,drift,seed4,158,0.0
hpmcounter7,drift,seed4,159,0.0
hpmcounter7,drift,seed4,160,0.0
hpmcounter7,drift,seed4,161,0.0
hpmcounter7,drift,seed4,162,0.0
hpmcounter7,drift,seed4,163,0.0
hpmcounter7,drift,seed4,164,0.0
hpmcounter7,drift,seed4,165,0.0
hpmcounter7,drift,seed4,166,0.0
hpmcounter7,drift,seed4,167,0.0
hpmcounter7,drift,seed4,168,0.0
hpmcounter7,drift,seed4,169,0.0
hpmcounter7,drift,seed4,170,0.0
hpmcounter7,drift,seed4,171,0.0
hpmcounter7,drift,seed4,172,0.0
hpmcounter7,drift,seed4,173,0.0
hpmcounter7,drift,seed4,174,0.0
hpmcounter7,drift,seed4,175,0.0
hpmcounter7,drift,seed4,176,0.0
hpmcounter7,drift,seed4,177,0.0
hpmcounter7,drift,seed4,178,0.0
hpmcounter7,drift,seed4,179,0.0
hpmcounter7,drift,seed4,180,0.0
hpmcounter7,drift,seed4,181,0.0
hpmcounter7,drift,seed4,182,0.0
hpmcounter7,drift,seed4,183,0.0
hpmcounter7,drift,seed4,184,0.0
hpmcounter7,drift,seed4,185,0.0
hpmcounter7,drift,seed4,186,0.0
hpmcounter7,drift,seed4,187,0.0
hpmcounter7,drift,seed4,188,0.0
hpmcounter7,drift,seed4,189,0.0
hpmcounter7,drift,seed4,190,0.0
hpmcounter7,drift,seed4,191,0.0
hpmcounter7,drift,seed4,192,0.0
hpmcounter7,drift,seed4,193,0.0
hpmcounter7,drift,seed4,194,0.0
hpmcounter7,drift,seed4,195,0.0
hpmcounter7,drift,seed4,196,0.0
hpmcounter7,drift,seed4,197,0.0
hpmcounter7,drift,seed4,198,0.0
hpmcounter7,drift,seed4,199,0.0
hpmcounter7,drift,seed4,200,0.0
hpmcounter7,drift,seed4,201,0.0
hpmcounter7,drift,seed4,202,0.0
hpmcounter7,drift,seed4,203,0.0
hpmcounter7,drift,seed4,204,0.0
hpmcounter7,drift,seed4,205,0.0
hpmcounter7,drift,seed4,206,0.0
hpmcounter7,drift,seed4,207,0.0
hpmcounter7,drift,seed4,208,0.0
hpmcounter7,drift,seed4,209,0.0
hpmcounter7,drift,seed4,210,0.0
hpmcounter7,drift,seed4,211,0.0
hpmcounter7,drift,seed4,212,0.0
hpmcounter7,drift,seed4,213,0.0
hpmcounter7,drift,seed4,214,0.0
hpmcounter7,drift,seed4,215,0.0
hpmcounter7,drift,seed4,216,0.0
hpmcounter7,drift,seed4,217,0.0
hpmcounter7,drift,seed4,218,0.0
hpmcounter7,drift,seed4,219,0.0
hpmcounter7,drift,seed4,220,0.0
hpmcounter7,drift,seed4,221,0.0
hpmcounter7,drift,seed4,222,0.0
hpmcounter7,drift,seed4,223,0.0
hpmcounter7,drift,seed4,224,0.0
hpmcounter7,drift,seed4,225,0.0
hpmcounter7,drift,seed4,226,0.0
hpmcounter7,drift,seed4,227,0.0
hpmcounter7,drift,seed4,228,0.0
hpmcounter7,drift,seed4,229,0.0
hpmcounter7,drift,seed4,230,0.0
hpmcounter7,drift,seed4,231,0.0
hpmcounter7,drift,seed4,232,0.0
hpmcounter7,drift,seed4,233,0.0
hpmcounter7,drift,seed4,234,0.0
hpmcounter7,drift,seed4,235,0.0
hpmcounter7,drift,seed4,236,0.0
hpmcounter7,drift,seed4,237,0.0
hpmcounter7,drift,seed4,238,0.0
hpmcounter7,drift,seed4,239,0.0
hpmcounter7,drift,seed4,240,0.0
hpmcounter7,drift,seed4,241,0.0
hpmcounter7,drift,seed4,242,0.0
hpmcounter7,drift,seed4,243,0.0
hpmcounter7,drift,seed4,244,0.0
hpmcounter7,drift,seed4,245,0.0
hpmcounter7,drift,seed4,246,0.0
hpmcounter7,drift,seed4,247,0.0
hpmcounter7,drift,seed4,248,0.0
hpmcounter7,drift,seed4,249,0.0
hpmcounter7,drift,seed4,250,0.0
hpmcounter7,drift,seed4,251,0.0
hpmcounter7,drift,seed4,252,0.0
hpmcounter7,drift,seed4,253,0.0
hpmcounter7,drift,seed4,254,0.0
hpmcounter7,drift,seed4,255,0.0
hpmcounter7,drift,seed4,256,0.0
hpmcounter7,drift,seed4,257,0.0
hpmcounter7,drift,seed4,258,0.0
hpmcounter7,drift,seed4,259,0.0
hpmcounter7,drift,seed4,260,0.0
hpmcounter7,drift,seed4,261,0.0
hpmcounter7,drift,seed4,262,0.0
hpmcounter7,drift,seed4,263,0.0
hpmcounter7,drift,seed4,264,0.0
hpmcounter7,drift,seed4,265,0.0
hpmcounter7,drift,seed4,266,0.0
hpmcounter7,drift,seed4,267,0.0
hpmcounter7,drift,seed4,268,0.0
hpmcounter7,drift,seed4,269,0.0
hpmcounter7,drift,seed4,270,0.0
hpmcounter7,drift,seed4,271,0.0
hpmcounter7,drift,seed4,272,0.0
hpmcounter7,drift,seed4,273,0.0
hpmcounter7,drift,seed4,274,0.0
hpmcounter7,drift,seed4,275,0.0
hpmcounter7,drift,seed4,276,0.0
hpmcounter7,drift,seed4,277,0.0
hpmcounter7,drift,seed4,278,0.0
hpmcounter7,drift,seed4,279,0.0
hpmcounter7,drift,seed4,280,0.0
hpmcounter7,drift,seed4,281,0.0
hpmcounter7,drift,seed4,282,0.0
hpmcounter7,drift,seed4,283,0.0
hpmcounter7,drift,seed4,284,0.0
hpmcounter7,drift,seed4,285,0.0
hpmcounter7,drift,seed4,286,0.0
hpmcounter7,drift,seed4,287,0.0
hpmcounter7,drift,seed4,288,0.0
hpmcounter7,drift,seed4,289,0.0
hpmcounter7,drift,seed4,290,0.0
hpmcounter7,drift,seed4,291,0.0
hpmcounter7,drift,seed4,292,0.0
hpmcounter7,drift,seed4,293,0.0
hpmcounter7,drift,seed4,294,0.0
hpmcounter7,drift,seed4,295,0.0
hpmcounter7,drift,seed4,296,0.0
hpmcounter7,drift,seed4,297,0.0
hpmcounter7,drift,seed4,298,0.0
hpmcounter7,drift,seed5,9,0.0
hpmcounter7,drift,seed5,10,0.0
hpmcounter7,drift,seed5,11,0.0
hpmcounter7,drift,seed5,12,0.0
hpmcounter7,drift,seed5,13,0.0
hpmcounter7,drift,seed5,14,0.0
hpmcounter7,drift,seed5,15,0.0
hpmcounter7,drift,seed5,16,0.0
hpmcounter7,drift,seed5,17,0.0
hpmcounter7,drift,seed5,18,0.0
hpmcounter7,drift,seed5,19,0.0
hpmcounter7,drift,seed5,20,0.0
hpmcounter7,drift,seed5,21,0.0
hpmcounter7,drift,seed5,22,0.0
hpmcounter7,drift,seed5,23,0.0
hpmcounter7,drift,seed5,24,0.0
hpmcounter7,drift,seed5,25,0.0
hpmcounter7,drift,seed5,26,0.0
hpmcounter7,drift,seed5,27,0.0
hpmcounter7,drift,seed5,28,0.0
hpmcounter7,drift,seed5,29,0.0
hpmcounter7,drift,seed5,30,0.0
hpmcounter7,drift,seed5,31,0.0
hpmcounter7,drift,seed5,32,0.0
hpmcounter7,drift,seed5,33,0.0
hpmcounter7,drift,seed5,34,0.0
hpmcounter7,drift,seed5,35,0.0
hpmcounter7,drift,seed5,36,0.0
hpmcounter7,drift,seed5,37,0.0
hpmcounter7,drift,seed5,38,0.0
hpmcounter7,drift,seed5,39,0.0
hpmcounter7,drift,seed5,40,0.0
hpmcounter7,drift,seed5,41,0.0
hpmcounter7,drift,seed5,42,0.0
hpmcounter7,drift,seed5,43,0.0
hpmcounter7,drift,seed5,44,0.0
hpmcounter7,drift,seed5,45,0.0
hpmcounter7,drift,seed5,46,0.0
hpmcounter7,drift,seed5,47,0.0
hpmcounter7,drift,seed5,48,0.0
hpmcounter7,drift,seed5,49,0.0
hpmcounter7,drift,seed5,50,0.0
hpmcounter7,drift,seed5,51,0.0
hpmcounter7,drift,seed5,52,0.0
hpmcounter7,drift,seed5,53,0.0
hpmcounter7,drift,seed5,54,0.0
hpmcounter7,drift,seed5,55,0.0
hpmcounter7,drift,seed5,56,0.0
hpmcounter7,drift,seed5,57,0.0
hpmcounter7,drift,seed5,58,0.0
hpmcounter7,drift,seed5,59,0.0
hpmcounter7,drift,seed5,60,0.0
hpmcounter7,drift,seed5,61,0.0
hpmcounter7,drift,seed5,62,0.0
hpmcounter7,drift,seed5,63,0.0
hpmcounter7,drift,seed5,64,0.0
hpmcounter7,drift,seed5,65,0.0
hpmcounter7,drift,seed5,66,0.0
hpmcounter7,drift,seed5,67,0.0
hpmcounter7,drift,seed5,68,0.0
hpmcounter7,drift,seed5,69,0.0
hpmcounter7,drift,seed5,70,0.0
hpmcounter7,drift,seed5,71,0.0
hpmcounter7,drift,seed5,72,0.0
hpmcounter7,drift,seed5,73,0.0
hpmcounter7,drift,seed5,74,0.0
hpmcounter7,drift,seed5,75,0.0
hpmcounter7,drift,seed5,76,0.0
hpmcounter7,drift,seed5,77,0.0
hpmcounter7,drift,seed5,78,0.0
hpmcounter7,drift,seed5,79,0.0
hpmcounter7,drift,seed5,80,0.0
hpmcounter7,drift,seed5,81,0.0
hpmcounter7,drift,seed5,82,0.0
hpmcounter7,drift,seed5,83,0.0
hpmcounter7,drift,seed5,84,0.0
hpmcounter7,drift,seed5,85,0.0
hpmcounter7,drift,seed5,86,0.0
hpmcounter7,drift,seed5,87,0.0
hpmcounter7,drift,seed5,88,0.0
hpmcounter7,drift,seed5,89,0.0
hpmcounter7,drift,seed5,90,0.0
hpmcounter7,drift,seed5,91,0.0
hpmcounter7,drift,seed5,92,0.0
hpmcounter7,drift,seed5,93,0.0
hpmcounter7,drift,seed5,94,0.0
hpmcounter7,drift,seed5,95,0.0
hpmcounter7,drift,seed5,96,0.0
hpmcounter7,drift,seed5,97,0.0
hpmcounter7,drift,seed5,98,0.0
hpmcounter7,drift,seed5,99,0.0
hpmcounter7,drift,seed5,100,0.0
hpmcounter7,drift,seed5,101,0.0
hpmcounter7,drift,seed5,102,0.0
hpmcounter7,drift,seed5,103,0.0
hpmcounter7,drift,seed5,104,0.0
hpmcounter7,drift,seed5,105,0.0
hpmcounter7,drift,seed5,106,0.0
hpmcounter7,drift,seed5,107,0.0
hpmcounter7,drift,seed5,108,0.0
hpmcounter7,drift,seed5,109,0.0
hpmcounter7,drift,seed5,110,0.0
hpmcounter7,drift,seed5,111,0.0
hpmcounter7,drift,seed5,112,0.0
hpmcounter7,drift,seed5,113,0.0
hpmcounter7,drift,seed5,114,0.0
hpmcounter7,drift,seed5,115,0.0
hpmcounter7,drift,seed5,116,0.0
hpmcounter7,drift,seed5,117,0.0
hpmcounter7,drift,seed5,118,0.0
hpmcounter7,drift,seed5,119,0.0
hpmcounter7,drift,seed5,120,0.0
hpmcounter7,drift,seed5,121,0.0
hpmcounter7,drift,seed5,122,0.0
hpmcounter7,drift,seed5,123,0.0
hpmcounter7,drift,seed5,124,0.0
hpmcounter7,drift,seed5,125,0.0
hpmcounter7,drift,seed5,126,0.0
hpmcounter7,drift,seed5,127,0.0
hpmcounter7,drift,seed5,128,0.0
hpmcounter7,drift,seed5,129,0.0
hpmcounter7,drift,seed5,130,0.0
hpmcounter7,drift,seed5,131,0.0
hpmcounter7,drift,seed5,132,0.0
hpmcounter7,drift,seed5,133,0.0
hpmcounter7,drift,seed5,134,0.0
hpmcounter7,drift,seed5,135,0.0
hpmcounter7,drift,seed5,136,0.0
hpmcounter7,drift,seed5,137,0.0
hpmcounter7,drift,seed5,138,0.0
hpmcounter7,drift,seed5,139,0.0
hpmcounter7,drift,seed5,140,0.0
hpmcounter7,drift,seed5,141,0.0
hpmcounter7,drift,seed5,142,0.0
hpmcounter7,drift,seed5,143,0.0
hpmcounter7,drift,seed5,144,0.0
hpmcounter7,drift,seed5,145,0.0
hpmcounter7,drift,seed5,146,0.0
hpmcounter7,drift,seed5,147,0.0
hpmcounter7,drift,seed5,148,0.0
hpmcounter7,drift,seed5,149,0.0
hpmcounter7,drift,seed5,150,0.0
hpmcounter7,drift,seed5,151,0.0
hpmcounter7,drift,seed5,152,0.0
hpmcounter7,drift,seed5,153,0.0
hpmcounter7,drift,seed5,154,0.0
hpmcounter7,drift,seed5,155,0.0
hpmcounter7,drift,seed5,156,0.0
hpmcounter7,drift,seed5,157,0.0
hpmcounter7,drift,seed5,158,0.0
hpmcounter7,drift,seed5,159,0.0
hpmcounter7,drift,seed5,160,0.0
hpmcounter7,drift,seed5,161,0.0
hpmcounter7,drift,seed5,162,0.0
hpmcounter7,drift,seed5,163,0.0
hpmcounter7,drift,seed5,164,0.0
hpmcounter7,drift,seed5,165,0.0
hpmcounter7,drift,seed5,166,0.0
hpmcounter7,drift,seed5,167,0.0
hpmcounter7,drift,seed5,168,0.0
hpmcounter7,drift,seed5,169,0.0
hpmcounter7,drift,seed5,170,0.0
hpmcounter7,drift,seed5,171,0.0
hpmcounter7,drift,seed5,172,0.0
hpmcounter7,drift,seed5,173,0.0
hpmcounter7,drift,seed5,174,0.0
hpmcounter7,drift,seed5,175,0.0
hpmcounter7,drift,seed5,176,0.0
hpmcounter7,drift,seed5,177,0.0
hpmcounter7,drift,seed5,178,0.0
hpmcounter7,drift,seed5,179,0.0
hpmcounter7,drift,seed5,180,0.0
hpmcounter7,drift,seed5,181,0.0
hpmcounter7,drift,seed5,182,0.0
hpmcounter7,drift,seed5,183,0.0
hpmcounter7,drift,seed5,184,0.0
hpmcounter7,drift,seed5,185,0.0
hpmcounter7,drift,seed5,186,0.0
hpmcounter7,drift,seed5,187,0.0
hpmcounter7,drift,seed5,188,0.0
hpmcounter7,drift,seed5,189,0.0
hpmcounter7,drift,seed5,190,0.0
hpmcounter7,drift,seed5,191,0.0
hpmcounter7,drift,seed5,192,0.0
hpmcounter7,drift,seed5,193,0.0
hpmcounter7,drift,seed5,194,0.0
hpmcounter7,drift,seed5,195,0.0
hpmcounter7,drift,seed5,196,0.0
hpmcounter7,drift,seed5,197,0.0
hpmcounter7,drift,seed5,198,0.0
hpmcounter7,drift,seed5,199,0.0
hpmcounter7,drift,seed5,200,0.0
hpmcounter7,drift,seed5,201,0.0
hpmcounter7,drift,seed5,202,0.0
hpmcounter7,drift,seed5,203,0.0
hpmcounter7,drift,seed5,204,0.0
hpmcounter7,drift,seed5,205,0.0
hpmcounter7,drift,seed5,206,0.0
hpmcounter7,drift,seed5,207,0.0
hpmcounter7,drift,seed5,208,0.0
hpmcounter7,drift,seed5,209,0.0
hpmcounter7,drift,seed5,210,0.0
hpmcounter7,drift,seed5,211,0.0
hpmcounter7,drift,seed5,212,0.0
hpmcounter7,drift,seed5,213,0.0
hpmcounter7,drift,seed5,214,0.0
hpmcounter7,drift,seed5,215,0.0
hpmcounter7,drift,seed5,216,0.0
hpmcounter7,drift,seed5,217,0.0
hpmcounter7,drift,seed5,218,0.0
hpmcounter7,drift,seed5,219,0.0
hpmcounter7,drift,seed5,220,0.0
hpmcounter7,drift,seed5,221,0.0
hpmcounter7,drift,seed5,222,0.0
hpmcounter7,drift,seed5,223,0.0
hpmcounter7,drift,seed5,224,0.0
hpmcounter7,drift,seed5,225,0.0
hpmcounter7,drift,seed5,226,0.0
hpmcounter7,drift,seed5,227,0.0
hpmcounter7,drift,seed5,228,0.0
hpmcounter7,drift,seed5,229,0.0
hpmcounter7,drift,seed5,230,0.0
hpmcounter7,drift,seed5,231,0.0
hpmcounter7,drift,seed5,232,0.0
hpmcounter7,drift,seed5,233,0.0
hpmcounter7,drift,seed5,234,0.0
hpmcounter7,drift,seed5,235,0.0
hpmcounter7,drift,seed5,236,0.0
hpmcounter7,drift,seed5,237,0.0
hpmcounter7,drift,seed5,238,0.0
hpmcounter7,drift,seed5,239,0.0
hpmcounter7,drift,seed5,240,0.0
hpmcounter7,drift,seed5,241,0.0
hpmcounter7,drift,seed5,242,0.0
hpmcounter7,drift,seed5,243,0.0
hpmcounter7,drift,seed5,244,0.0
hpmcounter7,drift,seed5,245,0.0
hpmcounter7,drift,seed5,246,0.0
hpmcounter7,drift,seed5,247,0.0
hpmcounter7,drift,seed5,248,0.0
hpmcounter7,drift,seed5,249,0.0
hpmcounter7,drift,seed5,250,0.0
hpmcounter7,drift,seed5,251,0.0
hpmcounter7,drift,seed5,252,0.0
hpmcounter7,drift,seed5,253,0.0
hpmcounter7,drift,seed5,254,0.0
hpmcounter7,drift,seed5,255,0.0
hpmcounter7,drift,seed5,256,0.0
hpmcounter7,drift,seed5,257,0.0
hpmcounter7,drift,seed5,258,0.0
hpmcounter7,drift,seed5,259,0.0
hpmcounter7,drift,seed5,260,0.0
hpmcounter7,drift,seed5,261,0.0
hpmcounter7,drift,seed5,262,0.0
hpmcounter7,drift,seed5,263,0.0
hpmcounter7,drift,seed5,264,0.0
hpmcounter7,drift,seed5,265,0.0
hpmcounter7,drift,seed5,266,0.0
hpmcounter7,drift,seed5,267,0.0
hpmcounter7,drift,seed5,268,0.0
hpmcounter7,drift,seed5,269,0.0
hpmcounter7,drift,seed5,270,0.0
hpmcounter7,drift,seed5,271,0.0
hpmcounter7,drift,seed5,272,0.0
hpmcounter7,drift,seed5,273,0.0
hpmcounter7,drift,seed5,274,0.0
hpmcounter7,drift,seed5,275,0.0
hpmcounter7,drift,seed5,276,0.0
hpmcounter7,drift,seed5,277,0.0
hpmcounter7,drift,seed5,278,0.0
hpmcounter7,drift,seed5,279,0.0
hpmcounter7,drift,seed5,280,0.0
hpmcounter7,drift,seed5,281,0.0
hpmcounter7,drift,seed5,282,0.0
hpmcounter7,drift,seed5,283,0.0
hpmcounter7,drift,seed5,284,0.0
hpmcounter7,drift,seed5,285,0.0
hpmcounter7,drift,seed5,286,0.0
hpmcounter7,drift,seed5,287,0.0
hpmcounter7,drift,seed5,288,0.0
hpmcounter7,drift,seed5,289,0.0
hpmcounter7,drift,seed5,290,0.0
hpmcounter7,drift,seed5,291,0.0
hpmcounter7,drift,seed5,292,0.0
hpmcounter7,drift,seed5,293,0.0
hpmcounter7,drift,seed5,294,0.0
hpmcounter7,drift,seed5,295,0.0
hpmcounter7,drift,seed5,296,0.0
hpmcounter7,drift,seed5,297,0.0
hpmcounter7,drift,seed5,298,0.0
hpmcounter7,drift,seed6,9,0.0
hpmcounter7,drift,seed6,10,0.0
hpmcounter7,drift,seed6,11,0.0
hpmcounter7,drift,seed6,12,0.0
hpmcounter7,drift,seed6,13,0.0
hpmcounter7,drift,seed6,14,0.0
hpmcounter7,drift,seed6,15,0.0
hpmcounter7,drift,seed6,16,0.0
hpmcounter7,drift,seed6,17,0.0
hpmcounter7,drift,seed6,18,0.0
hpmcounter7,drift,seed6,19,0.0
hpmcounter7,drift,seed6,20,0.0
hpmcounter7,drift,seed6,21,0.0
hpmcounter7,drift,seed6,22,0.0
hpmcounter7,drift,seed6,23,0.0
hpmcounter7,drift,seed6,24,0.0
hpmcounter7,drift,seed6,25,0.0
hpmcounter7,drift,seed6,26,0.0
hpmcounter7,drift,seed6,27,0.0
hpmcounter7,drift,seed6,28,0.0
hpmcounter7,drift,seed6,29,0.0
hpmcounter7,drift,seed6,30,0.0
hpmcounter7,drift,seed6,31,0.0
hpmcounter7,drift,seed6,32,0.0
hpmcounter7,drift,seed6,33,0.0
hpmcounter7,drift,seed6,34,0.0
hpmcounter7,drift,seed6,35,0.0
hpmcounter7,drift,seed6,36,0.0
hpmcounter7,drift,seed6,37,0.0
hpmcounter7,drift,seed6,38,0.0
hpmcounter7,drift,seed6,39,0.0
hpmcounter7,drift,seed6,40,0.0
hpmcounter7,drift,seed6,41,0.0
hpmcounter7,drift,seed6,42,0.0
hpmcounter7,drift,seed6,43,0.0
hpmcounter7,drift,seed6,44,0.0
hpmcounter7,drift,seed6,45,0.0
hpmcounter7,drift,seed6,46,0.0
hpmcounter7,drift,seed6,47,0.0
hpmcounter7,drift,seed6,48,0.0
hpmcounter7,drift,seed6,49,0.0
hpmcounter7,drift,seed6,50,0.0
hpmcounter7,drift,seed6,51,0.0
hpmcounter7,drift,seed6,52,0.0
hpmcounter7,drift,seed6,53,0.0
hpmcounter7,drift,seed6,54,0.0
hpmcounter7,drift,seed6,55,0.0
hpmcounter7,drift,seed6,56,0.0
hpmcounter7,drift,seed6,57,0.0
hpmcounter7,drift,seed6,58,0.0
hpmcounter7,drift,seed6,59,0.0
hpmcounter7,drift,seed6,60,0.0
hpmcounter7,drift,seed6,61,0.0
hpmcounter7,drift,seed6,62,0.0
hpmcounter7,drift,seed6,63,0.0
hpmcounter7,drift,seed6,64,0.0
hpmcounter7,drift,seed6,65,0.0
hpmcounter7,drift,seed6,66,0.0
hpmcounter7,drift,seed6,67,0.0
hpmcounter7,drift,seed6,68,0.0
hpmcounter7,drift,seed6,69,0.0
hpmcounter7,drift,seed6,70,0.0
hpmcounter7,drift,seed6,71,0.0
hpmcounter7,drift,seed6,72,0.0
hpmcounter7,drift,seed6,73,0.0
hpmcounter7,drift,seed6,74,0.0
hpmcounter7,drift,seed6,75,0.0
hpmcounter7,drift,seed6,76,0.0
hpmcounter7,drift,seed6,77,0.0
hpmcounter7,drift,seed6,78,0.0
hpmcounter7,drift,seed6,79,0.0
hpmcounter7,drift,seed6,80,0.0
hpmcounter7,drift,seed6,81,0.0
hpmcounter7,drift,seed6,82,0.0
hpmcounter7,drift,seed6,83,0.0
hpmcounter7,drift,seed6,84,0.0
hpmcounter7,drift,seed6,85,0.0
hpmcounter7,drift,seed6,86,0.0
hpmcounter7,drift,seed6,87,0.0
hpmcounter7,drift,seed6,88,0.0
hpmcounter7,drift,seed6,89,0.0
hpmcounter7,drift,seed6,90,0.0
hpmcounter7,drift,seed6,91,0.0
hpmcounter7,drift,seed6,92,0.0
hpmcounter7,drift,seed6,93,0.0
hpmcounter7,drift,seed6,94,0.0
hpmcounter7,drift,seed6,95,0.0
hpmcounter7,drift,seed6,96,0.0
hpmcounter7,drift,seed6,97,0.0
hpmcounter7,drift,seed6,98,0.0
hpmcounter7,drift,seed6,99,0.0
hpmcounter7,drift,seed6,100,0.0
hpmcounter7,drift,seed6,101,0.0
hpmcounter7,drift,seed6,102,0.0
hpmcounter7,drift,seed6,103,0.0
hpmcounter7,drift,seed6,104,0.0
hpmcounter7,drift,seed6,105,0.0
hpmcounter7,drift,seed6,106,0.0
hpmcounter7,drift,seed6,107,0.0
hpmcounter7,drift,seed6,108,0.0
hpmcounter7,drift,seed6,109,0.0
hpmcounter7,drift,seed6,110,0.0
hpmcounter7,drift,seed6,111,0.0
hpmcounter7,drift,seed6,112,0.0
hpmcounter7,drift,seed6,113,0.0
hpmcounter7,drift,seed6,114,0.0
hpmcounter7,drift,seed6,115,0.0
hpmcounter7,drift,seed6,116,0.0
hpmcounter7,drift,seed6,117,0.0
hpmcounter7,drift,seed6,118,0.0
hpmcounter7,drift,seed6,119,0.0
hpmcounter7,drift,seed6,120,0.0
hpmcounter7,drift,seed6,121,0.0
hpmcounter7,drift,seed6,122,0.0
hpmcounter7,drift,seed6,123,0.0
hpmcounter7,drift,seed6,124,0.0
hpmcounter7,drift,seed6,125,0.0
hpmcounter7,drift,seed6,126,0.0
hpmcounter7,drift,seed6,127,0.0
hpmcounter7,drift,seed6,128,0.0
hpmcounter7,drift,seed6,129,0.0
hpmcounter7,drift,seed6,130,0.0
hpmcounter7,drift,seed6,131,0.0
hpmcounter7,drift,seed6,132,0.0
hpmcounter7,drift,seed6,133,0.0
hpmcounter7,drift,seed6,134,0.0
hpmcounter7,drift,seed6,135,0.0
hpmcounter7,drift,seed6,136,0.0
hpmcounter7,drift,seed6,137,0.0
hpmcounter7,drift,seed6,138,0.0
hpmcounter7,drift,seed6,139,0.0
hpmcounter7,drift,seed6,140,0.0
hpmcounter7,drift,seed6,141,0.0
hpmcounter7,drift,seed6,142,0.0
hpmcounter7,drift,seed6,143,0.0
hpmcounter7,drift,seed6,144,0.0
hpmcounter7,drift,seed6,145,0.0
hpmcounter7,drift,seed6,146,0.0
hpmcounter7,drift,seed6,147,0.0
hpmcounter7,drift,seed6,148,0.0
hpmcounter7,drift,seed6,149,0.0
hpmcounter7,drift,seed6,150,0.0
hpmcounter7,drift,seed6,151,0.0
hpmcounter7,drift,seed6,152,0.0
hpmcounter7,drift,seed6,153,0.0
hpmcounter7,drift,seed6,154,0.0
hpmcounter7,drift,seed6,155,0.0
hpmcounter7,drift,seed6,156,0.0
hpmcounter7,drift,seed6,157,0.0
hpmcounter7,drift,seed6,158,0.0
hpmcounter7,drift,seed6,159,0.0
hpmcounter7,drift,seed6,160,0.0
hpmcounter7,drift,seed6,161,0.0
hpmcounter7,drift,seed6,162,0.0
hpmcounter7,drift,seed6,163,0.0
hpmcounter7,drift,seed6,164,0.0
hpmcounter7,drift,seed6,165,0.0
hpmcounter7,drift,seed6,166,0.0
hpmcounter7,drift,seed6,167,0.0
hpmcounter7,drift,seed6,168,0.0
hpmcounter7,drift,seed6,169,0.0
hpmcounter7,drift,seed6,170,0.0
hpmcounter7,drift,seed6,171,0.0
hpmcounter7,drift,seed6,172,0.0
hpmcounter7,drift,seed6,173,0.0
hpmcounter7,drift,seed6,174,0.0
hpmcounter7,drift,seed6,175,0.0
hpmcounter7,drift,seed6,176,0.0
hpmcounter7,drift,seed6,177,0.0
hpmcounter7,drift,seed6,178,0.0
hpmcounter7,drift,seed6,179,0.0
hpmcounter7,drift,seed6,180,0.0
hpmcounter7,drift,seed6,181,0.0
hpmcounter7,drift,seed6,182,0.0
hpmcounter7,drift,seed6,183,0.0
hpmcounter7,drift,seed6,184,0.0
hpmcounter7,drift,seed6,185,0.0
hpmcounter7,drift,seed6,186,0.0
hpmcounter7,drift,seed6,187,0.0
hpmcounter7,drift,seed6,188,0.0
hpmcounter7,drift,seed6,189,0.0
hpmcounter7,drift,seed6,190,0.0
hpmcounter7,drift,seed6,191,0.0
hpmcounter7,drift,seed6,192,0.0
hpmcounter7,drift,seed6,193,0.0
hpmcounter7,drift,seed6,194,0.0
hpmcounter7,drift,seed6,195,0.0
hpmcounter7,drift,seed6,196,0.0
hpmcounter7,drift,seed6,197,0.0
hpmcounter7,drift,seed6,198,0.0
hpmcounter7,drift,seed6,199,0.0
hpmcounter7,drift,seed6,200,0.0
hpmcounter7,drift,seed6,201,0.0
hpmcounter7,drift,seed6,202,0.0
hpmcounter7,drift,seed6,203,0.0
hpmcounter7,drift,seed6,204,0.0
hpmcounter7,drift,seed6,205,0.0
hpmcounter7,drift,seed6,206,0.0
hpmcounter7,drift,seed6,207,0.0
hpmcounter7,drift,seed6,208,0.0
hpmcounter7,drift,seed6,209,0.0
hpmcounter7,drift,seed6,210,0.0
hpmcounter7,drift,seed6,211,0.0
hpmcounter7,drift,seed6,212,0.0
hpmcounter7,drift,seed6,213,0.0
hpmcounter7,drift,seed6,214,0.0
hpmcounter7,drift,seed6,215,0.0
hpmcounter7,drift,seed6,216,0.0
hpmcounter7,drift,seed6,217,0.0
hpmcounter7,drift,seed6,218,0.0
hpmcounter7,drift,seed6,219,0.0
hpmcounter7,drift,seed6,220,0.0
hpmcounter7,drift,seed6,221,0.0
hpmcounter7,drift,seed6,222,0.0
hpmcounter7,drift,seed6,223,0.0
hpmcounter7,drift,seed6,224,0.0
hpmcounter7,drift,seed6,225,0.0
hpmcounter7,drift,seed6,226,0.0
hpmcounter7,drift,seed6,227,0.0
hpmcounter7,drift,seed6,228,0.0
hpmcounter7,drift,seed6,229,0.0
hpmcounter7,drift,seed6,230,0.0
hpmcounter7,drift,seed6,231,0.0
hpmcounter7,drift,seed6,232,0.0
hpmcounter7,drift,seed6,233,0.0
hpmcounter7,drift,seed6,234,0.0
hpmcounter7,drift,seed6,235,0.0
hpmcounter7,drift,seed6,236,0.0
hpmcounter7,drift,seed6,237,0.0
hpmcounter7,drift,seed6,238,0.0
hpmcounter7,drift,seed6,239,0.0
hpmcounter7,drift,seed6,240,0.0
hpmcounter7,drift,seed6,241,0.0
hpmcounter7,drift,seed6,242,0.0
hpmcounter7,drift,seed6,243,0.0
hpmcounter7,drift,seed6,244,0.0
hpmcounter7,drift,seed6,245,0.0
hpmcounter7,drift,seed6,246,0.0
hpmcounter7,drift,seed6,247,0.0
hpmcounter7,drift,seed6,248,0.0
hpmcounter7,drift,seed6,249,0.0
hpmcounter7,drift,seed6,250,0.0
hpmcounter7,drift,seed6,251,0.0
hpmcounter7,drift,seed6,252,0.0
hpmcounter7,drift,seed6,253,0.0
hpmcounter7,drift,seed6,254,0.0
hpmcounter7,drift,seed6,255,0.0
hpmcounter7,drift,seed6,256,0.0
hpmcounter7,drift,seed6,257,0.0
hpmcounter7,drift,seed6,258,0.0
hpmcounter7,drift,seed6,259,0.0
hpmcounter7,drift,seed6,260,0.0
hpmcounter7,drift,seed6,261,0.0
hpmcounter7,drift,seed6,262,0.0
hpmcounter7,drift,seed6,263,0.0
hpmcounter7,drift,seed6,264,0.0
hpmcounter7,drift,seed6,265,0.0
hpmcounter7,drift,seed6,266,0.0
hpmcounter7,drift,seed6,267,0.0
hpmcounter7,drift,seed6,268,0.0
hpmcounter7,drift,seed6,269,0.0
hpmcounter7,drift,seed6,270,0.0
hpmcounter7,drift,seed6,271,0.0
hpmcounter7,drift,seed6,272,0.0
hpmcounter7,drift,seed6,273,0.0
hpmcounter7,drift,seed6,274,0.0
hpmcounter7,drift,seed6,275,0.0
hpmcounter7,drift,seed6,276,0.0
hpmcounter7,drift,seed6,277,0.0
hpmcounter7,drift,seed6,278,0.0
hpmcounter7,drift,seed6,279,0.0
hpmcounter7,drift,seed6,280,0.0
hpmcounter7,drift,seed6,281,0.0
hpmcounter7,drift,seed6,282,0.0
hpmcounter7,drift,seed6,283,0.0
hpmcounter7,drift,seed6,284,0.0
hpmcounter7,drift,seed6,285,0.0
hpmcounter7,drift,seed6,286,0.0
hpmcounter7,drift,seed6,287,0.0
hpmcounter7,drift,seed6,288,0.0
hpmcounter7,drift,seed6,289,0.0
hpmcounter7,drift,seed6,290,0.0
hpmcounter7,drift,seed6,291,0.0
hpmcounter7,drift,seed6,292,0.0
hpmcounter7,drift,seed6,293,0.0
hpmcounter7,drift,seed6,294,0.0
hpmcounter7,drift,seed6,295,0.0
hpmcounter7,drift,seed6,296,0.0
hpmcounter7,drift,seed6,297,0.0
hpmcounter7,drift,seed6,298,0.0
hpmcounter7,drift,seed7,9,0.0
hpmcounter7,drift,seed7,10,0.0
hpmcounter7,drift,seed7,11,0.0
hpmcounter7,drift,seed7,12,0.0
hpmcounter7,drift,seed7,13,0.0
hpmcounter7,drift,seed7,14,0.0
hpmcounter7,drift,seed7,15,0.0
hpmcounter7,drift,seed7,16,0.0
hpmcounter7,drift,seed7,17,0.0
hpmcounter7,drift,seed7,18,0.0
hpmcounter7,drift,seed7,19,0.0
hpmcounter7,drift,seed7,20,0.0
hpmcounter7,drift,seed7,21,0.0
hpmcounter7,drift,seed7,22,0.0
hpmcounter7,drift,seed7,23,0.0
hpmcounter7,drift,seed7,24,0.0
hpmcounter7,drift,seed7,25,0.0
hpmcounter7,drift,seed7,26,0.0
hpmcounter7,drift,seed7,27,0.0
hpmcounter7,drift,seed7,28,0.0
hpmcounter7,drift,seed7,29,0.0
hpmcounter7,drift,seed7,30,0.0
hpmcounter7,drift,seed7,31,0.0
hpmcounter7,drift,seed7,32,0.0
hpmcounter7,drift,seed7,33,0.0
hpmcounter7,drift,seed7,34,0.0
hpmcounter7,drift,seed7,35,0.0
hpmcounter7,drift,seed7,36,0.0
hpmcounter7,drift,seed7,37,0.0
hpmcounter7,drift,seed7,38,0.0
hpmcounter7,drift,seed7,39,0.0
hpmcounter7,drift,seed7,40,0.0
hpmcounter7,drift,seed7,41,0.0
hpmcounter7,drift,seed7,42,0.0
hpmcounter7,drift,seed7,43,0.0
hpmcounter7,drift,seed7,44,0.0
hpmcounter7,drift,seed7,45,0.0
hpmcounter7,drift,seed7,46,0.0
hpmcounter7,drift,seed7,47,0.0
hpmcounter7,drift,seed7,48,0.0
hpmcounter7,drift,seed7,49,0.0
hpmcounter7,drift,seed7,50,0.0
hpmcounter7,drift,seed7,51,0.0
hpmcounter7,drift,seed7,52,0.0
hpmcounter7,drift,seed7,53,0.0
hpmcounter7,drift,seed7,54,0.0
hpmcounter7,drift,seed7,55,0.0
hpmcounter7,drift,seed7,56,0.0
hpmcounter7,drift,seed7,57,0.0
hpmcounter7,drift,seed7,58,0.0
hpmcounter7,drift,seed7,59,0.0
hpmcounter7,drift,seed7,60,0.0
hpmcounter7,drift,seed7,61,0.0
hpmcounter7,drift,seed7,62,0.0
hpmcounter7,drift,seed7,63,0.0
hpmcounter7,drift,seed7,64,0.0
hpmcounter7,drift,seed7,65,0.0
hpmcounter7,drift,seed7,66,0.0
hpmcounter7,drift,seed7,67,0.0
hpmcounter7,drift,seed7,68,0.0
hpmcounter7,drift,seed7,69,0.0
hpmcounter7,drift,seed7,70,0.0
hpmcounter7,drift,seed7,71,0.0
hpmcounter7,drift,seed7,72,0.0
hpmcounter7,drift,seed7,73,0.0
hpmcounter7,drift,seed7,74,0.0
hpmcounter7,drift,seed7,75,0.0
hpmcounter7,drift,seed7,76,0.0
hpmcounter7,drift,seed7,77,0.0
hpmcounter7,drift,seed7,78,0.0
hpmcounter7,drift,seed7,79,0.0
hpmcounter7,drift,seed7,80,0.0
hpmcounter7,drift,seed7,81,0.0
hpmcounter7,drift,seed7,82,0.0
hpmcounter7,drift,seed7,83,0.0
hpmcounter7,drift,seed7,84,0.0
hpmcounter7,drift,seed7,85,0.0
hpmcounter7,drift,seed7,86,0.0
hpmcounter7,drift,seed7,87,0.0
hpmcounter7,drift,seed7,88,0.0
hpmcounter7,drift,seed7,89,0.0
hpmcounter7,drift,seed7,90,0.0
hpmcounter7,drift,seed7,91,0.0
hpmcounter7,drift,seed7,92,0.0
hpmcounter7,drift,seed7,93,0.0
hpmcounter7,drift,seed7,94,0.0
hpmcounter7,drift,seed7,95,0.0
hpmcounter7,drift,seed7,96,0.0
hpmcounter7,drift,seed7,97,0.0
hpmcounter7,drift,seed7,98,0.0
hpmcounter7,drift,seed7,99,0.0
hpmcounter7,drift,seed7,100,0.0
hpmcounter7,drift,seed7,101,0.0
hpmcounter7,drift,seed7,102,0.0
hpmcounter7,drift,seed7,103,0.0
hpmcounter7,drift,seed7,104,0.0
hpmcounter7,drift,seed7,105,0.0
hpmcounter7,drift,seed7,106,0.0
hpmcounter7,drift,seed7,107,0.0
hpmcounter7,drift,seed7,108,0.0
hpmcounter7,drift,seed7,109,0.0
hpmcounter7,drift,seed7,110,0.0
hpmcounter7,drift,seed7,111,0.0
hpmcounter7,drift,seed7,112,0.0
hpmcounter7,drift,seed7,113,0.0
hpmcounter7,drift,seed7,114,0.0
hpmcounter7,drift,seed7,115,0.0
hpmcounter7,drift,seed7,116,0.0
hpmcounter7,drift,seed7,117,0.0
hpmcounter7,drift,seed7,118,0.0
hpmcounter7,drift,seed7,119,0.0
hpmcounter7,drift,seed7,120,0.0
hpmcounter7,drift,seed7,121,0.0
hpmcounter7,drift,seed7,122,0.0
hpmcounter7,drift,seed7,123,0.0
hpmcounter7,drift,seed7,124,0.0
hpmcounter7,drift,seed7,125,0.0
hpmcounter7,drift,seed7,126,0.0
hpmcounter7,drift,seed7,127,0.0
hpmcounter7,drift,seed7,128,0.0
hpmcounter7,drift,seed7,129,0.0
hpmcounter7,drift,seed7,130,0.0
hpmcounter7,drift,seed7,131,0.0
hpmcounter7,drift,seed7,132,0.0
hpmcounter7,drift,seed7,133,0.0
hpmcounter7,drift,seed7,134,0.0
hpmcounter7,drift,seed7,135,0.0
hpmcounter7,drift,seed7,136,0.0
hpmcounter7,drift,seed7,137,0.0
hpmcounter7,drift,seed7,138,0.0
hpmcounter7,drift,seed7,139,0.0
hpmcounter7,drift,seed7,140,0.0
hpmcounter7,drift,seed7,141,0.0
hpmcounter7,drift,seed7,142,0.0
hpmcounter7,drift,seed7,143,0.0
hpmcounter7,drift,seed7,144,0.0
hpmcounter7,drift,seed7,145,0.0
hpmcounter7,drift,seed7,146,0.0
hpmcounter7,drift,seed7,147,0.0
hpmcounter7,drift,seed7,148,0.0
hpmcounter7,drift,seed7,149,0.0
hpmcounter7,drift,seed7,150,0.0
hpmcounter7,drift,seed7,151,0.0
hpmcounter7,drift,seed7,152,0.0
hpmcounter7,drift,seed7,153,0.0
hpmcounter7,drift,seed7,154,0.0
hpmcounter7,drift,seed7,155,0.0
hpmcounter7,drift,seed7,156,0.0
hpmcounter7,drift,seed7,157,0.0
hpmcounter7,drift,seed7,158,0.0
hpmcounter7,drift,seed7,159,0.0
hpmcounter7,drift,seed7,160,0.0
hpmcounter7,drift,seed7,161,0.0
hpmcounter7,drift,seed7,162,0.0
hpmcounter7,drift,seed7,163,0.0
hpmcounter7,drift,seed7,164,0.0
hpmcounter7,drift,seed7,165,0.0
hpmcounter7,drift,seed7,166,0.0
hpmcounter7,drift,seed7,167,0.0
hpmcounter7,drift,seed7,168,0.0
hpmcounter7,drift,seed7,169,0.0
hpmcounter7,drift,seed7,170,0.0
hpmcounter7,drift,seed7,171,0.0
hpmcounter7,drift,seed7,172,0.0
hpmcounter7,drift,seed7,173,0.0
hpmcounter7,drift,seed7,174,0.0
hpmcounter7,drift,seed7,175,0.0
hpmcounter7,drift,seed7,176,0.0
hpmcounter7,drift,seed7,177,0.0
hpmcounter7,drift,seed7,178,0.0
hpmcounter7,drift,seed7,179,0.0
hpmcounter7,drift,seed7,180,0.0
hpmcounter7,drift,seed7,181,0.0
hpmcounter7,drift,seed7,182,0.0
hpmcounter7,drift,seed7,183,0.0
hpmcounter7,drift,seed7,184,0.0
hpmcounter7,drift,seed7,185,0.0
hpmcounter7,drift,seed7,186,0.0
hpmcounter7,drift,seed7,187,0.0
hpmcounter7,drift,seed7,188,0.0
hpmcounter7,drift,seed7,189,0.0
hpmcounter7,drift,seed7,190,0.0
hpmcounter7,drift,seed7,191,0.0
hpmcounter7,drift,seed7,192,0.0
hpmcounter7,drift,seed7,193,0.0
hpmcounter7,drift,seed7,194,0.0
hpmcounter7,drift,seed7,195,0.0
hpmcounter7,drift,seed7,196,0.0
hpmcounter7,drift,seed7,197,0.0
hpmcounter7,drift,seed7,198,0.0
hpmcounter7,drift,seed7,199,0.0
hpmcounter7,drift,seed7,200,0.0
hpmcounter7,drift,seed7,201,0.0
hpmcounter7,drift,seed7,202,0.0
hpmcounter7,drift,seed7,203,0.0
hpmcounter7,drift,seed7,204,0.0
hpmcounter7,drift,seed7,205,0.0
hpmcounter7,drift,seed7,206,0.0
hpmcounter7,drift,seed7,207,0.0
hpmcounter7,drift,seed7,208,0.0
hpmcounter7,drift,seed7,209,0.0
hpmcounter7,drift,seed7,210,0.0
hpmcounter7,drift,seed7,211,0.0
hpmcounter7,drift,seed7,212,0.0
hpmcounter7,drift,seed7,213,0.0
hpmcounter7,drift,seed7,214,0.0
hpmcounter7,drift,seed7,215,0.0
hpmcounter7,drift,seed7,216,0.0
hpmcounter7,drift,seed7,217,0.0
hpmcounter7,drift,seed7,218,0.0
hpmcounter7,drift,seed7,219,0.0
hpmcounter7,drift,seed7,220,0.0
hpmcounter7,drift,seed7,221,0.0
hpmcounter7,drift,seed7,222,0.0
hpmcounter7,drift,seed7,223,0.0
hpmcounter7,drift,seed7,224,0.0
hpmcounter7,drift,seed7,225,0.0
hpmcounter7,drift,seed7,226,0.0
hpmcounter7,drift,seed7,227,0.0
hpmcounter7,drift,seed7,228,0.0
hpmcounter7,drift,seed7,229,0.0
hpmcounter7,drift,seed7,230,0.0
hpmcounter7,drift,seed7,231,0.0
hpmcounter7,drift,seed7,232,0.0
hpmcounter7,drift,seed7,233,0.0
hpmcounter7,drift,seed7,234,0.0
hpmcounter7,drift,seed7,235,0.0
hpmcounter7,drift,seed7,236,0.0
hpmcounter7,drift,seed7,237,0.0
hpmcounter7,drift,seed7,238,0.0
hpmcounter7,drift,seed7,239,0.0
hpmcounter7,drift,seed7,240,0.0
hpmcounter7,drift,seed7,241,0.0
hpmcounter7,drift,seed7,242,0.0
hpmcounter7,drift,seed7,243,0.0
hpmcounter7,drift,seed7,244,0.0
hpmcounter7,drift,seed7,245,0.0
hpmcounter7,drift,seed7,246,0.0
hpmcounter7,drift,seed7,247,0.0
hpmcounter7,drift,seed7,248,0.0
hpmcounter7,drift,seed7,249,0.0
hpmcounter7,drift,seed7,250,0.0
hpmcounter7,drift,seed7,251,0.0
hpmcounter7,drift,seed7,252,0.0
hpmcounter7,drift,seed7,253,0.0
hpmcounter7,drift,seed7,254,0.0
hpmcounter7,drift,seed7,255,0.0
hpmcounter7,drift,seed7,256,0.0
hpmcounter7,drift,seed7,257,0.0
hpmcounter7,drift,seed7,258,0.0
hpmcounter7,drift,seed7,259,0.0
hpmcounter7,drift,seed7,260,0.0
hpmcounter7,drift,seed7,261,0.0
hpmcounter7,drift,seed7,262,0.0
hpmcounter7,drift,seed7,263,0.0
hpmcounter7,drift,seed7,264,0.0
hpmcounter7,drift,seed7,265,0.0
hpmcounter7,drift,seed7,266,0.0
hpmcounter7,drift,seed7,267,0.0
hpmcounter7,drift,seed7,268,0.0
hpmcounter7,drift,seed7,269,0.0
hpmcounter7,drift,seed7,270,0.0
hpmcounter7,drift,seed7,271,0.0
hpmcounter7,drift,seed7,272,0.0
hpmcounter7,drift,seed7,273,0.0
hpmcounter7,drift,seed7,274,0.0
hpmcounter7,drift,seed7,275,0.0
hpmcounter7,drift,seed7,276,0.0
hpmcounter7,drift,seed7,277,0.0
hpmcounter7,drift,seed7,278,0.0
hpmcounter7,drift,seed7,279,0.0
hpmcounter7,drift,seed7,280,0.0
hpmcounter7,drift,seed7,281,0.0
hpmcounter7,drift,seed7,282,0.0
hpmcounter7,drift,seed7,283,0.0
hpmcounter7,drift,seed7,284,0.0
hpmcounter7,drift,seed7,285,0.0
hpmcounter7,drift,seed7,286,0.0
hpmcounter7,drift,seed7,287,0.0
hpmcounter7,drift,seed7,288,0.0
hpmcounter7,drift,seed7,289,0.0
hpmcounter7,drift,seed7,290,0.0
hpmcounter7,drift,seed7,291,0.0
hpmcounter7,drift,seed7,292,0.0
hpmcounter7,drift,seed7,293,0.0
hpmcounter7,drift,seed7,294,0.0
hpmcounter7,drift,seed7,295,0.0
hpmcounter7,drift,seed7,296,0.0
hpmcounter7,drift,seed7,297,0.0
hpmcounter7,drift,seed7,298,0.0
hpmcounter7,drift,seed8,9,0.0
hpmcounter7,drift,seed8,10,0.0
hpmcounter7,drift,seed8,11,0.0
hpmcounter7,drift,seed8,12,0.0
hpmcounter7,drift,seed8,13,0.0
hpmcounter7,drift,seed8,14,0.0
hpmcounter7,drift,seed8,15,0.0
hpmcounter7,drift,seed8,16,0.0
hpmcounter7,drift,seed8,17,0.0
hpmcounter7,drift,seed8,18,0.0
hpmcounter7,drift,seed8,19,0.0
hpmcounter7,drift,seed8,20,0.0
hpmcounter7,drift,seed8,21,0.0
hpmcounter7,drift,seed8,22,0.0
hpmcounter7,drift,seed8,23,0.0
hpmcounter7,drift,seed8,24,0.0
hpmcounter7,drift,seed8,25,0.0
hpmcounter7,drift,seed8,26,0.0
hpmcounter7,drift,seed8,27,0.0
hpmcounter7,drift,seed8,28,0.0
hpmcounter7,drift,seed8,29,0.0
hpmcounter7,drift,seed8,30,0.0
hpmcounter7,drift,seed8,31,0.0
hpmcounter7,drift,seed8,32,0.0
hpmcounter7,drift,seed8,33,0.0
hpmcounter7,drift,seed8,34,0.0
hpmcounter7,drift,seed8,35,0.0
hpmcounter7,drift,seed8,36,0.0
hpmcounter7,drift,seed8,37,0.0
hpmcounter7,drift,seed8,38,0.0
hpmcounter7,drift,seed8,39,0.0
hpmcounter7,drift,seed8,40,0.0
hpmcounter7,drift,seed8,41,0.0
hpmcounter7,drift,seed8,42,0.0
hpmcounter7,drift,seed8,43,0.0
hpmcounter7,drift,seed8,44,0.0
hpmcounter7,drift,seed8,45,0.0
hpmcounter7,drift,seed8,46,0.0
hpmcounter7,drift,seed8,47,0.0
hpmcounter7,drift,seed8,48,0.0
hpmcounter7,drift,seed8,49,0.0
hpmcounter7,drift,seed8,50,0.0
hpmcounter7,drift,seed8,51,0.0
hpmcounter7,drift,seed8,52,0.0
hpmcounter7,drift,seed8,53,0.0
hpmcounter7,drift,seed8,54,0.0
hpmcounter7,drift,seed8,55,0.0
hpmcounter7,drift,seed8,56,0.0
hpmcounter7,drift,seed8,57,0.0
hpmcounter7,drift,seed8,58,0.0
hpmcounter7,drift,seed8,59,0.0
hpmcounter7,drift,seed8,60,0.0
hpmcounter7,drift,seed8,61,0.0
hpmcounter7,drift,seed8,62,0.0
hpmcounter7,drift,seed8,63,0.0
hpmcounter7,drift,seed8,64,0.0
hpmcounter7,drift,seed8,65,0.0
hpmcounter7,drift,seed8,66,0.0
hpmcounter7,drift,seed8,67,0.0
hpmcounter7,drift,seed8,68,0.0
hpmcounter7,drift,seed8,69,0.0
hpmcounter7,drift,seed8,70,0.0
hpmcounter7,drift,seed8,71,0.0
hpmcounter7,drift,seed8,72,0.0
hpmcounter7,drift,seed8,73,0.0
hpmcounter7,drift,seed8,74,0.0
hpmcounter7,drift,seed8,75,0.0
hpmcounter7,drift,seed8,76,0.0
hpmcounter7,drift,seed8,77,0.0
hpmcounter7,drift,seed8,78,0.0
hpmcounter7,drift,seed8,79,0.0
hpmcounter7,drift,seed8,80,0.0
hpmcounter7,drift,seed8,81,0.0
hpmcounter7,drift,seed8,82,0.0
hpmcounter7,drift,seed8,83,0.0
hpmcounter7,drift,seed8,84,0.0
hpmcounter7,drift,seed8,85,0.0
hpmcounter7,drift,seed8,86,0.0
hpmcounter7,drift,seed8,87,0.0
hpmcounter7,drift,seed8,88,0.0
hpmcounter7,drift,seed8,89,0.0
hpmcounter7,drift,seed8,90,0.0
hpmcounter7,drift,seed8,91,0.0
hpmcounter7,drift,seed8,92,0.0
hpmcounter7,drift,seed8,93,0.0
hpmcounter7,drift,seed8,94,0.0
hpmcounter7,drift,seed8,95,0.0
hpmcounter7,drift,seed8,96,0.0
hpmcounter7,drift,seed8,97,0.0
hpmcounter7,drift,seed8,98,0.0
hpmcounter7,drift,seed8,99,0.0
hpmcounter7,drift,seed8,100,0.0
hpmcounter7,drift,seed8,101,0.0
hpmcounter7,drift,seed8,102,0.0
hpmcounter7,drift,seed8,103,0.0
hpmcounter7,drift,seed8,104,0.0
hpmcounter7,drift,seed8,105,0.0
hpmcounter7,drift,seed8,106,0.0
hpmcounter7,drift,seed8,107,0.0
hpmcounter7,drift,seed8,108,0.0
hpmcounter7,drift,seed8,109,0.0
hpmcounter7,drift,seed8,110,0.0
hpmcounter7,drift,seed8,111,0.0
hpmcounter7,drift,seed8,112,0.0
hpmcounter7,drift,seed8,113,0.0
hpmcounter7,drift,seed8,114,0.0
hpmcounter7,drift,seed8,115,0.0
hpmcounter7,drift,seed8,116,0.0
hpmcounter7,drift,seed8,117,0.0
hpmcounter7,drift,seed8,118,0.0
hpmcounter7,drift,seed8,119,0.0
hpmcounter7,drift,seed8,120,0.0
hpmcounter7,drift,seed8,121,0.0
hpmcounter7,drift,seed8,122,0.0
hpmcounter7,drift,seed8,123,0.0
hpmcounter7,drift,seed8,124,0.0
hpmcounter7,drift,seed8,125,0.0
hpmcounter7,drift,seed8,126,0.0
hpmcounter7,drift,seed8,127,0.0
hpmcounter7,drift,seed8,128,0.0
hpmcounter7,drift,seed8,129,0.0
hpmcounter7,drift,seed8,130,0.0
hpmcounter7,drift,seed8,131,0.0
hpmcounter7,drift,seed8,132,0.0
hpmcounter7,drift,seed8,133,0.0
hpmcounter7,drift,seed8,134,0.0
hpmcounter7,drift,seed8,135,0.0
hpmcounter7,drift,seed8,136,0.0
hpmcounter7,drift,seed8,137,0.0
hpmcounter7,drift,seed8,138,0.0
hpmcounter7,drift,seed8,139,0.0
hpmcounter7,drift,seed8,140,0.0
hpmcounter7,drift,seed8,141,0.0
hpmcounter7,drift,seed8,142,0.0
hpmcounter7,drift,seed8,143,0.0
hpmcounter7,drift,seed8,144,0.0
hpmcounter7,drift,seed8,145,0.0
hpmcounter7,drift,seed8,146,0.0
hpmcounter7,drift,seed8,147,0.0
hpmcounter7,drift,seed8,148,0.0
hpmcounter7,drift,seed8,149,0.0
hpmcounter7,drift,seed8,150,0.0
hpmcounter7,drift,seed8,151,0.0
hpmcounter7,drift,seed8,152,0.0
hpmcounter7,drift,seed8,153,0.0
hpmcounter7,drift,seed8,154,0.0
hpmcounter7,drift,seed8,155,0.0
hpmcounter7,drift,seed8,156,0.0
hpmcounter7,drift,seed8,157,0.0
hpmcounter7,drift,seed8,158,0.0
hpmcounter7,drift,seed8,159,0.0
hpmcounter7,drift,seed8,160,0.0
hpmcounter7,drift,seed8,161,0.0
hpmcounter7,drift,seed8,162,0.0
hpmcounter7,drift,seed8,163,0.0
hpmcounter7,drift,seed8,164,0.0
hpmcounter7,drift,seed8,165,0.0
hpmcounter7,drift,seed8,166,0.0
hpmcounter7,drift,seed8,167,0.0
hpmcounter7,drift,seed8,168,0.0
hpmcounter7,drift,seed8,169,0.0
hpmcounter7,drift,seed8,170,0.0
hpmcounter7,drift,seed8,171,0.0
hpmcounter7,drift,seed8,172,0.0
hpmcounter7,drift,seed8,173,0.0
hpmcounter7,drift,seed8,174,0.0
hpmcounter7,drift,seed8,175,0.0
hpmcounter7,drift,seed8,176,0.0
hpmcounter7,drift,seed8,177,0.0
hpmcounter7,drift,seed8,178,0.0
hpmcounter7,drift,seed8,179,0.0
hpmcounter7,drift,seed8,180,0.0
hpmcounter7,drift,seed8,181,0.0
hpmcounter7,drift,seed8,182,0.0
hpmcounter7,drift,seed8,183,0.0
hpmcounter7,drift,seed8,184,0.0
hpmcounter7,drift,seed8,185,0.0
hpmcounter7,drift,seed8,186,0.0
hpmcounter7,drift,seed8,187,0.0
hpmcounter7,drift,seed8,188,0.0
hpmcounter7,drift,seed8,189,0.0
hpmcounter7,drift,seed8,190,0.0
hpmcounter7,drift,seed8,191,0.0
hpmcounter7,drift,seed8,192,0.0
hpmcounter7,drift,seed8,193,0.0
hpmcounter7,drift,seed8,194,0.0
hpmcounter7,drift,seed8,195,0.0
hpmcounter7,drift,seed8,196,0.0
hpmcounter7,drift,seed8,197,0.0
hpmcounter7,drift,seed8,198,0.0
hpmcounter7,drift,seed8,199,0.0
hpmcounter7,drift,seed8,200,0.0
hpmcounter7,drift,seed8,201,0.0
hpmcounter7,drift,seed8,202,0.0
hpmcounter7,drift,seed8,203,0.0
hpmcounter7,drift,seed8,204,0.0
hpmcounter7,drift,seed8,205,0.0
hpmcounter7,drift,seed8,206,0.0
hpmcounter7,drift,seed8,207,0.0
hpmcounter7,drift,seed8,208,0.0
hpmcounter7,drift,seed8,209,0.0
hpmcounter7,drift,seed8,210,0.0
hpmcounter7,drift,seed8,211,0.0
hpmcounter7,drift,seed8,212,0.0
hpmcounter7,drift,seed8,213,0.0
hpmcounter7,drift,seed8,214,0.0
hpmcounter7,drift,seed8,215,0.0
hpmcounter7,drift,seed8,216,0.0
hpmcounter7,drift,seed8,217,0.0
hpmcounter7,drift,seed8,218,0.0
hpmcounter7,drift,seed8,219,0.0
hpmcounter7,drift,seed8,220,0.0
hpmcounter7,drift,seed8,221,0.0
hpmcounter7,drift,seed8,222,0.0
hpmcounter7,drift,seed8,223,0.0
hpmcounter7,drift,seed8,224,0.0
hpmcounter7,drift,seed8,225,0.0
hpmcounter7,drift,seed8,226,0.0
hpmcounter7,drift,seed8,227,0.0
hpmcounter7,drift,seed8,228,0.0
hpmcounter7,drift,seed8,229,0.0
hpmcounter7,drift,seed8,230,0.0
hpmcounter7,drift,seed8,231,0.0
hpmcounter7,drift,seed8,232,0.0
hpmcounter7,drift,seed8,233,0.0
hpmcounter7,drift,seed8,234,0.0
hpmcounter7,drift,seed8,235,0.0
hpmcounter7,drift,seed8,236,0.0
hpmcounter7,drift,seed8,237,0.0
hpmcounter7,drift,seed8,238,0.0
hpmcounter7,drift,seed8,239,0.0
hpmcounter7,drift,seed8,240,0.0
hpmcounter7,drift,seed8,241,0.0
hpmcounter7,drift,seed8,242,0.0
hpmcounter7,drift,seed8,243,0.0
hpmcounter7,drift,seed8,244,0.0
hpmcounter7,drift,seed8,245,0.0
hpmcounter7,drift,seed8,246,0.0
hpmcounter7,drift,seed8,247,0.0
hpmcounter7,drift,seed8,248,0.0
hpmcounter7,drift,seed8,249,0.0
hpmcounter7,drift,seed8,250,0.0
hpmcounter7,drift,seed8,251,0.0
hpmcounter7,drift,seed8,252,0.0
hpmcounter7,drift,seed8,253,0.0
hpmcounter7,drift,seed8,254,0.0
hpmcounter7,drift,seed8,255,0.0
hpmcounter7,drift,seed8,256,0.0
hpmcounter7,drift,seed8,257,0.0
hpmcounter7,drift,seed8,258,0.0
hpmcounter7,drift,seed8,259,0.0
hpmcounter7,drift,seed8,260,0.0
hpmcounter7,drift,seed8,261,0.0
hpmcounter7,drift,seed8,262,0.0
hpmcounter7,drift,seed8,263,0.0
hpmcounter7,drift,seed8,264,0.0
hpmcounter7,drift,seed8,265,0.0
hpmcounter7,drift,seed8,266,0.0
hpmcounter7,drift,seed8,267,0.0
hpmcounter7,drift,seed8,268,0.0
hpmcounter7,drift,seed8,269,0.0
hpmcounter7,drift,seed8,270,0.0
hpmcounter7,drift,seed8,271,0.0
hpmcounter7,drift,seed8,272,0.0
hpmcounter7,drift,seed8,273,0.0
hpmcounter7,drift,seed8,274,0.0
hpmcounter7,drift,seed8,275,0.0
hpmcounter7,drift,seed8,276,0.0
hpmcounter7,drift,seed8,277,0.0
hpmcounter7,drift,seed8,278,0.0
hpmcounter7,drift,seed8,279,0.0
hpmcounter7,drift,seed8,280,0.0
hpmcounter7,drift,seed8,281,0.0
hpmcounter7,drift,seed8,282,0.0
hpmcounter7,drift,seed8,283,0.0
hpmcounter7,drift,seed8,284,0.0
hpmcounter7,drift,seed8,285,0.0
hpmcounter7,drift,seed8,286,0.0
hpmcounter7,drift,seed8,287,0.0
hpmcounter7,drift,seed8,288,0.0
hpmcounter7,drift,seed8,289,0.0
hpmcounter7,drift,seed8,290,0.0
hpmcounter7,drift,seed8,291,0.0
hpmcounter7,drift,seed8,292,0.0
hpmcounter7,drift,seed8,293,0.0
hpmcounter7,drift,seed8,294,0.0
hpmcounter7,drift,seed8,295,0.0
hpmcounter7,drift,seed8,296,0.0
hpmcounter7,drift,seed8,297,0.0
hpmcounter7,drift,seed8,298,0.0
hpmcounter7,drift,seed9,9,0.0
hpmcounter7,drift,seed9,10,0.0
hpmcounter7,drift,seed9,11,0.0
hpmcounter7,drift,seed9,12,0.0
hpmcounter7,drift,seed9,13,0.0
hpmcounter7,drift,seed9,14,0.0
hpmcounter7,drift,seed9,15,0.0
hpmcounter7,drift,seed9,16,0.0
hpmcounter7,drift,seed9,17,0.0
hpmcounter7,drift,seed9,18,0.0
hpmcounter7,drift,seed9,19,0.0
hpmcounter7,drift,seed9,20,0.0
hpmcounter7,drift,seed9,21,0.0
hpmcounter7,drift,seed9,22,0.0
hpmcounter7,drift,seed9,23,0.0
hpmcounter7,drift,seed9,24,0.0
hpmcounter7,drift,seed9,25,0.0
hpmcounter7,drift,seed9,26,0.0
hpmcounter7,drift,seed9,27,0.0
hpmcounter7,drift,seed9,28,0.0
hpmcounter7,drift,seed9,29,0.0
hpmcounter7,drift,seed9,30,0.0
hpmcounter7,drift,seed9,31,0.0
hpmcounter7,drift,seed9,32,0.0
hpmcounter7,drift,seed9,33,0.0
hpmcounter7,drift,seed9,34,0.0
hpmcounter7,drift,seed9,35,0.0
hpmcounter7,drift,seed9,36,0.0
hpmcounter7,drift,seed9,37,0.0
hpmcounter7,drift,seed9,38,0.0
hpmcounter7,drift,seed9,39,0.0
hpmcounter7,drift,seed9,40,0.0
hpmcounter7,drift,seed9,41,0.0
hpmcounter7,drift,seed9,42,0.0
hpmcounter7,drift,seed9,43,0.0
hpmcounter7,drift,seed9,44,0.0
hpmcounter7,drift,seed9,45,0.0
hpmcounter7,drift,seed9,46,0.0
hpmcounter7,drift,seed9,47,0.0
hpmcounter7,drift,seed9,48,0.0
hpmcounter7,drift,seed9,49,0.0
hpmcounter7,drift,seed9,50,0.0
hpmcounter7,drift,seed9,51,0.0
hpmcounter7,drift,seed9,52,0.0
hpmcounter7,drift,seed9,53,0.0
hpmcounter7,drift,seed9,54,0.0
hpmcounter7,drift,seed9,55,0.0
hpmcounter7,drift,seed9,56,0.0
hpmcounter7,drift,seed9,57,0.0
hpmcounter7,drift,seed9,58,0.0
hpmcounter7,drift,seed9,59,0.0
hpmcounter7,drift,seed9,60,0.0
hpmcounter7,drift,seed9,61,0.0
hpmcounter7,drift,seed9,62,0.0
hpmcounter7,drift,seed9,63,0.0
hpmcounter7,drift,seed9,64,0.0
hpmcounter7,drift,seed9,65,0.0
hpmcounter7,drift,seed9,66,0.0
hpmcounter7,drift,seed9,67,0.0
hpmcounter7,drift,seed9,68,0.0
hpmcounter7,drift,seed9,69,0.0
hpmcounter7,drift,seed9,70,0.0
hpmcounter7,drift,seed9,71,0.0
hpmcounter7,drift,seed9,72,0.0
hpmcounter7,drift,seed9,73,0.0
hpmcounter7,drift,seed9,74,0.0
hpmcounter7,drift,seed9,75,0.0
hpmcounter7,drift,seed9,76,0.0
hpmcounter7,drift,seed9,77,0.0
hpmcounter7,drift,seed9,78,0.0
hpmcounter7,drift,seed9,79,0.0
hpmcounter7,drift,seed9,80,0.0
hpmcounter7,drift,seed9,81,0.0
hpmcounter7,drift,seed9,82,0.0
hpmcounter7,drift,seed9,83,0.0
hpmcounter7,drift,seed9,84,0.0
hpmcounter7,drift,seed9,85,0.0
hpmcounter7,drift,seed9,86,0.0
hpmcounter7,drift,seed9,87,0.0
hpmcounter7,drift,seed9,88,0.0
hpmcounter7,drift,seed9,89,0.0
hpmcounter7,drift,seed9,90,0.0
hpmcounter7,drift,seed9,91,0.0
hpmcounter7,drift,seed9,92,0.0
hpmcounter7,drift,seed9,93,0.0
hpmcounter7,drift,seed9,94,0.0
hpmcounter7,drift,seed9,95,0.0
hpmcounter7,drift,seed9,96,0.0
hpmcounter7,drift,seed9,97,0.0
hpmcounter7,drift,seed9,98,0.0
hpmcounter7,drift,seed9,99,0.0
hpmcounter7,drift,seed9,100,0.0
hpmcounter7,drift,seed9,101,0.0
hpmcounter7,drift,seed9,102,0.0
hpmcounter7,drift,seed9,103,0.0
hpmcounter7,drift,seed9,104,0.0
hpmcounter7,drift,seed9,105,0.0
hpmcounter7,drift,seed9,106,0.0
hpmcounter7,drift,seed9,107,0.0
hpmcounter7,drift,seed9,108,0.0
hpmcounter7,drift,seed9,109,0.0
hpmcounter7,drift,seed9,110,0.0
hpmcounter7,drift,seed9,111,0.0
hpmcounter7,drift,seed9,112,0.0
hpmcounter7,drift,seed9,113,0.0
hpmcounter7,drift,seed9,114,0.0
hpmcounter7,drift,seed9,115,0.0
hpmcounter7,drift,seed9,116,0.0
hpmcounter7,drift,seed9,117,0.0
hpmcounter7,drift,seed9,118,0.0
hpmcounter7,drift,seed9,119,0.0
hpmcounter7,drift,seed9,120,0.0
hpmcounter7,drift,seed9,121,0.0
hpmcounter7,drift,seed9,122,0.0
hpmcounter7,drift,seed9,123,0.0
hpmcounter7,drift,seed9,124,0.0
hpmcounter7,drift,seed9,125,0.0
hpmcounter7,drift,seed9,126,0.0
hpmcounter7,drift,seed9,127,0.0
hpmcounter7,drift,seed9,128,0.0
hpmcounter7,drift,seed9,129,0.0
hpmcounter7,drift,seed9,130,0.0
hpmcounter7,drift,seed9,131,0.0
hpmcounter7,drift,seed9,132,0.0
hpmcounter7,drift,seed9,133,0.0
hpmcounter7,drift,seed9,134,0.0
hpmcounter7,drift,seed9,135,0.0
hpmcounter7,drift,seed9,136,0.0
hpmcounter7,drift,seed9,137,0.0
hpmcounter7,drift,seed9,138,0.0
hpmcounter7,drift,seed9,139,0.0
hpmcounter7,drift,seed9,140,0.0
hpmcounter7,drift,seed9,141,0.0
hpmcounter7,drift,seed9,142,0.0
hpmcounter7,drift,seed9,143,0.0
hpmcounter7,drift,seed9,144,0.0
hpmcounter7,drift,seed9,145,0.0
hpmcounter7,drift,seed9,146,0.0
hpmcounter7,drift,seed9,147,0.0
hpmcounter7,drift,seed9,148,0.0
hpmcounter7,drift,seed9,149,0.0
hpmcounter7,drift,seed9,150,0.0
hpmcounter7,drift,seed9,151,0.0
hpmcounter7,drift,seed9,152,0.0
hpmcounter7,drift,seed9,153,0.0
hpmcounter7,drift,seed9,154,0.0
hpmcounter7,drift,seed9,155,0.0
hpmcounter7,drift,seed9,156,0.0
hpmcounter7,drift,seed9,157,0.0
hpmcounter7,drift,seed9,158,0.0
hpmcounter7,drift,seed9,159,0.0
hpmcounter7,drift,seed9,160,0.0
hpmcounter7,drift,seed9,161,0.0
hpmcounter7,drift,seed9,162,0.0
hpmcounter7,drift,seed9,163,0.0
hpmcounter7,drift,seed9,164,0.0
hpmcounter7,drift,seed9,165,0.0
hpmcounter7,drift,seed9,166,0.0
hpmcounter7,drift,seed9,167,0.0
hpmcounter7,drift,seed9,168,0.0
hpmcounter7,drift,seed9,169,0.0
hpmcounter7,drift,seed9,170,0.0
hpmcounter7,drift,seed9,171,0.0
hpmcounter7,drift,seed9,172,0.0
hpmcounter7,drift,seed9,173,0.0
hpmcounter7,drift,seed9,174,0.0
hpmcounter7,drift,seed9,175,0.0
hpmcounter7,drift,seed9,176,0.0
hpmcounter7,drift,seed9,177,0.0
hpmcounter7,drift,seed9,178,0.0
hpmcounter7,drift,seed9,179,0.0
hpmcounter7,drift,seed9,180,0.0
hpmcounter7,drift,seed9,181,0.0
hpmcounter7,drift,seed9,182,0.0
hpmcounter7,drift,seed9,183,0.0
hpmcounter7,drift,seed9,184,0.0
hpmcounter7,drift,seed9,185,0.0
hpmcounter7,drift,seed9,186,0.0
hpmcounter7,drift,seed9,187,0.0
hpmcounter7,drift,seed9,188,0.0
hpmcounter7,drift,seed9,189,0.0
hpmcounter7,drift,seed9,190,0.0
hpmcounter7,drift,seed9,191,0.0
hpmcounter7,drift,seed9,192,0.0
hpmcounter7,drift,seed9,193,0.0
hpmcounter7,drift,seed9,194,0.0
hpmcounter7,drift,seed9,195,0.0
hpmcounter7,drift,seed9,196,0.0
hpmcounter7,drift,seed9,197,0.0
hpmcounter7,drift,seed9,198,0.0
hpmcounter7,drift,seed9,199,0.0
hpmcounter7,drift,seed9,200,0.0
hpmcounter7,drift,seed9,201,0.0
hpmcounter7,drift,seed9,202,0.0
hpmcounter7,drift,seed9,203,0.0
hpmcounter7,drift,seed9,204,0.0
hpmcounter7,drift,seed9,205,0.0
hpmcounter7,drift,seed9,206,0.0
hpmcounter7,drift,seed9,207,0.0
hpmcounter7,drift,seed9,208,0.0
hpmcounter7,drift,seed9,209,0.0
hpmcounter7,drift,seed9,210,0.0
hpmcounter7,drift,seed9,211,0.0
hpmcounter7,drift,seed9,212,0.0
hpmcounter7,drift,seed9,213,0.0
hpmcounter7,drift,seed9,214,0.0
hpmcounter7,drift,seed9,215,0.0
hpmcounter7,drift,seed9,216,0.0
hpmcounter7,drift,seed9,217,0.0
hpmcounter7,drift,seed9,218,0.0
hpmcounter7,drift,seed9,219,0.0
hpmcounter7,drift,seed9,220,0.0
hpmcounter7,drift,seed9,221,0.0
hpmcounter7,drift,seed9,222,0.0
hpmcounter7,drift,seed9,223,0.0
hpmcounter7,drift,seed9,224,0.0
hpmcounter7,drift,seed9,225,0.0
hpmcounter7,drift,seed9,226,0.0
hpmcounter7,drift,seed9,227,0.0
hpmcounter7,drift,seed9,228,0.0
hpmcounter7,drift,seed9,229,0.0
hpmcounter7,drift,seed9,230,0.0
hpmcounter7,drift,seed9,231,0.0
hpmcounter7,drift,seed9,232,0.0
hpmcounter7,drift,seed9,233,0.0
hpmcounter7,drift,seed9,234,0.0
hpmcounter7,drift,seed9,235,0.0
hpmcounter7,drift,seed9,236,0.0
hpmcounter7,drift,seed9,237,0.0
hpmcounter7,drift,seed9,238,0.0
hpmcounter7,drift,seed9,239,0.0
hpmcounter7,drift,seed9,240,0.0
hpmcounter7,drift,seed9,241,0.0
hpmcounter7,drift,seed9,242,0.0
hpmcounter7,drift,seed9,243,0.0
hpmcounter7,drift,seed9,244,0.0
hpmcounter7,drift,seed9,245,0.0
hpmcounter7,drift,seed9,246,0.0
hpmcounter7,drift,seed9,247,0.0
hpmcounter7,drift,seed9,248,0.0
hpmcounter7,drift,seed9,249,0.0
hpmcounter7,drift,seed9,250,0.0
hpmcounter7,drift,seed9,251,0.0
hpmcounter7,drift,seed9,252,0.0
hpmcounter7,drift,seed9,253,0.0
hpmcounter7,drift,seed9,254,0.0
hpmcounter7,drift,seed9,255,0.0
hpmcounter7,drift,seed9,256,0.0
hpmcounter7,drift,seed9,257,0.0
hpmcounter7,drift,seed9,258,0.0
hpmcounter7,drift,seed9,259,0.0
hpmcounter7,drift,seed9,260,0.0
hpmcounter7,drift,seed9,261,0.0
hpmcounter7,drift,seed9,262,0.0
hpmcounter7,drift,seed9,263,0.0
hpmcounter7,drift,seed9,264,0.0
hpmcounter7,drift,seed9,265,0.0
hpmcounter7,drift,seed9,266,0.0
hpmcounter7,drift,seed9,267,0.0
hpmcounter7,drift,seed9,268,0.0
hpmcounter7,drift,seed9,269,0.0
hpmcounter7,drift,seed9,270,0.0
hpmcounter7,drift,seed9,271,0.0
hpmcounter7,drift,seed9,272,0.0
hpmcounter7,drift,seed9,273,0.0
hpmcounter7,drift,seed9,274,0.0
hpmcounter7,drift,seed9,275,0.0
hpmcounter7,drift,seed9,276,0.0
hpmcounter7,drift,seed9,277,0.0
hpmcounter7,drift,seed9,278,0.0
hpmcounter7,drift,seed9,279,0.0
hpmcounter7,drift,seed9,280,0.0
hpmcounter7,drift,seed9,281,0.0
hpmcounter7,drift,seed9,282,0.0
hpmcounter7,drift,seed9,283,0.0
hpmcounter7,drift,seed9,284,0.0
hpmcounter7,drift,seed9,285,0.0
hpmcounter7,drift,seed9,286,0.0
hpmcounter7,drift,seed9,287,0.0
hpmcounter7,drift,seed9,288,0.0
hpmcounter7,drift,seed9,289,0.0
hpmcounter7,drift,seed9,290,0.0
hpmcounter7,drift,seed9,291,0.0
hpmcounter7,drift,seed9,292,0.0
hpmcounter7,drift,seed9,293,0.0
hpmcounter7,drift,seed9,294,0.0
hpmcounter7,drift,seed9,295,0.0
hpmcounter7,drift,seed9,296,0.0
hpmcounter7,drift,seed9,297,0.0
hpmcounter7,drift,seed9,298,0.0
hpmcounter7,jump,seed1,9,0.0
hpmcounter7,jump,seed1,10,0.0
hpmcounter7,jump,seed1,11,0.0
hpmcounter7,jump,seed1,12,0.0
hpmcounter7,jump,seed1,13,0.0
hpmcounter7,jump,seed1,14,0.0
hpmcounter7,jump,seed1,15,0.0
hpmcounter7,jump,seed1,16,0.0
hpmcounter7,jump,seed1,17,0.0
hpmcounter7,jump,seed1,18,0.0
hpmcounter7,jump,seed1,19,0.0
hpmcounter7,jump,seed1,20,0.0
hpmcounter7,jump,seed1,21,0.0
hpmcounter7,jump,seed1,22,0.0
hpmcounter7,jump,seed1,23,0.0
hpmcounter7,jump,seed1,24,0.0
hpmcounter7,jump,seed1,25,0.0
hpmcounter7,jump,seed1,26,0.0
hpmcounter7,jump,seed1,27,0.0
hpmcounter7,jump,seed1,28,0.0
hpmcounter7,jump,seed1,29,0.0
hpmcounter7,jump,seed1,30,0.0
hpmcounter7,jump,seed1,31,0.0
hpmcounter7,jump,seed1,32,0.0
hpmcounter7,jump,seed1,33,0.0
hpmcounter7,jump,seed1,34,0.0
hpmcounter7,jump,seed1,35,0.0
hpmcounter7,jump,seed1,36,0.0
hpmcounter7,jump,seed1,37,0.0
hpmcounter7,jump,seed1,38,0.0
hpmcounter7,jump,seed1,39,0.0
hpmcounter7,jump,seed1,40,0.0
hpmcounter7,jump,seed1,41,0.0
hpmcounter7,jump,seed1,42,0.0
hpmcounter7,jump,seed1,43,0.0
hpmcounter7,jump,seed1,44,0.0
hpmcounter7,jump,seed1,45,0.0
hpmcounter7,jump,seed1,46,0.0
hpmcounter7,jump,seed1,47,0.0
hpmcounter7,jump,seed1,48,0.0
hpmcounter7,jump,seed1,49,0.0
hpmcounter7,jump,seed1,50,0.0
hpmcounter7,jump,seed1,51,0.0
hpmcounter7,jump,seed1,52,0.0
hpmcounter7,jump,seed1,53,0.0
hpmcounter7,jump,seed1,54,0.0
hpmcounter7,jump,seed1,55,0.0
hpmcounter7,jump,seed1,56,0.0
hpmcounter7,jump,seed1,57,0.0
hpmcounter7,jump,seed1,58,0.0
hpmcounter7,jump,seed1,59,0.0
hpmcounter7,jump,seed1,60,0.0
hpmcounter7,jump,seed1,61,0.0
hpmcounter7,jump,seed1,62,0.0
hpmcounter7,jump,seed1,63,0.0
hpmcounter7,jump,seed1,64,0.0
hpmcounter7,jump,seed1,65,0.0
hpmcounter7,jump,seed1,66,0.0
hpmcounter7,jump,seed1,67,0.0
hpmcounter7,jump,seed1,68,0.0
hpmcounter7,jump,seed1,69,0.0
hpmcounter7,jump,seed1,70,0.0
hpmcounter7,jump,seed1,71,0.0
hpmcounter7,jump,seed1,72,0.0
hpmcounter7,jump,seed1,73,0.0
hpmcounter7,jump,seed1,74,0.0
hpmcounter7,jump,seed1,75,0.0
hpmcounter7,jump,seed1,76,0.0
hpmcounter7,jump,seed1,77,0.0
hpmcounter7,jump,seed1,78,0.0
hpmcounter7,jump,seed1,79,0.0
hpmcounter7,jump,seed1,80,0.0
hpmcounter7,jump,seed1,81,0.0
hpmcounter7,jump,seed1,82,0.0
hpmcounter7,jump,seed1,83,0.0
hpmcounter7,jump,seed1,84,0.0
hpmcounter7,jump,seed1,85,0.0
hpmcounter7,jump,seed1,86,0.0
hpmcounter7,jump,seed1,87,0.0
hpmcounter7,jump,seed1,88,0.0
hpmcounter7,jump,seed1,89,0.0
hpmcounter7,jump,seed1,90,0.0
hpmcounter7,jump,seed1,91,0.0
hpmcounter7,jump,seed1,92,0.0
hpmcounter7,jump,seed1,93,0.0
hpmcounter7,jump,seed1,94,0.0
hpmcounter7,jump,seed1,95,0.0
hpmcounter7,jump,seed1,96,0.0
hpmcounter7,jump,seed1,97,0.0
hpmcounter7,jump,seed1,98,0.0
hpmcounter7,jump,seed1,99,0.0
hpmcounter7,jump,seed1,100,0.0
hpmcounter7,jump,seed1,101,0.0
hpmcounter7,jump,seed1,102,0.0
hpmcounter7,jump,seed1,103,0.0
hpmcounter7,jump,seed1,104,0.0
hpmcounter7,jump,seed1,105,0.0
hpmcounter7,jump,seed1,106,0.0
hpmcounter7,jump,seed1,107,0.0
hpmcounter7,jump,seed1,108,0.0
hpmcounter7,jump,seed1,109,0.0
hpmcounter7,jump,seed1,110,0.0
hpmcounter7,jump,seed1,111,0.0
hpmcounter7,jump,seed1,112,0.0
hpmcounter7,jump,seed1,113,0.0
hpmcounter7,jump,seed1,114,0.0
hpmcounter7,jump,seed1,115,0.0
hpmcounter7,jump,seed1,116,0.0
hpmcounter7,jump,seed1,117,0.0
hpmcounter7,jump,seed1,118,0.0
hpmcounter7,jump,seed1,119,0.0
hpmcounter7,jump,seed1,120,0.0
hpmcounter7,jump,seed1,121,0.0
hpmcounter7,jump,seed1,122,0.0
hpmcounter7,jump,seed1,123,0.0
hpmcounter7,jump,seed1,124,0.0
hpmcounter7,jump,seed1,125,0.0
hpmcounter7,jump,seed1,126,0.0
hpmcounter7,jump,seed1,127,0.0
hpmcounter7,jump,seed1,128,0.0
hpmcounter7,jump,seed1,129,0.0
hpmcounter7,jump,seed1,130,0.0
hpmcounter7,jump,seed1,131,0.0
hpmcounter7,jump,seed1,132,0.0
hpmcounter7,jump,seed1,133,0.0
hpmcounter7,jump,seed1,134,0.0
hpmcounter7,jump,seed1,135,0.0
hpmcounter7,jump,seed1,136,0.0
hpmcounter7,jump,seed1,137,0.0
hpmcounter7,jump,seed1,138,0.0
hpmcounter7,jump,seed1,139,0.0
hpmcounter7,jump,seed1,140,0.0
hpmcounter7,jump,seed1,141,0.0
hpmcounter7,jump,seed1,142,0.0
hpmcounter7,jump,seed1,143,0.0
hpmcounter7,jump,seed1,144,0.0
hpmcounter7,jump,seed1,145,0.0
hpmcounter7,jump,seed1,146,0.0
hpmcounter7,jump,seed1,147,0.0
hpmcounter7,jump,seed1,148,0.0
hpmcounter7,jump,seed1,149,0.0
hpmcounter7,jump,seed1,150,0.0
hpmcounter7,jump,seed1,151,0.0
hpmcounter7,jump,seed1,152,0.0
hpmcounter7,jump,seed1,153,0.0
hpmcounter7,jump,seed1,154,0.0
hpmcounter7,jump,seed1,155,0.0
hpmcounter7,jump,seed1,156,0.0
hpmcounter7,jump,seed1,157,0.0
hpmcounter7,jump,seed1,158,0.0
hpmcounter7,jump,seed1,159,0.0
hpmcounter7,jump,seed1,160,0.0
hpmcounter7,jump,seed1,161,0.0
hpmcounter7,jump,seed1,162,0.0
hpmcounter7,jump,seed1,163,0.0
hpmcounter7,jump,seed1,164,0.0
hpmcounter7,jump,seed1,165,0.0
hpmcounter7,jump,seed1,166,0.0
hpmcounter7,jump,seed1,167,0.0
hpmcounter7,jump,seed1,168,0.0
hpmcounter7,jump,seed1,169,0.0
hpmcounter7,jump,seed1,170,0.0
hpmcounter7,jump,seed1,171,0.0
hpmcounter7,jump,seed1,172,0.0
hpmcounter7,jump,seed1,173,0.0
hpmcounter7,jump,seed1,174,0.0
hpmcounter7,jump,seed1,175,0.0
hpmcounter7,jump,seed1,176,0.0
hpmcounter7,jump,seed1,177,0.0
hpmcounter7,jump,seed1,178,0.0
hpmcounter7,jump,seed1,179,0.0
hpmcounter7,jump,seed1,180,0.0
hpmcounter7,jump,seed1,181,0.0
hpmcounter7,jump,seed1,182,0.0
hpmcounter7,jump,seed1,183,0.0
hpmcounter7,jump,seed1,184,0.0
hpmcounter7,jump,seed1,185,0.0
hpmcounter7,jump,seed1,186,0.0
hpmcounter7,jump,seed1,187,0.0
hpmcounter7,jump,seed1,188,0.0
hpmcounter7,jump,seed1,189,0.0
hpmcounter7,jump,seed1,190,0.0
hpmcounter7,jump,seed1,191,0.0
hpmcounter7,jump,seed1,192,0.0
hpmcounter7,jump,seed1,193,0.0
hpmcounter7,jump,seed1,194,0.0
hpmcounter7,jump,seed1,195,0.0
hpmcounter7,jump,seed1,196,0.0
hpmcounter7,jump,seed1,197,0.0
hpmcounter7,jump,seed1,198,0.0
hpmcounter7,jump,seed1,199,0.0
hpmcounter7,jump,seed1,200,0.0
hpmcounter7,jump,seed1,201,0.0
hpmcounter7,jump,seed1,202,0.0
hpmcounter7,jump,seed1,203,0.0
hpmcounter7,jump,seed1,204,0.0
hpmcounter7,jump,seed1,205,0.0
hpmcounter7,jump,seed1,206,0.0
hpmcounter7,jump,seed1,207,0.0
hpmcounter7,jump,seed1,208,0.0
hpmcounter7,jump,seed1,209,0.0
hpmcounter7,jump,seed1,210,0.0
hpmcounter7,jump,seed1,211,0.0
hpmcounter7,jump,seed1,212,0.0
hpmcounter7,jump,seed1,213,0.0
hpmcounter7,jump,seed1,214,0.0
hpmcounter7,jump,seed1,215,0.0
hpmcounter7,jump,seed1,216,0.0
hpmcounter7,jump,seed1,217,0.0
hpmcounter7,jump,seed1,218,0.0
hpmcounter7,jump,seed1,219,0.0
hpmcounter7,jump,seed1,220,0.0
hpmcounter7,jump,seed1,221,0.0
hpmcounter7,jump,seed1,222,0.0
hpmcounter7,jump,seed1,223,0.0
hpmcounter7,jump,seed1,224,0.0
hpmcounter7,jump,seed1,225,0.0
hpmcounter7,jump,seed1,226,0.0
hpmcounter7,jump,seed1,227,0.0
hpmcounter7,jump,seed1,228,0.0
hpmcounter7,jump,seed1,229,0.0
hpmcounter7,jump,seed1,230,0.0
hpmcounter7,jump,seed1,231,0.0
hpmcounter7,jump,seed1,232,0.0
hpmcounter7,jump,seed1,233,0.0
hpmcounter7,jump,seed1,234,0.0
hpmcounter7,jump,seed1,235,0.0
hpmcounter7,jump,seed1,236,0.0
hpmcounter7,jump,seed1,237,0.0
hpmcounter7,jump,seed1,238,0.0
hpmcounter7,jump,seed1,239,0.0
hpmcounter7,jump,seed1,240,0.0
hpmcounter7,jump,seed1,241,0.0
hpmcounter7,jump,seed1,242,0.0
hpmcounter7,jump,seed1,243,0.0
hpmcounter7,jump,seed1,244,0.0
hpmcounter7,jump,seed1,245,0.0
hpmcounter7,jump,seed1,246,0.0
hpmcounter7,jump,seed1,247,0.0
hpmcounter7,jump,seed1,248,0.0
hpmcounter7,jump,seed1,249,0.0
hpmcounter7,jump,seed1,250,0.0
hpmcounter7,jump,seed1,251,0.0
hpmcounter7,jump,seed1,252,0.0
hpmcounter7,jump,seed1,253,0.0
hpmcounter7,jump,seed1,254,0.0
hpmcounter7,jump,seed1,255,0.0
hpmcounter7,jump,seed1,256,0.0
hpmcounter7,jump,seed1,257,0.0
hpmcounter7,jump,seed1,258,0.0
hpmcounter7,jump,seed1,259,0.0
hpmcounter7,jump,seed1,260,0.0
hpmcounter7,jump,seed1,261,0.0
hpmcounter7,jump,seed1,262,0.0
hpmcounter7,jump,seed1,263,0.0
hpmcounter7,jump,seed1,264,0.0
hpmcounter7,jump,seed1,265,0.0
hpmcounter7,jump,seed1,266,0.0
hpmcounter7,jump,seed1,267,0.0
hpmcounter7,jump,seed1,268,0.0
hpmcounter7,jump,seed1,269,0.0
hpmcounter7,jump,seed1,270,0.0
hpmcounter7,jump,seed1,271,0.0
hpmcounter7,jump,seed1,272,0.0
hpmcounter7,jump,seed1,273,0.0
hpmcounter7,jump,seed1,274,0.0
hpmcounter7,jump,seed1,275,0.0
hpmcounter7,jump,seed1,276,0.0
hpmcounter7,jump,seed1,277,0.0
hpmcounter7,jump,seed1,278,0.0
hpmcounter7,jump,seed1,279,0.0
hpmcounter7,jump,seed1,280,0.0
hpmcounter7,jump,seed1,281,0.0
hpmcounter7,jump,seed1,282,0.0
hpmcounter7,jump,seed1,283,0.0
hpmcounter7,jump,seed1,284,0.0
hpmcounter7,jump,seed1,285,0.0
hpmcounter7,jump,seed1,286,0.0
hpmcounter7,jump,seed1,287,0.0
hpmcounter7,jump,seed1,288,0.0
hpmcounter7,jump,seed1,289,0.0
hpmcounter7,jump,seed1,290,0.0
hpmcounter7,jump,seed1,291,0.0
hpmcounter7,jump,seed1,292,0.0
hpmcounter7,jump,seed1,293,0.0
hpmcounter7,jump,seed1,294,0.0
hpmcounter7,jump,seed1,295,0.0
hpmcounter7,jump,seed1,296,0.0
hpmcounter7,jump,seed1,297,0.0
hpmcounter7,jump,seed1,298,0.0
hpmcounter7,jump,seed10,9,0.0
hpmcounter7,jump,seed10,10,0.0
hpmcounter7,jump,seed10,11,0.0
hpmcounter7,jump,seed10,12,0.0
hpmcounter7,jump,seed10,13,0.0
hpmcounter7,jump,seed10,14,0.0
hpmcounter7,jump,seed10,15,0.0
hpmcounter7,jump,seed10,16,0.0
hpmcounter7,jump,seed10,17,0.0
hpmcounter7,jump,seed10,18,0.0
hpmcounter7,jump,seed10,19,0.0
hpmcounter7,jump,seed10,20,0.0
hpmcounter7,jump,seed10,21,0.0
hpmcounter7,jump,seed10,22,0.0
hpmcounter7,jump,seed10,23,0.0
hpmcounter7,jump,seed10,24,0.0
hpmcounter7,jump,seed10,25,0.0
hpmcounter7,jump,seed10,26,0.0
hpmcounter7,jump,seed10,27,0.0
hpmcounter7,jump,seed10,28,0.0
hpmcounter7,jump,seed10,29,0.0
hpmcounter7,jump,seed10,30,0.0
hpmcounter7,jump,seed10,31,0.0
hpmcounter7,jump,seed10,32,0.0
hpmcounter7,jump,seed10,33,0.0
hpmcounter7,jump,seed10,34,0.0
hpmcounter7,jump,seed10,35,0.0
hpmcounter7,jump,seed10,36,0.0
hpmcounter7,jump,seed10,37,0.0
hpmcounter7,jump,seed10,38,0.0
hpmcounter7,jump,seed10,39,0.0
hpmcounter7,jump,seed10,40,0.0
hpmcounter7,jump,seed10,41,0.0
hpmcounter7,jump,seed10,42,0.0
hpmcounter7,jump,seed10,43,0.0
hpmcounter7,jump,seed10,44,0.0
hpmcounter7,jump,seed10,45,0.0
hpmcounter7,jump,seed10,46,0.0
hpmcounter7,jump,seed10,47,0.0
hpmcounter7,jump,seed10,48,0.0
hpmcounter7,jump,seed10,49,0.0
hpmcounter7,jump,seed10,50,0.0
hpmcounter7,jump,seed10,51,0.0
hpmcounter7,jump,seed10,52,0.0
hpmcounter7,jump,seed10,53,0.0
hpmcounter7,jump,seed10,54,0.0
hpmcounter7,jump,seed10,55,0.0
hpmcounter7,jump,seed10,56,0.0
hpmcounter7,jump,seed10,57,0.0
hpmcounter7,jump,seed10,58,0.0
hpmcounter7,jump,seed10,59,0.0
hpmcounter7,jump,seed10,60,0.0
hpmcounter7,jump,seed10,61,0.0
hpmcounter7,jump,seed10,62,0.0
hpmcounter7,jump,seed10,63,0.0
hpmcounter7,jump,seed10,64,0.0
hpmcounter7,jump,seed10,65,0.0
hpmcounter7,jump,seed10,66,0.0
hpmcounter7,jump,seed10,67,0.0
hpmcounter7,jump,seed10,68,0.0
hpmcounter7,jump,seed10,69,0.0
hpmcounter7,jump,seed10,70,0.0
hpmcounter7,jump,seed10,71,0.0
hpmcounter7,jump,seed10,72,0.0
hpmcounter7,jump,seed10,73,0.0
hpmcounter7,jump,seed10,74,0.0
hpmcounter7,jump,seed10,75,0.0
hpmcounter7,jump,seed10,76,0.0
hpmcounter7,jump,seed10,77,0.0
hpmcounter7,jump,seed10,78,0.0
hpmcounter7,jump,seed10,79,0.0
hpmcounter7,jump,seed10,80,0.0
hpmcounter7,jump,seed10,81,0.0
hpmcounter7,jump,seed10,82,0.0
hpmcounter7,jump,seed10,83,0.0
hpmcounter7,jump,seed10,84,0.0
hpmcounter7,jump,seed10,85,0.0
hpmcounter7,jump,seed10,86,0.0
hpmcounter7,jump,seed10,87,0.0
hpmcounter7,jump,seed10,88,0.0
hpmcounter7,jump,seed10,89,0.0
hpmcounter7,jump,seed10,90,0.0
hpmcounter7,jump,seed10,91,0.0
hpmcounter7,jump,seed10,92,0.0
hpmcounter7,jump,seed10,93,0.0
hpmcounter7,jump,seed10,94,0.0
hpmcounter7,jump,seed10,95,0.0
hpmcounter7,jump,seed10,96,0.0
hpmcounter7,jump,seed10,97,0.0
hpmcounter7,jump,seed10,98,0.0
hpmcounter7,jump,seed10,99,0.0
hpmcounter7,jump,seed10,100,0.0
hpmcounter7,jump,seed10,101,0.0
hpmcounter7,jump,seed10,102,0.0
hpmcounter7,jump,seed10,103,0.0
hpmcounter7,jump,seed10,104,0.0
hpmcounter7,jump,seed10,105,0.0
hpmcounter7,jump,seed10,106,0.0
hpmcounter7,jump,seed10,107,0.0
hpmcounter7,jump,seed10,108,0.0
hpmcounter7,jump,seed10,109,0.0
hpmcounter7,jump,seed10,110,0.0
hpmcounter7,jump,seed10,111,0.0
hpmcounter7,jump,seed10,112,0.0
hpmcounter7,jump,seed10,113,0.0
hpmcounter7,jump,seed10,114,0.0
hpmcounter7,jump,seed10,115,0.0
hpmcounter7,jump,seed10,116,0.0
hpmcounter7,jump,seed10,117,0.0
hpmcounter7,jump,seed10,118,0.0
hpmcounter7,jump,seed10,119,0.0
hpmcounter7,jump,seed10,120,0.0
hpmcounter7,jump,seed10,121,0.0
hpmcounter7,jump,seed10,122,0.0
hpmcounter7,jump,seed10,123,0.0
hpmcounter7,jump,seed10,124,0.0
hpmcounter7,jump,seed10,125,0.0
hpmcounter7,jump,seed10,126,0.0
hpmcounter7,jump,seed10,127,0.0
hpmcounter7,jump,seed10,128,0.0
hpmcounter7,jump,seed10,129,0.0
hpmcounter7,jump,seed10,130,0.0
hpmcounter7,jump,seed10,131,0.0
hpmcounter7,jump,seed10,132,0.0
hpmcounter7,jump,seed10,133,0.0
hpmcounter7,jump,seed10,134,0.0
hpmcounter7,jump,seed10,135,0.0
hpmcounter7,jump,seed10,136,0.0
hpmcounter7,jump,seed10,137,0.0
hpmcounter7,jump,seed10,138,0.0
hpmcounter7,jump,seed10,139,0.0
hpmcounter7,jump,seed10,140,0.0
hpmcounter7,jump,seed10,141,0.0
hpmcounter7,jump,seed10,142,0.0
hpmcounter7,jump,seed10,143,0.0
hpmcounter7,jump,seed10,144,0.0
hpmcounter7,jump,seed10,145,0.0
hpmcounter7,jump,seed10,146,0.0
hpmcounter7,jump,seed10,147,0.0
hpmcounter7,jump,seed10,148,0.0
hpmcounter7,jump,seed10,149,0.0
hpmcounter7,jump,seed10,150,0.0
hpmcounter7,jump,seed10,151,0.0
hpmcounter7,jump,seed10,152,0.0
hpmcounter7,jump,seed10,153,0.0
hpmcounter7,jump,seed10,154,0.0
hpmcounter7,jump,seed10,155,0.0
hpmcounter7,jump,seed10,156,0.0
hpmcounter7,jump,seed10,157,0.0
hpmcounter7,jump,seed10,158,0.0
hpmcounter7,jump,seed10,159,0.0
hpmcounter7,jump,seed10,160,0.0
hpmcounter7,jump,seed10,161,0.0
hpmcounter7,jump,seed10,162,0.0
hpmcounter7,jump,seed10,163,0.0
hpmcounter7,jump,seed10,164,0.0
hpmcounter7,jump,seed10,165,0.0
hpmcounter7,jump,seed10,166,0.0
hpmcounter7,jump,seed10,167,0.0
hpmcounter7,jump,seed10,168,0.0
hpmcounter7,jump,seed10,169,0.0
hpmcounter7,jump,seed10,170,0.0
hpmcounter7,jump,seed10,171,0.0
hpmcounter7,jump,seed10,172,0.0
hpmcounter7,jump,seed10,173,0.0
hpmcounter7,jump,seed10,174,0.0
hpmcounter7,jump,seed10,175,0.0
hpmcounter7,jump,seed10,176,0.0
hpmcounter7,jump,seed10,177,0.0
hpmcounter7,jump,seed10,178,0.0
hpmcounter7,jump,seed10,179,0.0
hpmcounter7,jump,seed10,180,0.0
hpmcounter7,jump,seed10,181,0.0
hpmcounter7,jump,seed10,182,0.0
hpmcounter7,jump,seed10,183,0.0
hpmcounter7,jump,seed10,184,0.0
hpmcounter7,jump,seed10,185,0.0
hpmcounter7,jump,seed10,186,0.0
hpmcounter7,jump,seed10,187,0.0
hpmcounter7,jump,seed10,188,0.0
hpmcounter7,jump,seed10,189,0.0
hpmcounter7,jump,seed10,190,0.0
hpmcounter7,jump,seed10,191,0.0
hpmcounter7,jump,seed10,192,0.0
hpmcounter7,jump,seed10,193,0.0
hpmcounter7,jump,seed10,194,0.0
hpmcounter7,jump,seed10,195,0.0
hpmcounter7,jump,seed10,196,0.0
hpmcounter7,jump,seed10,197,0.0
hpmcounter7,jump,seed10,198,0.0
hpmcounter7,jump,seed10,199,0.0
hpmcounter7,jump,seed10,200,0.0
hpmcounter7,jump,seed10,201,0.0
hpmcounter7,jump,seed10,202,0.0
hpmcounter7,jump,seed10,203,0.0
hpmcounter7,jump,seed10,204,0.0
hpmcounter7,jump,seed10,205,0.0
hpmcounter7,jump,seed10,206,0.0
hpmcounter7,jump,seed10,207,0.0
hpmcounter7,jump,seed10,208,0.0
hpmcounter7,jump,seed10,209,0.0
hpmcounter7,jump,seed10,210,0.0
hpmcounter7,jump,seed10,211,0.0
hpmcounter7,jump,seed10,212,0.0
hpmcounter7,jump,seed10,213,0.0
hpmcounter7,jump,seed10,214,0.0
hpmcounter7,jump,seed10,215,0.0
hpmcounter7,jump,seed10,216,0.0
hpmcounter7,jump,seed10,217,0.0
hpmcounter7,jump,seed10,218,0.0
hpmcounter7,jump,seed10,219,0.0
hpmcounter7,jump,seed10,220,0.0
hpmcounter7,jump,seed10,221,0.0
hpmcounter7,jump,seed10,222,0.0
hpmcounter7,jump,seed10,223,0.0
hpmcounter7,jump,seed10,224,0.0
hpmcounter7,jump,seed10,225,0.0
hpmcounter7,jump,seed10,226,0.0
hpmcounter7,jump,seed10,227,0.0
hpmcounter7,jump,seed10,228,0.0
hpmcounter7,jump,seed10,229,0.0
hpmcounter7,jump,seed10,230,0.0
hpmcounter7,jump,seed10,231,0.0
hpmcounter7,jump,seed10,232,0.0
hpmcounter7,jump,seed10,233,0.0
hpmcounter7,jump,seed10,234,0.0
hpmcounter7,jump,seed10,235,0.0
hpmcounter7,jump,seed10,236,0.0
hpmcounter7,jump,seed10,237,0.0
hpmcounter7,jump,seed10,238,0.0
hpmcounter7,jump,seed10,239,0.0
hpmcounter7,jump,seed10,240,0.0
hpmcounter7,jump,seed10,241,0.0
hpmcounter7,jump,seed10,242,0.0
hpmcounter7,jump,seed10,243,0.0
hpmcounter7,jump,seed10,244,0.0
hpmcounter7,jump,seed10,245,0.0
hpmcounter7,jump,seed10,246,0.0
hpmcounter7,jump,seed10,247,0.0
hpmcounter7,jump,seed10,248,0.0
hpmcounter7,jump,seed10,249,0.0
hpmcounter7,jump,seed10,250,0.0
hpmcounter7,jump,seed10,251,0.0
hpmcounter7,jump,seed10,252,0.0
hpmcounter7,jump,seed10,253,0.0
hpmcounter7,jump,seed10,254,0.0
hpmcounter7,jump,seed10,255,0.0
hpmcounter7,jump,seed10,256,0.0
hpmcounter7,jump,seed10,257,0.0
hpmcounter7,jump,seed10,258,0.0
hpmcounter7,jump,seed10,259,0.0
hpmcounter7,jump,seed10,260,0.0
hpmcounter7,jump,seed10,261,0.0
hpmcounter7,jump,seed10,262,0.0
hpmcounter7,jump,seed10,263,0.0
hpmcounter7,jump,seed10,264,0.0
hpmcounter7,jump,seed10,265,0.0
hpmcounter7,jump,seed10,266,0.0
hpmcounter7,jump,seed10,267,0.0
hpmcounter7,jump,seed10,268,0.0
hpmcounter7,jump,seed10,269,0.0
hpmcounter7,jump,seed10,270,0.0
hpmcounter7,jump,seed10,271,0.0
hpmcounter7,jump,seed10,272,0.0
hpmcounter7,jump,seed10,273,0.0
hpmcounter7,jump,seed10,274,0.0
hpmcounter7,jump,seed10,275,0.0
hpmcounter7,jump,seed10,276,0.0
hpmcounter7,jump,seed10,277,0.0
hpmcounter7,jump,seed10,278,0.0
hpmcounter7,jump,seed10,279,0.0
hpmcounter7,jump,seed10,280,0.0
hpmcounter7,jump,seed10,281,0.0
hpmcounter7,jump,seed10,282,0.0
hpmcounter7,jump,seed10,283,0.0
hpmcounter7,jump,seed10,284,0.0
hpmcounter7,jump,seed10,285,0.0
hpmcounter7,jump,seed10,286,0.0
hpmcounter7,jump,seed10,287,0.0
hpmcounter7,jump,seed10,288,0.0
hpmcounter7,jump,seed10,289,0.0
hpmcounter7,jump,seed10,290,0.0
hpmcounter7,jump,seed10,291,0.0
hpmcounter7,jump,seed10,292,0.0
hpmcounter7,jump,seed10,293,0.0
hpmcounter7,jump,seed10,294,0.0
hpmcounter7,jump,seed10,295,0.0
hpmcounter7,jump,seed10,296,0.0
hpmcounter7,jump,seed10,297,0.0
hpmcounter7,jump,seed10,298,0.0
hpmcounter7,jump,seed11,9,0.0
hpmcounter7,jump,seed11,10,0.0
hpmcounter7,jump,seed11,11,0.0
hpmcounter7,jump,seed11,12,0.0
hpmcounter7,jump,seed11,13,0.0
hpmcounter7,jump,seed11,14,0.0
hpmcounter7,jump,seed11,15,0.0
hpmcounter7,jump,seed11,16,0.0
hpmcounter7,jump,seed11,17,0.0
hpmcounter7,jump,seed11,18,0.0
hpmcounter7,jump,seed11,19,0.0
hpmcounter7,jump,seed11,20,0.0
hpmcounter7,jump,seed11,21,0.0
hpmcounter7,jump,seed11,22,0.0
hpmcounter7,jump,seed11,23,0.0
hpmcounter7,jump,seed11,24,0.0
hpmcounter7,jump,seed11,25,0.0
hpmcounter7,jump,seed11,26,0.0
hpmcounter7,jump,seed11,27,0.0
hpmcounter7,jump,seed11,28,0.0
hpmcounter7,jump,seed11,29,0.0
hpmcounter7,jump,seed11,30,0.0
hpmcounter7,jump,seed11,31,0.0
hpmcounter7,jump,seed11,32,0.0
hpmcounter7,jump,seed11,33,0.0
hpmcounter7,jump,seed11,34,0.0
hpmcounter7,jump,seed11,35,0.0
hpmcounter7,jump,seed11,36,0.0
hpmcounter7,jump,seed11,37,0.0
hpmcounter7,jump,seed11,38,0.0
hpmcounter7,jump,seed11,39,0.0
hpmcounter7,jump,seed11,40,0.0
hpmcounter7,jump,seed11,41,0.0
hpmcounter7,jump,seed11,42,0.0
hpmcounter7,jump,seed11,43,0.0
hpmcounter7,jump,seed11,44,0.0
hpmcounter7,jump,seed11,45,0.0
hpmcounter7,jump,seed11,46,0.0
hpmcounter7,jump,seed11,47,0.0
hpmcounter7,jump,seed11,48,0.0
hpmcounter7,jump,seed11,49,0.0
hpmcounter7,jump,seed11,50,0.0
hpmcounter7,jump,seed11,51,0.0
hpmcounter7,jump,seed11,52,0.0
hpmcounter7,jump,seed11,53,0.0
hpmcounter7,jump,seed11,54,0.0
hpmcounter7,jump,seed11,55,0.0
hpmcounter7,jump,seed11,56,0.0
hpmcounter7,jump,seed11,57,0.0
hpmcounter7,jump,seed11,58,0.0
hpmcounter7,jump,seed11,59,0.0
hpmcounter7,jump,seed11,60,0.0
hpmcounter7,jump,seed11,61,0.0
hpmcounter7,jump,seed11,62,0.0
hpmcounter7,jump,seed11,63,0.0
hpmcounter7,jump,seed11,64,0.0
hpmcounter7,jump,seed11,65,0.0
hpmcounter7,jump,seed11,66,0.0
hpmcounter7,jump,seed11,67,0.0
hpmcounter7,jump,seed11,68,0.0
hpmcounter7,jump,seed11,69,0.0
hpmcounter7,jump,seed11,70,0.0
hpmcounter7,jump,seed11,71,0.0
hpmcounter7,jump,seed11,72,0.0
hpmcounter7,jump,seed11,73,0.0
hpmcounter7,jump,seed11,74,0.0
hpmcounter7,jump,seed11,75,0.0
hpmcounter7,jump,seed11,76,0.0
hpmcounter7,jump,seed11,77,0.0
hpmcounter7,jump,seed11,78,0.0
hpmcounter7,jump,seed11,79,0.0
hpmcounter7,jump,seed11,80,0.0
hpmcounter7,jump,seed11,81,0.0
hpmcounter7,jump,seed11,82,0.0
hpmcounter7,jump,seed11,83,0.0
hpmcounter7,jump,seed11,84,0.0
hpmcounter7,jump,seed11,85,0.0
hpmcounter7,jump,seed11,86,0.0
hpmcounter7,jump,seed11,87,0.0
hpmcounter7,jump,seed11,88,0.0
hpmcounter7,jump,seed11,89,0.0
hpmcounter7,jump,seed11,90,0.0
hpmcounter7,jump,seed11,91,0.0
hpmcounter7,jump,seed11,92,0.0
hpmcounter7,jump,seed11,93,0.0
hpmcounter7,jump,seed11,94,0.0
hpmcounter7,jump,seed11,95,0.0
hpmcounter7,jump,seed11,96,0.0
hpmcounter7,jump,seed11,97,0.0
hpmcounter7,jump,seed11,98,0.0
hpmcounter7,jump,seed11,99,0.0
hpmcounter7,jump,seed11,100,0.0
hpmcounter7,jump,seed11,101,0.0
hpmcounter7,jump,seed11,102,0.0
hpmcounter7,jump,seed11,103,0.0
hpmcounter7,jump,seed11,104,0.0
hpmcounter7,jump,seed11,105,0.0
hpmcounter7,jump,seed11,106,0.0
hpmcounter7,jump,seed11,107,0.0
hpmcounter7,jump,seed11,108,0.0
hpmcounter7,jump,seed11,109,0.0
hpmcounter7,jump,seed11,110,0.0
hpmcounter7,jump,seed11,111,0.0
hpmcounter7,jump,seed11,112,0.0
hpmcounter7,jump,seed11,113,0.0
hpmcounter7,jump,seed11,114,0.0
hpmcounter7,jump,seed11,115,0.0
hpmcounter7,jump,seed11,116,0.0
hpmcounter7,jump,seed11,117,0.0
hpmcounter7,jump,seed11,118,0.0
hpmcounter7,jump,seed11,119,0.0
hpmcounter7,jump,seed11,120,0.0
hpmcounter7,jump,seed11,121,0.0
hpmcounter7,jump,seed11,122,0.0
hpmcounter7,jump,seed11,123,0.0
hpmcounter7,jump,seed11,124,0.0
hpmcounter7,jump,seed11,125,0.0
hpmcounter7,jump,seed11,126,0.0
hpmcounter7,jump,seed11,127,0.0
hpmcounter7,jump,seed11,128,0.0
hpmcounter7,jump,seed11,129,0.0
hpmcounter7,jump,seed11,130,0.0
hpmcounter7,jump,seed11,131,0.0
hpmcounter7,jump,seed11,132,0.0
hpmcounter7,jump,seed11,133,0.0
hpmcounter7,jump,seed11,134,0.0
hpmcounter7,jump,seed11,135,0.0
hpmcounter7,jump,seed11,136,0.0
hpmcounter7,jump,seed11,137,0.0
hpmcounter7,jump,seed11,138,0.0
hpmcounter7,jump,seed11,139,0.0
hpmcounter7,jump,seed11,140,0.0
hpmcounter7,jump,seed11,141,0.0
hpmcounter7,jump,seed11,142,0.0
hpmcounter7,jump,seed11,143,0.0
hpmcounter7,jump,seed11,144,0.0
hpmcounter7,jump,seed11,145,0.0
hpmcounter7,jump,seed11,146,0.0
hpmcounter7,jump,seed11,147,0.0
hpmcounter7,jump,seed11,148,0.0
hpmcounter7,jump,seed11,149,0.0
hpmcounter7,jump,seed11,150,0.0
hpmcounter7,jump,seed11,151,0.0
hpmcounter7,jump,seed11,152,0.0
hpmcounter7,jump,seed11,153,0.0
hpmcounter7,jump,seed11,154,0.0
hpmcounter7,jump,seed11,155,0.0
hpmcounter7,jump,seed11,156,0.0
hpmcounter7,jump,seed11,157,0.0
hpmcounter7,jump,seed11,158,0.0
hpmcounter7,jump,seed11,159,0.0
hpmcounter7,jump,seed11,160,0.0
hpmcounter7,jump,seed11,161,0.0
hpmcounter7,jump,seed11,162,0.0
hpmcounter7,jump,seed11,163,0.0
hpmcounter7,jump,seed11,164,0.0
hpmcounter7,jump,seed11,165,0.0
hpmcounter7,jump,seed11,166,0.0
hpmcounter7,jump,seed11,167,0.0
hpmcounter7,jump,seed11,168,0.0
hpmcounter7,jump,seed11,169,0.0
hpmcounter7,jump,seed11,170,0.0
hpmcounter7,jump,seed11,171,0.0
hpmcounter7,jump,seed11,172,0.0
hpmcounter7,jump,seed11,173,0.0
hpmcounter7,jump,seed11,174,0.0
hpmcounter7,jump,seed11,175,0.0
hpmcounter7,jump,seed11,176,0.0
hpmcounter7,jump,seed11,177,0.0
hpmcounter7,jump,seed11,178,0.0
hpmcounter7,jump,seed11,179,0.0
hpmcounter7,jump,seed11,180,0.0
hpmcounter7,jump,seed11,181,0.0
hpmcounter7,jump,seed11,182,0.0
hpmcounter7,jump,seed11,183,0.0
hpmcounter7,jump,seed11,184,0.0
hpmcounter7,jump,seed11,185,0.0
hpmcounter7,jump,seed11,186,0.0
hpmcounter7,jump,seed11,187,0.0
hpmcounter7,jump,seed11,188,0.0
hpmcounter7,jump,seed11,189,0.0
hpmcounter7,jump,seed11,190,0.0
hpmcounter7,jump,seed11,191,0.0
hpmcounter7,jump,seed11,192,0.0
hpmcounter7,jump,seed11,193,0.0
hpmcounter7,jump,seed11,194,0.0
hpmcounter7,jump,seed11,195,0.0
hpmcounter7,jump,seed11,196,0.0
hpmcounter7,jump,seed11,197,0.0
hpmcounter7,jump,seed11,198,0.0
hpmcounter7,jump,seed11,199,0.0
hpmcounter7,jump,seed11,200,0.0
hpmcounter7,jump,seed11,201,0.0
hpmcounter7,jump,seed11,202,0.0
hpmcounter7,jump,seed11,203,0.0
hpmcounter7,jump,seed11,204,0.0
hpmcounter7,jump,seed11,205,0.0
hpmcounter7,jump,seed11,206,0.0
hpmcounter7,jump,seed11,207,0.0
hpmcounter7,jump,seed11,208,0.0
hpmcounter7,jump,seed11,209,0.0
hpmcounter7,jump,seed11,210,0.0
hpmcounter7,jump,seed11,211,0.0
hpmcounter7,jump,seed11,212,0.0
hpmcounter7,jump,seed11,213,0.0
hpmcounter7,jump,seed11,214,0.0
hpmcounter7,jump,seed11,215,0.0
hpmcounter7,jump,seed11,216,0.0
hpmcounter7,jump,seed11,217,0.0
hpmcounter7,jump,seed11,218,0.0
hpmcounter7,jump,seed11,219,0.0
hpmcounter7,jump,seed11,220,0.0
hpmcounter7,jump,seed11,221,0.0
hpmcounter7,jump,seed11,222,0.0
hpmcounter7,jump,seed11,223,0.0
hpmcounter7,jump,seed11,224,0.0
hpmcounter7,jump,seed11,225,0.0
hpmcounter7,jump,seed11,226,0.0
hpmcounter7,jump,seed11,227,0.0
hpmcounter7,jump,seed11,228,0.0
hpmcounter7,jump,seed11,229,0.0
hpmcounter7,jump,seed11,230,0.0
hpmcounter7,jump,seed11,231,0.0
hpmcounter7,jump,seed11,232,0.0
hpmcounter7,jump,seed11,233,0.0
hpmcounter7,jump,seed11,234,0.0
hpmcounter7,jump,seed11,235,0.0
hpmcounter7,jump,seed11,236,0.0
hpmcounter7,jump,seed11,237,0.0
hpmcounter7,jump,seed11,238,0.0
hpmcounter7,jump,seed11,239,0.0
hpmcounter7,jump,seed11,240,0.0
hpmcounter7,jump,seed11,241,0.0
hpmcounter7,jump,seed11,242,0.0
hpmcounter7,jump,seed11,243,0.0
hpmcounter7,jump,seed11,244,0.0
hpmcounter7,jump,seed11,245,0.0
hpmcounter7,jump,seed11,246,0.0
hpmcounter7,jump,seed11,247,0.0
hpmcounter7,jump,seed11,248,0.0
hpmcounter7,jump,seed11,249,0.0
hpmcounter7,jump,seed11,250,0.0
hpmcounter7,jump,seed11,251,0.0
hpmcounter7,jump,seed11,252,0.0
hpmcounter7,jump,seed11,253,0.0
hpmcounter7,jump,seed11,254,0.0
hpmcounter7,jump,seed11,255,0.0
hpmcounter7,jump,seed11,256,0.0
hpmcounter7,jump,seed11,257,0.0
hpmcounter7,jump,seed11,258,0.0
hpmcounter7,jump,seed11,259,0.0
hpmcounter7,jump,seed11,260,0.0
hpmcounter7,jump,seed11,261,0.0
hpmcounter7,jump,seed11,262,0.0
hpmcounter7,jump,seed11,263,0.0
hpmcounter7,jump,seed11,264,0.0
hpmcounter7,jump,seed11,265,0.0
hpmcounter7,jump,seed11,266,0.0
hpmcounter7,jump,seed11,267,0.0
hpmcounter7,jump,seed11,268,0.0
hpmcounter7,jump,seed11,269,0.0
hpmcounter7,jump,seed11,270,0.0
hpmcounter7,jump,seed11,271,0.0
hpmcounter7,jump,seed11,272,0.0
hpmcounter7,jump,seed11,273,0.0
hpmcounter7,jump,seed11,274,0.0
hpmcounter7,jump,seed11,275,0.0
hpmcounter7,jump,seed11,276,0.0
hpmcounter7,jump,seed11,277,0.0
hpmcounter7,jump,seed11,278,0.0
hpmcounter7,jump,seed11,279,0.0
hpmcounter7,jump,seed11,280,0.0
hpmcounter7,jump,seed11,281,0.0
hpmcounter7,jump,seed11,282,0.0
hpmcounter7,jump,seed11,283,0.0
hpmcounter7,jump,seed11,284,0.0
hpmcounter7,jump,seed11,285,0.0
hpmcounter7,jump,seed11,286,0.0
hpmcounter7,jump,seed11,287,0.0
hpmcounter7,jump,seed11,288,0.0
hpmcounter7,jump,seed11,289,0.0
hpmcounter7,jump,seed11,290,0.0
hpmcounter7,jump,seed11,291,0.0
hpmcounter7,jump,seed11,292,0.0
hpmcounter7,jump,seed11,293,0.0
hpmcounter7,jump,seed11,294,0.0
hpmcounter7,jump,seed11,295,0.0
hpmcounter7,jump,seed11,296,0.0
hpmcounter7,jump,seed11,297,0.0
hpmcounter7,jump,seed11,298,0.0
hpmcounter7,jump,seed12,9,0.0
hpmcounter7,jump,seed12,10,0.0
hpmcounter7,jump,seed12,11,0.0
hpmcounter7,jump,seed12,12,0.0
hpmcounter7,jump,seed12,13,0.0
hpmcounter7,jump,seed12,14,0.0
hpmcounter7,jump,seed12,15,0.0
hpmcounter7,jump,seed12,16,0.0
hpmcounter7,jump,seed12,17,0.0
hpmcounter7,jump,seed12,18,0.0
hpmcounter7,jump,seed12,19,0.0
hpmcounter7,jump,seed12,20,0.0
hpmcounter7,jump,seed12,21,0.0
hpmcounter7,jump,seed12,22,0.0
hpmcounter7,jump,seed12,23,0.0
hpmcounter7,jump,seed12,24,0.0
hpmcounter7,jump,seed12,25,0.0
hpmcounter7,jump,seed12,26,0.0
hpmcounter7,jump,seed12,27,0.0
hpmcounter7,jump,seed12,28,0.0
hpmcounter7,jump,seed12,29,0.0
hpmcounter7,jump,seed12,30,0.0
hpmcounter7,jump,seed12,31,0.0
hpmcounter7,jump,seed12,32,0.0
hpmcounter7,jump,seed12,33,0.0
hpmcounter7,jump,seed12,34,0.0
hpmcounter7,jump,seed12,35,0.0
hpmcounter7,jump,seed12,36,0.0
hpmcounter7,jump,seed12,37,0.0
hpmcounter7,jump,seed12,38,0.0
hpmcounter7,jump,seed12,39,0.0
hpmcounter7,jump,seed12,40,0.0
hpmcounter7,jump,seed12,41,0.0
hpmcounter7,jump,seed12,42,0.0
hpmcounter7,jump,seed12,43,0.0
hpmcounter7,jump,seed12,44,0.0
hpmcounter7,jump,seed12,45,0.0
hpmcounter7,jump,seed12,46,0.0
hpmcounter7,jump,seed12,47,0.0
hpmcounter7,jump,seed12,48,0.0
hpmcounter7,jump,seed12,49,0.0
hpmcounter7,jump,seed12,50,0.0
hpmcounter7,jump,seed12,51,0.0
hpmcounter7,jump,seed12,52,0.0
hpmcounter7,jump,seed12,53,0.0
hpmcounter7,jump,seed12,54,0.0
hpmcounter7,jump,seed12,55,0.0
hpmcounter7,jump,seed12,56,0.0
hpmcounter7,jump,seed12,57,0.0
hpmcounter7,jump,seed12,58,0.0
hpmcounter7,jump,seed12,59,0.0
hpmcounter7,jump,seed12,60,0.0
hpmcounter7,jump,seed12,61,0.0
hpmcounter7,jump,seed12,62,0.0
hpmcounter7,jump,seed12,63,0.0
hpmcounter7,jump,seed12,64,0.0
hpmcounter7,jump,seed12,65,0.0
hpmcounter7,jump,seed12,66,0.0
hpmcounter7,jump,seed12,67,0.0
hpmcounter7,jump,seed12,68,0.0
hpmcounter7,jump,seed12,69,0.0
hpmcounter7,jump,seed12,70,0.0
hpmcounter7,jump,seed12,71,0.0
hpmcounter7,jump,seed12,72,0.0
hpmcounter7,jump,seed12,73,0.0
hpmcounter7,jump,seed12,74,0.0
hpmcounter7,jump,seed12,75,0.0
hpmcounter7,jump,seed12,76,0.0
hpmcounter7,jump,seed12,77,0.0
hpmcounter7,jump,seed12,78,0.0
hpmcounter7,jump,seed12,79,0.0
hpmcounter7,jump,seed12,80,0.0
hpmcounter7,jump,seed12,81,0.0
hpmcounter7,jump,seed12,82,0.0
hpmcounter7,jump,seed12,83,0.0
hpmcounter7,jump,seed12,84,0.0
hpmcounter7,jump,seed12,85,0.0
hpmcounter7,jump,seed12,86,0.0
hpmcounter7,jump,seed12,87,0.0
hpmcounter7,jump,seed12,88,0.0
hpmcounter7,jump,seed12,89,0.0
hpmcounter7,jump,seed12,90,0.0
hpmcounter7,jump,seed12,91,0.0
hpmcounter7,jump,seed12,92,0.0
hpmcounter7,jump,seed12,93,0.0
hpmcounter7,jump,seed12,94,0.0
hpmcounter7,jump,seed12,95,0.0
hpmcounter7,jump,seed12,96,0.0
hpmcounter7,jump,seed12,97,0.0
hpmcounter7,jump,seed12,98,0.0
hpmcounter7,jump,seed12,99,0.0
hpmcounter7,jump,seed12,100,0.0
hpmcounter7,jump,seed12,101,0.0
hpmcounter7,jump,seed12,102,0.0
hpmcounter7,jump,seed12,103,0.0
hpmcounter7,jump,seed12,104,0.0
hpmcounter7,jump,seed12,105,0.0
hpmcounter7,jump,seed12,106,0.0
hpmcounter7,jump,seed12,107,0.0
hpmcounter7,jump,seed12,108,0.0
hpmcounter7,jump,seed12,109,0.0
hpmcounter7,jump,seed12,110,0.0
hpmcounter7,jump,seed12,111,0.0
hpmcounter7,jump,seed12,112,0.0
hpmcounter7,jump,seed12,113,0.0
hpmcounter7,jump,seed12,114,0.0
hpmcounter7,jump,seed12,115,0.0
hpmcounter7,jump,seed12,116,0.0
hpmcounter7,jump,seed12,117,0.0
hpmcounter7,jump,seed12,118,0.0
hpmcounter7,jump,seed12,119,0.0
hpmcounter7,jump,seed12,120,0.0
hpmcounter7,jump,seed12,121,0.0
hpmcounter7,jump,seed12,122,0.0
hpmcounter7,jump,seed12,123,0.0
hpmcounter7,jump,seed12,124,0.0
hpmcounter7,jump,seed12,125,0.0
hpmcounter7,jump,seed12,126,0.0
hpmcounter7,jump,seed12,127,0.0
hpmcounter7,jump,seed12,128,0.0
hpmcounter7,jump,seed12,129,0.0
hpmcounter7,jump,seed12,130,0.0
hpmcounter7,jump,seed12,131,0.0
hpmcounter7,jump,seed12,132,0.0
hpmcounter7,jump,seed12,133,0.0
hpmcounter7,jump,seed12,134,0.0
hpmcounter7,jump,seed12,135,0.0
hpmcounter7,jump,seed12,136,0.0
hpmcounter7,jump,seed12,137,0.0
hpmcounter7,jump,seed12,138,0.0
hpmcounter7,jump,seed12,139,0.0
hpmcounter7,jump,seed12,140,0.0
hpmcounter7,jump,seed12,141,0.0
hpmcounter7,jump,seed12,142,0.0
hpmcounter7,jump,seed12,143,0.0
hpmcounter7,jump,seed12,144,0.0
hpmcounter7,jump,seed12,145,0.0
hpmcounter7,jump,seed12,146,0.0
hpmcounter7,jump,seed12,147,0.0
hpmcounter7,jump,seed12,148,0.0
hpmcounter7,jump,seed12,149,0.0
hpmcounter7,jump,seed12,150,0.0
hpmcounter7,jump,seed12,151,0.0
hpmcounter7,jump,seed12,152,0.0
hpmcounter7,jump,seed12,153,0.0
hpmcounter7,jump,seed12,154,0.0
hpmcounter7,jump,seed12,155,0.0
hpmcounter7,jump,seed12,156,0.0
hpmcounter7,jump,seed12,157,0.0
hpmcounter7,jump,seed12,158,0.0
hpmcounter7,jump,seed12,159,0.0
hpmcounter7,jump,seed12,160,0.0
hpmcounter7,jump,seed12,161,0.0
hpmcounter7,jump,seed12,162,0.0
hpmcounter7,jump,seed12,163,0.0
hpmcounter7,jump,seed12,164,0.0
hpmcounter7,jump,seed12,165,0.0
hpmcounter7,jump,seed12,166,0.0
hpmcounter7,jump,seed12,167,0.0
hpmcounter7,jump,seed12,168,0.0
hpmcounter7,jump,seed12,169,0.0
hpmcounter7,jump,seed12,170,0.0
hpmcounter7,jump,seed12,171,0.0
hpmcounter7,jump,seed12,172,0.0
hpmcounter7,jump,seed12,173,0.0
hpmcounter7,jump,seed12,174,0.0
hpmcounter7,jump,seed12,175,0.0
hpmcounter7,jump,seed12,176,0.0
hpmcounter7,jump,seed12,177,0.0
hpmcounter7,jump,seed12,178,0.0
hpmcounter7,jump,seed12,179,0.0
hpmcounter7,jump,seed12,180,0.0
hpmcounter7,jump,seed12,181,0.0
hpmcounter7,jump,seed12,182,0.0
hpmcounter7,jump,seed12,183,0.0
hpmcounter7,jump,seed12,184,0.0
hpmcounter7,jump,seed12,185,0.0
hpmcounter7,jump,seed12,186,0.0
hpmcounter7,jump,seed12,187,0.0
hpmcounter7,jump,seed12,188,0.0
hpmcounter7,jump,seed12,189,0.0
hpmcounter7,jump,seed12,190,0.0
hpmcounter7,jump,seed12,191,0.0
hpmcounter7,jump,seed12,192,0.0
hpmcounter7,jump,seed12,193,0.0
hpmcounter7,jump,seed12,194,0.0
hpmcounter7,jump,seed12,195,0.0
hpmcounter7,jump,seed12,196,0.0
hpmcounter7,jump,seed12,197,0.0
hpmcounter7,jump,seed12,198,0.0
hpmcounter7,jump,seed12,199,0.0
hpmcounter7,jump,seed12,200,0.0
hpmcounter7,jump,seed12,201,0.0
hpmcounter7,jump,seed12,202,0.0
hpmcounter7,jump,seed12,203,0.0
hpmcounter7,jump,seed12,204,0.0
hpmcounter7,jump,seed12,205,0.0
hpmcounter7,jump,seed12,206,0.0
hpmcounter7,jump,seed12,207,0.0
hpmcounter7,jump,seed12,208,0.0
hpmcounter7,jump,seed12,209,0.0
hpmcounter7,jump,seed12,210,0.0
hpmcounter7,jump,seed12,211,0.0
hpmcounter7,jump,seed12,212,0.0
hpmcounter7,jump,seed12,213,0.0
hpmcounter7,jump,seed12,214,0.0
hpmcounter7,jump,seed12,215,0.0
hpmcounter7,jump,seed12,216,0.0
hpmcounter7,jump,seed12,217,0.0
hpmcounter7,jump,seed12,218,0.0
hpmcounter7,jump,seed12,219,0.0
hpmcounter7,jump,seed12,220,0.0
hpmcounter7,jump,seed12,221,0.0
hpmcounter7,jump,seed12,222,0.0
hpmcounter7,jump,seed12,223,0.0
hpmcounter7,jump,seed12,224,0.0
hpmcounter7,jump,seed12,225,0.0
hpmcounter7,jump,seed12,226,0.0
hpmcounter7,jump,seed12,227,0.0
hpmcounter7,jump,seed12,228,0.0
hpmcounter7,jump,seed12,229,0.0
hpmcounter7,jump,seed12,230,0.0
hpmcounter7,jump,seed12,231,0.0
hpmcounter7,jump,seed12,232,0.0
hpmcounter7,jump,seed12,233,0.0
hpmcounter7,jump,seed12,234,0.0
hpmcounter7,jump,seed12,235,0.0
hpmcounter7,jump,seed12,236,0.0
hpmcounter7,jump,seed12,237,0.0
hpmcounter7,jump,seed12,238,0.0
hpmcounter7,jump,seed12,239,0.0
hpmcounter7,jump,seed12,240,0.0
hpmcounter7,jump,seed12,241,0.0
hpmcounter7,jump,seed12,242,0.0
hpmcounter7,jump,seed12,243,0.0
hpmcounter7,jump,seed12,244,0.0
hpmcounter7,jump,seed12,245,0.0
hpmcounter7,jump,seed12,246,0.0
hpmcounter7,jump,seed12,247,0.0
hpmcounter7,jump,seed12,248,0.0
hpmcounter7,jump,seed12,249,0.0
hpmcounter7,jump,seed12,250,0.0
hpmcounter7,jump,seed12,251,0.0
hpmcounter7,jump,seed12,252,0.0
hpmcounter7,jump,seed12,253,0.0
hpmcounter7,jump,seed12,254,0.0
hpmcounter7,jump,seed12,255,0.0
hpmcounter7,jump,seed12,256,0.0
hpmcounter7,jump,seed12,257,0.0
hpmcounter7,jump,seed12,258,0.0
hpmcounter7,jump,seed12,259,0.0
hpmcounter7,jump,seed12,260,0.0
hpmcounter7,jump,seed12,261,0.0
hpmcounter7,jump,seed12,262,0.0
hpmcounter7,jump,seed12,263,0.0
hpmcounter7,jump,seed12,264,0.0
hpmcounter7,jump,seed12,265,0.0
hpmcounter7,jump,seed12,266,0.0
hpmcounter7,jump,seed12,267,0.0
hpmcounter7,jump,seed12,268,0.0
hpmcounter7,jump,seed12,269,0.0
hpmcounter7,jump,seed12,270,0.0
hpmcounter7,jump,seed12,271,0.0
hpmcounter7,jump,seed12,272,0.0
hpmcounter7,jump,seed12,273,0.0
hpmcounter7,jump,seed12,274,0.0
hpmcounter7,jump,seed12,275,0.0
hpmcounter7,jump,seed12,276,0.0
hpmcounter7,jump,seed12,277,0.0
hpmcounter7,jump,seed12,278,0.0
hpmcounter7,jump,seed12,279,0.0
hpmcounter7,jump,seed12,280,0.0
hpmcounter7,jump,seed12,281,0.0
hpmcounter7,jump,seed12,282,0.0
hpmcounter7,jump,seed12,283,0.0
hpmcounter7,jump,seed12,284,0.0
hpmcounter7,jump,seed12,285,0.0
hpmcounter7,jump,seed12,286,0.0
hpmcounter7,jump,seed12,287,0.0
hpmcounter7,jump,seed12,288,0.0
hpmcounter7,jump,seed12,289,0.0
hpmcounter7,jump,seed12,290,0.0
hpmcounter7,jump,seed12,291,0.0
hpmcounter7,jump,seed12,292,0.0
hpmcounter7,jump,seed12,293,0.0
hpmcounter7,jump,seed12,294,0.0
hpmcounter7,jump,seed12,295,0.0
hpmcounter7,jump,seed12,296,0.0
hpmcounter7,jump,seed12,297,0.0
hpmcounter7,jump,seed12,298,0.0
hpmcounter7,jump,seed13,9,0.0
hpmcounter7,jump,seed13,10,0.0
hpmcounter7,jump,seed13,11,0.0
hpmcounter7,jump,seed13,12,0.0
hpmcounter7,jump,seed13,13,0.0
hpmcounter7,jump,seed13,14,0.0
hpmcounter7,jump,seed13,15,0.0
hpmcounter7,jump,seed13,16,0.0
hpmcounter7,jump,seed13,17,0.0
hpmcounter7,jump,seed13,18,0.0
hpmcounter7,jump,seed13,19,0.0
hpmcounter7,jump,seed13,20,0.0
hpmcounter7,jump,seed13,21,0.0
hpmcounter7,jump,seed13,22,0.0
hpmcounter7,jump,seed13,23,0.0
hpmcounter7,jump,seed13,24,0.0
hpmcounter7,jump,seed13,25,0.0
hpmcounter7,jump,seed13,26,0.0
hpmcounter7,jump,seed13,27,0.0
hpmcounter7,jump,seed13,28,0.0
hpmcounter7,jump,seed13,29,0.0
hpmcounter7,jump,seed13,30,0.0
hpmcounter7,jump,seed13,31,0.0
hpmcounter7,jump,seed13,32,0.0
hpmcounter7,jump,seed13,33,0.0
hpmcounter7,jump,seed13,34,0.0
hpmcounter7,jump,seed13,35,0.0
hpmcounter7,jump,seed13,36,0.0
hpmcounter7,jump,seed13,37,0.0
hpmcounter7,jump,seed13,38,0.0
hpmcounter7,jump,seed13,39,0.0
hpmcounter7,jump,seed13,40,0.0
hpmcounter7,jump,seed13,41,0.0
hpmcounter7,jump,seed13,42,0.0
hpmcounter7,jump,seed13,43,0.0
hpmcounter7,jump,seed13,44,0.0
hpmcounter7,jump,seed13,45,0.0
hpmcounter7,jump,seed13,46,0.0
hpmcounter7,jump,seed13,47,0.0
hpmcounter7,jump,seed13,48,0.0
hpmcounter7,jump,seed13,49,0.0
hpmcounter7,jump,seed13,50,0.0
hpmcounter7,jump,seed13,51,0.0
hpmcounter7,jump,seed13,52,0.0
hpmcounter7,jump,seed13,53,0.0
hpmcounter7,jump,seed13,54,0.0
hpmcounter7,jump,seed13,55,0.0
hpmcounter7,jump,seed13,56,0.0
hpmcounter7,jump,seed13,57,0.0
hpmcounter7,jump,seed13,58,0.0
hpmcounter7,jump,seed13,59,0.0
hpmcounter7,jump,seed13,60,0.0
hpmcounter7,jump,seed13,61,0.0
hpmcounter7,jump,seed13,62,0.0
hpmcounter7,jump,seed13,63,0.0
hpmcounter7,jump,seed13,64,0.0
hpmcounter7,jump,seed13,65,0.0
hpmcounter7,jump,seed13,66,0.0
hpmcounter7,jump,seed13,67,0.0
hpmcounter7,jump,seed13,68,0.0
hpmcounter7,jump,seed13,69,0.0
hpmcounter7,jump,seed13,70,0.0
hpmcounter7,jump,seed13,71,0.0
hpmcounter7,jump,seed13,72,0.0
hpmcounter7,jump,seed13,73,0.0
hpmcounter7,jump,seed13,74,0.0
hpmcounter7,jump,seed13,75,0.0
hpmcounter7,jump,seed13,76,0.0
hpmcounter7,jump,seed13,77,0.0
hpmcounter7,jump,seed13,78,0.0
hpmcounter7,jump,seed13,79,0.0
hpmcounter7,jump,seed13,80,0.0
hpmcounter7,jump,seed13,81,0.0
hpmcounter7,jump,seed13,82,0.0
hpmcounter7,jump,seed13,83,0.0
hpmcounter7,jump,seed13,84,0.0
hpmcounter7,jump,seed13,85,0.0
hpmcounter7,jump,seed13,86,0.0
hpmcounter7,jump,seed13,87,0.0
hpmcounter7,jump,seed13,88,0.0
hpmcounter7,jump,seed13,89,0.0
hpmcounter7,jump,seed13,90,0.0
hpmcounter7,jump,seed13,91,0.0
hpmcounter7,jump,seed13,92,0.0
hpmcounter7,jump,seed13,93,0.0
hpmcounter7,jump,seed13,94,0.0
hpmcounter7,jump,seed13,95,0.0
hpmcounter7,jump,seed13,96,0.0
hpmcounter7,jump,seed13,97,0.0
hpmcounter7,jump,seed13,98,0.0
hpmcounter7,jump,seed13,99,0.0
hpmcounter7,jump,seed13,100,0.0
hpmcounter7,jump,seed13,101,0.0
hpmcounter7,jump,seed13,102,0.0
hpmcounter7,jump,seed13,103,0.0
hpmcounter7,jump,seed13,104,0.0
hpmcounter7,jump,seed13,105,0.0
hpmcounter7,jump,seed13,106,0.0
hpmcounter7,jump,seed13,107,0.0
hpmcounter7,jump,seed13,108,0.0
hpmcounter7,jump,seed13,109,0.0
hpmcounter7,jump,seed13,110,0.0
hpmcounter7,jump,seed13,111,0.0
hpmcounter7,jump,seed13,112,0.0
hpmcounter7,jump,seed13,113,0.0
hpmcounter7,jump,seed13,114,0.0
hpmcounter7,jump,seed13,115,0.0
hpmcounter7,jump,seed13,116,0.0
hpmcounter7,jump,seed13,117,0.0
hpmcounter7,jump,seed13,118,0.0
hpmcounter7,jump,seed13,119,0.0
hpmcounter7,jump,seed13,120,0.0
hpmcounter7,jump,seed13,121,0.0
hpmcounter7,jump,seed13,122,0.0
hpmcounter7,jump,seed13,123,0.0
hpmcounter7,jump,seed13,124,0.0
hpmcounter7,jump,seed13,125,0.0
hpmcounter7,jump,seed13,126,0.0
hpmcounter7,jump,seed13,127,0.0
hpmcounter7,jump,seed13,128,0.0
hpmcounter7,jump,seed13,129,0.0
hpmcounter7,jump,seed13,130,0.0
hpmcounter7,jump,seed13,131,0.0
hpmcounter7,jump,seed13,132,0.0
hpmcounter7,jump,seed13,133,0.0
hpmcounter7,jump,seed13,134,0.0
hpmcounter7,jump,seed13,135,0.0
hpmcounter7,jump,seed13,136,0.0
hpmcounter7,jump,seed13,137,0.0
hpmcounter7,jump,seed13,138,0.0
hpmcounter7,jump,seed13,139,0.0
hpmcounter7,jump,seed13,140,0.0
hpmcounter7,jump,seed13,141,0.0
hpmcounter7,jump,seed13,142,0.0
hpmcounter7,jump,seed13,143,0.0
hpmcounter7,jump,seed13,144,0.0
hpmcounter7,jump,seed13,145,0.0
hpmcounter7,jump,seed13,146,0.0
hpmcounter7,jump,seed13,147,0.0
hpmcounter7,jump,seed13,148,0.0
hpmcounter7,jump,seed13,149,0.0
hpmcounter7,jump,seed13,150,0.0
hpmcounter7,jump,seed13,151,0.0
hpmcounter7,jump,seed13,152,0.0
hpmcounter7,jump,seed13,153,0.0
hpmcounter7,jump,seed13,154,0.0
hpmcounter7,jump,seed13,155,0.0
hpmcounter7,jump,seed13,156,0.0
hpmcounter7,jump,seed13,157,0.0
hpmcounter7,jump,seed13,158,0.0
hpmcounter7,jump,seed13,159,0.0
hpmcounter7,jump,seed13,160,0.0
hpmcounter7,jump,seed13,161,0.0
hpmcounter7,jump,seed13,162,0.0
hpmcounter7,jump,seed13,163,0.0
hpmcounter7,jump,seed13,164,0.0
hpmcounter7,jump,seed13,165,0.0
hpmcounter7,jump,seed13,166,0.0
hpmcounter7,jump,seed13,167,0.0
hpmcounter7,jump,seed13,168,0.0
hpmcounter7,jump,seed13,169,0.0
hpmcounter7,jump,seed13,170,0.0
hpmcounter7,jump,seed13,171,0.0
hpmcounter7,jump,seed13,172,0.0
hpmcounter7,jump,seed13,173,0.0
hpmcounter7,jump,seed13,174,0.0
hpmcounter7,jump,seed13,175,0.0
hpmcounter7,jump,seed13,176,0.0
hpmcounter7,jump,seed13,177,0.0
hpmcounter7,jump,seed13,178,0.0
hpmcounter7,jump,seed13,179,0.0
hpmcounter7,jump,seed13,180,0.0
hpmcounter7,jump,seed13,181,0.0
hpmcounter7,jump,seed13,182,0.0
hpmcounter7,jump,seed13,183,0.0
hpmcounter7,jump,seed13,184,0.0
hpmcounter7,jump,seed13,185,0.0
hpmcounter7,jump,seed13,186,0.0
hpmcounter7,jump,seed13,187,0.0
hpmcounter7,jump,seed13,188,0.0
hpmcounter7,jump,seed13,189,0.0
hpmcounter7,jump,seed13,190,0.0
hpmcounter7,jump,seed13,191,0.0
hpmcounter7,jump,seed13,192,0.0
hpmcounter7,jump,seed13,193,0.0
hpmcounter7,jump,seed13,194,0.0
hpmcounter7,jump,seed13,195,0.0
hpmcounter7,jump,seed13,196,0.0
hpmcounter7,jump,seed13,197,0.0
hpmcounter7,jump,seed13,198,0.0
hpmcounter7,jump,seed13,199,0.0
hpmcounter7,jump,seed13,200,0.0
hpmcounter7,jump,seed13,201,0.0
hpmcounter7,jump,seed13,202,0.0
hpmcounter7,jump,seed13,203,0.0
hpmcounter7,jump,seed13,204,0.0
hpmcounter7,jump,seed13,205,0.0
hpmcounter7,jump,seed13,206,0.0
hpmcounter7,jump,seed13,207,0.0
hpmcounter7,jump,seed13,208,0.0
hpmcounter7,jump,seed13,209,0.0
hpmcounter7,jump,seed13,210,0.0
hpmcounter7,jump,seed13,211,0.0
hpmcounter7,jump,seed13,212,0.0
hpmcounter7,jump,seed13,213,0.0
hpmcounter7,jump,seed13,214,0.0
hpmcounter7,jump,seed13,215,0.0
hpmcounter7,jump,seed13,216,0.0
hpmcounter7,jump,seed13,217,0.0
hpmcounter7,jump,seed13,218,0.0
hpmcounter7,jump,seed13,219,0.0
hpmcounter7,jump,seed13,220,0.0
hpmcounter7,jump,seed13,221,0.0
hpmcounter7,jump,seed13,222,0.0
hpmcounter7,jump,seed13,223,0.0
hpmcounter7,jump,seed13,224,0.0
hpmcounter7,jump,seed13,225,0.0
hpmcounter7,jump,seed13,226,0.0
hpmcounter7,jump,seed13,227,0.0
hpmcounter7,jump,seed13,228,0.0
hpmcounter7,jump,seed13,229,0.0
hpmcounter7,jump,seed13,230,0.0
hpmcounter7,jump,seed13,231,0.0
hpmcounter7,jump,seed13,232,0.0
hpmcounter7,jump,seed13,233,0.0
hpmcounter7,jump,seed13,234,0.0
hpmcounter7,jump,seed13,235,0.0
hpmcounter7,jump,seed13,236,0.0
hpmcounter7,jump,seed13,237,0.0
hpmcounter7,jump,seed13,238,0.0
hpmcounter7,jump,seed13,239,0.0
hpmcounter7,jump,seed13,240,0.0
hpmcounter7,jump,seed13,241,0.0
hpmcounter7,jump,seed13,242,0.0
hpmcounter7,jump,seed13,243,0.0
hpmcounter7,jump,seed13,244,0.0
hpmcounter7,jump,seed13,245,0.0
hpmcounter7,jump,seed13,246,0.0
hpmcounter7,jump,seed13,247,0.0
hpmcounter7,jump,seed13,248,0.0
hpmcounter7,jump,seed13,249,0.0
hpmcounter7,jump,seed13,250,0.0
hpmcounter7,jump,seed13,251,0.0
hpmcounter7,jump,seed13,252,0.0
hpmcounter7,jump,seed13,253,0.0
hpmcounter7,jump,seed13,254,0.0
hpmcounter7,jump,seed13,255,0.0
hpmcounter7,jump,seed13,256,0.0
hpmcounter7,jump,seed13,257,0.0
hpmcounter7,jump,seed13,258,0.0
hpmcounter7,jump,seed13,259,0.0
hpmcounter7,jump,seed13,260,0.0
hpmcounter7,jump,seed13,261,0.0
hpmcounter7,jump,seed13,262,0.0
hpmcounter7,jump,seed13,263,0.0
hpmcounter7,jump,seed13,264,0.0
hpmcounter7,jump,seed13,265,0.0
hpmcounter7,jump,seed13,266,0.0
hpmcounter7,jump,seed13,267,0.0
hpmcounter7,jump,seed13,268,0.0
hpmcounter7,jump,seed13,269,0.0
hpmcounter7,jump,seed13,270,0.0
hpmcounter7,jump,seed13,271,0.0
hpmcounter7,jump,seed13,272,0.0
hpmcounter7,jump,seed13,273,0.0
hpmcounter7,jump,seed13,274,0.0
hpmcounter7,jump,seed13,275,0.0
hpmcounter7,jump,seed13,276,0.0
hpmcounter7,jump,seed13,277,0.0
hpmcounter7,jump,seed13,278,0.0
hpmcounter7,jump,seed13,279,0.0
hpmcounter7,jump,seed13,280,0.0
hpmcounter7,jump,seed13,281,0.0
hpmcounter7,jump,seed13,282,0.0
hpmcounter7,jump,seed13,283,0.0
hpmcounter7,jump,seed13,284,0.0
hpmcounter7,jump,seed13,285,0.0
hpmcounter7,jump,seed13,286,0.0
hpmcounter7,jump,seed13,287,0.0
hpmcounter7,jump,seed13,288,0.0
hpmcounter7,jump,seed13,289,0.0
hpmcounter7,jump,seed13,290,0.0
hpmcounter7,jump,seed13,291,0.0
hpmcounter7,jump,seed13,292,0.0
hpmcounter7,jump,seed13,293,0.0
hpmcounter7,jump,seed13,294,0.0
hpmcounter7,jump,seed13,295,0.0
hpmcounter7,jump,seed13,296,0.0
hpmcounter7,jump,seed13,297,0.0
hpmcounter7,jump,seed13,298,0.0
hpmcounter7,jump,seed14,9,0.0
hpmcounter7,jump,seed14,10,0.0
hpmcounter7,jump,seed14,11,0.0
hpmcounter7,jump,seed14,12,0.0
hpmcounter7,jump,seed14,13,0.0
hpmcounter7,jump,seed14,14,0.0
hpmcounter7,jump,seed14,15,0.0
hpmcounter7,jump,seed14,16,0.0
hpmcounter7,jump,seed14,17,0.0
hpmcounter7,jump,seed14,18,0.0
hpmcounter7,jump,seed14,19,0.0
hpmcounter7,jump,seed14,20,0.0
hpmcounter7,jump,seed14,21,0.0
hpmcounter7,jump,seed14,22,0.0
hpmcounter7,jump,seed14,23,0.0
hpmcounter7,jump,seed14,24,0.0
hpmcounter7,jump,seed14,25,0.0
hpmcounter7,jump,seed14,26,0.0
hpmcounter7,jump,seed14,27,0.0
hpmcounter7,jump,seed14,28,0.0
hpmcounter7,jump,seed14,29,0.0
hpmcounter7,jump,seed14,30,0.0
hpmcounter7,jump,seed14,31,0.0
hpmcounter7,jump,seed14,32,0.0
hpmcounter7,jump,seed14,33,0.0
hpmcounter7,jump,seed14,34,0.0
hpmcounter7,jump,seed14,35,0.0
hpmcounter7,jump,seed14,36,0.0
hpmcounter7,jump,seed14,37,0.0
hpmcounter7,jump,seed14,38,0.0
hpmcounter7,jump,seed14,39,0.0
hpmcounter7,jump,seed14,40,0.0
hpmcounter7,jump,seed14,41,0.0
hpmcounter7,jump,seed14,42,0.0
hpmcounter7,jump,seed14,43,0.0
hpmcounter7,jump,seed14,44,0.0
hpmcounter7,jump,seed14,45,0.0
hpmcounter7,jump,seed14,46,0.0
hpmcounter7,jump,seed14,47,0.0
hpmcounter7,jump,seed14,48,0.0
hpmcounter7,jump,seed14,49,0.0
hpmcounter7,jump,seed14,50,0.0
hpmcounter7,jump,seed14,51,0.0
hpmcounter7,jump,seed14,52,0.0
hpmcounter7,jump,seed14,53,0.0
hpmcounter7,jump,seed14,54,0.0
hpmcounter7,jump,seed14,55,0.0
hpmcounter7,jump,seed14,56,0.0
hpmcounter7,jump,seed14,57,0.0
hpmcounter7,jump,seed14,58,0.0
hpmcounter7,jump,seed14,59,0.0
hpmcounter7,jump,seed14,60,0.0
hpmcounter7,jump,seed14,61,0.0
hpmcounter7,jump,seed14,62,0.0
hpmcounter7,jump,seed14,63,0.0
hpmcounter7,jump,seed14,64,0.0
hpmcounter7,jump,seed14,65,0.0
hpmcounter7,jump,seed14,66,0.0
hpmcounter7,jump,seed14,67,0.0
hpmcounter7,jump,seed14,68,0.0
hpmcounter7,jump,seed14,69,0.0
hpmcounter7,jump,seed14,70,0.0
hpmcounter7,jump,seed14,71,0.0
hpmcounter7,jump,seed14,72,0.0
hpmcounter7,jump,seed14,73,0.0
hpmcounter7,jump,seed14,74,0.0
hpmcounter7,jump,seed14,75,0.0
hpmcounter7,jump,seed14,76,0.0
hpmcounter7,jump,seed14,77,0.0
hpmcounter7,jump,seed14,78,0.0
hpmcounter7,jump,seed14,79,0.0
hpmcounter7,jump,seed14,80,0.0
hpmcounter7,jump,seed14,81,0.0
hpmcounter7,jump,seed14,82,0.0
hpmcounter7,jump,seed14,83,0.0
hpmcounter7,jump,seed14,84,0.0
hpmcounter7,jump,seed14,85,0.0
hpmcounter7,jump,seed14,86,0.0
hpmcounter7,jump,seed14,87,0.0
hpmcounter7,jump,seed14,88,0.0
hpmcounter7,jump,seed14,89,0.0
hpmcounter7,jump,seed14,90,0.0
hpmcounter7,jump,seed14,91,0.0
hpmcounter7,jump,seed14,92,0.0
hpmcounter7,jump,seed14,93,0.0
hpmcounter7,jump,seed14,94,0.0
hpmcounter7,jump,seed14,95,0.0
hpmcounter7,jump,seed14,96,0.0
hpmcounter7,jump,seed14,97,0.0
hpmcounter7,jump,seed14,98,0.0
hpmcounter7,jump,seed14,99,0.0
hpmcounter7,jump,seed14,100,0.0
hpmcounter7,jump,seed14,101,0.0
hpmcounter7,jump,seed14,102,0.0
hpmcounter7,jump,seed14,103,0.0
hpmcounter7,jump,seed14,104,0.0
hpmcounter7,jump,seed14,105,0.0
hpmcounter7,jump,seed14,106,0.0
hpmcounter7,jump,seed14,107,0.0
hpmcounter7,jump,seed14,108,0.0
hpmcounter7,jump,seed14,109,0.0
hpmcounter7,jump,seed14,110,0.0
hpmcounter7,jump,seed14,111,0.0
hpmcounter7,jump,seed14,112,0.0
hpmcounter7,jump,seed14,113,0.0
hpmcounter7,jump,seed14,114,0.0
hpmcounter7,jump,seed14,115,0.0
hpmcounter7,jump,seed14,116,0.0
hpmcounter7,jump,seed14,117,0.0
hpmcounter7,jump,seed14,118,0.0
hpmcounter7,jump,seed14,119,0.0
hpmcounter7,jump,seed14,120,0.0
hpmcounter7,jump,seed14,121,0.0
hpmcounter7,jump,seed14,122,0.0
hpmcounter7,jump,seed14,123,0.0
hpmcounter7,jump,seed14,124,0.0
hpmcounter7,jump,seed14,125,0.0
hpmcounter7,jump,seed14,126,0.0
hpmcounter7,jump,seed14,127,0.0
hpmcounter7,jump,seed14,128,0.0
hpmcounter7,jump,seed14,129,0.0
hpmcounter7,jump,seed14,130,0.0
hpmcounter7,jump,seed14,131,0.0
hpmcounter7,jump,seed14,132,0.0
hpmcounter7,jump,seed14,133,0.0
hpmcounter7,jump,seed14,134,0.0
hpmcounter7,jump,seed14,135,0.0
hpmcounter7,jump,seed14,136,0.0
hpmcounter7,jump,seed14,137,0.0
hpmcounter7,jump,seed14,138,0.0
hpmcounter7,jump,seed14,139,0.0
hpmcounter7,jump,seed14,140,0.0
hpmcounter7,jump,seed14,141,0.0
hpmcounter7,jump,seed14,142,0.0
hpmcounter7,jump,seed14,143,0.0
hpmcounter7,jump,seed14,144,0.0
hpmcounter7,jump,seed14,145,0.0
hpmcounter7,jump,seed14,146,0.0
hpmcounter7,jump,seed14,147,0.0
hpmcounter7,jump,seed14,148,0.0
hpmcounter7,jump,seed14,149,0.0
hpmcounter7,jump,seed14,150,0.0
hpmcounter7,jump,seed14,151,0.0
hpmcounter7,jump,seed14,152,0.0
hpmcounter7,jump,seed14,153,0.0
hpmcounter7,jump,seed14,154,0.0
hpmcounter7,jump,seed14,155,0.0
hpmcounter7,jump,seed14,156,0.0
hpmcounter7,jump,seed14,157,0.0
hpmcounter7,jump,seed14,158,0.0
hpmcounter7,jump,seed14,159,0.0
hpmcounter7,jump,seed14,160,0.0
hpmcounter7,jump,seed14,161,0.0
hpmcounter7,jump,seed14,162,0.0
hpmcounter7,jump,seed14,163,0.0
hpmcounter7,jump,seed14,164,0.0
hpmcounter7,jump,seed14,165,0.0
hpmcounter7,jump,seed14,166,0.0
hpmcounter7,jump,seed14,167,0.0
hpmcounter7,jump,seed14,168,0.0
hpmcounter7,jump,seed14,169,0.0
hpmcounter7,jump,seed14,170,0.0
hpmcounter7,jump,seed14,171,0.0
hpmcounter7,jump,seed14,172,0.0
hpmcounter7,jump,seed14,173,0.0
hpmcounter7,jump,seed14,174,0.0
hpmcounter7,jump,seed14,175,0.0
hpmcounter7,jump,seed14,176,0.0
hpmcounter7,jump,seed14,177,0.0
hpmcounter7,jump,seed14,178,0.0
hpmcounter7,jump,seed14,179,0.0
hpmcounter7,jump,seed14,180,0.0
hpmcounter7,jump,seed14,181,0.0
hpmcounter7,jump,seed14,182,0.0
hpmcounter7,jump,seed14,183,0.0
hpmcounter7,jump,seed14,184,0.0
hpmcounter7,jump,seed14,185,0.0
hpmcounter7,jump,seed14,186,0.0
hpmcounter7,jump,seed14,187,0.0
hpmcounter7,jump,seed14,188,0.0
hpmcounter7,jump,seed14,189,0.0
hpmcounter7,jump,seed14,190,0.0
hpmcounter7,jump,seed14,191,0.0
hpmcounter7,jump,seed14,192,0.0
hpmcounter7,jump,seed14,193,0.0
hpmcounter7,jump,seed14,194,0.0
hpmcounter7,jump,seed14,195,0.0
hpmcounter7,jump,seed14,196,0.0
hpmcounter7,jump,seed14,197,0.0
hpmcounter7,jump,seed14,198,0.0
hpmcounter7,jump,seed14,199,0.0
hpmcounter7,jump,seed14,200,0.0
hpmcounter7,jump,seed14,201,0.0
hpmcounter7,jump,seed14,202,0.0
hpmcounter7,jump,seed14,203,0.0
hpmcounter7,jump,seed14,204,0.0
hpmcounter7,jump,seed14,205,0.0
hpmcounter7,jump,seed14,206,0.0
hpmcounter7,jump,seed14,207,0.0
hpmcounter7,jump,seed14,208,0.0
hpmcounter7,jump,seed14,209,0.0
hpmcounter7,jump,seed14,210,0.0
hpmcounter7,jump,seed14,211,0.0
hpmcounter7,jump,seed14,212,0.0
hpmcounter7,jump,seed14,213,0.0
hpmcounter7,jump,seed14,214,0.0
hpmcounter7,jump,seed14,215,0.0
hpmcounter7,jump,seed14,216,0.0
hpmcounter7,jump,seed14,217,0.0
hpmcounter7,jump,seed14,218,0.0
hpmcounter7,jump,seed14,219,0.0
hpmcounter7,jump,seed14,220,0.0
hpmcounter7,jump,seed14,221,0.0
hpmcounter7,jump,seed14,222,0.0
hpmcounter7,jump,seed14,223,0.0
hpmcounter7,jump,seed14,224,0.0
hpmcounter7,jump,seed14,225,0.0
hpmcounter7,jump,seed14,226,0.0
hpmcounter7,jump,seed14,227,0.0
hpmcounter7,jump,seed14,228,0.0
hpmcounter7,jump,seed14,229,0.0
hpmcounter7,jump,seed14,230,0.0
hpmcounter7,jump,seed14,231,0.0
hpmcounter7,jump,seed14,232,0.0
hpmcounter7,jump,seed14,233,0.0
hpmcounter7,jump,seed14,234,0.0
hpmcounter7,jump,seed14,235,0.0
hpmcounter7,jump,seed14,236,0.0
hpmcounter7,jump,seed14,237,0.0
hpmcounter7,jump,seed14,238,0.0
hpmcounter7,jump,seed14,239,0.0
hpmcounter7,jump,seed14,240,0.0
hpmcounter7,jump,seed14,241,0.0
hpmcounter7,jump,seed14,242,0.0
hpmcounter7,jump,seed14,243,0.0
hpmcounter7,jump,seed14,244,0.0
hpmcounter7,jump,seed14,245,0.0
hpmcounter7,jump,seed14,246,0.0
hpmcounter7,jump,seed14,247,0.0
hpmcounter7,jump,seed14,248,0.0
hpmcounter7,jump,seed14,249,0.0
hpmcounter7,jump,seed14,250,0.0
hpmcounter7,jump,seed14,251,0.0
hpmcounter7,jump,seed14,252,0.0
hpmcounter7,jump,seed14,253,0.0
hpmcounter7,jump,seed14,254,0.0
hpmcounter7,jump,seed14,255,0.0
hpmcounter7,jump,seed14,256,0.0
hpmcounter7,jump,seed14,257,0.0
hpmcounter7,jump,seed14,258,0.0
hpmcounter7,jump,seed14,259,0.0
hpmcounter7,jump,seed14,260,0.0
hpmcounter7,jump,seed14,261,0.0
hpmcounter7,jump,seed14,262,0.0
hpmcounter7,jump,seed14,263,0.0
hpmcounter7,jump,seed14,264,0.0
hpmcounter7,jump,seed14,265,0.0
hpmcounter7,jump,seed14,266,0.0
hpmcounter7,jump,seed14,267,0.0
hpmcounter7,jump,seed14,268,0.0
hpmcounter7,jump,seed14,269,0.0
hpmcounter7,jump,seed14,270,0.0
hpmcounter7,jump,seed14,271,0.0
hpmcounter7,jump,seed14,272,0.0
hpmcounter7,jump,seed14,273,0.0
hpmcounter7,jump,seed14,274,0.0
hpmcounter7,jump,seed14,275,0.0
hpmcounter7,jump,seed14,276,0.0
hpmcounter7,jump,seed14,277,0.0
hpmcounter7,jump,seed14,278,0.0
hpmcounter7,jump,seed14,279,0.0
hpmcounter7,jump,seed14,280,0.0
hpmcounter7,jump,seed14,281,0.0
hpmcounter7,jump,seed14,282,0.0
hpmcounter7,jump,seed14,283,0.0
hpmcounter7,jump,seed14,284,0.0
hpmcounter7,jump,seed14,285,0.0
hpmcounter7,jump,seed14,286,0.0
hpmcounter7,jump,seed14,287,0.0
hpmcounter7,jump,seed14,288,0.0
hpmcounter7,jump,seed14,289,0.0
hpmcounter7,jump,seed14,290,0.0
hpmcounter7,jump,seed14,291,0.0
hpmcounter7,jump,seed14,292,0.0
hpmcounter7,jump,seed14,293,0.0
hpmcounter7,jump,seed14,294,0.0
hpmcounter7,jump,seed14,295,0.0
hpmcounter7,jump,seed14,296,0.0
hpmcounter7,jump,seed14,297,0.0
hpmcounter7,jump,seed14,298,0.0
hpmcounter7,jump,seed15,9,0.0
hpmcounter7,jump,seed15,10,0.0
hpmcounter7,jump,seed15,11,0.0
hpmcounter7,jump,seed15,12,0.0
hpmcounter7,jump,seed15,13,0.0
hpmcounter7,jump,seed15,14,0.0
hpmcounter7,jump,seed15,15,0.0
hpmcounter7,jump,seed15,16,0.0
hpmcounter7,jump,seed15,17,0.0
hpmcounter7,jump,seed15,18,0.0
hpmcounter7,jump,seed15,19,0.0
hpmcounter7,jump,seed15,20,0.0
hpmcounter7,jump,seed15,21,0.0
hpmcounter7,jump,seed15,22,0.0
hpmcounter7,jump,seed15,23,0.0
hpmcounter7,jump,seed15,24,0.0
hpmcounter7,jump,seed15,25,0.0
hpmcounter7,jump,seed15,26,0.0
hpmcounter7,jump,seed15,27,0.0
hpmcounter7,jump,seed15,28,0.0
hpmcounter7,jump,seed15,29,0.0
hpmcounter7,jump,seed15,30,0.0
hpmcounter7,jump,seed15,31,0.0
hpmcounter7,jump,seed15,32,0.0
hpmcounter7,jump,seed15,33,0.0
hpmcounter7,jump,seed15,34,0.0
hpmcounter7,jump,seed15,35,0.0
hpmcounter7,jump,seed15,36,0.0
hpmcounter7,jump,seed15,37,0.0
hpmcounter7,jump,seed15,38,0.0
hpmcounter7,jump,seed15,39,0.0
hpmcounter7,jump,seed15,40,0.0
hpmcounter7,jump,seed15,41,0.0
hpmcounter7,jump,seed15,42,0.0
hpmcounter7,jump,seed15,43,0.0
hpmcounter7,jump,seed15,44,0.0
hpmcounter7,jump,seed15,45,0.0
hpmcounter7,jump,seed15,46,0.0
hpmcounter7,jump,seed15,47,0.0
hpmcounter7,jump,seed15,48,0.0
hpmcounter7,jump,seed15,49,0.0
hpmcounter7,jump,seed15,50,0.0
hpmcounter7,jump,seed15,51,0.0
hpmcounter7,jump,seed15,52,0.0
hpmcounter7,jump,seed15,53,0.0
hpmcounter7,jump,seed15,54,0.0
hpmcounter7,jump,seed15,55,0.0
hpmcounter7,jump,seed15,56,0.0
hpmcounter7,jump,seed15,57,0.0
hpmcounter7,jump,seed15,58,0.0
hpmcounter7,jump,seed15,59,0.0
hpmcounter7,jump,seed15,60,0.0
hpmcounter7,jump,seed15,61,0.0
hpmcounter7,jump,seed15,62,0.0
hpmcounter7,jump,seed15,63,0.0
hpmcounter7,jump,seed15,64,0.0
hpmcounter7,jump,seed15,65,0.0
hpmcounter7,jump,seed15,66,0.0
hpmcounter7,jump,seed15,67,0.0
hpmcounter7,jump,seed15,68,0.0
hpmcounter7,jump,seed15,69,0.0
hpmcounter7,jump,seed15,70,0.0
hpmcounter7,jump,seed15,71,0.0
hpmcounter7,jump,seed15,72,0.0
hpmcounter7,jump,seed15,73,0.0
hpmcounter7,jump,seed15,74,0.0
hpmcounter7,jump,seed15,75,0.0
hpmcounter7,jump,seed15,76,0.0
hpmcounter7,jump,seed15,77,0.0
hpmcounter7,jump,seed15,78,0.0
hpmcounter7,jump,seed15,79,0.0
hpmcounter7,jump,seed15,80,0.0
hpmcounter7,jump,seed15,81,0.0
hpmcounter7,jump,seed15,82,0.0
hpmcounter7,jump,seed15,83,0.0
hpmcounter7,jump,seed15,84,0.0
hpmcounter7,jump,seed15,85,0.0
hpmcounter7,jump,seed15,86,0.0
hpmcounter7,jump,seed15,87,0.0
hpmcounter7,jump,seed15,88,0.0
hpmcounter7,jump,seed15,89,0.0
hpmcounter7,jump,seed15,90,0.0
hpmcounter7,jump,seed15,91,0.0
hpmcounter7,jump,seed15,92,0.0
hpmcounter7,jump,seed15,93,0.0
hpmcounter7,jump,seed15,94,0.0
hpmcounter7,jump,seed15,95,0.0
hpmcounter7,jump,seed15,96,0.0
hpmcounter7,jump,seed15,97,0.0
hpmcounter7,jump,seed15,98,0.0
hpmcounter7,jump,seed15,99,0.0
hpmcounter7,jump,seed15,100,0.0
hpmcounter7,jump,seed15,101,0.0
hpmcounter7,jump,seed15,102,0.0
hpmcounter7,jump,seed15,103,0.0
hpmcounter7,jump,seed15,104,0.0
hpmcounter7,jump,seed15,105,0.0
hpmcounter7,jump,seed15,106,0.0
hpmcounter7,jump,seed15,107,0.0
hpmcounter7,jump,seed15,108,0.0
hpmcounter7,jump,seed15,109,0.0
hpmcounter7,jump,seed15,110,0.0
hpmcounter7,jump,seed15,111,0.0
hpmcounter7,jump,seed15,112,0.0
hpmcounter7,jump,seed15,113,0.0
hpmcounter7,jump,seed15,114,0.0
hpmcounter7,jump,seed15,115,0.0
hpmcounter7,jump,seed15,116,0.0
hpmcounter7,jump,seed15,117,0.0
hpmcounter7,jump,seed15,118,0.0
hpmcounter7,jump,seed15,119,0.0
hpmcounter7,jump,seed15,120,0.0
hpmcounter7,jump,seed15,121,0.0
hpmcounter7,jump,seed15,122,0.0
hpmcounter7,jump,seed15,123,0.0
hpmcounter7,jump,seed15,124,0.0
hpmcounter7,jump,seed15,125,0.0
hpmcounter7,jump,seed15,126,0.0
hpmcounter7,jump,seed15,127,0.0
hpmcounter7,jump,seed15,128,0.0
hpmcounter7,jump,seed15,129,0.0
hpmcounter7,jump,seed15,130,0.0
hpmcounter7,jump,seed15,131,0.0
hpmcounter7,jump,seed15,132,0.0
hpmcounter7,jump,seed15,133,0.0
hpmcounter7,jump,seed15,134,0.0
hpmcounter7,jump,seed15,135,0.0
hpmcounter7,jump,seed15,136,0.0
hpmcounter7,jump,seed15,137,0.0
hpmcounter7,jump,seed15,138,0.0
hpmcounter7,jump,seed15,139,0.0
hpmcounter7,jump,seed15,140,0.0
hpmcounter7,jump,seed15,141,0.0
hpmcounter7,jump,seed15,142,0.0
hpmcounter7,jump,seed15,143,0.0
hpmcounter7,jump,seed15,144,0.0
hpmcounter7,jump,seed15,145,0.0
hpmcounter7,jump,seed15,146,0.0
hpmcounter7,jump,seed15,147,0.0
hpmcounter7,jump,seed15,148,0.0
hpmcounter7,jump,seed15,149,0.0
hpmcounter7,jump,seed15,150,0.0
hpmcounter7,jump,seed15,151,0.0
hpmcounter7,jump,seed15,152,0.0
hpmcounter7,jump,seed15,153,0.0
hpmcounter7,jump,seed15,154,0.0
hpmcounter7,jump,seed15,155,0.0
hpmcounter7,jump,seed15,156,0.0
hpmcounter7,jump,seed15,157,0.0
hpmcounter7,jump,seed15,158,0.0
hpmcounter7,jump,seed15,159,0.0
hpmcounter7,jump,seed15,160,0.0
hpmcounter7,jump,seed15,161,0.0
hpmcounter7,jump,seed15,162,0.0
hpmcounter7,jump,seed15,163,0.0
hpmcounter7,jump,seed15,164,0.0
hpmcounter7,jump,seed15,165,0.0
hpmcounter7,jump,seed15,166,0.0
hpmcounter7,jump,seed15,167,0.0
hpmcounter7,jump,seed15,168,0.0
hpmcounter7,jump,seed15,169,0.0
hpmcounter7,jump,seed15,170,0.0
hpmcounter7,jump,seed15,171,0.0
hpmcounter7,jump,seed15,172,0.0
hpmcounter7,jump,seed15,173,0.0
hpmcounter7,jump,seed15,174,0.0
hpmcounter7,jump,seed15,175,0.0
hpmcounter7,jump,seed15,176,0.0
hpmcounter7,jump,seed15,177,0.0
hpmcounter7,jump,seed15,178,0.0
hpmcounter7,jump,seed15,179,0.0
hpmcounter7,jump,seed15,180,0.0
hpmcounter7,jump,seed15,181,0.0
hpmcounter7,jump,seed15,182,0.0
hpmcounter7,jump,seed15,183,0.0
hpmcounter7,jump,seed15,184,0.0
hpmcounter7,jump,seed15,185,0.0
hpmcounter7,jump,seed15,186,0.0
hpmcounter7,jump,seed15,187,0.0
hpmcounter7,jump,seed15,188,0.0
hpmcounter7,jump,seed15,189,0.0
hpmcounter7,jump,seed15,190,0.0
hpmcounter7,jump,seed15,191,0.0
hpmcounter7,jump,seed15,192,0.0
hpmcounter7,jump,seed15,193,0.0
hpmcounter7,jump,seed15,194,0.0
hpmcounter7,jump,seed15,195,0.0
hpmcounter7,jump,seed15,196,0.0
hpmcounter7,jump,seed15,197,0.0
hpmcounter7,jump,seed15,198,0.0
hpmcounter7,jump,seed15,199,0.0
hpmcounter7,jump,seed15,200,0.0
hpmcounter7,jump,seed15,201,0.0
hpmcounter7,jump,seed15,202,0.0
hpmcounter7,jump,seed15,203,0.0
hpmcounter7,jump,seed15,204,0.0
hpmcounter7,jump,seed15,205,0.0
hpmcounter7,jump,seed15,206,0.0
hpmcounter7,jump,seed15,207,0.0
hpmcounter7,jump,seed15,208,0.0
hpmcounter7,jump,seed15,209,0.0
hpmcounter7,jump,seed15,210,0.0
hpmcounter7,jump,seed15,211,0.0
hpmcounter7,jump,seed15,212,0.0
hpmcounter7,jump,seed15,213,0.0
hpmcounter7,jump,seed15,214,0.0
hpmcounter7,jump,seed15,215,0.0
hpmcounter7,jump,seed15,216,0.0
hpmcounter7,jump,seed15,217,0.0
hpmcounter7,jump,seed15,218,0.0
hpmcounter7,jump,seed15,219,0.0
hpmcounter7,jump,seed15,220,0.0
hpmcounter7,jump,seed15,221,0.0
hpmcounter7,jump,seed15,222,0.0
hpmcounter7,jump,seed15,223,0.0
hpmcounter7,jump,seed15,224,0.0
hpmcounter7,jump,seed15,225,0.0
hpmcounter7,jump,seed15,226,0.0
hpmcounter7,jump,seed15,227,0.0
hpmcounter7,jump,seed15,228,0.0
hpmcounter7,jump,seed15,229,0.0
hpmcounter7,jump,seed15,230,0.0
hpmcounter7,jump,seed15,231,0.0
hpmcounter7,jump,seed15,232,0.0
hpmcounter7,jump,seed15,233,0.0
hpmcounter7,jump,seed15,234,0.0
hpmcounter7,jump,seed15,235,0.0
hpmcounter7,jump,seed15,236,0.0
hpmcounter7,jump,seed15,237,0.0
hpmcounter7,jump,seed15,238,0.0
hpmcounter7,jump,seed15,239,0.0
hpmcounter7,jump,seed15,240,0.0
hpmcounter7,jump,seed15,241,0.0
hpmcounter7,jump,seed15,242,0.0
hpmcounter7,jump,seed15,243,0.0
hpmcounter7,jump,seed15,244,0.0
hpmcounter7,jump,seed15,245,0.0
hpmcounter7,jump,seed15,246,0.0
hpmcounter7,jump,seed15,247,0.0
hpmcounter7,jump,seed15,248,0.0
hpmcounter7,jump,seed15,249,0.0
hpmcounter7,jump,seed15,250,0.0
hpmcounter7,jump,seed15,251,0.0
hpmcounter7,jump,seed15,252,0.0
hpmcounter7,jump,seed15,253,0.0
hpmcounter7,jump,seed15,254,0.0
hpmcounter7,jump,seed15,255,0.0
hpmcounter7,jump,seed15,256,0.0
hpmcounter7,jump,seed15,257,0.0
hpmcounter7,jump,seed15,258,0.0
hpmcounter7,jump,seed15,259,0.0
hpmcounter7,jump,seed15,260,0.0
hpmcounter7,jump,seed15,261,0.0
hpmcounter7,jump,seed15,262,0.0
hpmcounter7,jump,seed15,263,0.0
hpmcounter7,jump,seed15,264,0.0
hpmcounter7,jump,seed15,265,0.0
hpmcounter7,jump,seed15,266,0.0
hpmcounter7,jump,seed15,267,0.0
hpmcounter7,jump,seed15,268,0.0
hpmcounter7,jump,seed15,269,0.0
hpmcounter7,jump,seed15,270,0.0
hpmcounter7,jump,seed15,271,0.0
hpmcounter7,jump,seed15,272,0.0
hpmcounter7,jump,seed15,273,0.0
hpmcounter7,jump,seed15,274,0.0
hpmcounter7,jump,seed15,275,0.0
hpmcounter7,jump,seed15,276,0.0
hpmcounter7,jump,seed15,277,0.0
hpmcounter7,jump,seed15,278,0.0
hpmcounter7,jump,seed15,279,0.0
hpmcounter7,jump,seed15,280,0.0
hpmcounter7,jump,seed15,281,0.0
hpmcounter7,jump,seed15,282,0.0
hpmcounter7,jump,seed15,283,0.0
hpmcounter7,jump,seed15,284,0.0
hpmcounter7,jump,seed15,285,0.0
hpmcounter7,jump,seed15,286,0.0
hpmcounter7,jump,seed15,287,0.0
hpmcounter7,jump,seed15,288,0.0
hpmcounter7,jump,seed15,289,0.0
hpmcounter7,jump,seed15,290,0.0
hpmcounter7,jump,seed15,291,0.0
hpmcounter7,jump,seed15,292,0.0
hpmcounter7,jump,seed15,293,0.0
hpmcounter7,jump,seed15,294,0.0
hpmcounter7,jump,seed15,295,0.0
hpmcounter7,jump,seed15,296,0.0
hpmcounter7,jump,seed15,297,0.0
hpmcounter7,jump,seed15,298,0.0
hpmcounter7,jump,seed16,9,0.0
hpmcounter7,jump,seed16,10,0.0
hpmcounter7,jump,seed16,11,0.0
hpmcounter7,jump,seed16,12,0.0
hpmcounter7,jump,seed16,13,0.0
hpmcounter7,jump,seed16,14,0.0
hpmcounter7,jump,seed16,15,0.0
hpmcounter7,jump,seed16,16,0.0
hpmcounter7,jump,seed16,17,0.0
hpmcounter7,jump,seed16,18,0.0
hpmcounter7,jump,seed16,19,0.0
hpmcounter7,jump,seed16,20,0.0
hpmcounter7,jump,seed16,21,0.0
hpmcounter7,jump,seed16,22,0.0
hpmcounter7,jump,seed16,23,0.0
hpmcounter7,jump,seed16,24,0.0
hpmcounter7,jump,seed16,25,0.0
hpmcounter7,jump,seed16,26,0.0
hpmcounter7,jump,seed16,27,0.0
hpmcounter7,jump,seed16,28,0.0
hpmcounter7,jump,seed16,29,0.0
hpmcounter7,jump,seed16,30,0.0
hpmcounter7,jump,seed16,31,0.0
hpmcounter7,jump,seed16,32,0.0
hpmcounter7,jump,seed16,33,0.0
hpmcounter7,jump,seed16,34,0.0
hpmcounter7,jump,seed16,35,0.0
hpmcounter7,jump,seed16,36,0.0
hpmcounter7,jump,seed16,37,0.0
hpmcounter7,jump,seed16,38,0.0
hpmcounter7,jump,seed16,39,0.0
hpmcounter7,jump,seed16,40,0.0
hpmcounter7,jump,seed16,41,0.0
hpmcounter7,jump,seed16,42,0.0
hpmcounter7,jump,seed16,43,0.0
hpmcounter7,jump,seed16,44,0.0
hpmcounter7,jump,seed16,45,0.0
hpmcounter7,jump,seed16,46,0.0
hpmcounter7,jump,seed16,47,0.0
hpmcounter7,jump,seed16,48,0.0
hpmcounter7,jump,seed16,49,0.0
hpmcounter7,jump,seed16,50,0.0
hpmcounter7,jump,seed16,51,0.0
hpmcounter7,jump,seed16,52,0.0
hpmcounter7,jump,seed16,53,0.0
hpmcounter7,jump,seed16,54,0.0
hpmcounter7,jump,seed16,55,0.0
hpmcounter7,jump,seed16,56,0.0
hpmcounter7,jump,seed16,57,0.0
hpmcounter7,jump,seed16,58,0.0
hpmcounter7,jump,seed16,59,0.0
hpmcounter7,jump,seed16,60,0.0
hpmcounter7,jump,seed16,61,0.0
hpmcounter7,jump,seed16,62,0.0
hpmcounter7,jump,seed16,63,0.0
hpmcounter7,jump,seed16,64,0.0
hpmcounter7,jump,seed16,65,0.0
hpmcounter7,jump,seed16,66,0.0
hpmcounter7,jump,seed16,67,0.0
hpmcounter7,jump,seed16,68,0.0
hpmcounter7,jump,seed16,69,0.0
hpmcounter7,jump,seed16,70,0.0
hpmcounter7,jump,seed16,71,0.0
hpmcounter7,jump,seed16,72,0.0
hpmcounter7,jump,seed16,73,0.0
hpmcounter7,jump,seed16,74,0.0
hpmcounter7,jump,seed16,75,0.0
hpmcounter7,jump,seed16,76,0.0
hpmcounter7,jump,seed16,77,0.0
hpmcounter7,jump,seed16,78,0.0
hpmcounter7,jump,seed16,79,0.0
hpmcounter7,jump,seed16,80,0.0
hpmcounter7,jump,seed16,81,0.0
hpmcounter7,jump,seed16,82,0.0
hpmcounter7,jump,seed16,83,0.0
hpmcounter7,jump,seed16,84,0.0
hpmcounter7,jump,seed16,85,0.0
hpmcounter7,jump,seed16,86,0.0
hpmcounter7,jump,seed16,87,0.0
hpmcounter7,jump,seed16,88,0.0
hpmcounter7,jump,seed16,89,0.0
hpmcounter7,jump,seed16,90,0.0
hpmcounter7,jump,seed16,91,0.0
hpmcounter7,jump,seed16,92,0.0
hpmcounter7,jump,seed16,93,0.0
hpmcounter7,jump,seed16,94,0.0
hpmcounter7,jump,seed16,95,0.0
hpmcounter7,jump,seed16,96,0.0
hpmcounter7,jump,seed16,97,0.0
hpmcounter7,jump,seed16,98,0.0
hpmcounter7,jump,seed16,99,0.0
hpmcounter7,jump,seed16,100,0.0
hpmcounter7,jump,seed16,101,0.0
hpmcounter7,jump,seed16,102,0.0
hpmcounter7,jump,seed16,103,0.0
hpmcounter7,jump,seed16,104,0.0
hpmcounter7,jump,seed16,105,0.0
hpmcounter7,jump,seed16,106,0.0
hpmcounter7,jump,seed16,107,0.0
hpmcounter7,jump,seed16,108,0.0
hpmcounter7,jump,seed16,109,0.0
hpmcounter7,jump,seed16,110,0.0
hpmcounter7,jump,seed16,111,0.0
hpmcounter7,jump,seed16,112,0.0
hpmcounter7,jump,seed16,113,0.0
hpmcounter7,jump,seed16,114,0.0
hpmcounter7,jump,seed16,115,0.0
hpmcounter7,jump,seed16,116,0.0
hpmcounter7,jump,seed16,117,0.0
hpmcounter7,jump,seed16,118,0.0
hpmcounter7,jump,seed16,119,0.0
hpmcounter7,jump,seed16,120,0.0
hpmcounter7,jump,seed16,121,0.0
hpmcounter7,jump,seed16,122,0.0
hpmcounter7,jump,seed16,123,0.0
hpmcounter7,jump,seed16,124,0.0
hpmcounter7,jump,seed16,125,0.0
hpmcounter7,jump,seed16,126,0.0
hpmcounter7,jump,seed16,127,0.0
hpmcounter7,jump,seed16,128,0.0
hpmcounter7,jump,seed16,129,0.0
hpmcounter7,jump,seed16,130,0.0
hpmcounter7,jump,seed16,131,0.0
hpmcounter7,jump,seed16,132,0.0
hpmcounter7,jump,seed16,133,0.0
hpmcounter7,jump,seed16,134,0.0
hpmcounter7,jump,seed16,135,0.0
hpmcounter7,jump,seed16,136,0.0
hpmcounter7,jump,seed16,137,0.0
hpmcounter7,jump,seed16,138,0.0
hpmcounter7,jump,seed16,139,0.0
hpmcounter7,jump,seed16,140,0.0
hpmcounter7,jump,seed16,141,0.0
hpmcounter7,jump,seed16,142,0.0
hpmcounter7,jump,seed16,143,0.0
hpmcounter7,jump,seed16,144,0.0
hpmcounter7,jump,seed16,145,0.0
hpmcounter7,jump,seed16,146,0.0
hpmcounter7,jump,seed16,147,0.0
hpmcounter7,jump,seed16,148,0.0
hpmcounter7,jump,seed16,149,0.0
hpmcounter7,jump,seed16,150,0.0
hpmcounter7,jump,seed16,151,0.0
hpmcounter7,jump,seed16,152,0.0
hpmcounter7,jump,seed16,153,0.0
hpmcounter7,jump,seed16,154,0.0
hpmcounter7,jump,seed16,155,0.0
hpmcounter7,jump,seed16,156,0.0
hpmcounter7,jump,seed16,157,0.0
hpmcounter7,jump,seed16,158,0.0
hpmcounter7,jump,seed16,159,0.0
hpmcounter7,jump,seed16,160,0.0
hpmcounter7,jump,seed16,161,0.0
hpmcounter7,jump,seed16,162,0.0
hpmcounter7,jump,seed16,163,0.0
hpmcounter7,jump,seed16,164,0.0
hpmcounter7,jump,seed16,165,0.0
hpmcounter7,jump,seed16,166,0.0
hpmcounter7,jump,seed16,167,0.0
hpmcounter7,jump,seed16,168,0.0
hpmcounter7,jump,seed16,169,0.0
hpmcounter7,jump,seed16,170,0.0
hpmcounter7,jump,seed16,171,0.0
hpmcounter7,jump,seed16,172,0.0
hpmcounter7,jump,seed16,173,0.0
hpmcounter7,jump,seed16,174,0.0
hpmcounter7,jump,seed16,175,0.0
hpmcounter7,jump,seed16,176,0.0
hpmcounter7,jump,seed16,177,0.0
hpmcounter7,jump,seed16,178,0.0
hpmcounter7,jump,seed16,179,0.0
hpmcounter7,jump,seed16,180,0.0
hpmcounter7,jump,seed16,181,0.0
hpmcounter7,jump,seed16,182,0.0
hpmcounter7,jump,seed16,183,0.0
hpmcounter7,jump,seed16,184,0.0
hpmcounter7,jump,seed16,185,0.0
hpmcounter7,jump,seed16,186,0.0
hpmcounter7,jump,seed16,187,0.0
hpmcounter7,jump,seed16,188,0.0
hpmcounter7,jump,seed16,189,0.0
hpmcounter7,jump,seed16,190,0.0
hpmcounter7,jump,seed16,191,0.0
hpmcounter7,jump,seed16,192,0.0
hpmcounter7,jump,seed16,193,0.0
hpmcounter7,jump,seed16,194,0.0
hpmcounter7,jump,seed16,195,0.0
hpmcounter7,jump,seed16,196,0.0
hpmcounter7,jump,seed16,197,0.0
hpmcounter7,jump,seed16,198,0.0
hpmcounter7,jump,seed16,199,0.0
hpmcounter7,jump,seed16,200,0.0
hpmcounter7,jump,seed16,201,0.0
hpmcounter7,jump,seed16,202,0.0
hpmcounter7,jump,seed16,203,0.0
hpmcounter7,jump,seed16,204,0.0
hpmcounter7,jump,seed16,205,0.0
hpmcounter7,jump,seed16,206,0.0
hpmcounter7,jump,seed16,207,0.0
hpmcounter7,jump,seed16,208,0.0
hpmcounter7,jump,seed16,209,0.0
hpmcounter7,jump,seed16,210,0.0
hpmcounter7,jump,seed16,211,0.0
hpmcounter7,jump,seed16,212,0.0
hpmcounter7,jump,seed16,213,0.0
hpmcounter7,jump,seed16,214,0.0
hpmcounter7,jump,seed16,215,0.0
hpmcounter7,jump,seed16,216,0.0
hpmcounter7,jump,seed16,217,0.0
hpmcounter7,jump,seed16,218,0.0
hpmcounter7,jump,seed16,219,0.0
hpmcounter7,jump,seed16,220,0.0
hpmcounter7,jump,seed16,221,0.0
hpmcounter7,jump,seed16,222,0.0
hpmcounter7,jump,seed16,223,0.0
hpmcounter7,jump,seed16,224,0.0
hpmcounter7,jump,seed16,225,0.0
hpmcounter7,jump,seed16,226,0.0
hpmcounter7,jump,seed16,227,0.0
hpmcounter7,jump,seed16,228,0.0
hpmcounter7,jump,seed16,229,0.0
hpmcounter7,jump,seed16,230,0.0
hpmcounter7,jump,seed16,231,0.0
hpmcounter7,jump,seed16,232,0.0
hpmcounter7,jump,seed16,233,0.0
hpmcounter7,jump,seed16,234,0.0
hpmcounter7,jump,seed16,235,0.0
hpmcounter7,jump,seed16,236,0.0
hpmcounter7,jump,seed16,237,0.0
hpmcounter7,jump,seed16,238,0.0
hpmcounter7,jump,seed16,239,0.0
hpmcounter7,jump,seed16,240,0.0
hpmcounter7,jump,seed16,241,0.0
hpmcounter7,jump,seed16,242,0.0
hpmcounter7,jump,seed16,243,0.0
hpmcounter7,jump,seed16,244,0.0
hpmcounter7,jump,seed16,245,0.0
hpmcounter7,jump,seed16,246,0.0
hpmcounter7,jump,seed16,247,0.0
hpmcounter7,jump,seed16,248,0.0
hpmcounter7,jump,seed16,249,0.0
hpmcounter7,jump,seed16,250,0.0
hpmcounter7,jump,seed16,251,0.0
hpmcounter7,jump,seed16,252,0.0
hpmcounter7,jump,seed16,253,0.0
hpmcounter7,jump,seed16,254,0.0
hpmcounter7,jump,seed16,255,0.0
hpmcounter7,jump,seed16,256,0.0
hpmcounter7,jump,seed16,257,0.0
hpmcounter7,jump,seed16,258,0.0
hpmcounter7,jump,seed16,259,0.0
hpmcounter7,jump,seed16,260,0.0
hpmcounter7,jump,seed16,261,0.0
hpmcounter7,jump,seed16,262,0.0
hpmcounter7,jump,seed16,263,0.0
hpmcounter7,jump,seed16,264,0.0
hpmcounter7,jump,seed16,265,0.0
hpmcounter7,jump,seed16,266,0.0
hpmcounter7,jump,seed16,267,0.0
hpmcounter7,jump,seed16,268,0.0
hpmcounter7,jump,seed16,269,0.0
hpmcounter7,jump,seed16,270,0.0
hpmcounter7,jump,seed16,271,0.0
hpmcounter7,jump,seed16,272,0.0
hpmcounter7,jump,seed16,273,0.0
hpmcounter7,jump,seed16,274,0.0
hpmcounter7,jump,seed16,275,0.0
hpmcounter7,jump,seed16,276,0.0
hpmcounter7,jump,seed16,277,0.0
hpmcounter7,jump,seed16,278,0.0
hpmcounter7,jump,seed16,279,0.0
hpmcounter7,jump,seed16,280,0.0
hpmcounter7,jump,seed16,281,0.0
hpmcounter7,jump,seed16,282,0.0
hpmcounter7,jump,seed16,283,0.0
hpmcounter7,jump,seed16,284,0.0
hpmcounter7,jump,seed16,285,0.0
hpmcounter7,jump,seed16,286,0.0
hpmcounter7,jump,seed16,287,0.0
hpmcounter7,jump,seed16,288,0.0
hpmcounter7,jump,seed16,289,0.0
hpmcounter7,jump,seed16,290,0.0
hpmcounter7,jump,seed16,291,0.0
hpmcounter7,jump,seed16,292,0.0
hpmcounter7,jump,seed16,293,0.0
hpmcounter7,jump,seed16,294,0.0
hpmcounter7,jump,seed16,295,0.0
hpmcounter7,jump,seed16,296,0.0
hpmcounter7,jump,seed16,297,0.0
hpmcounter7,jump,seed16,298,0.0
hpmcounter7,jump,seed17,9,0.0
hpmcounter7,jump,seed17,10,0.0
hpmcounter7,jump,seed17,11,0.0
hpmcounter7,jump,seed17,12,0.0
hpmcounter7,jump,seed17,13,0.0
hpmcounter7,jump,seed17,14,0.0
hpmcounter7,jump,seed17,15,0.0
hpmcounter7,jump,seed17,16,0.0
hpmcounter7,jump,seed17,17,0.0
hpmcounter7,jump,seed17,18,0.0
hpmcounter7,jump,seed17,19,0.0
hpmcounter7,jump,seed17,20,0.0
hpmcounter7,jump,seed17,21,0.0
hpmcounter7,jump,seed17,22,0.0
hpmcounter7,jump,seed17,23,0.0
hpmcounter7,jump,seed17,24,0.0
hpmcounter7,jump,seed17,25,0.0
hpmcounter7,jump,seed17,26,0.0
hpmcounter7,jump,seed17,27,0.0
hpmcounter7,jump,seed17,28,0.0
hpmcounter7,jump,seed17,29,0.0
hpmcounter7,jump,seed17,30,0.0
hpmcounter7,jump,seed17,31,0.0
hpmcounter7,jump,seed17,32,0.0
hpmcounter7,jump,seed17,33,0.0
hpmcounter7,jump,seed17,34,0.0
hpmcounter7,jump,seed17,35,0.0
hpmcounter7,jump,seed17,36,0.0
hpmcounter7,jump,seed17,37,0.0
hpmcounter7,jump,seed17,38,0.0
hpmcounter7,jump,seed17,39,0.0
hpmcounter7,jump,seed17,40,0.0
hpmcounter7,jump,seed17,41,0.0
hpmcounter7,jump,seed17,42,0.0
hpmcounter7,jump,seed17,43,0.0
hpmcounter7,jump,seed17,44,0.0
hpmcounter7,jump,seed17,45,0.0
hpmcounter7,jump,seed17,46,0.0
hpmcounter7,jump,seed17,47,0.0
hpmcounter7,jump,seed17,48,0.0
hpmcounter7,jump,seed17,49,0.0
hpmcounter7,jump,seed17,50,0.0
hpmcounter7,jump,seed17,51,0.0
hpmcounter7,jump,seed17,52,0.0
hpmcounter7,jump,seed17,53,0.0
hpmcounter7,jump,seed17,54,0.0
hpmcounter7,jump,seed17,55,0.0
hpmcounter7,jump,seed17,56,0.0
hpmcounter7,jump,seed17,57,0.0
hpmcounter7,jump,seed17,58,0.0
hpmcounter7,jump,seed17,59,0.0
hpmcounter7,jump,seed17,60,0.0
hpmcounter7,jump,seed17,61,0.0
hpmcounter7,jump,seed17,62,0.0
hpmcounter7,jump,seed17,63,0.0
hpmcounter7,jump,seed17,64,0.0
hpmcounter7,jump,seed17,65,0.0
hpmcounter7,jump,seed17,66,0.0
hpmcounter7,jump,seed17,67,0.0
hpmcounter7,jump,seed17,68,0.0
hpmcounter7,jump,seed17,69,0.0
hpmcounter7,jump,seed17,70,0.0
hpmcounter7,jump,seed17,71,0.0
hpmcounter7,jump,seed17,72,0.0
hpmcounter7,jump,seed17,73,0.0
hpmcounter7,jump,seed17,74,0.0
hpmcounter7,jump,seed17,75,0.0
hpmcounter7,jump,seed17,76,0.0
hpmcounter7,jump,seed17,77,0.0
hpmcounter7,jump,seed17,78,0.0
hpmcounter7,jump,seed17,79,0.0
hpmcounter7,jump,seed17,80,0.0
hpmcounter7,jump,seed17,81,0.0
hpmcounter7,jump,seed17,82,0.0
hpmcounter7,jump,seed17,83,0.0
hpmcounter7,jump,seed17,84,0.0
hpmcounter7,jump,seed17,85,0.0
hpmcounter7,jump,seed17,86,0.0
hpmcounter7,jump,seed17,87,0.0
hpmcounter7,jump,seed17,88,0.0
hpmcounter7,jump,seed17,89,0.0
hpmcounter7,jump,seed17,90,0.0
hpmcounter7,jump,seed17,91,0.0
hpmcounter7,jump,seed17,92,0.0
hpmcounter7,jump,seed17,93,0.0
hpmcounter7,jump,seed17,94,0.0
hpmcounter7,jump,seed17,95,0.0
hpmcounter7,jump,seed17,96,0.0
hpmcounter7,jump,seed17,97,0.0
hpmcounter7,jump,seed17,98,0.0
hpmcounter7,jump,seed17,99,0.0
hpmcounter7,jump,seed17,100,0.0
hpmcounter7,jump,seed17,101,0.0
hpmcounter7,jump,seed17,102,0.0
hpmcounter7,jump,seed17,103,0.0
hpmcounter7,jump,seed17,104,0.0
hpmcounter7,jump,seed17,105,0.0
hpmcounter7,jump,seed17,106,0.0
hpmcounter7,jump,seed17,107,0.0
hpmcounter7,jump,seed17,108,0.0
hpmcounter7,jump,seed17,109,0.0
hpmcounter7,jump,seed17,110,0.0
hpmcounter7,jump,seed17,111,0.0
hpmcounter7,jump,seed17,112,0.0
hpmcounter7,jump,seed17,113,0.0
hpmcounter7,jump,seed17,114,0.0
hpmcounter7,jump,seed17,115,0.0
hpmcounter7,jump,seed17,116,0.0
hpmcounter7,jump,seed17,117,0.0
hpmcounter7,jump,seed17,118,0.0
hpmcounter7,jump,seed17,119,0.0
hpmcounter7,jump,seed17,120,0.0
hpmcounter7,jump,seed17,121,0.0
hpmcounter7,jump,seed17,122,0.0
hpmcounter7,jump,seed17,123,0.0
hpmcounter7,jump,seed17,124,0.0
hpmcounter7,jump,seed17,125,0.0
hpmcounter7,jump,seed17,126,0.0
hpmcounter7,jump,seed17,127,0.0
hpmcounter7,jump,seed17,128,0.0
hpmcounter7,jump,seed17,129,0.0
hpmcounter7,jump,seed17,130,0.0
hpmcounter7,jump,seed17,131,0.0
hpmcounter7,jump,seed17,132,0.0
hpmcounter7,jump,seed17,133,0.0
hpmcounter7,jump,seed17,134,0.0
hpmcounter7,jump,seed17,135,0.0
hpmcounter7,jump,seed17,136,0.0
hpmcounter7,jump,seed17,137,0.0
hpmcounter7,jump,seed17,138,0.0
hpmcounter7,jump,seed17,139,0.0
hpmcounter7,jump,seed17,140,0.0
hpmcounter7,jump,seed17,141,0.0
hpmcounter7,jump,seed17,142,0.0
hpmcounter7,jump,seed17,143,0.0
hpmcounter7,jump,seed17,144,0.0
hpmcounter7,jump,seed17,145,0.0
hpmcounter7,jump,seed17,146,0.0
hpmcounter7,jump,seed17,147,0.0
hpmcounter7,jump,seed17,148,0.0
hpmcounter7,jump,seed17,149,0.0
hpmcounter7,jump,seed17,150,0.0
hpmcounter7,jump,seed17,151,0.0
hpmcounter7,jump,seed17,152,0.0
hpmcounter7,jump,seed17,153,0.0
hpmcounter7,jump,seed17,154,0.0
hpmcounter7,jump,seed17,155,0.0
hpmcounter7,jump,seed17,156,0.0
hpmcounter7,jump,seed17,157,0.0
hpmcounter7,jump,seed17,158,0.0
hpmcounter7,jump,seed17,159,0.0
hpmcounter7,jump,seed17,160,0.0
hpmcounter7,jump,seed17,161,0.0
hpmcounter7,jump,seed17,162,0.0
hpmcounter7,jump,seed17,163,0.0
hpmcounter7,jump,seed17,164,0.0
hpmcounter7,jump,seed17,165,0.0
hpmcounter7,jump,seed17,166,0.0
hpmcounter7,jump,seed17,167,0.0
hpmcounter7,jump,seed17,168,0.0
hpmcounter7,jump,seed17,169,0.0
hpmcounter7,jump,seed17,170,0.0
hpmcounter7,jump,seed17,171,0.0
hpmcounter7,jump,seed17,172,0.0
hpmcounter7,jump,seed17,173,0.0
hpmcounter7,jump,seed17,174,0.0
hpmcounter7,jump,seed17,175,0.0
hpmcounter7,jump,seed17,176,0.0
hpmcounter7,jump,seed17,177,0.0
hpmcounter7,jump,seed17,178,0.0
hpmcounter7,jump,seed17,179,0.0
hpmcounter7,jump,seed17,180,0.0
hpmcounter7,jump,seed17,181,0.0
hpmcounter7,jump,seed17,182,0.0
hpmcounter7,jump,seed17,183,0.0
hpmcounter7,jump,seed17,184,0.0
hpmcounter7,jump,seed17,185,0.0
hpmcounter7,jump,seed17,186,0.0
hpmcounter7,jump,seed17,187,0.0
hpmcounter7,jump,seed17,188,0.0
hpmcounter7,jump,seed17,189,0.0
hpmcounter7,jump,seed17,190,0.0
hpmcounter7,jump,seed17,191,0.0
hpmcounter7,jump,seed17,192,0.0
hpmcounter7,jump,seed17,193,0.0
hpmcounter7,jump,seed17,194,0.0
hpmcounter7,jump,seed17,195,0.0
hpmcounter7,jump,seed17,196,0.0
hpmcounter7,jump,seed17,197,0.0
hpmcounter7,jump,seed17,198,0.0
hpmcounter7,jump,seed17,199,0.0
hpmcounter7,jump,seed17,200,0.0
hpmcounter7,jump,seed17,201,0.0
hpmcounter7,jump,seed17,202,0.0
hpmcounter7,jump,seed17,203,0.0
hpmcounter7,jump,seed17,204,0.0
hpmcounter7,jump,seed17,205,0.0
hpmcounter7,jump,seed17,206,0.0
hpmcounter7,jump,seed17,207,0.0
hpmcounter7,jump,seed17,208,0.0
hpmcounter7,jump,seed17,209,0.0
hpmcounter7,jump,seed17,210,0.0
hpmcounter7,jump,seed17,211,0.0
hpmcounter7,jump,seed17,212,0.0
hpmcounter7,jump,seed17,213,0.0
hpmcounter7,jump,seed17,214,0.0
hpmcounter7,jump,seed17,215,0.0
hpmcounter7,jump,seed17,216,0.0
hpmcounter7,jump,seed17,217,0.0
hpmcounter7,jump,seed17,218,0.0
hpmcounter7,jump,seed17,219,0.0
hpmcounter7,jump,seed17,220,0.0
hpmcounter7,jump,seed17,221,0.0
hpmcounter7,jump,seed17,222,0.0
hpmcounter7,jump,seed17,223,0.0
hpmcounter7,jump,seed17,224,0.0
hpmcounter7,jump,seed17,225,0.0
hpmcounter7,jump,seed17,226,0.0
hpmcounter7,jump,seed17,227,0.0
hpmcounter7,jump,seed17,228,0.0
hpmcounter7,jump,seed17,229,0.0
hpmcounter7,jump,seed17,230,0.0
hpmcounter7,jump,seed17,231,0.0
hpmcounter7,jump,seed17,232,0.0
hpmcounter7,jump,seed17,233,0.0
hpmcounter7,jump,seed17,234,0.0
hpmcounter7,jump,seed17,235,0.0
hpmcounter7,jump,seed17,236,0.0
hpmcounter7,jump,seed17,237,0.0
hpmcounter7,jump,seed17,238,0.0
hpmcounter7,jump,seed17,239,0.0
hpmcounter7,jump,seed17,240,0.0
hpmcounter7,jump,seed17,241,0.0
hpmcounter7,jump,seed17,242,0.0
hpmcounter7,jump,seed17,243,0.0
hpmcounter7,jump,seed17,244,0.0
hpmcounter7,jump,seed17,245,0.0
hpmcounter7,jump,seed17,246,0.0
hpmcounter7,jump,seed17,247,0.0
hpmcounter7,jump,seed17,248,0.0
hpmcounter7,jump,seed17,249,0.0
hpmcounter7,jump,seed17,250,0.0
hpmcounter7,jump,seed17,251,0.0
hpmcounter7,jump,seed17,252,0.0
hpmcounter7,jump,seed17,253,0.0
hpmcounter7,jump,seed17,254,0.0
hpmcounter7,jump,seed17,255,0.0
hpmcounter7,jump,seed17,256,0.0
hpmcounter7,jump,seed17,257,0.0
hpmcounter7,jump,seed17,258,0.0
hpmcounter7,jump,seed17,259,0.0
hpmcounter7,jump,seed17,260,0.0
hpmcounter7,jump,seed17,261,0.0
hpmcounter7,jump,seed17,262,0.0
hpmcounter7,jump,seed17,263,0.0
hpmcounter7,jump,seed17,264,0.0
hpmcounter7,jump,seed17,265,0.0
hpmcounter7,jump,seed17,266,0.0
hpmcounter7,jump,seed17,267,0.0
hpmcounter7,jump,seed17,268,0.0
hpmcounter7,jump,seed17,269,0.0
hpmcounter7,jump,seed17,270,0.0
hpmcounter7,jump,seed17,271,0.0
hpmcounter7,jump,seed17,272,0.0
hpmcounter7,jump,seed17,273,0.0
hpmcounter7,jump,seed17,274,0.0
hpmcounter7,jump,seed17,275,0.0
hpmcounter7,jump,seed17,276,0.0
hpmcounter7,jump,seed17,277,0.0
hpmcounter7,jump,seed17,278,0.0
hpmcounter7,jump,seed17,279,0.0
hpmcounter7,jump,seed17,280,0.0
hpmcounter7,jump,seed17,281,0.0
hpmcounter7,jump,seed17,282,0.0
hpmcounter7,jump,seed17,283,0.0
hpmcounter7,jump,seed17,284,0.0
hpmcounter7,jump,seed17,285,0.0
hpmcounter7,jump,seed17,286,0.0
hpmcounter7,jump,seed17,287,0.0
hpmcounter7,jump,seed17,288,0.0
hpmcounter7,jump,seed17,289,0.0
hpmcounter7,jump,seed17,290,0.0
hpmcounter7,jump,seed17,291,0.0
hpmcounter7,jump,seed17,292,0.0
hpmcounter7,jump,seed17,293,0.0
hpmcounter7,jump,seed17,294,0.0
hpmcounter7,jump,seed17,295,0.0
hpmcounter7,jump,seed17,296,0.0
hpmcounter7,jump,seed17,297,0.0
hpmcounter7,jump,seed17,298,0.0
hpmcounter7,jump,seed18,9,0.0
hpmcounter7,jump,seed18,10,0.0
hpmcounter7,jump,seed18,11,0.0
hpmcounter7,jump,seed18,12,0.0
hpmcounter7,jump,seed18,13,0.0
hpmcounter7,jump,seed18,14,0.0
hpmcounter7,jump,seed18,15,0.0
hpmcounter7,jump,seed18,16,0.0
hpmcounter7,jump,seed18,17,0.0
hpmcounter7,jump,seed18,18,0.0
hpmcounter7,jump,seed18,19,0.0
hpmcounter7,jump,seed18,20,0.0
hpmcounter7,jump,seed18,21,0.0
hpmcounter7,jump,seed18,22,0.0
hpmcounter7,jump,seed18,23,0.0
hpmcounter7,jump,seed18,24,0.0
hpmcounter7,jump,seed18,25,0.0
hpmcounter7,jump,seed18,26,0.0
hpmcounter7,jump,seed18,27,0.0
hpmcounter7,jump,seed18,28,0.0
hpmcounter7,jump,seed18,29,0.0
hpmcounter7,jump,seed18,30,0.0
hpmcounter7,jump,seed18,31,0.0
hpmcounter7,jump,seed18,32,0.0
hpmcounter7,jump,seed18,33,0.0
hpmcounter7,jump,seed18,34,0.0
hpmcounter7,jump,seed18,35,0.0
hpmcounter7,jump,seed18,36,0.0
hpmcounter7,jump,seed18,37,0.0
hpmcounter7,jump,seed18,38,0.0
hpmcounter7,jump,seed18,39,0.0
hpmcounter7,jump,seed18,40,0.0
hpmcounter7,jump,seed18,41,0.0
hpmcounter7,jump,seed18,42,0.0
hpmcounter7,jump,seed18,43,0.0
hpmcounter7,jump,seed18,44,0.0
hpmcounter7,jump,seed18,45,0.0
hpmcounter7,jump,seed18,46,0.0
hpmcounter7,jump,seed18,47,0.0
hpmcounter7,jump,seed18,48,0.0
hpmcounter7,jump,seed18,49,0.0
hpmcounter7,jump,seed18,50,0.0
hpmcounter7,jump,seed18,51,0.0
hpmcounter7,jump,seed18,52,0.0
hpmcounter7,jump,seed18,53,0.0
hpmcounter7,jump,seed18,54,0.0
hpmcounter7,jump,seed18,55,0.0
hpmcounter7,jump,seed18,56,0.0
hpmcounter7,jump,seed18,57,0.0
hpmcounter7,jump,seed18,58,0.0
hpmcounter7,jump,seed18,59,0.0
hpmcounter7,jump,seed18,60,0.0
hpmcounter7,jump,seed18,61,0.0
hpmcounter7,jump,seed18,62,0.0
hpmcounter7,jump,seed18,63,0.0
hpmcounter7,jump,seed18,64,0.0
hpmcounter7,jump,seed18,65,0.0
hpmcounter7,jump,seed18,66,0.0
hpmcounter7,jump,seed18,67,0.0
hpmcounter7,jump,seed18,68,0.0
hpmcounter7,jump,seed18,69,0.0
hpmcounter7,jump,seed18,70,0.0
hpmcounter7,jump,seed18,71,0.0
hpmcounter7,jump,seed18,72,0.0
hpmcounter7,jump,seed18,73,0.0
hpmcounter7,jump,seed18,74,0.0
hpmcounter7,jump,seed18,75,0.0
hpmcounter7,jump,seed18,76,0.0
hpmcounter7,jump,seed18,77,0.0
hpmcounter7,jump,seed18,78,0.0
hpmcounter7,jump,seed18,79,0.0
hpmcounter7,jump,seed18,80,0.0
hpmcounter7,jump,seed18,81,0.0
hpmcounter7,jump,seed18,82,0.0
hpmcounter7,jump,seed18,83,0.0
hpmcounter7,jump,seed18,84,0.0
hpmcounter7,jump,seed18,85,0.0
hpmcounter7,jump,seed18,86,0.0
hpmcounter7,jump,seed18,87,0.0
hpmcounter7,jump,seed18,88,0.0
hpmcounter7,jump,seed18,89,0.0
hpmcounter7,jump,seed18,90,0.0
hpmcounter7,jump,seed18,91,0.0
hpmcounter7,jump,seed18,92,0.0
hpmcounter7,jump,seed18,93,0.0
hpmcounter7,jump,seed18,94,0.0
hpmcounter7,jump,seed18,95,0.0
hpmcounter7,jump,seed18,96,0.0
hpmcounter7,jump,seed18,97,0.0
hpmcounter7,jump,seed18,98,0.0
hpmcounter7,jump,seed18,99,0.0
hpmcounter7,jump,seed18,100,0.0
hpmcounter7,jump,seed18,101,0.0
hpmcounter7,jump,seed18,102,0.0
hpmcounter7,jump,seed18,103,0.0
hpmcounter7,jump,seed18,104,0.0
hpmcounter7,jump,seed18,105,0.0
hpmcounter7,jump,seed18,106,0.0
hpmcounter7,jump,seed18,107,0.0
hpmcounter7,jump,seed18,108,0.0
hpmcounter7,jump,seed18,109,0.0
hpmcounter7,jump,seed18,110,0.0
hpmcounter7,jump,seed18,111,0.0
hpmcounter7,jump,seed18,112,0.0
hpmcounter7,jump,seed18,113,0.0
hpmcounter7,jump,seed18,114,0.0
hpmcounter7,jump,seed18,115,0.0
hpmcounter7,jump,seed18,116,0.0
hpmcounter7,jump,seed18,117,0.0
hpmcounter7,jump,seed18,118,0.0
hpmcounter7,jump,seed18,119,0.0
hpmcounter7,jump,seed18,120,0.0
hpmcounter7,jump,seed18,121,0.0
hpmcounter7,jump,seed18,122,0.0
hpmcounter7,jump,seed18,123,0.0
hpmcounter7,jump,seed18,124,0.0
hpmcounter7,jump,seed18,125,0.0
hpmcounter7,jump,seed18,126,0.0
hpmcounter7,jump,seed18,127,0.0
hpmcounter7,jump,seed18,128,0.0
hpmcounter7,jump,seed18,129,0.0
hpmcounter7,jump,seed18,130,0.0
hpmcounter7,jump,seed18,131,0.0
hpmcounter7,jump,seed18,132,0.0
hpmcounter7,jump,seed18,133,0.0
hpmcounter7,jump,seed18,134,0.0
hpmcounter7,jump,seed18,135,0.0
hpmcounter7,jump,seed18,136,0.0
hpmcounter7,jump,seed18,137,0.0
hpmcounter7,jump,seed18,138,0.0
hpmcounter7,jump,seed18,139,0.0
hpmcounter7,jump,seed18,140,0.0
hpmcounter7,jump,seed18,141,0.0
hpmcounter7,jump,seed18,142,0.0
hpmcounter7,jump,seed18,143,0.0
hpmcounter7,jump,seed18,144,0.0
hpmcounter7,jump,seed18,145,0.0
hpmcounter7,jump,seed18,146,0.0
hpmcounter7,jump,seed18,147,0.0
hpmcounter7,jump,seed18,148,0.0
hpmcounter7,jump,seed18,149,0.0
hpmcounter7,jump,seed18,150,0.0
hpmcounter7,jump,seed18,151,0.0
hpmcounter7,jump,seed18,152,0.0
hpmcounter7,jump,seed18,153,0.0
hpmcounter7,jump,seed18,154,0.0
hpmcounter7,jump,seed18,155,0.0
hpmcounter7,jump,seed18,156,0.0
hpmcounter7,jump,seed18,157,0.0
hpmcounter7,jump,seed18,158,0.0
hpmcounter7,jump,seed18,159,0.0
hpmcounter7,jump,seed18,160,0.0
hpmcounter7,jump,seed18,161,0.0
hpmcounter7,jump,seed18,162,0.0
hpmcounter7,jump,seed18,163,0.0
hpmcounter7,jump,seed18,164,0.0
hpmcounter7,jump,seed18,165,0.0
hpmcounter7,jump,seed18,166,0.0
hpmcounter7,jump,seed18,167,0.0
hpmcounter7,jump,seed18,168,0.0
hpmcounter7,jump,seed18,169,0.0
hpmcounter7,jump,seed18,170,0.0
hpmcounter7,jump,seed18,171,0.0
hpmcounter7,jump,seed18,172,0.0
hpmcounter7,jump,seed18,173,0.0
hpmcounter7,jump,seed18,174,0.0
hpmcounter7,jump,seed18,175,0.0
hpmcounter7,jump,seed18,176,0.0
hpmcounter7,jump,seed18,177,0.0
hpmcounter7,jump,seed18,178,0.0
hpmcounter7,jump,seed18,179,0.0
hpmcounter7,jump,seed18,180,0.0
hpmcounter7,jump,seed18,181,0.0
hpmcounter7,jump,seed18,182,0.0
hpmcounter7,jump,seed18,183,0.0
hpmcounter7,jump,seed18,184,0.0
hpmcounter7,jump,seed18,185,0.0
hpmcounter7,jump,seed18,186,0.0
hpmcounter7,jump,seed18,187,0.0
hpmcounter7,jump,seed18,188,0.0
hpmcounter7,jump,seed18,189,0.0
hpmcounter7,jump,seed18,190,0.0
hpmcounter7,jump,seed18,191,0.0
hpmcounter7,jump,seed18,192,0.0
hpmcounter7,jump,seed18,193,0.0
hpmcounter7,jump,seed18,194,0.0
hpmcounter7,jump,seed18,195,0.0
hpmcounter7,jump,seed18,196,0.0
hpmcounter7,jump,seed18,197,0.0
hpmcounter7,jump,seed18,198,0.0
hpmcounter7,jump,seed18,199,0.0
hpmcounter7,jump,seed18,200,0.0
hpmcounter7,jump,seed18,201,0.0
hpmcounter7,jump,seed18,202,0.0
hpmcounter7,jump,seed18,203,0.0
hpmcounter7,jump,seed18,204,0.0
hpmcounter7,jump,seed18,205,0.0
hpmcounter7,jump,seed18,206,0.0
hpmcounter7,jump,seed18,207,0.0
hpmcounter7,jump,seed18,208,0.0
hpmcounter7,jump,seed18,209,0.0
hpmcounter7,jump,seed18,210,0.0
hpmcounter7,jump,seed18,211,0.0
hpmcounter7,jump,seed18,212,0.0
hpmcounter7,jump,seed18,213,0.0
hpmcounter7,jump,seed18,214,0.0
hpmcounter7,jump,seed18,215,0.0
hpmcounter7,jump,seed18,216,0.0
hpmcounter7,jump,seed18,217,0.0
hpmcounter7,jump,seed18,218,0.0
hpmcounter7,jump,seed18,219,0.0
hpmcounter7,jump,seed18,220,0.0
hpmcounter7,jump,seed18,221,0.0
hpmcounter7,jump,seed18,222,0.0
hpmcounter7,jump,seed18,223,0.0
hpmcounter7,jump,seed18,224,0.0
hpmcounter7,jump,seed18,225,0.0
hpmcounter7,jump,seed18,226,0.0
hpmcounter7,jump,seed18,227,0.0
hpmcounter7,jump,seed18,228,0.0
hpmcounter7,jump,seed18,229,0.0
hpmcounter7,jump,seed18,230,0.0
hpmcounter7,jump,seed18,231,0.0
hpmcounter7,jump,seed18,232,0.0
hpmcounter7,jump,seed18,233,0.0
hpmcounter7,jump,seed18,234,0.0
hpmcounter7,jump,seed18,235,0.0
hpmcounter7,jump,seed18,236,0.0
hpmcounter7,jump,seed18,237,0.0
hpmcounter7,jump,seed18,238,0.0
hpmcounter7,jump,seed18,239,0.0
hpmcounter7,jump,seed18,240,0.0
hpmcounter7,jump,seed18,241,0.0
hpmcounter7,jump,seed18,242,0.0
hpmcounter7,jump,seed18,243,0.0
hpmcounter7,jump,seed18,244,0.0
hpmcounter7,jump,seed18,245,0.0
hpmcounter7,jump,seed18,246,0.0
hpmcounter7,jump,seed18,247,0.0
hpmcounter7,jump,seed18,248,0.0
hpmcounter7,jump,seed18,249,0.0
hpmcounter7,jump,seed18,250,0.0
hpmcounter7,jump,seed18,251,0.0
hpmcounter7,jump,seed18,252,0.0
hpmcounter7,jump,seed18,253,0.0
hpmcounter7,jump,seed18,254,0.0
hpmcounter7,jump,seed18,255,0.0
hpmcounter7,jump,seed18,256,0.0
hpmcounter7,jump,seed18,257,0.0
hpmcounter7,jump,seed18,258,0.0
hpmcounter7,jump,seed18,259,0.0
hpmcounter7,jump,seed18,260,0.0
hpmcounter7,jump,seed18,261,0.0
hpmcounter7,jump,seed18,262,0.0
hpmcounter7,jump,seed18,263,0.0
hpmcounter7,jump,seed18,264,0.0
hpmcounter7,jump,seed18,265,0.0
hpmcounter7,jump,seed18,266,0.0
hpmcounter7,jump,seed18,267,0.0
hpmcounter7,jump,seed18,268,0.0
hpmcounter7,jump,seed18,269,0.0
hpmcounter7,jump,seed18,270,0.0
hpmcounter7,jump,seed18,271,0.0
hpmcounter7,jump,seed18,272,0.0
hpmcounter7,jump,seed18,273,0.0
hpmcounter7,jump,seed18,274,0.0
hpmcounter7,jump,seed18,275,0.0
hpmcounter7,jump,seed18,276,0.0
hpmcounter7,jump,seed18,277,0.0
hpmcounter7,jump,seed18,278,0.0
hpmcounter7,jump,seed18,279,0.0
hpmcounter7,jump,seed18,280,0.0
hpmcounter7,jump,seed18,281,0.0
hpmcounter7,jump,seed18,282,0.0
hpmcounter7,jump,seed18,283,0.0
hpmcounter7,jump,seed18,284,0.0
hpmcounter7,jump,seed18,285,0.0
hpmcounter7,jump,seed18,286,0.0
hpmcounter7,jump,seed18,287,0.0
hpmcounter7,jump,seed18,288,0.0
hpmcounter7,jump,seed18,289,0.0
hpmcounter7,jump,seed18,290,0.0
hpmcounter7,jump,seed18,291,0.0
hpmcounter7,jump,seed18,292,0.0
hpmcounter7,jump,seed18,293,0.0
hpmcounter7,jump,seed18,294,0.0
hpmcounter7,jump,seed18,295,0.0
hpmcounter7,jump,seed18,296,0.0
hpmcounter7,jump,seed18,297,0.0
hpmcounter7,jump,seed18,298,0.0
hpmcounter7,jump,seed19,9,0.0
hpmcounter7,jump,seed19,10,0.0
hpmcounter7,jump,seed19,11,0.0
hpmcounter7,jump,seed19,12,0.0
hpmcounter7,jump,seed19,13,0.0
hpmcounter7,jump,seed19,14,0.0
hpmcounter7,jump,seed19,15,0.0
hpmcounter7,jump,seed19,16,0.0
hpmcounter7,jump,seed19,17,0.0
hpmcounter7,jump,seed19,18,0.0
hpmcounter7,jump,seed19,19,0.0
hpmcounter7,jump,seed19,20,0.0
hpmcounter7,jump,seed19,21,0.0
hpmcounter7,jump,seed19,22,0.0
hpmcounter7,jump,seed19,23,0.0
hpmcounter7,jump,seed19,24,0.0
hpmcounter7,jump,seed19,25,0.0
hpmcounter7,jump,seed19,26,0.0
hpmcounter7,jump,seed19,27,0.0
hpmcounter7,jump,seed19,28,0.0
hpmcounter7,jump,seed19,29,0.0
hpmcounter7,jump,seed19,30,0.0
hpmcounter7,jump,seed19,31,0.0
hpmcounter7,jump,seed19,32,0.0
hpmcounter7,jump,seed19,33,0.0
hpmcounter7,jump,seed19,34,0.0
hpmcounter7,jump,seed19,35,0.0
hpmcounter7,jump,seed19,36,0.0
hpmcounter7,jump,seed19,37,0.0
hpmcounter7,jump,seed19,38,0.0
hpmcounter7,jump,seed19,39,0.0
hpmcounter7,jump,seed19,40,0.0
hpmcounter7,jump,seed19,41,0.0
hpmcounter7,jump,seed19,42,0.0
hpmcounter7,jump,seed19,43,0.0
hpmcounter7,jump,seed19,44,0.0
hpmcounter7,jump,seed19,45,0.0
hpmcounter7,jump,seed19,46,0.0
hpmcounter7,jump,seed19,47,0.0
hpmcounter7,jump,seed19,48,0.0
hpmcounter7,jump,seed19,49,0.0
hpmcounter7,jump,seed19,50,0.0
hpmcounter7,jump,seed19,51,0.0
hpmcounter7,jump,seed19,52,0.0
hpmcounter7,jump,seed19,53,0.0
hpmcounter7,jump,seed19,54,0.0
hpmcounter7,jump,seed19,55,0.0
hpmcounter7,jump,seed19,56,0.0
hpmcounter7,jump,seed19,57,0.0
hpmcounter7,jump,seed19,58,0.0
hpmcounter7,jump,seed19,59,0.0
hpmcounter7,jump,seed19,60,0.0
hpmcounter7,jump,seed19,61,0.0
hpmcounter7,jump,seed19,62,0.0
hpmcounter7,jump,seed19,63,0.0
hpmcounter7,jump,seed19,64,0.0
hpmcounter7,jump,seed19,65,0.0
hpmcounter7,jump,seed19,66,0.0
hpmcounter7,jump,seed19,67,0.0
hpmcounter7,jump,seed19,68,0.0
hpmcounter7,jump,seed19,69,0.0
hpmcounter7,jump,seed19,70,0.0
hpmcounter7,jump,seed19,71,0.0
hpmcounter7,jump,seed19,72,0.0
hpmcounter7,jump,seed19,73,0.0
hpmcounter7,jump,seed19,74,0.0
hpmcounter7,jump,seed19,75,0.0
hpmcounter7,jump,seed19,76,0.0
hpmcounter7,jump,seed19,77,0.0
hpmcounter7,jump,seed19,78,0.0
hpmcounter7,jump,seed19,79,0.0
hpmcounter7,jump,seed19,80,0.0
hpmcounter7,jump,seed19,81,0.0
hpmcounter7,jump,seed19,82,0.0
hpmcounter7,jump,seed19,83,0.0
hpmcounter7,jump,seed19,84,0.0
hpmcounter7,jump,seed19,85,0.0
hpmcounter7,jump,seed19,86,0.0
hpmcounter7,jump,seed19,87,0.0
hpmcounter7,jump,seed19,88,0.0
hpmcounter7,jump,seed19,89,0.0
hpmcounter7,jump,seed19,90,0.0
hpmcounter7,jump,seed19,91,0.0
hpmcounter7,jump,seed19,92,0.0
hpmcounter7,jump,seed19,93,0.0
hpmcounter7,jump,seed19,94,0.0
hpmcounter7,jump,seed19,95,0.0
hpmcounter7,jump,seed19,96,0.0
hpmcounter7,jump,seed19,97,0.0
hpmcounter7,jump,seed19,98,0.0
hpmcounter7,jump,seed19,99,0.0
hpmcounter7,jump,seed19,100,0.0
hpmcounter7,jump,seed19,101,0.0
hpmcounter7,jump,seed19,102,0.0
hpmcounter7,jump,seed19,103,0.0
hpmcounter7,jump,seed19,104,0.0
hpmcounter7,jump,seed19,105,0.0
hpmcounter7,jump,seed19,106,0.0
hpmcounter7,jump,seed19,107,0.0
hpmcounter7,jump,seed19,108,0.0
hpmcounter7,jump,seed19,109,0.0
hpmcounter7,jump,seed19,110,0.0
hpmcounter7,jump,seed19,111,0.0
hpmcounter7,jump,seed19,112,0.0
hpmcounter7,jump,seed19,113,0.0
hpmcounter7,jump,seed19,114,0.0
hpmcounter7,jump,seed19,115,0.0
hpmcounter7,jump,seed19,116,0.0
hpmcounter7,jump,seed19,117,0.0
hpmcounter7,jump,seed19,118,0.0
hpmcounter7,jump,seed19,119,0.0
hpmcounter7,jump,seed19,120,0.0
hpmcounter7,jump,seed19,121,0.0
hpmcounter7,jump,seed19,122,0.0
hpmcounter7,jump,seed19,123,0.0
hpmcounter7,jump,seed19,124,0.0
hpmcounter7,jump,seed19,125,0.0
hpmcounter7,jump,seed19,126,0.0
hpmcounter7,jump,seed19,127,0.0
hpmcounter7,jump,seed19,128,0.0
hpmcounter7,jump,seed19,129,0.0
hpmcounter7,jump,seed19,130,0.0
hpmcounter7,jump,seed19,131,0.0
hpmcounter7,jump,seed19,132,0.0
hpmcounter7,jump,seed19,133,0.0
hpmcounter7,jump,seed19,134,0.0
hpmcounter7,jump,seed19,135,0.0
hpmcounter7,jump,seed19,136,0.0
hpmcounter7,jump,seed19,137,0.0
hpmcounter7,jump,seed19,138,0.0
hpmcounter7,jump,seed19,139,0.0
hpmcounter7,jump,seed19,140,0.0
hpmcounter7,jump,seed19,141,0.0
hpmcounter7,jump,seed19,142,0.0
hpmcounter7,jump,seed19,143,0.0
hpmcounter7,jump,seed19,144,0.0
hpmcounter7,jump,seed19,145,0.0
hpmcounter7,jump,seed19,146,0.0
hpmcounter7,jump,seed19,147,0.0
hpmcounter7,jump,seed19,148,0.0
hpmcounter7,jump,seed19,149,0.0
hpmcounter7,jump,seed19,150,0.0
hpmcounter7,jump,seed19,151,0.0
hpmcounter7,jump,seed19,152,0.0
hpmcounter7,jump,seed19,153,0.0
hpmcounter7,jump,seed19,154,0.0
hpmcounter7,jump,seed19,155,0.0
hpmcounter7,jump,seed19,156,0.0
hpmcounter7,jump,seed19,157,0.0
hpmcounter7,jump,seed19,158,0.0
hpmcounter7,jump,seed19,159,0.0
hpmcounter7,jump,seed19,160,0.0
hpmcounter7,jump,seed19,161,0.0
hpmcounter7,jump,seed19,162,0.0
hpmcounter7,jump,seed19,163,0.0
hpmcounter7,jump,seed19,164,0.0
hpmcounter7,jump,seed19,165,0.0
hpmcounter7,jump,seed19,166,0.0
hpmcounter7,jump,seed19,167,0.0
hpmcounter7,jump,seed19,168,0.0
hpmcounter7,jump,seed19,169,0.0
hpmcounter7,jump,seed19,170,0.0
hpmcounter7,jump,seed19,171,0.0
hpmcounter7,jump,seed19,172,0.0
hpmcounter7,jump,seed19,173,0.0
hpmcounter7,jump,seed19,174,0.0
hpmcounter7,jump,seed19,175,0.0
hpmcounter7,jump,seed19,176,0.0
hpmcounter7,jump,seed19,177,0.0
hpmcounter7,jump,seed19,178,0.0
hpmcounter7,jump,seed19,179,0.0
hpmcounter7,jump,seed19,180,0.0
hpmcounter7,jump,seed19,181,0.0
hpmcounter7,jump,seed19,182,0.0
hpmcounter7,jump,seed19,183,0.0
hpmcounter7,jump,seed19,184,0.0
hpmcounter7,jump,seed19,185,0.0
hpmcounter7,jump,seed19,186,0.0
hpmcounter7,jump,seed19,187,0.0
hpmcounter7,jump,seed19,188,0.0
hpmcounter7,jump,seed19,189,0.0
hpmcounter7,jump,seed19,190,0.0
hpmcounter7,jump,seed19,191,0.0
hpmcounter7,jump,seed19,192,0.0
hpmcounter7,jump,seed19,193,0.0
hpmcounter7,jump,seed19,194,0.0
hpmcounter7,jump,seed19,195,0.0
hpmcounter7,jump,seed19,196,0.0
hpmcounter7,jump,seed19,197,0.0
hpmcounter7,jump,seed19,198,0.0
hpmcounter7,jump,seed19,199,0.0
hpmcounter7,jump,seed19,200,0.0
hpmcounter7,jump,seed19,201,0.0
hpmcounter7,jump,seed19,202,0.0
hpmcounter7,jump,seed19,203,0.0
hpmcounter7,jump,seed19,204,0.0
hpmcounter7,jump,seed19,205,0.0
hpmcounter7,jump,seed19,206,0.0
hpmcounter7,jump,seed19,207,0.0
hpmcounter7,jump,seed19,208,0.0
hpmcounter7,jump,seed19,209,0.0
hpmcounter7,jump,seed19,210,0.0
hpmcounter7,jump,seed19,211,0.0
hpmcounter7,jump,seed19,212,0.0
hpmcounter7,jump,seed19,213,0.0
hpmcounter7,jump,seed19,214,0.0
hpmcounter7,jump,seed19,215,0.0
hpmcounter7,jump,seed19,216,0.0
hpmcounter7,jump,seed19,217,0.0
hpmcounter7,jump,seed19,218,0.0
hpmcounter7,jump,seed19,219,0.0
hpmcounter7,jump,seed19,220,0.0
hpmcounter7,jump,seed19,221,0.0
hpmcounter7,jump,seed19,222,0.0
hpmcounter7,jump,seed19,223,0.0
hpmcounter7,jump,seed19,224,0.0
hpmcounter7,jump,seed19,225,0.0
hpmcounter7,jump,seed19,226,0.0
hpmcounter7,jump,seed19,227,0.0
hpmcounter7,jump,seed19,228,0.0
hpmcounter7,jump,seed19,229,0.0
hpmcounter7,jump,seed19,230,0.0
hpmcounter7,jump,seed19,231,0.0
hpmcounter7,jump,seed19,232,0.0
hpmcounter7,jump,seed19,233,0.0
hpmcounter7,jump,seed19,234,0.0
hpmcounter7,jump,seed19,235,0.0
hpmcounter7,jump,seed19,236,0.0
hpmcounter7,jump,seed19,237,0.0
hpmcounter7,jump,seed19,238,0.0
hpmcounter7,jump,seed19,239,0.0
hpmcounter7,jump,seed19,240,0.0
hpmcounter7,jump,seed19,241,0.0
hpmcounter7,jump,seed19,242,0.0
hpmcounter7,jump,seed19,243,0.0
hpmcounter7,jump,seed19,244,0.0
hpmcounter7,jump,seed19,245,0.0
hpmcounter7,jump,seed19,246,0.0
hpmcounter7,jump,seed19,247,0.0
hpmcounter7,jump,seed19,248,0.0
hpmcounter7,jump,seed19,249,0.0
hpmcounter7,jump,seed19,250,0.0
hpmcounter7,jump,seed19,251,0.0
hpmcounter7,jump,seed19,252,0.0
hpmcounter7,jump,seed19,253,0.0
hpmcounter7,jump,seed19,254,0.0
hpmcounter7,jump,seed19,255,0.0
hpmcounter7,jump,seed19,256,0.0
hpmcounter7,jump,seed19,257,0.0
hpmcounter7,jump,seed19,258,0.0
hpmcounter7,jump,seed19,259,0.0
hpmcounter7,jump,seed19,260,0.0
hpmcounter7,jump,seed19,261,0.0
hpmcounter7,jump,seed19,262,0.0
hpmcounter7,jump,seed19,263,0.0
hpmcounter7,jump,seed19,264,0.0
hpmcounter7,jump,seed19,265,0.0
hpmcounter7,jump,seed19,266,0.0
hpmcounter7,jump,seed19,267,0.0
hpmcounter7,jump,seed19,268,0.0
hpmcounter7,jump,seed19,269,0.0
hpmcounter7,jump,seed19,270,0.0
hpmcounter7,jump,seed19,271,0.0
hpmcounter7,jump,seed19,272,0.0
hpmcounter7,jump,seed19,273,0.0
hpmcounter7,jump,seed19,274,0.0
hpmcounter7,jump,seed19,275,0.0
hpmcounter7,jump,seed19,276,0.0
hpmcounter7,jump,seed19,277,0.0
hpmcounter7,jump,seed19,278,0.0
hpmcounter7,jump,seed19,279,0.0
hpmcounter7,jump,seed19,280,0.0
hpmcounter7,jump,seed19,281,0.0
hpmcounter7,jump,seed19,282,0.0
hpmcounter7,jump,seed19,283,0.0
hpmcounter7,jump,seed19,284,0.0
hpmcounter7,jump,seed19,285,0.0
hpmcounter7,jump,seed19,286,0.0
hpmcounter7,jump,seed19,287,0.0
hpmcounter7,jump,seed19,288,0.0
hpmcounter7,jump,seed19,289,0.0
hpmcounter7,jump,seed19,290,0.0
hpmcounter7,jump,seed19,291,0.0
hpmcounter7,jump,seed19,292,0.0
hpmcounter7,jump,seed19,293,0.0
hpmcounter7,jump,seed19,294,0.0
hpmcounter7,jump,seed19,295,0.0
hpmcounter7,jump,seed19,296,0.0
hpmcounter7,jump,seed19,297,0.0
hpmcounter7,jump,seed19,298,0.0
hpmcounter7,jump,seed2,9,0.0
hpmcounter7,jump,seed2,10,0.0
hpmcounter7,jump,seed2,11,0.0
hpmcounter7,jump,seed2,12,0.0
hpmcounter7,jump,seed2,13,0.0
hpmcounter7,jump,seed2,14,0.0
hpmcounter7,jump,seed2,15,0.0
hpmcounter7,jump,seed2,16,0.0
hpmcounter7,jump,seed2,17,0.0
hpmcounter7,jump,seed2,18,0.0
hpmcounter7,jump,seed2,19,0.0
hpmcounter7,jump,seed2,20,0.0
hpmcounter7,jump,seed2,21,0.0
hpmcounter7,jump,seed2,22,0.0
hpmcounter7,jump,seed2,23,0.0
hpmcounter7,jump,seed2,24,0.0
hpmcounter7,jump,seed2,25,0.0
hpmcounter7,jump,seed2,26,0.0
hpmcounter7,jump,seed2,27,0.0
hpmcounter7,jump,seed2,28,0.0
hpmcounter7,jump,seed2,29,0.0
hpmcounter7,jump,seed2,30,0.0
hpmcounter7,jump,seed2,31,0.0
hpmcounter7,jump,seed2,32,0.0
hpmcounter7,jump,seed2,33,0.0
hpmcounter7,jump,seed2,34,0.0
hpmcounter7,jump,seed2,35,0.0
hpmcounter7,jump,seed2,36,0.0
hpmcounter7,jump,seed2,37,0.0
hpmcounter7,jump,seed2,38,0.0
hpmcounter7,jump,seed2,39,0.0
hpmcounter7,jump,seed2,40,0.0
hpmcounter7,jump,seed2,41,0.0
hpmcounter7,jump,seed2,42,0.0
hpmcounter7,jump,seed2,43,0.0
hpmcounter7,jump,seed2,44,0.0
hpmcounter7,jump,seed2,45,0.0
hpmcounter7,jump,seed2,46,0.0
hpmcounter7,jump,seed2,47,0.0
hpmcounter7,jump,seed2,48,0.0
hpmcounter7,jump,seed2,49,0.0
hpmcounter7,jump,seed2,50,0.0
hpmcounter7,jump,seed2,51,0.0
hpmcounter7,jump,seed2,52,0.0
hpmcounter7,jump,seed2,53,0.0
hpmcounter7,jump,seed2,54,0.0
hpmcounter7,jump,seed2,55,0.0
hpmcounter7,jump,seed2,56,0.0
hpmcounter7,jump,seed2,57,0.0
hpmcounter7,jump,seed2,58,0.0
hpmcounter7,jump,seed2,59,0.0
hpmcounter7,jump,seed2,60,0.0
hpmcounter7,jump,seed2,61,0.0
hpmcounter7,jump,seed2,62,0.0
hpmcounter7,jump,seed2,63,0.0
hpmcounter7,jump,seed2,64,0.0
hpmcounter7,jump,seed2,65,0.0
hpmcounter7,jump,seed2,66,0.0
hpmcounter7,jump,seed2,67,0.0
hpmcounter7,jump,seed2,68,0.0
hpmcounter7,jump,seed2,69,0.0
hpmcounter7,jump,seed2,70,0.0
hpmcounter7,jump,seed2,71,0.0
hpmcounter7,jump,seed2,72,0.0
hpmcounter7,jump,seed2,73,0.0
hpmcounter7,jump,seed2,74,0.0
hpmcounter7,jump,seed2,75,0.0
hpmcounter7,jump,seed2,76,0.0
hpmcounter7,jump,seed2,77,0.0
hpmcounter7,jump,seed2,78,0.0
hpmcounter7,jump,seed2,79,0.0
hpmcounter7,jump,seed2,80,0.0
hpmcounter7,jump,seed2,81,0.0
hpmcounter7,jump,seed2,82,0.0
hpmcounter7,jump,seed2,83,0.0
hpmcounter7,jump,seed2,84,0.0
hpmcounter7,jump,seed2,85,0.0
hpmcounter7,jump,seed2,86,0.0
hpmcounter7,jump,seed2,87,0.0
hpmcounter7,jump,seed2,88,0.0
hpmcounter7,jump,seed2,89,0.0
hpmcounter7,jump,seed2,90,0.0
hpmcounter7,jump,seed2,91,0.0
hpmcounter7,jump,seed2,92,0.0
hpmcounter7,jump,seed2,93,0.0
hpmcounter7,jump,seed2,94,0.0
hpmcounter7,jump,seed2,95,0.0
hpmcounter7,jump,seed2,96,0.0
hpmcounter7,jump,seed2,97,0.0
hpmcounter7,jump,seed2,98,0.0
hpmcounter7,jump,seed2,99,0.0
hpmcounter7,jump,seed2,100,0.0
hpmcounter7,jump,seed2,101,0.0
hpmcounter7,jump,seed2,102,0.0
hpmcounter7,jump,seed2,103,0.0
hpmcounter7,jump,seed2,104,0.0
hpmcounter7,jump,seed2,105,0.0
hpmcounter7,jump,seed2,106,0.0
hpmcounter7,jump,seed2,107,0.0
hpmcounter7,jump,seed2,108,0.0
hpmcounter7,jump,seed2,109,0.0
hpmcounter7,jump,seed2,110,0.0
hpmcounter7,jump,seed2,111,0.0
hpmcounter7,jump,seed2,112,0.0
hpmcounter7,jump,seed2,113,0.0
hpmcounter7,jump,seed2,114,0.0
hpmcounter7,jump,seed2,115,0.0
hpmcounter7,jump,seed2,116,0.0
hpmcounter7,jump,seed2,117,0.0
hpmcounter7,jump,seed2,118,0.0
hpmcounter7,jump,seed2,119,0.0
hpmcounter7,jump,seed2,120,0.0
hpmcounter7,jump,seed2,121,0.0
hpmcounter7,jump,seed2,122,0.0
hpmcounter7,jump,seed2,123,0.0
hpmcounter7,jump,seed2,124,0.0
hpmcounter7,jump,seed2,125,0.0
hpmcounter7,jump,seed2,126,0.0
hpmcounter7,jump,seed2,127,0.0
hpmcounter7,jump,seed2,128,0.0
hpmcounter7,jump,seed2,129,0.0
hpmcounter7,jump,seed2,130,0.0
hpmcounter7,jump,seed2,131,0.0
hpmcounter7,jump,seed2,132,0.0
hpmcounter7,jump,seed2,133,0.0
hpmcounter7,jump,seed2,134,0.0
hpmcounter7,jump,seed2,135,0.0
hpmcounter7,jump,seed2,136,0.0
hpmcounter7,jump,seed2,137,0.0
hpmcounter7,jump,seed2,138,0.0
hpmcounter7,jump,seed2,139,0.0
hpmcounter7,jump,seed2,140,0.0
hpmcounter7,jump,seed2,141,0.0
hpmcounter7,jump,seed2,142,0.0
hpmcounter7,jump,seed2,143,0.0
hpmcounter7,jump,seed2,144,0.0
hpmcounter7,jump,seed2,145,0.0
hpmcounter7,jump,seed2,146,0.0
hpmcounter7,jump,seed2,147,0.0
hpmcounter7,jump,seed2,148,0.0
hpmcounter7,jump,seed2,149,0.0
hpmcounter7,jump,seed2,150,0.0
hpmcounter7,jump,seed2,151,0.0
hpmcounter7,jump,seed2,152,0.0
hpmcounter7,jump,seed2,153,0.0
hpmcounter7,jump,seed2,154,0.0
hpmcounter7,jump,seed2,155,0.0
hpmcounter7,jump,seed2,156,0.0
hpmcounter7,jump,seed2,157,0.0
hpmcounter7,jump,seed2,158,0.0
hpmcounter7,jump,seed2,159,0.0
hpmcounter7,jump,seed2,160,0.0
hpmcounter7,jump,seed2,161,0.0
hpmcounter7,jump,seed2,162,0.0
hpmcounter7,jump,seed2,163,0.0
hpmcounter7,jump,seed2,164,0.0
hpmcounter7,jump,seed2,165,0.0
hpmcounter7,jump,seed2,166,0.0
hpmcounter7,jump,seed2,167,0.0
hpmcounter7,jump,seed2,168,0.0
hpmcounter7,jump,seed2,169,0.0
hpmcounter7,jump,seed2,170,0.0
hpmcounter7,jump,seed2,171,0.0
hpmcounter7,jump,seed2,172,0.0
hpmcounter7,jump,seed2,173,0.0
hpmcounter7,jump,seed2,174,0.0
hpmcounter7,jump,seed2,175,0.0
hpmcounter7,jump,seed2,176,0.0
hpmcounter7,jump,seed2,177,0.0
hpmcounter7,jump,seed2,178,0.0
hpmcounter7,jump,seed2,179,0.0
hpmcounter7,jump,seed2,180,0.0
hpmcounter7,jump,seed2,181,0.0
hpmcounter7,jump,seed2,182,0.0
hpmcounter7,jump,seed2,183,0.0
hpmcounter7,jump,seed2,184,0.0
hpmcounter7,jump,seed2,185,0.0
hpmcounter7,jump,seed2,186,0.0
hpmcounter7,jump,seed2,187,0.0
hpmcounter7,jump,seed2,188,0.0
hpmcounter7,jump,seed2,189,0.0
hpmcounter7,jump,seed2,190,0.0
hpmcounter7,jump,seed2,191,0.0
hpmcounter7,jump,seed2,192,0.0
hpmcounter7,jump,seed2,193,0.0
hpmcounter7,jump,seed2,194,0.0
hpmcounter7,jump,seed2,195,0.0
hpmcounter7,jump,seed2,196,0.0
hpmcounter7,jump,seed2,197,0.0
hpmcounter7,jump,seed2,198,0.0
hpmcounter7,jump,seed2,199,0.0
hpmcounter7,jump,seed2,200,0.0
hpmcounter7,jump,seed2,201,0.0
hpmcounter7,jump,seed2,202,0.0
hpmcounter7,jump,seed2,203,0.0
hpmcounter7,jump,seed2,204,0.0
hpmcounter7,jump,seed2,205,0.0
hpmcounter7,jump,seed2,206,0.0
hpmcounter7,jump,seed2,207,0.0
hpmcounter7,jump,seed2,208,0.0
hpmcounter7,jump,seed2,209,0.0
hpmcounter7,jump,seed2,210,0.0
hpmcounter7,jump,seed2,211,0.0
hpmcounter7,jump,seed2,212,0.0
hpmcounter7,jump,seed2,213,0.0
hpmcounter7,jump,seed2,214,0.0
hpmcounter7,jump,seed2,215,0.0
hpmcounter7,jump,seed2,216,0.0
hpmcounter7,jump,seed2,217,0.0
hpmcounter7,jump,seed2,218,0.0
hpmcounter7,jump,seed2,219,0.0
hpmcounter7,jump,seed2,220,0.0
hpmcounter7,jump,seed2,221,0.0
hpmcounter7,jump,seed2,222,0.0
hpmcounter7,jump,seed2,223,0.0
hpmcounter7,jump,seed2,224,0.0
hpmcounter7,jump,seed2,225,0.0
hpmcounter7,jump,seed2,226,0.0
hpmcounter7,jump,seed2,227,0.0
hpmcounter7,jump,seed2,228,0.0
hpmcounter7,jump,seed2,229,0.0
hpmcounter7,jump,seed2,230,0.0
hpmcounter7,jump,seed2,231,0.0
hpmcounter7,jump,seed2,232,0.0
hpmcounter7,jump,seed2,233,0.0
hpmcounter7,jump,seed2,234,0.0
hpmcounter7,jump,seed2,235,0.0
hpmcounter7,jump,seed2,236,0.0
hpmcounter7,jump,seed2,237,0.0
hpmcounter7,jump,seed2,238,0.0
hpmcounter7,jump,seed2,239,0.0
hpmcounter7,jump,seed2,240,0.0
hpmcounter7,jump,seed2,241,0.0
hpmcounter7,jump,seed2,242,0.0
hpmcounter7,jump,seed2,243,0.0
hpmcounter7,jump,seed2,244,0.0
hpmcounter7,jump,seed2,245,0.0
hpmcounter7,jump,seed2,246,0.0
hpmcounter7,jump,seed2,247,0.0
hpmcounter7,jump,seed2,248,0.0
hpmcounter7,jump,seed2,249,0.0
hpmcounter7,jump,seed2,250,0.0
hpmcounter7,jump,seed2,251,0.0
hpmcounter7,jump,seed2,252,0.0
hpmcounter7,jump,seed2,253,0.0
hpmcounter7,jump,seed2,254,0.0
hpmcounter7,jump,seed2,255,0.0
hpmcounter7,jump,seed2,256,0.0
hpmcounter7,jump,seed2,257,0.0
hpmcounter7,jump,seed2,258,0.0
hpmcounter7,jump,seed2,259,0.0
hpmcounter7,jump,seed2,260,0.0
hpmcounter7,jump,seed2,261,0.0
hpmcounter7,jump,seed2,262,0.0
hpmcounter7,jump,seed2,263,0.0
hpmcounter7,jump,seed2,264,0.0
hpmcounter7,jump,seed2,265,0.0
hpmcounter7,jump,seed2,266,0.0
hpmcounter7,jump,seed2,267,0.0
hpmcounter7,jump,seed2,268,0.0
hpmcounter7,jump,seed2,269,0.0
hpmcounter7,jump,seed2,270,0.0
hpmcounter7,jump,seed2,271,0.0
hpmcounter7,jump,seed2,272,0.0
hpmcounter7,jump,seed2,273,0.0
hpmcounter7,jump,seed2,274,0.0
hpmcounter7,jump,seed2,275,0.0
hpmcounter7,jump,seed2,276,0.0
hpmcounter7,jump,seed2,277,0.0
hpmcounter7,jump,seed2,278,0.0
hpmcounter7,jump,seed2,279,0.0
hpmcounter7,jump,seed2,280,0.0
hpmcounter7,jump,seed2,281,0.0
hpmcounter7,jump,seed2,282,0.0
hpmcounter7,jump,seed2,283,0.0
hpmcounter7,jump,seed2,284,0.0
hpmcounter7,jump,seed2,285,0.0
hpmcounter7,jump,seed2,286,0.0
hpmcounter7,jump,seed2,287,0.0
hpmcounter7,jump,seed2,288,0.0
hpmcounter7,jump,seed2,289,0.0
hpmcounter7,jump,seed2,290,0.0
hpmcounter7,jump,seed2,291,0.0
hpmcounter7,jump,seed2,292,0.0
hpmcounter7,jump,seed2,293,0.0
hpmcounter7,jump,seed2,294,0.0
hpmcounter7,jump,seed2,295,0.0
hpmcounter7,jump,seed2,296,0.0
hpmcounter7,jump,seed2,297,0.0
hpmcounter7,jump,seed2,298,0.0
hpmcounter7,jump,seed20,9,0.0
hpmcounter7,jump,seed20,10,0.0
hpmcounter7,jump,seed20,11,0.0
hpmcounter7,jump,seed20,12,0.0
hpmcounter7,jump,seed20,13,0.0
hpmcounter7,jump,seed20,14,0.0
hpmcounter7,jump,seed20,15,0.0
hpmcounter7,jump,seed20,16,0.0
hpmcounter7,jump,seed20,17,0.0
hpmcounter7,jump,seed20,18,0.0
hpmcounter7,jump,seed20,19,0.0
hpmcounter7,jump,seed20,20,0.0
hpmcounter7,jump,seed20,21,0.0
hpmcounter7,jump,seed20,22,0.0
hpmcounter7,jump,seed20,23,0.0
hpmcounter7,jump,seed20,24,0.0
hpmcounter7,jump,seed20,25,0.0
hpmcounter7,jump,seed20,26,0.0
hpmcounter7,jump,seed20,27,0.0
hpmcounter7,jump,seed20,28,0.0
hpmcounter7,jump,seed20,29,0.0
hpmcounter7,jump,seed20,30,0.0
hpmcounter7,jump,seed20,31,0.0
hpmcounter7,jump,seed20,32,0.0
hpmcounter7,jump,seed20,33,0.0
hpmcounter7,jump,seed20,34,0.0
hpmcounter7,jump,seed20,35,0.0
hpmcounter7,jump,seed20,36,0.0
hpmcounter7,jump,seed20,37,0.0
hpmcounter7,jump,seed20,38,0.0
hpmcounter7,jump,seed20,39,0.0
hpmcounter7,jump,seed20,40,0.0
hpmcounter7,jump,seed20,41,0.0
hpmcounter7,jump,seed20,42,0.0
hpmcounter7,jump,seed20,43,0.0
hpmcounter7,jump,seed20,44,0.0
hpmcounter7,jump,seed20,45,0.0
hpmcounter7,jump,seed20,46,0.0
hpmcounter7,jump,seed20,47,0.0
hpmcounter7,jump,seed20,48,0.0
hpmcounter7,jump,seed20,49,0.0
hpmcounter7,jump,seed20,50,0.0
hpmcounter7,jump,seed20,51,0.0
hpmcounter7,jump,seed20,52,0.0
hpmcounter7,jump,seed20,53,0.0
hpmcounter7,jump,seed20,54,0.0
hpmcounter7,jump,seed20,55,0.0
hpmcounter7,jump,seed20,56,0.0
hpmcounter7,jump,seed20,57,0.0
hpmcounter7,jump,seed20,58,0.0
hpmcounter7,jump,seed20,59,0.0
hpmcounter7,jump,seed20,60,0.0
hpmcounter7,jump,seed20,61,0.0
hpmcounter7,jump,seed20,62,0.0
hpmcounter7,jump,seed20,63,0.0
hpmcounter7,jump,seed20,64,0.0
hpmcounter7,jump,seed20,65,0.0
hpmcounter7,jump,seed20,66,0.0
hpmcounter7,jump,seed20,67,0.0
hpmcounter7,jump,seed20,68,0.0
hpmcounter7,jump,seed20,69,0.0
hpmcounter7,jump,seed20,70,0.0
hpmcounter7,jump,seed20,71,0.0
hpmcounter7,jump,seed20,72,0.0
hpmcounter7,jump,seed20,73,0.0
hpmcounter7,jump,seed20,74,0.0
hpmcounter7,jump,seed20,75,0.0
hpmcounter7,jump,seed20,76,0.0
hpmcounter7,jump,seed20,77,0.0
hpmcounter7,jump,seed20,78,0.0
hpmcounter7,jump,seed20,79,0.0
hpmcounter7,jump,seed20,80,0.0
hpmcounter7,jump,seed20,81,0.0
hpmcounter7,jump,seed20,82,0.0
hpmcounter7,jump,seed20,83,0.0
hpmcounter7,jump,seed20,84,0.0
hpmcounter7,jump,seed20,85,0.0
hpmcounter7,jump,seed20,86,0.0
hpmcounter7,jump,seed20,87,0.0
hpmcounter7,jump,seed20,88,0.0
hpmcounter7,jump,seed20,89,0.0
hpmcounter7,jump,seed20,90,0.0
hpmcounter7,jump,seed20,91,0.0
hpmcounter7,jump,seed20,92,0.0
hpmcounter7,jump,seed20,93,0.0
hpmcounter7,jump,seed20,94,0.0
hpmcounter7,jump,seed20,95,0.0
hpmcounter7,jump,seed20,96,0.0
hpmcounter7,jump,seed20,97,0.0
hpmcounter7,jump,seed20,98,0.0
hpmcounter7,jump,seed20,99,0.0
hpmcounter7,jump,seed20,100,0.0
hpmcounter7,jump,seed20,101,0.0
hpmcounter7,jump,seed20,102,0.0
hpmcounter7,jump,seed20,103,0.0
hpmcounter7,jump,seed20,104,0.0
hpmcounter7,jump,seed20,105,0.0
hpmcounter7,jump,seed20,106,0.0
hpmcounter7,jump,seed20,107,0.0
hpmcounter7,jump,seed20,108,0.0
hpmcounter7,jump,seed20,109,0.0
hpmcounter7,jump,seed20,110,0.0
hpmcounter7,jump,seed20,111,0.0
hpmcounter7,jump,seed20,112,0.0
hpmcounter7,jump,seed20,113,0.0
hpmcounter7,jump,seed20,114,0.0
hpmcounter7,jump,seed20,115,0.0
hpmcounter7,jump,seed20,116,0.0
hpmcounter7,jump,seed20,117,0.0
hpmcounter7,jump,seed20,118,0.0
hpmcounter7,jump,seed20,119,0.0
hpmcounter7,jump,seed20,120,0.0
hpmcounter7,jump,seed20,121,0.0
hpmcounter7,jump,seed20,122,0.0
hpmcounter7,jump,seed20,123,0.0
hpmcounter7,jump,seed20,124,0.0
hpmcounter7,jump,seed20,125,0.0
hpmcounter7,jump,seed20,126,0.0
hpmcounter7,jump,seed20,127,0.0
hpmcounter7,jump,seed20,128,0.0
hpmcounter7,jump,seed20,129,0.0
hpmcounter7,jump,seed20,130,0.0
hpmcounter7,jump,seed20,131,0.0
hpmcounter7,jump,seed20,132,0.0
hpmcounter7,jump,seed20,133,0.0
hpmcounter7,jump,seed20,134,0.0
hpmcounter7,jump,seed20,135,0.0
hpmcounter7,jump,seed20,136,0.0
hpmcounter7,jump,seed20,137,0.0
hpmcounter7,jump,seed20,138,0.0
hpmcounter7,jump,seed20,139,0.0
hpmcounter7,jump,seed20,140,0.0
hpmcounter7,jump,seed20,141,0.0
hpmcounter7,jump,seed20,142,0.0
hpmcounter7,jump,seed20,143,0.0
hpmcounter7,jump,seed20,144,0.0
hpmcounter7,jump,seed20,145,0.0
hpmcounter7,jump,seed20,146,0.0
hpmcounter7,jump,seed20,147,0.0
hpmcounter7,jump,seed20,148,0.0
hpmcounter7,jump,seed20,149,0.0
hpmcounter7,jump,seed20,150,0.0
hpmcounter7,jump,seed20,151,0.0
hpmcounter7,jump,seed20,152,0.0
hpmcounter7,jump,seed20,153,0.0
hpmcounter7,jump,seed20,154,0.0
hpmcounter7,jump,seed20,155,0.0
hpmcounter7,jump,seed20,156,0.0
hpmcounter7,jump,seed20,157,0.0
hpmcounter7,jump,seed20,158,0.0
hpmcounter7,jump,seed20,159,0.0
hpmcounter7,jump,seed20,160,0.0
hpmcounter7,jump,seed20,161,0.0
hpmcounter7,jump,seed20,162,0.0
hpmcounter7,jump,seed20,163,0.0
hpmcounter7,jump,seed20,164,0.0
hpmcounter7,jump,seed20,165,0.0
hpmcounter7,jump,seed20,166,0.0
hpmcounter7,jump,seed20,167,0.0
hpmcounter7,jump,seed20,168,0.0
hpmcounter7,jump,seed20,169,0.0
hpmcounter7,jump,seed20,170,0.0
hpmcounter7,jump,seed20,171,0.0
hpmcounter7,jump,seed20,172,0.0
hpmcounter7,jump,seed20,173,0.0
hpmcounter7,jump,seed20,174,0.0
hpmcounter7,jump,seed20,175,0.0
hpmcounter7,jump,seed20,176,0.0
hpmcounter7,jump,seed20,177,0.0
hpmcounter7,jump,seed20,178,0.0
hpmcounter7,jump,seed20,179,0.0
hpmcounter7,jump,seed20,180,0.0
hpmcounter7,jump,seed20,181,0.0
hpmcounter7,jump,seed20,182,0.0
hpmcounter7,jump,seed20,183,0.0
hpmcounter7,jump,seed20,184,0.0
hpmcounter7,jump,seed20,185,0.0
hpmcounter7,jump,seed20,186,0.0
hpmcounter7,jump,seed20,187,0.0
hpmcounter7,jump,seed20,188,0.0
hpmcounter7,jump,seed20,189,0.0
hpmcounter7,jump,seed20,190,0.0
hpmcounter7,jump,seed20,191,0.0
hpmcounter7,jump,seed20,192,0.0
hpmcounter7,jump,seed20,193,0.0
hpmcounter7,jump,seed20,194,0.0
hpmcounter7,jump,seed20,195,0.0
hpmcounter7,jump,seed20,196,0.0
hpmcounter7,jump,seed20,197,0.0
hpmcounter7,jump,seed20,198,0.0
hpmcounter7,jump,seed20,199,0.0
hpmcounter7,jump,seed20,200,0.0
hpmcounter7,jump,seed20,201,0.0
hpmcounter7,jump,seed20,202,0.0
hpmcounter7,jump,seed20,203,0.0
hpmcounter7,jump,seed20,204,0.0
hpmcounter7,jump,seed20,205,0.0
hpmcounter7,jump,seed20,206,0.0
hpmcounter7,jump,seed20,207,0.0
hpmcounter7,jump,seed20,208,0.0
hpmcounter7,jump,seed20,209,0.0
hpmcounter7,jump,seed20,210,0.0
hpmcounter7,jump,seed20,211,0.0
hpmcounter7,jump,seed20,212,0.0
hpmcounter7,jump,seed20,213,0.0
hpmcounter7,jump,seed20,214,0.0
hpmcounter7,jump,seed20,215,0.0
hpmcounter7,jump,seed20,216,0.0
hpmcounter7,jump,seed20,217,0.0
hpmcounter7,jump,seed20,218,0.0
hpmcounter7,jump,seed20,219,0.0
hpmcounter7,jump,seed20,220,0.0
hpmcounter7,jump,seed20,221,0.0
hpmcounter7,jump,seed20,222,0.0
hpmcounter7,jump,seed20,223,0.0
hpmcounter7,jump,seed20,224,0.0
hpmcounter7,jump,seed20,225,0.0
hpmcounter7,jump,seed20,226,0.0
hpmcounter7,jump,seed20,227,0.0
hpmcounter7,jump,seed20,228,0.0
hpmcounter7,jump,seed20,229,0.0
hpmcounter7,jump,seed20,230,0.0
hpmcounter7,jump,seed20,231,0.0
hpmcounter7,jump,seed20,232,0.0
hpmcounter7,jump,seed20,233,0.0
hpmcounter7,jump,seed20,234,0.0
hpmcounter7,jump,seed20,235,0.0
hpmcounter7,jump,seed20,236,0.0
hpmcounter7,jump,seed20,237,0.0
hpmcounter7,jump,seed20,238,0.0
hpmcounter7,jump,seed20,239,0.0
hpmcounter7,jump,seed20,240,0.0
hpmcounter7,jump,seed20,241,0.0
hpmcounter7,jump,seed20,242,0.0
hpmcounter7,jump,seed20,243,0.0
hpmcounter7,jump,seed20,244,0.0
hpmcounter7,jump,seed20,245,0.0
hpmcounter7,jump,seed20,246,0.0
hpmcounter7,jump,seed20,247,0.0
hpmcounter7,jump,seed20,248,0.0
hpmcounter7,jump,seed20,249,0.0
hpmcounter7,jump,seed20,250,0.0
hpmcounter7,jump,seed20,251,0.0
hpmcounter7,jump,seed20,252,0.0
hpmcounter7,jump,seed20,253,0.0
hpmcounter7,jump,seed20,254,0.0
hpmcounter7,jump,seed20,255,0.0
hpmcounter7,jump,seed20,256,0.0
hpmcounter7,jump,seed20,257,0.0
hpmcounter7,jump,seed20,258,0.0
hpmcounter7,jump,seed20,259,0.0
hpmcounter7,jump,seed20,260,0.0
hpmcounter7,jump,seed20,261,0.0
hpmcounter7,jump,seed20,262,0.0
hpmcounter7,jump,seed20,263,0.0
hpmcounter7,jump,seed20,264,0.0
hpmcounter7,jump,seed20,265,0.0
hpmcounter7,jump,seed20,266,0.0
hpmcounter7,jump,seed20,267,0.0
hpmcounter7,jump,seed20,268,0.0
hpmcounter7,jump,seed20,269,0.0
hpmcounter7,jump,seed20,270,0.0
hpmcounter7,jump,seed20,271,0.0
hpmcounter7,jump,seed20,272,0.0
hpmcounter7,jump,seed20,273,0.0
hpmcounter7,jump,seed20,274,0.0
hpmcounter7,jump,seed20,275,0.0
hpmcounter7,jump,seed20,276,0.0
hpmcounter7,jump,seed20,277,0.0
hpmcounter7,jump,seed20,278,0.0
hpmcounter7,jump,seed20,279,0.0
hpmcounter7,jump,seed20,280,0.0
hpmcounter7,jump,seed20,281,0.0
hpmcounter7,jump,seed20,282,0.0
hpmcounter7,jump,seed20,283,0.0
hpmcounter7,jump,seed20,284,0.0
hpmcounter7,jump,seed20,285,0.0
hpmcounter7,jump,seed20,286,0.0
hpmcounter7,jump,seed20,287,0.0
hpmcounter7,jump,seed20,288,0.0
hpmcounter7,jump,seed20,289,0.0
hpmcounter7,jump,seed20,290,0.0
hpmcounter7,jump,seed20,291,0.0
hpmcounter7,jump,seed20,292,0.0
hpmcounter7,jump,seed20,293,0.0
hpmcounter7,jump,seed20,294,0.0
hpmcounter7,jump,seed20,295,0.0
hpmcounter7,jump,seed20,296,0.0
hpmcounter7,jump,seed20,297,0.0
hpmcounter7,jump,seed20,298,0.0
hpmcounter7,jump,seed3,9,0.0
hpmcounter7,jump,seed3,10,0.0
hpmcounter7,jump,seed3,11,0.0
hpmcounter7,jump,seed3,12,0.0
hpmcounter7,jump,seed3,13,0.0
hpmcounter7,jump,seed3,14,0.0
hpmcounter7,jump,seed3,15,0.0
hpmcounter7,jump,seed3,16,0.0
hpmcounter7,jump,seed3,17,0.0
hpmcounter7,jump,seed3,18,0.0
hpmcounter7,jump,seed3,19,0.0
hpmcounter7,jump,seed3,20,0.0
hpmcounter7,jump,seed3,21,0.0
hpmcounter7,jump,seed3,22,0.0
hpmcounter7,jump,seed3,23,0.0
hpmcounter7,jump,seed3,24,0.0
hpmcounter7,jump,seed3,25,0.0
hpmcounter7,jump,seed3,26,0.0
hpmcounter7,jump,seed3,27,0.0
hpmcounter7,jump,seed3,28,0.0
hpmcounter7,jump,seed3,29,0.0
hpmcounter7,jump,seed3,30,0.0
hpmcounter7,jump,seed3,31,0.0
hpmcounter7,jump,seed3,32,0.0
hpmcounter7,jump,seed3,33,0.0
hpmcounter7,jump,seed3,34,0.0
hpmcounter7,jump,seed3,35,0.0
hpmcounter7,jump,seed3,36,0.0
hpmcounter7,jump,seed3,37,0.0
hpmcounter7,jump,seed3,38,0.0
hpmcounter7,jump,seed3,39,0.0
hpmcounter7,jump,seed3,40,0.0
hpmcounter7,jump,seed3,41,0.0
hpmcounter7,jump,seed3,42,0.0
hpmcounter7,jump,seed3,43,0.0
hpmcounter7,jump,seed3,44,0.0
hpmcounter7,jump,seed3,45,0.0
hpmcounter7,jump,seed3,46,0.0
hpmcounter7,jump,seed3,47,0.0
hpmcounter7,jump,seed3,48,0.0
hpmcounter7,jump,seed3,49,0.0
hpmcounter7,jump,seed3,50,0.0
hpmcounter7,jump,seed3,51,0.0
hpmcounter7,jump,seed3,52,0.0
hpmcounter7,jump,seed3,53,0.0
hpmcounter7,jump,seed3,54,0.0
hpmcounter7,jump,seed3,55,0.0
hpmcounter7,jump,seed3,56,0.0
hpmcounter7,jump,seed3,57,0.0
hpmcounter7,jump,seed3,58,0.0
hpmcounter7,jump,seed3,59,0.0
hpmcounter7,jump,seed3,60,0.0
hpmcounter7,jump,seed3,61,0.0
hpmcounter7,jump,seed3,62,0.0
hpmcounter7,jump,seed3,63,0.0
hpmcounter7,jump,seed3,64,0.0
hpmcounter7,jump,seed3,65,0.0
hpmcounter7,jump,seed3,66,0.0
hpmcounter7,jump,seed3,67,0.0
hpmcounter7,jump,seed3,68,0.0
hpmcounter7,jump,seed3,69,0.0
hpmcounter7,jump,seed3,70,0.0
hpmcounter7,jump,seed3,71,0.0
hpmcounter7,jump,seed3,72,0.0
hpmcounter7,jump,seed3,73,0.0
hpmcounter7,jump,seed3,74,0.0
hpmcounter7,jump,seed3,75,0.0
hpmcounter7,jump,seed3,76,0.0
hpmcounter7,jump,seed3,77,0.0
hpmcounter7,jump,seed3,78,0.0
hpmcounter7,jump,seed3,79,0.0
hpmcounter7,jump,seed3,80,0.0
hpmcounter7,jump,seed3,81,0.0
hpmcounter7,jump,seed3,82,0.0
hpmcounter7,jump,seed3,83,0.0
hpmcounter7,jump,seed3,84,0.0
hpmcounter7,jump,seed3,85,0.0
hpmcounter7,jump,seed3,86,0.0
hpmcounter7,jump,seed3,87,0.0
hpmcounter7,jump,seed3,88,0.0
hpmcounter7,jump,seed3,89,0.0
hpmcounter7,jump,seed3,90,0.0
hpmcounter7,jump,seed3,91,0.0
hpmcounter7,jump,seed3,92,0.0
hpmcounter7,jump,seed3,93,0.0
hpmcounter7,jump,seed3,94,0.0
hpmcounter7,jump,seed3,95,0.0
hpmcounter7,jump,seed3,96,0.0
hpmcounter7,jump,seed3,97,0.0
hpmcounter7,jump,seed3,98,0.0
hpmcounter7,jump,seed3,99,0.0
hpmcounter7,jump,seed3,100,0.0
hpmcounter7,jump,seed3,101,0.0
hpmcounter7,jump,seed3,102,0.0
hpmcounter7,jump,seed3,103,0.0
hpmcounter7,jump,seed3,104,0.0
hpmcounter7,jump,seed3,105,0.0
hpmcounter7,jump,seed3,106,0.0
hpmcounter7,jump,seed3,107,0.0
hpmcounter7,jump,seed3,108,0.0
hpmcounter7,jump,seed3,109,0.0
hpmcounter7,jump,seed3,110,0.0
hpmcounter7,jump,seed3,111,0.0
hpmcounter7,jump,seed3,112,0.0
hpmcounter7,jump,seed3,113,0.0
hpmcounter7,jump,seed3,114,0.0
hpmcounter7,jump,seed3,115,0.0
hpmcounter7,jump,seed3,116,0.0
hpmcounter7,jump,seed3,117,0.0
hpmcounter7,jump,seed3,118,0.0
hpmcounter7,jump,seed3,119,0.0
hpmcounter7,jump,seed3,120,0.0
hpmcounter7,jump,seed3,121,0.0
hpmcounter7,jump,seed3,122,0.0
hpmcounter7,jump,seed3,123,0.0
hpmcounter7,jump,seed3,124,0.0
hpmcounter7,jump,seed3,125,0.0
hpmcounter7,jump,seed3,126,0.0
hpmcounter7,jump,seed3,127,0.0
hpmcounter7,jump,seed3,128,0.0
hpmcounter7,jump,seed3,129,0.0
hpmcounter7,jump,seed3,130,0.0
hpmcounter7,jump,seed3,131,0.0
hpmcounter7,jump,seed3,132,0.0
hpmcounter7,jump,seed3,133,0.0
hpmcounter7,jump,seed3,134,0.0
hpmcounter7,jump,seed3,135,0.0
hpmcounter7,jump,seed3,136,0.0
hpmcounter7,jump,seed3,137,0.0
hpmcounter7,jump,seed3,138,0.0
hpmcounter7,jump,seed3,139,0.0
hpmcounter7,jump,seed3,140,0.0
hpmcounter7,jump,seed3,141,0.0
hpmcounter7,jump,seed3,142,0.0
hpmcounter7,jump,seed3,143,0.0
hpmcounter7,jump,seed3,144,0.0
hpmcounter7,jump,seed3,145,0.0
hpmcounter7,jump,seed3,146,0.0
hpmcounter7,jump,seed3,147,0.0
hpmcounter7,jump,seed3,148,0.0
hpmcounter7,jump,seed3,149,0.0
hpmcounter7,jump,seed3,150,0.0
hpmcounter7,jump,seed3,151,0.0
hpmcounter7,jump,seed3,152,0.0
hpmcounter7,jump,seed3,153,0.0
hpmcounter7,jump,seed3,154,0.0
hpmcounter7,jump,seed3,155,0.0
hpmcounter7,jump,seed3,156,0.0
hpmcounter7,jump,seed3,157,0.0
hpmcounter7,jump,seed3,158,0.0
hpmcounter7,jump,seed3,159,0.0
hpmcounter7,jump,seed3,160,0.0
hpmcounter7,jump,seed3,161,0.0
hpmcounter7,jump,seed3,162,0.0
hpmcounter7,jump,seed3,163,0.0
hpmcounter7,jump,seed3,164,0.0
hpmcounter7,jump,seed3,165,0.0
hpmcounter7,jump,seed3,166,0.0
hpmcounter7,jump,seed3,167,0.0
hpmcounter7,jump,seed3,168,0.0
hpmcounter7,jump,seed3,169,0.0
hpmcounter7,jump,seed3,170,0.0
hpmcounter7,jump,seed3,171,0.0
hpmcounter7,jump,seed3,172,0.0
hpmcounter7,jump,seed3,173,0.0
hpmcounter7,jump,seed3,174,0.0
hpmcounter7,jump,seed3,175,0.0
hpmcounter7,jump,seed3,176,0.0
hpmcounter7,jump,seed3,177,0.0
hpmcounter7,jump,seed3,178,0.0
hpmcounter7,jump,seed3,179,0.0
hpmcounter7,jump,seed3,180,0.0
hpmcounter7,jump,seed3,181,0.0
hpmcounter7,jump,seed3,182,0.0
hpmcounter7,jump,seed3,183,0.0
hpmcounter7,jump,seed3,184,0.0
hpmcounter7,jump,seed3,185,0.0
hpmcounter7,jump,seed3,186,0.0
hpmcounter7,jump,seed3,187,0.0
hpmcounter7,jump,seed3,188,0.0
hpmcounter7,jump,seed3,189,0.0
hpmcounter7,jump,seed3,190,0.0
hpmcounter7,jump,seed3,191,0.0
hpmcounter7,jump,seed3,192,0.0
hpmcounter7,jump,seed3,193,0.0
hpmcounter7,jump,seed3,194,0.0
hpmcounter7,jump,seed3,195,0.0
hpmcounter7,jump,seed3,196,0.0
hpmcounter7,jump,seed3,197,0.0
hpmcounter7,jump,seed3,198,0.0
hpmcounter7,jump,seed3,199,0.0
hpmcounter7,jump,seed3,200,0.0
hpmcounter7,jump,seed3,201,0.0
hpmcounter7,jump,seed3,202,0.0
hpmcounter7,jump,seed3,203,0.0
hpmcounter7,jump,seed3,204,0.0
hpmcounter7,jump,seed3,205,0.0
hpmcounter7,jump,seed3,206,0.0
hpmcounter7,jump,seed3,207,0.0
hpmcounter7,jump,seed3,208,0.0
hpmcounter7,jump,seed3,209,0.0
hpmcounter7,jump,seed3,210,0.0
hpmcounter7,jump,seed3,211,0.0
hpmcounter7,jump,seed3,212,0.0
hpmcounter7,jump,seed3,213,0.0
hpmcounter7,jump,seed3,214,0.0
hpmcounter7,jump,seed3,215,0.0
hpmcounter7,jump,seed3,216,0.0
hpmcounter7,jump,seed3,217,0.0
hpmcounter7,jump,seed3,218,0.0
hpmcounter7,jump,seed3,219,0.0
hpmcounter7,jump,seed3,220,0.0
hpmcounter7,jump,seed3,221,0.0
hpmcounter7,jump,seed3,222,0.0
hpmcounter7,jump,seed3,223,0.0
hpmcounter7,jump,seed3,224,0.0
hpmcounter7,jump,seed3,225,0.0
hpmcounter7,jump,seed3,226,0.0
hpmcounter7,jump,seed3,227,0.0
hpmcounter7,jump,seed3,228,0.0
hpmcounter7,jump,seed3,229,0.0
hpmcounter7,jump,seed3,230,0.0
hpmcounter7,jump,seed3,231,0.0
hpmcounter7,jump,seed3,232,0.0
hpmcounter7,jump,seed3,233,0.0
hpmcounter7,jump,seed3,234,0.0
hpmcounter7,jump,seed3,235,0.0
hpmcounter7,jump,seed3,236,0.0
hpmcounter7,jump,seed3,237,0.0
hpmcounter7,jump,seed3,238,0.0
hpmcounter7,jump,seed3,239,0.0
hpmcounter7,jump,seed3,240,0.0
hpmcounter7,jump,seed3,241,0.0
hpmcounter7,jump,seed3,242,0.0
hpmcounter7,jump,seed3,243,0.0
hpmcounter7,jump,seed3,244,0.0
hpmcounter7,jump,seed3,245,0.0
hpmcounter7,jump,seed3,246,0.0
hpmcounter7,jump,seed3,247,0.0
hpmcounter7,jump,seed3,248,0.0
hpmcounter7,jump,seed3,249,0.0
hpmcounter7,jump,seed3,250,0.0
hpmcounter7,jump,seed3,251,0.0
hpmcounter7,jump,seed3,252,0.0
hpmcounter7,jump,seed3,253,0.0
hpmcounter7,jump,seed3,254,0.0
hpmcounter7,jump,seed3,255,0.0
hpmcounter7,jump,seed3,256,0.0
hpmcounter7,jump,seed3,257,0.0
hpmcounter7,jump,seed3,258,0.0
hpmcounter7,jump,seed3,259,0.0
hpmcounter7,jump,seed3,260,0.0
hpmcounter7,jump,seed3,261,0.0
hpmcounter7,jump,seed3,262,0.0
hpmcounter7,jump,seed3,263,0.0
hpmcounter7,jump,seed3,264,0.0
hpmcounter7,jump,seed3,265,0.0
hpmcounter7,jump,seed3,266,0.0
hpmcounter7,jump,seed3,267,0.0
hpmcounter7,jump,seed3,268,0.0
hpmcounter7,jump,seed3,269,0.0
hpmcounter7,jump,seed3,270,0.0
hpmcounter7,jump,seed3,271,0.0
hpmcounter7,jump,seed3,272,0.0
hpmcounter7,jump,seed3,273,0.0
hpmcounter7,jump,seed3,274,0.0
hpmcounter7,jump,seed3,275,0.0
hpmcounter7,jump,seed3,276,0.0
hpmcounter7,jump,seed3,277,0.0
hpmcounter7,jump,seed3,278,0.0
hpmcounter7,jump,seed3,279,0.0
hpmcounter7,jump,seed3,280,0.0
hpmcounter7,jump,seed3,281,0.0
hpmcounter7,jump,seed3,282,0.0
hpmcounter7,jump,seed3,283,0.0
hpmcounter7,jump,seed3,284,0.0
hpmcounter7,jump,seed3,285,0.0
hpmcounter7,jump,seed3,286,0.0
hpmcounter7,jump,seed3,287,0.0
hpmcounter7,jump,seed3,288,0.0
hpmcounter7,jump,seed3,289,0.0
hpmcounter7,jump,seed3,290,0.0
hpmcounter7,jump,seed3,291,0.0
hpmcounter7,jump,seed3,292,0.0
hpmcounter7,jump,seed3,293,0.0
hpmcounter7,jump,seed3,294,0.0
hpmcounter7,jump,seed3,295,0.0
hpmcounter7,jump,seed3,296,0.0
hpmcounter7,jump,seed3,297,0.0
hpmcounter7,jump,seed3,298,0.0
hpmcounter7,jump,seed4,9,0.0
hpmcounter7,jump,seed4,10,0.0
hpmcounter7,jump,seed4,11,0.0
hpmcounter7,jump,seed4,12,0.0
hpmcounter7,jump,seed4,13,0.0
hpmcounter7,jump,seed4,14,0.0
hpmcounter7,jump,seed4,15,0.0
hpmcounter7,jump,seed4,16,0.0
hpmcounter7,jump,seed4,17,0.0
hpmcounter7,jump,seed4,18,0.0
hpmcounter7,jump,seed4,19,0.0
hpmcounter7,jump,seed4,20,0.0
hpmcounter7,jump,seed4,21,0.0
hpmcounter7,jump,seed4,22,0.0
hpmcounter7,jump,seed4,23,0.0
hpmcounter7,jump,seed4,24,0.0
hpmcounter7,jump,seed4,25,0.0
hpmcounter7,jump,seed4,26,0.0
hpmcounter7,jump,seed4,27,0.0
hpmcounter7,jump,seed4,28,0.0
hpmcounter7,jump,seed4,29,0.0
hpmcounter7,jump,seed4,30,0.0
hpmcounter7,jump,seed4,31,0.0
hpmcounter7,jump,seed4,32,0.0
hpmcounter7,jump,seed4,33,0.0
hpmcounter7,jump,seed4,34,0.0
hpmcounter7,jump,seed4,35,0.0
hpmcounter7,jump,seed4,36,0.0
hpmcounter7,jump,seed4,37,0.0
hpmcounter7,jump,seed4,38,0.0
hpmcounter7,jump,seed4,39,0.0
hpmcounter7,jump,seed4,40,0.0
hpmcounter7,jump,seed4,41,0.0
hpmcounter7,jump,seed4,42,0.0
hpmcounter7,jump,seed4,43,0.0
hpmcounter7,jump,seed4,44,0.0
hpmcounter7,jump,seed4,45,0.0
hpmcounter7,jump,seed4,46,0.0
hpmcounter7,jump,seed4,47,0.0
hpmcounter7,jump,seed4,48,0.0
hpmcounter7,jump,seed4,49,0.0
hpmcounter7,jump,seed4,50,0.0
hpmcounter7,jump,seed4,51,0.0
hpmcounter7,jump,seed4,52,0.0
hpmcounter7,jump,seed4,53,0.0
hpmcounter7,jump,seed4,54,0.0
hpmcounter7,jump,seed4,55,0.0
hpmcounter7,jump,seed4,56,0.0
hpmcounter7,jump,seed4,57,0.0
hpmcounter7,jump,seed4,58,0.0
hpmcounter7,jump,seed4,59,0.0
hpmcounter7,jump,seed4,60,0.0
hpmcounter7,jump,seed4,61,0.0
hpmcounter7,jump,seed4,62,0.0
hpmcounter7,jump,seed4,63,0.0
hpmcounter7,jump,seed4,64,0.0
hpmcounter7,jump,seed4,65,0.0
hpmcounter7,jump,seed4,66,0.0
hpmcounter7,jump,seed4,67,0.0
hpmcounter7,jump,seed4,68,0.0
hpmcounter7,jump,seed4,69,0.0
hpmcounter7,jump,seed4,70,0.0
hpmcounter7,jump,seed4,71,0.0
hpmcounter7,jump,seed4,72,0.0
hpmcounter7,jump,seed4,73,0.0
hpmcounter7,jump,seed4,74,0.0
hpmcounter7,jump,seed4,75,0.0
hpmcounter7,jump,seed4,76,0.0
hpmcounter7,jump,seed4,77,0.0
hpmcounter7,jump,seed4,78,0.0
hpmcounter7,jump,seed4,79,0.0
hpmcounter7,jump,seed4,80,0.0
hpmcounter7,jump,seed4,81,0.0
hpmcounter7,jump,seed4,82,0.0
hpmcounter7,jump,seed4,83,0.0
hpmcounter7,jump,seed4,84,0.0
hpmcounter7,jump,seed4,85,0.0
hpmcounter7,jump,seed4,86,0.0
hpmcounter7,jump,seed4,87,0.0
hpmcounter7,jump,seed4,88,0.0
hpmcounter7,jump,seed4,89,0.0
hpmcounter7,jump,seed4,90,0.0
hpmcounter7,jump,seed4,91,0.0
hpmcounter7,jump,seed4,92,0.0
hpmcounter7,jump,seed4,93,0.0
hpmcounter7,jump,seed4,94,0.0
hpmcounter7,jump,seed4,95,0.0
hpmcounter7,jump,seed4,96,0.0
hpmcounter7,jump,seed4,97,0.0
hpmcounter7,jump,seed4,98,0.0
hpmcounter7,jump,seed4,99,0.0
hpmcounter7,jump,seed4,100,0.0
hpmcounter7,jump,seed4,101,0.0
hpmcounter7,jump,seed4,102,0.0
hpmcounter7,jump,seed4,103,0.0
hpmcounter7,jump,seed4,104,0.0
hpmcounter7,jump,seed4,105,0.0
hpmcounter7,jump,seed4,106,0.0
hpmcounter7,jump,seed4,107,0.0
hpmcounter7,jump,seed4,108,0.0
hpmcounter7,jump,seed4,109,0.0
hpmcounter7,jump,seed4,110,0.0
hpmcounter7,jump,seed4,111,0.0
hpmcounter7,jump,seed4,112,0.0
hpmcounter7,jump,seed4,113,0.0
hpmcounter7,jump,seed4,114,0.0
hpmcounter7,jump,seed4,115,0.0
hpmcounter7,jump,seed4,116,0.0
hpmcounter7,jump,seed4,117,0.0
hpmcounter7,jump,seed4,118,0.0
hpmcounter7,jump,seed4,119,0.0
hpmcounter7,jump,seed4,120,0.0
hpmcounter7,jump,seed4,121,0.0
hpmcounter7,jump,seed4,122,0.0
hpmcounter7,jump,seed4,123,0.0
hpmcounter7,jump,seed4,124,0.0
hpmcounter7,jump,seed4,125,0.0
hpmcounter7,jump,seed4,126,0.0
hpmcounter7,jump,seed4,127,0.0
hpmcounter7,jump,seed4,128,0.0
hpmcounter7,jump,seed4,129,0.0
hpmcounter7,jump,seed4,130,0.0
hpmcounter7,jump,seed4,131,0.0
hpmcounter7,jump,seed4,132,0.0
hpmcounter7,jump,seed4,133,0.0
hpmcounter7,jump,seed4,134,0.0
hpmcounter7,jump,seed4,135,0.0
hpmcounter7,jump,seed4,136,0.0
hpmcounter7,jump,seed4,137,0.0
hpmcounter7,jump,seed4,138,0.0
hpmcounter7,jump,seed4,139,0.0
hpmcounter7,jump,seed4,140,0.0
hpmcounter7,jump,seed4,141,0.0
hpmcounter7,jump,seed4,142,0.0
hpmcounter7,jump,seed4,143,0.0
hpmcounter7,jump,seed4,144,0.0
hpmcounter7,jump,seed4,145,0.0
hpmcounter7,jump,seed4,146,0.0
hpmcounter7,jump,seed4,147,0.0
hpmcounter7,jump,seed4,148,0.0
hpmcounter7,jump,seed4,149,0.0
hpmcounter7,jump,seed4,150,0.0
hpmcounter7,jump,seed4,151,0.0
hpmcounter7,jump,seed4,152,0.0
hpmcounter7,jump,seed4,153,0.0
hpmcounter7,jump,seed4,154,0.0
hpmcounter7,jump,seed4,155,0.0
hpmcounter7,jump,seed4,156,0.0
hpmcounter7,jump,seed4,157,0.0
hpmcounter7,jump,seed4,158,0.0
hpmcounter7,jump,seed4,159,0.0
hpmcounter7,jump,seed4,160,0.0
hpmcounter7,jump,seed4,161,0.0
hpmcounter7,jump,seed4,162,0.0
hpmcounter7,jump,seed4,163,0.0
hpmcounter7,jump,seed4,164,0.0
hpmcounter7,jump,seed4,165,0.0
hpmcounter7,jump,seed4,166,0.0
hpmcounter7,jump,seed4,167,0.0
hpmcounter7,jump,seed4,168,0.0
hpmcounter7,jump,seed4,169,0.0
hpmcounter7,jump,seed4,170,0.0
hpmcounter7,jump,seed4,171,0.0
hpmcounter7,jump,seed4,172,0.0
hpmcounter7,jump,seed4,173,0.0
hpmcounter7,jump,seed4,174,0.0
hpmcounter7,jump,seed4,175,0.0
hpmcounter7,jump,seed4,176,0.0
hpmcounter7,jump,seed4,177,0.0
hpmcounter7,jump,seed4,178,0.0
hpmcounter7,jump,seed4,179,0.0
hpmcounter7,jump,seed4,180,0.0
hpmcounter7,jump,seed4,181,0.0
hpmcounter7,jump,seed4,182,0.0
hpmcounter7,jump,seed4,183,0.0
hpmcounter7,jump,seed4,184,0.0
hpmcounter7,jump,seed4,185,0.0
hpmcounter7,jump,seed4,186,0.0
hpmcounter7,jump,seed4,187,0.0
hpmcounter7,jump,seed4,188,0.0
hpmcounter7,jump,seed4,189,0.0
hpmcounter7,jump,seed4,190,0.0
hpmcounter7,jump,seed4,191,0.0
hpmcounter7,jump,seed4,192,0.0
hpmcounter7,jump,seed4,193,0.0
hpmcounter7,jump,seed4,194,0.0
hpmcounter7,jump,seed4,195,0.0
hpmcounter7,jump,seed4,196,0.0
hpmcounter7,jump,seed4,197,0.0
hpmcounter7,jump,seed4,198,0.0
hpmcounter7,jump,seed4,199,0.0
hpmcounter7,jump,seed4,200,0.0
hpmcounter7,jump,seed4,201,0.0
hpmcounter7,jump,seed4,202,0.0
hpmcounter7,jump,seed4,203,0.0
hpmcounter7,jump,seed4,204,0.0
hpmcounter7,jump,seed4,205,0.0
hpmcounter7,jump,seed4,206,0.0
hpmcounter7,jump,seed4,207,0.0
hpmcounter7,jump,seed4,208,0.0
hpmcounter7,jump,seed4,209,0.0
hpmcounter7,jump,seed4,210,0.0
hpmcounter7,jump,seed4,211,0.0
hpmcounter7,jump,seed4,212,0.0
hpmcounter7,jump,seed4,213,0.0
hpmcounter7,jump,seed4,214,0.0
hpmcounter7,jump,seed4,215,0.0
hpmcounter7,jump,seed4,216,0.0
hpmcounter7,jump,seed4,217,0.0
hpmcounter7,jump,seed4,218,0.0
hpmcounter7,jump,seed4,219,0.0
hpmcounter7,jump,seed4,220,0.0
hpmcounter7,jump,seed4,221,0.0
hpmcounter7,jump,seed4,222,0.0
hpmcounter7,jump,seed4,223,0.0
hpmcounter7,jump,seed4,224,0.0
hpmcounter7,jump,seed4,225,0.0
hpmcounter7,jump,seed4,226,0.0
hpmcounter7,jump,seed4,227,0.0
hpmcounter7,jump,seed4,228,0.0
hpmcounter7,jump,seed4,229,0.0
hpmcounter7,jump,seed4,230,0.0
hpmcounter7,jump,seed4,231,0.0
hpmcounter7,jump,seed4,232,0.0
hpmcounter7,jump,seed4,233,0.0
hpmcounter7,jump,seed4,234,0.0
hpmcounter7,jump,seed4,235,0.0
hpmcounter7,jump,seed4,236,0.0
hpmcounter7,jump,seed4,237,0.0
hpmcounter7,jump,seed4,238,0.0
hpmcounter7,jump,seed4,239,0.0
hpmcounter7,jump,seed4,240,0.0
hpmcounter7,jump,seed4,241,0.0
hpmcounter7,jump,seed4,242,0.0
hpmcounter7,jump,seed4,243,0.0
hpmcounter7,jump,seed4,244,0.0
hpmcounter7,jump,seed4,245,0.0
hpmcounter7,jump,seed4,246,0.0
hpmcounter7,jump,seed4,247,0.0
hpmcounter7,jump,seed4,248,0.0
hpmcounter7,jump,seed4,249,0.0
hpmcounter7,jump,seed4,250,0.0
hpmcounter7,jump,seed4,251,0.0
hpmcounter7,jump,seed4,252,0.0
hpmcounter7,jump,seed4,253,0.0
hpmcounter7,jump,seed4,254,0.0
hpmcounter7,jump,seed4,255,0.0
hpmcounter7,jump,seed4,256,0.0
hpmcounter7,jump,seed4,257,0.0
hpmcounter7,jump,seed4,258,0.0
hpmcounter7,jump,seed4,259,0.0
hpmcounter7,jump,seed4,260,0.0
hpmcounter7,jump,seed4,261,0.0
hpmcounter7,jump,seed4,262,0.0
hpmcounter7,jump,seed4,263,0.0
hpmcounter7,jump,seed4,264,0.0
hpmcounter7,jump,seed4,265,0.0
hpmcounter7,jump,seed4,266,0.0
hpmcounter7,jump,seed4,267,0.0
hpmcounter7,jump,seed4,268,0.0
hpmcounter7,jump,seed4,269,0.0
hpmcounter7,jump,seed4,270,0.0
hpmcounter7,jump,seed4,271,0.0
hpmcounter7,jump,seed4,272,0.0
hpmcounter7,jump,seed4,273,0.0
hpmcounter7,jump,seed4,274,0.0
hpmcounter7,jump,seed4,275,0.0
hpmcounter7,jump,seed4,276,0.0
hpmcounter7,jump,seed4,277,0.0
hpmcounter7,jump,seed4,278,0.0
hpmcounter7,jump,seed4,279,0.0
hpmcounter7,jump,seed4,280,0.0
hpmcounter7,jump,seed4,281,0.0
hpmcounter7,jump,seed4,282,0.0
hpmcounter7,jump,seed4,283,0.0
hpmcounter7,jump,seed4,284,0.0
hpmcounter7,jump,seed4,285,0.0
hpmcounter7,jump,seed4,286,0.0
hpmcounter7,jump,seed4,287,0.0
hpmcounter7,jump,seed4,288,0.0
hpmcounter7,jump,seed4,289,0.0
hpmcounter7,jump,seed4,290,0.0
hpmcounter7,jump,seed4,291,0.0
hpmcounter7,jump,seed4,292,0.0
hpmcounter7,jump,seed4,293,0.0
hpmcounter7,jump,seed4,294,0.0
hpmcounter7,jump,seed4,295,0.0
hpmcounter7,jump,seed4,296,0.0
hpmcounter7,jump,seed4,297,0.0
hpmcounter7,jump,seed4,298,0.0
hpmcounter7,jump,seed5,9,0.0
hpmcounter7,jump,seed5,10,0.0
hpmcounter7,jump,seed5,11,0.0
hpmcounter7,jump,seed5,12,0.0
hpmcounter7,jump,seed5,13,0.0
hpmcounter7,jump,seed5,14,0.0
hpmcounter7,jump,seed5,15,0.0
hpmcounter7,jump,seed5,16,0.0
hpmcounter7,jump,seed5,17,0.0
hpmcounter7,jump,seed5,18,0.0
hpmcounter7,jump,seed5,19,0.0
hpmcounter7,jump,seed5,20,0.0
hpmcounter7,jump,seed5,21,0.0
hpmcounter7,jump,seed5,22,0.0
hpmcounter7,jump,seed5,23,0.0
hpmcounter7,jump,seed5,24,0.0
hpmcounter7,jump,seed5,25,0.0
hpmcounter7,jump,seed5,26,0.0
hpmcounter7,jump,seed5,27,0.0
hpmcounter7,jump,seed5,28,0.0
hpmcounter7,jump,seed5,29,0.0
hpmcounter7,jump,seed5,30,0.0
hpmcounter7,jump,seed5,31,0.0
hpmcounter7,jump,seed5,32,0.0
hpmcounter7,jump,seed5,33,0.0
hpmcounter7,jump,seed5,34,0.0
hpmcounter7,jump,seed5,35,0.0
hpmcounter7,jump,seed5,36,0.0
hpmcounter7,jump,seed5,37,0.0
hpmcounter7,jump,seed5,38,0.0
hpmcounter7,jump,seed5,39,0.0
hpmcounter7,jump,seed5,40,0.0
hpmcounter7,jump,seed5,41,0.0
hpmcounter7,jump,seed5,42,0.0
hpmcounter7,jump,seed5,43,0.0
hpmcounter7,jump,seed5,44,0.0
hpmcounter7,jump,seed5,45,0.0
hpmcounter7,jump,seed5,46,0.0
hpmcounter7,jump,seed5,47,0.0
hpmcounter7,jump,seed5,48,0.0
hpmcounter7,jump,seed5,49,0.0
hpmcounter7,jump,seed5,50,0.0
hpmcounter7,jump,seed5,51,0.0
hpmcounter7,jump,seed5,52,0.0
hpmcounter7,jump,seed5,53,0.0
hpmcounter7,jump,seed5,54,0.0
hpmcounter7,jump,seed5,55,0.0
hpmcounter7,jump,seed5,56,0.0
hpmcounter7,jump,seed5,57,0.0
hpmcounter7,jump,seed5,58,0.0
hpmcounter7,jump,seed5,59,0.0
hpmcounter7,jump,seed5,60,0.0
hpmcounter7,jump,seed5,61,0.0
hpmcounter7,jump,seed5,62,0.0
hpmcounter7,jump,seed5,63,0.0
hpmcounter7,jump,seed5,64,0.0
hpmcounter7,jump,seed5,65,0.0
hpmcounter7,jump,seed5,66,0.0
hpmcounter7,jump,seed5,67,0.0
hpmcounter7,jump,seed5,68,0.0
hpmcounter7,jump,seed5,69,0.0
hpmcounter7,jump,seed5,70,0.0
hpmcounter7,jump,seed5,71,0.0
hpmcounter7,jump,seed5,72,0.0
hpmcounter7,jump,seed5,73,0.0
hpmcounter7,jump,seed5,74,0.0
hpmcounter7,jump,seed5,75,0.0
hpmcounter7,jump,seed5,76,0.0
hpmcounter7,jump,seed5,77,0.0
hpmcounter7,jump,seed5,78,0.0
hpmcounter7,jump,seed5,79,0.0
hpmcounter7,jump,seed5,80,0.0
hpmcounter7,jump,seed5,81,0.0
hpmcounter7,jump,seed5,82,0.0
hpmcounter7,jump,seed5,83,0.0
hpmcounter7,jump,seed5,84,0.0
hpmcounter7,jump,seed5,85,0.0
hpmcounter7,jump,seed5,86,0.0
hpmcounter7,jump,seed5,87,0.0
hpmcounter7,jump,seed5,88,0.0
hpmcounter7,jump,seed5,89,0.0
hpmcounter7,jump,seed5,90,0.0
hpmcounter7,jump,seed5,91,0.0
hpmcounter7,jump,seed5,92,0.0
hpmcounter7,jump,seed5,93,0.0
hpmcounter7,jump,seed5,94,0.0
hpmcounter7,jump,seed5,95,0.0
hpmcounter7,jump,seed5,96,0.0
hpmcounter7,jump,seed5,97,0.0
hpmcounter7,jump,seed5,98,0.0
hpmcounter7,jump,seed5,99,0.0
hpmcounter7,jump,seed5,100,0.0
hpmcounter7,jump,seed5,101,0.0
hpmcounter7,jump,seed5,102,0.0
hpmcounter7,jump,seed5,103,0.0
hpmcounter7,jump,seed5,104,0.0
hpmcounter7,jump,seed5,105,0.0
hpmcounter7,jump,seed5,106,0.0
hpmcounter7,jump,seed5,107,0.0
hpmcounter7,jump,seed5,108,0.0
hpmcounter7,jump,seed5,109,0.0
hpmcounter7,jump,seed5,110,0.0
hpmcounter7,jump,seed5,111,0.0
hpmcounter7,jump,seed5,112,0.0
hpmcounter7,jump,seed5,113,0.0
hpmcounter7,jump,seed5,114,0.0
hpmcounter7,jump,seed5,115,0.0
hpmcounter7,jump,seed5,116,0.0
hpmcounter7,jump,seed5,117,0.0
hpmcounter7,jump,seed5,118,0.0
hpmcounter7,jump,seed5,119,0.0
hpmcounter7,jump,seed5,120,0.0
hpmcounter7,jump,seed5,121,0.0
hpmcounter7,jump,seed5,122,0.0
hpmcounter7,jump,seed5,123,0.0
hpmcounter7,jump,seed5,124,0.0
hpmcounter7,jump,seed5,125,0.0
hpmcounter7,jump,seed5,126,0.0
hpmcounter7,jump,seed5,127,0.0
hpmcounter7,jump,seed5,128,0.0
hpmcounter7,jump,seed5,129,0.0
hpmcounter7,jump,seed5,130,0.0
hpmcounter7,jump,seed5,131,0.0
hpmcounter7,jump,seed5,132,0.0
hpmcounter7,jump,seed5,133,0.0
hpmcounter7,jump,seed5,134,0.0
hpmcounter7,jump,seed5,135,0.0
hpmcounter7,jump,seed5,136,0.0
hpmcounter7,jump,seed5,137,0.0
hpmcounter7,jump,seed5,138,0.0
hpmcounter7,jump,seed5,139,0.0
hpmcounter7,jump,seed5,140,0.0
hpmcounter7,jump,seed5,141,0.0
hpmcounter7,jump,seed5,142,0.0
hpmcounter7,jump,seed5,143,0.0
hpmcounter7,jump,seed5,144,0.0
hpmcounter7,jump,seed5,145,0.0
hpmcounter7,jump,seed5,146,0.0
hpmcounter7,jump,seed5,147,0.0
hpmcounter7,jump,seed5,148,0.0
hpmcounter7,jump,seed5,149,0.0
hpmcounter7,jump,seed5,150,0.0
hpmcounter7,jump,seed5,151,0.0
hpmcounter7,jump,seed5,152,0.0
hpmcounter7,jump,seed5,153,0.0
hpmcounter7,jump,seed5,154,0.0
hpmcounter7,jump,seed5,155,0.0
hpmcounter7,jump,seed5,156,0.0
hpmcounter7,jump,seed5,157,0.0
hpmcounter7,jump,seed5,158,0.0
hpmcounter7,jump,seed5,159,0.0
hpmcounter7,jump,seed5,160,0.0
hpmcounter7,jump,seed5,161,0.0
hpmcounter7,jump,seed5,162,0.0
hpmcounter7,jump,seed5,163,0.0
hpmcounter7,jump,seed5,164,0.0
hpmcounter7,jump,seed5,165,0.0
hpmcounter7,jump,seed5,166,0.0
hpmcounter7,jump,seed5,167,0.0
hpmcounter7,jump,seed5,168,0.0
hpmcounter7,jump,seed5,169,0.0
hpmcounter7,jump,seed5,170,0.0
hpmcounter7,jump,seed5,171,0.0
hpmcounter7,jump,seed5,172,0.0
hpmcounter7,jump,seed5,173,0.0
hpmcounter7,jump,seed5,174,0.0
hpmcounter7,jump,seed5,175,0.0
hpmcounter7,jump,seed5,176,0.0
hpmcounter7,jump,seed5,177,0.0
hpmcounter7,jump,seed5,178,0.0
hpmcounter7,jump,seed5,179,0.0
hpmcounter7,jump,seed5,180,0.0
hpmcounter7,jump,seed5,181,0.0
hpmcounter7,jump,seed5,182,0.0
hpmcounter7,jump,seed5,183,0.0
hpmcounter7,jump,seed5,184,0.0
hpmcounter7,jump,seed5,185,0.0
hpmcounter7,jump,seed5,186,0.0
hpmcounter7,jump,seed5,187,0.0
hpmcounter7,jump,seed5,188,0.0
hpmcounter7,jump,seed5,189,0.0
hpmcounter7,jump,seed5,190,0.0
hpmcounter7,jump,seed5,191,0.0
hpmcounter7,jump,seed5,192,0.0
hpmcounter7,jump,seed5,193,0.0
hpmcounter7,jump,seed5,194,0.0
hpmcounter7,jump,seed5,195,0.0
hpmcounter7,jump,seed5,196,0.0
hpmcounter7,jump,seed5,197,0.0
hpmcounter7,jump,seed5,198,0.0
hpmcounter7,jump,seed5,199,0.0
hpmcounter7,jump,seed5,200,0.0
hpmcounter7,jump,seed5,201,0.0
hpmcounter7,jump,seed5,202,0.0
hpmcounter7,jump,seed5,203,0.0
hpmcounter7,jump,seed5,204,0.0
hpmcounter7,jump,seed5,205,0.0
hpmcounter7,jump,seed5,206,0.0
hpmcounter7,jump,seed5,207,0.0
hpmcounter7,jump,seed5,208,0.0
hpmcounter7,jump,seed5,209,0.0
hpmcounter7,jump,seed5,210,0.0
hpmcounter7,jump,seed5,211,0.0
hpmcounter7,jump,seed5,212,0.0
hpmcounter7,jump,seed5,213,0.0
hpmcounter7,jump,seed5,214,0.0
hpmcounter7,jump,seed5,215,0.0
hpmcounter7,jump,seed5,216,0.0
hpmcounter7,jump,seed5,217,0.0
hpmcounter7,jump,seed5,218,0.0
hpmcounter7,jump,seed5,219,0.0
hpmcounter7,jump,seed5,220,0.0
hpmcounter7,jump,seed5,221,0.0
hpmcounter7,jump,seed5,222,0.0
hpmcounter7,jump,seed5,223,0.0
hpmcounter7,jump,seed5,224,0.0
hpmcounter7,jump,seed5,225,0.0
hpmcounter7,jump,seed5,226,0.0
hpmcounter7,jump,seed5,227,0.0
hpmcounter7,jump,seed5,228,0.0
hpmcounter7,jump,seed5,229,0.0
hpmcounter7,jump,seed5,230,0.0
hpmcounter7,jump,seed5,231,0.0
hpmcounter7,jump,seed5,232,0.0
hpmcounter7,jump,seed5,233,0.0
hpmcounter7,jump,seed5,234,0.0
hpmcounter7,jump,seed5,235,0.0
hpmcounter7,jump,seed5,236,0.0
hpmcounter7,jump,seed5,237,0.0
hpmcounter7,jump,seed5,238,0.0
hpmcounter7,jump,seed5,239,0.0
hpmcounter7,jump,seed5,240,0.0
hpmcounter7,jump,seed5,241,0.0
hpmcounter7,jump,seed5,242,0.0
hpmcounter7,jump,seed5,243,0.0
hpmcounter7,jump,seed5,244,0.0
hpmcounter7,jump,seed5,245,0.0
hpmcounter7,jump,seed5,246,0.0
hpmcounter7,jump,seed5,247,0.0
hpmcounter7,jump,seed5,248,0.0
hpmcounter7,jump,seed5,249,0.0
hpmcounter7,jump,seed5,250,0.0
hpmcounter7,jump,seed5,251,0.0
hpmcounter7,jump,seed5,252,0.0
hpmcounter7,jump,seed5,253,0.0
hpmcounter7,jump,seed5,254,0.0
hpmcounter7,jump,seed5,255,0.0
hpmcounter7,jump,seed5,256,0.0
hpmcounter7,jump,seed5,257,0.0
hpmcounter7,jump,seed5,258,0.0
hpmcounter7,jump,seed5,259,0.0
hpmcounter7,jump,seed5,260,0.0
hpmcounter7,jump,seed5,261,0.0
hpmcounter7,jump,seed5,262,0.0
hpmcounter7,jump,seed5,263,0.0
hpmcounter7,jump,seed5,264,0.0
hpmcounter7,jump,seed5,265,0.0
hpmcounter7,jump,seed5,266,0.0
hpmcounter7,jump,seed5,267,0.0
hpmcounter7,jump,seed5,268,0.0
hpmcounter7,jump,seed5,269,0.0
hpmcounter7,jump,seed5,270,0.0
hpmcounter7,jump,seed5,271,0.0
hpmcounter7,jump,seed5,272,0.0
hpmcounter7,jump,seed5,273,0.0
hpmcounter7,jump,seed5,274,0.0
hpmcounter7,jump,seed5,275,0.0
hpmcounter7,jump,seed5,276,0.0
hpmcounter7,jump,seed5,277,0.0
hpmcounter7,jump,seed5,278,0.0
hpmcounter7,jump,seed5,279,0.0
hpmcounter7,jump,seed5,280,0.0
hpmcounter7,jump,seed5,281,0.0
hpmcounter7,jump,seed5,282,0.0
hpmcounter7,jump,seed5,283,0.0
hpmcounter7,jump,seed5,284,0.0
hpmcounter7,jump,seed5,285,0.0
hpmcounter7,jump,seed5,286,0.0
hpmcounter7,jump,seed5,287,0.0
hpmcounter7,jump,seed5,288,0.0
hpmcounter7,jump,seed5,289,0.0
hpmcounter7,jump,seed5,290,0.0
hpmcounter7,jump,seed5,291,0.0
hpmcounter7,jump,seed5,292,0.0
hpmcounter7,jump,seed5,293,0.0
hpmcounter7,jump,seed5,294,0.0
hpmcounter7,jump,seed5,295,0.0
hpmcounter7,jump,seed5,296,0.0
hpmcounter7,jump,seed5,297,0.0
hpmcounter7,jump,seed5,298,0.0
hpmcounter7,jump,seed6,9,0.0
hpmcounter7,jump,seed6,10,0.0
hpmcounter7,jump,seed6,11,0.0
hpmcounter7,jump,seed6,12,0.0
hpmcounter7,jump,seed6,13,0.0
hpmcounter7,jump,seed6,14,0.0
hpmcounter7,jump,seed6,15,0.0
hpmcounter7,jump,seed6,16,0.0
hpmcounter7,jump,seed6,17,0.0
hpmcounter7,jump,seed6,18,0.0
hpmcounter7,jump,seed6,19,0.0
hpmcounter7,jump,seed6,20,0.0
hpmcounter7,jump,seed6,21,0.0
hpmcounter7,jump,seed6,22,0.0
hpmcounter7,jump,seed6,23,0.0
hpmcounter7,jump,seed6,24,0.0
hpmcounter7,jump,seed6,25,0.0
hpmcounter7,jump,seed6,26,0.0
hpmcounter7,jump,seed6,27,0.0
hpmcounter7,jump,seed6,28,0.0
hpmcounter7,jump,seed6,29,0.0
hpmcounter7,jump,seed6,30,0.0
hpmcounter7,jump,seed6,31,0.0
hpmcounter7,jump,seed6,32,0.0
hpmcounter7,jump,seed6,33,0.0
hpmcounter7,jump,seed6,34,0.0
hpmcounter7,jump,seed6,35,0.0
hpmcounter7,jump,seed6,36,0.0
hpmcounter7,jump,seed6,37,0.0
hpmcounter7,jump,seed6,38,0.0
hpmcounter7,jump,seed6,39,0.0
hpmcounter7,jump,seed6,40,0.0
hpmcounter7,jump,seed6,41,0.0
hpmcounter7,jump,seed6,42,0.0
hpmcounter7,jump,seed6,43,0.0
hpmcounter7,jump,seed6,44,0.0
hpmcounter7,jump,seed6,45,0.0
hpmcounter7,jump,seed6,46,0.0
hpmcounter7,jump,seed6,47,0.0
hpmcounter7,jump,seed6,48,0.0
hpmcounter7,jump,seed6,49,0.0
hpmcounter7,jump,seed6,50,0.0
hpmcounter7,jump,seed6,51,0.0
hpmcounter7,jump,seed6,52,0.0
hpmcounter7,jump,seed6,53,0.0
hpmcounter7,jump,seed6,54,0.0
hpmcounter7,jump,seed6,55,0.0
hpmcounter7,jump,seed6,56,0.0
hpmcounter7,jump,seed6,57,0.0
hpmcounter7,jump,seed6,58,0.0
hpmcounter7,jump,seed6,59,0.0
hpmcounter7,jump,seed6,60,0.0
hpmcounter7,jump,seed6,61,0.0
hpmcounter7,jump,seed6,62,0.0
hpmcounter7,jump,seed6,63,0.0
hpmcounter7,jump,seed6,64,0.0
hpmcounter7,jump,seed6,65,0.0
hpmcounter7,jump,seed6,66,0.0
hpmcounter7,jump,seed6,67,0.0
hpmcounter7,jump,seed6,68,0.0
hpmcounter7,jump,seed6,69,0.0
hpmcounter7,jump,seed6,70,0.0
hpmcounter7,jump,seed6,71,0.0
hpmcounter7,jump,seed6,72,0.0
hpmcounter7,jump,seed6,73,0.0
hpmcounter7,jump,seed6,74,0.0
hpmcounter7,jump,seed6,75,0.0
hpmcounter7,jump,seed6,76,0.0
hpmcounter7,jump,seed6,77,0.0
hpmcounter7,jump,seed6,78,0.0
hpmcounter7,jump,seed6,79,0.0
hpmcounter7,jump,seed6,80,0.0
hpmcounter7,jump,seed6,81,0.0
hpmcounter7,jump,seed6,82,0.0
hpmcounter7,jump,seed6,83,0.0
hpmcounter7,jump,seed6,84,0.0
hpmcounter7,jump,seed6,85,0.0
hpmcounter7,jump,seed6,86,0.0
hpmcounter7,jump,seed6,87,0.0
hpmcounter7,jump,seed6,88,0.0
hpmcounter7,jump,seed6,89,0.0
hpmcounter7,jump,seed6,90,0.0
hpmcounter7,jump,seed6,91,0.0
hpmcounter7,jump,seed6,92,0.0
hpmcounter7,jump,seed6,93,0.0
hpmcounter7,jump,seed6,94,0.0
hpmcounter7,jump,seed6,95,0.0
hpmcounter7,jump,seed6,96,0.0
hpmcounter7,jump,seed6,97,0.0
hpmcounter7,jump,seed6,98,0.0
hpmcounter7,jump,seed6,99,0.0
hpmcounter7,jump,seed6,100,0.0
hpmcounter7,jump,seed6,101,0.0
hpmcounter7,jump,seed6,102,0.0
hpmcounter7,jump,seed6,103,0.0
hpmcounter7,jump,seed6,104,0.0
hpmcounter7,jump,seed6,105,0.0
hpmcounter7,jump,seed6,106,0.0
hpmcounter7,jump,seed6,107,0.0
hpmcounter7,jump,seed6,108,0.0
hpmcounter7,jump,seed6,109,0.0
hpmcounter7,jump,seed6,110,0.0
hpmcounter7,jump,seed6,111,0.0
hpmcounter7,jump,seed6,112,0.0
hpmcounter7,jump,seed6,113,0.0
hpmcounter7,jump,seed6,114,0.0
hpmcounter7,jump,seed6,115,0.0
hpmcounter7,jump,seed6,116,0.0
hpmcounter7,jump,seed6,117,0.0
hpmcounter7,jump,seed6,118,0.0
hpmcounter7,jump,seed6,119,0.0
hpmcounter7,jump,seed6,120,0.0
hpmcounter7,jump,seed6,121,0.0
hpmcounter7,jump,seed6,122,0.0
hpmcounter7,jump,seed6,123,0.0
hpmcounter7,jump,seed6,124,0.0
hpmcounter7,jump,seed6,125,0.0
hpmcounter7,jump,seed6,126,0.0
hpmcounter7,jump,seed6,127,0.0
hpmcounter7,jump,seed6,128,0.0
hpmcounter7,jump,seed6,129,0.0
hpmcounter7,jump,seed6,130,0.0
hpmcounter7,jump,seed6,131,0.0
hpmcounter7,jump,seed6,132,0.0
hpmcounter7,jump,seed6,133,0.0
hpmcounter7,jump,seed6,134,0.0
hpmcounter7,jump,seed6,135,0.0
hpmcounter7,jump,seed6,136,0.0
hpmcounter7,jump,seed6,137,0.0
hpmcounter7,jump,seed6,138,0.0
hpmcounter7,jump,seed6,139,0.0
hpmcounter7,jump,seed6,140,0.0
hpmcounter7,jump,seed6,141,0.0
hpmcounter7,jump,seed6,142,0.0
hpmcounter7,jump,seed6,143,0.0
hpmcounter7,jump,seed6,144,0.0
hpmcounter7,jump,seed6,145,0.0
hpmcounter7,jump,seed6,146,0.0
hpmcounter7,jump,seed6,147,0.0
hpmcounter7,jump,seed6,148,0.0
hpmcounter7,jump,seed6,149,0.0
hpmcounter7,jump,seed6,150,0.0
hpmcounter7,jump,seed6,151,0.0
hpmcounter7,jump,seed6,152,0.0
hpmcounter7,jump,seed6,153,0.0
hpmcounter7,jump,seed6,154,0.0
hpmcounter7,jump,seed6,155,0.0
hpmcounter7,jump,seed6,156,0.0
hpmcounter7,jump,seed6,157,0.0
hpmcounter7,jump,seed6,158,0.0
hpmcounter7,jump,seed6,159,0.0
hpmcounter7,jump,seed6,160,0.0
hpmcounter7,jump,seed6,161,0.0
hpmcounter7,jump,seed6,162,0.0
hpmcounter7,jump,seed6,163,0.0
hpmcounter7,jump,seed6,164,0.0
hpmcounter7,jump,seed6,165,0.0
hpmcounter7,jump,seed6,166,0.0
hpmcounter7,jump,seed6,167,0.0
hpmcounter7,jump,seed6,168,0.0
hpmcounter7,jump,seed6,169,0.0
hpmcounter7,jump,seed6,170,0.0
hpmcounter7,jump,seed6,171,0.0
hpmcounter7,jump,seed6,172,0.0
hpmcounter7,jump,seed6,173,0.0
hpmcounter7,jump,seed6,174,0.0
hpmcounter7,jump,seed6,175,0.0
hpmcounter7,jump,seed6,176,0.0
hpmcounter7,jump,seed6,177,0.0
hpmcounter7,jump,seed6,178,0.0
hpmcounter7,jump,seed6,179,0.0
hpmcounter7,jump,seed6,180,0.0
hpmcounter7,jump,seed6,181,0.0
hpmcounter7,jump,seed6,182,0.0
hpmcounter7,jump,seed6,183,0.0
hpmcounter7,jump,seed6,184,0.0
hpmcounter7,jump,seed6,185,0.0
hpmcounter7,jump,seed6,186,0.0
hpmcounter7,jump,seed6,187,0.0
hpmcounter7,jump,seed6,188,0.0
hpmcounter7,jump,seed6,189,0.0
hpmcounter7,jump,seed6,190,0.0
hpmcounter7,jump,seed6,191,0.0
hpmcounter7,jump,seed6,192,0.0
hpmcounter7,jump,seed6,193,0.0
hpmcounter7,jump,seed6,194,0.0
hpmcounter7,jump,seed6,195,0.0
hpmcounter7,jump,seed6,196,0.0
hpmcounter7,jump,seed6,197,0.0
hpmcounter7,jump,seed6,198,0.0
hpmcounter7,jump,seed6,199,0.0
hpmcounter7,jump,seed6,200,0.0
hpmcounter7,jump,seed6,201,0.0
hpmcounter7,jump,seed6,202,0.0
hpmcounter7,jump,seed6,203,0.0
hpmcounter7,jump,seed6,204,0.0
hpmcounter7,jump,seed6,205,0.0
hpmcounter7,jump,seed6,206,0.0
hpmcounter7,jump,seed6,207,0.0
hpmcounter7,jump,seed6,208,0.0
hpmcounter7,jump,seed6,209,0.0
hpmcounter7,jump,seed6,210,0.0
hpmcounter7,jump,seed6,211,0.0
hpmcounter7,jump,seed6,212,0.0
hpmcounter7,jump,seed6,213,0.0
hpmcounter7,jump,seed6,214,0.0
hpmcounter7,jump,seed6,215,0.0
hpmcounter7,jump,seed6,216,0.0
hpmcounter7,jump,seed6,217,0.0
hpmcounter7,jump,seed6,218,0.0
hpmcounter7,jump,seed6,219,0.0
hpmcounter7,jump,seed6,220,0.0
hpmcounter7,jump,seed6,221,0.0
hpmcounter7,jump,seed6,222,0.0
hpmcounter7,jump,seed6,223,0.0
hpmcounter7,jump,seed6,224,0.0
hpmcounter7,jump,seed6,225,0.0
hpmcounter7,jump,seed6,226,0.0
hpmcounter7,jump,seed6,227,0.0
hpmcounter7,jump,seed6,228,0.0
hpmcounter7,jump,seed6,229,0.0
hpmcounter7,jump,seed6,230,0.0
hpmcounter7,jump,seed6,231,0.0
hpmcounter7,jump,seed6,232,0.0
hpmcounter7,jump,seed6,233,0.0
hpmcounter7,jump,seed6,234,0.0
hpmcounter7,jump,seed6,235,0.0
hpmcounter7,jump,seed6,236,0.0
hpmcounter7,jump,seed6,237,0.0
hpmcounter7,jump,seed6,238,0.0
hpmcounter7,jump,seed6,239,0.0
hpmcounter7,jump,seed6,240,0.0
hpmcounter7,jump,seed6,241,0.0
hpmcounter7,jump,seed6,242,0.0
hpmcounter7,jump,seed6,243,0.0
hpmcounter7,jump,seed6,244,0.0
hpmcounter7,jump,seed6,245,0.0
hpmcounter7,jump,seed6,246,0.0
hpmcounter7,jump,seed6,247,0.0
hpmcounter7,jump,seed6,248,0.0
hpmcounter7,jump,seed6,249,0.0
hpmcounter7,jump,seed6,250,0.0
hpmcounter7,jump,seed6,251,0.0
hpmcounter7,jump,seed6,252,0.0
hpmcounter7,jump,seed6,253,0.0
hpmcounter7,jump,seed6,254,0.0
hpmcounter7,jump,seed6,255,0.0
hpmcounter7,jump,seed6,256,0.0
hpmcounter7,jump,seed6,257,0.0
hpmcounter7,jump,seed6,258,0.0
hpmcounter7,jump,seed6,259,0.0
hpmcounter7,jump,seed6,260,0.0
hpmcounter7,jump,seed6,261,0.0
hpmcounter7,jump,seed6,262,0.0
hpmcounter7,jump,seed6,263,0.0
hpmcounter7,jump,seed6,264,0.0
hpmcounter7,jump,seed6,265,0.0
hpmcounter7,jump,seed6,266,0.0
hpmcounter7,jump,seed6,267,0.0
hpmcounter7,jump,seed6,268,0.0
hpmcounter7,jump,seed6,269,0.0
hpmcounter7,jump,seed6,270,0.0
hpmcounter7,jump,seed6,271,0.0
hpmcounter7,jump,seed6,272,0.0
hpmcounter7,jump,seed6,273,0.0
hpmcounter7,jump,seed6,274,0.0
hpmcounter7,jump,seed6,275,0.0
hpmcounter7,jump,seed6,276,0.0
hpmcounter7,jump,seed6,277,0.0
hpmcounter7,jump,seed6,278,0.0
hpmcounter7,jump,seed6,279,0.0
hpmcounter7,jump,seed6,280,0.0
hpmcounter7,jump,seed6,281,0.0
hpmcounter7,jump,seed6,282,0.0
hpmcounter7,jump,seed6,283,0.0
hpmcounter7,jump,seed6,284,0.0
hpmcounter7,jump,seed6,285,0.0
hpmcounter7,jump,seed6,286,0.0
hpmcounter7,jump,seed6,287,0.0
hpmcounter7,jump,seed6,288,0.0
hpmcounter7,jump,seed6,289,0.0
hpmcounter7,jump,seed6,290,0.0
hpmcounter7,jump,seed6,291,0.0
hpmcounter7,jump,seed6,292,0.0
hpmcounter7,jump,seed6,293,0.0
hpmcounter7,jump,seed6,294,0.0
hpmcounter7,jump,seed6,295,0.0
hpmcounter7,jump,seed6,296,0.0
hpmcounter7,jump,seed6,297,0.0
hpmcounter7,jump,seed6,298,0.0
hpmcounter7,jump,seed7,9,0.0
hpmcounter7,jump,seed7,10,0.0
hpmcounter7,jump,seed7,11,0.0
hpmcounter7,jump,seed7,12,0.0
hpmcounter7,jump,seed7,13,0.0
hpmcounter7,jump,seed7,14,0.0
hpmcounter7,jump,seed7,15,0.0
hpmcounter7,jump,seed7,16,0.0
hpmcounter7,jump,seed7,17,0.0
hpmcounter7,jump,seed7,18,0.0
hpmcounter7,jump,seed7,19,0.0
hpmcounter7,jump,seed7,20,0.0
hpmcounter7,jump,seed7,21,0.0
hpmcounter7,jump,seed7,22,0.0
hpmcounter7,jump,seed7,23,0.0
hpmcounter7,jump,seed7,24,0.0
hpmcounter7,jump,seed7,25,0.0
hpmcounter7,jump,seed7,26,0.0
hpmcounter7,jump,seed7,27,0.0
hpmcounter7,jump,seed7,28,0.0
hpmcounter7,jump,seed7,29,0.0
hpmcounter7,jump,seed7,30,0.0
hpmcounter7,jump,seed7,31,0.0
hpmcounter7,jump,seed7,32,0.0
hpmcounter7,jump,seed7,33,0.0
hpmcounter7,jump,seed7,34,0.0
hpmcounter7,jump,seed7,35,0.0
hpmcounter7,jump,seed7,36,0.0
hpmcounter7,jump,seed7,37,0.0
hpmcounter7,jump,seed7,38,0.0
hpmcounter7,jump,seed7,39,0.0
hpmcounter7,jump,seed7,40,0.0
hpmcounter7,jump,seed7,41,0.0
hpmcounter7,jump,seed7,42,0.0
hpmcounter7,jump,seed7,43,0.0
hpmcounter7,jump,seed7,44,0.0
hpmcounter7,jump,seed7,45,0.0
hpmcounter7,jump,seed7,46,0.0
hpmcounter7,jump,seed7,47,0.0
hpmcounter7,jump,seed7,48,0.0
hpmcounter7,jump,seed7,49,0.0
hpmcounter7,jump,seed7,50,0.0
hpmcounter7,jump,seed7,51,0.0
hpmcounter7,jump,seed7,52,0.0
hpmcounter7,jump,seed7,53,0.0
hpmcounter7,jump,seed7,54,0.0
hpmcounter7,jump,seed7,55,0.0
hpmcounter7,jump,seed7,56,0.0
hpmcounter7,jump,seed7,57,0.0
hpmcounter7,jump,seed7,58,0.0
hpmcounter7,jump,seed7,59,0.0
hpmcounter7,jump,seed7,60,0.0
hpmcounter7,jump,seed7,61,0.0
hpmcounter7,jump,seed7,62,0.0
hpmcounter7,jump,seed7,63,0.0
hpmcounter7,jump,seed7,64,0.0
hpmcounter7,jump,seed7,65,0.0
hpmcounter7,jump,seed7,66,0.0
hpmcounter7,jump,seed7,67,0.0
hpmcounter7,jump,seed7,68,0.0
hpmcounter7,jump,seed7,69,0.0
hpmcounter7,jump,seed7,70,0.0
hpmcounter7,jump,seed7,71,0.0
hpmcounter7,jump,seed7,72,0.0
hpmcounter7,jump,seed7,73,0.0
hpmcounter7,jump,seed7,74,0.0
hpmcounter7,jump,seed7,75,0.0
hpmcounter7,jump,seed7,76,0.0
hpmcounter7,jump,seed7,77,0.0
hpmcounter7,jump,seed7,78,0.0
hpmcounter7,jump,seed7,79,0.0
hpmcounter7,jump,seed7,80,0.0
hpmcounter7,jump,seed7,81,0.0
hpmcounter7,jump,seed7,82,0.0
hpmcounter7,jump,seed7,83,0.0
hpmcounter7,jump,seed7,84,0.0
hpmcounter7,jump,seed7,85,0.0
hpmcounter7,jump,seed7,86,0.0
hpmcounter7,jump,seed7,87,0.0
hpmcounter7,jump,seed7,88,0.0
hpmcounter7,jump,seed7,89,0.0
hpmcounter7,jump,seed7,90,0.0
hpmcounter7,jump,seed7,91,0.0
hpmcounter7,jump,seed7,92,0.0
hpmcounter7,jump,seed7,93,0.0
hpmcounter7,jump,seed7,94,0.0
hpmcounter7,jump,seed7,95,0.0
hpmcounter7,jump,seed7,96,0.0
hpmcounter7,jump,seed7,97,0.0
hpmcounter7,jump,seed7,98,0.0
hpmcounter7,jump,seed7,99,0.0
hpmcounter7,jump,seed7,100,0.0
hpmcounter7,jump,seed7,101,0.0
hpmcounter7,jump,seed7,102,0.0
hpmcounter7,jump,seed7,103,0.0
hpmcounter7,jump,seed7,104,0.0
hpmcounter7,jump,seed7,105,0.0
hpmcounter7,jump,seed7,106,0.0
hpmcounter7,jump,seed7,107,0.0
hpmcounter7,jump,seed7,108,0.0
hpmcounter7,jump,seed7,109,0.0
hpmcounter7,jump,seed7,110,0.0
hpmcounter7,jump,seed7,111,0.0
hpmcounter7,jump,seed7,112,0.0
hpmcounter7,jump,seed7,113,0.0
hpmcounter7,jump,seed7,114,0.0
hpmcounter7,jump,seed7,115,0.0
hpmcounter7,jump,seed7,116,0.0
hpmcounter7,jump,seed7,117,0.0
hpmcounter7,jump,seed7,118,0.0
hpmcounter7,jump,seed7,119,0.0
hpmcounter7,jump,seed7,120,0.0
hpmcounter7,jump,seed7,121,0.0
hpmcounter7,jump,seed7,122,0.0
hpmcounter7,jump,seed7,123,0.0
hpmcounter7,jump,seed7,124,0.0
hpmcounter7,jump,seed7,125,0.0
hpmcounter7,jump,seed7,126,0.0
hpmcounter7,jump,seed7,127,0.0
hpmcounter7,jump,seed7,128,0.0
hpmcounter7,jump,seed7,129,0.0
hpmcounter7,jump,seed7,130,0.0
hpmcounter7,jump,seed7,131,0.0
hpmcounter7,jump,seed7,132,0.0
hpmcounter7,jump,seed7,133,0.0
hpmcounter7,jump,seed7,134,0.0
hpmcounter7,jump,seed7,135,0.0
hpmcounter7,jump,seed7,136,0.0
hpmcounter7,jump,seed7,137,0.0
hpmcounter7,jump,seed7,138,0.0
hpmcounter7,jump,seed7,139,0.0
hpmcounter7,jump,seed7,140,0.0
hpmcounter7,jump,seed7,141,0.0
hpmcounter7,jump,seed7,142,0.0
hpmcounter7,jump,seed7,143,0.0
hpmcounter7,jump,seed7,144,0.0
hpmcounter7,jump,seed7,145,0.0
hpmcounter7,jump,seed7,146,0.0
hpmcounter7,jump,seed7,147,0.0
hpmcounter7,jump,seed7,148,0.0
hpmcounter7,jump,seed7,149,0.0
hpmcounter7,jump,seed7,150,0.0
hpmcounter7,jump,seed7,151,0.0
hpmcounter7,jump,seed7,152,0.0
hpmcounter7,jump,seed7,153,0.0
hpmcounter7,jump,seed7,154,0.0
hpmcounter7,jump,seed7,155,0.0
hpmcounter7,jump,seed7,156,0.0
hpmcounter7,jump,seed7,157,0.0
hpmcounter7,jump,seed7,158,0.0
hpmcounter7,jump,seed7,159,0.0
hpmcounter7,jump,seed7,160,0.0
hpmcounter7,jump,seed7,161,0.0
hpmcounter7,jump,seed7,162,0.0
hpmcounter7,jump,seed7,163,0.0
hpmcounter7,jump,seed7,164,0.0
hpmcounter7,jump,seed7,165,0.0
hpmcounter7,jump,seed7,166,0.0
hpmcounter7,jump,seed7,167,0.0
hpmcounter7,jump,seed7,168,0.0
hpmcounter7,jump,seed7,169,0.0
hpmcounter7,jump,seed7,170,0.0
hpmcounter7,jump,seed7,171,0.0
hpmcounter7,jump,seed7,172,0.0
hpmcounter7,jump,seed7,173,0.0
hpmcounter7,jump,seed7,174,0.0
hpmcounter7,jump,seed7,175,0.0
hpmcounter7,jump,seed7,176,0.0
hpmcounter7,jump,seed7,177,0.0
hpmcounter7,jump,seed7,178,0.0
hpmcounter7,jump,seed7,179,0.0
hpmcounter7,jump,seed7,180,0.0
hpmcounter7,jump,seed7,181,0.0
hpmcounter7,jump,seed7,182,0.0
hpmcounter7,jump,seed7,183,0.0
hpmcounter7,jump,seed7,184,0.0
hpmcounter7,jump,seed7,185,0.0
hpmcounter7,jump,seed7,186,0.0
hpmcounter7,jump,seed7,187,0.0
hpmcounter7,jump,seed7,188,0.0
hpmcounter7,jump,seed7,189,0.0
hpmcounter7,jump,seed7,190,0.0
hpmcounter7,jump,seed7,191,0.0
hpmcounter7,jump,seed7,192,0.0
hpmcounter7,jump,seed7,193,0.0
hpmcounter7,jump,seed7,194,0.0
hpmcounter7,jump,seed7,195,0.0
hpmcounter7,jump,seed7,196,0.0
hpmcounter7,jump,seed7,197,0.0
hpmcounter7,jump,seed7,198,0.0
hpmcounter7,jump,seed7,199,0.0
hpmcounter7,jump,seed7,200,0.0
hpmcounter7,jump,seed7,201,0.0
hpmcounter7,jump,seed7,202,0.0
hpmcounter7,jump,seed7,203,0.0
hpmcounter7,jump,seed7,204,0.0
hpmcounter7,jump,seed7,205,0.0
hpmcounter7,jump,seed7,206,0.0
hpmcounter7,jump,seed7,207,0.0
hpmcounter7,jump,seed7,208,0.0
hpmcounter7,jump,seed7,209,0.0
hpmcounter7,jump,seed7,210,0.0
hpmcounter7,jump,seed7,211,0.0
hpmcounter7,jump,seed7,212,0.0
hpmcounter7,jump,seed7,213,0.0
hpmcounter7,jump,seed7,214,0.0
hpmcounter7,jump,seed7,215,0.0
hpmcounter7,jump,seed7,216,0.0
hpmcounter7,jump,seed7,217,0.0
hpmcounter7,jump,seed7,218,0.0
hpmcounter7,jump,seed7,219,0.0
hpmcounter7,jump,seed7,220,0.0
hpmcounter7,jump,seed7,221,0.0
hpmcounter7,jump,seed7,222,0.0
hpmcounter7,jump,seed7,223,0.0
hpmcounter7,jump,seed7,224,0.0
hpmcounter7,jump,seed7,225,0.0
hpmcounter7,jump,seed7,226,0.0
hpmcounter7,jump,seed7,227,0.0
hpmcounter7,jump,seed7,228,0.0
hpmcounter7,jump,seed7,229,0.0
hpmcounter7,jump,seed7,230,0.0
hpmcounter7,jump,seed7,231,0.0
hpmcounter7,jump,seed7,232,0.0
hpmcounter7,jump,seed7,233,0.0
hpmcounter7,jump,seed7,234,0.0
hpmcounter7,jump,seed7,235,0.0
hpmcounter7,jump,seed7,236,0.0
hpmcounter7,jump,seed7,237,0.0
hpmcounter7,jump,seed7,238,0.0
hpmcounter7,jump,seed7,239,0.0
hpmcounter7,jump,seed7,240,0.0
hpmcounter7,jump,seed7,241,0.0
hpmcounter7,jump,seed7,242,0.0
hpmcounter7,jump,seed7,243,0.0
hpmcounter7,jump,seed7,244,0.0
hpmcounter7,jump,seed7,245,0.0
hpmcounter7,jump,seed7,246,0.0
hpmcounter7,jump,seed7,247,0.0
hpmcounter7,jump,seed7,248,0.0
hpmcounter7,jump,seed7,249,0.0
hpmcounter7,jump,seed7,250,0.0
hpmcounter7,jump,seed7,251,0.0
hpmcounter7,jump,seed7,252,0.0
hpmcounter7,jump,seed7,253,0.0
hpmcounter7,jump,seed7,254,0.0
hpmcounter7,jump,seed7,255,0.0
hpmcounter7,jump,seed7,256,0.0
hpmcounter7,jump,seed7,257,0.0
hpmcounter7,jump,seed7,258,0.0
hpmcounter7,jump,seed7,259,0.0
hpmcounter7,jump,seed7,260,0.0
hpmcounter7,jump,seed7,261,0.0
hpmcounter7,jump,seed7,262,0.0
hpmcounter7,jump,seed7,263,0.0
hpmcounter7,jump,seed7,264,0.0
hpmcounter7,jump,seed7,265,0.0
hpmcounter7,jump,seed7,266,0.0
hpmcounter7,jump,seed7,267,0.0
hpmcounter7,jump,seed7,268,0.0
hpmcounter7,jump,seed7,269,0.0
hpmcounter7,jump,seed7,270,0.0
hpmcounter7,jump,seed7,271,0.0
hpmcounter7,jump,seed7,272,0.0
hpmcounter7,jump,seed7,273,0.0
hpmcounter7,jump,seed7,274,0.0
hpmcounter7,jump,seed7,275,0.0
hpmcounter7,jump,seed7,276,0.0
hpmcounter7,jump,seed7,277,0.0
hpmcounter7,jump,seed7,278,0.0
hpmcounter7,jump,seed7,279,0.0
hpmcounter7,jump,seed7,280,0.0
hpmcounter7,jump,seed7,281,0.0
hpmcounter7,jump,seed7,282,0.0
hpmcounter7,jump,seed7,283,0.0
hpmcounter7,jump,seed7,284,0.0
hpmcounter7,jump,seed7,285,0.0
hpmcounter7,jump,seed7,286,0.0
hpmcounter7,jump,seed7,287,0.0
hpmcounter7,jump,seed7,288,0.0
hpmcounter7,jump,seed7,289,0.0
hpmcounter7,jump,seed7,290,0.0
hpmcounter7,jump,seed7,291,0.0
hpmcounter7,jump,seed7,292,0.0
hpmcounter7,jump,seed7,293,0.0
hpmcounter7,jump,seed7,294,0.0
hpmcounter7,jump,seed7,295,0.0
hpmcounter7,jump,seed7,296,0.0
hpmcounter7,jump,seed7,297,0.0
hpmcounter7,jump,seed7,298,0.0
hpmcounter7,jump,seed8,9,0.0
hpmcounter7,jump,seed8,10,0.0
hpmcounter7,jump,seed8,11,0.0
hpmcounter7,jump,seed8,12,0.0
hpmcounter7,jump,seed8,13,0.0
hpmcounter7,jump,seed8,14,0.0
hpmcounter7,jump,seed8,15,0.0
hpmcounter7,jump,seed8,16,0.0
hpmcounter7,jump,seed8,17,0.0
hpmcounter7,jump,seed8,18,0.0
hpmcounter7,jump,seed8,19,0.0
hpmcounter7,jump,seed8,20,0.0
hpmcounter7,jump,seed8,21,0.0
hpmcounter7,jump,seed8,22,0.0
hpmcounter7,jump,seed8,23,0.0
hpmcounter7,jump,seed8,24,0.0
hpmcounter7,jump,seed8,25,0.0
hpmcounter7,jump,seed8,26,0.0
hpmcounter7,jump,seed8,27,0.0
hpmcounter7,jump,seed8,28,0.0
hpmcounter7,jump,seed8,29,0.0
hpmcounter7,jump,seed8,30,0.0
hpmcounter7,jump,seed8,31,0.0
hpmcounter7,jump,seed8,32,0.0
hpmcounter7,jump,seed8,33,0.0
hpmcounter7,jump,seed8,34,0.0
hpmcounter7,jump,seed8,35,0.0
hpmcounter7,jump,seed8,36,0.0
hpmcounter7,jump,seed8,37,0.0
hpmcounter7,jump,seed8,38,0.0
hpmcounter7,jump,seed8,39,0.0
hpmcounter7,jump,seed8,40,0.0
hpmcounter7,jump,seed8,41,0.0
hpmcounter7,jump,seed8,42,0.0
hpmcounter7,jump,seed8,43,0.0
hpmcounter7,jump,seed8,44,0.0
hpmcounter7,jump,seed8,45,0.0
hpmcounter7,jump,seed8,46,0.0
hpmcounter7,jump,seed8,47,0.0
hpmcounter7,jump,seed8,48,0.0
hpmcounter7,jump,seed8,49,0.0
hpmcounter7,jump,seed8,50,0.0
hpmcounter7,jump,seed8,51,0.0
hpmcounter7,jump,seed8,52,0.0
hpmcounter7,jump,seed8,53,0.0
hpmcounter7,jump,seed8,54,0.0
hpmcounter7,jump,seed8,55,0.0
hpmcounter7,jump,seed8,56,0.0
hpmcounter7,jump,seed8,57,0.0
hpmcounter7,jump,seed8,58,0.0
hpmcounter7,jump,seed8,59,0.0
hpmcounter7,jump,seed8,60,0.0
hpmcounter7,jump,seed8,61,0.0
hpmcounter7,jump,seed8,62,0.0
hpmcounter7,jump,seed8,63,0.0
hpmcounter7,jump,seed8,64,0.0
hpmcounter7,jump,seed8,65,0.0
hpmcounter7,jump,seed8,66,0.0
hpmcounter7,jump,seed8,67,0.0
hpmcounter7,jump,seed8,68,0.0
hpmcounter7,jump,seed8,69,0.0
hpmcounter7,jump,seed8,70,0.0
hpmcounter7,jump,seed8,71,0.0
hpmcounter7,jump,seed8,72,0.0
hpmcounter7,jump,seed8,73,0.0
hpmcounter7,jump,seed8,74,0.0
hpmcounter7,jump,seed8,75,0.0
hpmcounter7,jump,seed8,76,0.0
hpmcounter7,jump,seed8,77,0.0
hpmcounter7,jump,seed8,78,0.0
hpmcounter7,jump,seed8,79,0.0
hpmcounter7,jump,seed8,80,0.0
hpmcounter7,jump,seed8,81,0.0
hpmcounter7,jump,seed8,82,0.0
hpmcounter7,jump,seed8,83,0.0
hpmcounter7,jump,seed8,84,0.0
hpmcounter7,jump,seed8,85,0.0
hpmcounter7,jump,seed8,86,0.0
hpmcounter7,jump,seed8,87,0.0
hpmcounter7,jump,seed8,88,0.0
hpmcounter7,jump,seed8,89,0.0
hpmcounter7,jump,seed8,90,0.0
hpmcounter7,jump,seed8,91,0.0
hpmcounter7,jump,seed8,92,0.0
hpmcounter7,jump,seed8,93,0.0
hpmcounter7,jump,seed8,94,0.0
hpmcounter7,jump,seed8,95,0.0
hpmcounter7,jump,seed8,96,0.0
hpmcounter7,jump,seed8,97,0.0
hpmcounter7,jump,seed8,98,0.0
hpmcounter7,jump,seed8,99,0.0
hpmcounter7,jump,seed8,100,0.0
hpmcounter7,jump,seed8,101,0.0
hpmcounter7,jump,seed8,102,0.0
hpmcounter7,jump,seed8,103,0.0
hpmcounter7,jump,seed8,104,0.0
hpmcounter7,jump,seed8,105,0.0
hpmcounter7,jump,seed8,106,0.0
hpmcounter7,jump,seed8,107,0.0
hpmcounter7,jump,seed8,108,0.0
hpmcounter7,jump,seed8,109,0.0
hpmcounter7,jump,seed8,110,0.0
hpmcounter7,jump,seed8,111,0.0
hpmcounter7,jump,seed8,112,0.0
hpmcounter7,jump,seed8,113,0.0
hpmcounter7,jump,seed8,114,0.0
hpmcounter7,jump,seed8,115,0.0
hpmcounter7,jump,seed8,116,0.0
hpmcounter7,jump,seed8,117,0.0
hpmcounter7,jump,seed8,118,0.0
hpmcounter7,jump,seed8,119,0.0
hpmcounter7,jump,seed8,120,0.0
hpmcounter7,jump,seed8,121,0.0
hpmcounter7,jump,seed8,122,0.0
hpmcounter7,jump,seed8,123,0.0
hpmcounter7,jump,seed8,124,0.0
hpmcounter7,jump,seed8,125,0.0
hpmcounter7,jump,seed8,126,0.0
hpmcounter7,jump,seed8,127,0.0
hpmcounter7,jump,seed8,128,0.0
hpmcounter7,jump,seed8,129,0.0
hpmcounter7,jump,seed8,130,0.0
hpmcounter7,jump,seed8,131,0.0
hpmcounter7,jump,seed8,132,0.0
hpmcounter7,jump,seed8,133,0.0
hpmcounter7,jump,seed8,134,0.0
hpmcounter7,jump,seed8,135,0.0
hpmcounter7,jump,seed8,136,0.0
hpmcounter7,jump,seed8,137,0.0
hpmcounter7,jump,seed8,138,0.0
hpmcounter7,jump,seed8,139,0.0
hpmcounter7,jump,seed8,140,0.0
hpmcounter7,jump,seed8,141,0.0
hpmcounter7,jump,seed8,142,0.0
hpmcounter7,jump,seed8,143,0.0
hpmcounter7,jump,seed8,144,0.0
hpmcounter7,jump,seed8,145,0.0
hpmcounter7,jump,seed8,146,0.0
hpmcounter7,jump,seed8,147,0.0
hpmcounter7,jump,seed8,148,0.0
hpmcounter7,jump,seed8,149,0.0
hpmcounter7,jump,seed8,150,0.0
hpmcounter7,jump,seed8,151,0.0
hpmcounter7,jump,seed8,152,0.0
hpmcounter7,jump,seed8,153,0.0
hpmcounter7,jump,seed8,154,0.0
hpmcounter7,jump,seed8,155,0.0
hpmcounter7,jump,seed8,156,0.0
hpmcounter7,jump,seed8,157,0.0
hpmcounter7,jump,seed8,158,0.0
hpmcounter7,jump,seed8,159,0.0
hpmcounter7,jump,seed8,160,0.0
hpmcounter7,jump,seed8,161,0.0
hpmcounter7,jump,seed8,162,0.0
hpmcounter7,jump,seed8,163,0.0
hpmcounter7,jump,seed8,164,0.0
hpmcounter7,jump,seed8,165,0.0
hpmcounter7,jump,seed8,166,0.0
hpmcounter7,jump,seed8,167,0.0
hpmcounter7,jump,seed8,168,0.0
hpmcounter7,jump,seed8,169,0.0
hpmcounter7,jump,seed8,170,0.0
hpmcounter7,jump,seed8,171,0.0
hpmcounter7,jump,seed8,172,0.0
hpmcounter7,jump,seed8,173,0.0
hpmcounter7,jump,seed8,174,0.0
hpmcounter7,jump,seed8,175,0.0
hpmcounter7,jump,seed8,176,0.0
hpmcounter7,jump,seed8,177,0.0
hpmcounter7,jump,seed8,178,0.0
hpmcounter7,jump,seed8,179,0.0
hpmcounter7,jump,seed8,180,0.0
hpmcounter7,jump,seed8,181,0.0
hpmcounter7,jump,seed8,182,0.0
hpmcounter7,jump,seed8,183,0.0
hpmcounter7,jump,seed8,184,0.0
hpmcounter7,jump,seed8,185,0.0
hpmcounter7,jump,seed8,186,0.0
hpmcounter7,jump,seed8,187,0.0
hpmcounter7,jump,seed8,188,0.0
hpmcounter7,jump,seed8,189,0.0
hpmcounter7,jump,seed8,190,0.0
hpmcounter7,jump,seed8,191,0.0
hpmcounter7,jump,seed8,192,0.0
hpmcounter7,jump,seed8,193,0.0
hpmcounter7,jump,seed8,194,0.0
hpmcounter7,jump,seed8,195,0.0
hpmcounter7,jump,seed8,196,0.0
hpmcounter7,jump,seed8,197,0.0
hpmcounter7,jump,seed8,198,0.0
hpmcounter7,jump,seed8,199,0.0
hpmcounter7,jump,seed8,200,0.0
hpmcounter7,jump,seed8,201,0.0
hpmcounter7,jump,seed8,202,0.0
hpmcounter7,jump,seed8,203,0.0
hpmcounter7,jump,seed8,204,0.0
hpmcounter7,jump,seed8,205,0.0
hpmcounter7,jump,seed8,206,0.0
hpmcounter7,jump,seed8,207,0.0
hpmcounter7,jump,seed8,208,0.0
hpmcounter7,jump,seed8,209,0.0
hpmcounter7,jump,seed8,210,0.0
hpmcounter7,jump,seed8,211,0.0
hpmcounter7,jump,seed8,212,0.0
hpmcounter7,jump,seed8,213,0.0
hpmcounter7,jump,seed8,214,0.0
hpmcounter7,jump,seed8,215,0.0
hpmcounter7,jump,seed8,216,0.0
hpmcounter7,jump,seed8,217,0.0
hpmcounter7,jump,seed8,218,0.0
hpmcounter7,jump,seed8,219,0.0
hpmcounter7,jump,seed8,220,0.0
hpmcounter7,jump,seed8,221,0.0
hpmcounter7,jump,seed8,222,0.0
hpmcounter7,jump,seed8,223,0.0
hpmcounter7,jump,seed8,224,0.0
hpmcounter7,jump,seed8,225,0.0
hpmcounter7,jump,seed8,226,0.0
hpmcounter7,jump,seed8,227,0.0
hpmcounter7,jump,seed8,228,0.0
hpmcounter7,jump,seed8,229,0.0
hpmcounter7,jump,seed8,230,0.0
hpmcounter7,jump,seed8,231,0.0
hpmcounter7,jump,seed8,232,0.0
hpmcounter7,jump,seed8,233,0.0
hpmcounter7,jump,seed8,234,0.0
hpmcounter7,jump,seed8,235,0.0
hpmcounter7,jump,seed8,236,0.0
hpmcounter7,jump,seed8,237,0.0
hpmcounter7,jump,seed8,238,0.0
hpmcounter7,jump,seed8,239,0.0
hpmcounter7,jump,seed8,240,0.0
hpmcounter7,jump,seed8,241,0.0
hpmcounter7,jump,seed8,242,0.0
hpmcounter7,jump,seed8,243,0.0
hpmcounter7,jump,seed8,244,0.0
hpmcounter7,jump,seed8,245,0.0
hpmcounter7,jump,seed8,246,0.0
hpmcounter7,jump,seed8,247,0.0
hpmcounter7,jump,seed8,248,0.0
hpmcounter7,jump,seed8,249,0.0
hpmcounter7,jump,seed8,250,0.0
hpmcounter7,jump,seed8,251,0.0
hpmcounter7,jump,seed8,252,0.0
hpmcounter7,jump,seed8,253,0.0
hpmcounter7,jump,seed8,254,0.0
hpmcounter7,jump,seed8,255,0.0
hpmcounter7,jump,seed8,256,0.0
hpmcounter7,jump,seed8,257,0.0
hpmcounter7,jump,seed8,258,0.0
hpmcounter7,jump,seed8,259,0.0
hpmcounter7,jump,seed8,260,0.0
hpmcounter7,jump,seed8,261,0.0
hpmcounter7,jump,seed8,262,0.0
hpmcounter7,jump,seed8,263,0.0
hpmcounter7,jump,seed8,264,0.0
hpmcounter7,jump,seed8,265,0.0
hpmcounter7,jump,seed8,266,0.0
hpmcounter7,jump,seed8,267,0.0
hpmcounter7,jump,seed8,268,0.0
hpmcounter7,jump,seed8,269,0.0
hpmcounter7,jump,seed8,270,0.0
hpmcounter7,jump,seed8,271,0.0
hpmcounter7,jump,seed8,272,0.0
hpmcounter7,jump,seed8,273,0.0
hpmcounter7,jump,seed8,274,0.0
hpmcounter7,jump,seed8,275,0.0
hpmcounter7,jump,seed8,276,0.0
hpmcounter7,jump,seed8,277,0.0
hpmcounter7,jump,seed8,278,0.0
hpmcounter7,jump,seed8,279,0.0
hpmcounter7,jump,seed8,280,0.0
hpmcounter7,jump,seed8,281,0.0
hpmcounter7,jump,seed8,282,0.0
hpmcounter7,jump,seed8,283,0.0
hpmcounter7,jump,seed8,284,0.0
hpmcounter7,jump,seed8,285,0.0
hpmcounter7,jump,seed8,286,0.0
hpmcounter7,jump,seed8,287,0.0
hpmcounter7,jump,seed8,288,0.0
hpmcounter7,jump,seed8,289,0.0
hpmcounter7,jump,seed8,290,0.0
hpmcounter7,jump,seed8,291,0.0
hpmcounter7,jump,seed8,292,0.0
hpmcounter7,jump,seed8,293,0.0
hpmcounter7,jump,seed8,294,0.0
hpmcounter7,jump,seed8,295,0.0
hpmcounter7,jump,seed8,296,0.0
hpmcounter7,jump,seed8,297,0.0
hpmcounter7,jump,seed8,298,0.0
hpmcounter7,jump,seed9,9,0.0
hpmcounter7,jump,seed9,10,0.0
hpmcounter7,jump,seed9,11,0.0
hpmcounter7,jump,seed9,12,0.0
hpmcounter7,jump,seed9,13,0.0
hpmcounter7,jump,seed9,14,0.0
hpmcounter7,jump,seed9,15,0.0
hpmcounter7,jump,seed9,16,0.0
hpmcounter7,jump,seed9,17,0.0
hpmcounter7,jump,seed9,18,0.0
hpmcounter7,jump,seed9,19,0.0
hpmcounter7,jump,seed9,20,0.0
hpmcounter7,jump,seed9,21,0.0
hpmcounter7,jump,seed9,22,0.0
hpmcounter7,jump,seed9,23,0.0
hpmcounter7,jump,seed9,24,0.0
hpmcounter7,jump,seed9,25,0.0
hpmcounter7,jump,seed9,26,0.0
hpmcounter7,jump,seed9,27,0.0
hpmcounter7,jump,seed9,28,0.0
hpmcounter7,jump,seed9,29,0.0
hpmcounter7,jump,seed9,30,0.0
hpmcounter7,jump,seed9,31,0.0
hpmcounter7,jump,seed9,32,0.0
hpmcounter7,jump,seed9,33,0.0
hpmcounter7,jump,seed9,34,0.0
hpmcounter7,jump,seed9,35,0.0
hpmcounter7,jump,seed9,36,0.0
hpmcounter7,jump,seed9,37,0.0
hpmcounter7,jump,seed9,38,0.0
hpmcounter7,jump,seed9,39,0.0
hpmcounter7,jump,seed9,40,0.0
hpmcounter7,jump,seed9,41,0.0
hpmcounter7,jump,seed9,42,0.0
hpmcounter7,jump,seed9,43,0.0
hpmcounter7,jump,seed9,44,0.0
hpmcounter7,jump,seed9,45,0.0
hpmcounter7,jump,seed9,46,0.0
hpmcounter7,jump,seed9,47,0.0
hpmcounter7,jump,seed9,48,0.0
hpmcounter7,jump,seed9,49,0.0
hpmcounter7,jump,seed9,50,0.0
hpmcounter7,jump,seed9,51,0.0
hpmcounter7,jump,seed9,52,0.0
hpmcounter7,jump,seed9,53,0.0
hpmcounter7,jump,seed9,54,0.0
hpmcounter7,jump,seed9,55,0.0
hpmcounter7,jump,seed9,56,0.0
hpmcounter7,jump,seed9,57,0.0
hpmcounter7,jump,seed9,58,0.0
hpmcounter7,jump,seed9,59,0.0
hpmcounter7,jump,seed9,60,0.0
hpmcounter7,jump,seed9,61,0.0
hpmcounter7,jump,seed9,62,0.0
hpmcounter7,jump,seed9,63,0.0
hpmcounter7,jump,seed9,64,0.0
hpmcounter7,jump,seed9,65,0.0
hpmcounter7,jump,seed9,66,0.0
hpmcounter7,jump,seed9,67,0.0
hpmcounter7,jump,seed9,68,0.0
hpmcounter7,jump,seed9,69,0.0
hpmcounter7,jump,seed9,70,0.0
hpmcounter7,jump,seed9,71,0.0
hpmcounter7,jump,seed9,72,0.0
hpmcounter7,jump,seed9,73,0.0
hpmcounter7,jump,seed9,74,0.0
hpmcounter7,jump,seed9,75,0.0
hpmcounter7,jump,seed9,76,0.0
hpmcounter7,jump,seed9,77,0.0
hpmcounter7,jump,seed9,78,0.0
hpmcounter7,jump,seed9,79,0.0
hpmcounter7,jump,seed9,80,0.0
hpmcounter7,jump,seed9,81,0.0
hpmcounter7,jump,seed9,82,0.0
hpmcounter7,jump,seed9,83,0.0
hpmcounter7,jump,seed9,84,0.0
hpmcounter7,jump,seed9,85,0.0
hpmcounter7,jump,seed9,86,0.0
hpmcounter7,jump,seed9,87,0.0
hpmcounter7,jump,seed9,88,0.0
hpmcounter7,jump,seed9,89,0.0
hpmcounter7,jump,seed9,90,0.0
hpmcounter7,jump,seed9,91,0.0
hpmcounter7,jump,seed9,92,0.0
hpmcounter7,jump,seed9,93,0.0
hpmcounter7,jump,seed9,94,0.0
hpmcounter7,jump,seed9,95,0.0
hpmcounter7,jump,seed9,96,0.0
hpmcounter7,jump,seed9,97,0.0
hpmcounter7,jump,seed9,98,0.0
hpmcounter7,jump,seed9,99,0.0
hpmcounter7,jump,seed9,100,0.0
hpmcounter7,jump,seed9,101,0.0
hpmcounter7,jump,seed9,102,0.0
hpmcounter7,jump,seed9,103,0.0
hpmcounter7,jump,seed9,104,0.0
hpmcounter7,jump,seed9,105,0.0
hpmcounter7,jump,seed9,106,0.0
hpmcounter7,jump,seed9,107,0.0
hpmcounter7,jump,seed9,108,0.0
hpmcounter7,jump,seed9,109,0.0
hpmcounter7,jump,seed9,110,0.0
hpmcounter7,jump,seed9,111,0.0
hpmcounter7,jump,seed9,112,0.0
hpmcounter7,jump,seed9,113,0.0
hpmcounter7,jump,seed9,114,0.0
hpmcounter7,jump,seed9,115,0.0
hpmcounter7,jump,seed9,116,0.0
hpmcounter7,jump,seed9,117,0.0
hpmcounter7,jump,seed9,118,0.0
hpmcounter7,jump,seed9,119,0.0
hpmcounter7,jump,seed9,120,0.0
hpmcounter7,jump,seed9,121,0.0
hpmcounter7,jump,seed9,122,0.0
hpmcounter7,jump,seed9,123,0.0
hpmcounter7,jump,seed9,124,0.0
hpmcounter7,jump,seed9,125,0.0
hpmcounter7,jump,seed9,126,0.0
hpmcounter7,jump,seed9,127,0.0
hpmcounter7,jump,seed9,128,0.0
hpmcounter7,jump,seed9,129,0.0
hpmcounter7,jump,seed9,130,0.0
hpmcounter7,jump,seed9,131,0.0
hpmcounter7,jump,seed9,132,0.0
hpmcounter7,jump,seed9,133,0.0
hpmcounter7,jump,seed9,134,0.0
hpmcounter7,jump,seed9,135,0.0
hpmcounter7,jump,seed9,136,0.0
hpmcounter7,jump,seed9,137,0.0
hpmcounter7,jump,seed9,138,0.0
hpmcounter7,jump,seed9,139,0.0
hpmcounter7,jump,seed9,140,0.0
hpmcounter7,jump,seed9,141,0.0
hpmcounter7,jump,seed9,142,0.0
hpmcounter7,jump,seed9,143,0.0
hpmcounter7,jump,seed9,144,0.0
hpmcounter7,jump,seed9,145,0.0
hpmcounter7,jump,seed9,146,0.0
hpmcounter7,jump,seed9,147,0.0
hpmcounter7,jump,seed9,148,0.0
hpmcounter7,jump,seed9,149,0.0
hpmcounter7,jump,seed9,150,0.0
hpmcounter7,jump,seed9,151,0.0
hpmcounter7,jump,seed9,152,0.0
hpmcounter7,jump,seed9,153,0.0
hpmcounter7,jump,seed9,154,0.0
hpmcounter7,jump,seed9,155,0.0
hpmcounter7,jump,seed9,156,0.0
hpmcounter7,jump,seed9,157,0.0
hpmcounter7,jump,seed9,158,0.0
hpmcounter7,jump,seed9,159,0.0
hpmcounter7,jump,seed9,160,0.0
hpmcounter7,jump,seed9,161,0.0
hpmcounter7,jump,seed9,162,0.0
hpmcounter7,jump,seed9,163,0.0
hpmcounter7,jump,seed9,164,0.0
hpmcounter7,jump,seed9,165,0.0
hpmcounter7,jump,seed9,166,0.0
hpmcounter7,jump,seed9,167,0.0
hpmcounter7,jump,seed9,168,0.0
hpmcounter7,jump,seed9,169,0.0
hpmcounter7,jump,seed9,170,0.0
hpmcounter7,jump,seed9,171,0.0
hpmcounter7,jump,seed9,172,0.0
hpmcounter7,jump,seed9,173,0.0
hpmcounter7,jump,seed9,174,0.0
hpmcounter7,jump,seed9,175,0.0
hpmcounter7,jump,seed9,176,0.0
hpmcounter7,jump,seed9,177,0.0
hpmcounter7,jump,seed9,178,0.0
hpmcounter7,jump,seed9,179,0.0
hpmcounter7,jump,seed9,180,0.0
hpmcounter7,jump,seed9,181,0.0
hpmcounter7,jump,seed9,182,0.0
hpmcounter7,jump,seed9,183,0.0
hpmcounter7,jump,seed9,184,0.0
hpmcounter7,jump,seed9,185,0.0
hpmcounter7,jump,seed9,186,0.0
hpmcounter7,jump,seed9,187,0.0
hpmcounter7,jump,seed9,188,0.0
hpmcounter7,jump,seed9,189,0.0
hpmcounter7,jump,seed9,190,0.0
hpmcounter7,jump,seed9,191,0.0
hpmcounter7,jump,seed9,192,0.0
hpmcounter7,jump,seed9,193,0.0
hpmcounter7,jump,seed9,194,0.0
hpmcounter7,jump,seed9,195,0.0
hpmcounter7,jump,seed9,196,0.0
hpmcounter7,jump,seed9,197,0.0
hpmcounter7,jump,seed9,198,0.0
hpmcounter7,jump,seed9,199,0.0
hpmcounter7,jump,seed9,200,0.0
hpmcounter7,jump,seed9,201,0.0
hpmcounter7,jump,seed9,202,0.0
hpmcounter7,jump,seed9,203,0.0
hpmcounter7,jump,seed9,204,0.0
hpmcounter7,jump,seed9,205,0.0
hpmcounter7,jump,seed9,206,0.0
hpmcounter7,jump,seed9,207,0.0
hpmcounter7,jump,seed9,208,0.0
hpmcounter7,jump,seed9,209,0.0
hpmcounter7,jump,seed9,210,0.0
hpmcounter7,jump,seed9,211,0.0
hpmcounter7,jump,seed9,212,0.0
hpmcounter7,jump,seed9,213,0.0
hpmcounter7,jump,seed9,214,0.0
hpmcounter7,jump,seed9,215,0.0
hpmcounter7,jump,seed9,216,0.0
hpmcounter7,jump,seed9,217,0.0
hpmcounter7,jump,seed9,218,0.0
hpmcounter7,jump,seed9,219,0.0
hpmcounter7,jump,seed9,220,0.0
hpmcounter7,jump,seed9,221,0.0
hpmcounter7,jump,seed9,222,0.0
hpmcounter7,jump,seed9,223,0.0
hpmcounter7,jump,seed9,224,0.0
hpmcounter7,jump,seed9,225,0.0
hpmcounter7,jump,seed9,226,0.0
hpmcounter7,jump,seed9,227,0.0
hpmcounter7,jump,seed9,228,0.0
hpmcounter7,jump,seed9,229,0.0
hpmcounter7,jump,seed9,230,0.0
hpmcounter7,jump,seed9,231,0.0
hpmcounter7,jump,seed9,232,0.0
hpmcounter7,jump,seed9,233,0.0
hpmcounter7,jump,seed9,234,0.0
hpmcounter7,jump,seed9,235,0.0
hpmcounter7,jump,seed9,236,0.0
hpmcounter7,jump,seed9,237,0.0
hpmcounter7,jump,seed9,238,0.0
hpmcounter7,jump,seed9,239,0.0
hpmcounter7,jump,seed9,240,0.0
hpmcounter7,jump,seed9,241,0.0
hpmcounter7,jump,seed9,242,0.0
hpmcounter7,jump,seed9,243,0.0
hpmcounter7,jump,seed9,244,0.0
hpmcounter7,jump,seed9,245,0.0
hpmcounter7,jump,seed9,246,0.0
hpmcounter7,jump,seed9,247,0.0
hpmcounter7,jump,seed9,248,0.0
hpmcounter7,jump,seed9,249,0.0
hpmcounter7,jump,seed9,250,0.0
hpmcounter7,jump,seed9,251,0.0
hpmcounter7,jump,seed9,252,0.0
hpmcounter7,jump,seed9,253,0.0
hpmcounter7,jump,seed9,254,0.0
hpmcounter7,jump,seed9,255,0.0
hpmcounter7,jump,seed9,256,0.0
hpmcounter7,jump,seed9,257,0.0
hpmcounter7,jump,seed9,258,0.0
hpmcounter7,jump,seed9,259,0.0
hpmcounter7,jump,seed9,260,0.0
hpmcounter7,jump,seed9,261,0.0
hpmcounter7,jump,seed9,262,0.0
hpmcounter7,jump,seed9,263,0.0
hpmcounter7,jump,seed9,264,0.0
hpmcounter7,jump,seed9,265,0.0
hpmcounter7,jump,seed9,266,0.0
hpmcounter7,jump,seed9,267,0.0
hpmcounter7,jump,seed9,268,0.0
hpmcounter7,jump,seed9,269,0.0
hpmcounter7,jump,seed9,270,0.0
hpmcounter7,jump,seed9,271,0.0
hpmcounter7,jump,seed9,272,0.0
hpmcounter7,jump,seed9,273,0.0
hpmcounter7,jump,seed9,274,0.0
hpmcounter7,jump,seed9,275,0.0
hpmcounter7,jump,seed9,276,0.0
hpmcounter7,jump,seed9,277,0.0
hpmcounter7,jump,seed9,278,0.0
hpmcounter7,jump,seed9,279,0.0
hpmcounter7,jump,seed9,280,0.0
hpmcounter7,jump,seed9,281,0.0
hpmcounter7,jump,seed9,282,0.0
hpmcounter7,jump,seed9,283,0.0
hpmcounter7,jump,seed9,284,0.0
hpmcounter7,jump,seed9,285,0.0
hpmcounter7,jump,seed9,286,0.0
hpmcounter7,jump,seed9,287,0.0
hpmcounter7,jump,seed9,288,0.0
hpmcounter7,jump,seed9,289,0.0
hpmcounter7,jump,seed9,290,0.0
hpmcounter7,jump,seed9,291,0.0
hpmcounter7,jump,seed9,292,0.0
hpmcounter7,jump,seed9,293,0.0
hpmcounter7,jump,seed9,294,0.0
hpmcounter7,jump,seed9,295,0.0
hpmcounter7,jump,seed9,296,0.0
hpmcounter7,jump,seed9,297,0.0
hpmcounter7,jump,seed9,298,0.0
hpmcounter7,normal,seed1,9,0.0
hpmcounter7,normal,seed1,10,0.0
hpmcounter7,normal,seed1,11,0.0
hpmcounter7,normal,seed1,12,0.0
hpmcounter7,normal,seed1,13,0.0
hpmcounter7,normal,seed1,14,0.0
hpmcounter7,normal,seed1,15,0.0
hpmcounter7,normal,seed1,16,0.0
hpmcounter7,normal,seed1,17,0.0
hpmcounter7,normal,seed1,18,0.0
hpmcounter7,normal,seed1,19,0.0
hpmcounter7,normal,seed1,20,0.0
hpmcounter7,normal,seed1,21,0.0
hpmcounter7,normal,seed1,22,0.0
hpmcounter7,normal,seed1,23,0.0
hpmcounter7,normal,seed1,24,0.0
hpmcounter7,normal,seed1,25,0.0
hpmcounter7,normal,seed1,26,0.0
hpmcounter7,normal,seed1,27,0.0
hpmcounter7,normal,seed1,28,0.0
hpmcounter7,normal,seed1,29,0.0
hpmcounter7,normal,seed1,30,0.0
hpmcounter7,normal,seed1,31,0.0
hpmcounter7,normal,seed1,32,0.0
hpmcounter7,normal,seed1,33,0.0
hpmcounter7,normal,seed1,34,0.0
hpmcounter7,normal,seed1,35,0.0
hpmcounter7,normal,seed1,36,0.0
hpmcounter7,normal,seed1,37,0.0
hpmcounter7,normal,seed1,38,0.0
hpmcounter7,normal,seed1,39,0.0
hpmcounter7,normal,seed1,40,0.0
hpmcounter7,normal,seed1,41,0.0
hpmcounter7,normal,seed1,42,0.0
hpmcounter7,normal,seed1,43,0.0
hpmcounter7,normal,seed1,44,0.0
hpmcounter7,normal,seed1,45,0.0
hpmcounter7,normal,seed1,46,0.0
hpmcounter7,normal,seed1,47,0.0
hpmcounter7,normal,seed1,48,0.0
hpmcounter7,normal,seed1,49,0.0
hpmcounter7,normal,seed1,50,0.0
hpmcounter7,normal,seed1,51,0.0
hpmcounter7,normal,seed1,52,0.0
hpmcounter7,normal,seed1,53,0.0
hpmcounter7,normal,seed1,54,0.0
hpmcounter7,normal,seed1,55,0.0
hpmcounter7,normal,seed1,56,0.0
hpmcounter7,normal,seed1,57,0.0
hpmcounter7,normal,seed1,58,0.0
hpmcounter7,normal,seed1,59,0.0
hpmcounter7,normal,seed1,60,0.0
hpmcounter7,normal,seed1,61,0.0
hpmcounter7,normal,seed1,62,0.0
hpmcounter7,normal,seed1,63,0.0
hpmcounter7,normal,seed1,64,0.0
hpmcounter7,normal,seed1,65,0.0
hpmcounter7,normal,seed1,66,0.0
hpmcounter7,normal,seed1,67,0.0
hpmcounter7,normal,seed1,68,0.0
hpmcounter7,normal,seed1,69,0.0
hpmcounter7,normal,seed1,70,0.0
hpmcounter7,normal,seed1,71,0.0
hpmcounter7,normal,seed1,72,0.0
hpmcounter7,normal,seed1,73,0.0
hpmcounter7,normal,seed1,74,0.0
hpmcounter7,normal,seed1,75,0.0
hpmcounter7,normal,seed1,76,0.0
hpmcounter7,normal,seed1,77,0.0
hpmcounter7,normal,seed1,78,0.0
hpmcounter7,normal,seed1,79,0.0
hpmcounter7,normal,seed1,80,0.0
hpmcounter7,normal,seed1,81,0.0
hpmcounter7,normal,seed1,82,0.0
hpmcounter7,normal,seed1,83,0.0
hpmcounter7,normal,seed1,84,0.0
hpmcounter7,normal,seed1,85,0.0
hpmcounter7,normal,seed1,86,0.0
hpmcounter7,normal,seed1,87,0.0
hpmcounter7,normal,seed1,88,0.0
hpmcounter7,normal,seed1,89,0.0
hpmcounter7,normal,seed1,90,0.0
hpmcounter7,normal,seed1,91,0.0
hpmcounter7,normal,seed1,92,0.0
hpmcounter7,normal,seed1,93,0.0
hpmcounter7,normal,seed1,94,0.0
hpmcounter7,normal,seed1,95,0.0
hpmcounter7,normal,seed1,96,0.0
hpmcounter7,normal,seed1,97,0.0
hpmcounter7,normal,seed1,98,0.0
hpmcounter7,normal,seed1,99,0.0
hpmcounter7,normal,seed1,100,0.0
hpmcounter7,normal,seed1,101,0.0
hpmcounter7,normal,seed1,102,0.0
hpmcounter7,normal,seed1,103,0.0
hpmcounter7,normal,seed1,104,0.0
hpmcounter7,normal,seed1,105,0.0
hpmcounter7,normal,seed1,106,0.0
hpmcounter7,normal,seed1,107,0.0
hpmcounter7,normal,seed1,108,0.0
hpmcounter7,normal,seed1,109,0.0
hpmcounter7,normal,seed1,110,0.0
hpmcounter7,normal,seed1,111,0.0
hpmcounter7,normal,seed1,112,0.0
hpmcounter7,normal,seed1,113,0.0
hpmcounter7,normal,seed1,114,0.0
hpmcounter7,normal,seed1,115,0.0
hpmcounter7,normal,seed1,116,0.0
hpmcounter7,normal,seed1,117,0.0
hpmcounter7,normal,seed1,118,0.0
hpmcounter7,normal,seed1,119,0.0
hpmcounter7,normal,seed1,120,0.0
hpmcounter7,normal,seed1,121,0.0
hpmcounter7,normal,seed1,122,0.0
hpmcounter7,normal,seed1,123,0.0
hpmcounter7,normal,seed1,124,0.0
hpmcounter7,normal,seed1,125,0.0
hpmcounter7,normal,seed1,126,0.0
hpmcounter7,normal,seed1,127,0.0
hpmcounter7,normal,seed1,128,0.0
hpmcounter7,normal,seed1,129,0.0
hpmcounter7,normal,seed1,130,0.0
hpmcounter7,normal,seed1,131,0.0
hpmcounter7,normal,seed1,132,0.0
hpmcounter7,normal,seed1,133,0.0
hpmcounter7,normal,seed1,134,0.0
hpmcounter7,normal,seed1,135,0.0
hpmcounter7,normal,seed1,136,0.0
hpmcounter7,normal,seed1,137,0.0
hpmcounter7,normal,seed1,138,0.0
hpmcounter7,normal,seed1,139,0.0
hpmcounter7,normal,seed1,140,0.0
hpmcounter7,normal,seed1,141,0.0
hpmcounter7,normal,seed1,142,0.0
hpmcounter7,normal,seed1,143,0.0
hpmcounter7,normal,seed1,144,0.0
hpmcounter7,normal,seed1,145,0.0
hpmcounter7,normal,seed1,146,0.0
hpmcounter7,normal,seed1,147,0.0
hpmcounter7,normal,seed1,148,0.0
hpmcounter7,normal,seed1,149,0.0
hpmcounter7,normal,seed1,150,0.0
hpmcounter7,normal,seed1,151,0.0
hpmcounter7,normal,seed1,152,0.0
hpmcounter7,normal,seed1,153,0.0
hpmcounter7,normal,seed1,154,0.0
hpmcounter7,normal,seed1,155,0.0
hpmcounter7,normal,seed1,156,0.0
hpmcounter7,normal,seed1,157,0.0
hpmcounter7,normal,seed1,158,0.0
hpmcounter7,normal,seed1,159,0.0
hpmcounter7,normal,seed1,160,0.0
hpmcounter7,normal,seed1,161,0.0
hpmcounter7,normal,seed1,162,0.0
hpmcounter7,normal,seed1,163,0.0
hpmcounter7,normal,seed1,164,0.0
hpmcounter7,normal,seed1,165,0.0
hpmcounter7,normal,seed1,166,0.0
hpmcounter7,normal,seed1,167,0.0
hpmcounter7,normal,seed1,168,0.0
hpmcounter7,normal,seed1,169,0.0
hpmcounter7,normal,seed1,170,0.0
hpmcounter7,normal,seed1,171,0.0
hpmcounter7,normal,seed1,172,0.0
hpmcounter7,normal,seed1,173,0.0
hpmcounter7,normal,seed1,174,0.0
hpmcounter7,normal,seed1,175,0.0
hpmcounter7,normal,seed1,176,0.0
hpmcounter7,normal,seed1,177,0.0
hpmcounter7,normal,seed1,178,0.0
hpmcounter7,normal,seed1,179,0.0
hpmcounter7,normal,seed1,180,0.0
hpmcounter7,normal,seed1,181,0.0
hpmcounter7,normal,seed1,182,0.0
hpmcounter7,normal,seed1,183,0.0
hpmcounter7,normal,seed1,184,0.0
hpmcounter7,normal,seed1,185,0.0
hpmcounter7,normal,seed1,186,0.0
hpmcounter7,normal,seed1,187,0.0
hpmcounter7,normal,seed1,188,0.0
hpmcounter7,normal,seed1,189,0.0
hpmcounter7,normal,seed1,190,0.0
hpmcounter7,normal,seed1,191,0.0
hpmcounter7,normal,seed1,192,0.0
hpmcounter7,normal,seed1,193,0.0
hpmcounter7,normal,seed1,194,0.0
hpmcounter7,normal,seed1,195,0.0
hpmcounter7,normal,seed1,196,0.0
hpmcounter7,normal,seed1,197,0.0
hpmcounter7,normal,seed1,198,0.0
hpmcounter7,normal,seed1,199,0.0
hpmcounter7,normal,seed1,200,0.0
hpmcounter7,normal,seed1,201,0.0
hpmcounter7,normal,seed1,202,0.0
hpmcounter7,normal,seed1,203,0.0
hpmcounter7,normal,seed1,204,0.0
hpmcounter7,normal,seed1,205,0.0
hpmcounter7,normal,seed1,206,0.0
hpmcounter7,normal,seed1,207,0.0
hpmcounter7,normal,seed1,208,0.0
hpmcounter7,normal,seed1,209,0.0
hpmcounter7,normal,seed1,210,0.0
hpmcounter7,normal,seed1,211,0.0
hpmcounter7,normal,seed1,212,0.0
hpmcounter7,normal,seed1,213,0.0
hpmcounter7,normal,seed1,214,0.0
hpmcounter7,normal,seed1,215,0.0
hpmcounter7,normal,seed1,216,0.0
hpmcounter7,normal,seed1,217,0.0
hpmcounter7,normal,seed1,218,0.0
hpmcounter7,normal,seed1,219,0.0
hpmcounter7,normal,seed1,220,0.0
hpmcounter7,normal,seed1,221,0.0
hpmcounter7,normal,seed1,222,0.0
hpmcounter7,normal,seed1,223,0.0
hpmcounter7,normal,seed1,224,0.0
hpmcounter7,normal,seed1,225,0.0
hpmcounter7,normal,seed1,226,0.0
hpmcounter7,normal,seed1,227,0.0
hpmcounter7,normal,seed1,228,0.0
hpmcounter7,normal,seed1,229,0.0
hpmcounter7,normal,seed1,230,0.0
hpmcounter7,normal,seed1,231,0.0
hpmcounter7,normal,seed1,232,0.0
hpmcounter7,normal,seed1,233,0.0
hpmcounter7,normal,seed1,234,0.0
hpmcounter7,normal,seed1,235,0.0
hpmcounter7,normal,seed1,236,0.0
hpmcounter7,normal,seed1,237,0.0
hpmcounter7,normal,seed1,238,0.0
hpmcounter7,normal,seed1,239,0.0
hpmcounter7,normal,seed1,240,0.0
hpmcounter7,normal,seed1,241,0.0
hpmcounter7,normal,seed1,242,0.0
hpmcounter7,normal,seed1,243,0.0
hpmcounter7,normal,seed1,244,0.0
hpmcounter7,normal,seed1,245,0.0
hpmcounter7,normal,seed1,246,0.0
hpmcounter7,normal,seed1,247,0.0
hpmcounter7,normal,seed1,248,0.0
hpmcounter7,normal,seed1,249,0.0
hpmcounter7,normal,seed1,250,0.0
hpmcounter7,normal,seed1,251,0.0
hpmcounter7,normal,seed1,252,0.0
hpmcounter7,normal,seed1,253,0.0
hpmcounter7,normal,seed1,254,0.0
hpmcounter7,normal,seed1,255,0.0
hpmcounter7,normal,seed1,256,0.0
hpmcounter7,normal,seed1,257,0.0
hpmcounter7,normal,seed1,258,0.0
hpmcounter7,normal,seed1,259,0.0
hpmcounter7,normal,seed1,260,0.0
hpmcounter7,normal,seed1,261,0.0
hpmcounter7,normal,seed1,262,0.0
hpmcounter7,normal,seed1,263,0.0
hpmcounter7,normal,seed1,264,0.0
hpmcounter7,normal,seed1,265,0.0
hpmcounter7,normal,seed1,266,0.0
hpmcounter7,normal,seed1,267,0.0
hpmcounter7,normal,seed1,268,0.0
hpmcounter7,normal,seed1,269,0.0
hpmcounter7,normal,seed1,270,0.0
hpmcounter7,normal,seed1,271,0.0
hpmcounter7,normal,seed1,272,0.0
hpmcounter7,normal,seed1,273,0.0
hpmcounter7,normal,seed1,274,0.0
hpmcounter7,normal,seed1,275,0.0
hpmcounter7,normal,seed1,276,0.0
hpmcounter7,normal,seed1,277,0.0
hpmcounter7,normal,seed1,278,0.0
hpmcounter7,normal,seed1,279,0.0
hpmcounter7,normal,seed1,280,0.0
hpmcounter7,normal,seed1,281,0.0
hpmcounter7,normal,seed1,282,0.0
hpmcounter7,normal,seed1,283,0.0
hpmcounter7,normal,seed1,284,0.0
hpmcounter7,normal,seed1,285,0.0
hpmcounter7,normal,seed1,286,0.0
hpmcounter7,normal,seed1,287,0.0
hpmcounter7,normal,seed1,288,0.0
hpmcounter7,normal,seed1,289,0.0
hpmcounter7,normal,seed1,290,0.0
hpmcounter7,normal,seed1,291,0.0
hpmcounter7,normal,seed1,292,0.0
hpmcounter7,normal,seed1,293,0.0
hpmcounter7,normal,seed1,294,0.0
hpmcounter7,normal,seed1,295,0.0
hpmcounter7,normal,seed1,296,0.0
hpmcounter7,normal,seed1,297,0.0
hpmcounter7,normal,seed1,298,0.0
hpmcounter7,normal,seed10,9,0.0
hpmcounter7,normal,seed10,10,0.0
hpmcounter7,normal,seed10,11,0.0
hpmcounter7,normal,seed10,12,0.0
hpmcounter7,normal,seed10,13,0.0
hpmcounter7,normal,seed10,14,0.0
hpmcounter7,normal,seed10,15,0.0
hpmcounter7,normal,seed10,16,0.0
hpmcounter7,normal,seed10,17,0.0
hpmcounter7,normal,seed10,18,0.0
hpmcounter7,normal,seed10,19,0.0
hpmcounter7,normal,seed10,20,0.0
hpmcounter7,normal,seed10,21,0.0
hpmcounter7,normal,seed10,22,0.0
hpmcounter7,normal,seed10,23,0.0
hpmcounter7,normal,seed10,24,0.0
hpmcounter7,normal,seed10,25,0.0
hpmcounter7,normal,seed10,26,0.0
hpmcounter7,normal,seed10,27,0.0
hpmcounter7,normal,seed10,28,0.0
hpmcounter7,normal,seed10,29,0.0
hpmcounter7,normal,seed10,30,0.0
hpmcounter7,normal,seed10,31,0.0
hpmcounter7,normal,seed10,32,0.0
hpmcounter7,normal,seed10,33,0.0
hpmcounter7,normal,seed10,34,0.0
hpmcounter7,normal,seed10,35,0.0
hpmcounter7,normal,seed10,36,0.0
hpmcounter7,normal,seed10,37,0.0
hpmcounter7,normal,seed10,38,0.0
hpmcounter7,normal,seed10,39,0.0
hpmcounter7,normal,seed10,40,0.0
hpmcounter7,normal,seed10,41,0.0
hpmcounter7,normal,seed10,42,0.0
hpmcounter7,normal,seed10,43,0.0
hpmcounter7,normal,seed10,44,0.0
hpmcounter7,normal,seed10,45,0.0
hpmcounter7,normal,seed10,46,0.0
hpmcounter7,normal,seed10,47,0.0
hpmcounter7,normal,seed10,48,0.0
hpmcounter7,normal,seed10,49,0.0
hpmcounter7,normal,seed10,50,0.0
hpmcounter7,normal,seed10,51,0.0
hpmcounter7,normal,seed10,52,0.0
hpmcounter7,normal,seed10,53,0.0
hpmcounter7,normal,seed10,54,0.0
hpmcounter7,normal,seed10,55,0.0
hpmcounter7,normal,seed10,56,0.0
hpmcounter7,normal,seed10,57,0.0
hpmcounter7,normal,seed10,58,0.0
hpmcounter7,normal,seed10,59,0.0
hpmcounter7,normal,seed10,60,0.0
hpmcounter7,normal,seed10,61,0.0
hpmcounter7,normal,seed10,62,0.0
hpmcounter7,normal,seed10,63,0.0
hpmcounter7,normal,seed10,64,0.0
hpmcounter7,normal,seed10,65,0.0
hpmcounter7,normal,seed10,66,0.0
hpmcounter7,normal,seed10,67,0.0
hpmcounter7,normal,seed10,68,0.0
hpmcounter7,normal,seed10,69,0.0
hpmcounter7,normal,seed10,70,0.0
hpmcounter7,normal,seed10,71,0.0
hpmcounter7,normal,seed10,72,0.0
hpmcounter7,normal,seed10,73,0.0
hpmcounter7,normal,seed10,74,0.0
hpmcounter7,normal,seed10,75,0.0
hpmcounter7,normal,seed10,76,0.0
hpmcounter7,normal,seed10,77,0.0
hpmcounter7,normal,seed10,78,0.0
hpmcounter7,normal,seed10,79,0.0
hpmcounter7,normal,seed10,80,0.0
hpmcounter7,normal,seed10,81,0.0
hpmcounter7,normal,seed10,82,0.0
hpmcounter7,normal,seed10,83,0.0
hpmcounter7,normal,seed10,84,0.0
hpmcounter7,normal,seed10,85,0.0
hpmcounter7,normal,seed10,86,0.0
hpmcounter7,normal,seed10,87,0.0
hpmcounter7,normal,seed10,88,0.0
hpmcounter7,normal,seed10,89,0.0
hpmcounter7,normal,seed10,90,0.0
hpmcounter7,normal,seed10,91,0.0
hpmcounter7,normal,seed10,92,0.0
hpmcounter7,normal,seed10,93,0.0
hpmcounter7,normal,seed10,94,0.0
hpmcounter7,normal,seed10,95,0.0
hpmcounter7,normal,seed10,96,0.0
hpmcounter7,normal,seed10,97,0.0
hpmcounter7,normal,seed10,98,0.0
hpmcounter7,normal,seed10,99,0.0
hpmcounter7,normal,seed10,100,0.0
hpmcounter7,normal,seed10,101,0.0
hpmcounter7,normal,seed10,102,0.0
hpmcounter7,normal,seed10,103,0.0
hpmcounter7,normal,seed10,104,0.0
hpmcounter7,normal,seed10,105,0.0
hpmcounter7,normal,seed10,106,0.0
hpmcounter7,normal,seed10,107,0.0
hpmcounter7,normal,seed10,108,0.0
hpmcounter7,normal,seed10,109,0.0
hpmcounter7,normal,seed10,110,0.0
hpmcounter7,normal,seed10,111,0.0
hpmcounter7,normal,seed10,112,0.0
hpmcounter7,normal,seed10,113,0.0
hpmcounter7,normal,seed10,114,0.0
hpmcounter7,normal,seed10,115,0.0
hpmcounter7,normal,seed10,116,0.0
hpmcounter7,normal,seed10,117,0.0
hpmcounter7,normal,seed10,118,0.0
hpmcounter7,normal,seed10,119,0.0
hpmcounter7,normal,seed10,120,0.0
hpmcounter7,normal,seed10,121,0.0
hpmcounter7,normal,seed10,122,0.0
hpmcounter7,normal,seed10,123,0.0
hpmcounter7,normal,seed10,124,0.0
hpmcounter7,normal,seed10,125,0.0
hpmcounter7,normal,seed10,126,0.0
hpmcounter7,normal,seed10,127,0.0
hpmcounter7,normal,seed10,128,0.0
hpmcounter7,normal,seed10,129,0.0
hpmcounter7,normal,seed10,130,0.0
hpmcounter7,normal,seed10,131,0.0
hpmcounter7,normal,seed10,132,0.0
hpmcounter7,normal,seed10,133,0.0
hpmcounter7,normal,seed10,134,0.0
hpmcounter7,normal,seed10,135,0.0
hpmcounter7,normal,seed10,136,0.0
hpmcounter7,normal,seed10,137,0.0
hpmcounter7,normal,seed10,138,0.0
hpmcounter7,normal,seed10,139,0.0
hpmcounter7,normal,seed10,140,0.0
hpmcounter7,normal,seed10,141,0.0
hpmcounter7,normal,seed10,142,0.0
hpmcounter7,normal,seed10,143,0.0
hpmcounter7,normal,seed10,144,0.0
hpmcounter7,normal,seed10,145,0.0
hpmcounter7,normal,seed10,146,0.0
hpmcounter7,normal,seed10,147,0.0
hpmcounter7,normal,seed10,148,0.0
hpmcounter7,normal,seed10,149,0.0
hpmcounter7,normal,seed10,150,0.0
hpmcounter7,normal,seed10,151,0.0
hpmcounter7,normal,seed10,152,0.0
hpmcounter7,normal,seed10,153,0.0
hpmcounter7,normal,seed10,154,0.0
hpmcounter7,normal,seed10,155,0.0
hpmcounter7,normal,seed10,156,0.0
hpmcounter7,normal,seed10,157,0.0
hpmcounter7,normal,seed10,158,0.0
hpmcounter7,normal,seed10,159,0.0
hpmcounter7,normal,seed10,160,0.0
hpmcounter7,normal,seed10,161,0.0
hpmcounter7,normal,seed10,162,0.0
hpmcounter7,normal,seed10,163,0.0
hpmcounter7,normal,seed10,164,0.0
hpmcounter7,normal,seed10,165,0.0
hpmcounter7,normal,seed10,166,0.0
hpmcounter7,normal,seed10,167,0.0
hpmcounter7,normal,seed10,168,0.0
hpmcounter7,normal,seed10,169,0.0
hpmcounter7,normal,seed10,170,0.0
hpmcounter7,normal,seed10,171,0.0
hpmcounter7,normal,seed10,172,0.0
hpmcounter7,normal,seed10,173,0.0
hpmcounter7,normal,seed10,174,0.0
hpmcounter7,normal,seed10,175,0.0
hpmcounter7,normal,seed10,176,0.0
hpmcounter7,normal,seed10,177,0.0
hpmcounter7,normal,seed10,178,0.0
hpmcounter7,normal,seed10,179,0.0
hpmcounter7,normal,seed10,180,0.0
hpmcounter7,normal,seed10,181,0.0
hpmcounter7,normal,seed10,182,0.0
hpmcounter7,normal,seed10,183,0.0
hpmcounter7,normal,seed10,184,0.0
hpmcounter7,normal,seed10,185,0.0
hpmcounter7,normal,seed10,186,0.0
hpmcounter7,normal,seed10,187,0.0
hpmcounter7,normal,seed10,188,0.0
hpmcounter7,normal,seed10,189,0.0
hpmcounter7,normal,seed10,190,0.0
hpmcounter7,normal,seed10,191,0.0
hpmcounter7,normal,seed10,192,0.0
hpmcounter7,normal,seed10,193,0.0
hpmcounter7,normal,seed10,194,0.0
hpmcounter7,normal,seed10,195,0.0
hpmcounter7,normal,seed10,196,0.0
hpmcounter7,normal,seed10,197,0.0
hpmcounter7,normal,seed10,198,0.0
hpmcounter7,normal,seed10,199,0.0
hpmcounter7,normal,seed10,200,0.0
hpmcounter7,normal,seed10,201,0.0
hpmcounter7,normal,seed10,202,0.0
hpmcounter7,normal,seed10,203,0.0
hpmcounter7,normal,seed10,204,0.0
hpmcounter7,normal,seed10,205,0.0
hpmcounter7,normal,seed10,206,0.0
hpmcounter7,normal,seed10,207,0.0
hpmcounter7,normal,seed10,208,0.0
hpmcounter7,normal,seed10,209,0.0
hpmcounter7,normal,seed10,210,0.0
hpmcounter7,normal,seed10,211,0.0
hpmcounter7,normal,seed10,212,0.0
hpmcounter7,normal,seed10,213,0.0
hpmcounter7,normal,seed10,214,0.0
hpmcounter7,normal,seed10,215,0.0
hpmcounter7,normal,seed10,216,0.0
hpmcounter7,normal,seed10,217,0.0
hpmcounter7,normal,seed10,218,0.0
hpmcounter7,normal,seed10,219,0.0
hpmcounter7,normal,seed10,220,0.0
hpmcounter7,normal,seed10,221,0.0
hpmcounter7,normal,seed10,222,0.0
hpmcounter7,normal,seed10,223,0.0
hpmcounter7,normal,seed10,224,0.0
hpmcounter7,normal,seed10,225,0.0
hpmcounter7,normal,seed10,226,0.0
hpmcounter7,normal,seed10,227,0.0
hpmcounter7,normal,seed10,228,0.0
hpmcounter7,normal,seed10,229,0.0
hpmcounter7,normal,seed10,230,0.0
hpmcounter7,normal,seed10,231,0.0
hpmcounter7,normal,seed10,232,0.0
hpmcounter7,normal,seed10,233,0.0
hpmcounter7,normal,seed10,234,0.0
hpmcounter7,normal,seed10,235,0.0
hpmcounter7,normal,seed10,236,0.0
hpmcounter7,normal,seed10,237,0.0
hpmcounter7,normal,seed10,238,0.0
hpmcounter7,normal,seed10,239,0.0
hpmcounter7,normal,seed10,240,0.0
hpmcounter7,normal,seed10,241,0.0
hpmcounter7,normal,seed10,242,0.0
hpmcounter7,normal,seed10,243,0.0
hpmcounter7,normal,seed10,244,0.0
hpmcounter7,normal,seed10,245,0.0
hpmcounter7,normal,seed10,246,0.0
hpmcounter7,normal,seed10,247,0.0
hpmcounter7,normal,seed10,248,0.0
hpmcounter7,normal,seed10,249,0.0
hpmcounter7,normal,seed10,250,0.0
hpmcounter7,normal,seed10,251,0.0
hpmcounter7,normal,seed10,252,0.0
hpmcounter7,normal,seed10,253,0.0
hpmcounter7,normal,seed10,254,0.0
hpmcounter7,normal,seed10,255,0.0
hpmcounter7,normal,seed10,256,0.0
hpmcounter7,normal,seed10,257,0.0
hpmcounter7,normal,seed10,258,0.0
hpmcounter7,normal,seed10,259,0.0
hpmcounter7,normal,seed10,260,0.0
hpmcounter7,normal,seed10,261,0.0
hpmcounter7,normal,seed10,262,0.0
hpmcounter7,normal,seed10,263,0.0
hpmcounter7,normal,seed10,264,0.0
hpmcounter7,normal,seed10,265,0.0
hpmcounter7,normal,seed10,266,0.0
hpmcounter7,normal,seed10,267,0.0
hpmcounter7,normal,seed10,268,0.0
hpmcounter7,normal,seed10,269,0.0
hpmcounter7,normal,seed10,270,0.0
hpmcounter7,normal,seed10,271,0.0
hpmcounter7,normal,seed10,272,0.0
hpmcounter7,normal,seed10,273,0.0
hpmcounter7,normal,seed10,274,0.0
hpmcounter7,normal,seed10,275,0.0
hpmcounter7,normal,seed10,276,0.0
hpmcounter7,normal,seed10,277,0.0
hpmcounter7,normal,seed10,278,0.0
hpmcounter7,normal,seed10,279,0.0
hpmcounter7,normal,seed10,280,0.0
hpmcounter7,normal,seed10,281,0.0
hpmcounter7,normal,seed10,282,0.0
hpmcounter7,normal,seed10,283,0.0
hpmcounter7,normal,seed10,284,0.0
hpmcounter7,normal,seed10,285,0.0
hpmcounter7,normal,seed10,286,0.0
hpmcounter7,normal,seed10,287,0.0
hpmcounter7,normal,seed10,288,0.0
hpmcounter7,normal,seed10,289,0.0
hpmcounter7,normal,seed10,290,0.0
hpmcounter7,normal,seed10,291,0.0
hpmcounter7,normal,seed10,292,0.0
hpmcounter7,normal,seed10,293,0.0
hpmcounter7,normal,seed10,294,0.0
hpmcounter7,normal,seed10,295,0.0
hpmcounter7,normal,seed10,296,0.0
hpmcounter7,normal,seed10,297,0.0
hpmcounter7,normal,seed10,298,0.0
hpmcounter7,normal,seed11,9,0.0
hpmcounter7,normal,seed11,10,0.0
hpmcounter7,normal,seed11,11,0.0
hpmcounter7,normal,seed11,12,0.0
hpmcounter7,normal,seed11,13,0.0
hpmcounter7,normal,seed11,14,0.0
hpmcounter7,normal,seed11,15,0.0
hpmcounter7,normal,seed11,16,0.0
hpmcounter7,normal,seed11,17,0.0
hpmcounter7,normal,seed11,18,0.0
hpmcounter7,normal,seed11,19,0.0
hpmcounter7,normal,seed11,20,0.0
hpmcounter7,normal,seed11,21,0.0
hpmcounter7,normal,seed11,22,0.0
hpmcounter7,normal,seed11,23,0.0
hpmcounter7,normal,seed11,24,0.0
hpmcounter7,normal,seed11,25,0.0
hpmcounter7,normal,seed11,26,0.0
hpmcounter7,normal,seed11,27,0.0
hpmcounter7,normal,seed11,28,0.0
hpmcounter7,normal,seed11,29,0.0
hpmcounter7,normal,seed11,30,0.0
hpmcounter7,normal,seed11,31,0.0
hpmcounter7,normal,seed11,32,0.0
hpmcounter7,normal,seed11,33,0.0
hpmcounter7,normal,seed11,34,0.0
hpmcounter7,normal,seed11,35,0.0
hpmcounter7,normal,seed11,36,0.0
hpmcounter7,normal,seed11,37,0.0
hpmcounter7,normal,seed11,38,0.0
hpmcounter7,normal,seed11,39,0.0
hpmcounter7,normal,seed11,40,0.0
hpmcounter7,normal,seed11,41,0.0
hpmcounter7,normal,seed11,42,0.0
hpmcounter7,normal,seed11,43,0.0
hpmcounter7,normal,seed11,44,0.0
hpmcounter7,normal,seed11,45,0.0
hpmcounter7,normal,seed11,46,0.0
hpmcounter7,normal,seed11,47,0.0
hpmcounter7,normal,seed11,48,0.0
hpmcounter7,normal,seed11,49,0.0
hpmcounter7,normal,seed11,50,0.0
hpmcounter7,normal,seed11,51,0.0
hpmcounter7,normal,seed11,52,0.0
hpmcounter7,normal,seed11,53,0.0
hpmcounter7,normal,seed11,54,0.0
hpmcounter7,normal,seed11,55,0.0
hpmcounter7,normal,seed11,56,0.0
hpmcounter7,normal,seed11,57,0.0
hpmcounter7,normal,seed11,58,0.0
hpmcounter7,normal,seed11,59,0.0
hpmcounter7,normal,seed11,60,0.0
hpmcounter7,normal,seed11,61,0.0
hpmcounter7,normal,seed11,62,0.0
hpmcounter7,normal,seed11,63,0.0
hpmcounter7,normal,seed11,64,0.0
hpmcounter7,normal,seed11,65,0.0
hpmcounter7,normal,seed11,66,0.0
hpmcounter7,normal,seed11,67,0.0
hpmcounter7,normal,seed11,68,0.0
hpmcounter7,normal,seed11,69,0.0
hpmcounter7,normal,seed11,70,0.0
hpmcounter7,normal,seed11,71,0.0
hpmcounter7,normal,seed11,72,0.0
hpmcounter7,normal,seed11,73,0.0
hpmcounter7,normal,seed11,74,0.0
hpmcounter7,normal,seed11,75,0.0
hpmcounter7,normal,seed11,76,0.0
hpmcounter7,normal,seed11,77,0.0
hpmcounter7,normal,seed11,78,0.0
hpmcounter7,normal,seed11,79,0.0
hpmcounter7,normal,seed11,80,0.0
hpmcounter7,normal,seed11,81,0.0
hpmcounter7,normal,seed11,82,0.0
hpmcounter7,normal,seed11,83,0.0
hpmcounter7,normal,seed11,84,0.0
hpmcounter7,normal,seed11,85,0.0
hpmcounter7,normal,seed11,86,0.0
hpmcounter7,normal,seed11,87,0.0
hpmcounter7,normal,seed11,88,0.0
hpmcounter7,normal,seed11,89,0.0
hpmcounter7,normal,seed11,90,0.0
hpmcounter7,normal,seed11,91,0.0
hpmcounter7,normal,seed11,92,0.0
hpmcounter7,normal,seed11,93,0.0
hpmcounter7,normal,seed11,94,0.0
hpmcounter7,normal,seed11,95,0.0
hpmcounter7,normal,seed11,96,0.0
hpmcounter7,normal,seed11,97,0.0
hpmcounter7,normal,seed11,98,0.0
hpmcounter7,normal,seed11,99,0.0
hpmcounter7,normal,seed11,100,0.0
hpmcounter7,normal,seed11,101,0.0
hpmcounter7,normal,seed11,102,0.0
hpmcounter7,normal,seed11,103,0.0
hpmcounter7,normal,seed11,104,0.0
hpmcounter7,normal,seed11,105,0.0
hpmcounter7,normal,seed11,106,0.0
hpmcounter7,normal,seed11,107,0.0
hpmcounter7,normal,seed11,108,0.0
hpmcounter7,normal,seed11,109,0.0
hpmcounter7,normal,seed11,110,0.0
hpmcounter7,normal,seed11,111,0.0
hpmcounter7,normal,seed11,112,0.0
hpmcounter7,normal,seed11,113,0.0
hpmcounter7,normal,seed11,114,0.0
hpmcounter7,normal,seed11,115,0.0
hpmcounter7,normal,seed11,116,0.0
hpmcounter7,normal,seed11,117,0.0
hpmcounter7,normal,seed11,118,0.0
hpmcounter7,normal,seed11,119,0.0
hpmcounter7,normal,seed11,120,0.0
hpmcounter7,normal,seed11,121,0.0
hpmcounter7,normal,seed11,122,0.0
hpmcounter7,normal,seed11,123,0.0
hpmcounter7,normal,seed11,124,0.0
hpmcounter7,normal,seed11,125,0.0
hpmcounter7,normal,seed11,126,0.0
hpmcounter7,normal,seed11,127,0.0
hpmcounter7,normal,seed11,128,0.0
hpmcounter7,normal,seed11,129,0.0
hpmcounter7,normal,seed11,130,0.0
hpmcounter7,normal,seed11,131,0.0
hpmcounter7,normal,seed11,132,0.0
hpmcounter7,normal,seed11,133,0.0
hpmcounter7,normal,seed11,134,0.0
hpmcounter7,normal,seed11,135,0.0
hpmcounter7,normal,seed11,136,0.0
hpmcounter7,normal,seed11,137,0.0
hpmcounter7,normal,seed11,138,0.0
hpmcounter7,normal,seed11,139,0.0
hpmcounter7,normal,seed11,140,0.0
hpmcounter7,normal,seed11,141,0.0
hpmcounter7,normal,seed11,142,0.0
hpmcounter7,normal,seed11,143,0.0
hpmcounter7,normal,seed11,144,0.0
hpmcounter7,normal,seed11,145,0.0
hpmcounter7,normal,seed11,146,0.0
hpmcounter7,normal,seed11,147,0.0
hpmcounter7,normal,seed11,148,0.0
hpmcounter7,normal,seed11,149,0.0
hpmcounter7,normal,seed11,150,0.0
hpmcounter7,normal,seed11,151,0.0
hpmcounter7,normal,seed11,152,0.0
hpmcounter7,normal,seed11,153,0.0
hpmcounter7,normal,seed11,154,0.0
hpmcounter7,normal,seed11,155,0.0
hpmcounter7,normal,seed11,156,0.0
hpmcounter7,normal,seed11,157,0.0
hpmcounter7,normal,seed11,158,0.0
hpmcounter7,normal,seed11,159,0.0
hpmcounter7,normal,seed11,160,0.0
hpmcounter7,normal,seed11,161,0.0
hpmcounter7,normal,seed11,162,0.0
hpmcounter7,normal,seed11,163,0.0
hpmcounter7,normal,seed11,164,0.0
hpmcounter7,normal,seed11,165,0.0
hpmcounter7,normal,seed11,166,0.0
hpmcounter7,normal,seed11,167,0.0
hpmcounter7,normal,seed11,168,0.0
hpmcounter7,normal,seed11,169,0.0
hpmcounter7,normal,seed11,170,0.0
hpmcounter7,normal,seed11,171,0.0
hpmcounter7,normal,seed11,172,0.0
hpmcounter7,normal,seed11,173,0.0
hpmcounter7,normal,seed11,174,0.0
hpmcounter7,normal,seed11,175,0.0
hpmcounter7,normal,seed11,176,0.0
hpmcounter7,normal,seed11,177,0.0
hpmcounter7,normal,seed11,178,0.0
hpmcounter7,normal,seed11,179,0.0
hpmcounter7,normal,seed11,180,0.0
hpmcounter7,normal,seed11,181,0.0
hpmcounter7,normal,seed11,182,0.0
hpmcounter7,normal,seed11,183,0.0
hpmcounter7,normal,seed11,184,0.0
hpmcounter7,normal,seed11,185,0.0
hpmcounter7,normal,seed11,186,0.0
hpmcounter7,normal,seed11,187,0.0
hpmcounter7,normal,seed11,188,0.0
hpmcounter7,normal,seed11,189,0.0
hpmcounter7,normal,seed11,190,0.0
hpmcounter7,normal,seed11,191,0.0
hpmcounter7,normal,seed11,192,0.0
hpmcounter7,normal,seed11,193,0.0
hpmcounter7,normal,seed11,194,0.0
hpmcounter7,normal,seed11,195,0.0
hpmcounter7,normal,seed11,196,0.0
hpmcounter7,normal,seed11,197,0.0
hpmcounter7,normal,seed11,198,0.0
hpmcounter7,normal,seed11,199,0.0
hpmcounter7,normal,seed11,200,0.0
hpmcounter7,normal,seed11,201,0.0
hpmcounter7,normal,seed11,202,0.0
hpmcounter7,normal,seed11,203,0.0
hpmcounter7,normal,seed11,204,0.0
hpmcounter7,normal,seed11,205,0.0
hpmcounter7,normal,seed11,206,0.0
hpmcounter7,normal,seed11,207,0.0
hpmcounter7,normal,seed11,208,0.0
hpmcounter7,normal,seed11,209,0.0
hpmcounter7,normal,seed11,210,0.0
hpmcounter7,normal,seed11,211,0.0
hpmcounter7,normal,seed11,212,0.0
hpmcounter7,normal,seed11,213,0.0
hpmcounter7,normal,seed11,214,0.0
hpmcounter7,normal,seed11,215,0.0
hpmcounter7,normal,seed11,216,0.0
hpmcounter7,normal,seed11,217,0.0
hpmcounter7,normal,seed11,218,0.0
hpmcounter7,normal,seed11,219,0.0
hpmcounter7,normal,seed11,220,0.0
hpmcounter7,normal,seed11,221,0.0
hpmcounter7,normal,seed11,222,0.0
hpmcounter7,normal,seed11,223,0.0
hpmcounter7,normal,seed11,224,0.0
hpmcounter7,normal,seed11,225,0.0
hpmcounter7,normal,seed11,226,0.0
hpmcounter7,normal,seed11,227,0.0
hpmcounter7,normal,seed11,228,0.0
hpmcounter7,normal,seed11,229,0.0
hpmcounter7,normal,seed11,230,0.0
hpmcounter7,normal,seed11,231,0.0
hpmcounter7,normal,seed11,232,0.0
hpmcounter7,normal,seed11,233,0.0
hpmcounter7,normal,seed11,234,0.0
hpmcounter7,normal,seed11,235,0.0
hpmcounter7,normal,seed11,236,0.0
hpmcounter7,normal,seed11,237,0.0
hpmcounter7,normal,seed11,238,0.0
hpmcounter7,normal,seed11,239,0.0
hpmcounter7,normal,seed11,240,0.0
hpmcounter7,normal,seed11,241,0.0
hpmcounter7,normal,seed11,242,0.0
hpmcounter7,normal,seed11,243,0.0
hpmcounter7,normal,seed11,244,0.0
hpmcounter7,normal,seed11,245,0.0
hpmcounter7,normal,seed11,246,0.0
hpmcounter7,normal,seed11,247,0.0
hpmcounter7,normal,seed11,248,0.0
hpmcounter7,normal,seed11,249,0.0
hpmcounter7,normal,seed11,250,0.0
hpmcounter7,normal,seed11,251,0.0
hpmcounter7,normal,seed11,252,0.0
hpmcounter7,normal,seed11,253,0.0
hpmcounter7,normal,seed11,254,0.0
hpmcounter7,normal,seed11,255,0.0
hpmcounter7,normal,seed11,256,0.0
hpmcounter7,normal,seed11,257,0.0
hpmcounter7,normal,seed11,258,0.0
hpmcounter7,normal,seed11,259,0.0
hpmcounter7,normal,seed11,260,0.0
hpmcounter7,normal,seed11,261,0.0
hpmcounter7,normal,seed11,262,0.0
hpmcounter7,normal,seed11,263,0.0
hpmcounter7,normal,seed11,264,0.0
hpmcounter7,normal,seed11,265,0.0
hpmcounter7,normal,seed11,266,0.0
hpmcounter7,normal,seed11,267,0.0
hpmcounter7,normal,seed11,268,0.0
hpmcounter7,normal,seed11,269,0.0
hpmcounter7,normal,seed11,270,0.0
hpmcounter7,normal,seed11,271,0.0
hpmcounter7,normal,seed11,272,0.0
hpmcounter7,normal,seed11,273,0.0
hpmcounter7,normal,seed11,274,0.0
hpmcounter7,normal,seed11,275,0.0
hpmcounter7,normal,seed11,276,0.0
hpmcounter7,normal,seed11,277,0.0
hpmcounter7,normal,seed11,278,0.0
hpmcounter7,normal,seed11,279,0.0
hpmcounter7,normal,seed11,280,0.0
hpmcounter7,normal,seed11,281,0.0
hpmcounter7,normal,seed11,282,0.0
hpmcounter7,normal,seed11,283,0.0
hpmcounter7,normal,seed11,284,0.0
hpmcounter7,normal,seed11,285,0.0
hpmcounter7,normal,seed11,286,0.0
hpmcounter7,normal,seed11,287,0.0
hpmcounter7,normal,seed11,288,0.0
hpmcounter7,normal,seed11,289,0.0
hpmcounter7,normal,seed11,290,0.0
hpmcounter7,normal,seed11,291,0.0
hpmcounter7,normal,seed11,292,0.0
hpmcounter7,normal,seed11,293,0.0
hpmcounter7,normal,seed11,294,0.0
hpmcounter7,normal,seed11,295,0.0
hpmcounter7,normal,seed11,296,0.0
hpmcounter7,normal,seed11,297,0.0
hpmcounter7,normal,seed11,298,0.0
hpmcounter7,normal,seed12,9,0.0
hpmcounter7,normal,seed12,10,0.0
hpmcounter7,normal,seed12,11,0.0
hpmcounter7,normal,seed12,12,0.0
hpmcounter7,normal,seed12,13,0.0
hpmcounter7,normal,seed12,14,0.0
hpmcounter7,normal,seed12,15,0.0
hpmcounter7,normal,seed12,16,0.0
hpmcounter7,normal,seed12,17,0.0
hpmcounter7,normal,seed12,18,0.0
hpmcounter7,normal,seed12,19,0.0
hpmcounter7,normal,seed12,20,0.0
hpmcounter7,normal,seed12,21,0.0
hpmcounter7,normal,seed12,22,0.0
hpmcounter7,normal,seed12,23,0.0
hpmcounter7,normal,seed12,24,0.0
hpmcounter7,normal,seed12,25,0.0
hpmcounter7,normal,seed12,26,0.0
hpmcounter7,normal,seed12,27,0.0
hpmcounter7,normal,seed12,28,0.0
hpmcounter7,normal,seed12,29,0.0
hpmcounter7,normal,seed12,30,0.0
hpmcounter7,normal,seed12,31,0.0
hpmcounter7,normal,seed12,32,0.0
hpmcounter7,normal,seed12,33,0.0
hpmcounter7,normal,seed12,34,0.0
hpmcounter7,normal,seed12,35,0.0
hpmcounter7,normal,seed12,36,0.0
hpmcounter7,normal,seed12,37,0.0
hpmcounter7,normal,seed12,38,0.0
hpmcounter7,normal,seed12,39,0.0
hpmcounter7,normal,seed12,40,0.0
hpmcounter7,normal,seed12,41,0.0
hpmcounter7,normal,seed12,42,0.0
hpmcounter7,normal,seed12,43,0.0
hpmcounter7,normal,seed12,44,0.0
hpmcounter7,normal,seed12,45,0.0
hpmcounter7,normal,seed12,46,0.0
hpmcounter7,normal,seed12,47,0.0
hpmcounter7,normal,seed12,48,0.0
hpmcounter7,normal,seed12,49,0.0
hpmcounter7,normal,seed12,50,0.0
hpmcounter7,normal,seed12,51,0.0
hpmcounter7,normal,seed12,52,0.0
hpmcounter7,normal,seed12,53,0.0
hpmcounter7,normal,seed12,54,0.0
hpmcounter7,normal,seed12,55,0.0
hpmcounter7,normal,seed12,56,0.0
hpmcounter7,normal,seed12,57,0.0
hpmcounter7,normal,seed12,58,0.0
hpmcounter7,normal,seed12,59,0.0
hpmcounter7,normal,seed12,60,0.0
hpmcounter7,normal,seed12,61,0.0
hpmcounter7,normal,seed12,62,0.0
hpmcounter7,normal,seed12,63,0.0
hpmcounter7,normal,seed12,64,0.0
hpmcounter7,normal,seed12,65,0.0
hpmcounter7,normal,seed12,66,0.0
hpmcounter7,normal,seed12,67,0.0
hpmcounter7,normal,seed12,68,0.0
hpmcounter7,normal,seed12,69,0.0
hpmcounter7,normal,seed12,70,0.0
hpmcounter7,normal,seed12,71,0.0
hpmcounter7,normal,seed12,72,0.0
hpmcounter7,normal,seed12,73,0.0
hpmcounter7,normal,seed12,74,0.0
hpmcounter7,normal,seed12,75,0.0
hpmcounter7,normal,seed12,76,0.0
hpmcounter7,normal,seed12,77,0.0
hpmcounter7,normal,seed12,78,0.0
hpmcounter7,normal,seed12,79,0.0
hpmcounter7,normal,seed12,80,0.0
hpmcounter7,normal,seed12,81,0.0
hpmcounter7,normal,seed12,82,0.0
hpmcounter7,normal,seed12,83,0.0
hpmcounter7,normal,seed12,84,0.0
hpmcounter7,normal,seed12,85,0.0
hpmcounter7,normal,seed12,86,0.0
hpmcounter7,normal,seed12,87,0.0
hpmcounter7,normal,seed12,88,0.0
hpmcounter7,normal,seed12,89,0.0
hpmcounter7,normal,seed12,90,0.0
hpmcounter7,normal,seed12,91,0.0
hpmcounter7,normal,seed12,92,0.0
hpmcounter7,normal,seed12,93,0.0
hpmcounter7,normal,seed12,94,0.0
hpmcounter7,normal,seed12,95,0.0
hpmcounter7,normal,seed12,96,0.0
hpmcounter7,normal,seed12,97,0.0
hpmcounter7,normal,seed12,98,0.0
hpmcounter7,normal,seed12,99,0.0
hpmcounter7,normal,seed12,100,0.0
hpmcounter7,normal,seed12,101,0.0
hpmcounter7,normal,seed12,102,0.0
hpmcounter7,normal,seed12,103,0.0
hpmcounter7,normal,seed12,104,0.0
hpmcounter7,normal,seed12,105,0.0
hpmcounter7,normal,seed12,106,0.0
hpmcounter7,normal,seed12,107,0.0
hpmcounter7,normal,seed12,108,0.0
hpmcounter7,normal,seed12,109,0.0
hpmcounter7,normal,seed12,110,0.0
hpmcounter7,normal,seed12,111,0.0
hpmcounter7,normal,seed12,112,0.0
hpmcounter7,normal,seed12,113,0.0
hpmcounter7,normal,seed12,114,0.0
hpmcounter7,normal,seed12,115,0.0
hpmcounter7,normal,seed12,116,0.0
hpmcounter7,normal,seed12,117,0.0
hpmcounter7,normal,seed12,118,0.0
hpmcounter7,normal,seed12,119,0.0
hpmcounter7,normal,seed12,120,0.0
hpmcounter7,normal,seed12,121,0.0
hpmcounter7,normal,seed12,122,0.0
hpmcounter7,normal,seed12,123,0.0
hpmcounter7,normal,seed12,124,0.0
hpmcounter7,normal,seed12,125,0.0
hpmcounter7,normal,seed12,126,0.0
hpmcounter7,normal,seed12,127,0.0
hpmcounter7,normal,seed12,128,0.0
hpmcounter7,normal,seed12,129,0.0
hpmcounter7,normal,seed12,130,0.0
hpmcounter7,normal,seed12,131,0.0
hpmcounter7,normal,seed12,132,0.0
hpmcounter7,normal,seed12,133,0.0
hpmcounter7,normal,seed12,134,0.0
hpmcounter7,normal,seed12,135,0.0
hpmcounter7,normal,seed12,136,0.0
hpmcounter7,normal,seed12,137,0.0
hpmcounter7,normal,seed12,138,0.0
hpmcounter7,normal,seed12,139,0.0
hpmcounter7,normal,seed12,140,0.0
hpmcounter7,normal,seed12,141,0.0
hpmcounter7,normal,seed12,142,0.0
hpmcounter7,normal,seed12,143,0.0
hpmcounter7,normal,seed12,144,0.0
hpmcounter7,normal,seed12,145,0.0
hpmcounter7,normal,seed12,146,0.0
hpmcounter7,normal,seed12,147,0.0
hpmcounter7,normal,seed12,148,0.0
hpmcounter7,normal,seed12,149,0.0
hpmcounter7,normal,seed12,150,0.0
hpmcounter7,normal,seed12,151,0.0
hpmcounter7,normal,seed12,152,0.0
hpmcounter7,normal,seed12,153,0.0
hpmcounter7,normal,seed12,154,0.0
hpmcounter7,normal,seed12,155,0.0
hpmcounter7,normal,seed12,156,0.0
hpmcounter7,normal,seed12,157,0.0
hpmcounter7,normal,seed12,158,0.0
hpmcounter7,normal,seed12,159,0.0
hpmcounter7,normal,seed12,160,0.0
hpmcounter7,normal,seed12,161,0.0
hpmcounter7,normal,seed12,162,0.0
hpmcounter7,normal,seed12,163,0.0
hpmcounter7,normal,seed12,164,0.0
hpmcounter7,normal,seed12,165,0.0
hpmcounter7,normal,seed12,166,0.0
hpmcounter7,normal,seed12,167,0.0
hpmcounter7,normal,seed12,168,0.0
hpmcounter7,normal,seed12,169,0.0
hpmcounter7,normal,seed12,170,0.0
hpmcounter7,normal,seed12,171,0.0
hpmcounter7,normal,seed12,172,0.0
hpmcounter7,normal,seed12,173,0.0
hpmcounter7,normal,seed12,174,0.0
hpmcounter7,normal,seed12,175,0.0
hpmcounter7,normal,seed12,176,0.0
hpmcounter7,normal,seed12,177,0.0
hpmcounter7,normal,seed12,178,0.0
hpmcounter7,normal,seed12,179,0.0
hpmcounter7,normal,seed12,180,0.0
hpmcounter7,normal,seed12,181,0.0
hpmcounter7,normal,seed12,182,0.0
hpmcounter7,normal,seed12,183,0.0
hpmcounter7,normal,seed12,184,0.0
hpmcounter7,normal,seed12,185,0.0
hpmcounter7,normal,seed12,186,0.0
hpmcounter7,normal,seed12,187,0.0
hpmcounter7,normal,seed12,188,0.0
hpmcounter7,normal,seed12,189,0.0
hpmcounter7,normal,seed12,190,0.0
hpmcounter7,normal,seed12,191,0.0
hpmcounter7,normal,seed12,192,0.0
hpmcounter7,normal,seed12,193,0.0
hpmcounter7,normal,seed12,194,0.0
hpmcounter7,normal,seed12,195,0.0
hpmcounter7,normal,seed12,196,0.0
hpmcounter7,normal,seed12,197,0.0
hpmcounter7,normal,seed12,198,0.0
hpmcounter7,normal,seed12,199,0.0
hpmcounter7,normal,seed12,200,0.0
hpmcounter7,normal,seed12,201,0.0
hpmcounter7,normal,seed12,202,0.0
hpmcounter7,normal,seed12,203,0.0
hpmcounter7,normal,seed12,204,0.0
hpmcounter7,normal,seed12,205,0.0
hpmcounter7,normal,seed12,206,0.0
hpmcounter7,normal,seed12,207,0.0
hpmcounter7,normal,seed12,208,0.0
hpmcounter7,normal,seed12,209,0.0
hpmcounter7,normal,seed12,210,0.0
hpmcounter7,normal,seed12,211,0.0
hpmcounter7,normal,seed12,212,0.0
hpmcounter7,normal,seed12,213,0.0
hpmcounter7,normal,seed12,214,0.0
hpmcounter7,normal,seed12,215,0.0
hpmcounter7,normal,seed12,216,0.0
hpmcounter7,normal,seed12,217,0.0
hpmcounter7,normal,seed12,218,0.0
hpmcounter7,normal,seed12,219,0.0
hpmcounter7,normal,seed12,220,0.0
hpmcounter7,normal,seed12,221,0.0
hpmcounter7,normal,seed12,222,0.0
hpmcounter7,normal,seed12,223,0.0
hpmcounter7,normal,seed12,224,0.0
hpmcounter7,normal,seed12,225,0.0
hpmcounter7,normal,seed12,226,0.0
hpmcounter7,normal,seed12,227,0.0
hpmcounter7,normal,seed12,228,0.0
hpmcounter7,normal,seed12,229,0.0
hpmcounter7,normal,seed12,230,0.0
hpmcounter7,normal,seed12,231,0.0
hpmcounter7,normal,seed12,232,0.0
hpmcounter7,normal,seed12,233,0.0
hpmcounter7,normal,seed12,234,0.0
hpmcounter7,normal,seed12,235,0.0
hpmcounter7,normal,seed12,236,0.0
hpmcounter7,normal,seed12,237,0.0
hpmcounter7,normal,seed12,238,0.0
hpmcounter7,normal,seed12,239,0.0
hpmcounter7,normal,seed12,240,0.0
hpmcounter7,normal,seed12,241,0.0
hpmcounter7,normal,seed12,242,0.0
hpmcounter7,normal,seed12,243,0.0
hpmcounter7,normal,seed12,244,0.0
hpmcounter7,normal,seed12,245,0.0
hpmcounter7,normal,seed12,246,0.0
hpmcounter7,normal,seed12,247,0.0
hpmcounter7,normal,seed12,248,0.0
hpmcounter7,normal,seed12,249,0.0
hpmcounter7,normal,seed12,250,0.0
hpmcounter7,normal,seed12,251,0.0
hpmcounter7,normal,seed12,252,0.0
hpmcounter7,normal,seed12,253,0.0
hpmcounter7,normal,seed12,254,0.0
hpmcounter7,normal,seed12,255,0.0
hpmcounter7,normal,seed12,256,0.0
hpmcounter7,normal,seed12,257,0.0
hpmcounter7,normal,seed12,258,0.0
hpmcounter7,normal,seed12,259,0.0
hpmcounter7,normal,seed12,260,0.0
hpmcounter7,normal,seed12,261,0.0
hpmcounter7,normal,seed12,262,0.0
hpmcounter7,normal,seed12,263,0.0
hpmcounter7,normal,seed12,264,0.0
hpmcounter7,normal,seed12,265,0.0
hpmcounter7,normal,seed12,266,0.0
hpmcounter7,normal,seed12,267,0.0
hpmcounter7,normal,seed12,268,0.0
hpmcounter7,normal,seed12,269,0.0
hpmcounter7,normal,seed12,270,0.0
hpmcounter7,normal,seed12,271,0.0
hpmcounter7,normal,seed12,272,0.0
hpmcounter7,normal,seed12,273,0.0
hpmcounter7,normal,seed12,274,0.0
hpmcounter7,normal,seed12,275,0.0
hpmcounter7,normal,seed12,276,0.0
hpmcounter7,normal,seed12,277,0.0
hpmcounter7,normal,seed12,278,0.0
hpmcounter7,normal,seed12,279,0.0
hpmcounter7,normal,seed12,280,0.0
hpmcounter7,normal,seed12,281,0.0
hpmcounter7,normal,seed12,282,0.0
hpmcounter7,normal,seed12,283,0.0
hpmcounter7,normal,seed12,284,0.0
hpmcounter7,normal,seed12,285,0.0
hpmcounter7,normal,seed12,286,0.0
hpmcounter7,normal,seed12,287,0.0
hpmcounter7,normal,seed12,288,0.0
hpmcounter7,normal,seed12,289,0.0
hpmcounter7,normal,seed12,290,0.0
hpmcounter7,normal,seed12,291,0.0
hpmcounter7,normal,seed12,292,0.0
hpmcounter7,normal,seed12,293,0.0
hpmcounter7,normal,seed12,294,0.0
hpmcounter7,normal,seed12,295,0.0
hpmcounter7,normal,seed12,296,0.0
hpmcounter7,normal,seed12,297,0.0
hpmcounter7,normal,seed12,298,0.0
hpmcounter7,normal,seed13,9,0.0
hpmcounter7,normal,seed13,10,0.0
hpmcounter7,normal,seed13,11,0.0
hpmcounter7,normal,seed13,12,0.0
hpmcounter7,normal,seed13,13,0.0
hpmcounter7,normal,seed13,14,0.0
hpmcounter7,normal,seed13,15,0.0
hpmcounter7,normal,seed13,16,0.0
hpmcounter7,normal,seed13,17,0.0
hpmcounter7,normal,seed13,18,0.0
hpmcounter7,normal,seed13,19,0.0
hpmcounter7,normal,seed13,20,0.0
hpmcounter7,normal,seed13,21,0.0
hpmcounter7,normal,seed13,22,0.0
hpmcounter7,normal,seed13,23,0.0
hpmcounter7,normal,seed13,24,0.0
hpmcounter7,normal,seed13,25,0.0
hpmcounter7,normal,seed13,26,0.0
hpmcounter7,normal,seed13,27,0.0
hpmcounter7,normal,seed13,28,0.0
hpmcounter7,normal,seed13,29,0.0
hpmcounter7,normal,seed13,30,0.0
hpmcounter7,normal,seed13,31,0.0
hpmcounter7,normal,seed13,32,0.0
hpmcounter7,normal,seed13,33,0.0
hpmcounter7,normal,seed13,34,0.0
hpmcounter7,normal,seed13,35,0.0
hpmcounter7,normal,seed13,36,0.0
hpmcounter7,normal,seed13,37,0.0
hpmcounter7,normal,seed13,38,0.0
hpmcounter7,normal,seed13,39,0.0
hpmcounter7,normal,seed13,40,0.0
hpmcounter7,normal,seed13,41,0.0
hpmcounter7,normal,seed13,42,0.0
hpmcounter7,normal,seed13,43,0.0
hpmcounter7,normal,seed13,44,0.0
hpmcounter7,normal,seed13,45,0.0
hpmcounter7,normal,seed13,46,0.0
hpmcounter7,normal,seed13,47,0.0
hpmcounter7,normal,seed13,48,0.0
hpmcounter7,normal,seed13,49,0.0
hpmcounter7,normal,seed13,50,0.0
hpmcounter7,normal,seed13,51,0.0
hpmcounter7,normal,seed13,52,0.0
hpmcounter7,normal,seed13,53,0.0
hpmcounter7,normal,seed13,54,0.0
hpmcounter7,normal,seed13,55,0.0
hpmcounter7,normal,seed13,56,0.0
hpmcounter7,normal,seed13,57,0.0
hpmcounter7,normal,seed13,58,0.0
hpmcounter7,normal,seed13,59,0.0
hpmcounter7,normal,seed13,60,0.0
hpmcounter7,normal,seed13,61,0.0
hpmcounter7,normal,seed13,62,0.0
hpmcounter7,normal,seed13,63,0.0
hpmcounter7,normal,seed13,64,0.0
hpmcounter7,normal,seed13,65,0.0
hpmcounter7,normal,seed13,66,0.0
hpmcounter7,normal,seed13,67,0.0
hpmcounter7,normal,seed13,68,0.0
hpmcounter7,normal,seed13,69,0.0
hpmcounter7,normal,seed13,70,0.0
hpmcounter7,normal,seed13,71,0.0
hpmcounter7,normal,seed13,72,0.0
hpmcounter7,normal,seed13,73,0.0
hpmcounter7,normal,seed13,74,0.0
hpmcounter7,normal,seed13,75,0.0
hpmcounter7,normal,seed13,76,0.0
hpmcounter7,normal,seed13,77,0.0
hpmcounter7,normal,seed13,78,0.0
hpmcounter7,normal,seed13,79,0.0
hpmcounter7,normal,seed13,80,0.0
hpmcounter7,normal,seed13,81,0.0
hpmcounter7,normal,seed13,82,0.0
hpmcounter7,normal,seed13,83,0.0
hpmcounter7,normal,seed13,84,0.0
hpmcounter7,normal,seed13,85,0.0
hpmcounter7,normal,seed13,86,0.0
hpmcounter7,normal,seed13,87,0.0
hpmcounter7,normal,seed13,88,0.0
hpmcounter7,normal,seed13,89,0.0
hpmcounter7,normal,seed13,90,0.0
hpmcounter7,normal,seed13,91,0.0
hpmcounter7,normal,seed13,92,0.0
hpmcounter7,normal,seed13,93,0.0
hpmcounter7,normal,seed13,94,0.0
hpmcounter7,normal,seed13,95,0.0
hpmcounter7,normal,seed13,96,0.0
hpmcounter7,normal,seed13,97,0.0
hpmcounter7,normal,seed13,98,0.0
hpmcounter7,normal,seed13,99,0.0
hpmcounter7,normal,seed13,100,0.0
hpmcounter7,normal,seed13,101,0.0
hpmcounter7,normal,seed13,102,0.0
hpmcounter7,normal,seed13,103,0.0
hpmcounter7,normal,seed13,104,0.0
hpmcounter7,normal,seed13,105,0.0
hpmcounter7,normal,seed13,106,0.0
hpmcounter7,normal,seed13,107,0.0
hpmcounter7,normal,seed13,108,0.0
hpmcounter7,normal,seed13,109,0.0
hpmcounter7,normal,seed13,110,0.0
hpmcounter7,normal,seed13,111,0.0
hpmcounter7,normal,seed13,112,0.0
hpmcounter7,normal,seed13,113,0.0
hpmcounter7,normal,seed13,114,0.0
hpmcounter7,normal,seed13,115,0.0
hpmcounter7,normal,seed13,116,0.0
hpmcounter7,normal,seed13,117,0.0
hpmcounter7,normal,seed13,118,0.0
hpmcounter7,normal,seed13,119,0.0
hpmcounter7,normal,seed13,120,0.0
hpmcounter7,normal,seed13,121,0.0
hpmcounter7,normal,seed13,122,0.0
hpmcounter7,normal,seed13,123,0.0
hpmcounter7,normal,seed13,124,0.0
hpmcounter7,normal,seed13,125,0.0
hpmcounter7,normal,seed13,126,0.0
hpmcounter7,normal,seed13,127,0.0
hpmcounter7,normal,seed13,128,0.0
hpmcounter7,normal,seed13,129,0.0
hpmcounter7,normal,seed13,130,0.0
hpmcounter7,normal,seed13,131,0.0
hpmcounter7,normal,seed13,132,0.0
hpmcounter7,normal,seed13,133,0.0
hpmcounter7,normal,seed13,134,0.0
hpmcounter7,normal,seed13,135,0.0
hpmcounter7,normal,seed13,136,0.0
hpmcounter7,normal,seed13,137,0.0
hpmcounter7,normal,seed13,138,0.0
hpmcounter7,normal,seed13,139,0.0
hpmcounter7,normal,seed13,140,0.0
hpmcounter7,normal,seed13,141,0.0
hpmcounter7,normal,seed13,142,0.0
hpmcounter7,normal,seed13,143,0.0
hpmcounter7,normal,seed13,144,0.0
hpmcounter7,normal,seed13,145,0.0
hpmcounter7,normal,seed13,146,0.0
hpmcounter7,normal,seed13,147,0.0
hpmcounter7,normal,seed13,148,0.0
hpmcounter7,normal,seed13,149,0.0
hpmcounter7,normal,seed13,150,0.0
hpmcounter7,normal,seed13,151,0.0
hpmcounter7,normal,seed13,152,0.0
hpmcounter7,normal,seed13,153,0.0
hpmcounter7,normal,seed13,154,0.0
hpmcounter7,normal,seed13,155,0.0
hpmcounter7,normal,seed13,156,0.0
hpmcounter7,normal,seed13,157,0.0
hpmcounter7,normal,seed13,158,0.0
hpmcounter7,normal,seed13,159,0.0
hpmcounter7,normal,seed13,160,0.0
hpmcounter7,normal,seed13,161,0.0
hpmcounter7,normal,seed13,162,0.0
hpmcounter7,normal,seed13,163,0.0
hpmcounter7,normal,seed13,164,0.0
hpmcounter7,normal,seed13,165,0.0
hpmcounter7,normal,seed13,166,0.0
hpmcounter7,normal,seed13,167,0.0
hpmcounter7,normal,seed13,168,0.0
hpmcounter7,normal,seed13,169,0.0
hpmcounter7,normal,seed13,170,0.0
hpmcounter7,normal,seed13,171,0.0
hpmcounter7,normal,seed13,172,0.0
hpmcounter7,normal,seed13,173,0.0
hpmcounter7,normal,seed13,174,0.0
hpmcounter7,normal,seed13,175,0.0
hpmcounter7,normal,seed13,176,0.0
hpmcounter7,normal,seed13,177,0.0
hpmcounter7,normal,seed13,178,0.0
hpmcounter7,normal,seed13,179,0.0
hpmcounter7,normal,seed13,180,0.0
hpmcounter7,normal,seed13,181,0.0
hpmcounter7,normal,seed13,182,0.0
hpmcounter7,normal,seed13,183,0.0
hpmcounter7,normal,seed13,184,0.0
hpmcounter7,normal,seed13,185,0.0
hpmcounter7,normal,seed13,186,0.0
hpmcounter7,normal,seed13,187,0.0
hpmcounter7,normal,seed13,188,0.0
hpmcounter7,normal,seed13,189,0.0
hpmcounter7,normal,seed13,190,0.0
hpmcounter7,normal,seed13,191,0.0
hpmcounter7,normal,seed13,192,0.0
hpmcounter7,normal,seed13,193,0.0
hpmcounter7,normal,seed13,194,0.0
hpmcounter7,normal,seed13,195,0.0
hpmcounter7,normal,seed13,196,0.0
hpmcounter7,normal,seed13,197,0.0
hpmcounter7,normal,seed13,198,0.0
hpmcounter7,normal,seed13,199,0.0
hpmcounter7,normal,seed13,200,0.0
hpmcounter7,normal,seed13,201,0.0
hpmcounter7,normal,seed13,202,0.0
hpmcounter7,normal,seed13,203,0.0
hpmcounter7,normal,seed13,204,0.0
hpmcounter7,normal,seed13,205,0.0
hpmcounter7,normal,seed13,206,0.0
hpmcounter7,normal,seed13,207,0.0
hpmcounter7,normal,seed13,208,0.0
hpmcounter7,normal,seed13,209,0.0
hpmcounter7,normal,seed13,210,0.0
hpmcounter7,normal,seed13,211,0.0
hpmcounter7,normal,seed13,212,0.0
hpmcounter7,normal,seed13,213,0.0
hpmcounter7,normal,seed13,214,0.0
hpmcounter7,normal,seed13,215,0.0
hpmcounter7,normal,seed13,216,0.0
hpmcounter7,normal,seed13,217,0.0
hpmcounter7,normal,seed13,218,0.0
hpmcounter7,normal,seed13,219,0.0
hpmcounter7,normal,seed13,220,0.0
hpmcounter7,normal,seed13,221,0.0
hpmcounter7,normal,seed13,222,0.0
hpmcounter7,normal,seed13,223,0.0
hpmcounter7,normal,seed13,224,0.0
hpmcounter7,normal,seed13,225,0.0
hpmcounter7,normal,seed13,226,0.0
hpmcounter7,normal,seed13,227,0.0
hpmcounter7,normal,seed13,228,0.0
hpmcounter7,normal,seed13,229,0.0
hpmcounter7,normal,seed13,230,0.0
hpmcounter7,normal,seed13,231,0.0
hpmcounter7,normal,seed13,232,0.0
hpmcounter7,normal,seed13,233,0.0
hpmcounter7,normal,seed13,234,0.0
hpmcounter7,normal,seed13,235,0.0
hpmcounter7,normal,seed13,236,0.0
hpmcounter7,normal,seed13,237,0.0
hpmcounter7,normal,seed13,238,0.0
hpmcounter7,normal,seed13,239,0.0
hpmcounter7,normal,seed13,240,0.0
hpmcounter7,normal,seed13,241,0.0
hpmcounter7,normal,seed13,242,0.0
hpmcounter7,normal,seed13,243,0.0
hpmcounter7,normal,seed13,244,0.0
hpmcounter7,normal,seed13,245,0.0
hpmcounter7,normal,seed13,246,0.0
hpmcounter7,normal,seed13,247,0.0
hpmcounter7,normal,seed13,248,0.0
hpmcounter7,normal,seed13,249,0.0
hpmcounter7,normal,seed13,250,0.0
hpmcounter7,normal,seed13,251,0.0
hpmcounter7,normal,seed13,252,0.0
hpmcounter7,normal,seed13,253,0.0
hpmcounter7,normal,seed13,254,0.0
hpmcounter7,normal,seed13,255,0.0
hpmcounter7,normal,seed13,256,0.0
hpmcounter7,normal,seed13,257,0.0
hpmcounter7,normal,seed13,258,0.0
hpmcounter7,normal,seed13,259,0.0
hpmcounter7,normal,seed13,260,0.0
hpmcounter7,normal,seed13,261,0.0
hpmcounter7,normal,seed13,262,0.0
hpmcounter7,normal,seed13,263,0.0
hpmcounter7,normal,seed13,264,0.0
hpmcounter7,normal,seed13,265,0.0
hpmcounter7,normal,seed13,266,0.0
hpmcounter7,normal,seed13,267,0.0
hpmcounter7,normal,seed13,268,0.0
hpmcounter7,normal,seed13,269,0.0
hpmcounter7,normal,seed13,270,0.0
hpmcounter7,normal,seed13,271,0.0
hpmcounter7,normal,seed13,272,0.0
hpmcounter7,normal,seed13,273,0.0
hpmcounter7,normal,seed13,274,0.0
hpmcounter7,normal,seed13,275,0.0
hpmcounter7,normal,seed13,276,0.0
hpmcounter7,normal,seed13,277,0.0
hpmcounter7,normal,seed13,278,0.0
hpmcounter7,normal,seed13,279,0.0
hpmcounter7,normal,seed13,280,0.0
hpmcounter7,normal,seed13,281,0.0
hpmcounter7,normal,seed13,282,0.0
hpmcounter7,normal,seed13,283,0.0
hpmcounter7,normal,seed13,284,0.0
hpmcounter7,normal,seed13,285,0.0
hpmcounter7,normal,seed13,286,0.0
hpmcounter7,normal,seed13,287,0.0
hpmcounter7,normal,seed13,288,0.0
hpmcounter7,normal,seed13,289,0.0
hpmcounter7,normal,seed13,290,0.0
hpmcounter7,normal,seed13,291,0.0
hpmcounter7,normal,seed13,292,0.0
hpmcounter7,normal,seed13,293,0.0
hpmcounter7,normal,seed13,294,0.0
hpmcounter7,normal,seed13,295,0.0
hpmcounter7,normal,seed13,296,0.0
hpmcounter7,normal,seed13,297,0.0
hpmcounter7,normal,seed13,298,0.0
hpmcounter7,normal,seed14,9,0.0
hpmcounter7,normal,seed14,10,0.0
hpmcounter7,normal,seed14,11,0.0
hpmcounter7,normal,seed14,12,0.0
hpmcounter7,normal,seed14,13,0.0
hpmcounter7,normal,seed14,14,0.0
hpmcounter7,normal,seed14,15,0.0
hpmcounter7,normal,seed14,16,0.0
hpmcounter7,normal,seed14,17,0.0
hpmcounter7,normal,seed14,18,0.0
hpmcounter7,normal,seed14,19,0.0
hpmcounter7,normal,seed14,20,0.0
hpmcounter7,normal,seed14,21,0.0
hpmcounter7,normal,seed14,22,0.0
hpmcounter7,normal,seed14,23,0.0
hpmcounter7,normal,seed14,24,0.0
hpmcounter7,normal,seed14,25,0.0
hpmcounter7,normal,seed14,26,0.0
hpmcounter7,normal,seed14,27,0.0
hpmcounter7,normal,seed14,28,0.0
hpmcounter7,normal,seed14,29,0.0
hpmcounter7,normal,seed14,30,0.0
hpmcounter7,normal,seed14,31,0.0
hpmcounter7,normal,seed14,32,0.0
hpmcounter7,normal,seed14,33,0.0
hpmcounter7,normal,seed14,34,0.0
hpmcounter7,normal,seed14,35,0.0
hpmcounter7,normal,seed14,36,0.0
hpmcounter7,normal,seed14,37,0.0
hpmcounter7,normal,seed14,38,0.0
hpmcounter7,normal,seed14,39,0.0
hpmcounter7,normal,seed14,40,0.0
hpmcounter7,normal,seed14,41,0.0
hpmcounter7,normal,seed14,42,0.0
hpmcounter7,normal,seed14,43,0.0
hpmcounter7,normal,seed14,44,0.0
hpmcounter7,normal,seed14,45,0.0
hpmcounter7,normal,seed14,46,0.0
hpmcounter7,normal,seed14,47,0.0
hpmcounter7,normal,seed14,48,0.0
hpmcounter7,normal,seed14,49,0.0
hpmcounter7,normal,seed14,50,0.0
hpmcounter7,normal,seed14,51,0.0
hpmcounter7,normal,seed14,52,0.0
hpmcounter7,normal,seed14,53,0.0
hpmcounter7,normal,seed14,54,0.0
hpmcounter7,normal,seed14,55,0.0
hpmcounter7,normal,seed14,56,0.0
hpmcounter7,normal,seed14,57,0.0
hpmcounter7,normal,seed14,58,0.0
hpmcounter7,normal,seed14,59,0.0
hpmcounter7,normal,seed14,60,0.0
hpmcounter7,normal,seed14,61,0.0
hpmcounter7,normal,seed14,62,0.0
hpmcounter7,normal,seed14,63,0.0
hpmcounter7,normal,seed14,64,0.0
hpmcounter7,normal,seed14,65,0.0
hpmcounter7,normal,seed14,66,0.0
hpmcounter7,normal,seed14,67,0.0
hpmcounter7,normal,seed14,68,0.0
hpmcounter7,normal,seed14,69,0.0
hpmcounter7,normal,seed14,70,0.0
hpmcounter7,normal,seed14,71,0.0
hpmcounter7,normal,seed14,72,0.0
hpmcounter7,normal,seed14,73,0.0
hpmcounter7,normal,seed14,74,0.0
hpmcounter7,normal,seed14,75,0.0
hpmcounter7,normal,seed14,76,0.0
hpmcounter7,normal,seed14,77,0.0
hpmcounter7,normal,seed14,78,0.0
hpmcounter7,normal,seed14,79,0.0
hpmcounter7,normal,seed14,80,0.0
hpmcounter7,normal,seed14,81,0.0
hpmcounter7,normal,seed14,82,0.0
hpmcounter7,normal,seed14,83,0.0
hpmcounter7,normal,seed14,84,0.0
hpmcounter7,normal,seed14,85,0.0
hpmcounter7,normal,seed14,86,0.0
hpmcounter7,normal,seed14,87,0.0
hpmcounter7,normal,seed14,88,0.0
hpmcounter7,normal,seed14,89,0.0
hpmcounter7,normal,seed14,90,0.0
hpmcounter7,normal,seed14,91,0.0
hpmcounter7,normal,seed14,92,0.0
hpmcounter7,normal,seed14,93,0.0
hpmcounter7,normal,seed14,94,0.0
hpmcounter7,normal,seed14,95,0.0
hpmcounter7,normal,seed14,96,0.0
hpmcounter7,normal,seed14,97,0.0
hpmcounter7,normal,seed14,98,0.0
hpmcounter7,normal,seed14,99,0.0
hpmcounter7,normal,seed14,100,0.0
hpmcounter7,normal,seed14,101,0.0
hpmcounter7,normal,seed14,102,0.0
hpmcounter7,normal,seed14,103,0.0
hpmcounter7,normal,seed14,104,0.0
hpmcounter7,normal,seed14,105,0.0
hpmcounter7,normal,seed14,106,0.0
hpmcounter7,normal,seed14,107,0.0
hpmcounter7,normal,seed14,108,0.0
hpmcounter7,normal,seed14,109,0.0
hpmcounter7,normal,seed14,110,0.0
hpmcounter7,normal,seed14,111,0.0
hpmcounter7,normal,seed14,112,0.0
hpmcounter7,normal,seed14,113,0.0
hpmcounter7,normal,seed14,114,0.0
hpmcounter7,normal,seed14,115,0.0
hpmcounter7,normal,seed14,116,0.0
hpmcounter7,normal,seed14,117,0.0
hpmcounter7,normal,seed14,118,0.0
hpmcounter7,normal,seed14,119,0.0
hpmcounter7,normal,seed14,120,0.0
hpmcounter7,normal,seed14,121,0.0
hpmcounter7,normal,seed14,122,0.0
hpmcounter7,normal,seed14,123,0.0
hpmcounter7,normal,seed14,124,0.0
hpmcounter7,normal,seed14,125,0.0
hpmcounter7,normal,seed14,126,0.0
hpmcounter7,normal,seed14,127,0.0
hpmcounter7,normal,seed14,128,0.0
hpmcounter7,normal,seed14,129,0.0
hpmcounter7,normal,seed14,130,0.0
hpmcounter7,normal,seed14,131,0.0
hpmcounter7,normal,seed14,132,0.0
hpmcounter7,normal,seed14,133,0.0
hpmcounter7,normal,seed14,134,0.0
hpmcounter7,normal,seed14,135,0.0
hpmcounter7,normal,seed14,136,0.0
hpmcounter7,normal,seed14,137,0.0
hpmcounter7,normal,seed14,138,0.0
hpmcounter7,normal,seed14,139,0.0
hpmcounter7,normal,seed14,140,0.0
hpmcounter7,normal,seed14,141,0.0
hpmcounter7,normal,seed14,142,0.0
hpmcounter7,normal,seed14,143,0.0
hpmcounter7,normal,seed14,144,0.0
hpmcounter7,normal,seed14,145,0.0
hpmcounter7,normal,seed14,146,0.0
hpmcounter7,normal,seed14,147,0.0
hpmcounter7,normal,seed14,148,0.0
hpmcounter7,normal,seed14,149,0.0
hpmcounter7,normal,seed14,150,0.0
hpmcounter7,normal,seed14,151,0.0
hpmcounter7,normal,seed14,152,0.0
hpmcounter7,normal,seed14,153,0.0
hpmcounter7,normal,seed14,154,0.0
hpmcounter7,normal,seed14,155,0.0
hpmcounter7,normal,seed14,156,0.0
hpmcounter7,normal,seed14,157,0.0
hpmcounter7,normal,seed14,158,0.0
hpmcounter7,normal,seed14,159,0.0
hpmcounter7,normal,seed14,160,0.0
hpmcounter7,normal,seed14,161,0.0
hpmcounter7,normal,seed14,162,0.0
hpmcounter7,normal,seed14,163,0.0
hpmcounter7,normal,seed14,164,0.0
hpmcounter7,normal,seed14,165,0.0
hpmcounter7,normal,seed14,166,0.0
hpmcounter7,normal,seed14,167,0.0
hpmcounter7,normal,seed14,168,0.0
hpmcounter7,normal,seed14,169,0.0
hpmcounter7,normal,seed14,170,0.0
hpmcounter7,normal,seed14,171,0.0
hpmcounter7,normal,seed14,172,0.0
hpmcounter7,normal,seed14,173,0.0
hpmcounter7,normal,seed14,174,0.0
hpmcounter7,normal,seed14,175,0.0
hpmcounter7,normal,seed14,176,0.0
hpmcounter7,normal,seed14,177,0.0
hpmcounter7,normal,seed14,178,0.0
hpmcounter7,normal,seed14,179,0.0
hpmcounter7,normal,seed14,180,0.0
hpmcounter7,normal,seed14,181,0.0
hpmcounter7,normal,seed14,182,0.0
hpmcounter7,normal,seed14,183,0.0
hpmcounter7,normal,seed14,184,0.0
hpmcounter7,normal,seed14,185,0.0
hpmcounter7,normal,seed14,186,0.0
hpmcounter7,normal,seed14,187,0.0
hpmcounter7,normal,seed14,188,0.0
hpmcounter7,normal,seed14,189,0.0
hpmcounter7,normal,seed14,190,0.0
hpmcounter7,normal,seed14,191,0.0
hpmcounter7,normal,seed14,192,0.0
hpmcounter7,normal,seed14,193,0.0
hpmcounter7,normal,seed14,194,0.0
hpmcounter7,normal,seed14,195,0.0
hpmcounter7,normal,seed14,196,0.0
hpmcounter7,normal,seed14,197,0.0
hpmcounter7,normal,seed14,198,0.0
hpmcounter7,normal,seed14,199,0.0
hpmcounter7,normal,seed14,200,0.0
hpmcounter7,normal,seed14,201,0.0
hpmcounter7,normal,seed14,202,0.0
hpmcounter7,normal,seed14,203,0.0
hpmcounter7,normal,seed14,204,0.0
hpmcounter7,normal,seed14,205,0.0
hpmcounter7,normal,seed14,206,0.0
hpmcounter7,normal,seed14,207,0.0
hpmcounter7,normal,seed14,208,0.0
hpmcounter7,normal,seed14,209,0.0
hpmcounter7,normal,seed14,210,0.0
hpmcounter7,normal,seed14,211,0.0
hpmcounter7,normal,seed14,212,0.0
hpmcounter7,normal,seed14,213,0.0
hpmcounter7,normal,seed14,214,0.0
hpmcounter7,normal,seed14,215,0.0
hpmcounter7,normal,seed14,216,0.0
hpmcounter7,normal,seed14,217,0.0
hpmcounter7,normal,seed14,218,0.0
hpmcounter7,normal,seed14,219,0.0
hpmcounter7,normal,seed14,220,0.0
hpmcounter7,normal,seed14,221,0.0
hpmcounter7,normal,seed14,222,0.0
hpmcounter7,normal,seed14,223,0.0
hpmcounter7,normal,seed14,224,0.0
hpmcounter7,normal,seed14,225,0.0
hpmcounter7,normal,seed14,226,0.0
hpmcounter7,normal,seed14,227,0.0
hpmcounter7,normal,seed14,228,0.0
hpmcounter7,normal,seed14,229,0.0
hpmcounter7,normal,seed14,230,0.0
hpmcounter7,normal,seed14,231,0.0
hpmcounter7,normal,seed14,232,0.0
hpmcounter7,normal,seed14,233,0.0
hpmcounter7,normal,seed14,234,0.0
hpmcounter7,normal,seed14,235,0.0
hpmcounter7,normal,seed14,236,0.0
hpmcounter7,normal,seed14,237,0.0
hpmcounter7,normal,seed14,238,0.0
hpmcounter7,normal,seed14,239,0.0
hpmcounter7,normal,seed14,240,0.0
hpmcounter7,normal,seed14,241,0.0
hpmcounter7,normal,seed14,242,0.0
hpmcounter7,normal,seed14,243,0.0
hpmcounter7,normal,seed14,244,0.0
hpmcounter7,normal,seed14,245,0.0
hpmcounter7,normal,seed14,246,0.0
hpmcounter7,normal,seed14,247,0.0
hpmcounter7,normal,seed14,248,0.0
hpmcounter7,normal,seed14,249,0.0
hpmcounter7,normal,seed14,250,0.0
hpmcounter7,normal,seed14,251,0.0
hpmcounter7,normal,seed14,252,0.0
hpmcounter7,normal,seed14,253,0.0
hpmcounter7,normal,seed14,254,0.0
hpmcounter7,normal,seed14,255,0.0
hpmcounter7,normal,seed14,256,0.0
hpmcounter7,normal,seed14,257,0.0
hpmcounter7,normal,seed14,258,0.0
hpmcounter7,normal,seed14,259,0.0
hpmcounter7,normal,seed14,260,0.0
hpmcounter7,normal,seed14,261,0.0
hpmcounter7,normal,seed14,262,0.0
hpmcounter7,normal,seed14,263,0.0
hpmcounter7,normal,seed14,264,0.0
hpmcounter7,normal,seed14,265,0.0
hpmcounter7,normal,seed14,266,0.0
hpmcounter7,normal,seed14,267,0.0
hpmcounter7,normal,seed14,268,0.0
hpmcounter7,normal,seed14,269,0.0
hpmcounter7,normal,seed14,270,0.0
hpmcounter7,normal,seed14,271,0.0
hpmcounter7,normal,seed14,272,0.0
hpmcounter7,normal,seed14,273,0.0
hpmcounter7,normal,seed14,274,0.0
hpmcounter7,normal,seed14,275,0.0
hpmcounter7,normal,seed14,276,0.0
hpmcounter7,normal,seed14,277,0.0
hpmcounter7,normal,seed14,278,0.0
hpmcounter7,normal,seed14,279,0.0
hpmcounter7,normal,seed14,280,0.0
hpmcounter7,normal,seed14,281,0.0
hpmcounter7,normal,seed14,282,0.0
hpmcounter7,normal,seed14,283,0.0
hpmcounter7,normal,seed14,284,0.0
hpmcounter7,normal,seed14,285,0.0
hpmcounter7,normal,seed14,286,0.0
hpmcounter7,normal,seed14,287,0.0
hpmcounter7,normal,seed14,288,0.0
hpmcounter7,normal,seed14,289,0.0
hpmcounter7,normal,seed14,290,0.0
hpmcounter7,normal,seed14,291,0.0
hpmcounter7,normal,seed14,292,0.0
hpmcounter7,normal,seed14,293,0.0
hpmcounter7,normal,seed14,294,0.0
hpmcounter7,normal,seed14,295,0.0
hpmcounter7,normal,seed14,296,0.0
hpmcounter7,normal,seed14,297,0.0
hpmcounter7,normal,seed14,298,0.0
hpmcounter7,normal,seed15,9,0.0
hpmcounter7,normal,seed15,10,0.0
hpmcounter7,normal,seed15,11,0.0
hpmcounter7,normal,seed15,12,0.0
hpmcounter7,normal,seed15,13,0.0
hpmcounter7,normal,seed15,14,0.0
hpmcounter7,normal,seed15,15,0.0
hpmcounter7,normal,seed15,16,0.0
hpmcounter7,normal,seed15,17,0.0
hpmcounter7,normal,seed15,18,0.0
hpmcounter7,normal,seed15,19,0.0
hpmcounter7,normal,seed15,20,0.0
hpmcounter7,normal,seed15,21,0.0
hpmcounter7,normal,seed15,22,0.0
hpmcounter7,normal,seed15,23,0.0
hpmcounter7,normal,seed15,24,0.0
hpmcounter7,normal,seed15,25,0.0
hpmcounter7,normal,seed15,26,0.0
hpmcounter7,normal,seed15,27,0.0
hpmcounter7,normal,seed15,28,0.0
hpmcounter7,normal,seed15,29,0.0
hpmcounter7,normal,seed15,30,0.0
hpmcounter7,normal,seed15,31,0.0
hpmcounter7,normal,seed15,32,0.0
hpmcounter7,normal,seed15,33,0.0
hpmcounter7,normal,seed15,34,0.0
hpmcounter7,normal,seed15,35,0.0
hpmcounter7,normal,seed15,36,0.0
hpmcounter7,normal,seed15,37,0.0
hpmcounter7,normal,seed15,38,0.0
hpmcounter7,normal,seed15,39,0.0
hpmcounter7,normal,seed15,40,0.0
hpmcounter7,normal,seed15,41,0.0
hpmcounter7,normal,seed15,42,0.0
hpmcounter7,normal,seed15,43,0.0
hpmcounter7,normal,seed15,44,0.0
hpmcounter7,normal,seed15,45,0.0
hpmcounter7,normal,seed15,46,0.0
hpmcounter7,normal,seed15,47,0.0
hpmcounter7,normal,seed15,48,0.0
hpmcounter7,normal,seed15,49,0.0
hpmcounter7,normal,seed15,50,0.0
hpmcounter7,normal,seed15,51,0.0
hpmcounter7,normal,seed15,52,0.0
hpmcounter7,normal,seed15,53,0.0
hpmcounter7,normal,seed15,54,0.0
hpmcounter7,normal,seed15,55,0.0
hpmcounter7,normal,seed15,56,0.0
hpmcounter7,normal,seed15,57,0.0
hpmcounter7,normal,seed15,58,0.0
hpmcounter7,normal,seed15,59,0.0
hpmcounter7,normal,seed15,60,0.0
hpmcounter7,normal,seed15,61,0.0
hpmcounter7,normal,seed15,62,0.0
hpmcounter7,normal,seed15,63,0.0
hpmcounter7,normal,seed15,64,0.0
hpmcounter7,normal,seed15,65,0.0
hpmcounter7,normal,seed15,66,0.0
hpmcounter7,normal,seed15,67,0.0
hpmcounter7,normal,seed15,68,0.0
hpmcounter7,normal,seed15,69,0.0
hpmcounter7,normal,seed15,70,0.0
hpmcounter7,normal,seed15,71,0.0
hpmcounter7,normal,seed15,72,0.0
hpmcounter7,normal,seed15,73,0.0
hpmcounter7,normal,seed15,74,0.0
hpmcounter7,normal,seed15,75,0.0
hpmcounter7,normal,seed15,76,0.0
hpmcounter7,normal,seed15,77,0.0
hpmcounter7,normal,seed15,78,0.0
hpmcounter7,normal,seed15,79,0.0
hpmcounter7,normal,seed15,80,0.0
hpmcounter7,normal,seed15,81,0.0
hpmcounter7,normal,seed15,82,0.0
hpmcounter7,normal,seed15,83,0.0
hpmcounter7,normal,seed15,84,0.0
hpmcounter7,normal,seed15,85,0.0
hpmcounter7,normal,seed15,86,0.0
hpmcounter7,normal,seed15,87,0.0
hpmcounter7,normal,seed15,88,0.0
hpmcounter7,normal,seed15,89,0.0
hpmcounter7,normal,seed15,90,0.0
hpmcounter7,normal,seed15,91,0.0
hpmcounter7,normal,seed15,92,0.0
hpmcounter7,normal,seed15,93,0.0
hpmcounter7,normal,seed15,94,0.0
hpmcounter7,normal,seed15,95,0.0
hpmcounter7,normal,seed15,96,0.0
hpmcounter7,normal,seed15,97,0.0
hpmcounter7,normal,seed15,98,0.0
hpmcounter7,normal,seed15,99,0.0
hpmcounter7,normal,seed15,100,0.0
hpmcounter7,normal,seed15,101,0.0
hpmcounter7,normal,seed15,102,0.0
hpmcounter7,normal,seed15,103,0.0
hpmcounter7,normal,seed15,104,0.0
hpmcounter7,normal,seed15,105,0.0
hpmcounter7,normal,seed15,106,0.0
hpmcounter7,normal,seed15,107,0.0
hpmcounter7,normal,seed15,108,0.0
hpmcounter7,normal,seed15,109,0.0
hpmcounter7,normal,seed15,110,0.0
hpmcounter7,normal,seed15,111,0.0
hpmcounter7,normal,seed15,112,0.0
hpmcounter7,normal,seed15,113,0.0
hpmcounter7,normal,seed15,114,0.0
hpmcounter7,normal,seed15,115,0.0
hpmcounter7,normal,seed15,116,0.0
hpmcounter7,normal,seed15,117,0.0
hpmcounter7,normal,seed15,118,0.0
hpmcounter7,normal,seed15,119,0.0
hpmcounter7,normal,seed15,120,0.0
hpmcounter7,normal,seed15,121,0.0
hpmcounter7,normal,seed15,122,0.0
hpmcounter7,normal,seed15,123,0.0
hpmcounter7,normal,seed15,124,0.0
hpmcounter7,normal,seed15,125,0.0
hpmcounter7,normal,seed15,126,0.0
hpmcounter7,normal,seed15,127,0.0
hpmcounter7,normal,seed15,128,0.0
hpmcounter7,normal,seed15,129,0.0
hpmcounter7,normal,seed15,130,0.0
hpmcounter7,normal,seed15,131,0.0
hpmcounter7,normal,seed15,132,0.0
hpmcounter7,normal,seed15,133,0.0
hpmcounter7,normal,seed15,134,0.0
hpmcounter7,normal,seed15,135,0.0
hpmcounter7,normal,seed15,136,0.0
hpmcounter7,normal,seed15,137,0.0
hpmcounter7,normal,seed15,138,0.0
hpmcounter7,normal,seed15,139,0.0
hpmcounter7,normal,seed15,140,0.0
hpmcounter7,normal,seed15,141,0.0
hpmcounter7,normal,seed15,142,0.0
hpmcounter7,normal,seed15,143,0.0
hpmcounter7,normal,seed15,144,0.0
hpmcounter7,normal,seed15,145,0.0
hpmcounter7,normal,seed15,146,0.0
hpmcounter7,normal,seed15,147,0.0
hpmcounter7,normal,seed15,148,0.0
hpmcounter7,normal,seed15,149,0.0
hpmcounter7,normal,seed15,150,0.0
hpmcounter7,normal,seed15,151,0.0
hpmcounter7,normal,seed15,152,0.0
hpmcounter7,normal,seed15,153,0.0
hpmcounter7,normal,seed15,154,0.0
hpmcounter7,normal,seed15,155,0.0
hpmcounter7,normal,seed15,156,0.0
hpmcounter7,normal,seed15,157,0.0
hpmcounter7,normal,seed15,158,0.0
hpmcounter7,normal,seed15,159,0.0
hpmcounter7,normal,seed15,160,0.0
hpmcounter7,normal,seed15,161,0.0
hpmcounter7,normal,seed15,162,0.0
hpmcounter7,normal,seed15,163,0.0
hpmcounter7,normal,seed15,164,0.0
hpmcounter7,normal,seed15,165,0.0
hpmcounter7,normal,seed15,166,0.0
hpmcounter7,normal,seed15,167,0.0
hpmcounter7,normal,seed15,168,0.0
hpmcounter7,normal,seed15,169,0.0
hpmcounter7,normal,seed15,170,0.0
hpmcounter7,normal,seed15,171,0.0
hpmcounter7,normal,seed15,172,0.0
hpmcounter7,normal,seed15,173,0.0
hpmcounter7,normal,seed15,174,0.0
hpmcounter7,normal,seed15,175,0.0
hpmcounter7,normal,seed15,176,0.0
hpmcounter7,normal,seed15,177,0.0
hpmcounter7,normal,seed15,178,0.0
hpmcounter7,normal,seed15,179,0.0
hpmcounter7,normal,seed15,180,0.0
hpmcounter7,normal,seed15,181,0.0
hpmcounter7,normal,seed15,182,0.0
hpmcounter7,normal,seed15,183,0.0
hpmcounter7,normal,seed15,184,0.0
hpmcounter7,normal,seed15,185,0.0
hpmcounter7,normal,seed15,186,0.0
hpmcounter7,normal,seed15,187,0.0
hpmcounter7,normal,seed15,188,0.0
hpmcounter7,normal,seed15,189,0.0
hpmcounter7,normal,seed15,190,0.0
hpmcounter7,normal,seed15,191,0.0
hpmcounter7,normal,seed15,192,0.0
hpmcounter7,normal,seed15,193,0.0
hpmcounter7,normal,seed15,194,0.0
hpmcounter7,normal,seed15,195,0.0
hpmcounter7,normal,seed15,196,0.0
hpmcounter7,normal,seed15,197,0.0
hpmcounter7,normal,seed15,198,0.0
hpmcounter7,normal,seed15,199,0.0
hpmcounter7,normal,seed15,200,0.0
hpmcounter7,normal,seed15,201,0.0
hpmcounter7,normal,seed15,202,0.0
hpmcounter7,normal,seed15,203,0.0
hpmcounter7,normal,seed15,204,0.0
hpmcounter7,normal,seed15,205,0.0
hpmcounter7,normal,seed15,206,0.0
hpmcounter7,normal,seed15,207,0.0
hpmcounter7,normal,seed15,208,0.0
hpmcounter7,normal,seed15,209,0.0
hpmcounter7,normal,seed15,210,0.0
hpmcounter7,normal,seed15,211,0.0
hpmcounter7,normal,seed15,212,0.0
hpmcounter7,normal,seed15,213,0.0
hpmcounter7,normal,seed15,214,0.0
hpmcounter7,normal,seed15,215,0.0
hpmcounter7,normal,seed15,216,0.0
hpmcounter7,normal,seed15,217,0.0
hpmcounter7,normal,seed15,218,0.0
hpmcounter7,normal,seed15,219,0.0
hpmcounter7,normal,seed15,220,0.0
hpmcounter7,normal,seed15,221,0.0
hpmcounter7,normal,seed15,222,0.0
hpmcounter7,normal,seed15,223,0.0
hpmcounter7,normal,seed15,224,0.0
hpmcounter7,normal,seed15,225,0.0
hpmcounter7,normal,seed15,226,0.0
hpmcounter7,normal,seed15,227,0.0
hpmcounter7,normal,seed15,228,0.0
hpmcounter7,normal,seed15,229,0.0
hpmcounter7,normal,seed15,230,0.0
hpmcounter7,normal,seed15,231,0.0
hpmcounter7,normal,seed15,232,0.0
hpmcounter7,normal,seed15,233,0.0
hpmcounter7,normal,seed15,234,0.0
hpmcounter7,normal,seed15,235,0.0
hpmcounter7,normal,seed15,236,0.0
hpmcounter7,normal,seed15,237,0.0
hpmcounter7,normal,seed15,238,0.0
hpmcounter7,normal,seed15,239,0.0
hpmcounter7,normal,seed15,240,0.0
hpmcounter7,normal,seed15,241,0.0
hpmcounter7,normal,seed15,242,0.0
hpmcounter7,normal,seed15,243,0.0
hpmcounter7,normal,seed15,244,0.0
hpmcounter7,normal,seed15,245,0.0
hpmcounter7,normal,seed15,246,0.0
hpmcounter7,normal,seed15,247,0.0
hpmcounter7,normal,seed15,248,0.0
hpmcounter7,normal,seed15,249,0.0
hpmcounter7,normal,seed15,250,0.0
hpmcounter7,normal,seed15,251,0.0
hpmcounter7,normal,seed15,252,0.0
hpmcounter7,normal,seed15,253,0.0
hpmcounter7,normal,seed15,254,0.0
hpmcounter7,normal,seed15,255,0.0
hpmcounter7,normal,seed15,256,0.0
hpmcounter7,normal,seed15,257,0.0
hpmcounter7,normal,seed15,258,0.0
hpmcounter7,normal,seed15,259,0.0
hpmcounter7,normal,seed15,260,0.0
hpmcounter7,normal,seed15,261,0.0
hpmcounter7,normal,seed15,262,0.0
hpmcounter7,normal,seed15,263,0.0
hpmcounter7,normal,seed15,264,0.0
hpmcounter7,normal,seed15,265,0.0
hpmcounter7,normal,seed15,266,0.0
hpmcounter7,normal,seed15,267,0.0
hpmcounter7,normal,seed15,268,0.0
hpmcounter7,normal,seed15,269,0.0
hpmcounter7,normal,seed15,270,0.0
hpmcounter7,normal,seed15,271,0.0
hpmcounter7,normal,seed15,272,0.0
hpmcounter7,normal,seed15,273,0.0
hpmcounter7,normal,seed15,274,0.0
hpmcounter7,normal,seed15,275,0.0
hpmcounter7,normal,seed15,276,0.0
hpmcounter7,normal,seed15,277,0.0
hpmcounter7,normal,seed15,278,0.0
hpmcounter7,normal,seed15,279,0.0
hpmcounter7,normal,seed15,280,0.0
hpmcounter7,normal,seed15,281,0.0
hpmcounter7,normal,seed15,282,0.0
hpmcounter7,normal,seed15,283,0.0
hpmcounter7,normal,seed15,284,0.0
hpmcounter7,normal,seed15,285,0.0
hpmcounter7,normal,seed15,286,0.0
hpmcounter7,normal,seed15,287,0.0
hpmcounter7,normal,seed15,288,0.0
hpmcounter7,normal,seed15,289,0.0
hpmcounter7,normal,seed15,290,0.0
hpmcounter7,normal,seed15,291,0.0
hpmcounter7,normal,seed15,292,0.0
hpmcounter7,normal,seed15,293,0.0
hpmcounter7,normal,seed15,294,0.0
hpmcounter7,normal,seed15,295,0.0
hpmcounter7,normal,seed15,296,0.0
hpmcounter7,normal,seed15,297,0.0
hpmcounter7,normal,seed15,298,0.0
hpmcounter7,normal,seed16,9,0.0
hpmcounter7,normal,seed16,10,0.0
hpmcounter7,normal,seed16,11,0.0
hpmcounter7,normal,seed16,12,0.0
hpmcounter7,normal,seed16,13,0.0
hpmcounter7,normal,seed16,14,0.0
hpmcounter7,normal,seed16,15,0.0
hpmcounter7,normal,seed16,16,0.0
hpmcounter7,normal,seed16,17,0.0
hpmcounter7,normal,seed16,18,0.0
hpmcounter7,normal,seed16,19,0.0
hpmcounter7,normal,seed16,20,0.0
hpmcounter7,normal,seed16,21,0.0
hpmcounter7,normal,seed16,22,0.0
hpmcounter7,normal,seed16,23,0.0
hpmcounter7,normal,seed16,24,0.0
hpmcounter7,normal,seed16,25,0.0
hpmcounter7,normal,seed16,26,0.0
hpmcounter7,normal,seed16,27,0.0
hpmcounter7,normal,seed16,28,0.0
hpmcounter7,normal,seed16,29,0.0
hpmcounter7,normal,seed16,30,0.0
hpmcounter7,normal,seed16,31,0.0
hpmcounter7,normal,seed16,32,0.0
hpmcounter7,normal,seed16,33,0.0
hpmcounter7,normal,seed16,34,0.0
hpmcounter7,normal,seed16,35,0.0
hpmcounter7,normal,seed16,36,0.0
hpmcounter7,normal,seed16,37,0.0
hpmcounter7,normal,seed16,38,0.0
hpmcounter7,normal,seed16,39,0.0
hpmcounter7,normal,seed16,40,0.0
hpmcounter7,normal,seed16,41,0.0
hpmcounter7,normal,seed16,42,0.0
hpmcounter7,normal,seed16,43,0.0
hpmcounter7,normal,seed16,44,0.0
hpmcounter7,normal,seed16,45,0.0
hpmcounter7,normal,seed16,46,0.0
hpmcounter7,normal,seed16,47,0.0
hpmcounter7,normal,seed16,48,0.0
hpmcounter7,normal,seed16,49,0.0
hpmcounter7,normal,seed16,50,0.0
hpmcounter7,normal,seed16,51,0.0
hpmcounter7,normal,seed16,52,0.0
hpmcounter7,normal,seed16,53,0.0
hpmcounter7,normal,seed16,54,0.0
hpmcounter7,normal,seed16,55,0.0
hpmcounter7,normal,seed16,56,0.0
hpmcounter7,normal,seed16,57,0.0
hpmcounter7,normal,seed16,58,0.0
hpmcounter7,normal,seed16,59,0.0
hpmcounter7,normal,seed16,60,0.0
hpmcounter7,normal,seed16,61,0.0
hpmcounter7,normal,seed16,62,0.0
hpmcounter7,normal,seed16,63,0.0
hpmcounter7,normal,seed16,64,0.0
hpmcounter7,normal,seed16,65,0.0
hpmcounter7,normal,seed16,66,0.0
hpmcounter7,normal,seed16,67,0.0
hpmcounter7,normal,seed16,68,0.0
hpmcounter7,normal,seed16,69,0.0
hpmcounter7,normal,seed16,70,0.0
hpmcounter7,normal,seed16,71,0.0
hpmcounter7,normal,seed16,72,0.0
hpmcounter7,normal,seed16,73,0.0
hpmcounter7,normal,seed16,74,0.0
hpmcounter7,normal,seed16,75,0.0
hpmcounter7,normal,seed16,76,0.0
hpmcounter7,normal,seed16,77,0.0
hpmcounter7,normal,seed16,78,0.0
hpmcounter7,normal,seed16,79,0.0
hpmcounter7,normal,seed16,80,0.0
hpmcounter7,normal,seed16,81,0.0
hpmcounter7,normal,seed16,82,0.0
hpmcounter7,normal,seed16,83,0.0
hpmcounter7,normal,seed16,84,0.0
hpmcounter7,normal,seed16,85,0.0
hpmcounter7,normal,seed16,86,0.0
hpmcounter7,normal,seed16,87,0.0
hpmcounter7,normal,seed16,88,0.0
hpmcounter7,normal,seed16,89,0.0
hpmcounter7,normal,seed16,90,0.0
hpmcounter7,normal,seed16,91,0.0
hpmcounter7,normal,seed16,92,0.0
hpmcounter7,normal,seed16,93,0.0
hpmcounter7,normal,seed16,94,0.0
hpmcounter7,normal,seed16,95,0.0
hpmcounter7,normal,seed16,96,0.0
hpmcounter7,normal,seed16,97,0.0
hpmcounter7,normal,seed16,98,0.0
hpmcounter7,normal,seed16,99,0.0
hpmcounter7,normal,seed16,100,0.0
hpmcounter7,normal,seed16,101,0.0
hpmcounter7,normal,seed16,102,0.0
hpmcounter7,normal,seed16,103,0.0
hpmcounter7,normal,seed16,104,0.0
hpmcounter7,normal,seed16,105,0.0
hpmcounter7,normal,seed16,106,0.0
hpmcounter7,normal,seed16,107,0.0
hpmcounter7,normal,seed16,108,0.0
hpmcounter7,normal,seed16,109,0.0
hpmcounter7,normal,seed16,110,0.0
hpmcounter7,normal,seed16,111,0.0
hpmcounter7,normal,seed16,112,0.0
hpmcounter7,normal,seed16,113,0.0
hpmcounter7,normal,seed16,114,0.0
hpmcounter7,normal,seed16,115,0.0
hpmcounter7,normal,seed16,116,0.0
hpmcounter7,normal,seed16,117,0.0
hpmcounter7,normal,seed16,118,0.0
hpmcounter7,normal,seed16,119,0.0
hpmcounter7,normal,seed16,120,0.0
hpmcounter7,normal,seed16,121,0.0
hpmcounter7,normal,seed16,122,0.0
hpmcounter7,normal,seed16,123,0.0
hpmcounter7,normal,seed16,124,0.0
hpmcounter7,normal,seed16,125,0.0
hpmcounter7,normal,seed16,126,0.0
hpmcounter7,normal,seed16,127,0.0
hpmcounter7,normal,seed16,128,0.0
hpmcounter7,normal,seed16,129,0.0
hpmcounter7,normal,seed16,130,0.0
hpmcounter7,normal,seed16,131,0.0
hpmcounter7,normal,seed16,132,0.0
hpmcounter7,normal,seed16,133,0.0
hpmcounter7,normal,seed16,134,0.0
hpmcounter7,normal,seed16,135,0.0
hpmcounter7,normal,seed16,136,0.0
hpmcounter7,normal,seed16,137,0.0
hpmcounter7,normal,seed16,138,0.0
hpmcounter7,normal,seed16,139,0.0
hpmcounter7,normal,seed16,140,0.0
hpmcounter7,normal,seed16,141,0.0
hpmcounter7,normal,seed16,142,0.0
hpmcounter7,normal,seed16,143,0.0
hpmcounter7,normal,seed16,144,0.0
hpmcounter7,normal,seed16,145,0.0
hpmcounter7,normal,seed16,146,0.0
hpmcounter7,normal,seed16,147,0.0
hpmcounter7,normal,seed16,148,0.0
hpmcounter7,normal,seed16,149,0.0
hpmcounter7,normal,seed16,150,0.0
hpmcounter7,normal,seed16,151,0.0
hpmcounter7,normal,seed16,152,0.0
hpmcounter7,normal,seed16,153,0.0
hpmcounter7,normal,seed16,154,0.0
hpmcounter7,normal,seed16,155,0.0
hpmcounter7,normal,seed16,156,0.0
hpmcounter7,normal,seed16,157,0.0
hpmcounter7,normal,seed16,158,0.0
hpmcounter7,normal,seed16,159,0.0
hpmcounter7,normal,seed16,160,0.0
hpmcounter7,normal,seed16,161,0.0
hpmcounter7,normal,seed16,162,0.0
hpmcounter7,normal,seed16,163,0.0
hpmcounter7,normal,seed16,164,0.0
hpmcounter7,normal,seed16,165,0.0
hpmcounter7,normal,seed16,166,0.0
hpmcounter7,normal,seed16,167,0.0
hpmcounter7,normal,seed16,168,0.0
hpmcounter7,normal,seed16,169,0.0
hpmcounter7,normal,seed16,170,0.0
hpmcounter7,normal,seed16,171,0.0
hpmcounter7,normal,seed16,172,0.0
hpmcounter7,normal,seed16,173,0.0
hpmcounter7,normal,seed16,174,0.0
hpmcounter7,normal,seed16,175,0.0
hpmcounter7,normal,seed16,176,0.0
hpmcounter7,normal,seed16,177,0.0
hpmcounter7,normal,seed16,178,0.0
hpmcounter7,normal,seed16,179,0.0
hpmcounter7,normal,seed16,180,0.0
hpmcounter7,normal,seed16,181,0.0
hpmcounter7,normal,seed16,182,0.0
hpmcounter7,normal,seed16,183,0.0
hpmcounter7,normal,seed16,184,0.0
hpmcounter7,normal,seed16,185,0.0
hpmcounter7,normal,seed16,186,0.0
hpmcounter7,normal,seed16,187,0.0
hpmcounter7,normal,seed16,188,0.0
hpmcounter7,normal,seed16,189,0.0
hpmcounter7,normal,seed16,190,0.0
hpmcounter7,normal,seed16,191,0.0
hpmcounter7,normal,seed16,192,0.0
hpmcounter7,normal,seed16,193,0.0
hpmcounter7,normal,seed16,194,0.0
hpmcounter7,normal,seed16,195,0.0
hpmcounter7,normal,seed16,196,0.0
hpmcounter7,normal,seed16,197,0.0
hpmcounter7,normal,seed16,198,0.0
hpmcounter7,normal,seed16,199,0.0
hpmcounter7,normal,seed16,200,0.0
hpmcounter7,normal,seed16,201,0.0
hpmcounter7,normal,seed16,202,0.0
hpmcounter7,normal,seed16,203,0.0
hpmcounter7,normal,seed16,204,0.0
hpmcounter7,normal,seed16,205,0.0
hpmcounter7,normal,seed16,206,0.0
hpmcounter7,normal,seed16,207,0.0
hpmcounter7,normal,seed16,208,0.0
hpmcounter7,normal,seed16,209,0.0
hpmcounter7,normal,seed16,210,0.0
hpmcounter7,normal,seed16,211,0.0
hpmcounter7,normal,seed16,212,0.0
hpmcounter7,normal,seed16,213,0.0
hpmcounter7,normal,seed16,214,0.0
hpmcounter7,normal,seed16,215,0.0
hpmcounter7,normal,seed16,216,0.0
hpmcounter7,normal,seed16,217,0.0
hpmcounter7,normal,seed16,218,0.0
hpmcounter7,normal,seed16,219,0.0
hpmcounter7,normal,seed16,220,0.0
hpmcounter7,normal,seed16,221,0.0
hpmcounter7,normal,seed16,222,0.0
hpmcounter7,normal,seed16,223,0.0
hpmcounter7,normal,seed16,224,0.0
hpmcounter7,normal,seed16,225,0.0
hpmcounter7,normal,seed16,226,0.0
hpmcounter7,normal,seed16,227,0.0
hpmcounter7,normal,seed16,228,0.0
hpmcounter7,normal,seed16,229,0.0
hpmcounter7,normal,seed16,230,0.0
hpmcounter7,normal,seed16,231,0.0
hpmcounter7,normal,seed16,232,0.0
hpmcounter7,normal,seed16,233,0.0
hpmcounter7,normal,seed16,234,0.0
hpmcounter7,normal,seed16,235,0.0
hpmcounter7,normal,seed16,236,0.0
hpmcounter7,normal,seed16,237,0.0
hpmcounter7,normal,seed16,238,0.0
hpmcounter7,normal,seed16,239,0.0
hpmcounter7,normal,seed16,240,0.0
hpmcounter7,normal,seed16,241,0.0
hpmcounter7,normal,seed16,242,0.0
hpmcounter7,normal,seed16,243,0.0
hpmcounter7,normal,seed16,244,0.0
hpmcounter7,normal,seed16,245,0.0
hpmcounter7,normal,seed16,246,0.0
hpmcounter7,normal,seed16,247,0.0
hpmcounter7,normal,seed16,248,0.0
hpmcounter7,normal,seed16,249,0.0
hpmcounter7,normal,seed16,250,0.0
hpmcounter7,normal,seed16,251,0.0
hpmcounter7,normal,seed16,252,0.0
hpmcounter7,normal,seed16,253,0.0
hpmcounter7,normal,seed16,254,0.0
hpmcounter7,normal,seed16,255,0.0
hpmcounter7,normal,seed16,256,0.0
hpmcounter7,normal,seed16,257,0.0
hpmcounter7,normal,seed16,258,0.0
hpmcounter7,normal,seed16,259,0.0
hpmcounter7,normal,seed16,260,0.0
hpmcounter7,normal,seed16,261,0.0
hpmcounter7,normal,seed16,262,0.0
hpmcounter7,normal,seed16,263,0.0
hpmcounter7,normal,seed16,264,0.0
hpmcounter7,normal,seed16,265,0.0
hpmcounter7,normal,seed16,266,0.0
hpmcounter7,normal,seed16,267,0.0
hpmcounter7,normal,seed16,268,0.0
hpmcounter7,normal,seed16,269,0.0
hpmcounter7,normal,seed16,270,0.0
hpmcounter7,normal,seed16,271,0.0
hpmcounter7,normal,seed16,272,0.0
hpmcounter7,normal,seed16,273,0.0
hpmcounter7,normal,seed16,274,0.0
hpmcounter7,normal,seed16,275,0.0
hpmcounter7,normal,seed16,276,0.0
hpmcounter7,normal,seed16,277,0.0
hpmcounter7,normal,seed16,278,0.0
hpmcounter7,normal,seed16,279,0.0
hpmcounter7,normal,seed16,280,0.0
hpmcounter7,normal,seed16,281,0.0
hpmcounter7,normal,seed16,282,0.0
hpmcounter7,normal,seed16,283,0.0
hpmcounter7,normal,seed16,284,0.0
hpmcounter7,normal,seed16,285,0.0
hpmcounter7,normal,seed16,286,0.0
hpmcounter7,normal,seed16,287,0.0
hpmcounter7,normal,seed16,288,0.0
hpmcounter7,normal,seed16,289,0.0
hpmcounter7,normal,seed16,290,0.0
hpmcounter7,normal,seed16,291,0.0
hpmcounter7,normal,seed16,292,0.0
hpmcounter7,normal,seed16,293,0.0
hpmcounter7,normal,seed16,294,0.0
hpmcounter7,normal,seed16,295,0.0
hpmcounter7,normal,seed16,296,0.0
hpmcounter7,normal,seed16,297,0.0
hpmcounter7,normal,seed16,298,0.0
hpmcounter7,normal,seed17,9,0.0
hpmcounter7,normal,seed17,10,0.0
hpmcounter7,normal,seed17,11,0.0
hpmcounter7,normal,seed17,12,0.0
hpmcounter7,normal,seed17,13,0.0
hpmcounter7,normal,seed17,14,0.0
hpmcounter7,normal,seed17,15,0.0
hpmcounter7,normal,seed17,16,0.0
hpmcounter7,normal,seed17,17,0.0
hpmcounter7,normal,seed17,18,0.0
hpmcounter7,normal,seed17,19,0.0
hpmcounter7,normal,seed17,20,0.0
hpmcounter7,normal,seed17,21,0.0
hpmcounter7,normal,seed17,22,0.0
hpmcounter7,normal,seed17,23,0.0
hpmcounter7,normal,seed17,24,0.0
hpmcounter7,normal,seed17,25,0.0
hpmcounter7,normal,seed17,26,0.0
hpmcounter7,normal,seed17,27,0.0
hpmcounter7,normal,seed17,28,0.0
hpmcounter7,normal,seed17,29,0.0
hpmcounter7,normal,seed17,30,0.0
hpmcounter7,normal,seed17,31,0.0
hpmcounter7,normal,seed17,32,0.0
hpmcounter7,normal,seed17,33,0.0
hpmcounter7,normal,seed17,34,0.0
hpmcounter7,normal,seed17,35,0.0
hpmcounter7,normal,seed17,36,0.0
hpmcounter7,normal,seed17,37,0.0
hpmcounter7,normal,seed17,38,0.0
hpmcounter7,normal,seed17,39,0.0
hpmcounter7,normal,seed17,40,0.0
hpmcounter7,normal,seed17,41,0.0
hpmcounter7,normal,seed17,42,0.0
hpmcounter7,normal,seed17,43,0.0
hpmcounter7,normal,seed17,44,0.0
hpmcounter7,normal,seed17,45,0.0
hpmcounter7,normal,seed17,46,0.0
hpmcounter7,normal,seed17,47,0.0
hpmcounter7,normal,seed17,48,0.0
hpmcounter7,normal,seed17,49,0.0
hpmcounter7,normal,seed17,50,0.0
hpmcounter7,normal,seed17,51,0.0
hpmcounter7,normal,seed17,52,0.0
hpmcounter7,normal,seed17,53,0.0
hpmcounter7,normal,seed17,54,0.0
hpmcounter7,normal,seed17,55,0.0
hpmcounter7,normal,seed17,56,0.0
hpmcounter7,normal,seed17,57,0.0
hpmcounter7,normal,seed17,58,0.0
hpmcounter7,normal,seed17,59,0.0
hpmcounter7,normal,seed17,60,0.0
hpmcounter7,normal,seed17,61,0.0
hpmcounter7,normal,seed17,62,0.0
hpmcounter7,normal,seed17,63,0.0
hpmcounter7,normal,seed17,64,0.0
hpmcounter7,normal,seed17,65,0.0
hpmcounter7,normal,seed17,66,0.0
hpmcounter7,normal,seed17,67,0.0
hpmcounter7,normal,seed17,68,0.0
hpmcounter7,normal,seed17,69,0.0
hpmcounter7,normal,seed17,70,0.0
hpmcounter7,normal,seed17,71,0.0
hpmcounter7,normal,seed17,72,0.0
hpmcounter7,normal,seed17,73,0.0
hpmcounter7,normal,seed17,74,0.0
hpmcounter7,normal,seed17,75,0.0
hpmcounter7,normal,seed17,76,0.0
hpmcounter7,normal,seed17,77,0.0
hpmcounter7,normal,seed17,78,0.0
hpmcounter7,normal,seed17,79,0.0
hpmcounter7,normal,seed17,80,0.0
hpmcounter7,normal,seed17,81,0.0
hpmcounter7,normal,seed17,82,0.0
hpmcounter7,normal,seed17,83,0.0
hpmcounter7,normal,seed17,84,0.0
hpmcounter7,normal,seed17,85,0.0
hpmcounter7,normal,seed17,86,0.0
hpmcounter7,normal,seed17,87,0.0
hpmcounter7,normal,seed17,88,0.0
hpmcounter7,normal,seed17,89,0.0
hpmcounter7,normal,seed17,90,0.0
hpmcounter7,normal,seed17,91,0.0
hpmcounter7,normal,seed17,92,0.0
hpmcounter7,normal,seed17,93,0.0
hpmcounter7,normal,seed17,94,0.0
hpmcounter7,normal,seed17,95,0.0
hpmcounter7,normal,seed17,96,0.0
hpmcounter7,normal,seed17,97,0.0
hpmcounter7,normal,seed17,98,0.0
hpmcounter7,normal,seed17,99,0.0
hpmcounter7,normal,seed17,100,0.0
hpmcounter7,normal,seed17,101,0.0
hpmcounter7,normal,seed17,102,0.0
hpmcounter7,normal,seed17,103,0.0
hpmcounter7,normal,seed17,104,0.0
hpmcounter7,normal,seed17,105,0.0
hpmcounter7,normal,seed17,106,0.0
hpmcounter7,normal,seed17,107,0.0
hpmcounter7,normal,seed17,108,0.0
hpmcounter7,normal,seed17,109,0.0
hpmcounter7,normal,seed17,110,0.0
hpmcounter7,normal,seed17,111,0.0
hpmcounter7,normal,seed17,112,0.0
hpmcounter7,normal,seed17,113,0.0
hpmcounter7,normal,seed17,114,0.0
hpmcounter7,normal,seed17,115,0.0
hpmcounter7,normal,seed17,116,0.0
hpmcounter7,normal,seed17,117,0.0
hpmcounter7,normal,seed17,118,0.0
hpmcounter7,normal,seed17,119,0.0
hpmcounter7,normal,seed17,120,0.0
hpmcounter7,normal,seed17,121,0.0
hpmcounter7,normal,seed17,122,0.0
hpmcounter7,normal,seed17,123,0.0
hpmcounter7,normal,seed17,124,0.0
hpmcounter7,normal,seed17,125,0.0
hpmcounter7,normal,seed17,126,0.0
hpmcounter7,normal,seed17,127,0.0
hpmcounter7,normal,seed17,128,0.0
hpmcounter7,normal,seed17,129,0.0
hpmcounter7,normal,seed17,130,0.0
hpmcounter7,normal,seed17,131,0.0
hpmcounter7,normal,seed17,132,0.0
hpmcounter7,normal,seed17,133,0.0
hpmcounter7,normal,seed17,134,0.0
hpmcounter7,normal,seed17,135,0.0
hpmcounter7,normal,seed17,136,0.0
hpmcounter7,normal,seed17,137,0.0
hpmcounter7,normal,seed17,138,0.0
hpmcounter7,normal,seed17,139,0.0
hpmcounter7,normal,seed17,140,0.0
hpmcounter7,normal,seed17,141,0.0
hpmcounter7,normal,seed17,142,0.0
hpmcounter7,normal,seed17,143,0.0
hpmcounter7,normal,seed17,144,0.0
hpmcounter7,normal,seed17,145,0.0
hpmcounter7,normal,seed17,146,0.0
hpmcounter7,normal,seed17,147,0.0
hpmcounter7,normal,seed17,148,0.0
hpmcounter7,normal,seed17,149,0.0
hpmcounter7,normal,seed17,150,0.0
hpmcounter7,normal,seed17,151,0.0
hpmcounter7,normal,seed17,152,0.0
hpmcounter7,normal,seed17,153,0.0
hpmcounter7,normal,seed17,154,0.0
hpmcounter7,normal,seed17,155,0.0
hpmcounter7,normal,seed17,156,0.0
hpmcounter7,normal,seed17,157,0.0
hpmcounter7,normal,seed17,158,0.0
hpmcounter7,normal,seed17,159,0.0
hpmcounter7,normal,seed17,160,0.0
hpmcounter7,normal,seed17,161,0.0
hpmcounter7,normal,seed17,162,0.0
hpmcounter7,normal,seed17,163,0.0
hpmcounter7,normal,seed17,164,0.0
hpmcounter7,normal,seed17,165,0.0
hpmcounter7,normal,seed17,166,0.0
hpmcounter7,normal,seed17,167,0.0
hpmcounter7,normal,seed17,168,0.0
hpmcounter7,normal,seed17,169,0.0
hpmcounter7,normal,seed17,170,0.0
hpmcounter7,normal,seed17,171,0.0
hpmcounter7,normal,seed17,172,0.0
hpmcounter7,normal,seed17,173,0.0
hpmcounter7,normal,seed17,174,0.0
hpmcounter7,normal,seed17,175,0.0
hpmcounter7,normal,seed17,176,0.0
hpmcounter7,normal,seed17,177,0.0
hpmcounter7,normal,seed17,178,0.0
hpmcounter7,normal,seed17,179,0.0
hpmcounter7,normal,seed17,180,0.0
hpmcounter7,normal,seed17,181,0.0
hpmcounter7,normal,seed17,182,0.0
hpmcounter7,normal,seed17,183,0.0
hpmcounter7,normal,seed17,184,0.0
hpmcounter7,normal,seed17,185,0.0
hpmcounter7,normal,seed17,186,0.0
hpmcounter7,normal,seed17,187,0.0
hpmcounter7,normal,seed17,188,0.0
hpmcounter7,normal,seed17,189,0.0
hpmcounter7,normal,seed17,190,0.0
hpmcounter7,normal,seed17,191,0.0
hpmcounter7,normal,seed17,192,0.0
hpmcounter7,normal,seed17,193,0.0
hpmcounter7,normal,seed17,194,0.0
hpmcounter7,normal,seed17,195,0.0
hpmcounter7,normal,seed17,196,0.0
hpmcounter7,normal,seed17,197,0.0
hpmcounter7,normal,seed17,198,0.0
hpmcounter7,normal,seed17,199,0.0
hpmcounter7,normal,seed17,200,0.0
hpmcounter7,normal,seed17,201,0.0
hpmcounter7,normal,seed17,202,0.0
hpmcounter7,normal,seed17,203,0.0
hpmcounter7,normal,seed17,204,0.0
hpmcounter7,normal,seed17,205,0.0
hpmcounter7,normal,seed17,206,0.0
hpmcounter7,normal,seed17,207,0.0
hpmcounter7,normal,seed17,208,0.0
hpmcounter7,normal,seed17,209,0.0
hpmcounter7,normal,seed17,210,0.0
hpmcounter7,normal,seed17,211,0.0
hpmcounter7,normal,seed17,212,0.0
hpmcounter7,normal,seed17,213,0.0
hpmcounter7,normal,seed17,214,0.0
hpmcounter7,normal,seed17,215,0.0
hpmcounter7,normal,seed17,216,0.0
hpmcounter7,normal,seed17,217,0.0
hpmcounter7,normal,seed17,218,0.0
hpmcounter7,normal,seed17,219,0.0
hpmcounter7,normal,seed17,220,0.0
hpmcounter7,normal,seed17,221,0.0
hpmcounter7,normal,seed17,222,0.0
hpmcounter7,normal,seed17,223,0.0
hpmcounter7,normal,seed17,224,0.0
hpmcounter7,normal,seed17,225,0.0
hpmcounter7,normal,seed17,226,0.0
hpmcounter7,normal,seed17,227,0.0
hpmcounter7,normal,seed17,228,0.0
hpmcounter7,normal,seed17,229,0.0
hpmcounter7,normal,seed17,230,0.0
hpmcounter7,normal,seed17,231,0.0
hpmcounter7,normal,seed17,232,0.0
hpmcounter7,normal,seed17,233,0.0
hpmcounter7,normal,seed17,234,0.0
hpmcounter7,normal,seed17,235,0.0
hpmcounter7,normal,seed17,236,0.0
hpmcounter7,normal,seed17,237,0.0
hpmcounter7,normal,seed17,238,0.0
hpmcounter7,normal,seed17,239,0.0
hpmcounter7,normal,seed17,240,0.0
hpmcounter7,normal,seed17,241,0.0
hpmcounter7,normal,seed17,242,0.0
hpmcounter7,normal,seed17,243,0.0
hpmcounter7,normal,seed17,244,0.0
hpmcounter7,normal,seed17,245,0.0
hpmcounter7,normal,seed17,246,0.0
hpmcounter7,normal,seed17,247,0.0
hpmcounter7,normal,seed17,248,0.0
hpmcounter7,normal,seed17,249,0.0
hpmcounter7,normal,seed17,250,0.0
hpmcounter7,normal,seed17,251,0.0
hpmcounter7,normal,seed17,252,0.0
hpmcounter7,normal,seed17,253,0.0
hpmcounter7,normal,seed17,254,0.0
hpmcounter7,normal,seed17,255,0.0
hpmcounter7,normal,seed17,256,0.0
hpmcounter7,normal,seed17,257,0.0
hpmcounter7,normal,seed17,258,0.0
hpmcounter7,normal,seed17,259,0.0
hpmcounter7,normal,seed17,260,0.0
hpmcounter7,normal,seed17,261,0.0
hpmcounter7,normal,seed17,262,0.0
hpmcounter7,normal,seed17,263,0.0
hpmcounter7,normal,seed17,264,0.0
hpmcounter7,normal,seed17,265,0.0
hpmcounter7,normal,seed17,266,0.0
hpmcounter7,normal,seed17,267,0.0
hpmcounter7,normal,seed17,268,0.0
hpmcounter7,normal,seed17,269,0.0
hpmcounter7,normal,seed17,270,0.0
hpmcounter7,normal,seed17,271,0.0
hpmcounter7,normal,seed17,272,0.0
hpmcounter7,normal,seed17,273,0.0
hpmcounter7,normal,seed17,274,0.0
hpmcounter7,normal,seed17,275,0.0
hpmcounter7,normal,seed17,276,0.0
hpmcounter7,normal,seed17,277,0.0
hpmcounter7,normal,seed17,278,0.0
hpmcounter7,normal,seed17,279,0.0
hpmcounter7,normal,seed17,280,0.0
hpmcounter7,normal,seed17,281,0.0
hpmcounter7,normal,seed17,282,0.0
hpmcounter7,normal,seed17,283,0.0
hpmcounter7,normal,seed17,284,0.0
hpmcounter7,normal,seed17,285,0.0
hpmcounter7,normal,seed17,286,0.0
hpmcounter7,normal,seed17,287,0.0
hpmcounter7,normal,seed17,288,0.0
hpmcounter7,normal,seed17,289,0.0
hpmcounter7,normal,seed17,290,0.0
hpmcounter7,normal,seed17,291,0.0
hpmcounter7,normal,seed17,292,0.0
hpmcounter7,normal,seed17,293,0.0
hpmcounter7,normal,seed17,294,0.0
hpmcounter7,normal,seed17,295,0.0
hpmcounter7,normal,seed17,296,0.0
hpmcounter7,normal,seed17,297,0.0
hpmcounter7,normal,seed17,298,0.0
hpmcounter7,normal,seed18,9,0.0
hpmcounter7,normal,seed18,10,0.0
hpmcounter7,normal,seed18,11,0.0
hpmcounter7,normal,seed18,12,0.0
hpmcounter7,normal,seed18,13,0.0
hpmcounter7,normal,seed18,14,0.0
hpmcounter7,normal,seed18,15,0.0
hpmcounter7,normal,seed18,16,0.0
hpmcounter7,normal,seed18,17,0.0
hpmcounter7,normal,seed18,18,0.0
hpmcounter7,normal,seed18,19,0.0
hpmcounter7,normal,seed18,20,0.0
hpmcounter7,normal,seed18,21,0.0
hpmcounter7,normal,seed18,22,0.0
hpmcounter7,normal,seed18,23,0.0
hpmcounter7,normal,seed18,24,0.0
hpmcounter7,normal,seed18,25,0.0
hpmcounter7,normal,seed18,26,0.0
hpmcounter7,normal,seed18,27,0.0
hpmcounter7,normal,seed18,28,0.0
hpmcounter7,normal,seed18,29,0.0
hpmcounter7,normal,seed18,30,0.0
hpmcounter7,normal,seed18,31,0.0
hpmcounter7,normal,seed18,32,0.0
hpmcounter7,normal,seed18,33,0.0
hpmcounter7,normal,seed18,34,0.0
hpmcounter7,normal,seed18,35,0.0
hpmcounter7,normal,seed18,36,0.0
hpmcounter7,normal,seed18,37,0.0
hpmcounter7,normal,seed18,38,0.0
hpmcounter7,normal,seed18,39,0.0
hpmcounter7,normal,seed18,40,0.0
hpmcounter7,normal,seed18,41,0.0
hpmcounter7,normal,seed18,42,0.0
hpmcounter7,normal,seed18,43,0.0
hpmcounter7,normal,seed18,44,0.0
hpmcounter7,normal,seed18,45,0.0
hpmcounter7,normal,seed18,46,0.0
hpmcounter7,normal,seed18,47,0.0
hpmcounter7,normal,seed18,48,0.0
hpmcounter7,normal,seed18,49,0.0
hpmcounter7,normal,seed18,50,0.0
hpmcounter7,normal,seed18,51,0.0
hpmcounter7,normal,seed18,52,0.0
hpmcounter7,normal,seed18,53,0.0
hpmcounter7,normal,seed18,54,0.0
hpmcounter7,normal,seed18,55,0.0
hpmcounter7,normal,seed18,56,0.0
hpmcounter7,normal,seed18,57,0.0
hpmcounter7,normal,seed18,58,0.0
hpmcounter7,normal,seed18,59,0.0
hpmcounter7,normal,seed18,60,0.0
hpmcounter7,normal,seed18,61,0.0
hpmcounter7,normal,seed18,62,0.0
hpmcounter7,normal,seed18,63,0.0
hpmcounter7,normal,seed18,64,0.0
hpmcounter7,normal,seed18,65,0.0
hpmcounter7,normal,seed18,66,0.0
hpmcounter7,normal,seed18,67,0.0
hpmcounter7,normal,seed18,68,0.0
hpmcounter7,normal,seed18,69,0.0
hpmcounter7,normal,seed18,70,0.0
hpmcounter7,normal,seed18,71,0.0
hpmcounter7,normal,seed18,72,0.0
hpmcounter7,normal,seed18,73,0.0
hpmcounter7,normal,seed18,74,0.0
hpmcounter7,normal,seed18,75,0.0
hpmcounter7,normal,seed18,76,0.0
hpmcounter7,normal,seed18,77,0.0
hpmcounter7,normal,seed18,78,0.0
hpmcounter7,normal,seed18,79,0.0
hpmcounter7,normal,seed18,80,0.0
hpmcounter7,normal,seed18,81,0.0
hpmcounter7,normal,seed18,82,0.0
hpmcounter7,normal,seed18,83,0.0
hpmcounter7,normal,seed18,84,0.0
hpmcounter7,normal,seed18,85,0.0
hpmcounter7,normal,seed18,86,0.0
hpmcounter7,normal,seed18,87,0.0
hpmcounter7,normal,seed18,88,0.0
hpmcounter7,normal,seed18,89,0.0
hpmcounter7,normal,seed18,90,0.0
hpmcounter7,normal,seed18,91,0.0
hpmcounter7,normal,seed18,92,0.0
hpmcounter7,normal,seed18,93,0.0
hpmcounter7,normal,seed18,94,0.0
hpmcounter7,normal,seed18,95,0.0
hpmcounter7,normal,seed18,96,0.0
hpmcounter7,normal,seed18,97,0.0
hpmcounter7,normal,seed18,98,0.0
hpmcounter7,normal,seed18,99,0.0
hpmcounter7,normal,seed18,100,0.0
hpmcounter7,normal,seed18,101,0.0
hpmcounter7,normal,seed18,102,0.0
hpmcounter7,normal,seed18,103,0.0
hpmcounter7,normal,seed18,104,0.0
hpmcounter7,normal,seed18,105,0.0
hpmcounter7,normal,seed18,106,0.0
hpmcounter7,normal,seed18,107,0.0
hpmcounter7,normal,seed18,108,0.0
hpmcounter7,normal,seed18,109,0.0
hpmcounter7,normal,seed18,110,0.0
hpmcounter7,normal,seed18,111,0.0
hpmcounter7,normal,seed18,112,0.0
hpmcounter7,normal,seed18,113,0.0
hpmcounter7,normal,seed18,114,0.0
hpmcounter7,normal,seed18,115,0.0
hpmcounter7,normal,seed18,116,0.0
hpmcounter7,normal,seed18,117,0.0
hpmcounter7,normal,seed18,118,0.0
hpmcounter7,normal,seed18,119,0.0
hpmcounter7,normal,seed18,120,0.0
hpmcounter7,normal,seed18,121,0.0
hpmcounter7,normal,seed18,122,0.0
hpmcounter7,normal,seed18,123,0.0
hpmcounter7,normal,seed18,124,0.0
hpmcounter7,normal,seed18,125,0.0
hpmcounter7,normal,seed18,126,0.0
hpmcounter7,normal,seed18,127,0.0
hpmcounter7,normal,seed18,128,0.0
hpmcounter7,normal,seed18,129,0.0
hpmcounter7,normal,seed18,130,0.0
hpmcounter7,normal,seed18,131,0.0
hpmcounter7,normal,seed18,132,0.0
hpmcounter7,normal,seed18,133,0.0
hpmcounter7,normal,seed18,134,0.0
hpmcounter7,normal,seed18,135,0.0
hpmcounter7,normal,seed18,136,0.0
hpmcounter7,normal,seed18,137,0.0
hpmcounter7,normal,seed18,138,0.0
hpmcounter7,normal,seed18,139,0.0
hpmcounter7,normal,seed18,140,0.0
hpmcounter7,normal,seed18,141,0.0
hpmcounter7,normal,seed18,142,0.0
hpmcounter7,normal,seed18,143,0.0
hpmcounter7,normal,seed18,144,0.0
hpmcounter7,normal,seed18,145,0.0
hpmcounter7,normal,seed18,146,0.0
hpmcounter7,normal,seed18,147,0.0
hpmcounter7,normal,seed18,148,0.0
hpmcounter7,normal,seed18,149,0.0
hpmcounter7,normal,seed18,150,0.0
hpmcounter7,normal,seed18,151,0.0
hpmcounter7,normal,seed18,152,0.0
hpmcounter7,normal,seed18,153,0.0
hpmcounter7,normal,seed18,154,0.0
hpmcounter7,normal,seed18,155,0.0
hpmcounter7,normal,seed18,156,0.0
hpmcounter7,normal,seed18,157,0.0
hpmcounter7,normal,seed18,158,0.0
hpmcounter7,normal,seed18,159,0.0
hpmcounter7,normal,seed18,160,0.0
hpmcounter7,normal,seed18,161,0.0
hpmcounter7,normal,seed18,162,0.0
hpmcounter7,normal,seed18,163,0.0
hpmcounter7,normal,seed18,164,0.0
hpmcounter7,normal,seed18,165,0.0
hpmcounter7,normal,seed18,166,0.0
hpmcounter7,normal,seed18,167,0.0
hpmcounter7,normal,seed18,168,0.0
hpmcounter7,normal,seed18,169,0.0
hpmcounter7,normal,seed18,170,0.0
hpmcounter7,normal,seed18,171,0.0
hpmcounter7,normal,seed18,172,0.0
hpmcounter7,normal,seed18,173,0.0
hpmcounter7,normal,seed18,174,0.0
hpmcounter7,normal,seed18,175,0.0
hpmcounter7,normal,seed18,176,0.0
hpmcounter7,normal,seed18,177,0.0
hpmcounter7,normal,seed18,178,0.0
hpmcounter7,normal,seed18,179,0.0
hpmcounter7,normal,seed18,180,0.0
hpmcounter7,normal,seed18,181,0.0
hpmcounter7,normal,seed18,182,0.0
hpmcounter7,normal,seed18,183,0.0
hpmcounter7,normal,seed18,184,0.0
hpmcounter7,normal,seed18,185,0.0
hpmcounter7,normal,seed18,186,0.0
hpmcounter7,normal,seed18,187,0.0
hpmcounter7,normal,seed18,188,0.0
hpmcounter7,normal,seed18,189,0.0
hpmcounter7,normal,seed18,190,0.0
hpmcounter7,normal,seed18,191,0.0
hpmcounter7,normal,seed18,192,0.0
hpmcounter7,normal,seed18,193,0.0
hpmcounter7,normal,seed18,194,0.0
hpmcounter7,normal,seed18,195,0.0
hpmcounter7,normal,seed18,196,0.0
hpmcounter7,normal,seed18,197,0.0
hpmcounter7,normal,seed18,198,0.0
hpmcounter7,normal,seed18,199,0.0
hpmcounter7,normal,seed18,200,0.0
hpmcounter7,normal,seed18,201,0.0
hpmcounter7,normal,seed18,202,0.0
hpmcounter7,normal,seed18,203,0.0
hpmcounter7,normal,seed18,204,0.0
hpmcounter7,normal,seed18,205,0.0
hpmcounter7,normal,seed18,206,0.0
hpmcounter7,normal,seed18,207,0.0
hpmcounter7,normal,seed18,208,0.0
hpmcounter7,normal,seed18,209,0.0
hpmcounter7,normal,seed18,210,0.0
hpmcounter7,normal,seed18,211,0.0
hpmcounter7,normal,seed18,212,0.0
hpmcounter7,normal,seed18,213,0.0
hpmcounter7,normal,seed18,214,0.0
hpmcounter7,normal,seed18,215,0.0
hpmcounter7,normal,seed18,216,0.0
hpmcounter7,normal,seed18,217,0.0
hpmcounter7,normal,seed18,218,0.0
hpmcounter7,normal,seed18,219,0.0
hpmcounter7,normal,seed18,220,0.0
hpmcounter7,normal,seed18,221,0.0
hpmcounter7,normal,seed18,222,0.0
hpmcounter7,normal,seed18,223,0.0
hpmcounter7,normal,seed18,224,0.0
hpmcounter7,normal,seed18,225,0.0
hpmcounter7,normal,seed18,226,0.0
hpmcounter7,normal,seed18,227,0.0
hpmcounter7,normal,seed18,228,0.0
hpmcounter7,normal,seed18,229,0.0
hpmcounter7,normal,seed18,230,0.0
hpmcounter7,normal,seed18,231,0.0
hpmcounter7,normal,seed18,232,0.0
hpmcounter7,normal,seed18,233,0.0
hpmcounter7,normal,seed18,234,0.0
hpmcounter7,normal,seed18,235,0.0
hpmcounter7,normal,seed18,236,0.0
hpmcounter7,normal,seed18,237,0.0
hpmcounter7,normal,seed18,238,0.0
hpmcounter7,normal,seed18,239,0.0
hpmcounter7,normal,seed18,240,0.0
hpmcounter7,normal,seed18,241,0.0
hpmcounter7,normal,seed18,242,0.0
hpmcounter7,normal,seed18,243,0.0
hpmcounter7,normal,seed18,244,0.0
hpmcounter7,normal,seed18,245,0.0
hpmcounter7,normal,seed18,246,0.0
hpmcounter7,normal,seed18,247,0.0
hpmcounter7,normal,seed18,248,0.0
hpmcounter7,normal,seed18,249,0.0
hpmcounter7,normal,seed18,250,0.0
hpmcounter7,normal,seed18,251,0.0
hpmcounter7,normal,seed18,252,0.0
hpmcounter7,normal,seed18,253,0.0
hpmcounter7,normal,seed18,254,0.0
hpmcounter7,normal,seed18,255,0.0
hpmcounter7,normal,seed18,256,0.0
hpmcounter7,normal,seed18,257,0.0
hpmcounter7,normal,seed18,258,0.0
hpmcounter7,normal,seed18,259,0.0
hpmcounter7,normal,seed18,260,0.0
hpmcounter7,normal,seed18,261,0.0
hpmcounter7,normal,seed18,262,0.0
hpmcounter7,normal,seed18,263,0.0
hpmcounter7,normal,seed18,264,0.0
hpmcounter7,normal,seed18,265,0.0
hpmcounter7,normal,seed18,266,0.0
hpmcounter7,normal,seed18,267,0.0
hpmcounter7,normal,seed18,268,0.0
hpmcounter7,normal,seed18,269,0.0
hpmcounter7,normal,seed18,270,0.0
hpmcounter7,normal,seed18,271,0.0
hpmcounter7,normal,seed18,272,0.0
hpmcounter7,normal,seed18,273,0.0
hpmcounter7,normal,seed18,274,0.0
hpmcounter7,normal,seed18,275,0.0
hpmcounter7,normal,seed18,276,0.0
hpmcounter7,normal,seed18,277,0.0
hpmcounter7,normal,seed18,278,0.0
hpmcounter7,normal,seed18,279,0.0
hpmcounter7,normal,seed18,280,0.0
hpmcounter7,normal,seed18,281,0.0
hpmcounter7,normal,seed18,282,0.0
hpmcounter7,normal,seed18,283,0.0
hpmcounter7,normal,seed18,284,0.0
hpmcounter7,normal,seed18,285,0.0
hpmcounter7,normal,seed18,286,0.0
hpmcounter7,normal,seed18,287,0.0
hpmcounter7,normal,seed18,288,0.0
hpmcounter7,normal,seed18,289,0.0
hpmcounter7,normal,seed18,290,0.0
hpmcounter7,normal,seed18,291,0.0
hpmcounter7,normal,seed18,292,0.0
hpmcounter7,normal,seed18,293,0.0
hpmcounter7,normal,seed18,294,0.0
hpmcounter7,normal,seed18,295,0.0
hpmcounter7,normal,seed18,296,0.0
hpmcounter7,normal,seed18,297,0.0
hpmcounter7,normal,seed18,298,0.0
hpmcounter7,normal,seed19,9,0.0
hpmcounter7,normal,seed19,10,0.0
hpmcounter7,normal,seed19,11,0.0
hpmcounter7,normal,seed19,12,0.0
hpmcounter7,normal,seed19,13,0.0
hpmcounter7,normal,seed19,14,0.0
hpmcounter7,normal,seed19,15,0.0
hpmcounter7,normal,seed19,16,0.0
hpmcounter7,normal,seed19,17,0.0
hpmcounter7,normal,seed19,18,0.0
hpmcounter7,normal,seed19,19,0.0
hpmcounter7,normal,seed19,20,0.0
hpmcounter7,normal,seed19,21,0.0
hpmcounter7,normal,seed19,22,0.0
hpmcounter7,normal,seed19,23,0.0
hpmcounter7,normal,seed19,24,0.0
hpmcounter7,normal,seed19,25,0.0
hpmcounter7,normal,seed19,26,0.0
hpmcounter7,normal,seed19,27,0.0
hpmcounter7,normal,seed19,28,0.0
hpmcounter7,normal,seed19,29,0.0
hpmcounter7,normal,seed19,30,0.0
hpmcounter7,normal,seed19,31,0.0
hpmcounter7,normal,seed19,32,0.0
hpmcounter7,normal,seed19,33,0.0
hpmcounter7,normal,seed19,34,0.0
hpmcounter7,normal,seed19,35,0.0
hpmcounter7,normal,seed19,36,0.0
hpmcounter7,normal,seed19,37,0.0
hpmcounter7,normal,seed19,38,0.0
hpmcounter7,normal,seed19,39,0.0
hpmcounter7,normal,seed19,40,0.0
hpmcounter7,normal,seed19,41,0.0
hpmcounter7,normal,seed19,42,0.0
hpmcounter7,normal,seed19,43,0.0
hpmcounter7,normal,seed19,44,0.0
hpmcounter7,normal,seed19,45,0.0
hpmcounter7,normal,seed19,46,0.0
hpmcounter7,normal,seed19,47,0.0
hpmcounter7,normal,seed19,48,0.0
hpmcounter7,normal,seed19,49,0.0
hpmcounter7,normal,seed19,50,0.0
hpmcounter7,normal,seed19,51,0.0
hpmcounter7,normal,seed19,52,0.0
hpmcounter7,normal,seed19,53,0.0
hpmcounter7,normal,seed19,54,0.0
hpmcounter7,normal,seed19,55,0.0
hpmcounter7,normal,seed19,56,0.0
hpmcounter7,normal,seed19,57,0.0
hpmcounter7,normal,seed19,58,0.0
hpmcounter7,normal,seed19,59,0.0
hpmcounter7,normal,seed19,60,0.0
hpmcounter7,normal,seed19,61,0.0
hpmcounter7,normal,seed19,62,0.0
hpmcounter7,normal,seed19,63,0.0
hpmcounter7,normal,seed19,64,0.0
hpmcounter7,normal,seed19,65,0.0
hpmcounter7,normal,seed19,66,0.0
hpmcounter7,normal,seed19,67,0.0
hpmcounter7,normal,seed19,68,0.0
hpmcounter7,normal,seed19,69,0.0
hpmcounter7,normal,seed19,70,0.0
hpmcounter7,normal,seed19,71,0.0
hpmcounter7,normal,seed19,72,0.0
hpmcounter7,normal,seed19,73,0.0
hpmcounter7,normal,seed19,74,0.0
hpmcounter7,normal,seed19,75,0.0
hpmcounter7,normal,seed19,76,0.0
hpmcounter7,normal,seed19,77,0.0
hpmcounter7,normal,seed19,78,0.0
hpmcounter7,normal,seed19,79,0.0
hpmcounter7,normal,seed19,80,0.0
hpmcounter7,normal,seed19,81,0.0
hpmcounter7,normal,seed19,82,0.0
hpmcounter7,normal,seed19,83,0.0
hpmcounter7,normal,seed19,84,0.0
hpmcounter7,normal,seed19,85,0.0
hpmcounter7,normal,seed19,86,0.0
hpmcounter7,normal,seed19,87,0.0
hpmcounter7,normal,seed19,88,0.0
hpmcounter7,normal,seed19,89,0.0
hpmcounter7,normal,seed19,90,0.0
hpmcounter7,normal,seed19,91,0.0
hpmcounter7,normal,seed19,92,0.0
hpmcounter7,normal,seed19,93,0.0
hpmcounter7,normal,seed19,94,0.0
hpmcounter7,normal,seed19,95,0.0
hpmcounter7,normal,seed19,96,0.0
hpmcounter7,normal,seed19,97,0.0
hpmcounter7,normal,seed19,98,0.0
hpmcounter7,normal,seed19,99,0.0
hpmcounter7,normal,seed19,100,0.0
hpmcounter7,normal,seed19,101,0.0
hpmcounter7,normal,seed19,102,0.0
hpmcounter7,normal,seed19,103,0.0
hpmcounter7,normal,seed19,104,0.0
hpmcounter7,normal,seed19,105,0.0
hpmcounter7,normal,seed19,106,0.0
hpmcounter7,normal,seed19,107,0.0
hpmcounter7,normal,seed19,108,0.0
hpmcounter7,normal,seed19,109,0.0
hpmcounter7,normal,seed19,110,0.0
hpmcounter7,normal,seed19,111,0.0
hpmcounter7,normal,seed19,112,0.0
hpmcounter7,normal,seed19,113,0.0
hpmcounter7,normal,seed19,114,0.0
hpmcounter7,normal,seed19,115,0.0
hpmcounter7,normal,seed19,116,0.0
hpmcounter7,normal,seed19,117,0.0
hpmcounter7,normal,seed19,118,0.0
hpmcounter7,normal,seed19,119,0.0
hpmcounter7,normal,seed19,120,0.0
hpmcounter7,normal,seed19,121,0.0
hpmcounter7,normal,seed19,122,0.0
hpmcounter7,normal,seed19,123,0.0
hpmcounter7,normal,seed19,124,0.0
hpmcounter7,normal,seed19,125,0.0
hpmcounter7,normal,seed19,126,0.0
hpmcounter7,normal,seed19,127,0.0
hpmcounter7,normal,seed19,128,0.0
hpmcounter7,normal,seed19,129,0.0
hpmcounter7,normal,seed19,130,0.0
hpmcounter7,normal,seed19,131,0.0
hpmcounter7,normal,seed19,132,0.0
hpmcounter7,normal,seed19,133,0.0
hpmcounter7,normal,seed19,134,0.0
hpmcounter7,normal,seed19,135,0.0
hpmcounter7,normal,seed19,136,0.0
hpmcounter7,normal,seed19,137,0.0
hpmcounter7,normal,seed19,138,0.0
hpmcounter7,normal,seed19,139,0.0
hpmcounter7,normal,seed19,140,0.0
hpmcounter7,normal,seed19,141,0.0
hpmcounter7,normal,seed19,142,0.0
hpmcounter7,normal,seed19,143,0.0
hpmcounter7,normal,seed19,144,0.0
hpmcounter7,normal,seed19,145,0.0
hpmcounter7,normal,seed19,146,0.0
hpmcounter7,normal,seed19,147,0.0
hpmcounter7,normal,seed19,148,0.0
hpmcounter7,normal,seed19,149,0.0
hpmcounter7,normal,seed19,150,0.0
hpmcounter7,normal,seed19,151,0.0
hpmcounter7,normal,seed19,152,0.0
hpmcounter7,normal,seed19,153,0.0
hpmcounter7,normal,seed19,154,0.0
hpmcounter7,normal,seed19,155,0.0
hpmcounter7,normal,seed19,156,0.0
hpmcounter7,normal,seed19,157,0.0
hpmcounter7,normal,seed19,158,0.0
hpmcounter7,normal,seed19,159,0.0
hpmcounter7,normal,seed19,160,0.0
hpmcounter7,normal,seed19,161,0.0
hpmcounter7,normal,seed19,162,0.0
hpmcounter7,normal,seed19,163,0.0
hpmcounter7,normal,seed19,164,0.0
hpmcounter7,normal,seed19,165,0.0
hpmcounter7,normal,seed19,166,0.0
hpmcounter7,normal,seed19,167,0.0
hpmcounter7,normal,seed19,168,0.0
hpmcounter7,normal,seed19,169,0.0
hpmcounter7,normal,seed19,170,0.0
hpmcounter7,normal,seed19,171,0.0
hpmcounter7,normal,seed19,172,0.0
hpmcounter7,normal,seed19,173,0.0
hpmcounter7,normal,seed19,174,0.0
hpmcounter7,normal,seed19,175,0.0
hpmcounter7,normal,seed19,176,0.0
hpmcounter7,normal,seed19,177,0.0
hpmcounter7,normal,seed19,178,0.0
hpmcounter7,normal,seed19,179,0.0
hpmcounter7,normal,seed19,180,0.0
hpmcounter7,normal,seed19,181,0.0
hpmcounter7,normal,seed19,182,0.0
hpmcounter7,normal,seed19,183,0.0
hpmcounter7,normal,seed19,184,0.0
hpmcounter7,normal,seed19,185,0.0
hpmcounter7,normal,seed19,186,0.0
hpmcounter7,normal,seed19,187,0.0
hpmcounter7,normal,seed19,188,0.0
hpmcounter7,normal,seed19,189,0.0
hpmcounter7,normal,seed19,190,0.0
hpmcounter7,normal,seed19,191,0.0
hpmcounter7,normal,seed19,192,0.0
hpmcounter7,normal,seed19,193,0.0
hpmcounter7,normal,seed19,194,0.0
hpmcounter7,normal,seed19,195,0.0
hpmcounter7,normal,seed19,196,0.0
hpmcounter7,normal,seed19,197,0.0
hpmcounter7,normal,seed19,198,0.0
hpmcounter7,normal,seed19,199,0.0
hpmcounter7,normal,seed19,200,0.0
hpmcounter7,normal,seed19,201,0.0
hpmcounter7,normal,seed19,202,0.0
hpmcounter7,normal,seed19,203,0.0
hpmcounter7,normal,seed19,204,0.0
hpmcounter7,normal,seed19,205,0.0
hpmcounter7,normal,seed19,206,0.0
hpmcounter7,normal,seed19,207,0.0
hpmcounter7,normal,seed19,208,0.0
hpmcounter7,normal,seed19,209,0.0
hpmcounter7,normal,seed19,210,0.0
hpmcounter7,normal,seed19,211,0.0
hpmcounter7,normal,seed19,212,0.0
hpmcounter7,normal,seed19,213,0.0
hpmcounter7,normal,seed19,214,0.0
hpmcounter7,normal,seed19,215,0.0
hpmcounter7,normal,seed19,216,0.0
hpmcounter7,normal,seed19,217,0.0
hpmcounter7,normal,seed19,218,0.0
hpmcounter7,normal,seed19,219,0.0
hpmcounter7,normal,seed19,220,0.0
hpmcounter7,normal,seed19,221,0.0
hpmcounter7,normal,seed19,222,0.0
hpmcounter7,normal,seed19,223,0.0
hpmcounter7,normal,seed19,224,0.0
hpmcounter7,normal,seed19,225,0.0
hpmcounter7,normal,seed19,226,0.0
hpmcounter7,normal,seed19,227,0.0
hpmcounter7,normal,seed19,228,0.0
hpmcounter7,normal,seed19,229,0.0
hpmcounter7,normal,seed19,230,0.0
hpmcounter7,normal,seed19,231,0.0
hpmcounter7,normal,seed19,232,0.0
hpmcounter7,normal,seed19,233,0.0
hpmcounter7,normal,seed19,234,0.0
hpmcounter7,normal,seed19,235,0.0
hpmcounter7,normal,seed19,236,0.0
hpmcounter7,normal,seed19,237,0.0
hpmcounter7,normal,seed19,238,0.0
hpmcounter7,normal,seed19,239,0.0
hpmcounter7,normal,seed19,240,0.0
hpmcounter7,normal,seed19,241,0.0
hpmcounter7,normal,seed19,242,0.0
hpmcounter7,normal,seed19,243,0.0
hpmcounter7,normal,seed19,244,0.0
hpmcounter7,normal,seed19,245,0.0
hpmcounter7,normal,seed19,246,0.0
hpmcounter7,normal,seed19,247,0.0
hpmcounter7,normal,seed19,248,0.0
hpmcounter7,normal,seed19,249,0.0
hpmcounter7,normal,seed19,250,0.0
hpmcounter7,normal,seed19,251,0.0
hpmcounter7,normal,seed19,252,0.0
hpmcounter7,normal,seed19,253,0.0
hpmcounter7,normal,seed19,254,0.0
hpmcounter7,normal,seed19,255,0.0
hpmcounter7,normal,seed19,256,0.0
hpmcounter7,normal,seed19,257,0.0
hpmcounter7,normal,seed19,258,0.0
hpmcounter7,normal,seed19,259,0.0
hpmcounter7,normal,seed19,260,0.0
hpmcounter7,normal,seed19,261,0.0
hpmcounter7,normal,seed19,262,0.0
hpmcounter7,normal,seed19,263,0.0
hpmcounter7,normal,seed19,264,0.0
hpmcounter7,normal,seed19,265,0.0
hpmcounter7,normal,seed19,266,0.0
hpmcounter7,normal,seed19,267,0.0
hpmcounter7,normal,seed19,268,0.0
hpmcounter7,normal,seed19,269,0.0
hpmcounter7,normal,seed19,270,0.0
hpmcounter7,normal,seed19,271,0.0
hpmcounter7,normal,seed19,272,0.0
hpmcounter7,normal,seed19,273,0.0
hpmcounter7,normal,seed19,274,0.0
hpmcounter7,normal,seed19,275,0.0
hpmcounter7,normal,seed19,276,0.0
hpmcounter7,normal,seed19,277,0.0
hpmcounter7,normal,seed19,278,0.0
hpmcounter7,normal,seed19,279,0.0
hpmcounter7,normal,seed19,280,0.0
hpmcounter7,normal,seed19,281,0.0
hpmcounter7,normal,seed19,282,0.0
hpmcounter7,normal,seed19,283,0.0
hpmcounter7,normal,seed19,284,0.0
hpmcounter7,normal,seed19,285,0.0
hpmcounter7,normal,seed19,286,0.0
hpmcounter7,normal,seed19,287,0.0
hpmcounter7,normal,seed19,288,0.0
hpmcounter7,normal,seed19,289,0.0
hpmcounter7,normal,seed19,290,0.0
hpmcounter7,normal,seed19,291,0.0
hpmcounter7,normal,seed19,292,0.0
hpmcounter7,normal,seed19,293,0.0
hpmcounter7,normal,seed19,294,0.0
hpmcounter7,normal,seed19,295,0.0
hpmcounter7,normal,seed19,296,0.0
hpmcounter7,normal,seed19,297,0.0
hpmcounter7,normal,seed19,298,0.0
hpmcounter7,normal,seed2,9,0.0
hpmcounter7,normal,seed2,10,0.0
hpmcounter7,normal,seed2,11,0.0
hpmcounter7,normal,seed2,12,0.0
hpmcounter7,normal,seed2,13,0.0
hpmcounter7,normal,seed2,14,0.0
hpmcounter7,normal,seed2,15,0.0
hpmcounter7,normal,seed2,16,0.0
hpmcounter7,normal,seed2,17,0.0
hpmcounter7,normal,seed2,18,0.0
hpmcounter7,normal,seed2,19,0.0
hpmcounter7,normal,seed2,20,0.0
hpmcounter7,normal,seed2,21,0.0
hpmcounter7,normal,seed2,22,0.0
hpmcounter7,normal,seed2,23,0.0
hpmcounter7,normal,seed2,24,0.0
hpmcounter7,normal,seed2,25,0.0
hpmcounter7,normal,seed2,26,0.0
hpmcounter7,normal,seed2,27,0.0
hpmcounter7,normal,seed2,28,0.0
hpmcounter7,normal,seed2,29,0.0
hpmcounter7,normal,seed2,30,0.0
hpmcounter7,normal,seed2,31,0.0
hpmcounter7,normal,seed2,32,0.0
hpmcounter7,normal,seed2,33,0.0
hpmcounter7,normal,seed2,34,0.0
hpmcounter7,normal,seed2,35,0.0
hpmcounter7,normal,seed2,36,0.0
hpmcounter7,normal,seed2,37,0.0
hpmcounter7,normal,seed2,38,0.0
hpmcounter7,normal,seed2,39,0.0
hpmcounter7,normal,seed2,40,0.0
hpmcounter7,normal,seed2,41,0.0
hpmcounter7,normal,seed2,42,0.0
hpmcounter7,normal,seed2,43,0.0
hpmcounter7,normal,seed2,44,0.0
hpmcounter7,normal,seed2,45,0.0
hpmcounter7,normal,seed2,46,0.0
hpmcounter7,normal,seed2,47,0.0
hpmcounter7,normal,seed2,48,0.0
hpmcounter7,normal,seed2,49,0.0
hpmcounter7,normal,seed2,50,0.0
hpmcounter7,normal,seed2,51,0.0
hpmcounter7,normal,seed2,52,0.0
hpmcounter7,normal,seed2,53,0.0
hpmcounter7,normal,seed2,54,0.0
hpmcounter7,normal,seed2,55,0.0
hpmcounter7,normal,seed2,56,0.0
hpmcounter7,normal,seed2,57,0.0
hpmcounter7,normal,seed2,58,0.0
hpmcounter7,normal,seed2,59,0.0
hpmcounter7,normal,seed2,60,0.0
hpmcounter7,normal,seed2,61,0.0
hpmcounter7,normal,seed2,62,0.0
hpmcounter7,normal,seed2,63,0.0
hpmcounter7,normal,seed2,64,0.0
hpmcounter7,normal,seed2,65,0.0
hpmcounter7,normal,seed2,66,0.0
hpmcounter7,normal,seed2,67,0.0
hpmcounter7,normal,seed2,68,0.0
hpmcounter7,normal,seed2,69,0.0
hpmcounter7,normal,seed2,70,0.0
hpmcounter7,normal,seed2,71,0.0
hpmcounter7,normal,seed2,72,0.0
hpmcounter7,normal,seed2,73,0.0
hpmcounter7,normal,seed2,74,0.0
hpmcounter7,normal,seed2,75,0.0
hpmcounter7,normal,seed2,76,0.0
hpmcounter7,normal,seed2,77,0.0
hpmcounter7,normal,seed2,78,0.0
hpmcounter7,normal,seed2,79,0.0
hpmcounter7,normal,seed2,80,0.0
hpmcounter7,normal,seed2,81,0.0
hpmcounter7,normal,seed2,82,0.0
hpmcounter7,normal,seed2,83,0.0
hpmcounter7,normal,seed2,84,0.0
hpmcounter7,normal,seed2,85,0.0
hpmcounter7,normal,seed2,86,0.0
hpmcounter7,normal,seed2,87,0.0
hpmcounter7,normal,seed2,88,0.0
hpmcounter7,normal,seed2,89,0.0
hpmcounter7,normal,seed2,90,0.0
hpmcounter7,normal,seed2,91,0.0
hpmcounter7,normal,seed2,92,0.0
hpmcounter7,normal,seed2,93,0.0
hpmcounter7,normal,seed2,94,0.0
hpmcounter7,normal,seed2,95,0.0
hpmcounter7,normal,seed2,96,0.0
hpmcounter7,normal,seed2,97,0.0
hpmcounter7,normal,seed2,98,0.0
hpmcounter7,normal,seed2,99,0.0
hpmcounter7,normal,seed2,100,0.0
hpmcounter7,normal,seed2,101,0.0
hpmcounter7,normal,seed2,102,0.0
hpmcounter7,normal,seed2,103,0.0
hpmcounter7,normal,seed2,104,0.0
hpmcounter7,normal,seed2,105,0.0
hpmcounter7,normal,seed2,106,0.0
hpmcounter7,normal,seed2,107,0.0
hpmcounter7,normal,seed2,108,0.0
hpmcounter7,normal,seed2,109,0.0
hpmcounter7,normal,seed2,110,0.0
hpmcounter7,normal,seed2,111,0.0
hpmcounter7,normal,seed2,112,0.0
hpmcounter7,normal,seed2,113,0.0
hpmcounter7,normal,seed2,114,0.0
hpmcounter7,normal,seed2,115,0.0
hpmcounter7,normal,seed2,116,0.0
hpmcounter7,normal,seed2,117,0.0
hpmcounter7,normal,seed2,118,0.0
hpmcounter7,normal,seed2,119,0.0
hpmcounter7,normal,seed2,120,0.0
hpmcounter7,normal,seed2,121,0.0
hpmcounter7,normal,seed2,122,0.0
hpmcounter7,normal,seed2,123,0.0
hpmcounter7,normal,seed2,124,0.0
hpmcounter7,normal,seed2,125,0.0
hpmcounter7,normal,seed2,126,0.0
hpmcounter7,normal,seed2,127,0.0
hpmcounter7,normal,seed2,128,0.0
hpmcounter7,normal,seed2,129,0.0
hpmcounter7,normal,seed2,130,0.0
hpmcounter7,normal,seed2,131,0.0
hpmcounter7,normal,seed2,132,0.0
hpmcounter7,normal,seed2,133,0.0
hpmcounter7,normal,seed2,134,0.0
hpmcounter7,normal,seed2,135,0.0
hpmcounter7,normal,seed2,136,0.0
hpmcounter7,normal,seed2,137,0.0
hpmcounter7,normal,seed2,138,0.0
hpmcounter7,normal,seed2,139,0.0
hpmcounter7,normal,seed2,140,0.0
hpmcounter7,normal,seed2,141,0.0
hpmcounter7,normal,seed2,142,0.0
hpmcounter7,normal,seed2,143,0.0
hpmcounter7,normal,seed2,144,0.0
hpmcounter7,normal,seed2,145,0.0
hpmcounter7,normal,seed2,146,0.0
hpmcounter7,normal,seed2,147,0.0
hpmcounter7,normal,seed2,148,0.0
hpmcounter7,normal,seed2,149,0.0
hpmcounter7,normal,seed2,150,0.0
hpmcounter7,normal,seed2,151,0.0
hpmcounter7,normal,seed2,152,0.0
hpmcounter7,normal,seed2,153,0.0
hpmcounter7,normal,seed2,154,0.0
hpmcounter7,normal,seed2,155,0.0
hpmcounter7,normal,seed2,156,0.0
hpmcounter7,normal,seed2,157,0.0
hpmcounter7,normal,seed2,158,0.0
hpmcounter7,normal,seed2,159,0.0
hpmcounter7,normal,seed2,160,0.0
hpmcounter7,normal,seed2,161,0.0
hpmcounter7,normal,seed2,162,0.0
hpmcounter7,normal,seed2,163,0.0
hpmcounter7,normal,seed2,164,0.0
hpmcounter7,normal,seed2,165,0.0
hpmcounter7,normal,seed2,166,0.0
hpmcounter7,normal,seed2,167,0.0
hpmcounter7,normal,seed2,168,0.0
hpmcounter7,normal,seed2,169,0.0
hpmcounter7,normal,seed2,170,0.0
hpmcounter7,normal,seed2,171,0.0
hpmcounter7,normal,seed2,172,0.0
hpmcounter7,normal,seed2,173,0.0
hpmcounter7,normal,seed2,174,0.0
hpmcounter7,normal,seed2,175,0.0
hpmcounter7,normal,seed2,176,0.0
hpmcounter7,normal,seed2,177,0.0
hpmcounter7,normal,seed2,178,0.0
hpmcounter7,normal,seed2,179,0.0
hpmcounter7,normal,seed2,180,0.0
hpmcounter7,normal,seed2,181,0.0
hpmcounter7,normal,seed2,182,0.0
hpmcounter7,normal,seed2,183,0.0
hpmcounter7,normal,seed2,184,0.0
hpmcounter7,normal,seed2,185,0.0
hpmcounter7,normal,seed2,186,0.0
hpmcounter7,normal,seed2,187,0.0
hpmcounter7,normal,seed2,188,0.0
hpmcounter7,normal,seed2,189,0.0
hpmcounter7,normal,seed2,190,0.0
hpmcounter7,normal,seed2,191,0.0
hpmcounter7,normal,seed2,192,0.0
hpmcounter7,normal,seed2,193,0.0
hpmcounter7,normal,seed2,194,0.0
hpmcounter7,normal,seed2,195,0.0
hpmcounter7,normal,seed2,196,0.0
hpmcounter7,normal,seed2,197,0.0
hpmcounter7,normal,seed2,198,0.0
hpmcounter7,normal,seed2,199,0.0
hpmcounter7,normal,seed2,200,0.0
hpmcounter7,normal,seed2,201,0.0
hpmcounter7,normal,seed2,202,0.0
hpmcounter7,normal,seed2,203,0.0
hpmcounter7,normal,seed2,204,0.0
hpmcounter7,normal,seed2,205,0.0
hpmcounter7,normal,seed2,206,0.0
hpmcounter7,normal,seed2,207,0.0
hpmcounter7,normal,seed2,208,0.0
hpmcounter7,normal,seed2,209,0.0
hpmcounter7,normal,seed2,210,0.0
hpmcounter7,normal,seed2,211,0.0
hpmcounter7,normal,seed2,212,0.0
hpmcounter7,normal,seed2,213,0.0
hpmcounter7,normal,seed2,214,0.0
hpmcounter7,normal,seed2,215,0.0
hpmcounter7,normal,seed2,216,0.0
hpmcounter7,normal,seed2,217,0.0
hpmcounter7,normal,seed2,218,0.0
hpmcounter7,normal,seed2,219,0.0
hpmcounter7,normal,seed2,220,0.0
hpmcounter7,normal,seed2,221,0.0
hpmcounter7,normal,seed2,222,0.0
hpmcounter7,normal,seed2,223,0.0
hpmcounter7,normal,seed2,224,0.0
hpmcounter7,normal,seed2,225,0.0
hpmcounter7,normal,seed2,226,0.0
hpmcounter7,normal,seed2,227,0.0
hpmcounter7,normal,seed2,228,0.0
hpmcounter7,normal,seed2,229,0.0
hpmcounter7,normal,seed2,230,0.0
hpmcounter7,normal,seed2,231,0.0
hpmcounter7,normal,seed2,232,0.0
hpmcounter7,normal,seed2,233,0.0
hpmcounter7,normal,seed2,234,0.0
hpmcounter7,normal,seed2,235,0.0
hpmcounter7,normal,seed2,236,0.0
hpmcounter7,normal,seed2,237,0.0
hpmcounter7,normal,seed2,238,0.0
hpmcounter7,normal,seed2,239,0.0
hpmcounter7,normal,seed2,240,0.0
hpmcounter7,normal,seed2,241,0.0
hpmcounter7,normal,seed2,242,0.0
hpmcounter7,normal,seed2,243,0.0
hpmcounter7,normal,seed2,244,0.0
hpmcounter7,normal,seed2,245,0.0
hpmcounter7,normal,seed2,246,0.0
hpmcounter7,normal,seed2,247,0.0
hpmcounter7,normal,seed2,248,0.0
hpmcounter7,normal,seed2,249,0.0
hpmcounter7,normal,seed2,250,0.0
hpmcounter7,normal,seed2,251,0.0
hpmcounter7,normal,seed2,252,0.0
hpmcounter7,normal,seed2,253,0.0
hpmcounter7,normal,seed2,254,0.0
hpmcounter7,normal,seed2,255,0.0
hpmcounter7,normal,seed2,256,0.0
hpmcounter7,normal,seed2,257,0.0
hpmcounter7,normal,seed2,258,0.0
hpmcounter7,normal,seed2,259,0.0
hpmcounter7,normal,seed2,260,0.0
hpmcounter7,normal,seed2,261,0.0
hpmcounter7,normal,seed2,262,0.0
hpmcounter7,normal,seed2,263,0.0
hpmcounter7,normal,seed2,264,0.0
hpmcounter7,normal,seed2,265,0.0
hpmcounter7,normal,seed2,266,0.0
hpmcounter7,normal,seed2,267,0.0
hpmcounter7,normal,seed2,268,0.0
hpmcounter7,normal,seed2,269,0.0
hpmcounter7,normal,seed2,270,0.0
hpmcounter7,normal,seed2,271,0.0
hpmcounter7,normal,seed2,272,0.0
hpmcounter7,normal,seed2,273,0.0
hpmcounter7,normal,seed2,274,0.0
hpmcounter7,normal,seed2,275,0.0
hpmcounter7,normal,seed2,276,0.0
hpmcounter7,normal,seed2,277,0.0
hpmcounter7,normal,seed2,278,0.0
hpmcounter7,normal,seed2,279,0.0
hpmcounter7,normal,seed2,280,0.0
hpmcounter7,normal,seed2,281,0.0
hpmcounter7,normal,seed2,282,0.0
hpmcounter7,normal,seed2,283,0.0
hpmcounter7,normal,seed2,284,0.0
hpmcounter7,normal,seed2,285,0.0
hpmcounter7,normal,seed2,286,0.0
hpmcounter7,normal,seed2,287,0.0
hpmcounter7,normal,seed2,288,0.0
hpmcounter7,normal,seed2,289,0.0
hpmcounter7,normal,seed2,290,0.0
hpmcounter7,normal,seed2,291,0.0
hpmcounter7,normal,seed2,292,0.0
hpmcounter7,normal,seed2,293,0.0
hpmcounter7,normal,seed2,294,0.0
hpmcounter7,normal,seed2,295,0.0
hpmcounter7,normal,seed2,296,0.0
hpmcounter7,normal,seed2,297,0.0
hpmcounter7,normal,seed2,298,0.0
hpmcounter7,normal,seed20,9,0.0
hpmcounter7,normal,seed20,10,0.0
hpmcounter7,normal,seed20,11,0.0
hpmcounter7,normal,seed20,12,0.0
hpmcounter7,normal,seed20,13,0.0
hpmcounter7,normal,seed20,14,0.0
hpmcounter7,normal,seed20,15,0.0
hpmcounter7,normal,seed20,16,0.0
hpmcounter7,normal,seed20,17,0.0
hpmcounter7,normal,seed20,18,0.0
hpmcounter7,normal,seed20,19,0.0
hpmcounter7,normal,seed20,20,0.0
hpmcounter7,normal,seed20,21,0.0
hpmcounter7,normal,seed20,22,0.0
hpmcounter7,normal,seed20,23,0.0
hpmcounter7,normal,seed20,24,0.0
hpmcounter7,normal,seed20,25,0.0
hpmcounter7,normal,seed20,26,0.0
hpmcounter7,normal,seed20,27,0.0
hpmcounter7,normal,seed20,28,0.0
hpmcounter7,normal,seed20,29,0.0
hpmcounter7,normal,seed20,30,0.0
hpmcounter7,normal,seed20,31,0.0
hpmcounter7,normal,seed20,32,0.0
hpmcounter7,normal,seed20,33,0.0
hpmcounter7,normal,seed20,34,0.0
hpmcounter7,normal,seed20,35,0.0
hpmcounter7,normal,seed20,36,0.0
hpmcounter7,normal,seed20,37,0.0
hpmcounter7,normal,seed20,38,0.0
hpmcounter7,normal,seed20,39,0.0
hpmcounter7,normal,seed20,40,0.0
hpmcounter7,normal,seed20,41,0.0
hpmcounter7,normal,seed20,42,0.0
hpmcounter7,normal,seed20,43,0.0
hpmcounter7,normal,seed20,44,0.0
hpmcounter7,normal,seed20,45,0.0
hpmcounter7,normal,seed20,46,0.0
hpmcounter7,normal,seed20,47,0.0
hpmcounter7,normal,seed20,48,0.0
hpmcounter7,normal,seed20,49,0.0
hpmcounter7,normal,seed20,50,0.0
hpmcounter7,normal,seed20,51,0.0
hpmcounter7,normal,seed20,52,0.0
hpmcounter7,normal,seed20,53,0.0
hpmcounter7,normal,seed20,54,0.0
hpmcounter7,normal,seed20,55,0.0
hpmcounter7,normal,seed20,56,0.0
hpmcounter7,normal,seed20,57,0.0
hpmcounter7,normal,seed20,58,0.0
hpmcounter7,normal,seed20,59,0.0
hpmcounter7,normal,seed20,60,0.0
hpmcounter7,normal,seed20,61,0.0
hpmcounter7,normal,seed20,62,0.0
hpmcounter7,normal,seed20,63,0.0
hpmcounter7,normal,seed20,64,0.0
hpmcounter7,normal,seed20,65,0.0
hpmcounter7,normal,seed20,66,0.0
hpmcounter7,normal,seed20,67,0.0
hpmcounter7,normal,seed20,68,0.0
hpmcounter7,normal,seed20,69,0.0
hpmcounter7,normal,seed20,70,0.0
hpmcounter7,normal,seed20,71,0.0
hpmcounter7,normal,seed20,72,0.0
hpmcounter7,normal,seed20,73,0.0
hpmcounter7,normal,seed20,74,0.0
hpmcounter7,normal,seed20,75,0.0
hpmcounter7,normal,seed20,76,0.0
hpmcounter7,normal,seed20,77,0.0
hpmcounter7,normal,seed20,78,0.0
hpmcounter7,normal,seed20,79,0.0
hpmcounter7,normal,seed20,80,0.0
hpmcounter7,normal,seed20,81,0.0
hpmcounter7,normal,seed20,82,0.0
hpmcounter7,normal,seed20,83,0.0
hpmcounter7,normal,seed20,84,0.0
hpmcounter7,normal,seed20,85,0.0
hpmcounter7,normal,seed20,86,0.0
hpmcounter7,normal,seed20,87,0.0
hpmcounter7,normal,seed20,88,0.0
hpmcounter7,normal,seed20,89,0.0
hpmcounter7,normal,seed20,90,0.0
hpmcounter7,normal,seed20,91,0.0
hpmcounter7,normal,seed20,92,0.0
hpmcounter7,normal,seed20,93,0.0
hpmcounter7,normal,seed20,94,0.0
hpmcounter7,normal,seed20,95,0.0
hpmcounter7,normal,seed20,96,0.0
hpmcounter7,normal,seed20,97,0.0
hpmcounter7,normal,seed20,98,0.0
hpmcounter7,normal,seed20,99,0.0
hpmcounter7,normal,seed20,100,0.0
hpmcounter7,normal,seed20,101,0.0
hpmcounter7,normal,seed20,102,0.0
hpmcounter7,normal,seed20,103,0.0
hpmcounter7,normal,seed20,104,0.0
hpmcounter7,normal,seed20,105,0.0
hpmcounter7,normal,seed20,106,0.0
hpmcounter7,normal,seed20,107,0.0
hpmcounter7,normal,seed20,108,0.0
hpmcounter7,normal,seed20,109,0.0
hpmcounter7,normal,seed20,110,0.0
hpmcounter7,normal,seed20,111,0.0
hpmcounter7,normal,seed20,112,0.0
hpmcounter7,normal,seed20,113,0.0
hpmcounter7,normal,seed20,114,0.0
hpmcounter7,normal,seed20,115,0.0
hpmcounter7,normal,seed20,116,0.0
hpmcounter7,normal,seed20,117,0.0
hpmcounter7,normal,seed20,118,0.0
hpmcounter7,normal,seed20,119,0.0
hpmcounter7,normal,seed20,120,0.0
hpmcounter7,normal,seed20,121,0.0
hpmcounter7,normal,seed20,122,0.0
hpmcounter7,normal,seed20,123,0.0
hpmcounter7,normal,seed20,124,0.0
hpmcounter7,normal,seed20,125,0.0
hpmcounter7,normal,seed20,126,0.0
hpmcounter7,normal,seed20,127,0.0
hpmcounter7,normal,seed20,128,0.0
hpmcounter7,normal,seed20,129,0.0
hpmcounter7,normal,seed20,130,0.0
hpmcounter7,normal,seed20,131,0.0
hpmcounter7,normal,seed20,132,0.0
hpmcounter7,normal,seed20,133,0.0
hpmcounter7,normal,seed20,134,0.0
hpmcounter7,normal,seed20,135,0.0
hpmcounter7,normal,seed20,136,0.0
hpmcounter7,normal,seed20,137,0.0
hpmcounter7,normal,seed20,138,0.0
hpmcounter7,normal,seed20,139,0.0
hpmcounter7,normal,seed20,140,0.0
hpmcounter7,normal,seed20,141,0.0
hpmcounter7,normal,seed20,142,0.0
hpmcounter7,normal,seed20,143,0.0
hpmcounter7,normal,seed20,144,0.0
hpmcounter7,normal,seed20,145,0.0
hpmcounter7,normal,seed20,146,0.0
hpmcounter7,normal,seed20,147,0.0
hpmcounter7,normal,seed20,148,0.0
hpmcounter7,normal,seed20,149,0.0
hpmcounter7,normal,seed20,150,0.0
hpmcounter7,normal,seed20,151,0.0
hpmcounter7,normal,seed20,152,0.0
hpmcounter7,normal,seed20,153,0.0
hpmcounter7,normal,seed20,154,0.0
hpmcounter7,normal,seed20,155,0.0
hpmcounter7,normal,seed20,156,0.0
hpmcounter7,normal,seed20,157,0.0
hpmcounter7,normal,seed20,158,0.0
hpmcounter7,normal,seed20,159,0.0
hpmcounter7,normal,seed20,160,0.0
hpmcounter7,normal,seed20,161,0.0
hpmcounter7,normal,seed20,162,0.0
hpmcounter7,normal,seed20,163,0.0
hpmcounter7,normal,seed20,164,0.0
hpmcounter7,normal,seed20,165,0.0
hpmcounter7,normal,seed20,166,0.0
hpmcounter7,normal,seed20,167,0.0
hpmcounter7,normal,seed20,168,0.0
hpmcounter7,normal,seed20,169,0.0
hpmcounter7,normal,seed20,170,0.0
hpmcounter7,normal,seed20,171,0.0
hpmcounter7,normal,seed20,172,0.0
hpmcounter7,normal,seed20,173,0.0
hpmcounter7,normal,seed20,174,0.0
hpmcounter7,normal,seed20,175,0.0
hpmcounter7,normal,seed20,176,0.0
hpmcounter7,normal,seed20,177,0.0
hpmcounter7,normal,seed20,178,0.0
hpmcounter7,normal,seed20,179,0.0
hpmcounter7,normal,seed20,180,0.0
hpmcounter7,normal,seed20,181,0.0
hpmcounter7,normal,seed20,182,0.0
hpmcounter7,normal,seed20,183,0.0
hpmcounter7,normal,seed20,184,0.0
hpmcounter7,normal,seed20,185,0.0
hpmcounter7,normal,seed20,186,0.0
hpmcounter7,normal,seed20,187,0.0
hpmcounter7,normal,seed20,188,0.0
hpmcounter7,normal,seed20,189,0.0
hpmcounter7,normal,seed20,190,0.0
hpmcounter7,normal,seed20,191,0.0
hpmcounter7,normal,seed20,192,0.0
hpmcounter7,normal,seed20,193,0.0
hpmcounter7,normal,seed20,194,0.0
hpmcounter7,normal,seed20,195,0.0
hpmcounter7,normal,seed20,196,0.0
hpmcounter7,normal,seed20,197,0.0
hpmcounter7,normal,seed20,198,0.0
hpmcounter7,normal,seed20,199,0.0
hpmcounter7,normal,seed20,200,0.0
hpmcounter7,normal,seed20,201,0.0
hpmcounter7,normal,seed20,202,0.0
hpmcounter7,normal,seed20,203,0.0
hpmcounter7,normal,seed20,204,0.0
hpmcounter7,normal,seed20,205,0.0
hpmcounter7,normal,seed20,206,0.0
hpmcounter7,normal,seed20,207,0.0
hpmcounter7,normal,seed20,208,0.0
hpmcounter7,normal,seed20,209,0.0
hpmcounter7,normal,seed20,210,0.0
hpmcounter7,normal,seed20,211,0.0
hpmcounter7,normal,seed20,212,0.0
hpmcounter7,normal,seed20,213,0.0
hpmcounter7,normal,seed20,214,0.0
hpmcounter7,normal,seed20,215,0.0
hpmcounter7,normal,seed20,216,0.0
hpmcounter7,normal,seed20,217,0.0
hpmcounter7,normal,seed20,218,0.0
hpmcounter7,normal,seed20,219,0.0
hpmcounter7,normal,seed20,220,0.0
hpmcounter7,normal,seed20,221,0.0
hpmcounter7,normal,seed20,222,0.0
hpmcounter7,normal,seed20,223,0.0
hpmcounter7,normal,seed20,224,0.0
hpmcounter7,normal,seed20,225,0.0
hpmcounter7,normal,seed20,226,0.0
hpmcounter7,normal,seed20,227,0.0
hpmcounter7,normal,seed20,228,0.0
hpmcounter7,normal,seed20,229,0.0
hpmcounter7,normal,seed20,230,0.0
hpmcounter7,normal,seed20,231,0.0
hpmcounter7,normal,seed20,232,0.0
hpmcounter7,normal,seed20,233,0.0
hpmcounter7,normal,seed20,234,0.0
hpmcounter7,normal,seed20,235,0.0
hpmcounter7,normal,seed20,236,0.0
hpmcounter7,normal,seed20,237,0.0
hpmcounter7,normal,seed20,238,0.0
hpmcounter7,normal,seed20,239,0.0
hpmcounter7,normal,seed20,240,0.0
hpmcounter7,normal,seed20,241,0.0
hpmcounter7,normal,seed20,242,0.0
hpmcounter7,normal,seed20,243,0.0
hpmcounter7,normal,seed20,244,0.0
hpmcounter7,normal,seed20,245,0.0
hpmcounter7,normal,seed20,246,0.0
hpmcounter7,normal,seed20,247,0.0
hpmcounter7,normal,seed20,248,0.0
hpmcounter7,normal,seed20,249,0.0
hpmcounter7,normal,seed20,250,0.0
hpmcounter7,normal,seed20,251,0.0
hpmcounter7,normal,seed20,252,0.0
hpmcounter7,normal,seed20,253,0.0
hpmcounter7,normal,seed20,254,0.0
hpmcounter7,normal,seed20,255,0.0
hpmcounter7,normal,seed20,256,0.0
hpmcounter7,normal,seed20,257,0.0
hpmcounter7,normal,seed20,258,0.0
hpmcounter7,normal,seed20,259,0.0
hpmcounter7,normal,seed20,260,0.0
hpmcounter7,normal,seed20,261,0.0
hpmcounter7,normal,seed20,262,0.0
hpmcounter7,normal,seed20,263,0.0
hpmcounter7,normal,seed20,264,0.0
hpmcounter7,normal,seed20,265,0.0
hpmcounter7,normal,seed20,266,0.0
hpmcounter7,normal,seed20,267,0.0
hpmcounter7,normal,seed20,268,0.0
hpmcounter7,normal,seed20,269,0.0
hpmcounter7,normal,seed20,270,0.0
hpmcounter7,normal,seed20,271,0.0
hpmcounter7,normal,seed20,272,0.0
hpmcounter7,normal,seed20,273,0.0
hpmcounter7,normal,seed20,274,0.0
hpmcounter7,normal,seed20,275,0.0
hpmcounter7,normal,seed20,276,0.0
hpmcounter7,normal,seed20,277,0.0
hpmcounter7,normal,seed20,278,0.0
hpmcounter7,normal,seed20,279,0.0
hpmcounter7,normal,seed20,280,0.0
hpmcounter7,normal,seed20,281,0.0
hpmcounter7,normal,seed20,282,0.0
hpmcounter7,normal,seed20,283,0.0
hpmcounter7,normal,seed20,284,0.0
hpmcounter7,normal,seed20,285,0.0
hpmcounter7,normal,seed20,286,0.0
hpmcounter7,normal,seed20,287,0.0
hpmcounter7,normal,seed20,288,0.0
hpmcounter7,normal,seed20,289,0.0
hpmcounter7,normal,seed20,290,0.0
hpmcounter7,normal,seed20,291,0.0
hpmcounter7,normal,seed20,292,0.0
hpmcounter7,normal,seed20,293,0.0
hpmcounter7,normal,seed20,294,0.0
hpmcounter7,normal,seed20,295,0.0
hpmcounter7,normal,seed20,296,0.0
hpmcounter7,normal,seed20,297,0.0
hpmcounter7,normal,seed20,298,0.0
hpmcounter7,normal,seed3,9,0.0
hpmcounter7,normal,seed3,10,0.0
hpmcounter7,normal,seed3,11,0.0
hpmcounter7,normal,seed3,12,0.0
hpmcounter7,normal,seed3,13,0.0
hpmcounter7,normal,seed3,14,0.0
hpmcounter7,normal,seed3,15,0.0
hpmcounter7,normal,seed3,16,0.0
hpmcounter7,normal,seed3,17,0.0
hpmcounter7,normal,seed3,18,0.0
hpmcounter7,normal,seed3,19,0.0
hpmcounter7,normal,seed3,20,0.0
hpmcounter7,normal,seed3,21,0.0
hpmcounter7,normal,seed3,22,0.0
hpmcounter7,normal,seed3,23,0.0
hpmcounter7,normal,seed3,24,0.0
hpmcounter7,normal,seed3,25,0.0
hpmcounter7,normal,seed3,26,0.0
hpmcounter7,normal,seed3,27,0.0
hpmcounter7,normal,seed3,28,0.0
hpmcounter7,normal,seed3,29,0.0
hpmcounter7,normal,seed3,30,0.0
hpmcounter7,normal,seed3,31,0.0
hpmcounter7,normal,seed3,32,0.0
hpmcounter7,normal,seed3,33,0.0
hpmcounter7,normal,seed3,34,0.0
hpmcounter7,normal,seed3,35,0.0
hpmcounter7,normal,seed3,36,0.0
hpmcounter7,normal,seed3,37,0.0
hpmcounter7,normal,seed3,38,0.0
hpmcounter7,normal,seed3,39,0.0
hpmcounter7,normal,seed3,40,0.0
hpmcounter7,normal,seed3,41,0.0
hpmcounter7,normal,seed3,42,0.0
hpmcounter7,normal,seed3,43,0.0
hpmcounter7,normal,seed3,44,0.0
hpmcounter7,normal,seed3,45,0.0
hpmcounter7,normal,seed3,46,0.0
hpmcounter7,normal,seed3,47,0.0
hpmcounter7,normal,seed3,48,0.0
hpmcounter7,normal,seed3,49,0.0
hpmcounter7,normal,seed3,50,0.0
hpmcounter7,normal,seed3,51,0.0
hpmcounter7,normal,seed3,52,0.0
hpmcounter7,normal,seed3,53,0.0
hpmcounter7,normal,seed3,54,0.0
hpmcounter7,normal,seed3,55,0.0
hpmcounter7,normal,seed3,56,0.0
hpmcounter7,normal,seed3,57,0.0
hpmcounter7,normal,seed3,58,0.0
hpmcounter7,normal,seed3,59,0.0
hpmcounter7,normal,seed3,60,0.0
hpmcounter7,normal,seed3,61,0.0
hpmcounter7,normal,seed3,62,0.0
hpmcounter7,normal,seed3,63,0.0
hpmcounter7,normal,seed3,64,0.0
hpmcounter7,normal,seed3,65,0.0
hpmcounter7,normal,seed3,66,0.0
hpmcounter7,normal,seed3,67,0.0
hpmcounter7,normal,seed3,68,0.0
hpmcounter7,normal,seed3,69,0.0
hpmcounter7,normal,seed3,70,0.0
hpmcounter7,normal,seed3,71,0.0
hpmcounter7,normal,seed3,72,0.0
hpmcounter7,normal,seed3,73,0.0
hpmcounter7,normal,seed3,74,0.0
hpmcounter7,normal,seed3,75,0.0
hpmcounter7,normal,seed3,76,0.0
hpmcounter7,normal,seed3,77,0.0
hpmcounter7,normal,seed3,78,0.0
hpmcounter7,normal,seed3,79,0.0
hpmcounter7,normal,seed3,80,0.0
hpmcounter7,normal,seed3,81,0.0
hpmcounter7,normal,seed3,82,0.0
hpmcounter7,normal,seed3,83,0.0
hpmcounter7,normal,seed3,84,0.0
hpmcounter7,normal,seed3,85,0.0
hpmcounter7,normal,seed3,86,0.0
hpmcounter7,normal,seed3,87,0.0
hpmcounter7,normal,seed3,88,0.0
hpmcounter7,normal,seed3,89,0.0
hpmcounter7,normal,seed3,90,0.0
hpmcounter7,normal,seed3,91,0.0
hpmcounter7,normal,seed3,92,0.0
hpmcounter7,normal,seed3,93,0.0
hpmcounter7,normal,seed3,94,0.0
hpmcounter7,normal,seed3,95,0.0
hpmcounter7,normal,seed3,96,0.0
hpmcounter7,normal,seed3,97,0.0
hpmcounter7,normal,seed3,98,0.0
hpmcounter7,normal,seed3,99,0.0
hpmcounter7,normal,seed3,100,0.0
hpmcounter7,normal,seed3,101,0.0
hpmcounter7,normal,seed3,102,0.0
hpmcounter7,normal,seed3,103,0.0
hpmcounter7,normal,seed3,104,0.0
hpmcounter7,normal,seed3,105,0.0
hpmcounter7,normal,seed3,106,0.0
hpmcounter7,normal,seed3,107,0.0
hpmcounter7,normal,seed3,108,0.0
hpmcounter7,normal,seed3,109,0.0
hpmcounter7,normal,seed3,110,0.0
hpmcounter7,normal,seed3,111,0.0
hpmcounter7,normal,seed3,112,0.0
hpmcounter7,normal,seed3,113,0.0
hpmcounter7,normal,seed3,114,0.0
hpmcounter7,normal,seed3,115,0.0
hpmcounter7,normal,seed3,116,0.0
hpmcounter7,normal,seed3,117,0.0
hpmcounter7,normal,seed3,118,0.0
hpmcounter7,normal,seed3,119,0.0
hpmcounter7,normal,seed3,120,0.0
hpmcounter7,normal,seed3,121,0.0
hpmcounter7,normal,seed3,122,0.0
hpmcounter7,normal,seed3,123,0.0
hpmcounter7,normal,seed3,124,0.0
hpmcounter7,normal,seed3,125,0.0
hpmcounter7,normal,seed3,126,0.0
hpmcounter7,normal,seed3,127,0.0
hpmcounter7,normal,seed3,128,0.0
hpmcounter7,normal,seed3,129,0.0
hpmcounter7,normal,seed3,130,0.0
hpmcounter7,normal,seed3,131,0.0
hpmcounter7,normal,seed3,132,0.0
hpmcounter7,normal,seed3,133,0.0
hpmcounter7,normal,seed3,134,0.0
hpmcounter7,normal,seed3,135,0.0
hpmcounter7,normal,seed3,136,0.0
hpmcounter7,normal,seed3,137,0.0
hpmcounter7,normal,seed3,138,0.0
hpmcounter7,normal,seed3,139,0.0
hpmcounter7,normal,seed3,140,0.0
hpmcounter7,normal,seed3,141,0.0
hpmcounter7,normal,seed3,142,0.0
hpmcounter7,normal,seed3,143,0.0
hpmcounter7,normal,seed3,144,0.0
hpmcounter7,normal,seed3,145,0.0
hpmcounter7,normal,seed3,146,0.0
hpmcounter7,normal,seed3,147,0.0
hpmcounter7,normal,seed3,148,0.0
hpmcounter7,normal,seed3,149,0.0
hpmcounter7,normal,seed3,150,0.0
hpmcounter7,normal,seed3,151,0.0
hpmcounter7,normal,seed3,152,0.0
hpmcounter7,normal,seed3,153,0.0
hpmcounter7,normal,seed3,154,0.0
hpmcounter7,normal,seed3,155,0.0
hpmcounter7,normal,seed3,156,0.0
hpmcounter7,normal,seed3,157,0.0
hpmcounter7,normal,seed3,158,0.0
hpmcounter7,normal,seed3,159,0.0
hpmcounter7,normal,seed3,160,0.0
hpmcounter7,normal,seed3,161,0.0
hpmcounter7,normal,seed3,162,0.0
hpmcounter7,normal,seed3,163,0.0
hpmcounter7,normal,seed3,164,0.0
hpmcounter7,normal,seed3,165,0.0
hpmcounter7,normal,seed3,166,0.0
hpmcounter7,normal,seed3,167,0.0
hpmcounter7,normal,seed3,168,0.0
hpmcounter7,normal,seed3,169,0.0
hpmcounter7,normal,seed3,170,0.0
hpmcounter7,normal,seed3,171,0.0
hpmcounter7,normal,seed3,172,0.0
hpmcounter7,normal,seed3,173,0.0
hpmcounter7,normal,seed3,174,0.0
hpmcounter7,normal,seed3,175,0.0
hpmcounter7,normal,seed3,176,0.0
hpmcounter7,normal,seed3,177,0.0
hpmcounter7,normal,seed3,178,0.0
hpmcounter7,normal,seed3,179,0.0
hpmcounter7,normal,seed3,180,0.0
hpmcounter7,normal,seed3,181,0.0
hpmcounter7,normal,seed3,182,0.0
hpmcounter7,normal,seed3,183,0.0
hpmcounter7,normal,seed3,184,0.0
hpmcounter7,normal,seed3,185,0.0
hpmcounter7,normal,seed3,186,0.0
hpmcounter7,normal,seed3,187,0.0
hpmcounter7,normal,seed3,188,0.0
hpmcounter7,normal,seed3,189,0.0
hpmcounter7,normal,seed3,190,0.0
hpmcounter7,normal,seed3,191,0.0
hpmcounter7,normal,seed3,192,0.0
hpmcounter7,normal,seed3,193,0.0
hpmcounter7,normal,seed3,194,0.0
hpmcounter7,normal,seed3,195,0.0
hpmcounter7,normal,seed3,196,0.0
hpmcounter7,normal,seed3,197,0.0
hpmcounter7,normal,seed3,198,0.0
hpmcounter7,normal,seed3,199,0.0
hpmcounter7,normal,seed3,200,0.0
hpmcounter7,normal,seed3,201,0.0
hpmcounter7,normal,seed3,202,0.0
hpmcounter7,normal,seed3,203,0.0
hpmcounter7,normal,seed3,204,0.0
hpmcounter7,normal,seed3,205,0.0
hpmcounter7,normal,seed3,206,0.0
hpmcounter7,normal,seed3,207,0.0
hpmcounter7,normal,seed3,208,0.0
hpmcounter7,normal,seed3,209,0.0
hpmcounter7,normal,seed3,210,0.0
hpmcounter7,normal,seed3,211,0.0
hpmcounter7,normal,seed3,212,0.0
hpmcounter7,normal,seed3,213,0.0
hpmcounter7,normal,seed3,214,0.0
hpmcounter7,normal,seed3,215,0.0
hpmcounter7,normal,seed3,216,0.0
hpmcounter7,normal,seed3,217,0.0
hpmcounter7,normal,seed3,218,0.0
hpmcounter7,normal,seed3,219,0.0
hpmcounter7,normal,seed3,220,0.0
hpmcounter7,normal,seed3,221,0.0
hpmcounter7,normal,seed3,222,0.0
hpmcounter7,normal,seed3,223,0.0
hpmcounter7,normal,seed3,224,0.0
hpmcounter7,normal,seed3,225,0.0
hpmcounter7,normal,seed3,226,0.0
hpmcounter7,normal,seed3,227,0.0
hpmcounter7,normal,seed3,228,0.0
hpmcounter7,normal,seed3,229,0.0
hpmcounter7,normal,seed3,230,0.0
hpmcounter7,normal,seed3,231,0.0
hpmcounter7,normal,seed3,232,0.0
hpmcounter7,normal,seed3,233,0.0
hpmcounter7,normal,seed3,234,0.0
hpmcounter7,normal,seed3,235,0.0
hpmcounter7,normal,seed3,236,0.0
hpmcounter7,normal,seed3,237,0.0
hpmcounter7,normal,seed3,238,0.0
hpmcounter7,normal,seed3,239,0.0
hpmcounter7,normal,seed3,240,0.0
hpmcounter7,normal,seed3,241,0.0
hpmcounter7,normal,seed3,242,0.0
hpmcounter7,normal,seed3,243,0.0
hpmcounter7,normal,seed3,244,0.0
hpmcounter7,normal,seed3,245,0.0
hpmcounter7,normal,seed3,246,0.0
hpmcounter7,normal,seed3,247,0.0
hpmcounter7,normal,seed3,248,0.0
hpmcounter7,normal,seed3,249,0.0
hpmcounter7,normal,seed3,250,0.0
hpmcounter7,normal,seed3,251,0.0
hpmcounter7,normal,seed3,252,0.0
hpmcounter7,normal,seed3,253,0.0
hpmcounter7,normal,seed3,254,0.0
hpmcounter7,normal,seed3,255,0.0
hpmcounter7,normal,seed3,256,0.0
hpmcounter7,normal,seed3,257,0.0
hpmcounter7,normal,seed3,258,0.0
hpmcounter7,normal,seed3,259,0.0
hpmcounter7,normal,seed3,260,0.0
hpmcounter7,normal,seed3,261,0.0
hpmcounter7,normal,seed3,262,0.0
hpmcounter7,normal,seed3,263,0.0
hpmcounter7,normal,seed3,264,0.0
hpmcounter7,normal,seed3,265,0.0
hpmcounter7,normal,seed3,266,0.0
hpmcounter7,normal,seed3,267,0.0
hpmcounter7,normal,seed3,268,0.0
hpmcounter7,normal,seed3,269,0.0
hpmcounter7,normal,seed3,270,0.0
hpmcounter7,normal,seed3,271,0.0
hpmcounter7,normal,seed3,272,0.0
hpmcounter7,normal,seed3,273,0.0
hpmcounter7,normal,seed3,274,0.0
hpmcounter7,normal,seed3,275,0.0
hpmcounter7,normal,seed3,276,0.0
hpmcounter7,normal,seed3,277,0.0
hpmcounter7,normal,seed3,278,0.0
hpmcounter7,normal,seed3,279,0.0
hpmcounter7,normal,seed3,280,0.0
hpmcounter7,normal,seed3,281,0.0
hpmcounter7,normal,seed3,282,0.0
hpmcounter7,normal,seed3,283,0.0
hpmcounter7,normal,seed3,284,0.0
hpmcounter7,normal,seed3,285,0.0
hpmcounter7,normal,seed3,286,0.0
hpmcounter7,normal,seed3,287,0.0
hpmcounter7,normal,seed3,288,0.0
hpmcounter7,normal,seed3,289,0.0
hpmcounter7,normal,seed3,290,0.0
hpmcounter7,normal,seed3,291,0.0
hpmcounter7,normal,seed3,292,0.0
hpmcounter7,normal,seed3,293,0.0
hpmcounter7,normal,seed3,294,0.0
hpmcounter7,normal,seed3,295,0.0
hpmcounter7,normal,seed3,296,0.0
hpmcounter7,normal,seed3,297,0.0
hpmcounter7,normal,seed3,298,0.0
hpmcounter7,normal,seed4,9,0.0
hpmcounter7,normal,seed4,10,0.0
hpmcounter7,normal,seed4,11,0.0
hpmcounter7,normal,seed4,12,0.0
hpmcounter7,normal,seed4,13,0.0
hpmcounter7,normal,seed4,14,0.0
hpmcounter7,normal,seed4,15,0.0
hpmcounter7,normal,seed4,16,0.0
hpmcounter7,normal,seed4,17,0.0
hpmcounter7,normal,seed4,18,0.0
hpmcounter7,normal,seed4,19,0.0
hpmcounter7,normal,seed4,20,0.0
hpmcounter7,normal,seed4,21,0.0
hpmcounter7,normal,seed4,22,0.0
hpmcounter7,normal,seed4,23,0.0
hpmcounter7,normal,seed4,24,0.0
hpmcounter7,normal,seed4,25,0.0
hpmcounter7,normal,seed4,26,0.0
hpmcounter7,normal,seed4,27,0.0
hpmcounter7,normal,seed4,28,0.0
hpmcounter7,normal,seed4,29,0.0
hpmcounter7,normal,seed4,30,0.0
hpmcounter7,normal,seed4,31,0.0
hpmcounter7,normal,seed4,32,0.0
hpmcounter7,normal,seed4,33,0.0
hpmcounter7,normal,seed4,34,0.0
hpmcounter7,normal,seed4,35,0.0
hpmcounter7,normal,seed4,36,0.0
hpmcounter7,normal,seed4,37,0.0
hpmcounter7,normal,seed4,38,0.0
hpmcounter7,normal,seed4,39,0.0
hpmcounter7,normal,seed4,40,0.0
hpmcounter7,normal,seed4,41,0.0
hpmcounter7,normal,seed4,42,0.0
hpmcounter7,normal,seed4,43,0.0
hpmcounter7,normal,seed4,44,0.0
hpmcounter7,normal,seed4,45,0.0
hpmcounter7,normal,seed4,46,0.0
hpmcounter7,normal,seed4,47,0.0
hpmcounter7,normal,seed4,48,0.0
hpmcounter7,normal,seed4,49,0.0
hpmcounter7,normal,seed4,50,0.0
hpmcounter7,normal,seed4,51,0.0
hpmcounter7,normal,seed4,52,0.0
hpmcounter7,normal,seed4,53,0.0
hpmcounter7,normal,seed4,54,0.0
hpmcounter7,normal,seed4,55,0.0
hpmcounter7,normal,seed4,56,0.0
hpmcounter7,normal,seed4,57,0.0
hpmcounter7,normal,seed4,58,0.0
hpmcounter7,normal,seed4,59,0.0
hpmcounter7,normal,seed4,60,0.0
hpmcounter7,normal,seed4,61,0.0
hpmcounter7,normal,seed4,62,0.0
hpmcounter7,normal,seed4,63,0.0
hpmcounter7,normal,seed4,64,0.0
hpmcounter7,normal,seed4,65,0.0
hpmcounter7,normal,seed4,66,0.0
hpmcounter7,normal,seed4,67,0.0
hpmcounter7,normal,seed4,68,0.0
hpmcounter7,normal,seed4,69,0.0
hpmcounter7,normal,seed4,70,0.0
hpmcounter7,normal,seed4,71,0.0
hpmcounter7,normal,seed4,72,0.0
hpmcounter7,normal,seed4,73,0.0
hpmcounter7,normal,seed4,74,0.0
hpmcounter7,normal,seed4,75,0.0
hpmcounter7,normal,seed4,76,0.0
hpmcounter7,normal,seed4,77,0.0
hpmcounter7,normal,seed4,78,0.0
hpmcounter7,normal,seed4,79,0.0
hpmcounter7,normal,seed4,80,0.0
hpmcounter7,normal,seed4,81,0.0
hpmcounter7,normal,seed4,82,0.0
hpmcounter7,normal,seed4,83,0.0
hpmcounter7,normal,seed4,84,0.0
hpmcounter7,normal,seed4,85,0.0
hpmcounter7,normal,seed4,86,0.0
hpmcounter7,normal,seed4,87,0.0
hpmcounter7,normal,seed4,88,0.0
hpmcounter7,normal,seed4,89,0.0
hpmcounter7,normal,seed4,90,0.0
hpmcounter7,normal,seed4,91,0.0
hpmcounter7,normal,seed4,92,0.0
hpmcounter7,normal,seed4,93,0.0
hpmcounter7,normal,seed4,94,0.0
hpmcounter7,normal,seed4,95,0.0
hpmcounter7,normal,seed4,96,0.0
hpmcounter7,normal,seed4,97,0.0
hpmcounter7,normal,seed4,98,0.0
hpmcounter7,normal,seed4,99,0.0
hpmcounter7,normal,seed4,100,0.0
hpmcounter7,normal,seed4,101,0.0
hpmcounter7,normal,seed4,102,0.0
hpmcounter7,normal,seed4,103,0.0
hpmcounter7,normal,seed4,104,0.0
hpmcounter7,normal,seed4,105,0.0
hpmcounter7,normal,seed4,106,0.0
hpmcounter7,normal,seed4,107,0.0
hpmcounter7,normal,seed4,108,0.0
hpmcounter7,normal,seed4,109,0.0
hpmcounter7,normal,seed4,110,0.0
hpmcounter7,normal,seed4,111,0.0
hpmcounter7,normal,seed4,112,0.0
hpmcounter7,normal,seed4,113,0.0
hpmcounter7,normal,seed4,114,0.0
hpmcounter7,normal,seed4,115,0.0
hpmcounter7,normal,seed4,116,0.0
hpmcounter7,normal,seed4,117,0.0
hpmcounter7,normal,seed4,118,0.0
hpmcounter7,normal,seed4,119,0.0
hpmcounter7,normal,seed4,120,0.0
hpmcounter7,normal,seed4,121,0.0
hpmcounter7,normal,seed4,122,0.0
hpmcounter7,normal,seed4,123,0.0
hpmcounter7,normal,seed4,124,0.0
hpmcounter7,normal,seed4,125,0.0
hpmcounter7,normal,seed4,126,0.0
hpmcounter7,normal,seed4,127,0.0
hpmcounter7,normal,seed4,128,0.0
hpmcounter7,normal,seed4,129,0.0
hpmcounter7,normal,seed4,130,0.0
hpmcounter7,normal,seed4,131,0.0
hpmcounter7,normal,seed4,132,0.0
hpmcounter7,normal,seed4,133,0.0
hpmcounter7,normal,seed4,134,0.0
hpmcounter7,normal,seed4,135,0.0
hpmcounter7,normal,seed4,136,0.0
hpmcounter7,normal,seed4,137,0.0
hpmcounter7,normal,seed4,138,0.0
hpmcounter7,normal,seed4,139,0.0
hpmcounter7,normal,seed4,140,0.0
hpmcounter7,normal,seed4,141,0.0
hpmcounter7,normal,seed4,142,0.0
hpmcounter7,normal,seed4,143,0.0
hpmcounter7,normal,seed4,144,0.0
hpmcounter7,normal,seed4,145,0.0
hpmcounter7,normal,seed4,146,0.0
hpmcounter7,normal,seed4,147,0.0
hpmcounter7,normal,seed4,148,0.0
hpmcounter7,normal,seed4,149,0.0
hpmcounter7,normal,seed4,150,0.0
hpmcounter7,normal,seed4,151,0.0
hpmcounter7,normal,seed4,152,0.0
hpmcounter7,normal,seed4,153,0.0
hpmcounter7,normal,seed4,154,0.0
hpmcounter7,normal,seed4,155,0.0
hpmcounter7,normal,seed4,156,0.0
hpmcounter7,normal,seed4,157,0.0
hpmcounter7,normal,seed4,158,0.0
hpmcounter7,normal,seed4,159,0.0
hpmcounter7,normal,seed4,160,0.0
hpmcounter7,normal,seed4,161,0.0
hpmcounter7,normal,seed4,162,0.0
hpmcounter7,normal,seed4,163,0.0
hpmcounter7,normal,seed4,164,0.0
hpmcounter7,normal,seed4,165,0.0
hpmcounter7,normal,seed4,166,0.0
hpmcounter7,normal,seed4,167,0.0
hpmcounter7,normal,seed4,168,0.0
hpmcounter7,normal,seed4,169,0.0
hpmcounter7,normal,seed4,170,0.0
hpmcounter7,normal,seed4,171,0.0
hpmcounter7,normal,seed4,172,0.0
hpmcounter7,normal,seed4,173,0.0
hpmcounter7,normal,seed4,174,0.0
hpmcounter7,normal,seed4,175,0.0
hpmcounter7,normal,seed4,176,0.0
hpmcounter7,normal,seed4,177,0.0
hpmcounter7,normal,seed4,178,0.0
hpmcounter7,normal,seed4,179,0.0
hpmcounter7,normal,seed4,180,0.0
hpmcounter7,normal,seed4,181,0.0
hpmcounter7,normal,seed4,182,0.0
hpmcounter7,normal,seed4,183,0.0
hpmcounter7,normal,seed4,184,0.0
hpmcounter7,normal,seed4,185,0.0
hpmcounter7,normal,seed4,186,0.0
hpmcounter7,normal,seed4,187,0.0
hpmcounter7,normal,seed4,188,0.0
hpmcounter7,normal,seed4,189,0.0
hpmcounter7,normal,seed4,190,0.0
hpmcounter7,normal,seed4,191,0.0
hpmcounter7,normal,seed4,192,0.0
hpmcounter7,normal,seed4,193,0.0
hpmcounter7,normal,seed4,194,0.0
hpmcounter7,normal,seed4,195,0.0
hpmcounter7,normal,seed4,196,0.0
hpmcounter7,normal,seed4,197,0.0
hpmcounter7,normal,seed4,198,0.0
hpmcounter7,normal,seed4,199,0.0
hpmcounter7,normal,seed4,200,0.0
hpmcounter7,normal,seed4,201,0.0
hpmcounter7,normal,seed4,202,0.0
hpmcounter7,normal,seed4,203,0.0
hpmcounter7,normal,seed4,204,0.0
hpmcounter7,normal,seed4,205,0.0
hpmcounter7,normal,seed4,206,0.0
hpmcounter7,normal,seed4,207,0.0
hpmcounter7,normal,seed4,208,0.0
hpmcounter7,normal,seed4,209,0.0
hpmcounter7,normal,seed4,210,0.0
hpmcounter7,normal,seed4,211,0.0
hpmcounter7,normal,seed4,212,0.0
hpmcounter7,normal,seed4,213,0.0
hpmcounter7,normal,seed4,214,0.0
hpmcounter7,normal,seed4,215,0.0
hpmcounter7,normal,seed4,216,0.0
hpmcounter7,normal,seed4,217,0.0
hpmcounter7,normal,seed4,218,0.0
hpmcounter7,normal,seed4,219,0.0
hpmcounter7,normal,seed4,220,0.0
hpmcounter7,normal,seed4,221,0.0
hpmcounter7,normal,seed4,222,0.0
hpmcounter7,normal,seed4,223,0.0
hpmcounter7,normal,seed4,224,0.0
hpmcounter7,normal,seed4,225,0.0
hpmcounter7,normal,seed4,226,0.0
hpmcounter7,normal,seed4,227,0.0
hpmcounter7,normal,seed4,228,0.0
hpmcounter7,normal,seed4,229,0.0
hpmcounter7,normal,seed4,230,0.0
hpmcounter7,normal,seed4,231,0.0
hpmcounter7,normal,seed4,232,0.0
hpmcounter7,normal,seed4,233,0.0
hpmcounter7,normal,seed4,234,0.0
hpmcounter7,normal,seed4,235,0.0
hpmcounter7,normal,seed4,236,0.0
hpmcounter7,normal,seed4,237,0.0
hpmcounter7,normal,seed4,238,0.0
hpmcounter7,normal,seed4,239,0.0
hpmcounter7,normal,seed4,240,0.0
hpmcounter7,normal,seed4,241,0.0
hpmcounter7,normal,seed4,242,0.0
hpmcounter7,normal,seed4,243,0.0
hpmcounter7,normal,seed4,244,0.0
hpmcounter7,normal,seed4,245,0.0
hpmcounter7,normal,seed4,246,0.0
hpmcounter7,normal,seed4,247,0.0
hpmcounter7,normal,seed4,248,0.0
hpmcounter7,normal,seed4,249,0.0
hpmcounter7,normal,seed4,250,0.0
hpmcounter7,normal,seed4,251,0.0
hpmcounter7,normal,seed4,252,0.0
hpmcounter7,normal,seed4,253,0.0
hpmcounter7,normal,seed4,254,0.0
hpmcounter7,normal,seed4,255,0.0
hpmcounter7,normal,seed4,256,0.0
hpmcounter7,normal,seed4,257,0.0
hpmcounter7,normal,seed4,258,0.0
hpmcounter7,normal,seed4,259,0.0
hpmcounter7,normal,seed4,260,0.0
hpmcounter7,normal,seed4,261,0.0
hpmcounter7,normal,seed4,262,0.0
hpmcounter7,normal,seed4,263,0.0
hpmcounter7,normal,seed4,264,0.0
hpmcounter7,normal,seed4,265,0.0
hpmcounter7,normal,seed4,266,0.0
hpmcounter7,normal,seed4,267,0.0
hpmcounter7,normal,seed4,268,0.0
hpmcounter7,normal,seed4,269,0.0
hpmcounter7,normal,seed4,270,0.0
hpmcounter7,normal,seed4,271,0.0
hpmcounter7,normal,seed4,272,0.0
hpmcounter7,normal,seed4,273,0.0
hpmcounter7,normal,seed4,274,0.0
hpmcounter7,normal,seed4,275,0.0
hpmcounter7,normal,seed4,276,0.0
hpmcounter7,normal,seed4,277,0.0
hpmcounter7,normal,seed4,278,0.0
hpmcounter7,normal,seed4,279,0.0
hpmcounter7,normal,seed4,280,0.0
hpmcounter7,normal,seed4,281,0.0
hpmcounter7,normal,seed4,282,0.0
hpmcounter7,normal,seed4,283,0.0
hpmcounter7,normal,seed4,284,0.0
hpmcounter7,normal,seed4,285,0.0
hpmcounter7,normal,seed4,286,0.0
hpmcounter7,normal,seed4,287,0.0
hpmcounter7,normal,seed4,288,0.0
hpmcounter7,normal,seed4,289,0.0
hpmcounter7,normal,seed4,290,0.0
hpmcounter7,normal,seed4,291,0.0
hpmcounter7,normal,seed4,292,0.0
hpmcounter7,normal,seed4,293,0.0
hpmcounter7,normal,seed4,294,0.0
hpmcounter7,normal,seed4,295,0.0
hpmcounter7,normal,seed4,296,0.0
hpmcounter7,normal,seed4,297,0.0
hpmcounter7,normal,seed4,298,0.0
hpmcounter7,normal,seed5,9,0.0
hpmcounter7,normal,seed5,10,0.0
hpmcounter7,normal,seed5,11,0.0
hpmcounter7,normal,seed5,12,0.0
hpmcounter7,normal,seed5,13,0.0
hpmcounter7,normal,seed5,14,0.0
hpmcounter7,normal,seed5,15,0.0
hpmcounter7,normal,seed5,16,0.0
hpmcounter7,normal,seed5,17,0.0
hpmcounter7,normal,seed5,18,0.0
hpmcounter7,normal,seed5,19,0.0
hpmcounter7,normal,seed5,20,0.0
hpmcounter7,normal,seed5,21,0.0
hpmcounter7,normal,seed5,22,0.0
hpmcounter7,normal,seed5,23,0.0
hpmcounter7,normal,seed5,24,0.0
hpmcounter7,normal,seed5,25,0.0
hpmcounter7,normal,seed5,26,0.0
hpmcounter7,normal,seed5,27,0.0
hpmcounter7,normal,seed5,28,0.0
hpmcounter7,normal,seed5,29,0.0
hpmcounter7,normal,seed5,30,0.0
hpmcounter7,normal,seed5,31,0.0
hpmcounter7,normal,seed5,32,0.0
hpmcounter7,normal,seed5,33,0.0
hpmcounter7,normal,seed5,34,0.0
hpmcounter7,normal,seed5,35,0.0
hpmcounter7,normal,seed5,36,0.0
hpmcounter7,normal,seed5,37,0.0
hpmcounter7,normal,seed5,38,0.0
hpmcounter7,normal,seed5,39,0.0
hpmcounter7,normal,seed5,40,0.0
hpmcounter7,normal,seed5,41,0.0
hpmcounter7,normal,seed5,42,0.0
hpmcounter7,normal,seed5,43,0.0
hpmcounter7,normal,seed5,44,0.0
hpmcounter7,normal,seed5,45,0.0
hpmcounter7,normal,seed5,46,0.0
hpmcounter7,normal,seed5,47,0.0
hpmcounter7,normal,seed5,48,0.0
hpmcounter7,normal,seed5,49,0.0
hpmcounter7,normal,seed5,50,0.0
hpmcounter7,normal,seed5,51,0.0
hpmcounter7,normal,seed5,52,0.0
hpmcounter7,normal,seed5,53,0.0
hpmcounter7,normal,seed5,54,0.0
hpmcounter7,normal,seed5,55,0.0
hpmcounter7,normal,seed5,56,0.0
hpmcounter7,normal,seed5,57,0.0
hpmcounter7,normal,seed5,58,0.0
hpmcounter7,normal,seed5,59,0.0
hpmcounter7,normal,seed5,60,0.0
hpmcounter7,normal,seed5,61,0.0
hpmcounter7,normal,seed5,62,0.0
hpmcounter7,normal,seed5,63,0.0
hpmcounter7,normal,seed5,64,0.0
hpmcounter7,normal,seed5,65,0.0
hpmcounter7,normal,seed5,66,0.0
hpmcounter7,normal,seed5,67,0.0
hpmcounter7,normal,seed5,68,0.0
hpmcounter7,normal,seed5,69,0.0
hpmcounter7,normal,seed5,70,0.0
hpmcounter7,normal,seed5,71,0.0
hpmcounter7,normal,seed5,72,0.0
hpmcounter7,normal,seed5,73,0.0
hpmcounter7,normal,seed5,74,0.0
hpmcounter7,normal,seed5,75,0.0
hpmcounter7,normal,seed5,76,0.0
hpmcounter7,normal,seed5,77,0.0
hpmcounter7,normal,seed5,78,0.0
hpmcounter7,normal,seed5,79,0.0
hpmcounter7,normal,seed5,80,0.0
hpmcounter7,normal,seed5,81,0.0
hpmcounter7,normal,seed5,82,0.0
hpmcounter7,normal,seed5,83,0.0
hpmcounter7,normal,seed5,84,0.0
hpmcounter7,normal,seed5,85,0.0
hpmcounter7,normal,seed5,86,0.0
hpmcounter7,normal,seed5,87,0.0
hpmcounter7,normal,seed5,88,0.0
hpmcounter7,normal,seed5,89,0.0
hpmcounter7,normal,seed5,90,0.0
hpmcounter7,normal,seed5,91,0.0
hpmcounter7,normal,seed5,92,0.0
hpmcounter7,normal,seed5,93,0.0
hpmcounter7,normal,seed5,94,0.0
hpmcounter7,normal,seed5,95,0.0
hpmcounter7,normal,seed5,96,0.0
hpmcounter7,normal,seed5,97,0.0
hpmcounter7,normal,seed5,98,0.0
hpmcounter7,normal,seed5,99,0.0
hpmcounter7,normal,seed5,100,0.0
hpmcounter7,normal,seed5,101,0.0
hpmcounter7,normal,seed5,102,0.0
hpmcounter7,normal,seed5,103,0.0
hpmcounter7,normal,seed5,104,0.0
hpmcounter7,normal,seed5,105,0.0
hpmcounter7,normal,seed5,106,0.0
hpmcounter7,normal,seed5,107,0.0
hpmcounter7,normal,seed5,108,0.0
hpmcounter7,normal,seed5,109,0.0
hpmcounter7,normal,seed5,110,0.0
hpmcounter7,normal,seed5,111,0.0
hpmcounter7,normal,seed5,112,0.0
hpmcounter7,normal,seed5,113,0.0
hpmcounter7,normal,seed5,114,0.0
hpmcounter7,normal,seed5,115,0.0
hpmcounter7,normal,seed5,116,0.0
hpmcounter7,normal,seed5,117,0.0
hpmcounter7,normal,seed5,118,0.0
hpmcounter7,normal,seed5,119,0.0
hpmcounter7,normal,seed5,120,0.0
hpmcounter7,normal,seed5,121,0.0
hpmcounter7,normal,seed5,122,0.0
hpmcounter7,normal,seed5,123,0.0
hpmcounter7,normal,seed5,124,0.0
hpmcounter7,normal,seed5,125,0.0
hpmcounter7,normal,seed5,126,0.0
hpmcounter7,normal,seed5,127,0.0
hpmcounter7,normal,seed5,128,0.0
hpmcounter7,normal,seed5,129,0.0
hpmcounter7,normal,seed5,130,0.0
hpmcounter7,normal,seed5,131,0.0
hpmcounter7,normal,seed5,132,0.0
hpmcounter7,normal,seed5,133,0.0
hpmcounter7,normal,seed5,134,0.0
hpmcounter7,normal,seed5,135,0.0
hpmcounter7,normal,seed5,136,0.0
hpmcounter7,normal,seed5,137,0.0
hpmcounter7,normal,seed5,138,0.0
hpmcounter7,normal,seed5,139,0.0
hpmcounter7,normal,seed5,140,0.0
hpmcounter7,normal,seed5,141,0.0
hpmcounter7,normal,seed5,142,0.0
hpmcounter7,normal,seed5,143,0.0
hpmcounter7,normal,seed5,144,0.0
hpmcounter7,normal,seed5,145,0.0
hpmcounter7,normal,seed5,146,0.0
hpmcounter7,normal,seed5,147,0.0
hpmcounter7,normal,seed5,148,0.0
hpmcounter7,normal,seed5,149,0.0
hpmcounter7,normal,seed5,150,0.0
hpmcounter7,normal,seed5,151,0.0
hpmcounter7,normal,seed5,152,0.0
hpmcounter7,normal,seed5,153,0.0
hpmcounter7,normal,seed5,154,0.0
hpmcounter7,normal,seed5,155,0.0
hpmcounter7,normal,seed5,156,0.0
hpmcounter7,normal,seed5,157,0.0
hpmcounter7,normal,seed5,158,0.0
hpmcounter7,normal,seed5,159,0.0
hpmcounter7,normal,seed5,160,0.0
hpmcounter7,normal,seed5,161,0.0
hpmcounter7,normal,seed5,162,0.0
hpmcounter7,normal,seed5,163,0.0
hpmcounter7,normal,seed5,164,0.0
hpmcounter7,normal,seed5,165,0.0
hpmcounter7,normal,seed5,166,0.0
hpmcounter7,normal,seed5,167,0.0
hpmcounter7,normal,seed5,168,0.0
hpmcounter7,normal,seed5,169,0.0
hpmcounter7,normal,seed5,170,0.0
hpmcounter7,normal,seed5,171,0.0
hpmcounter7,normal,seed5,172,0.0
hpmcounter7,normal,seed5,173,0.0
hpmcounter7,normal,seed5,174,0.0
hpmcounter7,normal,seed5,175,0.0
hpmcounter7,normal,seed5,176,0.0
hpmcounter7,normal,seed5,177,0.0
hpmcounter7,normal,seed5,178,0.0
hpmcounter7,normal,seed5,179,0.0
hpmcounter7,normal,seed5,180,0.0
hpmcounter7,normal,seed5,181,0.0
hpmcounter7,normal,seed5,182,0.0
hpmcounter7,normal,seed5,183,0.0
hpmcounter7,normal,seed5,184,0.0
hpmcounter7,normal,seed5,185,0.0
hpmcounter7,normal,seed5,186,0.0
hpmcounter7,normal,seed5,187,0.0
hpmcounter7,normal,seed5,188,0.0
hpmcounter7,normal,seed5,189,0.0
hpmcounter7,normal,seed5,190,0.0
hpmcounter7,normal,seed5,191,0.0
hpmcounter7,normal,seed5,192,0.0
hpmcounter7,normal,seed5,193,0.0
hpmcounter7,normal,seed5,194,0.0
hpmcounter7,normal,seed5,195,0.0
hpmcounter7,normal,seed5,196,0.0
hpmcounter7,normal,seed5,197,0.0
hpmcounter7,normal,seed5,198,0.0
hpmcounter7,normal,seed5,199,0.0
hpmcounter7,normal,seed5,200,0.0
hpmcounter7,normal,seed5,201,0.0
hpmcounter7,normal,seed5,202,0.0
hpmcounter7,normal,seed5,203,0.0
hpmcounter7,normal,seed5,204,0.0
hpmcounter7,normal,seed5,205,0.0
hpmcounter7,normal,seed5,206,0.0
hpmcounter7,normal,seed5,207,0.0
hpmcounter7,normal,seed5,208,0.0
hpmcounter7,normal,seed5,209,0.0
hpmcounter7,normal,seed5,210,0.0
hpmcounter7,normal,seed5,211,0.0
hpmcounter7,normal,seed5,212,0.0
hpmcounter7,normal,seed5,213,0.0
hpmcounter7,normal,seed5,214,0.0
hpmcounter7,normal,seed5,215,0.0
hpmcounter7,normal,seed5,216,0.0
hpmcounter7,normal,seed5,217,0.0
hpmcounter7,normal,seed5,218,0.0
hpmcounter7,normal,seed5,219,0.0
hpmcounter7,normal,seed5,220,0.0
hpmcounter7,normal,seed5,221,0.0
hpmcounter7,normal,seed5,222,0.0
hpmcounter7,normal,seed5,223,0.0
hpmcounter7,normal,seed5,224,0.0
hpmcounter7,normal,seed5,225,0.0
hpmcounter7,normal,seed5,226,0.0
hpmcounter7,normal,seed5,227,0.0
hpmcounter7,normal,seed5,228,0.0
hpmcounter7,normal,seed5,229,0.0
hpmcounter7,normal,seed5,230,0.0
hpmcounter7,normal,seed5,231,0.0
hpmcounter7,normal,seed5,232,0.0
hpmcounter7,normal,seed5,233,0.0
hpmcounter7,normal,seed5,234,0.0
hpmcounter7,normal,seed5,235,0.0
hpmcounter7,normal,seed5,236,0.0
hpmcounter7,normal,seed5,237,0.0
hpmcounter7,normal,seed5,238,0.0
hpmcounter7,normal,seed5,239,0.0
hpmcounter7,normal,seed5,240,0.0
hpmcounter7,normal,seed5,241,0.0
hpmcounter7,normal,seed5,242,0.0
hpmcounter7,normal,seed5,243,0.0
hpmcounter7,normal,seed5,244,0.0
hpmcounter7,normal,seed5,245,0.0
hpmcounter7,normal,seed5,246,0.0
hpmcounter7,normal,seed5,247,0.0
hpmcounter7,normal,seed5,248,0.0
hpmcounter7,normal,seed5,249,0.0
hpmcounter7,normal,seed5,250,0.0
hpmcounter7,normal,seed5,251,0.0
hpmcounter7,normal,seed5,252,0.0
hpmcounter7,normal,seed5,253,0.0
hpmcounter7,normal,seed5,254,0.0
hpmcounter7,normal,seed5,255,0.0
hpmcounter7,normal,seed5,256,0.0
hpmcounter7,normal,seed5,257,0.0
hpmcounter7,normal,seed5,258,0.0
hpmcounter7,normal,seed5,259,0.0
hpmcounter7,normal,seed5,260,0.0
hpmcounter7,normal,seed5,261,0.0
hpmcounter7,normal,seed5,262,0.0
hpmcounter7,normal,seed5,263,0.0
hpmcounter7,normal,seed5,264,0.0
hpmcounter7,normal,seed5,265,0.0
hpmcounter7,normal,seed5,266,0.0
hpmcounter7,normal,seed5,267,0.0
hpmcounter7,normal,seed5,268,0.0
hpmcounter7,normal,seed5,269,0.0
hpmcounter7,normal,seed5,270,0.0
hpmcounter7,normal,seed5,271,0.0
hpmcounter7,normal,seed5,272,0.0
hpmcounter7,normal,seed5,273,0.0
hpmcounter7,normal,seed5,274,0.0
hpmcounter7,normal,seed5,275,0.0
hpmcounter7,normal,seed5,276,0.0
hpmcounter7,normal,seed5,277,0.0
hpmcounter7,normal,seed5,278,0.0
hpmcounter7,normal,seed5,279,0.0
hpmcounter7,normal,seed5,280,0.0
hpmcounter7,normal,seed5,281,0.0
hpmcounter7,normal,seed5,282,0.0
hpmcounter7,normal,seed5,283,0.0
hpmcounter7,normal,seed5,284,0.0
hpmcounter7,normal,seed5,285,0.0
hpmcounter7,normal,seed5,286,0.0
hpmcounter7,normal,seed5,287,0.0
hpmcounter7,normal,seed5,288,0.0
hpmcounter7,normal,seed5,289,0.0
hpmcounter7,normal,seed5,290,0.0
hpmcounter7,normal,seed5,291,0.0
hpmcounter7,normal,seed5,292,0.0
hpmcounter7,normal,seed5,293,0.0
hpmcounter7,normal,seed5,294,0.0
hpmcounter7,normal,seed5,295,0.0
hpmcounter7,normal,seed5,296,0.0
hpmcounter7,normal,seed5,297,0.0
hpmcounter7,normal,seed5,298,0.0
hpmcounter7,normal,seed6,9,0.0
hpmcounter7,normal,seed6,10,0.0
hpmcounter7,normal,seed6,11,0.0
hpmcounter7,normal,seed6,12,0.0
hpmcounter7,normal,seed6,13,0.0
hpmcounter7,normal,seed6,14,0.0
hpmcounter7,normal,seed6,15,0.0
hpmcounter7,normal,seed6,16,0.0
hpmcounter7,normal,seed6,17,0.0
hpmcounter7,normal,seed6,18,0.0
hpmcounter7,normal,seed6,19,0.0
hpmcounter7,normal,seed6,20,0.0
hpmcounter7,normal,seed6,21,0.0
hpmcounter7,normal,seed6,22,0.0
hpmcounter7,normal,seed6,23,0.0
hpmcounter7,normal,seed6,24,0.0
hpmcounter7,normal,seed6,25,0.0
hpmcounter7,normal,seed6,26,0.0
hpmcounter7,normal,seed6,27,0.0
hpmcounter7,normal,seed6,28,0.0
hpmcounter7,normal,seed6,29,0.0
hpmcounter7,normal,seed6,30,0.0
hpmcounter7,normal,seed6,31,0.0
hpmcounter7,normal,seed6,32,0.0
hpmcounter7,normal,seed6,33,0.0
hpmcounter7,normal,seed6,34,0.0
hpmcounter7,normal,seed6,35,0.0
hpmcounter7,normal,seed6,36,0.0
hpmcounter7,normal,seed6,37,0.0
hpmcounter7,normal,seed6,38,0.0
hpmcounter7,normal,seed6,39,0.0
hpmcounter7,normal,seed6,40,0.0
hpmcounter7,normal,seed6,41,0.0
hpmcounter7,normal,seed6,42,0.0
hpmcounter7,normal,seed6,43,0.0
hpmcounter7,normal,seed6,44,0.0
hpmcounter7,normal,seed6,45,0.0
hpmcounter7,normal,seed6,46,0.0
hpmcounter7,normal,seed6,47,0.0
hpmcounter7,normal,seed6,48,0.0
hpmcounter7,normal,seed6,49,0.0
hpmcounter7,normal,seed6,50,0.0
hpmcounter7,normal,seed6,51,0.0
hpmcounter7,normal,seed6,52,0.0
hpmcounter7,normal,seed6,53,0.0
hpmcounter7,normal,seed6,54,0.0
hpmcounter7,normal,seed6,55,0.0
hpmcounter7,normal,seed6,56,0.0
hpmcounter7,normal,seed6,57,0.0
hpmcounter7,normal,seed6,58,0.0
hpmcounter7,normal,seed6,59,0.0
hpmcounter7,normal,seed6,60,0.0
hpmcounter7,normal,seed6,61,0.0
hpmcounter7,normal,seed6,62,0.0
hpmcounter7,normal,seed6,63,0.0
hpmcounter7,normal,seed6,64,0.0
hpmcounter7,normal,seed6,65,0.0
hpmcounter7,normal,seed6,66,0.0
hpmcounter7,normal,seed6,67,0.0
hpmcounter7,normal,seed6,68,0.0
hpmcounter7,normal,seed6,69,0.0
hpmcounter7,normal,seed6,70,0.0
hpmcounter7,normal,seed6,71,0.0
hpmcounter7,normal,seed6,72,0.0
hpmcounter7,normal,seed6,73,0.0
hpmcounter7,normal,seed6,74,0.0
hpmcounter7,normal,seed6,75,0.0
hpmcounter7,normal,seed6,76,0.0
hpmcounter7,normal,seed6,77,0.0
hpmcounter7,normal,seed6,78,0.0
hpmcounter7,normal,seed6,79,0.0
hpmcounter7,normal,seed6,80,0.0
hpmcounter7,normal,seed6,81,0.0
hpmcounter7,normal,seed6,82,0.0
hpmcounter7,normal,seed6,83,0.0
hpmcounter7,normal,seed6,84,0.0
hpmcounter7,normal,seed6,85,0.0
hpmcounter7,normal,seed6,86,0.0
hpmcounter7,normal,seed6,87,0.0
hpmcounter7,normal,seed6,88,0.0
hpmcounter7,normal,seed6,89,0.0
hpmcounter7,normal,seed6,90,0.0
hpmcounter7,normal,seed6,91,0.0
hpmcounter7,normal,seed6,92,0.0
hpmcounter7,normal,seed6,93,0.0
hpmcounter7,normal,seed6,94,0.0
hpmcounter7,normal,seed6,95,0.0
hpmcounter7,normal,seed6,96,0.0
hpmcounter7,normal,seed6,97,0.0
hpmcounter7,normal,seed6,98,0.0
hpmcounter7,normal,seed6,99,0.0
hpmcounter7,normal,seed6,100,0.0
hpmcounter7,normal,seed6,101,0.0
hpmcounter7,normal,seed6,102,0.0
hpmcounter7,normal,seed6,103,0.0
hpmcounter7,normal,seed6,104,0.0
hpmcounter7,normal,seed6,105,0.0
hpmcounter7,normal,seed6,106,0.0
hpmcounter7,normal,seed6,107,0.0
hpmcounter7,normal,seed6,108,0.0
hpmcounter7,normal,seed6,109,0.0
hpmcounter7,normal,seed6,110,0.0
hpmcounter7,normal,seed6,111,0.0
hpmcounter7,normal,seed6,112,0.0
hpmcounter7,normal,seed6,113,0.0
hpmcounter7,normal,seed6,114,0.0
hpmcounter7,normal,seed6,115,0.0
hpmcounter7,normal,seed6,116,0.0
hpmcounter7,normal,seed6,117,0.0
hpmcounter7,normal,seed6,118,0.0
hpmcounter7,normal,seed6,119,0.0
hpmcounter7,normal,seed6,120,0.0
hpmcounter7,normal,seed6,121,0.0
hpmcounter7,normal,seed6,122,0.0
hpmcounter7,normal,seed6,123,0.0
hpmcounter7,normal,seed6,124,0.0
hpmcounter7,normal,seed6,125,0.0
hpmcounter7,normal,seed6,126,0.0
hpmcounter7,normal,seed6,127,0.0
hpmcounter7,normal,seed6,128,0.0
hpmcounter7,normal,seed6,129,0.0
hpmcounter7,normal,seed6,130,0.0
hpmcounter7,normal,seed6,131,0.0
hpmcounter7,normal,seed6,132,0.0
hpmcounter7,normal,seed6,133,0.0
hpmcounter7,normal,seed6,134,0.0
hpmcounter7,normal,seed6,135,0.0
hpmcounter7,normal,seed6,136,0.0
hpmcounter7,normal,seed6,137,0.0
hpmcounter7,normal,seed6,138,0.0
hpmcounter7,normal,seed6,139,0.0
hpmcounter7,normal,seed6,140,0.0
hpmcounter7,normal,seed6,141,0.0
hpmcounter7,normal,seed6,142,0.0
hpmcounter7,normal,seed6,143,0.0
hpmcounter7,normal,seed6,144,0.0
hpmcounter7,normal,seed6,145,0.0
hpmcounter7,normal,seed6,146,0.0
hpmcounter7,normal,seed6,147,0.0
hpmcounter7,normal,seed6,148,0.0
hpmcounter7,normal,seed6,149,0.0
hpmcounter7,normal,seed6,150,0.0
hpmcounter7,normal,seed6,151,0.0
hpmcounter7,normal,seed6,152,0.0
hpmcounter7,normal,seed6,153,0.0
hpmcounter7,normal,seed6,154,0.0
hpmcounter7,normal,seed6,155,0.0
hpmcounter7,normal,seed6,156,0.0
hpmcounter7,normal,seed6,157,0.0
hpmcounter7,normal,seed6,158,0.0
hpmcounter7,normal,seed6,159,0.0
hpmcounter7,normal,seed6,160,0.0
hpmcounter7,normal,seed6,161,0.0
hpmcounter7,normal,seed6,162,0.0
hpmcounter7,normal,seed6,163,0.0
hpmcounter7,normal,seed6,164,0.0
hpmcounter7,normal,seed6,165,0.0
hpmcounter7,normal,seed6,166,0.0
hpmcounter7,normal,seed6,167,0.0
hpmcounter7,normal,seed6,168,0.0
hpmcounter7,normal,seed6,169,0.0
hpmcounter7,normal,seed6,170,0.0
hpmcounter7,normal,seed6,171,0.0
hpmcounter7,normal,seed6,172,0.0
hpmcounter7,normal,seed6,173,0.0
hpmcounter7,normal,seed6,174,0.0
hpmcounter7,normal,seed6,175,0.0
hpmcounter7,normal,seed6,176,0.0
hpmcounter7,normal,seed6,177,0.0
hpmcounter7,normal,seed6,178,0.0
hpmcounter7,normal,seed6,179,0.0
hpmcounter7,normal,seed6,180,0.0
hpmcounter7,normal,seed6,181,0.0
hpmcounter7,normal,seed6,182,0.0
hpmcounter7,normal,seed6,183,0.0
hpmcounter7,normal,seed6,184,0.0
hpmcounter7,normal,seed6,185,0.0
hpmcounter7,normal,seed6,186,0.0
hpmcounter7,normal,seed6,187,0.0
hpmcounter7,normal,seed6,188,0.0
hpmcounter7,normal,seed6,189,0.0
hpmcounter7,normal,seed6,190,0.0
hpmcounter7,normal,seed6,191,0.0
hpmcounter7,normal,seed6,192,0.0
hpmcounter7,normal,seed6,193,0.0
hpmcounter7,normal,seed6,194,0.0
hpmcounter7,normal,seed6,195,0.0
hpmcounter7,normal,seed6,196,0.0
hpmcounter7,normal,seed6,197,0.0
hpmcounter7,normal,seed6,198,0.0
hpmcounter7,normal,seed6,199,0.0
hpmcounter7,normal,seed6,200,0.0
hpmcounter7,normal,seed6,201,0.0
hpmcounter7,normal,seed6,202,0.0
hpmcounter7,normal,seed6,203,0.0
hpmcounter7,normal,seed6,204,0.0
hpmcounter7,normal,seed6,205,0.0
hpmcounter7,normal,seed6,206,0.0
hpmcounter7,normal,seed6,207,0.0
hpmcounter7,normal,seed6,208,0.0
hpmcounter7,normal,seed6,209,0.0
hpmcounter7,normal,seed6,210,0.0
hpmcounter7,normal,seed6,211,0.0
hpmcounter7,normal,seed6,212,0.0
hpmcounter7,normal,seed6,213,0.0
hpmcounter7,normal,seed6,214,0.0
hpmcounter7,normal,seed6,215,0.0
hpmcounter7,normal,seed6,216,0.0
hpmcounter7,normal,seed6,217,0.0
hpmcounter7,normal,seed6,218,0.0
hpmcounter7,normal,seed6,219,0.0
hpmcounter7,normal,seed6,220,0.0
hpmcounter7,normal,seed6,221,0.0
hpmcounter7,normal,seed6,222,0.0
hpmcounter7,normal,seed6,223,0.0
hpmcounter7,normal,seed6,224,0.0
hpmcounter7,normal,seed6,225,0.0
hpmcounter7,normal,seed6,226,0.0
hpmcounter7,normal,seed6,227,0.0
hpmcounter7,normal,seed6,228,0.0
hpmcounter7,normal,seed6,229,0.0
hpmcounter7,normal,seed6,230,0.0
hpmcounter7,normal,seed6,231,0.0
hpmcounter7,normal,seed6,232,0.0
hpmcounter7,normal,seed6,233,0.0
hpmcounter7,normal,seed6,234,0.0
hpmcounter7,normal,seed6,235,0.0
hpmcounter7,normal,seed6,236,0.0
hpmcounter7,normal,seed6,237,0.0
hpmcounter7,normal,seed6,238,0.0
hpmcounter7,normal,seed6,239,0.0
hpmcounter7,normal,seed6,240,0.0
hpmcounter7,normal,seed6,241,0.0
hpmcounter7,normal,seed6,242,0.0
hpmcounter7,normal,seed6,243,0.0
hpmcounter7,normal,seed6,244,0.0
hpmcounter7,normal,seed6,245,0.0
hpmcounter7,normal,seed6,246,0.0
hpmcounter7,normal,seed6,247,0.0
hpmcounter7,normal,seed6,248,0.0
hpmcounter7,normal,seed6,249,0.0
hpmcounter7,normal,seed6,250,0.0
hpmcounter7,normal,seed6,251,0.0
hpmcounter7,normal,seed6,252,0.0
hpmcounter7,normal,seed6,253,0.0
hpmcounter7,normal,seed6,254,0.0
hpmcounter7,normal,seed6,255,0.0
hpmcounter7,normal,seed6,256,0.0
hpmcounter7,normal,seed6,257,0.0
hpmcounter7,normal,seed6,258,0.0
hpmcounter7,normal,seed6,259,0.0
hpmcounter7,normal,seed6,260,0.0
hpmcounter7,normal,seed6,261,0.0
hpmcounter7,normal,seed6,262,0.0
hpmcounter7,normal,seed6,263,0.0
hpmcounter7,normal,seed6,264,0.0
hpmcounter7,normal,seed6,265,0.0
hpmcounter7,normal,seed6,266,0.0
hpmcounter7,normal,seed6,267,0.0
hpmcounter7,normal,seed6,268,0.0
hpmcounter7,normal,seed6,269,0.0
hpmcounter7,normal,seed6,270,0.0
hpmcounter7,normal,seed6,271,0.0
hpmcounter7,normal,seed6,272,0.0
hpmcounter7,normal,seed6,273,0.0
hpmcounter7,normal,seed6,274,0.0
hpmcounter7,normal,seed6,275,0.0
hpmcounter7,normal,seed6,276,0.0
hpmcounter7,normal,seed6,277,0.0
hpmcounter7,normal,seed6,278,0.0
hpmcounter7,normal,seed6,279,0.0
hpmcounter7,normal,seed6,280,0.0
hpmcounter7,normal,seed6,281,0.0
hpmcounter7,normal,seed6,282,0.0
hpmcounter7,normal,seed6,283,0.0
hpmcounter7,normal,seed6,284,0.0
hpmcounter7,normal,seed6,285,0.0
hpmcounter7,normal,seed6,286,0.0
hpmcounter7,normal,seed6,287,0.0
hpmcounter7,normal,seed6,288,0.0
hpmcounter7,normal,seed6,289,0.0
hpmcounter7,normal,seed6,290,0.0
hpmcounter7,normal,seed6,291,0.0
hpmcounter7,normal,seed6,292,0.0
hpmcounter7,normal,seed6,293,0.0
hpmcounter7,normal,seed6,294,0.0
hpmcounter7,normal,seed6,295,0.0
hpmcounter7,normal,seed6,296,0.0
hpmcounter7,normal,seed6,297,0.0
hpmcounter7,normal,seed6,298,0.0
hpmcounter7,normal,seed7,9,0.0
hpmcounter7,normal,seed7,10,0.0
hpmcounter7,normal,seed7,11,0.0
hpmcounter7,normal,seed7,12,0.0
hpmcounter7,normal,seed7,13,0.0
hpmcounter7,normal,seed7,14,0.0
hpmcounter7,normal,seed7,15,0.0
hpmcounter7,normal,seed7,16,0.0
hpmcounter7,normal,seed7,17,0.0
hpmcounter7,normal,seed7,18,0.0
hpmcounter7,normal,seed7,19,0.0
hpmcounter7,normal,seed7,20,0.0
hpmcounter7,normal,seed7,21,0.0
hpmcounter7,normal,seed7,22,0.0
hpmcounter7,normal,seed7,23,0.0
hpmcounter7,normal,seed7,24,0.0
hpmcounter7,normal,seed7,25,0.0
hpmcounter7,normal,seed7,26,0.0
hpmcounter7,normal,seed7,27,0.0
hpmcounter7,normal,seed7,28,0.0
hpmcounter7,normal,seed7,29,0.0
hpmcounter7,normal,seed7,30,0.0
hpmcounter7,normal,seed7,31,0.0
hpmcounter7,normal,seed7,32,0.0
hpmcounter7,normal,seed7,33,0.0
hpmcounter7,normal,seed7,34,0.0
hpmcounter7,normal,seed7,35,0.0
hpmcounter7,normal,seed7,36,0.0
hpmcounter7,normal,seed7,37,0.0
hpmcounter7,normal,seed7,38,0.0
hpmcounter7,normal,seed7,39,0.0
hpmcounter7,normal,seed7,40,0.0
hpmcounter7,normal,seed7,41,0.0
hpmcounter7,normal,seed7,42,0.0
hpmcounter7,normal,seed7,43,0.0
hpmcounter7,normal,seed7,44,0.0
hpmcounter7,normal,seed7,45,0.0
hpmcounter7,normal,seed7,46,0.0
hpmcounter7,normal,seed7,47,0.0
hpmcounter7,normal,seed7,48,0.0
hpmcounter7,normal,seed7,49,0.0
hpmcounter7,normal,seed7,50,0.0
hpmcounter7,normal,seed7,51,0.0
hpmcounter7,normal,seed7,52,0.0
hpmcounter7,normal,seed7,53,0.0
hpmcounter7,normal,seed7,54,0.0
hpmcounter7,normal,seed7,55,0.0
hpmcounter7,normal,seed7,56,0.0
hpmcounter7,normal,seed7,57,0.0
hpmcounter7,normal,seed7,58,0.0
hpmcounter7,normal,seed7,59,0.0
hpmcounter7,normal,seed7,60,0.0
hpmcounter7,normal,seed7,61,0.0
hpmcounter7,normal,seed7,62,0.0
hpmcounter7,normal,seed7,63,0.0
hpmcounter7,normal,seed7,64,0.0
hpmcounter7,normal,seed7,65,0.0
hpmcounter7,normal,seed7,66,0.0
hpmcounter7,normal,seed7,67,0.0
hpmcounter7,normal,seed7,68,0.0
hpmcounter7,normal,seed7,69,0.0
hpmcounter7,normal,seed7,70,0.0
hpmcounter7,normal,seed7,71,0.0
hpmcounter7,normal,seed7,72,0.0
hpmcounter7,normal,seed7,73,0.0
hpmcounter7,normal,seed7,74,0.0
hpmcounter7,normal,seed7,75,0.0
hpmcounter7,normal,seed7,76,0.0
hpmcounter7,normal,seed7,77,0.0
hpmcounter7,normal,seed7,78,0.0
hpmcounter7,normal,seed7,79,0.0
hpmcounter7,normal,seed7,80,0.0
hpmcounter7,normal,seed7,81,0.0
hpmcounter7,normal,seed7,82,0.0
hpmcounter7,normal,seed7,83,0.0
hpmcounter7,normal,seed7,84,0.0
hpmcounter7,normal,seed7,85,0.0
hpmcounter7,normal,seed7,86,0.0
hpmcounter7,normal,seed7,87,0.0
hpmcounter7,normal,seed7,88,0.0
hpmcounter7,normal,seed7,89,0.0
hpmcounter7,normal,seed7,90,0.0
hpmcounter7,normal,seed7,91,0.0
hpmcounter7,normal,seed7,92,0.0
hpmcounter7,normal,seed7,93,0.0
hpmcounter7,normal,seed7,94,0.0
hpmcounter7,normal,seed7,95,0.0
hpmcounter7,normal,seed7,96,0.0
hpmcounter7,normal,seed7,97,0.0
hpmcounter7,normal,seed7,98,0.0
hpmcounter7,normal,seed7,99,0.0
hpmcounter7,normal,seed7,100,0.0
hpmcounter7,normal,seed7,101,0.0
hpmcounter7,normal,seed7,102,0.0
hpmcounter7,normal,seed7,103,0.0
hpmcounter7,normal,seed7,104,0.0
hpmcounter7,normal,seed7,105,0.0
hpmcounter7,normal,seed7,106,0.0
hpmcounter7,normal,seed7,107,0.0
hpmcounter7,normal,seed7,108,0.0
hpmcounter7,normal,seed7,109,0.0
hpmcounter7,normal,seed7,110,0.0
hpmcounter7,normal,seed7,111,0.0
hpmcounter7,normal,seed7,112,0.0
hpmcounter7,normal,seed7,113,0.0
hpmcounter7,normal,seed7,114,0.0
hpmcounter7,normal,seed7,115,0.0
hpmcounter7,normal,seed7,116,0.0
hpmcounter7,normal,seed7,117,0.0
hpmcounter7,normal,seed7,118,0.0
hpmcounter7,normal,seed7,119,0.0
hpmcounter7,normal,seed7,120,0.0
hpmcounter7,normal,seed7,121,0.0
hpmcounter7,normal,seed7,122,0.0
hpmcounter7,normal,seed7,123,0.0
hpmcounter7,normal,seed7,124,0.0
hpmcounter7,normal,seed7,125,0.0
hpmcounter7,normal,seed7,126,0.0
hpmcounter7,normal,seed7,127,0.0
hpmcounter7,normal,seed7,128,0.0
hpmcounter7,normal,seed7,129,0.0
hpmcounter7,normal,seed7,130,0.0
hpmcounter7,normal,seed7,131,0.0
hpmcounter7,normal,seed7,132,0.0
hpmcounter7,normal,seed7,133,0.0
hpmcounter7,normal,seed7,134,0.0
hpmcounter7,normal,seed7,135,0.0
hpmcounter7,normal,seed7,136,0.0
hpmcounter7,normal,seed7,137,0.0
hpmcounter7,normal,seed7,138,0.0
hpmcounter7,normal,seed7,139,0.0
hpmcounter7,normal,seed7,140,0.0
hpmcounter7,normal,seed7,141,0.0
hpmcounter7,normal,seed7,142,0.0
hpmcounter7,normal,seed7,143,0.0
hpmcounter7,normal,seed7,144,0.0
hpmcounter7,normal,seed7,145,0.0
hpmcounter7,normal,seed7,146,0.0
hpmcounter7,normal,seed7,147,0.0
hpmcounter7,normal,seed7,148,0.0
hpmcounter7,normal,seed7,149,0.0
hpmcounter7,normal,seed7,150,0.0
hpmcounter7,normal,seed7,151,0.0
hpmcounter7,normal,seed7,152,0.0
hpmcounter7,normal,seed7,153,0.0
hpmcounter7,normal,seed7,154,0.0
hpmcounter7,normal,seed7,155,0.0
hpmcounter7,normal,seed7,156,0.0
hpmcounter7,normal,seed7,157,0.0
hpmcounter7,normal,seed7,158,0.0
hpmcounter7,normal,seed7,159,0.0
hpmcounter7,normal,seed7,160,0.0
hpmcounter7,normal,seed7,161,0.0
hpmcounter7,normal,seed7,162,0.0
hpmcounter7,normal,seed7,163,0.0
hpmcounter7,normal,seed7,164,0.0
hpmcounter7,normal,seed7,165,0.0
hpmcounter7,normal,seed7,166,0.0
hpmcounter7,normal,seed7,167,0.0
hpmcounter7,normal,seed7,168,0.0
hpmcounter7,normal,seed7,169,0.0
hpmcounter7,normal,seed7,170,0.0
hpmcounter7,normal,seed7,171,0.0
hpmcounter7,normal,seed7,172,0.0
hpmcounter7,normal,seed7,173,0.0
hpmcounter7,normal,seed7,174,0.0
hpmcounter7,normal,seed7,175,0.0
hpmcounter7,normal,seed7,176,0.0
hpmcounter7,normal,seed7,177,0.0
hpmcounter7,normal,seed7,178,0.0
hpmcounter7,normal,seed7,179,0.0
hpmcounter7,normal,seed7,180,0.0
hpmcounter7,normal,seed7,181,0.0
hpmcounter7,normal,seed7,182,0.0
hpmcounter7,normal,seed7,183,0.0
hpmcounter7,normal,seed7,184,0.0
hpmcounter7,normal,seed7,185,0.0
hpmcounter7,normal,seed7,186,0.0
hpmcounter7,normal,seed7,187,0.0
hpmcounter7,normal,seed7,188,0.0
hpmcounter7,normal,seed7,189,0.0
hpmcounter7,normal,seed7,190,0.0
hpmcounter7,normal,seed7,191,0.0
hpmcounter7,normal,seed7,192,0.0
hpmcounter7,normal,seed7,193,0.0
hpmcounter7,normal,seed7,194,0.0
hpmcounter7,normal,seed7,195,0.0
hpmcounter7,normal,seed7,196,0.0
hpmcounter7,normal,seed7,197,0.0
hpmcounter7,normal,seed7,198,0.0
hpmcounter7,normal,seed7,199,0.0
hpmcounter7,normal,seed7,200,0.0
hpmcounter7,normal,seed7,201,0.0
hpmcounter7,normal,seed7,202,0.0
hpmcounter7,normal,seed7,203,0.0
hpmcounter7,normal,seed7,204,0.0
hpmcounter7,normal,seed7,205,0.0
hpmcounter7,normal,seed7,206,0.0
hpmcounter7,normal,seed7,207,0.0
hpmcounter7,normal,seed7,208,0.0
hpmcounter7,normal,seed7,209,0.0
hpmcounter7,normal,seed7,210,0.0
hpmcounter7,normal,seed7,211,0.0
hpmcounter7,normal,seed7,212,0.0
hpmcounter7,normal,seed7,213,0.0
hpmcounter7,normal,seed7,214,0.0
hpmcounter7,normal,seed7,215,0.0
hpmcounter7,normal,seed7,216,0.0
hpmcounter7,normal,seed7,217,0.0
hpmcounter7,normal,seed7,218,0.0
hpmcounter7,normal,seed7,219,0.0
hpmcounter7,normal,seed7,220,0.0
hpmcounter7,normal,seed7,221,0.0
hpmcounter7,normal,seed7,222,0.0
hpmcounter7,normal,seed7,223,0.0
hpmcounter7,normal,seed7,224,0.0
hpmcounter7,normal,seed7,225,0.0
hpmcounter7,normal,seed7,226,0.0
hpmcounter7,normal,seed7,227,0.0
hpmcounter7,normal,seed7,228,0.0
hpmcounter7,normal,seed7,229,0.0
hpmcounter7,normal,seed7,230,0.0
hpmcounter7,normal,seed7,231,0.0
hpmcounter7,normal,seed7,232,0.0
hpmcounter7,normal,seed7,233,0.0
hpmcounter7,normal,seed7,234,0.0
hpmcounter7,normal,seed7,235,0.0
hpmcounter7,normal,seed7,236,0.0
hpmcounter7,normal,seed7,237,0.0
hpmcounter7,normal,seed7,238,0.0
hpmcounter7,normal,seed7,239,0.0
hpmcounter7,normal,seed7,240,0.0
hpmcounter7,normal,seed7,241,0.0
hpmcounter7,normal,seed7,242,0.0
hpmcounter7,normal,seed7,243,0.0
hpmcounter7,normal,seed7,244,0.0
hpmcounter7,normal,seed7,245,0.0
hpmcounter7,normal,seed7,246,0.0
hpmcounter7,normal,seed7,247,0.0
hpmcounter7,normal,seed7,248,0.0
hpmcounter7,normal,seed7,249,0.0
hpmcounter7,normal,seed7,250,0.0
hpmcounter7,normal,seed7,251,0.0
hpmcounter7,normal,seed7,252,0.0
hpmcounter7,normal,seed7,253,0.0
hpmcounter7,normal,seed7,254,0.0
hpmcounter7,normal,seed7,255,0.0
hpmcounter7,normal,seed7,256,0.0
hpmcounter7,normal,seed7,257,0.0
hpmcounter7,normal,seed7,258,0.0
hpmcounter7,normal,seed7,259,0.0
hpmcounter7,normal,seed7,260,0.0
hpmcounter7,normal,seed7,261,0.0
hpmcounter7,normal,seed7,262,0.0
hpmcounter7,normal,seed7,263,0.0
hpmcounter7,normal,seed7,264,0.0
hpmcounter7,normal,seed7,265,0.0
hpmcounter7,normal,seed7,266,0.0
hpmcounter7,normal,seed7,267,0.0
hpmcounter7,normal,seed7,268,0.0
hpmcounter7,normal,seed7,269,0.0
hpmcounter7,normal,seed7,270,0.0
hpmcounter7,normal,seed7,271,0.0
hpmcounter7,normal,seed7,272,0.0
hpmcounter7,normal,seed7,273,0.0
hpmcounter7,normal,seed7,274,0.0
hpmcounter7,normal,seed7,275,0.0
hpmcounter7,normal,seed7,276,0.0
hpmcounter7,normal,seed7,277,0.0
hpmcounter7,normal,seed7,278,0.0
hpmcounter7,normal,seed7,279,0.0
hpmcounter7,normal,seed7,280,0.0
hpmcounter7,normal,seed7,281,0.0
hpmcounter7,normal,seed7,282,0.0
hpmcounter7,normal,seed7,283,0.0
hpmcounter7,normal,seed7,284,0.0
hpmcounter7,normal,seed7,285,0.0
hpmcounter7,normal,seed7,286,0.0
hpmcounter7,normal,seed7,287,0.0
hpmcounter7,normal,seed7,288,0.0
hpmcounter7,normal,seed7,289,0.0
hpmcounter7,normal,seed7,290,0.0
hpmcounter7,normal,seed7,291,0.0
hpmcounter7,normal,seed7,292,0.0
hpmcounter7,normal,seed7,293,0.0
hpmcounter7,normal,seed7,294,0.0
hpmcounter7,normal,seed7,295,0.0
hpmcounter7,normal,seed7,296,0.0
hpmcounter7,normal,seed7,297,0.0
hpmcounter7,normal,seed7,298,0.0
hpmcounter7,normal,seed8,9,0.0
hpmcounter7,normal,seed8,10,0.0
hpmcounter7,normal,seed8,11,0.0
hpmcounter7,normal,seed8,12,0.0
hpmcounter7,normal,seed8,13,0.0
hpmcounter7,normal,seed8,14,0.0
hpmcounter7,normal,seed8,15,0.0
hpmcounter7,normal,seed8,16,0.0
hpmcounter7,normal,seed8,17,0.0
hpmcounter7,normal,seed8,18,0.0
hpmcounter7,normal,seed8,19,0.0
hpmcounter7,normal,seed8,20,0.0
hpmcounter7,normal,seed8,21,0.0
hpmcounter7,normal,seed8,22,0.0
hpmcounter7,normal,seed8,23,0.0
hpmcounter7,normal,seed8,24,0.0
hpmcounter7,normal,seed8,25,0.0
hpmcounter7,normal,seed8,26,0.0
hpmcounter7,normal,seed8,27,0.0
hpmcounter7,normal,seed8,28,0.0
hpmcounter7,normal,seed8,29,0.0
hpmcounter7,normal,seed8,30,0.0
hpmcounter7,normal,seed8,31,0.0
hpmcounter7,normal,seed8,32,0.0
hpmcounter7,normal,seed8,33,0.0
hpmcounter7,normal,seed8,34,0.0
hpmcounter7,normal,seed8,35,0.0
hpmcounter7,normal,seed8,36,0.0
hpmcounter7,normal,seed8,37,0.0
hpmcounter7,normal,seed8,38,0.0
hpmcounter7,normal,seed8,39,0.0
hpmcounter7,normal,seed8,40,0.0
hpmcounter7,normal,seed8,41,0.0
hpmcounter7,normal,seed8,42,0.0
hpmcounter7,normal,seed8,43,0.0
hpmcounter7,normal,seed8,44,0.0
hpmcounter7,normal,seed8,45,0.0
hpmcounter7,normal,seed8,46,0.0
hpmcounter7,normal,seed8,47,0.0
hpmcounter7,normal,seed8,48,0.0
hpmcounter7,normal,seed8,49,0.0
hpmcounter7,normal,seed8,50,0.0
hpmcounter7,normal,seed8,51,0.0
hpmcounter7,normal,seed8,52,0.0
hpmcounter7,normal,seed8,53,0.0
hpmcounter7,normal,seed8,54,0.0
hpmcounter7,normal,seed8,55,0.0
hpmcounter7,normal,seed8,56,0.0
hpmcounter7,normal,seed8,57,0.0
hpmcounter7,normal,seed8,58,0.0
hpmcounter7,normal,seed8,59,0.0
hpmcounter7,normal,seed8,60,0.0
hpmcounter7,normal,seed8,61,0.0
hpmcounter7,normal,seed8,62,0.0
hpmcounter7,normal,seed8,63,0.0
hpmcounter7,normal,seed8,64,0.0
hpmcounter7,normal,seed8,65,0.0
hpmcounter7,normal,seed8,66,0.0
hpmcounter7,normal,seed8,67,0.0
hpmcounter7,normal,seed8,68,0.0
hpmcounter7,normal,seed8,69,0.0
hpmcounter7,normal,seed8,70,0.0
hpmcounter7,normal,seed8,71,0.0
hpmcounter7,normal,seed8,72,0.0
hpmcounter7,normal,seed8,73,0.0
hpmcounter7,normal,seed8,74,0.0
hpmcounter7,normal,seed8,75,0.0
hpmcounter7,normal,seed8,76,0.0
hpmcounter7,normal,seed8,77,0.0
hpmcounter7,normal,seed8,78,0.0
hpmcounter7,normal,seed8,79,0.0
hpmcounter7,normal,seed8,80,0.0
hpmcounter7,normal,seed8,81,0.0
hpmcounter7,normal,seed8,82,0.0
hpmcounter7,normal,seed8,83,0.0
hpmcounter7,normal,seed8,84,0.0
hpmcounter7,normal,seed8,85,0.0
hpmcounter7,normal,seed8,86,0.0
hpmcounter7,normal,seed8,87,0.0
hpmcounter7,normal,seed8,88,0.0
hpmcounter7,normal,seed8,89,0.0
hpmcounter7,normal,seed8,90,0.0
hpmcounter7,normal,seed8,91,0.0
hpmcounter7,normal,seed8,92,0.0
hpmcounter7,normal,seed8,93,0.0
hpmcounter7,normal,seed8,94,0.0
hpmcounter7,normal,seed8,95,0.0
hpmcounter7,normal,seed8,96,0.0
hpmcounter7,normal,seed8,97,0.0
hpmcounter7,normal,seed8,98,0.0
hpmcounter7,normal,seed8,99,0.0
hpmcounter7,normal,seed8,100,0.0
hpmcounter7,normal,seed8,101,0.0
hpmcounter7,normal,seed8,102,0.0
hpmcounter7,normal,seed8,103,0.0
hpmcounter7,normal,seed8,104,0.0
hpmcounter7,normal,seed8,105,0.0
hpmcounter7,normal,seed8,106,0.0
hpmcounter7,normal,seed8,107,0.0
hpmcounter7,normal,seed8,108,0.0
hpmcounter7,normal,seed8,109,0.0
hpmcounter7,normal,seed8,110,0.0
hpmcounter7,normal,seed8,111,0.0
hpmcounter7,normal,seed8,112,0.0
hpmcounter7,normal,seed8,113,0.0
hpmcounter7,normal,seed8,114,0.0
hpmcounter7,normal,seed8,115,0.0
hpmcounter7,normal,seed8,116,0.0
hpmcounter7,normal,seed8,117,0.0
hpmcounter7,normal,seed8,118,0.0
hpmcounter7,normal,seed8,119,0.0
hpmcounter7,normal,seed8,120,0.0
hpmcounter7,normal,seed8,121,0.0
hpmcounter7,normal,seed8,122,0.0
hpmcounter7,normal,seed8,123,0.0
hpmcounter7,normal,seed8,124,0.0
hpmcounter7,normal,seed8,125,0.0
hpmcounter7,normal,seed8,126,0.0
hpmcounter7,normal,seed8,127,0.0
hpmcounter7,normal,seed8,128,0.0
hpmcounter7,normal,seed8,129,0.0
hpmcounter7,normal,seed8,130,0.0
hpmcounter7,normal,seed8,131,0.0
hpmcounter7,normal,seed8,132,0.0
hpmcounter7,normal,seed8,133,0.0
hpmcounter7,normal,seed8,134,0.0
hpmcounter7,normal,seed8,135,0.0
hpmcounter7,normal,seed8,136,0.0
hpmcounter7,normal,seed8,137,0.0
hpmcounter7,normal,seed8,138,0.0
hpmcounter7,normal,seed8,139,0.0
hpmcounter7,normal,seed8,140,0.0
hpmcounter7,normal,seed8,141,0.0
hpmcounter7,normal,seed8,142,0.0
hpmcounter7,normal,seed8,143,0.0
hpmcounter7,normal,seed8,144,0.0
hpmcounter7,normal,seed8,145,0.0
hpmcounter7,normal,seed8,146,0.0
hpmcounter7,normal,seed8,147,0.0
hpmcounter7,normal,seed8,148,0.0
hpmcounter7,normal,seed8,149,0.0
hpmcounter7,normal,seed8,150,0.0
hpmcounter7,normal,seed8,151,0.0
hpmcounter7,normal,seed8,152,0.0
hpmcounter7,normal,seed8,153,0.0
hpmcounter7,normal,seed8,154,0.0
hpmcounter7,normal,seed8,155,0.0
hpmcounter7,normal,seed8,156,0.0
hpmcounter7,normal,seed8,157,0.0
hpmcounter7,normal,seed8,158,0.0
hpmcounter7,normal,seed8,159,0.0
hpmcounter7,normal,seed8,160,0.0
hpmcounter7,normal,seed8,161,0.0
hpmcounter7,normal,seed8,162,0.0
hpmcounter7,normal,seed8,163,0.0
hpmcounter7,normal,seed8,164,0.0
hpmcounter7,normal,seed8,165,0.0
hpmcounter7,normal,seed8,166,0.0
hpmcounter7,normal,seed8,167,0.0
hpmcounter7,normal,seed8,168,0.0
hpmcounter7,normal,seed8,169,0.0
hpmcounter7,normal,seed8,170,0.0
hpmcounter7,normal,seed8,171,0.0
hpmcounter7,normal,seed8,172,0.0
hpmcounter7,normal,seed8,173,0.0
hpmcounter7,normal,seed8,174,0.0
hpmcounter7,normal,seed8,175,0.0
hpmcounter7,normal,seed8,176,0.0
hpmcounter7,normal,seed8,177,0.0
hpmcounter7,normal,seed8,178,0.0
hpmcounter7,normal,seed8,179,0.0
hpmcounter7,normal,seed8,180,0.0
hpmcounter7,normal,seed8,181,0.0
hpmcounter7,normal,seed8,182,0.0
hpmcounter7,normal,seed8,183,0.0
hpmcounter7,normal,seed8,184,0.0
hpmcounter7,normal,seed8,185,0.0
hpmcounter7,normal,seed8,186,0.0
hpmcounter7,normal,seed8,187,0.0
hpmcounter7,normal,seed8,188,0.0
hpmcounter7,normal,seed8,189,0.0
hpmcounter7,normal,seed8,190,0.0
hpmcounter7,normal,seed8,191,0.0
hpmcounter7,normal,seed8,192,0.0
hpmcounter7,normal,seed8,193,0.0
hpmcounter7,normal,seed8,194,0.0
hpmcounter7,normal,seed8,195,0.0
hpmcounter7,normal,seed8,196,0.0
hpmcounter7,normal,seed8,197,0.0
hpmcounter7,normal,seed8,198,0.0
hpmcounter7,normal,seed8,199,0.0
hpmcounter7,normal,seed8,200,0.0
hpmcounter7,normal,seed8,201,0.0
hpmcounter7,normal,seed8,202,0.0
hpmcounter7,normal,seed8,203,0.0
hpmcounter7,normal,seed8,204,0.0
hpmcounter7,normal,seed8,205,0.0
hpmcounter7,normal,seed8,206,0.0
hpmcounter7,normal,seed8,207,0.0
hpmcounter7,normal,seed8,208,0.0
hpmcounter7,normal,seed8,209,0.0
hpmcounter7,normal,seed8,210,0.0
hpmcounter7,normal,seed8,211,0.0
hpmcounter7,normal,seed8,212,0.0
hpmcounter7,normal,seed8,213,0.0
hpmcounter7,normal,seed8,214,0.0
hpmcounter7,normal,seed8,215,0.0
hpmcounter7,normal,seed8,216,0.0
hpmcounter7,normal,seed8,217,0.0
hpmcounter7,normal,seed8,218,0.0
hpmcounter7,normal,seed8,219,0.0
hpmcounter7,normal,seed8,220,0.0
hpmcounter7,normal,seed8,221,0.0
hpmcounter7,normal,seed8,222,0.0
hpmcounter7,normal,seed8,223,0.0
hpmcounter7,normal,seed8,224,0.0
hpmcounter7,normal,seed8,225,0.0
hpmcounter7,normal,seed8,226,0.0
hpmcounter7,normal,seed8,227,0.0
hpmcounter7,normal,seed8,228,0.0
hpmcounter7,normal,seed8,229,0.0
hpmcounter7,normal,seed8,230,0.0
hpmcounter7,normal,seed8,231,0.0
hpmcounter7,normal,seed8,232,0.0
hpmcounter7,normal,seed8,233,0.0
hpmcounter7,normal,seed8,234,0.0
hpmcounter7,normal,seed8,235,0.0
hpmcounter7,normal,seed8,236,0.0
hpmcounter7,normal,seed8,237,0.0
hpmcounter7,normal,seed8,238,0.0
hpmcounter7,normal,seed8,239,0.0
hpmcounter7,normal,seed8,240,0.0
hpmcounter7,normal,seed8,241,0.0
hpmcounter7,normal,seed8,242,0.0
hpmcounter7,normal,seed8,243,0.0
hpmcounter7,normal,seed8,244,0.0
hpmcounter7,normal,seed8,245,0.0
hpmcounter7,normal,seed8,246,0.0
hpmcounter7,normal,seed8,247,0.0
hpmcounter7,normal,seed8,248,0.0
hpmcounter7,normal,seed8,249,0.0
hpmcounter7,normal,seed8,250,0.0
hpmcounter7,normal,seed8,251,0.0
hpmcounter7,normal,seed8,252,0.0
hpmcounter7,normal,seed8,253,0.0
hpmcounter7,normal,seed8,254,0.0
hpmcounter7,normal,seed8,255,0.0
hpmcounter7,normal,seed8,256,0.0
hpmcounter7,normal,seed8,257,0.0
hpmcounter7,normal,seed8,258,0.0
hpmcounter7,normal,seed8,259,0.0
hpmcounter7,normal,seed8,260,0.0
hpmcounter7,normal,seed8,261,0.0
hpmcounter7,normal,seed8,262,0.0
hpmcounter7,normal,seed8,263,0.0
hpmcounter7,normal,seed8,264,0.0
hpmcounter7,normal,seed8,265,0.0
hpmcounter7,normal,seed8,266,0.0
hpmcounter7,normal,seed8,267,0.0
hpmcounter7,normal,seed8,268,0.0
hpmcounter7,normal,seed8,269,0.0
hpmcounter7,normal,seed8,270,0.0
hpmcounter7,normal,seed8,271,0.0
hpmcounter7,normal,seed8,272,0.0
hpmcounter7,normal,seed8,273,0.0
hpmcounter7,normal,seed8,274,0.0
hpmcounter7,normal,seed8,275,0.0
hpmcounter7,normal,seed8,276,0.0
hpmcounter7,normal,seed8,277,0.0
hpmcounter7,normal,seed8,278,0.0
hpmcounter7,normal,seed8,279,0.0
hpmcounter7,normal,seed8,280,0.0
hpmcounter7,normal,seed8,281,0.0
hpmcounter7,normal,seed8,282,0.0
hpmcounter7,normal,seed8,283,0.0
hpmcounter7,normal,seed8,284,0.0
hpmcounter7,normal,seed8,285,0.0
hpmcounter7,normal,seed8,286,0.0
hpmcounter7,normal,seed8,287,0.0
hpmcounter7,normal,seed8,288,0.0
hpmcounter7,normal,seed8,289,0.0
hpmcounter7,normal,seed8,290,0.0
hpmcounter7,normal,seed8,291,0.0
hpmcounter7,normal,seed8,292,0.0
hpmcounter7,normal,seed8,293,0.0
hpmcounter7,normal,seed8,294,0.0
hpmcounter7,normal,seed8,295,0.0
hpmcounter7,normal,seed8,296,0.0
hpmcounter7,normal,seed8,297,0.0
hpmcounter7,normal,seed8,298,0.0
hpmcounter7,normal,seed9,9,0.0
hpmcounter7,normal,seed9,10,0.0
hpmcounter7,normal,seed9,11,0.0
hpmcounter7,normal,seed9,12,0.0
hpmcounter7,normal,seed9,13,0.0
hpmcounter7,normal,seed9,14,0.0
hpmcounter7,normal,seed9,15,0.0
hpmcounter7,normal,seed9,16,0.0
hpmcounter7,normal,seed9,17,0.0
hpmcounter7,normal,seed9,18,0.0
hpmcounter7,normal,seed9,19,0.0
hpmcounter7,normal,seed9,20,0.0
hpmcounter7,normal,seed9,21,0.0
hpmcounter7,normal,seed9,22,0.0
hpmcounter7,normal,seed9,23,0.0
hpmcounter7,normal,seed9,24,0.0
hpmcounter7,normal,seed9,25,0.0
hpmcounter7,normal,seed9,26,0.0
hpmcounter7,normal,seed9,27,0.0
hpmcounter7,normal,seed9,28,0.0
hpmcounter7,normal,seed9,29,0.0
hpmcounter7,normal,seed9,30,0.0
hpmcounter7,normal,seed9,31,0.0
hpmcounter7,normal,seed9,32,0.0
hpmcounter7,normal,seed9,33,0.0
hpmcounter7,normal,seed9,34,0.0
hpmcounter7,normal,seed9,35,0.0
hpmcounter7,normal,seed9,36,0.0
hpmcounter7,normal,seed9,37,0.0
hpmcounter7,normal,seed9,38,0.0
hpmcounter7,normal,seed9,39,0.0
hpmcounter7,normal,seed9,40,0.0
hpmcounter7,normal,seed9,41,0.0
hpmcounter7,normal,seed9,42,0.0
hpmcounter7,normal,seed9,43,0.0
hpmcounter7,normal,seed9,44,0.0
hpmcounter7,normal,seed9,45,0.0
hpmcounter7,normal,seed9,46,0.0
hpmcounter7,normal,seed9,47,0.0
hpmcounter7,normal,seed9,48,0.0
hpmcounter7,normal,seed9,49,0.0
hpmcounter7,normal,seed9,50,0.0
hpmcounter7,normal,seed9,51,0.0
hpmcounter7,normal,seed9,52,0.0
hpmcounter7,normal,seed9,53,0.0
hpmcounter7,normal,seed9,54,0.0
hpmcounter7,normal,seed9,55,0.0
hpmcounter7,normal,seed9,56,0.0
hpmcounter7,normal,seed9,57,0.0
hpmcounter7,normal,seed9,58,0.0
hpmcounter7,normal,seed9,59,0.0
hpmcounter7,normal,seed9,60,0.0
hpmcounter7,normal,seed9,61,0.0
hpmcounter7,normal,seed9,62,0.0
hpmcounter7,normal,seed9,63,0.0
hpmcounter7,normal,seed9,64,0.0
hpmcounter7,normal,seed9,65,0.0
hpmcounter7,normal,seed9,66,0.0
hpmcounter7,normal,seed9,67,0.0
hpmcounter7,normal,seed9,68,0.0
hpmcounter7,normal,seed9,69,0.0
hpmcounter7,normal,seed9,70,0.0
hpmcounter7,normal,seed9,71,0.0
hpmcounter7,normal,seed9,72,0.0
hpmcounter7,normal,seed9,73,0.0
hpmcounter7,normal,seed9,74,0.0
hpmcounter7,normal,seed9,75,0.0
hpmcounter7,normal,seed9,76,0.0
hpmcounter7,normal,seed9,77,0.0
hpmcounter7,normal,seed9,78,0.0
hpmcounter7,normal,seed9,79,0.0
hpmcounter7,normal,seed9,80,0.0
hpmcounter7,normal,seed9,81,0.0
hpmcounter7,normal,seed9,82,0.0
hpmcounter7,normal,seed9,83,0.0
hpmcounter7,normal,seed9,84,0.0
hpmcounter7,normal,seed9,85,0.0
hpmcounter7,normal,seed9,86,0.0
hpmcounter7,normal,seed9,87,0.0
hpmcounter7,normal,seed9,88,0.0
hpmcounter7,normal,seed9,89,0.0
hpmcounter7,normal,seed9,90,0.0
hpmcounter7,normal,seed9,91,0.0
hpmcounter7,normal,seed9,92,0.0
hpmcounter7,normal,seed9,93,0.0
hpmcounter7,normal,seed9,94,0.0
hpmcounter7,normal,seed9,95,0.0
hpmcounter7,normal,seed9,96,0.0
hpmcounter7,normal,seed9,97,0.0
hpmcounter7,normal,seed9,98,0.0
hpmcounter7,normal,seed9,99,0.0
hpmcounter7,normal,seed9,100,0.0
hpmcounter7,normal,seed9,101,0.0
hpmcounter7,normal,seed9,102,0.0
hpmcounter7,normal,seed9,103,0.0
hpmcounter7,normal,seed9,104,0.0
hpmcounter7,normal,seed9,105,0.0
hpmcounter7,normal,seed9,106,0.0
hpmcounter7,normal,seed9,107,0.0
hpmcounter7,normal,seed9,108,0.0
hpmcounter7,normal,seed9,109,0.0
hpmcounter7,normal,seed9,110,0.0
hpmcounter7,normal,seed9,111,0.0
hpmcounter7,normal,seed9,112,0.0
hpmcounter7,normal,seed9,113,0.0
hpmcounter7,normal,seed9,114,0.0
hpmcounter7,normal,seed9,115,0.0
hpmcounter7,normal,seed9,116,0.0
hpmcounter7,normal,seed9,117,0.0
hpmcounter7,normal,seed9,118,0.0
hpmcounter7,normal,seed9,119,0.0
hpmcounter7,normal,seed9,120,0.0
hpmcounter7,normal,seed9,121,0.0
hpmcounter7,normal,seed9,122,0.0
hpmcounter7,normal,seed9,123,0.0
hpmcounter7,normal,seed9,124,0.0
hpmcounter7,normal,seed9,125,0.0
hpmcounter7,normal,seed9,126,0.0
hpmcounter7,normal,seed9,127,0.0
hpmcounter7,normal,seed9,128,0.0
hpmcounter7,normal,seed9,129,0.0
hpmcounter7,normal,seed9,130,0.0
hpmcounter7,normal,seed9,131,0.0
hpmcounter7,normal,seed9,132,0.0
hpmcounter7,normal,seed9,133,0.0
hpmcounter7,normal,seed9,134,0.0
hpmcounter7,normal,seed9,135,0.0
hpmcounter7,normal,seed9,136,0.0
hpmcounter7,normal,seed9,137,0.0
hpmcounter7,normal,seed9,138,0.0
hpmcounter7,normal,seed9,139,0.0
hpmcounter7,normal,seed9,140,0.0
hpmcounter7,normal,seed9,141,0.0
hpmcounter7,normal,seed9,142,0.0
hpmcounter7,normal,seed9,143,0.0
hpmcounter7,normal,seed9,144,0.0
hpmcounter7,normal,seed9,145,0.0
hpmcounter7,normal,seed9,146,0.0
hpmcounter7,normal,seed9,147,0.0
hpmcounter7,normal,seed9,148,0.0
hpmcounter7,normal,seed9,149,0.0
hpmcounter7,normal,seed9,150,0.0
hpmcounter7,normal,seed9,151,0.0
hpmcounter7,normal,seed9,152,0.0
hpmcounter7,normal,seed9,153,0.0
hpmcounter7,normal,seed9,154,0.0
hpmcounter7,normal,seed9,155,0.0
hpmcounter7,normal,seed9,156,0.0
hpmcounter7,normal,seed9,157,0.0
hpmcounter7,normal,seed9,158,0.0
hpmcounter7,normal,seed9,159,0.0
hpmcounter7,normal,seed9,160,0.0
hpmcounter7,normal,seed9,161,0.0
hpmcounter7,normal,seed9,162,0.0
hpmcounter7,normal,seed9,163,0.0
hpmcounter7,normal,seed9,164,0.0
hpmcounter7,normal,seed9,165,0.0
hpmcounter7,normal,seed9,166,0.0
hpmcounter7,normal,seed9,167,0.0
hpmcounter7,normal,seed9,168,0.0
hpmcounter7,normal,seed9,169,0.0
hpmcounter7,normal,seed9,170,0.0
hpmcounter7,normal,seed9,171,0.0
hpmcounter7,normal,seed9,172,0.0
hpmcounter7,normal,seed9,173,0.0
hpmcounter7,normal,seed9,174,0.0
hpmcounter7,normal,seed9,175,0.0
hpmcounter7,normal,seed9,176,0.0
hpmcounter7,normal,seed9,177,0.0
hpmcounter7,normal,seed9,178,0.0
hpmcounter7,normal,seed9,179,0.0
hpmcounter7,normal,seed9,180,0.0
hpmcounter7,normal,seed9,181,0.0
hpmcounter7,normal,seed9,182,0.0
hpmcounter7,normal,seed9,183,0.0
hpmcounter7,normal,seed9,184,0.0
hpmcounter7,normal,seed9,185,0.0
hpmcounter7,normal,seed9,186,0.0
hpmcounter7,normal,seed9,187,0.0
hpmcounter7,normal,seed9,188,0.0
hpmcounter7,normal,seed9,189,0.0
hpmcounter7,normal,seed9,190,0.0
hpmcounter7,normal,seed9,191,0.0
hpmcounter7,normal,seed9,192,0.0
hpmcounter7,normal,seed9,193,0.0
hpmcounter7,normal,seed9,194,0.0
hpmcounter7,normal,seed9,195,0.0
hpmcounter7,normal,seed9,196,0.0
hpmcounter7,normal,seed9,197,0.0
hpmcounter7,normal,seed9,198,0.0
hpmcounter7,normal,seed9,199,0.0
hpmcounter7,normal,seed9,200,0.0
hpmcounter7,normal,seed9,201,0.0
hpmcounter7,normal,seed9,202,0.0
hpmcounter7,normal,seed9,203,0.0
hpmcounter7,normal,seed9,204,0.0
hpmcounter7,normal,seed9,205,0.0
hpmcounter7,normal,seed9,206,0.0
hpmcounter7,normal,seed9,207,0.0
hpmcounter7,normal,seed9,208,0.0
hpmcounter7,normal,seed9,209,0.0
hpmcounter7,normal,seed9,210,0.0
hpmcounter7,normal,seed9,211,0.0
hpmcounter7,normal,seed9,212,0.0
hpmcounter7,normal,seed9,213,0.0
hpmcounter7,normal,seed9,214,0.0
hpmcounter7,normal,seed9,215,0.0
hpmcounter7,normal,seed9,216,0.0
hpmcounter7,normal,seed9,217,0.0
hpmcounter7,normal,seed9,218,0.0
hpmcounter7,normal,seed9,219,0.0
hpmcounter7,normal,seed9,220,0.0
hpmcounter7,normal,seed9,221,0.0
hpmcounter7,normal,seed9,222,0.0
hpmcounter7,normal,seed9,223,0.0
hpmcounter7,normal,seed9,224,0.0
hpmcounter7,normal,seed9,225,0.0
hpmcounter7,normal,seed9,226,0.0
hpmcounter7,normal,seed9,227,0.0
hpmcounter7,normal,seed9,228,0.0
hpmcounter7,normal,seed9,229,0.0
hpmcounter7,normal,seed9,230,0.0
hpmcounter7,normal,seed9,231,0.0
hpmcounter7,normal,seed9,232,0.0
hpmcounter7,normal,seed9,233,0.0
hpmcounter7,normal,seed9,234,0.0
hpmcounter7,normal,seed9,235,0.0
hpmcounter7,normal,seed9,236,0.0
hpmcounter7,normal,seed9,237,0.0
hpmcounter7,normal,seed9,238,0.0
hpmcounter7,normal,seed9,239,0.0
hpmcounter7,normal,seed9,240,0.0
hpmcounter7,normal,seed9,241,0.0
hpmcounter7,normal,seed9,242,0.0
hpmcounter7,normal,seed9,243,0.0
hpmcounter7,normal,seed9,244,0.0
hpmcounter7,normal,seed9,245,0.0
hpmcounter7,normal,seed9,246,0.0
hpmcounter7,normal,seed9,247,0.0
hpmcounter7,normal,seed9,248,0.0
hpmcounter7,normal,seed9,249,0.0
hpmcounter7,normal,seed9,250,0.0
hpmcounter7,normal,seed9,251,0.0
hpmcounter7,normal,seed9,252,0.0
hpmcounter7,normal,seed9,253,0.0
hpmcounter7,normal,seed9,254,0.0
hpmcounter7,normal,seed9,255,0.0
hpmcounter7,normal,seed9,256,0.0
hpmcounter7,normal,seed9,257,0.0
hpmcounter7,normal,seed9,258,0.0
hpmcounter7,normal,seed9,259,0.0
hpmcounter7,normal,seed9,260,0.0
hpmcounter7,normal,seed9,261,0.0
hpmcounter7,normal,seed9,262,0.0
hpmcounter7,normal,seed9,263,0.0
hpmcounter7,normal,seed9,264,0.0
hpmcounter7,normal,seed9,265,0.0
hpmcounter7,normal,seed9,266,0.0
hpmcounter7,normal,seed9,267,0.0
hpmcounter7,normal,seed9,268,0.0
hpmcounter7,normal,seed9,269,0.0
hpmcounter7,normal,seed9,270,0.0
hpmcounter7,normal,seed9,271,0.0
hpmcounter7,normal,seed9,272,0.0
hpmcounter7,normal,seed9,273,0.0
hpmcounter7,normal,seed9,274,0.0
hpmcounter7,normal,seed9,275,0.0
hpmcounter7,normal,seed9,276,0.0
hpmcounter7,normal,seed9,277,0.0
hpmcounter7,normal,seed9,278,0.0
hpmcounter7,normal,seed9,279,0.0
hpmcounter7,normal,seed9,280,0.0
hpmcounter7,normal,seed9,281,0.0
hpmcounter7,normal,seed9,282,0.0
hpmcounter7,normal,seed9,283,0.0
hpmcounter7,normal,seed9,284,0.0
hpmcounter7,normal,seed9,285,0.0
hpmcounter7,normal,seed9,286,0.0
hpmcounter7,normal,seed9,287,0.0
hpmcounter7,normal,seed9,288,0.0
hpmcounter7,normal,seed9,289,0.0
hpmcounter7,normal,seed9,290,0.0
hpmcounter7,normal,seed9,291,0.0
hpmcounter7,normal,seed9,292,0.0
hpmcounter7,normal,seed9,293,0.0
hpmcounter7,normal,seed9,294,0.0
hpmcounter7,normal,seed9,295,0.0
hpmcounter7,normal,seed9,296,0.0
hpmcounter7,normal,seed9,297,0.0
hpmcounter7,normal,seed9,298,0.0
hpmcounter8,drift,seed1,9,46508.84848484849
hpmcounter8,drift,seed1,10,46500.04242424243
hpmcounter8,drift,seed1,11,46491.1393939394
hpmcounter8,drift,seed1,12,46489.666666666664
hpmcounter8,drift,seed1,13,46482.70909090909
hpmcounter8,drift,seed1,14,46481.066666666666
hpmcounter8,drift,seed1,15,46480.48484848485
hpmcounter8,drift,seed1,16,46481.24848484848
hpmcounter8,drift,seed1,17,46481.412121212124
hpmcounter8,drift,seed1,18,46486.448484848486
hpmcounter8,drift,seed1,19,46491.67272727273
hpmcounter8,drift,seed1,20,46496.721212121214
hpmcounter8,drift,seed1,21,46498.10909090909
hpmcounter8,drift,seed1,22,46496.763636363634
hpmcounter8,drift,seed1,23,46491.42424242424
hpmcounter8,drift,seed1,24,46490.21212121212
hpmcounter8,drift,seed1,25,46485.48484848485
hpmcounter8,drift,seed1,26,46474.53939393939
hpmcounter8,drift,seed1,27,46463.4
hpmcounter8,drift,seed1,28,46451.15151515151
hpmcounter8,drift,seed1,29,46447.44242424242
hpmcounter8,drift,seed1,30,46453.78787878788
hpmcounter8,drift,seed1,31,46465.32121212121
hpmcounter8,drift,seed1,32,46470.430303030305
hpmcounter8,drift,seed1,33,46478.6303030303
hpmcounter8,drift,seed1,34,46486.66060606061
hpmcounter8,drift,seed1,35,46486.80606060606
hpmcounter8,drift,seed1,36,46480.44242424242
hpmcounter8,drift,seed1,37,46475.07878787879
hpmcounter8,drift,seed1,38,46466.30909090909
hpmcounter8,drift,seed1,39,46456.73333333333
hpmcounter8,drift,seed1,40,46457.07272727273
hpmcounter8,drift,seed1,41,46465.61818181818
hpmcounter8,drift,seed1,42,46473.551515151514
hpmcounter8,drift,seed1,43,46487.30909090909
hpmcounter8,drift,seed1,44,46498.19393939394
hpmcounter8,drift,seed1,45,46497.6
hpmcounter8,drift,seed1,46,46490.490909090906
hpmcounter8,drift,seed1,47,46487.20606060606
hpmcounter8,drift,seed1,48,46486.81212121212
hpmcounter8,drift,seed1,49,46482.15151515151
hpmcounter8,drift,seed1,50,46482.53939393939
hpmcounter8,drift,seed1,51,46494.17575757576
hpmcounter8,drift,seed1,52,46500.40606060606
hpmcounter8,drift,seed1,53,46508.56363636364
hpmcounter8,drift,seed1,54,46518.36363636364
hpmcounter8,drift,seed1,55,46524.98787878788
hpmcounter8,drift,seed1,56,46524.78787878788
hpmcounter8,drift,seed1,57,46523.6
hpmcounter8,drift,seed1,58,46524.79393939394
hpmcounter8,drift,seed1,59,46518.121212121216
hpmcounter8,drift,seed1,60,46508.94545454546
hpmcounter8,drift,seed1,61,46508.46666666667
hpmcounter8,drift,seed1,62,46504.69696969697
hpmcounter8,drift,seed1,63,46780.145454545454
hpmcounter8,drift,seed1,64,46999.59393939394
hpmcounter8,drift,seed1,65,47161.527272727275
hpmcounter8,drift,seed1,66,47262.88484848485
hpmcounter8,drift,seed1,67,47298.975757575754
hpmcounter8,drift,seed1,68,47278.242424242424
hpmcounter8,drift,seed1,69,47189.48484848485
hpmcounter8,drift,seed1,70,47029.8606060606
hpmcounter8,drift,seed1,71,46806.63636363636
hpmcounter8,drift,seed1,72,46521.10909090909
hpmcounter8,drift,seed1,73,46515.527272727275
hpmcounter8,drift,seed1,74,46508.3696969697
hpmcounter8,drift,seed1,75,46492.49696969697
hpmcounter8,drift,seed1,76,46480.89090909091
hpmcounter8,drift,seed1,77,46466.87272727273
hpmcounter8,drift,seed1,78,46461.145454545454
hpmcounter8,drift,seed1,79,46456.7696969697
hpmcounter8,drift,seed1,80,46460.04242424243
hpmcounter8,drift,seed1,81,46464.587878787876
hpmcounter8,drift,seed1,82,46471.30303030303
hpmcounter8,drift,seed1,83,46478.06060606061
hpmcounter8,drift,seed1,84,46485.58181818182
hpmcounter8,drift,seed1,85,46481.25454545455
hpmcounter8,drift,seed1,86,46480.53939393939
hpmcounter8,drift,seed1,87,46480.218181818185
hpmcounter8,drift,seed1,88,46480.28484848485
hpmcounter8,drift,seed1,89,46474.95757575757
hpmcounter8,drift,seed1,90,46473.333333333336
hpmcounter8,drift,seed1,91,46472.78787878788
hpmcounter8,drift,seed1,92,46477.90303030303
hpmcounter8,drift,seed1,93,46474.55757575758
hpmcounter8,drift,seed1,94,46470.030303030304
hpmcounter8,drift,seed1,95,46463.28484848485
hpmcounter8,drift,seed1,96,46455.84848484849
hpmcounter8,drift,seed1,97,46454.58181818182
hpmcounter8,drift,seed1,98,46454.145454545454
hpmcounter8,drift,seed1,99,46453.96363636364
hpmcounter8,drift,seed1,100,46453.34545454545
hpmcounter8,drift,seed1,101,46457.66060606061
hpmcounter8,drift,seed1,102,46466.8606060606
hpmcounter8,drift,seed1,103,46470.38181818182
hpmcounter8,drift,seed1,104,46469.92121212121
hpmcounter8,drift,seed1,105,46473.77575757576
hpmcounter8,drift,seed1,106,46475.490909090906
hpmcounter8,drift,seed1,107,46480.412121212124
hpmcounter8,drift,seed1,108,46483.19393939394
hpmcounter8,drift,seed1,109,46482.10909090909
hpmcounter8,drift,seed1,110,46488.0
hpmcounter8,drift,seed1,111,46493.878787878784
hpmcounter8,drift,seed1,112,46492.99393939394
hpmcounter8,drift,seed1,113,46493.07272727273
hpmcounter8,drift,seed1,114,46485.94545454546
hpmcounter8,drift,seed1,115,46475.24848484848
hpmcounter8,drift,seed1,116,46470.67878787879
hpmcounter8,drift,seed1,117,46466.6
hpmcounter8,drift,seed1,118,46460.91515151515
hpmcounter8,drift,seed1,119,46456.92121212121
hpmcounter8,drift,seed1,120,46467.10303030303
hpmcounter8,drift,seed1,121,46476.32727272727
hpmcounter8,drift,seed1,122,46475.448484848486
hpmcounter8,drift,seed1,123,46478.70909090909
hpmcounter8,drift,seed1,124,46477.84242424242
hpmcounter8,drift,seed1,125,46473.59393939394
hpmcounter8,drift,seed1,126,46474.32121212121
hpmcounter8,drift,seed1,127,46472.763636363634
hpmcounter8,drift,seed1,128,46463.01212121212
hpmcounter8,drift,seed1,129,46454.569696969695
hpmcounter8,drift,seed1,130,46455.40606060606
hpmcounter8,drift,seed1,131,46463.25454545455
hpmcounter8,drift,seed1,132,46465.278787878786
hpmcounter8,drift,seed1,133,46467.430303030305
hpmcounter8,drift,seed1,134,46463.24848484848
hpmcounter8,drift,seed1,135,46465.163636363635
hpmcounter8,drift,seed1,136,46471.27272727273
hpmcounter8,drift,seed1,137,46478.278787878786
hpmcounter8,drift,seed1,138,46482.260606060605
hpmcounter8,drift,seed1,139,46481.163636363635
hpmcounter8,drift,seed1,140,46475.53333333333
hpmcounter8,drift,seed1,141,46475.236363636366
hpmcounter8,drift,seed1,142,46478.50303030303
hpmcounter8,drift,seed1,143,46485.52121212121
hpmcounter8,drift,seed1,144,46489.28484848485
hpmcounter8,drift,seed1,145,46495.69696969697
hpmcounter8,drift,seed1,146,46508.99393939394
hpmcounter8,drift,seed1,147,46517.04242424243
hpmcounter8,drift,seed1,148,46525.89696969697
hpmcounter8,drift,seed1,149,46529.4
hpmcounter8,drift,seed1,150,46524.24848484848
hpmcounter8,drift,seed1,151,46506.53939393939
hpmcounter8,drift,seed1,152,46493.08484848485
hpmcounter8,drift,seed1,153,46485.8606060606
hpmcounter8,drift,seed1,154,46474.08484848485
hpmcounter8,drift,seed1,155,46464.78787878788
hpmcounter8,drift,seed1,156,46463.00606060606
hpmcounter8,drift,seed1,157,46458.29090909091
hpmcounter8,drift,seed1,158,46455.8303030303
hpmcounter8,drift,seed1,159,46452.03636363636
hpmcounter8,drift,seed1,160,46448.40606060606
hpmcounter8,drift,seed1,161,46727.59393939394
hpmcounter8,drift,seed1,162,47234.19393939394
hpmcounter8,drift,seed1,163,47903.21212121212
hpmcounter8,drift,seed1,164,48662.29090909091
hpmcounter8,drift,seed1,165,49450.84242424242
hpmcounter8,drift,seed1,166,50208.94545454546
hpmcounter8,drift,seed1,167,50868.46666666667
hpmcounter8,drift,seed1,168,51370.51515151515
hpmcounter8,drift,seed1,169,51651.739393939395
hpmcounter8,drift,seed1,170,51366.32727272727
hpmcounter8,drift,seed1,171,50864.236363636366
hpmcounter8,drift,seed1,172,50207.26666666667
hpmcounter8,drift,seed1,173,49462.1696969697
hpmcounter8,drift,seed1,174,48685.18787878788
hpmcounter8,drift,seed1,175,47939.08484848485
hpmcounter8,drift,seed1,176,47285.06060606061
hpmcounter8,drift,seed1,177,46781.57575757576
hpmcounter8,drift,seed1,178,46496.44242424242
hpmcounter8,drift,seed1,179,46497.95757575757
hpmcounter8,drift,seed1,180,46502.278787878786
hpmcounter8,drift,seed1,181,46506.969696969696
hpmcounter8,drift,seed1,182,46508.89696969697
hpmcounter8,drift,seed1,183,46513.22424242424
hpmcounter8,drift,seed1,184,46511.66060606061
hpmcounter8,drift,seed1,185,46509.77575757576
hpmcounter8,drift,seed1,186,46508.06060606061
hpmcounter8,drift,seed1,187,46498.21212121212
hpmcounter8,drift,seed1,188,46491.40606060606
hpmcounter8,drift,seed1,189,46489.6303030303
hpmcounter8,drift,seed1,190,46485.430303030305
hpmcounter8,drift,seed1,191,46485.15151515151
hpmcounter8,drift,seed1,192,46485.11515151515
hpmcounter8,drift,seed1,193,46486.12727272727
hpmcounter8,drift,seed1,194,46488.69696969697
hpmcounter8,drift,seed1,195,46488.30303030303
hpmcounter8,drift,seed1,196,46491.55757575758
hpmcounter8,drift,seed1,197,46490.59393939394
hpmcounter8,drift,seed1,198,46498.15757575758
hpmcounter8,drift,seed1,199,46505.15757575758
hpmcounter8,drift,seed1,200,46505.333333333336
hpmcounter8,drift,seed1,201,46510.61212121212
hpmcounter8,drift,seed1,202,46513.00606060606
hpmcounter8,drift,seed1,203,46508.30303030303
hpmcounter8,drift,seed1,204,46504.666666666664
hpmcounter8,drift,seed1,205,46491.34545454545
hpmcounter8,drift,seed1,206,46477.74545454545
hpmcounter8,drift,seed1,207,46468.218181818185
hpmcounter8,drift,seed1,208,46465.527272727275
hpmcounter8,drift,seed1,209,46460.587878787876
hpmcounter8,drift,seed1,210,46453.71515151515
hpmcounter8,drift,seed1,211,46453.73333333333
hpmcounter8,drift,seed1,212,46458.33939393939
hpmcounter8,drift,seed1,213,46459.030303030304
hpmcounter8,drift,seed1,214,46467.27272727273
hpmcounter8,drift,seed1,215,46468.32727272727
hpmcounter8,drift,seed1,216,46466.29696969697
hpmcounter8,drift,seed1,217,46468.393939393936
hpmcounter8,drift,seed1,218,46472.77575757576
hpmcounter8,drift,seed1,219,46474.10909090909
hpmcounter8,drift,seed1,220,46469.430303030305
hpmcounter8,drift,seed1,221,46468.01212121212
hpmcounter8,drift,seed1,222,46464.551515151514
hpmcounter8,drift,seed1,223,46455.81212121212
hpmcounter8,drift,seed1,224,46455.13333333333
hpmcounter8,drift,seed1,225,46455.81212121212
hpmcounter8,drift,seed1,226,46461.181818181816
hpmcounter8,drift,seed1,227,46466.393939393936
hpmcounter8,drift,seed1,228,46476.29090909091
hpmcounter8,drift,seed1,229,46488.80606060606
hpmcounter8,drift,seed1,230,46498.393939393936
hpmcounter8,drift,seed1,231,46507.15151515151
hpmcounter8,drift,seed1,232,46510.36363636364
hpmcounter8,drift,seed1,233,46509.666666666664
hpmcounter8,drift,seed1,234,46508.7696969697
hpmcounter8,drift,seed1,235,46496.89696969697
hpmcounter8,drift,seed1,236,46491.454545454544
hpmcounter8,drift,seed1,237,46482.90909090909
hpmcounter8,drift,seed1,238,46478.854545454546
hpmcounter8,drift,seed1,239,46474.8
hpmcounter8,drift,seed1,240,46477.46666666667
hpmcounter8,drift,seed1,241,46474.666666666664
hpmcounter8,drift,seed1,242,46475.81212121212
hpmcounter8,drift,seed1,243,46479.87272727273
hpmcounter8,drift,seed1,244,46484.65454545455
hpmcounter8,drift,seed1,245,46766.29696969697
hpmcounter8,drift,seed1,246,47264.56363636364
hpmcounter8,drift,seed1,247,47922.84848484849
hpmcounter8,drift,seed1,248,48399.65454545455
hpmcounter8,drift,seed1,249,48681.781818181815
hpmcounter8,drift,seed1,250,48775.509090909094
hpmcounter8,drift,seed1,251,48678.93939393939
hpmcounter8,drift,seed1,252,48395.10909090909
hpmcounter8,drift,seed1,253,47922.36363636364
hpmcounter8,drift,seed1,254,47260.969696969696
hpmcounter8,drift,seed1,255,46762.066666666666
hpmcounter8,drift,seed1,256,46481.82424242424
hpmcounter8,drift,seed1,257,46482.587878787876
hpmcounter8,drift,seed1,258,46485.448484848486
hpmcounter8,drift,seed1,259,46489.878787878784
hpmcounter8,drift,seed1,260,46495.17575757576
hpmcounter8,drift,seed1,261,46499.30303030303
hpmcounter8,drift,seed1,262,46504.77575757576
hpmcounter8,drift,seed1,263,46507.93939393939
hpmcounter8,drift,seed1,264,46508.121212121216
hpmcounter8,drift,seed1,265,46505.10303030303
hpmcounter8,drift,seed1,266,46792.29696969697
hpmcounter8,drift,seed1,267,47297.25454545455
hpmcounter8,drift,seed1,268,47954.99393939394
hpmcounter8,drift,seed1,269,48708.8
hpmcounter8,drift,seed1,270,49492.61212121212
hpmcounter8,drift,seed1,271,50237.2303030303
hpmcounter8,drift,seed1,272,50888.606060606064
hpmcounter8,drift,seed1,273,51381.46060606061
hpmcounter8,drift,seed1,274,51366.35151515152
hpmcounter8,drift,seed1,275,50844.030303030304
hpmcounter8,drift,seed1,276,50169.93939393939
hpmcounter8,drift,seed1,277,49413.181818181816
hpmcounter8,drift,seed1,278,48629.91515151515
hpmcounter8,drift,seed1,279,47882.95757575757
hpmcounter8,drift,seed1,280,47228.90303030303
hpmcounter8,drift,seed1,281,46740.969696969696
hpmcounter8,drift,seed1,282,46472.36363636364
hpmcounter8,drift,seed1,283,46490.98787878788
hpmcounter8,drift,seed1,284,46502.8
hpmcounter8,drift,seed1,285,46503.94545454546
hpmcounter8,drift,seed1,286,46497.27272727273
hpmcounter8,drift,seed1,287,46492.854545454546
hpmcounter8,drift,seed1,288,46487.2303030303
hpmcounter8,drift,seed1,289,46486.06060606061
hpmcounter8,drift,seed1,290,46478.260606060605
hpmcounter8,drift,seed1,291,46480.666666666664
hpmcounter8,drift,seed1,292,46483.333333333336
hpmcounter8,drift,seed1,293,46494.375757575755
hpmcounter8,drift,seed1,294,46504.84848484849
hpmcounter8,drift,seed1,295,46505.73333333333
hpmcounter8,drift,seed1,296,46503.07878787879
hpmcounter8,drift,seed1,297,46495.08484848485
hpmcounter8,drift,seed1,298,46491.7696969697
hpmcounter8,drift,seed10,9,46488.78787878788
hpmcounter8,drift,seed10,10,46485.315151515155
hpmcounter8,drift,seed10,11,46483.763636363634
hpmcounter8,drift,seed10,12,46487.0
hpmcounter8,drift,seed10,13,46487.53939393939
hpmcounter8,drift,seed10,14,46490.739393939395
hpmcounter8,drift,seed10,15,46490.7696969697
hpmcounter8,drift,seed10,16,46496.53939393939
hpmcounter8,drift,seed10,17,46499.412121212124
hpmcounter8,drift,seed10,18,46501.61212121212
hpmcounter8,drift,seed10,19,46505.30303030303
hpmcounter8,drift,seed10,20,46506.551515151514
hpmcounter8,drift,seed10,21,46504.58181818182
hpmcounter8,drift,seed10,22,46501.63636363636
hpmcounter8,drift,seed10,23,46495.99393939394
hpmcounter8,drift,seed10,24,46491.72727272727
hpmcounter8,drift,seed10,25,46482.38181818182
hpmcounter8,drift,seed10,26,46468.42424242424
hpmcounter8,drift,seed10,27,46458.0
hpmcounter8,drift,seed10,28,46444.56363636364
hpmcounter8,drift,seed10,29,46442.509090909094
hpmcounter8,drift,seed10,30,46447.69090909091
hpmcounter8,drift,seed10,31,46453.684848484845
hpmcounter8,drift,seed10,32,46457.33939393939
hpmcounter8,drift,seed10,33,46461.44242424242
hpmcounter8,drift,seed10,34,46466.01818181818
hpmcounter8,drift,seed10,35,46468.048484848485
hpmcounter8,drift,seed10,36,46460.46666666667
hpmcounter8,drift,seed10,37,46456.242424242424
hpmcounter8,drift,seed10,38,46446.15757575758
hpmcounter8,drift,seed10,39,46440.8303030303
hpmcounter8,drift,seed10,40,46444.98181818182
hpmcounter8,drift,seed10,41,46456.90303030303
hpmcounter8,drift,seed10,42,46466.51515151515
hpmcounter8,drift,seed10,43,46476.19393939394
hpmcounter8,drift,seed10,44,46481.393939393936
hpmcounter8,drift,seed10,45,46482.38787878788
hpmcounter8,drift,seed10,46,46480.624242424245
hpmcounter8,drift,seed10,47,46484.22424242424
hpmcounter8,drift,seed10,48,46489.490909090906
hpmcounter8,drift,seed10,49,46489.975757575754
hpmcounter8,drift,seed10,50,46491.42424242424
hpmcounter8,drift,seed10,51,46501.74545454545
hpmcounter8,drift,seed10,52,46506.90303030303
hpmcounter8,drift,seed10,53,46513.75151515152
hpmcounter8,drift,seed10,54,46514.024242424246
hpmcounter8,drift,seed10,55,46512.527272727275
hpmcounter8,drift,seed10,56,46511.79393939394
hpmcounter8,drift,seed10,57,46515.181818181816
hpmcounter8,drift,seed10,58,46522.09090909091
hpmcounter8,drift,seed10,59,46524.35151515152
hpmcounter8,drift,seed10,60,46521.34545454545
hpmcounter8,drift,seed10,61,46522.95757575757
hpmcounter8,drift,seed10,62,46519.32121212121
hpmcounter8,drift,seed10,63,46511.666666666664
hpmcounter8,drift,seed10,64,46507.666666666664
hpmcounter8,drift,seed10,65,46504.20606060606
hpmcounter8,drift,seed10,66,46497.684848484845
hpmcounter8,drift,seed10,67,46496.527272727275
hpmcounter8,drift,seed10,68,46498.2
hpmcounter8,drift,seed10,69,46502.72727272727
hpmcounter8,drift,seed10,70,46495.46666666667
hpmcounter8,drift,seed10,71,46489.38787878788
hpmcounter8,drift,seed10,72,46484.375757575755
hpmcounter8,drift,seed10,73,46473.98787878788
hpmcounter8,drift,seed10,74,46473.181818181816
hpmcounter8,drift,seed10,75,46472.878787878784
hpmcounter8,drift,seed10,76,46465.46060606061
hpmcounter8,drift,seed10,77,46459.969696969696
hpmcounter8,drift,seed10,78,46456.4
hpmcounter8,drift,seed10,79,46459.55757575758
hpmcounter8,drift,seed10,80,46459.61212121212
hpmcounter8,drift,seed10,81,46460.278787878786
hpmcounter8,drift,seed10,82,46463.430303030305
hpmcounter8,drift,seed10,83,46465.818181818184
hpmcounter8,drift,seed10,84,46472.07272727273
hpmcounter8,drift,seed10,85,46478.10909090909
hpmcounter8,drift,seed10,86,46479.32121212121
hpmcounter8,drift,seed10,87,46479.17575757576
hpmcounter8,drift,seed10,88,46477.527272727275
hpmcounter8,drift,seed10,89,46478.72727272727
hpmcounter8,drift,seed10,90,46481.836363636365
hpmcounter8,drift,seed10,91,46477.89090909091
hpmcounter8,drift,seed10,92,46474.89696969697
hpmcounter8,drift,seed10,93,46476.91515151515
hpmcounter8,drift,seed10,94,46483.81212121212
hpmcounter8,drift,seed10,95,46488.55757575758
hpmcounter8,drift,seed10,96,46488.84848484849
hpmcounter8,drift,seed10,97,46486.98181818182
hpmcounter8,drift,seed10,98,46487.29696969697
hpmcounter8,drift,seed10,99,46492.757575757576
hpmcounter8,drift,seed10,100,46496.218181818185
hpmcounter8,drift,seed10,101,46488.26666666667
hpmcounter8,drift,seed10,102,46481.30909090909
hpmcounter8,drift,seed10,103,46470.24848484848
hpmcounter8,drift,seed10,104,46472.20606060606
hpmcounter8,drift,seed10,105,46471.721212121214
hpmcounter8,drift,seed10,106,46465.933333333334
hpmcounter8,drift,seed10,107,46462.79393939394
hpmcounter8,drift,seed10,108,46462.70303030303
hpmcounter8,drift,seed10,109,46466.67272727273
hpmcounter8,drift,seed10,110,46471.10303030303
hpmcounter8,drift,seed10,111,46470.6
hpmcounter8,drift,seed10,112,46470.53333333333
hpmcounter8,drift,seed10,113,46465.509090909094
hpmcounter8,drift,seed10,114,46467.721212121214
hpmcounter8,drift,seed10,115,46470.2
hpmcounter8,drift,seed10,116,46467.34545454545
hpmcounter8,drift,seed10,117,46463.4
hpmcounter8,drift,seed10,118,46461.24848484848
hpmcounter8,drift,seed10,119,46460.472727272725
hpmcounter8,drift,seed10,120,46461.95757575757
hpmcounter8,drift,seed10,121,46457.03636363636
hpmcounter8,drift,seed10,122,46449.44242424242
hpmcounter8,drift,seed10,123,46443.40606060606
hpmcounter8,drift,seed10,124,46442.22424242424
hpmcounter8,drift,seed10,125,46441.1393939394
hpmcounter8,drift,seed10,126,46445.19393939394
hpmcounter8,drift,seed10,127,46448.46666666667
hpmcounter8,drift,seed10,128,46452.49696969697
hpmcounter8,drift,seed10,129,46456.763636363634
hpmcounter8,drift,seed10,130,46462.63636363636
hpmcounter8,drift,seed10,131,46466.13333333333
hpmcounter8,drift,seed10,132,46466.8303030303
hpmcounter8,drift,seed10,133,46470.412121212124
hpmcounter8,drift,seed10,134,46477.52121212121
hpmcounter8,drift,seed10,135,46476.15757575758
hpmcounter8,drift,seed10,136,46476.19393939394
hpmcounter8,drift,seed10,137,46477.25454545455
hpmcounter8,drift,seed10,138,46477.29696969697
hpmcounter8,drift,seed10,139,46473.66060606061
hpmcounter8,drift,seed10,140,46474.933333333334
hpmcounter8,drift,seed10,141,46471.29090909091
hpmcounter8,drift,seed10,142,46464.2
hpmcounter8,drift,seed10,143,46468.57575757576
hpmcounter8,drift,seed10,144,46469.357575757575
hpmcounter8,drift,seed10,145,46463.315151515155
hpmcounter8,drift,seed10,146,46455.36363636364
hpmcounter8,drift,seed10,147,46447.951515151515
hpmcounter8,drift,seed10,148,46443.67878787879
hpmcounter8,drift,seed10,149,46440.72727272727
hpmcounter8,drift,seed10,150,46451.854545454546
hpmcounter8,drift,seed10,151,46458.145454545454
hpmcounter8,drift,seed10,152,46466.06060606061
hpmcounter8,drift,seed10,153,46480.07272727273
hpmcounter8,drift,seed10,154,46487.393939393936
hpmcounter8,drift,seed10,155,46776.20606060606
hpmcounter8,drift,seed10,156,47281.74545454545
hpmcounter8,drift,seed10,157,47945.757575757576
hpmcounter8,drift,seed10,158,48417.969696969696
hpmcounter8,drift,seed10,159,48698.163636363635
hpmcounter8,drift,seed10,160,48793.06060606061
hpmcounter8,drift,seed10,161,48699.10909090909
hpmcounter8,drift,seed10,162,48420.61212121212
hpmcounter8,drift,seed10,163,47949.70303030303
hpmcounter8,drift,seed10,164,47291.10303030303
hpmcounter8,drift,seed10,165,46786.836363636365
hpmcounter8,drift,seed10,166,46503.739393939395
hpmcounter8,drift,seed10,167,46505.25454545455
hpmcounter8,drift,seed10,168,46506.98787878788
hpmcounter8,drift,seed10,169,46499.587878787876
hpmcounter8,drift,seed10,170,46490.06060606061
hpmcounter8,drift,seed10,171,46484.84848484849
hpmcounter8,drift,seed10,172,46765.606060606064
hpmcounter8,drift,seed10,173,47260.20606060606
hpmcounter8,drift,seed10,174,47913.84848484849
hpmcounter8,drift,seed10,175,48657.01818181818
hpmcounter8,drift,seed10,176,49437.430303030305
hpmcounter8,drift,seed10,177,50194.04242424243
hpmcounter8,drift,seed10,178,50578.92727272727
hpmcounter8,drift,seed10,179,50586.90303030303
hpmcounter8,drift,seed10,180,50215.412121212124
hpmcounter8,drift,seed10,181,49470.33939393939
hpmcounter8,drift,seed10,182,48695.92121212121
hpmcounter8,drift,seed10,183,47953.01212121212
hpmcounter8,drift,seed10,184,47292.98181818182
hpmcounter8,drift,seed10,185,46776.61212121212
hpmcounter8,drift,seed10,186,46485.4
hpmcounter8,drift,seed10,187,46480.278787878786
hpmcounter8,drift,seed10,188,46476.12727272727
hpmcounter8,drift,seed10,189,46481.066666666666
hpmcounter8,drift,seed10,190,46485.01212121212
hpmcounter8,drift,seed10,191,46491.412121212124
hpmcounter8,drift,seed10,192,46499.59393939394
hpmcounter8,drift,seed10,193,46509.393939393936
hpmcounter8,drift,seed10,194,46513.836363636365
hpmcounter8,drift,seed10,195,46507.05454545454
hpmcounter8,drift,seed10,196,46500.6
hpmcounter8,drift,seed10,197,46488.739393939395
hpmcounter8,drift,seed10,198,46484.81212121212
hpmcounter8,drift,seed10,199,46488.71515151515
hpmcounter8,drift,seed10,200,46492.32121212121
hpmcounter8,drift,seed10,201,46500.65454545455
hpmcounter8,drift,seed10,202,46511.21212121212
hpmcounter8,drift,seed10,203,46514.08484848485
hpmcounter8,drift,seed10,204,46793.77575757576
hpmcounter8,drift,seed10,205,47009.2303030303
hpmcounter8,drift,seed10,206,47156.06060606061
hpmcounter8,drift,seed10,207,47233.13333333333
hpmcounter8,drift,seed10,208,47253.72727272727
hpmcounter8,drift,seed10,209,47212.1696969697
hpmcounter8,drift,seed10,210,47112.8
hpmcounter8,drift,seed10,211,46956.145454545454
hpmcounter8,drift,seed10,212,46741.024242424246
hpmcounter8,drift,seed10,213,46468.7696969697
hpmcounter8,drift,seed10,214,46476.8303030303
hpmcounter8,drift,seed10,215,46484.218181818185
hpmcounter8,drift,seed10,216,46489.08484848485
hpmcounter8,drift,seed10,217,46492.40606060606
hpmcounter8,drift,seed10,218,46490.684848484845
hpmcounter8,drift,seed10,219,46479.67878787879
hpmcounter8,drift,seed10,220,46467.89696969697
hpmcounter8,drift,seed10,221,46456.181818181816
hpmcounter8,drift,seed10,222,46445.587878787876
hpmcounter8,drift,seed10,223,46443.10909090909
hpmcounter8,drift,seed10,224,46442.78787878788
hpmcounter8,drift,seed10,225,46445.65454545455
hpmcounter8,drift,seed10,226,46456.357575757575
hpmcounter8,drift,seed10,227,46469.84848484849
hpmcounter8,drift,seed10,228,46476.70303030303
hpmcounter8,drift,seed10,229,46480.472727272725
hpmcounter8,drift,seed10,230,46486.509090909094
hpmcounter8,drift,seed10,231,46492.95757575757
hpmcounter8,drift,seed10,232,46501.06060606061
hpmcounter8,drift,seed10,233,46506.10909090909
hpmcounter8,drift,seed10,234,46507.06060606061
hpmcounter8,drift,seed10,235,46504.666666666664
hpmcounter8,drift,seed10,236,46502.51515151515
hpmcounter8,drift,seed10,237,46492.121212121216
hpmcounter8,drift,seed10,238,46479.67272727273
hpmcounter8,drift,seed10,239,46461.624242424245
hpmcounter8,drift,seed10,240,46449.24848484848
hpmcounter8,drift,seed10,241,46435.684848484845
hpmcounter8,drift,seed10,242,46423.606060606064
hpmcounter8,drift,seed10,243,46410.71515151515
hpmcounter8,drift,seed10,244,46409.57575757576
hpmcounter8,drift,seed10,245,46418.066666666666
hpmcounter8,drift,seed10,246,46427.684848484845
hpmcounter8,drift,seed10,247,46432.2
hpmcounter8,drift,seed10,248,46437.95757575757
hpmcounter8,drift,seed10,249,46442.24848484848
hpmcounter8,drift,seed10,250,46443.412121212124
hpmcounter8,drift,seed10,251,46445.01818181818
hpmcounter8,drift,seed10,252,46442.12727272727
hpmcounter8,drift,seed10,253,46438.51515151515
hpmcounter8,drift,seed10,254,46440.32727272727
hpmcounter8,drift,seed10,255,46455.163636363635
hpmcounter8,drift,seed10,256,46470.7696969697
hpmcounter8,drift,seed10,257,46487.0
hpmcounter8,drift,seed10,258,46503.06060606061
hpmcounter8,drift,seed10,259,46516.587878787876
hpmcounter8,drift,seed10,260,46520.315151515155
hpmcounter8,drift,seed10,261,46522.066666666666
hpmcounter8,drift,seed10,262,46516.236363636366
hpmcounter8,drift,seed10,263,46515.315151515155
hpmcounter8,drift,seed10,264,46511.56363636364
hpmcounter8,drift,seed10,265,46509.41818181818
hpmcounter8,drift,seed10,266,46507.53333333333
hpmcounter8,drift,seed10,267,46506.90303030303
hpmcounter8,drift,seed10,268,46512.551515151514
hpmcounter8,drift,seed10,269,46520.27272727273
hpmcounter8,drift,seed10,270,46523.17575757576
hpmcounter8,drift,seed10,271,46523.6303030303
hpmcounter8,drift,seed10,272,46518.969696969696
hpmcounter8,drift,seed10,273,46515.38787878788
hpmcounter8,drift,seed10,274,46515.75151515152
hpmcounter8,drift,seed10,275,46511.71515151515
hpmcounter8,drift,seed10,276,46505.00606060606
hpmcounter8,drift,seed10,277,46495.545454545456
hpmcounter8,drift,seed10,278,46491.04242424243
hpmcounter8,drift,seed10,279,46493.624242424245
hpmcounter8,drift,seed10,280,46491.75151515152
hpmcounter8,drift,seed10,281,46485.47878787879
hpmcounter8,drift,seed10,282,46477.69696969697
hpmcounter8,drift,seed10,283,46473.21212121212
hpmcounter8,drift,seed10,284,46480.44242424242
hpmcounter8,drift,seed10,285,46485.21212121212
hpmcounter8,drift,seed10,286,46489.024242424246
hpmcounter8,drift,seed10,287,46483.64848484848
hpmcounter8,drift,seed10,288,46478.18787878788
hpmcounter8,drift,seed10,289,46480.90303030303
hpmcounter8,drift,seed10,290,46477.030303030304
hpmcounter8,drift,seed10,291,46473.87272727273
hpmcounter8,drift,seed10,292,46467.8303030303
hpmcounter8,drift,seed10,293,46465.13333333333
hpmcounter8,drift,seed10,294,46472.393939393936
hpmcounter8,drift,seed10,295,46477.61818181818
hpmcounter8,drift,seed10,296,46490.393939393936
hpmcounter8,drift,seed10,297,46499.551515151514
hpmcounter8,drift,seed10,298,46495.67878787879
hpmcounter8,drift,seed11,9,46502.13333333333
hpmcounter8,drift,seed11,10,46502.40606060606
hpmcounter8,drift,seed11,11,46501.6303030303
hpmcounter8,drift,seed11,12,46500.81212121212
hpmcounter8,drift,seed11,13,46488.545454545456
hpmcounter8,drift,seed11,14,46486.58181818182
hpmcounter8,drift,seed11,15,46484.80606060606
hpmcounter8,drift,seed11,16,46487.49696969697
hpmcounter8,drift,seed11,17,46487.84242424242
hpmcounter8,drift,seed11,18,46489.21212121212
hpmcounter8,drift,seed11,19,46495.4
hpmcounter8,drift,seed11,20,46500.03636363636
hpmcounter8,drift,seed11,21,46502.29696969697
hpmcounter8,drift,seed11,22,46505.763636363634
hpmcounter8,drift,seed11,23,46504.527272727275
hpmcounter8,drift,seed11,24,46508.38787878788
hpmcounter8,drift,seed11,25,46504.878787878784
hpmcounter8,drift,seed11,26,46494.315151515155
hpmcounter8,drift,seed11,27,46484.624242424245
hpmcounter8,drift,seed11,28,46470.92727272727
hpmcounter8,drift,seed11,29,46467.30909090909
hpmcounter8,drift,seed11,30,46472.61818181818
hpmcounter8,drift,seed11,31,46477.2
hpmcounter8,drift,seed11,32,46478.46060606061
hpmcounter8,drift,seed11,33,46486.38787878788
hpmcounter8,drift,seed11,34,46492.35151515152
hpmcounter8,drift,seed11,35,46494.2
hpmcounter8,drift,seed11,36,46484.82424242424
hpmcounter8,drift,seed11,37,46478.66060606061
hpmcounter8,drift,seed11,38,46469.38787878788
hpmcounter8,drift,seed11,39,46464.030303030304
hpmcounter8,drift,seed11,40,46469.27272727273
hpmcounter8,drift,seed11,41,46479.43636363636
hpmcounter8,drift,seed11,42,46488.66060606061
hpmcounter8,drift,seed11,43,46498.951515151515
hpmcounter8,drift,seed11,44,46505.01818181818
hpmcounter8,drift,seed11,45,46505.1393939394
hpmcounter8,drift,seed11,46,46498.89696969697
hpmcounter8,drift,seed11,47,46498.72727272727
hpmcounter8,drift,seed11,48,46499.98181818182
hpmcounter8,drift,seed11,49,46501.00606060606
hpmcounter8,drift,seed11,50,46503.63636363636
hpmcounter8,drift,seed11,51,46514.65454545455
hpmcounter8,drift,seed11,52,46524.89696969697
hpmcounter8,drift,seed11,53,46530.79393939394
hpmcounter8,drift,seed11,54,46531.50303030303
hpmcounter8,drift,seed11,55,46805.70303030303
hpmcounter8,drift,seed11,56,47297.42424242424
hpmcounter8,drift,seed11,57,47949.53333333333
hpmcounter8,drift,seed11,58,48697.00606060606
hpmcounter8,drift,seed11,59,49479.024242424246
hpmcounter8,drift,seed11,60,50232.551515151514
hpmcounter8,drift,seed11,61,50892.07272727273
hpmcounter8,drift,seed11,62,51396.315151515155
hpmcounter8,drift,seed11,63,51679.30909090909
hpmcounter8,drift,seed11,64,51675.90909090909
hpmcounter8,drift,seed11,65,51393.70909090909
hpmcounter8,drift,seed11,66,50892.01212121212
hpmcounter8,drift,seed11,67,50238.527272727275
hpmcounter8,drift,seed11,68,49494.6
hpmcounter8,drift,seed11,69,48720.448484848486
hpmcounter8,drift,seed11,70,47982.975757575754
hpmcounter8,drift,seed11,71,47328.08484848485
hpmcounter8,drift,seed11,72,46825.08484848485
hpmcounter8,drift,seed11,73,46544.4
hpmcounter8,drift,seed11,74,46530.3696969697
hpmcounter8,drift,seed11,75,46514.448484848486
hpmcounter8,drift,seed11,76,46496.56363636364
hpmcounter8,drift,seed11,77,46475.46666666667
hpmcounter8,drift,seed11,78,46464.30909090909
hpmcounter8,drift,seed11,79,46453.642424242425
hpmcounter8,drift,seed11,80,46457.181818181816
hpmcounter8,drift,seed11,81,46462.84848484849
hpmcounter8,drift,seed11,82,46461.218181818185
hpmcounter8,drift,seed11,83,46470.27272727273
hpmcounter8,drift,seed11,84,46476.8303030303
hpmcounter8,drift,seed11,85,46479.7696969697
hpmcounter8,drift,seed11,86,46481.96363636364
hpmcounter8,drift,seed11,87,46481.242424242424
hpmcounter8,drift,seed11,88,46485.624242424245
hpmcounter8,drift,seed11,89,46488.09696969697
hpmcounter8,drift,seed11,90,46500.13333333333
hpmcounter8,drift,seed11,91,46508.10909090909
hpmcounter8,drift,seed11,92,46505.95757575757
hpmcounter8,drift,seed11,93,46496.11515151515
hpmcounter8,drift,seed11,94,46490.25454545455
hpmcounter8,drift,seed11,95,46484.67272727273
hpmcounter8,drift,seed11,96,46474.04242424243
hpmcounter8,drift,seed11,97,46468.33939393939
hpmcounter8,drift,seed11,98,46467.48484848485
hpmcounter8,drift,seed11,99,46472.74545454545
hpmcounter8,drift,seed11,100,46487.878787878784
hpmcounter8,drift,seed11,101,46501.46666666667
hpmcounter8,drift,seed11,102,46510.18787878788
hpmcounter8,drift,seed11,103,46789.642424242425
hpmcounter8,drift,seed11,104,47290.43636363636
hpmcounter8,drift,seed11,105,47668.71515151515
hpmcounter8,drift,seed11,106,47917.666666666664
hpmcounter8,drift,seed11,107,48040.624242424245
hpmcounter8,drift,seed11,108,48034.375757575755
hpmcounter8,drift,seed11,109,47905.22424242424
hpmcounter8,drift,seed11,110,47654.6303030303
hpmcounter8,drift,seed11,111,47278.024242424246
hpmcounter8,drift,seed11,112,46775.52121212121
hpmcounter8,drift,seed11,113,46487.03636363636
hpmcounter8,drift,seed11,114,46482.55757575758
hpmcounter8,drift,seed11,115,46483.763636363634
hpmcounter8,drift,seed11,116,46486.781818181815
hpmcounter8,drift,seed11,117,46491.333333333336
hpmcounter8,drift,seed11,118,46495.15151515151
hpmcounter8,drift,seed11,119,46498.64848484848
hpmcounter8,drift,seed11,120,46496.67272727273
hpmcounter8,drift,seed11,121,46489.975757575754
hpmcounter8,drift,seed11,122,46482.242424242424
hpmcounter8,drift,seed11,123,46475.75151515152
hpmcounter8,drift,seed11,124,46467.84848484849
hpmcounter8,drift,seed11,125,46459.63636363636
hpmcounter8,drift,seed11,126,46455.0
hpmcounter8,drift,seed11,127,46451.10303030303
hpmcounter8,drift,seed11,128,46452.509090909094
hpmcounter8,drift,seed11,129,46461.32727272727
hpmcounter8,drift,seed11,130,46467.92121212121
hpmcounter8,drift,seed11,131,46477.757575757576
hpmcounter8,drift,seed11,132,46483.569696969695
hpmcounter8,drift,seed11,133,46497.951515151515
hpmcounter8,drift,seed11,134,46513.20606060606
hpmcounter8,drift,seed11,135,46514.951515151515
hpmcounter8,drift,seed11,136,46513.09090909091
hpmcounter8,drift,seed11,137,46504.25454545455
hpmcounter8,drift,seed11,138,46493.73333333333
hpmcounter8,drift,seed11,139,46483.509090909094
hpmcounter8,drift,seed11,140,46475.1696969697
hpmcounter8,drift,seed11,141,46471.22424242424
hpmcounter8,drift,seed11,142,46464.90303030303
hpmcounter8,drift,seed11,143,46469.70909090909
hpmcounter8,drift,seed11,144,46482.0
hpmcounter8,drift,seed11,145,46487.17575757576
hpmcounter8,drift,seed11,146,46487.96363636364
hpmcounter8,drift,seed11,147,46487.684848484845
hpmcounter8,drift,seed11,148,46487.61818181818
hpmcounter8,drift,seed11,149,46482.393939393936
hpmcounter8,drift,seed11,150,46474.2303030303
hpmcounter8,drift,seed11,151,46471.30909090909
hpmcounter8,drift,seed11,152,46462.99393939394
hpmcounter8,drift,seed11,153,46459.666666666664
hpmcounter8,drift,seed11,154,46459.22424242424
hpmcounter8,drift,seed11,155,46458.448484848486
hpmcounter8,drift,seed11,156,46462.13333333333
hpmcounter8,drift,seed11,157,46470.01212121212
hpmcounter8,drift,seed11,158,46477.22424242424
hpmcounter8,drift,seed11,159,46486.121212121216
hpmcounter8,drift,seed11,160,46492.490909090906
hpmcounter8,drift,seed11,161,46496.65454545455
hpmcounter8,drift,seed11,162,46495.15757575758
hpmcounter8,drift,seed11,163,46496.05454545454
hpmcounter8,drift,seed11,164,46493.20606060606
hpmcounter8,drift,seed11,165,46484.48484848485
hpmcounter8,drift,seed11,166,46764.8
hpmcounter8,drift,seed11,167,47265.10303030303
hpmcounter8,drift,seed11,168,47918.969696969696
hpmcounter8,drift,seed11,169,48672.96363636364
hpmcounter8,drift,seed11,170,49459.854545454546
hpmcounter8,drift,seed11,171,50213.38181818182
hpmcounter8,drift,seed11,172,50866.763636363634
hpmcounter8,drift,seed11,173,51375.06060606061
hpmcounter8,drift,seed11,174,51664.69696969697
hpmcounter8,drift,seed11,175,51667.63636363636
hpmcounter8,drift,seed11,176,51389.218181818185
hpmcounter8,drift,seed11,177,51170.375757575755
hpmcounter8,drift,seed11,178,50736.763636363634
hpmcounter8,drift,seed11,179,50146.43636363636
hpmcounter8,drift,seed11,180,49452.84848484849
hpmcounter8,drift,seed11,181,48727.739393939395
hpmcounter8,drift,seed11,182,48031.121212121216
hpmcounter8,drift,seed11,183,47434.29696969697
hpmcounter8,drift,seed11,184,46995.551515151514
hpmcounter8,drift,seed11,185,46769.642424242425
hpmcounter8,drift,seed11,186,46482.95757575757
hpmcounter8,drift,seed11,187,46477.09696969697
hpmcounter8,drift,seed11,188,46481.36363636364
hpmcounter8,drift,seed11,189,46492.34545454545
hpmcounter8,drift,seed11,190,46496.28484848485
hpmcounter8,drift,seed11,191,46494.53939393939
hpmcounter8,drift,seed11,192,46497.8606060606
hpmcounter8,drift,seed11,193,46504.46060606061
hpmcounter8,drift,seed11,194,46504.3696969697
hpmcounter8,drift,seed11,195,46499.242424242424
hpmcounter8,drift,seed11,196,46496.90303030303
hpmcounter8,drift,seed11,197,46490.412121212124
hpmcounter8,drift,seed11,198,46480.854545454546
hpmcounter8,drift,seed11,199,46477.72727272727
hpmcounter8,drift,seed11,200,46469.721212121214
hpmcounter8,drift,seed11,201,46458.818181818184
hpmcounter8,drift,seed11,202,46455.32121212121
hpmcounter8,drift,seed11,203,46459.55757575758
hpmcounter8,drift,seed11,204,46745.121212121216
hpmcounter8,drift,seed11,205,47247.8303030303
hpmcounter8,drift,seed11,206,47912.33939393939
hpmcounter8,drift,seed11,207,48670.24848484848
hpmcounter8,drift,seed11,208,49462.70909090909
hpmcounter8,drift,seed11,209,49932.77575757576
hpmcounter8,drift,seed11,210,50083.15151515151
hpmcounter8,drift,seed11,211,49921.53939393939
hpmcounter8,drift,seed11,212,49446.818181818184
hpmcounter8,drift,seed11,213,48664.46666666667
hpmcounter8,drift,seed11,214,47917.2
hpmcounter8,drift,seed11,215,47261.77575757576
hpmcounter8,drift,seed11,216,46756.93939393939
hpmcounter8,drift,seed11,217,46466.454545454544
hpmcounter8,drift,seed11,218,46468.242424242424
hpmcounter8,drift,seed11,219,46462.80606060606
hpmcounter8,drift,seed11,220,46458.75151515152
hpmcounter8,drift,seed11,221,46460.96363636364
hpmcounter8,drift,seed11,222,46465.19393939394
hpmcounter8,drift,seed11,223,46470.21212121212
hpmcounter8,drift,seed11,224,46471.86666666667
hpmcounter8,drift,seed11,225,46479.94545454546
hpmcounter8,drift,seed11,226,46486.28484848485
hpmcounter8,drift,seed11,227,46481.666666666664
hpmcounter8,drift,seed11,228,46479.99393939394
hpmcounter8,drift,seed11,229,46479.836363636365
hpmcounter8,drift,seed11,230,46478.30303030303
hpmcounter8,drift,seed11,231,46480.09696969697
hpmcounter8,drift,seed11,232,46484.91515151515
hpmcounter8,drift,seed11,233,46488.66060606061
hpmcounter8,drift,seed11,234,46487.24848484848
hpmcounter8,drift,seed11,235,46489.472727272725
hpmcounter8,drift,seed11,236,46492.69696969697
hpmcounter8,drift,seed11,237,46492.50303030303
hpmcounter8,drift,seed11,238,46495.40606060606
hpmcounter8,drift,seed11,239,46501.8606060606
hpmcounter8,drift,seed11,240,46496.836363636365
hpmcounter8,drift,seed11,241,46493.975757575754
hpmcounter8,drift,seed11,242,46485.59393939394
hpmcounter8,drift,seed11,243,46477.8303030303
hpmcounter8,drift,seed11,244,46468.18787878788
hpmcounter8,drift,seed11,245,46463.92727272727
hpmcounter8,drift,seed11,246,46460.04242424243
hpmcounter8,drift,seed11,247,46456.34545454545
hpmcounter8,drift,seed11,248,46459.375757575755
hpmcounter8,drift,seed11,249,46463.412121212124
hpmcounter8,drift,seed11,250,46469.21212121212
hpmcounter8,drift,seed11,251,46478.19393939394
hpmcounter8,drift,seed11,252,46484.65454545455
hpmcounter8,drift,seed11,253,46485.8606060606
hpmcounter8,drift,seed11,254,46483.88484848485
hpmcounter8,drift,seed11,255,46483.05454545454
hpmcounter8,drift,seed11,256,46487.24848484848
hpmcounter8,drift,seed11,257,46483.3696969697
hpmcounter8,drift,seed11,258,46478.739393939395
hpmcounter8,drift,seed11,259,46470.98787878788
hpmcounter8,drift,seed11,260,46474.315151515155
hpmcounter8,drift,seed11,261,46478.8303030303
hpmcounter8,drift,seed11,262,46486.666666666664
hpmcounter8,drift,seed11,263,46485.20606060606
hpmcounter8,drift,seed11,264,46479.96363636364
hpmcounter8,drift,seed11,265,46473.43636363636
hpmcounter8,drift,seed11,266,46469.527272727275
hpmcounter8,drift,seed11,267,46463.57575757576
hpmcounter8,drift,seed11,268,46743.40606060606
hpmcounter8,drift,seed11,269,46962.969696969696
hpmcounter8,drift,seed11,270,47120.67878787879
hpmcounter8,drift,seed11,271,47496.721212121214
hpmcounter8,drift,seed11,272,47751.739393939395
hpmcounter8,drift,seed11,273,47879.11515151515
hpmcounter8,drift,seed11,274,47877.11515151515
hpmcounter8,drift,seed11,275,47749.606060606064
hpmcounter8,drift,seed11,276,47491.87272727273
hpmcounter8,drift,seed11,277,47108.80606060606
hpmcounter8,drift,seed11,278,46947.454545454544
hpmcounter8,drift,seed11,279,46723.95757575757
hpmcounter8,drift,seed11,280,46435.52121212121
hpmcounter8,drift,seed11,281,46430.41818181818
hpmcounter8,drift,seed11,282,46431.30303030303
hpmcounter8,drift,seed11,283,46446.07272727273
hpmcounter8,drift,seed11,284,46455.08484848485
hpmcounter8,drift,seed11,285,46467.32121212121
hpmcounter8,drift,seed11,286,46478.51515151515
hpmcounter8,drift,seed11,287,46490.763636363634
hpmcounter8,drift,seed11,288,46503.69696969697
hpmcounter8,drift,seed11,289,46508.757575757576
hpmcounter8,drift,seed11,290,46511.53333333333
hpmcounter8,drift,seed11,291,46507.26666666667
hpmcounter8,drift,seed11,292,46501.88484848485
hpmcounter8,drift,seed11,293,46507.490909090906
hpmcounter8,drift,seed11,294,46501.03636363636
hpmcounter8,drift,seed11,295,46493.41818181818
hpmcounter8,drift,seed11,296,46486.63636363636
hpmcounter8,drift,seed11,297,46474.67272727273
hpmcounter8,drift,seed11,298,46472.393939393936
hpmcounter8,drift,seed12,9,46522.59393939394
hpmcounter8,drift,seed12,10,46512.3696969697
hpmcounter8,drift,seed12,11,46501.587878787876
hpmcounter8,drift,seed12,12,46495.430303030305
hpmcounter8,drift,seed12,13,46485.25454545455
hpmcounter8,drift,seed12,14,46478.07878787879
hpmcounter8,drift,seed12,15,46474.163636363635
hpmcounter8,drift,seed12,16,46473.181818181816
hpmcounter8,drift,seed12,17,46474.43636363636
hpmcounter8,drift,seed12,18,46474.65454545455
hpmcounter8,drift,seed12,19,46479.569696969695
hpmcounter8,drift,seed12,20,46480.3696969697
hpmcounter8,drift,seed12,21,46481.75151515152
hpmcounter8,drift,seed12,22,46484.50303030303
hpmcounter8,drift,seed12,23,46484.11515151515
hpmcounter8,drift,seed12,24,46486.448484848486
hpmcounter8,drift,seed12,25,46481.42424242424
hpmcounter8,drift,seed12,26,46472.278787878786
hpmcounter8,drift,seed12,27,46466.52121212121
hpmcounter8,drift,seed12,28,46457.05454545454
hpmcounter8,drift,seed12,29,46455.412121212124
hpmcounter8,drift,seed12,30,46463.48484848485
hpmcounter8,drift,seed12,31,46470.17575757576
hpmcounter8,drift,seed12,32,46470.242424242424
hpmcounter8,drift,seed12,33,46761.88484848485
hpmcounter8,drift,seed12,34,46991.29090909091
hpmcounter8,drift,seed12,35,47440.36363636364
hpmcounter8,drift,seed12,36,48037.93939393939
hpmcounter8,drift,seed12,37,48445.10303030303
hpmcounter8,drift,seed12,38,48660.121212121216
hpmcounter8,drift,seed12,39,48684.74545454545
hpmcounter8,drift,seed12,40,48816.236363636366
hpmcounter8,drift,seed12,41,48975.27272727273
hpmcounter8,drift,seed12,42,49092.66060606061
hpmcounter8,drift,seed12,43,49187.2
hpmcounter8,drift,seed12,44,48973.09696969697
hpmcounter8,drift,seed12,45,49071.82424242424
hpmcounter8,drift,seed12,46,49480.375757575755
hpmcounter8,drift,seed12,47,49855.92121212121
hpmcounter8,drift,seed12,48,49857.1696969697
hpmcounter8,drift,seed12,49,49475.41818181818
hpmcounter8,drift,seed12,50,49065.10909090909
hpmcounter8,drift,seed12,51,48968.33939393939
hpmcounter8,drift,seed12,52,49186.33939393939
hpmcounter8,drift,seed12,53,49371.50303030303
hpmcounter8,drift,seed12,54,49185.545454545456
hpmcounter8,drift,seed12,55,48967.11515151515
hpmcounter8,drift,seed12,56,48776.163636363635
hpmcounter8,drift,seed12,57,48686.48484848485
hpmcounter8,drift,seed12,58,48410.13333333333
hpmcounter8,drift,seed12,59,47947.05454545454
hpmcounter8,drift,seed12,60,47292.73333333333
hpmcounter8,drift,seed12,61,46793.260606060605
hpmcounter8,drift,seed12,62,46512.52121212121
hpmcounter8,drift,seed12,63,46510.77575757576
hpmcounter8,drift,seed12,64,46501.763636363634
hpmcounter8,drift,seed12,65,46494.236363636366
hpmcounter8,drift,seed12,66,46486.454545454544
hpmcounter8,drift,seed12,67,46480.3696969697
hpmcounter8,drift,seed12,68,46469.94545454546
hpmcounter8,drift,seed12,69,46461.666666666664
hpmcounter8,drift,seed12,70,46458.82424242424
hpmcounter8,drift,seed12,71,46463.781818181815
hpmcounter8,drift,seed12,72,46466.50303030303
hpmcounter8,drift,seed12,73,46474.163636363635
hpmcounter8,drift,seed12,74,46475.91515151515
hpmcounter8,drift,seed12,75,46480.6
hpmcounter8,drift,seed12,76,46494.430303030305
hpmcounter8,drift,seed12,77,46508.854545454546
hpmcounter8,drift,seed12,78,46507.04242424243
hpmcounter8,drift,seed12,79,46498.33939393939
hpmcounter8,drift,seed12,80,46485.13333333333
hpmcounter8,drift,seed12,81,46478.242424242424
hpmcounter8,drift,seed12,82,46467.96363636364
hpmcounter8,drift,seed12,83,46459.43636363636
hpmcounter8,drift,seed12,84,46450.430303030305
hpmcounter8,drift,seed12,85,46441.15757575758
hpmcounter8,drift,seed12,86,46436.30303030303
hpmcounter8,drift,seed12,87,46442.78787878788
hpmcounter8,drift,seed12,88,46442.145454545454
hpmcounter8,drift,seed12,89,46445.024242424246
hpmcounter8,drift,seed12,90,46450.569696969695
hpmcounter8,drift,seed12,91,46462.92727272727
hpmcounter8,drift,seed12,92,46478.15757575758
hpmcounter8,drift,seed12,93,46494.99393939394
hpmcounter8,drift,seed12,94,46516.04242424243
hpmcounter8,drift,seed12,95,46530.78787878788
hpmcounter8,drift,seed12,96,46536.51515151515
hpmcounter8,drift,seed12,97,46544.40606060606
hpmcounter8,drift,seed12,98,46541.666666666664
hpmcounter8,drift,seed12,99,46529.0
hpmcounter8,drift,seed12,100,46517.10303030303
hpmcounter8,drift,seed12,101,46505.00606060606
hpmcounter8,drift,seed12,102,46494.77575757576
hpmcounter8,drift,seed12,103,46489.18787878788
hpmcounter8,drift,seed12,104,46488.96363636364
hpmcounter8,drift,seed12,105,46487.260606060605
hpmcounter8,drift,seed12,106,46487.53939393939
hpmcounter8,drift,seed12,107,46502.242424242424
hpmcounter8,drift,seed12,108,46510.18787878788
hpmcounter8,drift,seed12,109,46511.46666666667
hpmcounter8,drift,seed12,110,46509.763636363634
hpmcounter8,drift,seed12,111,46508.35151515152
hpmcounter8,drift,seed12,112,46500.472727272725
hpmcounter8,drift,seed12,113,46497.181818181816
hpmcounter8,drift,seed12,114,46491.92121212121
hpmcounter8,drift,seed12,115,46484.61212121212
hpmcounter8,drift,seed12,116,46475.53333333333
hpmcounter8,drift,seed12,117,46471.48484848485
hpmcounter8,drift,seed12,118,46471.545454545456
hpmcounter8,drift,seed12,119,46469.52121212121
hpmcounter8,drift,seed12,120,46466.07878787879
hpmcounter8,drift,seed12,121,46463.69696969697
hpmcounter8,drift,seed12,122,46456.472727272725
hpmcounter8,drift,seed12,123,46453.67272727273
hpmcounter8,drift,seed12,124,46451.71515151515
hpmcounter8,drift,seed12,125,46456.260606060605
hpmcounter8,drift,seed12,126,46455.52121212121
hpmcounter8,drift,seed12,127,46448.818181818184
hpmcounter8,drift,seed12,128,46451.72727272727
hpmcounter8,drift,seed12,129,46460.01212121212
hpmcounter8,drift,seed12,130,46470.30909090909
hpmcounter8,drift,seed12,131,46474.721212121214
hpmcounter8,drift,seed12,132,46484.412121212124
hpmcounter8,drift,seed12,133,46494.1393939394
hpmcounter8,drift,seed12,134,46496.757575757576
hpmcounter8,drift,seed12,135,46502.15757575758
hpmcounter8,drift,seed12,136,46504.78787878788
hpmcounter8,drift,seed12,137,46508.30909090909
hpmcounter8,drift,seed12,138,46508.93939393939
hpmcounter8,drift,seed12,139,46509.551515151514
hpmcounter8,drift,seed12,140,46507.278787878786
hpmcounter8,drift,seed12,141,46501.12727272727
hpmcounter8,drift,seed12,142,46498.15151515151
hpmcounter8,drift,seed12,143,46495.490909090906
hpmcounter8,drift,seed12,144,46483.739393939395
hpmcounter8,drift,seed12,145,46473.12727272727
hpmcounter8,drift,seed12,146,46467.47878787879
hpmcounter8,drift,seed12,147,46471.32727272727
hpmcounter8,drift,seed12,148,46476.412121212124
hpmcounter8,drift,seed12,149,46478.08484848485
hpmcounter8,drift,seed12,150,46474.06060606061
hpmcounter8,drift,seed12,151,46474.163636363635
hpmcounter8,drift,seed12,152,46469.642424242425
hpmcounter8,drift,seed12,153,46457.47878787879
hpmcounter8,drift,seed12,154,46447.77575757576
hpmcounter8,drift,seed12,155,46442.07272727273
hpmcounter8,drift,seed12,156,46447.527272727275
hpmcounter8,drift,seed12,157,46457.79393939394
hpmcounter8,drift,seed12,158,46470.666666666664
hpmcounter8,drift,seed12,159,46765.64848484848
hpmcounter8,drift,seed12,160,46992.8303030303
hpmcounter8,drift,seed12,161,47436.4
hpmcounter8,drift,seed12,162,48040.29696969697
hpmcounter8,drift,seed12,163,48722.41818181818
hpmcounter8,drift,seed12,164,49437.1393939394
hpmcounter8,drift,seed12,165,50123.61818181818
hpmcounter8,drift,seed12,166,50722.61818181818
hpmcounter8,drift,seed12,167,51167.27272727273
hpmcounter8,drift,seed12,168,51107.91515151515
hpmcounter8,drift,seed12,169,50889.43636363636
hpmcounter8,drift,seed12,170,50230.70303030303
hpmcounter8,drift,seed12,171,49468.66060606061
hpmcounter8,drift,seed12,172,48686.951515151515
hpmcounter8,drift,seed12,173,47924.551515151514
hpmcounter8,drift,seed12,174,47258.04242424243
hpmcounter8,drift,seed12,175,46757.08484848485
hpmcounter8,drift,seed12,176,46479.818181818184
hpmcounter8,drift,seed12,177,46491.030303030304
hpmcounter8,drift,seed12,178,46504.121212121216
hpmcounter8,drift,seed12,179,46511.739393939395
hpmcounter8,drift,seed12,180,46515.71515151515
hpmcounter8,drift,seed12,181,46510.58181818182
hpmcounter8,drift,seed12,182,46509.20606060606
hpmcounter8,drift,seed12,183,46502.4
hpmcounter8,drift,seed12,184,46493.29090909091
hpmcounter8,drift,seed12,185,46486.99393939394
hpmcounter8,drift,seed12,186,46477.878787878784
hpmcounter8,drift,seed12,187,46761.71515151515
hpmcounter8,drift,seed12,188,46987.1696969697
hpmcounter8,drift,seed12,189,47142.67272727273
hpmcounter8,drift,seed12,190,47228.53939393939
hpmcounter8,drift,seed12,191,47246.99393939394
hpmcounter8,drift,seed12,192,47210.01818181818
hpmcounter8,drift,seed12,193,47110.07878787879
hpmcounter8,drift,seed12,194,46948.53333333333
hpmcounter8,drift,seed12,195,46725.412121212124
hpmcounter8,drift,seed12,196,46439.92727272727
hpmcounter8,drift,seed12,197,46445.121212121216
hpmcounter8,drift,seed12,198,46455.3696969697
hpmcounter8,drift,seed12,199,46459.59393939394
hpmcounter8,drift,seed12,200,46464.82424242424
hpmcounter8,drift,seed12,201,46463.412121212124
hpmcounter8,drift,seed12,202,46474.28484848485
hpmcounter8,drift,seed12,203,46479.99393939394
hpmcounter8,drift,seed12,204,46484.46666666667
hpmcounter8,drift,seed12,205,46489.278787878786
hpmcounter8,drift,seed12,206,46491.684848484845
hpmcounter8,drift,seed12,207,46497.71515151515
hpmcounter8,drift,seed12,208,46495.00606060606
hpmcounter8,drift,seed12,209,46489.218181818185
hpmcounter8,drift,seed12,210,46483.969696969696
hpmcounter8,drift,seed12,211,46472.47878787879
hpmcounter8,drift,seed12,212,46466.92727272727
hpmcounter8,drift,seed12,213,46460.33939393939
hpmcounter8,drift,seed12,214,46462.79393939394
hpmcounter8,drift,seed12,215,46469.18787878788
hpmcounter8,drift,seed12,216,46471.33939393939
hpmcounter8,drift,seed12,217,46481.933333333334
hpmcounter8,drift,seed12,218,46486.61212121212
hpmcounter8,drift,seed12,219,46489.42424242424
hpmcounter8,drift,seed12,220,46492.49696969697
hpmcounter8,drift,seed12,221,46493.66060606061
hpmcounter8,drift,seed12,222,46496.09090909091
hpmcounter8,drift,seed12,223,46492.89090909091
hpmcounter8,drift,seed12,224,46781.18787878788
hpmcounter8,drift,seed12,225,47291.393939393936
hpmcounter8,drift,seed12,226,47953.218181818185
hpmcounter8,drift,seed12,227,48707.92727272727
hpmcounter8,drift,seed12,228,49491.88484848485
hpmcounter8,drift,seed12,229,50236.818181818184
hpmcounter8,drift,seed12,230,50893.30303030303
hpmcounter8,drift,seed12,231,51394.278787878786
hpmcounter8,drift,seed12,232,51678.1393939394
hpmcounter8,drift,seed12,233,51395.67878787879
hpmcounter8,drift,seed12,234,50894.91515151515
hpmcounter8,drift,seed12,235,50240.26666666667
hpmcounter8,drift,seed12,236,49492.763636363634
hpmcounter8,drift,seed12,237,48709.82424242424
hpmcounter8,drift,seed12,238,47952.49696969697
hpmcounter8,drift,seed12,239,47283.933333333334
hpmcounter8,drift,seed12,240,46774.70909090909
hpmcounter8,drift,seed12,241,46487.69090909091
hpmcounter8,drift,seed12,242,46481.67272727273
hpmcounter8,drift,seed12,243,46475.642424242425
hpmcounter8,drift,seed12,244,46470.82424242424
hpmcounter8,drift,seed12,245,46472.854545454546
hpmcounter8,drift,seed12,246,46481.42424242424
hpmcounter8,drift,seed12,247,46488.490909090906
hpmcounter8,drift,seed12,248,46493.1696969697
hpmcounter8,drift,seed12,249,46499.90303030303
hpmcounter8,drift,seed12,250,46502.412121212124
hpmcounter8,drift,seed12,251,46504.53939393939
hpmcounter8,drift,seed12,252,46500.854545454546
hpmcounter8,drift,seed12,253,46488.490909090906
hpmcounter8,drift,seed12,254,46478.7696969697
hpmcounter8,drift,seed12,255,46473.11515151515
hpmcounter8,drift,seed12,256,46468.32121212121
hpmcounter8,drift,seed12,257,46467.26666666667
hpmcounter8,drift,seed12,258,46469.8
hpmcounter8,drift,seed12,259,46479.3696969697
hpmcounter8,drift,seed12,260,46480.36363636364
hpmcounter8,drift,seed12,261,46478.0
hpmcounter8,drift,seed12,262,46471.29696969697
hpmcounter8,drift,seed12,263,46454.25454545455
hpmcounter8,drift,seed12,264,46441.75151515152
hpmcounter8,drift,seed12,265,46433.278787878786
hpmcounter8,drift,seed12,266,46426.91515151515
hpmcounter8,drift,seed12,267,46425.07272727273
hpmcounter8,drift,seed12,268,46427.933333333334
hpmcounter8,drift,seed12,269,46446.412121212124
hpmcounter8,drift,seed12,270,46470.763636363634
hpmcounter8,drift,seed12,271,46492.933333333334
hpmcounter8,drift,seed12,272,46503.91515151515
hpmcounter8,drift,seed12,273,46510.030303030304
hpmcounter8,drift,seed12,274,46511.52121212121
hpmcounter8,drift,seed12,275,46795.2
hpmcounter8,drift,seed12,276,47297.90909090909
hpmcounter8,drift,seed12,277,47949.90909090909
hpmcounter8,drift,seed12,278,48695.260606060605
hpmcounter8,drift,seed12,279,49476.69090909091
hpmcounter8,drift,seed12,280,49952.29696969697
hpmcounter8,drift,seed12,281,50119.07878787879
hpmcounter8,drift,seed12,282,49957.04242424243
hpmcounter8,drift,seed12,283,49484.333333333336
hpmcounter8,drift,seed12,284,48692.47878787879
hpmcounter8,drift,seed12,285,47932.08484848485
hpmcounter8,drift,seed12,286,47263.818181818184
hpmcounter8,drift,seed12,287,46743.30909090909
hpmcounter8,drift,seed12,288,46452.66060606061
hpmcounter8,drift,seed12,289,46446.454545454544
hpmcounter8,drift,seed12,290,46446.47878787879
hpmcounter8,drift,seed12,291,46456.25454545455
hpmcounter8,drift,seed12,292,46466.79393939394
hpmcounter8,drift,seed12,293,46476.8
hpmcounter8,drift,seed12,294,46485.12727272727
hpmcounter8,drift,seed12,295,46490.52121212121
hpmcounter8,drift,seed12,296,46491.46060606061
hpmcounter8,drift,seed12,297,46483.74545454545
hpmcounter8,drift,seed12,298,46476.69090909091
hpmcounter8,drift,seed13,9,46497.41818181818
hpmcounter8,drift,seed13,10,46494.15757575758
hpmcounter8,drift,seed13,11,46492.75151515152
hpmcounter8,drift,seed13,12,46496.28484848485
hpmcounter8,drift,seed13,13,46495.490909090906
hpmcounter8,drift,seed13,14,46501.07878787879
hpmcounter8,drift,seed13,15,46503.448484848486
hpmcounter8,drift,seed13,16,46504.684848484845
hpmcounter8,drift,seed13,17,46500.28484848485
hpmcounter8,drift,seed13,18,46501.35151515152
hpmcounter8,drift,seed13,19,46507.10303030303
hpmcounter8,drift,seed13,20,46508.43636363636
hpmcounter8,drift,seed13,21,46505.90303030303
hpmcounter8,drift,seed13,22,46504.28484848485
hpmcounter8,drift,seed13,23,46501.12727272727
hpmcounter8,drift,seed13,24,46505.06060606061
hpmcounter8,drift,seed13,25,46503.6
hpmcounter8,drift,seed13,26,46495.757575757576
hpmcounter8,drift,seed13,27,46488.781818181815
hpmcounter8,drift,seed13,28,46480.25454545455
hpmcounter8,drift,seed13,29,46481.6
hpmcounter8,drift,seed13,30,46487.8606060606
hpmcounter8,drift,seed13,31,46494.38787878788
hpmcounter8,drift,seed13,32,46491.3696969697
hpmcounter8,drift,seed13,33,46493.61212121212
hpmcounter8,drift,seed13,34,46497.09696969697
hpmcounter8,drift,seed13,35,46494.15757575758
hpmcounter8,drift,seed13,36,46485.2
hpmcounter8,drift,seed13,37,46479.48484848485
hpmcounter8,drift,seed13,38,46472.01818181818
hpmcounter8,drift,seed13,39,46467.454545454544
hpmcounter8,drift,seed13,40,46471.91515151515
hpmcounter8,drift,seed13,41,46481.32121212121
hpmcounter8,drift,seed13,42,46487.739393939395
hpmcounter8,drift,seed13,43,46498.91515151515
hpmcounter8,drift,seed13,44,46510.87272727273
hpmcounter8,drift,seed13,45,46514.99393939394
hpmcounter8,drift,seed13,46,46516.181818181816
hpmcounter8,drift,seed13,47,46518.10909090909
hpmcounter8,drift,seed13,48,46516.61212121212
hpmcounter8,drift,seed13,49,46512.545454545456
hpmcounter8,drift,seed13,50,46511.26666666667
hpmcounter8,drift,seed13,51,46511.624242424245
hpmcounter8,drift,seed13,52,46510.642424242425
hpmcounter8,drift,seed13,53,46508.27272727273
hpmcounter8,drift,seed13,54,46506.90909090909
hpmcounter8,drift,seed13,55,46507.12727272727
hpmcounter8,drift,seed13,56,46506.64848484848
hpmcounter8,drift,seed13,57,46508.90303030303
hpmcounter8,drift,seed13,58,46509.70909090909
hpmcounter8,drift,seed13,59,46506.92121212121
hpmcounter8,drift,seed13,60,46504.393939393936
hpmcounter8,drift,seed13,61,46506.46060606061
hpmcounter8,drift,seed13,62,46788.34545454545
hpmcounter8,drift,seed13,63,47005.99393939394
hpmcounter8,drift,seed13,64,47163.969696969696
hpmcounter8,drift,seed13,65,47264.19393939394
hpmcounter8,drift,seed13,66,47301.3696969697
hpmcounter8,drift,seed13,67,47268.587878787876
hpmcounter8,drift,seed13,68,47167.70303030303
hpmcounter8,drift,seed13,69,47000.26666666667
hpmcounter8,drift,seed13,70,46767.551515151514
hpmcounter8,drift,seed13,71,46467.0
hpmcounter8,drift,seed13,72,46447.42424242424
hpmcounter8,drift,seed13,73,46433.375757575755
hpmcounter8,drift,seed13,74,46430.430303030305
hpmcounter8,drift,seed13,75,46432.69090909091
hpmcounter8,drift,seed13,76,46442.666666666664
hpmcounter8,drift,seed13,77,46454.757575757576
hpmcounter8,drift,seed13,78,46470.30909090909
hpmcounter8,drift,seed13,79,46482.1393939394
hpmcounter8,drift,seed13,80,46504.854545454546
hpmcounter8,drift,seed13,81,46516.763636363634
hpmcounter8,drift,seed13,82,46516.94545454546
hpmcounter8,drift,seed13,83,46511.22424242424
hpmcounter8,drift,seed13,84,46509.242424242424
hpmcounter8,drift,seed13,85,46499.18787878788
hpmcounter8,drift,seed13,86,46492.74545454545
hpmcounter8,drift,seed13,87,46483.430303030305
hpmcounter8,drift,seed13,88,46480.82424242424
hpmcounter8,drift,seed13,89,46474.6303030303
hpmcounter8,drift,seed13,90,46479.527272727275
hpmcounter8,drift,seed13,91,46482.46666666667
hpmcounter8,drift,seed13,92,46480.67878787879
hpmcounter8,drift,seed13,93,46479.87272727273
hpmcounter8,drift,seed13,94,46480.84242424242
hpmcounter8,drift,seed13,95,46476.024242424246
hpmcounter8,drift,seed13,96,46477.09090909091
hpmcounter8,drift,seed13,97,46474.818181818184
hpmcounter8,drift,seed13,98,46473.975757575754
hpmcounter8,drift,seed13,99,46472.048484848485
hpmcounter8,drift,seed13,100,46473.20606060606
hpmcounter8,drift,seed13,101,46476.51515151515
hpmcounter8,drift,seed13,102,46478.50303030303
hpmcounter8,drift,seed13,103,46482.684848484845
hpmcounter8,drift,seed13,104,46486.818181818184
hpmcounter8,drift,seed13,105,46480.242424242424
hpmcounter8,drift,seed13,106,46475.24848484848
hpmcounter8,drift,seed13,107,46472.1393939394
hpmcounter8,drift,seed13,108,46464.89696969697
hpmcounter8,drift,seed13,109,46460.951515151515
hpmcounter8,drift,seed13,110,46460.67878787879
hpmcounter8,drift,seed13,111,46466.836363636365
hpmcounter8,drift,seed13,112,46467.91515151515
hpmcounter8,drift,seed13,113,46477.545454545456
hpmcounter8,drift,seed13,114,46488.969696969696
hpmcounter8,drift,seed13,115,46492.38787878788
hpmcounter8,drift,seed13,116,46497.80606060606
hpmcounter8,drift,seed13,117,46505.00606060606
hpmcounter8,drift,seed13,118,46509.03636363636
hpmcounter8,drift,seed13,119,46513.315151515155
hpmcounter8,drift,seed13,120,46521.26666666667
hpmcounter8,drift,seed13,121,46525.1696969697
hpmcounter8,drift,seed13,122,46515.8303030303
hpmcounter8,drift,seed13,123,46509.4
hpmcounter8,drift,seed13,124,46499.78787878788
hpmcounter8,drift,seed13,125,46489.38787878788
hpmcounter8,drift,seed13,126,46483.30303030303
hpmcounter8,drift,seed13,127,46482.84848484849
hpmcounter8,drift,seed13,128,46480.61818181818
hpmcounter8,drift,seed13,129,46478.448484848486
hpmcounter8,drift,seed13,130,46479.472727272725
hpmcounter8,drift,seed13,131,46479.96363636364
hpmcounter8,drift,seed13,132,46475.30303030303
hpmcounter8,drift,seed13,133,46470.35151515152
hpmcounter8,drift,seed13,134,46468.11515151515
hpmcounter8,drift,seed13,135,46468.4
hpmcounter8,drift,seed13,136,46469.472727272725
hpmcounter8,drift,seed13,137,46469.66060606061
hpmcounter8,drift,seed13,138,46466.181818181816
hpmcounter8,drift,seed13,139,46467.739393939395
hpmcounter8,drift,seed13,140,46469.6
hpmcounter8,drift,seed13,141,46469.20606060606
hpmcounter8,drift,seed13,142,46458.969696969696
hpmcounter8,drift,seed13,143,46451.684848484845
hpmcounter8,drift,seed13,144,46450.4
hpmcounter8,drift,seed13,145,46459.41818181818
hpmcounter8,drift,seed13,146,46465.86666666667
hpmcounter8,drift,seed13,147,46468.2
hpmcounter8,drift,seed13,148,46464.44242424242
hpmcounter8,drift,seed13,149,46463.52121212121
hpmcounter8,drift,seed13,150,46463.2
hpmcounter8,drift,seed13,151,46463.53333333333
hpmcounter8,drift,seed13,152,46455.61818181818
hpmcounter8,drift,seed13,153,46449.642424242425
hpmcounter8,drift,seed13,154,46443.969696969696
hpmcounter8,drift,seed13,155,46444.06060606061
hpmcounter8,drift,seed13,156,46444.27272727273
hpmcounter8,drift,seed13,157,46448.79393939394
hpmcounter8,drift,seed13,158,46450.91515151515
hpmcounter8,drift,seed13,159,46453.88484848485
hpmcounter8,drift,seed13,160,46461.26666666667
hpmcounter8,drift,seed13,161,46751.969696969696
hpmcounter8,drift,seed13,162,47254.29696969697
hpmcounter8,drift,seed13,163,47918.09696969697
hpmcounter8,drift,seed13,164,48675.55757575758
hpmcounter8,drift,seed13,165,49182.8606060606
hpmcounter8,drift,seed13,166,49434.8303030303
hpmcounter8,drift,seed13,167,49434.260606060605
hpmcounter8,drift,seed13,168,49181.30303030303
hpmcounter8,drift,seed13,169,48672.836363636365
hpmcounter8,drift,seed13,170,47915.15757575758
hpmcounter8,drift,seed13,171,47253.933333333334
hpmcounter8,drift,seed13,172,46744.59393939394
hpmcounter8,drift,seed13,173,46457.79393939394
hpmcounter8,drift,seed13,174,46450.15757575758
hpmcounter8,drift,seed13,175,46446.1696969697
hpmcounter8,drift,seed13,176,46445.163636363635
hpmcounter8,drift,seed13,177,46446.05454545454
hpmcounter8,drift,seed13,178,46452.357575757575
hpmcounter8,drift,seed13,179,46456.10303030303
hpmcounter8,drift,seed13,180,46457.024242424246
hpmcounter8,drift,seed13,181,46460.07272727273
hpmcounter8,drift,seed13,182,46467.91515151515
hpmcounter8,drift,seed13,183,46475.18787878788
hpmcounter8,drift,seed13,184,46472.854545454546
hpmcounter8,drift,seed13,185,46471.551515151514
hpmcounter8,drift,seed13,186,46469.69696969697
hpmcounter8,drift,seed13,187,46463.96363636364
hpmcounter8,drift,seed13,188,46462.12727272727
hpmcounter8,drift,seed13,189,46458.07878787879
hpmcounter8,drift,seed13,190,46451.66060606061
hpmcounter8,drift,seed13,191,46454.61818181818
hpmcounter8,drift,seed13,192,46457.98181818182
hpmcounter8,drift,seed13,193,46465.07878787879
hpmcounter8,drift,seed13,194,46473.61212121212
hpmcounter8,drift,seed13,195,46492.181818181816
hpmcounter8,drift,seed13,196,46510.47878787879
hpmcounter8,drift,seed13,197,46524.03636363636
hpmcounter8,drift,seed13,198,46534.69090909091
hpmcounter8,drift,seed13,199,46537.315151515155
hpmcounter8,drift,seed13,200,46528.63636363636
hpmcounter8,drift,seed13,201,46522.92121212121
hpmcounter8,drift,seed13,202,46508.91515151515
hpmcounter8,drift,seed13,203,46497.763636363634
hpmcounter8,drift,seed13,204,46490.56363636364
hpmcounter8,drift,seed13,205,46491.490909090906
hpmcounter8,drift,seed13,206,46493.393939393936
hpmcounter8,drift,seed13,207,46495.90303030303
hpmcounter8,drift,seed13,208,46501.527272727275
hpmcounter8,drift,seed13,209,46501.38181818182
hpmcounter8,drift,seed13,210,46501.15757575758
hpmcounter8,drift,seed13,211,46497.92727272727
hpmcounter8,drift,seed13,212,46489.04242424243
hpmcounter8,drift,seed13,213,46483.64848484848
hpmcounter8,drift,seed13,214,46474.048484848485
hpmcounter8,drift,seed13,215,46467.69090909091
hpmcounter8,drift,seed13,216,46462.91515151515
hpmcounter8,drift,seed13,217,46462.430303030305
hpmcounter8,drift,seed13,218,46469.4
hpmcounter8,drift,seed13,219,46477.606060606064
hpmcounter8,drift,seed13,220,46484.36363636364
hpmcounter8,drift,seed13,221,46488.29696969697
hpmcounter8,drift,seed13,222,46489.86666666667
hpmcounter8,drift,seed13,223,46495.00606060606
hpmcounter8,drift,seed13,224,46488.98181818182
hpmcounter8,drift,seed13,225,46481.333333333336
hpmcounter8,drift,seed13,226,46473.30303030303
hpmcounter8,drift,seed13,227,46467.0
hpmcounter8,drift,seed13,228,46465.551515151514
hpmcounter8,drift,seed13,229,46464.454545454544
hpmcounter8,drift,seed13,230,46464.375757575755
hpmcounter8,drift,seed13,231,46463.79393939394
hpmcounter8,drift,seed13,232,46466.15757575758
hpmcounter8,drift,seed13,233,46472.87272727273
hpmcounter8,drift,seed13,234,46479.22424242424
hpmcounter8,drift,seed13,235,46487.15151515151
hpmcounter8,drift,seed13,236,46498.92727272727
hpmcounter8,drift,seed13,237,46504.15151515151
hpmcounter8,drift,seed13,238,46509.430303030305
hpmcounter8,drift,seed13,239,46507.50303030303
hpmcounter8,drift,seed13,240,46502.951515151515
hpmcounter8,drift,seed13,241,46500.70303030303
hpmcounter8,drift,seed13,242,46493.75151515152
hpmcounter8,drift,seed13,243,46484.11515151515
hpmcounter8,drift,seed13,244,46475.527272727275
hpmcounter8,drift,seed13,245,46470.58181818182
hpmcounter8,drift,seed13,246,46470.30303030303
hpmcounter8,drift,seed13,247,46468.527272727275
hpmcounter8,drift,seed13,248,46466.09696969697
hpmcounter8,drift,seed13,249,46467.145454545454
hpmcounter8,drift,seed13,250,46469.36363636364
hpmcounter8,drift,seed13,251,46473.50303030303
hpmcounter8,drift,seed13,252,46474.41818181818
hpmcounter8,drift,seed13,253,46473.375757575755
hpmcounter8,drift,seed13,254,46470.07272727273
hpmcounter8,drift,seed13,255,46472.86666666667
hpmcounter8,drift,seed13,256,46466.7696969697
hpmcounter8,drift,seed13,257,46466.01212121212
hpmcounter8,drift,seed13,258,46463.15757575758
hpmcounter8,drift,seed13,259,46462.71515151515
hpmcounter8,drift,seed13,260,46463.81212121212
hpmcounter8,drift,seed13,261,46464.81212121212
hpmcounter8,drift,seed13,262,46470.490909090906
hpmcounter8,drift,seed13,263,46477.46666666667
hpmcounter8,drift,seed13,264,46480.10303030303
hpmcounter8,drift,seed13,265,46486.13333333333
hpmcounter8,drift,seed13,266,46484.10303030303
hpmcounter8,drift,seed13,267,46491.57575757576
hpmcounter8,drift,seed13,268,46500.22424242424
hpmcounter8,drift,seed13,269,46503.684848484845
hpmcounter8,drift,seed13,270,46503.55757575758
hpmcounter8,drift,seed13,271,46501.69090909091
hpmcounter8,drift,seed13,272,46502.393939393936
hpmcounter8,drift,seed13,273,46510.430303030305
hpmcounter8,drift,seed13,274,46515.10909090909
hpmcounter8,drift,seed13,275,46515.89696969697
hpmcounter8,drift,seed13,276,46513.94545454546
hpmcounter8,drift,seed13,277,46512.69696969697
hpmcounter8,drift,seed13,278,46516.69696969697
hpmcounter8,drift,seed13,279,46516.933333333334
hpmcounter8,drift,seed13,280,46511.490909090906
hpmcounter8,drift,seed13,281,46499.53939393939
hpmcounter8,drift,seed13,282,46485.99393939394
hpmcounter8,drift,seed13,283,46478.99393939394
hpmcounter8,drift,seed13,284,46473.92727272727
hpmcounter8,drift,seed13,285,46468.86666666667
hpmcounter8,drift,seed13,286,46463.69696969697
hpmcounter8,drift,seed13,287,46454.52121212121
hpmcounter8,drift,seed13,288,46452.05454545454
hpmcounter8,drift,seed13,289,46453.53333333333
hpmcounter8,drift,seed13,290,46459.71515151515
hpmcounter8,drift,seed13,291,46461.587878787876
hpmcounter8,drift,seed13,292,46458.836363636365
hpmcounter8,drift,seed13,293,46458.75151515152
hpmcounter8,drift,seed13,294,46459.242424242424
hpmcounter8,drift,seed13,295,46460.1696969697
hpmcounter8,drift,seed13,296,46459.357575757575
hpmcounter8,drift,seed13,297,46454.79393939394
hpmcounter8,drift,seed13,298,46735.7696969697
hpmcounter8,drift,seed14,9,46503.42424242424
hpmcounter8,drift,seed14,10,46499.57575757576
hpmcounter8,drift,seed14,11,46493.93939393939
hpmcounter8,drift,seed14,12,46493.77575757576
hpmcounter8,drift,seed14,13,46488.03636363636
hpmcounter8,drift,seed14,14,46487.47878787879
hpmcounter8,drift,seed14,15,46489.36363636364
hpmcounter8,drift,seed14,16,46495.21212121212
hpmcounter8,drift,seed14,17,46498.28484848485
hpmcounter8,drift,seed14,18,46505.163636363635
hpmcounter8,drift,seed14,19,46517.472727272725
hpmcounter8,drift,seed14,20,46525.90909090909
hpmcounter8,drift,seed14,21,46527.46666666667
hpmcounter8,drift,seed14,22,46528.30303030303
hpmcounter8,drift,seed14,23,46517.91515151515
hpmcounter8,drift,seed14,24,46506.448484848486
hpmcounter8,drift,seed14,25,46493.72727272727
hpmcounter8,drift,seed14,26,46476.94545454546
hpmcounter8,drift,seed14,27,46462.975757575754
hpmcounter8,drift,seed14,28,46450.04242424243
hpmcounter8,drift,seed14,29,46449.0
hpmcounter8,drift,seed14,30,46458.55757575758
hpmcounter8,drift,seed14,31,46467.854545454546
hpmcounter8,drift,seed14,32,46472.739393939395
hpmcounter8,drift,seed14,33,46478.0
hpmcounter8,drift,seed14,34,46480.6
hpmcounter8,drift,seed14,35,46480.00606060606
hpmcounter8,drift,seed14,36,46470.74545454545
hpmcounter8,drift,seed14,37,46461.739393939395
hpmcounter8,drift,seed14,38,46451.28484848485
hpmcounter8,drift,seed14,39,46445.448484848486
hpmcounter8,drift,seed14,40,46450.69090909091
hpmcounter8,drift,seed14,41,46461.67272727273
hpmcounter8,drift,seed14,42,46469.33939393939
hpmcounter8,drift,seed14,43,46485.763636363634
hpmcounter8,drift,seed14,44,46499.27272727273
hpmcounter8,drift,seed14,45,46509.29696969697
hpmcounter8,drift,seed14,46,46514.490909090906
hpmcounter8,drift,seed14,47,46519.59393939394
hpmcounter8,drift,seed14,48,46520.99393939394
hpmcounter8,drift,seed14,49,46520.32121212121
hpmcounter8,drift,seed14,50,46523.721212121214
hpmcounter8,drift,seed14,51,46534.854545454546
hpmcounter8,drift,seed14,52,46541.6303030303
hpmcounter8,drift,seed14,53,46551.59393939394
hpmcounter8,drift,seed14,54,46556.29090909091
hpmcounter8,drift,seed14,55,46554.666666666664
hpmcounter8,drift,seed14,56,46547.55757575758
hpmcounter8,drift,seed14,57,46539.80606060606
hpmcounter8,drift,seed14,58,46530.87272727273
hpmcounter8,drift,seed14,59,46521.78787878788
hpmcounter8,drift,seed14,60,46511.6
hpmcounter8,drift,seed14,61,46509.96363636364
hpmcounter8,drift,seed14,62,46504.51515151515
hpmcounter8,drift,seed14,63,46501.15757575758
hpmcounter8,drift,seed14,64,46505.781818181815
hpmcounter8,drift,seed14,65,46505.472727272725
hpmcounter8,drift,seed14,66,46498.975757575754
hpmcounter8,drift,seed14,67,46774.18787878788
hpmcounter8,drift,seed14,68,47268.12727272727
hpmcounter8,drift,seed14,69,47923.42424242424
hpmcounter8,drift,seed14,70,48673.951515151515
hpmcounter8,drift,seed14,71,49174.57575757576
hpmcounter8,drift,seed14,72,49700.90303030303
hpmcounter8,drift,seed14,73,49916.412121212124
hpmcounter8,drift,seed14,74,49823.44242424242
hpmcounter8,drift,seed14,75,49416.781818181815
hpmcounter8,drift,seed14,76,48696.739393939395
hpmcounter8,drift,seed14,77,48006.06060606061
hpmcounter8,drift,seed14,78,47412.10909090909
hpmcounter8,drift,seed14,79,46979.90303030303
hpmcounter8,drift,seed14,80,46768.99393939394
hpmcounter8,drift,seed14,81,46491.975757575754
hpmcounter8,drift,seed14,82,46489.551515151514
hpmcounter8,drift,seed14,83,46483.01818181818
hpmcounter8,drift,seed14,84,46475.05454545454
hpmcounter8,drift,seed14,85,46470.26666666667
hpmcounter8,drift,seed14,86,46469.84242424242
hpmcounter8,drift,seed14,87,46466.09696969697
hpmcounter8,drift,seed14,88,46472.624242424245
hpmcounter8,drift,seed14,89,46486.2303030303
hpmcounter8,drift,seed14,90,46498.242424242424
hpmcounter8,drift,seed14,91,46506.454545454544
hpmcounter8,drift,seed14,92,46511.551515151514
hpmcounter8,drift,seed14,93,46508.07878787879
hpmcounter8,drift,seed14,94,46502.315151515155
hpmcounter8,drift,seed14,95,46493.13333333333
hpmcounter8,drift,seed14,96,46486.47878787879
hpmcounter8,drift,seed14,97,46481.721212121214
hpmcounter8,drift,seed14,98,46485.66060606061
hpmcounter8,drift,seed14,99,46488.00606060606
hpmcounter8,drift,seed14,100,46487.333333333336
hpmcounter8,drift,seed14,101,46485.29696969697
hpmcounter8,drift,seed14,102,46486.44242424242
hpmcounter8,drift,seed14,103,46485.07272727273
hpmcounter8,drift,seed14,104,46487.17575757576
hpmcounter8,drift,seed14,105,46486.33939393939
hpmcounter8,drift,seed14,106,46487.10303030303
hpmcounter8,drift,seed14,107,46490.52121212121
hpmcounter8,drift,seed14,108,46496.242424242424
hpmcounter8,drift,seed14,109,46500.606060606064
hpmcounter8,drift,seed14,110,46501.81212121212
hpmcounter8,drift,seed14,111,46502.21212121212
hpmcounter8,drift,seed14,112,46498.721212121214
hpmcounter8,drift,seed14,113,46489.32727272727
hpmcounter8,drift,seed14,114,46486.01818181818
hpmcounter8,drift,seed14,115,46483.95757575757
hpmcounter8,drift,seed14,116,46479.29696969697
hpmcounter8,drift,seed14,117,46471.448484848486
hpmcounter8,drift,seed14,118,46462.71515151515
hpmcounter8,drift,seed14,119,46456.28484848485
hpmcounter8,drift,seed14,120,46460.13333333333
hpmcounter8,drift,seed14,121,46470.98181818182
hpmcounter8,drift,seed14,122,46478.024242424246
hpmcounter8,drift,seed14,123,46487.472727272725
hpmcounter8,drift,seed14,124,46495.88484848485
hpmcounter8,drift,seed14,125,46500.606060606064
hpmcounter8,drift,seed14,126,46498.3696969697
hpmcounter8,drift,seed14,127,46493.67272727273
hpmcounter8,drift,seed14,128,46488.41818181818
hpmcounter8,drift,seed14,129,46485.20606060606
hpmcounter8,drift,seed14,130,46486.66060606061
hpmcounter8,drift,seed14,131,46488.08484848485
hpmcounter8,drift,seed14,132,46485.87272727273
hpmcounter8,drift,seed14,133,46771.92727272727
hpmcounter8,drift,seed14,134,46999.90909090909
hpmcounter8,drift,seed14,135,47169.05454545454
hpmcounter8,drift,seed14,136,47262.19393939394
hpmcounter8,drift,seed14,137,47289.218181818185
hpmcounter8,drift,seed14,138,47256.03636363636
hpmcounter8,drift,seed14,139,47171.67272727273
hpmcounter8,drift,seed14,140,47020.61212121212
hpmcounter8,drift,seed14,141,46797.79393939394
hpmcounter8,drift,seed14,142,46507.6
hpmcounter8,drift,seed14,143,46494.95757575757
hpmcounter8,drift,seed14,144,46487.32121212121
hpmcounter8,drift,seed14,145,46493.81212121212
hpmcounter8,drift,seed14,146,46495.315151515155
hpmcounter8,drift,seed14,147,46497.13333333333
hpmcounter8,drift,seed14,148,46497.32121212121
hpmcounter8,drift,seed14,149,46502.73333333333
hpmcounter8,drift,seed14,150,46507.606060606064
hpmcounter8,drift,seed14,151,46508.836363636365
hpmcounter8,drift,seed14,152,46508.63636363636
hpmcounter8,drift,seed14,153,46503.278787878786
hpmcounter8,drift,seed14,154,46493.95757575757
hpmcounter8,drift,seed14,155,46776.721212121214
hpmcounter8,drift,seed14,156,47280.0
hpmcounter8,drift,seed14,157,47946.490909090906
hpmcounter8,drift,seed14,158,48705.7696969697
hpmcounter8,drift,seed14,159,49491.28484848485
hpmcounter8,drift,seed14,160,49964.07272727273
hpmcounter8,drift,seed14,161,50125.15757575758
hpmcounter8,drift,seed14,162,49967.29696969697
hpmcounter8,drift,seed14,163,49495.56363636364
hpmcounter8,drift,seed14,164,48706.41818181818
hpmcounter8,drift,seed14,165,47953.393939393936
hpmcounter8,drift,seed14,166,47287.69090909091
hpmcounter8,drift,seed14,167,46778.78787878788
hpmcounter8,drift,seed14,168,46493.7696969697
hpmcounter8,drift,seed14,169,46488.8303030303
hpmcounter8,drift,seed14,170,46487.569696969695
hpmcounter8,drift,seed14,171,46482.527272727275
hpmcounter8,drift,seed14,172,46475.73333333333
hpmcounter8,drift,seed14,173,46471.66060606061
hpmcounter8,drift,seed14,174,46467.721212121214
hpmcounter8,drift,seed14,175,46465.93939393939
hpmcounter8,drift,seed14,176,46464.50303030303
hpmcounter8,drift,seed14,177,46460.61212121212
hpmcounter8,drift,seed14,178,46462.642424242425
hpmcounter8,drift,seed14,179,46471.951515151515
hpmcounter8,drift,seed14,180,46486.94545454546
hpmcounter8,drift,seed14,181,46494.92121212121
hpmcounter8,drift,seed14,182,46787.84848484849
hpmcounter8,drift,seed14,183,47297.38787878788
hpmcounter8,drift,seed14,184,47965.84242424242
hpmcounter8,drift,seed14,185,48717.28484848485
hpmcounter8,drift,seed14,186,49497.98787878788
hpmcounter8,drift,seed14,187,50242.74545454545
hpmcounter8,drift,seed14,188,50894.2
hpmcounter8,drift,seed14,189,51392.92121212121
hpmcounter8,drift,seed14,190,51391.29696969697
hpmcounter8,drift,seed14,191,50883.7696969697
hpmcounter8,drift,seed14,192,50221.89090909091
hpmcounter8,drift,seed14,193,49470.67878787879
hpmcounter8,drift,seed14,194,48695.75151515152
hpmcounter8,drift,seed14,195,47949.19393939394
hpmcounter8,drift,seed14,196,47286.32121212121
hpmcounter8,drift,seed14,197,46778.32121212121
hpmcounter8,drift,seed14,198,46495.430303030305
hpmcounter8,drift,seed14,199,46491.757575757576
hpmcounter8,drift,seed14,200,46489.33939393939
hpmcounter8,drift,seed14,201,46481.46060606061
hpmcounter8,drift,seed14,202,46473.50303030303
hpmcounter8,drift,seed14,203,46466.67272727273
hpmcounter8,drift,seed14,204,46464.84242424242
hpmcounter8,drift,seed14,205,46471.77575757576
hpmcounter8,drift,seed14,206,46477.121212121216
hpmcounter8,drift,seed14,207,46482.969696969696
hpmcounter8,drift,seed14,208,46497.145454545454
hpmcounter8,drift,seed14,209,46509.18787878788
hpmcounter8,drift,seed14,210,46519.27272727273
hpmcounter8,drift,seed14,211,46526.09696969697
hpmcounter8,drift,seed14,212,46529.545454545456
hpmcounter8,drift,seed14,213,46523.624242424245
hpmcounter8,drift,seed14,214,46515.44242424242
hpmcounter8,drift,seed14,215,46508.78787878788
hpmcounter8,drift,seed14,216,46501.333333333336
hpmcounter8,drift,seed14,217,46493.35151515152
hpmcounter8,drift,seed14,218,46488.569696969695
hpmcounter8,drift,seed14,219,46484.975757575754
hpmcounter8,drift,seed14,220,46480.781818181815
hpmcounter8,drift,seed14,221,46477.66060606061
hpmcounter8,drift,seed14,222,46479.587878787876
hpmcounter8,drift,seed14,223,46480.84848484849
hpmcounter8,drift,seed14,224,46476.0
hpmcounter8,drift,seed14,225,46476.82424242424
hpmcounter8,drift,seed14,226,46474.32727272727
hpmcounter8,drift,seed14,227,46472.969696969696
hpmcounter8,drift,seed14,228,46470.29090909091
hpmcounter8,drift,seed14,229,46469.44242424242
hpmcounter8,drift,seed14,230,46466.242424242424
hpmcounter8,drift,seed14,231,46462.757575757576
hpmcounter8,drift,seed14,232,46466.545454545456
hpmcounter8,drift,seed14,233,46472.509090909094
hpmcounter8,drift,seed14,234,46470.07272727273
hpmcounter8,drift,seed14,235,46472.8606060606
hpmcounter8,drift,seed14,236,46475.94545454546
hpmcounter8,drift,seed14,237,46486.89090909091
hpmcounter8,drift,seed14,238,46497.8303030303
hpmcounter8,drift,seed14,239,46502.18787878788
hpmcounter8,drift,seed14,240,46503.975757575754
hpmcounter8,drift,seed14,241,46504.56363636364
hpmcounter8,drift,seed14,242,46505.78787878788
hpmcounter8,drift,seed14,243,46502.84848484849
hpmcounter8,drift,seed14,244,46493.81212121212
hpmcounter8,drift,seed14,245,46483.8
hpmcounter8,drift,seed14,246,46474.145454545454
hpmcounter8,drift,seed14,247,46469.03636363636
hpmcounter8,drift,seed14,248,46470.36363636364
hpmcounter8,drift,seed14,249,46460.92121212121
hpmcounter8,drift,seed14,250,46453.030303030304
hpmcounter8,drift,seed14,251,46446.17575757576
hpmcounter8,drift,seed14,252,46443.739393939395
hpmcounter8,drift,seed14,253,46446.2
hpmcounter8,drift,seed14,254,46449.551515151514
hpmcounter8,drift,seed14,255,46453.92121212121
hpmcounter8,drift,seed14,256,46457.98181818182
hpmcounter8,drift,seed14,257,46459.78787878788
hpmcounter8,drift,seed14,258,46469.18787878788
hpmcounter8,drift,seed14,259,46471.61212121212
hpmcounter8,drift,seed14,260,46471.34545454545
hpmcounter8,drift,seed14,261,46465.32121212121
hpmcounter8,drift,seed14,262,46460.666666666664
hpmcounter8,drift,seed14,263,46466.70909090909
hpmcounter8,drift,seed14,264,46473.93939393939
hpmcounter8,drift,seed14,265,46479.93939393939
hpmcounter8,drift,seed14,266,46480.78787878788
hpmcounter8,drift,seed14,267,46475.236363636366
hpmcounter8,drift,seed14,268,46472.40606060606
hpmcounter8,drift,seed14,269,46462.52121212121
hpmcounter8,drift,seed14,270,46461.066666666666
hpmcounter8,drift,seed14,271,46456.34545454545
hpmcounter8,drift,seed14,272,46451.69090909091
hpmcounter8,drift,seed14,273,46454.91515151515
hpmcounter8,drift,seed14,274,46461.490909090906
hpmcounter8,drift,seed14,275,46470.7696969697
hpmcounter8,drift,seed14,276,46476.375757575755
hpmcounter8,drift,seed14,277,46482.260606060605
hpmcounter8,drift,seed14,278,46486.32727272727
hpmcounter8,drift,seed14,279,46479.92121212121
hpmcounter8,drift,seed14,280,46477.50303030303
hpmcounter8,drift,seed14,281,46471.98787878788
hpmcounter8,drift,seed14,282,46466.09090909091
hpmcounter8,drift,seed14,283,46461.218181818185
hpmcounter8,drift,seed14,284,46456.836363636365
hpmcounter8,drift,seed14,285,46453.969696969696
hpmcounter8,drift,seed14,286,46445.32121212121
hpmcounter8,drift,seed14,287,46441.969696969696
hpmcounter8,drift,seed14,288,46443.67272727273
hpmcounter8,drift,seed14,289,46449.36363636364
hpmcounter8,drift,seed14,290,46455.00606060606
hpmcounter8,drift,seed14,291,46455.236363636366
hpmcounter8,drift,seed14,292,46458.58181818182
hpmcounter8,drift,seed14,293,46456.393939393936
hpmcounter8,drift,seed14,294,46454.80606060606
hpmcounter8,drift,seed14,295,46454.818181818184
hpmcounter8,drift,seed14,296,46452.15757575758
hpmcounter8,drift,seed14,297,46452.3696969697
hpmcounter8,drift,seed14,298,46458.09696969697
hpmcounter8,drift,seed15,9,49207.0
hpmcounter8,drift,seed15,10,49568.57575757576
hpmcounter8,drift,seed15,11,49927.8
hpmcounter8,drift,seed15,12,50229.975757575754
hpmcounter8,drift,seed15,13,50394.46060606061
hpmcounter8,drift,seed15,14,50556.94545454546
hpmcounter8,drift,seed15,15,50732.8606060606
hpmcounter8,drift,seed15,16,50634.48484848485
hpmcounter8,drift,seed15,17,50339.12727272727
hpmcounter8,drift,seed15,18,49912.72727272727
hpmcounter8,drift,seed15,19,49437.38787878788
hpmcounter8,drift,seed15,20,48645.50303030303
hpmcounter8,drift,seed15,21,47889.09090909091
hpmcounter8,drift,seed15,22,47240.27272727273
hpmcounter8,drift,seed15,23,46750.44242424242
hpmcounter8,drift,seed15,24,46469.89090909091
hpmcounter8,drift,seed15,25,46472.65454545455
hpmcounter8,drift,seed15,26,46477.17575757576
hpmcounter8,drift,seed15,27,46477.781818181815
hpmcounter8,drift,seed15,28,46473.04242424243
hpmcounter8,drift,seed15,29,46476.393939393936
hpmcounter8,drift,seed15,30,46474.99393939394
hpmcounter8,drift,seed15,31,46474.98787878788
hpmcounter8,drift,seed15,32,46473.36363636364
hpmcounter8,drift,seed15,33,46471.333333333336
hpmcounter8,drift,seed15,34,46468.6
hpmcounter8,drift,seed15,35,46470.51515151515
hpmcounter8,drift,seed15,36,46476.90909090909
hpmcounter8,drift,seed15,37,46479.854545454546
hpmcounter8,drift,seed15,38,46478.412121212124
hpmcounter8,drift,seed15,39,46482.07272727273
hpmcounter8,drift,seed15,40,46478.55757575758
hpmcounter8,drift,seed15,41,46480.545454545456
hpmcounter8,drift,seed15,42,46480.6
hpmcounter8,drift,seed15,43,46473.90909090909
hpmcounter8,drift,seed15,44,46462.95757575757
hpmcounter8,drift,seed15,45,46454.454545454544
hpmcounter8,drift,seed15,46,46456.19393939394
hpmcounter8,drift,seed15,47,46458.38787878788
hpmcounter8,drift,seed15,48,46458.89090909091
hpmcounter8,drift,seed15,49,46461.61818181818
hpmcounter8,drift,seed15,50,46461.25454545455
hpmcounter8,drift,seed15,51,46467.95757575757
hpmcounter8,drift,seed15,52,46476.412121212124
hpmcounter8,drift,seed15,53,46485.375757575755
hpmcounter8,drift,seed15,54,46485.18787878788
hpmcounter8,drift,seed15,55,46484.24848484848
hpmcounter8,drift,seed15,56,46773.739393939395
hpmcounter8,drift,seed15,57,47276.77575757576
hpmcounter8,drift,seed15,58,47650.90909090909
hpmcounter8,drift,seed15,59,48180.09090909091
hpmcounter8,drift,seed15,60,48804.38787878788
hpmcounter8,drift,seed15,61,49465.86666666667
hpmcounter8,drift,seed15,62,50094.82424242424
hpmcounter8,drift,seed15,63,50635.84848484849
hpmcounter8,drift,seed15,64,50732.69090909091
hpmcounter8,drift,seed15,65,50675.27272727273
hpmcounter8,drift,seed15,66,50461.18787878788
hpmcounter8,drift,seed15,67,50148.121212121216
hpmcounter8,drift,seed15,68,49458.19393939394
hpmcounter8,drift,seed15,69,48733.1696969697
hpmcounter8,drift,seed15,70,48034.878787878784
hpmcounter8,drift,seed15,71,47437.30909090909
hpmcounter8,drift,seed15,72,46996.030303030304
hpmcounter8,drift,seed15,73,47060.527272727275
hpmcounter8,drift,seed15,74,47280.066666666666
hpmcounter8,drift,seed15,75,47652.430303030305
hpmcounter8,drift,seed15,76,47899.587878787876
hpmcounter8,drift,seed15,77,48028.65454545455
hpmcounter8,drift,seed15,78,48035.42424242424
hpmcounter8,drift,seed15,79,47915.66060606061
hpmcounter8,drift,seed15,80,47664.1696969697
hpmcounter8,drift,seed15,81,47288.41818181818
hpmcounter8,drift,seed15,82,46785.412121212124
hpmcounter8,drift,seed15,83,46507.393939393936
hpmcounter8,drift,seed15,84,46510.98181818182
hpmcounter8,drift,seed15,85,46510.00606060606
hpmcounter8,drift,seed15,86,46504.05454545454
hpmcounter8,drift,seed15,87,46506.56363636364
hpmcounter8,drift,seed15,88,46502.08484848485
hpmcounter8,drift,seed15,89,46496.357575757575
hpmcounter8,drift,seed15,90,46485.81212121212
hpmcounter8,drift,seed15,91,46471.3696969697
hpmcounter8,drift,seed15,92,46457.757575757576
hpmcounter8,drift,seed15,93,46452.13333333333
hpmcounter8,drift,seed15,94,46455.34545454545
hpmcounter8,drift,seed15,95,46462.527272727275
hpmcounter8,drift,seed15,96,46468.181818181816
hpmcounter8,drift,seed15,97,46479.624242424245
hpmcounter8,drift,seed15,98,46490.13333333333
hpmcounter8,drift,seed15,99,46501.71515151515
hpmcounter8,drift,seed15,100,46512.30303030303
hpmcounter8,drift,seed15,101,46513.78787878788
hpmcounter8,drift,seed15,102,46520.00606060606
hpmcounter8,drift,seed15,103,46531.41818181818
hpmcounter8,drift,seed15,104,46547.260606060605
hpmcounter8,drift,seed15,105,46558.63636363636
hpmcounter8,drift,seed15,106,46559.57575757576
hpmcounter8,drift,seed15,107,46541.57575757576
hpmcounter8,drift,seed15,108,46518.30303030303
hpmcounter8,drift,seed15,109,46497.527272727275
hpmcounter8,drift,seed15,110,46478.43636363636
hpmcounter8,drift,seed15,111,46456.066666666666
hpmcounter8,drift,seed15,112,46439.545454545456
hpmcounter8,drift,seed15,113,46439.18787878788
hpmcounter8,drift,seed15,114,46449.90909090909
hpmcounter8,drift,seed15,115,46466.46666666667
hpmcounter8,drift,seed15,116,46482.10303030303
hpmcounter8,drift,seed15,117,46493.57575757576
hpmcounter8,drift,seed15,118,46499.430303030305
hpmcounter8,drift,seed15,119,46503.15757575758
hpmcounter8,drift,seed15,120,46499.26666666667
hpmcounter8,drift,seed15,121,46493.25454545455
hpmcounter8,drift,seed15,122,46485.96363636364
hpmcounter8,drift,seed15,123,46486.357575757575
hpmcounter8,drift,seed15,124,46769.066666666666
hpmcounter8,drift,seed15,125,46984.35151515152
hpmcounter8,drift,seed15,126,47133.07272727273
hpmcounter8,drift,seed15,127,47224.34545454545
hpmcounter8,drift,seed15,128,47257.545454545456
hpmcounter8,drift,seed15,129,47230.34545454545
hpmcounter8,drift,seed15,130,47140.87272727273
hpmcounter8,drift,seed15,131,46986.69090909091
hpmcounter8,drift,seed15,132,46771.509090909094
hpmcounter8,drift,seed15,133,46494.00606060606
hpmcounter8,drift,seed15,134,46500.64848484848
hpmcounter8,drift,seed15,135,46497.78787878788
hpmcounter8,drift,seed15,136,46485.28484848485
hpmcounter8,drift,seed15,137,46475.25454545455
hpmcounter8,drift,seed15,138,46467.99393939394
hpmcounter8,drift,seed15,139,46464.8606060606
hpmcounter8,drift,seed15,140,46755.145454545454
hpmcounter8,drift,seed15,141,47266.00606060606
hpmcounter8,drift,seed15,142,47933.606060606064
hpmcounter8,drift,seed15,143,48689.448484848486
hpmcounter8,drift,seed15,144,49478.975757575754
hpmcounter8,drift,seed15,145,50231.763636363634
hpmcounter8,drift,seed15,146,50883.35151515152
hpmcounter8,drift,seed15,147,51379.98787878788
hpmcounter8,drift,seed15,148,51659.57575757576
hpmcounter8,drift,seed15,149,51657.236363636366
hpmcounter8,drift,seed15,150,51381.2
hpmcounter8,drift,seed15,151,50886.05454545454
hpmcounter8,drift,seed15,152,50233.52121212121
hpmcounter8,drift,seed15,153,49487.121212121216
hpmcounter8,drift,seed15,154,48705.51515151515
hpmcounter8,drift,seed15,155,47953.98181818182
hpmcounter8,drift,seed15,156,47299.50303030303
hpmcounter8,drift,seed15,157,46802.21212121212
hpmcounter8,drift,seed15,158,46528.721212121214
hpmcounter8,drift,seed15,159,46540.42424242424
hpmcounter8,drift,seed15,160,46545.58181818182
hpmcounter8,drift,seed15,161,46547.38181818182
hpmcounter8,drift,seed15,162,46546.836363636365
hpmcounter8,drift,seed15,163,46544.721212121214
hpmcounter8,drift,seed15,164,46533.8606060606
hpmcounter8,drift,seed15,165,46520.545454545456
hpmcounter8,drift,seed15,166,46509.67272727273
hpmcounter8,drift,seed15,167,46496.95757575757
hpmcounter8,drift,seed15,168,46487.781818181815
hpmcounter8,drift,seed15,169,46485.71515151515
hpmcounter8,drift,seed15,170,46476.58181818182
hpmcounter8,drift,seed15,171,46470.375757575755
hpmcounter8,drift,seed15,172,46467.163636363635
hpmcounter8,drift,seed15,173,46461.024242424246
hpmcounter8,drift,seed15,174,46452.375757575755
hpmcounter8,drift,seed15,175,46442.92121212121
hpmcounter8,drift,seed15,176,46443.145454545454
hpmcounter8,drift,seed15,177,46447.32727272727
hpmcounter8,drift,seed15,178,46453.43636363636
hpmcounter8,drift,seed15,179,46463.260606060605
hpmcounter8,drift,seed15,180,46471.8
hpmcounter8,drift,seed15,181,46483.12727272727
hpmcounter8,drift,seed15,182,46492.412121212124
hpmcounter8,drift,seed15,183,46498.757575757576
hpmcounter8,drift,seed15,184,46505.32121212121
hpmcounter8,drift,seed15,185,46509.98181818182
hpmcounter8,drift,seed15,186,46513.0
hpmcounter8,drift,seed15,187,46513.01818181818
hpmcounter8,drift,seed15,188,46511.6
hpmcounter8,drift,seed15,189,46509.13333333333
hpmcounter8,drift,seed15,190,46502.35151515152
hpmcounter8,drift,seed15,191,46493.72727272727
hpmcounter8,drift,seed15,192,46487.448484848486
hpmcounter8,drift,seed15,193,46487.89696969697
hpmcounter8,drift,seed15,194,46489.13333333333
hpmcounter8,drift,seed15,195,46498.46666666667
hpmcounter8,drift,seed15,196,46504.99393939394
hpmcounter8,drift,seed15,197,46505.757575757576
hpmcounter8,drift,seed15,198,46505.94545454546
hpmcounter8,drift,seed15,199,46504.048484848485
hpmcounter8,drift,seed15,200,46500.048484848485
hpmcounter8,drift,seed15,201,46484.666666666664
hpmcounter8,drift,seed15,202,46473.121212121216
hpmcounter8,drift,seed15,203,46464.181818181816
hpmcounter8,drift,seed15,204,46457.84848484849
hpmcounter8,drift,seed15,205,46455.92121212121
hpmcounter8,drift,seed15,206,46452.90909090909
hpmcounter8,drift,seed15,207,46448.99393939394
hpmcounter8,drift,seed15,208,46449.12727272727
hpmcounter8,drift,seed15,209,46450.33939393939
hpmcounter8,drift,seed15,210,46453.09090909091
hpmcounter8,drift,seed15,211,46454.33939393939
hpmcounter8,drift,seed15,212,46455.545454545456
hpmcounter8,drift,seed15,213,46450.969696969696
hpmcounter8,drift,seed15,214,46450.163636363635
hpmcounter8,drift,seed15,215,46456.18787878788
hpmcounter8,drift,seed15,216,46455.69090909091
hpmcounter8,drift,seed15,217,46453.07878787879
hpmcounter8,drift,seed15,218,46457.8
hpmcounter8,drift,seed15,219,46461.13333333333
hpmcounter8,drift,seed15,220,46462.52121212121
hpmcounter8,drift,seed15,221,46471.818181818184
hpmcounter8,drift,seed15,222,46475.74545454545
hpmcounter8,drift,seed15,223,46480.00606060606
hpmcounter8,drift,seed15,224,46478.606060606064
hpmcounter8,drift,seed15,225,46479.25454545455
hpmcounter8,drift,seed15,226,46475.41818181818
hpmcounter8,drift,seed15,227,46471.8606060606
hpmcounter8,drift,seed15,228,46468.29090909091
hpmcounter8,drift,seed15,229,46466.975757575754
hpmcounter8,drift,seed15,230,46465.28484848485
hpmcounter8,drift,seed15,231,46466.163636363635
hpmcounter8,drift,seed15,232,46463.2
hpmcounter8,drift,seed15,233,46465.38181818182
hpmcounter8,drift,seed15,234,46466.56363636364
hpmcounter8,drift,seed15,235,46469.8606060606
hpmcounter8,drift,seed15,236,46473.15151515151
hpmcounter8,drift,seed15,237,46480.53939393939
hpmcounter8,drift,seed15,238,46479.96363636364
hpmcounter8,drift,seed15,239,46477.64848484848
hpmcounter8,drift,seed15,240,46474.75151515152
hpmcounter8,drift,seed15,241,46474.43636363636
hpmcounter8,drift,seed15,242,46472.77575757576
hpmcounter8,drift,seed15,243,46477.236363636366
hpmcounter8,drift,seed15,244,46479.90303030303
hpmcounter8,drift,seed15,245,46484.88484848485
hpmcounter8,drift,seed15,246,46491.236363636366
hpmcounter8,drift,seed15,247,46493.38787878788
hpmcounter8,drift,seed15,248,46495.70909090909
hpmcounter8,drift,seed15,249,46489.684848484845
hpmcounter8,drift,seed15,250,46480.29090909091
hpmcounter8,drift,seed15,251,46475.69696969697
hpmcounter8,drift,seed15,252,46468.22424242424
hpmcounter8,drift,seed15,253,46466.38181818182
hpmcounter8,drift,seed15,254,46464.64848484848
hpmcounter8,drift,seed15,255,46463.70909090909
hpmcounter8,drift,seed15,256,46463.09090909091
hpmcounter8,drift,seed15,257,46463.84242424242
hpmcounter8,drift,seed15,258,46464.836363636365
hpmcounter8,drift,seed15,259,46464.94545454546
hpmcounter8,drift,seed15,260,46461.30303030303
hpmcounter8,drift,seed15,261,46462.781818181815
hpmcounter8,drift,seed15,262,46463.61212121212
hpmcounter8,drift,seed15,263,46467.47878787879
hpmcounter8,drift,seed15,264,46470.836363636365
hpmcounter8,drift,seed15,265,46478.86666666667
hpmcounter8,drift,seed15,266,46481.61818181818
hpmcounter8,drift,seed15,267,46491.333333333336
hpmcounter8,drift,seed15,268,46494.90303030303
hpmcounter8,drift,seed15,269,46495.2303030303
hpmcounter8,drift,seed15,270,46489.20606060606
hpmcounter8,drift,seed15,271,46483.8
hpmcounter8,drift,seed15,272,46478.24848484848
hpmcounter8,drift,seed15,273,46478.07272727273
hpmcounter8,drift,seed15,274,46478.836363636365
hpmcounter8,drift,seed15,275,46475.46060606061
hpmcounter8,drift,seed15,276,46472.375757575755
hpmcounter8,drift,seed15,277,46467.181818181816
hpmcounter8,drift,seed15,278,46464.8303030303
hpmcounter8,drift,seed15,279,46463.78787878788
hpmcounter8,drift,seed15,280,46464.32727272727
hpmcounter8,drift,seed15,281,46466.56363636364
hpmcounter8,drift,seed15,282,46469.393939393936
hpmcounter8,drift,seed15,283,46481.20606060606
hpmcounter8,drift,seed15,284,46496.666666666664
hpmcounter8,drift,seed15,285,46500.74545454545
hpmcounter8,drift,seed15,286,46499.975757575754
hpmcounter8,drift,seed15,287,46491.6303030303
hpmcounter8,drift,seed15,288,46487.79393939394
hpmcounter8,drift,seed15,289,46486.00606060606
hpmcounter8,drift,seed15,290,46484.36363636364
hpmcounter8,drift,seed15,291,46483.66060606061
hpmcounter8,drift,seed15,292,46480.89090909091
hpmcounter8,drift,seed15,293,46477.666666666664
hpmcounter8,drift,seed15,294,46475.19393939394
hpmcounter8,drift,seed15,295,46470.969696969696
hpmcounter8,drift,seed15,296,46463.36363636364
hpmcounter8,drift,seed15,297,46460.218181818185
hpmcounter8,drift,seed15,298,46456.242424242424
hpmcounter8,drift,seed16,9,46495.07272727273
hpmcounter8,drift,seed16,10,46487.066666666666
hpmcounter8,drift,seed16,11,46479.38181818182
hpmcounter8,drift,seed16,12,46480.2303030303
hpmcounter8,drift,seed16,13,46477.69696969697
hpmcounter8,drift,seed16,14,46479.763636363634
hpmcounter8,drift,seed16,15,46483.92121212121
hpmcounter8,drift,seed16,16,46489.3696969697
hpmcounter8,drift,seed16,17,46491.50303030303
hpmcounter8,drift,seed16,18,46498.509090909094
hpmcounter8,drift,seed16,19,46504.781818181815
hpmcounter8,drift,seed16,20,46507.46666666667
hpmcounter8,drift,seed16,21,46506.07878787879
hpmcounter8,drift,seed16,22,46507.07878787879
hpmcounter8,drift,seed16,23,46503.69090909091
hpmcounter8,drift,seed16,24,46501.969696969696
hpmcounter8,drift,seed16,25,46498.242424242424
hpmcounter8,drift,seed16,26,46488.78787878788
hpmcounter8,drift,seed16,27,46483.34545454545
hpmcounter8,drift,seed16,28,46480.163636363635
hpmcounter8,drift,seed16,29,46482.42424242424
hpmcounter8,drift,seed16,30,46485.84242424242
hpmcounter8,drift,seed16,31,46489.73333333333
hpmcounter8,drift,seed16,32,46491.32727272727
hpmcounter8,drift,seed16,33,46493.048484848485
hpmcounter8,drift,seed16,34,46492.448484848486
hpmcounter8,drift,seed16,35,46487.181818181816
hpmcounter8,drift,seed16,36,46479.024242424246
hpmcounter8,drift,seed16,37,46473.41818181818
hpmcounter8,drift,seed16,38,46466.81212121212
hpmcounter8,drift,seed16,39,46461.26666666667
hpmcounter8,drift,seed16,40,46461.454545454544
hpmcounter8,drift,seed16,41,46467.2
hpmcounter8,drift,seed16,42,46473.430303030305
hpmcounter8,drift,seed16,43,46481.26666666667
hpmcounter8,drift,seed16,44,46487.17575757576
hpmcounter8,drift,seed16,45,46485.6303030303
hpmcounter8,drift,seed16,46,46486.09696969697
hpmcounter8,drift,seed16,47,46485.69090909091
hpmcounter8,drift,seed16,48,46490.51515151515
hpmcounter8,drift,seed16,49,46492.01818181818
hpmcounter8,drift,seed16,50,46496.44242424242
hpmcounter8,drift,seed16,51,46508.29696969697
hpmcounter8,drift,seed16,52,46516.969696969696
hpmcounter8,drift,seed16,53,46521.98181818182
hpmcounter8,drift,seed16,54,46523.818181818184
hpmcounter8,drift,seed16,55,46522.236363636366
hpmcounter8,drift,seed16,56,46520.52121212121
hpmcounter8,drift,seed16,57,46514.47878787879
hpmcounter8,drift,seed16,58,46512.49696969697
hpmcounter8,drift,seed16,59,46504.684848484845
hpmcounter8,drift,seed16,60,46497.527272727275
hpmcounter8,drift,seed16,61,46498.218181818185
hpmcounter8,drift,seed16,62,46496.41818181818
hpmcounter8,drift,seed16,63,46496.61212121212
hpmcounter8,drift,seed16,64,46501.48484848485
hpmcounter8,drift,seed16,65,46504.024242424246
hpmcounter8,drift,seed16,66,46503.90909090909
hpmcounter8,drift,seed16,67,46503.818181818184
hpmcounter8,drift,seed16,68,46506.80606060606
hpmcounter8,drift,seed16,69,46511.05454545454
hpmcounter8,drift,seed16,70,46504.67878787879
hpmcounter8,drift,seed16,71,46495.781818181815
hpmcounter8,drift,seed16,72,46488.08484848485
hpmcounter8,drift,seed16,73,46478.6303030303
hpmcounter8,drift,seed16,74,46479.163636363635
hpmcounter8,drift,seed16,75,46474.357575757575
hpmcounter8,drift,seed16,76,46469.29090909091
hpmcounter8,drift,seed16,77,46465.91515151515
hpmcounter8,drift,seed16,78,46465.8606060606
hpmcounter8,drift,seed16,79,46474.53939393939
hpmcounter8,drift,seed16,80,46481.2303030303
hpmcounter8,drift,seed16,81,46486.74545454545
hpmcounter8,drift,seed16,82,46494.47878787879
hpmcounter8,drift,seed16,83,46492.8606060606
hpmcounter8,drift,seed16,84,46497.48484848485
hpmcounter8,drift,seed16,85,46497.64848484848
hpmcounter8,drift,seed16,86,46498.38181818182
hpmcounter8,drift,seed16,87,46497.92121212121
hpmcounter8,drift,seed16,88,46494.30909090909
hpmcounter8,drift,seed16,89,46490.26666666667
hpmcounter8,drift,seed16,90,46489.43636363636
hpmcounter8,drift,seed16,91,46484.09090909091
hpmcounter8,drift,seed16,92,46478.52121212121
hpmcounter8,drift,seed16,93,46472.41818181818
hpmcounter8,drift,seed16,94,46473.836363636365
hpmcounter8,drift,seed16,95,46475.32727272727
hpmcounter8,drift,seed16,96,46476.56363636364
hpmcounter8,drift,seed16,97,46474.09090909091
hpmcounter8,drift,seed16,98,46471.18787878788
hpmcounter8,drift,seed16,99,46474.77575757576
hpmcounter8,drift,seed16,100,46477.78787878788
hpmcounter8,drift,seed16,101,46475.07878787879
hpmcounter8,drift,seed16,102,46471.42424242424
hpmcounter8,drift,seed16,103,46469.454545454544
hpmcounter8,drift,seed16,104,46475.236363636366
hpmcounter8,drift,seed16,105,46478.587878787876
hpmcounter8,drift,seed16,106,46479.030303030304
hpmcounter8,drift,seed16,107,46473.430303030305
hpmcounter8,drift,seed16,108,46467.55757575758
hpmcounter8,drift,seed16,109,46465.739393939395
hpmcounter8,drift,seed16,110,46463.40606060606
hpmcounter8,drift,seed16,111,46458.48484848485
hpmcounter8,drift,seed16,112,46450.781818181815
hpmcounter8,drift,seed16,113,46446.00606060606
hpmcounter8,drift,seed16,114,46445.89696969697
hpmcounter8,drift,seed16,115,46448.52121212121
hpmcounter8,drift,seed16,116,46452.65454545455
hpmcounter8,drift,seed16,117,46744.65454545455
hpmcounter8,drift,seed16,118,46972.92121212121
hpmcounter8,drift,seed16,119,47137.642424242425
hpmcounter8,drift,seed16,120,47242.18787878788
hpmcounter8,drift,seed16,121,47281.375757575755
hpmcounter8,drift,seed16,122,47252.472727272725
hpmcounter8,drift,seed16,123,47163.47878787879
hpmcounter8,drift,seed16,124,47005.066666666666
hpmcounter8,drift,seed16,125,46777.18787878788
hpmcounter8,drift,seed16,126,46484.757575757576
hpmcounter8,drift,seed16,127,46476.278787878786
hpmcounter8,drift,seed16,128,46464.94545454546
hpmcounter8,drift,seed16,129,46456.854545454546
hpmcounter8,drift,seed16,130,46454.509090909094
hpmcounter8,drift,seed16,131,46451.42424242424
hpmcounter8,drift,seed16,132,46453.757575757576
hpmcounter8,drift,seed16,133,46460.98181818182
hpmcounter8,drift,seed16,134,46474.53939393939
hpmcounter8,drift,seed16,135,46482.757575757576
hpmcounter8,drift,seed16,136,46488.854545454546
hpmcounter8,drift,seed16,137,46486.2303030303
hpmcounter8,drift,seed16,138,46480.08484848485
hpmcounter8,drift,seed16,139,46477.7696969697
hpmcounter8,drift,seed16,140,46478.90909090909
hpmcounter8,drift,seed16,141,46486.163636363635
hpmcounter8,drift,seed16,142,46497.43636363636
hpmcounter8,drift,seed16,143,46502.65454545455
hpmcounter8,drift,seed16,144,46513.08484848485
hpmcounter8,drift,seed16,145,46519.721212121214
hpmcounter8,drift,seed16,146,46805.4
hpmcounter8,drift,seed16,147,47308.763636363634
hpmcounter8,drift,seed16,148,47967.32727272727
hpmcounter8,drift,seed16,149,48714.65454545455
hpmcounter8,drift,seed16,150,49485.4
hpmcounter8,drift,seed16,151,49957.8606060606
hpmcounter8,drift,seed16,152,50119.25454545455
hpmcounter8,drift,seed16,153,49958.448484848486
hpmcounter8,drift,seed16,154,49486.642424242425
hpmcounter8,drift,seed16,155,48694.86666666667
hpmcounter8,drift,seed16,156,47935.92727272727
hpmcounter8,drift,seed16,157,47275.29090909091
hpmcounter8,drift,seed16,158,46778.96363636364
hpmcounter8,drift,seed16,159,46499.92121212121
hpmcounter8,drift,seed16,160,46498.357575757575
hpmcounter8,drift,seed16,161,46500.15757575758
hpmcounter8,drift,seed16,162,46499.84848484849
hpmcounter8,drift,seed16,163,46497.878787878784
hpmcounter8,drift,seed16,164,46500.65454545455
hpmcounter8,drift,seed16,165,46496.975757575754
hpmcounter8,drift,seed16,166,46491.818181818184
hpmcounter8,drift,seed16,167,46484.30303030303
hpmcounter8,drift,seed16,168,46479.56363636364
hpmcounter8,drift,seed16,169,46478.490909090906
hpmcounter8,drift,seed16,170,46486.50303030303
hpmcounter8,drift,seed16,171,46484.98787878788
hpmcounter8,drift,seed16,172,46479.94545454546
hpmcounter8,drift,seed16,173,46481.41818181818
hpmcounter8,drift,seed16,174,46484.49696969697
hpmcounter8,drift,seed16,175,46491.781818181815
hpmcounter8,drift,seed16,176,46498.99393939394
hpmcounter8,drift,seed16,177,46502.20606060606
hpmcounter8,drift,seed16,178,46501.7696969697
hpmcounter8,drift,seed16,179,46501.55757575758
hpmcounter8,drift,seed16,180,46497.61818181818
hpmcounter8,drift,seed16,181,46488.3696969697
hpmcounter8,drift,seed16,182,46475.26666666667
hpmcounter8,drift,seed16,183,46469.25454545455
hpmcounter8,drift,seed16,184,46459.58181818182
hpmcounter8,drift,seed16,185,46460.448484848486
hpmcounter8,drift,seed16,186,46477.236363636366
hpmcounter8,drift,seed16,187,46492.92727272727
hpmcounter8,drift,seed16,188,46509.024242424246
hpmcounter8,drift,seed16,189,46529.47878787879
hpmcounter8,drift,seed16,190,46535.8
hpmcounter8,drift,seed16,191,46535.30303030303
hpmcounter8,drift,seed16,192,46525.71515151515
hpmcounter8,drift,seed16,193,46515.587878787876
hpmcounter8,drift,seed16,194,46496.46060606061
hpmcounter8,drift,seed16,195,46482.44242424242
hpmcounter8,drift,seed16,196,46475.048484848485
hpmcounter8,drift,seed16,197,46467.854545454546
hpmcounter8,drift,seed16,198,46468.030303030304
hpmcounter8,drift,seed16,199,46474.721212121214
hpmcounter8,drift,seed16,200,46481.74545454545
hpmcounter8,drift,seed16,201,46483.509090909094
hpmcounter8,drift,seed16,202,46487.46060606061
hpmcounter8,drift,seed16,203,46488.92727272727
hpmcounter8,drift,seed16,204,46485.7696969697
hpmcounter8,drift,seed16,205,46486.46060606061
hpmcounter8,drift,seed16,206,46483.21212121212
hpmcounter8,drift,seed16,207,46481.05454545454
hpmcounter8,drift,seed16,208,46482.20606060606
hpmcounter8,drift,seed16,209,46478.46666666667
hpmcounter8,drift,seed16,210,46478.854545454546
hpmcounter8,drift,seed16,211,46474.836363636365
hpmcounter8,drift,seed16,212,46477.757575757576
hpmcounter8,drift,seed16,213,46479.09090909091
hpmcounter8,drift,seed16,214,46478.024242424246
hpmcounter8,drift,seed16,215,46480.3696969697
hpmcounter8,drift,seed16,216,46482.1696969697
hpmcounter8,drift,seed16,217,46479.43636363636
hpmcounter8,drift,seed16,218,46477.46666666667
hpmcounter8,drift,seed16,219,46470.96363636364
hpmcounter8,drift,seed16,220,46465.05454545454
hpmcounter8,drift,seed16,221,46458.92121212121
hpmcounter8,drift,seed16,222,46457.32727272727
hpmcounter8,drift,seed16,223,46454.38181818182
hpmcounter8,drift,seed16,224,46452.6
hpmcounter8,drift,seed16,225,46452.67878787879
hpmcounter8,drift,seed16,226,46454.35151515152
hpmcounter8,drift,seed16,227,46448.36363636364
hpmcounter8,drift,seed16,228,46439.721212121214
hpmcounter8,drift,seed16,229,46431.94545454546
hpmcounter8,drift,seed16,230,46427.69090909091
hpmcounter8,drift,seed16,231,46432.666666666664
hpmcounter8,drift,seed16,232,46446.89696969697
hpmcounter8,drift,seed16,233,46462.315151515155
hpmcounter8,drift,seed16,234,46480.55757575758
hpmcounter8,drift,seed16,235,46496.84242424242
hpmcounter8,drift,seed16,236,46508.8
hpmcounter8,drift,seed16,237,46514.51515151515
hpmcounter8,drift,seed16,238,46515.218181818185
hpmcounter8,drift,seed16,239,46504.20606060606
hpmcounter8,drift,seed16,240,46498.52121212121
hpmcounter8,drift,seed16,241,46491.260606060605
hpmcounter8,drift,seed16,242,46488.88484848485
hpmcounter8,drift,seed16,243,46485.65454545455
hpmcounter8,drift,seed16,244,46485.242424242424
hpmcounter8,drift,seed16,245,46485.569696969695
hpmcounter8,drift,seed16,246,46483.51515151515
hpmcounter8,drift,seed16,247,46482.145454545454
hpmcounter8,drift,seed16,248,46481.30909090909
hpmcounter8,drift,seed16,249,46480.024242424246
hpmcounter8,drift,seed16,250,46484.56363636364
hpmcounter8,drift,seed16,251,46486.35151515152
hpmcounter8,drift,seed16,252,46490.61212121212
hpmcounter8,drift,seed16,253,46491.89696969697
hpmcounter8,drift,seed16,254,46497.218181818185
hpmcounter8,drift,seed16,255,46499.38181818182
hpmcounter8,drift,seed16,256,46497.90303030303
hpmcounter8,drift,seed16,257,46503.145454545454
hpmcounter8,drift,seed16,258,46501.44242424242
hpmcounter8,drift,seed16,259,46783.41818181818
hpmcounter8,drift,seed16,260,47001.74545454545
hpmcounter8,drift,seed16,261,47436.87272727273
hpmcounter8,drift,seed16,262,47754.19393939394
hpmcounter8,drift,seed16,263,47942.78787878788
hpmcounter8,drift,seed16,264,48295.28484848485
hpmcounter8,drift,seed16,265,48740.490909090906
hpmcounter8,drift,seed16,266,49207.61212121212
hpmcounter8,drift,seed16,267,49652.01212121212
hpmcounter8,drift,seed16,268,49999.0
hpmcounter8,drift,seed16,269,50249.55757575758
hpmcounter8,drift,seed16,270,50121.163636363635
hpmcounter8,drift,seed16,271,49960.684848484845
hpmcounter8,drift,seed16,272,49491.6303030303
hpmcounter8,drift,seed16,273,48706.06060606061
hpmcounter8,drift,seed16,274,47953.1696969697
hpmcounter8,drift,seed16,275,47299.969696969696
hpmcounter8,drift,seed16,276,46791.71515151515
hpmcounter8,drift,seed16,277,46503.67272727273
hpmcounter8,drift,seed16,278,46498.854545454546
hpmcounter8,drift,seed16,279,46498.90303030303
hpmcounter8,drift,seed16,280,46499.01212121212
hpmcounter8,drift,seed16,281,46501.969696969696
hpmcounter8,drift,seed16,282,46503.490909090906
hpmcounter8,drift,seed16,283,46503.933333333334
hpmcounter8,drift,seed16,284,46502.65454545455
hpmcounter8,drift,seed16,285,46498.25454545455
hpmcounter8,drift,seed16,286,46494.22424242424
hpmcounter8,drift,seed16,287,46488.09696969697
hpmcounter8,drift,seed16,288,46482.8606060606
hpmcounter8,drift,seed16,289,46488.87272727273
hpmcounter8,drift,seed16,290,46493.51515151515
hpmcounter8,drift,seed16,291,46498.56363636364
hpmcounter8,drift,seed16,292,46509.93939393939
hpmcounter8,drift,seed16,293,46510.048484848485
hpmcounter8,drift,seed16,294,46516.030303030304
hpmcounter8,drift,seed16,295,46507.38181818182
hpmcounter8,drift,seed16,296,46501.81212121212
hpmcounter8,drift,seed16,297,46492.69090909091
hpmcounter8,drift,seed16,298,46484.19393939394
hpmcounter8,drift,seed17,9,47449.51515151515
hpmcounter8,drift,seed17,10,47652.1696969697
hpmcounter8,drift,seed17,11,48037.00606060606
hpmcounter8,drift,seed17,12,48531.98787878788
hpmcounter8,drift,seed17,13,49079.030303030304
hpmcounter8,drift,seed17,14,49617.08484848485
hpmcounter8,drift,seed17,15,50083.41818181818
hpmcounter8,drift,seed17,16,50413.24848484848
hpmcounter8,drift,seed17,17,50828.878787878784
hpmcounter8,drift,seed17,18,51334.333333333336
hpmcounter8,drift,seed17,19,51615.375757575755
hpmcounter8,drift,seed17,20,51625.36363636364
hpmcounter8,drift,seed17,21,51637.44242424242
hpmcounter8,drift,seed17,22,51648.739393939395
hpmcounter8,drift,seed17,23,51375.030303030304
hpmcounter8,drift,seed17,24,50881.818181818184
hpmcounter8,drift,seed17,25,50224.25454545455
hpmcounter8,drift,seed17,26,49470.236363636366
hpmcounter8,drift,seed17,27,48685.145454545454
hpmcounter8,drift,seed17,28,47932.606060606064
hpmcounter8,drift,seed17,29,47267.69090909091
hpmcounter8,drift,seed17,30,46770.375757575755
hpmcounter8,drift,seed17,31,46493.98787878788
hpmcounter8,drift,seed17,32,46500.67272727273
hpmcounter8,drift,seed17,33,46504.18787878788
hpmcounter8,drift,seed17,34,46508.67272727273
hpmcounter8,drift,seed17,35,46515.145454545454
hpmcounter8,drift,seed17,36,46523.30909090909
hpmcounter8,drift,seed17,37,46528.06060606061
hpmcounter8,drift,seed17,38,46529.818181818184
hpmcounter8,drift,seed17,39,46524.357575757575
hpmcounter8,drift,seed17,40,46521.933333333334
hpmcounter8,drift,seed17,41,46518.357575757575
hpmcounter8,drift,seed17,42,46511.77575757576
hpmcounter8,drift,seed17,43,46506.624242424245
hpmcounter8,drift,seed17,44,46504.75151515152
hpmcounter8,drift,seed17,45,46506.35151515152
hpmcounter8,drift,seed17,46,46512.684848484845
hpmcounter8,drift,seed17,47,46515.48484848485
hpmcounter8,drift,seed17,48,46518.066666666666
hpmcounter8,drift,seed17,49,46514.642424242425
hpmcounter8,drift,seed17,50,46507.854545454546
hpmcounter8,drift,seed17,51,46499.47878787879
hpmcounter8,drift,seed17,52,46495.92121212121
hpmcounter8,drift,seed17,53,46495.2
hpmcounter8,drift,seed17,54,46496.29090909091
hpmcounter8,drift,seed17,55,46487.818181818184
hpmcounter8,drift,seed17,56,46485.86666666667
hpmcounter8,drift,seed17,57,46485.21212121212
hpmcounter8,drift,seed17,58,46486.56363636364
hpmcounter8,drift,seed17,59,46482.87272727273
hpmcounter8,drift,seed17,60,46471.854545454546
hpmcounter8,drift,seed17,61,46465.545454545456
hpmcounter8,drift,seed17,62,46461.024242424246
hpmcounter8,drift,seed17,63,46464.545454545456
hpmcounter8,drift,seed17,64,46472.357575757575
hpmcounter8,drift,seed17,65,46471.07878787879
hpmcounter8,drift,seed17,66,46474.66060606061
hpmcounter8,drift,seed17,67,46479.63636363636
hpmcounter8,drift,seed17,68,46482.18787878788
hpmcounter8,drift,seed17,69,46478.43636363636
hpmcounter8,drift,seed17,70,46471.1393939394
hpmcounter8,drift,seed17,71,46464.80606060606
hpmcounter8,drift,seed17,72,46454.28484848485
hpmcounter8,drift,seed17,73,46454.07272727273
hpmcounter8,drift,seed17,74,46466.278787878786
hpmcounter8,drift,seed17,75,46473.545454545456
hpmcounter8,drift,seed17,76,46481.84848484849
hpmcounter8,drift,seed17,77,46494.58181818182
hpmcounter8,drift,seed17,78,46505.18787878788
hpmcounter8,drift,seed17,79,46512.40606060606
hpmcounter8,drift,seed17,80,46517.84848484849
hpmcounter8,drift,seed17,81,46519.393939393936
hpmcounter8,drift,seed17,82,46519.15151515151
hpmcounter8,drift,seed17,83,46515.7696969697
hpmcounter8,drift,seed17,84,46514.2
hpmcounter8,drift,seed17,85,46503.80606060606
hpmcounter8,drift,seed17,86,46486.61818181818
hpmcounter8,drift,seed17,87,46474.43636363636
hpmcounter8,drift,seed17,88,46467.569696969695
hpmcounter8,drift,seed17,89,46462.624242424245
hpmcounter8,drift,seed17,90,46465.47878787879
hpmcounter8,drift,seed17,91,46473.490909090906
hpmcounter8,drift,seed17,92,46484.527272727275
hpmcounter8,drift,seed17,93,46491.70909090909
hpmcounter8,drift,seed17,94,46488.21212121212
hpmcounter8,drift,seed17,95,46485.24848484848
hpmcounter8,drift,seed17,96,46475.878787878784
hpmcounter8,drift,seed17,97,46469.09696969697
hpmcounter8,drift,seed17,98,46467.46666666667
hpmcounter8,drift,seed17,99,46466.13333333333
hpmcounter8,drift,seed17,100,46461.569696969695
hpmcounter8,drift,seed17,101,46465.70909090909
hpmcounter8,drift,seed17,102,46464.19393939394
hpmcounter8,drift,seed17,103,46470.71515151515
hpmcounter8,drift,seed17,104,46469.24848484848
hpmcounter8,drift,seed17,105,46473.8303030303
hpmcounter8,drift,seed17,106,46471.163636363635
hpmcounter8,drift,seed17,107,46468.99393939394
hpmcounter8,drift,seed17,108,46467.71515151515
hpmcounter8,drift,seed17,109,46467.878787878784
hpmcounter8,drift,seed17,110,46455.854545454546
hpmcounter8,drift,seed17,111,46452.739393939395
hpmcounter8,drift,seed17,112,46441.92121212121
hpmcounter8,drift,seed17,113,46436.99393939394
hpmcounter8,drift,seed17,114,46434.27272727273
hpmcounter8,drift,seed17,115,46436.92727272727
hpmcounter8,drift,seed17,116,46438.84848484849
hpmcounter8,drift,seed17,117,46448.20606060606
hpmcounter8,drift,seed17,118,46456.32121212121
hpmcounter8,drift,seed17,119,46456.48484848485
hpmcounter8,drift,seed17,120,46459.98787878788
hpmcounter8,drift,seed17,121,46468.61818181818
hpmcounter8,drift,seed17,122,46481.242424242424
hpmcounter8,drift,seed17,123,46483.67272727273
hpmcounter8,drift,seed17,124,46484.46060606061
hpmcounter8,drift,seed17,125,46481.86666666667
hpmcounter8,drift,seed17,126,46474.42424242424
hpmcounter8,drift,seed17,127,46469.315151515155
hpmcounter8,drift,seed17,128,46461.163636363635
hpmcounter8,drift,seed17,129,46446.49696969697
hpmcounter8,drift,seed17,130,46438.53939393939
hpmcounter8,drift,seed17,131,46436.90303030303
hpmcounter8,drift,seed17,132,46445.6303030303
hpmcounter8,drift,seed17,133,46451.07878787879
hpmcounter8,drift,seed17,134,46460.21212121212
hpmcounter8,drift,seed17,135,46471.89696969697
hpmcounter8,drift,seed17,136,46480.42424242424
hpmcounter8,drift,seed17,137,46482.98787878788
hpmcounter8,drift,seed17,138,46478.0
hpmcounter8,drift,seed17,139,46474.03636363636
hpmcounter8,drift,seed17,140,46468.61212121212
hpmcounter8,drift,seed17,141,46465.67272727273
hpmcounter8,drift,seed17,142,46465.024242424246
hpmcounter8,drift,seed17,143,46461.606060606064
hpmcounter8,drift,seed17,144,46458.55757575758
hpmcounter8,drift,seed17,145,46462.3696969697
hpmcounter8,drift,seed17,146,46469.71515151515
hpmcounter8,drift,seed17,147,46474.73333333333
hpmcounter8,drift,seed17,148,46475.19393939394
hpmcounter8,drift,seed17,149,46474.04242424243
hpmcounter8,drift,seed17,150,46474.10909090909
hpmcounter8,drift,seed17,151,46474.10909090909
hpmcounter8,drift,seed17,152,46471.87272727273
hpmcounter8,drift,seed17,153,46465.066666666666
hpmcounter8,drift,seed17,154,46456.84242424242
hpmcounter8,drift,seed17,155,46454.975757575754
hpmcounter8,drift,seed17,156,46462.509090909094
hpmcounter8,drift,seed17,157,46472.8303030303
hpmcounter8,drift,seed17,158,46762.975757575754
hpmcounter8,drift,seed17,159,47274.81212121212
hpmcounter8,drift,seed17,160,47945.92121212121
hpmcounter8,drift,seed17,161,48424.46666666667
hpmcounter8,drift,seed17,162,48710.71515151515
hpmcounter8,drift,seed17,163,48806.70909090909
hpmcounter8,drift,seed17,164,48997.666666666664
hpmcounter8,drift,seed17,165,48934.66060606061
hpmcounter8,drift,seed17,166,48619.13333333333
hpmcounter8,drift,seed17,167,48054.64848484848
hpmcounter8,drift,seed17,168,47582.26666666667
hpmcounter8,drift,seed17,169,47272.59393939394
hpmcounter8,drift,seed17,170,47181.357575757575
hpmcounter8,drift,seed17,171,47016.545454545456
hpmcounter8,drift,seed17,172,46792.527272727275
hpmcounter8,drift,seed17,173,46506.15151515151
hpmcounter8,drift,seed17,174,46507.48484848485
hpmcounter8,drift,seed17,175,46505.65454545455
hpmcounter8,drift,seed17,176,46784.27272727273
hpmcounter8,drift,seed17,177,47279.836363636365
hpmcounter8,drift,seed17,178,47935.41818181818
hpmcounter8,drift,seed17,179,48407.01818181818
hpmcounter8,drift,seed17,180,48687.89090909091
hpmcounter8,drift,seed17,181,48770.46060606061
hpmcounter8,drift,seed17,182,48671.32121212121
hpmcounter8,drift,seed17,183,48384.969696969696
hpmcounter8,drift,seed17,184,47918.30909090909
hpmcounter8,drift,seed17,185,47261.96363636364
hpmcounter8,drift,seed17,186,46764.181818181816
hpmcounter8,drift,seed17,187,46477.1696969697
hpmcounter8,drift,seed17,188,46474.181818181816
hpmcounter8,drift,seed17,189,46470.818181818184
hpmcounter8,drift,seed17,190,46467.569696969695
hpmcounter8,drift,seed17,191,46462.606060606064
hpmcounter8,drift,seed17,192,46458.34545454545
hpmcounter8,drift,seed17,193,46454.315151515155
hpmcounter8,drift,seed17,194,46454.50303030303
hpmcounter8,drift,seed17,195,46453.606060606064
hpmcounter8,drift,seed17,196,46459.46060606061
hpmcounter8,drift,seed17,197,46459.93939393939
hpmcounter8,drift,seed17,198,46465.29696969697
hpmcounter8,drift,seed17,199,46463.3696969697
hpmcounter8,drift,seed17,200,46462.90909090909
hpmcounter8,drift,seed17,201,46464.43636363636
hpmcounter8,drift,seed17,202,46471.545454545456
hpmcounter8,drift,seed17,203,46480.67878787879
hpmcounter8,drift,seed17,204,46481.42424242424
hpmcounter8,drift,seed17,205,46475.721212121214
hpmcounter8,drift,seed17,206,46474.05454545454
hpmcounter8,drift,seed17,207,46469.94545454546
hpmcounter8,drift,seed17,208,46466.98787878788
hpmcounter8,drift,seed17,209,46457.47878787879
hpmcounter8,drift,seed17,210,46450.412121212124
hpmcounter8,drift,seed17,211,46446.375757575755
hpmcounter8,drift,seed17,212,46449.81212121212
hpmcounter8,drift,seed17,213,46463.67878787879
hpmcounter8,drift,seed17,214,46474.472727272725
hpmcounter8,drift,seed17,215,46483.1393939394
hpmcounter8,drift,seed17,216,46491.412121212124
hpmcounter8,drift,seed17,217,46503.61212121212
hpmcounter8,drift,seed17,218,46509.1393939394
hpmcounter8,drift,seed17,219,46507.81212121212
hpmcounter8,drift,seed17,220,46505.57575757576
hpmcounter8,drift,seed17,221,46505.739393939395
hpmcounter8,drift,seed17,222,46505.333333333336
hpmcounter8,drift,seed17,223,46505.30303030303
hpmcounter8,drift,seed17,224,46508.70303030303
hpmcounter8,drift,seed17,225,46499.472727272725
hpmcounter8,drift,seed17,226,46488.854545454546
hpmcounter8,drift,seed17,227,46490.260606060605
hpmcounter8,drift,seed17,228,46494.46666666667
hpmcounter8,drift,seed17,229,46490.8
hpmcounter8,drift,seed17,230,46485.278787878786
hpmcounter8,drift,seed17,231,46478.07272727273
hpmcounter8,drift,seed17,232,46472.7696969697
hpmcounter8,drift,seed17,233,46463.6303030303
hpmcounter8,drift,seed17,234,46456.066666666666
hpmcounter8,drift,seed17,235,46444.587878787876
hpmcounter8,drift,seed17,236,46434.74545454545
hpmcounter8,drift,seed17,237,46437.163636363635
hpmcounter8,drift,seed17,238,46448.333333333336
hpmcounter8,drift,seed17,239,46457.99393939394
hpmcounter8,drift,seed17,240,46472.236363636366
hpmcounter8,drift,seed17,241,46481.53939393939
hpmcounter8,drift,seed17,242,46487.66060606061
hpmcounter8,drift,seed17,243,46486.75151515152
hpmcounter8,drift,seed17,244,46479.86666666667
hpmcounter8,drift,seed17,245,46473.63636363636
hpmcounter8,drift,seed17,246,46466.10909090909
hpmcounter8,drift,seed17,247,46463.42424242424
hpmcounter8,drift,seed17,248,46460.36363636364
hpmcounter8,drift,seed17,249,46458.28484848485
hpmcounter8,drift,seed17,250,46457.2
hpmcounter8,drift,seed17,251,46461.89090909091
hpmcounter8,drift,seed17,252,46465.569696969695
hpmcounter8,drift,seed17,253,46467.2
hpmcounter8,drift,seed17,254,46470.15757575758
hpmcounter8,drift,seed17,255,46478.88484848485
hpmcounter8,drift,seed17,256,46483.21212121212
hpmcounter8,drift,seed17,257,46487.72727272727
hpmcounter8,drift,seed17,258,46487.43636363636
hpmcounter8,drift,seed17,259,46488.357575757575
hpmcounter8,drift,seed17,260,46481.236363636366
hpmcounter8,drift,seed17,261,46478.527272727275
hpmcounter8,drift,seed17,262,46476.454545454544
hpmcounter8,drift,seed17,263,46474.32727272727
hpmcounter8,drift,seed17,264,46467.57575757576
hpmcounter8,drift,seed17,265,46467.17575757576
hpmcounter8,drift,seed17,266,46470.84242424242
hpmcounter8,drift,seed17,267,46472.53939393939
hpmcounter8,drift,seed17,268,46476.048484848485
hpmcounter8,drift,seed17,269,46479.89696969697
hpmcounter8,drift,seed17,270,46476.624242424245
hpmcounter8,drift,seed17,271,46474.05454545454
hpmcounter8,drift,seed17,272,46473.50303030303
hpmcounter8,drift,seed17,273,46472.4
hpmcounter8,drift,seed17,274,46466.624242424245
hpmcounter8,drift,seed17,275,46460.969696969696
hpmcounter8,drift,seed17,276,46454.375757575755
hpmcounter8,drift,seed17,277,46454.90303030303
hpmcounter8,drift,seed17,278,46460.17575757576
hpmcounter8,drift,seed17,279,46467.24848484848
hpmcounter8,drift,seed17,280,46476.99393939394
hpmcounter8,drift,seed17,281,46485.40606060606
hpmcounter8,drift,seed17,282,46497.242424242424
hpmcounter8,drift,seed17,283,46503.34545454545
hpmcounter8,drift,seed17,284,46510.0
hpmcounter8,drift,seed17,285,46511.80606060606
hpmcounter8,drift,seed17,286,46506.79393939394
hpmcounter8,drift,seed17,287,46507.545454545456
hpmcounter8,drift,seed17,288,46497.878787878784
hpmcounter8,drift,seed17,289,46485.72727272727
hpmcounter8,drift,seed17,290,46474.20606060606
hpmcounter8,drift,seed17,291,46465.19393939394
hpmcounter8,drift,seed17,292,46464.11515151515
hpmcounter8,drift,seed17,293,46458.30909090909
hpmcounter8,drift,seed17,294,46461.2
hpmcounter8,drift,seed17,295,46459.490909090906
hpmcounter8,drift,seed17,296,46458.69090909091
hpmcounter8,drift,seed17,297,46463.90909090909
hpmcounter8,drift,seed17,298,46466.4
hpmcounter8,drift,seed18,9,46504.61818181818
hpmcounter8,drift,seed18,10,46504.67272727273
hpmcounter8,drift,seed18,11,46503.242424242424
hpmcounter8,drift,seed18,12,46506.34545454545
hpmcounter8,drift,seed18,13,46503.75151515152
hpmcounter8,drift,seed18,14,46507.42424242424
hpmcounter8,drift,seed18,15,46506.67272727273
hpmcounter8,drift,seed18,16,46505.666666666664
hpmcounter8,drift,seed18,17,46502.00606060606
hpmcounter8,drift,seed18,18,46500.90909090909
hpmcounter8,drift,seed18,19,46503.430303030305
hpmcounter8,drift,seed18,20,46504.89696969697
hpmcounter8,drift,seed18,21,46502.84242424242
hpmcounter8,drift,seed18,22,46501.00606060606
hpmcounter8,drift,seed18,23,46495.739393939395
hpmcounter8,drift,seed18,24,46496.181818181816
hpmcounter8,drift,seed18,25,46490.490909090906
hpmcounter8,drift,seed18,26,46479.024242424246
hpmcounter8,drift,seed18,27,46462.78787878788
hpmcounter8,drift,seed18,28,46450.12727272727
hpmcounter8,drift,seed18,29,46447.53939393939
hpmcounter8,drift,seed18,30,46454.430303030305
hpmcounter8,drift,seed18,31,46459.22424242424
hpmcounter8,drift,seed18,32,46458.66060606061
hpmcounter8,drift,seed18,33,46461.454545454544
hpmcounter8,drift,seed18,34,46463.666666666664
hpmcounter8,drift,seed18,35,46458.70303030303
hpmcounter8,drift,seed18,36,46453.545454545456
hpmcounter8,drift,seed18,37,46446.278787878786
hpmcounter8,drift,seed18,38,46440.739393939395
hpmcounter8,drift,seed18,39,46436.53939393939
hpmcounter8,drift,seed18,40,46445.757575757576
hpmcounter8,drift,seed18,41,46459.8303030303
hpmcounter8,drift,seed18,42,46469.29090909091
hpmcounter8,drift,seed18,43,46480.624242424245
hpmcounter8,drift,seed18,44,46490.3696969697
hpmcounter8,drift,seed18,45,46493.10909090909
hpmcounter8,drift,seed18,46,46495.412121212124
hpmcounter8,drift,seed18,47,46496.551515151514
hpmcounter8,drift,seed18,48,46500.26666666667
hpmcounter8,drift,seed18,49,46500.81212121212
hpmcounter8,drift,seed18,50,46503.393939393936
hpmcounter8,drift,seed18,51,46513.96363636364
hpmcounter8,drift,seed18,52,46516.05454545454
hpmcounter8,drift,seed18,53,46517.57575757576
hpmcounter8,drift,seed18,54,46521.15757575758
hpmcounter8,drift,seed18,55,46524.11515151515
hpmcounter8,drift,seed18,56,46522.47878787879
hpmcounter8,drift,seed18,57,46518.684848484845
hpmcounter8,drift,seed18,58,46517.41818181818
hpmcounter8,drift,seed18,59,46517.51515151515
hpmcounter8,drift,seed18,60,46514.03636363636
hpmcounter8,drift,seed18,61,46514.721212121214
hpmcounter8,drift,seed18,62,46507.98787878788
hpmcounter8,drift,seed18,63,46500.024242424246
hpmcounter8,drift,seed18,64,46499.393939393936
hpmcounter8,drift,seed18,65,46498.15757575758
hpmcounter8,drift,seed18,66,46489.975757575754
hpmcounter8,drift,seed18,67,46486.26666666667
hpmcounter8,drift,seed18,68,46487.606060606064
hpmcounter8,drift,seed18,69,46494.739393939395
hpmcounter8,drift,seed18,70,46493.854545454546
hpmcounter8,drift,seed18,71,46491.59393939394
hpmcounter8,drift,seed18,72,46487.35151515152
hpmcounter8,drift,seed18,73,46477.19393939394
hpmcounter8,drift,seed18,74,46473.18787878788
hpmcounter8,drift,seed18,75,46465.65454545455
hpmcounter8,drift,seed18,76,46453.82424242424
hpmcounter8,drift,seed18,77,46443.933333333334
hpmcounter8,drift,seed18,78,46439.242424242424
hpmcounter8,drift,seed18,79,46445.43636363636
hpmcounter8,drift,seed18,80,46453.46060606061
hpmcounter8,drift,seed18,81,46459.89696969697
hpmcounter8,drift,seed18,82,46473.357575757575
hpmcounter8,drift,seed18,83,46479.46060606061
hpmcounter8,drift,seed18,84,46486.50303030303
hpmcounter8,drift,seed18,85,46487.88484848485
hpmcounter8,drift,seed18,86,46489.260606060605
hpmcounter8,drift,seed18,87,46487.44242424242
hpmcounter8,drift,seed18,88,46479.87272727273
hpmcounter8,drift,seed18,89,46476.47878787879
hpmcounter8,drift,seed18,90,46478.30303030303
hpmcounter8,drift,seed18,91,46474.163636363635
hpmcounter8,drift,seed18,92,46475.30303030303
hpmcounter8,drift,seed18,93,46476.81212121212
hpmcounter8,drift,seed18,94,46478.818181818184
hpmcounter8,drift,seed18,95,46479.49696969697
hpmcounter8,drift,seed18,96,46479.569696969695
hpmcounter8,drift,seed18,97,46478.81212121212
hpmcounter8,drift,seed18,98,46474.32121212121
hpmcounter8,drift,seed18,99,46472.38181818182
hpmcounter8,drift,seed18,100,46477.12727272727
hpmcounter8,drift,seed18,101,46478.96363636364
hpmcounter8,drift,seed18,102,46481.15757575758
hpmcounter8,drift,seed18,103,46481.878787878784
hpmcounter8,drift,seed18,104,46487.34545454545
hpmcounter8,drift,seed18,105,46492.527272727275
hpmcounter8,drift,seed18,106,46489.49696969697
hpmcounter8,drift,seed18,107,46479.55757575758
hpmcounter8,drift,seed18,108,46471.27272727273
hpmcounter8,drift,seed18,109,46466.121212121216
hpmcounter8,drift,seed18,110,46464.739393939395
hpmcounter8,drift,seed18,111,46459.07272727273
hpmcounter8,drift,seed18,112,46455.32727272727
hpmcounter8,drift,seed18,113,46450.09696969697
hpmcounter8,drift,seed18,114,46453.836363636365
hpmcounter8,drift,seed18,115,46460.74545454545
hpmcounter8,drift,seed18,116,46465.818181818184
hpmcounter8,drift,seed18,117,46459.3696969697
hpmcounter8,drift,seed18,118,46457.74545454545
hpmcounter8,drift,seed18,119,46463.739393939395
hpmcounter8,drift,seed18,120,46470.024242424246
hpmcounter8,drift,seed18,121,46468.236363636366
hpmcounter8,drift,seed18,122,46463.52121212121
hpmcounter8,drift,seed18,123,46457.448484848486
hpmcounter8,drift,seed18,124,46453.28484848485
hpmcounter8,drift,seed18,125,46445.67878787879
hpmcounter8,drift,seed18,126,46446.933333333334
hpmcounter8,drift,seed18,127,46444.69696969697
hpmcounter8,drift,seed18,128,46448.260606060605
hpmcounter8,drift,seed18,129,46453.43636363636
hpmcounter8,drift,seed18,130,46455.75151515152
hpmcounter8,drift,seed18,131,46459.47878787879
hpmcounter8,drift,seed18,132,46462.1393939394
hpmcounter8,drift,seed18,133,46468.472727272725
hpmcounter8,drift,seed18,134,46474.30909090909
hpmcounter8,drift,seed18,135,46474.89090909091
hpmcounter8,drift,seed18,136,46476.2303030303
hpmcounter8,drift,seed18,137,46478.11515151515
hpmcounter8,drift,seed18,138,46482.77575757576
hpmcounter8,drift,seed18,139,46484.854545454546
hpmcounter8,drift,seed18,140,46483.490909090906
hpmcounter8,drift,seed18,141,46478.53333333333
hpmcounter8,drift,seed18,142,46472.32727272727
hpmcounter8,drift,seed18,143,46750.90303030303
hpmcounter8,drift,seed18,144,47247.51515151515
hpmcounter8,drift,seed18,145,47906.00606060606
hpmcounter8,drift,seed18,146,48375.0
hpmcounter8,drift,seed18,147,48656.69696969697
hpmcounter8,drift,seed18,148,48750.412121212124
hpmcounter8,drift,seed18,149,48660.145454545454
hpmcounter8,drift,seed18,150,48383.44242424242
hpmcounter8,drift,seed18,151,47913.00606060606
hpmcounter8,drift,seed18,152,47255.41818181818
hpmcounter8,drift,seed18,153,46760.357575757575
hpmcounter8,drift,seed18,154,46486.375757575755
hpmcounter8,drift,seed18,155,46492.75151515152
hpmcounter8,drift,seed18,156,46497.19393939394
hpmcounter8,drift,seed18,157,46499.448484848486
hpmcounter8,drift,seed18,158,46499.33939393939
hpmcounter8,drift,seed18,159,46496.49696969697
hpmcounter8,drift,seed18,160,46491.06060606061
hpmcounter8,drift,seed18,161,46480.878787878784
hpmcounter8,drift,seed18,162,46473.95757575757
hpmcounter8,drift,seed18,163,46749.70303030303
hpmcounter8,drift,seed18,164,47255.72727272727
hpmcounter8,drift,seed18,165,47916.19393939394
hpmcounter8,drift,seed18,166,48678.74545454545
hpmcounter8,drift,seed18,167,49475.57575757576
hpmcounter8,drift,seed18,168,50244.448484848486
hpmcounter8,drift,seed18,169,50632.6303030303
hpmcounter8,drift,seed18,170,50645.2303030303
hpmcounter8,drift,seed18,171,50280.46060606061
hpmcounter8,drift,seed18,172,49538.75151515152
hpmcounter8,drift,seed18,173,48755.048484848485
hpmcounter8,drift,seed18,174,48002.01212121212
hpmcounter8,drift,seed18,175,47331.666666666664
hpmcounter8,drift,seed18,176,46818.09696969697
hpmcounter8,drift,seed18,177,46529.454545454544
hpmcounter8,drift,seed18,178,46520.92727272727
hpmcounter8,drift,seed18,179,46509.163636363635
hpmcounter8,drift,seed18,180,46506.278787878786
hpmcounter8,drift,seed18,181,46508.121212121216
hpmcounter8,drift,seed18,182,46510.01818181818
hpmcounter8,drift,seed18,183,46515.8303030303
hpmcounter8,drift,seed18,184,46531.448484848486
hpmcounter8,drift,seed18,185,46536.448484848486
hpmcounter8,drift,seed18,186,46530.448484848486
hpmcounter8,drift,seed18,187,46527.50303030303
hpmcounter8,drift,seed18,188,46519.1696969697
hpmcounter8,drift,seed18,189,46508.56363636364
hpmcounter8,drift,seed18,190,46501.01818181818
hpmcounter8,drift,seed18,191,46497.15151515151
hpmcounter8,drift,seed18,192,46494.90909090909
hpmcounter8,drift,seed18,193,46492.07878787879
hpmcounter8,drift,seed18,194,46501.66060606061
hpmcounter8,drift,seed18,195,46502.642424242425
hpmcounter8,drift,seed18,196,46494.77575757576
hpmcounter8,drift,seed18,197,46488.27272727273
hpmcounter8,drift,seed18,198,46760.55757575758
hpmcounter8,drift,seed18,199,47258.15151515151
hpmcounter8,drift,seed18,200,47908.40606060606
hpmcounter8,drift,seed18,201,48375.25454545455
hpmcounter8,drift,seed18,202,48659.472727272725
hpmcounter8,drift,seed18,203,48755.11515151515
hpmcounter8,drift,seed18,204,48666.836363636365
hpmcounter8,drift,seed18,205,48383.58181818182
hpmcounter8,drift,seed18,206,47909.03636363636
hpmcounter8,drift,seed18,207,47252.472727272725
hpmcounter8,drift,seed18,208,46751.757575757576
hpmcounter8,drift,seed18,209,46469.757575757576
hpmcounter8,drift,seed18,210,46471.61212121212
hpmcounter8,drift,seed18,211,46476.181818181816
hpmcounter8,drift,seed18,212,46481.71515151515
hpmcounter8,drift,seed18,213,46491.36363636364
hpmcounter8,drift,seed18,214,46501.46060606061
hpmcounter8,drift,seed18,215,46504.472727272725
hpmcounter8,drift,seed18,216,46504.721212121214
hpmcounter8,drift,seed18,217,46503.181818181816
hpmcounter8,drift,seed18,218,46494.951515151515
hpmcounter8,drift,seed18,219,46482.587878787876
hpmcounter8,drift,seed18,220,46467.26666666667
hpmcounter8,drift,seed18,221,46458.07878787879
hpmcounter8,drift,seed18,222,46449.09696969697
hpmcounter8,drift,seed18,223,46446.89090909091
hpmcounter8,drift,seed18,224,46449.278787878786
hpmcounter8,drift,seed18,225,46453.393939393936
hpmcounter8,drift,seed18,226,46459.05454545454
hpmcounter8,drift,seed18,227,46468.94545454546
hpmcounter8,drift,seed18,228,46473.527272727275
hpmcounter8,drift,seed18,229,46476.242424242424
hpmcounter8,drift,seed18,230,46479.67878787879
hpmcounter8,drift,seed18,231,46487.951515151515
hpmcounter8,drift,seed18,232,46491.03636363636
hpmcounter8,drift,seed18,233,46493.17575757576
hpmcounter8,drift,seed18,234,46494.78787878788
hpmcounter8,drift,seed18,235,46495.024242424246
hpmcounter8,drift,seed18,236,46488.181818181816
hpmcounter8,drift,seed18,237,46479.545454545456
hpmcounter8,drift,seed18,238,46476.878787878784
hpmcounter8,drift,seed18,239,46468.30303030303
hpmcounter8,drift,seed18,240,46467.854545454546
hpmcounter8,drift,seed18,241,46472.71515151515
hpmcounter8,drift,seed18,242,46472.05454545454
hpmcounter8,drift,seed18,243,46471.448484848486
hpmcounter8,drift,seed18,244,46472.10303030303
hpmcounter8,drift,seed18,245,46473.92121212121
hpmcounter8,drift,seed18,246,46477.89090909091
hpmcounter8,drift,seed18,247,46476.854545454546
hpmcounter8,drift,seed18,248,46482.333333333336
hpmcounter8,drift,seed18,249,46489.8606060606
hpmcounter8,drift,seed18,250,46495.545454545456
hpmcounter8,drift,seed18,251,46502.6303030303
hpmcounter8,drift,seed18,252,46507.6303030303
hpmcounter8,drift,seed18,253,46502.975757575754
hpmcounter8,drift,seed18,254,46494.10303030303
hpmcounter8,drift,seed18,255,46484.65454545455
hpmcounter8,drift,seed18,256,46479.46666666667
hpmcounter8,drift,seed18,257,46474.36363636364
hpmcounter8,drift,seed18,258,46473.19393939394
hpmcounter8,drift,seed18,259,46478.86666666667
hpmcounter8,drift,seed18,260,46481.32121212121
hpmcounter8,drift,seed18,261,46484.94545454546
hpmcounter8,drift,seed18,262,46493.09090909091
hpmcounter8,drift,seed18,263,46492.818181818184
hpmcounter8,drift,seed18,264,46492.48484848485
hpmcounter8,drift,seed18,265,46492.93939393939
hpmcounter8,drift,seed18,266,46488.82424242424
hpmcounter8,drift,seed18,267,46481.763636363634
hpmcounter8,drift,seed18,268,46473.8303030303
hpmcounter8,drift,seed18,269,46468.89696969697
hpmcounter8,drift,seed18,270,46466.509090909094
hpmcounter8,drift,seed18,271,46464.94545454546
hpmcounter8,drift,seed18,272,46460.145454545454
hpmcounter8,drift,seed18,273,46460.393939393936
hpmcounter8,drift,seed18,274,46461.92727272727
hpmcounter8,drift,seed18,275,46470.21212121212
hpmcounter8,drift,seed18,276,46477.38787878788
hpmcounter8,drift,seed18,277,46479.030303030304
hpmcounter8,drift,seed18,278,46475.10303030303
hpmcounter8,drift,seed18,279,46472.6
hpmcounter8,drift,seed18,280,46472.46060606061
hpmcounter8,drift,seed18,281,46471.278787878786
hpmcounter8,drift,seed18,282,46467.24848484848
hpmcounter8,drift,seed18,283,46472.29696969697
hpmcounter8,drift,seed18,284,46471.79393939394
hpmcounter8,drift,seed18,285,46474.18787878788
hpmcounter8,drift,seed18,286,46480.46060606061
hpmcounter8,drift,seed18,287,46486.121212121216
hpmcounter8,drift,seed18,288,46496.96363636364
hpmcounter8,drift,seed18,289,46508.29696969697
hpmcounter8,drift,seed18,290,46515.509090909094
hpmcounter8,drift,seed18,291,46513.38181818182
hpmcounter8,drift,seed18,292,46512.32727272727
hpmcounter8,drift,seed18,293,46510.67272727273
hpmcounter8,drift,seed18,294,46496.357575757575
hpmcounter8,drift,seed18,295,46480.73333333333
hpmcounter8,drift,seed18,296,46472.00606060606
hpmcounter8,drift,seed18,297,46462.74545454545
hpmcounter8,drift,seed18,298,46465.35151515152
hpmcounter8,drift,seed19,9,47088.4
hpmcounter8,drift,seed19,10,46899.757575757576
hpmcounter8,drift,seed19,11,46646.41818181818
hpmcounter8,drift,seed19,12,46488.26666666667
hpmcounter8,drift,seed19,13,46477.545454545456
hpmcounter8,drift,seed19,14,46468.509090909094
hpmcounter8,drift,seed19,15,46458.2303030303
hpmcounter8,drift,seed19,16,46454.15757575758
hpmcounter8,drift,seed19,17,46454.63636363636
hpmcounter8,drift,seed19,18,46459.066666666666
hpmcounter8,drift,seed19,19,46471.606060606064
hpmcounter8,drift,seed19,20,46478.975757575754
hpmcounter8,drift,seed19,21,46482.53333333333
hpmcounter8,drift,seed19,22,46487.46666666667
hpmcounter8,drift,seed19,23,46487.48484848485
hpmcounter8,drift,seed19,24,46483.89696969697
hpmcounter8,drift,seed19,25,46479.51515151515
hpmcounter8,drift,seed19,26,46482.89696969697
hpmcounter8,drift,seed19,27,46482.757575757576
hpmcounter8,drift,seed19,28,46484.509090909094
hpmcounter8,drift,seed19,29,46488.0
hpmcounter8,drift,seed19,30,46495.90303030303
hpmcounter8,drift,seed19,31,46502.58181818182
hpmcounter8,drift,seed19,32,46510.15757575758
hpmcounter8,drift,seed19,33,46510.46060606061
hpmcounter8,drift,seed19,34,46507.72727272727
hpmcounter8,drift,seed19,35,46504.04242424243
hpmcounter8,drift,seed19,36,46502.84242424242
hpmcounter8,drift,seed19,37,46495.58181818182
hpmcounter8,drift,seed19,38,46485.63636363636
hpmcounter8,drift,seed19,39,46472.975757575754
hpmcounter8,drift,seed19,40,46466.84848484849
hpmcounter8,drift,seed19,41,46456.87272727273
hpmcounter8,drift,seed19,42,46454.91515151515
hpmcounter8,drift,seed19,43,46452.49696969697
hpmcounter8,drift,seed19,44,46452.430303030305
hpmcounter8,drift,seed19,45,46456.91515151515
hpmcounter8,drift,seed19,46,46459.64848484848
hpmcounter8,drift,seed19,47,46462.94545454546
hpmcounter8,drift,seed19,48,46466.38787878788
hpmcounter8,drift,seed19,49,46466.08484848485
hpmcounter8,drift,seed19,50,46468.030303030304
hpmcounter8,drift,seed19,51,46463.30909090909
hpmcounter8,drift,seed19,52,46460.61818181818
hpmcounter8,drift,seed19,53,46462.606060606064
hpmcounter8,drift,seed19,54,46466.242424242424
hpmcounter8,drift,seed19,55,46474.90303030303
hpmcounter8,drift,seed19,56,46479.81212121212
hpmcounter8,drift,seed19,57,46488.642424242425
hpmcounter8,drift,seed19,58,46502.145454545454
hpmcounter8,drift,seed19,59,46510.684848484845
hpmcounter8,drift,seed19,60,46509.393939393936
hpmcounter8,drift,seed19,61,46505.00606060606
hpmcounter8,drift,seed19,62,46496.951515151515
hpmcounter8,drift,seed19,63,46489.41818181818
hpmcounter8,drift,seed19,64,46479.80606060606
hpmcounter8,drift,seed19,65,46468.22424242424
hpmcounter8,drift,seed19,66,46454.70909090909
hpmcounter8,drift,seed19,67,46446.781818181815
hpmcounter8,drift,seed19,68,46444.95757575757
hpmcounter8,drift,seed19,69,46445.79393939394
hpmcounter8,drift,seed19,70,46443.642424242425
hpmcounter8,drift,seed19,71,46447.393939393936
hpmcounter8,drift,seed19,72,46451.32121212121
hpmcounter8,drift,seed19,73,46456.587878787876
hpmcounter8,drift,seed19,74,46459.95757575757
hpmcounter8,drift,seed19,75,46460.34545454545
hpmcounter8,drift,seed19,76,46459.21212121212
hpmcounter8,drift,seed19,77,46459.218181818185
hpmcounter8,drift,seed19,78,46745.84242424242
hpmcounter8,drift,seed19,79,46972.1393939394
hpmcounter8,drift,seed19,80,47138.00606060606
hpmcounter8,drift,seed19,81,47519.93939393939
hpmcounter8,drift,seed19,82,48058.43636363636
hpmcounter8,drift,seed19,83,48691.30303030303
hpmcounter8,drift,seed19,84,49069.36363636364
hpmcounter8,drift,seed19,85,49188.99393939394
hpmcounter8,drift,seed19,86,49054.066666666666
hpmcounter8,drift,seed19,87,48667.92727272727
hpmcounter8,drift,seed19,88,48380.01818181818
hpmcounter8,drift,seed19,89,47908.757575757576
hpmcounter8,drift,seed19,90,47255.00606060606
hpmcounter8,drift,seed19,91,46749.41818181818
hpmcounter8,drift,seed19,92,46467.24848484848
hpmcounter8,drift,seed19,93,46467.666666666664
hpmcounter8,drift,seed19,94,46472.15757575758
hpmcounter8,drift,seed19,95,46469.878787878784
hpmcounter8,drift,seed19,96,46468.24848484848
hpmcounter8,drift,seed19,97,46467.06060606061
hpmcounter8,drift,seed19,98,46465.70909090909
hpmcounter8,drift,seed19,99,46462.73333333333
hpmcounter8,drift,seed19,100,46466.29696969697
hpmcounter8,drift,seed19,101,46472.587878787876
hpmcounter8,drift,seed19,102,46481.88484848485
hpmcounter8,drift,seed19,103,46493.315151515155
hpmcounter8,drift,seed19,104,46501.88484848485
hpmcounter8,drift,seed19,105,46503.69090909091
hpmcounter8,drift,seed19,106,46509.066666666666
hpmcounter8,drift,seed19,107,46513.80606060606
hpmcounter8,drift,seed19,108,46516.57575757576
hpmcounter8,drift,seed19,109,46507.78787878788
hpmcounter8,drift,seed19,110,46498.09696969697
hpmcounter8,drift,seed19,111,46488.6303030303
hpmcounter8,drift,seed19,112,46481.315151515155
hpmcounter8,drift,seed19,113,46479.315151515155
hpmcounter8,drift,seed19,114,46471.8606060606
hpmcounter8,drift,seed19,115,46460.181818181816
hpmcounter8,drift,seed19,116,46454.684848484845
hpmcounter8,drift,seed19,117,46452.82424242424
hpmcounter8,drift,seed19,118,46453.99393939394
hpmcounter8,drift,seed19,119,46455.28484848485
hpmcounter8,drift,seed19,120,46460.20606060606
hpmcounter8,drift,seed19,121,46461.4
hpmcounter8,drift,seed19,122,46460.22424242424
hpmcounter8,drift,seed19,123,46458.08484848485
hpmcounter8,drift,seed19,124,46454.145454545454
hpmcounter8,drift,seed19,125,46444.448484848486
hpmcounter8,drift,seed19,126,46439.527272727275
hpmcounter8,drift,seed19,127,46447.73333333333
hpmcounter8,drift,seed19,128,46456.69090909091
hpmcounter8,drift,seed19,129,46462.763636363634
hpmcounter8,drift,seed19,130,46478.43636363636
hpmcounter8,drift,seed19,131,46490.763636363634
hpmcounter8,drift,seed19,132,46504.509090909094
hpmcounter8,drift,seed19,133,46517.34545454545
hpmcounter8,drift,seed19,134,46525.89696969697
hpmcounter8,drift,seed19,135,46523.79393939394
hpmcounter8,drift,seed19,136,46515.472727272725
hpmcounter8,drift,seed19,137,46515.65454545455
hpmcounter8,drift,seed19,138,46512.24848484848
hpmcounter8,drift,seed19,139,46497.93939393939
hpmcounter8,drift,seed19,140,46490.25454545455
hpmcounter8,drift,seed19,141,46471.24848484848
hpmcounter8,drift,seed19,142,46450.84848484849
hpmcounter8,drift,seed19,143,46439.181818181816
hpmcounter8,drift,seed19,144,46439.80606060606
hpmcounter8,drift,seed19,145,46438.666666666664
hpmcounter8,drift,seed19,146,46438.41818181818
hpmcounter8,drift,seed19,147,46443.90909090909
hpmcounter8,drift,seed19,148,46454.4
hpmcounter8,drift,seed19,149,46463.34545454545
hpmcounter8,drift,seed19,150,46477.67878787879
hpmcounter8,drift,seed19,151,46488.606060606064
hpmcounter8,drift,seed19,152,46488.49696969697
hpmcounter8,drift,seed19,153,46491.32727272727
hpmcounter8,drift,seed19,154,46498.05454545454
hpmcounter8,drift,seed19,155,46497.42424242424
hpmcounter8,drift,seed19,156,46495.969696969696
hpmcounter8,drift,seed19,157,46494.642424242425
hpmcounter8,drift,seed19,158,46491.181818181816
hpmcounter8,drift,seed19,159,46477.65454545455
hpmcounter8,drift,seed19,160,46747.163636363635
hpmcounter8,drift,seed19,161,46962.63636363636
hpmcounter8,drift,seed19,162,47397.357575757575
hpmcounter8,drift,seed19,163,47998.92121212121
hpmcounter8,drift,seed19,164,48694.96363636364
hpmcounter8,drift,seed19,165,49140.01212121212
hpmcounter8,drift,seed19,166,49338.01818181818
hpmcounter8,drift,seed19,167,49289.2303030303
hpmcounter8,drift,seed19,168,48984.00606060606
hpmcounter8,drift,seed19,169,48419.1696969697
hpmcounter8,drift,seed19,170,47945.40606060606
hpmcounter8,drift,seed19,171,47285.606060606064
hpmcounter8,drift,seed19,172,46779.86666666667
hpmcounter8,drift,seed19,173,46490.78787878788
hpmcounter8,drift,seed19,174,46488.18787878788
hpmcounter8,drift,seed19,175,46482.43636363636
hpmcounter8,drift,seed19,176,46482.12727272727
hpmcounter8,drift,seed19,177,46486.8303030303
hpmcounter8,drift,seed19,178,46485.79393939394
hpmcounter8,drift,seed19,179,46489.260606060605
hpmcounter8,drift,seed19,180,46492.8303030303
hpmcounter8,drift,seed19,181,46497.67878787879
hpmcounter8,drift,seed19,182,46499.527272727275
hpmcounter8,drift,seed19,183,46492.29090909091
hpmcounter8,drift,seed19,184,46487.93939393939
hpmcounter8,drift,seed19,185,46478.08484848485
hpmcounter8,drift,seed19,186,46474.35151515152
hpmcounter8,drift,seed19,187,46475.15757575758
hpmcounter8,drift,seed19,188,46465.763636363634
hpmcounter8,drift,seed19,189,46742.569696969695
hpmcounter8,drift,seed19,190,47245.145454545454
hpmcounter8,drift,seed19,191,47908.2303030303
hpmcounter8,drift,seed19,192,48382.63636363636
hpmcounter8,drift,seed19,193,48674.13333333333
hpmcounter8,drift,seed19,194,48779.22424242424
hpmcounter8,drift,seed19,195,48698.89696969697
hpmcounter8,drift,seed19,196,48428.430303030305
hpmcounter8,drift,seed19,197,47966.030303030304
hpmcounter8,drift,seed19,198,47304.52121212121
hpmcounter8,drift,seed19,199,46796.72727272727
hpmcounter8,drift,seed19,200,46507.69696969697
hpmcounter8,drift,seed19,201,46496.77575757576
hpmcounter8,drift,seed19,202,46486.624242424245
hpmcounter8,drift,seed19,203,46483.44242424242
hpmcounter8,drift,seed19,204,46481.67272727273
hpmcounter8,drift,seed19,205,46479.739393939395
hpmcounter8,drift,seed19,206,46482.29090909091
hpmcounter8,drift,seed19,207,46480.09696969697
hpmcounter8,drift,seed19,208,46479.74545454545
hpmcounter8,drift,seed19,209,46477.569696969695
hpmcounter8,drift,seed19,210,46478.70909090909
hpmcounter8,drift,seed19,211,46476.96363636364
hpmcounter8,drift,seed19,212,46473.551515151514
hpmcounter8,drift,seed19,213,46469.17575757576
hpmcounter8,drift,seed19,214,46469.01818181818
hpmcounter8,drift,seed19,215,46458.3696969697
hpmcounter8,drift,seed19,216,46458.34545454545
hpmcounter8,drift,seed19,217,46456.63636363636
hpmcounter8,drift,seed19,218,46465.0
hpmcounter8,drift,seed19,219,46464.1696969697
hpmcounter8,drift,seed19,220,46465.933333333334
hpmcounter8,drift,seed19,221,46471.58181818182
hpmcounter8,drift,seed19,222,46476.38787878788
hpmcounter8,drift,seed19,223,46478.07272727273
hpmcounter8,drift,seed19,224,46488.25454545455
hpmcounter8,drift,seed19,225,46492.29090909091
hpmcounter8,drift,seed19,226,46502.29696969697
hpmcounter8,drift,seed19,227,46508.048484848485
hpmcounter8,drift,seed19,228,46517.17575757576
hpmcounter8,drift,seed19,229,46515.69696969697
hpmcounter8,drift,seed19,230,46507.96363636364
hpmcounter8,drift,seed19,231,46496.90909090909
hpmcounter8,drift,seed19,232,46487.7696969697
hpmcounter8,drift,seed19,233,46474.29090909091
hpmcounter8,drift,seed19,234,46462.969696969696
hpmcounter8,drift,seed19,235,46455.278787878786
hpmcounter8,drift,seed19,236,46454.218181818185
hpmcounter8,drift,seed19,237,46452.46060606061
hpmcounter8,drift,seed19,238,46451.551515151514
hpmcounter8,drift,seed19,239,46452.17575757576
hpmcounter8,drift,seed19,240,46459.93939393939
hpmcounter8,drift,seed19,241,46467.878787878784
hpmcounter8,drift,seed19,242,46478.61818181818
hpmcounter8,drift,seed19,243,46483.89090909091
hpmcounter8,drift,seed19,244,46486.666666666664
hpmcounter8,drift,seed19,245,46485.05454545454
hpmcounter8,drift,seed19,246,46476.393939393936
hpmcounter8,drift,seed19,247,46468.48484848485
hpmcounter8,drift,seed19,248,46459.218181818185
hpmcounter8,drift,seed19,249,46448.20606060606
hpmcounter8,drift,seed19,250,46442.79393939394
hpmcounter8,drift,seed19,251,46438.96363636364
hpmcounter8,drift,seed19,252,46442.393939393936
hpmcounter8,drift,seed19,253,46448.87272727273
hpmcounter8,drift,seed19,254,46457.08484848485
hpmcounter8,drift,seed19,255,46465.04242424243
hpmcounter8,drift,seed19,256,46466.95757575757
hpmcounter8,drift,seed19,257,46472.19393939394
hpmcounter8,drift,seed19,258,46482.21212121212
hpmcounter8,drift,seed19,259,46490.30303030303
hpmcounter8,drift,seed19,260,46494.55757575758
hpmcounter8,drift,seed19,261,46493.218181818185
hpmcounter8,drift,seed19,262,46490.53333333333
hpmcounter8,drift,seed19,263,46483.569696969695
hpmcounter8,drift,seed19,264,46471.25454545455
hpmcounter8,drift,seed19,265,46461.21212121212
hpmcounter8,drift,seed19,266,46457.34545454545
hpmcounter8,drift,seed19,267,46459.236363636366
hpmcounter8,drift,seed19,268,46464.44242424242
hpmcounter8,drift,seed19,269,46472.2303030303
hpmcounter8,drift,seed19,270,46487.4
hpmcounter8,drift,seed19,271,46502.030303030304
hpmcounter8,drift,seed19,272,46518.32727272727
hpmcounter8,drift,seed19,273,46522.87272727273
hpmcounter8,drift,seed19,274,46521.01818181818
hpmcounter8,drift,seed19,275,46511.260606060605
hpmcounter8,drift,seed19,276,46503.89090909091
hpmcounter8,drift,seed19,277,46498.545454545456
hpmcounter8,drift,seed19,278,46490.951515151515
hpmcounter8,drift,seed19,279,46479.024242424246
hpmcounter8,drift,seed19,280,46470.06060606061
hpmcounter8,drift,seed19,281,46460.79393939394
hpmcounter8,drift,seed19,282,46458.98181818182
hpmcounter8,drift,seed19,283,46459.46666666667
hpmcounter8,drift,seed19,284,46459.763636363634
hpmcounter8,drift,seed19,285,46459.6303030303
hpmcounter8,drift,seed19,286,46465.6
hpmcounter8,drift,seed19,287,46469.65454545455
hpmcounter8,drift,seed19,288,46473.00606060606
hpmcounter8,drift,seed19,289,46479.82424242424
hpmcounter8,drift,seed19,290,46482.030303030304
hpmcounter8,drift,seed19,291,46484.07272727273
hpmcounter8,drift,seed19,292,46485.87272727273
hpmcounter8,drift,seed19,293,46490.15151515151
hpmcounter8,drift,seed19,294,46489.24848484848
hpmcounter8,drift,seed19,295,46485.624242424245
hpmcounter8,drift,seed19,296,46483.40606060606
hpmcounter8,drift,seed19,297,46474.7696969697
hpmcounter8,drift,seed19,298,46469.79393939394
hpmcounter8,drift,seed2,9,46518.07878787879
hpmcounter8,drift,seed2,10,46514.624242424245
hpmcounter8,drift,seed2,11,46506.09696969697
hpmcounter8,drift,seed2,12,46502.587878787876
hpmcounter8,drift,seed2,13,46492.7696969697
hpmcounter8,drift,seed2,14,46490.51515151515
hpmcounter8,drift,seed2,15,46774.545454545456
hpmcounter8,drift,seed2,16,46999.61212121212
hpmcounter8,drift,seed2,17,47155.545454545456
hpmcounter8,drift,seed2,18,47255.25454545455
hpmcounter8,drift,seed2,19,47568.34545454545
hpmcounter8,drift,seed2,20,48040.86666666667
hpmcounter8,drift,seed2,21,48314.32121212121
hpmcounter8,drift,seed2,22,48407.70303030303
hpmcounter8,drift,seed2,23,48316.15151515151
hpmcounter8,drift,seed2,24,48038.8303030303
hpmcounter8,drift,seed2,25,47917.69090909091
hpmcounter8,drift,seed2,26,47666.527272727275
hpmcounter8,drift,seed2,27,47279.1696969697
hpmcounter8,drift,seed2,28,46768.49696969697
hpmcounter8,drift,seed2,29,46472.19393939394
hpmcounter8,drift,seed2,30,46463.17575757576
hpmcounter8,drift,seed2,31,46449.79393939394
hpmcounter8,drift,seed2,32,46438.25454545455
hpmcounter8,drift,seed2,33,46439.1696969697
hpmcounter8,drift,seed2,34,46444.121212121216
hpmcounter8,drift,seed2,35,46458.25454545455
hpmcounter8,drift,seed2,36,46472.84848484849
hpmcounter8,drift,seed2,37,46489.236363636366
hpmcounter8,drift,seed2,38,46504.01212121212
hpmcounter8,drift,seed2,39,46514.04242424243
hpmcounter8,drift,seed2,40,46516.49696969697
hpmcounter8,drift,seed2,41,46521.13333333333
hpmcounter8,drift,seed2,42,46515.38787878788
hpmcounter8,drift,seed2,43,46509.93939393939
hpmcounter8,drift,seed2,44,46506.30303030303
hpmcounter8,drift,seed2,45,46497.454545454544
hpmcounter8,drift,seed2,46,46488.1696969697
hpmcounter8,drift,seed2,47,46489.18787878788
hpmcounter8,drift,seed2,48,46491.684848484845
hpmcounter8,drift,seed2,49,46501.70303030303
hpmcounter8,drift,seed2,50,46505.47878787879
hpmcounter8,drift,seed2,51,46508.09696969697
hpmcounter8,drift,seed2,52,46503.393939393936
hpmcounter8,drift,seed2,53,46501.73333333333
hpmcounter8,drift,seed2,54,46506.8303030303
hpmcounter8,drift,seed2,55,46500.32121212121
hpmcounter8,drift,seed2,56,46489.624242424245
hpmcounter8,drift,seed2,57,46479.88484848485
hpmcounter8,drift,seed2,58,46475.13333333333
hpmcounter8,drift,seed2,59,46475.393939393936
hpmcounter8,drift,seed2,60,46474.80606060606
hpmcounter8,drift,seed2,61,46472.8303030303
hpmcounter8,drift,seed2,62,46469.89696969697
hpmcounter8,drift,seed2,63,46460.21212121212
hpmcounter8,drift,seed2,64,46459.8303030303
hpmcounter8,drift,seed2,65,46462.41818181818
hpmcounter8,drift,seed2,66,46464.56363636364
hpmcounter8,drift,seed2,67,46467.09090909091
hpmcounter8,drift,seed2,68,46472.74545454545
hpmcounter8,drift,seed2,69,46483.357575757575
hpmcounter8,drift,seed2,70,46493.53939393939
hpmcounter8,drift,seed2,71,46502.71515151515
hpmcounter8,drift,seed2,72,46510.96363636364
hpmcounter8,drift,seed2,73,46509.33939393939
hpmcounter8,drift,seed2,74,46512.53333333333
hpmcounter8,drift,seed2,75,46517.33939393939
hpmcounter8,drift,seed2,76,46521.40606060606
hpmcounter8,drift,seed2,77,46524.64848484848
hpmcounter8,drift,seed2,78,46519.42424242424
hpmcounter8,drift,seed2,79,46516.8
hpmcounter8,drift,seed2,80,46509.454545454544
hpmcounter8,drift,seed2,81,46498.07272727273
hpmcounter8,drift,seed2,82,46487.030303030304
hpmcounter8,drift,seed2,83,46475.73333333333
hpmcounter8,drift,seed2,84,46466.472727272725
hpmcounter8,drift,seed2,85,46456.66060606061
hpmcounter8,drift,seed2,86,46453.509090909094
hpmcounter8,drift,seed2,87,46456.17575757576
hpmcounter8,drift,seed2,88,46455.01212121212
hpmcounter8,drift,seed2,89,46454.94545454546
hpmcounter8,drift,seed2,90,46454.93939393939
hpmcounter8,drift,seed2,91,46453.72727272727
hpmcounter8,drift,seed2,92,46456.666666666664
hpmcounter8,drift,seed2,93,46458.30909090909
hpmcounter8,drift,seed2,94,46458.04242424243
hpmcounter8,drift,seed2,95,46453.90303030303
hpmcounter8,drift,seed2,96,46452.666666666664
hpmcounter8,drift,seed2,97,46456.551515151514
hpmcounter8,drift,seed2,98,46459.75151515152
hpmcounter8,drift,seed2,99,46465.624242424245
hpmcounter8,drift,seed2,100,46470.36363636364
hpmcounter8,drift,seed2,101,46475.472727272725
hpmcounter8,drift,seed2,102,46490.4
hpmcounter8,drift,seed2,103,46498.587878787876
hpmcounter8,drift,seed2,104,46505.01818181818
hpmcounter8,drift,seed2,105,46510.38181818182
hpmcounter8,drift,seed2,106,46508.70909090909
hpmcounter8,drift,seed2,107,46506.38181818182
hpmcounter8,drift,seed2,108,46501.90909090909
hpmcounter8,drift,seed2,109,46498.69696969697
hpmcounter8,drift,seed2,110,46491.13333333333
hpmcounter8,drift,seed2,111,46476.81212121212
hpmcounter8,drift,seed2,112,46472.07878787879
hpmcounter8,drift,seed2,113,46465.2303030303
hpmcounter8,drift,seed2,114,46462.61818181818
hpmcounter8,drift,seed2,115,46466.91515151515
hpmcounter8,drift,seed2,116,46466.00606060606
hpmcounter8,drift,seed2,117,46465.2303030303
hpmcounter8,drift,seed2,118,46465.15757575758
hpmcounter8,drift,seed2,119,46468.75151515152
hpmcounter8,drift,seed2,120,46469.551515151514
hpmcounter8,drift,seed2,121,46463.53939393939
hpmcounter8,drift,seed2,122,46460.90303030303
hpmcounter8,drift,seed2,123,46463.56363636364
hpmcounter8,drift,seed2,124,46461.04242424243
hpmcounter8,drift,seed2,125,46467.44242424242
hpmcounter8,drift,seed2,126,46461.454545454544
hpmcounter8,drift,seed2,127,46457.22424242424
hpmcounter8,drift,seed2,128,46457.75151515152
hpmcounter8,drift,seed2,129,46459.490909090906
hpmcounter8,drift,seed2,130,46461.29090909091
hpmcounter8,drift,seed2,131,46458.99393939394
hpmcounter8,drift,seed2,132,46461.91515151515
hpmcounter8,drift,seed2,133,46475.145454545454
hpmcounter8,drift,seed2,134,46480.739393939395
hpmcounter8,drift,seed2,135,46487.03636363636
hpmcounter8,drift,seed2,136,46476.96363636364
hpmcounter8,drift,seed2,137,46460.8
hpmcounter8,drift,seed2,138,46452.00606060606
hpmcounter8,drift,seed2,139,46437.624242424245
hpmcounter8,drift,seed2,140,46427.32727272727
hpmcounter8,drift,seed2,141,46417.79393939394
hpmcounter8,drift,seed2,142,46417.78787878788
hpmcounter8,drift,seed2,143,46427.22424242424
hpmcounter8,drift,seed2,144,46441.84848484849
hpmcounter8,drift,seed2,145,46455.4
hpmcounter8,drift,seed2,146,46462.933333333334
hpmcounter8,drift,seed2,147,46468.53333333333
hpmcounter8,drift,seed2,148,46758.1696969697
hpmcounter8,drift,seed2,149,46982.70303030303
hpmcounter8,drift,seed2,150,47141.933333333334
hpmcounter8,drift,seed2,151,47519.30303030303
hpmcounter8,drift,seed2,152,48053.09696969697
hpmcounter8,drift,seed2,153,48684.43636363636
hpmcounter8,drift,seed2,154,49340.0
hpmcounter8,drift,seed2,155,49963.412121212124
hpmcounter8,drift,seed2,156,50208.50303030303
hpmcounter8,drift,seed2,157,50080.72727272727
hpmcounter8,drift,seed2,158,49922.412121212124
hpmcounter8,drift,seed2,159,49455.721212121214
hpmcounter8,drift,seed2,160,48678.01212121212
hpmcounter8,drift,seed2,161,47935.8303030303
hpmcounter8,drift,seed2,162,47281.763636363634
hpmcounter8,drift,seed2,163,46789.06060606061
hpmcounter8,drift,seed2,164,46504.80606060606
hpmcounter8,drift,seed2,165,46501.01212121212
hpmcounter8,drift,seed2,166,46494.587878787876
hpmcounter8,drift,seed2,167,46491.32121212121
hpmcounter8,drift,seed2,168,46488.35151515152
hpmcounter8,drift,seed2,169,46481.34545454545
hpmcounter8,drift,seed2,170,46476.61818181818
hpmcounter8,drift,seed2,171,46468.2303030303
hpmcounter8,drift,seed2,172,46461.10909090909
hpmcounter8,drift,seed2,173,46744.47878787879
hpmcounter8,drift,seed2,174,47250.721212121214
hpmcounter8,drift,seed2,175,47912.89090909091
hpmcounter8,drift,seed2,176,48668.181818181816
hpmcounter8,drift,seed2,177,49175.18787878788
hpmcounter8,drift,seed2,178,49437.2
hpmcounter8,drift,seed2,179,49445.40606060606
hpmcounter8,drift,seed2,180,49196.278787878786
hpmcounter8,drift,seed2,181,48690.17575757576
hpmcounter8,drift,seed2,182,47930.38787878788
hpmcounter8,drift,seed2,183,47268.1393939394
hpmcounter8,drift,seed2,184,46767.781818181815
hpmcounter8,drift,seed2,185,46487.00606060606
hpmcounter8,drift,seed2,186,46489.40606060606
hpmcounter8,drift,seed2,187,46486.08484848485
hpmcounter8,drift,seed2,188,46480.818181818184
hpmcounter8,drift,seed2,189,46477.6303030303
hpmcounter8,drift,seed2,190,46472.73333333333
hpmcounter8,drift,seed2,191,46475.38181818182
hpmcounter8,drift,seed2,192,46475.11515151515
hpmcounter8,drift,seed2,193,46473.0
hpmcounter8,drift,seed2,194,46476.57575757576
hpmcounter8,drift,seed2,195,46486.836363636365
hpmcounter8,drift,seed2,196,46503.642424242425
hpmcounter8,drift,seed2,197,46516.42424242424
hpmcounter8,drift,seed2,198,46525.13333333333
hpmcounter8,drift,seed2,199,46529.545454545456
hpmcounter8,drift,seed2,200,46533.6303030303
hpmcounter8,drift,seed2,201,46539.606060606064
hpmcounter8,drift,seed2,202,46540.99393939394
hpmcounter8,drift,seed2,203,46533.278787878786
hpmcounter8,drift,seed2,204,46524.375757575755
hpmcounter8,drift,seed2,205,46519.06060606061
hpmcounter8,drift,seed2,206,46518.0
hpmcounter8,drift,seed2,207,46511.04242424243
hpmcounter8,drift,seed2,208,46507.95757575757
hpmcounter8,drift,seed2,209,46506.7696969697
hpmcounter8,drift,seed2,210,46506.17575757576
hpmcounter8,drift,seed2,211,46502.69696969697
hpmcounter8,drift,seed2,212,46496.92727272727
hpmcounter8,drift,seed2,213,46486.35151515152
hpmcounter8,drift,seed2,214,46479.32121212121
hpmcounter8,drift,seed2,215,46474.030303030304
hpmcounter8,drift,seed2,216,46479.40606060606
hpmcounter8,drift,seed2,217,46483.89090909091
hpmcounter8,drift,seed2,218,46486.975757575754
hpmcounter8,drift,seed2,219,46495.163636363635
hpmcounter8,drift,seed2,220,46501.73333333333
hpmcounter8,drift,seed2,221,46503.61818181818
hpmcounter8,drift,seed2,222,46500.757575757576
hpmcounter8,drift,seed2,223,46489.09696969697
hpmcounter8,drift,seed2,224,46478.29696969697
hpmcounter8,drift,seed2,225,46465.1696969697
hpmcounter8,drift,seed2,226,46458.51515151515
hpmcounter8,drift,seed2,227,46457.84242424242
hpmcounter8,drift,seed2,228,46462.472727272725
hpmcounter8,drift,seed2,229,46476.36363636364
hpmcounter8,drift,seed2,230,46484.95757575757
hpmcounter8,drift,seed2,231,46498.854545454546
hpmcounter8,drift,seed2,232,46509.18787878788
hpmcounter8,drift,seed2,233,46517.91515151515
hpmcounter8,drift,seed2,234,46517.58181818182
hpmcounter8,drift,seed2,235,46512.84242424242
hpmcounter8,drift,seed2,236,46504.07272727273
hpmcounter8,drift,seed2,237,46497.1696969697
hpmcounter8,drift,seed2,238,46490.05454545454
hpmcounter8,drift,seed2,239,46487.81212121212
hpmcounter8,drift,seed2,240,46480.87272727273
hpmcounter8,drift,seed2,241,46481.82424242424
hpmcounter8,drift,seed2,242,46483.2
hpmcounter8,drift,seed2,243,46492.96363636364
hpmcounter8,drift,seed2,244,46500.28484848485
hpmcounter8,drift,seed2,245,46499.58181818182
hpmcounter8,drift,seed2,246,46494.11515151515
hpmcounter8,drift,seed2,247,46496.99393939394
hpmcounter8,drift,seed2,248,46499.163636363635
hpmcounter8,drift,seed2,249,46491.08484848485
hpmcounter8,drift,seed2,250,46489.46060606061
hpmcounter8,drift,seed2,251,46489.333333333336
hpmcounter8,drift,seed2,252,46484.61212121212
hpmcounter8,drift,seed2,253,46486.74545454545
hpmcounter8,drift,seed2,254,46487.84848484849
hpmcounter8,drift,seed2,255,46489.145454545454
hpmcounter8,drift,seed2,256,46483.47878787879
hpmcounter8,drift,seed2,257,46481.69090909091
hpmcounter8,drift,seed2,258,46484.49696969697
hpmcounter8,drift,seed2,259,46483.375757575755
hpmcounter8,drift,seed2,260,46481.87272727273
hpmcounter8,drift,seed2,261,46484.781818181815
hpmcounter8,drift,seed2,262,46488.1393939394
hpmcounter8,drift,seed2,263,46492.8606060606
hpmcounter8,drift,seed2,264,46485.74545454545
hpmcounter8,drift,seed2,265,46486.739393939395
hpmcounter8,drift,seed2,266,46482.46060606061
hpmcounter8,drift,seed2,267,46472.86666666667
hpmcounter8,drift,seed2,268,46464.46060606061
hpmcounter8,drift,seed2,269,46469.15757575758
hpmcounter8,drift,seed2,270,46465.763636363634
hpmcounter8,drift,seed2,271,46469.17575757576
hpmcounter8,drift,seed2,272,46474.412121212124
hpmcounter8,drift,seed2,273,46477.90909090909
hpmcounter8,drift,seed2,274,46478.333333333336
hpmcounter8,drift,seed2,275,46485.024242424246
hpmcounter8,drift,seed2,276,46487.6303030303
hpmcounter8,drift,seed2,277,46484.684848484845
hpmcounter8,drift,seed2,278,46476.818181818184
hpmcounter8,drift,seed2,279,46473.48484848485
hpmcounter8,drift,seed2,280,46473.1696969697
hpmcounter8,drift,seed2,281,46473.74545454545
hpmcounter8,drift,seed2,282,46469.30303030303
hpmcounter8,drift,seed2,283,46463.49696969697
hpmcounter8,drift,seed2,284,46452.53939393939
hpmcounter8,drift,seed2,285,46447.46060606061
hpmcounter8,drift,seed2,286,46450.82424242424
hpmcounter8,drift,seed2,287,46452.51515151515
hpmcounter8,drift,seed2,288,46452.818181818184
hpmcounter8,drift,seed2,289,46454.42424242424
hpmcounter8,drift,seed2,290,46459.8606060606
hpmcounter8,drift,seed2,291,46465.53939393939
hpmcounter8,drift,seed2,292,46469.781818181815
hpmcounter8,drift,seed2,293,46475.40606060606
hpmcounter8,drift,seed2,294,46469.818181818184
hpmcounter8,drift,seed2,295,46461.7696969697
hpmcounter8,drift,seed2,296,46465.357575757575
hpmcounter8,drift,seed2,297,46465.18787878788
hpmcounter8,drift,seed2,298,46461.3696969697
hpmcounter8,drift,seed20,9,49546.41818181818
hpmcounter8,drift,seed20,10,49525.218181818185
hpmcounter8,drift,seed20,11,49214.51515151515
hpmcounter8,drift,seed20,12,48769.07878787879
hpmcounter8,drift,seed20,13,48241.357575757575
hpmcounter8,drift,seed20,14,47691.66060606061
hpmcounter8,drift,seed20,15,47180.98181818182
hpmcounter8,drift,seed20,16,46765.781818181815
hpmcounter8,drift,seed20,17,46520.09696969697
hpmcounter8,drift,seed20,18,46521.82424242424
hpmcounter8,drift,seed20,19,46511.490909090906
hpmcounter8,drift,seed20,20,46505.10303030303
hpmcounter8,drift,seed20,21,46501.03636363636
hpmcounter8,drift,seed20,22,46492.606060606064
hpmcounter8,drift,seed20,23,46484.43636363636
hpmcounter8,drift,seed20,24,46486.315151515155
hpmcounter8,drift,seed20,25,46486.35151515152
hpmcounter8,drift,seed20,26,46485.95757575757
hpmcounter8,drift,seed20,27,46482.412121212124
hpmcounter8,drift,seed20,28,46481.69090909091
hpmcounter8,drift,seed20,29,46475.33939393939
hpmcounter8,drift,seed20,30,46470.96363636364
hpmcounter8,drift,seed20,31,46469.430303030305
hpmcounter8,drift,seed20,32,46463.509090909094
hpmcounter8,drift,seed20,33,46464.55757575758
hpmcounter8,drift,seed20,34,46476.8303030303
hpmcounter8,drift,seed20,35,46483.29696969697
hpmcounter8,drift,seed20,36,46487.8606060606
hpmcounter8,drift,seed20,37,46495.430303030305
hpmcounter8,drift,seed20,38,46502.163636363635
hpmcounter8,drift,seed20,39,46506.278787878786
hpmcounter8,drift,seed20,40,46510.42424242424
hpmcounter8,drift,seed20,41,46506.90303030303
hpmcounter8,drift,seed20,42,46501.2303030303
hpmcounter8,drift,seed20,43,46499.46666666667
hpmcounter8,drift,seed20,44,46503.89696969697
hpmcounter8,drift,seed20,45,46497.393939393936
hpmcounter8,drift,seed20,46,46773.92121212121
hpmcounter8,drift,seed20,47,47266.29090909091
hpmcounter8,drift,seed20,48,47922.878787878784
hpmcounter8,drift,seed20,49,48681.48484848485
hpmcounter8,drift,seed20,50,49188.99393939394
hpmcounter8,drift,seed20,51,49438.07878787879
hpmcounter8,drift,seed20,52,49436.375757575755
hpmcounter8,drift,seed20,53,49177.44242424242
hpmcounter8,drift,seed20,54,48675.75151515152
hpmcounter8,drift,seed20,55,47919.763636363634
hpmcounter8,drift,seed20,56,47260.42424242424
hpmcounter8,drift,seed20,57,46747.93939393939
hpmcounter8,drift,seed20,58,46459.80606060606
hpmcounter8,drift,seed20,59,46462.35151515152
hpmcounter8,drift,seed20,60,46467.28484848485
hpmcounter8,drift,seed20,61,46470.29696969697
hpmcounter8,drift,seed20,62,46472.412121212124
hpmcounter8,drift,seed20,63,46466.19393939394
hpmcounter8,drift,seed20,64,46460.70303030303
hpmcounter8,drift,seed20,65,46456.448484848486
hpmcounter8,drift,seed20,66,46454.86666666667
hpmcounter8,drift,seed20,67,46457.18787878788
hpmcounter8,drift,seed20,68,46459.2303030303
hpmcounter8,drift,seed20,69,46466.64848484848
hpmcounter8,drift,seed20,70,46476.606060606064
hpmcounter8,drift,seed20,71,46481.024242424246
hpmcounter8,drift,seed20,72,46487.278787878786
hpmcounter8,drift,seed20,73,46492.84242424242
hpmcounter8,drift,seed20,74,46498.6303030303
hpmcounter8,drift,seed20,75,46500.472727272725
hpmcounter8,drift,seed20,76,46501.47878787879
hpmcounter8,drift,seed20,77,46503.739393939395
hpmcounter8,drift,seed20,78,46507.22424242424
hpmcounter8,drift,seed20,79,46509.1393939394
hpmcounter8,drift,seed20,80,46506.03636363636
hpmcounter8,drift,seed20,81,46500.00606060606
hpmcounter8,drift,seed20,82,46493.975757575754
hpmcounter8,drift,seed20,83,46498.739393939395
hpmcounter8,drift,seed20,84,46504.87272727273
hpmcounter8,drift,seed20,85,46513.551515151514
hpmcounter8,drift,seed20,86,46532.53333333333
hpmcounter8,drift,seed20,87,46547.65454545455
hpmcounter8,drift,seed20,88,46559.412121212124
hpmcounter8,drift,seed20,89,46563.90303030303
hpmcounter8,drift,seed20,90,46560.80606060606
hpmcounter8,drift,seed20,91,46549.42424242424
hpmcounter8,drift,seed20,92,46535.92727272727
hpmcounter8,drift,seed20,93,46529.551515151514
hpmcounter8,drift,seed20,94,46517.024242424246
hpmcounter8,drift,seed20,95,46506.15151515151
hpmcounter8,drift,seed20,96,46503.55757575758
hpmcounter8,drift,seed20,97,46500.13333333333
hpmcounter8,drift,seed20,98,46497.70909090909
hpmcounter8,drift,seed20,99,46493.260606060605
hpmcounter8,drift,seed20,100,46495.38181818182
hpmcounter8,drift,seed20,101,46486.61212121212
hpmcounter8,drift,seed20,102,46485.67272727273
hpmcounter8,drift,seed20,103,46483.66060606061
hpmcounter8,drift,seed20,104,46483.684848484845
hpmcounter8,drift,seed20,105,46475.59393939394
hpmcounter8,drift,seed20,106,46473.26666666667
hpmcounter8,drift,seed20,107,46470.25454545455
hpmcounter8,drift,seed20,108,46467.218181818185
hpmcounter8,drift,seed20,109,46470.22424242424
hpmcounter8,drift,seed20,110,46475.8606060606
hpmcounter8,drift,seed20,111,46471.77575757576
hpmcounter8,drift,seed20,112,46467.29090909091
hpmcounter8,drift,seed20,113,46459.28484848485
hpmcounter8,drift,seed20,114,46460.80606060606
hpmcounter8,drift,seed20,115,46451.22424242424
hpmcounter8,drift,seed20,116,46445.50303030303
hpmcounter8,drift,seed20,117,46443.666666666664
hpmcounter8,drift,seed20,118,46442.333333333336
hpmcounter8,drift,seed20,119,46451.88484848485
hpmcounter8,drift,seed20,120,46461.357575757575
hpmcounter8,drift,seed20,121,46470.509090909094
hpmcounter8,drift,seed20,122,46471.066666666666
hpmcounter8,drift,seed20,123,46469.27272727273
hpmcounter8,drift,seed20,124,46470.19393939394
hpmcounter8,drift,seed20,125,46469.17575757576
hpmcounter8,drift,seed20,126,46464.472727272725
hpmcounter8,drift,seed20,127,46741.412121212124
hpmcounter8,drift,seed20,128,46956.448484848486
hpmcounter8,drift,seed20,129,47118.739393939395
hpmcounter8,drift,seed20,130,47215.1393939394
hpmcounter8,drift,seed20,131,47251.58181818182
hpmcounter8,drift,seed20,132,47221.61212121212
hpmcounter8,drift,seed20,133,47130.757575757576
hpmcounter8,drift,seed20,134,46976.969696969696
hpmcounter8,drift,seed20,135,46757.836363636365
hpmcounter8,drift,seed20,136,46479.430303030305
hpmcounter8,drift,seed20,137,46481.38181818182
hpmcounter8,drift,seed20,138,46481.92727272727
hpmcounter8,drift,seed20,139,46486.490909090906
hpmcounter8,drift,seed20,140,46487.09696969697
hpmcounter8,drift,seed20,141,46491.666666666664
hpmcounter8,drift,seed20,142,46497.969696969696
hpmcounter8,drift,seed20,143,46504.27272727273
hpmcounter8,drift,seed20,144,46510.86666666667
hpmcounter8,drift,seed20,145,46515.98787878788
hpmcounter8,drift,seed20,146,46516.42424242424
hpmcounter8,drift,seed20,147,46513.527272727275
hpmcounter8,drift,seed20,148,46509.53333333333
hpmcounter8,drift,seed20,149,46500.09090909091
hpmcounter8,drift,seed20,150,46486.75151515152
hpmcounter8,drift,seed20,151,46476.52121212121
hpmcounter8,drift,seed20,152,46472.92121212121
hpmcounter8,drift,seed20,153,46474.527272727275
hpmcounter8,drift,seed20,154,46476.739393939395
hpmcounter8,drift,seed20,155,46487.587878787876
hpmcounter8,drift,seed20,156,46491.36363636364
hpmcounter8,drift,seed20,157,46497.99393939394
hpmcounter8,drift,seed20,158,46785.43636363636
hpmcounter8,drift,seed20,159,47287.430303030305
hpmcounter8,drift,seed20,160,47940.11515151515
hpmcounter8,drift,seed20,161,48403.91515151515
hpmcounter8,drift,seed20,162,48675.121212121216
hpmcounter8,drift,seed20,163,48765.79393939394
hpmcounter8,drift,seed20,164,48669.07878787879
hpmcounter8,drift,seed20,165,48391.472727272725
hpmcounter8,drift,seed20,166,47921.11515151515
hpmcounter8,drift,seed20,167,47272.03636363636
hpmcounter8,drift,seed20,168,46778.490909090906
hpmcounter8,drift,seed20,169,46504.2
hpmcounter8,drift,seed20,170,46501.82424242424
hpmcounter8,drift,seed20,171,46498.72727272727
hpmcounter8,drift,seed20,172,46491.10909090909
hpmcounter8,drift,seed20,173,46484.66060606061
hpmcounter8,drift,seed20,174,46478.587878787876
hpmcounter8,drift,seed20,175,46481.06060606061
hpmcounter8,drift,seed20,176,46481.32121212121
hpmcounter8,drift,seed20,177,46767.242424242424
hpmcounter8,drift,seed20,178,46990.04242424243
hpmcounter8,drift,seed20,179,47149.551515151514
hpmcounter8,drift,seed20,180,47240.03636363636
hpmcounter8,drift,seed20,181,47267.38181818182
hpmcounter8,drift,seed20,182,47237.70909090909
hpmcounter8,drift,seed20,183,47141.375757575755
hpmcounter8,drift,seed20,184,46983.721212121214
hpmcounter8,drift,seed20,185,46764.36363636364
hpmcounter8,drift,seed20,186,46483.121212121216
hpmcounter8,drift,seed20,187,46482.21212121212
hpmcounter8,drift,seed20,188,46484.33939393939
hpmcounter8,drift,seed20,189,46483.74545454545
hpmcounter8,drift,seed20,190,46483.78787878788
hpmcounter8,drift,seed20,191,46485.642424242425
hpmcounter8,drift,seed20,192,46491.78787878788
hpmcounter8,drift,seed20,193,46495.80606060606
hpmcounter8,drift,seed20,194,46498.49696969697
hpmcounter8,drift,seed20,195,46494.95757575757
hpmcounter8,drift,seed20,196,46488.624242424245
hpmcounter8,drift,seed20,197,46477.969696969696
hpmcounter8,drift,seed20,198,46464.84848484849
hpmcounter8,drift,seed20,199,46455.448484848486
hpmcounter8,drift,seed20,200,46445.20606060606
hpmcounter8,drift,seed20,201,46442.90303030303
hpmcounter8,drift,seed20,202,46446.29090909091
hpmcounter8,drift,seed20,203,46449.03636363636
hpmcounter8,drift,seed20,204,46452.41818181818
hpmcounter8,drift,seed20,205,46464.98787878788
hpmcounter8,drift,seed20,206,46475.84242424242
hpmcounter8,drift,seed20,207,46484.066666666666
hpmcounter8,drift,seed20,208,46487.34545454545
hpmcounter8,drift,seed20,209,46499.22424242424
hpmcounter8,drift,seed20,210,46499.74545454545
hpmcounter8,drift,seed20,211,46502.73333333333
hpmcounter8,drift,seed20,212,46503.933333333334
hpmcounter8,drift,seed20,213,46500.35151515152
hpmcounter8,drift,seed20,214,46496.412121212124
hpmcounter8,drift,seed20,215,46499.29090909091
hpmcounter8,drift,seed20,216,46501.17575757576
hpmcounter8,drift,seed20,217,46502.0
hpmcounter8,drift,seed20,218,46786.46060606061
hpmcounter8,drift,seed20,219,47012.606060606064
hpmcounter8,drift,seed20,220,47174.79393939394
hpmcounter8,drift,seed20,221,47272.606060606064
hpmcounter8,drift,seed20,222,47297.63636363636
hpmcounter8,drift,seed20,223,47260.3696969697
hpmcounter8,drift,seed20,224,47163.2303030303
hpmcounter8,drift,seed20,225,46999.454545454544
hpmcounter8,drift,seed20,226,46771.73333333333
hpmcounter8,drift,seed20,227,46478.46060606061
hpmcounter8,drift,seed20,228,46469.278787878786
hpmcounter8,drift,seed20,229,46468.454545454544
hpmcounter8,drift,seed20,230,46474.07272727273
hpmcounter8,drift,seed20,231,46481.00606060606
hpmcounter8,drift,seed20,232,46482.09090909091
hpmcounter8,drift,seed20,233,46486.08484848485
hpmcounter8,drift,seed20,234,46490.975757575754
hpmcounter8,drift,seed20,235,46491.642424242425
hpmcounter8,drift,seed20,236,46488.75151515152
hpmcounter8,drift,seed20,237,46480.854545454546
hpmcounter8,drift,seed20,238,46472.61818181818
hpmcounter8,drift,seed20,239,46470.58181818182
hpmcounter8,drift,seed20,240,46469.59393939394
hpmcounter8,drift,seed20,241,46470.77575757576
hpmcounter8,drift,seed20,242,46467.56363636364
hpmcounter8,drift,seed20,243,46468.242424242424
hpmcounter8,drift,seed20,244,46468.95757575757
hpmcounter8,drift,seed20,245,46470.63636363636
hpmcounter8,drift,seed20,246,46469.86666666667
hpmcounter8,drift,seed20,247,46467.20606060606
hpmcounter8,drift,seed20,248,46465.587878787876
hpmcounter8,drift,seed20,249,46466.01818181818
hpmcounter8,drift,seed20,250,46466.72727272727
hpmcounter8,drift,seed20,251,46467.26666666667
hpmcounter8,drift,seed20,252,46458.35151515152
hpmcounter8,drift,seed20,253,46735.7696969697
hpmcounter8,drift,seed20,254,47235.030303030304
hpmcounter8,drift,seed20,255,47895.63636363636
hpmcounter8,drift,seed20,256,48653.278787878786
hpmcounter8,drift,seed20,257,49157.78787878788
hpmcounter8,drift,seed20,258,49414.6303030303
hpmcounter8,drift,seed20,259,49428.55757575758
hpmcounter8,drift,seed20,260,49475.29090909091
hpmcounter8,drift,seed20,261,49489.569696969695
hpmcounter8,drift,seed20,262,49125.4
hpmcounter8,drift,seed20,263,48729.04242424243
hpmcounter8,drift,seed20,264,48360.09696969697
hpmcounter8,drift,seed20,265,48078.642424242425
hpmcounter8,drift,seed20,266,47954.27272727273
hpmcounter8,drift,seed20,267,47696.07272727273
hpmcounter8,drift,seed20,268,47309.79393939394
hpmcounter8,drift,seed20,269,46799.25454545455
hpmcounter8,drift,seed20,270,46506.96363636364
hpmcounter8,drift,seed20,271,46496.69696969697
hpmcounter8,drift,seed20,272,46491.93939393939
hpmcounter8,drift,seed20,273,46493.53939393939
hpmcounter8,drift,seed20,274,46495.78787878788
hpmcounter8,drift,seed20,275,46495.80606060606
hpmcounter8,drift,seed20,276,46498.048484848485
hpmcounter8,drift,seed20,277,46500.05454545454
hpmcounter8,drift,seed20,278,46500.15757575758
hpmcounter8,drift,seed20,279,46499.412121212124
hpmcounter8,drift,seed20,280,46497.86666666667
hpmcounter8,drift,seed20,281,46494.59393939394
hpmcounter8,drift,seed20,282,46487.67272727273
hpmcounter8,drift,seed20,283,46490.53939393939
hpmcounter8,drift,seed20,284,46493.4
hpmcounter8,drift,seed20,285,46495.260606060605
hpmcounter8,drift,seed20,286,46496.87272727273
hpmcounter8,drift,seed20,287,46494.024242424246
hpmcounter8,drift,seed20,288,46493.278787878786
hpmcounter8,drift,seed20,289,46490.048484848485
hpmcounter8,drift,seed20,290,46484.375757575755
hpmcounter8,drift,seed20,291,46482.98787878788
hpmcounter8,drift,seed20,292,46480.15757575758
hpmcounter8,drift,seed20,293,46479.551515151514
hpmcounter8,drift,seed20,294,46477.09696969697
hpmcounter8,drift,seed20,295,46473.854545454546
hpmcounter8,drift,seed20,296,46470.33939393939
hpmcounter8,drift,seed20,297,46468.94545454546
hpmcounter8,drift,seed20,298,46471.454545454544
hpmcounter8,drift,seed3,9,46512.024242424246
hpmcounter8,drift,seed3,10,46509.99393939394
hpmcounter8,drift,seed3,11,46506.70909090909
hpmcounter8,drift,seed3,12,46507.757575757576
hpmcounter8,drift,seed3,13,46498.66060606061
hpmcounter8,drift,seed3,14,46494.20606060606
hpmcounter8,drift,seed3,15,46490.89090909091
hpmcounter8,drift,seed3,16,46494.975757575754
hpmcounter8,drift,seed3,17,46498.32727272727
hpmcounter8,drift,seed3,18,46506.260606060605
hpmcounter8,drift,seed3,19,46512.92121212121
hpmcounter8,drift,seed3,20,46796.15757575758
hpmcounter8,drift,seed3,21,47012.89090909091
hpmcounter8,drift,seed3,22,47170.36363636364
hpmcounter8,drift,seed3,23,47538.46060606061
hpmcounter8,drift,seed3,24,47785.048484848485
hpmcounter8,drift,seed3,25,48185.8606060606
hpmcounter8,drift,seed3,26,48392.98787878788
hpmcounter8,drift,seed3,27,48417.17575757576
hpmcounter8,drift,seed3,28,48256.24848484848
hpmcounter8,drift,seed3,29,47915.15151515151
hpmcounter8,drift,seed3,30,47730.8606060606
hpmcounter8,drift,seed3,31,47421.781818181815
hpmcounter8,drift,seed3,32,46994.763636363634
hpmcounter8,drift,seed3,33,46787.8
hpmcounter8,drift,seed3,34,46510.96363636364
hpmcounter8,drift,seed3,35,46512.666666666664
hpmcounter8,drift,seed3,36,46510.91515151515
hpmcounter8,drift,seed3,37,46508.28484848485
hpmcounter8,drift,seed3,38,46499.70303030303
hpmcounter8,drift,seed3,39,46497.50303030303
hpmcounter8,drift,seed3,40,46491.06060606061
hpmcounter8,drift,seed3,41,46482.2
hpmcounter8,drift,seed3,42,46475.61818181818
hpmcounter8,drift,seed3,43,46474.51515151515
hpmcounter8,drift,seed3,44,46472.551515151514
hpmcounter8,drift,seed3,45,46471.18787878788
hpmcounter8,drift,seed3,46,46473.59393939394
hpmcounter8,drift,seed3,47,46477.34545454545
hpmcounter8,drift,seed3,48,46477.024242424246
hpmcounter8,drift,seed3,49,46483.69696969697
hpmcounter8,drift,seed3,50,46482.69696969697
hpmcounter8,drift,seed3,51,46483.32727272727
hpmcounter8,drift,seed3,52,46482.818181818184
hpmcounter8,drift,seed3,53,46484.86666666667
hpmcounter8,drift,seed3,54,46487.69090909091
hpmcounter8,drift,seed3,55,46500.04242424243
hpmcounter8,drift,seed3,56,46508.32727272727
hpmcounter8,drift,seed3,57,46515.70303030303
hpmcounter8,drift,seed3,58,46526.721212121214
hpmcounter8,drift,seed3,59,46536.030303030304
hpmcounter8,drift,seed3,60,46537.836363636365
hpmcounter8,drift,seed3,61,46536.01818181818
hpmcounter8,drift,seed3,62,46533.00606060606
hpmcounter8,drift,seed3,63,46526.490909090906
hpmcounter8,drift,seed3,64,46513.315151515155
hpmcounter8,drift,seed3,65,46505.77575757576
hpmcounter8,drift,seed3,66,46496.260606060605
hpmcounter8,drift,seed3,67,46480.8303030303
hpmcounter8,drift,seed3,68,46469.975757575754
hpmcounter8,drift,seed3,69,46460.975757575754
hpmcounter8,drift,seed3,70,46453.28484848485
hpmcounter8,drift,seed3,71,46447.242424242424
hpmcounter8,drift,seed3,72,46446.13333333333
hpmcounter8,drift,seed3,73,46450.1393939394
hpmcounter8,drift,seed3,74,46456.43636363636
hpmcounter8,drift,seed3,75,46462.81212121212
hpmcounter8,drift,seed3,76,46466.587878787876
hpmcounter8,drift,seed3,77,46469.29090909091
hpmcounter8,drift,seed3,78,46471.92727272727
hpmcounter8,drift,seed3,79,46473.86666666667
hpmcounter8,drift,seed3,80,46475.430303030305
hpmcounter8,drift,seed3,81,46473.38787878788
hpmcounter8,drift,seed3,82,46471.509090909094
hpmcounter8,drift,seed3,83,46472.29090909091
hpmcounter8,drift,seed3,84,46476.836363636365
hpmcounter8,drift,seed3,85,46480.242424242424
hpmcounter8,drift,seed3,86,46482.72727272727
hpmcounter8,drift,seed3,87,46481.933333333334
hpmcounter8,drift,seed3,88,46479.4
hpmcounter8,drift,seed3,89,46484.181818181816
hpmcounter8,drift,seed3,90,46487.8606060606
hpmcounter8,drift,seed3,91,46487.55757575758
hpmcounter8,drift,seed3,92,46485.49696969697
hpmcounter8,drift,seed3,93,46477.236363636366
hpmcounter8,drift,seed3,94,46460.66060606061
hpmcounter8,drift,seed3,95,46444.8303030303
hpmcounter8,drift,seed3,96,46437.63636363636
hpmcounter8,drift,seed3,97,46429.448484848486
hpmcounter8,drift,seed3,98,46424.90909090909
hpmcounter8,drift,seed3,99,46433.181818181816
hpmcounter8,drift,seed3,100,46437.10303030303
hpmcounter8,drift,seed3,101,46445.818181818184
hpmcounter8,drift,seed3,102,46456.4
hpmcounter8,drift,seed3,103,46465.52121212121
hpmcounter8,drift,seed3,104,46468.024242424246
hpmcounter8,drift,seed3,105,46475.98181818182
hpmcounter8,drift,seed3,106,46483.89696969697
hpmcounter8,drift,seed3,107,46498.40606060606
hpmcounter8,drift,seed3,108,46508.357575757575
hpmcounter8,drift,seed3,109,46517.545454545456
hpmcounter8,drift,seed3,110,46521.17575757576
hpmcounter8,drift,seed3,111,46520.721212121214
hpmcounter8,drift,seed3,112,46520.44242424242
hpmcounter8,drift,seed3,113,46513.7696969697
hpmcounter8,drift,seed3,114,46508.44242424242
hpmcounter8,drift,seed3,115,46508.18787878788
hpmcounter8,drift,seed3,116,46496.49696969697
hpmcounter8,drift,seed3,117,46492.46666666667
hpmcounter8,drift,seed3,118,46479.84848484849
hpmcounter8,drift,seed3,119,46459.49696969697
hpmcounter8,drift,seed3,120,46445.357575757575
hpmcounter8,drift,seed3,121,46435.10303030303
hpmcounter8,drift,seed3,122,46432.121212121216
hpmcounter8,drift,seed3,123,46429.8303030303
hpmcounter8,drift,seed3,124,46431.509090909094
hpmcounter8,drift,seed3,125,46442.624242424245
hpmcounter8,drift,seed3,126,46449.99393939394
hpmcounter8,drift,seed3,127,46457.20606060606
hpmcounter8,drift,seed3,128,46459.53939393939
hpmcounter8,drift,seed3,129,46455.0
hpmcounter8,drift,seed3,130,46447.2303030303
hpmcounter8,drift,seed3,131,46445.30909090909
hpmcounter8,drift,seed3,132,46730.472727272725
hpmcounter8,drift,seed3,133,46963.43636363636
hpmcounter8,drift,seed3,134,47132.278787878786
hpmcounter8,drift,seed3,135,47236.90909090909
hpmcounter8,drift,seed3,136,47285.951515151515
hpmcounter8,drift,seed3,137,47549.8606060606
hpmcounter8,drift,seed3,138,47688.12727272727
hpmcounter8,drift,seed3,139,47694.50303030303
hpmcounter8,drift,seed3,140,47558.509090909094
hpmcounter8,drift,seed3,141,47293.242424242424
hpmcounter8,drift,seed3,142,47246.30303030303
hpmcounter8,drift,seed3,143,47141.32121212121
hpmcounter8,drift,seed3,144,46972.52121212121
hpmcounter8,drift,seed3,145,46741.030303030304
hpmcounter8,drift,seed3,146,46454.454545454544
hpmcounter8,drift,seed3,147,46450.048484848485
hpmcounter8,drift,seed3,148,46453.412121212124
hpmcounter8,drift,seed3,149,46457.739393939395
hpmcounter8,drift,seed3,150,46458.72727272727
hpmcounter8,drift,seed3,151,46460.80606060606
hpmcounter8,drift,seed3,152,46464.587878787876
hpmcounter8,drift,seed3,153,46465.25454545455
hpmcounter8,drift,seed3,154,46459.75151515152
hpmcounter8,drift,seed3,155,46456.75151515152
hpmcounter8,drift,seed3,156,46460.59393939394
hpmcounter8,drift,seed3,157,46465.67272727273
hpmcounter8,drift,seed3,158,46475.7696969697
hpmcounter8,drift,seed3,159,46485.46060606061
hpmcounter8,drift,seed3,160,46497.781818181815
hpmcounter8,drift,seed3,161,46512.93939393939
hpmcounter8,drift,seed3,162,46528.56363636364
hpmcounter8,drift,seed3,163,46534.65454545455
hpmcounter8,drift,seed3,164,46531.91515151515
hpmcounter8,drift,seed3,165,46523.236363636366
hpmcounter8,drift,seed3,166,46513.63636363636
hpmcounter8,drift,seed3,167,46499.53333333333
hpmcounter8,drift,seed3,168,46773.8303030303
hpmcounter8,drift,seed3,169,47266.587878787876
hpmcounter8,drift,seed3,170,47923.587878787876
hpmcounter8,drift,seed3,171,48679.58181818182
hpmcounter8,drift,seed3,172,49472.64848484848
hpmcounter8,drift,seed3,173,50227.78787878788
hpmcounter8,drift,seed3,174,50891.430303030305
hpmcounter8,drift,seed3,175,51394.38181818182
hpmcounter8,drift,seed3,176,51388.606060606064
hpmcounter8,drift,seed3,177,50878.375757575755
hpmcounter8,drift,seed3,178,50212.024242424246
hpmcounter8,drift,seed3,179,49445.10303030303
hpmcounter8,drift,seed3,180,48656.8303030303
hpmcounter8,drift,seed3,181,48183.98787878788
hpmcounter8,drift,seed3,182,47746.69696969697
hpmcounter8,drift,seed3,183,47406.27272727273
hpmcounter8,drift,seed3,184,47227.96363636364
hpmcounter8,drift,seed3,185,47262.642424242425
hpmcounter8,drift,seed3,186,47512.94545454546
hpmcounter8,drift,seed3,187,47923.41818181818
hpmcounter8,drift,seed3,188,48142.163636363635
hpmcounter8,drift,seed3,189,48447.8606060606
hpmcounter8,drift,seed3,190,48508.448484848486
hpmcounter8,drift,seed3,191,48658.2
hpmcounter8,drift,seed3,192,48617.951515151515
hpmcounter8,drift,seed3,193,48399.315151515155
hpmcounter8,drift,seed3,194,47991.642424242425
hpmcounter8,drift,seed3,195,47396.8
hpmcounter8,drift,seed3,196,46954.048484848485
hpmcounter8,drift,seed3,197,46735.509090909094
hpmcounter8,drift,seed3,198,46456.67878787879
hpmcounter8,drift,seed3,199,46456.20606060606
hpmcounter8,drift,seed3,200,46457.44242424242
hpmcounter8,drift,seed3,201,46457.721212121214
hpmcounter8,drift,seed3,202,46459.551515151514
hpmcounter8,drift,seed3,203,46467.527272727275
hpmcounter8,drift,seed3,204,46476.73333333333
hpmcounter8,drift,seed3,205,46487.50303030303
hpmcounter8,drift,seed3,206,46488.933333333334
hpmcounter8,drift,seed3,207,46487.606060606064
hpmcounter8,drift,seed3,208,46488.77575757576
hpmcounter8,drift,seed3,209,46484.48484848485
hpmcounter8,drift,seed3,210,46474.93939393939
hpmcounter8,drift,seed3,211,46465.84242424242
hpmcounter8,drift,seed3,212,46461.757575757576
hpmcounter8,drift,seed3,213,46458.00606060606
hpmcounter8,drift,seed3,214,46457.393939393936
hpmcounter8,drift,seed3,215,46458.0
hpmcounter8,drift,seed3,216,46462.551515151514
hpmcounter8,drift,seed3,217,46465.09090909091
hpmcounter8,drift,seed3,218,46466.07878787879
hpmcounter8,drift,seed3,219,46467.975757575754
hpmcounter8,drift,seed3,220,46467.8
hpmcounter8,drift,seed3,221,46466.48484848485
hpmcounter8,drift,seed3,222,46475.61212121212
hpmcounter8,drift,seed3,223,46483.624242424245
hpmcounter8,drift,seed3,224,46494.98181818182
hpmcounter8,drift,seed3,225,46501.066666666666
hpmcounter8,drift,seed3,226,46507.509090909094
hpmcounter8,drift,seed3,227,46510.03636363636
hpmcounter8,drift,seed3,228,46504.93939393939
hpmcounter8,drift,seed3,229,46499.01818181818
hpmcounter8,drift,seed3,230,46487.67878787879
hpmcounter8,drift,seed3,231,46473.666666666664
hpmcounter8,drift,seed3,232,46468.20606060606
hpmcounter8,drift,seed3,233,46465.01818181818
hpmcounter8,drift,seed3,234,46472.0
hpmcounter8,drift,seed3,235,46478.36363636364
hpmcounter8,drift,seed3,236,46488.739393939395
hpmcounter8,drift,seed3,237,46494.642424242425
hpmcounter8,drift,seed3,238,46498.09696969697
hpmcounter8,drift,seed3,239,46498.98181818182
hpmcounter8,drift,seed3,240,46496.63636363636
hpmcounter8,drift,seed3,241,46492.00606060606
hpmcounter8,drift,seed3,242,46485.03636363636
hpmcounter8,drift,seed3,243,46474.836363636365
hpmcounter8,drift,seed3,244,46464.878787878784
hpmcounter8,drift,seed3,245,46454.218181818185
hpmcounter8,drift,seed3,246,46454.315151515155
hpmcounter8,drift,seed3,247,46452.34545454545
hpmcounter8,drift,seed3,248,46455.90303030303
hpmcounter8,drift,seed3,249,46457.454545454544
hpmcounter8,drift,seed3,250,46461.50303030303
hpmcounter8,drift,seed3,251,46465.74545454545
hpmcounter8,drift,seed3,252,46470.12727272727
hpmcounter8,drift,seed3,253,46469.50303030303
hpmcounter8,drift,seed3,254,46471.38787878788
hpmcounter8,drift,seed3,255,46471.52121212121
hpmcounter8,drift,seed3,256,46469.1393939394
hpmcounter8,drift,seed3,257,46466.26666666667
hpmcounter8,drift,seed3,258,46466.80606060606
hpmcounter8,drift,seed3,259,46463.87272727273
hpmcounter8,drift,seed3,260,46458.781818181815
hpmcounter8,drift,seed3,261,46462.07272727273
hpmcounter8,drift,seed3,262,46467.74545454545
hpmcounter8,drift,seed3,263,46466.721212121214
hpmcounter8,drift,seed3,264,46472.55757575758
hpmcounter8,drift,seed3,265,46478.6
hpmcounter8,drift,seed3,266,46479.242424242424
hpmcounter8,drift,seed3,267,46480.61212121212
hpmcounter8,drift,seed3,268,46477.58181818182
hpmcounter8,drift,seed3,269,46474.84848484849
hpmcounter8,drift,seed3,270,46472.11515151515
hpmcounter8,drift,seed3,271,46476.38181818182
hpmcounter8,drift,seed3,272,46486.57575757576
hpmcounter8,drift,seed3,273,46488.64848484848
hpmcounter8,drift,seed3,274,46495.818181818184
hpmcounter8,drift,seed3,275,46496.90909090909
hpmcounter8,drift,seed3,276,46496.93939393939
hpmcounter8,drift,seed3,277,46499.41818181818
hpmcounter8,drift,seed3,278,46493.066666666666
hpmcounter8,drift,seed3,279,46482.32727272727
hpmcounter8,drift,seed3,280,46476.67878787879
hpmcounter8,drift,seed3,281,46466.10303030303
hpmcounter8,drift,seed3,282,46464.61818181818
hpmcounter8,drift,seed3,283,46454.00606060606
hpmcounter8,drift,seed3,284,46449.18787878788
hpmcounter8,drift,seed3,285,46442.21212121212
hpmcounter8,drift,seed3,286,46437.80606060606
hpmcounter8,drift,seed3,287,46441.96363636364
hpmcounter8,drift,seed3,288,46443.527272727275
hpmcounter8,drift,seed3,289,46441.79393939394
hpmcounter8,drift,seed3,290,46448.854545454546
hpmcounter8,drift,seed3,291,46451.04242424243
hpmcounter8,drift,seed3,292,46454.04242424243
hpmcounter8,drift,seed3,293,46448.72727272727
hpmcounter8,drift,seed3,294,46446.454545454544
hpmcounter8,drift,seed3,295,46445.278787878786
hpmcounter8,drift,seed3,296,46445.218181818185
hpmcounter8,drift,seed3,297,46454.1393939394
hpmcounter8,drift,seed3,298,46460.86666666667
hpmcounter8,drift,seed4,9,46499.030303030304
hpmcounter8,drift,seed4,10,46491.260606060605
hpmcounter8,drift,seed4,11,46487.10909090909
hpmcounter8,drift,seed4,12,46490.448484848486
hpmcounter8,drift,seed4,13,46487.17575757576
hpmcounter8,drift,seed4,14,46486.89090909091
hpmcounter8,drift,seed4,15,46487.278787878786
hpmcounter8,drift,seed4,16,46486.78787878788
hpmcounter8,drift,seed4,17,46483.763636363634
hpmcounter8,drift,seed4,18,46491.1393939394
hpmcounter8,drift,seed4,19,46498.181818181816
hpmcounter8,drift,seed4,20,46502.781818181815
hpmcounter8,drift,seed4,21,46503.527272727275
hpmcounter8,drift,seed4,22,46507.73333333333
hpmcounter8,drift,seed4,23,46508.721212121214
hpmcounter8,drift,seed4,24,46511.59393939394
hpmcounter8,drift,seed4,25,46507.50303030303
hpmcounter8,drift,seed4,26,46495.066666666666
hpmcounter8,drift,seed4,27,46481.048484848485
hpmcounter8,drift,seed4,28,46469.278787878786
hpmcounter8,drift,seed4,29,46467.7696969697
hpmcounter8,drift,seed4,30,46473.48484848485
hpmcounter8,drift,seed4,31,46478.163636363635
hpmcounter8,drift,seed4,32,46478.59393939394
hpmcounter8,drift,seed4,33,46481.92121212121
hpmcounter8,drift,seed4,34,46488.721212121214
hpmcounter8,drift,seed4,35,46488.70909090909
hpmcounter8,drift,seed4,36,46484.721212121214
hpmcounter8,drift,seed4,37,46479.46060606061
hpmcounter8,drift,seed4,38,46471.218181818185
hpmcounter8,drift,seed4,39,46465.163636363635
hpmcounter8,drift,seed4,40,46469.490909090906
hpmcounter8,drift,seed4,41,46477.048484848485
hpmcounter8,drift,seed4,42,46483.121212121216
hpmcounter8,drift,seed4,43,46491.71515151515
hpmcounter8,drift,seed4,44,46496.46666666667
hpmcounter8,drift,seed4,45,46496.145454545454
hpmcounter8,drift,seed4,46,46498.48484848485
hpmcounter8,drift,seed4,47,46503.24848484848
hpmcounter8,drift,seed4,48,46506.67272727273
hpmcounter8,drift,seed4,49,46503.448484848486
hpmcounter8,drift,seed4,50,46502.69696969697
hpmcounter8,drift,seed4,51,46504.91515151515
hpmcounter8,drift,seed4,52,46506.53333333333
hpmcounter8,drift,seed4,53,46508.357575757575
hpmcounter8,drift,seed4,54,46501.72727272727
hpmcounter8,drift,seed4,55,46497.2303030303
hpmcounter8,drift,seed4,56,46494.30303030303
hpmcounter8,drift,seed4,57,46497.551515151514
hpmcounter8,drift,seed4,58,46504.22424242424
hpmcounter8,drift,seed4,59,46505.08484848485
hpmcounter8,drift,seed4,60,46507.951515151515
hpmcounter8,drift,seed4,61,46513.49696969697
hpmcounter8,drift,seed4,62,46514.50303030303
hpmcounter8,drift,seed4,63,46512.684848484845
hpmcounter8,drift,seed4,64,46510.69090909091
hpmcounter8,drift,seed4,65,46506.95757575757
hpmcounter8,drift,seed4,66,46497.181818181816
hpmcounter8,drift,seed4,67,46494.35151515152
hpmcounter8,drift,seed4,68,46496.46060606061
hpmcounter8,drift,seed4,69,46500.25454545455
hpmcounter8,drift,seed4,70,46497.218181818185
hpmcounter8,drift,seed4,71,46495.65454545455
hpmcounter8,drift,seed4,72,46491.836363636365
hpmcounter8,drift,seed4,73,46484.8303030303
hpmcounter8,drift,seed4,74,46482.545454545456
hpmcounter8,drift,seed4,75,46475.624242424245
hpmcounter8,drift,seed4,76,46463.163636363635
hpmcounter8,drift,seed4,77,46454.69090909091
hpmcounter8,drift,seed4,78,46453.42424242424
hpmcounter8,drift,seed4,79,46458.412121212124
hpmcounter8,drift,seed4,80,46462.121212121216
hpmcounter8,drift,seed4,81,46464.19393939394
hpmcounter8,drift,seed4,82,46472.99393939394
hpmcounter8,drift,seed4,83,46476.18787878788
hpmcounter8,drift,seed4,84,46478.854545454546
hpmcounter8,drift,seed4,85,46477.56363636364
hpmcounter8,drift,seed4,86,46475.8
hpmcounter8,drift,seed4,87,46473.27272727273
hpmcounter8,drift,seed4,88,46473.43636363636
hpmcounter8,drift,seed4,89,46470.72727272727
hpmcounter8,drift,seed4,90,46471.52121212121
hpmcounter8,drift,seed4,91,46464.721212121214
hpmcounter8,drift,seed4,92,46460.84848484849
hpmcounter8,drift,seed4,93,46463.01818181818
hpmcounter8,drift,seed4,94,46468.12727272727
hpmcounter8,drift,seed4,95,46472.260606060605
hpmcounter8,drift,seed4,96,46474.98787878788
hpmcounter8,drift,seed4,97,46478.11515151515
hpmcounter8,drift,seed4,98,46480.48484848485
hpmcounter8,drift,seed4,99,46484.6
hpmcounter8,drift,seed4,100,46488.63636363636
hpmcounter8,drift,seed4,101,46484.61818181818
hpmcounter8,drift,seed4,102,46476.92727272727
hpmcounter8,drift,seed4,103,46471.066666666666
hpmcounter8,drift,seed4,104,46472.89090909091
hpmcounter8,drift,seed4,105,46473.763636363634
hpmcounter8,drift,seed4,106,46469.91515151515
hpmcounter8,drift,seed4,107,46465.79393939394
hpmcounter8,drift,seed4,108,46467.15151515151
hpmcounter8,drift,seed4,109,46472.4
hpmcounter8,drift,seed4,110,46477.78787878788
hpmcounter8,drift,seed4,111,46479.89090909091
hpmcounter8,drift,seed4,112,46481.49696969697
hpmcounter8,drift,seed4,113,46481.35151515152
hpmcounter8,drift,seed4,114,46484.6
hpmcounter8,drift,seed4,115,46487.43636363636
hpmcounter8,drift,seed4,116,46765.81212121212
hpmcounter8,drift,seed4,117,47264.18787878788
hpmcounter8,drift,seed4,118,47639.527272727275
hpmcounter8,drift,seed4,119,47892.42424242424
hpmcounter8,drift,seed4,120,48019.8
hpmcounter8,drift,seed4,121,48021.20606060606
hpmcounter8,drift,seed4,122,47895.01818181818
hpmcounter8,drift,seed4,123,47930.236363636366
hpmcounter8,drift,seed4,124,47776.2303030303
hpmcounter8,drift,seed4,125,47433.99393939394
hpmcounter8,drift,seed4,126,47248.40606060606
hpmcounter8,drift,seed4,127,47286.236363636366
hpmcounter8,drift,seed4,128,47255.00606060606
hpmcounter8,drift,seed4,129,47154.048484848485
hpmcounter8,drift,seed4,130,46994.69090909091
hpmcounter8,drift,seed4,131,46770.87272727273
hpmcounter8,drift,seed4,132,46483.315151515155
hpmcounter8,drift,seed4,133,46479.50303030303
hpmcounter8,drift,seed4,134,46478.260606060605
hpmcounter8,drift,seed4,135,46475.121212121216
hpmcounter8,drift,seed4,136,46478.32121212121
hpmcounter8,drift,seed4,137,46482.09090909091
hpmcounter8,drift,seed4,138,46486.333333333336
hpmcounter8,drift,seed4,139,46481.393939393936
hpmcounter8,drift,seed4,140,46474.951515151515
hpmcounter8,drift,seed4,141,46473.69696969697
hpmcounter8,drift,seed4,142,46474.375757575755
hpmcounter8,drift,seed4,143,46471.50303030303
hpmcounter8,drift,seed4,144,46471.10909090909
hpmcounter8,drift,seed4,145,46467.15757575758
hpmcounter8,drift,seed4,146,46471.684848484845
hpmcounter8,drift,seed4,147,46475.71515151515
hpmcounter8,drift,seed4,148,46481.48484848485
hpmcounter8,drift,seed4,149,46483.36363636364
hpmcounter8,drift,seed4,150,46484.642424242425
hpmcounter8,drift,seed4,151,46488.53333333333
hpmcounter8,drift,seed4,152,46492.454545454544
hpmcounter8,drift,seed4,153,46497.278787878786
hpmcounter8,drift,seed4,154,46496.145454545454
hpmcounter8,drift,seed4,155,46488.90909090909
hpmcounter8,drift,seed4,156,46485.67272727273
hpmcounter8,drift,seed4,157,46477.93939393939
hpmcounter8,drift,seed4,158,46471.09696969697
hpmcounter8,drift,seed4,159,46462.79393939394
hpmcounter8,drift,seed4,160,46462.375757575755
hpmcounter8,drift,seed4,161,46466.77575757576
hpmcounter8,drift,seed4,162,46468.52121212121
hpmcounter8,drift,seed4,163,46762.721212121214
hpmcounter8,drift,seed4,164,47271.666666666664
hpmcounter8,drift,seed4,165,47936.51515151515
hpmcounter8,drift,seed4,166,48698.10909090909
hpmcounter8,drift,seed4,167,49486.09090909091
hpmcounter8,drift,seed4,168,50236.430303030305
hpmcounter8,drift,seed4,169,50611.67272727273
hpmcounter8,drift,seed4,170,50606.781818181815
hpmcounter8,drift,seed4,171,50515.91515151515
hpmcounter8,drift,seed4,172,50261.03636363636
hpmcounter8,drift,seed4,173,50135.375757575755
hpmcounter8,drift,seed4,174,49857.29090909091
hpmcounter8,drift,seed4,175,49475.92121212121
hpmcounter8,drift,seed4,176,49067.34545454545
hpmcounter8,drift,seed4,177,48699.12727272727
hpmcounter8,drift,seed4,178,48416.26666666667
hpmcounter8,drift,seed4,179,47946.00606060606
hpmcounter8,drift,seed4,180,47277.551515151514
hpmcounter8,drift,seed4,181,46775.236363636366
hpmcounter8,drift,seed4,182,46488.32121212121
hpmcounter8,drift,seed4,183,46477.81212121212
hpmcounter8,drift,seed4,184,46476.71515151515
hpmcounter8,drift,seed4,185,46473.551515151514
hpmcounter8,drift,seed4,186,46471.278787878786
hpmcounter8,drift,seed4,187,46475.393939393936
hpmcounter8,drift,seed4,188,46475.74545454545
hpmcounter8,drift,seed4,189,46473.121212121216
hpmcounter8,drift,seed4,190,46469.50303030303
hpmcounter8,drift,seed4,191,46472.01212121212
hpmcounter8,drift,seed4,192,46476.35151515152
hpmcounter8,drift,seed4,193,46469.1393939394
hpmcounter8,drift,seed4,194,46463.0
hpmcounter8,drift,seed4,195,46464.3696969697
hpmcounter8,drift,seed4,196,46467.587878787876
hpmcounter8,drift,seed4,197,46474.57575757576
hpmcounter8,drift,seed4,198,46477.79393939394
hpmcounter8,drift,seed4,199,46477.393939393936
hpmcounter8,drift,seed4,200,46481.53939393939
hpmcounter8,drift,seed4,201,46481.28484848485
hpmcounter8,drift,seed4,202,46489.27272727273
hpmcounter8,drift,seed4,203,46488.43636363636
hpmcounter8,drift,seed4,204,46482.47878787879
hpmcounter8,drift,seed4,205,46481.44242424242
hpmcounter8,drift,seed4,206,46478.07272727273
hpmcounter8,drift,seed4,207,46476.951515151515
hpmcounter8,drift,seed4,208,46471.41818181818
hpmcounter8,drift,seed4,209,46469.75151515152
hpmcounter8,drift,seed4,210,46469.06060606061
hpmcounter8,drift,seed4,211,46466.63636363636
hpmcounter8,drift,seed4,212,46470.739393939395
hpmcounter8,drift,seed4,213,46471.721212121214
hpmcounter8,drift,seed4,214,46468.58181818182
hpmcounter8,drift,seed4,215,46471.739393939395
hpmcounter8,drift,seed4,216,46473.29090909091
hpmcounter8,drift,seed4,217,46471.33939393939
hpmcounter8,drift,seed4,218,46465.90303030303
hpmcounter8,drift,seed4,219,46465.181818181816
hpmcounter8,drift,seed4,220,46463.46666666667
hpmcounter8,drift,seed4,221,46466.472727272725
hpmcounter8,drift,seed4,222,46470.05454545454
hpmcounter8,drift,seed4,223,46469.30909090909
hpmcounter8,drift,seed4,224,46463.93939393939
hpmcounter8,drift,seed4,225,46461.20606060606
hpmcounter8,drift,seed4,226,46457.527272727275
hpmcounter8,drift,seed4,227,46456.35151515152
hpmcounter8,drift,seed4,228,46451.642424242425
hpmcounter8,drift,seed4,229,46446.7696969697
hpmcounter8,drift,seed4,230,46446.94545454546
hpmcounter8,drift,seed4,231,46449.24848484848
hpmcounter8,drift,seed4,232,46459.50303030303
hpmcounter8,drift,seed4,233,46472.64848484848
hpmcounter8,drift,seed4,234,46481.10303030303
hpmcounter8,drift,seed4,235,46488.67272727273
hpmcounter8,drift,seed4,236,46486.8
hpmcounter8,drift,seed4,237,46488.20606060606
hpmcounter8,drift,seed4,238,46490.6
hpmcounter8,drift,seed4,239,46485.74545454545
hpmcounter8,drift,seed4,240,46481.52121212121
hpmcounter8,drift,seed4,241,46475.066666666666
hpmcounter8,drift,seed4,242,46470.82424242424
hpmcounter8,drift,seed4,243,46469.91515151515
hpmcounter8,drift,seed4,244,46476.29090909091
hpmcounter8,drift,seed4,245,46483.34545454545
hpmcounter8,drift,seed4,246,46483.818181818184
hpmcounter8,drift,seed4,247,46480.569696969695
hpmcounter8,drift,seed4,248,46488.951515151515
hpmcounter8,drift,seed4,249,46494.69090909091
hpmcounter8,drift,seed4,250,46498.48484848485
hpmcounter8,drift,seed4,251,46504.569696969695
hpmcounter8,drift,seed4,252,46507.05454545454
hpmcounter8,drift,seed4,253,46500.393939393936
hpmcounter8,drift,seed4,254,46493.587878787876
hpmcounter8,drift,seed4,255,46487.35151515152
hpmcounter8,drift,seed4,256,46478.6
hpmcounter8,drift,seed4,257,46467.04242424243
hpmcounter8,drift,seed4,258,46462.26666666667
hpmcounter8,drift,seed4,259,46461.490909090906
hpmcounter8,drift,seed4,260,46464.24848484848
hpmcounter8,drift,seed4,261,46469.2
hpmcounter8,drift,seed4,262,46481.77575757576
hpmcounter8,drift,seed4,263,46497.49696969697
hpmcounter8,drift,seed4,264,46505.03636363636
hpmcounter8,drift,seed4,265,46516.01818181818
hpmcounter8,drift,seed4,266,46525.739393939395
hpmcounter8,drift,seed4,267,46821.46666666667
hpmcounter8,drift,seed4,268,47330.29090909091
hpmcounter8,drift,seed4,269,47989.69696969697
hpmcounter8,drift,seed4,270,48736.66060606061
hpmcounter8,drift,seed4,271,49511.357575757575
hpmcounter8,drift,seed4,272,49975.53939393939
hpmcounter8,drift,seed4,273,50132.606060606064
hpmcounter8,drift,seed4,274,49972.61818181818
hpmcounter8,drift,seed4,275,49496.7696969697
hpmcounter8,drift,seed4,276,48707.51515151515
hpmcounter8,drift,seed4,277,47951.92727272727
hpmcounter8,drift,seed4,278,47291.47878787879
hpmcounter8,drift,seed4,279,46783.20606060606
hpmcounter8,drift,seed4,280,46487.29696969697
hpmcounter8,drift,seed4,281,46481.933333333334
hpmcounter8,drift,seed4,282,46478.22424242424
hpmcounter8,drift,seed4,283,46480.22424242424
hpmcounter8,drift,seed4,284,46480.6
hpmcounter8,drift,seed4,285,46479.09090909091
hpmcounter8,drift,seed4,286,46477.878787878784
hpmcounter8,drift,seed4,287,46468.63636363636
hpmcounter8,drift,seed4,288,46456.260606060605
hpmcounter8,drift,seed4,289,46445.48484848485
hpmcounter8,drift,seed4,290,46434.8606060606
hpmcounter8,drift,seed4,291,46437.315151515155
hpmcounter8,drift,seed4,292,46442.94545454546
hpmcounter8,drift,seed4,293,46451.2
hpmcounter8,drift,seed4,294,46453.975757575754
hpmcounter8,drift,seed4,295,46460.30303030303
hpmcounter8,drift,seed4,296,46466.4
hpmcounter8,drift,seed4,297,46475.218181818185
hpmcounter8,drift,seed4,298,46473.01212121212
hpmcounter8,drift,seed5,9,48036.89090909091
hpmcounter8,drift,seed5,10,47779.53333333333
hpmcounter8,drift,seed5,11,47386.00606060606
hpmcounter8,drift,seed5,12,47005.46666666667
hpmcounter8,drift,seed5,13,46688.17575757576
hpmcounter8,drift,seed5,14,46496.757575757576
hpmcounter8,drift,seed5,15,46490.91515151515
hpmcounter8,drift,seed5,16,46490.2303030303
hpmcounter8,drift,seed5,17,46484.12727272727
hpmcounter8,drift,seed5,18,46475.6303030303
hpmcounter8,drift,seed5,19,46465.6
hpmcounter8,drift,seed5,20,46453.260606060605
hpmcounter8,drift,seed5,21,46449.10909090909
hpmcounter8,drift,seed5,22,46444.781818181815
hpmcounter8,drift,seed5,23,46446.15151515151
hpmcounter8,drift,seed5,24,46456.278787878786
hpmcounter8,drift,seed5,25,46460.03636363636
hpmcounter8,drift,seed5,26,46463.43636363636
hpmcounter8,drift,seed5,27,46467.836363636365
hpmcounter8,drift,seed5,28,46468.92121212121
hpmcounter8,drift,seed5,29,46462.15151515151
hpmcounter8,drift,seed5,30,46730.82424242424
hpmcounter8,drift,seed5,31,47221.315151515155
hpmcounter8,drift,seed5,32,47591.04242424243
hpmcounter8,drift,seed5,33,48128.333333333336
hpmcounter8,drift,seed5,34,48771.975757575754
hpmcounter8,drift,seed5,35,49446.472727272725
hpmcounter8,drift,seed5,36,50081.472727272725
hpmcounter8,drift,seed5,37,50622.05454545454
hpmcounter8,drift,seed5,38,50727.951515151515
hpmcounter8,drift,seed5,39,50389.739393939395
hpmcounter8,drift,seed5,40,49953.03636363636
hpmcounter8,drift,seed5,41,49472.09090909091
hpmcounter8,drift,seed5,42,48962.66060606061
hpmcounter8,drift,seed5,43,48423.951515151515
hpmcounter8,drift,seed5,44,47916.51515151515
hpmcounter8,drift,seed5,45,47507.818181818184
hpmcounter8,drift,seed5,46,47253.03636363636
hpmcounter8,drift,seed5,47,47220.94545454546
hpmcounter8,drift,seed5,48,47130.98787878788
hpmcounter8,drift,seed5,49,46983.05454545454
hpmcounter8,drift,seed5,50,46776.10909090909
hpmcounter8,drift,seed5,51,46499.20606060606
hpmcounter8,drift,seed5,52,46505.98181818182
hpmcounter8,drift,seed5,53,46502.4
hpmcounter8,drift,seed5,54,46500.6303030303
hpmcounter8,drift,seed5,55,46499.49696969697
hpmcounter8,drift,seed5,56,46491.65454545455
hpmcounter8,drift,seed5,57,46481.490909090906
hpmcounter8,drift,seed5,58,46475.684848484845
hpmcounter8,drift,seed5,59,46759.3696969697
hpmcounter8,drift,seed5,60,46984.27272727273
hpmcounter8,drift,seed5,61,47437.15151515151
hpmcounter8,drift,seed5,62,48043.99393939394
hpmcounter8,drift,seed5,63,48733.836363636365
hpmcounter8,drift,seed5,64,49456.95757575757
hpmcounter8,drift,seed5,65,49863.87272727273
hpmcounter8,drift,seed5,66,49955.181818181816
hpmcounter8,drift,seed5,67,49727.12727272727
hpmcounter8,drift,seed5,68,49184.569696969695
hpmcounter8,drift,seed5,69,48676.33939393939
hpmcounter8,drift,seed5,70,47922.77575757576
hpmcounter8,drift,seed5,71,47273.551515151514
hpmcounter8,drift,seed5,72,46783.53333333333
hpmcounter8,drift,seed5,73,46511.121212121216
hpmcounter8,drift,seed5,74,46519.94545454546
hpmcounter8,drift,seed5,75,46521.260606060605
hpmcounter8,drift,seed5,76,46524.15757575758
hpmcounter8,drift,seed5,77,46522.89696969697
hpmcounter8,drift,seed5,78,46520.50303030303
hpmcounter8,drift,seed5,79,46511.6
hpmcounter8,drift,seed5,80,46501.393939393936
hpmcounter8,drift,seed5,81,46496.43636363636
hpmcounter8,drift,seed5,82,46491.236363636366
hpmcounter8,drift,seed5,83,46484.98787878788
hpmcounter8,drift,seed5,84,46483.10909090909
hpmcounter8,drift,seed5,85,46482.34545454545
hpmcounter8,drift,seed5,86,46492.71515151515
hpmcounter8,drift,seed5,87,46495.951515151515
hpmcounter8,drift,seed5,88,46501.472727272725
hpmcounter8,drift,seed5,89,46499.79393939394
hpmcounter8,drift,seed5,90,46499.01212121212
hpmcounter8,drift,seed5,91,46497.77575757576
hpmcounter8,drift,seed5,92,46496.50303030303
hpmcounter8,drift,seed5,93,46490.763636363634
hpmcounter8,drift,seed5,94,46480.52121212121
hpmcounter8,drift,seed5,95,46473.43636363636
hpmcounter8,drift,seed5,96,46480.278787878786
hpmcounter8,drift,seed5,97,46479.65454545455
hpmcounter8,drift,seed5,98,46484.10303030303
hpmcounter8,drift,seed5,99,46482.393939393936
hpmcounter8,drift,seed5,100,46488.836363636365
hpmcounter8,drift,seed5,101,46488.80606060606
hpmcounter8,drift,seed5,102,46483.527272727275
hpmcounter8,drift,seed5,103,46483.57575757576
hpmcounter8,drift,seed5,104,46486.03636363636
hpmcounter8,drift,seed5,105,46486.69696969697
hpmcounter8,drift,seed5,106,46490.8
hpmcounter8,drift,seed5,107,46488.00606060606
hpmcounter8,drift,seed5,108,46490.48484848485
hpmcounter8,drift,seed5,109,46492.20606060606
hpmcounter8,drift,seed5,110,46495.93939393939
hpmcounter8,drift,seed5,111,46500.13333333333
hpmcounter8,drift,seed5,112,46492.26666666667
hpmcounter8,drift,seed5,113,46480.545454545456
hpmcounter8,drift,seed5,114,46476.333333333336
hpmcounter8,drift,seed5,115,46477.89090909091
hpmcounter8,drift,seed5,116,46482.32727272727
hpmcounter8,drift,seed5,117,46489.05454545454
hpmcounter8,drift,seed5,118,46497.01818181818
hpmcounter8,drift,seed5,119,46788.448484848486
hpmcounter8,drift,seed5,120,47018.08484848485
hpmcounter8,drift,seed5,121,47185.57575757576
hpmcounter8,drift,seed5,122,47281.0
hpmcounter8,drift,seed5,123,47306.84848484849
hpmcounter8,drift,seed5,124,47263.08484848485
hpmcounter8,drift,seed5,125,47168.05454545454
hpmcounter8,drift,seed5,126,47012.51515151515
hpmcounter8,drift,seed5,127,46797.21212121212
hpmcounter8,drift,seed5,128,46523.73333333333
hpmcounter8,drift,seed5,129,46529.09696969697
hpmcounter8,drift,seed5,130,46531.00606060606
hpmcounter8,drift,seed5,131,46531.52121212121
hpmcounter8,drift,seed5,132,46525.357575757575
hpmcounter8,drift,seed5,133,46519.145454545454
hpmcounter8,drift,seed5,134,46504.2
hpmcounter8,drift,seed5,135,46497.393939393936
hpmcounter8,drift,seed5,136,46491.121212121216
hpmcounter8,drift,seed5,137,46485.90909090909
hpmcounter8,drift,seed5,138,46484.99393939394
hpmcounter8,drift,seed5,139,46483.624242424245
hpmcounter8,drift,seed5,140,46474.17575757576
hpmcounter8,drift,seed5,141,46468.38787878788
hpmcounter8,drift,seed5,142,46462.01818181818
hpmcounter8,drift,seed5,143,46457.357575757575
hpmcounter8,drift,seed5,144,46449.53939393939
hpmcounter8,drift,seed5,145,46448.19393939394
hpmcounter8,drift,seed5,146,46445.78787878788
hpmcounter8,drift,seed5,147,46451.0
hpmcounter8,drift,seed5,148,46453.88484848485
hpmcounter8,drift,seed5,149,46456.606060606064
hpmcounter8,drift,seed5,150,46455.490909090906
hpmcounter8,drift,seed5,151,46455.07272727273
hpmcounter8,drift,seed5,152,46457.18787878788
hpmcounter8,drift,seed5,153,46458.57575757576
hpmcounter8,drift,seed5,154,46455.46666666667
hpmcounter8,drift,seed5,155,46447.69090909091
hpmcounter8,drift,seed5,156,46436.26666666667
hpmcounter8,drift,seed5,157,46436.71515151515
hpmcounter8,drift,seed5,158,46718.757575757576
hpmcounter8,drift,seed5,159,46938.06060606061
hpmcounter8,drift,seed5,160,47097.6303030303
hpmcounter8,drift,seed5,161,47476.606060606064
hpmcounter8,drift,seed5,162,48017.145454545454
hpmcounter8,drift,seed5,163,48658.13333333333
hpmcounter8,drift,seed5,164,49326.260606060605
hpmcounter8,drift,seed5,165,49671.56363636364
hpmcounter8,drift,seed5,166,49704.75151515152
hpmcounter8,drift,seed5,167,49428.43636363636
hpmcounter8,drift,seed5,168,49183.412121212124
hpmcounter8,drift,seed5,169,48680.69090909091
hpmcounter8,drift,seed5,170,47924.15151515151
hpmcounter8,drift,seed5,171,47265.84242424242
hpmcounter8,drift,seed5,172,46762.46060606061
hpmcounter8,drift,seed5,173,46485.066666666666
hpmcounter8,drift,seed5,174,46486.236363636366
hpmcounter8,drift,seed5,175,46481.2
hpmcounter8,drift,seed5,176,46473.92121212121
hpmcounter8,drift,seed5,177,46469.64848484848
hpmcounter8,drift,seed5,178,46470.25454545455
hpmcounter8,drift,seed5,179,46466.81212121212
hpmcounter8,drift,seed5,180,46460.4
hpmcounter8,drift,seed5,181,46458.20606060606
hpmcounter8,drift,seed5,182,46460.17575757576
hpmcounter8,drift,seed5,183,46467.551515151514
hpmcounter8,drift,seed5,184,46473.21212121212
hpmcounter8,drift,seed5,185,46479.63636363636
hpmcounter8,drift,seed5,186,46479.32727272727
hpmcounter8,drift,seed5,187,46477.46060606061
hpmcounter8,drift,seed5,188,46479.01818181818
hpmcounter8,drift,seed5,189,46482.40606060606
hpmcounter8,drift,seed5,190,46485.98181818182
hpmcounter8,drift,seed5,191,46484.65454545455
hpmcounter8,drift,seed5,192,46483.96363636364
hpmcounter8,drift,seed5,193,46488.7696969697
hpmcounter8,drift,seed5,194,46493.7696969697
hpmcounter8,drift,seed5,195,46495.315151515155
hpmcounter8,drift,seed5,196,46494.56363636364
hpmcounter8,drift,seed5,197,46488.430303030305
hpmcounter8,drift,seed5,198,46484.393939393936
hpmcounter8,drift,seed5,199,46481.218181818185
hpmcounter8,drift,seed5,200,46481.933333333334
hpmcounter8,drift,seed5,201,46481.09090909091
hpmcounter8,drift,seed5,202,46474.86666666667
hpmcounter8,drift,seed5,203,46478.00606060606
hpmcounter8,drift,seed5,204,46484.28484848485
hpmcounter8,drift,seed5,205,46482.32121212121
hpmcounter8,drift,seed5,206,46477.27272727273
hpmcounter8,drift,seed5,207,46469.86666666667
hpmcounter8,drift,seed5,208,46468.77575757576
hpmcounter8,drift,seed5,209,46469.71515151515
hpmcounter8,drift,seed5,210,46472.75151515152
hpmcounter8,drift,seed5,211,46477.32727272727
hpmcounter8,drift,seed5,212,46481.8606060606
hpmcounter8,drift,seed5,213,46489.8303030303
hpmcounter8,drift,seed5,214,46501.64848484848
hpmcounter8,drift,seed5,215,46503.393939393936
hpmcounter8,drift,seed5,216,46499.07272727273
hpmcounter8,drift,seed5,217,46491.67272727273
hpmcounter8,drift,seed5,218,46485.969696969696
hpmcounter8,drift,seed5,219,46482.375757575755
hpmcounter8,drift,seed5,220,46479.42424242424
hpmcounter8,drift,seed5,221,46475.04242424243
hpmcounter8,drift,seed5,222,46475.17575757576
hpmcounter8,drift,seed5,223,46476.22424242424
hpmcounter8,drift,seed5,224,46478.70909090909
hpmcounter8,drift,seed5,225,46482.01212121212
hpmcounter8,drift,seed5,226,46482.44242424242
hpmcounter8,drift,seed5,227,46481.854545454546
hpmcounter8,drift,seed5,228,46478.00606060606
hpmcounter8,drift,seed5,229,46477.242424242424
hpmcounter8,drift,seed5,230,46475.818181818184
hpmcounter8,drift,seed5,231,46470.4
hpmcounter8,drift,seed5,232,46462.34545454545
hpmcounter8,drift,seed5,233,46461.94545454546
hpmcounter8,drift,seed5,234,46460.36363636364
hpmcounter8,drift,seed5,235,46458.52121212121
hpmcounter8,drift,seed5,236,46463.26666666667
hpmcounter8,drift,seed5,237,46462.721212121214
hpmcounter8,drift,seed5,238,46461.12727272727
hpmcounter8,drift,seed5,239,46461.35151515152
hpmcounter8,drift,seed5,240,46462.58181818182
hpmcounter8,drift,seed5,241,46459.721212121214
hpmcounter8,drift,seed5,242,46455.94545454546
hpmcounter8,drift,seed5,243,46456.04242424243
hpmcounter8,drift,seed5,244,46461.6
hpmcounter8,drift,seed5,245,46464.03636363636
hpmcounter8,drift,seed5,246,46475.21212121212
hpmcounter8,drift,seed5,247,46482.24848484848
hpmcounter8,drift,seed5,248,46490.048484848485
hpmcounter8,drift,seed5,249,46491.357575757575
hpmcounter8,drift,seed5,250,46491.49696969697
hpmcounter8,drift,seed5,251,46490.53333333333
hpmcounter8,drift,seed5,252,46487.61818181818
hpmcounter8,drift,seed5,253,46485.24848484848
hpmcounter8,drift,seed5,254,46487.10303030303
hpmcounter8,drift,seed5,255,46494.357575757575
hpmcounter8,drift,seed5,256,46497.15151515151
hpmcounter8,drift,seed5,257,46500.28484848485
hpmcounter8,drift,seed5,258,46500.763636363634
hpmcounter8,drift,seed5,259,46496.818181818184
hpmcounter8,drift,seed5,260,46495.278787878786
hpmcounter8,drift,seed5,261,46492.06060606061
hpmcounter8,drift,seed5,262,46765.43636363636
hpmcounter8,drift,seed5,263,47262.99393939394
hpmcounter8,drift,seed5,264,47919.90909090909
hpmcounter8,drift,seed5,265,48392.79393939394
hpmcounter8,drift,seed5,266,48675.72727272727
hpmcounter8,drift,seed5,267,48771.854545454546
hpmcounter8,drift,seed5,268,48675.666666666664
hpmcounter8,drift,seed5,269,48389.86666666667
hpmcounter8,drift,seed5,270,47924.67272727273
hpmcounter8,drift,seed5,271,47271.82424242424
hpmcounter8,drift,seed5,272,46772.472727272725
hpmcounter8,drift,seed5,273,46493.854545454546
hpmcounter8,drift,seed5,274,46501.933333333334
hpmcounter8,drift,seed5,275,46506.70303030303
hpmcounter8,drift,seed5,276,46514.587878787876
hpmcounter8,drift,seed5,277,46518.18787878788
hpmcounter8,drift,seed5,278,46518.84848484849
hpmcounter8,drift,seed5,279,46510.22424242424
hpmcounter8,drift,seed5,280,46501.65454545455
hpmcounter8,drift,seed5,281,46499.757575757576
hpmcounter8,drift,seed5,282,46495.79393939394
hpmcounter8,drift,seed5,283,46491.64848484848
hpmcounter8,drift,seed5,284,46486.3696969697
hpmcounter8,drift,seed5,285,46484.606060606064
hpmcounter8,drift,seed5,286,46490.49696969697
hpmcounter8,drift,seed5,287,46495.242424242424
hpmcounter8,drift,seed5,288,46502.56363636364
hpmcounter8,drift,seed5,289,46503.412121212124
hpmcounter8,drift,seed5,290,46499.81212121212
hpmcounter8,drift,seed5,291,46491.72727272727
hpmcounter8,drift,seed5,292,46768.86666666667
hpmcounter8,drift,seed5,293,47267.52121212121
hpmcounter8,drift,seed5,294,47915.55757575758
hpmcounter8,drift,seed5,295,48655.43636363636
hpmcounter8,drift,seed5,296,49427.61212121212
hpmcounter8,drift,seed5,297,50169.56363636364
hpmcounter8,drift,seed5,298,50539.6303030303
hpmcounter8,drift,seed6,9,46940.8303030303
hpmcounter8,drift,seed6,10,46880.69696969697
hpmcounter8,drift,seed6,11,46783.71515151515
hpmcounter8,drift,seed6,12,46659.01818181818
hpmcounter8,drift,seed6,13,46496.87272727273
hpmcounter8,drift,seed6,14,46508.01212121212
hpmcounter8,drift,seed6,15,46514.40606060606
hpmcounter8,drift,seed6,16,46524.84242424242
hpmcounter8,drift,seed6,17,46532.12727272727
hpmcounter8,drift,seed6,18,46535.236363636366
hpmcounter8,drift,seed6,19,46529.412121212124
hpmcounter8,drift,seed6,20,46513.79393939394
hpmcounter8,drift,seed6,21,46498.07878787879
hpmcounter8,drift,seed6,22,46484.69696969697
hpmcounter8,drift,seed6,23,46481.430303030305
hpmcounter8,drift,seed6,24,46481.82424242424
hpmcounter8,drift,seed6,25,46481.3696969697
hpmcounter8,drift,seed6,26,46484.163636363635
hpmcounter8,drift,seed6,27,46488.951515151515
hpmcounter8,drift,seed6,28,46770.24848484848
hpmcounter8,drift,seed6,29,47276.721212121214
hpmcounter8,drift,seed6,30,47933.88484848485
hpmcounter8,drift,seed6,31,48679.00606060606
hpmcounter8,drift,seed6,32,49453.69090909091
hpmcounter8,drift,seed6,33,49918.4
hpmcounter8,drift,seed6,34,50065.92121212121
hpmcounter8,drift,seed6,35,49901.236363636366
hpmcounter8,drift,seed6,36,49426.757575757576
hpmcounter8,drift,seed6,37,48646.10303030303
hpmcounter8,drift,seed6,38,47895.3696969697
hpmcounter8,drift,seed6,39,47250.587878787876
hpmcounter8,drift,seed6,40,46770.666666666664
hpmcounter8,drift,seed6,41,46498.08484848485
hpmcounter8,drift,seed6,42,46512.145454545454
hpmcounter8,drift,seed6,43,46517.10303030303
hpmcounter8,drift,seed6,44,46513.30909090909
hpmcounter8,drift,seed6,45,46507.69090909091
hpmcounter8,drift,seed6,46,46499.34545454545
hpmcounter8,drift,seed6,47,46490.79393939394
hpmcounter8,drift,seed6,48,46479.93939393939
hpmcounter8,drift,seed6,49,46474.22424242424
hpmcounter8,drift,seed6,50,46472.975757575754
hpmcounter8,drift,seed6,51,46472.27272727273
hpmcounter8,drift,seed6,52,46481.642424242425
hpmcounter8,drift,seed6,53,46483.145454545454
hpmcounter8,drift,seed6,54,46481.781818181815
hpmcounter8,drift,seed6,55,46486.1393939394
hpmcounter8,drift,seed6,56,46493.878787878784
hpmcounter8,drift,seed6,57,46500.81212121212
hpmcounter8,drift,seed6,58,46502.933333333334
hpmcounter8,drift,seed6,59,46504.05454545454
hpmcounter8,drift,seed6,60,46499.739393939395
hpmcounter8,drift,seed6,61,46499.69696969697
hpmcounter8,drift,seed6,62,46499.975757575754
hpmcounter8,drift,seed6,63,46492.06060606061
hpmcounter8,drift,seed6,64,46476.26666666667
hpmcounter8,drift,seed6,65,46468.34545454545
hpmcounter8,drift,seed6,66,46459.430303030305
hpmcounter8,drift,seed6,67,46456.6
hpmcounter8,drift,seed6,68,46456.46666666667
hpmcounter8,drift,seed6,69,46463.69696969697
hpmcounter8,drift,seed6,70,46474.6
hpmcounter8,drift,seed6,71,46490.42424242424
hpmcounter8,drift,seed6,72,46499.28484848485
hpmcounter8,drift,seed6,73,46508.32121212121
hpmcounter8,drift,seed6,74,46508.35151515152
hpmcounter8,drift,seed6,75,46509.81212121212
hpmcounter8,drift,seed6,76,46505.00606060606
hpmcounter8,drift,seed6,77,46498.35151515152
hpmcounter8,drift,seed6,78,46492.21212121212
hpmcounter8,drift,seed6,79,46490.624242424245
hpmcounter8,drift,seed6,80,46490.69090909091
hpmcounter8,drift,seed6,81,46495.6303030303
hpmcounter8,drift,seed6,82,46498.8
hpmcounter8,drift,seed6,83,46505.066666666666
hpmcounter8,drift,seed6,84,46506.92727272727
hpmcounter8,drift,seed6,85,46505.4
hpmcounter8,drift,seed6,86,46784.11515151515
hpmcounter8,drift,seed6,87,47278.472727272725
hpmcounter8,drift,seed6,88,47650.74545454545
hpmcounter8,drift,seed6,89,47898.666666666664
hpmcounter8,drift,seed6,90,48020.09090909091
hpmcounter8,drift,seed6,91,48022.94545454546
hpmcounter8,drift,seed6,92,47894.27272727273
hpmcounter8,drift,seed6,93,47649.17575757576
hpmcounter8,drift,seed6,94,47276.25454545455
hpmcounter8,drift,seed6,95,46774.65454545455
hpmcounter8,drift,seed6,96,46490.98181818182
hpmcounter8,drift,seed6,97,46489.05454545454
hpmcounter8,drift,seed6,98,46490.878787878784
hpmcounter8,drift,seed6,99,46493.393939393936
hpmcounter8,drift,seed6,100,46492.92727272727
hpmcounter8,drift,seed6,101,46499.90909090909
hpmcounter8,drift,seed6,102,46497.509090909094
hpmcounter8,drift,seed6,103,46505.15151515151
hpmcounter8,drift,seed6,104,46506.11515151515
hpmcounter8,drift,seed6,105,46503.09696969697
hpmcounter8,drift,seed6,106,46497.642424242425
hpmcounter8,drift,seed6,107,46490.87272727273
hpmcounter8,drift,seed6,108,46485.94545454546
hpmcounter8,drift,seed6,109,46479.236363636366
hpmcounter8,drift,seed6,110,46470.07878787879
hpmcounter8,drift,seed6,111,46468.10303030303
hpmcounter8,drift,seed6,112,46464.393939393936
hpmcounter8,drift,seed6,113,46469.32121212121
hpmcounter8,drift,seed6,114,46473.30909090909
hpmcounter8,drift,seed6,115,46475.67272727273
hpmcounter8,drift,seed6,116,46475.70303030303
hpmcounter8,drift,seed6,117,46474.236363636366
hpmcounter8,drift,seed6,118,46466.66060606061
hpmcounter8,drift,seed6,119,46464.07272727273
hpmcounter8,drift,seed6,120,46461.53333333333
hpmcounter8,drift,seed6,121,46460.781818181815
hpmcounter8,drift,seed6,122,46452.781818181815
hpmcounter8,drift,seed6,123,46450.86666666667
hpmcounter8,drift,seed6,124,46452.32727272727
hpmcounter8,drift,seed6,125,46453.606060606064
hpmcounter8,drift,seed6,126,46451.79393939394
hpmcounter8,drift,seed6,127,46452.121212121216
hpmcounter8,drift,seed6,128,46443.2
hpmcounter8,drift,seed6,129,46444.490909090906
hpmcounter8,drift,seed6,130,46450.10303030303
hpmcounter8,drift,seed6,131,46451.64848484848
hpmcounter8,drift,seed6,132,46447.163636363635
hpmcounter8,drift,seed6,133,46447.2303030303
hpmcounter8,drift,seed6,134,46446.46666666667
hpmcounter8,drift,seed6,135,46448.07272727273
hpmcounter8,drift,seed6,136,46741.92727272727
hpmcounter8,drift,seed6,137,46970.066666666666
hpmcounter8,drift,seed6,138,47130.52121212121
hpmcounter8,drift,seed6,139,47513.21212121212
hpmcounter8,drift,seed6,140,47769.59393939394
hpmcounter8,drift,seed6,141,47893.03636363636
hpmcounter8,drift,seed6,142,47896.969696969696
hpmcounter8,drift,seed6,143,47778.242424242424
hpmcounter8,drift,seed6,144,47532.96363636364
hpmcounter8,drift,seed6,145,47159.12727272727
hpmcounter8,drift,seed6,146,47012.08484848485
hpmcounter8,drift,seed6,147,46796.03636363636
hpmcounter8,drift,seed6,148,46510.236363636366
hpmcounter8,drift,seed6,149,46505.430303030305
hpmcounter8,drift,seed6,150,46496.763636363634
hpmcounter8,drift,seed6,151,46480.412121212124
hpmcounter8,drift,seed6,152,46469.2
hpmcounter8,drift,seed6,153,46463.12727272727
hpmcounter8,drift,seed6,154,46466.73333333333
hpmcounter8,drift,seed6,155,46472.90303030303
hpmcounter8,drift,seed6,156,46477.0
hpmcounter8,drift,seed6,157,46483.84242424242
hpmcounter8,drift,seed6,158,46491.15151515151
hpmcounter8,drift,seed6,159,46498.79393939394
hpmcounter8,drift,seed6,160,46502.490909090906
hpmcounter8,drift,seed6,161,46505.569696969695
hpmcounter8,drift,seed6,162,46509.07878787879
hpmcounter8,drift,seed6,163,46793.36363636364
hpmcounter8,drift,seed6,164,47296.41818181818
hpmcounter8,drift,seed6,165,47956.22424242424
hpmcounter8,drift,seed6,166,48708.375757575755
hpmcounter8,drift,seed6,167,49209.163636363635
hpmcounter8,drift,seed6,168,49460.836363636365
hpmcounter8,drift,seed6,169,49471.236363636366
hpmcounter8,drift,seed6,170,49222.49696969697
hpmcounter8,drift,seed6,171,48724.90909090909
hpmcounter8,drift,seed6,172,47972.11515151515
hpmcounter8,drift,seed6,173,47307.587878787876
hpmcounter8,drift,seed6,174,46794.61212121212
hpmcounter8,drift,seed6,175,46496.82424242424
hpmcounter8,drift,seed6,176,46480.66060606061
hpmcounter8,drift,seed6,177,46466.448484848486
hpmcounter8,drift,seed6,178,46458.51515151515
hpmcounter8,drift,seed6,179,46463.393939393936
hpmcounter8,drift,seed6,180,46465.242424242424
hpmcounter8,drift,seed6,181,46475.8303030303
hpmcounter8,drift,seed6,182,46483.03636363636
hpmcounter8,drift,seed6,183,46483.40606060606
hpmcounter8,drift,seed6,184,46488.17575757576
hpmcounter8,drift,seed6,185,46492.8303030303
hpmcounter8,drift,seed6,186,46492.836363636365
hpmcounter8,drift,seed6,187,46490.12727272727
hpmcounter8,drift,seed6,188,46492.8303030303
hpmcounter8,drift,seed6,189,46501.80606060606
hpmcounter8,drift,seed6,190,46506.0
hpmcounter8,drift,seed6,191,46511.587878787876
hpmcounter8,drift,seed6,192,46515.34545454545
hpmcounter8,drift,seed6,193,46510.642424242425
hpmcounter8,drift,seed6,194,46510.836363636365
hpmcounter8,drift,seed6,195,46513.53333333333
hpmcounter8,drift,seed6,196,46513.47878787879
hpmcounter8,drift,seed6,197,46508.01818181818
hpmcounter8,drift,seed6,198,46495.04242424243
hpmcounter8,drift,seed6,199,46483.77575757576
hpmcounter8,drift,seed6,200,46475.8
hpmcounter8,drift,seed6,201,46468.95757575757
hpmcounter8,drift,seed6,202,46459.357575757575
hpmcounter8,drift,seed6,203,46454.86666666667
hpmcounter8,drift,seed6,204,46454.12727272727
hpmcounter8,drift,seed6,205,46454.72727272727
hpmcounter8,drift,seed6,206,46459.763636363634
hpmcounter8,drift,seed6,207,46466.48484848485
hpmcounter8,drift,seed6,208,46754.22424242424
hpmcounter8,drift,seed6,209,46972.606060606064
hpmcounter8,drift,seed6,210,47136.86666666667
hpmcounter8,drift,seed6,211,47235.666666666664
hpmcounter8,drift,seed6,212,47273.57575757576
hpmcounter8,drift,seed6,213,47247.50303030303
hpmcounter8,drift,seed6,214,47153.81212121212
hpmcounter8,drift,seed6,215,46994.98787878788
hpmcounter8,drift,seed6,216,46776.72727272727
hpmcounter8,drift,seed6,217,46499.06060606061
hpmcounter8,drift,seed6,218,46506.19393939394
hpmcounter8,drift,seed6,219,46497.71515151515
hpmcounter8,drift,seed6,220,46492.6303030303
hpmcounter8,drift,seed6,221,46485.70909090909
hpmcounter8,drift,seed6,222,46489.684848484845
hpmcounter8,drift,seed6,223,46489.454545454544
hpmcounter8,drift,seed6,224,46484.84848484849
hpmcounter8,drift,seed6,225,46480.0
hpmcounter8,drift,seed6,226,46479.430303030305
hpmcounter8,drift,seed6,227,46480.836363636365
hpmcounter8,drift,seed6,228,46484.13333333333
hpmcounter8,drift,seed6,229,46477.6
hpmcounter8,drift,seed6,230,46475.27272727273
hpmcounter8,drift,seed6,231,46468.375757575755
hpmcounter8,drift,seed6,232,46466.551515151514
hpmcounter8,drift,seed6,233,46467.49696969697
hpmcounter8,drift,seed6,234,46472.24848484848
hpmcounter8,drift,seed6,235,46477.472727272725
hpmcounter8,drift,seed6,236,46487.121212121216
hpmcounter8,drift,seed6,237,46490.569696969695
hpmcounter8,drift,seed6,238,46488.63636363636
hpmcounter8,drift,seed6,239,46483.98181818182
hpmcounter8,drift,seed6,240,46487.61818181818
hpmcounter8,drift,seed6,241,46485.490909090906
hpmcounter8,drift,seed6,242,46474.181818181816
hpmcounter8,drift,seed6,243,46465.12727272727
hpmcounter8,drift,seed6,244,46464.90303030303
hpmcounter8,drift,seed6,245,46463.69090909091
hpmcounter8,drift,seed6,246,46463.163636363635
hpmcounter8,drift,seed6,247,46457.98181818182
hpmcounter8,drift,seed6,248,46458.49696969697
hpmcounter8,drift,seed6,249,46460.8606060606
hpmcounter8,drift,seed6,250,46469.1696969697
hpmcounter8,drift,seed6,251,46484.6303030303
hpmcounter8,drift,seed6,252,46489.70303030303
hpmcounter8,drift,seed6,253,46488.03636363636
hpmcounter8,drift,seed6,254,46489.15151515151
hpmcounter8,drift,seed6,255,46496.430303030305
hpmcounter8,drift,seed6,256,46498.854545454546
hpmcounter8,drift,seed6,257,46496.09090909091
hpmcounter8,drift,seed6,258,46490.38181818182
hpmcounter8,drift,seed6,259,46484.01212121212
hpmcounter8,drift,seed6,260,46472.642424242425
hpmcounter8,drift,seed6,261,46466.03636363636
hpmcounter8,drift,seed6,262,46463.80606060606
hpmcounter8,drift,seed6,263,46455.15151515151
hpmcounter8,drift,seed6,264,46444.46666666667
hpmcounter8,drift,seed6,265,46447.67878787879
hpmcounter8,drift,seed6,266,46457.10909090909
hpmcounter8,drift,seed6,267,46472.721212121214
hpmcounter8,drift,seed6,268,46482.44242424242
hpmcounter8,drift,seed6,269,46495.61818181818
hpmcounter8,drift,seed6,270,46501.666666666664
hpmcounter8,drift,seed6,271,46508.75151515152
hpmcounter8,drift,seed6,272,46512.15757575758
hpmcounter8,drift,seed6,273,46507.32121212121
hpmcounter8,drift,seed6,274,46501.78787878788
hpmcounter8,drift,seed6,275,46502.024242424246
hpmcounter8,drift,seed6,276,46496.05454545454
hpmcounter8,drift,seed6,277,46489.70303030303
hpmcounter8,drift,seed6,278,46761.38181818182
hpmcounter8,drift,seed6,279,47260.181818181816
hpmcounter8,drift,seed6,280,47916.10303030303
hpmcounter8,drift,seed6,281,48386.545454545456
hpmcounter8,drift,seed6,282,48663.09090909091
hpmcounter8,drift,seed6,283,48750.6303030303
hpmcounter8,drift,seed6,284,48657.6303030303
hpmcounter8,drift,seed6,285,48664.03636363636
hpmcounter8,drift,seed6,286,48415.01212121212
hpmcounter8,drift,seed6,287,47915.98181818182
hpmcounter8,drift,seed6,288,47509.01818181818
hpmcounter8,drift,seed6,289,47266.509090909094
hpmcounter8,drift,seed6,290,47243.89696969697
hpmcounter8,drift,seed6,291,47154.163636363635
hpmcounter8,drift,seed6,292,46999.93939393939
hpmcounter8,drift,seed6,293,46773.34545454545
hpmcounter8,drift,seed6,294,46489.33939393939
hpmcounter8,drift,seed6,295,46488.63636363636
hpmcounter8,drift,seed6,296,46494.12727272727
hpmcounter8,drift,seed6,297,46501.63636363636
hpmcounter8,drift,seed6,298,46506.21212121212
hpmcounter8,drift,seed7,9,46496.181818181816
hpmcounter8,drift,seed7,10,46484.854545454546
hpmcounter8,drift,seed7,11,46472.818181818184
hpmcounter8,drift,seed7,12,46470.17575757576
hpmcounter8,drift,seed7,13,46471.89090909091
hpmcounter8,drift,seed7,14,46476.38787878788
hpmcounter8,drift,seed7,15,46483.95757575757
hpmcounter8,drift,seed7,16,46492.21212121212
hpmcounter8,drift,seed7,17,46497.121212121216
hpmcounter8,drift,seed7,18,46502.96363636364
hpmcounter8,drift,seed7,19,46511.87272727273
hpmcounter8,drift,seed7,20,46517.260606060605
hpmcounter8,drift,seed7,21,46510.933333333334
hpmcounter8,drift,seed7,22,46501.95757575757
hpmcounter8,drift,seed7,23,46495.8
hpmcounter8,drift,seed7,24,46492.333333333336
hpmcounter8,drift,seed7,25,46487.05454545454
hpmcounter8,drift,seed7,26,46477.684848484845
hpmcounter8,drift,seed7,27,46469.48484848485
hpmcounter8,drift,seed7,28,46456.22424242424
hpmcounter8,drift,seed7,29,46456.36363636364
hpmcounter8,drift,seed7,30,46466.8303030303
hpmcounter8,drift,seed7,31,46753.024242424246
hpmcounter8,drift,seed7,32,47256.94545454546
hpmcounter8,drift,seed7,33,47920.70303030303
hpmcounter8,drift,seed7,34,48389.412121212124
hpmcounter8,drift,seed7,35,48675.44242424242
hpmcounter8,drift,seed7,36,48775.21212121212
hpmcounter8,drift,seed7,37,48688.763636363634
hpmcounter8,drift,seed7,38,48408.28484848485
hpmcounter8,drift,seed7,39,47933.545454545456
hpmcounter8,drift,seed7,40,47280.42424242424
hpmcounter8,drift,seed7,41,46779.721212121214
hpmcounter8,drift,seed7,42,46496.34545454545
hpmcounter8,drift,seed7,43,46493.22424242424
hpmcounter8,drift,seed7,44,46478.69090909091
hpmcounter8,drift,seed7,45,46468.030303030304
hpmcounter8,drift,seed7,46,46457.448484848486
hpmcounter8,drift,seed7,47,46447.545454545456
hpmcounter8,drift,seed7,48,46444.6
hpmcounter8,drift,seed7,49,46442.22424242424
hpmcounter8,drift,seed7,50,46447.642424242425
hpmcounter8,drift,seed7,51,46456.490909090906
hpmcounter8,drift,seed7,52,46468.878787878784
hpmcounter8,drift,seed7,53,46476.4
hpmcounter8,drift,seed7,54,46479.78787878788
hpmcounter8,drift,seed7,55,46484.58181818182
hpmcounter8,drift,seed7,56,46482.545454545456
hpmcounter8,drift,seed7,57,46477.89696969697
hpmcounter8,drift,seed7,58,46477.10909090909
hpmcounter8,drift,seed7,59,46481.03636363636
hpmcounter8,drift,seed7,60,46765.01818181818
hpmcounter8,drift,seed7,61,46986.024242424246
hpmcounter8,drift,seed7,62,47140.08484848485
hpmcounter8,drift,seed7,63,47227.49696969697
hpmcounter8,drift,seed7,64,47253.77575757576
hpmcounter8,drift,seed7,65,47217.90303030303
hpmcounter8,drift,seed7,66,47119.757575757576
hpmcounter8,drift,seed7,67,46965.781818181815
hpmcounter8,drift,seed7,68,46752.63636363636
hpmcounter8,drift,seed7,69,46477.01212121212
hpmcounter8,drift,seed7,70,46483.98787878788
hpmcounter8,drift,seed7,71,46486.98787878788
hpmcounter8,drift,seed7,72,46484.58181818182
hpmcounter8,drift,seed7,73,46481.587878787876
hpmcounter8,drift,seed7,74,46480.430303030305
hpmcounter8,drift,seed7,75,46475.05454545454
hpmcounter8,drift,seed7,76,46469.818181818184
hpmcounter8,drift,seed7,77,46473.53333333333
hpmcounter8,drift,seed7,78,46477.757575757576
hpmcounter8,drift,seed7,79,46478.75151515152
hpmcounter8,drift,seed7,80,46477.38181818182
hpmcounter8,drift,seed7,81,46473.89090909091
hpmcounter8,drift,seed7,82,46470.490909090906
hpmcounter8,drift,seed7,83,46470.0
hpmcounter8,drift,seed7,84,46476.24848484848
hpmcounter8,drift,seed7,85,46484.551515151514
hpmcounter8,drift,seed7,86,46488.30303030303
hpmcounter8,drift,seed7,87,46502.27272727273
hpmcounter8,drift,seed7,88,46520.3696969697
hpmcounter8,drift,seed7,89,46539.53333333333
hpmcounter8,drift,seed7,90,46545.163636363635
hpmcounter8,drift,seed7,91,46546.61212121212
hpmcounter8,drift,seed7,92,46536.80606060606
hpmcounter8,drift,seed7,93,46529.13333333333
hpmcounter8,drift,seed7,94,46522.2303030303
hpmcounter8,drift,seed7,95,46513.46666666667
hpmcounter8,drift,seed7,96,46503.163636363635
hpmcounter8,drift,seed7,97,46491.975757575754
hpmcounter8,drift,seed7,98,46485.7696969697
hpmcounter8,drift,seed7,99,46482.818181818184
hpmcounter8,drift,seed7,100,46480.763636363634
hpmcounter8,drift,seed7,101,46475.666666666664
hpmcounter8,drift,seed7,102,46468.642424242425
hpmcounter8,drift,seed7,103,46468.15151515151
hpmcounter8,drift,seed7,104,46468.666666666664
hpmcounter8,drift,seed7,105,46469.09696969697
hpmcounter8,drift,seed7,106,46474.52121212121
hpmcounter8,drift,seed7,107,46472.278787878786
hpmcounter8,drift,seed7,108,46471.05454545454
hpmcounter8,drift,seed7,109,46468.278787878786
hpmcounter8,drift,seed7,110,46469.22424242424
hpmcounter8,drift,seed7,111,46471.878787878784
hpmcounter8,drift,seed7,112,46472.836363636365
hpmcounter8,drift,seed7,113,46474.0
hpmcounter8,drift,seed7,114,46476.67272727273
hpmcounter8,drift,seed7,115,46477.56363636364
hpmcounter8,drift,seed7,116,46477.163636363635
hpmcounter8,drift,seed7,117,46472.121212121216
hpmcounter8,drift,seed7,118,46745.545454545456
hpmcounter8,drift,seed7,119,46957.38181818182
hpmcounter8,drift,seed7,120,47108.818181818184
hpmcounter8,drift,seed7,121,47204.28484848485
hpmcounter8,drift,seed7,122,47238.01818181818
hpmcounter8,drift,seed7,123,47210.551515151514
hpmcounter8,drift,seed7,124,47126.024242424246
hpmcounter8,drift,seed7,125,46979.606060606064
hpmcounter8,drift,seed7,126,46767.32727272727
hpmcounter8,drift,seed7,127,46494.08484848485
hpmcounter8,drift,seed7,128,46496.81212121212
hpmcounter8,drift,seed7,129,46493.81212121212
hpmcounter8,drift,seed7,130,46488.393939393936
hpmcounter8,drift,seed7,131,46482.509090909094
hpmcounter8,drift,seed7,132,46476.09696969697
hpmcounter8,drift,seed7,133,46465.721212121214
hpmcounter8,drift,seed7,134,46462.28484848485
hpmcounter8,drift,seed7,135,46463.375757575755
hpmcounter8,drift,seed7,136,46461.8303030303
hpmcounter8,drift,seed7,137,46460.024242424246
hpmcounter8,drift,seed7,138,46456.67272727273
hpmcounter8,drift,seed7,139,46453.163636363635
hpmcounter8,drift,seed7,140,46451.04242424243
hpmcounter8,drift,seed7,141,46454.71515151515
hpmcounter8,drift,seed7,142,46455.90303030303
hpmcounter8,drift,seed7,143,46449.38787878788
hpmcounter8,drift,seed7,144,46449.36363636364
hpmcounter8,drift,seed7,145,46458.53333333333
hpmcounter8,drift,seed7,146,46466.79393939394
hpmcounter8,drift,seed7,147,46471.18787878788
hpmcounter8,drift,seed7,148,46472.8606060606
hpmcounter8,drift,seed7,149,46474.30303030303
hpmcounter8,drift,seed7,150,46471.951515151515
hpmcounter8,drift,seed7,151,46474.67878787879
hpmcounter8,drift,seed7,152,46476.721212121214
hpmcounter8,drift,seed7,153,46468.61212121212
hpmcounter8,drift,seed7,154,46452.09696969697
hpmcounter8,drift,seed7,155,46443.12727272727
hpmcounter8,drift,seed7,156,46438.86666666667
hpmcounter8,drift,seed7,157,46437.53939393939
hpmcounter8,drift,seed7,158,46439.2
hpmcounter8,drift,seed7,159,46440.30909090909
hpmcounter8,drift,seed7,160,46442.757575757576
hpmcounter8,drift,seed7,161,46445.05454545454
hpmcounter8,drift,seed7,162,46459.527272727275
hpmcounter8,drift,seed7,163,46470.13333333333
hpmcounter8,drift,seed7,164,46477.25454545455
hpmcounter8,drift,seed7,165,46481.63636363636
hpmcounter8,drift,seed7,166,46488.33939393939
hpmcounter8,drift,seed7,167,46490.242424242424
hpmcounter8,drift,seed7,168,46486.721212121214
hpmcounter8,drift,seed7,169,46477.763636363634
hpmcounter8,drift,seed7,170,46471.36363636364
hpmcounter8,drift,seed7,171,46457.77575757576
hpmcounter8,drift,seed7,172,46736.430303030305
hpmcounter8,drift,seed7,173,47238.278787878786
hpmcounter8,drift,seed7,174,47905.84848484849
hpmcounter8,drift,seed7,175,48665.18787878788
hpmcounter8,drift,seed7,176,49464.82424242424
hpmcounter8,drift,seed7,177,50232.75151515152
hpmcounter8,drift,seed7,178,50895.61818181818
hpmcounter8,drift,seed7,179,51400.73333333333
hpmcounter8,drift,seed7,180,51685.90303030303
hpmcounter8,drift,seed7,181,51681.24848484848
hpmcounter8,drift,seed7,182,51676.72727272727
hpmcounter8,drift,seed7,183,51392.50303030303
hpmcounter8,drift,seed7,184,50887.75151515152
hpmcounter8,drift,seed7,185,50223.01212121212
hpmcounter8,drift,seed7,186,49465.28484848485
hpmcounter8,drift,seed7,187,48672.121212121216
hpmcounter8,drift,seed7,188,47908.218181818185
hpmcounter8,drift,seed7,189,47248.55757575758
hpmcounter8,drift,seed7,190,46749.08484848485
hpmcounter8,drift,seed7,191,46469.30909090909
hpmcounter8,drift,seed7,192,46477.1393939394
hpmcounter8,drift,seed7,193,46482.587878787876
hpmcounter8,drift,seed7,194,46487.51515151515
hpmcounter8,drift,seed7,195,46492.56363636364
hpmcounter8,drift,seed7,196,46491.90909090909
hpmcounter8,drift,seed7,197,46482.89696969697
hpmcounter8,drift,seed7,198,46476.77575757576
hpmcounter8,drift,seed7,199,46474.44242424242
hpmcounter8,drift,seed7,200,46474.94545454546
hpmcounter8,drift,seed7,201,46480.32121212121
hpmcounter8,drift,seed7,202,46492.71515151515
hpmcounter8,drift,seed7,203,46497.49696969697
hpmcounter8,drift,seed7,204,46501.61212121212
hpmcounter8,drift,seed7,205,46499.781818181815
hpmcounter8,drift,seed7,206,46498.06060606061
hpmcounter8,drift,seed7,207,46499.41818181818
hpmcounter8,drift,seed7,208,46502.07272727273
hpmcounter8,drift,seed7,209,46505.18787878788
hpmcounter8,drift,seed7,210,46505.41818181818
hpmcounter8,drift,seed7,211,46504.77575757576
hpmcounter8,drift,seed7,212,46504.84242424242
hpmcounter8,drift,seed7,213,46501.92121212121
hpmcounter8,drift,seed7,214,46496.448484848486
hpmcounter8,drift,seed7,215,46483.84848484849
hpmcounter8,drift,seed7,216,46474.49696969697
hpmcounter8,drift,seed7,217,46471.30909090909
hpmcounter8,drift,seed7,218,46472.47878787879
hpmcounter8,drift,seed7,219,46476.63636363636
hpmcounter8,drift,seed7,220,46477.67878787879
hpmcounter8,drift,seed7,221,46478.66060606061
hpmcounter8,drift,seed7,222,46478.93939393939
hpmcounter8,drift,seed7,223,46479.17575757576
hpmcounter8,drift,seed7,224,46480.38787878788
hpmcounter8,drift,seed7,225,46479.218181818185
hpmcounter8,drift,seed7,226,46476.47878787879
hpmcounter8,drift,seed7,227,46478.10909090909
hpmcounter8,drift,seed7,228,46475.63636363636
hpmcounter8,drift,seed7,229,46477.49696969697
hpmcounter8,drift,seed7,230,46477.95757575757
hpmcounter8,drift,seed7,231,46481.12727272727
hpmcounter8,drift,seed7,232,46483.48484848485
hpmcounter8,drift,seed7,233,46483.98181818182
hpmcounter8,drift,seed7,234,46492.569696969695
hpmcounter8,drift,seed7,235,46498.46666666667
hpmcounter8,drift,seed7,236,46498.10303030303
hpmcounter8,drift,seed7,237,46496.26666666667
hpmcounter8,drift,seed7,238,46479.26666666667
hpmcounter8,drift,seed7,239,46468.048484848485
hpmcounter8,drift,seed7,240,46456.145454545454
hpmcounter8,drift,seed7,241,46441.88484848485
hpmcounter8,drift,seed7,242,46434.624242424245
hpmcounter8,drift,seed7,243,46429.33939393939
hpmcounter8,drift,seed7,244,46433.93939393939
hpmcounter8,drift,seed7,245,46723.7696969697
hpmcounter8,drift,seed7,246,47233.15151515151
hpmcounter8,drift,seed7,247,47901.8606060606
hpmcounter8,drift,seed7,248,48665.69090909091
hpmcounter8,drift,seed7,249,49183.666666666664
hpmcounter8,drift,seed7,250,49444.58181818182
hpmcounter8,drift,seed7,251,49452.38181818182
hpmcounter8,drift,seed7,252,49208.09696969697
hpmcounter8,drift,seed7,253,48706.81212121212
hpmcounter8,drift,seed7,254,47952.642424242425
hpmcounter8,drift,seed7,255,47293.69696969697
hpmcounter8,drift,seed7,256,46782.95757575757
hpmcounter8,drift,seed7,257,46492.84848484849
hpmcounter8,drift,seed7,258,46494.29090909091
hpmcounter8,drift,seed7,259,46504.56363636364
hpmcounter8,drift,seed7,260,46504.96363636364
hpmcounter8,drift,seed7,261,46513.854545454546
hpmcounter8,drift,seed7,262,46518.333333333336
hpmcounter8,drift,seed7,263,46517.315151515155
hpmcounter8,drift,seed7,264,46515.38181818182
hpmcounter8,drift,seed7,265,46521.21212121212
hpmcounter8,drift,seed7,266,46521.49696969697
hpmcounter8,drift,seed7,267,46514.818181818184
hpmcounter8,drift,seed7,268,46509.07878787879
hpmcounter8,drift,seed7,269,46507.61212121212
hpmcounter8,drift,seed7,270,46497.82424242424
hpmcounter8,drift,seed7,271,46489.67878787879
hpmcounter8,drift,seed7,272,46475.4
hpmcounter8,drift,seed7,273,46465.315151515155
hpmcounter8,drift,seed7,274,46457.98181818182
hpmcounter8,drift,seed7,275,46460.15151515151
hpmcounter8,drift,seed7,276,46469.454545454544
hpmcounter8,drift,seed7,277,46474.98787878788
hpmcounter8,drift,seed7,278,46478.27272727273
hpmcounter8,drift,seed7,279,46480.545454545456
hpmcounter8,drift,seed7,280,46486.42424242424
hpmcounter8,drift,seed7,281,46488.8303030303
hpmcounter8,drift,seed7,282,46487.15757575758
hpmcounter8,drift,seed7,283,46489.92121212121
hpmcounter8,drift,seed7,284,46489.606060606064
hpmcounter8,drift,seed7,285,46489.32727272727
hpmcounter8,drift,seed7,286,46485.454545454544
hpmcounter8,drift,seed7,287,46483.11515151515
hpmcounter8,drift,seed7,288,46480.33939393939
hpmcounter8,drift,seed7,289,46475.218181818185
hpmcounter8,drift,seed7,290,46478.32121212121
hpmcounter8,drift,seed7,291,46474.72727272727
hpmcounter8,drift,seed7,292,46474.29090909091
hpmcounter8,drift,seed7,293,46475.163636363635
hpmcounter8,drift,seed7,294,46478.10303030303
hpmcounter8,drift,seed7,295,46480.72727272727
hpmcounter8,drift,seed7,296,46475.94545454546
hpmcounter8,drift,seed7,297,46471.8303030303
hpmcounter8,drift,seed7,298,46471.36363636364
hpmcounter8,drift,seed8,9,46495.430303030305
hpmcounter8,drift,seed8,10,46489.73333333333
hpmcounter8,drift,seed8,11,46483.35151515152
hpmcounter8,drift,seed8,12,46481.242424242424
hpmcounter8,drift,seed8,13,46480.46666666667
hpmcounter8,drift,seed8,14,46482.739393939395
hpmcounter8,drift,seed8,15,46485.951515151515
hpmcounter8,drift,seed8,16,46486.509090909094
hpmcounter8,drift,seed8,17,46486.30909090909
hpmcounter8,drift,seed8,18,46489.77575757576
hpmcounter8,drift,seed8,19,46495.00606060606
hpmcounter8,drift,seed8,20,46499.01212121212
hpmcounter8,drift,seed8,21,46499.81212121212
hpmcounter8,drift,seed8,22,46497.33939393939
hpmcounter8,drift,seed8,23,46498.430303030305
hpmcounter8,drift,seed8,24,46503.22424242424
hpmcounter8,drift,seed8,25,46508.375757575755
hpmcounter8,drift,seed8,26,46503.3696969697
hpmcounter8,drift,seed8,27,46499.42424242424
hpmcounter8,drift,seed8,28,46492.64848484848
hpmcounter8,drift,seed8,29,46491.145454545454
hpmcounter8,drift,seed8,30,46494.82424242424
hpmcounter8,drift,seed8,31,46498.06060606061
hpmcounter8,drift,seed8,32,46491.77575757576
hpmcounter8,drift,seed8,33,46487.34545454545
hpmcounter8,drift,seed8,34,46484.21212121212
hpmcounter8,drift,seed8,35,46481.24848484848
hpmcounter8,drift,seed8,36,46475.854545454546
hpmcounter8,drift,seed8,37,46471.545454545456
hpmcounter8,drift,seed8,38,46466.46666666667
hpmcounter8,drift,seed8,39,46463.472727272725
hpmcounter8,drift,seed8,40,46469.642424242425
hpmcounter8,drift,seed8,41,46480.32727272727
hpmcounter8,drift,seed8,42,46486.07272727273
hpmcounter8,drift,seed8,43,46492.01818181818
hpmcounter8,drift,seed8,44,46496.53939393939
hpmcounter8,drift,seed8,45,46494.43636363636
hpmcounter8,drift,seed8,46,46494.666666666664
hpmcounter8,drift,seed8,47,46497.29090909091
hpmcounter8,drift,seed8,48,46500.36363636364
hpmcounter8,drift,seed8,49,46501.04242424243
hpmcounter8,drift,seed8,50,46508.2
hpmcounter8,drift,seed8,51,46522.94545454546
hpmcounter8,drift,seed8,52,46530.2
hpmcounter8,drift,seed8,53,46536.69090909091
hpmcounter8,drift,seed8,54,46541.242424242424
hpmcounter8,drift,seed8,55,46540.624242424245
hpmcounter8,drift,seed8,56,46823.48484848485
hpmcounter8,drift,seed8,57,47323.30909090909
hpmcounter8,drift,seed8,58,47975.70909090909
hpmcounter8,drift,seed8,59,48446.35151515152
hpmcounter8,drift,seed8,60,48732.430303030305
hpmcounter8,drift,seed8,61,49116.92727272727
hpmcounter8,drift,seed8,62,49521.74545454545
hpmcounter8,drift,seed8,63,49613.1393939394
hpmcounter8,drift,seed8,64,49385.25454545455
hpmcounter8,drift,seed8,65,48841.90909090909
hpmcounter8,drift,seed8,66,48338.527272727275
hpmcounter8,drift,seed8,67,47927.93939393939
hpmcounter8,drift,seed8,68,47667.42424242424
hpmcounter8,drift,seed8,69,47294.587878787876
hpmcounter8,drift,seed8,70,46793.53333333333
hpmcounter8,drift,seed8,71,46511.07878787879
hpmcounter8,drift,seed8,72,46510.48484848485
hpmcounter8,drift,seed8,73,46513.315151515155
hpmcounter8,drift,seed8,74,46505.739393939395
hpmcounter8,drift,seed8,75,46490.92121212121
hpmcounter8,drift,seed8,76,46481.19393939394
hpmcounter8,drift,seed8,77,46756.1393939394
hpmcounter8,drift,seed8,78,46972.7696969697
hpmcounter8,drift,seed8,79,47133.569696969695
hpmcounter8,drift,seed8,80,47230.2303030303
hpmcounter8,drift,seed8,81,47271.121212121216
hpmcounter8,drift,seed8,82,47252.00606060606
hpmcounter8,drift,seed8,83,47172.30303030303
hpmcounter8,drift,seed8,84,47019.70909090909
hpmcounter8,drift,seed8,85,46796.430303030305
hpmcounter8,drift,seed8,86,46505.1393939394
hpmcounter8,drift,seed8,87,46492.92121212121
hpmcounter8,drift,seed8,88,46485.763636363634
hpmcounter8,drift,seed8,89,46478.1393939394
hpmcounter8,drift,seed8,90,46466.066666666666
hpmcounter8,drift,seed8,91,46465.066666666666
hpmcounter8,drift,seed8,92,46468.066666666666
hpmcounter8,drift,seed8,93,46474.84242424242
hpmcounter8,drift,seed8,94,46471.09696969697
hpmcounter8,drift,seed8,95,46461.315151515155
hpmcounter8,drift,seed8,96,46452.11515151515
hpmcounter8,drift,seed8,97,46449.121212121216
hpmcounter8,drift,seed8,98,46448.47878787879
hpmcounter8,drift,seed8,99,46450.975757575754
hpmcounter8,drift,seed8,100,46447.29090909091
hpmcounter8,drift,seed8,101,46447.1393939394
hpmcounter8,drift,seed8,102,46452.357575757575
hpmcounter8,drift,seed8,103,46467.739393939395
hpmcounter8,drift,seed8,104,46477.315151515155
hpmcounter8,drift,seed8,105,46479.82424242424
hpmcounter8,drift,seed8,106,46488.30303030303
hpmcounter8,drift,seed8,107,46494.854545454546
hpmcounter8,drift,seed8,108,46496.1696969697
hpmcounter8,drift,seed8,109,46495.80606060606
hpmcounter8,drift,seed8,110,46492.763636363634
hpmcounter8,drift,seed8,111,46486.63636363636
hpmcounter8,drift,seed8,112,46480.92121212121
hpmcounter8,drift,seed8,113,46481.7696969697
hpmcounter8,drift,seed8,114,46484.854545454546
hpmcounter8,drift,seed8,115,46487.569696969695
hpmcounter8,drift,seed8,116,46492.0
hpmcounter8,drift,seed8,117,46491.70303030303
hpmcounter8,drift,seed8,118,46490.04242424243
hpmcounter8,drift,seed8,119,46485.00606060606
hpmcounter8,drift,seed8,120,46483.569696969695
hpmcounter8,drift,seed8,121,46477.33939393939
hpmcounter8,drift,seed8,122,46478.87272727273
hpmcounter8,drift,seed8,123,46477.878787878784
hpmcounter8,drift,seed8,124,46477.73333333333
hpmcounter8,drift,seed8,125,46476.975757575754
hpmcounter8,drift,seed8,126,46472.27272727273
hpmcounter8,drift,seed8,127,46468.739393939395
hpmcounter8,drift,seed8,128,46468.606060606064
hpmcounter8,drift,seed8,129,46458.46666666667
hpmcounter8,drift,seed8,130,46454.13333333333
hpmcounter8,drift,seed8,131,46449.35151515152
hpmcounter8,drift,seed8,132,46454.36363636364
hpmcounter8,drift,seed8,133,46465.00606060606
hpmcounter8,drift,seed8,134,46476.19393939394
hpmcounter8,drift,seed8,135,46480.8303030303
hpmcounter8,drift,seed8,136,46484.01212121212
hpmcounter8,drift,seed8,137,46491.545454545456
hpmcounter8,drift,seed8,138,46781.587878787876
hpmcounter8,drift,seed8,139,47277.624242424245
hpmcounter8,drift,seed8,140,47933.44242424242
hpmcounter8,drift,seed8,141,48681.951515151515
hpmcounter8,drift,seed8,142,49465.52121212121
hpmcounter8,drift,seed8,143,50227.70303030303
hpmcounter8,drift,seed8,144,50896.95757575757
hpmcounter8,drift,seed8,145,51407.01212121212
hpmcounter8,drift,seed8,146,51406.666666666664
hpmcounter8,drift,seed8,147,50910.36363636364
hpmcounter8,drift,seed8,148,50254.6
hpmcounter8,drift,seed8,149,49495.19393939394
hpmcounter8,drift,seed8,150,48704.739393939395
hpmcounter8,drift,seed8,151,47937.49696969697
hpmcounter8,drift,seed8,152,47265.2
hpmcounter8,drift,seed8,153,46754.181818181816
hpmcounter8,drift,seed8,154,46459.242424242424
hpmcounter8,drift,seed8,155,46456.00606060606
hpmcounter8,drift,seed8,156,46451.48484848485
hpmcounter8,drift,seed8,157,46459.47878787879
hpmcounter8,drift,seed8,158,46469.89090909091
hpmcounter8,drift,seed8,159,46485.69090909091
hpmcounter8,drift,seed8,160,46496.61212121212
hpmcounter8,drift,seed8,161,46785.8606060606
hpmcounter8,drift,seed8,162,47294.86666666667
hpmcounter8,drift,seed8,163,47959.260606060605
hpmcounter8,drift,seed8,164,48711.32727272727
hpmcounter8,drift,seed8,165,49497.951515151515
hpmcounter8,drift,seed8,166,50253.00606060606
hpmcounter8,drift,seed8,167,50918.03636363636
hpmcounter8,drift,seed8,168,51419.10303030303
hpmcounter8,drift,seed8,169,51708.93939393939
hpmcounter8,drift,seed8,170,51426.49696969697
hpmcounter8,drift,seed8,171,50921.666666666664
hpmcounter8,drift,seed8,172,50257.08484848485
hpmcounter8,drift,seed8,173,49495.92727272727
hpmcounter8,drift,seed8,174,48707.53939393939
hpmcounter8,drift,seed8,175,47952.53939393939
hpmcounter8,drift,seed8,176,47293.1393939394
hpmcounter8,drift,seed8,177,46791.51515151515
hpmcounter8,drift,seed8,178,46502.90909090909
hpmcounter8,drift,seed8,179,46505.739393939395
hpmcounter8,drift,seed8,180,46510.90909090909
hpmcounter8,drift,seed8,181,46519.1696969697
hpmcounter8,drift,seed8,182,46520.2
hpmcounter8,drift,seed8,183,46515.15757575758
hpmcounter8,drift,seed8,184,46510.82424242424
hpmcounter8,drift,seed8,185,46506.80606060606
hpmcounter8,drift,seed8,186,46498.27272727273
hpmcounter8,drift,seed8,187,46488.93939393939
hpmcounter8,drift,seed8,188,46475.92727272727
hpmcounter8,drift,seed8,189,46472.375757575755
hpmcounter8,drift,seed8,190,46471.53333333333
hpmcounter8,drift,seed8,191,46474.642424242425
hpmcounter8,drift,seed8,192,46477.52121212121
hpmcounter8,drift,seed8,193,46477.66060606061
hpmcounter8,drift,seed8,194,46477.066666666666
hpmcounter8,drift,seed8,195,46480.121212121216
hpmcounter8,drift,seed8,196,46479.587878787876
hpmcounter8,drift,seed8,197,46482.472727272725
hpmcounter8,drift,seed8,198,46485.17575757576
hpmcounter8,drift,seed8,199,46490.666666666664
hpmcounter8,drift,seed8,200,46491.67272727273
hpmcounter8,drift,seed8,201,46497.77575757576
hpmcounter8,drift,seed8,202,46506.89090909091
hpmcounter8,drift,seed8,203,46516.969696969696
hpmcounter8,drift,seed8,204,46521.260606060605
hpmcounter8,drift,seed8,205,46521.78787878788
hpmcounter8,drift,seed8,206,46519.854545454546
hpmcounter8,drift,seed8,207,46514.90909090909
hpmcounter8,drift,seed8,208,46507.624242424245
hpmcounter8,drift,seed8,209,46499.64848484848
hpmcounter8,drift,seed8,210,46487.98181818182
hpmcounter8,drift,seed8,211,46478.8606060606
hpmcounter8,drift,seed8,212,46477.624242424245
hpmcounter8,drift,seed8,213,46480.05454545454
hpmcounter8,drift,seed8,214,46489.48484848485
hpmcounter8,drift,seed8,215,46495.24848484848
hpmcounter8,drift,seed8,216,46500.236363636366
hpmcounter8,drift,seed8,217,46500.10303030303
hpmcounter8,drift,seed8,218,46498.07878787879
hpmcounter8,drift,seed8,219,46495.236363636366
hpmcounter8,drift,seed8,220,46498.0
hpmcounter8,drift,seed8,221,46500.2
hpmcounter8,drift,seed8,222,46502.80606060606
hpmcounter8,drift,seed8,223,46500.58181818182
hpmcounter8,drift,seed8,224,46506.6
hpmcounter8,drift,seed8,225,46510.606060606064
hpmcounter8,drift,seed8,226,46507.8606060606
hpmcounter8,drift,seed8,227,46499.98787878788
hpmcounter8,drift,seed8,228,46488.17575757576
hpmcounter8,drift,seed8,229,46474.09696969697
hpmcounter8,drift,seed8,230,46467.145454545454
hpmcounter8,drift,seed8,231,46461.58181818182
hpmcounter8,drift,seed8,232,46460.53939393939
hpmcounter8,drift,seed8,233,46462.527272727275
hpmcounter8,drift,seed8,234,46468.87272727273
hpmcounter8,drift,seed8,235,46479.38787878788
hpmcounter8,drift,seed8,236,46485.43636363636
hpmcounter8,drift,seed8,237,46492.818181818184
hpmcounter8,drift,seed8,238,46487.92727272727
hpmcounter8,drift,seed8,239,46484.587878787876
hpmcounter8,drift,seed8,240,46483.24848484848
hpmcounter8,drift,seed8,241,46474.375757575755
hpmcounter8,drift,seed8,242,46471.07878787879
hpmcounter8,drift,seed8,243,46465.67878787879
hpmcounter8,drift,seed8,244,46743.64848484848
hpmcounter8,drift,seed8,245,47244.41818181818
hpmcounter8,drift,seed8,246,47904.57575757576
hpmcounter8,drift,seed8,247,48382.236363636366
hpmcounter8,drift,seed8,248,48668.13333333333
hpmcounter8,drift,seed8,249,48768.066666666666
hpmcounter8,drift,seed8,250,48687.278787878786
hpmcounter8,drift,seed8,251,48415.2303030303
hpmcounter8,drift,seed8,252,47954.67878787879
hpmcounter8,drift,seed8,253,47298.94545454546
hpmcounter8,drift,seed8,254,46797.642424242425
hpmcounter8,drift,seed8,255,46514.587878787876
hpmcounter8,drift,seed8,256,46510.20606060606
hpmcounter8,drift,seed8,257,46506.69090909091
hpmcounter8,drift,seed8,258,46502.8606060606
hpmcounter8,drift,seed8,259,46495.4
hpmcounter8,drift,seed8,260,46493.509090909094
hpmcounter8,drift,seed8,261,46499.79393939394
hpmcounter8,drift,seed8,262,46503.77575757576
hpmcounter8,drift,seed8,263,46504.58181818182
hpmcounter8,drift,seed8,264,46504.00606060606
hpmcounter8,drift,seed8,265,46503.951515151515
hpmcounter8,drift,seed8,266,46498.7696969697
hpmcounter8,drift,seed8,267,46496.757575757576
hpmcounter8,drift,seed8,268,46496.30303030303
hpmcounter8,drift,seed8,269,46498.121212121216
hpmcounter8,drift,seed8,270,46498.066666666666
hpmcounter8,drift,seed8,271,46504.11515151515
hpmcounter8,drift,seed8,272,46505.01818181818
hpmcounter8,drift,seed8,273,46503.36363636364
hpmcounter8,drift,seed8,274,46501.28484848485
hpmcounter8,drift,seed8,275,46494.77575757576
hpmcounter8,drift,seed8,276,46487.38181818182
hpmcounter8,drift,seed8,277,46483.52121212121
hpmcounter8,drift,seed8,278,46480.21212121212
hpmcounter8,drift,seed8,279,46478.333333333336
hpmcounter8,drift,seed8,280,46476.73333333333
hpmcounter8,drift,seed8,281,46476.375757575755
hpmcounter8,drift,seed8,282,46472.472727272725
hpmcounter8,drift,seed8,283,46472.61212121212
hpmcounter8,drift,seed8,284,46472.95757575757
hpmcounter8,drift,seed8,285,46464.527272727275
hpmcounter8,drift,seed8,286,46457.66060606061
hpmcounter8,drift,seed8,287,46458.25454545455
hpmcounter8,drift,seed8,288,46458.42424242424
hpmcounter8,drift,seed8,289,46461.08484848485
hpmcounter8,drift,seed8,290,46459.28484848485
hpmcounter8,drift,seed8,291,46457.393939393936
hpmcounter8,drift,seed8,292,46454.50303030303
hpmcounter8,drift,seed8,293,46457.684848484845
hpmcounter8,drift,seed8,294,46464.36363636364
hpmcounter8,drift,seed8,295,46461.70303030303
hpmcounter8,drift,seed8,296,46463.721212121214
hpmcounter8,drift,seed8,297,46466.28484848485
hpmcounter8,drift,seed8,298,46465.28484848485
hpmcounter8,drift,seed9,9,46498.05454545454
hpmcounter8,drift,seed9,10,46490.44242424242
hpmcounter8,drift,seed9,11,46482.606060606064
hpmcounter8,drift,seed9,12,46486.15757575758
hpmcounter8,drift,seed9,13,46483.78787878788
hpmcounter8,drift,seed9,14,46486.878787878784
hpmcounter8,drift,seed9,15,46487.32121212121
hpmcounter8,drift,seed9,16,46491.74545454545
hpmcounter8,drift,seed9,17,46497.35151515152
hpmcounter8,drift,seed9,18,46508.82424242424
hpmcounter8,drift,seed9,19,46517.61818181818
hpmcounter8,drift,seed9,20,46519.15151515151
hpmcounter8,drift,seed9,21,46518.11515151515
hpmcounter8,drift,seed9,22,46515.6303030303
hpmcounter8,drift,seed9,23,46509.1393939394
hpmcounter8,drift,seed9,24,46506.67878787879
hpmcounter8,drift,seed9,25,46498.4
hpmcounter8,drift,seed9,26,46484.430303030305
hpmcounter8,drift,seed9,27,46472.98787878788
hpmcounter8,drift,seed9,28,46463.44242424242
hpmcounter8,drift,seed9,29,46461.490909090906
hpmcounter8,drift,seed9,30,46466.77575757576
hpmcounter8,drift,seed9,31,46474.96363636364
hpmcounter8,drift,seed9,32,46474.20606060606
hpmcounter8,drift,seed9,33,46475.99393939394
hpmcounter8,drift,seed9,34,46478.29090909091
hpmcounter8,drift,seed9,35,46477.38181818182
hpmcounter8,drift,seed9,36,46473.569696969695
hpmcounter8,drift,seed9,37,46469.61818181818
hpmcounter8,drift,seed9,38,46463.721212121214
hpmcounter8,drift,seed9,39,46458.587878787876
hpmcounter8,drift,seed9,40,46464.40606060606
hpmcounter8,drift,seed9,41,46475.96363636364
hpmcounter8,drift,seed9,42,46481.53333333333
hpmcounter8,drift,seed9,43,46489.70909090909
hpmcounter8,drift,seed9,44,46493.77575757576
hpmcounter8,drift,seed9,45,46491.030303030304
hpmcounter8,drift,seed9,46,46492.81212121212
hpmcounter8,drift,seed9,47,46493.19393939394
hpmcounter8,drift,seed9,48,46495.04242424243
hpmcounter8,drift,seed9,49,46492.32727272727
hpmcounter8,drift,seed9,50,46491.818181818184
hpmcounter8,drift,seed9,51,46500.121212121216
hpmcounter8,drift,seed9,52,46504.20606060606
hpmcounter8,drift,seed9,53,46507.59393939394
hpmcounter8,drift,seed9,54,46509.236363636366
hpmcounter8,drift,seed9,55,46509.163636363635
hpmcounter8,drift,seed9,56,46509.975757575754
hpmcounter8,drift,seed9,57,46509.70909090909
hpmcounter8,drift,seed9,58,46512.066666666666
hpmcounter8,drift,seed9,59,46511.15757575758
hpmcounter8,drift,seed9,60,46507.15151515151
hpmcounter8,drift,seed9,61,46505.066666666666
hpmcounter8,drift,seed9,62,46499.818181818184
hpmcounter8,drift,seed9,63,46491.163636363635
hpmcounter8,drift,seed9,64,46487.07878787879
hpmcounter8,drift,seed9,65,46489.10303030303
hpmcounter8,drift,seed9,66,46486.81212121212
hpmcounter8,drift,seed9,67,46489.11515151515
hpmcounter8,drift,seed9,68,46498.763636363634
hpmcounter8,drift,seed9,69,46512.00606060606
hpmcounter8,drift,seed9,70,46519.09090909091
hpmcounter8,drift,seed9,71,46516.781818181815
hpmcounter8,drift,seed9,72,46513.545454545456
hpmcounter8,drift,seed9,73,46503.781818181815
hpmcounter8,drift,seed9,74,46499.27272727273
hpmcounter8,drift,seed9,75,46491.757575757576
hpmcounter8,drift,seed9,76,46760.30303030303
hpmcounter8,drift,seed9,77,47251.236363636366
hpmcounter8,drift,seed9,78,47905.64848484848
hpmcounter8,drift,seed9,79,48666.01818181818
hpmcounter8,drift,seed9,80,49177.15151515151
hpmcounter8,drift,seed9,81,49437.145454545454
hpmcounter8,drift,seed9,82,49453.8303030303
hpmcounter8,drift,seed9,83,49212.587878787876
hpmcounter8,drift,seed9,84,48716.15151515151
hpmcounter8,drift,seed9,85,47958.454545454544
hpmcounter8,drift,seed9,86,47286.32727272727
hpmcounter8,drift,seed9,87,46770.854545454546
hpmcounter8,drift,seed9,88,46469.13333333333
hpmcounter8,drift,seed9,89,46459.030303030304
hpmcounter8,drift,seed9,90,46454.43636363636
hpmcounter8,drift,seed9,91,46450.472727272725
hpmcounter8,drift,seed9,92,46458.545454545456
hpmcounter8,drift,seed9,93,46469.59393939394
hpmcounter8,drift,seed9,94,46479.04242424243
hpmcounter8,drift,seed9,95,46485.375757575755
hpmcounter8,drift,seed9,96,46480.96363636364
hpmcounter8,drift,seed9,97,46479.8
hpmcounter8,drift,seed9,98,46477.21212121212
hpmcounter8,drift,seed9,99,46477.47878787879
hpmcounter8,drift,seed9,100,46480.46060606061
hpmcounter8,drift,seed9,101,46487.96363636364
hpmcounter8,drift,seed9,102,46498.00606060606
hpmcounter8,drift,seed9,103,46505.357575757575
hpmcounter8,drift,seed9,104,46507.72727272727
hpmcounter8,drift,seed9,105,46505.65454545455
hpmcounter8,drift,seed9,106,46495.19393939394
hpmcounter8,drift,seed9,107,46484.82424242424
hpmcounter8,drift,seed9,108,46479.030303030304
hpmcounter8,drift,seed9,109,46473.43636363636
hpmcounter8,drift,seed9,110,46467.11515151515
hpmcounter8,drift,seed9,111,46469.181818181816
hpmcounter8,drift,seed9,112,46479.933333333334
hpmcounter8,drift,seed9,113,46491.38787878788
hpmcounter8,drift,seed9,114,46500.2303030303
hpmcounter8,drift,seed9,115,46501.67272727273
hpmcounter8,drift,seed9,116,46501.2
hpmcounter8,drift,seed9,117,46500.01212121212
hpmcounter8,drift,seed9,118,46497.1696969697
hpmcounter8,drift,seed9,119,46492.40606060606
hpmcounter8,drift,seed9,120,46488.721212121214
hpmcounter8,drift,seed9,121,46479.218181818185
hpmcounter8,drift,seed9,122,46471.684848484845
hpmcounter8,drift,seed9,123,46471.357575757575
hpmcounter8,drift,seed9,124,46474.509090909094
hpmcounter8,drift,seed9,125,46474.8303030303
hpmcounter8,drift,seed9,126,46482.38787878788
hpmcounter8,drift,seed9,127,46492.6303030303
hpmcounter8,drift,seed9,128,46506.36363636364
hpmcounter8,drift,seed9,129,46509.145454545454
hpmcounter8,drift,seed9,130,46518.242424242424
hpmcounter8,drift,seed9,131,46523.4
hpmcounter8,drift,seed9,132,46515.92121212121
hpmcounter8,drift,seed9,133,46510.412121212124
hpmcounter8,drift,seed9,134,46499.57575757576
hpmcounter8,drift,seed9,135,46488.38787878788
hpmcounter8,drift,seed9,136,46479.74545454545
hpmcounter8,drift,seed9,137,46467.30303030303
hpmcounter8,drift,seed9,138,46463.88484848485
hpmcounter8,drift,seed9,139,46454.91515151515
hpmcounter8,drift,seed9,140,46454.87272727273
hpmcounter8,drift,seed9,141,46463.86666666667
hpmcounter8,drift,seed9,142,46472.242424242424
hpmcounter8,drift,seed9,143,46482.53333333333
hpmcounter8,drift,seed9,144,46481.72727272727
hpmcounter8,drift,seed9,145,46485.52121212121
hpmcounter8,drift,seed9,146,46486.030303030304
hpmcounter8,drift,seed9,147,46482.84848484849
hpmcounter8,drift,seed9,148,46475.63636363636
hpmcounter8,drift,seed9,149,46471.666666666664
hpmcounter8,drift,seed9,150,46465.04242424243
hpmcounter8,drift,seed9,151,46462.61212121212
hpmcounter8,drift,seed9,152,46456.94545454546
hpmcounter8,drift,seed9,153,46457.46666666667
hpmcounter8,drift,seed9,154,46451.03636363636
hpmcounter8,drift,seed9,155,46735.38787878788
hpmcounter8,drift,seed9,156,47245.32727272727
hpmcounter8,drift,seed9,157,47914.32121212121
hpmcounter8,drift,seed9,158,48671.98181818182
hpmcounter8,drift,seed9,159,49470.739393939395
hpmcounter8,drift,seed9,160,50235.12727272727
hpmcounter8,drift,seed9,161,50904.1696969697
hpmcounter8,drift,seed9,162,51408.00606060606
hpmcounter8,drift,seed9,163,51414.51515151515
hpmcounter8,drift,seed9,164,50910.74545454545
hpmcounter8,drift,seed9,165,50247.43636363636
hpmcounter8,drift,seed9,166,49494.48484848485
hpmcounter8,drift,seed9,167,48700.878787878784
hpmcounter8,drift,seed9,168,47935.878787878784
hpmcounter8,drift,seed9,169,47269.3696969697
hpmcounter8,drift,seed9,170,46760.44242424242
hpmcounter8,drift,seed9,171,46464.69090909091
hpmcounter8,drift,seed9,172,46456.8
hpmcounter8,drift,seed9,173,46457.40606060606
hpmcounter8,drift,seed9,174,46465.75151515152
hpmcounter8,drift,seed9,175,46472.163636363635
hpmcounter8,drift,seed9,176,46479.50303030303
hpmcounter8,drift,seed9,177,46482.33939393939
hpmcounter8,drift,seed9,178,46489.430303030305
hpmcounter8,drift,seed9,179,46496.878787878784
hpmcounter8,drift,seed9,180,46498.61818181818
hpmcounter8,drift,seed9,181,46493.89696969697
hpmcounter8,drift,seed9,182,46489.32121212121
hpmcounter8,drift,seed9,183,46475.98787878788
hpmcounter8,drift,seed9,184,46469.6
hpmcounter8,drift,seed9,185,46466.4
hpmcounter8,drift,seed9,186,46461.21212121212
hpmcounter8,drift,seed9,187,46454.84242424242
hpmcounter8,drift,seed9,188,46461.11515151515
hpmcounter8,drift,seed9,189,46465.01818181818
hpmcounter8,drift,seed9,190,46470.00606060606
hpmcounter8,drift,seed9,191,46764.38787878788
hpmcounter8,drift,seed9,192,47277.57575757576
hpmcounter8,drift,seed9,193,47945.09090909091
hpmcounter8,drift,seed9,194,48702.763636363634
hpmcounter8,drift,seed9,195,49205.90909090909
hpmcounter8,drift,seed9,196,49457.278787878786
hpmcounter8,drift,seed9,197,49455.42424242424
hpmcounter8,drift,seed9,198,49209.49696969697
hpmcounter8,drift,seed9,199,48706.24848484848
hpmcounter8,drift,seed9,200,47952.393939393936
hpmcounter8,drift,seed9,201,47292.40606060606
hpmcounter8,drift,seed9,202,46787.58181818182
hpmcounter8,drift,seed9,203,46507.587878787876
hpmcounter8,drift,seed9,204,46508.6
hpmcounter8,drift,seed9,205,46496.61212121212
hpmcounter8,drift,seed9,206,46482.07272727273
hpmcounter8,drift,seed9,207,46472.74545454545
hpmcounter8,drift,seed9,208,46472.01818181818
hpmcounter8,drift,seed9,209,46476.42424242424
hpmcounter8,drift,seed9,210,46480.975757575754
hpmcounter8,drift,seed9,211,46483.82424242424
hpmcounter8,drift,seed9,212,46490.07272727273
hpmcounter8,drift,seed9,213,46498.35151515152
hpmcounter8,drift,seed9,214,46510.29696969697
hpmcounter8,drift,seed9,215,46512.47878787879
hpmcounter8,drift,seed9,216,46502.25454545455
hpmcounter8,drift,seed9,217,46492.242424242424
hpmcounter8,drift,seed9,218,46485.78787878788
hpmcounter8,drift,seed9,219,46481.72727272727
hpmcounter8,drift,seed9,220,46482.8303030303
hpmcounter8,drift,seed9,221,46479.74545454545
hpmcounter8,drift,seed9,222,46483.527272727275
hpmcounter8,drift,seed9,223,46486.121212121216
hpmcounter8,drift,seed9,224,46491.04242424243
hpmcounter8,drift,seed9,225,46495.30303030303
hpmcounter8,drift,seed9,226,46492.25454545455
hpmcounter8,drift,seed9,227,46495.89696969697
hpmcounter8,drift,seed9,228,46493.08484848485
hpmcounter8,drift,seed9,229,46490.066666666666
hpmcounter8,drift,seed9,230,46492.96363636364
hpmcounter8,drift,seed9,231,46490.315151515155
hpmcounter8,drift,seed9,232,46498.739393939395
hpmcounter8,drift,seed9,233,46498.70303030303
hpmcounter8,drift,seed9,234,46495.4
hpmcounter8,drift,seed9,235,46493.721212121214
hpmcounter8,drift,seed9,236,46489.6303030303
hpmcounter8,drift,seed9,237,46491.0
hpmcounter8,drift,seed9,238,46490.22424242424
hpmcounter8,drift,seed9,239,46487.278787878786
hpmcounter8,drift,seed9,240,46485.53939393939
hpmcounter8,drift,seed9,241,46492.56363636364
hpmcounter8,drift,seed9,242,46511.09090909091
hpmcounter8,drift,seed9,243,46523.33939393939
hpmcounter8,drift,seed9,244,46526.66060606061
hpmcounter8,drift,seed9,245,46523.30303030303
hpmcounter8,drift,seed9,246,46510.933333333334
hpmcounter8,drift,seed9,247,46495.836363636365
hpmcounter8,drift,seed9,248,46480.77575757576
hpmcounter8,drift,seed9,249,46472.8
hpmcounter8,drift,seed9,250,46460.763636363634
hpmcounter8,drift,seed9,251,46465.46060606061
hpmcounter8,drift,seed9,252,46479.53333333333
hpmcounter8,drift,seed9,253,46500.24848484848
hpmcounter8,drift,seed9,254,46516.93939393939
hpmcounter8,drift,seed9,255,46522.22424242424
hpmcounter8,drift,seed9,256,46516.71515151515
hpmcounter8,drift,seed9,257,46506.92727272727
hpmcounter8,drift,seed9,258,46492.666666666664
hpmcounter8,drift,seed9,259,46481.59393939394
hpmcounter8,drift,seed9,260,46468.32121212121
hpmcounter8,drift,seed9,261,46457.975757575754
hpmcounter8,drift,seed9,262,46449.27272727273
hpmcounter8,drift,seed9,263,46444.1696969697
hpmcounter8,drift,seed9,264,46441.71515151515
hpmcounter8,drift,seed9,265,46437.59393939394
hpmcounter8,drift,seed9,266,46435.20606060606
hpmcounter8,drift,seed9,267,46436.587878787876
hpmcounter8,drift,seed9,268,46438.47878787879
hpmcounter8,drift,seed9,269,46436.90909090909
hpmcounter8,drift,seed9,270,46444.40606060606
hpmcounter8,drift,seed9,271,46449.90303030303
hpmcounter8,drift,seed9,272,46452.454545454544
hpmcounter8,drift,seed9,273,46457.975757575754
hpmcounter8,drift,seed9,274,46458.8
hpmcounter8,drift,seed9,275,46462.80606060606
hpmcounter8,drift,seed9,276,46463.1696969697
hpmcounter8,drift,seed9,277,46463.84848484849
hpmcounter8,drift,seed9,278,46464.066666666666
hpmcounter8,drift,seed9,279,46460.32121212121
hpmcounter8,drift,seed9,280,46459.06060606061
hpmcounter8,drift,seed9,281,46455.25454545455
hpmcounter8,drift,seed9,282,46451.569696969695
hpmcounter8,drift,seed9,283,46456.91515151515
hpmcounter8,drift,seed9,284,46459.27272727273
hpmcounter8,drift,seed9,285,46467.454545454544
hpmcounter8,drift,seed9,286,46470.89696969697
hpmcounter8,drift,seed9,287,46472.09090909091
hpmcounter8,drift,seed9,288,46478.10303030303
hpmcounter8,drift,seed9,289,46483.21212121212
hpmcounter8,drift,seed9,290,46482.78787878788
hpmcounter8,drift,seed9,291,46476.57575757576
hpmcounter8,drift,seed9,292,46466.17575757576
hpmcounter8,drift,seed9,293,46462.509090909094
hpmcounter8,drift,seed9,294,46466.67272727273
hpmcounter8,drift,seed9,295,46469.82424242424
hpmcounter8,drift,seed9,296,46474.38787878788
hpmcounter8,drift,seed9,297,46478.22424242424
hpmcounter8,drift,seed9,298,46480.99393939394
hpmcounter8,jump,seed1,9,46508.84848484849
hpmcounter8,jump,seed1,10,46500.04242424243
hpmcounter8,jump,seed1,11,46491.1393939394
hpmcounter8,jump,seed1,12,46489.666666666664
hpmcounter8,jump,seed1,13,46482.70909090909
hpmcounter8,jump,seed1,14,46481.066666666666
hpmcounter8,jump,seed1,15,46480.48484848485
hpmcounter8,jump,seed1,16,46481.24848484848
hpmcounter8,jump,seed1,17,46481.412121212124
hpmcounter8,jump,seed1,18,46486.448484848486
hpmcounter8,jump,seed1,19,46491.67272727273
hpmcounter8,jump,seed1,20,46496.721212121214
hpmcounter8,jump,seed1,21,46498.10909090909
hpmcounter8,jump,seed1,22,46496.763636363634
hpmcounter8,jump,seed1,23,46491.42424242424
hpmcounter8,jump,seed1,24,46490.21212121212
hpmcounter8,jump,seed1,25,46485.48484848485
hpmcounter8,jump,seed1,26,46474.53939393939
hpmcounter8,jump,seed1,27,46463.4
hpmcounter8,jump,seed1,28,46451.15151515151
hpmcounter8,jump,seed1,29,46447.44242424242
hpmcounter8,jump,seed1,30,46453.78787878788
hpmcounter8,jump,seed1,31,46465.32121212121
hpmcounter8,jump,seed1,32,46470.430303030305
hpmcounter8,jump,seed1,33,46478.6303030303
hpmcounter8,jump,seed1,34,46486.66060606061
hpmcounter8,jump,seed1,35,46486.80606060606
hpmcounter8,jump,seed1,36,46480.44242424242
hpmcounter8,jump,seed1,37,46475.07878787879
hpmcounter8,jump,seed1,38,46466.30909090909
hpmcounter8,jump,seed1,39,46456.73333333333
hpmcounter8,jump,seed1,40,46457.07272727273
hpmcounter8,jump,seed1,41,46465.61818181818
hpmcounter8,jump,seed1,42,46473.551515151514
hpmcounter8,jump,seed1,43,46487.30909090909
hpmcounter8,jump,seed1,44,46498.19393939394
hpmcounter8,jump,seed1,45,46497.6
hpmcounter8,jump,seed1,46,46490.490909090906
hpmcounter8,jump,seed1,47,46487.20606060606
hpmcounter8,jump,seed1,48,46486.81212121212
hpmcounter8,jump,seed1,49,46482.15151515151
hpmcounter8,jump,seed1,50,46482.53939393939
hpmcounter8,jump,seed1,51,46494.17575757576
hpmcounter8,jump,seed1,52,46500.40606060606
hpmcounter8,jump,seed1,53,46508.56363636364
hpmcounter8,jump,seed1,54,46518.36363636364
hpmcounter8,jump,seed1,55,46524.98787878788
hpmcounter8,jump,seed1,56,46524.78787878788
hpmcounter8,jump,seed1,57,46523.6
hpmcounter8,jump,seed1,58,46524.79393939394
hpmcounter8,jump,seed1,59,46518.121212121216
hpmcounter8,jump,seed1,60,46508.94545454546
hpmcounter8,jump,seed1,61,46508.46666666667
hpmcounter8,jump,seed1,62,46504.69696969697
hpmcounter8,jump,seed1,63,46780.145454545454
hpmcounter8,jump,seed1,64,46999.59393939394
hpmcounter8,jump,seed1,65,47161.527272727275
hpmcounter8,jump,seed1,66,47262.88484848485
hpmcounter8,jump,seed1,67,47298.975757575754
hpmcounter8,jump,seed1,68,47278.242424242424
hpmcounter8,jump,seed1,69,47189.48484848485
hpmcounter8,jump,seed1,70,47029.8606060606
hpmcounter8,jump,seed1,71,46806.63636363636
hpmcounter8,jump,seed1,72,46521.10909090909
hpmcounter8,jump,seed1,73,46515.527272727275
hpmcounter8,jump,seed1,74,46508.3696969697
hpmcounter8,jump,seed1,75,46492.49696969697
hpmcounter8,jump,seed1,76,46480.89090909091
hpmcounter8,jump,seed1,77,46466.87272727273
hpmcounter8,jump,seed1,78,46461.145454545454
hpmcounter8,jump,seed1,79,46456.7696969697
hpmcounter8,jump,seed1,80,46460.04242424243
hpmcounter8,jump,seed1,81,46464.587878787876
hpmcounter8,jump,seed1,82,46471.30303030303
hpmcounter8,jump,seed1,83,46478.06060606061
hpmcounter8,jump,seed1,84,46485.58181818182
hpmcounter8,jump,seed1,85,46481.25454545455
hpmcounter8,jump,seed1,86,46480.53939393939
hpmcounter8,jump,seed1,87,46480.218181818185
hpmcounter8,jump,seed1,88,46480.28484848485
hpmcounter8,jump,seed1,89,46474.95757575757
hpmcounter8,jump,seed1,90,46473.333333333336
hpmcounter8,jump,seed1,91,46472.78787878788
hpmcounter8,jump,seed1,92,46477.90303030303
hpmcounter8,jump,seed1,93,46474.55757575758
hpmcounter8,jump,seed1,94,46470.030303030304
hpmcounter8,jump,seed1,95,46463.28484848485
hpmcounter8,jump,seed1,96,46455.84848484849
hpmcounter8,jump,seed1,97,46454.58181818182
hpmcounter8,jump,seed1,98,46454.145454545454
hpmcounter8,jump,seed1,99,46453.96363636364
hpmcounter8,jump,seed1,100,46453.34545454545
hpmcounter8,jump,seed1,101,46457.66060606061
hpmcounter8,jump,seed1,102,46466.8606060606
hpmcounter8,jump,seed1,103,46470.38181818182
hpmcounter8,jump,seed1,104,46469.92121212121
hpmcounter8,jump,seed1,105,46473.77575757576
hpmcounter8,jump,seed1,106,46475.490909090906
hpmcounter8,jump,seed1,107,46480.412121212124
hpmcounter8,jump,seed1,108,46483.19393939394
hpmcounter8,jump,seed1,109,46482.10909090909
hpmcounter8,jump,seed1,110,46488.0
hpmcounter8,jump,seed1,111,46493.878787878784
hpmcounter8,jump,seed1,112,46492.99393939394
hpmcounter8,jump,seed1,113,46493.07272727273
hpmcounter8,jump,seed1,114,46485.94545454546
hpmcounter8,jump,seed1,115,46475.24848484848
hpmcounter8,jump,seed1,116,46470.67878787879
hpmcounter8,jump,seed1,117,46466.6
hpmcounter8,jump,seed1,118,46460.91515151515
hpmcounter8,jump,seed1,119,46456.92121212121
hpmcounter8,jump,seed1,120,46467.10303030303
hpmcounter8,jump,seed1,121,46476.32727272727
hpmcounter8,jump,seed1,122,46475.448484848486
hpmcounter8,jump,seed1,123,46478.70909090909
hpmcounter8,jump,seed1,124,46477.84242424242
hpmcounter8,jump,seed1,125,46473.59393939394
hpmcounter8,jump,seed1,126,46474.32121212121
hpmcounter8,jump,seed1,127,46472.763636363634
hpmcounter8,jump,seed1,128,46463.01212121212
hpmcounter8,jump,seed1,129,46454.569696969695
hpmcounter8,jump,seed1,130,46455.40606060606
hpmcounter8,jump,seed1,131,46463.25454545455
hpmcounter8,jump,seed1,132,46465.278787878786
hpmcounter8,jump,seed1,133,46467.430303030305
hpmcounter8,jump,seed1,134,46463.24848484848
hpmcounter8,jump,seed1,135,46465.163636363635
hpmcounter8,jump,seed1,136,46471.27272727273
hpmcounter8,jump,seed1,137,46478.278787878786
hpmcounter8,jump,seed1,138,46482.260606060605
hpmcounter8,jump,seed1,139,46481.163636363635
hpmcounter8,jump,seed1,140,46475.53333333333
hpmcounter8,jump,seed1,141,46475.236363636366
hpmcounter8,jump,seed1,142,46478.50303030303
hpmcounter8,jump,seed1,143,46485.52121212121
hpmcounter8,jump,seed1,144,46489.28484848485
hpmcounter8,jump,seed1,145,46495.69696969697
hpmcounter8,jump,seed1,146,46508.99393939394
hpmcounter8,jump,seed1,147,46517.04242424243
hpmcounter8,jump,seed1,148,46525.89696969697
hpmcounter8,jump,seed1,149,46529.4
hpmcounter8,jump,seed1,150,46521.412121212124
hpmcounter8,jump,seed1,151,46791.13333333333
hpmcounter8,jump,seed1,152,47287.52121212121
hpmcounter8,jump,seed1,153,47945.69090909091
hpmcounter8,jump,seed1,154,48703.836363636365
hpmcounter8,jump,seed1,155,49488.278787878786
hpmcounter8,jump,seed1,156,50247.61818181818
hpmcounter8,jump,seed1,157,50910.65454545455
hpmcounter8,jump,seed1,158,51421.89696969697
hpmcounter8,jump,seed1,159,51715.80606060606
hpmcounter8,jump,seed1,160,51718.69090909091
hpmcounter8,jump,seed1,161,51714.91515151515
hpmcounter8,jump,seed1,162,51436.22424242424
hpmcounter8,jump,seed1,163,50934.18787878788
hpmcounter8,jump,seed1,164,50274.53333333333
hpmcounter8,jump,seed1,165,49510.878787878784
hpmcounter8,jump,seed1,166,48714.606060606064
hpmcounter8,jump,seed1,167,48226.18787878788
hpmcounter8,jump,seed1,168,48056.87272727273
hpmcounter8,jump,seed1,169,48204.49696969697
hpmcounter8,jump,seed1,170,48669.84242424242
hpmcounter8,jump,seed1,171,49165.18787878788
hpmcounter8,jump,seed1,172,49423.88484848485
hpmcounter8,jump,seed1,173,49715.11515151515
hpmcounter8,jump,seed1,174,49691.63636363636
hpmcounter8,jump,seed1,175,49351.91515151515
hpmcounter8,jump,seed1,176,48700.89696969697
hpmcounter8,jump,seed1,177,48074.09090909091
hpmcounter8,jump,seed1,178,47545.181818181816
hpmcounter8,jump,seed1,179,47163.066666666666
hpmcounter8,jump,seed1,180,47002.75151515152
hpmcounter8,jump,seed1,181,46780.666666666664
hpmcounter8,jump,seed1,182,46499.40606060606
hpmcounter8,jump,seed1,183,46494.218181818185
hpmcounter8,jump,seed1,184,46497.57575757576
hpmcounter8,jump,seed1,185,46499.25454545455
hpmcounter8,jump,seed1,186,46501.30909090909
hpmcounter8,jump,seed1,187,46499.92121212121
hpmcounter8,jump,seed1,188,46494.933333333334
hpmcounter8,jump,seed1,189,46485.95757575757
hpmcounter8,jump,seed1,190,46474.50303030303
hpmcounter8,jump,seed1,191,46472.74545454545
hpmcounter8,jump,seed1,192,46475.757575757576
hpmcounter8,jump,seed1,193,46474.29090909091
hpmcounter8,jump,seed1,194,46483.89696969697
hpmcounter8,jump,seed1,195,46489.53333333333
hpmcounter8,jump,seed1,196,46496.20606060606
hpmcounter8,jump,seed1,197,46506.20606060606
hpmcounter8,jump,seed1,198,46506.969696969696
hpmcounter8,jump,seed1,199,46506.472727272725
hpmcounter8,jump,seed1,200,46501.00606060606
hpmcounter8,jump,seed1,201,46495.56363636364
hpmcounter8,jump,seed1,202,46489.56363636364
hpmcounter8,jump,seed1,203,46480.92727272727
hpmcounter8,jump,seed1,204,46475.49696969697
hpmcounter8,jump,seed1,205,46466.4
hpmcounter8,jump,seed1,206,46461.87272727273
hpmcounter8,jump,seed1,207,46462.030303030304
hpmcounter8,jump,seed1,208,46462.43636363636
hpmcounter8,jump,seed1,209,46460.33939393939
hpmcounter8,jump,seed1,210,46464.09696969697
hpmcounter8,jump,seed1,211,46469.35151515152
hpmcounter8,jump,seed1,212,46474.05454545454
hpmcounter8,jump,seed1,213,46475.89090909091
hpmcounter8,jump,seed1,214,46479.36363636364
hpmcounter8,jump,seed1,215,46484.47878787879
hpmcounter8,jump,seed1,216,46491.64848484848
hpmcounter8,jump,seed1,217,46496.98181818182
hpmcounter8,jump,seed1,218,46501.375757575755
hpmcounter8,jump,seed1,219,46495.38787878788
hpmcounter8,jump,seed1,220,46488.78787878788
hpmcounter8,jump,seed1,221,46478.92121212121
hpmcounter8,jump,seed1,222,46470.545454545456
hpmcounter8,jump,seed1,223,46458.42424242424
hpmcounter8,jump,seed1,224,46444.44242424242
hpmcounter8,jump,seed1,225,46441.84242424242
hpmcounter8,jump,seed1,226,46440.93939393939
hpmcounter8,jump,seed1,227,46446.81212121212
hpmcounter8,jump,seed1,228,46452.52121212121
hpmcounter8,jump,seed1,229,46460.67272727273
hpmcounter8,jump,seed1,230,46468.05454545454
hpmcounter8,jump,seed1,231,46477.05454545454
hpmcounter8,jump,seed1,232,46487.07272727273
hpmcounter8,jump,seed1,233,46491.70909090909
hpmcounter8,jump,seed1,234,46483.65454545455
hpmcounter8,jump,seed1,235,46484.82424242424
hpmcounter8,jump,seed1,236,46486.09696969697
hpmcounter8,jump,seed1,237,46484.4
hpmcounter8,jump,seed1,238,46473.84848484849
hpmcounter8,jump,seed1,239,46470.569696969695
hpmcounter8,jump,seed1,240,46471.61212121212
hpmcounter8,jump,seed1,241,46754.33939393939
hpmcounter8,jump,seed1,242,46975.375757575755
hpmcounter8,jump,seed1,243,47140.818181818184
hpmcounter8,jump,seed1,244,47238.86666666667
hpmcounter8,jump,seed1,245,47277.666666666664
hpmcounter8,jump,seed1,246,47256.96363636364
hpmcounter8,jump,seed1,247,47163.67878787879
hpmcounter8,jump,seed1,248,47003.98787878788
hpmcounter8,jump,seed1,249,46777.721212121214
hpmcounter8,jump,seed1,250,46490.666666666664
hpmcounter8,jump,seed1,251,46482.20606060606
hpmcounter8,jump,seed1,252,46472.26666666667
hpmcounter8,jump,seed1,253,46467.61818181818
hpmcounter8,jump,seed1,254,46471.89090909091
hpmcounter8,jump,seed1,255,46471.92121212121
hpmcounter8,jump,seed1,256,46472.70303030303
hpmcounter8,jump,seed1,257,46472.8303030303
hpmcounter8,jump,seed1,258,46475.30909090909
hpmcounter8,jump,seed1,259,46480.03636363636
hpmcounter8,jump,seed1,260,46482.67272727273
hpmcounter8,jump,seed1,261,46480.933333333334
hpmcounter8,jump,seed1,262,46474.86666666667
hpmcounter8,jump,seed1,263,46466.642424242425
hpmcounter8,jump,seed1,264,46460.35151515152
hpmcounter8,jump,seed1,265,46740.3696969697
hpmcounter8,jump,seed1,266,46961.44242424242
hpmcounter8,jump,seed1,267,47408.8
hpmcounter8,jump,seed1,268,48013.07272727273
hpmcounter8,jump,seed1,269,48715.42424242424
hpmcounter8,jump,seed1,270,49449.430303030305
hpmcounter8,jump,seed1,271,50146.66060606061
hpmcounter8,jump,seed1,272,50750.24848484848
hpmcounter8,jump,seed1,273,51191.490909090906
hpmcounter8,jump,seed1,274,51125.278787878786
hpmcounter8,jump,seed1,275,50897.01212121212
hpmcounter8,jump,seed1,276,50227.88484848485
hpmcounter8,jump,seed1,277,49475.09696969697
hpmcounter8,jump,seed1,278,48695.70303030303
hpmcounter8,jump,seed1,279,47942.29090909091
hpmcounter8,jump,seed1,280,47281.61212121212
hpmcounter8,jump,seed1,281,46773.34545454545
hpmcounter8,jump,seed1,282,46492.2303030303
hpmcounter8,jump,seed1,283,46493.551515151514
hpmcounter8,jump,seed1,284,46497.78787878788
hpmcounter8,jump,seed1,285,46491.333333333336
hpmcounter8,jump,seed1,286,46481.854545454546
hpmcounter8,jump,seed1,287,46477.41818181818
hpmcounter8,jump,seed1,288,46470.91515151515
hpmcounter8,jump,seed1,289,46460.00606060606
hpmcounter8,jump,seed1,290,46452.46060606061
hpmcounter8,jump,seed1,291,46451.50303030303
hpmcounter8,jump,seed1,292,46453.92121212121
hpmcounter8,jump,seed1,293,46468.33939393939
hpmcounter8,jump,seed1,294,46481.587878787876
hpmcounter8,jump,seed1,295,46493.15757575758
hpmcounter8,jump,seed1,296,46503.51515151515
hpmcounter8,jump,seed1,297,46512.145454545454
hpmcounter8,jump,seed1,298,46511.42424242424
hpmcounter8,jump,seed10,9,46488.78787878788
hpmcounter8,jump,seed10,10,46485.315151515155
hpmcounter8,jump,seed10,11,46483.763636363634
hpmcounter8,jump,seed10,12,46487.0
hpmcounter8,jump,seed10,13,46487.53939393939
hpmcounter8,jump,seed10,14,46490.739393939395
hpmcounter8,jump,seed10,15,46490.7696969697
hpmcounter8,jump,seed10,16,46496.53939393939
hpmcounter8,jump,seed10,17,46499.412121212124
hpmcounter8,jump,seed10,18,46501.61212121212
hpmcounter8,jump,seed10,19,46505.30303030303
hpmcounter8,jump,seed10,20,46506.551515151514
hpmcounter8,jump,seed10,21,46504.58181818182
hpmcounter8,jump,seed10,22,46501.63636363636
hpmcounter8,jump,seed10,23,46495.99393939394
hpmcounter8,jump,seed10,24,46491.72727272727
hpmcounter8,jump,seed10,25,46482.38181818182
hpmcounter8,jump,seed10,26,46468.42424242424
hpmcounter8,jump,seed10,27,46458.0
hpmcounter8,jump,seed10,28,46444.56363636364
hpmcounter8,jump,seed10,29,46442.509090909094
hpmcounter8,jump,seed10,30,46447.69090909091
hpmcounter8,jump,seed10,31,46453.684848484845
hpmcounter8,jump,seed10,32,46457.33939393939
hpmcounter8,jump,seed10,33,46461.44242424242
hpmcounter8,jump,seed10,34,46466.01818181818
hpmcounter8,jump,seed10,35,46468.048484848485
hpmcounter8,jump,seed10,36,46460.46666666667
hpmcounter8,jump,seed10,37,46456.242424242424
hpmcounter8,jump,seed10,38,46446.15757575758
hpmcounter8,jump,seed10,39,46440.8303030303
hpmcounter8,jump,seed10,40,46444.98181818182
hpmcounter8,jump,seed10,41,46456.90303030303
hpmcounter8,jump,seed10,42,46466.51515151515
hpmcounter8,jump,seed10,43,46476.19393939394
hpmcounter8,jump,seed10,44,46481.393939393936
hpmcounter8,jump,seed10,45,46482.38787878788
hpmcounter8,jump,seed10,46,46480.624242424245
hpmcounter8,jump,seed10,47,46484.22424242424
hpmcounter8,jump,seed10,48,46489.490909090906
hpmcounter8,jump,seed10,49,46489.975757575754
hpmcounter8,jump,seed10,50,46491.42424242424
hpmcounter8,jump,seed10,51,46501.74545454545
hpmcounter8,jump,seed10,52,46506.90303030303
hpmcounter8,jump,seed10,53,46513.75151515152
hpmcounter8,jump,seed10,54,46514.024242424246
hpmcounter8,jump,seed10,55,46512.527272727275
hpmcounter8,jump,seed10,56,46511.79393939394
hpmcounter8,jump,seed10,57,46515.181818181816
hpmcounter8,jump,seed10,58,46522.09090909091
hpmcounter8,jump,seed10,59,46524.35151515152
hpmcounter8,jump,seed10,60,46521.34545454545
hpmcounter8,jump,seed10,61,46522.95757575757
hpmcounter8,jump,seed10,62,46519.32121212121
hpmcounter8,jump,seed10,63,46511.666666666664
hpmcounter8,jump,seed10,64,46507.666666666664
hpmcounter8,jump,seed10,65,46504.20606060606
hpmcounter8,jump,seed10,66,46497.684848484845
hpmcounter8,jump,seed10,67,46496.527272727275
hpmcounter8,jump,seed10,68,46498.2
hpmcounter8,jump,seed10,69,46502.72727272727
hpmcounter8,jump,seed10,70,46495.46666666667
hpmcounter8,jump,seed10,71,46489.38787878788
hpmcounter8,jump,seed10,72,46484.375757575755
hpmcounter8,jump,seed10,73,46473.98787878788
hpmcounter8,jump,seed10,74,46473.181818181816
hpmcounter8,jump,seed10,75,46472.878787878784
hpmcounter8,jump,seed10,76,46465.46060606061
hpmcounter8,jump,seed10,77,46459.969696969696
hpmcounter8,jump,seed10,78,46456.4
hpmcounter8,jump,seed10,79,46459.55757575758
hpmcounter8,jump,seed10,80,46459.61212121212
hpmcounter8,jump,seed10,81,46460.278787878786
hpmcounter8,jump,seed10,82,46463.430303030305
hpmcounter8,jump,seed10,83,46465.818181818184
hpmcounter8,jump,seed10,84,46472.07272727273
hpmcounter8,jump,seed10,85,46478.10909090909
hpmcounter8,jump,seed10,86,46479.32121212121
hpmcounter8,jump,seed10,87,46479.17575757576
hpmcounter8,jump,seed10,88,46477.527272727275
hpmcounter8,jump,seed10,89,46478.72727272727
hpmcounter8,jump,seed10,90,46481.836363636365
hpmcounter8,jump,seed10,91,46477.89090909091
hpmcounter8,jump,seed10,92,46474.89696969697
hpmcounter8,jump,seed10,93,46476.91515151515
hpmcounter8,jump,seed10,94,46483.81212121212
hpmcounter8,jump,seed10,95,46488.55757575758
hpmcounter8,jump,seed10,96,46488.84848484849
hpmcounter8,jump,seed10,97,46486.98181818182
hpmcounter8,jump,seed10,98,46487.29696969697
hpmcounter8,jump,seed10,99,46492.757575757576
hpmcounter8,jump,seed10,100,46496.218181818185
hpmcounter8,jump,seed10,101,46488.26666666667
hpmcounter8,jump,seed10,102,46481.30909090909
hpmcounter8,jump,seed10,103,46470.24848484848
hpmcounter8,jump,seed10,104,46472.20606060606
hpmcounter8,jump,seed10,105,46471.721212121214
hpmcounter8,jump,seed10,106,46465.933333333334
hpmcounter8,jump,seed10,107,46462.79393939394
hpmcounter8,jump,seed10,108,46462.70303030303
hpmcounter8,jump,seed10,109,46466.67272727273
hpmcounter8,jump,seed10,110,46471.10303030303
hpmcounter8,jump,seed10,111,46470.6
hpmcounter8,jump,seed10,112,46470.53333333333
hpmcounter8,jump,seed10,113,46465.509090909094
hpmcounter8,jump,seed10,114,46467.721212121214
hpmcounter8,jump,seed10,115,46470.2
hpmcounter8,jump,seed10,116,46467.34545454545
hpmcounter8,jump,seed10,117,46463.4
hpmcounter8,jump,seed10,118,46461.24848484848
hpmcounter8,jump,seed10,119,46460.472727272725
hpmcounter8,jump,seed10,120,46461.95757575757
hpmcounter8,jump,seed10,121,46457.03636363636
hpmcounter8,jump,seed10,122,46449.44242424242
hpmcounter8,jump,seed10,123,46443.40606060606
hpmcounter8,jump,seed10,124,46442.22424242424
hpmcounter8,jump,seed10,125,46441.1393939394
hpmcounter8,jump,seed10,126,46445.19393939394
hpmcounter8,jump,seed10,127,46448.46666666667
hpmcounter8,jump,seed10,128,46452.49696969697
hpmcounter8,jump,seed10,129,46456.763636363634
hpmcounter8,jump,seed10,130,46462.63636363636
hpmcounter8,jump,seed10,131,46466.13333333333
hpmcounter8,jump,seed10,132,46466.8303030303
hpmcounter8,jump,seed10,133,46470.412121212124
hpmcounter8,jump,seed10,134,46477.52121212121
hpmcounter8,jump,seed10,135,46476.15757575758
hpmcounter8,jump,seed10,136,46476.19393939394
hpmcounter8,jump,seed10,137,46477.25454545455
hpmcounter8,jump,seed10,138,46477.29696969697
hpmcounter8,jump,seed10,139,46473.66060606061
hpmcounter8,jump,seed10,140,46474.933333333334
hpmcounter8,jump,seed10,141,46471.29090909091
hpmcounter8,jump,seed10,142,46464.2
hpmcounter8,jump,seed10,143,46468.57575757576
hpmcounter8,jump,seed10,144,46469.357575757575
hpmcounter8,jump,seed10,145,46463.315151515155
hpmcounter8,jump,seed10,146,46455.36363636364
hpmcounter8,jump,seed10,147,46447.951515151515
hpmcounter8,jump,seed10,148,46443.67878787879
hpmcounter8,jump,seed10,149,46440.72727272727
hpmcounter8,jump,seed10,150,46454.41818181818
hpmcounter8,jump,seed10,151,46742.1393939394
hpmcounter8,jump,seed10,152,47246.56363636364
hpmcounter8,jump,seed10,153,47913.1696969697
hpmcounter8,jump,seed10,154,48676.06060606061
hpmcounter8,jump,seed10,155,49469.07878787879
hpmcounter8,jump,seed10,156,50225.77575757576
hpmcounter8,jump,seed10,157,50886.70909090909
hpmcounter8,jump,seed10,158,51391.61818181818
hpmcounter8,jump,seed10,159,51678.6303030303
hpmcounter8,jump,seed10,160,51691.01818181818
hpmcounter8,jump,seed10,161,51695.22424242424
hpmcounter8,jump,seed10,162,51700.42424242424
hpmcounter8,jump,seed10,163,51692.29696969697
hpmcounter8,jump,seed10,164,51688.81212121212
hpmcounter8,jump,seed10,165,51681.48484848485
hpmcounter8,jump,seed10,166,51672.278787878786
hpmcounter8,jump,seed10,167,51663.72727272727
hpmcounter8,jump,seed10,168,51658.01818181818
hpmcounter8,jump,seed10,169,51656.236363636366
hpmcounter8,jump,seed10,170,51660.73333333333
hpmcounter8,jump,seed10,171,51661.412121212124
hpmcounter8,jump,seed10,172,51669.6
hpmcounter8,jump,seed10,173,51674.375757575755
hpmcounter8,jump,seed10,174,51679.92727272727
hpmcounter8,jump,seed10,175,51676.09696969697
hpmcounter8,jump,seed10,176,51676.030303030304
hpmcounter8,jump,seed10,177,51675.163636363635
hpmcounter8,jump,seed10,178,51676.91515151515
hpmcounter8,jump,seed10,179,51678.551515151514
hpmcounter8,jump,seed10,180,51397.472727272725
hpmcounter8,jump,seed10,181,50899.98787878788
hpmcounter8,jump,seed10,182,50239.236363636366
hpmcounter8,jump,seed10,183,49488.315151515155
hpmcounter8,jump,seed10,184,48702.551515151514
hpmcounter8,jump,seed10,185,47944.684848484845
hpmcounter8,jump,seed10,186,47281.836363636365
hpmcounter8,jump,seed10,187,46774.55757575758
hpmcounter8,jump,seed10,188,46491.69696969697
hpmcounter8,jump,seed10,189,46490.67878787879
hpmcounter8,jump,seed10,190,46485.90909090909
hpmcounter8,jump,seed10,191,46479.684848484845
hpmcounter8,jump,seed10,192,46472.70909090909
hpmcounter8,jump,seed10,193,46472.30303030303
hpmcounter8,jump,seed10,194,46470.22424242424
hpmcounter8,jump,seed10,195,46471.278787878786
hpmcounter8,jump,seed10,196,46470.69696969697
hpmcounter8,jump,seed10,197,46474.430303030305
hpmcounter8,jump,seed10,198,46488.56363636364
hpmcounter8,jump,seed10,199,46498.38787878788
hpmcounter8,jump,seed10,200,46506.236363636366
hpmcounter8,jump,seed10,201,46504.8606060606
hpmcounter8,jump,seed10,202,46789.1696969697
hpmcounter8,jump,seed10,203,47294.975757575754
hpmcounter8,jump,seed10,204,47954.61212121212
hpmcounter8,jump,seed10,205,48422.66060606061
hpmcounter8,jump,seed10,206,48700.969696969696
hpmcounter8,jump,seed10,207,48796.22424242424
hpmcounter8,jump,seed10,208,48706.38181818182
hpmcounter8,jump,seed10,209,48418.666666666664
hpmcounter8,jump,seed10,210,47940.72727272727
hpmcounter8,jump,seed10,211,47271.2
hpmcounter8,jump,seed10,212,46764.75151515152
hpmcounter8,jump,seed10,213,46479.90909090909
hpmcounter8,jump,seed10,214,46479.91515151515
hpmcounter8,jump,seed10,215,46474.88484848485
hpmcounter8,jump,seed10,216,46474.509090909094
hpmcounter8,jump,seed10,217,46484.43636363636
hpmcounter8,jump,seed10,218,46493.6
hpmcounter8,jump,seed10,219,46501.40606060606
hpmcounter8,jump,seed10,220,46503.46060606061
hpmcounter8,jump,seed10,221,46502.67272727273
hpmcounter8,jump,seed10,222,46506.38787878788
hpmcounter8,jump,seed10,223,46508.569696969695
hpmcounter8,jump,seed10,224,46513.757575757576
hpmcounter8,jump,seed10,225,46514.6
hpmcounter8,jump,seed10,226,46510.56363636364
hpmcounter8,jump,seed10,227,46508.44242424242
hpmcounter8,jump,seed10,228,46504.95757575757
hpmcounter8,jump,seed10,229,46503.642424242425
hpmcounter8,jump,seed10,230,46500.22424242424
hpmcounter8,jump,seed10,231,46495.260606060605
hpmcounter8,jump,seed10,232,46494.26666666667
hpmcounter8,jump,seed10,233,46493.666666666664
hpmcounter8,jump,seed10,234,46493.375757575755
hpmcounter8,jump,seed10,235,46491.80606060606
hpmcounter8,jump,seed10,236,46487.11515151515
hpmcounter8,jump,seed10,237,46476.24848484848
hpmcounter8,jump,seed10,238,46467.121212121216
hpmcounter8,jump,seed10,239,46460.430303030305
hpmcounter8,jump,seed10,240,46457.375757575755
hpmcounter8,jump,seed10,241,46455.66060606061
hpmcounter8,jump,seed10,242,46461.218181818185
hpmcounter8,jump,seed10,243,46471.551515151514
hpmcounter8,jump,seed10,244,46482.236363636366
hpmcounter8,jump,seed10,245,46485.6303030303
hpmcounter8,jump,seed10,246,46488.49696969697
hpmcounter8,jump,seed10,247,46481.49696969697
hpmcounter8,jump,seed10,248,46471.1393939394
hpmcounter8,jump,seed10,249,46463.260606060605
hpmcounter8,jump,seed10,250,46449.412121212124
hpmcounter8,jump,seed10,251,46442.357575757575
hpmcounter8,jump,seed10,252,46441.4
hpmcounter8,jump,seed10,253,46440.63636363636
hpmcounter8,jump,seed10,254,46445.48484848485
hpmcounter8,jump,seed10,255,46453.030303030304
hpmcounter8,jump,seed10,256,46463.6303030303
hpmcounter8,jump,seed10,257,46470.8303030303
hpmcounter8,jump,seed10,258,46469.95757575757
hpmcounter8,jump,seed10,259,46470.26666666667
hpmcounter8,jump,seed10,260,46467.781818181815
hpmcounter8,jump,seed10,261,46475.73333333333
hpmcounter8,jump,seed10,262,46480.2303030303
hpmcounter8,jump,seed10,263,46475.412121212124
hpmcounter8,jump,seed10,264,46464.32121212121
hpmcounter8,jump,seed10,265,46461.65454545455
hpmcounter8,jump,seed10,266,46460.30909090909
hpmcounter8,jump,seed10,267,46460.26666666667
hpmcounter8,jump,seed10,268,46458.52121212121
hpmcounter8,jump,seed10,269,46456.93939393939
hpmcounter8,jump,seed10,270,46460.86666666667
hpmcounter8,jump,seed10,271,46474.92121212121
hpmcounter8,jump,seed10,272,46490.30303030303
hpmcounter8,jump,seed10,273,46497.2303030303
hpmcounter8,jump,seed10,274,46497.90303030303
hpmcounter8,jump,seed10,275,46497.0
hpmcounter8,jump,seed10,276,46490.43636363636
hpmcounter8,jump,seed10,277,46484.454545454544
hpmcounter8,jump,seed10,278,46478.10909090909
hpmcounter8,jump,seed10,279,46469.43636363636
hpmcounter8,jump,seed10,280,46463.509090909094
hpmcounter8,jump,seed10,281,46456.49696969697
hpmcounter8,jump,seed10,282,46459.472727272725
hpmcounter8,jump,seed10,283,46465.15757575758
hpmcounter8,jump,seed10,284,46471.63636363636
hpmcounter8,jump,seed10,285,46476.42424242424
hpmcounter8,jump,seed10,286,46476.88484848485
hpmcounter8,jump,seed10,287,46474.551515151514
hpmcounter8,jump,seed10,288,46467.569696969695
hpmcounter8,jump,seed10,289,46458.47878787879
hpmcounter8,jump,seed10,290,46450.551515151514
hpmcounter8,jump,seed10,291,46440.969696969696
hpmcounter8,jump,seed10,292,46434.763636363634
hpmcounter8,jump,seed10,293,46435.70303030303
hpmcounter8,jump,seed10,294,46435.99393939394
hpmcounter8,jump,seed10,295,46446.56363636364
hpmcounter8,jump,seed10,296,46459.0
hpmcounter8,jump,seed10,297,46469.82424242424
hpmcounter8,jump,seed10,298,46480.67878787879
hpmcounter8,jump,seed11,9,46502.13333333333
hpmcounter8,jump,seed11,10,46502.40606060606
hpmcounter8,jump,seed11,11,46501.6303030303
hpmcounter8,jump,seed11,12,46500.81212121212
hpmcounter8,jump,seed11,13,46488.545454545456
hpmcounter8,jump,seed11,14,46486.58181818182
hpmcounter8,jump,seed11,15,46484.80606060606
hpmcounter8,jump,seed11,16,46487.49696969697
hpmcounter8,jump,seed11,17,46487.84242424242
hpmcounter8,jump,seed11,18,46489.21212121212
hpmcounter8,jump,seed11,19,46495.4
hpmcounter8,jump,seed11,20,46500.03636363636
hpmcounter8,jump,seed11,21,46502.29696969697
hpmcounter8,jump,seed11,22,46505.763636363634
hpmcounter8,jump,seed11,23,46504.527272727275
hpmcounter8,jump,seed11,24,46508.38787878788
hpmcounter8,jump,seed11,25,46504.878787878784
hpmcounter8,jump,seed11,26,46494.315151515155
hpmcounter8,jump,seed11,27,46484.624242424245
hpmcounter8,jump,seed11,28,46470.92727272727
hpmcounter8,jump,seed11,29,46467.30909090909
hpmcounter8,jump,seed11,30,46472.61818181818
hpmcounter8,jump,seed11,31,46477.2
hpmcounter8,jump,seed11,32,46478.46060606061
hpmcounter8,jump,seed11,33,46486.38787878788
hpmcounter8,jump,seed11,34,46492.35151515152
hpmcounter8,jump,seed11,35,46494.2
hpmcounter8,jump,seed11,36,46484.82424242424
hpmcounter8,jump,seed11,37,46478.66060606061
hpmcounter8,jump,seed11,38,46469.38787878788
hpmcounter8,jump,seed11,39,46464.030303030304
hpmcounter8,jump,seed11,40,46469.27272727273
hpmcounter8,jump,seed11,41,46479.43636363636
hpmcounter8,jump,seed11,42,46488.66060606061
hpmcounter8,jump,seed11,43,46498.951515151515
hpmcounter8,jump,seed11,44,46505.01818181818
hpmcounter8,jump,seed11,45,46505.1393939394
hpmcounter8,jump,seed11,46,46498.89696969697
hpmcounter8,jump,seed11,47,46498.72727272727
hpmcounter8,jump,seed11,48,46499.98181818182
hpmcounter8,jump,seed11,49,46501.00606060606
hpmcounter8,jump,seed11,50,46503.63636363636
hpmcounter8,jump,seed11,51,46514.65454545455
hpmcounter8,jump,seed11,52,46524.89696969697
hpmcounter8,jump,seed11,53,46530.79393939394
hpmcounter8,jump,seed11,54,46531.50303030303
hpmcounter8,jump,seed11,55,46805.70303030303
hpmcounter8,jump,seed11,56,47297.42424242424
hpmcounter8,jump,seed11,57,47949.53333333333
hpmcounter8,jump,seed11,58,48697.00606060606
hpmcounter8,jump,seed11,59,49479.024242424246
hpmcounter8,jump,seed11,60,50232.551515151514
hpmcounter8,jump,seed11,61,50892.07272727273
hpmcounter8,jump,seed11,62,51396.315151515155
hpmcounter8,jump,seed11,63,51679.30909090909
hpmcounter8,jump,seed11,64,51675.90909090909
hpmcounter8,jump,seed11,65,51393.70909090909
hpmcounter8,jump,seed11,66,50892.01212121212
hpmcounter8,jump,seed11,67,50238.527272727275
hpmcounter8,jump,seed11,68,49494.6
hpmcounter8,jump,seed11,69,48720.448484848486
hpmcounter8,jump,seed11,70,47982.975757575754
hpmcounter8,jump,seed11,71,47328.08484848485
hpmcounter8,jump,seed11,72,46825.08484848485
hpmcounter8,jump,seed11,73,46544.4
hpmcounter8,jump,seed11,74,46530.3696969697
hpmcounter8,jump,seed11,75,46514.448484848486
hpmcounter8,jump,seed11,76,46496.56363636364
hpmcounter8,jump,seed11,77,46475.46666666667
hpmcounter8,jump,seed11,78,46464.30909090909
hpmcounter8,jump,seed11,79,46453.642424242425
hpmcounter8,jump,seed11,80,46457.181818181816
hpmcounter8,jump,seed11,81,46462.84848484849
hpmcounter8,jump,seed11,82,46461.218181818185
hpmcounter8,jump,seed11,83,46470.27272727273
hpmcounter8,jump,seed11,84,46476.8303030303
hpmcounter8,jump,seed11,85,46479.7696969697
hpmcounter8,jump,seed11,86,46481.96363636364
hpmcounter8,jump,seed11,87,46481.242424242424
hpmcounter8,jump,seed11,88,46485.624242424245
hpmcounter8,jump,seed11,89,46488.09696969697
hpmcounter8,jump,seed11,90,46500.13333333333
hpmcounter8,jump,seed11,91,46508.10909090909
hpmcounter8,jump,seed11,92,46505.95757575757
hpmcounter8,jump,seed11,93,46496.11515151515
hpmcounter8,jump,seed11,94,46490.25454545455
hpmcounter8,jump,seed11,95,46484.67272727273
hpmcounter8,jump,seed11,96,46474.04242424243
hpmcounter8,jump,seed11,97,46468.33939393939
hpmcounter8,jump,seed11,98,46467.48484848485
hpmcounter8,jump,seed11,99,46472.74545454545
hpmcounter8,jump,seed11,100,46487.878787878784
hpmcounter8,jump,seed11,101,46501.46666666667
hpmcounter8,jump,seed11,102,46510.18787878788
hpmcounter8,jump,seed11,103,46789.642424242425
hpmcounter8,jump,seed11,104,47290.43636363636
hpmcounter8,jump,seed11,105,47668.71515151515
hpmcounter8,jump,seed11,106,47917.666666666664
hpmcounter8,jump,seed11,107,48040.624242424245
hpmcounter8,jump,seed11,108,48034.375757575755
hpmcounter8,jump,seed11,109,47905.22424242424
hpmcounter8,jump,seed11,110,47654.6303030303
hpmcounter8,jump,seed11,111,47278.024242424246
hpmcounter8,jump,seed11,112,46775.52121212121
hpmcounter8,jump,seed11,113,46487.03636363636
hpmcounter8,jump,seed11,114,46482.55757575758
hpmcounter8,jump,seed11,115,46483.763636363634
hpmcounter8,jump,seed11,116,46486.781818181815
hpmcounter8,jump,seed11,117,46491.333333333336
hpmcounter8,jump,seed11,118,46495.15151515151
hpmcounter8,jump,seed11,119,46498.64848484848
hpmcounter8,jump,seed11,120,46496.67272727273
hpmcounter8,jump,seed11,121,46489.975757575754
hpmcounter8,jump,seed11,122,46482.242424242424
hpmcounter8,jump,seed11,123,46475.75151515152
hpmcounter8,jump,seed11,124,46467.84848484849
hpmcounter8,jump,seed11,125,46459.63636363636
hpmcounter8,jump,seed11,126,46455.0
hpmcounter8,jump,seed11,127,46451.10303030303
hpmcounter8,jump,seed11,128,46452.509090909094
hpmcounter8,jump,seed11,129,46461.32727272727
hpmcounter8,jump,seed11,130,46467.92121212121
hpmcounter8,jump,seed11,131,46477.757575757576
hpmcounter8,jump,seed11,132,46483.569696969695
hpmcounter8,jump,seed11,133,46497.951515151515
hpmcounter8,jump,seed11,134,46513.20606060606
hpmcounter8,jump,seed11,135,46514.951515151515
hpmcounter8,jump,seed11,136,46513.09090909091
hpmcounter8,jump,seed11,137,46504.25454545455
hpmcounter8,jump,seed11,138,46493.73333333333
hpmcounter8,jump,seed11,139,46483.509090909094
hpmcounter8,jump,seed11,140,46475.1696969697
hpmcounter8,jump,seed11,141,46471.22424242424
hpmcounter8,jump,seed11,142,46464.90303030303
hpmcounter8,jump,seed11,143,46469.70909090909
hpmcounter8,jump,seed11,144,46482.0
hpmcounter8,jump,seed11,145,46487.17575757576
hpmcounter8,jump,seed11,146,46487.96363636364
hpmcounter8,jump,seed11,147,46487.684848484845
hpmcounter8,jump,seed11,148,46487.61818181818
hpmcounter8,jump,seed11,149,46482.393939393936
hpmcounter8,jump,seed11,150,46476.6303030303
hpmcounter8,jump,seed11,151,46758.17575757576
hpmcounter8,jump,seed11,152,47257.30303030303
hpmcounter8,jump,seed11,153,47919.78787878788
hpmcounter8,jump,seed11,154,48678.32121212121
hpmcounter8,jump,seed11,155,49468.47878787879
hpmcounter8,jump,seed11,156,50222.10303030303
hpmcounter8,jump,seed11,157,50881.89696969697
hpmcounter8,jump,seed11,158,51386.1696969697
hpmcounter8,jump,seed11,159,51671.551515151514
hpmcounter8,jump,seed11,160,51670.07878787879
hpmcounter8,jump,seed11,161,51667.84242424242
hpmcounter8,jump,seed11,162,51671.17575757576
hpmcounter8,jump,seed11,163,51675.454545454544
hpmcounter8,jump,seed11,164,51675.509090909094
hpmcounter8,jump,seed11,165,51676.67272727273
hpmcounter8,jump,seed11,166,51670.07878787879
hpmcounter8,jump,seed11,167,51663.03636363636
hpmcounter8,jump,seed11,168,51663.65454545455
hpmcounter8,jump,seed11,169,51666.66060606061
hpmcounter8,jump,seed11,170,51667.1696969697
hpmcounter8,jump,seed11,171,51660.20606060606
hpmcounter8,jump,seed11,172,51658.61818181818
hpmcounter8,jump,seed11,173,51380.96363636364
hpmcounter8,jump,seed11,174,50878.43636363636
hpmcounter8,jump,seed11,175,50229.52121212121
hpmcounter8,jump,seed11,176,49481.71515151515
hpmcounter8,jump,seed11,177,48697.357575757575
hpmcounter8,jump,seed11,178,47950.49696969697
hpmcounter8,jump,seed11,179,47297.448484848486
hpmcounter8,jump,seed11,180,46799.07878787879
hpmcounter8,jump,seed11,181,46516.721212121214
hpmcounter8,jump,seed11,182,46512.278787878786
hpmcounter8,jump,seed11,183,46510.06060606061
hpmcounter8,jump,seed11,184,46502.64848484848
hpmcounter8,jump,seed11,185,46502.04242424243
hpmcounter8,jump,seed11,186,46507.818181818184
hpmcounter8,jump,seed11,187,46504.05454545454
hpmcounter8,jump,seed11,188,46499.472727272725
hpmcounter8,jump,seed11,189,46494.99393939394
hpmcounter8,jump,seed11,190,46487.72727272727
hpmcounter8,jump,seed11,191,46485.260606060605
hpmcounter8,jump,seed11,192,46489.278787878786
hpmcounter8,jump,seed11,193,46490.933333333334
hpmcounter8,jump,seed11,194,46489.05454545454
hpmcounter8,jump,seed11,195,46487.56363636364
hpmcounter8,jump,seed11,196,46492.25454545455
hpmcounter8,jump,seed11,197,46490.163636363635
hpmcounter8,jump,seed11,198,46493.47878787879
hpmcounter8,jump,seed11,199,46495.90909090909
hpmcounter8,jump,seed11,200,46491.77575757576
hpmcounter8,jump,seed11,201,46486.55757575758
hpmcounter8,jump,seed11,202,46490.15757575758
hpmcounter8,jump,seed11,203,46489.84848484849
hpmcounter8,jump,seed11,204,46486.22424242424
hpmcounter8,jump,seed11,205,46484.70909090909
hpmcounter8,jump,seed11,206,46488.569696969695
hpmcounter8,jump,seed11,207,46489.73333333333
hpmcounter8,jump,seed11,208,46491.145454545454
hpmcounter8,jump,seed11,209,46493.412121212124
hpmcounter8,jump,seed11,210,46495.6303030303
hpmcounter8,jump,seed11,211,46490.86666666667
hpmcounter8,jump,seed11,212,46490.19393939394
hpmcounter8,jump,seed11,213,46490.15757575758
hpmcounter8,jump,seed11,214,46482.42424242424
hpmcounter8,jump,seed11,215,46477.8606060606
hpmcounter8,jump,seed11,216,46475.315151515155
hpmcounter8,jump,seed11,217,46472.375757575755
hpmcounter8,jump,seed11,218,46468.05454545454
hpmcounter8,jump,seed11,219,46459.6303030303
hpmcounter8,jump,seed11,220,46461.32121212121
hpmcounter8,jump,seed11,221,46465.47878787879
hpmcounter8,jump,seed11,222,46472.27272727273
hpmcounter8,jump,seed11,223,46486.40606060606
hpmcounter8,jump,seed11,224,46496.551515151514
hpmcounter8,jump,seed11,225,46511.72727272727
hpmcounter8,jump,seed11,226,46516.969696969696
hpmcounter8,jump,seed11,227,46521.6
hpmcounter8,jump,seed11,228,46523.854545454546
hpmcounter8,jump,seed11,229,46516.04242424243
hpmcounter8,jump,seed11,230,46504.03636363636
hpmcounter8,jump,seed11,231,46499.35151515152
hpmcounter8,jump,seed11,232,46490.77575757576
hpmcounter8,jump,seed11,233,46485.15151515151
hpmcounter8,jump,seed11,234,46478.44242424242
hpmcounter8,jump,seed11,235,46474.333333333336
hpmcounter8,jump,seed11,236,46471.181818181816
hpmcounter8,jump,seed11,237,46470.74545454545
hpmcounter8,jump,seed11,238,46472.50303030303
hpmcounter8,jump,seed11,239,46475.43636363636
hpmcounter8,jump,seed11,240,46473.836363636365
hpmcounter8,jump,seed11,241,46481.44242424242
hpmcounter8,jump,seed11,242,46479.4
hpmcounter8,jump,seed11,243,46477.88484848485
hpmcounter8,jump,seed11,244,46474.53939393939
hpmcounter8,jump,seed11,245,46465.21212121212
hpmcounter8,jump,seed11,246,46463.61212121212
hpmcounter8,jump,seed11,247,46458.47878787879
hpmcounter8,jump,seed11,248,46458.43636363636
hpmcounter8,jump,seed11,249,46460.79393939394
hpmcounter8,jump,seed11,250,46472.10303030303
hpmcounter8,jump,seed11,251,46492.545454545456
hpmcounter8,jump,seed11,252,46507.57575757576
hpmcounter8,jump,seed11,253,46517.43636363636
hpmcounter8,jump,seed11,254,46526.88484848485
hpmcounter8,jump,seed11,255,46526.06060606061
hpmcounter8,jump,seed11,256,46522.50303030303
hpmcounter8,jump,seed11,257,46510.181818181816
hpmcounter8,jump,seed11,258,46496.98181818182
hpmcounter8,jump,seed11,259,46485.121212121216
hpmcounter8,jump,seed11,260,46481.32727272727
hpmcounter8,jump,seed11,261,46476.7696969697
hpmcounter8,jump,seed11,262,46480.933333333334
hpmcounter8,jump,seed11,263,46481.67272727273
hpmcounter8,jump,seed11,264,46488.09090909091
hpmcounter8,jump,seed11,265,46490.07878787879
hpmcounter8,jump,seed11,266,46486.878787878784
hpmcounter8,jump,seed11,267,46478.46666666667
hpmcounter8,jump,seed11,268,46468.43636363636
hpmcounter8,jump,seed11,269,46457.4
hpmcounter8,jump,seed11,270,46448.242424242424
hpmcounter8,jump,seed11,271,46723.19393939394
hpmcounter8,jump,seed11,272,46948.375757575755
hpmcounter8,jump,seed11,273,47116.490909090906
hpmcounter8,jump,seed11,274,47229.236363636366
hpmcounter8,jump,seed11,275,47277.28484848485
hpmcounter8,jump,seed11,276,47251.163636363635
hpmcounter8,jump,seed11,277,47160.969696969696
hpmcounter8,jump,seed11,278,47004.59393939394
hpmcounter8,jump,seed11,279,46778.472727272725
hpmcounter8,jump,seed11,280,46484.315151515155
hpmcounter8,jump,seed11,281,46476.278787878786
hpmcounter8,jump,seed11,282,46474.93939393939
hpmcounter8,jump,seed11,283,46478.49696969697
hpmcounter8,jump,seed11,284,46489.781818181815
hpmcounter8,jump,seed11,285,46493.92121212121
hpmcounter8,jump,seed11,286,46492.642424242425
hpmcounter8,jump,seed11,287,46486.666666666664
hpmcounter8,jump,seed11,288,46479.66060606061
hpmcounter8,jump,seed11,289,46469.70909090909
hpmcounter8,jump,seed11,290,46463.8606060606
hpmcounter8,jump,seed11,291,46461.30303030303
hpmcounter8,jump,seed11,292,46460.0
hpmcounter8,jump,seed11,293,46458.836363636365
hpmcounter8,jump,seed11,294,46460.545454545456
hpmcounter8,jump,seed11,295,46456.70909090909
hpmcounter8,jump,seed11,296,46457.757575757576
hpmcounter8,jump,seed11,297,46453.77575757576
hpmcounter8,jump,seed11,298,46450.09696969697
hpmcounter8,jump,seed12,9,46522.59393939394
hpmcounter8,jump,seed12,10,46512.3696969697
hpmcounter8,jump,seed12,11,46501.587878787876
hpmcounter8,jump,seed12,12,46495.430303030305
hpmcounter8,jump,seed12,13,46485.25454545455
hpmcounter8,jump,seed12,14,46478.07878787879
hpmcounter8,jump,seed12,15,46474.163636363635
hpmcounter8,jump,seed12,16,46473.181818181816
hpmcounter8,jump,seed12,17,46474.43636363636
hpmcounter8,jump,seed12,18,46474.65454545455
hpmcounter8,jump,seed12,19,46479.569696969695
hpmcounter8,jump,seed12,20,46480.3696969697
hpmcounter8,jump,seed12,21,46481.75151515152
hpmcounter8,jump,seed12,22,46484.50303030303
hpmcounter8,jump,seed12,23,46484.11515151515
hpmcounter8,jump,seed12,24,46486.448484848486
hpmcounter8,jump,seed12,25,46481.42424242424
hpmcounter8,jump,seed12,26,46472.278787878786
hpmcounter8,jump,seed12,27,46466.52121212121
hpmcounter8,jump,seed12,28,46457.05454545454
hpmcounter8,jump,seed12,29,46455.412121212124
hpmcounter8,jump,seed12,30,46463.48484848485
hpmcounter8,jump,seed12,31,46470.17575757576
hpmcounter8,jump,seed12,32,46470.242424242424
hpmcounter8,jump,seed12,33,46761.88484848485
hpmcounter8,jump,seed12,34,46991.29090909091
hpmcounter8,jump,seed12,35,47440.36363636364
hpmcounter8,jump,seed12,36,48037.93939393939
hpmcounter8,jump,seed12,37,48445.10303030303
hpmcounter8,jump,seed12,38,48660.121212121216
hpmcounter8,jump,seed12,39,48684.74545454545
hpmcounter8,jump,seed12,40,48816.236363636366
hpmcounter8,jump,seed12,41,48975.27272727273
hpmcounter8,jump,seed12,42,49092.66060606061
hpmcounter8,jump,seed12,43,49187.2
hpmcounter8,jump,seed12,44,48973.09696969697
hpmcounter8,jump,seed12,45,49071.82424242424
hpmcounter8,jump,seed12,46,49480.375757575755
hpmcounter8,jump,seed12,47,49855.92121212121
hpmcounter8,jump,seed12,48,49857.1696969697
hpmcounter8,jump,seed12,49,49475.41818181818
hpmcounter8,jump,seed12,50,49065.10909090909
hpmcounter8,jump,seed12,51,48968.33939393939
hpmcounter8,jump,seed12,52,49186.33939393939
hpmcounter8,jump,seed12,53,49371.50303030303
hpmcounter8,jump,seed12,54,49185.545454545456
hpmcounter8,jump,seed12,55,48967.11515151515
hpmcounter8,jump,seed12,56,48776.163636363635
hpmcounter8,jump,seed12,57,48686.48484848485
hpmcounter8,jump,seed12,58,48410.13333333333
hpmcounter8,jump,seed12,59,47947.05454545454
hpmcounter8,jump,seed12,60,47292.73333333333
hpmcounter8,jump,seed12,61,46793.260606060605
hpmcounter8,jump,seed12,62,46512.52121212121
hpmcounter8,jump,seed12,63,46510.77575757576
hpmcounter8,jump,seed12,64,46501.763636363634
hpmcounter8,jump,seed12,65,46494.236363636366
hpmcounter8,jump,seed12,66,46486.454545454544
hpmcounter8,jump,seed12,67,46480.3696969697
hpmcounter8,jump,seed12,68,46469.94545454546
hpmcounter8,jump,seed12,69,46461.666666666664
hpmcounter8,jump,seed12,70,46458.82424242424
hpmcounter8,jump,seed12,71,46463.781818181815
hpmcounter8,jump,seed12,72,46466.50303030303
hpmcounter8,jump,seed12,73,46474.163636363635
hpmcounter8,jump,seed12,74,46475.91515151515
hpmcounter8,jump,seed12,75,46480.6
hpmcounter8,jump,seed12,76,46494.430303030305
hpmcounter8,jump,seed12,77,46508.854545454546
hpmcounter8,jump,seed12,78,46507.04242424243
hpmcounter8,jump,seed12,79,46498.33939393939
hpmcounter8,jump,seed12,80,46485.13333333333
hpmcounter8,jump,seed12,81,46478.242424242424
hpmcounter8,jump,seed12,82,46467.96363636364
hpmcounter8,jump,seed12,83,46459.43636363636
hpmcounter8,jump,seed12,84,46450.430303030305
hpmcounter8,jump,seed12,85,46441.15757575758
hpmcounter8,jump,seed12,86,46436.30303030303
hpmcounter8,jump,seed12,87,46442.78787878788
hpmcounter8,jump,seed12,88,46442.145454545454
hpmcounter8,jump,seed12,89,46445.024242424246
hpmcounter8,jump,seed12,90,46450.569696969695
hpmcounter8,jump,seed12,91,46462.92727272727
hpmcounter8,jump,seed12,92,46478.15757575758
hpmcounter8,jump,seed12,93,46494.99393939394
hpmcounter8,jump,seed12,94,46516.04242424243
hpmcounter8,jump,seed12,95,46530.78787878788
hpmcounter8,jump,seed12,96,46536.51515151515
hpmcounter8,jump,seed12,97,46544.40606060606
hpmcounter8,jump,seed12,98,46541.666666666664
hpmcounter8,jump,seed12,99,46529.0
hpmcounter8,jump,seed12,100,46517.10303030303
hpmcounter8,jump,seed12,101,46505.00606060606
hpmcounter8,jump,seed12,102,46494.77575757576
hpmcounter8,jump,seed12,103,46489.18787878788
hpmcounter8,jump,seed12,104,46488.96363636364
hpmcounter8,jump,seed12,105,46487.260606060605
hpmcounter8,jump,seed12,106,46487.53939393939
hpmcounter8,jump,seed12,107,46502.242424242424
hpmcounter8,jump,seed12,108,46510.18787878788
hpmcounter8,jump,seed12,109,46511.46666666667
hpmcounter8,jump,seed12,110,46509.763636363634
hpmcounter8,jump,seed12,111,46508.35151515152
hpmcounter8,jump,seed12,112,46500.472727272725
hpmcounter8,jump,seed12,113,46497.181818181816
hpmcounter8,jump,seed12,114,46491.92121212121
hpmcounter8,jump,seed12,115,46484.61212121212
hpmcounter8,jump,seed12,116,46475.53333333333
hpmcounter8,jump,seed12,117,46471.48484848485
hpmcounter8,jump,seed12,118,46471.545454545456
hpmcounter8,jump,seed12,119,46469.52121212121
hpmcounter8,jump,seed12,120,46466.07878787879
hpmcounter8,jump,seed12,121,46463.69696969697
hpmcounter8,jump,seed12,122,46456.472727272725
hpmcounter8,jump,seed12,123,46453.67272727273
hpmcounter8,jump,seed12,124,46451.71515151515
hpmcounter8,jump,seed12,125,46456.260606060605
hpmcounter8,jump,seed12,126,46455.52121212121
hpmcounter8,jump,seed12,127,46448.818181818184
hpmcounter8,jump,seed12,128,46451.72727272727
hpmcounter8,jump,seed12,129,46460.01212121212
hpmcounter8,jump,seed12,130,46470.30909090909
hpmcounter8,jump,seed12,131,46474.721212121214
hpmcounter8,jump,seed12,132,46484.412121212124
hpmcounter8,jump,seed12,133,46494.1393939394
hpmcounter8,jump,seed12,134,46496.757575757576
hpmcounter8,jump,seed12,135,46502.15757575758
hpmcounter8,jump,seed12,136,46504.78787878788
hpmcounter8,jump,seed12,137,46508.30909090909
hpmcounter8,jump,seed12,138,46508.93939393939
hpmcounter8,jump,seed12,139,46509.551515151514
hpmcounter8,jump,seed12,140,46507.278787878786
hpmcounter8,jump,seed12,141,46501.12727272727
hpmcounter8,jump,seed12,142,46498.15151515151
hpmcounter8,jump,seed12,143,46495.490909090906
hpmcounter8,jump,seed12,144,46483.739393939395
hpmcounter8,jump,seed12,145,46473.12727272727
hpmcounter8,jump,seed12,146,46467.47878787879
hpmcounter8,jump,seed12,147,46471.32727272727
hpmcounter8,jump,seed12,148,46476.412121212124
hpmcounter8,jump,seed12,149,46478.08484848485
hpmcounter8,jump,seed12,150,46473.46060606061
hpmcounter8,jump,seed12,151,46754.44242424242
hpmcounter8,jump,seed12,152,47247.79393939394
hpmcounter8,jump,seed12,153,47896.10303030303
hpmcounter8,jump,seed12,154,48642.07878787879
hpmcounter8,jump,seed12,155,49420.17575757576
hpmcounter8,jump,seed12,156,50178.95757575757
hpmcounter8,jump,seed12,157,50854.72727272727
hpmcounter8,jump,seed12,158,51373.17575757576
hpmcounter8,jump,seed12,159,51670.430303030305
hpmcounter8,jump,seed12,160,51679.15151515151
hpmcounter8,jump,seed12,161,51681.26666666667
hpmcounter8,jump,seed12,162,51675.666666666664
hpmcounter8,jump,seed12,163,51668.84242424242
hpmcounter8,jump,seed12,164,51661.70909090909
hpmcounter8,jump,seed12,165,51653.92727272727
hpmcounter8,jump,seed12,166,51650.21212121212
hpmcounter8,jump,seed12,167,51656.46666666667
hpmcounter8,jump,seed12,168,51655.545454545456
hpmcounter8,jump,seed12,169,51656.721212121214
hpmcounter8,jump,seed12,170,51658.8303030303
hpmcounter8,jump,seed12,171,51660.2303030303
hpmcounter8,jump,seed12,172,51664.854545454546
hpmcounter8,jump,seed12,173,51392.89696969697
hpmcounter8,jump,seed12,174,50901.56363636364
hpmcounter8,jump,seed12,175,50256.22424242424
hpmcounter8,jump,seed12,176,49516.53939393939
hpmcounter8,jump,seed12,177,48742.09090909091
hpmcounter8,jump,seed12,178,47983.49696969697
hpmcounter8,jump,seed12,179,47315.86666666667
hpmcounter8,jump,seed12,180,46800.49696969697
hpmcounter8,jump,seed12,181,46507.7696969697
hpmcounter8,jump,seed12,182,46492.22424242424
hpmcounter8,jump,seed12,183,46477.96363636364
hpmcounter8,jump,seed12,184,46464.163636363635
hpmcounter8,jump,seed12,185,46460.21212121212
hpmcounter8,jump,seed12,186,46460.84848484849
hpmcounter8,jump,seed12,187,46463.527272727275
hpmcounter8,jump,seed12,188,46464.278787878786
hpmcounter8,jump,seed12,189,46468.1696969697
hpmcounter8,jump,seed12,190,46473.25454545455
hpmcounter8,jump,seed12,191,46481.06060606061
hpmcounter8,jump,seed12,192,46480.278787878786
hpmcounter8,jump,seed12,193,46479.878787878784
hpmcounter8,jump,seed12,194,46471.59393939394
hpmcounter8,jump,seed12,195,46467.8
hpmcounter8,jump,seed12,196,46467.242424242424
hpmcounter8,jump,seed12,197,46468.030303030304
hpmcounter8,jump,seed12,198,46473.55757575758
hpmcounter8,jump,seed12,199,46479.36363636364
hpmcounter8,jump,seed12,200,46484.27272727273
hpmcounter8,jump,seed12,201,46485.67272727273
hpmcounter8,jump,seed12,202,46484.52121212121
hpmcounter8,jump,seed12,203,46486.07272727273
hpmcounter8,jump,seed12,204,46482.89696969697
hpmcounter8,jump,seed12,205,46477.73333333333
hpmcounter8,jump,seed12,206,46477.72727272727
hpmcounter8,jump,seed12,207,46473.26666666667
hpmcounter8,jump,seed12,208,46474.87272727273
hpmcounter8,jump,seed12,209,46477.6
hpmcounter8,jump,seed12,210,46478.066666666666
hpmcounter8,jump,seed12,211,46481.61212121212
hpmcounter8,jump,seed12,212,46483.545454545456
hpmcounter8,jump,seed12,213,46486.19393939394
hpmcounter8,jump,seed12,214,46492.25454545455
hpmcounter8,jump,seed12,215,46497.01818181818
hpmcounter8,jump,seed12,216,46507.01212121212
hpmcounter8,jump,seed12,217,46510.29090909091
hpmcounter8,jump,seed12,218,46517.41818181818
hpmcounter8,jump,seed12,219,46519.94545454546
hpmcounter8,jump,seed12,220,46517.145454545454
hpmcounter8,jump,seed12,221,46517.739393939395
hpmcounter8,jump,seed12,222,46514.64848484848
hpmcounter8,jump,seed12,223,46511.4
hpmcounter8,jump,seed12,224,46788.49696969697
hpmcounter8,jump,seed12,225,47288.33939393939
hpmcounter8,jump,seed12,226,47947.51515151515
hpmcounter8,jump,seed12,227,48700.40606060606
hpmcounter8,jump,seed12,228,49493.17575757576
hpmcounter8,jump,seed12,229,50251.40606060606
hpmcounter8,jump,seed12,230,50912.69696969697
hpmcounter8,jump,seed12,231,51414.56363636364
hpmcounter8,jump,seed12,232,51697.74545454545
hpmcounter8,jump,seed12,233,51415.22424242424
hpmcounter8,jump,seed12,234,50911.315151515155
hpmcounter8,jump,seed12,235,50251.030303030304
hpmcounter8,jump,seed12,236,49492.2
hpmcounter8,jump,seed12,237,48703.393939393936
hpmcounter8,jump,seed12,238,47945.80606060606
hpmcounter8,jump,seed12,239,47284.55757575758
hpmcounter8,jump,seed12,240,46778.92121212121
hpmcounter8,jump,seed12,241,46491.92727272727
hpmcounter8,jump,seed12,242,46489.624242424245
hpmcounter8,jump,seed12,243,46487.09090909091
hpmcounter8,jump,seed12,244,46488.10303030303
hpmcounter8,jump,seed12,245,46485.52121212121
hpmcounter8,jump,seed12,246,46478.38181818182
hpmcounter8,jump,seed12,247,46475.1696969697
hpmcounter8,jump,seed12,248,46462.642424242425
hpmcounter8,jump,seed12,249,46450.975757575754
hpmcounter8,jump,seed12,250,46443.70303030303
hpmcounter8,jump,seed12,251,46439.642424242425
hpmcounter8,jump,seed12,252,46436.70909090909
hpmcounter8,jump,seed12,253,46439.684848484845
hpmcounter8,jump,seed12,254,46443.90303030303
hpmcounter8,jump,seed12,255,46449.28484848485
hpmcounter8,jump,seed12,256,46458.145454545454
hpmcounter8,jump,seed12,257,46467.454545454544
hpmcounter8,jump,seed12,258,46474.96363636364
hpmcounter8,jump,seed12,259,46481.01212121212
hpmcounter8,jump,seed12,260,46482.430303030305
hpmcounter8,jump,seed12,261,46483.03636363636
hpmcounter8,jump,seed12,262,46477.878787878784
hpmcounter8,jump,seed12,263,46474.86666666667
hpmcounter8,jump,seed12,264,46469.13333333333
hpmcounter8,jump,seed12,265,46458.6
hpmcounter8,jump,seed12,266,46453.25454545455
hpmcounter8,jump,seed12,267,46444.29090909091
hpmcounter8,jump,seed12,268,46446.684848484845
hpmcounter8,jump,seed12,269,46449.236363636366
hpmcounter8,jump,seed12,270,46446.448484848486
hpmcounter8,jump,seed12,271,46444.13333333333
hpmcounter8,jump,seed12,272,46432.975757575754
hpmcounter8,jump,seed12,273,46430.357575757575
hpmcounter8,jump,seed12,274,46427.58181818182
hpmcounter8,jump,seed12,275,46704.2
hpmcounter8,jump,seed12,276,47206.606060606064
hpmcounter8,jump,seed12,277,47868.43636363636
hpmcounter8,jump,seed12,278,48631.64848484848
hpmcounter8,jump,seed12,279,49427.52121212121
hpmcounter8,jump,seed12,280,49913.70909090909
hpmcounter8,jump,seed12,281,50087.509090909094
hpmcounter8,jump,seed12,282,49932.81212121212
hpmcounter8,jump,seed12,283,49464.07878787879
hpmcounter8,jump,seed12,284,48680.96363636364
hpmcounter8,jump,seed12,285,47929.32727272727
hpmcounter8,jump,seed12,286,47272.01212121212
hpmcounter8,jump,seed12,287,46769.375757575755
hpmcounter8,jump,seed12,288,46488.32727272727
hpmcounter8,jump,seed12,289,46494.53939393939
hpmcounter8,jump,seed12,290,46502.73333333333
hpmcounter8,jump,seed12,291,46511.53333333333
hpmcounter8,jump,seed12,292,46511.67878787879
hpmcounter8,jump,seed12,293,46508.40606060606
hpmcounter8,jump,seed12,294,46502.70303030303
hpmcounter8,jump,seed12,295,46502.0
hpmcounter8,jump,seed12,296,46498.24848484848
hpmcounter8,jump,seed12,297,46492.6303030303
hpmcounter8,jump,seed12,298,46497.30303030303
hpmcounter8,jump,seed13,9,46497.41818181818
hpmcounter8,jump,seed13,10,46494.15757575758
hpmcounter8,jump,seed13,11,46492.75151515152
hpmcounter8,jump,seed13,12,46496.28484848485
hpmcounter8,jump,seed13,13,46495.490909090906
hpmcounter8,jump,seed13,14,46501.07878787879
hpmcounter8,jump,seed13,15,46503.448484848486
hpmcounter8,jump,seed13,16,46504.684848484845
hpmcounter8,jump,seed13,17,46500.28484848485
hpmcounter8,jump,seed13,18,46501.35151515152
hpmcounter8,jump,seed13,19,46507.10303030303
hpmcounter8,jump,seed13,20,46508.43636363636
hpmcounter8,jump,seed13,21,46505.90303030303
hpmcounter8,jump,seed13,22,46504.28484848485
hpmcounter8,jump,seed13,23,46501.12727272727
hpmcounter8,jump,seed13,24,46505.06060606061
hpmcounter8,jump,seed13,25,46503.6
hpmcounter8,jump,seed13,26,46495.757575757576
hpmcounter8,jump,seed13,27,46488.781818181815
hpmcounter8,jump,seed13,28,46480.25454545455
hpmcounter8,jump,seed13,29,46481.6
hpmcounter8,jump,seed13,30,46487.8606060606
hpmcounter8,jump,seed13,31,46494.38787878788
hpmcounter8,jump,seed13,32,46491.3696969697
hpmcounter8,jump,seed13,33,46493.61212121212
hpmcounter8,jump,seed13,34,46497.09696969697
hpmcounter8,jump,seed13,35,46494.15757575758
hpmcounter8,jump,seed13,36,46485.2
hpmcounter8,jump,seed13,37,46479.48484848485
hpmcounter8,jump,seed13,38,46472.01818181818
hpmcounter8,jump,seed13,39,46467.454545454544
hpmcounter8,jump,seed13,40,46471.91515151515
hpmcounter8,jump,seed13,41,46481.32121212121
hpmcounter8,jump,seed13,42,46487.739393939395
hpmcounter8,jump,seed13,43,46498.91515151515
hpmcounter8,jump,seed13,44,46510.87272727273
hpmcounter8,jump,seed13,45,46514.99393939394
hpmcounter8,jump,seed13,46,46516.181818181816
hpmcounter8,jump,seed13,47,46518.10909090909
hpmcounter8,jump,seed13,48,46516.61212121212
hpmcounter8,jump,seed13,49,46512.545454545456
hpmcounter8,jump,seed13,50,46511.26666666667
hpmcounter8,jump,seed13,51,46511.624242424245
hpmcounter8,jump,seed13,52,46510.642424242425
hpmcounter8,jump,seed13,53,46508.27272727273
hpmcounter8,jump,seed13,54,46506.90909090909
hpmcounter8,jump,seed13,55,46507.12727272727
hpmcounter8,jump,seed13,56,46506.64848484848
hpmcounter8,jump,seed13,57,46508.90303030303
hpmcounter8,jump,seed13,58,46509.70909090909
hpmcounter8,jump,seed13,59,46506.92121212121
hpmcounter8,jump,seed13,60,46504.393939393936
hpmcounter8,jump,seed13,61,46506.46060606061
hpmcounter8,jump,seed13,62,46788.34545454545
hpmcounter8,jump,seed13,63,47005.99393939394
hpmcounter8,jump,seed13,64,47163.969696969696
hpmcounter8,jump,seed13,65,47264.19393939394
hpmcounter8,jump,seed13,66,47301.3696969697
hpmcounter8,jump,seed13,67,47268.587878787876
hpmcounter8,jump,seed13,68,47167.70303030303
hpmcounter8,jump,seed13,69,47000.26666666667
hpmcounter8,jump,seed13,70,46767.551515151514
hpmcounter8,jump,seed13,71,46467.0
hpmcounter8,jump,seed13,72,46447.42424242424
hpmcounter8,jump,seed13,73,46433.375757575755
hpmcounter8,jump,seed13,74,46430.430303030305
hpmcounter8,jump,seed13,75,46432.69090909091
hpmcounter8,jump,seed13,76,46442.666666666664
hpmcounter8,jump,seed13,77,46454.757575757576
hpmcounter8,jump,seed13,78,46470.30909090909
hpmcounter8,jump,seed13,79,46482.1393939394
hpmcounter8,jump,seed13,80,46504.854545454546
hpmcounter8,jump,seed13,81,46516.763636363634
hpmcounter8,jump,seed13,82,46516.94545454546
hpmcounter8,jump,seed13,83,46511.22424242424
hpmcounter8,jump,seed13,84,46509.242424242424
hpmcounter8,jump,seed13,85,46499.18787878788
hpmcounter8,jump,seed13,86,46492.74545454545
hpmcounter8,jump,seed13,87,46483.430303030305
hpmcounter8,jump,seed13,88,46480.82424242424
hpmcounter8,jump,seed13,89,46474.6303030303
hpmcounter8,jump,seed13,90,46479.527272727275
hpmcounter8,jump,seed13,91,46482.46666666667
hpmcounter8,jump,seed13,92,46480.67878787879
hpmcounter8,jump,seed13,93,46479.87272727273
hpmcounter8,jump,seed13,94,46480.84242424242
hpmcounter8,jump,seed13,95,46476.024242424246
hpmcounter8,jump,seed13,96,46477.09090909091
hpmcounter8,jump,seed13,97,46474.818181818184
hpmcounter8,jump,seed13,98,46473.975757575754
hpmcounter8,jump,seed13,99,46472.048484848485
hpmcounter8,jump,seed13,100,46473.20606060606
hpmcounter8,jump,seed13,101,46476.51515151515
hpmcounter8,jump,seed13,102,46478.50303030303
hpmcounter8,jump,seed13,103,46482.684848484845
hpmcounter8,jump,seed13,104,46486.818181818184
hpmcounter8,jump,seed13,105,46480.242424242424
hpmcounter8,jump,seed13,106,46475.24848484848
hpmcounter8,jump,seed13,107,46472.1393939394
hpmcounter8,jump,seed13,108,46464.89696969697
hpmcounter8,jump,seed13,109,46460.951515151515
hpmcounter8,jump,seed13,110,46460.67878787879
hpmcounter8,jump,seed13,111,46466.836363636365
hpmcounter8,jump,seed13,112,46467.91515151515
hpmcounter8,jump,seed13,113,46477.545454545456
hpmcounter8,jump,seed13,114,46488.969696969696
hpmcounter8,jump,seed13,115,46492.38787878788
hpmcounter8,jump,seed13,116,46497.80606060606
hpmcounter8,jump,seed13,117,46505.00606060606
hpmcounter8,jump,seed13,118,46509.03636363636
hpmcounter8,jump,seed13,119,46513.315151515155
hpmcounter8,jump,seed13,120,46521.26666666667
hpmcounter8,jump,seed13,121,46525.1696969697
hpmcounter8,jump,seed13,122,46515.8303030303
hpmcounter8,jump,seed13,123,46509.4
hpmcounter8,jump,seed13,124,46499.78787878788
hpmcounter8,jump,seed13,125,46489.38787878788
hpmcounter8,jump,seed13,126,46483.30303030303
hpmcounter8,jump,seed13,127,46482.84848484849
hpmcounter8,jump,seed13,128,46480.61818181818
hpmcounter8,jump,seed13,129,46478.448484848486
hpmcounter8,jump,seed13,130,46479.472727272725
hpmcounter8,jump,seed13,131,46479.96363636364
hpmcounter8,jump,seed13,132,46475.30303030303
hpmcounter8,jump,seed13,133,46470.35151515152
hpmcounter8,jump,seed13,134,46468.11515151515
hpmcounter8,jump,seed13,135,46468.4
hpmcounter8,jump,seed13,136,46469.472727272725
hpmcounter8,jump,seed13,137,46469.66060606061
hpmcounter8,jump,seed13,138,46466.181818181816
hpmcounter8,jump,seed13,139,46467.739393939395
hpmcounter8,jump,seed13,140,46469.6
hpmcounter8,jump,seed13,141,46469.20606060606
hpmcounter8,jump,seed13,142,46458.969696969696
hpmcounter8,jump,seed13,143,46451.684848484845
hpmcounter8,jump,seed13,144,46450.4
hpmcounter8,jump,seed13,145,46459.41818181818
hpmcounter8,jump,seed13,146,46465.86666666667
hpmcounter8,jump,seed13,147,46468.2
hpmcounter8,jump,seed13,148,46464.44242424242
hpmcounter8,jump,seed13,149,46463.52121212121
hpmcounter8,jump,seed13,150,46467.07272727273
hpmcounter8,jump,seed13,151,46750.836363636365
hpmcounter8,jump,seed13,152,47243.757575757576
hpmcounter8,jump,seed13,153,47898.96363636364
hpmcounter8,jump,seed13,154,48649.92727272727
hpmcounter8,jump,seed13,155,49442.048484848485
hpmcounter8,jump,seed13,156,50206.46666666667
hpmcounter8,jump,seed13,157,50882.1393939394
hpmcounter8,jump,seed13,158,51397.43636363636
hpmcounter8,jump,seed13,159,51689.61818181818
hpmcounter8,jump,seed13,160,51696.89090909091
hpmcounter8,jump,seed13,161,51696.315151515155
hpmcounter8,jump,seed13,162,51687.93939393939
hpmcounter8,jump,seed13,163,51678.75151515152
hpmcounter8,jump,seed13,164,51668.79393939394
hpmcounter8,jump,seed13,165,51660.46060606061
hpmcounter8,jump,seed13,166,51654.36363636364
hpmcounter8,jump,seed13,167,51651.448484848486
hpmcounter8,jump,seed13,168,51655.84242424242
hpmcounter8,jump,seed13,169,51662.472727272725
hpmcounter8,jump,seed13,170,51669.48484848485
hpmcounter8,jump,seed13,171,51669.47878787879
hpmcounter8,jump,seed13,172,51667.26666666667
hpmcounter8,jump,seed13,173,51380.836363636365
hpmcounter8,jump,seed13,174,50881.278787878786
hpmcounter8,jump,seed13,175,50221.527272727275
hpmcounter8,jump,seed13,176,49467.49696969697
hpmcounter8,jump,seed13,177,48677.236363636366
hpmcounter8,jump,seed13,178,48207.10303030303
hpmcounter8,jump,seed13,179,48053.30303030303
hpmcounter8,jump,seed13,180,47924.56363636364
hpmcounter8,jump,seed13,181,47894.57575757576
hpmcounter8,jump,seed13,182,48018.7696969697
hpmcounter8,jump,seed13,183,48014.86666666667
hpmcounter8,jump,seed13,184,47894.07272727273
hpmcounter8,jump,seed13,185,47640.67878787879
hpmcounter8,jump,seed13,186,47265.551515151514
hpmcounter8,jump,seed13,187,46765.6
hpmcounter8,jump,seed13,188,46490.04242424243
hpmcounter8,jump,seed13,189,46495.61818181818
hpmcounter8,jump,seed13,190,46492.30909090909
hpmcounter8,jump,seed13,191,46494.99393939394
hpmcounter8,jump,seed13,192,46495.08484848485
hpmcounter8,jump,seed13,193,46488.99393939394
hpmcounter8,jump,seed13,194,46482.05454545454
hpmcounter8,jump,seed13,195,46476.375757575755
hpmcounter8,jump,seed13,196,46471.73333333333
hpmcounter8,jump,seed13,197,46467.98181818182
hpmcounter8,jump,seed13,198,46462.69090909091
hpmcounter8,jump,seed13,199,46468.527272727275
hpmcounter8,jump,seed13,200,46472.551515151514
hpmcounter8,jump,seed13,201,46483.17575757576
hpmcounter8,jump,seed13,202,46491.315151515155
hpmcounter8,jump,seed13,203,46499.06060606061
hpmcounter8,jump,seed13,204,46503.12727272727
hpmcounter8,jump,seed13,205,46513.684848484845
hpmcounter8,jump,seed13,206,46526.781818181815
hpmcounter8,jump,seed13,207,46528.01818181818
hpmcounter8,jump,seed13,208,46514.92727272727
hpmcounter8,jump,seed13,209,46511.63636363636
hpmcounter8,jump,seed13,210,46507.836363636365
hpmcounter8,jump,seed13,211,46505.05454545454
hpmcounter8,jump,seed13,212,46501.63636363636
hpmcounter8,jump,seed13,213,46499.933333333334
hpmcounter8,jump,seed13,214,46497.09090909091
hpmcounter8,jump,seed13,215,46494.81212121212
hpmcounter8,jump,seed13,216,46502.03636363636
hpmcounter8,jump,seed13,217,46507.6303030303
hpmcounter8,jump,seed13,218,46507.30303030303
hpmcounter8,jump,seed13,219,46510.61818181818
hpmcounter8,jump,seed13,220,46516.72727272727
hpmcounter8,jump,seed13,221,46518.8303030303
hpmcounter8,jump,seed13,222,46517.642424242425
hpmcounter8,jump,seed13,223,46511.80606060606
hpmcounter8,jump,seed13,224,46502.07272727273
hpmcounter8,jump,seed13,225,46489.30303030303
hpmcounter8,jump,seed13,226,46474.47878787879
hpmcounter8,jump,seed13,227,46465.07272727273
hpmcounter8,jump,seed13,228,46451.29090909091
hpmcounter8,jump,seed13,229,46449.509090909094
hpmcounter8,jump,seed13,230,46452.69696969697
hpmcounter8,jump,seed13,231,46459.412121212124
hpmcounter8,jump,seed13,232,46469.048484848485
hpmcounter8,jump,seed13,233,46478.74545454545
hpmcounter8,jump,seed13,234,46494.969696969696
hpmcounter8,jump,seed13,235,46509.67272727273
hpmcounter8,jump,seed13,236,46517.01212121212
hpmcounter8,jump,seed13,237,46521.78787878788
hpmcounter8,jump,seed13,238,46515.38181818182
hpmcounter8,jump,seed13,239,46510.57575757576
hpmcounter8,jump,seed13,240,46505.757575757576
hpmcounter8,jump,seed13,241,46494.024242424246
hpmcounter8,jump,seed13,242,46481.43636363636
hpmcounter8,jump,seed13,243,46472.18787878788
hpmcounter8,jump,seed13,244,46473.20606060606
hpmcounter8,jump,seed13,245,46476.8303030303
hpmcounter8,jump,seed13,246,46479.4
hpmcounter8,jump,seed13,247,46486.35151515152
hpmcounter8,jump,seed13,248,46488.70303030303
hpmcounter8,jump,seed13,249,46493.35151515152
hpmcounter8,jump,seed13,250,46499.41818181818
hpmcounter8,jump,seed13,251,46507.13333333333
hpmcounter8,jump,seed13,252,46509.77575757576
hpmcounter8,jump,seed13,253,46506.95757575757
hpmcounter8,jump,seed13,254,46497.260606060605
hpmcounter8,jump,seed13,255,46488.98787878788
hpmcounter8,jump,seed13,256,46484.1696969697
hpmcounter8,jump,seed13,257,46484.739393939395
hpmcounter8,jump,seed13,258,46479.84242424242
hpmcounter8,jump,seed13,259,46472.739393939395
hpmcounter8,jump,seed13,260,46466.08484848485
hpmcounter8,jump,seed13,261,46470.41818181818
hpmcounter8,jump,seed13,262,46479.666666666664
hpmcounter8,jump,seed13,263,46486.836363636365
hpmcounter8,jump,seed13,264,46485.92727272727
hpmcounter8,jump,seed13,265,46483.47878787879
hpmcounter8,jump,seed13,266,46490.763636363634
hpmcounter8,jump,seed13,267,46503.242424242424
hpmcounter8,jump,seed13,268,46516.6
hpmcounter8,jump,seed13,269,46521.72727272727
hpmcounter8,jump,seed13,270,46518.07272727273
hpmcounter8,jump,seed13,271,46511.333333333336
hpmcounter8,jump,seed13,272,46507.26666666667
hpmcounter8,jump,seed13,273,46497.27272727273
hpmcounter8,jump,seed13,274,46487.975757575754
hpmcounter8,jump,seed13,275,46475.20606060606
hpmcounter8,jump,seed13,276,46465.545454545456
hpmcounter8,jump,seed13,277,46459.642424242425
hpmcounter8,jump,seed13,278,46462.06060606061
hpmcounter8,jump,seed13,279,46467.163636363635
hpmcounter8,jump,seed13,280,46470.393939393936
hpmcounter8,jump,seed13,281,46472.81212121212
hpmcounter8,jump,seed13,282,46472.218181818185
hpmcounter8,jump,seed13,283,46466.69090909091
hpmcounter8,jump,seed13,284,46462.8303030303
hpmcounter8,jump,seed13,285,46456.73333333333
hpmcounter8,jump,seed13,286,46448.05454545454
hpmcounter8,jump,seed13,287,46440.606060606064
hpmcounter8,jump,seed13,288,46437.29090909091
hpmcounter8,jump,seed13,289,46436.89090909091
hpmcounter8,jump,seed13,290,46440.569696969695
hpmcounter8,jump,seed13,291,46448.163636363635
hpmcounter8,jump,seed13,292,46450.545454545456
hpmcounter8,jump,seed13,293,46456.0
hpmcounter8,jump,seed13,294,46457.6
hpmcounter8,jump,seed13,295,46455.527272727275
hpmcounter8,jump,seed13,296,46447.90909090909
hpmcounter8,jump,seed13,297,46440.684848484845
hpmcounter8,jump,seed13,298,46722.10303030303
hpmcounter8,jump,seed14,9,46503.42424242424
hpmcounter8,jump,seed14,10,46499.57575757576
hpmcounter8,jump,seed14,11,46493.93939393939
hpmcounter8,jump,seed14,12,46493.77575757576
hpmcounter8,jump,seed14,13,46488.03636363636
hpmcounter8,jump,seed14,14,46487.47878787879
hpmcounter8,jump,seed14,15,46489.36363636364
hpmcounter8,jump,seed14,16,46495.21212121212
hpmcounter8,jump,seed14,17,46498.28484848485
hpmcounter8,jump,seed14,18,46505.163636363635
hpmcounter8,jump,seed14,19,46517.472727272725
hpmcounter8,jump,seed14,20,46525.90909090909
hpmcounter8,jump,seed14,21,46527.46666666667
hpmcounter8,jump,seed14,22,46528.30303030303
hpmcounter8,jump,seed14,23,46517.91515151515
hpmcounter8,jump,seed14,24,46506.448484848486
hpmcounter8,jump,seed14,25,46493.72727272727
hpmcounter8,jump,seed14,26,46476.94545454546
hpmcounter8,jump,seed14,27,46462.975757575754
hpmcounter8,jump,seed14,28,46450.04242424243
hpmcounter8,jump,seed14,29,46449.0
hpmcounter8,jump,seed14,30,46458.55757575758
hpmcounter8,jump,seed14,31,46467.854545454546
hpmcounter8,jump,seed14,32,46472.739393939395
hpmcounter8,jump,seed14,33,46478.0
hpmcounter8,jump,seed14,34,46480.6
hpmcounter8,jump,seed14,35,46480.00606060606
hpmcounter8,jump,seed14,36,46470.74545454545
hpmcounter8,jump,seed14,37,46461.739393939395
hpmcounter8,jump,seed14,38,46451.28484848485
hpmcounter8,jump,seed14,39,46445.448484848486
hpmcounter8,jump,seed14,40,46450.69090909091
hpmcounter8,jump,seed14,41,46461.67272727273
hpmcounter8,jump,seed14,42,46469.33939393939
hpmcounter8,jump,seed14,43,46485.763636363634
hpmcounter8,jump,seed14,44,46499.27272727273
hpmcounter8,jump,seed14,45,46509.29696969697
hpmcounter8,jump,seed14,46,46514.490909090906
hpmcounter8,jump,seed14,47,46519.59393939394
hpmcounter8,jump,seed14,48,46520.99393939394
hpmcounter8,jump,seed14,49,46520.32121212121
hpmcounter8,jump,seed14,50,46523.721212121214
hpmcounter8,jump,seed14,51,46534.854545454546
hpmcounter8,jump,seed14,52,46541.6303030303
hpmcounter8,jump,seed14,53,46551.59393939394
hpmcounter8,jump,seed14,54,46556.29090909091
hpmcounter8,jump,seed14,55,46554.666666666664
hpmcounter8,jump,seed14,56,46547.55757575758
hpmcounter8,jump,seed14,57,46539.80606060606
hpmcounter8,jump,seed14,58,46530.87272727273
hpmcounter8,jump,seed14,59,46521.78787878788
hpmcounter8,jump,seed14,60,46511.6
hpmcounter8,jump,seed14,61,46509.96363636364
hpmcounter8,jump,seed14,62,46504.51515151515
hpmcounter8,jump,seed14,63,46501.15757575758
hpmcounter8,jump,seed14,64,46505.781818181815
hpmcounter8,jump,seed14,65,46505.472727272725
hpmcounter8,jump,seed14,66,46498.975757575754
hpmcounter8,jump,seed14,67,46774.18787878788
hpmcounter8,jump,seed14,68,47268.12727272727
hpmcounter8,jump,seed14,69,47923.42424242424
hpmcounter8,jump,seed14,70,48673.951515151515
hpmcounter8,jump,seed14,71,49174.57575757576
hpmcounter8,jump,seed14,72,49700.90303030303
hpmcounter8,jump,seed14,73,49916.412121212124
hpmcounter8,jump,seed14,74,49823.44242424242
hpmcounter8,jump,seed14,75,49416.781818181815
hpmcounter8,jump,seed14,76,48696.739393939395
hpmcounter8,jump,seed14,77,48006.06060606061
hpmcounter8,jump,seed14,78,47412.10909090909
hpmcounter8,jump,seed14,79,46979.90303030303
hpmcounter8,jump,seed14,80,46768.99393939394
hpmcounter8,jump,seed14,81,46491.975757575754
hpmcounter8,jump,seed14,82,46489.551515151514
hpmcounter8,jump,seed14,83,46483.01818181818
hpmcounter8,jump,seed14,84,46475.05454545454
hpmcounter8,jump,seed14,85,46470.26666666667
hpmcounter8,jump,seed14,86,46469.84242424242
hpmcounter8,jump,seed14,87,46466.09696969697
hpmcounter8,jump,seed14,88,46472.624242424245
hpmcounter8,jump,seed14,89,46486.2303030303
hpmcounter8,jump,seed14,90,46498.242424242424
hpmcounter8,jump,seed14,91,46506.454545454544
hpmcounter8,jump,seed14,92,46511.551515151514
hpmcounter8,jump,seed14,93,46508.07878787879
hpmcounter8,jump,seed14,94,46502.315151515155
hpmcounter8,jump,seed14,95,46493.13333333333
hpmcounter8,jump,seed14,96,46486.47878787879
hpmcounter8,jump,seed14,97,46481.721212121214
hpmcounter8,jump,seed14,98,46485.66060606061
hpmcounter8,jump,seed14,99,46488.00606060606
hpmcounter8,jump,seed14,100,46487.333333333336
hpmcounter8,jump,seed14,101,46485.29696969697
hpmcounter8,jump,seed14,102,46486.44242424242
hpmcounter8,jump,seed14,103,46485.07272727273
hpmcounter8,jump,seed14,104,46487.17575757576
hpmcounter8,jump,seed14,105,46486.33939393939
hpmcounter8,jump,seed14,106,46487.10303030303
hpmcounter8,jump,seed14,107,46490.52121212121
hpmcounter8,jump,seed14,108,46496.242424242424
hpmcounter8,jump,seed14,109,46500.606060606064
hpmcounter8,jump,seed14,110,46501.81212121212
hpmcounter8,jump,seed14,111,46502.21212121212
hpmcounter8,jump,seed14,112,46498.721212121214
hpmcounter8,jump,seed14,113,46489.32727272727
hpmcounter8,jump,seed14,114,46486.01818181818
hpmcounter8,jump,seed14,115,46483.95757575757
hpmcounter8,jump,seed14,116,46479.29696969697
hpmcounter8,jump,seed14,117,46471.448484848486
hpmcounter8,jump,seed14,118,46462.71515151515
hpmcounter8,jump,seed14,119,46456.28484848485
hpmcounter8,jump,seed14,120,46460.13333333333
hpmcounter8,jump,seed14,121,46470.98181818182
hpmcounter8,jump,seed14,122,46478.024242424246
hpmcounter8,jump,seed14,123,46487.472727272725
hpmcounter8,jump,seed14,124,46495.88484848485
hpmcounter8,jump,seed14,125,46500.606060606064
hpmcounter8,jump,seed14,126,46498.3696969697
hpmcounter8,jump,seed14,127,46493.67272727273
hpmcounter8,jump,seed14,128,46488.41818181818
hpmcounter8,jump,seed14,129,46485.20606060606
hpmcounter8,jump,seed14,130,46486.66060606061
hpmcounter8,jump,seed14,131,46488.08484848485
hpmcounter8,jump,seed14,132,46485.87272727273
hpmcounter8,jump,seed14,133,46771.92727272727
hpmcounter8,jump,seed14,134,46999.90909090909
hpmcounter8,jump,seed14,135,47169.05454545454
hpmcounter8,jump,seed14,136,47262.19393939394
hpmcounter8,jump,seed14,137,47289.218181818185
hpmcounter8,jump,seed14,138,47256.03636363636
hpmcounter8,jump,seed14,139,47171.67272727273
hpmcounter8,jump,seed14,140,47020.61212121212
hpmcounter8,jump,seed14,141,46797.79393939394
hpmcounter8,jump,seed14,142,46507.6
hpmcounter8,jump,seed14,143,46494.95757575757
hpmcounter8,jump,seed14,144,46487.32121212121
hpmcounter8,jump,seed14,145,46493.81212121212
hpmcounter8,jump,seed14,146,46495.315151515155
hpmcounter8,jump,seed14,147,46497.13333333333
hpmcounter8,jump,seed14,148,46497.32121212121
hpmcounter8,jump,seed14,149,46502.73333333333
hpmcounter8,jump,seed14,150,46509.951515151515
hpmcounter8,jump,seed14,151,46797.951515151515
hpmcounter8,jump,seed14,152,47305.35151515152
hpmcounter8,jump,seed14,153,47961.12727272727
hpmcounter8,jump,seed14,154,48706.236363636366
hpmcounter8,jump,seed14,155,49489.218181818185
hpmcounter8,jump,seed14,156,50243.61818181818
hpmcounter8,jump,seed14,157,50905.84242424242
hpmcounter8,jump,seed14,158,51407.03636363636
hpmcounter8,jump,seed14,159,51684.95757575757
hpmcounter8,jump,seed14,160,51680.93939393939
hpmcounter8,jump,seed14,161,51680.6303030303
hpmcounter8,jump,seed14,162,51682.430303030305
hpmcounter8,jump,seed14,163,51681.67878787879
hpmcounter8,jump,seed14,164,51672.64848484848
hpmcounter8,jump,seed14,165,51668.30303030303
hpmcounter8,jump,seed14,166,51670.86666666667
hpmcounter8,jump,seed14,167,51673.64848484848
hpmcounter8,jump,seed14,168,51669.642424242425
hpmcounter8,jump,seed14,169,51386.61212121212
hpmcounter8,jump,seed14,170,51163.8606060606
hpmcounter8,jump,seed14,171,51005.92121212121
hpmcounter8,jump,seed14,172,50910.32727272727
hpmcounter8,jump,seed14,173,50877.13333333333
hpmcounter8,jump,seed14,174,50904.41818181818
hpmcounter8,jump,seed14,175,50707.145454545454
hpmcounter8,jump,seed14,176,50359.40606060606
hpmcounter8,jump,seed14,177,49921.15151515151
hpmcounter8,jump,seed14,178,49444.48484848485
hpmcounter8,jump,seed14,179,48658.90303030303
hpmcounter8,jump,seed14,180,47908.024242424246
hpmcounter8,jump,seed14,181,47251.32727272727
hpmcounter8,jump,seed14,182,46752.12727272727
hpmcounter8,jump,seed14,183,46469.55757575758
hpmcounter8,jump,seed14,184,46759.80606060606
hpmcounter8,jump,seed14,185,47261.67272727273
hpmcounter8,jump,seed14,186,47922.58181818182
hpmcounter8,jump,seed14,187,48679.75151515152
hpmcounter8,jump,seed14,188,49461.03636363636
hpmcounter8,jump,seed14,189,50212.66060606061
hpmcounter8,jump,seed14,190,50594.84242424242
hpmcounter8,jump,seed14,191,50597.88484848485
hpmcounter8,jump,seed14,192,50223.606060606064
hpmcounter8,jump,seed14,193,49474.2
hpmcounter8,jump,seed14,194,48701.66060606061
hpmcounter8,jump,seed14,195,47952.59393939394
hpmcounter8,jump,seed14,196,47294.90909090909
hpmcounter8,jump,seed14,197,46792.08484848485
hpmcounter8,jump,seed14,198,46502.03636363636
hpmcounter8,jump,seed14,199,46492.80606060606
hpmcounter8,jump,seed14,200,46483.42424242424
hpmcounter8,jump,seed14,201,46474.53939393939
hpmcounter8,jump,seed14,202,46467.72727272727
hpmcounter8,jump,seed14,203,46465.36363636364
hpmcounter8,jump,seed14,204,46468.59393939394
hpmcounter8,jump,seed14,205,46473.36363636364
hpmcounter8,jump,seed14,206,46475.242424242424
hpmcounter8,jump,seed14,207,46478.393939393936
hpmcounter8,jump,seed14,208,46482.236363636366
hpmcounter8,jump,seed14,209,46484.472727272725
hpmcounter8,jump,seed14,210,46479.8
hpmcounter8,jump,seed14,211,46479.42424242424
hpmcounter8,jump,seed14,212,46483.66060606061
hpmcounter8,jump,seed14,213,46488.82424242424
hpmcounter8,jump,seed14,214,46492.933333333334
hpmcounter8,jump,seed14,215,46493.17575757576
hpmcounter8,jump,seed14,216,46488.05454545454
hpmcounter8,jump,seed14,217,46483.21212121212
hpmcounter8,jump,seed14,218,46480.29090909091
hpmcounter8,jump,seed14,219,46471.98787878788
hpmcounter8,jump,seed14,220,46462.26666666667
hpmcounter8,jump,seed14,221,46458.80606060606
hpmcounter8,jump,seed14,222,46460.01818181818
hpmcounter8,jump,seed14,223,46464.642424242425
hpmcounter8,jump,seed14,224,46475.56363636364
hpmcounter8,jump,seed14,225,46479.569696969695
hpmcounter8,jump,seed14,226,46481.53939393939
hpmcounter8,jump,seed14,227,46479.26666666667
hpmcounter8,jump,seed14,228,46480.393939393936
hpmcounter8,jump,seed14,229,46476.50303030303
hpmcounter8,jump,seed14,230,46475.66060606061
hpmcounter8,jump,seed14,231,46477.27272727273
hpmcounter8,jump,seed14,232,46480.67272727273
hpmcounter8,jump,seed14,233,46484.454545454544
hpmcounter8,jump,seed14,234,46488.7696969697
hpmcounter8,jump,seed14,235,46495.36363636364
hpmcounter8,jump,seed14,236,46499.121212121216
hpmcounter8,jump,seed14,237,46502.04242424243
hpmcounter8,jump,seed14,238,46503.04242424243
hpmcounter8,jump,seed14,239,46500.77575757576
hpmcounter8,jump,seed14,240,46498.278787878786
hpmcounter8,jump,seed14,241,46492.94545454546
hpmcounter8,jump,seed14,242,46486.29090909091
hpmcounter8,jump,seed14,243,46481.412121212124
hpmcounter8,jump,seed14,244,46474.8303030303
hpmcounter8,jump,seed14,245,46473.99393939394
hpmcounter8,jump,seed14,246,46474.25454545455
hpmcounter8,jump,seed14,247,46476.40606060606
hpmcounter8,jump,seed14,248,46476.71515151515
hpmcounter8,jump,seed14,249,46477.448484848486
hpmcounter8,jump,seed14,250,46484.94545454546
hpmcounter8,jump,seed14,251,46488.89090909091
hpmcounter8,jump,seed14,252,46487.30909090909
hpmcounter8,jump,seed14,253,46489.1696969697
hpmcounter8,jump,seed14,254,46488.25454545455
hpmcounter8,jump,seed14,255,46484.27272727273
hpmcounter8,jump,seed14,256,46479.951515151515
hpmcounter8,jump,seed14,257,46475.65454545455
hpmcounter8,jump,seed14,258,46465.32121212121
hpmcounter8,jump,seed14,259,46448.739393939395
hpmcounter8,jump,seed14,260,46441.527272727275
hpmcounter8,jump,seed14,261,46437.2303030303
hpmcounter8,jump,seed14,262,46436.7696969697
hpmcounter8,jump,seed14,263,46437.09696969697
hpmcounter8,jump,seed14,264,46439.09696969697
hpmcounter8,jump,seed14,265,46436.393939393936
hpmcounter8,jump,seed14,266,46432.55757575758
hpmcounter8,jump,seed14,267,46432.569696969695
hpmcounter8,jump,seed14,268,46435.92727272727
hpmcounter8,jump,seed14,269,46438.32121212121
hpmcounter8,jump,seed14,270,46444.47878787879
hpmcounter8,jump,seed14,271,46451.65454545455
hpmcounter8,jump,seed14,272,46461.13333333333
hpmcounter8,jump,seed14,273,46469.975757575754
hpmcounter8,jump,seed14,274,46477.606060606064
hpmcounter8,jump,seed14,275,46481.642424242425
hpmcounter8,jump,seed14,276,46482.642424242425
hpmcounter8,jump,seed14,277,46473.7696969697
hpmcounter8,jump,seed14,278,46466.951515151515
hpmcounter8,jump,seed14,279,46464.64848484848
hpmcounter8,jump,seed14,280,46468.33939393939
hpmcounter8,jump,seed14,281,46477.490909090906
hpmcounter8,jump,seed14,282,46486.951515151515
hpmcounter8,jump,seed14,283,46496.70303030303
hpmcounter8,jump,seed14,284,46504.56363636364
hpmcounter8,jump,seed14,285,46510.357575757575
hpmcounter8,jump,seed14,286,46518.278787878786
hpmcounter8,jump,seed14,287,46515.8606060606
hpmcounter8,jump,seed14,288,46509.18787878788
hpmcounter8,jump,seed14,289,46502.41818181818
hpmcounter8,jump,seed14,290,46496.94545454546
hpmcounter8,jump,seed14,291,46494.94545454546
hpmcounter8,jump,seed14,292,46491.1393939394
hpmcounter8,jump,seed14,293,46491.08484848485
hpmcounter8,jump,seed14,294,46489.7696969697
hpmcounter8,jump,seed14,295,46488.315151515155
hpmcounter8,jump,seed14,296,46487.57575757576
hpmcounter8,jump,seed14,297,46485.32727272727
hpmcounter8,jump,seed14,298,46480.73333333333
hpmcounter8,jump,seed15,9,49207.0
hpmcounter8,jump,seed15,10,49568.57575757576
hpmcounter8,jump,seed15,11,49927.8
hpmcounter8,jump,seed15,12,50229.975757575754
hpmcounter8,jump,seed15,13,50394.46060606061
hpmcounter8,jump,seed15,14,50556.94545454546
hpmcounter8,jump,seed15,15,50732.8606060606
hpmcounter8,jump,seed15,16,50634.48484848485
hpmcounter8,jump,seed15,17,50339.12727272727
hpmcounter8,jump,seed15,18,49912.72727272727
hpmcounter8,jump,seed15,19,49437.38787878788
hpmcounter8,jump,seed15,20,48645.50303030303
hpmcounter8,jump,seed15,21,47889.09090909091
hpmcounter8,jump,seed15,22,47240.27272727273
hpmcounter8,jump,seed15,23,46750.44242424242
hpmcounter8,jump,seed15,24,46469.89090909091
hpmcounter8,jump,seed15,25,46472.65454545455
hpmcounter8,jump,seed15,26,46477.17575757576
hpmcounter8,jump,seed15,27,46477.781818181815
hpmcounter8,jump,seed15,28,46473.04242424243
hpmcounter8,jump,seed15,29,46476.393939393936
hpmcounter8,jump,seed15,30,46474.99393939394
hpmcounter8,jump,seed15,31,46474.98787878788
hpmcounter8,jump,seed15,32,46473.36363636364
hpmcounter8,jump,seed15,33,46471.333333333336
hpmcounter8,jump,seed15,34,46468.6
hpmcounter8,jump,seed15,35,46470.51515151515
hpmcounter8,jump,seed15,36,46476.90909090909
hpmcounter8,jump,seed15,37,46479.854545454546
hpmcounter8,jump,seed15,38,46478.412121212124
hpmcounter8,jump,seed15,39,46482.07272727273
hpmcounter8,jump,seed15,40,46478.55757575758
hpmcounter8,jump,seed15,41,46480.545454545456
hpmcounter8,jump,seed15,42,46480.6
hpmcounter8,jump,seed15,43,46473.90909090909
hpmcounter8,jump,seed15,44,46462.95757575757
hpmcounter8,jump,seed15,45,46454.454545454544
hpmcounter8,jump,seed15,46,46456.19393939394
hpmcounter8,jump,seed15,47,46458.38787878788
hpmcounter8,jump,seed15,48,46458.89090909091
hpmcounter8,jump,seed15,49,46461.61818181818
hpmcounter8,jump,seed15,50,46461.25454545455
hpmcounter8,jump,seed15,51,46467.95757575757
hpmcounter8,jump,seed15,52,46476.412121212124
hpmcounter8,jump,seed15,53,46485.375757575755
hpmcounter8,jump,seed15,54,46485.18787878788
hpmcounter8,jump,seed15,55,46484.24848484848
hpmcounter8,jump,seed15,56,46773.739393939395
hpmcounter8,jump,seed15,57,47276.77575757576
hpmcounter8,jump,seed15,58,47650.90909090909
hpmcounter8,jump,seed15,59,48180.09090909091
hpmcounter8,jump,seed15,60,48804.38787878788
hpmcounter8,jump,seed15,61,49465.86666666667
hpmcounter8,jump,seed15,62,50094.82424242424
hpmcounter8,jump,seed15,63,50635.84848484849
hpmcounter8,jump,seed15,64,50732.69090909091
hpmcounter8,jump,seed15,65,50675.27272727273
hpmcounter8,jump,seed15,66,50461.18787878788
hpmcounter8,jump,seed15,67,50148.121212121216
hpmcounter8,jump,seed15,68,49458.19393939394
hpmcounter8,jump,seed15,69,48733.1696969697
hpmcounter8,jump,seed15,70,48034.878787878784
hpmcounter8,jump,seed15,71,47437.30909090909
hpmcounter8,jump,seed15,72,46996.030303030304
hpmcounter8,jump,seed15,73,47060.527272727275
hpmcounter8,jump,seed15,74,47280.066666666666
hpmcounter8,jump,seed15,75,47652.430303030305
hpmcounter8,jump,seed15,76,47899.587878787876
hpmcounter8,jump,seed15,77,48028.65454545455
hpmcounter8,jump,seed15,78,48035.42424242424
hpmcounter8,jump,seed15,79,47915.66060606061
hpmcounter8,jump,seed15,80,47664.1696969697
hpmcounter8,jump,seed15,81,47288.41818181818
hpmcounter8,jump,seed15,82,46785.412121212124
hpmcounter8,jump,seed15,83,46507.393939393936
hpmcounter8,jump,seed15,84,46510.98181818182
hpmcounter8,jump,seed15,85,46510.00606060606
hpmcounter8,jump,seed15,86,46504.05454545454
hpmcounter8,jump,seed15,87,46506.56363636364
hpmcounter8,jump,seed15,88,46502.08484848485
hpmcounter8,jump,seed15,89,46496.357575757575
hpmcounter8,jump,seed15,90,46485.81212121212
hpmcounter8,jump,seed15,91,46471.3696969697
hpmcounter8,jump,seed15,92,46457.757575757576
hpmcounter8,jump,seed15,93,46452.13333333333
hpmcounter8,jump,seed15,94,46455.34545454545
hpmcounter8,jump,seed15,95,46462.527272727275
hpmcounter8,jump,seed15,96,46468.181818181816
hpmcounter8,jump,seed15,97,46479.624242424245
hpmcounter8,jump,seed15,98,46490.13333333333
hpmcounter8,jump,seed15,99,46501.71515151515
hpmcounter8,jump,seed15,100,46512.30303030303
hpmcounter8,jump,seed15,101,46513.78787878788
hpmcounter8,jump,seed15,102,46520.00606060606
hpmcounter8,jump,seed15,103,46531.41818181818
hpmcounter8,jump,seed15,104,46547.260606060605
hpmcounter8,jump,seed15,105,46558.63636363636
hpmcounter8,jump,seed15,106,46559.57575757576
hpmcounter8,jump,seed15,107,46541.57575757576
hpmcounter8,jump,seed15,108,46518.30303030303
hpmcounter8,jump,seed15,109,46497.527272727275
hpmcounter8,jump,seed15,110,46478.43636363636
hpmcounter8,jump,seed15,111,46456.066666666666
hpmcounter8,jump,seed15,112,46439.545454545456
hpmcounter8,jump,seed15,113,46439.18787878788
hpmcounter8,jump,seed15,114,46449.90909090909
hpmcounter8,jump,seed15,115,46466.46666666667
hpmcounter8,jump,seed15,116,46482.10303030303
hpmcounter8,jump,seed15,117,46493.57575757576
hpmcounter8,jump,seed15,118,46499.430303030305
hpmcounter8,jump,seed15,119,46503.15757575758
hpmcounter8,jump,seed15,120,46499.26666666667
hpmcounter8,jump,seed15,121,46493.25454545455
hpmcounter8,jump,seed15,122,46485.96363636364
hpmcounter8,jump,seed15,123,46486.357575757575
hpmcounter8,jump,seed15,124,46769.066666666666
hpmcounter8,jump,seed15,125,46984.35151515152
hpmcounter8,jump,seed15,126,47133.07272727273
hpmcounter8,jump,seed15,127,47224.34545454545
hpmcounter8,jump,seed15,128,47257.545454545456
hpmcounter8,jump,seed15,129,47230.34545454545
hpmcounter8,jump,seed15,130,47140.87272727273
hpmcounter8,jump,seed15,131,46986.69090909091
hpmcounter8,jump,seed15,132,46771.509090909094
hpmcounter8,jump,seed15,133,46494.00606060606
hpmcounter8,jump,seed15,134,46500.64848484848
hpmcounter8,jump,seed15,135,46497.78787878788
hpmcounter8,jump,seed15,136,46485.28484848485
hpmcounter8,jump,seed15,137,46475.25454545455
hpmcounter8,jump,seed15,138,46467.99393939394
hpmcounter8,jump,seed15,139,46464.8606060606
hpmcounter8,jump,seed15,140,46755.145454545454
hpmcounter8,jump,seed15,141,47266.00606060606
hpmcounter8,jump,seed15,142,47933.606060606064
hpmcounter8,jump,seed15,143,48689.448484848486
hpmcounter8,jump,seed15,144,49478.975757575754
hpmcounter8,jump,seed15,145,50231.763636363634
hpmcounter8,jump,seed15,146,50883.35151515152
hpmcounter8,jump,seed15,147,51379.98787878788
hpmcounter8,jump,seed15,148,51659.57575757576
hpmcounter8,jump,seed15,149,51657.236363636366
hpmcounter8,jump,seed15,150,51382.07272727273
hpmcounter8,jump,seed15,151,51168.51515151515
hpmcounter8,jump,seed15,152,51025.024242424246
hpmcounter8,jump,seed15,153,50935.66060606061
hpmcounter8,jump,seed15,154,50904.721212121214
hpmcounter8,jump,seed15,155,50928.36363636364
hpmcounter8,jump,seed15,156,51014.29090909091
hpmcounter8,jump,seed15,157,51166.91515151515
hpmcounter8,jump,seed15,158,51379.94545454546
hpmcounter8,jump,seed15,159,51659.8
hpmcounter8,jump,seed15,160,51662.61212121212
hpmcounter8,jump,seed15,161,51665.24848484848
hpmcounter8,jump,seed15,162,51676.00606060606
hpmcounter8,jump,seed15,163,51685.22424242424
hpmcounter8,jump,seed15,164,51696.46060606061
hpmcounter8,jump,seed15,165,51701.412121212124
hpmcounter8,jump,seed15,166,51702.92727272727
hpmcounter8,jump,seed15,167,51701.357575757575
hpmcounter8,jump,seed15,168,51696.26666666667
hpmcounter8,jump,seed15,169,51687.12727272727
hpmcounter8,jump,seed15,170,51675.78787878788
hpmcounter8,jump,seed15,171,51663.67272727273
hpmcounter8,jump,seed15,172,51654.07272727273
hpmcounter8,jump,seed15,173,51368.80606060606
hpmcounter8,jump,seed15,174,50870.21212121212
hpmcounter8,jump,seed15,175,50211.92121212121
hpmcounter8,jump,seed15,176,49462.836363636365
hpmcounter8,jump,seed15,177,48680.69696969697
hpmcounter8,jump,seed15,178,47934.33939393939
hpmcounter8,jump,seed15,179,47277.70909090909
hpmcounter8,jump,seed15,180,46772.15151515151
hpmcounter8,jump,seed15,181,46483.28484848485
hpmcounter8,jump,seed15,182,46476.721212121214
hpmcounter8,jump,seed15,183,46476.448484848486
hpmcounter8,jump,seed15,184,46474.77575757576
hpmcounter8,jump,seed15,185,46466.818181818184
hpmcounter8,jump,seed15,186,46461.29090909091
hpmcounter8,jump,seed15,187,46459.29090909091
hpmcounter8,jump,seed15,188,46457.80606060606
hpmcounter8,jump,seed15,189,46462.79393939394
hpmcounter8,jump,seed15,190,46458.278787878786
hpmcounter8,jump,seed15,191,46463.666666666664
hpmcounter8,jump,seed15,192,46468.43636363636
hpmcounter8,jump,seed15,193,46477.66060606061
hpmcounter8,jump,seed15,194,46480.6
hpmcounter8,jump,seed15,195,46480.12727272727
hpmcounter8,jump,seed15,196,46479.30909090909
hpmcounter8,jump,seed15,197,46476.066666666666
hpmcounter8,jump,seed15,198,46471.56363636364
hpmcounter8,jump,seed15,199,46472.63636363636
hpmcounter8,jump,seed15,200,46469.51515151515
hpmcounter8,jump,seed15,201,46473.527272727275
hpmcounter8,jump,seed15,202,46482.07878787879
hpmcounter8,jump,seed15,203,46492.01212121212
hpmcounter8,jump,seed15,204,46502.527272727275
hpmcounter8,jump,seed15,205,46508.242424242424
hpmcounter8,jump,seed15,206,46513.454545454544
hpmcounter8,jump,seed15,207,46516.975757575754
hpmcounter8,jump,seed15,208,46513.90303030303
hpmcounter8,jump,seed15,209,46508.3696969697
hpmcounter8,jump,seed15,210,46503.13333333333
hpmcounter8,jump,seed15,211,46497.15151515151
hpmcounter8,jump,seed15,212,46496.19393939394
hpmcounter8,jump,seed15,213,46491.95757575757
hpmcounter8,jump,seed15,214,46495.22424242424
hpmcounter8,jump,seed15,215,46491.61212121212
hpmcounter8,jump,seed15,216,46488.92121212121
hpmcounter8,jump,seed15,217,46486.757575757576
hpmcounter8,jump,seed15,218,46482.57575757576
hpmcounter8,jump,seed15,219,46477.739393939395
hpmcounter8,jump,seed15,220,46464.06060606061
hpmcounter8,jump,seed15,221,46449.951515151515
hpmcounter8,jump,seed15,222,46447.569696969695
hpmcounter8,jump,seed15,223,46443.70303030303
hpmcounter8,jump,seed15,224,46447.93939393939
hpmcounter8,jump,seed15,225,46452.10909090909
hpmcounter8,jump,seed15,226,46458.65454545455
hpmcounter8,jump,seed15,227,46463.836363636365
hpmcounter8,jump,seed15,228,46468.95757575757
hpmcounter8,jump,seed15,229,46479.260606060605
hpmcounter8,jump,seed15,230,46479.84848484849
hpmcounter8,jump,seed15,231,46474.545454545456
hpmcounter8,jump,seed15,232,46474.315151515155
hpmcounter8,jump,seed15,233,46467.24848484848
hpmcounter8,jump,seed15,234,46456.28484848485
hpmcounter8,jump,seed15,235,46449.07878787879
hpmcounter8,jump,seed15,236,46446.42424242424
hpmcounter8,jump,seed15,237,46446.73333333333
hpmcounter8,jump,seed15,238,46442.89090909091
hpmcounter8,jump,seed15,239,46444.18787878788
hpmcounter8,jump,seed15,240,46456.67878787879
hpmcounter8,jump,seed15,241,46467.79393939394
hpmcounter8,jump,seed15,242,46476.29696969697
hpmcounter8,jump,seed15,243,46479.1696969697
hpmcounter8,jump,seed15,244,46474.41818181818
hpmcounter8,jump,seed15,245,46468.46666666667
hpmcounter8,jump,seed15,246,46468.13333333333
hpmcounter8,jump,seed15,247,46469.333333333336
hpmcounter8,jump,seed15,248,46465.430303030305
hpmcounter8,jump,seed15,249,46461.42424242424
hpmcounter8,jump,seed15,250,46461.87272727273
hpmcounter8,jump,seed15,251,46465.781818181815
hpmcounter8,jump,seed15,252,46468.71515151515
hpmcounter8,jump,seed15,253,46467.781818181815
hpmcounter8,jump,seed15,254,46467.13333333333
hpmcounter8,jump,seed15,255,46467.42424242424
hpmcounter8,jump,seed15,256,46470.375757575755
hpmcounter8,jump,seed15,257,46479.59393939394
hpmcounter8,jump,seed15,258,46484.15151515151
hpmcounter8,jump,seed15,259,46490.48484848485
hpmcounter8,jump,seed15,260,46490.490909090906
hpmcounter8,jump,seed15,261,46495.818181818184
hpmcounter8,jump,seed15,262,46504.4
hpmcounter8,jump,seed15,263,46505.07272727273
hpmcounter8,jump,seed15,264,46503.67878787879
hpmcounter8,jump,seed15,265,46499.84848484849
hpmcounter8,jump,seed15,266,46490.509090909094
hpmcounter8,jump,seed15,267,46485.430303030305
hpmcounter8,jump,seed15,268,46476.89696969697
hpmcounter8,jump,seed15,269,46467.70909090909
hpmcounter8,jump,seed15,270,46462.71515151515
hpmcounter8,jump,seed15,271,46468.393939393936
hpmcounter8,jump,seed15,272,46475.8303030303
hpmcounter8,jump,seed15,273,46481.34545454545
hpmcounter8,jump,seed15,274,46483.64848484848
hpmcounter8,jump,seed15,275,46489.448484848486
hpmcounter8,jump,seed15,276,46492.2303030303
hpmcounter8,jump,seed15,277,46491.11515151515
hpmcounter8,jump,seed15,278,46485.969696969696
hpmcounter8,jump,seed15,279,46479.430303030305
hpmcounter8,jump,seed15,280,46472.393939393936
hpmcounter8,jump,seed15,281,46476.95757575757
hpmcounter8,jump,seed15,282,46480.315151515155
hpmcounter8,jump,seed15,283,46483.33939393939
hpmcounter8,jump,seed15,284,46480.46060606061
hpmcounter8,jump,seed15,285,46481.25454545455
hpmcounter8,jump,seed15,286,46484.624242424245
hpmcounter8,jump,seed15,287,46484.73333333333
hpmcounter8,jump,seed15,288,46482.56363636364
hpmcounter8,jump,seed15,289,46485.19393939394
hpmcounter8,jump,seed15,290,46484.2
hpmcounter8,jump,seed15,291,46483.65454545455
hpmcounter8,jump,seed15,292,46475.92121212121
hpmcounter8,jump,seed15,293,46474.94545454546
hpmcounter8,jump,seed15,294,46469.527272727275
hpmcounter8,jump,seed15,295,46464.15151515151
hpmcounter8,jump,seed15,296,46466.2303030303
hpmcounter8,jump,seed15,297,46464.121212121216
hpmcounter8,jump,seed15,298,46467.48484848485
hpmcounter8,jump,seed16,9,46495.07272727273
hpmcounter8,jump,seed16,10,46487.066666666666
hpmcounter8,jump,seed16,11,46479.38181818182
hpmcounter8,jump,seed16,12,46480.2303030303
hpmcounter8,jump,seed16,13,46477.69696969697
hpmcounter8,jump,seed16,14,46479.763636363634
hpmcounter8,jump,seed16,15,46483.92121212121
hpmcounter8,jump,seed16,16,46489.3696969697
hpmcounter8,jump,seed16,17,46491.50303030303
hpmcounter8,jump,seed16,18,46498.509090909094
hpmcounter8,jump,seed16,19,46504.781818181815
hpmcounter8,jump,seed16,20,46507.46666666667
hpmcounter8,jump,seed16,21,46506.07878787879
hpmcounter8,jump,seed16,22,46507.07878787879
hpmcounter8,jump,seed16,23,46503.69090909091
hpmcounter8,jump,seed16,24,46501.969696969696
hpmcounter8,jump,seed16,25,46498.242424242424
hpmcounter8,jump,seed16,26,46488.78787878788
hpmcounter8,jump,seed16,27,46483.34545454545
hpmcounter8,jump,seed16,28,46480.163636363635
hpmcounter8,jump,seed16,29,46482.42424242424
hpmcounter8,jump,seed16,30,46485.84242424242
hpmcounter8,jump,seed16,31,46489.73333333333
hpmcounter8,jump,seed16,32,46491.32727272727
hpmcounter8,jump,seed16,33,46493.048484848485
hpmcounter8,jump,seed16,34,46492.448484848486
hpmcounter8,jump,seed16,35,46487.181818181816
hpmcounter8,jump,seed16,36,46479.024242424246
hpmcounter8,jump,seed16,37,46473.41818181818
hpmcounter8,jump,seed16,38,46466.81212121212
hpmcounter8,jump,seed16,39,46461.26666666667
hpmcounter8,jump,seed16,40,46461.454545454544
hpmcounter8,jump,seed16,41,46467.2
hpmcounter8,jump,seed16,42,46473.430303030305
hpmcounter8,jump,seed16,43,46481.26666666667
hpmcounter8,jump,seed16,44,46487.17575757576
hpmcounter8,jump,seed16,45,46485.6303030303
hpmcounter8,jump,seed16,46,46486.09696969697
hpmcounter8,jump,seed16,47,46485.69090909091
hpmcounter8,jump,seed16,48,46490.51515151515
hpmcounter8,jump,seed16,49,46492.01818181818
hpmcounter8,jump,seed16,50,46496.44242424242
hpmcounter8,jump,seed16,51,46508.29696969697
hpmcounter8,jump,seed16,52,46516.969696969696
hpmcounter8,jump,seed16,53,46521.98181818182
hpmcounter8,jump,seed16,54,46523.818181818184
hpmcounter8,jump,seed16,55,46522.236363636366
hpmcounter8,jump,seed16,56,46520.52121212121
hpmcounter8,jump,seed16,57,46514.47878787879
hpmcounter8,jump,seed16,58,46512.49696969697
hpmcounter8,jump,seed16,59,46504.684848484845
hpmcounter8,jump,seed16,60,46497.527272727275
hpmcounter8,jump,seed16,61,46498.218181818185
hpmcounter8,jump,seed16,62,46496.41818181818
hpmcounter8,jump,seed16,63,46496.61212121212
hpmcounter8,jump,seed16,64,46501.48484848485
hpmcounter8,jump,seed16,65,46504.024242424246
hpmcounter8,jump,seed16,66,46503.90909090909
hpmcounter8,jump,seed16,67,46503.818181818184
hpmcounter8,jump,seed16,68,46506.80606060606
hpmcounter8,jump,seed16,69,46511.05454545454
hpmcounter8,jump,seed16,70,46504.67878787879
hpmcounter8,jump,seed16,71,46495.781818181815
hpmcounter8,jump,seed16,72,46488.08484848485
hpmcounter8,jump,seed16,73,46478.6303030303
hpmcounter8,jump,seed16,74,46479.163636363635
hpmcounter8,jump,seed16,75,46474.357575757575
hpmcounter8,jump,seed16,76,46469.29090909091
hpmcounter8,jump,seed16,77,46465.91515151515
hpmcounter8,jump,seed16,78,46465.8606060606
hpmcounter8,jump,seed16,79,46474.53939393939
hpmcounter8,jump,seed16,80,46481.2303030303
hpmcounter8,jump,seed16,81,46486.74545454545
hpmcounter8,jump,seed16,82,46494.47878787879
hpmcounter8,jump,seed16,83,46492.8606060606
hpmcounter8,jump,seed16,84,46497.48484848485
hpmcounter8,jump,seed16,85,46497.64848484848
hpmcounter8,jump,seed16,86,46498.38181818182
hpmcounter8,jump,seed16,87,46497.92121212121
hpmcounter8,jump,seed16,88,46494.30909090909
hpmcounter8,jump,seed16,89,46490.26666666667
hpmcounter8,jump,seed16,90,46489.43636363636
hpmcounter8,jump,seed16,91,46484.09090909091
hpmcounter8,jump,seed16,92,46478.52121212121
hpmcounter8,jump,seed16,93,46472.41818181818
hpmcounter8,jump,seed16,94,46473.836363636365
hpmcounter8,jump,seed16,95,46475.32727272727
hpmcounter8,jump,seed16,96,46476.56363636364
hpmcounter8,jump,seed16,97,46474.09090909091
hpmcounter8,jump,seed16,98,46471.18787878788
hpmcounter8,jump,seed16,99,46474.77575757576
hpmcounter8,jump,seed16,100,46477.78787878788
hpmcounter8,jump,seed16,101,46475.07878787879
hpmcounter8,jump,seed16,102,46471.42424242424
hpmcounter8,jump,seed16,103,46469.454545454544
hpmcounter8,jump,seed16,104,46475.236363636366
hpmcounter8,jump,seed16,105,46478.587878787876
hpmcounter8,jump,seed16,106,46479.030303030304
hpmcounter8,jump,seed16,107,46473.430303030305
hpmcounter8,jump,seed16,108,46467.55757575758
hpmcounter8,jump,seed16,109,46465.739393939395
hpmcounter8,jump,seed16,110,46463.40606060606
hpmcounter8,jump,seed16,111,46458.48484848485
hpmcounter8,jump,seed16,112,46450.781818181815
hpmcounter8,jump,seed16,113,46446.00606060606
hpmcounter8,jump,seed16,114,46445.89696969697
hpmcounter8,jump,seed16,115,46448.52121212121
hpmcounter8,jump,seed16,116,46452.65454545455
hpmcounter8,jump,seed16,117,46744.65454545455
hpmcounter8,jump,seed16,118,46972.92121212121
hpmcounter8,jump,seed16,119,47137.642424242425
hpmcounter8,jump,seed16,120,47242.18787878788
hpmcounter8,jump,seed16,121,47281.375757575755
hpmcounter8,jump,seed16,122,47252.472727272725
hpmcounter8,jump,seed16,123,47163.47878787879
hpmcounter8,jump,seed16,124,47005.066666666666
hpmcounter8,jump,seed16,125,46777.18787878788
hpmcounter8,jump,seed16,126,46484.757575757576
hpmcounter8,jump,seed16,127,46476.278787878786
hpmcounter8,jump,seed16,128,46464.94545454546
hpmcounter8,jump,seed16,129,46456.854545454546
hpmcounter8,jump,seed16,130,46454.509090909094
hpmcounter8,jump,seed16,131,46451.42424242424
hpmcounter8,jump,seed16,132,46453.757575757576
hpmcounter8,jump,seed16,133,46460.98181818182
hpmcounter8,jump,seed16,134,46474.53939393939
hpmcounter8,jump,seed16,135,46482.757575757576
hpmcounter8,jump,seed16,136,46488.854545454546
hpmcounter8,jump,seed16,137,46486.2303030303
hpmcounter8,jump,seed16,138,46480.08484848485
hpmcounter8,jump,seed16,139,46477.7696969697
hpmcounter8,jump,seed16,140,46478.90909090909
hpmcounter8,jump,seed16,141,46486.163636363635
hpmcounter8,jump,seed16,142,46497.43636363636
hpmcounter8,jump,seed16,143,46502.65454545455
hpmcounter8,jump,seed16,144,46513.08484848485
hpmcounter8,jump,seed16,145,46519.721212121214
hpmcounter8,jump,seed16,146,46805.4
hpmcounter8,jump,seed16,147,47308.763636363634
hpmcounter8,jump,seed16,148,47967.32727272727
hpmcounter8,jump,seed16,149,48714.65454545455
hpmcounter8,jump,seed16,150,49489.27272727273
hpmcounter8,jump,seed16,151,50242.32727272727
hpmcounter8,jump,seed16,152,50899.89696969697
hpmcounter8,jump,seed16,153,51396.40606060606
hpmcounter8,jump,seed16,154,51669.739393939395
hpmcounter8,jump,seed16,155,51657.969696969696
hpmcounter8,jump,seed16,156,51651.57575757576
hpmcounter8,jump,seed16,157,51655.163636363635
hpmcounter8,jump,seed16,158,51665.87272727273
hpmcounter8,jump,seed16,159,51675.10303030303
hpmcounter8,jump,seed16,160,51682.03636363636
hpmcounter8,jump,seed16,161,51685.836363636365
hpmcounter8,jump,seed16,162,51680.684848484845
hpmcounter8,jump,seed16,163,51672.66060606061
hpmcounter8,jump,seed16,164,51654.09696969697
hpmcounter8,jump,seed16,165,51631.82424242424
hpmcounter8,jump,seed16,166,51618.92727272727
hpmcounter8,jump,seed16,167,51611.048484848485
hpmcounter8,jump,seed16,168,51609.69696969697
hpmcounter8,jump,seed16,169,51618.048484848485
hpmcounter8,jump,seed16,170,51631.38181818182
hpmcounter8,jump,seed16,171,51359.64848484848
hpmcounter8,jump,seed16,172,50874.35151515152
hpmcounter8,jump,seed16,173,50234.40606060606
hpmcounter8,jump,seed16,174,49498.818181818184
hpmcounter8,jump,seed16,175,48730.8303030303
hpmcounter8,jump,seed16,176,47993.09696969697
hpmcounter8,jump,seed16,177,47337.22424242424
hpmcounter8,jump,seed16,178,46835.11515151515
hpmcounter8,jump,seed16,179,46551.666666666664
hpmcounter8,jump,seed16,180,46541.472727272725
hpmcounter8,jump,seed16,181,46517.12727272727
hpmcounter8,jump,seed16,182,46496.333333333336
hpmcounter8,jump,seed16,183,46484.22424242424
hpmcounter8,jump,seed16,184,46475.64848484848
hpmcounter8,jump,seed16,185,46473.93939393939
hpmcounter8,jump,seed16,186,46473.58181818182
hpmcounter8,jump,seed16,187,46470.28484848485
hpmcounter8,jump,seed16,188,46468.92727272727
hpmcounter8,jump,seed16,189,46471.666666666664
hpmcounter8,jump,seed16,190,46473.05454545454
hpmcounter8,jump,seed16,191,46470.96363636364
hpmcounter8,jump,seed16,192,46468.63636363636
hpmcounter8,jump,seed16,193,46468.951515151515
hpmcounter8,jump,seed16,194,46472.26666666667
hpmcounter8,jump,seed16,195,46479.61212121212
hpmcounter8,jump,seed16,196,46482.25454545455
hpmcounter8,jump,seed16,197,46482.38787878788
hpmcounter8,jump,seed16,198,46482.818181818184
hpmcounter8,jump,seed16,199,46486.48484848485
hpmcounter8,jump,seed16,200,46485.88484848485
hpmcounter8,jump,seed16,201,46482.454545454544
hpmcounter8,jump,seed16,202,46481.2
hpmcounter8,jump,seed16,203,46470.448484848486
hpmcounter8,jump,seed16,204,46464.01818181818
hpmcounter8,jump,seed16,205,46456.98181818182
hpmcounter8,jump,seed16,206,46449.218181818185
hpmcounter8,jump,seed16,207,46437.333333333336
hpmcounter8,jump,seed16,208,46430.030303030304
hpmcounter8,jump,seed16,209,46431.393939393936
hpmcounter8,jump,seed16,210,46430.67272727273
hpmcounter8,jump,seed16,211,46430.55757575758
hpmcounter8,jump,seed16,212,46439.121212121216
hpmcounter8,jump,seed16,213,46446.72727272727
hpmcounter8,jump,seed16,214,46459.030303030304
hpmcounter8,jump,seed16,215,46467.21212121212
hpmcounter8,jump,seed16,216,46475.975757575754
hpmcounter8,jump,seed16,217,46481.13333333333
hpmcounter8,jump,seed16,218,46485.25454545455
hpmcounter8,jump,seed16,219,46492.490909090906
hpmcounter8,jump,seed16,220,46498.28484848485
hpmcounter8,jump,seed16,221,46498.90909090909
hpmcounter8,jump,seed16,222,46498.1696969697
hpmcounter8,jump,seed16,223,46504.624242424245
hpmcounter8,jump,seed16,224,46507.72727272727
hpmcounter8,jump,seed16,225,46501.86666666667
hpmcounter8,jump,seed16,226,46495.721212121214
hpmcounter8,jump,seed16,227,46486.739393939395
hpmcounter8,jump,seed16,228,46471.98181818182
hpmcounter8,jump,seed16,229,46456.030303030304
hpmcounter8,jump,seed16,230,46444.527272727275
hpmcounter8,jump,seed16,231,46438.17575757576
hpmcounter8,jump,seed16,232,46432.181818181816
hpmcounter8,jump,seed16,233,46436.81212121212
hpmcounter8,jump,seed16,234,46441.70303030303
hpmcounter8,jump,seed16,235,46440.854545454546
hpmcounter8,jump,seed16,236,46440.58181818182
hpmcounter8,jump,seed16,237,46449.472727272725
hpmcounter8,jump,seed16,238,46457.30303030303
hpmcounter8,jump,seed16,239,46464.32727272727
hpmcounter8,jump,seed16,240,46465.90909090909
hpmcounter8,jump,seed16,241,46477.09090909091
hpmcounter8,jump,seed16,242,46486.260606060605
hpmcounter8,jump,seed16,243,46493.47878787879
hpmcounter8,jump,seed16,244,46496.024242424246
hpmcounter8,jump,seed16,245,46493.09090909091
hpmcounter8,jump,seed16,246,46483.61818181818
hpmcounter8,jump,seed16,247,46473.721212121214
hpmcounter8,jump,seed16,248,46458.03636363636
hpmcounter8,jump,seed16,249,46450.46666666667
hpmcounter8,jump,seed16,250,46437.13333333333
hpmcounter8,jump,seed16,251,46431.61818181818
hpmcounter8,jump,seed16,252,46433.242424242424
hpmcounter8,jump,seed16,253,46441.181818181816
hpmcounter8,jump,seed16,254,46451.44242424242
hpmcounter8,jump,seed16,255,46462.46666666667
hpmcounter8,jump,seed16,256,46473.59393939394
hpmcounter8,jump,seed16,257,46482.569696969695
hpmcounter8,jump,seed16,258,46486.74545454545
hpmcounter8,jump,seed16,259,46780.00606060606
hpmcounter8,jump,seed16,260,47005.242424242424
hpmcounter8,jump,seed16,261,47445.09090909091
hpmcounter8,jump,seed16,262,47763.606060606064
hpmcounter8,jump,seed16,263,47954.684848484845
hpmcounter8,jump,seed16,264,48301.70909090909
hpmcounter8,jump,seed16,265,48739.79393939394
hpmcounter8,jump,seed16,266,49206.975757575754
hpmcounter8,jump,seed16,267,49636.89696969697
hpmcounter8,jump,seed16,268,49969.357575757575
hpmcounter8,jump,seed16,269,50211.99393939394
hpmcounter8,jump,seed16,270,50083.90303030303
hpmcounter8,jump,seed16,271,49925.64848484848
hpmcounter8,jump,seed16,272,49457.13333333333
hpmcounter8,jump,seed16,273,48673.2
hpmcounter8,jump,seed16,274,47921.53939393939
hpmcounter8,jump,seed16,275,47262.28484848485
hpmcounter8,jump,seed16,276,46761.27272727273
hpmcounter8,jump,seed16,277,46476.781818181815
hpmcounter8,jump,seed16,278,46466.8303030303
hpmcounter8,jump,seed16,279,46460.44242424242
hpmcounter8,jump,seed16,280,46460.10303030303
hpmcounter8,jump,seed16,281,46463.00606060606
hpmcounter8,jump,seed16,282,46467.69090909091
hpmcounter8,jump,seed16,283,46471.08484848485
hpmcounter8,jump,seed16,284,46479.048484848485
hpmcounter8,jump,seed16,285,46480.6303030303
hpmcounter8,jump,seed16,286,46482.818181818184
hpmcounter8,jump,seed16,287,46487.587878787876
hpmcounter8,jump,seed16,288,46489.56363636364
hpmcounter8,jump,seed16,289,46490.8
hpmcounter8,jump,seed16,290,46491.09090909091
hpmcounter8,jump,seed16,291,46491.09696969697
hpmcounter8,jump,seed16,292,46493.63636363636
hpmcounter8,jump,seed16,293,46496.1393939394
hpmcounter8,jump,seed16,294,46498.91515151515
hpmcounter8,jump,seed16,295,46496.94545454546
hpmcounter8,jump,seed16,296,46496.6303030303
hpmcounter8,jump,seed16,297,46496.48484848485
hpmcounter8,jump,seed16,298,46499.11515151515
hpmcounter8,jump,seed17,9,47449.51515151515
hpmcounter8,jump,seed17,10,47652.1696969697
hpmcounter8,jump,seed17,11,48037.00606060606
hpmcounter8,jump,seed17,12,48531.98787878788
hpmcounter8,jump,seed17,13,49079.030303030304
hpmcounter8,jump,seed17,14,49617.08484848485
hpmcounter8,jump,seed17,15,50083.41818181818
hpmcounter8,jump,seed17,16,50413.24848484848
hpmcounter8,jump,seed17,17,50828.878787878784
hpmcounter8,jump,seed17,18,51334.333333333336
hpmcounter8,jump,seed17,19,51615.375757575755
hpmcounter8,jump,seed17,20,51625.36363636364
hpmcounter8,jump,seed17,21,51637.44242424242
hpmcounter8,jump,seed17,22,51648.739393939395
hpmcounter8,jump,seed17,23,51375.030303030304
hpmcounter8,jump,seed17,24,50881.818181818184
hpmcounter8,jump,seed17,25,50224.25454545455
hpmcounter8,jump,seed17,26,49470.236363636366
hpmcounter8,jump,seed17,27,48685.145454545454
hpmcounter8,jump,seed17,28,47932.606060606064
hpmcounter8,jump,seed17,29,47267.69090909091
hpmcounter8,jump,seed17,30,46770.375757575755
hpmcounter8,jump,seed17,31,46493.98787878788
hpmcounter8,jump,seed17,32,46500.67272727273
hpmcounter8,jump,seed17,33,46504.18787878788
hpmcounter8,jump,seed17,34,46508.67272727273
hpmcounter8,jump,seed17,35,46515.145454545454
hpmcounter8,jump,seed17,36,46523.30909090909
hpmcounter8,jump,seed17,37,46528.06060606061
hpmcounter8,jump,seed17,38,46529.818181818184
hpmcounter8,jump,seed17,39,46524.357575757575
hpmcounter8,jump,seed17,40,46521.933333333334
hpmcounter8,jump,seed17,41,46518.357575757575
hpmcounter8,jump,seed17,42,46511.77575757576
hpmcounter8,jump,seed17,43,46506.624242424245
hpmcounter8,jump,seed17,44,46504.75151515152
hpmcounter8,jump,seed17,45,46506.35151515152
hpmcounter8,jump,seed17,46,46512.684848484845
hpmcounter8,jump,seed17,47,46515.48484848485
hpmcounter8,jump,seed17,48,46518.066666666666
hpmcounter8,jump,seed17,49,46514.642424242425
hpmcounter8,jump,seed17,50,46507.854545454546
hpmcounter8,jump,seed17,51,46499.47878787879
hpmcounter8,jump,seed17,52,46495.92121212121
hpmcounter8,jump,seed17,53,46495.2
hpmcounter8,jump,seed17,54,46496.29090909091
hpmcounter8,jump,seed17,55,46487.818181818184
hpmcounter8,jump,seed17,56,46485.86666666667
hpmcounter8,jump,seed17,57,46485.21212121212
hpmcounter8,jump,seed17,58,46486.56363636364
hpmcounter8,jump,seed17,59,46482.87272727273
hpmcounter8,jump,seed17,60,46471.854545454546
hpmcounter8,jump,seed17,61,46465.545454545456
hpmcounter8,jump,seed17,62,46461.024242424246
hpmcounter8,jump,seed17,63,46464.545454545456
hpmcounter8,jump,seed17,64,46472.357575757575
hpmcounter8,jump,seed17,65,46471.07878787879
hpmcounter8,jump,seed17,66,46474.66060606061
hpmcounter8,jump,seed17,67,46479.63636363636
hpmcounter8,jump,seed17,68,46482.18787878788
hpmcounter8,jump,seed17,69,46478.43636363636
hpmcounter8,jump,seed17,70,46471.1393939394
hpmcounter8,jump,seed17,71,46464.80606060606
hpmcounter8,jump,seed17,72,46454.28484848485
hpmcounter8,jump,seed17,73,46454.07272727273
hpmcounter8,jump,seed17,74,46466.278787878786
hpmcounter8,jump,seed17,75,46473.545454545456
hpmcounter8,jump,seed17,76,46481.84848484849
hpmcounter8,jump,seed17,77,46494.58181818182
hpmcounter8,jump,seed17,78,46505.18787878788
hpmcounter8,jump,seed17,79,46512.40606060606
hpmcounter8,jump,seed17,80,46517.84848484849
hpmcounter8,jump,seed17,81,46519.393939393936
hpmcounter8,jump,seed17,82,46519.15151515151
hpmcounter8,jump,seed17,83,46515.7696969697
hpmcounter8,jump,seed17,84,46514.2
hpmcounter8,jump,seed17,85,46503.80606060606
hpmcounter8,jump,seed17,86,46486.61818181818
hpmcounter8,jump,seed17,87,46474.43636363636
hpmcounter8,jump,seed17,88,46467.569696969695
hpmcounter8,jump,seed17,89,46462.624242424245
hpmcounter8,jump,seed17,90,46465.47878787879
hpmcounter8,jump,seed17,91,46473.490909090906
hpmcounter8,jump,seed17,92,46484.527272727275
hpmcounter8,jump,seed17,93,46491.70909090909
hpmcounter8,jump,seed17,94,46488.21212121212
hpmcounter8,jump,seed17,95,46485.24848484848
hpmcounter8,jump,seed17,96,46475.878787878784
hpmcounter8,jump,seed17,97,46469.09696969697
hpmcounter8,jump,seed17,98,46467.46666666667
hpmcounter8,jump,seed17,99,46466.13333333333
hpmcounter8,jump,seed17,100,46461.569696969695
hpmcounter8,jump,seed17,101,46465.70909090909
hpmcounter8,jump,seed17,102,46464.19393939394
hpmcounter8,jump,seed17,103,46470.71515151515
hpmcounter8,jump,seed17,104,46469.24848484848
hpmcounter8,jump,seed17,105,46473.8303030303
hpmcounter8,jump,seed17,106,46471.163636363635
hpmcounter8,jump,seed17,107,46468.99393939394
hpmcounter8,jump,seed17,108,46467.71515151515
hpmcounter8,jump,seed17,109,46467.878787878784
hpmcounter8,jump,seed17,110,46455.854545454546
hpmcounter8,jump,seed17,111,46452.739393939395
hpmcounter8,jump,seed17,112,46441.92121212121
hpmcounter8,jump,seed17,113,46436.99393939394
hpmcounter8,jump,seed17,114,46434.27272727273
hpmcounter8,jump,seed17,115,46436.92727272727
hpmcounter8,jump,seed17,116,46438.84848484849
hpmcounter8,jump,seed17,117,46448.20606060606
hpmcounter8,jump,seed17,118,46456.32121212121
hpmcounter8,jump,seed17,119,46456.48484848485
hpmcounter8,jump,seed17,120,46459.98787878788
hpmcounter8,jump,seed17,121,46468.61818181818
hpmcounter8,jump,seed17,122,46481.242424242424
hpmcounter8,jump,seed17,123,46483.67272727273
hpmcounter8,jump,seed17,124,46484.46060606061
hpmcounter8,jump,seed17,125,46481.86666666667
hpmcounter8,jump,seed17,126,46474.42424242424
hpmcounter8,jump,seed17,127,46469.315151515155
hpmcounter8,jump,seed17,128,46461.163636363635
hpmcounter8,jump,seed17,129,46446.49696969697
hpmcounter8,jump,seed17,130,46438.53939393939
hpmcounter8,jump,seed17,131,46436.90303030303
hpmcounter8,jump,seed17,132,46445.6303030303
hpmcounter8,jump,seed17,133,46451.07878787879
hpmcounter8,jump,seed17,134,46460.21212121212
hpmcounter8,jump,seed17,135,46471.89696969697
hpmcounter8,jump,seed17,136,46480.42424242424
hpmcounter8,jump,seed17,137,46482.98787878788
hpmcounter8,jump,seed17,138,46478.0
hpmcounter8,jump,seed17,139,46474.03636363636
hpmcounter8,jump,seed17,140,46468.61212121212
hpmcounter8,jump,seed17,141,46465.67272727273
hpmcounter8,jump,seed17,142,46465.024242424246
hpmcounter8,jump,seed17,143,46461.606060606064
hpmcounter8,jump,seed17,144,46458.55757575758
hpmcounter8,jump,seed17,145,46462.3696969697
hpmcounter8,jump,seed17,146,46469.71515151515
hpmcounter8,jump,seed17,147,46474.73333333333
hpmcounter8,jump,seed17,148,46475.19393939394
hpmcounter8,jump,seed17,149,46474.04242424243
hpmcounter8,jump,seed17,150,46477.70909090909
hpmcounter8,jump,seed17,151,46763.218181818185
hpmcounter8,jump,seed17,152,47267.048484848485
hpmcounter8,jump,seed17,153,47923.71515151515
hpmcounter8,jump,seed17,154,48676.818181818184
hpmcounter8,jump,seed17,155,49467.12727272727
hpmcounter8,jump,seed17,156,50231.30303030303
hpmcounter8,jump,seed17,157,50899.49696969697
hpmcounter8,jump,seed17,158,51409.818181818184
hpmcounter8,jump,seed17,159,51697.57575757576
hpmcounter8,jump,seed17,160,51705.430303030305
hpmcounter8,jump,seed17,161,51703.82424242424
hpmcounter8,jump,seed17,162,51701.74545454545
hpmcounter8,jump,seed17,163,51691.8303030303
hpmcounter8,jump,seed17,164,51682.375757575755
hpmcounter8,jump,seed17,165,51673.1393939394
hpmcounter8,jump,seed17,166,51663.67272727273
hpmcounter8,jump,seed17,167,51652.43636363636
hpmcounter8,jump,seed17,168,51648.38181818182
hpmcounter8,jump,seed17,169,51367.67878787879
hpmcounter8,jump,seed17,170,50867.64848484848
hpmcounter8,jump,seed17,171,50208.878787878784
hpmcounter8,jump,seed17,172,49461.163636363635
hpmcounter8,jump,seed17,173,48684.242424242424
hpmcounter8,jump,seed17,174,47943.32121212121
hpmcounter8,jump,seed17,175,47297.15151515151
hpmcounter8,jump,seed17,176,46803.89696969697
hpmcounter8,jump,seed17,177,46531.878787878784
hpmcounter8,jump,seed17,178,46540.65454545455
hpmcounter8,jump,seed17,179,46547.527272727275
hpmcounter8,jump,seed17,180,46544.69696969697
hpmcounter8,jump,seed17,181,46544.666666666664
hpmcounter8,jump,seed17,182,46534.8303030303
hpmcounter8,jump,seed17,183,46525.46666666667
hpmcounter8,jump,seed17,184,46510.22424242424
hpmcounter8,jump,seed17,185,46492.67272727273
hpmcounter8,jump,seed17,186,46469.181818181816
hpmcounter8,jump,seed17,187,46457.066666666666
hpmcounter8,jump,seed17,188,46447.545454545456
hpmcounter8,jump,seed17,189,46443.75151515152
hpmcounter8,jump,seed17,190,46437.52121212121
hpmcounter8,jump,seed17,191,46441.315151515155
hpmcounter8,jump,seed17,192,46449.90303030303
hpmcounter8,jump,seed17,193,46463.69090909091
hpmcounter8,jump,seed17,194,46475.92727272727
hpmcounter8,jump,seed17,195,46483.24848484848
hpmcounter8,jump,seed17,196,46479.51515151515
hpmcounter8,jump,seed17,197,46475.951515151515
hpmcounter8,jump,seed17,198,46476.315151515155
hpmcounter8,jump,seed17,199,46477.27272727273
hpmcounter8,jump,seed17,200,46476.739393939395
hpmcounter8,jump,seed17,201,46477.163636363635
hpmcounter8,jump,seed17,202,46480.46060606061
hpmcounter8,jump,seed17,203,46484.01212121212
hpmcounter8,jump,seed17,204,46488.61212121212
hpmcounter8,jump,seed17,205,46495.84242424242
hpmcounter8,jump,seed17,206,46497.55757575758
hpmcounter8,jump,seed17,207,46492.1696969697
hpmcounter8,jump,seed17,208,46487.509090909094
hpmcounter8,jump,seed17,209,46484.04242424243
hpmcounter8,jump,seed17,210,46477.29090909091
hpmcounter8,jump,seed17,211,46472.878787878784
hpmcounter8,jump,seed17,212,46470.53333333333
hpmcounter8,jump,seed17,213,46466.78787878788
hpmcounter8,jump,seed17,214,46458.79393939394
hpmcounter8,jump,seed17,215,46456.08484848485
hpmcounter8,jump,seed17,216,46453.07878787879
hpmcounter8,jump,seed17,217,46444.20606060606
hpmcounter8,jump,seed17,218,46438.89090909091
hpmcounter8,jump,seed17,219,46438.91515151515
hpmcounter8,jump,seed17,220,46442.90909090909
hpmcounter8,jump,seed17,221,46447.53333333333
hpmcounter8,jump,seed17,222,46454.81212121212
hpmcounter8,jump,seed17,223,46464.94545454546
hpmcounter8,jump,seed17,224,46473.236363636366
hpmcounter8,jump,seed17,225,46483.21212121212
hpmcounter8,jump,seed17,226,46490.315151515155
hpmcounter8,jump,seed17,227,46488.35151515152
hpmcounter8,jump,seed17,228,46483.375757575755
hpmcounter8,jump,seed17,229,46477.95757575757
hpmcounter8,jump,seed17,230,46480.30909090909
hpmcounter8,jump,seed17,231,46478.84242424242
hpmcounter8,jump,seed17,232,46472.05454545454
hpmcounter8,jump,seed17,233,46470.88484848485
hpmcounter8,jump,seed17,234,46474.07272727273
hpmcounter8,jump,seed17,235,46481.412121212124
hpmcounter8,jump,seed17,236,46488.88484848485
hpmcounter8,jump,seed17,237,46489.8303030303
hpmcounter8,jump,seed17,238,46488.91515151515
hpmcounter8,jump,seed17,239,46483.57575757576
hpmcounter8,jump,seed17,240,46479.721212121214
hpmcounter8,jump,seed17,241,46474.551515151514
hpmcounter8,jump,seed17,242,46468.46060606061
hpmcounter8,jump,seed17,243,46458.1393939394
hpmcounter8,jump,seed17,244,46455.278787878786
hpmcounter8,jump,seed17,245,46454.09696969697
hpmcounter8,jump,seed17,246,46453.527272727275
hpmcounter8,jump,seed17,247,46450.8
hpmcounter8,jump,seed17,248,46451.42424242424
hpmcounter8,jump,seed17,249,46447.47878787879
hpmcounter8,jump,seed17,250,46446.393939393936
hpmcounter8,jump,seed17,251,46443.61818181818
hpmcounter8,jump,seed17,252,46448.684848484845
hpmcounter8,jump,seed17,253,46453.69090909091
hpmcounter8,jump,seed17,254,46459.606060606064
hpmcounter8,jump,seed17,255,46464.181818181816
hpmcounter8,jump,seed17,256,46468.38787878788
hpmcounter8,jump,seed17,257,46474.236363636366
hpmcounter8,jump,seed17,258,46480.739393939395
hpmcounter8,jump,seed17,259,46484.121212121216
hpmcounter8,jump,seed17,260,46483.066666666666
hpmcounter8,jump,seed17,261,46478.32727272727
hpmcounter8,jump,seed17,262,46475.0
hpmcounter8,jump,seed17,263,46475.0
hpmcounter8,jump,seed17,264,46472.53939393939
hpmcounter8,jump,seed17,265,46464.33939393939
hpmcounter8,jump,seed17,266,46457.18787878788
hpmcounter8,jump,seed17,267,46457.15757575758
hpmcounter8,jump,seed17,268,46461.04242424243
hpmcounter8,jump,seed17,269,46467.975757575754
hpmcounter8,jump,seed17,270,46471.05454545454
hpmcounter8,jump,seed17,271,46474.472727272725
hpmcounter8,jump,seed17,272,46470.79393939394
hpmcounter8,jump,seed17,273,46468.13333333333
hpmcounter8,jump,seed17,274,46464.448484848486
hpmcounter8,jump,seed17,275,46460.01212121212
hpmcounter8,jump,seed17,276,46448.93939393939
hpmcounter8,jump,seed17,277,46444.98181818182
hpmcounter8,jump,seed17,278,46443.57575757576
hpmcounter8,jump,seed17,279,46447.95757575757
hpmcounter8,jump,seed17,280,46455.01818181818
hpmcounter8,jump,seed17,281,46460.77575757576
hpmcounter8,jump,seed17,282,46461.32727272727
hpmcounter8,jump,seed17,283,46457.63636363636
hpmcounter8,jump,seed17,284,46448.99393939394
hpmcounter8,jump,seed17,285,46446.17575757576
hpmcounter8,jump,seed17,286,46439.3696969697
hpmcounter8,jump,seed17,287,46437.13333333333
hpmcounter8,jump,seed17,288,46434.757575757576
hpmcounter8,jump,seed17,289,46443.96363636364
hpmcounter8,jump,seed17,290,46457.163636363635
hpmcounter8,jump,seed17,291,46468.8606060606
hpmcounter8,jump,seed17,292,46482.0
hpmcounter8,jump,seed17,293,46495.412121212124
hpmcounter8,jump,seed17,294,46496.66060606061
hpmcounter8,jump,seed17,295,46495.569696969695
hpmcounter8,jump,seed17,296,46497.2
hpmcounter8,jump,seed17,297,46494.43636363636
hpmcounter8,jump,seed17,298,46488.606060606064
hpmcounter8,jump,seed18,9,46504.61818181818
hpmcounter8,jump,seed18,10,46504.67272727273
hpmcounter8,jump,seed18,11,46503.242424242424
hpmcounter8,jump,seed18,12,46506.34545454545
hpmcounter8,jump,seed18,13,46503.75151515152
hpmcounter8,jump,seed18,14,46507.42424242424
hpmcounter8,jump,seed18,15,46506.67272727273
hpmcounter8,jump,seed18,16,46505.666666666664
hpmcounter8,jump,seed18,17,46502.00606060606
hpmcounter8,jump,seed18,18,46500.90909090909
hpmcounter8,jump,seed18,19,46503.430303030305
hpmcounter8,jump,seed18,20,46504.89696969697
hpmcounter8,jump,seed18,21,46502.84242424242
hpmcounter8,jump,seed18,22,46501.00606060606
hpmcounter8,jump,seed18,23,46495.739393939395
hpmcounter8,jump,seed18,24,46496.181818181816
hpmcounter8,jump,seed18,25,46490.490909090906
hpmcounter8,jump,seed18,26,46479.024242424246
hpmcounter8,jump,seed18,27,46462.78787878788
hpmcounter8,jump,seed18,28,46450.12727272727
hpmcounter8,jump,seed18,29,46447.53939393939
hpmcounter8,jump,seed18,30,46454.430303030305
hpmcounter8,jump,seed18,31,46459.22424242424
hpmcounter8,jump,seed18,32,46458.66060606061
hpmcounter8,jump,seed18,33,46461.454545454544
hpmcounter8,jump,seed18,34,46463.666666666664
hpmcounter8,jump,seed18,35,46458.70303030303
hpmcounter8,jump,seed18,36,46453.545454545456
hpmcounter8,jump,seed18,37,46446.278787878786
hpmcounter8,jump,seed18,38,46440.739393939395
hpmcounter8,jump,seed18,39,46436.53939393939
hpmcounter8,jump,seed18,40,46445.757575757576
hpmcounter8,jump,seed18,41,46459.8303030303
hpmcounter8,jump,seed18,42,46469.29090909091
hpmcounter8,jump,seed18,43,46480.624242424245
hpmcounter8,jump,seed18,44,46490.3696969697
hpmcounter8,jump,seed18,45,46493.10909090909
hpmcounter8,jump,seed18,46,46495.412121212124
hpmcounter8,jump,seed18,47,46496.551515151514
hpmcounter8,jump,seed18,48,46500.26666666667
hpmcounter8,jump,seed18,49,46500.81212121212
hpmcounter8,jump,seed18,50,46503.393939393936
hpmcounter8,jump,seed18,51,46513.96363636364
hpmcounter8,jump,seed18,52,46516.05454545454
hpmcounter8,jump,seed18,53,46517.57575757576
hpmcounter8,jump,seed18,54,46521.15757575758
hpmcounter8,jump,seed18,55,46524.11515151515
hpmcounter8,jump,seed18,56,46522.47878787879
hpmcounter8,jump,seed18,57,46518.684848484845
hpmcounter8,jump,seed18,58,46517.41818181818
hpmcounter8,jump,seed18,59,46517.51515151515
hpmcounter8,jump,seed18,60,46514.03636363636
hpmcounter8,jump,seed18,61,46514.721212121214
hpmcounter8,jump,seed18,62,46507.98787878788
hpmcounter8,jump,seed18,63,46500.024242424246
hpmcounter8,jump,seed18,64,46499.393939393936
hpmcounter8,jump,seed18,65,46498.15757575758
hpmcounter8,jump,seed18,66,46489.975757575754
hpmcounter8,jump,seed18,67,46486.26666666667
hpmcounter8,jump,seed18,68,46487.606060606064
hpmcounter8,jump,seed18,69,46494.739393939395
hpmcounter8,jump,seed18,70,46493.854545454546
hpmcounter8,jump,seed18,71,46491.59393939394
hpmcounter8,jump,seed18,72,46487.35151515152
hpmcounter8,jump,seed18,73,46477.19393939394
hpmcounter8,jump,seed18,74,46473.18787878788
hpmcounter8,jump,seed18,75,46465.65454545455
hpmcounter8,jump,seed18,76,46453.82424242424
hpmcounter8,jump,seed18,77,46443.933333333334
hpmcounter8,jump,seed18,78,46439.242424242424
hpmcounter8,jump,seed18,79,46445.43636363636
hpmcounter8,jump,seed18,80,46453.46060606061
hpmcounter8,jump,seed18,81,46459.89696969697
hpmcounter8,jump,seed18,82,46473.357575757575
hpmcounter8,jump,seed18,83,46479.46060606061
hpmcounter8,jump,seed18,84,46486.50303030303
hpmcounter8,jump,seed18,85,46487.88484848485
hpmcounter8,jump,seed18,86,46489.260606060605
hpmcounter8,jump,seed18,87,46487.44242424242
hpmcounter8,jump,seed18,88,46479.87272727273
hpmcounter8,jump,seed18,89,46476.47878787879
hpmcounter8,jump,seed18,90,46478.30303030303
hpmcounter8,jump,seed18,91,46474.163636363635
hpmcounter8,jump,seed18,92,46475.30303030303
hpmcounter8,jump,seed18,93,46476.81212121212
hpmcounter8,jump,seed18,94,46478.818181818184
hpmcounter8,jump,seed18,95,46479.49696969697
hpmcounter8,jump,seed18,96,46479.569696969695
hpmcounter8,jump,seed18,97,46478.81212121212
hpmcounter8,jump,seed18,98,46474.32121212121
hpmcounter8,jump,seed18,99,46472.38181818182
hpmcounter8,jump,seed18,100,46477.12727272727
hpmcounter8,jump,seed18,101,46478.96363636364
hpmcounter8,jump,seed18,102,46481.15757575758
hpmcounter8,jump,seed18,103,46481.878787878784
hpmcounter8,jump,seed18,104,46487.34545454545
hpmcounter8,jump,seed18,105,46492.527272727275
hpmcounter8,jump,seed18,106,46489.49696969697
hpmcounter8,jump,seed18,107,46479.55757575758
hpmcounter8,jump,seed18,108,46471.27272727273
hpmcounter8,jump,seed18,109,46466.121212121216
hpmcounter8,jump,seed18,110,46464.739393939395
hpmcounter8,jump,seed18,111,46459.07272727273
hpmcounter8,jump,seed18,112,46455.32727272727
hpmcounter8,jump,seed18,113,46450.09696969697
hpmcounter8,jump,seed18,114,46453.836363636365
hpmcounter8,jump,seed18,115,46460.74545454545
hpmcounter8,jump,seed18,116,46465.818181818184
hpmcounter8,jump,seed18,117,46459.3696969697
hpmcounter8,jump,seed18,118,46457.74545454545
hpmcounter8,jump,seed18,119,46463.739393939395
hpmcounter8,jump,seed18,120,46470.024242424246
hpmcounter8,jump,seed18,121,46468.236363636366
hpmcounter8,jump,seed18,122,46463.52121212121
hpmcounter8,jump,seed18,123,46457.448484848486
hpmcounter8,jump,seed18,124,46453.28484848485
hpmcounter8,jump,seed18,125,46445.67878787879
hpmcounter8,jump,seed18,126,46446.933333333334
hpmcounter8,jump,seed18,127,46444.69696969697
hpmcounter8,jump,seed18,128,46448.260606060605
hpmcounter8,jump,seed18,129,46453.43636363636
hpmcounter8,jump,seed18,130,46455.75151515152
hpmcounter8,jump,seed18,131,46459.47878787879
hpmcounter8,jump,seed18,132,46462.1393939394
hpmcounter8,jump,seed18,133,46468.472727272725
hpmcounter8,jump,seed18,134,46474.30909090909
hpmcounter8,jump,seed18,135,46474.89090909091
hpmcounter8,jump,seed18,136,46476.2303030303
hpmcounter8,jump,seed18,137,46478.11515151515
hpmcounter8,jump,seed18,138,46482.77575757576
hpmcounter8,jump,seed18,139,46484.854545454546
hpmcounter8,jump,seed18,140,46483.490909090906
hpmcounter8,jump,seed18,141,46478.53333333333
hpmcounter8,jump,seed18,142,46472.32727272727
hpmcounter8,jump,seed18,143,46750.90303030303
hpmcounter8,jump,seed18,144,47247.51515151515
hpmcounter8,jump,seed18,145,47906.00606060606
hpmcounter8,jump,seed18,146,48375.0
hpmcounter8,jump,seed18,147,48656.69696969697
hpmcounter8,jump,seed18,148,48750.412121212124
hpmcounter8,jump,seed18,149,48660.145454545454
hpmcounter8,jump,seed18,150,48383.7696969697
hpmcounter8,jump,seed18,151,48200.00606060606
hpmcounter8,jump,seed18,152,48045.46060606061
hpmcounter8,jump,seed18,153,48203.53333333333
hpmcounter8,jump,seed18,154,48677.92121212121
hpmcounter8,jump,seed18,155,49474.278787878786
hpmcounter8,jump,seed18,156,50239.218181818185
hpmcounter8,jump,seed18,157,50911.12727272727
hpmcounter8,jump,seed18,158,51421.357575757575
hpmcounter8,jump,seed18,159,51715.33939393939
hpmcounter8,jump,seed18,160,51726.52121212121
hpmcounter8,jump,seed18,161,51731.05454545454
hpmcounter8,jump,seed18,162,51724.53939393939
hpmcounter8,jump,seed18,163,51713.10909090909
hpmcounter8,jump,seed18,164,51703.98787878788
hpmcounter8,jump,seed18,165,51693.82424242424
hpmcounter8,jump,seed18,166,51683.00606060606
hpmcounter8,jump,seed18,167,51675.91515151515
hpmcounter8,jump,seed18,168,51665.236363636366
hpmcounter8,jump,seed18,169,51662.666666666664
hpmcounter8,jump,seed18,170,51664.551515151514
hpmcounter8,jump,seed18,171,51666.49696969697
hpmcounter8,jump,seed18,172,51662.99393939394
hpmcounter8,jump,seed18,173,51660.10303030303
hpmcounter8,jump,seed18,174,51380.412121212124
hpmcounter8,jump,seed18,175,51164.818181818184
hpmcounter8,jump,seed18,176,50726.89090909091
hpmcounter8,jump,seed18,177,50133.56363636364
hpmcounter8,jump,seed18,178,49442.01212121212
hpmcounter8,jump,seed18,179,48724.8
hpmcounter8,jump,seed18,180,48033.77575757576
hpmcounter8,jump,seed18,181,47432.0
hpmcounter8,jump,seed18,182,46987.260606060605
hpmcounter8,jump,seed18,183,46762.51515151515
hpmcounter8,jump,seed18,184,46470.333333333336
hpmcounter8,jump,seed18,185,46467.81212121212
hpmcounter8,jump,seed18,186,46476.6
hpmcounter8,jump,seed18,187,46481.64848484848
hpmcounter8,jump,seed18,188,46484.01212121212
hpmcounter8,jump,seed18,189,46495.739393939395
hpmcounter8,jump,seed18,190,46502.92727272727
hpmcounter8,jump,seed18,191,46503.61818181818
hpmcounter8,jump,seed18,192,46506.70909090909
hpmcounter8,jump,seed18,193,46505.91515151515
hpmcounter8,jump,seed18,194,46494.048484848485
hpmcounter8,jump,seed18,195,46480.38181818182
hpmcounter8,jump,seed18,196,46473.73333333333
hpmcounter8,jump,seed18,197,46459.739393939395
hpmcounter8,jump,seed18,198,46733.88484848485
hpmcounter8,jump,seed18,199,47233.666666666664
hpmcounter8,jump,seed18,200,47897.43636363636
hpmcounter8,jump,seed18,201,48655.22424242424
hpmcounter8,jump,seed18,202,49161.98181818182
hpmcounter8,jump,seed18,203,49414.77575757576
hpmcounter8,jump,seed18,204,49418.836363636365
hpmcounter8,jump,seed18,205,49170.44242424242
hpmcounter8,jump,seed18,206,48668.43636363636
hpmcounter8,jump,seed18,207,47909.71515151515
hpmcounter8,jump,seed18,208,47251.67878787879
hpmcounter8,jump,seed18,209,46747.53939393939
hpmcounter8,jump,seed18,210,46471.260606060605
hpmcounter8,jump,seed18,211,46480.315151515155
hpmcounter8,jump,seed18,212,46486.70303030303
hpmcounter8,jump,seed18,213,46489.29696969697
hpmcounter8,jump,seed18,214,46491.30303030303
hpmcounter8,jump,seed18,215,46490.53939393939
hpmcounter8,jump,seed18,216,46487.43636363636
hpmcounter8,jump,seed18,217,46484.74545454545
hpmcounter8,jump,seed18,218,46484.2
hpmcounter8,jump,seed18,219,46482.19393939394
hpmcounter8,jump,seed18,220,46480.509090909094
hpmcounter8,jump,seed18,221,46480.19393939394
hpmcounter8,jump,seed18,222,46482.0
hpmcounter8,jump,seed18,223,46478.91515151515
hpmcounter8,jump,seed18,224,46474.67272727273
hpmcounter8,jump,seed18,225,46471.121212121216
hpmcounter8,jump,seed18,226,46475.53333333333
hpmcounter8,jump,seed18,227,46476.315151515155
hpmcounter8,jump,seed18,228,46480.06060606061
hpmcounter8,jump,seed18,229,46482.836363636365
hpmcounter8,jump,seed18,230,46489.2303030303
hpmcounter8,jump,seed18,231,46494.10303030303
hpmcounter8,jump,seed18,232,46502.933333333334
hpmcounter8,jump,seed18,233,46500.99393939394
hpmcounter8,jump,seed18,234,46497.430303030305
hpmcounter8,jump,seed18,235,46489.49696969697
hpmcounter8,jump,seed18,236,46488.00606060606
hpmcounter8,jump,seed18,237,46481.67272727273
hpmcounter8,jump,seed18,238,46480.278787878786
hpmcounter8,jump,seed18,239,46482.71515151515
hpmcounter8,jump,seed18,240,46485.01212121212
hpmcounter8,jump,seed18,241,46483.59393939394
hpmcounter8,jump,seed18,242,46487.32727272727
hpmcounter8,jump,seed18,243,46491.4
hpmcounter8,jump,seed18,244,46490.4
hpmcounter8,jump,seed18,245,46489.92121212121
hpmcounter8,jump,seed18,246,46485.38181818182
hpmcounter8,jump,seed18,247,46476.34545454545
hpmcounter8,jump,seed18,248,46467.90303030303
hpmcounter8,jump,seed18,249,46463.91515151515
hpmcounter8,jump,seed18,250,46458.18787878788
hpmcounter8,jump,seed18,251,46447.951515151515
hpmcounter8,jump,seed18,252,46442.30909090909
hpmcounter8,jump,seed18,253,46443.84848484849
hpmcounter8,jump,seed18,254,46446.490909090906
hpmcounter8,jump,seed18,255,46453.69090909091
hpmcounter8,jump,seed18,256,46462.93939393939
hpmcounter8,jump,seed18,257,46469.56363636364
hpmcounter8,jump,seed18,258,46473.52121212121
hpmcounter8,jump,seed18,259,46477.96363636364
hpmcounter8,jump,seed18,260,46475.61818181818
hpmcounter8,jump,seed18,261,46474.8303030303
hpmcounter8,jump,seed18,262,46478.8606060606
hpmcounter8,jump,seed18,263,46480.32121212121
hpmcounter8,jump,seed18,264,46482.38181818182
hpmcounter8,jump,seed18,265,46483.09090909091
hpmcounter8,jump,seed18,266,46483.218181818185
hpmcounter8,jump,seed18,267,46475.684848484845
hpmcounter8,jump,seed18,268,46466.357575757575
hpmcounter8,jump,seed18,269,46458.527272727275
hpmcounter8,jump,seed18,270,46447.0
hpmcounter8,jump,seed18,271,46440.0
hpmcounter8,jump,seed18,272,46441.86666666667
hpmcounter8,jump,seed18,273,46442.43636363636
hpmcounter8,jump,seed18,274,46444.551515151514
hpmcounter8,jump,seed18,275,46449.51515151515
hpmcounter8,jump,seed18,276,46452.393939393936
hpmcounter8,jump,seed18,277,46448.1696969697
hpmcounter8,jump,seed18,278,46440.836363636365
hpmcounter8,jump,seed18,279,46438.15151515151
hpmcounter8,jump,seed18,280,46439.04242424243
hpmcounter8,jump,seed18,281,46445.121212121216
hpmcounter8,jump,seed18,282,46454.07878787879
hpmcounter8,jump,seed18,283,46462.03636363636
hpmcounter8,jump,seed18,284,46469.63636363636
hpmcounter8,jump,seed18,285,46479.15757575758
hpmcounter8,jump,seed18,286,46484.509090909094
hpmcounter8,jump,seed18,287,46484.569696969695
hpmcounter8,jump,seed18,288,46479.933333333334
hpmcounter8,jump,seed18,289,46474.757575757576
hpmcounter8,jump,seed18,290,46466.333333333336
hpmcounter8,jump,seed18,291,46464.86666666667
hpmcounter8,jump,seed18,292,46461.99393939394
hpmcounter8,jump,seed18,293,46459.55757575758
hpmcounter8,jump,seed18,294,46461.32121212121
hpmcounter8,jump,seed18,295,46467.163636363635
hpmcounter8,jump,seed18,296,46470.218181818185
hpmcounter8,jump,seed18,297,46473.87272727273
hpmcounter8,jump,seed18,298,46481.57575757576
hpmcounter8,jump,seed19,9,47088.4
hpmcounter8,jump,seed19,10,46899.757575757576
hpmcounter8,jump,seed19,11,46646.41818181818
hpmcounter8,jump,seed19,12,46488.26666666667
hpmcounter8,jump,seed19,13,46477.545454545456
hpmcounter8,jump,seed19,14,46468.509090909094
hpmcounter8,jump,seed19,15,46458.2303030303
hpmcounter8,jump,seed19,16,46454.15757575758
hpmcounter8,jump,seed19,17,46454.63636363636
hpmcounter8,jump,seed19,18,46459.066666666666
hpmcounter8,jump,seed19,19,46471.606060606064
hpmcounter8,jump,seed19,20,46478.975757575754
hpmcounter8,jump,seed19,21,46482.53333333333
hpmcounter8,jump,seed19,22,46487.46666666667
hpmcounter8,jump,seed19,23,46487.48484848485
hpmcounter8,jump,seed19,24,46483.89696969697
hpmcounter8,jump,seed19,25,46479.51515151515
hpmcounter8,jump,seed19,26,46482.89696969697
hpmcounter8,jump,seed19,27,46482.757575757576
hpmcounter8,jump,seed19,28,46484.509090909094
hpmcounter8,jump,seed19,29,46488.0
hpmcounter8,jump,seed19,30,46495.90303030303
hpmcounter8,jump,seed19,31,46502.58181818182
hpmcounter8,jump,seed19,32,46510.15757575758
hpmcounter8,jump,seed19,33,46510.46060606061
hpmcounter8,jump,seed19,34,46507.72727272727
hpmcounter8,jump,seed19,35,46504.04242424243
hpmcounter8,jump,seed19,36,46502.84242424242
hpmcounter8,jump,seed19,37,46495.58181818182
hpmcounter8,jump,seed19,38,46485.63636363636
hpmcounter8,jump,seed19,39,46472.975757575754
hpmcounter8,jump,seed19,40,46466.84848484849
hpmcounter8,jump,seed19,41,46456.87272727273
hpmcounter8,jump,seed19,42,46454.91515151515
hpmcounter8,jump,seed19,43,46452.49696969697
hpmcounter8,jump,seed19,44,46452.430303030305
hpmcounter8,jump,seed19,45,46456.91515151515
hpmcounter8,jump,seed19,46,46459.64848484848
hpmcounter8,jump,seed19,47,46462.94545454546
hpmcounter8,jump,seed19,48,46466.38787878788
hpmcounter8,jump,seed19,49,46466.08484848485
hpmcounter8,jump,seed19,50,46468.030303030304
hpmcounter8,jump,seed19,51,46463.30909090909
hpmcounter8,jump,seed19,52,46460.61818181818
hpmcounter8,jump,seed19,53,46462.606060606064
hpmcounter8,jump,seed19,54,46466.242424242424
hpmcounter8,jump,seed19,55,46474.90303030303
hpmcounter8,jump,seed19,56,46479.81212121212
hpmcounter8,jump,seed19,57,46488.642424242425
hpmcounter8,jump,seed19,58,46502.145454545454
hpmcounter8,jump,seed19,59,46510.684848484845
hpmcounter8,jump,seed19,60,46509.393939393936
hpmcounter8,jump,seed19,61,46505.00606060606
hpmcounter8,jump,seed19,62,46496.951515151515
hpmcounter8,jump,seed19,63,46489.41818181818
hpmcounter8,jump,seed19,64,46479.80606060606
hpmcounter8,jump,seed19,65,46468.22424242424
hpmcounter8,jump,seed19,66,46454.70909090909
hpmcounter8,jump,seed19,67,46446.781818181815
hpmcounter8,jump,seed19,68,46444.95757575757
hpmcounter8,jump,seed19,69,46445.79393939394
hpmcounter8,jump,seed19,70,46443.642424242425
hpmcounter8,jump,seed19,71,46447.393939393936
hpmcounter8,jump,seed19,72,46451.32121212121
hpmcounter8,jump,seed19,73,46456.587878787876
hpmcounter8,jump,seed19,74,46459.95757575757
hpmcounter8,jump,seed19,75,46460.34545454545
hpmcounter8,jump,seed19,76,46459.21212121212
hpmcounter8,jump,seed19,77,46459.218181818185
hpmcounter8,jump,seed19,78,46745.84242424242
hpmcounter8,jump,seed19,79,46972.1393939394
hpmcounter8,jump,seed19,80,47138.00606060606
hpmcounter8,jump,seed19,81,47519.93939393939
hpmcounter8,jump,seed19,82,48058.43636363636
hpmcounter8,jump,seed19,83,48691.30303030303
hpmcounter8,jump,seed19,84,49069.36363636364
hpmcounter8,jump,seed19,85,49188.99393939394
hpmcounter8,jump,seed19,86,49054.066666666666
hpmcounter8,jump,seed19,87,48667.92727272727
hpmcounter8,jump,seed19,88,48380.01818181818
hpmcounter8,jump,seed19,89,47908.757575757576
hpmcounter8,jump,seed19,90,47255.00606060606
hpmcounter8,jump,seed19,91,46749.41818181818
hpmcounter8,jump,seed19,92,46467.24848484848
hpmcounter8,jump,seed19,93,46467.666666666664
hpmcounter8,jump,seed19,94,46472.15757575758
hpmcounter8,jump,seed19,95,46469.878787878784
hpmcounter8,jump,seed19,96,46468.24848484848
hpmcounter8,jump,seed19,97,46467.06060606061
hpmcounter8,jump,seed19,98,46465.70909090909
hpmcounter8,jump,seed19,99,46462.73333333333
hpmcounter8,jump,seed19,100,46466.29696969697
hpmcounter8,jump,seed19,101,46472.587878787876
hpmcounter8,jump,seed19,102,46481.88484848485
hpmcounter8,jump,seed19,103,46493.315151515155
hpmcounter8,jump,seed19,104,46501.88484848485
hpmcounter8,jump,seed19,105,46503.69090909091
hpmcounter8,jump,seed19,106,46509.066666666666
hpmcounter8,jump,seed19,107,46513.80606060606
hpmcounter8,jump,seed19,108,46516.57575757576
hpmcounter8,jump,seed19,109,46507.78787878788
hpmcounter8,jump,seed19,110,46498.09696969697
hpmcounter8,jump,seed19,111,46488.6303030303
hpmcounter8,jump,seed19,112,46481.315151515155
hpmcounter8,jump,seed19,113,46479.315151515155
hpmcounter8,jump,seed19,114,46471.8606060606
hpmcounter8,jump,seed19,115,46460.181818181816
hpmcounter8,jump,seed19,116,46454.684848484845
hpmcounter8,jump,seed19,117,46452.82424242424
hpmcounter8,jump,seed19,118,46453.99393939394
hpmcounter8,jump,seed19,119,46455.28484848485
hpmcounter8,jump,seed19,120,46460.20606060606
hpmcounter8,jump,seed19,121,46461.4
hpmcounter8,jump,seed19,122,46460.22424242424
hpmcounter8,jump,seed19,123,46458.08484848485
hpmcounter8,jump,seed19,124,46454.145454545454
hpmcounter8,jump,seed19,125,46444.448484848486
hpmcounter8,jump,seed19,126,46439.527272727275
hpmcounter8,jump,seed19,127,46447.73333333333
hpmcounter8,jump,seed19,128,46456.69090909091
hpmcounter8,jump,seed19,129,46462.763636363634
hpmcounter8,jump,seed19,130,46478.43636363636
hpmcounter8,jump,seed19,131,46490.763636363634
hpmcounter8,jump,seed19,132,46504.509090909094
hpmcounter8,jump,seed19,133,46517.34545454545
hpmcounter8,jump,seed19,134,46525.89696969697
hpmcounter8,jump,seed19,135,46523.79393939394
hpmcounter8,jump,seed19,136,46515.472727272725
hpmcounter8,jump,seed19,137,46515.65454545455
hpmcounter8,jump,seed19,138,46512.24848484848
hpmcounter8,jump,seed19,139,46497.93939393939
hpmcounter8,jump,seed19,140,46490.25454545455
hpmcounter8,jump,seed19,141,46471.24848484848
hpmcounter8,jump,seed19,142,46450.84848484849
hpmcounter8,jump,seed19,143,46439.181818181816
hpmcounter8,jump,seed19,144,46439.80606060606
hpmcounter8,jump,seed19,145,46438.666666666664
hpmcounter8,jump,seed19,146,46438.41818181818
hpmcounter8,jump,seed19,147,46443.90909090909
hpmcounter8,jump,seed19,148,46454.4
hpmcounter8,jump,seed19,149,46463.34545454545
hpmcounter8,jump,seed19,150,46477.46060606061
hpmcounter8,jump,seed19,151,46766.29090909091
hpmcounter8,jump,seed19,152,47259.59393939394
hpmcounter8,jump,seed19,153,47914.260606060605
hpmcounter8,jump,seed19,154,48672.066666666666
hpmcounter8,jump,seed19,155,49463.066666666666
hpmcounter8,jump,seed19,156,50216.551515151514
hpmcounter8,jump,seed19,157,50878.00606060606
hpmcounter8,jump,seed19,158,51385.72727272727
hpmcounter8,jump,seed19,159,51668.236363636366
hpmcounter8,jump,seed19,160,51669.18787878788
hpmcounter8,jump,seed19,161,51668.47878787879
hpmcounter8,jump,seed19,162,51660.854545454546
hpmcounter8,jump,seed19,163,51653.42424242424
hpmcounter8,jump,seed19,164,51643.430303030305
hpmcounter8,jump,seed19,165,51636.42424242424
hpmcounter8,jump,seed19,166,51629.375757575755
hpmcounter8,jump,seed19,167,51626.67878787879
hpmcounter8,jump,seed19,168,51625.048484848485
hpmcounter8,jump,seed19,169,51620.44242424242
hpmcounter8,jump,seed19,170,51626.34545454545
hpmcounter8,jump,seed19,171,51354.551515151514
hpmcounter8,jump,seed19,172,50869.01212121212
hpmcounter8,jump,seed19,173,50232.739393939395
hpmcounter8,jump,seed19,174,49495.430303030305
hpmcounter8,jump,seed19,175,48720.6303030303
hpmcounter8,jump,seed19,176,47975.412121212124
hpmcounter8,jump,seed19,177,47314.84242424242
hpmcounter8,jump,seed19,178,46807.19393939394
hpmcounter8,jump,seed19,179,46504.84242424242
hpmcounter8,jump,seed19,180,46485.29090909091
hpmcounter8,jump,seed19,181,46471.739393939395
hpmcounter8,jump,seed19,182,46460.06060606061
hpmcounter8,jump,seed19,183,46457.8606060606
hpmcounter8,jump,seed19,184,46453.70909090909
hpmcounter8,jump,seed19,185,46451.527272727275
hpmcounter8,jump,seed19,186,46454.25454545455
hpmcounter8,jump,seed19,187,46452.854545454546
hpmcounter8,jump,seed19,188,46457.05454545454
hpmcounter8,jump,seed19,189,46456.92727272727
hpmcounter8,jump,seed19,190,46456.28484848485
hpmcounter8,jump,seed19,191,46463.818181818184
hpmcounter8,jump,seed19,192,46465.048484848485
hpmcounter8,jump,seed19,193,46469.818181818184
hpmcounter8,jump,seed19,194,46472.024242424246
hpmcounter8,jump,seed19,195,46472.47878787879
hpmcounter8,jump,seed19,196,46477.64848484848
hpmcounter8,jump,seed19,197,46472.181818181816
hpmcounter8,jump,seed19,198,46464.951515151515
hpmcounter8,jump,seed19,199,46456.07878787879
hpmcounter8,jump,seed19,200,46445.78787878788
hpmcounter8,jump,seed19,201,46439.24848484848
hpmcounter8,jump,seed19,202,46433.43636363636
hpmcounter8,jump,seed19,203,46436.4
hpmcounter8,jump,seed19,204,46440.278787878786
hpmcounter8,jump,seed19,205,46448.315151515155
hpmcounter8,jump,seed19,206,46459.430303030305
hpmcounter8,jump,seed19,207,46466.412121212124
hpmcounter8,jump,seed19,208,46475.10303030303
hpmcounter8,jump,seed19,209,46479.90909090909
hpmcounter8,jump,seed19,210,46478.27272727273
hpmcounter8,jump,seed19,211,46473.36363636364
hpmcounter8,jump,seed19,212,46475.08484848485
hpmcounter8,jump,seed19,213,46473.721212121214
hpmcounter8,jump,seed19,214,46466.94545454546
hpmcounter8,jump,seed19,215,46468.47878787879
hpmcounter8,jump,seed19,216,46469.739393939395
hpmcounter8,jump,seed19,217,46470.969696969696
hpmcounter8,jump,seed19,218,46476.92727272727
hpmcounter8,jump,seed19,219,46484.333333333336
hpmcounter8,jump,seed19,220,46490.69090909091
hpmcounter8,jump,seed19,221,46497.95757575757
hpmcounter8,jump,seed19,222,46509.430303030305
hpmcounter8,jump,seed19,223,46512.47878787879
hpmcounter8,jump,seed19,224,46511.739393939395
hpmcounter8,jump,seed19,225,46511.13333333333
hpmcounter8,jump,seed19,226,46512.22424242424
hpmcounter8,jump,seed19,227,46510.94545454546
hpmcounter8,jump,seed19,228,46506.1393939394
hpmcounter8,jump,seed19,229,46504.551515151514
hpmcounter8,jump,seed19,230,46498.19393939394
hpmcounter8,jump,seed19,231,46492.08484848485
hpmcounter8,jump,seed19,232,46484.448484848486
hpmcounter8,jump,seed19,233,46473.56363636364
hpmcounter8,jump,seed19,234,46470.05454545454
hpmcounter8,jump,seed19,235,46468.94545454546
hpmcounter8,jump,seed19,236,46474.048484848485
hpmcounter8,jump,seed19,237,46483.2
hpmcounter8,jump,seed19,238,46491.41818181818
hpmcounter8,jump,seed19,239,46502.066666666666
hpmcounter8,jump,seed19,240,46503.46060606061
hpmcounter8,jump,seed19,241,46500.10303030303
hpmcounter8,jump,seed19,242,46494.67272727273
hpmcounter8,jump,seed19,243,46485.73333333333
hpmcounter8,jump,seed19,244,46479.048484848485
hpmcounter8,jump,seed19,245,46469.94545454546
hpmcounter8,jump,seed19,246,46472.92727272727
hpmcounter8,jump,seed19,247,46473.42424242424
hpmcounter8,jump,seed19,248,46483.48484848485
hpmcounter8,jump,seed19,249,46485.48484848485
hpmcounter8,jump,seed19,250,46481.48484848485
hpmcounter8,jump,seed19,251,46464.569696969695
hpmcounter8,jump,seed19,252,46455.01212121212
hpmcounter8,jump,seed19,253,46453.181818181816
hpmcounter8,jump,seed19,254,46453.17575757576
hpmcounter8,jump,seed19,255,46443.030303030304
hpmcounter8,jump,seed19,256,46443.22424242424
hpmcounter8,jump,seed19,257,46441.551515151514
hpmcounter8,jump,seed19,258,46451.63636363636
hpmcounter8,jump,seed19,259,46449.26666666667
hpmcounter8,jump,seed19,260,46449.587878787876
hpmcounter8,jump,seed19,261,46441.066666666666
hpmcounter8,jump,seed19,262,46441.13333333333
hpmcounter8,jump,seed19,263,46446.94545454546
hpmcounter8,jump,seed19,264,46457.15151515151
hpmcounter8,jump,seed19,265,46457.951515151515
hpmcounter8,jump,seed19,266,46459.27272727273
hpmcounter8,jump,seed19,267,46463.12727272727
hpmcounter8,jump,seed19,268,46470.00606060606
hpmcounter8,jump,seed19,269,46471.757575757576
hpmcounter8,jump,seed19,270,46474.739393939395
hpmcounter8,jump,seed19,271,46477.50303030303
hpmcounter8,jump,seed19,272,46484.65454545455
hpmcounter8,jump,seed19,273,46486.587878787876
hpmcounter8,jump,seed19,274,46489.48484848485
hpmcounter8,jump,seed19,275,46488.2
hpmcounter8,jump,seed19,276,46478.8303030303
hpmcounter8,jump,seed19,277,46471.55757575758
hpmcounter8,jump,seed19,278,46463.71515151515
hpmcounter8,jump,seed19,279,46463.34545454545
hpmcounter8,jump,seed19,280,46460.53333333333
hpmcounter8,jump,seed19,281,46454.666666666664
hpmcounter8,jump,seed19,282,46455.393939393936
hpmcounter8,jump,seed19,283,46456.3696969697
hpmcounter8,jump,seed19,284,46457.545454545456
hpmcounter8,jump,seed19,285,46462.066666666666
hpmcounter8,jump,seed19,286,46463.81212121212
hpmcounter8,jump,seed19,287,46466.99393939394
hpmcounter8,jump,seed19,288,46470.40606060606
hpmcounter8,jump,seed19,289,46482.46060606061
hpmcounter8,jump,seed19,290,46486.066666666666
hpmcounter8,jump,seed19,291,46480.818181818184
hpmcounter8,jump,seed19,292,46479.757575757576
hpmcounter8,jump,seed19,293,46478.98181818182
hpmcounter8,jump,seed19,294,46479.878787878784
hpmcounter8,jump,seed19,295,46476.42424242424
hpmcounter8,jump,seed19,296,46469.42424242424
hpmcounter8,jump,seed19,297,46462.28484848485
hpmcounter8,jump,seed19,298,46457.975757575754
hpmcounter8,jump,seed2,9,46518.07878787879
hpmcounter8,jump,seed2,10,46514.624242424245
hpmcounter8,jump,seed2,11,46506.09696969697
hpmcounter8,jump,seed2,12,46502.587878787876
hpmcounter8,jump,seed2,13,46492.7696969697
hpmcounter8,jump,seed2,14,46490.51515151515
hpmcounter8,jump,seed2,15,46774.545454545456
hpmcounter8,jump,seed2,16,46999.61212121212
hpmcounter8,jump,seed2,17,47155.545454545456
hpmcounter8,jump,seed2,18,47255.25454545455
hpmcounter8,jump,seed2,19,47568.34545454545
hpmcounter8,jump,seed2,20,48040.86666666667
hpmcounter8,jump,seed2,21,48314.32121212121
hpmcounter8,jump,seed2,22,48407.70303030303
hpmcounter8,jump,seed2,23,48316.15151515151
hpmcounter8,jump,seed2,24,48038.8303030303
hpmcounter8,jump,seed2,25,47917.69090909091
hpmcounter8,jump,seed2,26,47666.527272727275
hpmcounter8,jump,seed2,27,47279.1696969697
hpmcounter8,jump,seed2,28,46768.49696969697
hpmcounter8,jump,seed2,29,46472.19393939394
hpmcounter8,jump,seed2,30,46463.17575757576
hpmcounter8,jump,seed2,31,46449.79393939394
hpmcounter8,jump,seed2,32,46438.25454545455
hpmcounter8,jump,seed2,33,46439.1696969697
hpmcounter8,jump,seed2,34,46444.121212121216
hpmcounter8,jump,seed2,35,46458.25454545455
hpmcounter8,jump,seed2,36,46472.84848484849
hpmcounter8,jump,seed2,37,46489.236363636366
hpmcounter8,jump,seed2,38,46504.01212121212
hpmcounter8,jump,seed2,39,46514.04242424243
hpmcounter8,jump,seed2,40,46516.49696969697
hpmcounter8,jump,seed2,41,46521.13333333333
hpmcounter8,jump,seed2,42,46515.38787878788
hpmcounter8,jump,seed2,43,46509.93939393939
hpmcounter8,jump,seed2,44,46506.30303030303
hpmcounter8,jump,seed2,45,46497.454545454544
hpmcounter8,jump,seed2,46,46488.1696969697
hpmcounter8,jump,seed2,47,46489.18787878788
hpmcounter8,jump,seed2,48,46491.684848484845
hpmcounter8,jump,seed2,49,46501.70303030303
hpmcounter8,jump,seed2,50,46505.47878787879
hpmcounter8,jump,seed2,51,46508.09696969697
hpmcounter8,jump,seed2,52,46503.393939393936
hpmcounter8,jump,seed2,53,46501.73333333333
hpmcounter8,jump,seed2,54,46506.8303030303
hpmcounter8,jump,seed2,55,46500.32121212121
hpmcounter8,jump,seed2,56,46489.624242424245
hpmcounter8,jump,seed2,57,46479.88484848485
hpmcounter8,jump,seed2,58,46475.13333333333
hpmcounter8,jump,seed2,59,46475.393939393936
hpmcounter8,jump,seed2,60,46474.80606060606
hpmcounter8,jump,seed2,61,46472.8303030303
hpmcounter8,jump,seed2,62,46469.89696969697
hpmcounter8,jump,seed2,63,46460.21212121212
hpmcounter8,jump,seed2,64,46459.8303030303
hpmcounter8,jump,seed2,65,46462.41818181818
hpmcounter8,jump,seed2,66,46464.56363636364
hpmcounter8,jump,seed2,67,46467.09090909091
hpmcounter8,jump,seed2,68,46472.74545454545
hpmcounter8,jump,seed2,69,46483.357575757575
hpmcounter8,jump,seed2,70,46493.53939393939
hpmcounter8,jump,seed2,71,46502.71515151515
hpmcounter8,jump,seed2,72,46510.96363636364
hpmcounter8,jump,seed2,73,46509.33939393939
hpmcounter8,jump,seed2,74,46512.53333333333
hpmcounter8,jump,seed2,75,46517.33939393939
hpmcounter8,jump,seed2,76,46521.40606060606
hpmcounter8,jump,seed2,77,46524.64848484848
hpmcounter8,jump,seed2,78,46519.42424242424
hpmcounter8,jump,seed2,79,46516.8
hpmcounter8,jump,seed2,80,46509.454545454544
hpmcounter8,jump,seed2,81,46498.07272727273
hpmcounter8,jump,seed2,82,46487.030303030304
hpmcounter8,jump,seed2,83,46475.73333333333
hpmcounter8,jump,seed2,84,46466.472727272725
hpmcounter8,jump,seed2,85,46456.66060606061
hpmcounter8,jump,seed2,86,46453.509090909094
hpmcounter8,jump,seed2,87,46456.17575757576
hpmcounter8,jump,seed2,88,46455.01212121212
hpmcounter8,jump,seed2,89,46454.94545454546
hpmcounter8,jump,seed2,90,46454.93939393939
hpmcounter8,jump,seed2,91,46453.72727272727
hpmcounter8,jump,seed2,92,46456.666666666664
hpmcounter8,jump,seed2,93,46458.30909090909
hpmcounter8,jump,seed2,94,46458.04242424243
hpmcounter8,jump,seed2,95,46453.90303030303
hpmcounter8,jump,seed2,96,46452.666666666664
hpmcounter8,jump,seed2,97,46456.551515151514
hpmcounter8,jump,seed2,98,46459.75151515152
hpmcounter8,jump,seed2,99,46465.624242424245
hpmcounter8,jump,seed2,100,46470.36363636364
hpmcounter8,jump,seed2,101,46475.472727272725
hpmcounter8,jump,seed2,102,46490.4
hpmcounter8,jump,seed2,103,46498.587878787876
hpmcounter8,jump,seed2,104,46505.01818181818
hpmcounter8,jump,seed2,105,46510.38181818182
hpmcounter8,jump,seed2,106,46508.70909090909
hpmcounter8,jump,seed2,107,46506.38181818182
hpmcounter8,jump,seed2,108,46501.90909090909
hpmcounter8,jump,seed2,109,46498.69696969697
hpmcounter8,jump,seed2,110,46491.13333333333
hpmcounter8,jump,seed2,111,46476.81212121212
hpmcounter8,jump,seed2,112,46472.07878787879
hpmcounter8,jump,seed2,113,46465.2303030303
hpmcounter8,jump,seed2,114,46462.61818181818
hpmcounter8,jump,seed2,115,46466.91515151515
hpmcounter8,jump,seed2,116,46466.00606060606
hpmcounter8,jump,seed2,117,46465.2303030303
hpmcounter8,jump,seed2,118,46465.15757575758
hpmcounter8,jump,seed2,119,46468.75151515152
hpmcounter8,jump,seed2,120,46469.551515151514
hpmcounter8,jump,seed2,121,46463.53939393939
hpmcounter8,jump,seed2,122,46460.90303030303
hpmcounter8,jump,seed2,123,46463.56363636364
hpmcounter8,jump,seed2,124,46461.04242424243
hpmcounter8,jump,seed2,125,46467.44242424242
hpmcounter8,jump,seed2,126,46461.454545454544
hpmcounter8,jump,seed2,127,46457.22424242424
hpmcounter8,jump,seed2,128,46457.75151515152
hpmcounter8,jump,seed2,129,46459.490909090906
hpmcounter8,jump,seed2,130,46461.29090909091
hpmcounter8,jump,seed2,131,46458.99393939394
hpmcounter8,jump,seed2,132,46461.91515151515
hpmcounter8,jump,seed2,133,46475.145454545454
hpmcounter8,jump,seed2,134,46480.739393939395
hpmcounter8,jump,seed2,135,46487.03636363636
hpmcounter8,jump,seed2,136,46476.96363636364
hpmcounter8,jump,seed2,137,46460.8
hpmcounter8,jump,seed2,138,46452.00606060606
hpmcounter8,jump,seed2,139,46437.624242424245
hpmcounter8,jump,seed2,140,46427.32727272727
hpmcounter8,jump,seed2,141,46417.79393939394
hpmcounter8,jump,seed2,142,46417.78787878788
hpmcounter8,jump,seed2,143,46427.22424242424
hpmcounter8,jump,seed2,144,46441.84848484849
hpmcounter8,jump,seed2,145,46455.4
hpmcounter8,jump,seed2,146,46462.933333333334
hpmcounter8,jump,seed2,147,46468.53333333333
hpmcounter8,jump,seed2,148,46758.1696969697
hpmcounter8,jump,seed2,149,46982.70303030303
hpmcounter8,jump,seed2,150,47139.260606060605
hpmcounter8,jump,seed2,151,47510.07878787879
hpmcounter8,jump,seed2,152,48044.90909090909
hpmcounter8,jump,seed2,153,48673.93939393939
hpmcounter8,jump,seed2,154,49334.30303030303
hpmcounter8,jump,seed2,155,49961.51515151515
hpmcounter8,jump,seed2,156,50492.818181818184
hpmcounter8,jump,seed2,157,50874.69696969697
hpmcounter8,jump,seed2,158,51385.18787878788
hpmcounter8,jump,seed2,159,51678.10909090909
hpmcounter8,jump,seed2,160,51680.393939393936
hpmcounter8,jump,seed2,161,51678.90909090909
hpmcounter8,jump,seed2,162,51683.00606060606
hpmcounter8,jump,seed2,163,51686.48484848485
hpmcounter8,jump,seed2,164,51688.67272727273
hpmcounter8,jump,seed2,165,51400.88484848485
hpmcounter8,jump,seed2,166,50897.509090909094
hpmcounter8,jump,seed2,167,50235.8
hpmcounter8,jump,seed2,168,49484.52121212121
hpmcounter8,jump,seed2,169,48986.11515151515
hpmcounter8,jump,seed2,170,48727.933333333334
hpmcounter8,jump,seed2,171,48722.1393939394
hpmcounter8,jump,seed2,172,48965.07878787879
hpmcounter8,jump,seed2,173,49458.13333333333
hpmcounter8,jump,seed2,174,50207.30303030303
hpmcounter8,jump,seed2,175,50859.59393939394
hpmcounter8,jump,seed2,176,51356.93939393939
hpmcounter8,jump,seed2,177,51349.024242424246
hpmcounter8,jump,seed2,178,50846.70909090909
hpmcounter8,jump,seed2,179,50191.06060606061
hpmcounter8,jump,seed2,180,49442.66060606061
hpmcounter8,jump,seed2,181,48671.472727272725
hpmcounter8,jump,seed2,182,47927.412121212124
hpmcounter8,jump,seed2,183,47271.71515151515
hpmcounter8,jump,seed2,184,46777.70909090909
hpmcounter8,jump,seed2,185,46501.933333333334
hpmcounter8,jump,seed2,186,46503.53939393939
hpmcounter8,jump,seed2,187,46504.51515151515
hpmcounter8,jump,seed2,188,46510.00606060606
hpmcounter8,jump,seed2,189,46508.84848484849
hpmcounter8,jump,seed2,190,46504.90909090909
hpmcounter8,jump,seed2,191,46499.98787878788
hpmcounter8,jump,seed2,192,46493.569696969695
hpmcounter8,jump,seed2,193,46481.84242424242
hpmcounter8,jump,seed2,194,46473.587878787876
hpmcounter8,jump,seed2,195,46462.90303030303
hpmcounter8,jump,seed2,196,46457.11515151515
hpmcounter8,jump,seed2,197,46458.26666666667
hpmcounter8,jump,seed2,198,46468.8303030303
hpmcounter8,jump,seed2,199,46482.38181818182
hpmcounter8,jump,seed2,200,46492.88484848485
hpmcounter8,jump,seed2,201,46499.878787878784
hpmcounter8,jump,seed2,202,46508.19393939394
hpmcounter8,jump,seed2,203,46511.684848484845
hpmcounter8,jump,seed2,204,46515.315151515155
hpmcounter8,jump,seed2,205,46515.545454545456
hpmcounter8,jump,seed2,206,46516.20606060606
hpmcounter8,jump,seed2,207,46515.412121212124
hpmcounter8,jump,seed2,208,46516.13333333333
hpmcounter8,jump,seed2,209,46515.218181818185
hpmcounter8,jump,seed2,210,46513.15151515151
hpmcounter8,jump,seed2,211,46504.91515151515
hpmcounter8,jump,seed2,212,46501.94545454546
hpmcounter8,jump,seed2,213,46495.666666666664
hpmcounter8,jump,seed2,214,46492.78787878788
hpmcounter8,jump,seed2,215,46488.90303030303
hpmcounter8,jump,seed2,216,46491.818181818184
hpmcounter8,jump,seed2,217,46495.92121212121
hpmcounter8,jump,seed2,218,46498.26666666667
hpmcounter8,jump,seed2,219,46502.74545454545
hpmcounter8,jump,seed2,220,46504.95757575757
hpmcounter8,jump,seed2,221,46502.1393939394
hpmcounter8,jump,seed2,222,46506.490909090906
hpmcounter8,jump,seed2,223,46506.98181818182
hpmcounter8,jump,seed2,224,46508.32727272727
hpmcounter8,jump,seed2,225,46505.32121212121
hpmcounter8,jump,seed2,226,46508.878787878784
hpmcounter8,jump,seed2,227,46508.26666666667
hpmcounter8,jump,seed2,228,46500.74545454545
hpmcounter8,jump,seed2,229,46494.721212121214
hpmcounter8,jump,seed2,230,46486.15151515151
hpmcounter8,jump,seed2,231,46477.33939393939
hpmcounter8,jump,seed2,232,46471.412121212124
hpmcounter8,jump,seed2,233,46465.79393939394
hpmcounter8,jump,seed2,234,46460.07878787879
hpmcounter8,jump,seed2,235,46457.08484848485
hpmcounter8,jump,seed2,236,46453.46060606061
hpmcounter8,jump,seed2,237,46449.375757575755
hpmcounter8,jump,seed2,238,46445.63636363636
hpmcounter8,jump,seed2,239,46445.92121212121
hpmcounter8,jump,seed2,240,46453.12727272727
hpmcounter8,jump,seed2,241,46464.49696969697
hpmcounter8,jump,seed2,242,46480.666666666664
hpmcounter8,jump,seed2,243,46493.048484848485
hpmcounter8,jump,seed2,244,46505.412121212124
hpmcounter8,jump,seed2,245,46515.836363636365
hpmcounter8,jump,seed2,246,46512.375757575755
hpmcounter8,jump,seed2,247,46506.82424242424
hpmcounter8,jump,seed2,248,46501.19393939394
hpmcounter8,jump,seed2,249,46499.4
hpmcounter8,jump,seed2,250,46503.52121212121
hpmcounter8,jump,seed2,251,46506.375757575755
hpmcounter8,jump,seed2,252,46507.6303030303
hpmcounter8,jump,seed2,253,46497.242424242424
hpmcounter8,jump,seed2,254,46491.236363636366
hpmcounter8,jump,seed2,255,46481.28484848485
hpmcounter8,jump,seed2,256,46470.933333333334
hpmcounter8,jump,seed2,257,46462.454545454544
hpmcounter8,jump,seed2,258,46457.12727272727
hpmcounter8,jump,seed2,259,46459.72727272727
hpmcounter8,jump,seed2,260,46471.51515151515
hpmcounter8,jump,seed2,261,46486.91515151515
hpmcounter8,jump,seed2,262,46500.81212121212
hpmcounter8,jump,seed2,263,46505.59393939394
hpmcounter8,jump,seed2,264,46508.15151515151
hpmcounter8,jump,seed2,265,46500.17575757576
hpmcounter8,jump,seed2,266,46495.86666666667
hpmcounter8,jump,seed2,267,46495.8606060606
hpmcounter8,jump,seed2,268,46496.412121212124
hpmcounter8,jump,seed2,269,46492.2303030303
hpmcounter8,jump,seed2,270,46488.95757575757
hpmcounter8,jump,seed2,271,46480.8303030303
hpmcounter8,jump,seed2,272,46474.490909090906
hpmcounter8,jump,seed2,273,46474.448484848486
hpmcounter8,jump,seed2,274,46472.854545454546
hpmcounter8,jump,seed2,275,46465.57575757576
hpmcounter8,jump,seed2,276,46462.13333333333
hpmcounter8,jump,seed2,277,46462.545454545456
hpmcounter8,jump,seed2,278,46472.92121212121
hpmcounter8,jump,seed2,279,46484.40606060606
hpmcounter8,jump,seed2,280,46497.10303030303
hpmcounter8,jump,seed2,281,46502.53939393939
hpmcounter8,jump,seed2,282,46502.53939393939
hpmcounter8,jump,seed2,283,46503.67878787879
hpmcounter8,jump,seed2,284,46499.29090909091
hpmcounter8,jump,seed2,285,46488.80606060606
hpmcounter8,jump,seed2,286,46477.79393939394
hpmcounter8,jump,seed2,287,46460.06060606061
hpmcounter8,jump,seed2,288,46442.181818181816
hpmcounter8,jump,seed2,289,46432.43636363636
hpmcounter8,jump,seed2,290,46428.606060606064
hpmcounter8,jump,seed2,291,46433.48484848485
hpmcounter8,jump,seed2,292,46446.1696969697
hpmcounter8,jump,seed2,293,46463.933333333334
hpmcounter8,jump,seed2,294,46478.07878787879
hpmcounter8,jump,seed2,295,46490.2303030303
hpmcounter8,jump,seed2,296,46500.066666666666
hpmcounter8,jump,seed2,297,46502.61212121212
hpmcounter8,jump,seed2,298,46499.218181818185
hpmcounter8,jump,seed20,9,49546.41818181818
hpmcounter8,jump,seed20,10,49525.218181818185
hpmcounter8,jump,seed20,11,49214.51515151515
hpmcounter8,jump,seed20,12,48769.07878787879
hpmcounter8,jump,seed20,13,48241.357575757575
hpmcounter8,jump,seed20,14,47691.66060606061
hpmcounter8,jump,seed20,15,47180.98181818182
hpmcounter8,jump,seed20,16,46765.781818181815
hpmcounter8,jump,seed20,17,46520.09696969697
hpmcounter8,jump,seed20,18,46521.82424242424
hpmcounter8,jump,seed20,19,46511.490909090906
hpmcounter8,jump,seed20,20,46505.10303030303
hpmcounter8,jump,seed20,21,46501.03636363636
hpmcounter8,jump,seed20,22,46492.606060606064
hpmcounter8,jump,seed20,23,46484.43636363636
hpmcounter8,jump,seed20,24,46486.315151515155
hpmcounter8,jump,seed20,25,46486.35151515152
hpmcounter8,jump,seed20,26,46485.95757575757
hpmcounter8,jump,seed20,27,46482.412121212124
hpmcounter8,jump,seed20,28,46481.69090909091
hpmcounter8,jump,seed20,29,46475.33939393939
hpmcounter8,jump,seed20,30,46470.96363636364
hpmcounter8,jump,seed20,31,46469.430303030305
hpmcounter8,jump,seed20,32,46463.509090909094
hpmcounter8,jump,seed20,33,46464.55757575758
hpmcounter8,jump,seed20,34,46476.8303030303
hpmcounter8,jump,seed20,35,46483.29696969697
hpmcounter8,jump,seed20,36,46487.8606060606
hpmcounter8,jump,seed20,37,46495.430303030305
hpmcounter8,jump,seed20,38,46502.163636363635
hpmcounter8,jump,seed20,39,46506.278787878786
hpmcounter8,jump,seed20,40,46510.42424242424
hpmcounter8,jump,seed20,41,46506.90303030303
hpmcounter8,jump,seed20,42,46501.2303030303
hpmcounter8,jump,seed20,43,46499.46666666667
hpmcounter8,jump,seed20,44,46503.89696969697
hpmcounter8,jump,seed20,45,46497.393939393936
hpmcounter8,jump,seed20,46,46773.92121212121
hpmcounter8,jump,seed20,47,47266.29090909091
hpmcounter8,jump,seed20,48,47922.878787878784
hpmcounter8,jump,seed20,49,48681.48484848485
hpmcounter8,jump,seed20,50,49188.99393939394
hpmcounter8,jump,seed20,51,49438.07878787879
hpmcounter8,jump,seed20,52,49436.375757575755
hpmcounter8,jump,seed20,53,49177.44242424242
hpmcounter8,jump,seed20,54,48675.75151515152
hpmcounter8,jump,seed20,55,47919.763636363634
hpmcounter8,jump,seed20,56,47260.42424242424
hpmcounter8,jump,seed20,57,46747.93939393939
hpmcounter8,jump,seed20,58,46459.80606060606
hpmcounter8,jump,seed20,59,46462.35151515152
hpmcounter8,jump,seed20,60,46467.28484848485
hpmcounter8,jump,seed20,61,46470.29696969697
hpmcounter8,jump,seed20,62,46472.412121212124
hpmcounter8,jump,seed20,63,46466.19393939394
hpmcounter8,jump,seed20,64,46460.70303030303
hpmcounter8,jump,seed20,65,46456.448484848486
hpmcounter8,jump,seed20,66,46454.86666666667
hpmcounter8,jump,seed20,67,46457.18787878788
hpmcounter8,jump,seed20,68,46459.2303030303
hpmcounter8,jump,seed20,69,46466.64848484848
hpmcounter8,jump,seed20,70,46476.606060606064
hpmcounter8,jump,seed20,71,46481.024242424246
hpmcounter8,jump,seed20,72,46487.278787878786
hpmcounter8,jump,seed20,73,46492.84242424242
hpmcounter8,jump,seed20,74,46498.6303030303
hpmcounter8,jump,seed20,75,46500.472727272725
hpmcounter8,jump,seed20,76,46501.47878787879
hpmcounter8,jump,seed20,77,46503.739393939395
hpmcounter8,jump,seed20,78,46507.22424242424
hpmcounter8,jump,seed20,79,46509.1393939394
hpmcounter8,jump,seed20,80,46506.03636363636
hpmcounter8,jump,seed20,81,46500.00606060606
hpmcounter8,jump,seed20,82,46493.975757575754
hpmcounter8,jump,seed20,83,46498.739393939395
hpmcounter8,jump,seed20,84,46504.87272727273
hpmcounter8,jump,seed20,85,46513.551515151514
hpmcounter8,jump,seed20,86,46532.53333333333
hpmcounter8,jump,seed20,87,46547.65454545455
hpmcounter8,jump,seed20,88,46559.412121212124
hpmcounter8,jump,seed20,89,46563.90303030303
hpmcounter8,jump,seed20,90,46560.80606060606
hpmcounter8,jump,seed20,91,46549.42424242424
hpmcounter8,jump,seed20,92,46535.92727272727
hpmcounter8,jump,seed20,93,46529.551515151514
hpmcounter8,jump,seed20,94,46517.024242424246
hpmcounter8,jump,seed20,95,46506.15151515151
hpmcounter8,jump,seed20,96,46503.55757575758
hpmcounter8,jump,seed20,97,46500.13333333333
hpmcounter8,jump,seed20,98,46497.70909090909
hpmcounter8,jump,seed20,99,46493.260606060605
hpmcounter8,jump,seed20,100,46495.38181818182
hpmcounter8,jump,seed20,101,46486.61212121212
hpmcounter8,jump,seed20,102,46485.67272727273
hpmcounter8,jump,seed20,103,46483.66060606061
hpmcounter8,jump,seed20,104,46483.684848484845
hpmcounter8,jump,seed20,105,46475.59393939394
hpmcounter8,jump,seed20,106,46473.26666666667
hpmcounter8,jump,seed20,107,46470.25454545455
hpmcounter8,jump,seed20,108,46467.218181818185
hpmcounter8,jump,seed20,109,46470.22424242424
hpmcounter8,jump,seed20,110,46475.8606060606
hpmcounter8,jump,seed20,111,46471.77575757576
hpmcounter8,jump,seed20,112,46467.29090909091
hpmcounter8,jump,seed20,113,46459.28484848485
hpmcounter8,jump,seed20,114,46460.80606060606
hpmcounter8,jump,seed20,115,46451.22424242424
hpmcounter8,jump,seed20,116,46445.50303030303
hpmcounter8,jump,seed20,117,46443.666666666664
hpmcounter8,jump,seed20,118,46442.333333333336
hpmcounter8,jump,seed20,119,46451.88484848485
hpmcounter8,jump,seed20,120,46461.357575757575
hpmcounter8,jump,seed20,121,46470.509090909094
hpmcounter8,jump,seed20,122,46471.066666666666
hpmcounter8,jump,seed20,123,46469.27272727273
hpmcounter8,jump,seed20,124,46470.19393939394
hpmcounter8,jump,seed20,125,46469.17575757576
hpmcounter8,jump,seed20,126,46464.472727272725
hpmcounter8,jump,seed20,127,46741.412121212124
hpmcounter8,jump,seed20,128,46956.448484848486
hpmcounter8,jump,seed20,129,47118.739393939395
hpmcounter8,jump,seed20,130,47215.1393939394
hpmcounter8,jump,seed20,131,47251.58181818182
hpmcounter8,jump,seed20,132,47221.61212121212
hpmcounter8,jump,seed20,133,47130.757575757576
hpmcounter8,jump,seed20,134,46976.969696969696
hpmcounter8,jump,seed20,135,46757.836363636365
hpmcounter8,jump,seed20,136,46479.430303030305
hpmcounter8,jump,seed20,137,46481.38181818182
hpmcounter8,jump,seed20,138,46481.92727272727
hpmcounter8,jump,seed20,139,46486.490909090906
hpmcounter8,jump,seed20,140,46487.09696969697
hpmcounter8,jump,seed20,141,46491.666666666664
hpmcounter8,jump,seed20,142,46497.969696969696
hpmcounter8,jump,seed20,143,46504.27272727273
hpmcounter8,jump,seed20,144,46510.86666666667
hpmcounter8,jump,seed20,145,46515.98787878788
hpmcounter8,jump,seed20,146,46516.42424242424
hpmcounter8,jump,seed20,147,46513.527272727275
hpmcounter8,jump,seed20,148,46509.53333333333
hpmcounter8,jump,seed20,149,46500.09090909091
hpmcounter8,jump,seed20,150,46485.933333333334
hpmcounter8,jump,seed20,151,46756.30303030303
hpmcounter8,jump,seed20,152,47251.35151515152
hpmcounter8,jump,seed20,153,47903.315151515155
hpmcounter8,jump,seed20,154,48657.42424242424
hpmcounter8,jump,seed20,155,49445.75151515152
hpmcounter8,jump,seed20,156,50205.27272727273
hpmcounter8,jump,seed20,157,50872.763636363634
hpmcounter8,jump,seed20,158,51381.393939393936
hpmcounter8,jump,seed20,159,51662.8606060606
hpmcounter8,jump,seed20,160,51657.51515151515
hpmcounter8,jump,seed20,161,51653.38181818182
hpmcounter8,jump,seed20,162,51654.569696969695
hpmcounter8,jump,seed20,163,51649.90909090909
hpmcounter8,jump,seed20,164,51655.218181818185
hpmcounter8,jump,seed20,165,51656.04242424243
hpmcounter8,jump,seed20,166,51665.048484848485
hpmcounter8,jump,seed20,167,51393.04242424243
hpmcounter8,jump,seed20,168,50903.0
hpmcounter8,jump,seed20,169,50251.41818181818
hpmcounter8,jump,seed20,170,49505.04242424243
hpmcounter8,jump,seed20,171,48724.86666666667
hpmcounter8,jump,seed20,172,47976.11515151515
hpmcounter8,jump,seed20,173,47313.70909090909
hpmcounter8,jump,seed20,174,46815.357575757575
hpmcounter8,jump,seed20,175,46528.218181818185
hpmcounter8,jump,seed20,176,46521.32121212121
hpmcounter8,jump,seed20,177,46795.260606060605
hpmcounter8,jump,seed20,178,47288.315151515155
hpmcounter8,jump,seed20,179,47656.56363636364
hpmcounter8,jump,seed20,180,47904.89090909091
hpmcounter8,jump,seed20,181,48032.181818181816
hpmcounter8,jump,seed20,182,48036.52121212121
hpmcounter8,jump,seed20,183,47913.218181818185
hpmcounter8,jump,seed20,184,47671.260606060605
hpmcounter8,jump,seed20,185,47297.06060606061
hpmcounter8,jump,seed20,186,46791.26666666667
hpmcounter8,jump,seed20,187,46505.509090909094
hpmcounter8,jump,seed20,188,46506.01212121212
hpmcounter8,jump,seed20,189,46502.551515151514
hpmcounter8,jump,seed20,190,46498.98787878788
hpmcounter8,jump,seed20,191,46494.15151515151
hpmcounter8,jump,seed20,192,46498.854545454546
hpmcounter8,jump,seed20,193,46497.93939393939
hpmcounter8,jump,seed20,194,46501.34545454545
hpmcounter8,jump,seed20,195,46503.69696969697
hpmcounter8,jump,seed20,196,46500.57575757576
hpmcounter8,jump,seed20,197,46493.50303030303
hpmcounter8,jump,seed20,198,46489.412121212124
hpmcounter8,jump,seed20,199,46486.666666666664
hpmcounter8,jump,seed20,200,46484.878787878784
hpmcounter8,jump,seed20,201,46481.29090909091
hpmcounter8,jump,seed20,202,46485.781818181815
hpmcounter8,jump,seed20,203,46481.509090909094
hpmcounter8,jump,seed20,204,46479.99393939394
hpmcounter8,jump,seed20,205,46486.27272727273
hpmcounter8,jump,seed20,206,46489.01212121212
hpmcounter8,jump,seed20,207,46483.236363636366
hpmcounter8,jump,seed20,208,46469.878787878784
hpmcounter8,jump,seed20,209,46463.818181818184
hpmcounter8,jump,seed20,210,46456.18787878788
hpmcounter8,jump,seed20,211,46455.00606060606
hpmcounter8,jump,seed20,212,46457.50303030303
hpmcounter8,jump,seed20,213,46461.8
hpmcounter8,jump,seed20,214,46461.836363636365
hpmcounter8,jump,seed20,215,46470.32727272727
hpmcounter8,jump,seed20,216,46476.10909090909
hpmcounter8,jump,seed20,217,46478.18787878788
hpmcounter8,jump,seed20,218,46759.20606060606
hpmcounter8,jump,seed20,219,46979.066666666666
hpmcounter8,jump,seed20,220,47137.67878787879
hpmcounter8,jump,seed20,221,47235.84242424242
hpmcounter8,jump,seed20,222,47275.00606060606
hpmcounter8,jump,seed20,223,47252.44242424242
hpmcounter8,jump,seed20,224,47157.25454545455
hpmcounter8,jump,seed20,225,47001.79393939394
hpmcounter8,jump,seed20,226,46779.09696969697
hpmcounter8,jump,seed20,227,46496.242424242424
hpmcounter8,jump,seed20,228,46493.32727272727
hpmcounter8,jump,seed20,229,46489.69696969697
hpmcounter8,jump,seed20,230,46485.721212121214
hpmcounter8,jump,seed20,231,46479.90909090909
hpmcounter8,jump,seed20,232,46476.66060606061
hpmcounter8,jump,seed20,233,46474.854545454546
hpmcounter8,jump,seed20,234,46469.73333333333
hpmcounter8,jump,seed20,235,46463.048484848485
hpmcounter8,jump,seed20,236,46452.90909090909
hpmcounter8,jump,seed20,237,46450.65454545455
hpmcounter8,jump,seed20,238,46451.49696969697
hpmcounter8,jump,seed20,239,46456.64848484848
hpmcounter8,jump,seed20,240,46460.49696969697
hpmcounter8,jump,seed20,241,46459.12727272727
hpmcounter8,jump,seed20,242,46454.35151515152
hpmcounter8,jump,seed20,243,46459.7696969697
hpmcounter8,jump,seed20,244,46465.73333333333
hpmcounter8,jump,seed20,245,46466.57575757576
hpmcounter8,jump,seed20,246,46460.96363636364
hpmcounter8,jump,seed20,247,46459.10303030303
hpmcounter8,jump,seed20,248,46465.99393939394
hpmcounter8,jump,seed20,249,46476.10303030303
hpmcounter8,jump,seed20,250,46490.63636363636
hpmcounter8,jump,seed20,251,46501.74545454545
hpmcounter8,jump,seed20,252,46499.024242424246
hpmcounter8,jump,seed20,253,46781.18787878788
hpmcounter8,jump,seed20,254,47283.38787878788
hpmcounter8,jump,seed20,255,47941.030303030304
hpmcounter8,jump,seed20,256,48690.01212121212
hpmcounter8,jump,seed20,257,49191.24848484848
hpmcounter8,jump,seed20,258,49445.44242424242
hpmcounter8,jump,seed20,259,49448.8606060606
hpmcounter8,jump,seed20,260,49490.15757575758
hpmcounter8,jump,seed20,261,49496.7696969697
hpmcounter8,jump,seed20,262,49121.07878787879
hpmcounter8,jump,seed20,263,48709.88484848485
hpmcounter8,jump,seed20,264,48330.0
hpmcounter8,jump,seed20,265,48041.242424242424
hpmcounter8,jump,seed20,266,47907.375757575755
hpmcounter8,jump,seed20,267,47650.1696969697
hpmcounter8,jump,seed20,268,47271.25454545455
hpmcounter8,jump,seed20,269,46769.71515151515
hpmcounter8,jump,seed20,270,46492.218181818185
hpmcounter8,jump,seed20,271,46494.13333333333
hpmcounter8,jump,seed20,272,46496.781818181815
hpmcounter8,jump,seed20,273,46509.25454545455
hpmcounter8,jump,seed20,274,46520.15151515151
hpmcounter8,jump,seed20,275,46526.29090909091
hpmcounter8,jump,seed20,276,46533.36363636364
hpmcounter8,jump,seed20,277,46533.236363636366
hpmcounter8,jump,seed20,278,46534.69696969697
hpmcounter8,jump,seed20,279,46532.569696969695
hpmcounter8,jump,seed20,280,46526.878787878784
hpmcounter8,jump,seed20,281,46522.92727272727
hpmcounter8,jump,seed20,282,46508.59393939394
hpmcounter8,jump,seed20,283,46502.71515151515
hpmcounter8,jump,seed20,284,46490.739393939395
hpmcounter8,jump,seed20,285,46476.6
hpmcounter8,jump,seed20,286,46467.048484848485
hpmcounter8,jump,seed20,287,46460.781818181815
hpmcounter8,jump,seed20,288,46454.61212121212
hpmcounter8,jump,seed20,289,46449.606060606064
hpmcounter8,jump,seed20,290,46447.98787878788
hpmcounter8,jump,seed20,291,46450.50303030303
hpmcounter8,jump,seed20,292,46452.781818181815
hpmcounter8,jump,seed20,293,46460.80606060606
hpmcounter8,jump,seed20,294,46471.472727272725
hpmcounter8,jump,seed20,295,46480.47878787879
hpmcounter8,jump,seed20,296,46488.15151515151
hpmcounter8,jump,seed20,297,46494.2
hpmcounter8,jump,seed20,298,46489.77575757576
hpmcounter8,jump,seed3,9,46512.024242424246
hpmcounter8,jump,seed3,10,46509.99393939394
hpmcounter8,jump,seed3,11,46506.70909090909
hpmcounter8,jump,seed3,12,46507.757575757576
hpmcounter8,jump,seed3,13,46498.66060606061
hpmcounter8,jump,seed3,14,46494.20606060606
hpmcounter8,jump,seed3,15,46490.89090909091
hpmcounter8,jump,seed3,16,46494.975757575754
hpmcounter8,jump,seed3,17,46498.32727272727
hpmcounter8,jump,seed3,18,46506.260606060605
hpmcounter8,jump,seed3,19,46512.92121212121
hpmcounter8,jump,seed3,20,46796.15757575758
hpmcounter8,jump,seed3,21,47012.89090909091
hpmcounter8,jump,seed3,22,47170.36363636364
hpmcounter8,jump,seed3,23,47538.46060606061
hpmcounter8,jump,seed3,24,47785.048484848485
hpmcounter8,jump,seed3,25,48185.8606060606
hpmcounter8,jump,seed3,26,48392.98787878788
hpmcounter8,jump,seed3,27,48417.17575757576
hpmcounter8,jump,seed3,28,48256.24848484848
hpmcounter8,jump,seed3,29,47915.15151515151
hpmcounter8,jump,seed3,30,47730.8606060606
hpmcounter8,jump,seed3,31,47421.781818181815
hpmcounter8,jump,seed3,32,46994.763636363634
hpmcounter8,jump,seed3,33,46787.8
hpmcounter8,jump,seed3,34,46510.96363636364
hpmcounter8,jump,seed3,35,46512.666666666664
hpmcounter8,jump,seed3,36,46510.91515151515
hpmcounter8,jump,seed3,37,46508.28484848485
hpmcounter8,jump,seed3,38,46499.70303030303
hpmcounter8,jump,seed3,39,46497.50303030303
hpmcounter8,jump,seed3,40,46491.06060606061
hpmcounter8,jump,seed3,41,46482.2
hpmcounter8,jump,seed3,42,46475.61818181818
hpmcounter8,jump,seed3,43,46474.51515151515
hpmcounter8,jump,seed3,44,46472.551515151514
hpmcounter8,jump,seed3,45,46471.18787878788
hpmcounter8,jump,seed3,46,46473.59393939394
hpmcounter8,jump,seed3,47,46477.34545454545
hpmcounter8,jump,seed3,48,46477.024242424246
hpmcounter8,jump,seed3,49,46483.69696969697
hpmcounter8,jump,seed3,50,46482.69696969697
hpmcounter8,jump,seed3,51,46483.32727272727
hpmcounter8,jump,seed3,52,46482.818181818184
hpmcounter8,jump,seed3,53,46484.86666666667
hpmcounter8,jump,seed3,54,46487.69090909091
hpmcounter8,jump,seed3,55,46500.04242424243
hpmcounter8,jump,seed3,56,46508.32727272727
hpmcounter8,jump,seed3,57,46515.70303030303
hpmcounter8,jump,seed3,58,46526.721212121214
hpmcounter8,jump,seed3,59,46536.030303030304
hpmcounter8,jump,seed3,60,46537.836363636365
hpmcounter8,jump,seed3,61,46536.01818181818
hpmcounter8,jump,seed3,62,46533.00606060606
hpmcounter8,jump,seed3,63,46526.490909090906
hpmcounter8,jump,seed3,64,46513.315151515155
hpmcounter8,jump,seed3,65,46505.77575757576
hpmcounter8,jump,seed3,66,46496.260606060605
hpmcounter8,jump,seed3,67,46480.8303030303
hpmcounter8,jump,seed3,68,46469.975757575754
hpmcounter8,jump,seed3,69,46460.975757575754
hpmcounter8,jump,seed3,70,46453.28484848485
hpmcounter8,jump,seed3,71,46447.242424242424
hpmcounter8,jump,seed3,72,46446.13333333333
hpmcounter8,jump,seed3,73,46450.1393939394
hpmcounter8,jump,seed3,74,46456.43636363636
hpmcounter8,jump,seed3,75,46462.81212121212
hpmcounter8,jump,seed3,76,46466.587878787876
hpmcounter8,jump,seed3,77,46469.29090909091
hpmcounter8,jump,seed3,78,46471.92727272727
hpmcounter8,jump,seed3,79,46473.86666666667
hpmcounter8,jump,seed3,80,46475.430303030305
hpmcounter8,jump,seed3,81,46473.38787878788
hpmcounter8,jump,seed3,82,46471.509090909094
hpmcounter8,jump,seed3,83,46472.29090909091
hpmcounter8,jump,seed3,84,46476.836363636365
hpmcounter8,jump,seed3,85,46480.242424242424
hpmcounter8,jump,seed3,86,46482.72727272727
hpmcounter8,jump,seed3,87,46481.933333333334
hpmcounter8,jump,seed3,88,46479.4
hpmcounter8,jump,seed3,89,46484.181818181816
hpmcounter8,jump,seed3,90,46487.8606060606
hpmcounter8,jump,seed3,91,46487.55757575758
hpmcounter8,jump,seed3,92,46485.49696969697
hpmcounter8,jump,seed3,93,46477.236363636366
hpmcounter8,jump,seed3,94,46460.66060606061
hpmcounter8,jump,seed3,95,46444.8303030303
hpmcounter8,jump,seed3,96,46437.63636363636
hpmcounter8,jump,seed3,97,46429.448484848486
hpmcounter8,jump,seed3,98,46424.90909090909
hpmcounter8,jump,seed3,99,46433.181818181816
hpmcounter8,jump,seed3,100,46437.10303030303
hpmcounter8,jump,seed3,101,46445.818181818184
hpmcounter8,jump,seed3,102,46456.4
hpmcounter8,jump,seed3,103,46465.52121212121
hpmcounter8,jump,seed3,104,46468.024242424246
hpmcounter8,jump,seed3,105,46475.98181818182
hpmcounter8,jump,seed3,106,46483.89696969697
hpmcounter8,jump,seed3,107,46498.40606060606
hpmcounter8,jump,seed3,108,46508.357575757575
hpmcounter8,jump,seed3,109,46517.545454545456
hpmcounter8,jump,seed3,110,46521.17575757576
hpmcounter8,jump,seed3,111,46520.721212121214
hpmcounter8,jump,seed3,112,46520.44242424242
hpmcounter8,jump,seed3,113,46513.7696969697
hpmcounter8,jump,seed3,114,46508.44242424242
hpmcounter8,jump,seed3,115,46508.18787878788
hpmcounter8,jump,seed3,116,46496.49696969697
hpmcounter8,jump,seed3,117,46492.46666666667
hpmcounter8,jump,seed3,118,46479.84848484849
hpmcounter8,jump,seed3,119,46459.49696969697
hpmcounter8,jump,seed3,120,46445.357575757575
hpmcounter8,jump,seed3,121,46435.10303030303
hpmcounter8,jump,seed3,122,46432.121212121216
hpmcounter8,jump,seed3,123,46429.8303030303
hpmcounter8,jump,seed3,124,46431.509090909094
hpmcounter8,jump,seed3,125,46442.624242424245
hpmcounter8,jump,seed3,126,46449.99393939394
hpmcounter8,jump,seed3,127,46457.20606060606
hpmcounter8,jump,seed3,128,46459.53939393939
hpmcounter8,jump,seed3,129,46455.0
hpmcounter8,jump,seed3,130,46447.2303030303
hpmcounter8,jump,seed3,131,46445.30909090909
hpmcounter8,jump,seed3,132,46730.472727272725
hpmcounter8,jump,seed3,133,46963.43636363636
hpmcounter8,jump,seed3,134,47132.278787878786
hpmcounter8,jump,seed3,135,47236.90909090909
hpmcounter8,jump,seed3,136,47285.951515151515
hpmcounter8,jump,seed3,137,47549.8606060606
hpmcounter8,jump,seed3,138,47688.12727272727
hpmcounter8,jump,seed3,139,47694.50303030303
hpmcounter8,jump,seed3,140,47558.509090909094
hpmcounter8,jump,seed3,141,47293.242424242424
hpmcounter8,jump,seed3,142,47246.30303030303
hpmcounter8,jump,seed3,143,47141.32121212121
hpmcounter8,jump,seed3,144,46972.52121212121
hpmcounter8,jump,seed3,145,46741.030303030304
hpmcounter8,jump,seed3,146,46454.454545454544
hpmcounter8,jump,seed3,147,46450.048484848485
hpmcounter8,jump,seed3,148,46453.412121212124
hpmcounter8,jump,seed3,149,46457.739393939395
hpmcounter8,jump,seed3,150,46455.56363636364
hpmcounter8,jump,seed3,151,46739.09090909091
hpmcounter8,jump,seed3,152,47247.75151515152
hpmcounter8,jump,seed3,153,47908.412121212124
hpmcounter8,jump,seed3,154,48666.80606060606
hpmcounter8,jump,seed3,155,49465.569696969695
hpmcounter8,jump,seed3,156,50230.81212121212
hpmcounter8,jump,seed3,157,50899.975757575754
hpmcounter8,jump,seed3,158,51409.236363636366
hpmcounter8,jump,seed3,159,51698.80606060606
hpmcounter8,jump,seed3,160,51708.32121212121
hpmcounter8,jump,seed3,161,51712.781818181815
hpmcounter8,jump,seed3,162,51714.04242424243
hpmcounter8,jump,seed3,163,51700.41818181818
hpmcounter8,jump,seed3,164,51685.43636363636
hpmcounter8,jump,seed3,165,51673.08484848485
hpmcounter8,jump,seed3,166,51657.145454545454
hpmcounter8,jump,seed3,167,51647.84242424242
hpmcounter8,jump,seed3,168,51638.70909090909
hpmcounter8,jump,seed3,169,51636.606060606064
hpmcounter8,jump,seed3,170,51358.048484848485
hpmcounter8,jump,seed3,171,50867.28484848485
hpmcounter8,jump,seed3,172,50222.08484848485
hpmcounter8,jump,seed3,173,49478.666666666664
hpmcounter8,jump,seed3,174,48696.58181818182
hpmcounter8,jump,seed3,175,47946.41818181818
hpmcounter8,jump,seed3,176,47284.8606060606
hpmcounter8,jump,seed3,177,46788.99393939394
hpmcounter8,jump,seed3,178,46513.84848484849
hpmcounter8,jump,seed3,179,46519.6303030303
hpmcounter8,jump,seed3,180,46513.763636363634
hpmcounter8,jump,seed3,181,46510.854545454546
hpmcounter8,jump,seed3,182,46507.46060606061
hpmcounter8,jump,seed3,183,46504.472727272725
hpmcounter8,jump,seed3,184,46501.333333333336
hpmcounter8,jump,seed3,185,46499.04242424243
hpmcounter8,jump,seed3,186,46492.07878787879
hpmcounter8,jump,seed3,187,46487.92727272727
hpmcounter8,jump,seed3,188,46490.18787878788
hpmcounter8,jump,seed3,189,46491.05454545454
hpmcounter8,jump,seed3,190,46487.121212121216
hpmcounter8,jump,seed3,191,46482.0
hpmcounter8,jump,seed3,192,46476.84848484849
hpmcounter8,jump,seed3,193,46473.49696969697
hpmcounter8,jump,seed3,194,46474.587878787876
hpmcounter8,jump,seed3,195,46479.65454545455
hpmcounter8,jump,seed3,196,46477.89090909091
hpmcounter8,jump,seed3,197,46479.278787878786
hpmcounter8,jump,seed3,198,46482.375757575755
hpmcounter8,jump,seed3,199,46481.96363636364
hpmcounter8,jump,seed3,200,46480.024242424246
hpmcounter8,jump,seed3,201,46473.13333333333
hpmcounter8,jump,seed3,202,46470.26666666667
hpmcounter8,jump,seed3,203,46469.46666666667
hpmcounter8,jump,seed3,204,46471.04242424243
hpmcounter8,jump,seed3,205,46478.527272727275
hpmcounter8,jump,seed3,206,46474.90909090909
hpmcounter8,jump,seed3,207,46477.93939393939
hpmcounter8,jump,seed3,208,46488.357575757575
hpmcounter8,jump,seed3,209,46495.67878787879
hpmcounter8,jump,seed3,210,46501.4
hpmcounter8,jump,seed3,211,46499.82424242424
hpmcounter8,jump,seed3,212,46496.242424242424
hpmcounter8,jump,seed3,213,46492.05454545454
hpmcounter8,jump,seed3,214,46487.24848484848
hpmcounter8,jump,seed3,215,46490.030303030304
hpmcounter8,jump,seed3,216,46486.4
hpmcounter8,jump,seed3,217,46476.26666666667
hpmcounter8,jump,seed3,218,46472.71515151515
hpmcounter8,jump,seed3,219,46472.818181818184
hpmcounter8,jump,seed3,220,46472.81212121212
hpmcounter8,jump,seed3,221,46474.73333333333
hpmcounter8,jump,seed3,222,46471.642424242425
hpmcounter8,jump,seed3,223,46469.38181818182
hpmcounter8,jump,seed3,224,46463.333333333336
hpmcounter8,jump,seed3,225,46469.551515151514
hpmcounter8,jump,seed3,226,46476.2303030303
hpmcounter8,jump,seed3,227,46473.84242424242
hpmcounter8,jump,seed3,228,46473.69696969697
hpmcounter8,jump,seed3,229,46471.8606060606
hpmcounter8,jump,seed3,230,46468.315151515155
hpmcounter8,jump,seed3,231,46472.048484848485
hpmcounter8,jump,seed3,232,46467.6303030303
hpmcounter8,jump,seed3,233,46457.43636363636
hpmcounter8,jump,seed3,234,46444.03636363636
hpmcounter8,jump,seed3,235,46443.181818181816
hpmcounter8,jump,seed3,236,46449.38181818182
hpmcounter8,jump,seed3,237,46451.43636363636
hpmcounter8,jump,seed3,238,46457.17575757576
hpmcounter8,jump,seed3,239,46462.86666666667
hpmcounter8,jump,seed3,240,46462.89696969697
hpmcounter8,jump,seed3,241,46471.42424242424
hpmcounter8,jump,seed3,242,46472.030303030304
hpmcounter8,jump,seed3,243,46467.393939393936
hpmcounter8,jump,seed3,244,46455.08484848485
hpmcounter8,jump,seed3,245,46440.527272727275
hpmcounter8,jump,seed3,246,46428.78787878788
hpmcounter8,jump,seed3,247,46417.98181818182
hpmcounter8,jump,seed3,248,46409.375757575755
hpmcounter8,jump,seed3,249,46405.26666666667
hpmcounter8,jump,seed3,250,46404.81212121212
hpmcounter8,jump,seed3,251,46412.587878787876
hpmcounter8,jump,seed3,252,46424.41818181818
hpmcounter8,jump,seed3,253,46440.94545454546
hpmcounter8,jump,seed3,254,46456.63636363636
hpmcounter8,jump,seed3,255,46467.57575757576
hpmcounter8,jump,seed3,256,46473.260606060605
hpmcounter8,jump,seed3,257,46477.95757575757
hpmcounter8,jump,seed3,258,46478.6303030303
hpmcounter8,jump,seed3,259,46470.10303030303
hpmcounter8,jump,seed3,260,46460.1393939394
hpmcounter8,jump,seed3,261,46444.63636363636
hpmcounter8,jump,seed3,262,46439.47878787879
hpmcounter8,jump,seed3,263,46438.721212121214
hpmcounter8,jump,seed3,264,46441.00606060606
hpmcounter8,jump,seed3,265,46447.551515151514
hpmcounter8,jump,seed3,266,46453.48484848485
hpmcounter8,jump,seed3,267,46466.22424242424
hpmcounter8,jump,seed3,268,46478.87272727273
hpmcounter8,jump,seed3,269,46488.763636363634
hpmcounter8,jump,seed3,270,46495.1393939394
hpmcounter8,jump,seed3,271,46491.975757575754
hpmcounter8,jump,seed3,272,46487.47878787879
hpmcounter8,jump,seed3,273,46481.666666666664
hpmcounter8,jump,seed3,274,46475.92121212121
hpmcounter8,jump,seed3,275,46470.4
hpmcounter8,jump,seed3,276,46464.74545454545
hpmcounter8,jump,seed3,277,46463.36363636364
hpmcounter8,jump,seed3,278,46463.454545454544
hpmcounter8,jump,seed3,279,46465.05454545454
hpmcounter8,jump,seed3,280,46467.6
hpmcounter8,jump,seed3,281,46473.818181818184
hpmcounter8,jump,seed3,282,46480.454545454544
hpmcounter8,jump,seed3,283,46485.969696969696
hpmcounter8,jump,seed3,284,46490.21212121212
hpmcounter8,jump,seed3,285,46492.412121212124
hpmcounter8,jump,seed3,286,46492.65454545455
hpmcounter8,jump,seed3,287,46494.15757575758
hpmcounter8,jump,seed3,288,46493.26666666667
hpmcounter8,jump,seed3,289,46490.878787878784
hpmcounter8,jump,seed3,290,46485.818181818184
hpmcounter8,jump,seed3,291,46477.35151515152
hpmcounter8,jump,seed3,292,46463.81212121212
hpmcounter8,jump,seed3,293,46455.80606060606
hpmcounter8,jump,seed3,294,46731.34545454545
hpmcounter8,jump,seed3,295,46949.75151515152
hpmcounter8,jump,seed3,296,47105.64848484848
hpmcounter8,jump,seed3,297,47205.20606060606
hpmcounter8,jump,seed3,298,47244.03636363636
hpmcounter8,jump,seed4,9,46499.030303030304
hpmcounter8,jump,seed4,10,46491.260606060605
hpmcounter8,jump,seed4,11,46487.10909090909
hpmcounter8,jump,seed4,12,46490.448484848486
hpmcounter8,jump,seed4,13,46487.17575757576
hpmcounter8,jump,seed4,14,46486.89090909091
hpmcounter8,jump,seed4,15,46487.278787878786
hpmcounter8,jump,seed4,16,46486.78787878788
hpmcounter8,jump,seed4,17,46483.763636363634
hpmcounter8,jump,seed4,18,46491.1393939394
hpmcounter8,jump,seed4,19,46498.181818181816
hpmcounter8,jump,seed4,20,46502.781818181815
hpmcounter8,jump,seed4,21,46503.527272727275
hpmcounter8,jump,seed4,22,46507.73333333333
hpmcounter8,jump,seed4,23,46508.721212121214
hpmcounter8,jump,seed4,24,46511.59393939394
hpmcounter8,jump,seed4,25,46507.50303030303
hpmcounter8,jump,seed4,26,46495.066666666666
hpmcounter8,jump,seed4,27,46481.048484848485
hpmcounter8,jump,seed4,28,46469.278787878786
hpmcounter8,jump,seed4,29,46467.7696969697
hpmcounter8,jump,seed4,30,46473.48484848485
hpmcounter8,jump,seed4,31,46478.163636363635
hpmcounter8,jump,seed4,32,46478.59393939394
hpmcounter8,jump,seed4,33,46481.92121212121
hpmcounter8,jump,seed4,34,46488.721212121214
hpmcounter8,jump,seed4,35,46488.70909090909
hpmcounter8,jump,seed4,36,46484.721212121214
hpmcounter8,jump,seed4,37,46479.46060606061
hpmcounter8,jump,seed4,38,46471.218181818185
hpmcounter8,jump,seed4,39,46465.163636363635
hpmcounter8,jump,seed4,40,46469.490909090906
hpmcounter8,jump,seed4,41,46477.048484848485
hpmcounter8,jump,seed4,42,46483.121212121216
hpmcounter8,jump,seed4,43,46491.71515151515
hpmcounter8,jump,seed4,44,46496.46666666667
hpmcounter8,jump,seed4,45,46496.145454545454
hpmcounter8,jump,seed4,46,46498.48484848485
hpmcounter8,jump,seed4,47,46503.24848484848
hpmcounter8,jump,seed4,48,46506.67272727273
hpmcounter8,jump,seed4,49,46503.448484848486
hpmcounter8,jump,seed4,50,46502.69696969697
hpmcounter8,jump,seed4,51,46504.91515151515
hpmcounter8,jump,seed4,52,46506.53333333333
hpmcounter8,jump,seed4,53,46508.357575757575
hpmcounter8,jump,seed4,54,46501.72727272727
hpmcounter8,jump,seed4,55,46497.2303030303
hpmcounter8,jump,seed4,56,46494.30303030303
hpmcounter8,jump,seed4,57,46497.551515151514
hpmcounter8,jump,seed4,58,46504.22424242424
hpmcounter8,jump,seed4,59,46505.08484848485
hpmcounter8,jump,seed4,60,46507.951515151515
hpmcounter8,jump,seed4,61,46513.49696969697
hpmcounter8,jump,seed4,62,46514.50303030303
hpmcounter8,jump,seed4,63,46512.684848484845
hpmcounter8,jump,seed4,64,46510.69090909091
hpmcounter8,jump,seed4,65,46506.95757575757
hpmcounter8,jump,seed4,66,46497.181818181816
hpmcounter8,jump,seed4,67,46494.35151515152
hpmcounter8,jump,seed4,68,46496.46060606061
hpmcounter8,jump,seed4,69,46500.25454545455
hpmcounter8,jump,seed4,70,46497.218181818185
hpmcounter8,jump,seed4,71,46495.65454545455
hpmcounter8,jump,seed4,72,46491.836363636365
hpmcounter8,jump,seed4,73,46484.8303030303
hpmcounter8,jump,seed4,74,46482.545454545456
hpmcounter8,jump,seed4,75,46475.624242424245
hpmcounter8,jump,seed4,76,46463.163636363635
hpmcounter8,jump,seed4,77,46454.69090909091
hpmcounter8,jump,seed4,78,46453.42424242424
hpmcounter8,jump,seed4,79,46458.412121212124
hpmcounter8,jump,seed4,80,46462.121212121216
hpmcounter8,jump,seed4,81,46464.19393939394
hpmcounter8,jump,seed4,82,46472.99393939394
hpmcounter8,jump,seed4,83,46476.18787878788
hpmcounter8,jump,seed4,84,46478.854545454546
hpmcounter8,jump,seed4,85,46477.56363636364
hpmcounter8,jump,seed4,86,46475.8
hpmcounter8,jump,seed4,87,46473.27272727273
hpmcounter8,jump,seed4,88,46473.43636363636
hpmcounter8,jump,seed4,89,46470.72727272727
hpmcounter8,jump,seed4,90,46471.52121212121
hpmcounter8,jump,seed4,91,46464.721212121214
hpmcounter8,jump,seed4,92,46460.84848484849
hpmcounter8,jump,seed4,93,46463.01818181818
hpmcounter8,jump,seed4,94,46468.12727272727
hpmcounter8,jump,seed4,95,46472.260606060605
hpmcounter8,jump,seed4,96,46474.98787878788
hpmcounter8,jump,seed4,97,46478.11515151515
hpmcounter8,jump,seed4,98,46480.48484848485
hpmcounter8,jump,seed4,99,46484.6
hpmcounter8,jump,seed4,100,46488.63636363636
hpmcounter8,jump,seed4,101,46484.61818181818
hpmcounter8,jump,seed4,102,46476.92727272727
hpmcounter8,jump,seed4,103,46471.066666666666
hpmcounter8,jump,seed4,104,46472.89090909091
hpmcounter8,jump,seed4,105,46473.763636363634
hpmcounter8,jump,seed4,106,46469.91515151515
hpmcounter8,jump,seed4,107,46465.79393939394
hpmcounter8,jump,seed4,108,46467.15151515151
hpmcounter8,jump,seed4,109,46472.4
hpmcounter8,jump,seed4,110,46477.78787878788
hpmcounter8,jump,seed4,111,46479.89090909091
hpmcounter8,jump,seed4,112,46481.49696969697
hpmcounter8,jump,seed4,113,46481.35151515152
hpmcounter8,jump,seed4,114,46484.6
hpmcounter8,jump,seed4,115,46487.43636363636
hpmcounter8,jump,seed4,116,46765.81212121212
hpmcounter8,jump,seed4,117,47264.18787878788
hpmcounter8,jump,seed4,118,47639.527272727275
hpmcounter8,jump,seed4,119,47892.42424242424
hpmcounter8,jump,seed4,120,48019.8
hpmcounter8,jump,seed4,121,48021.20606060606
hpmcounter8,jump,seed4,122,47895.01818181818
hpmcounter8,jump,seed4,123,47930.236363636366
hpmcounter8,jump,seed4,124,47776.2303030303
hpmcounter8,jump,seed4,125,47433.99393939394
hpmcounter8,jump,seed4,126,47248.40606060606
hpmcounter8,jump,seed4,127,47286.236363636366
hpmcounter8,jump,seed4,128,47255.00606060606
hpmcounter8,jump,seed4,129,47154.048484848485
hpmcounter8,jump,seed4,130,46994.69090909091
hpmcounter8,jump,seed4,131,46770.87272727273
hpmcounter8,jump,seed4,132,46483.315151515155
hpmcounter8,jump,seed4,133,46479.50303030303
hpmcounter8,jump,seed4,134,46478.260606060605
hpmcounter8,jump,seed4,135,46475.121212121216
hpmcounter8,jump,seed4,136,46478.32121212121
hpmcounter8,jump,seed4,137,46482.09090909091
hpmcounter8,jump,seed4,138,46486.333333333336
hpmcounter8,jump,seed4,139,46481.393939393936
hpmcounter8,jump,seed4,140,46474.951515151515
hpmcounter8,jump,seed4,141,46473.69696969697
hpmcounter8,jump,seed4,142,46474.375757575755
hpmcounter8,jump,seed4,143,46471.50303030303
hpmcounter8,jump,seed4,144,46471.10909090909
hpmcounter8,jump,seed4,145,46467.15757575758
hpmcounter8,jump,seed4,146,46471.684848484845
hpmcounter8,jump,seed4,147,46475.71515151515
hpmcounter8,jump,seed4,148,46481.48484848485
hpmcounter8,jump,seed4,149,46483.36363636364
hpmcounter8,jump,seed4,150,46481.587878787876
hpmcounter8,jump,seed4,151,46767.8303030303
hpmcounter8,jump,seed4,152,47272.527272727275
hpmcounter8,jump,seed4,153,47934.21212121212
hpmcounter8,jump,seed4,154,48692.06060606061
hpmcounter8,jump,seed4,155,49479.27272727273
hpmcounter8,jump,seed4,156,50238.7696969697
hpmcounter8,jump,seed4,157,50907.721212121214
hpmcounter8,jump,seed4,158,51417.393939393936
hpmcounter8,jump,seed4,159,51706.69090909091
hpmcounter8,jump,seed4,160,51710.17575757576
hpmcounter8,jump,seed4,161,51714.75151515152
hpmcounter8,jump,seed4,162,51713.46060606061
hpmcounter8,jump,seed4,163,51714.69090909091
hpmcounter8,jump,seed4,164,51717.666666666664
hpmcounter8,jump,seed4,165,51719.74545454545
hpmcounter8,jump,seed4,166,51723.15757575758
hpmcounter8,jump,seed4,167,51725.46666666667
hpmcounter8,jump,seed4,168,51722.10909090909
hpmcounter8,jump,seed4,169,51716.3696969697
hpmcounter8,jump,seed4,170,51700.70909090909
hpmcounter8,jump,seed4,171,51682.375757575755
hpmcounter8,jump,seed4,172,51660.22424242424
hpmcounter8,jump,seed4,173,51645.2
hpmcounter8,jump,seed4,174,51640.0
hpmcounter8,jump,seed4,175,51640.89696969697
hpmcounter8,jump,seed4,176,51648.121212121216
hpmcounter8,jump,seed4,177,51658.29696969697
hpmcounter8,jump,seed4,178,51387.181818181816
hpmcounter8,jump,seed4,179,50894.10909090909
hpmcounter8,jump,seed4,180,50526.836363636365
hpmcounter8,jump,seed4,181,50000.41818181818
hpmcounter8,jump,seed4,182,49369.739393939395
hpmcounter8,jump,seed4,183,48706.13333333333
hpmcounter8,jump,seed4,184,48076.88484848485
hpmcounter8,jump,seed4,185,47542.81212121212
hpmcounter8,jump,seed4,186,47166.34545454545
hpmcounter8,jump,seed4,187,47002.27272727273
hpmcounter8,jump,seed4,188,46768.71515151515
hpmcounter8,jump,seed4,189,46472.09090909091
hpmcounter8,jump,seed4,190,46466.781818181815
hpmcounter8,jump,seed4,191,46462.50303030303
hpmcounter8,jump,seed4,192,46461.93939393939
hpmcounter8,jump,seed4,193,46464.933333333334
hpmcounter8,jump,seed4,194,46463.951515151515
hpmcounter8,jump,seed4,195,46464.42424242424
hpmcounter8,jump,seed4,196,46467.393939393936
hpmcounter8,jump,seed4,197,46466.757575757576
hpmcounter8,jump,seed4,198,46466.8606060606
hpmcounter8,jump,seed4,199,46472.26666666667
hpmcounter8,jump,seed4,200,46482.04242424243
hpmcounter8,jump,seed4,201,46482.98787878788
hpmcounter8,jump,seed4,202,46488.145454545454
hpmcounter8,jump,seed4,203,46500.61212121212
hpmcounter8,jump,seed4,204,46510.70909090909
hpmcounter8,jump,seed4,205,46513.92121212121
hpmcounter8,jump,seed4,206,46514.53333333333
hpmcounter8,jump,seed4,207,46509.69090909091
hpmcounter8,jump,seed4,208,46503.57575757576
hpmcounter8,jump,seed4,209,46497.40606060606
hpmcounter8,jump,seed4,210,46491.74545454545
hpmcounter8,jump,seed4,211,46480.951515151515
hpmcounter8,jump,seed4,212,46469.55757575758
hpmcounter8,jump,seed4,213,46468.00606060606
hpmcounter8,jump,seed4,214,46473.606060606064
hpmcounter8,jump,seed4,215,46476.64848484848
hpmcounter8,jump,seed4,216,46488.96363636364
hpmcounter8,jump,seed4,217,46500.06060606061
hpmcounter8,jump,seed4,218,46511.218181818185
hpmcounter8,jump,seed4,219,46514.21212121212
hpmcounter8,jump,seed4,220,46513.24848484848
hpmcounter8,jump,seed4,221,46507.01212121212
hpmcounter8,jump,seed4,222,46501.527272727275
hpmcounter8,jump,seed4,223,46501.0
hpmcounter8,jump,seed4,224,46493.642424242425
hpmcounter8,jump,seed4,225,46490.46666666667
hpmcounter8,jump,seed4,226,46491.32727272727
hpmcounter8,jump,seed4,227,46486.75151515152
hpmcounter8,jump,seed4,228,46485.763636363634
hpmcounter8,jump,seed4,229,46484.18787878788
hpmcounter8,jump,seed4,230,46485.4
hpmcounter8,jump,seed4,231,46483.53939393939
hpmcounter8,jump,seed4,232,46484.975757575754
hpmcounter8,jump,seed4,233,46495.08484848485
hpmcounter8,jump,seed4,234,46504.975757575754
hpmcounter8,jump,seed4,235,46517.33939393939
hpmcounter8,jump,seed4,236,46525.10303030303
hpmcounter8,jump,seed4,237,46531.98787878788
hpmcounter8,jump,seed4,238,46533.94545454546
hpmcounter8,jump,seed4,239,46532.29090909091
hpmcounter8,jump,seed4,240,46530.28484848485
hpmcounter8,jump,seed4,241,46522.3696969697
hpmcounter8,jump,seed4,242,46507.42424242424
hpmcounter8,jump,seed4,243,46499.145454545454
hpmcounter8,jump,seed4,244,46493.15757575758
hpmcounter8,jump,seed4,245,46486.79393939394
hpmcounter8,jump,seed4,246,46478.06060606061
hpmcounter8,jump,seed4,247,46474.163636363635
hpmcounter8,jump,seed4,248,46468.36363636364
hpmcounter8,jump,seed4,249,46463.69090909091
hpmcounter8,jump,seed4,250,46456.15151515151
hpmcounter8,jump,seed4,251,46448.00606060606
hpmcounter8,jump,seed4,252,46441.67272727273
hpmcounter8,jump,seed4,253,46436.878787878784
hpmcounter8,jump,seed4,254,46438.10909090909
hpmcounter8,jump,seed4,255,46438.00606060606
hpmcounter8,jump,seed4,256,46441.24848484848
hpmcounter8,jump,seed4,257,46444.99393939394
hpmcounter8,jump,seed4,258,46444.59393939394
hpmcounter8,jump,seed4,259,46452.163636363635
hpmcounter8,jump,seed4,260,46456.94545454546
hpmcounter8,jump,seed4,261,46458.836363636365
hpmcounter8,jump,seed4,262,46459.739393939395
hpmcounter8,jump,seed4,263,46455.84242424242
hpmcounter8,jump,seed4,264,46455.490909090906
hpmcounter8,jump,seed4,265,46455.836363636365
hpmcounter8,jump,seed4,266,46455.47878787879
hpmcounter8,jump,seed4,267,46740.87272727273
hpmcounter8,jump,seed4,268,47240.357575757575
hpmcounter8,jump,seed4,269,47901.551515151514
hpmcounter8,jump,seed4,270,48660.17575757576
hpmcounter8,jump,seed4,271,49452.04242424243
hpmcounter8,jump,seed4,272,50206.545454545456
hpmcounter8,jump,seed4,273,50583.975757575754
hpmcounter8,jump,seed4,274,50576.88484848485
hpmcounter8,jump,seed4,275,50194.34545454545
hpmcounter8,jump,seed4,276,49432.59393939394
hpmcounter8,jump,seed4,277,48646.739393939395
hpmcounter8,jump,seed4,278,47890.18787878788
hpmcounter8,jump,seed4,279,47226.29090909091
hpmcounter8,jump,seed4,280,46717.44242424242
hpmcounter8,jump,seed4,281,46434.88484848485
hpmcounter8,jump,seed4,282,46436.836363636365
hpmcounter8,jump,seed4,283,46447.70909090909
hpmcounter8,jump,seed4,284,46450.67878787879
hpmcounter8,jump,seed4,285,46452.07878787879
hpmcounter8,jump,seed4,286,46453.757575757576
hpmcounter8,jump,seed4,287,46457.91515151515
hpmcounter8,jump,seed4,288,46459.26666666667
hpmcounter8,jump,seed4,289,46461.315151515155
hpmcounter8,jump,seed4,290,46459.63636363636
hpmcounter8,jump,seed4,291,46460.69090909091
hpmcounter8,jump,seed4,292,46462.1696969697
hpmcounter8,jump,seed4,293,46473.454545454544
hpmcounter8,jump,seed4,294,46473.71515151515
hpmcounter8,jump,seed4,295,46474.430303030305
hpmcounter8,jump,seed4,296,46471.57575757576
hpmcounter8,jump,seed4,297,46468.89090909091
hpmcounter8,jump,seed4,298,46460.90909090909
hpmcounter8,jump,seed5,9,48036.89090909091
hpmcounter8,jump,seed5,10,47779.53333333333
hpmcounter8,jump,seed5,11,47386.00606060606
hpmcounter8,jump,seed5,12,47005.46666666667
hpmcounter8,jump,seed5,13,46688.17575757576
hpmcounter8,jump,seed5,14,46496.757575757576
hpmcounter8,jump,seed5,15,46490.91515151515
hpmcounter8,jump,seed5,16,46490.2303030303
hpmcounter8,jump,seed5,17,46484.12727272727
hpmcounter8,jump,seed5,18,46475.6303030303
hpmcounter8,jump,seed5,19,46465.6
hpmcounter8,jump,seed5,20,46453.260606060605
hpmcounter8,jump,seed5,21,46449.10909090909
hpmcounter8,jump,seed5,22,46444.781818181815
hpmcounter8,jump,seed5,23,46446.15151515151
hpmcounter8,jump,seed5,24,46456.278787878786
hpmcounter8,jump,seed5,25,46460.03636363636
hpmcounter8,jump,seed5,26,46463.43636363636
hpmcounter8,jump,seed5,27,46467.836363636365
hpmcounter8,jump,seed5,28,46468.92121212121
hpmcounter8,jump,seed5,29,46462.15151515151
hpmcounter8,jump,seed5,30,46730.82424242424
hpmcounter8,jump,seed5,31,47221.315151515155
hpmcounter8,jump,seed5,32,47591.04242424243
hpmcounter8,jump,seed5,33,48128.333333333336
hpmcounter8,jump,seed5,34,48771.975757575754
hpmcounter8,jump,seed5,35,49446.472727272725
hpmcounter8,jump,seed5,36,50081.472727272725
hpmcounter8,jump,seed5,37,50622.05454545454
hpmcounter8,jump,seed5,38,50727.951515151515
hpmcounter8,jump,seed5,39,50389.739393939395
hpmcounter8,jump,seed5,40,49953.03636363636
hpmcounter8,jump,seed5,41,49472.09090909091
hpmcounter8,jump,seed5,42,48962.66060606061
hpmcounter8,jump,seed5,43,48423.951515151515
hpmcounter8,jump,seed5,44,47916.51515151515
hpmcounter8,jump,seed5,45,47507.818181818184
hpmcounter8,jump,seed5,46,47253.03636363636
hpmcounter8,jump,seed5,47,47220.94545454546
hpmcounter8,jump,seed5,48,47130.98787878788
hpmcounter8,jump,seed5,49,46983.05454545454
hpmcounter8,jump,seed5,50,46776.10909090909
hpmcounter8,jump,seed5,51,46499.20606060606
hpmcounter8,jump,seed5,52,46505.98181818182
hpmcounter8,jump,seed5,53,46502.4
hpmcounter8,jump,seed5,54,46500.6303030303
hpmcounter8,jump,seed5,55,46499.49696969697
hpmcounter8,jump,seed5,56,46491.65454545455
hpmcounter8,jump,seed5,57,46481.490909090906
hpmcounter8,jump,seed5,58,46475.684848484845
hpmcounter8,jump,seed5,59,46759.3696969697
hpmcounter8,jump,seed5,60,46984.27272727273
hpmcounter8,jump,seed5,61,47437.15151515151
hpmcounter8,jump,seed5,62,48043.99393939394
hpmcounter8,jump,seed5,63,48733.836363636365
hpmcounter8,jump,seed5,64,49456.95757575757
hpmcounter8,jump,seed5,65,49863.87272727273
hpmcounter8,jump,seed5,66,49955.181818181816
hpmcounter8,jump,seed5,67,49727.12727272727
hpmcounter8,jump,seed5,68,49184.569696969695
hpmcounter8,jump,seed5,69,48676.33939393939
hpmcounter8,jump,seed5,70,47922.77575757576
hpmcounter8,jump,seed5,71,47273.551515151514
hpmcounter8,jump,seed5,72,46783.53333333333
hpmcounter8,jump,seed5,73,46511.121212121216
hpmcounter8,jump,seed5,74,46519.94545454546
hpmcounter8,jump,seed5,75,46521.260606060605
hpmcounter8,jump,seed5,76,46524.15757575758
hpmcounter8,jump,seed5,77,46522.89696969697
hpmcounter8,jump,seed5,78,46520.50303030303
hpmcounter8,jump,seed5,79,46511.6
hpmcounter8,jump,seed5,80,46501.393939393936
hpmcounter8,jump,seed5,81,46496.43636363636
hpmcounter8,jump,seed5,82,46491.236363636366
hpmcounter8,jump,seed5,83,46484.98787878788
hpmcounter8,jump,seed5,84,46483.10909090909
hpmcounter8,jump,seed5,85,46482.34545454545
hpmcounter8,jump,seed5,86,46492.71515151515
hpmcounter8,jump,seed5,87,46495.951515151515
hpmcounter8,jump,seed5,88,46501.472727272725
hpmcounter8,jump,seed5,89,46499.79393939394
hpmcounter8,jump,seed5,90,46499.01212121212
hpmcounter8,jump,seed5,91,46497.77575757576
hpmcounter8,jump,seed5,92,46496.50303030303
hpmcounter8,jump,seed5,93,46490.763636363634
hpmcounter8,jump,seed5,94,46480.52121212121
hpmcounter8,jump,seed5,95,46473.43636363636
hpmcounter8,jump,seed5,96,46480.278787878786
hpmcounter8,jump,seed5,97,46479.65454545455
hpmcounter8,jump,seed5,98,46484.10303030303
hpmcounter8,jump,seed5,99,46482.393939393936
hpmcounter8,jump,seed5,100,46488.836363636365
hpmcounter8,jump,seed5,101,46488.80606060606
hpmcounter8,jump,seed5,102,46483.527272727275
hpmcounter8,jump,seed5,103,46483.57575757576
hpmcounter8,jump,seed5,104,46486.03636363636
hpmcounter8,jump,seed5,105,46486.69696969697
hpmcounter8,jump,seed5,106,46490.8
hpmcounter8,jump,seed5,107,46488.00606060606
hpmcounter8,jump,seed5,108,46490.48484848485
hpmcounter8,jump,seed5,109,46492.20606060606
hpmcounter8,jump,seed5,110,46495.93939393939
hpmcounter8,jump,seed5,111,46500.13333333333
hpmcounter8,jump,seed5,112,46492.26666666667
hpmcounter8,jump,seed5,113,46480.545454545456
hpmcounter8,jump,seed5,114,46476.333333333336
hpmcounter8,jump,seed5,115,46477.89090909091
hpmcounter8,jump,seed5,116,46482.32727272727
hpmcounter8,jump,seed5,117,46489.05454545454
hpmcounter8,jump,seed5,118,46497.01818181818
hpmcounter8,jump,seed5,119,46788.448484848486
hpmcounter8,jump,seed5,120,47018.08484848485
hpmcounter8,jump,seed5,121,47185.57575757576
hpmcounter8,jump,seed5,122,47281.0
hpmcounter8,jump,seed5,123,47306.84848484849
hpmcounter8,jump,seed5,124,47263.08484848485
hpmcounter8,jump,seed5,125,47168.05454545454
hpmcounter8,jump,seed5,126,47012.51515151515
hpmcounter8,jump,seed5,127,46797.21212121212
hpmcounter8,jump,seed5,128,46523.73333333333
hpmcounter8,jump,seed5,129,46529.09696969697
hpmcounter8,jump,seed5,130,46531.00606060606
hpmcounter8,jump,seed5,131,46531.52121212121
hpmcounter8,jump,seed5,132,46525.357575757575
hpmcounter8,jump,seed5,133,46519.145454545454
hpmcounter8,jump,seed5,134,46504.2
hpmcounter8,jump,seed5,135,46497.393939393936
hpmcounter8,jump,seed5,136,46491.121212121216
hpmcounter8,jump,seed5,137,46485.90909090909
hpmcounter8,jump,seed5,138,46484.99393939394
hpmcounter8,jump,seed5,139,46483.624242424245
hpmcounter8,jump,seed5,140,46474.17575757576
hpmcounter8,jump,seed5,141,46468.38787878788
hpmcounter8,jump,seed5,142,46462.01818181818
hpmcounter8,jump,seed5,143,46457.357575757575
hpmcounter8,jump,seed5,144,46449.53939393939
hpmcounter8,jump,seed5,145,46448.19393939394
hpmcounter8,jump,seed5,146,46445.78787878788
hpmcounter8,jump,seed5,147,46451.0
hpmcounter8,jump,seed5,148,46453.88484848485
hpmcounter8,jump,seed5,149,46456.606060606064
hpmcounter8,jump,seed5,150,46456.03636363636
hpmcounter8,jump,seed5,151,46745.84242424242
hpmcounter8,jump,seed5,152,47253.91515151515
hpmcounter8,jump,seed5,153,47914.06060606061
hpmcounter8,jump,seed5,154,48673.6303030303
hpmcounter8,jump,seed5,155,49460.393939393936
hpmcounter8,jump,seed5,156,50211.624242424245
hpmcounter8,jump,seed5,157,50874.61818181818
hpmcounter8,jump,seed5,158,51380.34545454545
hpmcounter8,jump,seed5,159,51664.8
hpmcounter8,jump,seed5,160,51662.06060606061
hpmcounter8,jump,seed5,161,51661.818181818184
hpmcounter8,jump,seed5,162,51664.15757575758
hpmcounter8,jump,seed5,163,51663.98787878788
hpmcounter8,jump,seed5,164,51675.53333333333
hpmcounter8,jump,seed5,165,51683.6
hpmcounter8,jump,seed5,166,51682.17575757576
hpmcounter8,jump,seed5,167,51677.51515151515
hpmcounter8,jump,seed5,168,51672.6303030303
hpmcounter8,jump,seed5,169,51671.024242424246
hpmcounter8,jump,seed5,170,51664.4
hpmcounter8,jump,seed5,171,51654.551515151514
hpmcounter8,jump,seed5,172,51359.84848484849
hpmcounter8,jump,seed5,173,50851.52121212121
hpmcounter8,jump,seed5,174,50196.818181818184
hpmcounter8,jump,seed5,175,49456.36363636364
hpmcounter8,jump,seed5,176,48680.30909090909
hpmcounter8,jump,seed5,177,47940.92727272727
hpmcounter8,jump,seed5,178,47296.181818181816
hpmcounter8,jump,seed5,179,46807.024242424246
hpmcounter8,jump,seed5,180,46530.066666666666
hpmcounter8,jump,seed5,181,46533.527272727275
hpmcounter8,jump,seed5,182,46532.48484848485
hpmcounter8,jump,seed5,183,46530.88484848485
hpmcounter8,jump,seed5,184,46520.06060606061
hpmcounter8,jump,seed5,185,46505.527272727275
hpmcounter8,jump,seed5,186,46493.393939393936
hpmcounter8,jump,seed5,187,46485.89696969697
hpmcounter8,jump,seed5,188,46485.46666666667
hpmcounter8,jump,seed5,189,46482.0
hpmcounter8,jump,seed5,190,46476.472727272725
hpmcounter8,jump,seed5,191,46473.53939393939
hpmcounter8,jump,seed5,192,46477.73333333333
hpmcounter8,jump,seed5,193,46486.10303030303
hpmcounter8,jump,seed5,194,46491.448484848486
hpmcounter8,jump,seed5,195,46492.58181818182
hpmcounter8,jump,seed5,196,46494.67878787879
hpmcounter8,jump,seed5,197,46492.52121212121
hpmcounter8,jump,seed5,198,46490.89090909091
hpmcounter8,jump,seed5,199,46490.030303030304
hpmcounter8,jump,seed5,200,46489.66060606061
hpmcounter8,jump,seed5,201,46485.218181818185
hpmcounter8,jump,seed5,202,46484.53939393939
hpmcounter8,jump,seed5,203,46484.70909090909
hpmcounter8,jump,seed5,204,46487.8
hpmcounter8,jump,seed5,205,46494.878787878784
hpmcounter8,jump,seed5,206,46496.975757575754
hpmcounter8,jump,seed5,207,46500.09090909091
hpmcounter8,jump,seed5,208,46492.87272727273
hpmcounter8,jump,seed5,209,46485.048484848485
hpmcounter8,jump,seed5,210,46477.96363636364
hpmcounter8,jump,seed5,211,46467.00606060606
hpmcounter8,jump,seed5,212,46458.07272727273
hpmcounter8,jump,seed5,213,46455.36363636364
hpmcounter8,jump,seed5,214,46456.35151515152
hpmcounter8,jump,seed5,215,46463.89090909091
hpmcounter8,jump,seed5,216,46468.94545454546
hpmcounter8,jump,seed5,217,46485.8
hpmcounter8,jump,seed5,218,46495.87272727273
hpmcounter8,jump,seed5,219,46502.94545454546
hpmcounter8,jump,seed5,220,46509.84848484849
hpmcounter8,jump,seed5,221,46515.27272727273
hpmcounter8,jump,seed5,222,46513.8303030303
hpmcounter8,jump,seed5,223,46505.26666666667
hpmcounter8,jump,seed5,224,46504.1393939394
hpmcounter8,jump,seed5,225,46497.61212121212
hpmcounter8,jump,seed5,226,46485.4
hpmcounter8,jump,seed5,227,46480.030303030304
hpmcounter8,jump,seed5,228,46475.89090909091
hpmcounter8,jump,seed5,229,46476.44242424242
hpmcounter8,jump,seed5,230,46480.763636363634
hpmcounter8,jump,seed5,231,46485.70303030303
hpmcounter8,jump,seed5,232,46490.757575757576
hpmcounter8,jump,seed5,233,46484.91515151515
hpmcounter8,jump,seed5,234,46487.218181818185
hpmcounter8,jump,seed5,235,46487.430303030305
hpmcounter8,jump,seed5,236,46477.666666666664
hpmcounter8,jump,seed5,237,46468.509090909094
hpmcounter8,jump,seed5,238,46467.24848484848
hpmcounter8,jump,seed5,239,46466.1696969697
hpmcounter8,jump,seed5,240,46469.80606060606
hpmcounter8,jump,seed5,241,46473.58181818182
hpmcounter8,jump,seed5,242,46475.69696969697
hpmcounter8,jump,seed5,243,46475.8
hpmcounter8,jump,seed5,244,46480.066666666666
hpmcounter8,jump,seed5,245,46487.61212121212
hpmcounter8,jump,seed5,246,46484.55757575758
hpmcounter8,jump,seed5,247,46477.545454545456
hpmcounter8,jump,seed5,248,46477.8
hpmcounter8,jump,seed5,249,46478.13333333333
hpmcounter8,jump,seed5,250,46484.57575757576
hpmcounter8,jump,seed5,251,46494.18787878788
hpmcounter8,jump,seed5,252,46494.99393939394
hpmcounter8,jump,seed5,253,46489.430303030305
hpmcounter8,jump,seed5,254,46486.00606060606
hpmcounter8,jump,seed5,255,46485.2
hpmcounter8,jump,seed5,256,46480.2
hpmcounter8,jump,seed5,257,46476.74545454545
hpmcounter8,jump,seed5,258,46472.545454545456
hpmcounter8,jump,seed5,259,46468.10909090909
hpmcounter8,jump,seed5,260,46469.07878787879
hpmcounter8,jump,seed5,261,46475.46060606061
hpmcounter8,jump,seed5,262,46763.315151515155
hpmcounter8,jump,seed5,263,47267.412121212124
hpmcounter8,jump,seed5,264,47928.218181818185
hpmcounter8,jump,seed5,265,48404.3696969697
hpmcounter8,jump,seed5,266,48691.59393939394
hpmcounter8,jump,seed5,267,48788.89696969697
hpmcounter8,jump,seed5,268,48697.92727272727
hpmcounter8,jump,seed5,269,48414.545454545456
hpmcounter8,jump,seed5,270,47937.18787878788
hpmcounter8,jump,seed5,271,47268.721212121214
hpmcounter8,jump,seed5,272,46757.89696969697
hpmcounter8,jump,seed5,273,46475.01212121212
hpmcounter8,jump,seed5,274,46469.509090909094
hpmcounter8,jump,seed5,275,46462.315151515155
hpmcounter8,jump,seed5,276,46461.98181818182
hpmcounter8,jump,seed5,277,46456.84242424242
hpmcounter8,jump,seed5,278,46453.50303030303
hpmcounter8,jump,seed5,279,46454.1393939394
hpmcounter8,jump,seed5,280,46450.61818181818
hpmcounter8,jump,seed5,281,46444.121212121216
hpmcounter8,jump,seed5,282,46447.98181818182
hpmcounter8,jump,seed5,283,46460.430303030305
hpmcounter8,jump,seed5,284,46467.82424242424
hpmcounter8,jump,seed5,285,46467.40606060606
hpmcounter8,jump,seed5,286,46472.10303030303
hpmcounter8,jump,seed5,287,46475.066666666666
hpmcounter8,jump,seed5,288,46473.67878787879
hpmcounter8,jump,seed5,289,46476.53939393939
hpmcounter8,jump,seed5,290,46473.07878787879
hpmcounter8,jump,seed5,291,46466.242424242424
hpmcounter8,jump,seed5,292,46752.121212121216
hpmcounter8,jump,seed5,293,47256.6
hpmcounter8,jump,seed5,294,47920.34545454545
hpmcounter8,jump,seed5,295,48676.92121212121
hpmcounter8,jump,seed5,296,49463.86666666667
hpmcounter8,jump,seed5,297,50219.315151515155
hpmcounter8,jump,seed5,298,50594.836363636365
hpmcounter8,jump,seed6,9,46940.8303030303
hpmcounter8,jump,seed6,10,46880.69696969697
hpmcounter8,jump,seed6,11,46783.71515151515
hpmcounter8,jump,seed6,12,46659.01818181818
hpmcounter8,jump,seed6,13,46496.87272727273
hpmcounter8,jump,seed6,14,46508.01212121212
hpmcounter8,jump,seed6,15,46514.40606060606
hpmcounter8,jump,seed6,16,46524.84242424242
hpmcounter8,jump,seed6,17,46532.12727272727
hpmcounter8,jump,seed6,18,46535.236363636366
hpmcounter8,jump,seed6,19,46529.412121212124
hpmcounter8,jump,seed6,20,46513.79393939394
hpmcounter8,jump,seed6,21,46498.07878787879
hpmcounter8,jump,seed6,22,46484.69696969697
hpmcounter8,jump,seed6,23,46481.430303030305
hpmcounter8,jump,seed6,24,46481.82424242424
hpmcounter8,jump,seed6,25,46481.3696969697
hpmcounter8,jump,seed6,26,46484.163636363635
hpmcounter8,jump,seed6,27,46488.951515151515
hpmcounter8,jump,seed6,28,46770.24848484848
hpmcounter8,jump,seed6,29,47276.721212121214
hpmcounter8,jump,seed6,30,47933.88484848485
hpmcounter8,jump,seed6,31,48679.00606060606
hpmcounter8,jump,seed6,32,49453.69090909091
hpmcounter8,jump,seed6,33,49918.4
hpmcounter8,jump,seed6,34,50065.92121212121
hpmcounter8,jump,seed6,35,49901.236363636366
hpmcounter8,jump,seed6,36,49426.757575757576
hpmcounter8,jump,seed6,37,48646.10303030303
hpmcounter8,jump,seed6,38,47895.3696969697
hpmcounter8,jump,seed6,39,47250.587878787876
hpmcounter8,jump,seed6,40,46770.666666666664
hpmcounter8,jump,seed6,41,46498.08484848485
hpmcounter8,jump,seed6,42,46512.145454545454
hpmcounter8,jump,seed6,43,46517.10303030303
hpmcounter8,jump,seed6,44,46513.30909090909
hpmcounter8,jump,seed6,45,46507.69090909091
hpmcounter8,jump,seed6,46,46499.34545454545
hpmcounter8,jump,seed6,47,46490.79393939394
hpmcounter8,jump,seed6,48,46479.93939393939
hpmcounter8,jump,seed6,49,46474.22424242424
hpmcounter8,jump,seed6,50,46472.975757575754
hpmcounter8,jump,seed6,51,46472.27272727273
hpmcounter8,jump,seed6,52,46481.642424242425
hpmcounter8,jump,seed6,53,46483.145454545454
hpmcounter8,jump,seed6,54,46481.781818181815
hpmcounter8,jump,seed6,55,46486.1393939394
hpmcounter8,jump,seed6,56,46493.878787878784
hpmcounter8,jump,seed6,57,46500.81212121212
hpmcounter8,jump,seed6,58,46502.933333333334
hpmcounter8,jump,seed6,59,46504.05454545454
hpmcounter8,jump,seed6,60,46499.739393939395
hpmcounter8,jump,seed6,61,46499.69696969697
hpmcounter8,jump,seed6,62,46499.975757575754
hpmcounter8,jump,seed6,63,46492.06060606061
hpmcounter8,jump,seed6,64,46476.26666666667
hpmcounter8,jump,seed6,65,46468.34545454545
hpmcounter8,jump,seed6,66,46459.430303030305
hpmcounter8,jump,seed6,67,46456.6
hpmcounter8,jump,seed6,68,46456.46666666667
hpmcounter8,jump,seed6,69,46463.69696969697
hpmcounter8,jump,seed6,70,46474.6
hpmcounter8,jump,seed6,71,46490.42424242424
hpmcounter8,jump,seed6,72,46499.28484848485
hpmcounter8,jump,seed6,73,46508.32121212121
hpmcounter8,jump,seed6,74,46508.35151515152
hpmcounter8,jump,seed6,75,46509.81212121212
hpmcounter8,jump,seed6,76,46505.00606060606
hpmcounter8,jump,seed6,77,46498.35151515152
hpmcounter8,jump,seed6,78,46492.21212121212
hpmcounter8,jump,seed6,79,46490.624242424245
hpmcounter8,jump,seed6,80,46490.69090909091
hpmcounter8,jump,seed6,81,46495.6303030303
hpmcounter8,jump,seed6,82,46498.8
hpmcounter8,jump,seed6,83,46505.066666666666
hpmcounter8,jump,seed6,84,46506.92727272727
hpmcounter8,jump,seed6,85,46505.4
hpmcounter8,jump,seed6,86,46784.11515151515
hpmcounter8,jump,seed6,87,47278.472727272725
hpmcounter8,jump,seed6,88,47650.74545454545
hpmcounter8,jump,seed6,89,47898.666666666664
hpmcounter8,jump,seed6,90,48020.09090909091
hpmcounter8,jump,seed6,91,48022.94545454546
hpmcounter8,jump,seed6,92,47894.27272727273
hpmcounter8,jump,seed6,93,47649.17575757576
hpmcounter8,jump,seed6,94,47276.25454545455
hpmcounter8,jump,seed6,95,46774.65454545455
hpmcounter8,jump,seed6,96,46490.98181818182
hpmcounter8,jump,seed6,97,46489.05454545454
hpmcounter8,jump,seed6,98,46490.878787878784
hpmcounter8,jump,seed6,99,46493.393939393936
hpmcounter8,jump,seed6,100,46492.92727272727
hpmcounter8,jump,seed6,101,46499.90909090909
hpmcounter8,jump,seed6,102,46497.509090909094
hpmcounter8,jump,seed6,103,46505.15151515151
hpmcounter8,jump,seed6,104,46506.11515151515
hpmcounter8,jump,seed6,105,46503.09696969697
hpmcounter8,jump,seed6,106,46497.642424242425
hpmcounter8,jump,seed6,107,46490.87272727273
hpmcounter8,jump,seed6,108,46485.94545454546
hpmcounter8,jump,seed6,109,46479.236363636366
hpmcounter8,jump,seed6,110,46470.07878787879
hpmcounter8,jump,seed6,111,46468.10303030303
hpmcounter8,jump,seed6,112,46464.393939393936
hpmcounter8,jump,seed6,113,46469.32121212121
hpmcounter8,jump,seed6,114,46473.30909090909
hpmcounter8,jump,seed6,115,46475.67272727273
hpmcounter8,jump,seed6,116,46475.70303030303
hpmcounter8,jump,seed6,117,46474.236363636366
hpmcounter8,jump,seed6,118,46466.66060606061
hpmcounter8,jump,seed6,119,46464.07272727273
hpmcounter8,jump,seed6,120,46461.53333333333
hpmcounter8,jump,seed6,121,46460.781818181815
hpmcounter8,jump,seed6,122,46452.781818181815
hpmcounter8,jump,seed6,123,46450.86666666667
hpmcounter8,jump,seed6,124,46452.32727272727
hpmcounter8,jump,seed6,125,46453.606060606064
hpmcounter8,jump,seed6,126,46451.79393939394
hpmcounter8,jump,seed6,127,46452.121212121216
hpmcounter8,jump,seed6,128,46443.2
hpmcounter8,jump,seed6,129,46444.490909090906
hpmcounter8,jump,seed6,130,46450.10303030303
hpmcounter8,jump,seed6,131,46451.64848484848
hpmcounter8,jump,seed6,132,46447.163636363635
hpmcounter8,jump,seed6,133,46447.2303030303
hpmcounter8,jump,seed6,134,46446.46666666667
hpmcounter8,jump,seed6,135,46448.07272727273
hpmcounter8,jump,seed6,136,46741.92727272727
hpmcounter8,jump,seed6,137,46970.066666666666
hpmcounter8,jump,seed6,138,47130.52121212121
hpmcounter8,jump,seed6,139,47513.21212121212
hpmcounter8,jump,seed6,140,47769.59393939394
hpmcounter8,jump,seed6,141,47893.03636363636
hpmcounter8,jump,seed6,142,47896.969696969696
hpmcounter8,jump,seed6,143,47778.242424242424
hpmcounter8,jump,seed6,144,47532.96363636364
hpmcounter8,jump,seed6,145,47159.12727272727
hpmcounter8,jump,seed6,146,47012.08484848485
hpmcounter8,jump,seed6,147,46796.03636363636
hpmcounter8,jump,seed6,148,46510.236363636366
hpmcounter8,jump,seed6,149,46505.430303030305
hpmcounter8,jump,seed6,150,46500.30909090909
hpmcounter8,jump,seed6,151,46771.06060606061
hpmcounter8,jump,seed6,152,47260.666666666664
hpmcounter8,jump,seed6,153,47908.29090909091
hpmcounter8,jump,seed6,154,48662.51515151515
hpmcounter8,jump,seed6,155,49448.25454545455
hpmcounter8,jump,seed6,156,50206.28484848485
hpmcounter8,jump,seed6,157,50870.69696969697
hpmcounter8,jump,seed6,158,51376.77575757576
hpmcounter8,jump,seed6,159,51660.066666666666
hpmcounter8,jump,seed6,160,51660.46060606061
hpmcounter8,jump,seed6,161,51666.04242424243
hpmcounter8,jump,seed6,162,51663.25454545455
hpmcounter8,jump,seed6,163,51663.00606060606
hpmcounter8,jump,seed6,164,51667.53939393939
hpmcounter8,jump,seed6,165,51672.41818181818
hpmcounter8,jump,seed6,166,51680.236363636366
hpmcounter8,jump,seed6,167,51682.26666666667
hpmcounter8,jump,seed6,168,51685.3696969697
hpmcounter8,jump,seed6,169,51689.569696969695
hpmcounter8,jump,seed6,170,51404.33939393939
hpmcounter8,jump,seed6,171,50901.89696969697
hpmcounter8,jump,seed6,172,50238.64848484848
hpmcounter8,jump,seed6,173,49483.82424242424
hpmcounter8,jump,seed6,174,48696.51515151515
hpmcounter8,jump,seed6,175,47945.70909090909
hpmcounter8,jump,seed6,176,47287.218181818185
hpmcounter8,jump,seed6,177,46777.95757575757
hpmcounter8,jump,seed6,178,46487.63636363636
hpmcounter8,jump,seed6,179,46489.048484848485
hpmcounter8,jump,seed6,180,46488.10909090909
hpmcounter8,jump,seed6,181,46489.94545454546
hpmcounter8,jump,seed6,182,46493.34545454545
hpmcounter8,jump,seed6,183,46494.09090909091
hpmcounter8,jump,seed6,184,46492.00606060606
hpmcounter8,jump,seed6,185,46488.854545454546
hpmcounter8,jump,seed6,186,46477.024242424246
hpmcounter8,jump,seed6,187,46467.969696969696
hpmcounter8,jump,seed6,188,46463.82424242424
hpmcounter8,jump,seed6,189,46465.94545454546
hpmcounter8,jump,seed6,190,46469.06060606061
hpmcounter8,jump,seed6,191,46471.55757575758
hpmcounter8,jump,seed6,192,46480.030303030304
hpmcounter8,jump,seed6,193,46493.29090909091
hpmcounter8,jump,seed6,194,46504.15151515151
hpmcounter8,jump,seed6,195,46517.527272727275
hpmcounter8,jump,seed6,196,46518.41818181818
hpmcounter8,jump,seed6,197,46518.89090909091
hpmcounter8,jump,seed6,198,46526.61212121212
hpmcounter8,jump,seed6,199,46533.08484848485
hpmcounter8,jump,seed6,200,46536.569696969695
hpmcounter8,jump,seed6,201,46531.49696969697
hpmcounter8,jump,seed6,202,46526.393939393936
hpmcounter8,jump,seed6,203,46803.3696969697
hpmcounter8,jump,seed6,204,47013.30303030303
hpmcounter8,jump,seed6,205,47169.163636363635
hpmcounter8,jump,seed6,206,47258.95757575757
hpmcounter8,jump,seed6,207,47279.47878787879
hpmcounter8,jump,seed6,208,47524.7696969697
hpmcounter8,jump,seed6,209,47646.163636363635
hpmcounter8,jump,seed6,210,47646.08484848485
hpmcounter8,jump,seed6,211,47518.88484848485
hpmcounter8,jump,seed6,212,47268.01818181818
hpmcounter8,jump,seed6,213,47239.04242424243
hpmcounter8,jump,seed6,214,47146.2
hpmcounter8,jump,seed6,215,46989.47878787879
hpmcounter8,jump,seed6,216,46774.01212121212
hpmcounter8,jump,seed6,217,46490.03636363636
hpmcounter8,jump,seed6,218,46486.84242424242
hpmcounter8,jump,seed6,219,46482.78787878788
hpmcounter8,jump,seed6,220,46488.35151515152
hpmcounter8,jump,seed6,221,46488.606060606064
hpmcounter8,jump,seed6,222,46485.04242424243
hpmcounter8,jump,seed6,223,46482.35151515152
hpmcounter8,jump,seed6,224,46482.55757575758
hpmcounter8,jump,seed6,225,46477.163636363635
hpmcounter8,jump,seed6,226,46472.40606060606
hpmcounter8,jump,seed6,227,46467.145454545454
hpmcounter8,jump,seed6,228,46461.92727272727
hpmcounter8,jump,seed6,229,46460.98787878788
hpmcounter8,jump,seed6,230,46471.454545454544
hpmcounter8,jump,seed6,231,46481.28484848485
hpmcounter8,jump,seed6,232,46485.96363636364
hpmcounter8,jump,seed6,233,46484.17575757576
hpmcounter8,jump,seed6,234,46486.61818181818
hpmcounter8,jump,seed6,235,46490.64848484848
hpmcounter8,jump,seed6,236,46487.07272727273
hpmcounter8,jump,seed6,237,46480.84848484849
hpmcounter8,jump,seed6,238,46477.15757575758
hpmcounter8,jump,seed6,239,46473.2303030303
hpmcounter8,jump,seed6,240,46474.38181818182
hpmcounter8,jump,seed6,241,46473.0
hpmcounter8,jump,seed6,242,46466.818181818184
hpmcounter8,jump,seed6,243,46458.781818181815
hpmcounter8,jump,seed6,244,46447.8606060606
hpmcounter8,jump,seed6,245,46442.38181818182
hpmcounter8,jump,seed6,246,46442.854545454546
hpmcounter8,jump,seed6,247,46446.98787878788
hpmcounter8,jump,seed6,248,46454.92727272727
hpmcounter8,jump,seed6,249,46461.38787878788
hpmcounter8,jump,seed6,250,46476.236363636366
hpmcounter8,jump,seed6,251,46480.32727272727
hpmcounter8,jump,seed6,252,46483.78787878788
hpmcounter8,jump,seed6,253,46490.1393939394
hpmcounter8,jump,seed6,254,46492.59393939394
hpmcounter8,jump,seed6,255,46493.94545454546
hpmcounter8,jump,seed6,256,46499.74545454545
hpmcounter8,jump,seed6,257,46504.357575757575
hpmcounter8,jump,seed6,258,46503.2
hpmcounter8,jump,seed6,259,46495.66060606061
hpmcounter8,jump,seed6,260,46492.6303030303
hpmcounter8,jump,seed6,261,46483.25454545455
hpmcounter8,jump,seed6,262,46471.92727272727
hpmcounter8,jump,seed6,263,46460.448484848486
hpmcounter8,jump,seed6,264,46460.61818181818
hpmcounter8,jump,seed6,265,46463.78787878788
hpmcounter8,jump,seed6,266,46471.92727272727
hpmcounter8,jump,seed6,267,46472.30909090909
hpmcounter8,jump,seed6,268,46473.33939393939
hpmcounter8,jump,seed6,269,46465.393939393936
hpmcounter8,jump,seed6,270,46462.315151515155
hpmcounter8,jump,seed6,271,46467.412121212124
hpmcounter8,jump,seed6,272,46469.42424242424
hpmcounter8,jump,seed6,273,46467.61212121212
hpmcounter8,jump,seed6,274,46470.38787878788
hpmcounter8,jump,seed6,275,46476.24848484848
hpmcounter8,jump,seed6,276,46483.818181818184
hpmcounter8,jump,seed6,277,46480.79393939394
hpmcounter8,jump,seed6,278,46762.066666666666
hpmcounter8,jump,seed6,279,47255.91515151515
hpmcounter8,jump,seed6,280,47910.94545454546
hpmcounter8,jump,seed6,281,48383.91515151515
hpmcounter8,jump,seed6,282,48669.412121212124
hpmcounter8,jump,seed6,283,48769.066666666666
hpmcounter8,jump,seed6,284,48676.41818181818
hpmcounter8,jump,seed6,285,48680.393939393936
hpmcounter8,jump,seed6,286,48433.13333333333
hpmcounter8,jump,seed6,287,47934.61818181818
hpmcounter8,jump,seed6,288,47536.59393939394
hpmcounter8,jump,seed6,289,47286.73333333333
hpmcounter8,jump,seed6,290,47258.29696969697
hpmcounter8,jump,seed6,291,47165.1696969697
hpmcounter8,jump,seed6,292,47006.61818181818
hpmcounter8,jump,seed6,293,46792.36363636364
hpmcounter8,jump,seed6,294,46514.01212121212
hpmcounter8,jump,seed6,295,46512.15151515151
hpmcounter8,jump,seed6,296,46509.55757575758
hpmcounter8,jump,seed6,297,46508.64848484848
hpmcounter8,jump,seed6,298,46511.46666666667
hpmcounter8,jump,seed7,9,46496.181818181816
hpmcounter8,jump,seed7,10,46484.854545454546
hpmcounter8,jump,seed7,11,46472.818181818184
hpmcounter8,jump,seed7,12,46470.17575757576
hpmcounter8,jump,seed7,13,46471.89090909091
hpmcounter8,jump,seed7,14,46476.38787878788
hpmcounter8,jump,seed7,15,46483.95757575757
hpmcounter8,jump,seed7,16,46492.21212121212
hpmcounter8,jump,seed7,17,46497.121212121216
hpmcounter8,jump,seed7,18,46502.96363636364
hpmcounter8,jump,seed7,19,46511.87272727273
hpmcounter8,jump,seed7,20,46517.260606060605
hpmcounter8,jump,seed7,21,46510.933333333334
hpmcounter8,jump,seed7,22,46501.95757575757
hpmcounter8,jump,seed7,23,46495.8
hpmcounter8,jump,seed7,24,46492.333333333336
hpmcounter8,jump,seed7,25,46487.05454545454
hpmcounter8,jump,seed7,26,46477.684848484845
hpmcounter8,jump,seed7,27,46469.48484848485
hpmcounter8,jump,seed7,28,46456.22424242424
hpmcounter8,jump,seed7,29,46456.36363636364
hpmcounter8,jump,seed7,30,46466.8303030303
hpmcounter8,jump,seed7,31,46753.024242424246
hpmcounter8,jump,seed7,32,47256.94545454546
hpmcounter8,jump,seed7,33,47920.70303030303
hpmcounter8,jump,seed7,34,48389.412121212124
hpmcounter8,jump,seed7,35,48675.44242424242
hpmcounter8,jump,seed7,36,48775.21212121212
hpmcounter8,jump,seed7,37,48688.763636363634
hpmcounter8,jump,seed7,38,48408.28484848485
hpmcounter8,jump,seed7,39,47933.545454545456
hpmcounter8,jump,seed7,40,47280.42424242424
hpmcounter8,jump,seed7,41,46779.721212121214
hpmcounter8,jump,seed7,42,46496.34545454545
hpmcounter8,jump,seed7,43,46493.22424242424
hpmcounter8,jump,seed7,44,46478.69090909091
hpmcounter8,jump,seed7,45,46468.030303030304
hpmcounter8,jump,seed7,46,46457.448484848486
hpmcounter8,jump,seed7,47,46447.545454545456
hpmcounter8,jump,seed7,48,46444.6
hpmcounter8,jump,seed7,49,46442.22424242424
hpmcounter8,jump,seed7,50,46447.642424242425
hpmcounter8,jump,seed7,51,46456.490909090906
hpmcounter8,jump,seed7,52,46468.878787878784
hpmcounter8,jump,seed7,53,46476.4
hpmcounter8,jump,seed7,54,46479.78787878788
hpmcounter8,jump,seed7,55,46484.58181818182
hpmcounter8,jump,seed7,56,46482.545454545456
hpmcounter8,jump,seed7,57,46477.89696969697
hpmcounter8,jump,seed7,58,46477.10909090909
hpmcounter8,jump,seed7,59,46481.03636363636
hpmcounter8,jump,seed7,60,46765.01818181818
hpmcounter8,jump,seed7,61,46986.024242424246
hpmcounter8,jump,seed7,62,47140.08484848485
hpmcounter8,jump,seed7,63,47227.49696969697
hpmcounter8,jump,seed7,64,47253.77575757576
hpmcounter8,jump,seed7,65,47217.90303030303
hpmcounter8,jump,seed7,66,47119.757575757576
hpmcounter8,jump,seed7,67,46965.781818181815
hpmcounter8,jump,seed7,68,46752.63636363636
hpmcounter8,jump,seed7,69,46477.01212121212
hpmcounter8,jump,seed7,70,46483.98787878788
hpmcounter8,jump,seed7,71,46486.98787878788
hpmcounter8,jump,seed7,72,46484.58181818182
hpmcounter8,jump,seed7,73,46481.587878787876
hpmcounter8,jump,seed7,74,46480.430303030305
hpmcounter8,jump,seed7,75,46475.05454545454
hpmcounter8,jump,seed7,76,46469.818181818184
hpmcounter8,jump,seed7,77,46473.53333333333
hpmcounter8,jump,seed7,78,46477.757575757576
hpmcounter8,jump,seed7,79,46478.75151515152
hpmcounter8,jump,seed7,80,46477.38181818182
hpmcounter8,jump,seed7,81,46473.89090909091
hpmcounter8,jump,seed7,82,46470.490909090906
hpmcounter8,jump,seed7,83,46470.0
hpmcounter8,jump,seed7,84,46476.24848484848
hpmcounter8,jump,seed7,85,46484.551515151514
hpmcounter8,jump,seed7,86,46488.30303030303
hpmcounter8,jump,seed7,87,46502.27272727273
hpmcounter8,jump,seed7,88,46520.3696969697
hpmcounter8,jump,seed7,89,46539.53333333333
hpmcounter8,jump,seed7,90,46545.163636363635
hpmcounter8,jump,seed7,91,46546.61212121212
hpmcounter8,jump,seed7,92,46536.80606060606
hpmcounter8,jump,seed7,93,46529.13333333333
hpmcounter8,jump,seed7,94,46522.2303030303
hpmcounter8,jump,seed7,95,46513.46666666667
hpmcounter8,jump,seed7,96,46503.163636363635
hpmcounter8,jump,seed7,97,46491.975757575754
hpmcounter8,jump,seed7,98,46485.7696969697
hpmcounter8,jump,seed7,99,46482.818181818184
hpmcounter8,jump,seed7,100,46480.763636363634
hpmcounter8,jump,seed7,101,46475.666666666664
hpmcounter8,jump,seed7,102,46468.642424242425
hpmcounter8,jump,seed7,103,46468.15151515151
hpmcounter8,jump,seed7,104,46468.666666666664
hpmcounter8,jump,seed7,105,46469.09696969697
hpmcounter8,jump,seed7,106,46474.52121212121
hpmcounter8,jump,seed7,107,46472.278787878786
hpmcounter8,jump,seed7,108,46471.05454545454
hpmcounter8,jump,seed7,109,46468.278787878786
hpmcounter8,jump,seed7,110,46469.22424242424
hpmcounter8,jump,seed7,111,46471.878787878784
hpmcounter8,jump,seed7,112,46472.836363636365
hpmcounter8,jump,seed7,113,46474.0
hpmcounter8,jump,seed7,114,46476.67272727273
hpmcounter8,jump,seed7,115,46477.56363636364
hpmcounter8,jump,seed7,116,46477.163636363635
hpmcounter8,jump,seed7,117,46472.121212121216
hpmcounter8,jump,seed7,118,46745.545454545456
hpmcounter8,jump,seed7,119,46957.38181818182
hpmcounter8,jump,seed7,120,47108.818181818184
hpmcounter8,jump,seed7,121,47204.28484848485
hpmcounter8,jump,seed7,122,47238.01818181818
hpmcounter8,jump,seed7,123,47210.551515151514
hpmcounter8,jump,seed7,124,47126.024242424246
hpmcounter8,jump,seed7,125,46979.606060606064
hpmcounter8,jump,seed7,126,46767.32727272727
hpmcounter8,jump,seed7,127,46494.08484848485
hpmcounter8,jump,seed7,128,46496.81212121212
hpmcounter8,jump,seed7,129,46493.81212121212
hpmcounter8,jump,seed7,130,46488.393939393936
hpmcounter8,jump,seed7,131,46482.509090909094
hpmcounter8,jump,seed7,132,46476.09696969697
hpmcounter8,jump,seed7,133,46465.721212121214
hpmcounter8,jump,seed7,134,46462.28484848485
hpmcounter8,jump,seed7,135,46463.375757575755
hpmcounter8,jump,seed7,136,46461.8303030303
hpmcounter8,jump,seed7,137,46460.024242424246
hpmcounter8,jump,seed7,138,46456.67272727273
hpmcounter8,jump,seed7,139,46453.163636363635
hpmcounter8,jump,seed7,140,46451.04242424243
hpmcounter8,jump,seed7,141,46454.71515151515
hpmcounter8,jump,seed7,142,46455.90303030303
hpmcounter8,jump,seed7,143,46449.38787878788
hpmcounter8,jump,seed7,144,46449.36363636364
hpmcounter8,jump,seed7,145,46458.53333333333
hpmcounter8,jump,seed7,146,46466.79393939394
hpmcounter8,jump,seed7,147,46471.18787878788
hpmcounter8,jump,seed7,148,46472.8606060606
hpmcounter8,jump,seed7,149,46474.30303030303
hpmcounter8,jump,seed7,150,46474.73333333333
hpmcounter8,jump,seed7,151,46769.3696969697
hpmcounter8,jump,seed7,152,47280.09696969697
hpmcounter8,jump,seed7,153,47937.8303030303
hpmcounter8,jump,seed7,154,48688.066666666666
hpmcounter8,jump,seed7,155,49475.472727272725
hpmcounter8,jump,seed7,156,50234.17575757576
hpmcounter8,jump,seed7,157,50893.606060606064
hpmcounter8,jump,seed7,158,51391.0
hpmcounter8,jump,seed7,159,51666.545454545456
hpmcounter8,jump,seed7,160,51659.81212121212
hpmcounter8,jump,seed7,161,51657.82424242424
hpmcounter8,jump,seed7,162,51659.1696969697
hpmcounter8,jump,seed7,163,51652.0
hpmcounter8,jump,seed7,164,51648.38181818182
hpmcounter8,jump,seed7,165,51646.17575757576
hpmcounter8,jump,seed7,166,51650.65454545455
hpmcounter8,jump,seed7,167,51651.03636363636
hpmcounter8,jump,seed7,168,51366.8303030303
hpmcounter8,jump,seed7,169,50869.0
hpmcounter8,jump,seed7,170,50214.066666666666
hpmcounter8,jump,seed7,171,49463.024242424246
hpmcounter8,jump,seed7,172,48680.30909090909
hpmcounter8,jump,seed7,173,47925.260606060605
hpmcounter8,jump,seed7,174,47266.781818181815
hpmcounter8,jump,seed7,175,46767.04242424243
hpmcounter8,jump,seed7,176,46488.454545454544
hpmcounter8,jump,seed7,177,46486.10909090909
hpmcounter8,jump,seed7,178,46481.91515151515
hpmcounter8,jump,seed7,179,46484.53333333333
hpmcounter8,jump,seed7,180,46488.28484848485
hpmcounter8,jump,seed7,181,46492.72727272727
hpmcounter8,jump,seed7,182,46490.26666666667
hpmcounter8,jump,seed7,183,46492.35151515152
hpmcounter8,jump,seed7,184,46490.72727272727
hpmcounter8,jump,seed7,185,46494.47878787879
hpmcounter8,jump,seed7,186,46497.430303030305
hpmcounter8,jump,seed7,187,46498.3696969697
hpmcounter8,jump,seed7,188,46498.024242424246
hpmcounter8,jump,seed7,189,46502.8
hpmcounter8,jump,seed7,190,46506.757575757576
hpmcounter8,jump,seed7,191,46511.26666666667
hpmcounter8,jump,seed7,192,46509.21212121212
hpmcounter8,jump,seed7,193,46511.72727272727
hpmcounter8,jump,seed7,194,46503.66060606061
hpmcounter8,jump,seed7,195,46500.87272727273
hpmcounter8,jump,seed7,196,46492.32727272727
hpmcounter8,jump,seed7,197,46478.93939393939
hpmcounter8,jump,seed7,198,46463.93939393939
hpmcounter8,jump,seed7,199,46454.47878787879
hpmcounter8,jump,seed7,200,46442.145454545454
hpmcounter8,jump,seed7,201,46439.28484848485
hpmcounter8,jump,seed7,202,46439.30303030303
hpmcounter8,jump,seed7,203,46448.024242424246
hpmcounter8,jump,seed7,204,46453.88484848485
hpmcounter8,jump,seed7,205,46463.818181818184
hpmcounter8,jump,seed7,206,46477.61818181818
hpmcounter8,jump,seed7,207,46482.72727272727
hpmcounter8,jump,seed7,208,46484.15757575758
hpmcounter8,jump,seed7,209,46485.57575757576
hpmcounter8,jump,seed7,210,46481.624242424245
hpmcounter8,jump,seed7,211,46476.96363636364
hpmcounter8,jump,seed7,212,46472.98787878788
hpmcounter8,jump,seed7,213,46475.1393939394
hpmcounter8,jump,seed7,214,46480.00606060606
hpmcounter8,jump,seed7,215,46479.94545454546
hpmcounter8,jump,seed7,216,46480.69696969697
hpmcounter8,jump,seed7,217,46475.88484848485
hpmcounter8,jump,seed7,218,46470.2303030303
hpmcounter8,jump,seed7,219,46475.94545454546
hpmcounter8,jump,seed7,220,46482.33939393939
hpmcounter8,jump,seed7,221,46482.70303030303
hpmcounter8,jump,seed7,222,46479.393939393936
hpmcounter8,jump,seed7,223,46473.10303030303
hpmcounter8,jump,seed7,224,46472.066666666666
hpmcounter8,jump,seed7,225,46470.65454545455
hpmcounter8,jump,seed7,226,46463.145454545454
hpmcounter8,jump,seed7,227,46453.048484848485
hpmcounter8,jump,seed7,228,46443.048484848485
hpmcounter8,jump,seed7,229,46445.35151515152
hpmcounter8,jump,seed7,230,46451.854545454546
hpmcounter8,jump,seed7,231,46456.51515151515
hpmcounter8,jump,seed7,232,46465.781818181815
hpmcounter8,jump,seed7,233,46470.84242424242
hpmcounter8,jump,seed7,234,46477.739393939395
hpmcounter8,jump,seed7,235,46486.315151515155
hpmcounter8,jump,seed7,236,46493.666666666664
hpmcounter8,jump,seed7,237,46494.80606060606
hpmcounter8,jump,seed7,238,46491.50303030303
hpmcounter8,jump,seed7,239,46485.763636363634
hpmcounter8,jump,seed7,240,46479.43636363636
hpmcounter8,jump,seed7,241,46467.07878787879
hpmcounter8,jump,seed7,242,46463.030303030304
hpmcounter8,jump,seed7,243,46456.4
hpmcounter8,jump,seed7,244,46451.22424242424
hpmcounter8,jump,seed7,245,46732.46060606061
hpmcounter8,jump,seed7,246,47241.47878787879
hpmcounter8,jump,seed7,247,47907.98787878788
hpmcounter8,jump,seed7,248,48667.21212121212
hpmcounter8,jump,seed7,249,49171.624242424245
hpmcounter8,jump,seed7,250,49426.92121212121
hpmcounter8,jump,seed7,251,49430.36363636364
hpmcounter8,jump,seed7,252,49183.27272727273
hpmcounter8,jump,seed7,253,48678.56363636364
hpmcounter8,jump,seed7,254,47920.26666666667
hpmcounter8,jump,seed7,255,47259.92727272727
hpmcounter8,jump,seed7,256,46760.51515151515
hpmcounter8,jump,seed7,257,46481.2303030303
hpmcounter8,jump,seed7,258,46481.181818181816
hpmcounter8,jump,seed7,259,46474.7696969697
hpmcounter8,jump,seed7,260,46467.7696969697
hpmcounter8,jump,seed7,261,46461.278787878786
hpmcounter8,jump,seed7,262,46457.22424242424
hpmcounter8,jump,seed7,263,46453.412121212124
hpmcounter8,jump,seed7,264,46444.145454545454
hpmcounter8,jump,seed7,265,46438.430303030305
hpmcounter8,jump,seed7,266,46439.26666666667
hpmcounter8,jump,seed7,267,46441.66060606061
hpmcounter8,jump,seed7,268,46446.57575757576
hpmcounter8,jump,seed7,269,46444.666666666664
hpmcounter8,jump,seed7,270,46440.684848484845
hpmcounter8,jump,seed7,271,46444.48484848485
hpmcounter8,jump,seed7,272,46450.92121212121
hpmcounter8,jump,seed7,273,46459.40606060606
hpmcounter8,jump,seed7,274,46460.98787878788
hpmcounter8,jump,seed7,275,46460.67878787879
hpmcounter8,jump,seed7,276,46459.763636363634
hpmcounter8,jump,seed7,277,46458.74545454545
hpmcounter8,jump,seed7,278,46459.739393939395
hpmcounter8,jump,seed7,279,46455.09090909091
hpmcounter8,jump,seed7,280,46444.46666666667
hpmcounter8,jump,seed7,281,46446.878787878784
hpmcounter8,jump,seed7,282,46448.333333333336
hpmcounter8,jump,seed7,283,46453.33939393939
hpmcounter8,jump,seed7,284,46458.84242424242
hpmcounter8,jump,seed7,285,46467.61212121212
hpmcounter8,jump,seed7,286,46474.606060606064
hpmcounter8,jump,seed7,287,46483.8303030303
hpmcounter8,jump,seed7,288,46485.98181818182
hpmcounter8,jump,seed7,289,46486.19393939394
hpmcounter8,jump,seed7,290,46483.030303030304
hpmcounter8,jump,seed7,291,46481.71515151515
hpmcounter8,jump,seed7,292,46477.30909090909
hpmcounter8,jump,seed7,293,46471.181818181816
hpmcounter8,jump,seed7,294,46467.333333333336
hpmcounter8,jump,seed7,295,46466.3696969697
hpmcounter8,jump,seed7,296,46464.89696969697
hpmcounter8,jump,seed7,297,46469.7696969697
hpmcounter8,jump,seed7,298,46467.08484848485
hpmcounter8,jump,seed8,9,46495.430303030305
hpmcounter8,jump,seed8,10,46489.73333333333
hpmcounter8,jump,seed8,11,46483.35151515152
hpmcounter8,jump,seed8,12,46481.242424242424
hpmcounter8,jump,seed8,13,46480.46666666667
hpmcounter8,jump,seed8,14,46482.739393939395
hpmcounter8,jump,seed8,15,46485.951515151515
hpmcounter8,jump,seed8,16,46486.509090909094
hpmcounter8,jump,seed8,17,46486.30909090909
hpmcounter8,jump,seed8,18,46489.77575757576
hpmcounter8,jump,seed8,19,46495.00606060606
hpmcounter8,jump,seed8,20,46499.01212121212
hpmcounter8,jump,seed8,21,46499.81212121212
hpmcounter8,jump,seed8,22,46497.33939393939
hpmcounter8,jump,seed8,23,46498.430303030305
hpmcounter8,jump,seed8,24,46503.22424242424
hpmcounter8,jump,seed8,25,46508.375757575755
hpmcounter8,jump,seed8,26,46503.3696969697
hpmcounter8,jump,seed8,27,46499.42424242424
hpmcounter8,jump,seed8,28,46492.64848484848
hpmcounter8,jump,seed8,29,46491.145454545454
hpmcounter8,jump,seed8,30,46494.82424242424
hpmcounter8,jump,seed8,31,46498.06060606061
hpmcounter8,jump,seed8,32,46491.77575757576
hpmcounter8,jump,seed8,33,46487.34545454545
hpmcounter8,jump,seed8,34,46484.21212121212
hpmcounter8,jump,seed8,35,46481.24848484848
hpmcounter8,jump,seed8,36,46475.854545454546
hpmcounter8,jump,seed8,37,46471.545454545456
hpmcounter8,jump,seed8,38,46466.46666666667
hpmcounter8,jump,seed8,39,46463.472727272725
hpmcounter8,jump,seed8,40,46469.642424242425
hpmcounter8,jump,seed8,41,46480.32727272727
hpmcounter8,jump,seed8,42,46486.07272727273
hpmcounter8,jump,seed8,43,46492.01818181818
hpmcounter8,jump,seed8,44,46496.53939393939
hpmcounter8,jump,seed8,45,46494.43636363636
hpmcounter8,jump,seed8,46,46494.666666666664
hpmcounter8,jump,seed8,47,46497.29090909091
hpmcounter8,jump,seed8,48,46500.36363636364
hpmcounter8,jump,seed8,49,46501.04242424243
hpmcounter8,jump,seed8,50,46508.2
hpmcounter8,jump,seed8,51,46522.94545454546
hpmcounter8,jump,seed8,52,46530.2
hpmcounter8,jump,seed8,53,46536.69090909091
hpmcounter8,jump,seed8,54,46541.242424242424
hpmcounter8,jump,seed8,55,46540.624242424245
hpmcounter8,jump,seed8,56,46823.48484848485
hpmcounter8,jump,seed8,57,47323.30909090909
hpmcounter8,jump,seed8,58,47975.70909090909
hpmcounter8,jump,seed8,59,48446.35151515152
hpmcounter8,jump,seed8,60,48732.430303030305
hpmcounter8,jump,seed8,61,49116.92727272727
hpmcounter8,jump,seed8,62,49521.74545454545
hpmcounter8,jump,seed8,63,49613.1393939394
hpmcounter8,jump,seed8,64,49385.25454545455
hpmcounter8,jump,seed8,65,48841.90909090909
hpmcounter8,jump,seed8,66,48338.527272727275
hpmcounter8,jump,seed8,67,47927.93939393939
hpmcounter8,jump,seed8,68,47667.42424242424
hpmcounter8,jump,seed8,69,47294.587878787876
hpmcounter8,jump,seed8,70,46793.53333333333
hpmcounter8,jump,seed8,71,46511.07878787879
hpmcounter8,jump,seed8,72,46510.48484848485
hpmcounter8,jump,seed8,73,46513.315151515155
hpmcounter8,jump,seed8,74,46505.739393939395
hpmcounter8,jump,seed8,75,46490.92121212121
hpmcounter8,jump,seed8,76,46481.19393939394
hpmcounter8,jump,seed8,77,46756.1393939394
hpmcounter8,jump,seed8,78,46972.7696969697
hpmcounter8,jump,seed8,79,47133.569696969695
hpmcounter8,jump,seed8,80,47230.2303030303
hpmcounter8,jump,seed8,81,47271.121212121216
hpmcounter8,jump,seed8,82,47252.00606060606
hpmcounter8,jump,seed8,83,47172.30303030303
hpmcounter8,jump,seed8,84,47019.70909090909
hpmcounter8,jump,seed8,85,46796.430303030305
hpmcounter8,jump,seed8,86,46505.1393939394
hpmcounter8,jump,seed8,87,46492.92121212121
hpmcounter8,jump,seed8,88,46485.763636363634
hpmcounter8,jump,seed8,89,46478.1393939394
hpmcounter8,jump,seed8,90,46466.066666666666
hpmcounter8,jump,seed8,91,46465.066666666666
hpmcounter8,jump,seed8,92,46468.066666666666
hpmcounter8,jump,seed8,93,46474.84242424242
hpmcounter8,jump,seed8,94,46471.09696969697
hpmcounter8,jump,seed8,95,46461.315151515155
hpmcounter8,jump,seed8,96,46452.11515151515
hpmcounter8,jump,seed8,97,46449.121212121216
hpmcounter8,jump,seed8,98,46448.47878787879
hpmcounter8,jump,seed8,99,46450.975757575754
hpmcounter8,jump,seed8,100,46447.29090909091
hpmcounter8,jump,seed8,101,46447.1393939394
hpmcounter8,jump,seed8,102,46452.357575757575
hpmcounter8,jump,seed8,103,46467.739393939395
hpmcounter8,jump,seed8,104,46477.315151515155
hpmcounter8,jump,seed8,105,46479.82424242424
hpmcounter8,jump,seed8,106,46488.30303030303
hpmcounter8,jump,seed8,107,46494.854545454546
hpmcounter8,jump,seed8,108,46496.1696969697
hpmcounter8,jump,seed8,109,46495.80606060606
hpmcounter8,jump,seed8,110,46492.763636363634
hpmcounter8,jump,seed8,111,46486.63636363636
hpmcounter8,jump,seed8,112,46480.92121212121
hpmcounter8,jump,seed8,113,46481.7696969697
hpmcounter8,jump,seed8,114,46484.854545454546
hpmcounter8,jump,seed8,115,46487.569696969695
hpmcounter8,jump,seed8,116,46492.0
hpmcounter8,jump,seed8,117,46491.70303030303
hpmcounter8,jump,seed8,118,46490.04242424243
hpmcounter8,jump,seed8,119,46485.00606060606
hpmcounter8,jump,seed8,120,46483.569696969695
hpmcounter8,jump,seed8,121,46477.33939393939
hpmcounter8,jump,seed8,122,46478.87272727273
hpmcounter8,jump,seed8,123,46477.878787878784
hpmcounter8,jump,seed8,124,46477.73333333333
hpmcounter8,jump,seed8,125,46476.975757575754
hpmcounter8,jump,seed8,126,46472.27272727273
hpmcounter8,jump,seed8,127,46468.739393939395
hpmcounter8,jump,seed8,128,46468.606060606064
hpmcounter8,jump,seed8,129,46458.46666666667
hpmcounter8,jump,seed8,130,46454.13333333333
hpmcounter8,jump,seed8,131,46449.35151515152
hpmcounter8,jump,seed8,132,46454.36363636364
hpmcounter8,jump,seed8,133,46465.00606060606
hpmcounter8,jump,seed8,134,46476.19393939394
hpmcounter8,jump,seed8,135,46480.8303030303
hpmcounter8,jump,seed8,136,46484.01212121212
hpmcounter8,jump,seed8,137,46491.545454545456
hpmcounter8,jump,seed8,138,46781.587878787876
hpmcounter8,jump,seed8,139,47277.624242424245
hpmcounter8,jump,seed8,140,47933.44242424242
hpmcounter8,jump,seed8,141,48681.951515151515
hpmcounter8,jump,seed8,142,49465.52121212121
hpmcounter8,jump,seed8,143,50227.70303030303
hpmcounter8,jump,seed8,144,50896.95757575757
hpmcounter8,jump,seed8,145,51407.01212121212
hpmcounter8,jump,seed8,146,51406.666666666664
hpmcounter8,jump,seed8,147,50910.36363636364
hpmcounter8,jump,seed8,148,50254.6
hpmcounter8,jump,seed8,149,49495.19393939394
hpmcounter8,jump,seed8,150,48705.93939393939
hpmcounter8,jump,seed8,151,48226.975757575754
hpmcounter8,jump,seed8,152,48063.4
hpmcounter8,jump,seed8,153,48214.38181818182
hpmcounter8,jump,seed8,154,48684.030303030304
hpmcounter8,jump,seed8,155,49474.88484848485
hpmcounter8,jump,seed8,156,50231.13333333333
hpmcounter8,jump,seed8,157,50894.29696969697
hpmcounter8,jump,seed8,158,51401.90303030303
hpmcounter8,jump,seed8,159,51688.181818181816
hpmcounter8,jump,seed8,160,51689.86666666667
hpmcounter8,jump,seed8,161,51698.218181818185
hpmcounter8,jump,seed8,162,51702.357575757575
hpmcounter8,jump,seed8,163,51697.70909090909
hpmcounter8,jump,seed8,164,51689.818181818184
hpmcounter8,jump,seed8,165,51684.53333333333
hpmcounter8,jump,seed8,166,51685.1696969697
hpmcounter8,jump,seed8,167,51680.933333333334
hpmcounter8,jump,seed8,168,51683.8
hpmcounter8,jump,seed8,169,51685.64848484848
hpmcounter8,jump,seed8,170,51684.024242424246
hpmcounter8,jump,seed8,171,51690.92727272727
hpmcounter8,jump,seed8,172,51414.19393939394
hpmcounter8,jump,seed8,173,50911.969696969696
hpmcounter8,jump,seed8,174,50245.38787878788
hpmcounter8,jump,seed8,175,49477.260606060605
hpmcounter8,jump,seed8,176,48683.181818181816
hpmcounter8,jump,seed8,177,47912.642424242425
hpmcounter8,jump,seed8,178,47246.63636363636
hpmcounter8,jump,seed8,179,46745.92121212121
hpmcounter8,jump,seed8,180,46469.06060606061
hpmcounter8,jump,seed8,181,46478.09090909091
hpmcounter8,jump,seed8,182,46489.17575757576
hpmcounter8,jump,seed8,183,46506.509090909094
hpmcounter8,jump,seed8,184,46519.70303030303
hpmcounter8,jump,seed8,185,46529.96363636364
hpmcounter8,jump,seed8,186,46531.52121212121
hpmcounter8,jump,seed8,187,46520.569696969695
hpmcounter8,jump,seed8,188,46502.951515151515
hpmcounter8,jump,seed8,189,46491.1393939394
hpmcounter8,jump,seed8,190,46475.88484848485
hpmcounter8,jump,seed8,191,46463.89696969697
hpmcounter8,jump,seed8,192,46454.25454545455
hpmcounter8,jump,seed8,193,46458.666666666664
hpmcounter8,jump,seed8,194,46464.65454545455
hpmcounter8,jump,seed8,195,46477.30303030303
hpmcounter8,jump,seed8,196,46488.95757575757
hpmcounter8,jump,seed8,197,46497.41818181818
hpmcounter8,jump,seed8,198,46501.181818181816
hpmcounter8,jump,seed8,199,46502.38181818182
hpmcounter8,jump,seed8,200,46494.781818181815
hpmcounter8,jump,seed8,201,46488.56363636364
hpmcounter8,jump,seed8,202,46489.25454545455
hpmcounter8,jump,seed8,203,46491.72727272727
hpmcounter8,jump,seed8,204,46499.74545454545
hpmcounter8,jump,seed8,205,46510.32121212121
hpmcounter8,jump,seed8,206,46523.163636363635
hpmcounter8,jump,seed8,207,46528.06060606061
hpmcounter8,jump,seed8,208,46524.50303030303
hpmcounter8,jump,seed8,209,46519.333333333336
hpmcounter8,jump,seed8,210,46506.98787878788
hpmcounter8,jump,seed8,211,46493.024242424246
hpmcounter8,jump,seed8,212,46482.71515151515
hpmcounter8,jump,seed8,213,46473.315151515155
hpmcounter8,jump,seed8,214,46472.84848484849
hpmcounter8,jump,seed8,215,46480.19393939394
hpmcounter8,jump,seed8,216,46491.98787878788
hpmcounter8,jump,seed8,217,46500.024242424246
hpmcounter8,jump,seed8,218,46499.49696969697
hpmcounter8,jump,seed8,219,46497.77575757576
hpmcounter8,jump,seed8,220,46492.64848484848
hpmcounter8,jump,seed8,221,46484.61818181818
hpmcounter8,jump,seed8,222,46471.90303030303
hpmcounter8,jump,seed8,223,46456.8
hpmcounter8,jump,seed8,224,46443.81212121212
hpmcounter8,jump,seed8,225,46434.30909090909
hpmcounter8,jump,seed8,226,46434.30909090909
hpmcounter8,jump,seed8,227,46437.20606060606
hpmcounter8,jump,seed8,228,46446.94545454546
hpmcounter8,jump,seed8,229,46454.721212121214
hpmcounter8,jump,seed8,230,46463.28484848485
hpmcounter8,jump,seed8,231,46470.163636363635
hpmcounter8,jump,seed8,232,46473.315151515155
hpmcounter8,jump,seed8,233,46473.52121212121
hpmcounter8,jump,seed8,234,46467.48484848485
hpmcounter8,jump,seed8,235,46460.44242424242
hpmcounter8,jump,seed8,236,46454.64848484848
hpmcounter8,jump,seed8,237,46451.454545454544
hpmcounter8,jump,seed8,238,46454.92727272727
hpmcounter8,jump,seed8,239,46454.89090909091
hpmcounter8,jump,seed8,240,46459.46666666667
hpmcounter8,jump,seed8,241,46461.94545454546
hpmcounter8,jump,seed8,242,46464.67272727273
hpmcounter8,jump,seed8,243,46470.38787878788
hpmcounter8,jump,seed8,244,46755.07878787879
hpmcounter8,jump,seed8,245,46976.55757575758
hpmcounter8,jump,seed8,246,47132.8303030303
hpmcounter8,jump,seed8,247,47233.12727272727
hpmcounter8,jump,seed8,248,47269.89090909091
hpmcounter8,jump,seed8,249,47240.91515151515
hpmcounter8,jump,seed8,250,47146.836363636365
hpmcounter8,jump,seed8,251,46988.07878787879
hpmcounter8,jump,seed8,252,46769.0
hpmcounter8,jump,seed8,253,46486.642424242425
hpmcounter8,jump,seed8,254,46485.50303030303
hpmcounter8,jump,seed8,255,46483.00606060606
hpmcounter8,jump,seed8,256,46479.69090909091
hpmcounter8,jump,seed8,257,46479.17575757576
hpmcounter8,jump,seed8,258,46475.89696969697
hpmcounter8,jump,seed8,259,46477.67272727273
hpmcounter8,jump,seed8,260,46467.739393939395
hpmcounter8,jump,seed8,261,46460.15151515151
hpmcounter8,jump,seed8,262,46460.03636363636
hpmcounter8,jump,seed8,263,46454.8606060606
hpmcounter8,jump,seed8,264,46452.030303030304
hpmcounter8,jump,seed8,265,46457.4
hpmcounter8,jump,seed8,266,46462.29090909091
hpmcounter8,jump,seed8,267,46469.87272727273
hpmcounter8,jump,seed8,268,46480.393939393936
hpmcounter8,jump,seed8,269,46490.8
hpmcounter8,jump,seed8,270,46493.66060606061
hpmcounter8,jump,seed8,271,46496.12727272727
hpmcounter8,jump,seed8,272,46497.448484848486
hpmcounter8,jump,seed8,273,46491.975757575754
hpmcounter8,jump,seed8,274,46479.393939393936
hpmcounter8,jump,seed8,275,46471.90303030303
hpmcounter8,jump,seed8,276,46465.58181818182
hpmcounter8,jump,seed8,277,46461.81212121212
hpmcounter8,jump,seed8,278,46462.65454545455
hpmcounter8,jump,seed8,279,46455.739393939395
hpmcounter8,jump,seed8,280,46457.90303030303
hpmcounter8,jump,seed8,281,46463.35151515152
hpmcounter8,jump,seed8,282,46467.0
hpmcounter8,jump,seed8,283,46471.36363636364
hpmcounter8,jump,seed8,284,46469.75151515152
hpmcounter8,jump,seed8,285,46467.89696969697
hpmcounter8,jump,seed8,286,46469.739393939395
hpmcounter8,jump,seed8,287,46470.59393939394
hpmcounter8,jump,seed8,288,46469.315151515155
hpmcounter8,jump,seed8,289,46461.70303030303
hpmcounter8,jump,seed8,290,46461.01212121212
hpmcounter8,jump,seed8,291,46457.95757575757
hpmcounter8,jump,seed8,292,46453.57575757576
hpmcounter8,jump,seed8,293,46454.11515151515
hpmcounter8,jump,seed8,294,46454.17575757576
hpmcounter8,jump,seed8,295,46454.6
hpmcounter8,jump,seed8,296,46460.98787878788
hpmcounter8,jump,seed8,297,46468.56363636364
hpmcounter8,jump,seed8,298,46474.30909090909
hpmcounter8,jump,seed9,9,46498.05454545454
hpmcounter8,jump,seed9,10,46490.44242424242
hpmcounter8,jump,seed9,11,46482.606060606064
hpmcounter8,jump,seed9,12,46486.15757575758
hpmcounter8,jump,seed9,13,46483.78787878788
hpmcounter8,jump,seed9,14,46486.878787878784
hpmcounter8,jump,seed9,15,46487.32121212121
hpmcounter8,jump,seed9,16,46491.74545454545
hpmcounter8,jump,seed9,17,46497.35151515152
hpmcounter8,jump,seed9,18,46508.82424242424
hpmcounter8,jump,seed9,19,46517.61818181818
hpmcounter8,jump,seed9,20,46519.15151515151
hpmcounter8,jump,seed9,21,46518.11515151515
hpmcounter8,jump,seed9,22,46515.6303030303
hpmcounter8,jump,seed9,23,46509.1393939394
hpmcounter8,jump,seed9,24,46506.67878787879
hpmcounter8,jump,seed9,25,46498.4
hpmcounter8,jump,seed9,26,46484.430303030305
hpmcounter8,jump,seed9,27,46472.98787878788
hpmcounter8,jump,seed9,28,46463.44242424242
hpmcounter8,jump,seed9,29,46461.490909090906
hpmcounter8,jump,seed9,30,46466.77575757576
hpmcounter8,jump,seed9,31,46474.96363636364
hpmcounter8,jump,seed9,32,46474.20606060606
hpmcounter8,jump,seed9,33,46475.99393939394
hpmcounter8,jump,seed9,34,46478.29090909091
hpmcounter8,jump,seed9,35,46477.38181818182
hpmcounter8,jump,seed9,36,46473.569696969695
hpmcounter8,jump,seed9,37,46469.61818181818
hpmcounter8,jump,seed9,38,46463.721212121214
hpmcounter8,jump,seed9,39,46458.587878787876
hpmcounter8,jump,seed9,40,46464.40606060606
hpmcounter8,jump,seed9,41,46475.96363636364
hpmcounter8,jump,seed9,42,46481.53333333333
hpmcounter8,jump,seed9,43,46489.70909090909
hpmcounter8,jump,seed9,44,46493.77575757576
hpmcounter8,jump,seed9,45,46491.030303030304
hpmcounter8,jump,seed9,46,46492.81212121212
hpmcounter8,jump,seed9,47,46493.19393939394
hpmcounter8,jump,seed9,48,46495.04242424243
hpmcounter8,jump,seed9,49,46492.32727272727
hpmcounter8,jump,seed9,50,46491.818181818184
hpmcounter8,jump,seed9,51,46500.121212121216
hpmcounter8,jump,seed9,52,46504.20606060606
hpmcounter8,jump,seed9,53,46507.59393939394
hpmcounter8,jump,seed9,54,46509.236363636366
hpmcounter8,jump,seed9,55,46509.163636363635
hpmcounter8,jump,seed9,56,46509.975757575754
hpmcounter8,jump,seed9,57,46509.70909090909
hpmcounter8,jump,seed9,58,46512.066666666666
hpmcounter8,jump,seed9,59,46511.15757575758
hpmcounter8,jump,seed9,60,46507.15151515151
hpmcounter8,jump,seed9,61,46505.066666666666
hpmcounter8,jump,seed9,62,46499.818181818184
hpmcounter8,jump,seed9,63,46491.163636363635
hpmcounter8,jump,seed9,64,46487.07878787879
hpmcounter8,jump,seed9,65,46489.10303030303
hpmcounter8,jump,seed9,66,46486.81212121212
hpmcounter8,jump,seed9,67,46489.11515151515
hpmcounter8,jump,seed9,68,46498.763636363634
hpmcounter8,jump,seed9,69,46512.00606060606
hpmcounter8,jump,seed9,70,46519.09090909091
hpmcounter8,jump,seed9,71,46516.781818181815
hpmcounter8,jump,seed9,72,46513.545454545456
hpmcounter8,jump,seed9,73,46503.781818181815
hpmcounter8,jump,seed9,74,46499.27272727273
hpmcounter8,jump,seed9,75,46491.757575757576
hpmcounter8,jump,seed9,76,46760.30303030303
hpmcounter8,jump,seed9,77,47251.236363636366
hpmcounter8,jump,seed9,78,47905.64848484848
hpmcounter8,jump,seed9,79,48666.01818181818
hpmcounter8,jump,seed9,80,49177.15151515151
hpmcounter8,jump,seed9,81,49437.145454545454
hpmcounter8,jump,seed9,82,49453.8303030303
hpmcounter8,jump,seed9,83,49212.587878787876
hpmcounter8,jump,seed9,84,48716.15151515151
hpmcounter8,jump,seed9,85,47958.454545454544
hpmcounter8,jump,seed9,86,47286.32727272727
hpmcounter8,jump,seed9,87,46770.854545454546
hpmcounter8,jump,seed9,88,46469.13333333333
hpmcounter8,jump,seed9,89,46459.030303030304
hpmcounter8,jump,seed9,90,46454.43636363636
hpmcounter8,jump,seed9,91,46450.472727272725
hpmcounter8,jump,seed9,92,46458.545454545456
hpmcounter8,jump,seed9,93,46469.59393939394
hpmcounter8,jump,seed9,94,46479.04242424243
hpmcounter8,jump,seed9,95,46485.375757575755
hpmcounter8,jump,seed9,96,46480.96363636364
hpmcounter8,jump,seed9,97,46479.8
hpmcounter8,jump,seed9,98,46477.21212121212
hpmcounter8,jump,seed9,99,46477.47878787879
hpmcounter8,jump,seed9,100,46480.46060606061
hpmcounter8,jump,seed9,101,46487.96363636364
hpmcounter8,jump,seed9,102,46498.00606060606
hpmcounter8,jump,seed9,103,46505.357575757575
hpmcounter8,jump,seed9,104,46507.72727272727
hpmcounter8,jump,seed9,105,46505.65454545455
hpmcounter8,jump,seed9,106,46495.19393939394
hpmcounter8,jump,seed9,107,46484.82424242424
hpmcounter8,jump,seed9,108,46479.030303030304
hpmcounter8,jump,seed9,109,46473.43636363636
hpmcounter8,jump,seed9,110,46467.11515151515
hpmcounter8,jump,seed9,111,46469.181818181816
hpmcounter8,jump,seed9,112,46479.933333333334
hpmcounter8,jump,seed9,113,46491.38787878788
hpmcounter8,jump,seed9,114,46500.2303030303
hpmcounter8,jump,seed9,115,46501.67272727273
hpmcounter8,jump,seed9,116,46501.2
hpmcounter8,jump,seed9,117,46500.01212121212
hpmcounter8,jump,seed9,118,46497.1696969697
hpmcounter8,jump,seed9,119,46492.40606060606
hpmcounter8,jump,seed9,120,46488.721212121214
hpmcounter8,jump,seed9,121,46479.218181818185
hpmcounter8,jump,seed9,122,46471.684848484845
hpmcounter8,jump,seed9,123,46471.357575757575
hpmcounter8,jump,seed9,124,46474.509090909094
hpmcounter8,jump,seed9,125,46474.8303030303
hpmcounter8,jump,seed9,126,46482.38787878788
hpmcounter8,jump,seed9,127,46492.6303030303
hpmcounter8,jump,seed9,128,46506.36363636364
hpmcounter8,jump,seed9,129,46509.145454545454
hpmcounter8,jump,seed9,130,46518.242424242424
hpmcounter8,jump,seed9,131,46523.4
hpmcounter8,jump,seed9,132,46515.92121212121
hpmcounter8,jump,seed9,133,46510.412121212124
hpmcounter8,jump,seed9,134,46499.57575757576
hpmcounter8,jump,seed9,135,46488.38787878788
hpmcounter8,jump,seed9,136,46479.74545454545
hpmcounter8,jump,seed9,137,46467.30303030303
hpmcounter8,jump,seed9,138,46463.88484848485
hpmcounter8,jump,seed9,139,46454.91515151515
hpmcounter8,jump,seed9,140,46454.87272727273
hpmcounter8,jump,seed9,141,46463.86666666667
hpmcounter8,jump,seed9,142,46472.242424242424
hpmcounter8,jump,seed9,143,46482.53333333333
hpmcounter8,jump,seed9,144,46481.72727272727
hpmcounter8,jump,seed9,145,46485.52121212121
hpmcounter8,jump,seed9,146,46486.030303030304
hpmcounter8,jump,seed9,147,46482.84848484849
hpmcounter8,jump,seed9,148,46475.63636363636
hpmcounter8,jump,seed9,149,46471.666666666664
hpmcounter8,jump,seed9,150,46465.642424242425
hpmcounter8,jump,seed9,151,46749.06060606061
hpmcounter8,jump,seed9,152,47251.89090909091
hpmcounter8,jump,seed9,153,47917.28484848485
hpmcounter8,jump,seed9,154,48672.91515151515
hpmcounter8,jump,seed9,155,49465.47878787879
hpmcounter8,jump,seed9,156,50229.2
hpmcounter8,jump,seed9,157,50899.92121212121
hpmcounter8,jump,seed9,158,51411.57575757576
hpmcounter8,jump,seed9,159,51706.49696969697
hpmcounter8,jump,seed9,160,51706.242424242424
hpmcounter8,jump,seed9,161,51706.10303030303
hpmcounter8,jump,seed9,162,51698.53939393939
hpmcounter8,jump,seed9,163,51689.430303030305
hpmcounter8,jump,seed9,164,51679.145454545454
hpmcounter8,jump,seed9,165,51669.59393939394
hpmcounter8,jump,seed9,166,51664.163636363635
hpmcounter8,jump,seed9,167,51653.757575757576
hpmcounter8,jump,seed9,168,51652.94545454546
hpmcounter8,jump,seed9,169,51656.448484848486
hpmcounter8,jump,seed9,170,51656.98787878788
hpmcounter8,jump,seed9,171,51656.527272727275
hpmcounter8,jump,seed9,172,51654.569696969695
hpmcounter8,jump,seed9,173,51648.61212121212
hpmcounter8,jump,seed9,174,51641.95757575757
hpmcounter8,jump,seed9,175,51357.64848484848
hpmcounter8,jump,seed9,176,50855.80606060606
hpmcounter8,jump,seed9,177,50191.84242424242
hpmcounter8,jump,seed9,178,49441.50303030303
hpmcounter8,jump,seed9,179,48656.93939393939
hpmcounter8,jump,seed9,180,47914.757575757576
hpmcounter8,jump,seed9,181,47269.19393939394
hpmcounter8,jump,seed9,182,46779.606060606064
hpmcounter8,jump,seed9,183,46500.84848484849
hpmcounter8,jump,seed9,184,46504.15151515151
hpmcounter8,jump,seed9,185,46510.12727272727
hpmcounter8,jump,seed9,186,46510.527272727275
hpmcounter8,jump,seed9,187,46503.22424242424
hpmcounter8,jump,seed9,188,46495.18787878788
hpmcounter8,jump,seed9,189,46479.90303030303
hpmcounter8,jump,seed9,190,46470.81212121212
hpmcounter8,jump,seed9,191,46466.393939393936
hpmcounter8,jump,seed9,192,46746.65454545455
hpmcounter8,jump,seed9,193,46971.6
hpmcounter8,jump,seed9,194,47427.490909090906
hpmcounter8,jump,seed9,195,47759.32121212121
hpmcounter8,jump,seed9,196,47963.527272727275
hpmcounter8,jump,seed9,197,48035.684848484845
hpmcounter8,jump,seed9,198,47973.07272727273
hpmcounter8,jump,seed9,199,47779.66060606061
hpmcounter8,jump,seed9,200,47455.69696969697
hpmcounter8,jump,seed9,201,47004.66060606061
hpmcounter8,jump,seed9,202,46774.975757575754
hpmcounter8,jump,seed9,203,46488.642424242425
hpmcounter8,jump,seed9,204,46493.99393939394
hpmcounter8,jump,seed9,205,46503.07272727273
hpmcounter8,jump,seed9,206,46514.48484848485
hpmcounter8,jump,seed9,207,46523.09696969697
hpmcounter8,jump,seed9,208,46523.20606060606
hpmcounter8,jump,seed9,209,46520.781818181815
hpmcounter8,jump,seed9,210,46511.781818181815
hpmcounter8,jump,seed9,211,46504.1393939394
hpmcounter8,jump,seed9,212,46500.13333333333
hpmcounter8,jump,seed9,213,46493.57575757576
hpmcounter8,jump,seed9,214,46486.56363636364
hpmcounter8,jump,seed9,215,46486.32727272727
hpmcounter8,jump,seed9,216,46486.624242424245
hpmcounter8,jump,seed9,217,46484.59393939394
hpmcounter8,jump,seed9,218,46486.05454545454
hpmcounter8,jump,seed9,219,46493.01818181818
hpmcounter8,jump,seed9,220,46496.81212121212
hpmcounter8,jump,seed9,221,46498.67272727273
hpmcounter8,jump,seed9,222,46499.624242424245
hpmcounter8,jump,seed9,223,46499.10303030303
hpmcounter8,jump,seed9,224,46493.18787878788
hpmcounter8,jump,seed9,225,46492.99393939394
hpmcounter8,jump,seed9,226,46488.242424242424
hpmcounter8,jump,seed9,227,46482.969696969696
hpmcounter8,jump,seed9,228,46484.763636363634
hpmcounter8,jump,seed9,229,46495.430303030305
hpmcounter8,jump,seed9,230,46505.67272727273
hpmcounter8,jump,seed9,231,46506.22424242424
hpmcounter8,jump,seed9,232,46505.98181818182
hpmcounter8,jump,seed9,233,46502.18787878788
hpmcounter8,jump,seed9,234,46492.71515151515
hpmcounter8,jump,seed9,235,46489.55757575758
hpmcounter8,jump,seed9,236,46487.61818181818
hpmcounter8,jump,seed9,237,46480.145454545454
hpmcounter8,jump,seed9,238,46475.46666666667
hpmcounter8,jump,seed9,239,46479.99393939394
hpmcounter8,jump,seed9,240,46482.58181818182
hpmcounter8,jump,seed9,241,46483.73333333333
hpmcounter8,jump,seed9,242,46486.163636363635
hpmcounter8,jump,seed9,243,46488.53333333333
hpmcounter8,jump,seed9,244,46484.46060606061
hpmcounter8,jump,seed9,245,46483.454545454544
hpmcounter8,jump,seed9,246,46488.2303030303
hpmcounter8,jump,seed9,247,46482.32727272727
hpmcounter8,jump,seed9,248,46475.21212121212
hpmcounter8,jump,seed9,249,46471.030303030304
hpmcounter8,jump,seed9,250,46460.757575757576
hpmcounter8,jump,seed9,251,46456.721212121214
hpmcounter8,jump,seed9,252,46454.551515151514
hpmcounter8,jump,seed9,253,46450.98181818182
hpmcounter8,jump,seed9,254,46444.393939393936
hpmcounter8,jump,seed9,255,46441.04242424243
hpmcounter8,jump,seed9,256,46445.6303030303
hpmcounter8,jump,seed9,257,46448.81212121212
hpmcounter8,jump,seed9,258,46455.67878787879
hpmcounter8,jump,seed9,259,46461.8
hpmcounter8,jump,seed9,260,46464.10909090909
hpmcounter8,jump,seed9,261,46469.78787878788
hpmcounter8,jump,seed9,262,46475.7696969697
hpmcounter8,jump,seed9,263,46476.33939393939
hpmcounter8,jump,seed9,264,46466.03636363636
hpmcounter8,jump,seed9,265,46453.86666666667
hpmcounter8,jump,seed9,266,46445.04242424243
hpmcounter8,jump,seed9,267,46438.666666666664
hpmcounter8,jump,seed9,268,46439.38181818182
hpmcounter8,jump,seed9,269,46440.29090909091
hpmcounter8,jump,seed9,270,46447.375757575755
hpmcounter8,jump,seed9,271,46457.27272727273
hpmcounter8,jump,seed9,272,46469.28484848485
hpmcounter8,jump,seed9,273,46483.79393939394
hpmcounter8,jump,seed9,274,46487.30303030303
hpmcounter8,jump,seed9,275,46487.030303030304
hpmcounter8,jump,seed9,276,46478.95757575757
hpmcounter8,jump,seed9,277,46469.57575757576
hpmcounter8,jump,seed9,278,46465.15151515151
hpmcounter8,jump,seed9,279,46462.78787878788
hpmcounter8,jump,seed9,280,46465.01818181818
hpmcounter8,jump,seed9,281,46468.87272727273
hpmcounter8,jump,seed9,282,46475.145454545454
hpmcounter8,jump,seed9,283,46482.64848484848
hpmcounter8,jump,seed9,284,46486.757575757576
hpmcounter8,jump,seed9,285,46493.818181818184
hpmcounter8,jump,seed9,286,46490.763636363634
hpmcounter8,jump,seed9,287,46485.69090909091
hpmcounter8,jump,seed9,288,46476.88484848485
hpmcounter8,jump,seed9,289,46468.15757575758
hpmcounter8,jump,seed9,290,46462.8606060606
hpmcounter8,jump,seed9,291,46463.30303030303
hpmcounter8,jump,seed9,292,46460.472727272725
hpmcounter8,jump,seed9,293,46456.40606060606
hpmcounter8,jump,seed9,294,46456.375757575755
hpmcounter8,jump,seed9,295,46465.721212121214
hpmcounter8,jump,seed9,296,46471.2303030303
hpmcounter8,jump,seed9,297,46481.684848484845
hpmcounter8,jump,seed9,298,46486.242424242424
hpmcounter8,normal,seed1,9,46508.84848484849
hpmcounter8,normal,seed1,10,46500.04242424243
hpmcounter8,normal,seed1,11,46491.1393939394
hpmcounter8,normal,seed1,12,46489.666666666664
hpmcounter8,normal,seed1,13,46482.70909090909
hpmcounter8,normal,seed1,14,46481.066666666666
hpmcounter8,normal,seed1,15,46480.48484848485
hpmcounter8,normal,seed1,16,46481.24848484848
hpmcounter8,normal,seed1,17,46481.412121212124
hpmcounter8,normal,seed1,18,46486.448484848486
hpmcounter8,normal,seed1,19,46491.67272727273
hpmcounter8,normal,seed1,20,46496.721212121214
hpmcounter8,normal,seed1,21,46498.10909090909
hpmcounter8,normal,seed1,22,46496.763636363634
hpmcounter8,normal,seed1,23,46491.42424242424
hpmcounter8,normal,seed1,24,46490.21212121212
hpmcounter8,normal,seed1,25,46485.48484848485
hpmcounter8,normal,seed1,26,46474.53939393939
hpmcounter8,normal,seed1,27,46463.4
hpmcounter8,normal,seed1,28,46451.15151515151
hpmcounter8,normal,seed1,29,46447.44242424242
hpmcounter8,normal,seed1,30,46453.78787878788
hpmcounter8,normal,seed1,31,46465.32121212121
hpmcounter8,normal,seed1,32,46470.430303030305
hpmcounter8,normal,seed1,33,46478.6303030303
hpmcounter8,normal,seed1,34,46486.66060606061
hpmcounter8,normal,seed1,35,46486.80606060606
hpmcounter8,normal,seed1,36,46480.44242424242
hpmcounter8,normal,seed1,37,46475.07878787879
hpmcounter8,normal,seed1,38,46466.30909090909
hpmcounter8,normal,seed1,39,46456.73333333333
hpmcounter8,normal,seed1,40,46457.07272727273
hpmcounter8,normal,seed1,41,46465.61818181818
hpmcounter8,normal,seed1,42,46473.551515151514
hpmcounter8,normal,seed1,43,46487.30909090909
hpmcounter8,normal,seed1,44,46498.19393939394
hpmcounter8,normal,seed1,45,46497.6
hpmcounter8,normal,seed1,46,46490.490909090906
hpmcounter8,normal,seed1,47,46487.20606060606
hpmcounter8,normal,seed1,48,46486.81212121212
hpmcounter8,normal,seed1,49,46482.15151515151
hpmcounter8,normal,seed1,50,46482.53939393939
hpmcounter8,normal,seed1,51,46494.17575757576
hpmcounter8,normal,seed1,52,46500.40606060606
hpmcounter8,normal,seed1,53,46508.56363636364
hpmcounter8,normal,seed1,54,46518.36363636364
hpmcounter8,normal,seed1,55,46524.98787878788
hpmcounter8,normal,seed1,56,46524.78787878788
hpmcounter8,normal,seed1,57,46523.6
hpmcounter8,normal,seed1,58,46524.79393939394
hpmcounter8,normal,seed1,59,46518.121212121216
hpmcounter8,normal,seed1,60,46508.94545454546
hpmcounter8,normal,seed1,61,46508.46666666667
hpmcounter8,normal,seed1,62,46504.69696969697
hpmcounter8,normal,seed1,63,46780.145454545454
hpmcounter8,normal,seed1,64,46999.59393939394
hpmcounter8,normal,seed1,65,47161.527272727275
hpmcounter8,normal,seed1,66,47262.88484848485
hpmcounter8,normal,seed1,67,47298.975757575754
hpmcounter8,normal,seed1,68,47278.242424242424
hpmcounter8,normal,seed1,69,47189.48484848485
hpmcounter8,normal,seed1,70,47029.8606060606
hpmcounter8,normal,seed1,71,46806.63636363636
hpmcounter8,normal,seed1,72,46521.10909090909
hpmcounter8,normal,seed1,73,46515.527272727275
hpmcounter8,normal,seed1,74,46508.3696969697
hpmcounter8,normal,seed1,75,46492.49696969697
hpmcounter8,normal,seed1,76,46480.89090909091
hpmcounter8,normal,seed1,77,46466.87272727273
hpmcounter8,normal,seed1,78,46461.145454545454
hpmcounter8,normal,seed1,79,46456.7696969697
hpmcounter8,normal,seed1,80,46460.04242424243
hpmcounter8,normal,seed1,81,46464.587878787876
hpmcounter8,normal,seed1,82,46471.30303030303
hpmcounter8,normal,seed1,83,46478.06060606061
hpmcounter8,normal,seed1,84,46485.58181818182
hpmcounter8,normal,seed1,85,46481.25454545455
hpmcounter8,normal,seed1,86,46480.53939393939
hpmcounter8,normal,seed1,87,46480.218181818185
hpmcounter8,normal,seed1,88,46480.28484848485
hpmcounter8,normal,seed1,89,46474.95757575757
hpmcounter8,normal,seed1,90,46473.333333333336
hpmcounter8,normal,seed1,91,46472.78787878788
hpmcounter8,normal,seed1,92,46477.90303030303
hpmcounter8,normal,seed1,93,46474.55757575758
hpmcounter8,normal,seed1,94,46470.030303030304
hpmcounter8,normal,seed1,95,46463.28484848485
hpmcounter8,normal,seed1,96,46455.84848484849
hpmcounter8,normal,seed1,97,46454.58181818182
hpmcounter8,normal,seed1,98,46454.145454545454
hpmcounter8,normal,seed1,99,46453.96363636364
hpmcounter8,normal,seed1,100,46453.34545454545
hpmcounter8,normal,seed1,101,46457.66060606061
hpmcounter8,normal,seed1,102,46466.8606060606
hpmcounter8,normal,seed1,103,46470.38181818182
hpmcounter8,normal,seed1,104,46469.92121212121
hpmcounter8,normal,seed1,105,46473.77575757576
hpmcounter8,normal,seed1,106,46475.490909090906
hpmcounter8,normal,seed1,107,46480.412121212124
hpmcounter8,normal,seed1,108,46483.19393939394
hpmcounter8,normal,seed1,109,46482.10909090909
hpmcounter8,normal,seed1,110,46488.0
hpmcounter8,normal,seed1,111,46493.878787878784
hpmcounter8,normal,seed1,112,46492.99393939394
hpmcounter8,normal,seed1,113,46493.07272727273
hpmcounter8,normal,seed1,114,46485.94545454546
hpmcounter8,normal,seed1,115,46475.24848484848
hpmcounter8,normal,seed1,116,46470.67878787879
hpmcounter8,normal,seed1,117,46466.6
hpmcounter8,normal,seed1,118,46460.91515151515
hpmcounter8,normal,seed1,119,46456.92121212121
hpmcounter8,normal,seed1,120,46467.10303030303
hpmcounter8,normal,seed1,121,46476.32727272727
hpmcounter8,normal,seed1,122,46475.448484848486
hpmcounter8,normal,seed1,123,46478.70909090909
hpmcounter8,normal,seed1,124,46477.84242424242
hpmcounter8,normal,seed1,125,46473.59393939394
hpmcounter8,normal,seed1,126,46474.32121212121
hpmcounter8,normal,seed1,127,46472.763636363634
hpmcounter8,normal,seed1,128,46463.01212121212
hpmcounter8,normal,seed1,129,46454.569696969695
hpmcounter8,normal,seed1,130,46455.40606060606
hpmcounter8,normal,seed1,131,46463.25454545455
hpmcounter8,normal,seed1,132,46465.278787878786
hpmcounter8,normal,seed1,133,46467.430303030305
hpmcounter8,normal,seed1,134,46463.24848484848
hpmcounter8,normal,seed1,135,46465.163636363635
hpmcounter8,normal,seed1,136,46471.27272727273
hpmcounter8,normal,seed1,137,46478.278787878786
hpmcounter8,normal,seed1,138,46482.260606060605
hpmcounter8,normal,seed1,139,46481.163636363635
hpmcounter8,normal,seed1,140,46475.53333333333
hpmcounter8,normal,seed1,141,46475.236363636366
hpmcounter8,normal,seed1,142,46478.50303030303
hpmcounter8,normal,seed1,143,46485.52121212121
hpmcounter8,normal,seed1,144,46489.28484848485
hpmcounter8,normal,seed1,145,46495.69696969697
hpmcounter8,normal,seed1,146,46508.99393939394
hpmcounter8,normal,seed1,147,46517.04242424243
hpmcounter8,normal,seed1,148,46525.89696969697
hpmcounter8,normal,seed1,149,46529.4
hpmcounter8,normal,seed1,150,46526.975757575754
hpmcounter8,normal,seed1,151,46514.22424242424
hpmcounter8,normal,seed1,152,46502.74545454545
hpmcounter8,normal,seed1,153,46497.739393939395
hpmcounter8,normal,seed1,154,46489.6
hpmcounter8,normal,seed1,155,46479.07272727273
hpmcounter8,normal,seed1,156,46476.65454545455
hpmcounter8,normal,seed1,157,46473.46666666667
hpmcounter8,normal,seed1,158,46472.18787878788
hpmcounter8,normal,seed1,159,46463.89090909091
hpmcounter8,normal,seed1,160,46456.47878787879
hpmcounter8,normal,seed1,161,46450.024242424246
hpmcounter8,normal,seed1,162,46443.545454545456
hpmcounter8,normal,seed1,163,46444.75151515152
hpmcounter8,normal,seed1,164,46447.721212121214
hpmcounter8,normal,seed1,165,46450.88484848485
hpmcounter8,normal,seed1,166,46460.65454545455
hpmcounter8,normal,seed1,167,46474.52121212121
hpmcounter8,normal,seed1,168,46491.236363636366
hpmcounter8,normal,seed1,169,46497.27272727273
hpmcounter8,normal,seed1,170,46500.357575757575
hpmcounter8,normal,seed1,171,46505.048484848485
hpmcounter8,normal,seed1,172,46498.47878787879
hpmcounter8,normal,seed1,173,46484.975757575754
hpmcounter8,normal,seed1,174,46473.82424242424
hpmcounter8,normal,seed1,175,46460.92727272727
hpmcounter8,normal,seed1,176,46449.92727272727
hpmcounter8,normal,seed1,177,46448.066666666666
hpmcounter8,normal,seed1,178,46451.40606060606
hpmcounter8,normal,seed1,179,46459.00606060606
hpmcounter8,normal,seed1,180,46469.412121212124
hpmcounter8,normal,seed1,181,46483.666666666664
hpmcounter8,normal,seed1,182,46495.642424242425
hpmcounter8,normal,seed1,183,46503.278787878786
hpmcounter8,normal,seed1,184,46506.53939393939
hpmcounter8,normal,seed1,185,46500.38181818182
hpmcounter8,normal,seed1,186,46491.030303030304
hpmcounter8,normal,seed1,187,46486.551515151514
hpmcounter8,normal,seed1,188,46481.969696969696
hpmcounter8,normal,seed1,189,46479.28484848485
hpmcounter8,normal,seed1,190,46473.67878787879
hpmcounter8,normal,seed1,191,46476.12727272727
hpmcounter8,normal,seed1,192,46485.99393939394
hpmcounter8,normal,seed1,193,46496.90909090909
hpmcounter8,normal,seed1,194,46506.20606060606
hpmcounter8,normal,seed1,195,46505.03636363636
hpmcounter8,normal,seed1,196,46503.181818181816
hpmcounter8,normal,seed1,197,46498.46666666667
hpmcounter8,normal,seed1,198,46493.44242424242
hpmcounter8,normal,seed1,199,46485.12727272727
hpmcounter8,normal,seed1,200,46477.11515151515
hpmcounter8,normal,seed1,201,46475.412121212124
hpmcounter8,normal,seed1,202,46480.40606060606
hpmcounter8,normal,seed1,203,46482.91515151515
hpmcounter8,normal,seed1,204,46482.763636363634
hpmcounter8,normal,seed1,205,46471.99393939394
hpmcounter8,normal,seed1,206,46458.10303030303
hpmcounter8,normal,seed1,207,46443.88484848485
hpmcounter8,normal,seed1,208,46431.454545454544
hpmcounter8,normal,seed1,209,46419.333333333336
hpmcounter8,normal,seed1,210,46414.67272727273
hpmcounter8,normal,seed1,211,46411.757575757576
hpmcounter8,normal,seed1,212,46420.357575757575
hpmcounter8,normal,seed1,213,46436.40606060606
hpmcounter8,normal,seed1,214,46453.50303030303
hpmcounter8,normal,seed1,215,46462.34545454545
hpmcounter8,normal,seed1,216,46470.22424242424
hpmcounter8,normal,seed1,217,46476.048484848485
hpmcounter8,normal,seed1,218,46479.19393939394
hpmcounter8,normal,seed1,219,46475.95757575757
hpmcounter8,normal,seed1,220,46470.51515151515
hpmcounter8,normal,seed1,221,46457.6303030303
hpmcounter8,normal,seed1,222,46448.21212121212
hpmcounter8,normal,seed1,223,46446.975757575754
hpmcounter8,normal,seed1,224,46447.412121212124
hpmcounter8,normal,seed1,225,46450.21212121212
hpmcounter8,normal,seed1,226,46462.87272727273
hpmcounter8,normal,seed1,227,46472.58181818182
hpmcounter8,normal,seed1,228,46479.22424242424
hpmcounter8,normal,seed1,229,46486.05454545454
hpmcounter8,normal,seed1,230,46485.8303030303
hpmcounter8,normal,seed1,231,46484.32121212121
hpmcounter8,normal,seed1,232,46482.1393939394
hpmcounter8,normal,seed1,233,46481.260606060605
hpmcounter8,normal,seed1,234,46482.09090909091
hpmcounter8,normal,seed1,235,46479.94545454546
hpmcounter8,normal,seed1,236,46480.82424242424
hpmcounter8,normal,seed1,237,46478.50303030303
hpmcounter8,normal,seed1,238,46473.448484848486
hpmcounter8,normal,seed1,239,46474.01212121212
hpmcounter8,normal,seed1,240,46474.8303030303
hpmcounter8,normal,seed1,241,46471.430303030305
hpmcounter8,normal,seed1,242,46467.145454545454
hpmcounter8,normal,seed1,243,46746.30303030303
hpmcounter8,normal,seed1,244,47248.163636363635
hpmcounter8,normal,seed1,245,47905.18787878788
hpmcounter8,normal,seed1,246,48657.121212121216
hpmcounter8,normal,seed1,247,49440.07272727273
hpmcounter8,normal,seed1,248,49913.0
hpmcounter8,normal,seed1,249,50075.01212121212
hpmcounter8,normal,seed1,250,49926.43636363636
hpmcounter8,normal,seed1,251,49460.145454545454
hpmcounter8,normal,seed1,252,48680.88484848485
hpmcounter8,normal,seed1,253,47933.818181818184
hpmcounter8,normal,seed1,254,47274.89696969697
hpmcounter8,normal,seed1,255,46771.50303030303
hpmcounter8,normal,seed1,256,46485.030303030304
hpmcounter8,normal,seed1,257,46478.527272727275
hpmcounter8,normal,seed1,258,46477.40606060606
hpmcounter8,normal,seed1,259,46476.757575757576
hpmcounter8,normal,seed1,260,46475.98181818182
hpmcounter8,normal,seed1,261,46478.61212121212
hpmcounter8,normal,seed1,262,46483.412121212124
hpmcounter8,normal,seed1,263,46492.01818181818
hpmcounter8,normal,seed1,264,46496.13333333333
hpmcounter8,normal,seed1,265,46493.066666666666
hpmcounter8,normal,seed1,266,46770.36363636364
hpmcounter8,normal,seed1,267,47266.89696969697
hpmcounter8,normal,seed1,268,47923.07272727273
hpmcounter8,normal,seed1,269,48673.77575757576
hpmcounter8,normal,seed1,270,49455.79393939394
hpmcounter8,normal,seed1,271,50214.8606060606
hpmcounter8,normal,seed1,272,50884.42424242424
hpmcounter8,normal,seed1,273,51397.33939393939
hpmcounter8,normal,seed1,274,51402.490909090906
hpmcounter8,normal,seed1,275,50905.51515151515
hpmcounter8,normal,seed1,276,50245.048484848485
hpmcounter8,normal,seed1,277,49489.781818181815
hpmcounter8,normal,seed1,278,48703.8303030303
hpmcounter8,normal,seed1,279,47946.88484848485
hpmcounter8,normal,seed1,280,47282.32121212121
hpmcounter8,normal,seed1,281,46780.7696969697
hpmcounter8,normal,seed1,282,46504.06060606061
hpmcounter8,normal,seed1,283,46507.933333333334
hpmcounter8,normal,seed1,284,46505.878787878784
hpmcounter8,normal,seed1,285,46514.19393939394
hpmcounter8,normal,seed1,286,46512.278787878786
hpmcounter8,normal,seed1,287,46508.71515151515
hpmcounter8,normal,seed1,288,46500.757575757576
hpmcounter8,normal,seed1,289,46490.2
hpmcounter8,normal,seed1,290,46479.24848484848
hpmcounter8,normal,seed1,291,46473.951515151515
hpmcounter8,normal,seed1,292,46470.315151515155
hpmcounter8,normal,seed1,293,46475.933333333334
hpmcounter8,normal,seed1,294,46484.20606060606
hpmcounter8,normal,seed1,295,46499.95757575757
hpmcounter8,normal,seed1,296,46513.70303030303
hpmcounter8,normal,seed1,297,46522.8
hpmcounter8,normal,seed1,298,46525.78787878788
hpmcounter8,normal,seed10,9,46488.78787878788
hpmcounter8,normal,seed10,10,46485.315151515155
hpmcounter8,normal,seed10,11,46483.763636363634
hpmcounter8,normal,seed10,12,46487.0
hpmcounter8,normal,seed10,13,46487.53939393939
hpmcounter8,normal,seed10,14,46490.739393939395
hpmcounter8,normal,seed10,15,46490.7696969697
hpmcounter8,normal,seed10,16,46496.53939393939
hpmcounter8,normal,seed10,17,46499.412121212124
hpmcounter8,normal,seed10,18,46501.61212121212
hpmcounter8,normal,seed10,19,46505.30303030303
hpmcounter8,normal,seed10,20,46506.551515151514
hpmcounter8,normal,seed10,21,46504.58181818182
hpmcounter8,normal,seed10,22,46501.63636363636
hpmcounter8,normal,seed10,23,46495.99393939394
hpmcounter8,normal,seed10,24,46491.72727272727
hpmcounter8,normal,seed10,25,46482.38181818182
hpmcounter8,normal,seed10,26,46468.42424242424
hpmcounter8,normal,seed10,27,46458.0
hpmcounter8,normal,seed10,28,46444.56363636364
hpmcounter8,normal,seed10,29,46442.509090909094
hpmcounter8,normal,seed10,30,46447.69090909091
hpmcounter8,normal,seed10,31,46453.684848484845
hpmcounter8,normal,seed10,32,46457.33939393939
hpmcounter8,normal,seed10,33,46461.44242424242
hpmcounter8,normal,seed10,34,46466.01818181818
hpmcounter8,normal,seed10,35,46468.048484848485
hpmcounter8,normal,seed10,36,46460.46666666667
hpmcounter8,normal,seed10,37,46456.242424242424
hpmcounter8,normal,seed10,38,46446.15757575758
hpmcounter8,normal,seed10,39,46440.8303030303
hpmcounter8,normal,seed10,40,46444.98181818182
hpmcounter8,normal,seed10,41,46456.90303030303
hpmcounter8,normal,seed10,42,46466.51515151515
hpmcounter8,normal,seed10,43,46476.19393939394
hpmcounter8,normal,seed10,44,46481.393939393936
hpmcounter8,normal,seed10,45,46482.38787878788
hpmcounter8,normal,seed10,46,46480.624242424245
hpmcounter8,normal,seed10,47,46484.22424242424
hpmcounter8,normal,seed10,48,46489.490909090906
hpmcounter8,normal,seed10,49,46489.975757575754
hpmcounter8,normal,seed10,50,46491.42424242424
hpmcounter8,normal,seed10,51,46501.74545454545
hpmcounter8,normal,seed10,52,46506.90303030303
hpmcounter8,normal,seed10,53,46513.75151515152
hpmcounter8,normal,seed10,54,46514.024242424246
hpmcounter8,normal,seed10,55,46512.527272727275
hpmcounter8,normal,seed10,56,46511.79393939394
hpmcounter8,normal,seed10,57,46515.181818181816
hpmcounter8,normal,seed10,58,46522.09090909091
hpmcounter8,normal,seed10,59,46524.35151515152
hpmcounter8,normal,seed10,60,46521.34545454545
hpmcounter8,normal,seed10,61,46522.95757575757
hpmcounter8,normal,seed10,62,46519.32121212121
hpmcounter8,normal,seed10,63,46511.666666666664
hpmcounter8,normal,seed10,64,46507.666666666664
hpmcounter8,normal,seed10,65,46504.20606060606
hpmcounter8,normal,seed10,66,46497.684848484845
hpmcounter8,normal,seed10,67,46496.527272727275
hpmcounter8,normal,seed10,68,46498.2
hpmcounter8,normal,seed10,69,46502.72727272727
hpmcounter8,normal,seed10,70,46495.46666666667
hpmcounter8,normal,seed10,71,46489.38787878788
hpmcounter8,normal,seed10,72,46484.375757575755
hpmcounter8,normal,seed10,73,46473.98787878788
hpmcounter8,normal,seed10,74,46473.181818181816
hpmcounter8,normal,seed10,75,46472.878787878784
hpmcounter8,normal,seed10,76,46465.46060606061
hpmcounter8,normal,seed10,77,46459.969696969696
hpmcounter8,normal,seed10,78,46456.4
hpmcounter8,normal,seed10,79,46459.55757575758
hpmcounter8,normal,seed10,80,46459.61212121212
hpmcounter8,normal,seed10,81,46460.278787878786
hpmcounter8,normal,seed10,82,46463.430303030305
hpmcounter8,normal,seed10,83,46465.818181818184
hpmcounter8,normal,seed10,84,46472.07272727273
hpmcounter8,normal,seed10,85,46478.10909090909
hpmcounter8,normal,seed10,86,46479.32121212121
hpmcounter8,normal,seed10,87,46479.17575757576
hpmcounter8,normal,seed10,88,46477.527272727275
hpmcounter8,normal,seed10,89,46478.72727272727
hpmcounter8,normal,seed10,90,46481.836363636365
hpmcounter8,normal,seed10,91,46477.89090909091
hpmcounter8,normal,seed10,92,46474.89696969697
hpmcounter8,normal,seed10,93,46476.91515151515
hpmcounter8,normal,seed10,94,46483.81212121212
hpmcounter8,normal,seed10,95,46488.55757575758
hpmcounter8,normal,seed10,96,46488.84848484849
hpmcounter8,normal,seed10,97,46486.98181818182
hpmcounter8,normal,seed10,98,46487.29696969697
hpmcounter8,normal,seed10,99,46492.757575757576
hpmcounter8,normal,seed10,100,46496.218181818185
hpmcounter8,normal,seed10,101,46488.26666666667
hpmcounter8,normal,seed10,102,46481.30909090909
hpmcounter8,normal,seed10,103,46470.24848484848
hpmcounter8,normal,seed10,104,46472.20606060606
hpmcounter8,normal,seed10,105,46471.721212121214
hpmcounter8,normal,seed10,106,46465.933333333334
hpmcounter8,normal,seed10,107,46462.79393939394
hpmcounter8,normal,seed10,108,46462.70303030303
hpmcounter8,normal,seed10,109,46466.67272727273
hpmcounter8,normal,seed10,110,46471.10303030303
hpmcounter8,normal,seed10,111,46470.6
hpmcounter8,normal,seed10,112,46470.53333333333
hpmcounter8,normal,seed10,113,46465.509090909094
hpmcounter8,normal,seed10,114,46467.721212121214
hpmcounter8,normal,seed10,115,46470.2
hpmcounter8,normal,seed10,116,46467.34545454545
hpmcounter8,normal,seed10,117,46463.4
hpmcounter8,normal,seed10,118,46461.24848484848
hpmcounter8,normal,seed10,119,46460.472727272725
hpmcounter8,normal,seed10,120,46461.95757575757
hpmcounter8,normal,seed10,121,46457.03636363636
hpmcounter8,normal,seed10,122,46449.44242424242
hpmcounter8,normal,seed10,123,46443.40606060606
hpmcounter8,normal,seed10,124,46442.22424242424
hpmcounter8,normal,seed10,125,46441.1393939394
hpmcounter8,normal,seed10,126,46445.19393939394
hpmcounter8,normal,seed10,127,46448.46666666667
hpmcounter8,normal,seed10,128,46452.49696969697
hpmcounter8,normal,seed10,129,46456.763636363634
hpmcounter8,normal,seed10,130,46462.63636363636
hpmcounter8,normal,seed10,131,46466.13333333333
hpmcounter8,normal,seed10,132,46466.8303030303
hpmcounter8,normal,seed10,133,46470.412121212124
hpmcounter8,normal,seed10,134,46477.52121212121
hpmcounter8,normal,seed10,135,46476.15757575758
hpmcounter8,normal,seed10,136,46476.19393939394
hpmcounter8,normal,seed10,137,46477.25454545455
hpmcounter8,normal,seed10,138,46477.29696969697
hpmcounter8,normal,seed10,139,46473.66060606061
hpmcounter8,normal,seed10,140,46474.933333333334
hpmcounter8,normal,seed10,141,46471.29090909091
hpmcounter8,normal,seed10,142,46464.2
hpmcounter8,normal,seed10,143,46468.57575757576
hpmcounter8,normal,seed10,144,46469.357575757575
hpmcounter8,normal,seed10,145,46463.315151515155
hpmcounter8,normal,seed10,146,46455.36363636364
hpmcounter8,normal,seed10,147,46447.951515151515
hpmcounter8,normal,seed10,148,46443.67878787879
hpmcounter8,normal,seed10,149,46440.72727272727
hpmcounter8,normal,seed10,150,46451.30909090909
hpmcounter8,normal,seed10,151,46461.757575757576
hpmcounter8,normal,seed10,152,46470.8606060606
hpmcounter8,normal,seed10,153,46486.44242424242
hpmcounter8,normal,seed10,154,46495.3696969697
hpmcounter8,normal,seed10,155,46781.15151515151
hpmcounter8,normal,seed10,156,46999.412121212124
hpmcounter8,normal,seed10,157,47156.393939393936
hpmcounter8,normal,seed10,158,47247.10303030303
hpmcounter8,normal,seed10,159,47275.61212121212
hpmcounter8,normal,seed10,160,47242.01818181818
hpmcounter8,normal,seed10,161,47149.72727272727
hpmcounter8,normal,seed10,162,46997.024242424246
hpmcounter8,normal,seed10,163,46777.08484848485
hpmcounter8,normal,seed10,164,46491.472727272725
hpmcounter8,normal,seed10,165,46489.4
hpmcounter8,normal,seed10,166,46484.98787878788
hpmcounter8,normal,seed10,167,46484.53333333333
hpmcounter8,normal,seed10,168,46477.59393939394
hpmcounter8,normal,seed10,169,46474.80606060606
hpmcounter8,normal,seed10,170,46471.86666666667
hpmcounter8,normal,seed10,171,46471.8606060606
hpmcounter8,normal,seed10,172,46758.44242424242
hpmcounter8,normal,seed10,173,47267.024242424246
hpmcounter8,normal,seed10,174,47927.75151515152
hpmcounter8,normal,seed10,175,48403.10303030303
hpmcounter8,normal,seed10,176,48691.00606060606
hpmcounter8,normal,seed10,177,48786.606060606064
hpmcounter8,normal,seed10,178,48687.4
hpmcounter8,normal,seed10,179,48398.09696969697
hpmcounter8,normal,seed10,180,47913.53333333333
hpmcounter8,normal,seed10,181,47247.12727272727
hpmcounter8,normal,seed10,182,46736.0
hpmcounter8,normal,seed10,183,46452.99393939394
hpmcounter8,normal,seed10,184,46452.15151515151
hpmcounter8,normal,seed10,185,46455.878787878784
hpmcounter8,normal,seed10,186,46460.878787878784
hpmcounter8,normal,seed10,187,46461.2303030303
hpmcounter8,normal,seed10,188,46465.642424242425
hpmcounter8,normal,seed10,189,46471.98787878788
hpmcounter8,normal,seed10,190,46470.38787878788
hpmcounter8,normal,seed10,191,46468.61818181818
hpmcounter8,normal,seed10,192,46466.69696969697
hpmcounter8,normal,seed10,193,46464.38787878788
hpmcounter8,normal,seed10,194,46458.145454545454
hpmcounter8,normal,seed10,195,46456.969696969696
hpmcounter8,normal,seed10,196,46458.32727272727
hpmcounter8,normal,seed10,197,46453.569696969695
hpmcounter8,normal,seed10,198,46451.357575757575
hpmcounter8,normal,seed10,199,46455.490909090906
hpmcounter8,normal,seed10,200,46461.01212121212
hpmcounter8,normal,seed10,201,46461.933333333334
hpmcounter8,normal,seed10,202,46752.38787878788
hpmcounter8,normal,seed10,203,46982.836363636365
hpmcounter8,normal,seed10,204,47141.86666666667
hpmcounter8,normal,seed10,205,47241.73333333333
hpmcounter8,normal,seed10,206,47277.1393939394
hpmcounter8,normal,seed10,207,47246.6
hpmcounter8,normal,seed10,208,47148.8606060606
hpmcounter8,normal,seed10,209,46984.19393939394
hpmcounter8,normal,seed10,210,46762.06060606061
hpmcounter8,normal,seed10,211,46474.61818181818
hpmcounter8,normal,seed10,212,46479.33939393939
hpmcounter8,normal,seed10,213,46489.38181818182
hpmcounter8,normal,seed10,214,46495.048484848485
hpmcounter8,normal,seed10,215,46505.61212121212
hpmcounter8,normal,seed10,216,46512.7696969697
hpmcounter8,normal,seed10,217,46516.79393939394
hpmcounter8,normal,seed10,218,46520.51515151515
hpmcounter8,normal,seed10,219,46516.55757575758
hpmcounter8,normal,seed10,220,46509.86666666667
hpmcounter8,normal,seed10,221,46501.01212121212
hpmcounter8,normal,seed10,222,46495.315151515155
hpmcounter8,normal,seed10,223,46493.05454545454
hpmcounter8,normal,seed10,224,46489.03636363636
hpmcounter8,normal,seed10,225,46482.8303030303
hpmcounter8,normal,seed10,226,46479.10303030303
hpmcounter8,normal,seed10,227,46474.29696969697
hpmcounter8,normal,seed10,228,46470.11515151515
hpmcounter8,normal,seed10,229,46467.58181818182
hpmcounter8,normal,seed10,230,46458.13333333333
hpmcounter8,normal,seed10,231,46451.44242424242
hpmcounter8,normal,seed10,232,46446.51515151515
hpmcounter8,normal,seed10,233,46451.969696969696
hpmcounter8,normal,seed10,234,46461.836363636365
hpmcounter8,normal,seed10,235,46474.32121212121
hpmcounter8,normal,seed10,236,46481.03636363636
hpmcounter8,normal,seed10,237,46488.38787878788
hpmcounter8,normal,seed10,238,46494.69696969697
hpmcounter8,normal,seed10,239,46496.20606060606
hpmcounter8,normal,seed10,240,46492.32727272727
hpmcounter8,normal,seed10,241,46488.836363636365
hpmcounter8,normal,seed10,242,46483.43636363636
hpmcounter8,normal,seed10,243,46482.55757575758
hpmcounter8,normal,seed10,244,46481.29696969697
hpmcounter8,normal,seed10,245,46484.430303030305
hpmcounter8,normal,seed10,246,46479.509090909094
hpmcounter8,normal,seed10,247,46477.393939393936
hpmcounter8,normal,seed10,248,46475.94545454546
hpmcounter8,normal,seed10,249,46471.27272727273
hpmcounter8,normal,seed10,250,46464.1696969697
hpmcounter8,normal,seed10,251,46462.6
hpmcounter8,normal,seed10,252,46464.375757575755
hpmcounter8,normal,seed10,253,46463.04242424243
hpmcounter8,normal,seed10,254,46459.30303030303
hpmcounter8,normal,seed10,255,46458.29090909091
hpmcounter8,normal,seed10,256,46460.95757575757
hpmcounter8,normal,seed10,257,46474.430303030305
hpmcounter8,normal,seed10,258,46487.15757575758
hpmcounter8,normal,seed10,259,46497.70909090909
hpmcounter8,normal,seed10,260,46503.48484848485
hpmcounter8,normal,seed10,261,46508.70303030303
hpmcounter8,normal,seed10,262,46518.048484848485
hpmcounter8,normal,seed10,263,46520.33939393939
hpmcounter8,normal,seed10,264,46515.6
hpmcounter8,normal,seed10,265,46510.06060606061
hpmcounter8,normal,seed10,266,46502.10303030303
hpmcounter8,normal,seed10,267,46498.67272727273
hpmcounter8,normal,seed10,268,46495.951515151515
hpmcounter8,normal,seed10,269,46491.933333333334
hpmcounter8,normal,seed10,270,46491.46060606061
hpmcounter8,normal,seed10,271,46483.34545454545
hpmcounter8,normal,seed10,272,46479.01818181818
hpmcounter8,normal,seed10,273,46476.30303030303
hpmcounter8,normal,seed10,274,46478.50303030303
hpmcounter8,normal,seed10,275,46486.15757575758
hpmcounter8,normal,seed10,276,46487.06060606061
hpmcounter8,normal,seed10,277,46481.666666666664
hpmcounter8,normal,seed10,278,46473.587878787876
hpmcounter8,normal,seed10,279,46468.52121212121
hpmcounter8,normal,seed10,280,46468.29696969697
hpmcounter8,normal,seed10,281,46460.218181818185
hpmcounter8,normal,seed10,282,46455.63636363636
hpmcounter8,normal,seed10,283,46453.09090909091
hpmcounter8,normal,seed10,284,46457.30909090909
hpmcounter8,normal,seed10,285,46461.0
hpmcounter8,normal,seed10,286,46466.47878787879
hpmcounter8,normal,seed10,287,46471.36363636364
hpmcounter8,normal,seed10,288,46477.58181818182
hpmcounter8,normal,seed10,289,46483.375757575755
hpmcounter8,normal,seed10,290,46482.969696969696
hpmcounter8,normal,seed10,291,46477.757575757576
hpmcounter8,normal,seed10,292,46472.84242424242
hpmcounter8,normal,seed10,293,46471.71515151515
hpmcounter8,normal,seed10,294,46471.01818181818
hpmcounter8,normal,seed10,295,46468.8
hpmcounter8,normal,seed10,296,46466.40606060606
hpmcounter8,normal,seed10,297,46462.93939393939
hpmcounter8,normal,seed10,298,46462.933333333334
hpmcounter8,normal,seed11,9,46502.13333333333
hpmcounter8,normal,seed11,10,46502.40606060606
hpmcounter8,normal,seed11,11,46501.6303030303
hpmcounter8,normal,seed11,12,46500.81212121212
hpmcounter8,normal,seed11,13,46488.545454545456
hpmcounter8,normal,seed11,14,46486.58181818182
hpmcounter8,normal,seed11,15,46484.80606060606
hpmcounter8,normal,seed11,16,46487.49696969697
hpmcounter8,normal,seed11,17,46487.84242424242
hpmcounter8,normal,seed11,18,46489.21212121212
hpmcounter8,normal,seed11,19,46495.4
hpmcounter8,normal,seed11,20,46500.03636363636
hpmcounter8,normal,seed11,21,46502.29696969697
hpmcounter8,normal,seed11,22,46505.763636363634
hpmcounter8,normal,seed11,23,46504.527272727275
hpmcounter8,normal,seed11,24,46508.38787878788
hpmcounter8,normal,seed11,25,46504.878787878784
hpmcounter8,normal,seed11,26,46494.315151515155
hpmcounter8,normal,seed11,27,46484.624242424245
hpmcounter8,normal,seed11,28,46470.92727272727
hpmcounter8,normal,seed11,29,46467.30909090909
hpmcounter8,normal,seed11,30,46472.61818181818
hpmcounter8,normal,seed11,31,46477.2
hpmcounter8,normal,seed11,32,46478.46060606061
hpmcounter8,normal,seed11,33,46486.38787878788
hpmcounter8,normal,seed11,34,46492.35151515152
hpmcounter8,normal,seed11,35,46494.2
hpmcounter8,normal,seed11,36,46484.82424242424
hpmcounter8,normal,seed11,37,46478.66060606061
hpmcounter8,normal,seed11,38,46469.38787878788
hpmcounter8,normal,seed11,39,46464.030303030304
hpmcounter8,normal,seed11,40,46469.27272727273
hpmcounter8,normal,seed11,41,46479.43636363636
hpmcounter8,normal,seed11,42,46488.66060606061
hpmcounter8,normal,seed11,43,46498.951515151515
hpmcounter8,normal,seed11,44,46505.01818181818
hpmcounter8,normal,seed11,45,46505.1393939394
hpmcounter8,normal,seed11,46,46498.89696969697
hpmcounter8,normal,seed11,47,46498.72727272727
hpmcounter8,normal,seed11,48,46499.98181818182
hpmcounter8,normal,seed11,49,46501.00606060606
hpmcounter8,normal,seed11,50,46503.63636363636
hpmcounter8,normal,seed11,51,46514.65454545455
hpmcounter8,normal,seed11,52,46524.89696969697
hpmcounter8,normal,seed11,53,46530.79393939394
hpmcounter8,normal,seed11,54,46531.50303030303
hpmcounter8,normal,seed11,55,46805.70303030303
hpmcounter8,normal,seed11,56,47297.42424242424
hpmcounter8,normal,seed11,57,47949.53333333333
hpmcounter8,normal,seed11,58,48697.00606060606
hpmcounter8,normal,seed11,59,49479.024242424246
hpmcounter8,normal,seed11,60,50232.551515151514
hpmcounter8,normal,seed11,61,50892.07272727273
hpmcounter8,normal,seed11,62,51396.315151515155
hpmcounter8,normal,seed11,63,51679.30909090909
hpmcounter8,normal,seed11,64,51675.90909090909
hpmcounter8,normal,seed11,65,51393.70909090909
hpmcounter8,normal,seed11,66,50892.01212121212
hpmcounter8,normal,seed11,67,50238.527272727275
hpmcounter8,normal,seed11,68,49494.6
hpmcounter8,normal,seed11,69,48720.448484848486
hpmcounter8,normal,seed11,70,47982.975757575754
hpmcounter8,normal,seed11,71,47328.08484848485
hpmcounter8,normal,seed11,72,46825.08484848485
hpmcounter8,normal,seed11,73,46544.4
hpmcounter8,normal,seed11,74,46530.3696969697
hpmcounter8,normal,seed11,75,46514.448484848486
hpmcounter8,normal,seed11,76,46496.56363636364
hpmcounter8,normal,seed11,77,46475.46666666667
hpmcounter8,normal,seed11,78,46464.30909090909
hpmcounter8,normal,seed11,79,46453.642424242425
hpmcounter8,normal,seed11,80,46457.181818181816
hpmcounter8,normal,seed11,81,46462.84848484849
hpmcounter8,normal,seed11,82,46461.218181818185
hpmcounter8,normal,seed11,83,46470.27272727273
hpmcounter8,normal,seed11,84,46476.8303030303
hpmcounter8,normal,seed11,85,46479.7696969697
hpmcounter8,normal,seed11,86,46481.96363636364
hpmcounter8,normal,seed11,87,46481.242424242424
hpmcounter8,normal,seed11,88,46485.624242424245
hpmcounter8,normal,seed11,89,46488.09696969697
hpmcounter8,normal,seed11,90,46500.13333333333
hpmcounter8,normal,seed11,91,46508.10909090909
hpmcounter8,normal,seed11,92,46505.95757575757
hpmcounter8,normal,seed11,93,46496.11515151515
hpmcounter8,normal,seed11,94,46490.25454545455
hpmcounter8,normal,seed11,95,46484.67272727273
hpmcounter8,normal,seed11,96,46474.04242424243
hpmcounter8,normal,seed11,97,46468.33939393939
hpmcounter8,normal,seed11,98,46467.48484848485
hpmcounter8,normal,seed11,99,46472.74545454545
hpmcounter8,normal,seed11,100,46487.878787878784
hpmcounter8,normal,seed11,101,46501.46666666667
hpmcounter8,normal,seed11,102,46510.18787878788
hpmcounter8,normal,seed11,103,46789.642424242425
hpmcounter8,normal,seed11,104,47290.43636363636
hpmcounter8,normal,seed11,105,47668.71515151515
hpmcounter8,normal,seed11,106,47917.666666666664
hpmcounter8,normal,seed11,107,48040.624242424245
hpmcounter8,normal,seed11,108,48034.375757575755
hpmcounter8,normal,seed11,109,47905.22424242424
hpmcounter8,normal,seed11,110,47654.6303030303
hpmcounter8,normal,seed11,111,47278.024242424246
hpmcounter8,normal,seed11,112,46775.52121212121
hpmcounter8,normal,seed11,113,46487.03636363636
hpmcounter8,normal,seed11,114,46482.55757575758
hpmcounter8,normal,seed11,115,46483.763636363634
hpmcounter8,normal,seed11,116,46486.781818181815
hpmcounter8,normal,seed11,117,46491.333333333336
hpmcounter8,normal,seed11,118,46495.15151515151
hpmcounter8,normal,seed11,119,46498.64848484848
hpmcounter8,normal,seed11,120,46496.67272727273
hpmcounter8,normal,seed11,121,46489.975757575754
hpmcounter8,normal,seed11,122,46482.242424242424
hpmcounter8,normal,seed11,123,46475.75151515152
hpmcounter8,normal,seed11,124,46467.84848484849
hpmcounter8,normal,seed11,125,46459.63636363636
hpmcounter8,normal,seed11,126,46455.0
hpmcounter8,normal,seed11,127,46451.10303030303
hpmcounter8,normal,seed11,128,46452.509090909094
hpmcounter8,normal,seed11,129,46461.32727272727
hpmcounter8,normal,seed11,130,46467.92121212121
hpmcounter8,normal,seed11,131,46477.757575757576
hpmcounter8,normal,seed11,132,46483.569696969695
hpmcounter8,normal,seed11,133,46497.951515151515
hpmcounter8,normal,seed11,134,46513.20606060606
hpmcounter8,normal,seed11,135,46514.951515151515
hpmcounter8,normal,seed11,136,46513.09090909091
hpmcounter8,normal,seed11,137,46504.25454545455
hpmcounter8,normal,seed11,138,46493.73333333333
hpmcounter8,normal,seed11,139,46483.509090909094
hpmcounter8,normal,seed11,140,46475.1696969697
hpmcounter8,normal,seed11,141,46471.22424242424
hpmcounter8,normal,seed11,142,46464.90303030303
hpmcounter8,normal,seed11,143,46469.70909090909
hpmcounter8,normal,seed11,144,46482.0
hpmcounter8,normal,seed11,145,46487.17575757576
hpmcounter8,normal,seed11,146,46487.96363636364
hpmcounter8,normal,seed11,147,46487.684848484845
hpmcounter8,normal,seed11,148,46487.61818181818
hpmcounter8,normal,seed11,149,46482.393939393936
hpmcounter8,normal,seed11,150,46474.121212121216
hpmcounter8,normal,seed11,151,46469.20606060606
hpmcounter8,normal,seed11,152,46458.36363636364
hpmcounter8,normal,seed11,153,46454.048484848485
hpmcounter8,normal,seed11,154,46451.29090909091
hpmcounter8,normal,seed11,155,46449.181818181816
hpmcounter8,normal,seed11,156,46447.58181818182
hpmcounter8,normal,seed11,157,46451.65454545455
hpmcounter8,normal,seed11,158,46454.4
hpmcounter8,normal,seed11,159,46458.32727272727
hpmcounter8,normal,seed11,160,46460.27272727273
hpmcounter8,normal,seed11,161,46464.315151515155
hpmcounter8,normal,seed11,162,46465.67272727273
hpmcounter8,normal,seed11,163,46469.4
hpmcounter8,normal,seed11,164,46472.87272727273
hpmcounter8,normal,seed11,165,46475.84242424242
hpmcounter8,normal,seed11,166,46477.71515151515
hpmcounter8,normal,seed11,167,46479.15757575758
hpmcounter8,normal,seed11,168,46471.19393939394
hpmcounter8,normal,seed11,169,46466.71515151515
hpmcounter8,normal,seed11,170,46463.61212121212
hpmcounter8,normal,seed11,171,46457.34545454545
hpmcounter8,normal,seed11,172,46451.55757575758
hpmcounter8,normal,seed11,173,46450.32727272727
hpmcounter8,normal,seed11,174,46454.52121212121
hpmcounter8,normal,seed11,175,46458.66060606061
hpmcounter8,normal,seed11,176,46458.89090909091
hpmcounter8,normal,seed11,177,46457.96363636364
hpmcounter8,normal,seed11,178,46456.96363636364
hpmcounter8,normal,seed11,179,46457.642424242425
hpmcounter8,normal,seed11,180,46456.73333333333
hpmcounter8,normal,seed11,181,46458.33939393939
hpmcounter8,normal,seed11,182,46459.878787878784
hpmcounter8,normal,seed11,183,46460.84242424242
hpmcounter8,normal,seed11,184,46467.22424242424
hpmcounter8,normal,seed11,185,46475.10303030303
hpmcounter8,normal,seed11,186,46477.32121212121
hpmcounter8,normal,seed11,187,46473.47878787879
hpmcounter8,normal,seed11,188,46472.606060606064
hpmcounter8,normal,seed11,189,46467.030303030304
hpmcounter8,normal,seed11,190,46460.42424242424
hpmcounter8,normal,seed11,191,46455.84242424242
hpmcounter8,normal,seed11,192,46455.93939393939
hpmcounter8,normal,seed11,193,46453.333333333336
hpmcounter8,normal,seed11,194,46451.00606060606
hpmcounter8,normal,seed11,195,46454.96363636364
hpmcounter8,normal,seed11,196,46464.8303030303
hpmcounter8,normal,seed11,197,46470.90303030303
hpmcounter8,normal,seed11,198,46475.66060606061
hpmcounter8,normal,seed11,199,46476.53939393939
hpmcounter8,normal,seed11,200,46477.8303030303
hpmcounter8,normal,seed11,201,46474.569696969695
hpmcounter8,normal,seed11,202,46477.24848484848
hpmcounter8,normal,seed11,203,46476.545454545456
hpmcounter8,normal,seed11,204,46473.545454545456
hpmcounter8,normal,seed11,205,46465.763636363634
hpmcounter8,normal,seed11,206,46467.50303030303
hpmcounter8,normal,seed11,207,46466.48484848485
hpmcounter8,normal,seed11,208,46465.67878787879
hpmcounter8,normal,seed11,209,46465.66060606061
hpmcounter8,normal,seed11,210,46467.72727272727
hpmcounter8,normal,seed11,211,46467.35151515152
hpmcounter8,normal,seed11,212,46472.67272727273
hpmcounter8,normal,seed11,213,46472.763636363634
hpmcounter8,normal,seed11,214,46477.430303030305
hpmcounter8,normal,seed11,215,46471.739393939395
hpmcounter8,normal,seed11,216,46470.33939393939
hpmcounter8,normal,seed11,217,46463.21212121212
hpmcounter8,normal,seed11,218,46457.81212121212
hpmcounter8,normal,seed11,219,46451.17575757576
hpmcounter8,normal,seed11,220,46445.15757575758
hpmcounter8,normal,seed11,221,46441.04242424243
hpmcounter8,normal,seed11,222,46440.84242424242
hpmcounter8,normal,seed11,223,46436.71515151515
hpmcounter8,normal,seed11,224,46445.145454545454
hpmcounter8,normal,seed11,225,46454.21212121212
hpmcounter8,normal,seed11,226,46460.75151515152
hpmcounter8,normal,seed11,227,46463.67878787879
hpmcounter8,normal,seed11,228,46469.527272727275
hpmcounter8,normal,seed11,229,46477.41818181818
hpmcounter8,normal,seed11,230,46479.98181818182
hpmcounter8,normal,seed11,231,46488.04242424243
hpmcounter8,normal,seed11,232,46494.59393939394
hpmcounter8,normal,seed11,233,46491.951515151515
hpmcounter8,normal,seed11,234,46499.35151515152
hpmcounter8,normal,seed11,235,46506.03636363636
hpmcounter8,normal,seed11,236,46501.6303030303
hpmcounter8,normal,seed11,237,46497.47878787879
hpmcounter8,normal,seed11,238,46490.2
hpmcounter8,normal,seed11,239,46484.242424242424
hpmcounter8,normal,seed11,240,46472.490909090906
hpmcounter8,normal,seed11,241,46466.048484848485
hpmcounter8,normal,seed11,242,46465.048484848485
hpmcounter8,normal,seed11,243,46462.78787878788
hpmcounter8,normal,seed11,244,46471.448484848486
hpmcounter8,normal,seed11,245,46481.18787878788
hpmcounter8,normal,seed11,246,46489.684848484845
hpmcounter8,normal,seed11,247,46499.260606060605
hpmcounter8,normal,seed11,248,46506.72727272727
hpmcounter8,normal,seed11,249,46513.2
hpmcounter8,normal,seed11,250,46519.278787878786
hpmcounter8,normal,seed11,251,46524.121212121216
hpmcounter8,normal,seed11,252,46525.0
hpmcounter8,normal,seed11,253,46520.218181818185
hpmcounter8,normal,seed11,254,46517.86666666667
hpmcounter8,normal,seed11,255,46506.624242424245
hpmcounter8,normal,seed11,256,46503.818181818184
hpmcounter8,normal,seed11,257,46497.06060606061
hpmcounter8,normal,seed11,258,46487.70909090909
hpmcounter8,normal,seed11,259,46477.18787878788
hpmcounter8,normal,seed11,260,46473.315151515155
hpmcounter8,normal,seed11,261,46478.36363636364
hpmcounter8,normal,seed11,262,46486.64848484848
hpmcounter8,normal,seed11,263,46488.74545454545
hpmcounter8,normal,seed11,264,46494.242424242424
hpmcounter8,normal,seed11,265,46486.15151515151
hpmcounter8,normal,seed11,266,46485.606060606064
hpmcounter8,normal,seed11,267,46486.8
hpmcounter8,normal,seed11,268,46485.07878787879
hpmcounter8,normal,seed11,269,46477.163636363635
hpmcounter8,normal,seed11,270,46465.03636363636
hpmcounter8,normal,seed11,271,46738.30303030303
hpmcounter8,normal,seed11,272,46956.606060606064
hpmcounter8,normal,seed11,273,47112.61212121212
hpmcounter8,normal,seed11,274,47209.98787878788
hpmcounter8,normal,seed11,275,47242.87272727273
hpmcounter8,normal,seed11,276,47213.242424242424
hpmcounter8,normal,seed11,277,47127.88484848485
hpmcounter8,normal,seed11,278,46981.8303030303
hpmcounter8,normal,seed11,279,46777.36363636364
hpmcounter8,normal,seed11,280,46507.969696969696
hpmcounter8,normal,seed11,281,46512.50303030303
hpmcounter8,normal,seed11,282,46513.030303030304
hpmcounter8,normal,seed11,283,46510.77575757576
hpmcounter8,normal,seed11,284,46506.951515151515
hpmcounter8,normal,seed11,285,46502.430303030305
hpmcounter8,normal,seed11,286,46496.89090909091
hpmcounter8,normal,seed11,287,46490.48484848485
hpmcounter8,normal,seed11,288,46481.70303030303
hpmcounter8,normal,seed11,289,46474.2303030303
hpmcounter8,normal,seed11,290,46474.77575757576
hpmcounter8,normal,seed11,291,46473.2303030303
hpmcounter8,normal,seed11,292,46472.375757575755
hpmcounter8,normal,seed11,293,46466.836363636365
hpmcounter8,normal,seed11,294,46462.30303030303
hpmcounter8,normal,seed11,295,46463.569696969695
hpmcounter8,normal,seed11,296,46471.48484848485
hpmcounter8,normal,seed11,297,46482.278787878786
hpmcounter8,normal,seed11,298,46493.06060606061
hpmcounter8,normal,seed12,9,46522.59393939394
hpmcounter8,normal,seed12,10,46512.3696969697
hpmcounter8,normal,seed12,11,46501.587878787876
hpmcounter8,normal,seed12,12,46495.430303030305
hpmcounter8,normal,seed12,13,46485.25454545455
hpmcounter8,normal,seed12,14,46478.07878787879
hpmcounter8,normal,seed12,15,46474.163636363635
hpmcounter8,normal,seed12,16,46473.181818181816
hpmcounter8,normal,seed12,17,46474.43636363636
hpmcounter8,normal,seed12,18,46474.65454545455
hpmcounter8,normal,seed12,19,46479.569696969695
hpmcounter8,normal,seed12,20,46480.3696969697
hpmcounter8,normal,seed12,21,46481.75151515152
hpmcounter8,normal,seed12,22,46484.50303030303
hpmcounter8,normal,seed12,23,46484.11515151515
hpmcounter8,normal,seed12,24,46486.448484848486
hpmcounter8,normal,seed12,25,46481.42424242424
hpmcounter8,normal,seed12,26,46472.278787878786
hpmcounter8,normal,seed12,27,46466.52121212121
hpmcounter8,normal,seed12,28,46457.05454545454
hpmcounter8,normal,seed12,29,46455.412121212124
hpmcounter8,normal,seed12,30,46463.48484848485
hpmcounter8,normal,seed12,31,46470.17575757576
hpmcounter8,normal,seed12,32,46470.242424242424
hpmcounter8,normal,seed12,33,46761.88484848485
hpmcounter8,normal,seed12,34,46991.29090909091
hpmcounter8,normal,seed12,35,47440.36363636364
hpmcounter8,normal,seed12,36,48037.93939393939
hpmcounter8,normal,seed12,37,48445.10303030303
hpmcounter8,normal,seed12,38,48660.121212121216
hpmcounter8,normal,seed12,39,48684.74545454545
hpmcounter8,normal,seed12,40,48816.236363636366
hpmcounter8,normal,seed12,41,48975.27272727273
hpmcounter8,normal,seed12,42,49092.66060606061
hpmcounter8,normal,seed12,43,49187.2
hpmcounter8,normal,seed12,44,48973.09696969697
hpmcounter8,normal,seed12,45,49071.82424242424
hpmcounter8,normal,seed12,46,49480.375757575755
hpmcounter8,normal,seed12,47,49855.92121212121
hpmcounter8,normal,seed12,48,49857.1696969697
hpmcounter8,normal,seed12,49,49475.41818181818
hpmcounter8,normal,seed12,50,49065.10909090909
hpmcounter8,normal,seed12,51,48968.33939393939
hpmcounter8,normal,seed12,52,49186.33939393939
hpmcounter8,normal,seed12,53,49371.50303030303
hpmcounter8,normal,seed12,54,49185.545454545456
hpmcounter8,normal,seed12,55,48967.11515151515
hpmcounter8,normal,seed12,56,48776.163636363635
hpmcounter8,normal,seed12,57,48686.48484848485
hpmcounter8,normal,seed12,58,48410.13333333333
hpmcounter8,normal,seed12,59,47947.05454545454
hpmcounter8,normal,seed12,60,47292.73333333333
hpmcounter8,normal,seed12,61,46793.260606060605
hpmcounter8,normal,seed12,62,46512.52121212121
hpmcounter8,normal,seed12,63,46510.77575757576
hpmcounter8,normal,seed12,64,46501.763636363634
hpmcounter8,normal,seed12,65,46494.236363636366
hpmcounter8,normal,seed12,66,46486.454545454544
hpmcounter8,normal,seed12,67,46480.3696969697
hpmcounter8,normal,seed12,68,46469.94545454546
hpmcounter8,normal,seed12,69,46461.666666666664
hpmcounter8,normal,seed12,70,46458.82424242424
hpmcounter8,normal,seed12,71,46463.781818181815
hpmcounter8,normal,seed12,72,46466.50303030303
hpmcounter8,normal,seed12,73,46474.163636363635
hpmcounter8,normal,seed12,74,46475.91515151515
hpmcounter8,normal,seed12,75,46480.6
hpmcounter8,normal,seed12,76,46494.430303030305
hpmcounter8,normal,seed12,77,46508.854545454546
hpmcounter8,normal,seed12,78,46507.04242424243
hpmcounter8,normal,seed12,79,46498.33939393939
hpmcounter8,normal,seed12,80,46485.13333333333
hpmcounter8,normal,seed12,81,46478.242424242424
hpmcounter8,normal,seed12,82,46467.96363636364
hpmcounter8,normal,seed12,83,46459.43636363636
hpmcounter8,normal,seed12,84,46450.430303030305
hpmcounter8,normal,seed12,85,46441.15757575758
hpmcounter8,normal,seed12,86,46436.30303030303
hpmcounter8,normal,seed12,87,46442.78787878788
hpmcounter8,normal,seed12,88,46442.145454545454
hpmcounter8,normal,seed12,89,46445.024242424246
hpmcounter8,normal,seed12,90,46450.569696969695
hpmcounter8,normal,seed12,91,46462.92727272727
hpmcounter8,normal,seed12,92,46478.15757575758
hpmcounter8,normal,seed12,93,46494.99393939394
hpmcounter8,normal,seed12,94,46516.04242424243
hpmcounter8,normal,seed12,95,46530.78787878788
hpmcounter8,normal,seed12,96,46536.51515151515
hpmcounter8,normal,seed12,97,46544.40606060606
hpmcounter8,normal,seed12,98,46541.666666666664
hpmcounter8,normal,seed12,99,46529.0
hpmcounter8,normal,seed12,100,46517.10303030303
hpmcounter8,normal,seed12,101,46505.00606060606
hpmcounter8,normal,seed12,102,46494.77575757576
hpmcounter8,normal,seed12,103,46489.18787878788
hpmcounter8,normal,seed12,104,46488.96363636364
hpmcounter8,normal,seed12,105,46487.260606060605
hpmcounter8,normal,seed12,106,46487.53939393939
hpmcounter8,normal,seed12,107,46502.242424242424
hpmcounter8,normal,seed12,108,46510.18787878788
hpmcounter8,normal,seed12,109,46511.46666666667
hpmcounter8,normal,seed12,110,46509.763636363634
hpmcounter8,normal,seed12,111,46508.35151515152
hpmcounter8,normal,seed12,112,46500.472727272725
hpmcounter8,normal,seed12,113,46497.181818181816
hpmcounter8,normal,seed12,114,46491.92121212121
hpmcounter8,normal,seed12,115,46484.61212121212
hpmcounter8,normal,seed12,116,46475.53333333333
hpmcounter8,normal,seed12,117,46471.48484848485
hpmcounter8,normal,seed12,118,46471.545454545456
hpmcounter8,normal,seed12,119,46469.52121212121
hpmcounter8,normal,seed12,120,46466.07878787879
hpmcounter8,normal,seed12,121,46463.69696969697
hpmcounter8,normal,seed12,122,46456.472727272725
hpmcounter8,normal,seed12,123,46453.67272727273
hpmcounter8,normal,seed12,124,46451.71515151515
hpmcounter8,normal,seed12,125,46456.260606060605
hpmcounter8,normal,seed12,126,46455.52121212121
hpmcounter8,normal,seed12,127,46448.818181818184
hpmcounter8,normal,seed12,128,46451.72727272727
hpmcounter8,normal,seed12,129,46460.01212121212
hpmcounter8,normal,seed12,130,46470.30909090909
hpmcounter8,normal,seed12,131,46474.721212121214
hpmcounter8,normal,seed12,132,46484.412121212124
hpmcounter8,normal,seed12,133,46494.1393939394
hpmcounter8,normal,seed12,134,46496.757575757576
hpmcounter8,normal,seed12,135,46502.15757575758
hpmcounter8,normal,seed12,136,46504.78787878788
hpmcounter8,normal,seed12,137,46508.30909090909
hpmcounter8,normal,seed12,138,46508.93939393939
hpmcounter8,normal,seed12,139,46509.551515151514
hpmcounter8,normal,seed12,140,46507.278787878786
hpmcounter8,normal,seed12,141,46501.12727272727
hpmcounter8,normal,seed12,142,46498.15151515151
hpmcounter8,normal,seed12,143,46495.490909090906
hpmcounter8,normal,seed12,144,46483.739393939395
hpmcounter8,normal,seed12,145,46473.12727272727
hpmcounter8,normal,seed12,146,46467.47878787879
hpmcounter8,normal,seed12,147,46471.32727272727
hpmcounter8,normal,seed12,148,46476.412121212124
hpmcounter8,normal,seed12,149,46478.08484848485
hpmcounter8,normal,seed12,150,46478.315151515155
hpmcounter8,normal,seed12,151,46482.818181818184
hpmcounter8,normal,seed12,152,46477.854545454546
hpmcounter8,normal,seed12,153,46468.74545454545
hpmcounter8,normal,seed12,154,46457.91515151515
hpmcounter8,normal,seed12,155,46447.50303030303
hpmcounter8,normal,seed12,156,46444.78787878788
hpmcounter8,normal,seed12,157,46444.48484848485
hpmcounter8,normal,seed12,158,46446.75151515152
hpmcounter8,normal,seed12,159,46449.836363636365
hpmcounter8,normal,seed12,160,46454.6303030303
hpmcounter8,normal,seed12,161,46465.333333333336
hpmcounter8,normal,seed12,162,46475.624242424245
hpmcounter8,normal,seed12,163,46484.66060606061
hpmcounter8,normal,seed12,164,46495.278787878786
hpmcounter8,normal,seed12,165,46495.99393939394
hpmcounter8,normal,seed12,166,46498.95757575757
hpmcounter8,normal,seed12,167,46500.55757575758
hpmcounter8,normal,seed12,168,46496.32727272727
hpmcounter8,normal,seed12,169,46493.10909090909
hpmcounter8,normal,seed12,170,46488.51515151515
hpmcounter8,normal,seed12,171,46475.18787878788
hpmcounter8,normal,seed12,172,46462.99393939394
hpmcounter8,normal,seed12,173,46452.38181818182
hpmcounter8,normal,seed12,174,46451.27272727273
hpmcounter8,normal,seed12,175,46449.33939393939
hpmcounter8,normal,seed12,176,46446.95757575757
hpmcounter8,normal,seed12,177,46449.92727272727
hpmcounter8,normal,seed12,178,46455.13333333333
hpmcounter8,normal,seed12,179,46459.6
hpmcounter8,normal,seed12,180,46464.242424242424
hpmcounter8,normal,seed12,181,46464.8606060606
hpmcounter8,normal,seed12,182,46457.145454545454
hpmcounter8,normal,seed12,183,46449.27272727273
hpmcounter8,normal,seed12,184,46448.587878787876
hpmcounter8,normal,seed12,185,46449.218181818185
hpmcounter8,normal,seed12,186,46451.70909090909
hpmcounter8,normal,seed12,187,46460.26666666667
hpmcounter8,normal,seed12,188,46471.048484848485
hpmcounter8,normal,seed12,189,46480.66060606061
hpmcounter8,normal,seed12,190,46487.278787878786
hpmcounter8,normal,seed12,191,46493.63636363636
hpmcounter8,normal,seed12,192,46489.551515151514
hpmcounter8,normal,seed12,193,46486.545454545456
hpmcounter8,normal,seed12,194,46482.26666666667
hpmcounter8,normal,seed12,195,46472.048484848485
hpmcounter8,normal,seed12,196,46470.763636363634
hpmcounter8,normal,seed12,197,46469.29090909091
hpmcounter8,normal,seed12,198,46466.1393939394
hpmcounter8,normal,seed12,199,46466.84848484849
hpmcounter8,normal,seed12,200,46467.88484848485
hpmcounter8,normal,seed12,201,46470.61818181818
hpmcounter8,normal,seed12,202,46467.048484848485
hpmcounter8,normal,seed12,203,46463.3696969697
hpmcounter8,normal,seed12,204,46454.75151515152
hpmcounter8,normal,seed12,205,46446.278787878786
hpmcounter8,normal,seed12,206,46452.00606060606
hpmcounter8,normal,seed12,207,46459.79393939394
hpmcounter8,normal,seed12,208,46468.739393939395
hpmcounter8,normal,seed12,209,46475.739393939395
hpmcounter8,normal,seed12,210,46478.17575757576
hpmcounter8,normal,seed12,211,46478.030303030304
hpmcounter8,normal,seed12,212,46473.98181818182
hpmcounter8,normal,seed12,213,46470.684848484845
hpmcounter8,normal,seed12,214,46462.69090909091
hpmcounter8,normal,seed12,215,46456.90909090909
hpmcounter8,normal,seed12,216,46454.8
hpmcounter8,normal,seed12,217,46455.739393939395
hpmcounter8,normal,seed12,218,46463.19393939394
hpmcounter8,normal,seed12,219,46467.15151515151
hpmcounter8,normal,seed12,220,46475.41818181818
hpmcounter8,normal,seed12,221,46480.40606060606
hpmcounter8,normal,seed12,222,46487.75151515152
hpmcounter8,normal,seed12,223,46494.41818181818
hpmcounter8,normal,seed12,224,46780.70909090909
hpmcounter8,normal,seed12,225,47287.59393939394
hpmcounter8,normal,seed12,226,47950.04242424243
hpmcounter8,normal,seed12,227,48703.96363636364
hpmcounter8,normal,seed12,228,49491.61818181818
hpmcounter8,normal,seed12,229,50247.15757575758
hpmcounter8,normal,seed12,230,50908.84848484849
hpmcounter8,normal,seed12,231,51417.7696969697
hpmcounter8,normal,seed12,232,51708.89696969697
hpmcounter8,normal,seed12,233,51429.99393939394
hpmcounter8,normal,seed12,234,50931.721212121214
hpmcounter8,normal,seed12,235,50273.18787878788
hpmcounter8,normal,seed12,236,49521.26666666667
hpmcounter8,normal,seed12,237,48740.024242424246
hpmcounter8,normal,seed12,238,47987.91515151515
hpmcounter8,normal,seed12,239,47329.57575757576
hpmcounter8,normal,seed12,240,46817.90909090909
hpmcounter8,normal,seed12,241,46533.3696969697
hpmcounter8,normal,seed12,242,46528.03636363636
hpmcounter8,normal,seed12,243,46513.70909090909
hpmcounter8,normal,seed12,244,46504.90909090909
hpmcounter8,normal,seed12,245,46494.46666666667
hpmcounter8,normal,seed12,246,46485.393939393936
hpmcounter8,normal,seed12,247,46477.98181818182
hpmcounter8,normal,seed12,248,46471.51515151515
hpmcounter8,normal,seed12,249,46466.7696969697
hpmcounter8,normal,seed12,250,46461.12727272727
hpmcounter8,normal,seed12,251,46465.17575757576
hpmcounter8,normal,seed12,252,46474.69696969697
hpmcounter8,normal,seed12,253,46484.278787878786
hpmcounter8,normal,seed12,254,46495.15757575758
hpmcounter8,normal,seed12,255,46506.57575757576
hpmcounter8,normal,seed12,256,46515.412121212124
hpmcounter8,normal,seed12,257,46514.32121212121
hpmcounter8,normal,seed12,258,46510.19393939394
hpmcounter8,normal,seed12,259,46506.6
hpmcounter8,normal,seed12,260,46502.666666666664
hpmcounter8,normal,seed12,261,46500.36363636364
hpmcounter8,normal,seed12,262,46498.587878787876
hpmcounter8,normal,seed12,263,46505.38787878788
hpmcounter8,normal,seed12,264,46503.10303030303
hpmcounter8,normal,seed12,265,46505.80606060606
hpmcounter8,normal,seed12,266,46509.72727272727
hpmcounter8,normal,seed12,267,46503.71515151515
hpmcounter8,normal,seed12,268,46495.11515151515
hpmcounter8,normal,seed12,269,46487.69696969697
hpmcounter8,normal,seed12,270,46479.472727272725
hpmcounter8,normal,seed12,271,46472.67272727273
hpmcounter8,normal,seed12,272,46468.24848484848
hpmcounter8,normal,seed12,273,46466.430303030305
hpmcounter8,normal,seed12,274,46461.30909090909
hpmcounter8,normal,seed12,275,46737.09696969697
hpmcounter8,normal,seed12,276,47239.06060606061
hpmcounter8,normal,seed12,277,47899.10909090909
hpmcounter8,normal,seed12,278,48655.03636363636
hpmcounter8,normal,seed12,279,49443.88484848485
hpmcounter8,normal,seed12,280,49924.951515151515
hpmcounter8,normal,seed12,281,50088.721212121214
hpmcounter8,normal,seed12,282,49940.569696969695
hpmcounter8,normal,seed12,283,49477.3696969697
hpmcounter8,normal,seed12,284,48703.43636363636
hpmcounter8,normal,seed12,285,47954.24848484848
hpmcounter8,normal,seed12,286,47298.315151515155
hpmcounter8,normal,seed12,287,46796.490909090906
hpmcounter8,normal,seed12,288,46511.73333333333
hpmcounter8,normal,seed12,289,46510.121212121216
hpmcounter8,normal,seed12,290,46511.51515151515
hpmcounter8,normal,seed12,291,46511.25454545455
hpmcounter8,normal,seed12,292,46509.606060606064
hpmcounter8,normal,seed12,293,46509.21212121212
hpmcounter8,normal,seed12,294,46514.10303030303
hpmcounter8,normal,seed12,295,46514.2303030303
hpmcounter8,normal,seed12,296,46514.357575757575
hpmcounter8,normal,seed12,297,46518.472727272725
hpmcounter8,normal,seed12,298,46514.472727272725
hpmcounter8,normal,seed13,9,46497.41818181818
hpmcounter8,normal,seed13,10,46494.15757575758
hpmcounter8,normal,seed13,11,46492.75151515152
hpmcounter8,normal,seed13,12,46496.28484848485
hpmcounter8,normal,seed13,13,46495.490909090906
hpmcounter8,normal,seed13,14,46501.07878787879
hpmcounter8,normal,seed13,15,46503.448484848486
hpmcounter8,normal,seed13,16,46504.684848484845
hpmcounter8,normal,seed13,17,46500.28484848485
hpmcounter8,normal,seed13,18,46501.35151515152
hpmcounter8,normal,seed13,19,46507.10303030303
hpmcounter8,normal,seed13,20,46508.43636363636
hpmcounter8,normal,seed13,21,46505.90303030303
hpmcounter8,normal,seed13,22,46504.28484848485
hpmcounter8,normal,seed13,23,46501.12727272727
hpmcounter8,normal,seed13,24,46505.06060606061
hpmcounter8,normal,seed13,25,46503.6
hpmcounter8,normal,seed13,26,46495.757575757576
hpmcounter8,normal,seed13,27,46488.781818181815
hpmcounter8,normal,seed13,28,46480.25454545455
hpmcounter8,normal,seed13,29,46481.6
hpmcounter8,normal,seed13,30,46487.8606060606
hpmcounter8,normal,seed13,31,46494.38787878788
hpmcounter8,normal,seed13,32,46491.3696969697
hpmcounter8,normal,seed13,33,46493.61212121212
hpmcounter8,normal,seed13,34,46497.09696969697
hpmcounter8,normal,seed13,35,46494.15757575758
hpmcounter8,normal,seed13,36,46485.2
hpmcounter8,normal,seed13,37,46479.48484848485
hpmcounter8,normal,seed13,38,46472.01818181818
hpmcounter8,normal,seed13,39,46467.454545454544
hpmcounter8,normal,seed13,40,46471.91515151515
hpmcounter8,normal,seed13,41,46481.32121212121
hpmcounter8,normal,seed13,42,46487.739393939395
hpmcounter8,normal,seed13,43,46498.91515151515
hpmcounter8,normal,seed13,44,46510.87272727273
hpmcounter8,normal,seed13,45,46514.99393939394
hpmcounter8,normal,seed13,46,46516.181818181816
hpmcounter8,normal,seed13,47,46518.10909090909
hpmcounter8,normal,seed13,48,46516.61212121212
hpmcounter8,normal,seed13,49,46512.545454545456
hpmcounter8,normal,seed13,50,46511.26666666667
hpmcounter8,normal,seed13,51,46511.624242424245
hpmcounter8,normal,seed13,52,46510.642424242425
hpmcounter8,normal,seed13,53,46508.27272727273
hpmcounter8,normal,seed13,54,46506.90909090909
hpmcounter8,normal,seed13,55,46507.12727272727
hpmcounter8,normal,seed13,56,46506.64848484848
hpmcounter8,normal,seed13,57,46508.90303030303
hpmcounter8,normal,seed13,58,46509.70909090909
hpmcounter8,normal,seed13,59,46506.92121212121
hpmcounter8,normal,seed13,60,46504.393939393936
hpmcounter8,normal,seed13,61,46506.46060606061
hpmcounter8,normal,seed13,62,46788.34545454545
hpmcounter8,normal,seed13,63,47005.99393939394
hpmcounter8,normal,seed13,64,47163.969696969696
hpmcounter8,normal,seed13,65,47264.19393939394
hpmcounter8,normal,seed13,66,47301.3696969697
hpmcounter8,normal,seed13,67,47268.587878787876
hpmcounter8,normal,seed13,68,47167.70303030303
hpmcounter8,normal,seed13,69,47000.26666666667
hpmcounter8,normal,seed13,70,46767.551515151514
hpmcounter8,normal,seed13,71,46467.0
hpmcounter8,normal,seed13,72,46447.42424242424
hpmcounter8,normal,seed13,73,46433.375757575755
hpmcounter8,normal,seed13,74,46430.430303030305
hpmcounter8,normal,seed13,75,46432.69090909091
hpmcounter8,normal,seed13,76,46442.666666666664
hpmcounter8,normal,seed13,77,46454.757575757576
hpmcounter8,normal,seed13,78,46470.30909090909
hpmcounter8,normal,seed13,79,46482.1393939394
hpmcounter8,normal,seed13,80,46504.854545454546
hpmcounter8,normal,seed13,81,46516.763636363634
hpmcounter8,normal,seed13,82,46516.94545454546
hpmcounter8,normal,seed13,83,46511.22424242424
hpmcounter8,normal,seed13,84,46509.242424242424
hpmcounter8,normal,seed13,85,46499.18787878788
hpmcounter8,normal,seed13,86,46492.74545454545
hpmcounter8,normal,seed13,87,46483.430303030305
hpmcounter8,normal,seed13,88,46480.82424242424
hpmcounter8,normal,seed13,89,46474.6303030303
hpmcounter8,normal,seed13,90,46479.527272727275
hpmcounter8,normal,seed13,91,46482.46666666667
hpmcounter8,normal,seed13,92,46480.67878787879
hpmcounter8,normal,seed13,93,46479.87272727273
hpmcounter8,normal,seed13,94,46480.84242424242
hpmcounter8,normal,seed13,95,46476.024242424246
hpmcounter8,normal,seed13,96,46477.09090909091
hpmcounter8,normal,seed13,97,46474.818181818184
hpmcounter8,normal,seed13,98,46473.975757575754
hpmcounter8,normal,seed13,99,46472.048484848485
hpmcounter8,normal,seed13,100,46473.20606060606
hpmcounter8,normal,seed13,101,46476.51515151515
hpmcounter8,normal,seed13,102,46478.50303030303
hpmcounter8,normal,seed13,103,46482.684848484845
hpmcounter8,normal,seed13,104,46486.818181818184
hpmcounter8,normal,seed13,105,46480.242424242424
hpmcounter8,normal,seed13,106,46475.24848484848
hpmcounter8,normal,seed13,107,46472.1393939394
hpmcounter8,normal,seed13,108,46464.89696969697
hpmcounter8,normal,seed13,109,46460.951515151515
hpmcounter8,normal,seed13,110,46460.67878787879
hpmcounter8,normal,seed13,111,46466.836363636365
hpmcounter8,normal,seed13,112,46467.91515151515
hpmcounter8,normal,seed13,113,46477.545454545456
hpmcounter8,normal,seed13,114,46488.969696969696
hpmcounter8,normal,seed13,115,46492.38787878788
hpmcounter8,normal,seed13,116,46497.80606060606
hpmcounter8,normal,seed13,117,46505.00606060606
hpmcounter8,normal,seed13,118,46509.03636363636
hpmcounter8,normal,seed13,119,46513.315151515155
hpmcounter8,normal,seed13,120,46521.26666666667
hpmcounter8,normal,seed13,121,46525.1696969697
hpmcounter8,normal,seed13,122,46515.8303030303
hpmcounter8,normal,seed13,123,46509.4
hpmcounter8,normal,seed13,124,46499.78787878788
hpmcounter8,normal,seed13,125,46489.38787878788
hpmcounter8,normal,seed13,126,46483.30303030303
hpmcounter8,normal,seed13,127,46482.84848484849
hpmcounter8,normal,seed13,128,46480.61818181818
hpmcounter8,normal,seed13,129,46478.448484848486
hpmcounter8,normal,seed13,130,46479.472727272725
hpmcounter8,normal,seed13,131,46479.96363636364
hpmcounter8,normal,seed13,132,46475.30303030303
hpmcounter8,normal,seed13,133,46470.35151515152
hpmcounter8,normal,seed13,134,46468.11515151515
hpmcounter8,normal,seed13,135,46468.4
hpmcounter8,normal,seed13,136,46469.472727272725
hpmcounter8,normal,seed13,137,46469.66060606061
hpmcounter8,normal,seed13,138,46466.181818181816
hpmcounter8,normal,seed13,139,46467.739393939395
hpmcounter8,normal,seed13,140,46469.6
hpmcounter8,normal,seed13,141,46469.20606060606
hpmcounter8,normal,seed13,142,46458.969696969696
hpmcounter8,normal,seed13,143,46451.684848484845
hpmcounter8,normal,seed13,144,46450.4
hpmcounter8,normal,seed13,145,46459.41818181818
hpmcounter8,normal,seed13,146,46465.86666666667
hpmcounter8,normal,seed13,147,46468.2
hpmcounter8,normal,seed13,148,46464.44242424242
hpmcounter8,normal,seed13,149,46463.52121212121
hpmcounter8,normal,seed13,150,46468.763636363634
hpmcounter8,normal,seed13,151,46471.89696969697
hpmcounter8,normal,seed13,152,46465.99393939394
hpmcounter8,normal,seed13,153,46460.67272727273
hpmcounter8,normal,seed13,154,46453.24848484848
hpmcounter8,normal,seed13,155,46450.569696969695
hpmcounter8,normal,seed13,156,46446.024242424246
hpmcounter8,normal,seed13,157,46448.63636363636
hpmcounter8,normal,seed13,158,46447.357575757575
hpmcounter8,normal,seed13,159,46447.15757575758
hpmcounter8,normal,seed13,160,46454.65454545455
hpmcounter8,normal,seed13,161,46745.96363636364
hpmcounter8,normal,seed13,162,47255.67272727273
hpmcounter8,normal,seed13,163,47925.624242424245
hpmcounter8,normal,seed13,164,48398.65454545455
hpmcounter8,normal,seed13,165,48685.94545454546
hpmcounter8,normal,seed13,166,48777.90909090909
hpmcounter8,normal,seed13,167,48685.606060606064
hpmcounter8,normal,seed13,168,48405.15151515151
hpmcounter8,normal,seed13,169,47936.393939393936
hpmcounter8,normal,seed13,170,47278.2
hpmcounter8,normal,seed13,171,46777.73333333333
hpmcounter8,normal,seed13,172,46497.98787878788
hpmcounter8,normal,seed13,173,46501.412121212124
hpmcounter8,normal,seed13,174,46487.2
hpmcounter8,normal,seed13,175,46478.509090909094
hpmcounter8,normal,seed13,176,46464.87272727273
hpmcounter8,normal,seed13,177,46456.260606060605
hpmcounter8,normal,seed13,178,46448.430303030305
hpmcounter8,normal,seed13,179,46445.38787878788
hpmcounter8,normal,seed13,180,46443.32121212121
hpmcounter8,normal,seed13,181,46445.78787878788
hpmcounter8,normal,seed13,182,46458.818181818184
hpmcounter8,normal,seed13,183,46472.0
hpmcounter8,normal,seed13,184,46476.6
hpmcounter8,normal,seed13,185,46480.278787878786
hpmcounter8,normal,seed13,186,46482.01212121212
hpmcounter8,normal,seed13,187,46484.89696969697
hpmcounter8,normal,seed13,188,46484.545454545456
hpmcounter8,normal,seed13,189,46480.569696969695
hpmcounter8,normal,seed13,190,46479.545454545456
hpmcounter8,normal,seed13,191,46480.74545454545
hpmcounter8,normal,seed13,192,46486.666666666664
hpmcounter8,normal,seed13,193,46490.33939393939
hpmcounter8,normal,seed13,194,46498.2303030303
hpmcounter8,normal,seed13,195,46496.024242424246
hpmcounter8,normal,seed13,196,46492.763636363634
hpmcounter8,normal,seed13,197,46489.7696969697
hpmcounter8,normal,seed13,198,46483.92121212121
hpmcounter8,normal,seed13,199,46475.71515151515
hpmcounter8,normal,seed13,200,46471.93939393939
hpmcounter8,normal,seed13,201,46472.63636363636
hpmcounter8,normal,seed13,202,46469.41818181818
hpmcounter8,normal,seed13,203,46469.933333333334
hpmcounter8,normal,seed13,204,46475.412121212124
hpmcounter8,normal,seed13,205,46478.8303030303
hpmcounter8,normal,seed13,206,46484.87272727273
hpmcounter8,normal,seed13,207,46484.32121212121
hpmcounter8,normal,seed13,208,46478.1696969697
hpmcounter8,normal,seed13,209,46470.17575757576
hpmcounter8,normal,seed13,210,46465.375757575755
hpmcounter8,normal,seed13,211,46468.048484848485
hpmcounter8,normal,seed13,212,46472.145454545454
hpmcounter8,normal,seed13,213,46478.74545454545
hpmcounter8,normal,seed13,214,46483.236363636366
hpmcounter8,normal,seed13,215,46487.29696969697
hpmcounter8,normal,seed13,216,46495.7696969697
hpmcounter8,normal,seed13,217,46500.10303030303
hpmcounter8,normal,seed13,218,46506.86666666667
hpmcounter8,normal,seed13,219,46507.854545454546
hpmcounter8,normal,seed13,220,46505.34545454545
hpmcounter8,normal,seed13,221,46502.64848484848
hpmcounter8,normal,seed13,222,46505.95757575757
hpmcounter8,normal,seed13,223,46502.933333333334
hpmcounter8,normal,seed13,224,46505.28484848485
hpmcounter8,normal,seed13,225,46502.01212121212
hpmcounter8,normal,seed13,226,46497.781818181815
hpmcounter8,normal,seed13,227,46491.472727272725
hpmcounter8,normal,seed13,228,46484.8
hpmcounter8,normal,seed13,229,46477.666666666664
hpmcounter8,normal,seed13,230,46474.32121212121
hpmcounter8,normal,seed13,231,46472.587878787876
hpmcounter8,normal,seed13,232,46477.218181818185
hpmcounter8,normal,seed13,233,46476.67272727273
hpmcounter8,normal,seed13,234,46480.08484848485
hpmcounter8,normal,seed13,235,46484.975757575754
hpmcounter8,normal,seed13,236,46490.454545454544
hpmcounter8,normal,seed13,237,46490.32121212121
hpmcounter8,normal,seed13,238,46488.35151515152
hpmcounter8,normal,seed13,239,46480.181818181816
hpmcounter8,normal,seed13,240,46465.545454545456
hpmcounter8,normal,seed13,241,46452.61818181818
hpmcounter8,normal,seed13,242,46446.49696969697
hpmcounter8,normal,seed13,243,46439.61212121212
hpmcounter8,normal,seed13,244,46434.74545454545
hpmcounter8,normal,seed13,245,46439.30303030303
hpmcounter8,normal,seed13,246,46443.878787878784
hpmcounter8,normal,seed13,247,46441.82424242424
hpmcounter8,normal,seed13,248,46447.21212121212
hpmcounter8,normal,seed13,249,46458.73333333333
hpmcounter8,normal,seed13,250,46471.46060606061
hpmcounter8,normal,seed13,251,46482.375757575755
hpmcounter8,normal,seed13,252,46493.375757575755
hpmcounter8,normal,seed13,253,46494.393939393936
hpmcounter8,normal,seed13,254,46494.36363636364
hpmcounter8,normal,seed13,255,46497.25454545455
hpmcounter8,normal,seed13,256,46500.236363636366
hpmcounter8,normal,seed13,257,46489.61212121212
hpmcounter8,normal,seed13,258,46476.03636363636
hpmcounter8,normal,seed13,259,46470.29090909091
hpmcounter8,normal,seed13,260,46473.763636363634
hpmcounter8,normal,seed13,261,46480.67272727273
hpmcounter8,normal,seed13,262,46486.569696969695
hpmcounter8,normal,seed13,263,46486.98787878788
hpmcounter8,normal,seed13,264,46493.25454545455
hpmcounter8,normal,seed13,265,46501.6303030303
hpmcounter8,normal,seed13,266,46515.15151515151
hpmcounter8,normal,seed13,267,46517.15151515151
hpmcounter8,normal,seed13,268,46513.15151515151
hpmcounter8,normal,seed13,269,46508.53333333333
hpmcounter8,normal,seed13,270,46503.84848484849
hpmcounter8,normal,seed13,271,46501.2303030303
hpmcounter8,normal,seed13,272,46496.145454545454
hpmcounter8,normal,seed13,273,46482.393939393936
hpmcounter8,normal,seed13,274,46469.67878787879
hpmcounter8,normal,seed13,275,46460.412121212124
hpmcounter8,normal,seed13,276,46459.357575757575
hpmcounter8,normal,seed13,277,46460.763636363634
hpmcounter8,normal,seed13,278,46464.52121212121
hpmcounter8,normal,seed13,279,46469.00606060606
hpmcounter8,normal,seed13,280,46472.448484848486
hpmcounter8,normal,seed13,281,46481.684848484845
hpmcounter8,normal,seed13,282,46489.315151515155
hpmcounter8,normal,seed13,283,46493.34545454545
hpmcounter8,normal,seed13,284,46491.38787878788
hpmcounter8,normal,seed13,285,46487.06060606061
hpmcounter8,normal,seed13,286,46482.2303030303
hpmcounter8,normal,seed13,287,46477.89696969697
hpmcounter8,normal,seed13,288,46477.22424242424
hpmcounter8,normal,seed13,289,46473.66060606061
hpmcounter8,normal,seed13,290,46469.35151515152
hpmcounter8,normal,seed13,291,46473.80606060606
hpmcounter8,normal,seed13,292,46475.74545454545
hpmcounter8,normal,seed13,293,46480.15151515151
hpmcounter8,normal,seed13,294,46480.70909090909
hpmcounter8,normal,seed13,295,46478.53939393939
hpmcounter8,normal,seed13,296,46476.763636363634
hpmcounter8,normal,seed13,297,46474.15757575758
hpmcounter8,normal,seed13,298,46755.92121212121
hpmcounter8,normal,seed14,9,46503.42424242424
hpmcounter8,normal,seed14,10,46499.57575757576
hpmcounter8,normal,seed14,11,46493.93939393939
hpmcounter8,normal,seed14,12,46493.77575757576
hpmcounter8,normal,seed14,13,46488.03636363636
hpmcounter8,normal,seed14,14,46487.47878787879
hpmcounter8,normal,seed14,15,46489.36363636364
hpmcounter8,normal,seed14,16,46495.21212121212
hpmcounter8,normal,seed14,17,46498.28484848485
hpmcounter8,normal,seed14,18,46505.163636363635
hpmcounter8,normal,seed14,19,46517.472727272725
hpmcounter8,normal,seed14,20,46525.90909090909
hpmcounter8,normal,seed14,21,46527.46666666667
hpmcounter8,normal,seed14,22,46528.30303030303
hpmcounter8,normal,seed14,23,46517.91515151515
hpmcounter8,normal,seed14,24,46506.448484848486
hpmcounter8,normal,seed14,25,46493.72727272727
hpmcounter8,normal,seed14,26,46476.94545454546
hpmcounter8,normal,seed14,27,46462.975757575754
hpmcounter8,normal,seed14,28,46450.04242424243
hpmcounter8,normal,seed14,29,46449.0
hpmcounter8,normal,seed14,30,46458.55757575758
hpmcounter8,normal,seed14,31,46467.854545454546
hpmcounter8,normal,seed14,32,46472.739393939395
hpmcounter8,normal,seed14,33,46478.0
hpmcounter8,normal,seed14,34,46480.6
hpmcounter8,normal,seed14,35,46480.00606060606
hpmcounter8,normal,seed14,36,46470.74545454545
hpmcounter8,normal,seed14,37,46461.739393939395
hpmcounter8,normal,seed14,38,46451.28484848485
hpmcounter8,normal,seed14,39,46445.448484848486
hpmcounter8,normal,seed14,40,46450.69090909091
hpmcounter8,normal,seed14,41,46461.67272727273
hpmcounter8,normal,seed14,42,46469.33939393939
hpmcounter8,normal,seed14,43,46485.763636363634
hpmcounter8,normal,seed14,44,46499.27272727273
hpmcounter8,normal,seed14,45,46509.29696969697
hpmcounter8,normal,seed14,46,46514.490909090906
hpmcounter8,normal,seed14,47,46519.59393939394
hpmcounter8,normal,seed14,48,46520.99393939394
hpmcounter8,normal,seed14,49,46520.32121212121
hpmcounter8,normal,seed14,50,46523.721212121214
hpmcounter8,normal,seed14,51,46534.854545454546
hpmcounter8,normal,seed14,52,46541.6303030303
hpmcounter8,normal,seed14,53,46551.59393939394
hpmcounter8,normal,seed14,54,46556.29090909091
hpmcounter8,normal,seed14,55,46554.666666666664
hpmcounter8,normal,seed14,56,46547.55757575758
hpmcounter8,normal,seed14,57,46539.80606060606
hpmcounter8,normal,seed14,58,46530.87272727273
hpmcounter8,normal,seed14,59,46521.78787878788
hpmcounter8,normal,seed14,60,46511.6
hpmcounter8,normal,seed14,61,46509.96363636364
hpmcounter8,normal,seed14,62,46504.51515151515
hpmcounter8,normal,seed14,63,46501.15757575758
hpmcounter8,normal,seed14,64,46505.781818181815
hpmcounter8,normal,seed14,65,46505.472727272725
hpmcounter8,normal,seed14,66,46498.975757575754
hpmcounter8,normal,seed14,67,46774.18787878788
hpmcounter8,normal,seed14,68,47268.12727272727
hpmcounter8,normal,seed14,69,47923.42424242424
hpmcounter8,normal,seed14,70,48673.951515151515
hpmcounter8,normal,seed14,71,49174.57575757576
hpmcounter8,normal,seed14,72,49700.90303030303
hpmcounter8,normal,seed14,73,49916.412121212124
hpmcounter8,normal,seed14,74,49823.44242424242
hpmcounter8,normal,seed14,75,49416.781818181815
hpmcounter8,normal,seed14,76,48696.739393939395
hpmcounter8,normal,seed14,77,48006.06060606061
hpmcounter8,normal,seed14,78,47412.10909090909
hpmcounter8,normal,seed14,79,46979.90303030303
hpmcounter8,normal,seed14,80,46768.99393939394
hpmcounter8,normal,seed14,81,46491.975757575754
hpmcounter8,normal,seed14,82,46489.551515151514
hpmcounter8,normal,seed14,83,46483.01818181818
hpmcounter8,normal,seed14,84,46475.05454545454
hpmcounter8,normal,seed14,85,46470.26666666667
hpmcounter8,normal,seed14,86,46469.84242424242
hpmcounter8,normal,seed14,87,46466.09696969697
hpmcounter8,normal,seed14,88,46472.624242424245
hpmcounter8,normal,seed14,89,46486.2303030303
hpmcounter8,normal,seed14,90,46498.242424242424
hpmcounter8,normal,seed14,91,46506.454545454544
hpmcounter8,normal,seed14,92,46511.551515151514
hpmcounter8,normal,seed14,93,46508.07878787879
hpmcounter8,normal,seed14,94,46502.315151515155
hpmcounter8,normal,seed14,95,46493.13333333333
hpmcounter8,normal,seed14,96,46486.47878787879
hpmcounter8,normal,seed14,97,46481.721212121214
hpmcounter8,normal,seed14,98,46485.66060606061
hpmcounter8,normal,seed14,99,46488.00606060606
hpmcounter8,normal,seed14,100,46487.333333333336
hpmcounter8,normal,seed14,101,46485.29696969697
hpmcounter8,normal,seed14,102,46486.44242424242
hpmcounter8,normal,seed14,103,46485.07272727273
hpmcounter8,normal,seed14,104,46487.17575757576
hpmcounter8,normal,seed14,105,46486.33939393939
hpmcounter8,normal,seed14,106,46487.10303030303
hpmcounter8,normal,seed14,107,46490.52121212121
hpmcounter8,normal,seed14,108,46496.242424242424
hpmcounter8,normal,seed14,109,46500.606060606064
hpmcounter8,normal,seed14,110,46501.81212121212
hpmcounter8,normal,seed14,111,46502.21212121212
hpmcounter8,normal,seed14,112,46498.721212121214
hpmcounter8,normal,seed14,113,46489.32727272727
hpmcounter8,normal,seed14,114,46486.01818181818
hpmcounter8,normal,seed14,115,46483.95757575757
hpmcounter8,normal,seed14,116,46479.29696969697
hpmcounter8,normal,seed14,117,46471.448484848486
hpmcounter8,normal,seed14,118,46462.71515151515
hpmcounter8,normal,seed14,119,46456.28484848485
hpmcounter8,normal,seed14,120,46460.13333333333
hpmcounter8,normal,seed14,121,46470.98181818182
hpmcounter8,normal,seed14,122,46478.024242424246
hpmcounter8,normal,seed14,123,46487.472727272725
hpmcounter8,normal,seed14,124,46495.88484848485
hpmcounter8,normal,seed14,125,46500.606060606064
hpmcounter8,normal,seed14,126,46498.3696969697
hpmcounter8,normal,seed14,127,46493.67272727273
hpmcounter8,normal,seed14,128,46488.41818181818
hpmcounter8,normal,seed14,129,46485.20606060606
hpmcounter8,normal,seed14,130,46486.66060606061
hpmcounter8,normal,seed14,131,46488.08484848485
hpmcounter8,normal,seed14,132,46485.87272727273
hpmcounter8,normal,seed14,133,46771.92727272727
hpmcounter8,normal,seed14,134,46999.90909090909
hpmcounter8,normal,seed14,135,47169.05454545454
hpmcounter8,normal,seed14,136,47262.19393939394
hpmcounter8,normal,seed14,137,47289.218181818185
hpmcounter8,normal,seed14,138,47256.03636363636
hpmcounter8,normal,seed14,139,47171.67272727273
hpmcounter8,normal,seed14,140,47020.61212121212
hpmcounter8,normal,seed14,141,46797.79393939394
hpmcounter8,normal,seed14,142,46507.6
hpmcounter8,normal,seed14,143,46494.95757575757
hpmcounter8,normal,seed14,144,46487.32121212121
hpmcounter8,normal,seed14,145,46493.81212121212
hpmcounter8,normal,seed14,146,46495.315151515155
hpmcounter8,normal,seed14,147,46497.13333333333
hpmcounter8,normal,seed14,148,46497.32121212121
hpmcounter8,normal,seed14,149,46502.73333333333
hpmcounter8,normal,seed14,150,46507.44242424242
hpmcounter8,normal,seed14,151,46512.854545454546
hpmcounter8,normal,seed14,152,46519.242424242424
hpmcounter8,normal,seed14,153,46520.50303030303
hpmcounter8,normal,seed14,154,46514.29090909091
hpmcounter8,normal,seed14,155,46790.27272727273
hpmcounter8,normal,seed14,156,47288.13333333333
hpmcounter8,normal,seed14,157,47946.145454545454
hpmcounter8,normal,seed14,158,48694.41818181818
hpmcounter8,normal,seed14,159,49195.975757575754
hpmcounter8,normal,seed14,160,49448.07272727273
hpmcounter8,normal,seed14,161,49449.10303030303
hpmcounter8,normal,seed14,162,49201.11515151515
hpmcounter8,normal,seed14,163,48701.1393939394
hpmcounter8,normal,seed14,164,47952.27272727273
hpmcounter8,normal,seed14,165,47294.587878787876
hpmcounter8,normal,seed14,166,46789.24848484848
hpmcounter8,normal,seed14,167,46499.2
hpmcounter8,normal,seed14,168,46495.01818181818
hpmcounter8,normal,seed14,169,46499.1696969697
hpmcounter8,normal,seed14,170,46504.59393939394
hpmcounter8,normal,seed14,171,46502.48484848485
hpmcounter8,normal,seed14,172,46498.55757575758
hpmcounter8,normal,seed14,173,46489.03636363636
hpmcounter8,normal,seed14,174,46487.55757575758
hpmcounter8,normal,seed14,175,46493.278787878786
hpmcounter8,normal,seed14,176,46498.48484848485
hpmcounter8,normal,seed14,177,46498.181818181816
hpmcounter8,normal,seed14,178,46503.20606060606
hpmcounter8,normal,seed14,179,46506.17575757576
hpmcounter8,normal,seed14,180,46509.10909090909
hpmcounter8,normal,seed14,181,46510.121212121216
hpmcounter8,normal,seed14,182,46508.20606060606
hpmcounter8,normal,seed14,183,46500.11515151515
hpmcounter8,normal,seed14,184,46780.66060606061
hpmcounter8,normal,seed14,185,47284.15757575758
hpmcounter8,normal,seed14,186,47949.84848484849
hpmcounter8,normal,seed14,187,48705.969696969696
hpmcounter8,normal,seed14,188,49489.12727272727
hpmcounter8,normal,seed14,189,50243.448484848486
hpmcounter8,normal,seed14,190,50619.43636363636
hpmcounter8,normal,seed14,191,50618.66060606061
hpmcounter8,normal,seed14,192,50241.975757575754
hpmcounter8,normal,seed14,193,49485.36363636364
hpmcounter8,normal,seed14,194,48700.024242424246
hpmcounter8,normal,seed14,195,47952.44242424242
hpmcounter8,normal,seed14,196,47300.975757575754
hpmcounter8,normal,seed14,197,46799.2303030303
hpmcounter8,normal,seed14,198,46511.509090909094
hpmcounter8,normal,seed14,199,46510.77575757576
hpmcounter8,normal,seed14,200,46505.46666666667
hpmcounter8,normal,seed14,201,46497.25454545455
hpmcounter8,normal,seed14,202,46493.48484848485
hpmcounter8,normal,seed14,203,46484.56363636364
hpmcounter8,normal,seed14,204,46472.78787878788
hpmcounter8,normal,seed14,205,46469.412121212124
hpmcounter8,normal,seed14,206,46470.58181818182
hpmcounter8,normal,seed14,207,46473.69090909091
hpmcounter8,normal,seed14,208,46479.51515151515
hpmcounter8,normal,seed14,209,46486.13333333333
hpmcounter8,normal,seed14,210,46490.30909090909
hpmcounter8,normal,seed14,211,46487.25454545455
hpmcounter8,normal,seed14,212,46486.06060606061
hpmcounter8,normal,seed14,213,46478.40606060606
hpmcounter8,normal,seed14,214,46466.56363636364
hpmcounter8,normal,seed14,215,46457.163636363635
hpmcounter8,normal,seed14,216,46450.84242424242
hpmcounter8,normal,seed14,217,46451.818181818184
hpmcounter8,normal,seed14,218,46460.393939393936
hpmcounter8,normal,seed14,219,46468.78787878788
hpmcounter8,normal,seed14,220,46476.19393939394
hpmcounter8,normal,seed14,221,46475.1696969697
hpmcounter8,normal,seed14,222,46470.15151515151
hpmcounter8,normal,seed14,223,46464.63636363636
hpmcounter8,normal,seed14,224,46460.09696969697
hpmcounter8,normal,seed14,225,46464.260606060605
hpmcounter8,normal,seed14,226,46475.27272727273
hpmcounter8,normal,seed14,227,46481.393939393936
hpmcounter8,normal,seed14,228,46491.82424242424
hpmcounter8,normal,seed14,229,46501.52121212121
hpmcounter8,normal,seed14,230,46513.44242424242
hpmcounter8,normal,seed14,231,46519.4
hpmcounter8,normal,seed14,232,46516.145454545454
hpmcounter8,normal,seed14,233,46510.739393939395
hpmcounter8,normal,seed14,234,46512.29090909091
hpmcounter8,normal,seed14,235,46518.13333333333
hpmcounter8,normal,seed14,236,46530.569696969695
hpmcounter8,normal,seed14,237,46534.88484848485
hpmcounter8,normal,seed14,238,46530.569696969695
hpmcounter8,normal,seed14,239,46518.29090909091
hpmcounter8,normal,seed14,240,46513.430303030305
hpmcounter8,normal,seed14,241,46506.10303030303
hpmcounter8,normal,seed14,242,46495.88484848485
hpmcounter8,normal,seed14,243,46492.73333333333
hpmcounter8,normal,seed14,244,46497.01818181818
hpmcounter8,normal,seed14,245,46501.393939393936
hpmcounter8,normal,seed14,246,46502.8303030303
hpmcounter8,normal,seed14,247,46504.88484848485
hpmcounter8,normal,seed14,248,46506.854545454546
hpmcounter8,normal,seed14,249,46498.61818181818
hpmcounter8,normal,seed14,250,46487.06060606061
hpmcounter8,normal,seed14,251,46472.024242424246
hpmcounter8,normal,seed14,252,46459.57575757576
hpmcounter8,normal,seed14,253,46457.315151515155
hpmcounter8,normal,seed14,254,46466.333333333336
hpmcounter8,normal,seed14,255,46475.969696969696
hpmcounter8,normal,seed14,256,46478.490909090906
hpmcounter8,normal,seed14,257,46479.430303030305
hpmcounter8,normal,seed14,258,46486.75151515152
hpmcounter8,normal,seed14,259,46491.42424242424
hpmcounter8,normal,seed14,260,46494.448484848486
hpmcounter8,normal,seed14,261,46492.854545454546
hpmcounter8,normal,seed14,262,46492.278787878786
hpmcounter8,normal,seed14,263,46482.8303030303
hpmcounter8,normal,seed14,264,46481.63636363636
hpmcounter8,normal,seed14,265,46481.52121212121
hpmcounter8,normal,seed14,266,46480.26666666667
hpmcounter8,normal,seed14,267,46476.98181818182
hpmcounter8,normal,seed14,268,46474.545454545456
hpmcounter8,normal,seed14,269,46471.15757575758
hpmcounter8,normal,seed14,270,46475.1393939394
hpmcounter8,normal,seed14,271,46479.145454545454
hpmcounter8,normal,seed14,272,46485.88484848485
hpmcounter8,normal,seed14,273,46482.38787878788
hpmcounter8,normal,seed14,274,46476.24848484848
hpmcounter8,normal,seed14,275,46466.854545454546
hpmcounter8,normal,seed14,276,46461.08484848485
hpmcounter8,normal,seed14,277,46456.87272727273
hpmcounter8,normal,seed14,278,46452.69696969697
hpmcounter8,normal,seed14,279,46450.57575757576
hpmcounter8,normal,seed14,280,46454.527272727275
hpmcounter8,normal,seed14,281,46462.73333333333
hpmcounter8,normal,seed14,282,46471.34545454545
hpmcounter8,normal,seed14,283,46482.77575757576
hpmcounter8,normal,seed14,284,46491.27272727273
hpmcounter8,normal,seed14,285,46494.26666666667
hpmcounter8,normal,seed14,286,46495.04242424243
hpmcounter8,normal,seed14,287,46496.53333333333
hpmcounter8,normal,seed14,288,46494.03636363636
hpmcounter8,normal,seed14,289,46487.13333333333
hpmcounter8,normal,seed14,290,46478.74545454545
hpmcounter8,normal,seed14,291,46478.587878787876
hpmcounter8,normal,seed14,292,46477.20606060606
hpmcounter8,normal,seed14,293,46473.121212121216
hpmcounter8,normal,seed14,294,46477.163636363635
hpmcounter8,normal,seed14,295,46476.36363636364
hpmcounter8,normal,seed14,296,46473.06060606061
hpmcounter8,normal,seed14,297,46473.4
hpmcounter8,normal,seed14,298,46474.69696969697
hpmcounter8,normal,seed15,9,49207.0
hpmcounter8,normal,seed15,10,49568.57575757576
hpmcounter8,normal,seed15,11,49927.8
hpmcounter8,normal,seed15,12,50229.975757575754
hpmcounter8,normal,seed15,13,50394.46060606061
hpmcounter8,normal,seed15,14,50556.94545454546
hpmcounter8,normal,seed15,15,50732.8606060606
hpmcounter8,normal,seed15,16,50634.48484848485
hpmcounter8,normal,seed15,17,50339.12727272727
hpmcounter8,normal,seed15,18,49912.72727272727
hpmcounter8,normal,seed15,19,49437.38787878788
hpmcounter8,normal,seed15,20,48645.50303030303
hpmcounter8,normal,seed15,21,47889.09090909091
hpmcounter8,normal,seed15,22,47240.27272727273
hpmcounter8,normal,seed15,23,46750.44242424242
hpmcounter8,normal,seed15,24,46469.89090909091
hpmcounter8,normal,seed15,25,46472.65454545455
hpmcounter8,normal,seed15,26,46477.17575757576
hpmcounter8,normal,seed15,27,46477.781818181815
hpmcounter8,normal,seed15,28,46473.04242424243
hpmcounter8,normal,seed15,29,46476.393939393936
hpmcounter8,normal,seed15,30,46474.99393939394
hpmcounter8,normal,seed15,31,46474.98787878788
hpmcounter8,normal,seed15,32,46473.36363636364
hpmcounter8,normal,seed15,33,46471.333333333336
hpmcounter8,normal,seed15,34,46468.6
hpmcounter8,normal,seed15,35,46470.51515151515
hpmcounter8,normal,seed15,36,46476.90909090909
hpmcounter8,normal,seed15,37,46479.854545454546
hpmcounter8,normal,seed15,38,46478.412121212124
hpmcounter8,normal,seed15,39,46482.07272727273
hpmcounter8,normal,seed15,40,46478.55757575758
hpmcounter8,normal,seed15,41,46480.545454545456
hpmcounter8,normal,seed15,42,46480.6
hpmcounter8,normal,seed15,43,46473.90909090909
hpmcounter8,normal,seed15,44,46462.95757575757
hpmcounter8,normal,seed15,45,46454.454545454544
hpmcounter8,normal,seed15,46,46456.19393939394
hpmcounter8,normal,seed15,47,46458.38787878788
hpmcounter8,normal,seed15,48,46458.89090909091
hpmcounter8,normal,seed15,49,46461.61818181818
hpmcounter8,normal,seed15,50,46461.25454545455
hpmcounter8,normal,seed15,51,46467.95757575757
hpmcounter8,normal,seed15,52,46476.412121212124
hpmcounter8,normal,seed15,53,46485.375757575755
hpmcounter8,normal,seed15,54,46485.18787878788
hpmcounter8,normal,seed15,55,46484.24848484848
hpmcounter8,normal,seed15,56,46773.739393939395
hpmcounter8,normal,seed15,57,47276.77575757576
hpmcounter8,normal,seed15,58,47650.90909090909
hpmcounter8,normal,seed15,59,48180.09090909091
hpmcounter8,normal,seed15,60,48804.38787878788
hpmcounter8,normal,seed15,61,49465.86666666667
hpmcounter8,normal,seed15,62,50094.82424242424
hpmcounter8,normal,seed15,63,50635.84848484849
hpmcounter8,normal,seed15,64,50732.69090909091
hpmcounter8,normal,seed15,65,50675.27272727273
hpmcounter8,normal,seed15,66,50461.18787878788
hpmcounter8,normal,seed15,67,50148.121212121216
hpmcounter8,normal,seed15,68,49458.19393939394
hpmcounter8,normal,seed15,69,48733.1696969697
hpmcounter8,normal,seed15,70,48034.878787878784
hpmcounter8,normal,seed15,71,47437.30909090909
hpmcounter8,normal,seed15,72,46996.030303030304
hpmcounter8,normal,seed15,73,47060.527272727275
hpmcounter8,normal,seed15,74,47280.066666666666
hpmcounter8,normal,seed15,75,47652.430303030305
hpmcounter8,normal,seed15,76,47899.587878787876
hpmcounter8,normal,seed15,77,48028.65454545455
hpmcounter8,normal,seed15,78,48035.42424242424
hpmcounter8,normal,seed15,79,47915.66060606061
hpmcounter8,normal,seed15,80,47664.1696969697
hpmcounter8,normal,seed15,81,47288.41818181818
hpmcounter8,normal,seed15,82,46785.412121212124
hpmcounter8,normal,seed15,83,46507.393939393936
hpmcounter8,normal,seed15,84,46510.98181818182
hpmcounter8,normal,seed15,85,46510.00606060606
hpmcounter8,normal,seed15,86,46504.05454545454
hpmcounter8,normal,seed15,87,46506.56363636364
hpmcounter8,normal,seed15,88,46502.08484848485
hpmcounter8,normal,seed15,89,46496.357575757575
hpmcounter8,normal,seed15,90,46485.81212121212
hpmcounter8,normal,seed15,91,46471.3696969697
hpmcounter8,normal,seed15,92,46457.757575757576
hpmcounter8,normal,seed15,93,46452.13333333333
hpmcounter8,normal,seed15,94,46455.34545454545
hpmcounter8,normal,seed15,95,46462.527272727275
hpmcounter8,normal,seed15,96,46468.181818181816
hpmcounter8,normal,seed15,97,46479.624242424245
hpmcounter8,normal,seed15,98,46490.13333333333
hpmcounter8,normal,seed15,99,46501.71515151515
hpmcounter8,normal,seed15,100,46512.30303030303
hpmcounter8,normal,seed15,101,46513.78787878788
hpmcounter8,normal,seed15,102,46520.00606060606
hpmcounter8,normal,seed15,103,46531.41818181818
hpmcounter8,normal,seed15,104,46547.260606060605
hpmcounter8,normal,seed15,105,46558.63636363636
hpmcounter8,normal,seed15,106,46559.57575757576
hpmcounter8,normal,seed15,107,46541.57575757576
hpmcounter8,normal,seed15,108,46518.30303030303
hpmcounter8,normal,seed15,109,46497.527272727275
hpmcounter8,normal,seed15,110,46478.43636363636
hpmcounter8,normal,seed15,111,46456.066666666666
hpmcounter8,normal,seed15,112,46439.545454545456
hpmcounter8,normal,seed15,113,46439.18787878788
hpmcounter8,normal,seed15,114,46449.90909090909
hpmcounter8,normal,seed15,115,46466.46666666667
hpmcounter8,normal,seed15,116,46482.10303030303
hpmcounter8,normal,seed15,117,46493.57575757576
hpmcounter8,normal,seed15,118,46499.430303030305
hpmcounter8,normal,seed15,119,46503.15757575758
hpmcounter8,normal,seed15,120,46499.26666666667
hpmcounter8,normal,seed15,121,46493.25454545455
hpmcounter8,normal,seed15,122,46485.96363636364
hpmcounter8,normal,seed15,123,46486.357575757575
hpmcounter8,normal,seed15,124,46769.066666666666
hpmcounter8,normal,seed15,125,46984.35151515152
hpmcounter8,normal,seed15,126,47133.07272727273
hpmcounter8,normal,seed15,127,47224.34545454545
hpmcounter8,normal,seed15,128,47257.545454545456
hpmcounter8,normal,seed15,129,47230.34545454545
hpmcounter8,normal,seed15,130,47140.87272727273
hpmcounter8,normal,seed15,131,46986.69090909091
hpmcounter8,normal,seed15,132,46771.509090909094
hpmcounter8,normal,seed15,133,46494.00606060606
hpmcounter8,normal,seed15,134,46500.64848484848
hpmcounter8,normal,seed15,135,46497.78787878788
hpmcounter8,normal,seed15,136,46485.28484848485
hpmcounter8,normal,seed15,137,46475.25454545455
hpmcounter8,normal,seed15,138,46467.99393939394
hpmcounter8,normal,seed15,139,46464.8606060606
hpmcounter8,normal,seed15,140,46755.145454545454
hpmcounter8,normal,seed15,141,47266.00606060606
hpmcounter8,normal,seed15,142,47933.606060606064
hpmcounter8,normal,seed15,143,48689.448484848486
hpmcounter8,normal,seed15,144,49478.975757575754
hpmcounter8,normal,seed15,145,50231.763636363634
hpmcounter8,normal,seed15,146,50883.35151515152
hpmcounter8,normal,seed15,147,51379.98787878788
hpmcounter8,normal,seed15,148,51659.57575757576
hpmcounter8,normal,seed15,149,51657.236363636366
hpmcounter8,normal,seed15,150,51380.10909090909
hpmcounter8,normal,seed15,151,50885.47878787879
hpmcounter8,normal,seed15,152,50232.30909090909
hpmcounter8,normal,seed15,153,49485.836363636365
hpmcounter8,normal,seed15,154,48704.145454545454
hpmcounter8,normal,seed15,155,47953.90303030303
hpmcounter8,normal,seed15,156,47298.59393939394
hpmcounter8,normal,seed15,157,46798.89696969697
hpmcounter8,normal,seed15,158,46523.58181818182
hpmcounter8,normal,seed15,159,46532.757575757576
hpmcounter8,normal,seed15,160,46534.15757575758
hpmcounter8,normal,seed15,161,46533.333333333336
hpmcounter8,normal,seed15,162,46530.90303030303
hpmcounter8,normal,seed15,163,46530.412121212124
hpmcounter8,normal,seed15,164,46521.218181818185
hpmcounter8,normal,seed15,165,46510.61818181818
hpmcounter8,normal,seed15,166,46787.94545454546
hpmcounter8,normal,seed15,167,46999.490909090906
hpmcounter8,normal,seed15,168,47159.70909090909
hpmcounter8,normal,seed15,169,47260.69090909091
hpmcounter8,normal,seed15,170,47291.93939393939
hpmcounter8,normal,seed15,171,47259.04242424243
hpmcounter8,normal,seed15,172,47163.17575757576
hpmcounter8,normal,seed15,173,47007.145454545454
hpmcounter8,normal,seed15,174,46780.08484848485
hpmcounter8,normal,seed15,175,46485.412121212124
hpmcounter8,normal,seed15,176,46476.218181818185
hpmcounter8,normal,seed15,177,46464.55757575758
hpmcounter8,normal,seed15,178,46462.490909090906
hpmcounter8,normal,seed15,179,46461.82424242424
hpmcounter8,normal,seed15,180,46465.145454545454
hpmcounter8,normal,seed15,181,46469.551515151514
hpmcounter8,normal,seed15,182,46472.28484848485
hpmcounter8,normal,seed15,183,46477.38181818182
hpmcounter8,normal,seed15,184,46476.87272727273
hpmcounter8,normal,seed15,185,46479.92121212121
hpmcounter8,normal,seed15,186,46483.29090909091
hpmcounter8,normal,seed15,187,46482.606060606064
hpmcounter8,normal,seed15,188,46474.84242424242
hpmcounter8,normal,seed15,189,46465.781818181815
hpmcounter8,normal,seed15,190,46459.024242424246
hpmcounter8,normal,seed15,191,46453.92121212121
hpmcounter8,normal,seed15,192,46451.684848484845
hpmcounter8,normal,seed15,193,46454.43636363636
hpmcounter8,normal,seed15,194,46450.72727272727
hpmcounter8,normal,seed15,195,46457.66060606061
hpmcounter8,normal,seed15,196,46468.61818181818
hpmcounter8,normal,seed15,197,46486.15757575758
hpmcounter8,normal,seed15,198,46495.81212121212
hpmcounter8,normal,seed15,199,46497.315151515155
hpmcounter8,normal,seed15,200,46495.70909090909
hpmcounter8,normal,seed15,201,46492.81212121212
hpmcounter8,normal,seed15,202,46490.642424242425
hpmcounter8,normal,seed15,203,46492.84848484849
hpmcounter8,normal,seed15,204,46488.836363636365
hpmcounter8,normal,seed15,205,46490.333333333336
hpmcounter8,normal,seed15,206,46488.69090909091
hpmcounter8,normal,seed15,207,46492.030303030304
hpmcounter8,normal,seed15,208,46499.46666666667
hpmcounter8,normal,seed15,209,46500.61818181818
hpmcounter8,normal,seed15,210,46498.04242424243
hpmcounter8,normal,seed15,211,46493.09696969697
hpmcounter8,normal,seed15,212,46482.48484848485
hpmcounter8,normal,seed15,213,46470.08484848485
hpmcounter8,normal,seed15,214,46458.757575757576
hpmcounter8,normal,seed15,215,46458.06060606061
hpmcounter8,normal,seed15,216,46456.818181818184
hpmcounter8,normal,seed15,217,46455.21212121212
hpmcounter8,normal,seed15,218,46461.92727272727
hpmcounter8,normal,seed15,219,46474.67878787879
hpmcounter8,normal,seed15,220,46488.527272727275
hpmcounter8,normal,seed15,221,46509.05454545454
hpmcounter8,normal,seed15,222,46521.448484848486
hpmcounter8,normal,seed15,223,46519.33939393939
hpmcounter8,normal,seed15,224,46515.19393939394
hpmcounter8,normal,seed15,225,46513.278787878786
hpmcounter8,normal,seed15,226,46506.95757575757
hpmcounter8,normal,seed15,227,46500.048484848485
hpmcounter8,normal,seed15,228,46489.13333333333
hpmcounter8,normal,seed15,229,46477.72727272727
hpmcounter8,normal,seed15,230,46468.509090909094
hpmcounter8,normal,seed15,231,46467.3696969697
hpmcounter8,normal,seed15,232,46464.11515151515
hpmcounter8,normal,seed15,233,46459.77575757576
hpmcounter8,normal,seed15,234,46456.35151515152
hpmcounter8,normal,seed15,235,46459.58181818182
hpmcounter8,normal,seed15,236,46464.278787878786
hpmcounter8,normal,seed15,237,46470.8606060606
hpmcounter8,normal,seed15,238,46481.38787878788
hpmcounter8,normal,seed15,239,46486.933333333334
hpmcounter8,normal,seed15,240,46495.25454545455
hpmcounter8,normal,seed15,241,46503.65454545455
hpmcounter8,normal,seed15,242,46510.47878787879
hpmcounter8,normal,seed15,243,46515.315151515155
hpmcounter8,normal,seed15,244,46515.36363636364
hpmcounter8,normal,seed15,245,46520.49696969697
hpmcounter8,normal,seed15,246,46522.15151515151
hpmcounter8,normal,seed15,247,46513.7696969697
hpmcounter8,normal,seed15,248,46507.375757575755
hpmcounter8,normal,seed15,249,46498.024242424246
hpmcounter8,normal,seed15,250,46488.41818181818
hpmcounter8,normal,seed15,251,46481.472727272725
hpmcounter8,normal,seed15,252,46482.721212121214
hpmcounter8,normal,seed15,253,46481.3696969697
hpmcounter8,normal,seed15,254,46481.93939393939
hpmcounter8,normal,seed15,255,46485.066666666666
hpmcounter8,normal,seed15,256,46484.4
hpmcounter8,normal,seed15,257,46480.34545454545
hpmcounter8,normal,seed15,258,46471.81212121212
hpmcounter8,normal,seed15,259,46462.375757575755
hpmcounter8,normal,seed15,260,46455.77575757576
hpmcounter8,normal,seed15,261,46452.357575757575
hpmcounter8,normal,seed15,262,46461.0
hpmcounter8,normal,seed15,263,46467.13333333333
hpmcounter8,normal,seed15,264,46473.8606060606
hpmcounter8,normal,seed15,265,46476.6
hpmcounter8,normal,seed15,266,46478.82424242424
hpmcounter8,normal,seed15,267,46486.666666666664
hpmcounter8,normal,seed15,268,46484.763636363634
hpmcounter8,normal,seed15,269,46480.8606060606
hpmcounter8,normal,seed15,270,46478.163636363635
hpmcounter8,normal,seed15,271,46476.1696969697
hpmcounter8,normal,seed15,272,46481.84848484849
hpmcounter8,normal,seed15,273,46479.878787878784
hpmcounter8,normal,seed15,274,46477.18787878788
hpmcounter8,normal,seed15,275,46471.22424242424
hpmcounter8,normal,seed15,276,46471.066666666666
hpmcounter8,normal,seed15,277,46474.490909090906
hpmcounter8,normal,seed15,278,46472.70303030303
hpmcounter8,normal,seed15,279,46470.24848484848
hpmcounter8,normal,seed15,280,46468.15151515151
hpmcounter8,normal,seed15,281,46471.55757575758
hpmcounter8,normal,seed15,282,46476.84848484849
hpmcounter8,normal,seed15,283,46475.95757575757
hpmcounter8,normal,seed15,284,46472.6
hpmcounter8,normal,seed15,285,46467.781818181815
hpmcounter8,normal,seed15,286,46467.933333333334
hpmcounter8,normal,seed15,287,46462.527272727275
hpmcounter8,normal,seed15,288,46458.490909090906
hpmcounter8,normal,seed15,289,46452.375757575755
hpmcounter8,normal,seed15,290,46450.38181818182
hpmcounter8,normal,seed15,291,46455.06060606061
hpmcounter8,normal,seed15,292,46460.53333333333
hpmcounter8,normal,seed15,293,46471.98181818182
hpmcounter8,normal,seed15,294,46479.763636363634
hpmcounter8,normal,seed15,295,46486.08484848485
hpmcounter8,normal,seed15,296,46494.78787878788
hpmcounter8,normal,seed15,297,46500.95757575757
hpmcounter8,normal,seed15,298,46498.38787878788
hpmcounter8,normal,seed16,9,46495.07272727273
hpmcounter8,normal,seed16,10,46487.066666666666
hpmcounter8,normal,seed16,11,46479.38181818182
hpmcounter8,normal,seed16,12,46480.2303030303
hpmcounter8,normal,seed16,13,46477.69696969697
hpmcounter8,normal,seed16,14,46479.763636363634
hpmcounter8,normal,seed16,15,46483.92121212121
hpmcounter8,normal,seed16,16,46489.3696969697
hpmcounter8,normal,seed16,17,46491.50303030303
hpmcounter8,normal,seed16,18,46498.509090909094
hpmcounter8,normal,seed16,19,46504.781818181815
hpmcounter8,normal,seed16,20,46507.46666666667
hpmcounter8,normal,seed16,21,46506.07878787879
hpmcounter8,normal,seed16,22,46507.07878787879
hpmcounter8,normal,seed16,23,46503.69090909091
hpmcounter8,normal,seed16,24,46501.969696969696
hpmcounter8,normal,seed16,25,46498.242424242424
hpmcounter8,normal,seed16,26,46488.78787878788
hpmcounter8,normal,seed16,27,46483.34545454545
hpmcounter8,normal,seed16,28,46480.163636363635
hpmcounter8,normal,seed16,29,46482.42424242424
hpmcounter8,normal,seed16,30,46485.84242424242
hpmcounter8,normal,seed16,31,46489.73333333333
hpmcounter8,normal,seed16,32,46491.32727272727
hpmcounter8,normal,seed16,33,46493.048484848485
hpmcounter8,normal,seed16,34,46492.448484848486
hpmcounter8,normal,seed16,35,46487.181818181816
hpmcounter8,normal,seed16,36,46479.024242424246
hpmcounter8,normal,seed16,37,46473.41818181818
hpmcounter8,normal,seed16,38,46466.81212121212
hpmcounter8,normal,seed16,39,46461.26666666667
hpmcounter8,normal,seed16,40,46461.454545454544
hpmcounter8,normal,seed16,41,46467.2
hpmcounter8,normal,seed16,42,46473.430303030305
hpmcounter8,normal,seed16,43,46481.26666666667
hpmcounter8,normal,seed16,44,46487.17575757576
hpmcounter8,normal,seed16,45,46485.6303030303
hpmcounter8,normal,seed16,46,46486.09696969697
hpmcounter8,normal,seed16,47,46485.69090909091
hpmcounter8,normal,seed16,48,46490.51515151515
hpmcounter8,normal,seed16,49,46492.01818181818
hpmcounter8,normal,seed16,50,46496.44242424242
hpmcounter8,normal,seed16,51,46508.29696969697
hpmcounter8,normal,seed16,52,46516.969696969696
hpmcounter8,normal,seed16,53,46521.98181818182
hpmcounter8,normal,seed16,54,46523.818181818184
hpmcounter8,normal,seed16,55,46522.236363636366
hpmcounter8,normal,seed16,56,46520.52121212121
hpmcounter8,normal,seed16,57,46514.47878787879
hpmcounter8,normal,seed16,58,46512.49696969697
hpmcounter8,normal,seed16,59,46504.684848484845
hpmcounter8,normal,seed16,60,46497.527272727275
hpmcounter8,normal,seed16,61,46498.218181818185
hpmcounter8,normal,seed16,62,46496.41818181818
hpmcounter8,normal,seed16,63,46496.61212121212
hpmcounter8,normal,seed16,64,46501.48484848485
hpmcounter8,normal,seed16,65,46504.024242424246
hpmcounter8,normal,seed16,66,46503.90909090909
hpmcounter8,normal,seed16,67,46503.818181818184
hpmcounter8,normal,seed16,68,46506.80606060606
hpmcounter8,normal,seed16,69,46511.05454545454
hpmcounter8,normal,seed16,70,46504.67878787879
hpmcounter8,normal,seed16,71,46495.781818181815
hpmcounter8,normal,seed16,72,46488.08484848485
hpmcounter8,normal,seed16,73,46478.6303030303
hpmcounter8,normal,seed16,74,46479.163636363635
hpmcounter8,normal,seed16,75,46474.357575757575
hpmcounter8,normal,seed16,76,46469.29090909091
hpmcounter8,normal,seed16,77,46465.91515151515
hpmcounter8,normal,seed16,78,46465.8606060606
hpmcounter8,normal,seed16,79,46474.53939393939
hpmcounter8,normal,seed16,80,46481.2303030303
hpmcounter8,normal,seed16,81,46486.74545454545
hpmcounter8,normal,seed16,82,46494.47878787879
hpmcounter8,normal,seed16,83,46492.8606060606
hpmcounter8,normal,seed16,84,46497.48484848485
hpmcounter8,normal,seed16,85,46497.64848484848
hpmcounter8,normal,seed16,86,46498.38181818182
hpmcounter8,normal,seed16,87,46497.92121212121
hpmcounter8,normal,seed16,88,46494.30909090909
hpmcounter8,normal,seed16,89,46490.26666666667
hpmcounter8,normal,seed16,90,46489.43636363636
hpmcounter8,normal,seed16,91,46484.09090909091
hpmcounter8,normal,seed16,92,46478.52121212121
hpmcounter8,normal,seed16,93,46472.41818181818
hpmcounter8,normal,seed16,94,46473.836363636365
hpmcounter8,normal,seed16,95,46475.32727272727
hpmcounter8,normal,seed16,96,46476.56363636364
hpmcounter8,normal,seed16,97,46474.09090909091
hpmcounter8,normal,seed16,98,46471.18787878788
hpmcounter8,normal,seed16,99,46474.77575757576
hpmcounter8,normal,seed16,100,46477.78787878788
hpmcounter8,normal,seed16,101,46475.07878787879
hpmcounter8,normal,seed16,102,46471.42424242424
hpmcounter8,normal,seed16,103,46469.454545454544
hpmcounter8,normal,seed16,104,46475.236363636366
hpmcounter8,normal,seed16,105,46478.587878787876
hpmcounter8,normal,seed16,106,46479.030303030304
hpmcounter8,normal,seed16,107,46473.430303030305
hpmcounter8,normal,seed16,108,46467.55757575758
hpmcounter8,normal,seed16,109,46465.739393939395
hpmcounter8,normal,seed16,110,46463.40606060606
hpmcounter8,normal,seed16,111,46458.48484848485
hpmcounter8,normal,seed16,112,46450.781818181815
hpmcounter8,normal,seed16,113,46446.00606060606
hpmcounter8,normal,seed16,114,46445.89696969697
hpmcounter8,normal,seed16,115,46448.52121212121
hpmcounter8,normal,seed16,116,46452.65454545455
hpmcounter8,normal,seed16,117,46744.65454545455
hpmcounter8,normal,seed16,118,46972.92121212121
hpmcounter8,normal,seed16,119,47137.642424242425
hpmcounter8,normal,seed16,120,47242.18787878788
hpmcounter8,normal,seed16,121,47281.375757575755
hpmcounter8,normal,seed16,122,47252.472727272725
hpmcounter8,normal,seed16,123,47163.47878787879
hpmcounter8,normal,seed16,124,47005.066666666666
hpmcounter8,normal,seed16,125,46777.18787878788
hpmcounter8,normal,seed16,126,46484.757575757576
hpmcounter8,normal,seed16,127,46476.278787878786
hpmcounter8,normal,seed16,128,46464.94545454546
hpmcounter8,normal,seed16,129,46456.854545454546
hpmcounter8,normal,seed16,130,46454.509090909094
hpmcounter8,normal,seed16,131,46451.42424242424
hpmcounter8,normal,seed16,132,46453.757575757576
hpmcounter8,normal,seed16,133,46460.98181818182
hpmcounter8,normal,seed16,134,46474.53939393939
hpmcounter8,normal,seed16,135,46482.757575757576
hpmcounter8,normal,seed16,136,46488.854545454546
hpmcounter8,normal,seed16,137,46486.2303030303
hpmcounter8,normal,seed16,138,46480.08484848485
hpmcounter8,normal,seed16,139,46477.7696969697
hpmcounter8,normal,seed16,140,46478.90909090909
hpmcounter8,normal,seed16,141,46486.163636363635
hpmcounter8,normal,seed16,142,46497.43636363636
hpmcounter8,normal,seed16,143,46502.65454545455
hpmcounter8,normal,seed16,144,46513.08484848485
hpmcounter8,normal,seed16,145,46519.721212121214
hpmcounter8,normal,seed16,146,46805.4
hpmcounter8,normal,seed16,147,47308.763636363634
hpmcounter8,normal,seed16,148,47967.32727272727
hpmcounter8,normal,seed16,149,48714.65454545455
hpmcounter8,normal,seed16,150,49490.36363636364
hpmcounter8,normal,seed16,151,49958.2303030303
hpmcounter8,normal,seed16,152,50116.951515151515
hpmcounter8,normal,seed16,153,49953.99393939394
hpmcounter8,normal,seed16,154,49478.10303030303
hpmcounter8,normal,seed16,155,48686.527272727275
hpmcounter8,normal,seed16,156,47921.975757575754
hpmcounter8,normal,seed16,157,47258.59393939394
hpmcounter8,normal,seed16,158,46757.1696969697
hpmcounter8,normal,seed16,159,46473.87272727273
hpmcounter8,normal,seed16,160,46478.01818181818
hpmcounter8,normal,seed16,161,46479.42424242424
hpmcounter8,normal,seed16,162,46489.01212121212
hpmcounter8,normal,seed16,163,46498.91515151515
hpmcounter8,normal,seed16,164,46501.739393939395
hpmcounter8,normal,seed16,165,46507.79393939394
hpmcounter8,normal,seed16,166,46513.333333333336
hpmcounter8,normal,seed16,167,46515.09090909091
hpmcounter8,normal,seed16,168,46511.72727272727
hpmcounter8,normal,seed16,169,46507.01212121212
hpmcounter8,normal,seed16,170,46501.1393939394
hpmcounter8,normal,seed16,171,46496.71515151515
hpmcounter8,normal,seed16,172,46497.24848484848
hpmcounter8,normal,seed16,173,46502.642424242425
hpmcounter8,normal,seed16,174,46497.84848484849
hpmcounter8,normal,seed16,175,46497.91515151515
hpmcounter8,normal,seed16,176,46498.818181818184
hpmcounter8,normal,seed16,177,46495.32121212121
hpmcounter8,normal,seed16,178,46491.55757575758
hpmcounter8,normal,seed16,179,46485.09696969697
hpmcounter8,normal,seed16,180,46470.32121212121
hpmcounter8,normal,seed16,181,46465.01818181818
hpmcounter8,normal,seed16,182,46466.52121212121
hpmcounter8,normal,seed16,183,46468.61212121212
hpmcounter8,normal,seed16,184,46471.70303030303
hpmcounter8,normal,seed16,185,46475.836363636365
hpmcounter8,normal,seed16,186,46472.67272727273
hpmcounter8,normal,seed16,187,46468.67878787879
hpmcounter8,normal,seed16,188,46471.19393939394
hpmcounter8,normal,seed16,189,46479.59393939394
hpmcounter8,normal,seed16,190,46483.569696969695
hpmcounter8,normal,seed16,191,46487.42424242424
hpmcounter8,normal,seed16,192,46487.40606060606
hpmcounter8,normal,seed16,193,46490.46060606061
hpmcounter8,normal,seed16,194,46492.78787878788
hpmcounter8,normal,seed16,195,46493.70909090909
hpmcounter8,normal,seed16,196,46484.333333333336
hpmcounter8,normal,seed16,197,46472.55757575758
hpmcounter8,normal,seed16,198,46467.29090909091
hpmcounter8,normal,seed16,199,46472.969696969696
hpmcounter8,normal,seed16,200,46487.10909090909
hpmcounter8,normal,seed16,201,46495.90909090909
hpmcounter8,normal,seed16,202,46493.836363636365
hpmcounter8,normal,seed16,203,46490.527272727275
hpmcounter8,normal,seed16,204,46486.606060606064
hpmcounter8,normal,seed16,205,46483.77575757576
hpmcounter8,normal,seed16,206,46477.4
hpmcounter8,normal,seed16,207,46471.0
hpmcounter8,normal,seed16,208,46467.42424242424
hpmcounter8,normal,seed16,209,46467.50303030303
hpmcounter8,normal,seed16,210,46474.26666666667
hpmcounter8,normal,seed16,211,46482.951515151515
hpmcounter8,normal,seed16,212,46486.048484848485
hpmcounter8,normal,seed16,213,46481.49696969697
hpmcounter8,normal,seed16,214,46472.1393939394
hpmcounter8,normal,seed16,215,46468.94545454546
hpmcounter8,normal,seed16,216,46465.91515151515
hpmcounter8,normal,seed16,217,46472.1696969697
hpmcounter8,normal,seed16,218,46478.07272727273
hpmcounter8,normal,seed16,219,46478.975757575754
hpmcounter8,normal,seed16,220,46484.90909090909
hpmcounter8,normal,seed16,221,46492.24848484848
hpmcounter8,normal,seed16,222,46496.763636363634
hpmcounter8,normal,seed16,223,46497.08484848485
hpmcounter8,normal,seed16,224,46483.61818181818
hpmcounter8,normal,seed16,225,46470.95757575757
hpmcounter8,normal,seed16,226,46460.763636363634
hpmcounter8,normal,seed16,227,46459.472727272725
hpmcounter8,normal,seed16,228,46460.42424242424
hpmcounter8,normal,seed16,229,46458.6303030303
hpmcounter8,normal,seed16,230,46462.64848484848
hpmcounter8,normal,seed16,231,46474.17575757576
hpmcounter8,normal,seed16,232,46486.22424242424
hpmcounter8,normal,seed16,233,46500.06060606061
hpmcounter8,normal,seed16,234,46504.048484848485
hpmcounter8,normal,seed16,235,46503.94545454546
hpmcounter8,normal,seed16,236,46501.32727272727
hpmcounter8,normal,seed16,237,46497.74545454545
hpmcounter8,normal,seed16,238,46494.67878787879
hpmcounter8,normal,seed16,239,46492.30909090909
hpmcounter8,normal,seed16,240,46488.0
hpmcounter8,normal,seed16,241,46486.86666666667
hpmcounter8,normal,seed16,242,46482.21212121212
hpmcounter8,normal,seed16,243,46484.10303030303
hpmcounter8,normal,seed16,244,46483.527272727275
hpmcounter8,normal,seed16,245,46483.975757575754
hpmcounter8,normal,seed16,246,46483.09696969697
hpmcounter8,normal,seed16,247,46478.88484848485
hpmcounter8,normal,seed16,248,46481.739393939395
hpmcounter8,normal,seed16,249,46484.95757575757
hpmcounter8,normal,seed16,250,46492.20606060606
hpmcounter8,normal,seed16,251,46497.951515151515
hpmcounter8,normal,seed16,252,46498.94545454546
hpmcounter8,normal,seed16,253,46504.00606060606
hpmcounter8,normal,seed16,254,46509.375757575755
hpmcounter8,normal,seed16,255,46514.218181818185
hpmcounter8,normal,seed16,256,46516.393939393936
hpmcounter8,normal,seed16,257,46514.624242424245
hpmcounter8,normal,seed16,258,46510.50303030303
hpmcounter8,normal,seed16,259,46787.91515151515
hpmcounter8,normal,seed16,260,47003.024242424246
hpmcounter8,normal,seed16,261,47433.27272727273
hpmcounter8,normal,seed16,262,47734.1393939394
hpmcounter8,normal,seed16,263,47909.8606060606
hpmcounter8,normal,seed16,264,48245.44242424242
hpmcounter8,normal,seed16,265,48681.98787878788
hpmcounter8,normal,seed16,266,49156.236363636366
hpmcounter8,normal,seed16,267,49601.8303030303
hpmcounter8,normal,seed16,268,49952.63636363636
hpmcounter8,normal,seed16,269,50213.36363636364
hpmcounter8,normal,seed16,270,50101.34545454545
hpmcounter8,normal,seed16,271,49949.98181818182
hpmcounter8,normal,seed16,272,49483.73333333333
hpmcounter8,normal,seed16,273,48700.74545454545
hpmcounter8,normal,seed16,274,47948.72727272727
hpmcounter8,normal,seed16,275,47302.26666666667
hpmcounter8,normal,seed16,276,46816.07272727273
hpmcounter8,normal,seed16,277,46542.30909090909
hpmcounter8,normal,seed16,278,46546.333333333336
hpmcounter8,normal,seed16,279,46547.34545454545
hpmcounter8,normal,seed16,280,46548.763636363634
hpmcounter8,normal,seed16,281,46538.05454545454
hpmcounter8,normal,seed16,282,46520.78787878788
hpmcounter8,normal,seed16,283,46501.236363636366
hpmcounter8,normal,seed16,284,46480.92727272727
hpmcounter8,normal,seed16,285,46478.1696969697
hpmcounter8,normal,seed16,286,46477.25454545455
hpmcounter8,normal,seed16,287,46477.26666666667
hpmcounter8,normal,seed16,288,46484.64848484848
hpmcounter8,normal,seed16,289,46491.84848484849
hpmcounter8,normal,seed16,290,46508.721212121214
hpmcounter8,normal,seed16,291,46525.315151515155
hpmcounter8,normal,seed16,292,46535.430303030305
hpmcounter8,normal,seed16,293,46540.81212121212
hpmcounter8,normal,seed16,294,46536.393939393936
hpmcounter8,normal,seed16,295,46541.21212121212
hpmcounter8,normal,seed16,296,46539.01818181818
hpmcounter8,normal,seed16,297,46530.71515151515
hpmcounter8,normal,seed16,298,46520.472727272725
hpmcounter8,normal,seed17,9,47449.51515151515
hpmcounter8,normal,seed17,10,47652.1696969697
hpmcounter8,normal,seed17,11,48037.00606060606
hpmcounter8,normal,seed17,12,48531.98787878788
hpmcounter8,normal,seed17,13,49079.030303030304
hpmcounter8,normal,seed17,14,49617.08484848485
hpmcounter8,normal,seed17,15,50083.41818181818
hpmcounter8,normal,seed17,16,50413.24848484848
hpmcounter8,normal,seed17,17,50828.878787878784
hpmcounter8,normal,seed17,18,51334.333333333336
hpmcounter8,normal,seed17,19,51615.375757575755
hpmcounter8,normal,seed17,20,51625.36363636364
hpmcounter8,normal,seed17,21,51637.44242424242
hpmcounter8,normal,seed17,22,51648.739393939395
hpmcounter8,normal,seed17,23,51375.030303030304
hpmcounter8,normal,seed17,24,50881.818181818184
hpmcounter8,normal,seed17,25,50224.25454545455
hpmcounter8,normal,seed17,26,49470.236363636366
hpmcounter8,normal,seed17,27,48685.145454545454
hpmcounter8,normal,seed17,28,47932.606060606064
hpmcounter8,normal,seed17,29,47267.69090909091
hpmcounter8,normal,seed17,30,46770.375757575755
hpmcounter8,normal,seed17,31,46493.98787878788
hpmcounter8,normal,seed17,32,46500.67272727273
hpmcounter8,normal,seed17,33,46504.18787878788
hpmcounter8,normal,seed17,34,46508.67272727273
hpmcounter8,normal,seed17,35,46515.145454545454
hpmcounter8,normal,seed17,36,46523.30909090909
hpmcounter8,normal,seed17,37,46528.06060606061
hpmcounter8,normal,seed17,38,46529.818181818184
hpmcounter8,normal,seed17,39,46524.357575757575
hpmcounter8,normal,seed17,40,46521.933333333334
hpmcounter8,normal,seed17,41,46518.357575757575
hpmcounter8,normal,seed17,42,46511.77575757576
hpmcounter8,normal,seed17,43,46506.624242424245
hpmcounter8,normal,seed17,44,46504.75151515152
hpmcounter8,normal,seed17,45,46506.35151515152
hpmcounter8,normal,seed17,46,46512.684848484845
hpmcounter8,normal,seed17,47,46515.48484848485
hpmcounter8,normal,seed17,48,46518.066666666666
hpmcounter8,normal,seed17,49,46514.642424242425
hpmcounter8,normal,seed17,50,46507.854545454546
hpmcounter8,normal,seed17,51,46499.47878787879
hpmcounter8,normal,seed17,52,46495.92121212121
hpmcounter8,normal,seed17,53,46495.2
hpmcounter8,normal,seed17,54,46496.29090909091
hpmcounter8,normal,seed17,55,46487.818181818184
hpmcounter8,normal,seed17,56,46485.86666666667
hpmcounter8,normal,seed17,57,46485.21212121212
hpmcounter8,normal,seed17,58,46486.56363636364
hpmcounter8,normal,seed17,59,46482.87272727273
hpmcounter8,normal,seed17,60,46471.854545454546
hpmcounter8,normal,seed17,61,46465.545454545456
hpmcounter8,normal,seed17,62,46461.024242424246
hpmcounter8,normal,seed17,63,46464.545454545456
hpmcounter8,normal,seed17,64,46472.357575757575
hpmcounter8,normal,seed17,65,46471.07878787879
hpmcounter8,normal,seed17,66,46474.66060606061
hpmcounter8,normal,seed17,67,46479.63636363636
hpmcounter8,normal,seed17,68,46482.18787878788
hpmcounter8,normal,seed17,69,46478.43636363636
hpmcounter8,normal,seed17,70,46471.1393939394
hpmcounter8,normal,seed17,71,46464.80606060606
hpmcounter8,normal,seed17,72,46454.28484848485
hpmcounter8,normal,seed17,73,46454.07272727273
hpmcounter8,normal,seed17,74,46466.278787878786
hpmcounter8,normal,seed17,75,46473.545454545456
hpmcounter8,normal,seed17,76,46481.84848484849
hpmcounter8,normal,seed17,77,46494.58181818182
hpmcounter8,normal,seed17,78,46505.18787878788
hpmcounter8,normal,seed17,79,46512.40606060606
hpmcounter8,normal,seed17,80,46517.84848484849
hpmcounter8,normal,seed17,81,46519.393939393936
hpmcounter8,normal,seed17,82,46519.15151515151
hpmcounter8,normal,seed17,83,46515.7696969697
hpmcounter8,normal,seed17,84,46514.2
hpmcounter8,normal,seed17,85,46503.80606060606
hpmcounter8,normal,seed17,86,46486.61818181818
hpmcounter8,normal,seed17,87,46474.43636363636
hpmcounter8,normal,seed17,88,46467.569696969695
hpmcounter8,normal,seed17,89,46462.624242424245
hpmcounter8,normal,seed17,90,46465.47878787879
hpmcounter8,normal,seed17,91,46473.490909090906
hpmcounter8,normal,seed17,92,46484.527272727275
hpmcounter8,normal,seed17,93,46491.70909090909
hpmcounter8,normal,seed17,94,46488.21212121212
hpmcounter8,normal,seed17,95,46485.24848484848
hpmcounter8,normal,seed17,96,46475.878787878784
hpmcounter8,normal,seed17,97,46469.09696969697
hpmcounter8,normal,seed17,98,46467.46666666667
hpmcounter8,normal,seed17,99,46466.13333333333
hpmcounter8,normal,seed17,100,46461.569696969695
hpmcounter8,normal,seed17,101,46465.70909090909
hpmcounter8,normal,seed17,102,46464.19393939394
hpmcounter8,normal,seed17,103,46470.71515151515
hpmcounter8,normal,seed17,104,46469.24848484848
hpmcounter8,normal,seed17,105,46473.8303030303
hpmcounter8,normal,seed17,106,46471.163636363635
hpmcounter8,normal,seed17,107,46468.99393939394
hpmcounter8,normal,seed17,108,46467.71515151515
hpmcounter8,normal,seed17,109,46467.878787878784
hpmcounter8,normal,seed17,110,46455.854545454546
hpmcounter8,normal,seed17,111,46452.739393939395
hpmcounter8,normal,seed17,112,46441.92121212121
hpmcounter8,normal,seed17,113,46436.99393939394
hpmcounter8,normal,seed17,114,46434.27272727273
hpmcounter8,normal,seed17,115,46436.92727272727
hpmcounter8,normal,seed17,116,46438.84848484849
hpmcounter8,normal,seed17,117,46448.20606060606
hpmcounter8,normal,seed17,118,46456.32121212121
hpmcounter8,normal,seed17,119,46456.48484848485
hpmcounter8,normal,seed17,120,46459.98787878788
hpmcounter8,normal,seed17,121,46468.61818181818
hpmcounter8,normal,seed17,122,46481.242424242424
hpmcounter8,normal,seed17,123,46483.67272727273
hpmcounter8,normal,seed17,124,46484.46060606061
hpmcounter8,normal,seed17,125,46481.86666666667
hpmcounter8,normal,seed17,126,46474.42424242424
hpmcounter8,normal,seed17,127,46469.315151515155
hpmcounter8,normal,seed17,128,46461.163636363635
hpmcounter8,normal,seed17,129,46446.49696969697
hpmcounter8,normal,seed17,130,46438.53939393939
hpmcounter8,normal,seed17,131,46436.90303030303
hpmcounter8,normal,seed17,132,46445.6303030303
hpmcounter8,normal,seed17,133,46451.07878787879
hpmcounter8,normal,seed17,134,46460.21212121212
hpmcounter8,normal,seed17,135,46471.89696969697
hpmcounter8,normal,seed17,136,46480.42424242424
hpmcounter8,normal,seed17,137,46482.98787878788
hpmcounter8,normal,seed17,138,46478.0
hpmcounter8,normal,seed17,139,46474.03636363636
hpmcounter8,normal,seed17,140,46468.61212121212
hpmcounter8,normal,seed17,141,46465.67272727273
hpmcounter8,normal,seed17,142,46465.024242424246
hpmcounter8,normal,seed17,143,46461.606060606064
hpmcounter8,normal,seed17,144,46458.55757575758
hpmcounter8,normal,seed17,145,46462.3696969697
hpmcounter8,normal,seed17,146,46469.71515151515
hpmcounter8,normal,seed17,147,46474.73333333333
hpmcounter8,normal,seed17,148,46475.19393939394
hpmcounter8,normal,seed17,149,46474.04242424243
hpmcounter8,normal,seed17,150,46479.236363636366
hpmcounter8,normal,seed17,151,46483.82424242424
hpmcounter8,normal,seed17,152,46481.412121212124
hpmcounter8,normal,seed17,153,46475.242424242424
hpmcounter8,normal,seed17,154,46467.412121212124
hpmcounter8,normal,seed17,155,46467.430303030305
hpmcounter8,normal,seed17,156,46473.82424242424
hpmcounter8,normal,seed17,157,46480.44242424242
hpmcounter8,normal,seed17,158,46773.048484848485
hpmcounter8,normal,seed17,159,46995.024242424246
hpmcounter8,normal,seed17,160,47166.666666666664
hpmcounter8,normal,seed17,161,47274.38181818182
hpmcounter8,normal,seed17,162,47312.393939393936
hpmcounter8,normal,seed17,163,47277.07272727273
hpmcounter8,normal,seed17,164,47170.472727272725
hpmcounter8,normal,seed17,165,47002.87272727273
hpmcounter8,normal,seed17,166,46769.50303030303
hpmcounter8,normal,seed17,167,46473.19393939394
hpmcounter8,normal,seed17,168,46460.024242424246
hpmcounter8,normal,seed17,169,46453.87272727273
hpmcounter8,normal,seed17,170,46459.99393939394
hpmcounter8,normal,seed17,171,46470.41818181818
hpmcounter8,normal,seed17,172,46480.93939393939
hpmcounter8,normal,seed17,173,46487.412121212124
hpmcounter8,normal,seed17,174,46488.22424242424
hpmcounter8,normal,seed17,175,46488.00606060606
hpmcounter8,normal,seed17,176,46483.28484848485
hpmcounter8,normal,seed17,177,46480.69090909091
hpmcounter8,normal,seed17,178,46469.181818181816
hpmcounter8,normal,seed17,179,46464.781818181815
hpmcounter8,normal,seed17,180,46466.04242424243
hpmcounter8,normal,seed17,181,46472.2
hpmcounter8,normal,seed17,182,46471.509090909094
hpmcounter8,normal,seed17,183,46470.6303030303
hpmcounter8,normal,seed17,184,46469.66060606061
hpmcounter8,normal,seed17,185,46471.642424242425
hpmcounter8,normal,seed17,186,46477.7696969697
hpmcounter8,normal,seed17,187,46483.00606060606
hpmcounter8,normal,seed17,188,46480.99393939394
hpmcounter8,normal,seed17,189,46481.17575757576
hpmcounter8,normal,seed17,190,46481.545454545456
hpmcounter8,normal,seed17,191,46478.836363636365
hpmcounter8,normal,seed17,192,46478.818181818184
hpmcounter8,normal,seed17,193,46474.642424242425
hpmcounter8,normal,seed17,194,46467.86666666667
hpmcounter8,normal,seed17,195,46460.89696969697
hpmcounter8,normal,seed17,196,46461.77575757576
hpmcounter8,normal,seed17,197,46458.666666666664
hpmcounter8,normal,seed17,198,46456.739393939395
hpmcounter8,normal,seed17,199,46456.933333333334
hpmcounter8,normal,seed17,200,46453.09090909091
hpmcounter8,normal,seed17,201,46443.98787878788
hpmcounter8,normal,seed17,202,46442.07878787879
hpmcounter8,normal,seed17,203,46442.587878787876
hpmcounter8,normal,seed17,204,46444.99393939394
hpmcounter8,normal,seed17,205,46448.89090909091
hpmcounter8,normal,seed17,206,46455.34545454545
hpmcounter8,normal,seed17,207,46460.666666666664
hpmcounter8,normal,seed17,208,46476.357575757575
hpmcounter8,normal,seed17,209,46491.818181818184
hpmcounter8,normal,seed17,210,46501.52121212121
hpmcounter8,normal,seed17,211,46511.40606060606
hpmcounter8,normal,seed17,212,46515.7696969697
hpmcounter8,normal,seed17,213,46514.781818181815
hpmcounter8,normal,seed17,214,46510.781818181815
hpmcounter8,normal,seed17,215,46506.29090909091
hpmcounter8,normal,seed17,216,46495.29696969697
hpmcounter8,normal,seed17,217,46484.15757575758
hpmcounter8,normal,seed17,218,46475.67272727273
hpmcounter8,normal,seed17,219,46467.569696969695
hpmcounter8,normal,seed17,220,46461.08484848485
hpmcounter8,normal,seed17,221,46460.1696969697
hpmcounter8,normal,seed17,222,46464.04242424243
hpmcounter8,normal,seed17,223,46466.12727272727
hpmcounter8,normal,seed17,224,46473.181818181816
hpmcounter8,normal,seed17,225,46476.836363636365
hpmcounter8,normal,seed17,226,46482.11515151515
hpmcounter8,normal,seed17,227,46484.04242424243
hpmcounter8,normal,seed17,228,46480.12727272727
hpmcounter8,normal,seed17,229,46473.74545454545
hpmcounter8,normal,seed17,230,46463.545454545456
hpmcounter8,normal,seed17,231,46453.739393939395
hpmcounter8,normal,seed17,232,46448.32121212121
hpmcounter8,normal,seed17,233,46442.66060606061
hpmcounter8,normal,seed17,234,46442.92121212121
hpmcounter8,normal,seed17,235,46446.77575757576
hpmcounter8,normal,seed17,236,46456.78787878788
hpmcounter8,normal,seed17,237,46466.22424242424
hpmcounter8,normal,seed17,238,46467.53939393939
hpmcounter8,normal,seed17,239,46476.07878787879
hpmcounter8,normal,seed17,240,46474.721212121214
hpmcounter8,normal,seed17,241,46466.2
hpmcounter8,normal,seed17,242,46463.6
hpmcounter8,normal,seed17,243,46458.89696969697
hpmcounter8,normal,seed17,244,46462.757575757576
hpmcounter8,normal,seed17,245,46460.527272727275
hpmcounter8,normal,seed17,246,46457.587878787876
hpmcounter8,normal,seed17,247,46456.6303030303
hpmcounter8,normal,seed17,248,46451.95757575757
hpmcounter8,normal,seed17,249,46452.66060606061
hpmcounter8,normal,seed17,250,46450.82424242424
hpmcounter8,normal,seed17,251,46453.98181818182
hpmcounter8,normal,seed17,252,46462.181818181816
hpmcounter8,normal,seed17,253,46466.454545454544
hpmcounter8,normal,seed17,254,46483.12727272727
hpmcounter8,normal,seed17,255,46490.454545454544
hpmcounter8,normal,seed17,256,46498.4
hpmcounter8,normal,seed17,257,46510.38787878788
hpmcounter8,normal,seed17,258,46518.8303030303
hpmcounter8,normal,seed17,259,46518.315151515155
hpmcounter8,normal,seed17,260,46513.81212121212
hpmcounter8,normal,seed17,261,46513.71515151515
hpmcounter8,normal,seed17,262,46506.19393939394
hpmcounter8,normal,seed17,263,46488.357575757575
hpmcounter8,normal,seed17,264,46474.878787878784
hpmcounter8,normal,seed17,265,46456.91515151515
hpmcounter8,normal,seed17,266,46445.72727272727
hpmcounter8,normal,seed17,267,46442.92727272727
hpmcounter8,normal,seed17,268,46444.19393939394
hpmcounter8,normal,seed17,269,46447.30909090909
hpmcounter8,normal,seed17,270,46454.22424242424
hpmcounter8,normal,seed17,271,46459.56363636364
hpmcounter8,normal,seed17,272,46463.357575757575
hpmcounter8,normal,seed17,273,46462.53333333333
hpmcounter8,normal,seed17,274,46465.15151515151
hpmcounter8,normal,seed17,275,46462.8606060606
hpmcounter8,normal,seed17,276,46463.61818181818
hpmcounter8,normal,seed17,277,46470.21212121212
hpmcounter8,normal,seed17,278,46480.40606060606
hpmcounter8,normal,seed17,279,46490.684848484845
hpmcounter8,normal,seed17,280,46494.587878787876
hpmcounter8,normal,seed17,281,46498.19393939394
hpmcounter8,normal,seed17,282,46495.94545454546
hpmcounter8,normal,seed17,283,46489.527272727275
hpmcounter8,normal,seed17,284,46485.666666666664
hpmcounter8,normal,seed17,285,46481.69696969697
hpmcounter8,normal,seed17,286,46473.67272727273
hpmcounter8,normal,seed17,287,46474.92121212121
hpmcounter8,normal,seed17,288,46477.17575757576
hpmcounter8,normal,seed17,289,46481.35151515152
hpmcounter8,normal,seed17,290,46483.854545454546
hpmcounter8,normal,seed17,291,46486.11515151515
hpmcounter8,normal,seed17,292,46487.38787878788
hpmcounter8,normal,seed17,293,46482.71515151515
hpmcounter8,normal,seed17,294,46482.90909090909
hpmcounter8,normal,seed17,295,46493.739393939395
hpmcounter8,normal,seed17,296,46503.70909090909
hpmcounter8,normal,seed17,297,46512.03636363636
hpmcounter8,normal,seed17,298,46521.07272727273
hpmcounter8,normal,seed18,9,46504.61818181818
hpmcounter8,normal,seed18,10,46504.67272727273
hpmcounter8,normal,seed18,11,46503.242424242424
hpmcounter8,normal,seed18,12,46506.34545454545
hpmcounter8,normal,seed18,13,46503.75151515152
hpmcounter8,normal,seed18,14,46507.42424242424
hpmcounter8,normal,seed18,15,46506.67272727273
hpmcounter8,normal,seed18,16,46505.666666666664
hpmcounter8,normal,seed18,17,46502.00606060606
hpmcounter8,normal,seed18,18,46500.90909090909
hpmcounter8,normal,seed18,19,46503.430303030305
hpmcounter8,normal,seed18,20,46504.89696969697
hpmcounter8,normal,seed18,21,46502.84242424242
hpmcounter8,normal,seed18,22,46501.00606060606
hpmcounter8,normal,seed18,23,46495.739393939395
hpmcounter8,normal,seed18,24,46496.181818181816
hpmcounter8,normal,seed18,25,46490.490909090906
hpmcounter8,normal,seed18,26,46479.024242424246
hpmcounter8,normal,seed18,27,46462.78787878788
hpmcounter8,normal,seed18,28,46450.12727272727
hpmcounter8,normal,seed18,29,46447.53939393939
hpmcounter8,normal,seed18,30,46454.430303030305
hpmcounter8,normal,seed18,31,46459.22424242424
hpmcounter8,normal,seed18,32,46458.66060606061
hpmcounter8,normal,seed18,33,46461.454545454544
hpmcounter8,normal,seed18,34,46463.666666666664
hpmcounter8,normal,seed18,35,46458.70303030303
hpmcounter8,normal,seed18,36,46453.545454545456
hpmcounter8,normal,seed18,37,46446.278787878786
hpmcounter8,normal,seed18,38,46440.739393939395
hpmcounter8,normal,seed18,39,46436.53939393939
hpmcounter8,normal,seed18,40,46445.757575757576
hpmcounter8,normal,seed18,41,46459.8303030303
hpmcounter8,normal,seed18,42,46469.29090909091
hpmcounter8,normal,seed18,43,46480.624242424245
hpmcounter8,normal,seed18,44,46490.3696969697
hpmcounter8,normal,seed18,45,46493.10909090909
hpmcounter8,normal,seed18,46,46495.412121212124
hpmcounter8,normal,seed18,47,46496.551515151514
hpmcounter8,normal,seed18,48,46500.26666666667
hpmcounter8,normal,seed18,49,46500.81212121212
hpmcounter8,normal,seed18,50,46503.393939393936
hpmcounter8,normal,seed18,51,46513.96363636364
hpmcounter8,normal,seed18,52,46516.05454545454
hpmcounter8,normal,seed18,53,46517.57575757576
hpmcounter8,normal,seed18,54,46521.15757575758
hpmcounter8,normal,seed18,55,46524.11515151515
hpmcounter8,normal,seed18,56,46522.47878787879
hpmcounter8,normal,seed18,57,46518.684848484845
hpmcounter8,normal,seed18,58,46517.41818181818
hpmcounter8,normal,seed18,59,46517.51515151515
hpmcounter8,normal,seed18,60,46514.03636363636
hpmcounter8,normal,seed18,61,46514.721212121214
hpmcounter8,normal,seed18,62,46507.98787878788
hpmcounter8,normal,seed18,63,46500.024242424246
hpmcounter8,normal,seed18,64,46499.393939393936
hpmcounter8,normal,seed18,65,46498.15757575758
hpmcounter8,normal,seed18,66,46489.975757575754
hpmcounter8,normal,seed18,67,46486.26666666667
hpmcounter8,normal,seed18,68,46487.606060606064
hpmcounter8,normal,seed18,69,46494.739393939395
hpmcounter8,normal,seed18,70,46493.854545454546
hpmcounter8,normal,seed18,71,46491.59393939394
hpmcounter8,normal,seed18,72,46487.35151515152
hpmcounter8,normal,seed18,73,46477.19393939394
hpmcounter8,normal,seed18,74,46473.18787878788
hpmcounter8,normal,seed18,75,46465.65454545455
hpmcounter8,normal,seed18,76,46453.82424242424
hpmcounter8,normal,seed18,77,46443.933333333334
hpmcounter8,normal,seed18,78,46439.242424242424
hpmcounter8,normal,seed18,79,46445.43636363636
hpmcounter8,normal,seed18,80,46453.46060606061
hpmcounter8,normal,seed18,81,46459.89696969697
hpmcounter8,normal,seed18,82,46473.357575757575
hpmcounter8,normal,seed18,83,46479.46060606061
hpmcounter8,normal,seed18,84,46486.50303030303
hpmcounter8,normal,seed18,85,46487.88484848485
hpmcounter8,normal,seed18,86,46489.260606060605
hpmcounter8,normal,seed18,87,46487.44242424242
hpmcounter8,normal,seed18,88,46479.87272727273
hpmcounter8,normal,seed18,89,46476.47878787879
hpmcounter8,normal,seed18,90,46478.30303030303
hpmcounter8,normal,seed18,91,46474.163636363635
hpmcounter8,normal,seed18,92,46475.30303030303
hpmcounter8,normal,seed18,93,46476.81212121212
hpmcounter8,normal,seed18,94,46478.818181818184
hpmcounter8,normal,seed18,95,46479.49696969697
hpmcounter8,normal,seed18,96,46479.569696969695
hpmcounter8,normal,seed18,97,46478.81212121212
hpmcounter8,normal,seed18,98,46474.32121212121
hpmcounter8,normal,seed18,99,46472.38181818182
hpmcounter8,normal,seed18,100,46477.12727272727
hpmcounter8,normal,seed18,101,46478.96363636364
hpmcounter8,normal,seed18,102,46481.15757575758
hpmcounter8,normal,seed18,103,46481.878787878784
hpmcounter8,normal,seed18,104,46487.34545454545
hpmcounter8,normal,seed18,105,46492.527272727275
hpmcounter8,normal,seed18,106,46489.49696969697
hpmcounter8,normal,seed18,107,46479.55757575758
hpmcounter8,normal,seed18,108,46471.27272727273
hpmcounter8,normal,seed18,109,46466.121212121216
hpmcounter8,normal,seed18,110,46464.739393939395
hpmcounter8,normal,seed18,111,46459.07272727273
hpmcounter8,normal,seed18,112,46455.32727272727
hpmcounter8,normal,seed18,113,46450.09696969697
hpmcounter8,normal,seed18,114,46453.836363636365
hpmcounter8,normal,seed18,115,46460.74545454545
hpmcounter8,normal,seed18,116,46465.818181818184
hpmcounter8,normal,seed18,117,46459.3696969697
hpmcounter8,normal,seed18,118,46457.74545454545
hpmcounter8,normal,seed18,119,46463.739393939395
hpmcounter8,normal,seed18,120,46470.024242424246
hpmcounter8,normal,seed18,121,46468.236363636366
hpmcounter8,normal,seed18,122,46463.52121212121
hpmcounter8,normal,seed18,123,46457.448484848486
hpmcounter8,normal,seed18,124,46453.28484848485
hpmcounter8,normal,seed18,125,46445.67878787879
hpmcounter8,normal,seed18,126,46446.933333333334
hpmcounter8,normal,seed18,127,46444.69696969697
hpmcounter8,normal,seed18,128,46448.260606060605
hpmcounter8,normal,seed18,129,46453.43636363636
hpmcounter8,normal,seed18,130,46455.75151515152
hpmcounter8,normal,seed18,131,46459.47878787879
hpmcounter8,normal,seed18,132,46462.1393939394
hpmcounter8,normal,seed18,133,46468.472727272725
hpmcounter8,normal,seed18,134,46474.30909090909
hpmcounter8,normal,seed18,135,46474.89090909091
hpmcounter8,normal,seed18,136,46476.2303030303
hpmcounter8,normal,seed18,137,46478.11515151515
hpmcounter8,normal,seed18,138,46482.77575757576
hpmcounter8,normal,seed18,139,46484.854545454546
hpmcounter8,normal,seed18,140,46483.490909090906
hpmcounter8,normal,seed18,141,46478.53333333333
hpmcounter8,normal,seed18,142,46472.32727272727
hpmcounter8,normal,seed18,143,46750.90303030303
hpmcounter8,normal,seed18,144,47247.51515151515
hpmcounter8,normal,seed18,145,47906.00606060606
hpmcounter8,normal,seed18,146,48375.0
hpmcounter8,normal,seed18,147,48656.69696969697
hpmcounter8,normal,seed18,148,48750.412121212124
hpmcounter8,normal,seed18,149,48660.145454545454
hpmcounter8,normal,seed18,150,48379.73333333333
hpmcounter8,normal,seed18,151,47906.684848484845
hpmcounter8,normal,seed18,152,47248.33939393939
hpmcounter8,normal,seed18,153,46756.969696969696
hpmcounter8,normal,seed18,154,46489.27272727273
hpmcounter8,normal,seed18,155,46497.218181818185
hpmcounter8,normal,seed18,156,46502.93939393939
hpmcounter8,normal,seed18,157,46506.47878787879
hpmcounter8,normal,seed18,158,46506.69696969697
hpmcounter8,normal,seed18,159,46507.70303030303
hpmcounter8,normal,seed18,160,46501.315151515155
hpmcounter8,normal,seed18,161,46492.95757575757
hpmcounter8,normal,seed18,162,46485.30909090909
hpmcounter8,normal,seed18,163,46490.67272727273
hpmcounter8,normal,seed18,164,46503.27272727273
hpmcounter8,normal,seed18,165,46789.15151515151
hpmcounter8,normal,seed18,166,47296.278787878786
hpmcounter8,normal,seed18,167,47962.545454545456
hpmcounter8,normal,seed18,168,48440.048484848485
hpmcounter8,normal,seed18,169,48730.6303030303
hpmcounter8,normal,seed18,170,48828.75151515152
hpmcounter8,normal,seed18,171,48739.33939393939
hpmcounter8,normal,seed18,172,48455.969696969696
hpmcounter8,normal,seed18,173,47982.569696969695
hpmcounter8,normal,seed18,174,47317.61212121212
hpmcounter8,normal,seed18,175,46798.278787878786
hpmcounter8,normal,seed18,176,46496.18787878788
hpmcounter8,normal,seed18,177,46475.121212121216
hpmcounter8,normal,seed18,178,46466.06060606061
hpmcounter8,normal,seed18,179,46465.01818181818
hpmcounter8,normal,seed18,180,46467.57575757576
hpmcounter8,normal,seed18,181,46481.40606060606
hpmcounter8,normal,seed18,182,46496.315151515155
hpmcounter8,normal,seed18,183,46507.47878787879
hpmcounter8,normal,seed18,184,46517.8606060606
hpmcounter8,normal,seed18,185,46520.3696969697
hpmcounter8,normal,seed18,186,46517.836363636365
hpmcounter8,normal,seed18,187,46507.11515151515
hpmcounter8,normal,seed18,188,46498.32727272727
hpmcounter8,normal,seed18,189,46488.757575757576
hpmcounter8,normal,seed18,190,46480.278787878786
hpmcounter8,normal,seed18,191,46477.05454545454
hpmcounter8,normal,seed18,192,46482.836363636365
hpmcounter8,normal,seed18,193,46485.0
hpmcounter8,normal,seed18,194,46479.260606060605
hpmcounter8,normal,seed18,195,46473.242424242424
hpmcounter8,normal,seed18,196,46468.58181818182
hpmcounter8,normal,seed18,197,46466.75151515152
hpmcounter8,normal,seed18,198,46465.84848484849
hpmcounter8,normal,seed18,199,46746.17575757576
hpmcounter8,normal,seed18,200,46968.63636363636
hpmcounter8,normal,seed18,201,47125.55757575758
hpmcounter8,normal,seed18,202,47226.260606060605
hpmcounter8,normal,seed18,203,47262.29090909091
hpmcounter8,normal,seed18,204,47233.763636363634
hpmcounter8,normal,seed18,205,47136.15151515151
hpmcounter8,normal,seed18,206,46973.121212121216
hpmcounter8,normal,seed18,207,46750.587878787876
hpmcounter8,normal,seed18,208,46466.6
hpmcounter8,normal,seed18,209,46461.472727272725
hpmcounter8,normal,seed18,210,46465.8606060606
hpmcounter8,normal,seed18,211,46467.818181818184
hpmcounter8,normal,seed18,212,46467.878787878784
hpmcounter8,normal,seed18,213,46465.92121212121
hpmcounter8,normal,seed18,214,46470.145454545454
hpmcounter8,normal,seed18,215,46469.27272727273
hpmcounter8,normal,seed18,216,46469.64848484848
hpmcounter8,normal,seed18,217,46475.8606060606
hpmcounter8,normal,seed18,218,46479.975757575754
hpmcounter8,normal,seed18,219,46480.163636363635
hpmcounter8,normal,seed18,220,46487.77575757576
hpmcounter8,normal,seed18,221,46490.11515151515
hpmcounter8,normal,seed18,222,46488.71515151515
hpmcounter8,normal,seed18,223,46485.412121212124
hpmcounter8,normal,seed18,224,46489.09090909091
hpmcounter8,normal,seed18,225,46490.53333333333
hpmcounter8,normal,seed18,226,46489.98181818182
hpmcounter8,normal,seed18,227,46494.412121212124
hpmcounter8,normal,seed18,228,46495.684848484845
hpmcounter8,normal,seed18,229,46495.08484848485
hpmcounter8,normal,seed18,230,46499.13333333333
hpmcounter8,normal,seed18,231,46497.04242424243
hpmcounter8,normal,seed18,232,46494.59393939394
hpmcounter8,normal,seed18,233,46497.06060606061
hpmcounter8,normal,seed18,234,46508.236363636366
hpmcounter8,normal,seed18,235,46518.375757575755
hpmcounter8,normal,seed18,236,46527.15757575758
hpmcounter8,normal,seed18,237,46534.99393939394
hpmcounter8,normal,seed18,238,46537.048484848485
hpmcounter8,normal,seed18,239,46529.763636363634
hpmcounter8,normal,seed18,240,46523.46060606061
hpmcounter8,normal,seed18,241,46511.38181818182
hpmcounter8,normal,seed18,242,46499.315151515155
hpmcounter8,normal,seed18,243,46487.551515151514
hpmcounter8,normal,seed18,244,46481.80606060606
hpmcounter8,normal,seed18,245,46478.98787878788
hpmcounter8,normal,seed18,246,46481.18787878788
hpmcounter8,normal,seed18,247,46483.70909090909
hpmcounter8,normal,seed18,248,46489.357575757575
hpmcounter8,normal,seed18,249,46491.969696969696
hpmcounter8,normal,seed18,250,46501.07272727273
hpmcounter8,normal,seed18,251,46505.64848484848
hpmcounter8,normal,seed18,252,46511.64848484848
hpmcounter8,normal,seed18,253,46516.89696969697
hpmcounter8,normal,seed18,254,46522.67878787879
hpmcounter8,normal,seed18,255,46527.2
hpmcounter8,normal,seed18,256,46526.17575757576
hpmcounter8,normal,seed18,257,46516.454545454544
hpmcounter8,normal,seed18,258,46505.48484848485
hpmcounter8,normal,seed18,259,46493.29696969697
hpmcounter8,normal,seed18,260,46485.3696969697
hpmcounter8,normal,seed18,261,46472.78787878788
hpmcounter8,normal,seed18,262,46462.569696969695
hpmcounter8,normal,seed18,263,46460.412121212124
hpmcounter8,normal,seed18,264,46467.2303030303
hpmcounter8,normal,seed18,265,46475.333333333336
hpmcounter8,normal,seed18,266,46483.606060606064
hpmcounter8,normal,seed18,267,46481.82424242424
hpmcounter8,normal,seed18,268,46480.642424242425
hpmcounter8,normal,seed18,269,46479.82424242424
hpmcounter8,normal,seed18,270,46485.56363636364
hpmcounter8,normal,seed18,271,46487.95757575757
hpmcounter8,normal,seed18,272,46497.89090909091
hpmcounter8,normal,seed18,273,46497.066666666666
hpmcounter8,normal,seed18,274,46497.94545454546
hpmcounter8,normal,seed18,275,46496.1393939394
hpmcounter8,normal,seed18,276,46494.121212121216
hpmcounter8,normal,seed18,277,46484.454545454544
hpmcounter8,normal,seed18,278,46469.1393939394
hpmcounter8,normal,seed18,279,46453.08484848485
hpmcounter8,normal,seed18,280,46446.1696969697
hpmcounter8,normal,seed18,281,46442.92727272727
hpmcounter8,normal,seed18,282,46453.96363636364
hpmcounter8,normal,seed18,283,46460.551515151514
hpmcounter8,normal,seed18,284,46468.69090909091
hpmcounter8,normal,seed18,285,46476.30909090909
hpmcounter8,normal,seed18,286,46478.92121212121
hpmcounter8,normal,seed18,287,46479.84848484849
hpmcounter8,normal,seed18,288,46478.74545454545
hpmcounter8,normal,seed18,289,46477.48484848485
hpmcounter8,normal,seed18,290,46473.606060606064
hpmcounter8,normal,seed18,291,46472.048484848485
hpmcounter8,normal,seed18,292,46477.048484848485
hpmcounter8,normal,seed18,293,46478.90909090909
hpmcounter8,normal,seed18,294,46478.38181818182
hpmcounter8,normal,seed18,295,46481.0
hpmcounter8,normal,seed18,296,46474.145454545454
hpmcounter8,normal,seed18,297,46464.7696969697
hpmcounter8,normal,seed18,298,46454.472727272725
hpmcounter8,normal,seed19,9,47088.4
hpmcounter8,normal,seed19,10,46899.757575757576
hpmcounter8,normal,seed19,11,46646.41818181818
hpmcounter8,normal,seed19,12,46488.26666666667
hpmcounter8,normal,seed19,13,46477.545454545456
hpmcounter8,normal,seed19,14,46468.509090909094
hpmcounter8,normal,seed19,15,46458.2303030303
hpmcounter8,normal,seed19,16,46454.15757575758
hpmcounter8,normal,seed19,17,46454.63636363636
hpmcounter8,normal,seed19,18,46459.066666666666
hpmcounter8,normal,seed19,19,46471.606060606064
hpmcounter8,normal,seed19,20,46478.975757575754
hpmcounter8,normal,seed19,21,46482.53333333333
hpmcounter8,normal,seed19,22,46487.46666666667
hpmcounter8,normal,seed19,23,46487.48484848485
hpmcounter8,normal,seed19,24,46483.89696969697
hpmcounter8,normal,seed19,25,46479.51515151515
hpmcounter8,normal,seed19,26,46482.89696969697
hpmcounter8,normal,seed19,27,46482.757575757576
hpmcounter8,normal,seed19,28,46484.509090909094
hpmcounter8,normal,seed19,29,46488.0
hpmcounter8,normal,seed19,30,46495.90303030303
hpmcounter8,normal,seed19,31,46502.58181818182
hpmcounter8,normal,seed19,32,46510.15757575758
hpmcounter8,normal,seed19,33,46510.46060606061
hpmcounter8,normal,seed19,34,46507.72727272727
hpmcounter8,normal,seed19,35,46504.04242424243
hpmcounter8,normal,seed19,36,46502.84242424242
hpmcounter8,normal,seed19,37,46495.58181818182
hpmcounter8,normal,seed19,38,46485.63636363636
hpmcounter8,normal,seed19,39,46472.975757575754
hpmcounter8,normal,seed19,40,46466.84848484849
hpmcounter8,normal,seed19,41,46456.87272727273
hpmcounter8,normal,seed19,42,46454.91515151515
hpmcounter8,normal,seed19,43,46452.49696969697
hpmcounter8,normal,seed19,44,46452.430303030305
hpmcounter8,normal,seed19,45,46456.91515151515
hpmcounter8,normal,seed19,46,46459.64848484848
hpmcounter8,normal,seed19,47,46462.94545454546
hpmcounter8,normal,seed19,48,46466.38787878788
hpmcounter8,normal,seed19,49,46466.08484848485
hpmcounter8,normal,seed19,50,46468.030303030304
hpmcounter8,normal,seed19,51,46463.30909090909
hpmcounter8,normal,seed19,52,46460.61818181818
hpmcounter8,normal,seed19,53,46462.606060606064
hpmcounter8,normal,seed19,54,46466.242424242424
hpmcounter8,normal,seed19,55,46474.90303030303
hpmcounter8,normal,seed19,56,46479.81212121212
hpmcounter8,normal,seed19,57,46488.642424242425
hpmcounter8,normal,seed19,58,46502.145454545454
hpmcounter8,normal,seed19,59,46510.684848484845
hpmcounter8,normal,seed19,60,46509.393939393936
hpmcounter8,normal,seed19,61,46505.00606060606
hpmcounter8,normal,seed19,62,46496.951515151515
hpmcounter8,normal,seed19,63,46489.41818181818
hpmcounter8,normal,seed19,64,46479.80606060606
hpmcounter8,normal,seed19,65,46468.22424242424
hpmcounter8,normal,seed19,66,46454.70909090909
hpmcounter8,normal,seed19,67,46446.781818181815
hpmcounter8,normal,seed19,68,46444.95757575757
hpmcounter8,normal,seed19,69,46445.79393939394
hpmcounter8,normal,seed19,70,46443.642424242425
hpmcounter8,normal,seed19,71,46447.393939393936
hpmcounter8,normal,seed19,72,46451.32121212121
hpmcounter8,normal,seed19,73,46456.587878787876
hpmcounter8,normal,seed19,74,46459.95757575757
hpmcounter8,normal,seed19,75,46460.34545454545
hpmcounter8,normal,seed19,76,46459.21212121212
hpmcounter8,normal,seed19,77,46459.218181818185
hpmcounter8,normal,seed19,78,46745.84242424242
hpmcounter8,normal,seed19,79,46972.1393939394
hpmcounter8,normal,seed19,80,47138.00606060606
hpmcounter8,normal,seed19,81,47519.93939393939
hpmcounter8,normal,seed19,82,48058.43636363636
hpmcounter8,normal,seed19,83,48691.30303030303
hpmcounter8,normal,seed19,84,49069.36363636364
hpmcounter8,normal,seed19,85,49188.99393939394
hpmcounter8,normal,seed19,86,49054.066666666666
hpmcounter8,normal,seed19,87,48667.92727272727
hpmcounter8,normal,seed19,88,48380.01818181818
hpmcounter8,normal,seed19,89,47908.757575757576
hpmcounter8,normal,seed19,90,47255.00606060606
hpmcounter8,normal,seed19,91,46749.41818181818
hpmcounter8,normal,seed19,92,46467.24848484848
hpmcounter8,normal,seed19,93,46467.666666666664
hpmcounter8,normal,seed19,94,46472.15757575758
hpmcounter8,normal,seed19,95,46469.878787878784
hpmcounter8,normal,seed19,96,46468.24848484848
hpmcounter8,normal,seed19,97,46467.06060606061
hpmcounter8,normal,seed19,98,46465.70909090909
hpmcounter8,normal,seed19,99,46462.73333333333
hpmcounter8,normal,seed19,100,46466.29696969697
hpmcounter8,normal,seed19,101,46472.587878787876
hpmcounter8,normal,seed19,102,46481.88484848485
hpmcounter8,normal,seed19,103,46493.315151515155
hpmcounter8,normal,seed19,104,46501.88484848485
hpmcounter8,normal,seed19,105,46503.69090909091
hpmcounter8,normal,seed19,106,46509.066666666666
hpmcounter8,normal,seed19,107,46513.80606060606
hpmcounter8,normal,seed19,108,46516.57575757576
hpmcounter8,normal,seed19,109,46507.78787878788
hpmcounter8,normal,seed19,110,46498.09696969697
hpmcounter8,normal,seed19,111,46488.6303030303
hpmcounter8,normal,seed19,112,46481.315151515155
hpmcounter8,normal,seed19,113,46479.315151515155
hpmcounter8,normal,seed19,114,46471.8606060606
hpmcounter8,normal,seed19,115,46460.181818181816
hpmcounter8,normal,seed19,116,46454.684848484845
hpmcounter8,normal,seed19,117,46452.82424242424
hpmcounter8,normal,seed19,118,46453.99393939394
hpmcounter8,normal,seed19,119,46455.28484848485
hpmcounter8,normal,seed19,120,46460.20606060606
hpmcounter8,normal,seed19,121,46461.4
hpmcounter8,normal,seed19,122,46460.22424242424
hpmcounter8,normal,seed19,123,46458.08484848485
hpmcounter8,normal,seed19,124,46454.145454545454
hpmcounter8,normal,seed19,125,46444.448484848486
hpmcounter8,normal,seed19,126,46439.527272727275
hpmcounter8,normal,seed19,127,46447.73333333333
hpmcounter8,normal,seed19,128,46456.69090909091
hpmcounter8,normal,seed19,129,46462.763636363634
hpmcounter8,normal,seed19,130,46478.43636363636
hpmcounter8,normal,seed19,131,46490.763636363634
hpmcounter8,normal,seed19,132,46504.509090909094
hpmcounter8,normal,seed19,133,46517.34545454545
hpmcounter8,normal,seed19,134,46525.89696969697
hpmcounter8,normal,seed19,135,46523.79393939394
hpmcounter8,normal,seed19,136,46515.472727272725
hpmcounter8,normal,seed19,137,46515.65454545455
hpmcounter8,normal,seed19,138,46512.24848484848
hpmcounter8,normal,seed19,139,46497.93939393939
hpmcounter8,normal,seed19,140,46490.25454545455
hpmcounter8,normal,seed19,141,46471.24848484848
hpmcounter8,normal,seed19,142,46450.84848484849
hpmcounter8,normal,seed19,143,46439.181818181816
hpmcounter8,normal,seed19,144,46439.80606060606
hpmcounter8,normal,seed19,145,46438.666666666664
hpmcounter8,normal,seed19,146,46438.41818181818
hpmcounter8,normal,seed19,147,46443.90909090909
hpmcounter8,normal,seed19,148,46454.4
hpmcounter8,normal,seed19,149,46463.34545454545
hpmcounter8,normal,seed19,150,46477.13333333333
hpmcounter8,normal,seed19,151,46487.8
hpmcounter8,normal,seed19,152,46486.09696969697
hpmcounter8,normal,seed19,153,46484.78787878788
hpmcounter8,normal,seed19,154,46490.61212121212
hpmcounter8,normal,seed19,155,46489.48484848485
hpmcounter8,normal,seed19,156,46487.64848484848
hpmcounter8,normal,seed19,157,46487.58181818182
hpmcounter8,normal,seed19,158,46489.0
hpmcounter8,normal,seed19,159,46481.75151515152
hpmcounter8,normal,seed19,160,46473.24848484848
hpmcounter8,normal,seed19,161,46468.09090909091
hpmcounter8,normal,seed19,162,46457.2303030303
hpmcounter8,normal,seed19,163,46453.48484848485
hpmcounter8,normal,seed19,164,46441.030303030304
hpmcounter8,normal,seed19,165,46425.86666666667
hpmcounter8,normal,seed19,166,46416.181818181816
hpmcounter8,normal,seed19,167,46415.569696969695
hpmcounter8,normal,seed19,168,46421.05454545454
hpmcounter8,normal,seed19,169,46429.44242424242
hpmcounter8,normal,seed19,170,46439.29090909091
hpmcounter8,normal,seed19,171,46448.315151515155
hpmcounter8,normal,seed19,172,46448.30303030303
hpmcounter8,normal,seed19,173,46453.236363636366
hpmcounter8,normal,seed19,174,46450.21212121212
hpmcounter8,normal,seed19,175,46447.09090909091
hpmcounter8,normal,seed19,176,46444.8303030303
hpmcounter8,normal,seed19,177,46446.96363636364
hpmcounter8,normal,seed19,178,46447.93939393939
hpmcounter8,normal,seed19,179,46456.8606060606
hpmcounter8,normal,seed19,180,46467.57575757576
hpmcounter8,normal,seed19,181,46478.624242424245
hpmcounter8,normal,seed19,182,46485.08484848485
hpmcounter8,normal,seed19,183,46485.18787878788
hpmcounter8,normal,seed19,184,46483.94545454546
hpmcounter8,normal,seed19,185,46479.066666666666
hpmcounter8,normal,seed19,186,46473.357575757575
hpmcounter8,normal,seed19,187,46470.47878787879
hpmcounter8,normal,seed19,188,46460.28484848485
hpmcounter8,normal,seed19,189,46448.09090909091
hpmcounter8,normal,seed19,190,46436.27272727273
hpmcounter8,normal,seed19,191,46430.145454545454
hpmcounter8,normal,seed19,192,46425.13333333333
hpmcounter8,normal,seed19,193,46423.08484848485
hpmcounter8,normal,seed19,194,46423.42424242424
hpmcounter8,normal,seed19,195,46424.606060606064
hpmcounter8,normal,seed19,196,46428.757575757576
hpmcounter8,normal,seed19,197,46438.030303030304
hpmcounter8,normal,seed19,198,46441.64848484848
hpmcounter8,normal,seed19,199,46447.739393939395
hpmcounter8,normal,seed19,200,46457.84242424242
hpmcounter8,normal,seed19,201,46472.490909090906
hpmcounter8,normal,seed19,202,46482.10909090909
hpmcounter8,normal,seed19,203,46491.86666666667
hpmcounter8,normal,seed19,204,46497.07272727273
hpmcounter8,normal,seed19,205,46494.490909090906
hpmcounter8,normal,seed19,206,46491.975757575754
hpmcounter8,normal,seed19,207,46484.218181818185
hpmcounter8,normal,seed19,208,46469.10909090909
hpmcounter8,normal,seed19,209,46457.89090909091
hpmcounter8,normal,seed19,210,46449.781818181815
hpmcounter8,normal,seed19,211,46444.49696969697
hpmcounter8,normal,seed19,212,46446.06060606061
hpmcounter8,normal,seed19,213,46452.448484848486
hpmcounter8,normal,seed19,214,46463.454545454544
hpmcounter8,normal,seed19,215,46476.15151515151
hpmcounter8,normal,seed19,216,46495.527272727275
hpmcounter8,normal,seed19,217,46504.32727272727
hpmcounter8,normal,seed19,218,46510.8303030303
hpmcounter8,normal,seed19,219,46519.36363636364
hpmcounter8,normal,seed19,220,46517.78787878788
hpmcounter8,normal,seed19,221,46503.66060606061
hpmcounter8,normal,seed19,222,46495.26666666667
hpmcounter8,normal,seed19,223,46487.048484848485
hpmcounter8,normal,seed19,224,46479.49696969697
hpmcounter8,normal,seed19,225,46477.0
hpmcounter8,normal,seed19,226,46481.26666666667
hpmcounter8,normal,seed19,227,46485.1696969697
hpmcounter8,normal,seed19,228,46489.28484848485
hpmcounter8,normal,seed19,229,46495.94545454546
hpmcounter8,normal,seed19,230,46495.527272727275
hpmcounter8,normal,seed19,231,46484.0
hpmcounter8,normal,seed19,232,46476.38181818182
hpmcounter8,normal,seed19,233,46465.624242424245
hpmcounter8,normal,seed19,234,46460.757575757576
hpmcounter8,normal,seed19,235,46454.73333333333
hpmcounter8,normal,seed19,236,46450.49696969697
hpmcounter8,normal,seed19,237,46452.36363636364
hpmcounter8,normal,seed19,238,46456.00606060606
hpmcounter8,normal,seed19,239,46463.29696969697
hpmcounter8,normal,seed19,240,46466.03636363636
hpmcounter8,normal,seed19,241,46461.951515151515
hpmcounter8,normal,seed19,242,46458.587878787876
hpmcounter8,normal,seed19,243,46459.96363636364
hpmcounter8,normal,seed19,244,46462.41818181818
hpmcounter8,normal,seed19,245,46459.77575757576
hpmcounter8,normal,seed19,246,46457.818181818184
hpmcounter8,normal,seed19,247,46456.51515151515
hpmcounter8,normal,seed19,248,46460.066666666666
hpmcounter8,normal,seed19,249,46470.13333333333
hpmcounter8,normal,seed19,250,46475.84848484849
hpmcounter8,normal,seed19,251,46476.59393939394
hpmcounter8,normal,seed19,252,46471.969696969696
hpmcounter8,normal,seed19,253,46479.56363636364
hpmcounter8,normal,seed19,254,46478.38181818182
hpmcounter8,normal,seed19,255,46472.15151515151
hpmcounter8,normal,seed19,256,46462.34545454545
hpmcounter8,normal,seed19,257,46451.15151515151
hpmcounter8,normal,seed19,258,46445.854545454546
hpmcounter8,normal,seed19,259,46445.72727272727
hpmcounter8,normal,seed19,260,46445.88484848485
hpmcounter8,normal,seed19,261,46446.975757575754
hpmcounter8,normal,seed19,262,46449.84242424242
hpmcounter8,normal,seed19,263,46459.93939393939
hpmcounter8,normal,seed19,264,46464.78787878788
hpmcounter8,normal,seed19,265,46471.509090909094
hpmcounter8,normal,seed19,266,46474.17575757576
hpmcounter8,normal,seed19,267,46474.11515151515
hpmcounter8,normal,seed19,268,46475.41818181818
hpmcounter8,normal,seed19,269,46473.71515151515
hpmcounter8,normal,seed19,270,46471.65454545455
hpmcounter8,normal,seed19,271,46469.49696969697
hpmcounter8,normal,seed19,272,46470.94545454546
hpmcounter8,normal,seed19,273,46476.59393939394
hpmcounter8,normal,seed19,274,46476.05454545454
hpmcounter8,normal,seed19,275,46476.4
hpmcounter8,normal,seed19,276,46475.72727272727
hpmcounter8,normal,seed19,277,46470.79393939394
hpmcounter8,normal,seed19,278,46468.72727272727
hpmcounter8,normal,seed19,279,46465.1393939394
hpmcounter8,normal,seed19,280,46463.066666666666
hpmcounter8,normal,seed19,281,46461.66060606061
hpmcounter8,normal,seed19,282,46462.145454545454
hpmcounter8,normal,seed19,283,46463.8606060606
hpmcounter8,normal,seed19,284,46459.87272727273
hpmcounter8,normal,seed19,285,46452.82424242424
hpmcounter8,normal,seed19,286,46447.86666666667
hpmcounter8,normal,seed19,287,46441.72727272727
hpmcounter8,normal,seed19,288,46438.2
hpmcounter8,normal,seed19,289,46428.20606060606
hpmcounter8,normal,seed19,290,46422.56363636364
hpmcounter8,normal,seed19,291,46421.454545454544
hpmcounter8,normal,seed19,292,46421.26666666667
hpmcounter8,normal,seed19,293,46423.09090909091
hpmcounter8,normal,seed19,294,46425.15757575758
hpmcounter8,normal,seed19,295,46427.030303030304
hpmcounter8,normal,seed19,296,46431.739393939395
hpmcounter8,normal,seed19,297,46439.448484848486
hpmcounter8,normal,seed19,298,46453.145454545454
hpmcounter8,normal,seed2,9,46518.07878787879
hpmcounter8,normal,seed2,10,46514.624242424245
hpmcounter8,normal,seed2,11,46506.09696969697
hpmcounter8,normal,seed2,12,46502.587878787876
hpmcounter8,normal,seed2,13,46492.7696969697
hpmcounter8,normal,seed2,14,46490.51515151515
hpmcounter8,normal,seed2,15,46774.545454545456
hpmcounter8,normal,seed2,16,46999.61212121212
hpmcounter8,normal,seed2,17,47155.545454545456
hpmcounter8,normal,seed2,18,47255.25454545455
hpmcounter8,normal,seed2,19,47568.34545454545
hpmcounter8,normal,seed2,20,48040.86666666667
hpmcounter8,normal,seed2,21,48314.32121212121
hpmcounter8,normal,seed2,22,48407.70303030303
hpmcounter8,normal,seed2,23,48316.15151515151
hpmcounter8,normal,seed2,24,48038.8303030303
hpmcounter8,normal,seed2,25,47917.69090909091
hpmcounter8,normal,seed2,26,47666.527272727275
hpmcounter8,normal,seed2,27,47279.1696969697
hpmcounter8,normal,seed2,28,46768.49696969697
hpmcounter8,normal,seed2,29,46472.19393939394
hpmcounter8,normal,seed2,30,46463.17575757576
hpmcounter8,normal,seed2,31,46449.79393939394
hpmcounter8,normal,seed2,32,46438.25454545455
hpmcounter8,normal,seed2,33,46439.1696969697
hpmcounter8,normal,seed2,34,46444.121212121216
hpmcounter8,normal,seed2,35,46458.25454545455
hpmcounter8,normal,seed2,36,46472.84848484849
hpmcounter8,normal,seed2,37,46489.236363636366
hpmcounter8,normal,seed2,38,46504.01212121212
hpmcounter8,normal,seed2,39,46514.04242424243
hpmcounter8,normal,seed2,40,46516.49696969697
hpmcounter8,normal,seed2,41,46521.13333333333
hpmcounter8,normal,seed2,42,46515.38787878788
hpmcounter8,normal,seed2,43,46509.93939393939
hpmcounter8,normal,seed2,44,46506.30303030303
hpmcounter8,normal,seed2,45,46497.454545454544
hpmcounter8,normal,seed2,46,46488.1696969697
hpmcounter8,normal,seed2,47,46489.18787878788
hpmcounter8,normal,seed2,48,46491.684848484845
hpmcounter8,normal,seed2,49,46501.70303030303
hpmcounter8,normal,seed2,50,46505.47878787879
hpmcounter8,normal,seed2,51,46508.09696969697
hpmcounter8,normal,seed2,52,46503.393939393936
hpmcounter8,normal,seed2,53,46501.73333333333
hpmcounter8,normal,seed2,54,46506.8303030303
hpmcounter8,normal,seed2,55,46500.32121212121
hpmcounter8,normal,seed2,56,46489.624242424245
hpmcounter8,normal,seed2,57,46479.88484848485
hpmcounter8,normal,seed2,58,46475.13333333333
hpmcounter8,normal,seed2,59,46475.393939393936
hpmcounter8,normal,seed2,60,46474.80606060606
hpmcounter8,normal,seed2,61,46472.8303030303
hpmcounter8,normal,seed2,62,46469.89696969697
hpmcounter8,normal,seed2,63,46460.21212121212
hpmcounter8,normal,seed2,64,46459.8303030303
hpmcounter8,normal,seed2,65,46462.41818181818
hpmcounter8,normal,seed2,66,46464.56363636364
hpmcounter8,normal,seed2,67,46467.09090909091
hpmcounter8,normal,seed2,68,46472.74545454545
hpmcounter8,normal,seed2,69,46483.357575757575
hpmcounter8,normal,seed2,70,46493.53939393939
hpmcounter8,normal,seed2,71,46502.71515151515
hpmcounter8,normal,seed2,72,46510.96363636364
hpmcounter8,normal,seed2,73,46509.33939393939
hpmcounter8,normal,seed2,74,46512.53333333333
hpmcounter8,normal,seed2,75,46517.33939393939
hpmcounter8,normal,seed2,76,46521.40606060606
hpmcounter8,normal,seed2,77,46524.64848484848
hpmcounter8,normal,seed2,78,46519.42424242424
hpmcounter8,normal,seed2,79,46516.8
hpmcounter8,normal,seed2,80,46509.454545454544
hpmcounter8,normal,seed2,81,46498.07272727273
hpmcounter8,normal,seed2,82,46487.030303030304
hpmcounter8,normal,seed2,83,46475.73333333333
hpmcounter8,normal,seed2,84,46466.472727272725
hpmcounter8,normal,seed2,85,46456.66060606061
hpmcounter8,normal,seed2,86,46453.509090909094
hpmcounter8,normal,seed2,87,46456.17575757576
hpmcounter8,normal,seed2,88,46455.01212121212
hpmcounter8,normal,seed2,89,46454.94545454546
hpmcounter8,normal,seed2,90,46454.93939393939
hpmcounter8,normal,seed2,91,46453.72727272727
hpmcounter8,normal,seed2,92,46456.666666666664
hpmcounter8,normal,seed2,93,46458.30909090909
hpmcounter8,normal,seed2,94,46458.04242424243
hpmcounter8,normal,seed2,95,46453.90303030303
hpmcounter8,normal,seed2,96,46452.666666666664
hpmcounter8,normal,seed2,97,46456.551515151514
hpmcounter8,normal,seed2,98,46459.75151515152
hpmcounter8,normal,seed2,99,46465.624242424245
hpmcounter8,normal,seed2,100,46470.36363636364
hpmcounter8,normal,seed2,101,46475.472727272725
hpmcounter8,normal,seed2,102,46490.4
hpmcounter8,normal,seed2,103,46498.587878787876
hpmcounter8,normal,seed2,104,46505.01818181818
hpmcounter8,normal,seed2,105,46510.38181818182
hpmcounter8,normal,seed2,106,46508.70909090909
hpmcounter8,normal,seed2,107,46506.38181818182
hpmcounter8,normal,seed2,108,46501.90909090909
hpmcounter8,normal,seed2,109,46498.69696969697
hpmcounter8,normal,seed2,110,46491.13333333333
hpmcounter8,normal,seed2,111,46476.81212121212
hpmcounter8,normal,seed2,112,46472.07878787879
hpmcounter8,normal,seed2,113,46465.2303030303
hpmcounter8,normal,seed2,114,46462.61818181818
hpmcounter8,normal,seed2,115,46466.91515151515
hpmcounter8,normal,seed2,116,46466.00606060606
hpmcounter8,normal,seed2,117,46465.2303030303
hpmcounter8,normal,seed2,118,46465.15757575758
hpmcounter8,normal,seed2,119,46468.75151515152
hpmcounter8,normal,seed2,120,46469.551515151514
hpmcounter8,normal,seed2,121,46463.53939393939
hpmcounter8,normal,seed2,122,46460.90303030303
hpmcounter8,normal,seed2,123,46463.56363636364
hpmcounter8,normal,seed2,124,46461.04242424243
hpmcounter8,normal,seed2,125,46467.44242424242
hpmcounter8,normal,seed2,126,46461.454545454544
hpmcounter8,normal,seed2,127,46457.22424242424
hpmcounter8,normal,seed2,128,46457.75151515152
hpmcounter8,normal,seed2,129,46459.490909090906
hpmcounter8,normal,seed2,130,46461.29090909091
hpmcounter8,normal,seed2,131,46458.99393939394
hpmcounter8,normal,seed2,132,46461.91515151515
hpmcounter8,normal,seed2,133,46475.145454545454
hpmcounter8,normal,seed2,134,46480.739393939395
hpmcounter8,normal,seed2,135,46487.03636363636
hpmcounter8,normal,seed2,136,46476.96363636364
hpmcounter8,normal,seed2,137,46460.8
hpmcounter8,normal,seed2,138,46452.00606060606
hpmcounter8,normal,seed2,139,46437.624242424245
hpmcounter8,normal,seed2,140,46427.32727272727
hpmcounter8,normal,seed2,141,46417.79393939394
hpmcounter8,normal,seed2,142,46417.78787878788
hpmcounter8,normal,seed2,143,46427.22424242424
hpmcounter8,normal,seed2,144,46441.84848484849
hpmcounter8,normal,seed2,145,46455.4
hpmcounter8,normal,seed2,146,46462.933333333334
hpmcounter8,normal,seed2,147,46468.53333333333
hpmcounter8,normal,seed2,148,46758.1696969697
hpmcounter8,normal,seed2,149,46982.70303030303
hpmcounter8,normal,seed2,150,47139.260606060605
hpmcounter8,normal,seed2,151,47231.84242424242
hpmcounter8,normal,seed2,152,47547.32121212121
hpmcounter8,normal,seed2,153,48023.24848484848
hpmcounter8,normal,seed2,154,48589.32121212121
hpmcounter8,normal,seed2,155,48904.757575757576
hpmcounter8,normal,seed2,156,48968.80606060606
hpmcounter8,normal,seed2,157,48785.030303030304
hpmcounter8,normal,seed2,158,48700.48484848485
hpmcounter8,normal,seed2,159,48427.58181818182
hpmcounter8,normal,seed2,160,47958.40606060606
hpmcounter8,normal,seed2,161,47302.763636363634
hpmcounter8,normal,seed2,162,46803.1393939394
hpmcounter8,normal,seed2,163,46522.763636363634
hpmcounter8,normal,seed2,164,46514.12727272727
hpmcounter8,normal,seed2,165,46499.24848484848
hpmcounter8,normal,seed2,166,46488.8
hpmcounter8,normal,seed2,167,46476.22424242424
hpmcounter8,normal,seed2,168,46468.12727272727
hpmcounter8,normal,seed2,169,46461.69696969697
hpmcounter8,normal,seed2,170,46459.32727272727
hpmcounter8,normal,seed2,171,46461.448484848486
hpmcounter8,normal,seed2,172,46462.969696969696
hpmcounter8,normal,seed2,173,46754.73333333333
hpmcounter8,normal,seed2,174,47263.82424242424
hpmcounter8,normal,seed2,175,47926.26666666667
hpmcounter8,normal,seed2,176,48404.606060606064
hpmcounter8,normal,seed2,177,48692.684848484845
hpmcounter8,normal,seed2,178,48788.69696969697
hpmcounter8,normal,seed2,179,48696.07878787879
hpmcounter8,normal,seed2,180,48417.86666666667
hpmcounter8,normal,seed2,181,47948.509090909094
hpmcounter8,normal,seed2,182,47286.25454545455
hpmcounter8,normal,seed2,183,46784.218181818185
hpmcounter8,normal,seed2,184,46505.8606060606
hpmcounter8,normal,seed2,185,46501.03636363636
hpmcounter8,normal,seed2,186,46497.606060606064
hpmcounter8,normal,seed2,187,46491.739393939395
hpmcounter8,normal,seed2,188,46487.684848484845
hpmcounter8,normal,seed2,189,46480.48484848485
hpmcounter8,normal,seed2,190,46475.933333333334
hpmcounter8,normal,seed2,191,46473.69090909091
hpmcounter8,normal,seed2,192,46473.163636363635
hpmcounter8,normal,seed2,193,46470.236363636366
hpmcounter8,normal,seed2,194,46476.15151515151
hpmcounter8,normal,seed2,195,46476.22424242424
hpmcounter8,normal,seed2,196,46478.43636363636
hpmcounter8,normal,seed2,197,46481.94545454546
hpmcounter8,normal,seed2,198,46482.2
hpmcounter8,normal,seed2,199,46479.642424242425
hpmcounter8,normal,seed2,200,46476.87272727273
hpmcounter8,normal,seed2,201,46477.527272727275
hpmcounter8,normal,seed2,202,46474.41818181818
hpmcounter8,normal,seed2,203,46471.6303030303
hpmcounter8,normal,seed2,204,46466.18787878788
hpmcounter8,normal,seed2,205,46462.03636363636
hpmcounter8,normal,seed2,206,46465.09090909091
hpmcounter8,normal,seed2,207,46471.236363636366
hpmcounter8,normal,seed2,208,46468.89696969697
hpmcounter8,normal,seed2,209,46474.472727272725
hpmcounter8,normal,seed2,210,46476.53939393939
hpmcounter8,normal,seed2,211,46472.98181818182
hpmcounter8,normal,seed2,212,46463.684848484845
hpmcounter8,normal,seed2,213,46460.56363636364
hpmcounter8,normal,seed2,214,46457.066666666666
hpmcounter8,normal,seed2,215,46452.53939393939
hpmcounter8,normal,seed2,216,46452.53333333333
hpmcounter8,normal,seed2,217,46453.98181818182
hpmcounter8,normal,seed2,218,46450.490909090906
hpmcounter8,normal,seed2,219,46461.763636363634
hpmcounter8,normal,seed2,220,46470.03636363636
hpmcounter8,normal,seed2,221,46477.00606060606
hpmcounter8,normal,seed2,222,46481.64848484848
hpmcounter8,normal,seed2,223,46487.07272727273
hpmcounter8,normal,seed2,224,46489.56363636364
hpmcounter8,normal,seed2,225,46485.77575757576
hpmcounter8,normal,seed2,226,46476.22424242424
hpmcounter8,normal,seed2,227,46466.07272727273
hpmcounter8,normal,seed2,228,46460.01818181818
hpmcounter8,normal,seed2,229,46461.66060606061
hpmcounter8,normal,seed2,230,46460.87272727273
hpmcounter8,normal,seed2,231,46467.38787878788
hpmcounter8,normal,seed2,232,46479.28484848485
hpmcounter8,normal,seed2,233,46493.79393939394
hpmcounter8,normal,seed2,234,46502.61818181818
hpmcounter8,normal,seed2,235,46503.4
hpmcounter8,normal,seed2,236,46497.236363636366
hpmcounter8,normal,seed2,237,46487.587878787876
hpmcounter8,normal,seed2,238,46485.666666666664
hpmcounter8,normal,seed2,239,46481.89090909091
hpmcounter8,normal,seed2,240,46476.95757575757
hpmcounter8,normal,seed2,241,46477.818181818184
hpmcounter8,normal,seed2,242,46482.77575757576
hpmcounter8,normal,seed2,243,46490.569696969695
hpmcounter8,normal,seed2,244,46497.393939393936
hpmcounter8,normal,seed2,245,46501.89090909091
hpmcounter8,normal,seed2,246,46501.38181818182
hpmcounter8,normal,seed2,247,46495.10909090909
hpmcounter8,normal,seed2,248,46482.79393939394
hpmcounter8,normal,seed2,249,46469.03636363636
hpmcounter8,normal,seed2,250,46455.81212121212
hpmcounter8,normal,seed2,251,46446.92121212121
hpmcounter8,normal,seed2,252,46444.98181818182
hpmcounter8,normal,seed2,253,46448.53333333333
hpmcounter8,normal,seed2,254,46459.448484848486
hpmcounter8,normal,seed2,255,46470.048484848485
hpmcounter8,normal,seed2,256,46482.8303030303
hpmcounter8,normal,seed2,257,46493.448484848486
hpmcounter8,normal,seed2,258,46498.53939393939
hpmcounter8,normal,seed2,259,46502.81212121212
hpmcounter8,normal,seed2,260,46506.65454545455
hpmcounter8,normal,seed2,261,46506.393939393936
hpmcounter8,normal,seed2,262,46504.1393939394
hpmcounter8,normal,seed2,263,46500.41818181818
hpmcounter8,normal,seed2,264,46504.24848484848
hpmcounter8,normal,seed2,265,46503.55757575758
hpmcounter8,normal,seed2,266,46503.09696969697
hpmcounter8,normal,seed2,267,46501.6303030303
hpmcounter8,normal,seed2,268,46497.218181818185
hpmcounter8,normal,seed2,269,46487.47878787879
hpmcounter8,normal,seed2,270,46475.09090909091
hpmcounter8,normal,seed2,271,46465.46666666667
hpmcounter8,normal,seed2,272,46455.38181818182
hpmcounter8,normal,seed2,273,46442.393939393936
hpmcounter8,normal,seed2,274,46434.25454545455
hpmcounter8,normal,seed2,275,46432.951515151515
hpmcounter8,normal,seed2,276,46434.490909090906
hpmcounter8,normal,seed2,277,46442.65454545455
hpmcounter8,normal,seed2,278,46446.30303030303
hpmcounter8,normal,seed2,279,46449.09090909091
hpmcounter8,normal,seed2,280,46452.3696969697
hpmcounter8,normal,seed2,281,46456.09090909091
hpmcounter8,normal,seed2,282,46462.84242424242
hpmcounter8,normal,seed2,283,46459.34545454545
hpmcounter8,normal,seed2,284,46456.666666666664
hpmcounter8,normal,seed2,285,46462.66060606061
hpmcounter8,normal,seed2,286,46468.42424242424
hpmcounter8,normal,seed2,287,46479.260606060605
hpmcounter8,normal,seed2,288,46480.260606060605
hpmcounter8,normal,seed2,289,46482.24848484848
hpmcounter8,normal,seed2,290,46480.82424242424
hpmcounter8,normal,seed2,291,46479.67878787879
hpmcounter8,normal,seed2,292,46489.57575757576
hpmcounter8,normal,seed2,293,46489.52121212121
hpmcounter8,normal,seed2,294,46484.121212121216
hpmcounter8,normal,seed2,295,46479.606060606064
hpmcounter8,normal,seed2,296,46475.69090909091
hpmcounter8,normal,seed2,297,46474.93939393939
hpmcounter8,normal,seed2,298,46471.030303030304
hpmcounter8,normal,seed20,9,49546.41818181818
hpmcounter8,normal,seed20,10,49525.218181818185
hpmcounter8,normal,seed20,11,49214.51515151515
hpmcounter8,normal,seed20,12,48769.07878787879
hpmcounter8,normal,seed20,13,48241.357575757575
hpmcounter8,normal,seed20,14,47691.66060606061
hpmcounter8,normal,seed20,15,47180.98181818182
hpmcounter8,normal,seed20,16,46765.781818181815
hpmcounter8,normal,seed20,17,46520.09696969697
hpmcounter8,normal,seed20,18,46521.82424242424
hpmcounter8,normal,seed20,19,46511.490909090906
hpmcounter8,normal,seed20,20,46505.10303030303
hpmcounter8,normal,seed20,21,46501.03636363636
hpmcounter8,normal,seed20,22,46492.606060606064
hpmcounter8,normal,seed20,23,46484.43636363636
hpmcounter8,normal,seed20,24,46486.315151515155
hpmcounter8,normal,seed20,25,46486.35151515152
hpmcounter8,normal,seed20,26,46485.95757575757
hpmcounter8,normal,seed20,27,46482.412121212124
hpmcounter8,normal,seed20,28,46481.69090909091
hpmcounter8,normal,seed20,29,46475.33939393939
hpmcounter8,normal,seed20,30,46470.96363636364
hpmcounter8,normal,seed20,31,46469.430303030305
hpmcounter8,normal,seed20,32,46463.509090909094
hpmcounter8,normal,seed20,33,46464.55757575758
hpmcounter8,normal,seed20,34,46476.8303030303
hpmcounter8,normal,seed20,35,46483.29696969697
hpmcounter8,normal,seed20,36,46487.8606060606
hpmcounter8,normal,seed20,37,46495.430303030305
hpmcounter8,normal,seed20,38,46502.163636363635
hpmcounter8,normal,seed20,39,46506.278787878786
hpmcounter8,normal,seed20,40,46510.42424242424
hpmcounter8,normal,seed20,41,46506.90303030303
hpmcounter8,normal,seed20,42,46501.2303030303
hpmcounter8,normal,seed20,43,46499.46666666667
hpmcounter8,normal,seed20,44,46503.89696969697
hpmcounter8,normal,seed20,45,46497.393939393936
hpmcounter8,normal,seed20,46,46773.92121212121
hpmcounter8,normal,seed20,47,47266.29090909091
hpmcounter8,normal,seed20,48,47922.878787878784
hpmcounter8,normal,seed20,49,48681.48484848485
hpmcounter8,normal,seed20,50,49188.99393939394
hpmcounter8,normal,seed20,51,49438.07878787879
hpmcounter8,normal,seed20,52,49436.375757575755
hpmcounter8,normal,seed20,53,49177.44242424242
hpmcounter8,normal,seed20,54,48675.75151515152
hpmcounter8,normal,seed20,55,47919.763636363634
hpmcounter8,normal,seed20,56,47260.42424242424
hpmcounter8,normal,seed20,57,46747.93939393939
hpmcounter8,normal,seed20,58,46459.80606060606
hpmcounter8,normal,seed20,59,46462.35151515152
hpmcounter8,normal,seed20,60,46467.28484848485
hpmcounter8,normal,seed20,61,46470.29696969697
hpmcounter8,normal,seed20,62,46472.412121212124
hpmcounter8,normal,seed20,63,46466.19393939394
hpmcounter8,normal,seed20,64,46460.70303030303
hpmcounter8,normal,seed20,65,46456.448484848486
hpmcounter8,normal,seed20,66,46454.86666666667
hpmcounter8,normal,seed20,67,46457.18787878788
hpmcounter8,normal,seed20,68,46459.2303030303
hpmcounter8,normal,seed20,69,46466.64848484848
hpmcounter8,normal,seed20,70,46476.606060606064
hpmcounter8,normal,seed20,71,46481.024242424246
hpmcounter8,normal,seed20,72,46487.278787878786
hpmcounter8,normal,seed20,73,46492.84242424242
hpmcounter8,normal,seed20,74,46498.6303030303
hpmcounter8,normal,seed20,75,46500.472727272725
hpmcounter8,normal,seed20,76,46501.47878787879
hpmcounter8,normal,seed20,77,46503.739393939395
hpmcounter8,normal,seed20,78,46507.22424242424
hpmcounter8,normal,seed20,79,46509.1393939394
hpmcounter8,normal,seed20,80,46506.03636363636
hpmcounter8,normal,seed20,81,46500.00606060606
hpmcounter8,normal,seed20,82,46493.975757575754
hpmcounter8,normal,seed20,83,46498.739393939395
hpmcounter8,normal,seed20,84,46504.87272727273
hpmcounter8,normal,seed20,85,46513.551515151514
hpmcounter8,normal,seed20,86,46532.53333333333
hpmcounter8,normal,seed20,87,46547.65454545455
hpmcounter8,normal,seed20,88,46559.412121212124
hpmcounter8,normal,seed20,89,46563.90303030303
hpmcounter8,normal,seed20,90,46560.80606060606
hpmcounter8,normal,seed20,91,46549.42424242424
hpmcounter8,normal,seed20,92,46535.92727272727
hpmcounter8,normal,seed20,93,46529.551515151514
hpmcounter8,normal,seed20,94,46517.024242424246
hpmcounter8,normal,seed20,95,46506.15151515151
hpmcounter8,normal,seed20,96,46503.55757575758
hpmcounter8,normal,seed20,97,46500.13333333333
hpmcounter8,normal,seed20,98,46497.70909090909
hpmcounter8,normal,seed20,99,46493.260606060605
hpmcounter8,normal,seed20,100,46495.38181818182
hpmcounter8,normal,seed20,101,46486.61212121212
hpmcounter8,normal,seed20,102,46485.67272727273
hpmcounter8,normal,seed20,103,46483.66060606061
hpmcounter8,normal,seed20,104,46483.684848484845
hpmcounter8,normal,seed20,105,46475.59393939394
hpmcounter8,normal,seed20,106,46473.26666666667
hpmcounter8,normal,seed20,107,46470.25454545455
hpmcounter8,normal,seed20,108,46467.218181818185
hpmcounter8,normal,seed20,109,46470.22424242424
hpmcounter8,normal,seed20,110,46475.8606060606
hpmcounter8,normal,seed20,111,46471.77575757576
hpmcounter8,normal,seed20,112,46467.29090909091
hpmcounter8,normal,seed20,113,46459.28484848485
hpmcounter8,normal,seed20,114,46460.80606060606
hpmcounter8,normal,seed20,115,46451.22424242424
hpmcounter8,normal,seed20,116,46445.50303030303
hpmcounter8,normal,seed20,117,46443.666666666664
hpmcounter8,normal,seed20,118,46442.333333333336
hpmcounter8,normal,seed20,119,46451.88484848485
hpmcounter8,normal,seed20,120,46461.357575757575
hpmcounter8,normal,seed20,121,46470.509090909094
hpmcounter8,normal,seed20,122,46471.066666666666
hpmcounter8,normal,seed20,123,46469.27272727273
hpmcounter8,normal,seed20,124,46470.19393939394
hpmcounter8,normal,seed20,125,46469.17575757576
hpmcounter8,normal,seed20,126,46464.472727272725
hpmcounter8,normal,seed20,127,46741.412121212124
hpmcounter8,normal,seed20,128,46956.448484848486
hpmcounter8,normal,seed20,129,47118.739393939395
hpmcounter8,normal,seed20,130,47215.1393939394
hpmcounter8,normal,seed20,131,47251.58181818182
hpmcounter8,normal,seed20,132,47221.61212121212
hpmcounter8,normal,seed20,133,47130.757575757576
hpmcounter8,normal,seed20,134,46976.969696969696
hpmcounter8,normal,seed20,135,46757.836363636365
hpmcounter8,normal,seed20,136,46479.430303030305
hpmcounter8,normal,seed20,137,46481.38181818182
hpmcounter8,normal,seed20,138,46481.92727272727
hpmcounter8,normal,seed20,139,46486.490909090906
hpmcounter8,normal,seed20,140,46487.09696969697
hpmcounter8,normal,seed20,141,46491.666666666664
hpmcounter8,normal,seed20,142,46497.969696969696
hpmcounter8,normal,seed20,143,46504.27272727273
hpmcounter8,normal,seed20,144,46510.86666666667
hpmcounter8,normal,seed20,145,46515.98787878788
hpmcounter8,normal,seed20,146,46516.42424242424
hpmcounter8,normal,seed20,147,46513.527272727275
hpmcounter8,normal,seed20,148,46509.53333333333
hpmcounter8,normal,seed20,149,46500.09090909091
hpmcounter8,normal,seed20,150,46485.11515151515
hpmcounter8,normal,seed20,151,46473.61212121212
hpmcounter8,normal,seed20,152,46466.53939393939
hpmcounter8,normal,seed20,153,46463.42424242424
hpmcounter8,normal,seed20,154,46463.91515151515
hpmcounter8,normal,seed20,155,46474.163636363635
hpmcounter8,normal,seed20,156,46483.6303030303
hpmcounter8,normal,seed20,157,46493.606060606064
hpmcounter8,normal,seed20,158,46500.05454545454
hpmcounter8,normal,seed20,159,46501.242424242424
hpmcounter8,normal,seed20,160,46499.59393939394
hpmcounter8,normal,seed20,161,46499.73333333333
hpmcounter8,normal,seed20,162,46500.357575757575
hpmcounter8,normal,seed20,163,46496.333333333336
hpmcounter8,normal,seed20,164,46490.781818181815
hpmcounter8,normal,seed20,165,46490.12727272727
hpmcounter8,normal,seed20,166,46492.91515151515
hpmcounter8,normal,seed20,167,46494.454545454544
hpmcounter8,normal,seed20,168,46488.92121212121
hpmcounter8,normal,seed20,169,46484.066666666666
hpmcounter8,normal,seed20,170,46480.40606060606
hpmcounter8,normal,seed20,171,46481.65454545455
hpmcounter8,normal,seed20,172,46484.38181818182
hpmcounter8,normal,seed20,173,46479.09696969697
hpmcounter8,normal,seed20,174,46470.606060606064
hpmcounter8,normal,seed20,175,46465.73333333333
hpmcounter8,normal,seed20,176,46467.412121212124
hpmcounter8,normal,seed20,177,46466.67878787879
hpmcounter8,normal,seed20,178,46461.63636363636
hpmcounter8,normal,seed20,179,46464.69090909091
hpmcounter8,normal,seed20,180,46473.2
hpmcounter8,normal,seed20,181,46478.242424242424
hpmcounter8,normal,seed20,182,46480.36363636364
hpmcounter8,normal,seed20,183,46476.27272727273
hpmcounter8,normal,seed20,184,46470.33939393939
hpmcounter8,normal,seed20,185,46462.92727272727
hpmcounter8,normal,seed20,186,46456.048484848485
hpmcounter8,normal,seed20,187,46452.55757575758
hpmcounter8,normal,seed20,188,46447.04242424243
hpmcounter8,normal,seed20,189,46447.375757575755
hpmcounter8,normal,seed20,190,46450.92727272727
hpmcounter8,normal,seed20,191,46452.64848484848
hpmcounter8,normal,seed20,192,46450.65454545455
hpmcounter8,normal,seed20,193,46448.79393939394
hpmcounter8,normal,seed20,194,46448.87272727273
hpmcounter8,normal,seed20,195,46445.50303030303
hpmcounter8,normal,seed20,196,46437.90303030303
hpmcounter8,normal,seed20,197,46438.21212121212
hpmcounter8,normal,seed20,198,46446.93939393939
hpmcounter8,normal,seed20,199,46453.1393939394
hpmcounter8,normal,seed20,200,46459.46060606061
hpmcounter8,normal,seed20,201,46475.12727272727
hpmcounter8,normal,seed20,202,46490.17575757576
hpmcounter8,normal,seed20,203,46502.74545454545
hpmcounter8,normal,seed20,204,46514.6
hpmcounter8,normal,seed20,205,46520.49696969697
hpmcounter8,normal,seed20,206,46519.315151515155
hpmcounter8,normal,seed20,207,46516.024242424246
hpmcounter8,normal,seed20,208,46515.63636363636
hpmcounter8,normal,seed20,209,46511.78787878788
hpmcounter8,normal,seed20,210,46508.357575757575
hpmcounter8,normal,seed20,211,46507.472727272725
hpmcounter8,normal,seed20,212,46506.163636363635
hpmcounter8,normal,seed20,213,46501.90303030303
hpmcounter8,normal,seed20,214,46495.278787878786
hpmcounter8,normal,seed20,215,46490.25454545455
hpmcounter8,normal,seed20,216,46488.163636363635
hpmcounter8,normal,seed20,217,46489.24848484848
hpmcounter8,normal,seed20,218,46487.218181818185
hpmcounter8,normal,seed20,219,46492.04242424243
hpmcounter8,normal,seed20,220,46497.53333333333
hpmcounter8,normal,seed20,221,46499.64848484848
hpmcounter8,normal,seed20,222,46502.28484848485
hpmcounter8,normal,seed20,223,46780.527272727275
hpmcounter8,normal,seed20,224,46990.278787878786
hpmcounter8,normal,seed20,225,47136.4
hpmcounter8,normal,seed20,226,47225.61212121212
hpmcounter8,normal,seed20,227,47252.6
hpmcounter8,normal,seed20,228,47218.545454545456
hpmcounter8,normal,seed20,229,47128.59393939394
hpmcounter8,normal,seed20,230,46973.606060606064
hpmcounter8,normal,seed20,231,46754.763636363634
hpmcounter8,normal,seed20,232,46479.1696969697
hpmcounter8,normal,seed20,233,46483.93939393939
hpmcounter8,normal,seed20,234,46484.01818181818
hpmcounter8,normal,seed20,235,46482.05454545454
hpmcounter8,normal,seed20,236,46480.87272727273
hpmcounter8,normal,seed20,237,46481.18787878788
hpmcounter8,normal,seed20,238,46484.05454545454
hpmcounter8,normal,seed20,239,46483.00606060606
hpmcounter8,normal,seed20,240,46483.3696969697
hpmcounter8,normal,seed20,241,46480.46666666667
hpmcounter8,normal,seed20,242,46479.01212121212
hpmcounter8,normal,seed20,243,46477.38787878788
hpmcounter8,normal,seed20,244,46475.46666666667
hpmcounter8,normal,seed20,245,46478.58181818182
hpmcounter8,normal,seed20,246,46477.8606060606
hpmcounter8,normal,seed20,247,46482.181818181816
hpmcounter8,normal,seed20,248,46482.951515151515
hpmcounter8,normal,seed20,249,46482.56363636364
hpmcounter8,normal,seed20,250,46489.66060606061
hpmcounter8,normal,seed20,251,46491.333333333336
hpmcounter8,normal,seed20,252,46493.67878787879
hpmcounter8,normal,seed20,253,46777.61212121212
hpmcounter8,normal,seed20,254,47276.04242424243
hpmcounter8,normal,seed20,255,47937.56363636364
hpmcounter8,normal,seed20,256,48692.79393939394
hpmcounter8,normal,seed20,257,49197.430303030305
hpmcounter8,normal,seed20,258,49437.57575757576
hpmcounter8,normal,seed20,259,49432.333333333336
hpmcounter8,normal,seed20,260,49464.92727272727
hpmcounter8,normal,seed20,261,49464.74545454545
hpmcounter8,normal,seed20,262,49086.587878787876
hpmcounter8,normal,seed20,263,48682.72727272727
hpmcounter8,normal,seed20,264,48299.218181818185
hpmcounter8,normal,seed20,265,48017.10909090909
hpmcounter8,normal,seed20,266,47893.030303030304
hpmcounter8,normal,seed20,267,47642.69090909091
hpmcounter8,normal,seed20,268,47260.763636363634
hpmcounter8,normal,seed20,269,46757.94545454546
hpmcounter8,normal,seed20,270,46475.53939393939
hpmcounter8,normal,seed20,271,46481.81212121212
hpmcounter8,normal,seed20,272,46485.29696969697
hpmcounter8,normal,seed20,273,46493.17575757576
hpmcounter8,normal,seed20,274,46497.07878787879
hpmcounter8,normal,seed20,275,46503.18787878788
hpmcounter8,normal,seed20,276,46507.32121212121
hpmcounter8,normal,seed20,277,46502.18787878788
hpmcounter8,normal,seed20,278,46493.8303030303
hpmcounter8,normal,seed20,279,46485.975757575754
hpmcounter8,normal,seed20,280,46475.781818181815
hpmcounter8,normal,seed20,281,46469.412121212124
hpmcounter8,normal,seed20,282,46454.28484848485
hpmcounter8,normal,seed20,283,46448.509090909094
hpmcounter8,normal,seed20,284,46451.454545454544
hpmcounter8,normal,seed20,285,46453.666666666664
hpmcounter8,normal,seed20,286,46463.28484848485
hpmcounter8,normal,seed20,287,46469.20606060606
hpmcounter8,normal,seed20,288,46477.70909090909
hpmcounter8,normal,seed20,289,46482.34545454545
hpmcounter8,normal,seed20,290,46491.763636363634
hpmcounter8,normal,seed20,291,46502.545454545456
hpmcounter8,normal,seed20,292,46502.509090909094
hpmcounter8,normal,seed20,293,46500.00606060606
hpmcounter8,normal,seed20,294,46499.32121212121
hpmcounter8,normal,seed20,295,46493.569696969695
hpmcounter8,normal,seed20,296,46489.551515151514
hpmcounter8,normal,seed20,297,46484.57575757576
hpmcounter8,normal,seed20,298,46483.88484848485
hpmcounter8,normal,seed3,9,46512.024242424246
hpmcounter8,normal,seed3,10,46509.99393939394
hpmcounter8,normal,seed3,11,46506.70909090909
hpmcounter8,normal,seed3,12,46507.757575757576
hpmcounter8,normal,seed3,13,46498.66060606061
hpmcounter8,normal,seed3,14,46494.20606060606
hpmcounter8,normal,seed3,15,46490.89090909091
hpmcounter8,normal,seed3,16,46494.975757575754
hpmcounter8,normal,seed3,17,46498.32727272727
hpmcounter8,normal,seed3,18,46506.260606060605
hpmcounter8,normal,seed3,19,46512.92121212121
hpmcounter8,normal,seed3,20,46796.15757575758
hpmcounter8,normal,seed3,21,47012.89090909091
hpmcounter8,normal,seed3,22,47170.36363636364
hpmcounter8,normal,seed3,23,47538.46060606061
hpmcounter8,normal,seed3,24,47785.048484848485
hpmcounter8,normal,seed3,25,48185.8606060606
hpmcounter8,normal,seed3,26,48392.98787878788
hpmcounter8,normal,seed3,27,48417.17575757576
hpmcounter8,normal,seed3,28,48256.24848484848
hpmcounter8,normal,seed3,29,47915.15151515151
hpmcounter8,normal,seed3,30,47730.8606060606
hpmcounter8,normal,seed3,31,47421.781818181815
hpmcounter8,normal,seed3,32,46994.763636363634
hpmcounter8,normal,seed3,33,46787.8
hpmcounter8,normal,seed3,34,46510.96363636364
hpmcounter8,normal,seed3,35,46512.666666666664
hpmcounter8,normal,seed3,36,46510.91515151515
hpmcounter8,normal,seed3,37,46508.28484848485
hpmcounter8,normal,seed3,38,46499.70303030303
hpmcounter8,normal,seed3,39,46497.50303030303
hpmcounter8,normal,seed3,40,46491.06060606061
hpmcounter8,normal,seed3,41,46482.2
hpmcounter8,normal,seed3,42,46475.61818181818
hpmcounter8,normal,seed3,43,46474.51515151515
hpmcounter8,normal,seed3,44,46472.551515151514
hpmcounter8,normal,seed3,45,46471.18787878788
hpmcounter8,normal,seed3,46,46473.59393939394
hpmcounter8,normal,seed3,47,46477.34545454545
hpmcounter8,normal,seed3,48,46477.024242424246
hpmcounter8,normal,seed3,49,46483.69696969697
hpmcounter8,normal,seed3,50,46482.69696969697
hpmcounter8,normal,seed3,51,46483.32727272727
hpmcounter8,normal,seed3,52,46482.818181818184
hpmcounter8,normal,seed3,53,46484.86666666667
hpmcounter8,normal,seed3,54,46487.69090909091
hpmcounter8,normal,seed3,55,46500.04242424243
hpmcounter8,normal,seed3,56,46508.32727272727
hpmcounter8,normal,seed3,57,46515.70303030303
hpmcounter8,normal,seed3,58,46526.721212121214
hpmcounter8,normal,seed3,59,46536.030303030304
hpmcounter8,normal,seed3,60,46537.836363636365
hpmcounter8,normal,seed3,61,46536.01818181818
hpmcounter8,normal,seed3,62,46533.00606060606
hpmcounter8,normal,seed3,63,46526.490909090906
hpmcounter8,normal,seed3,64,46513.315151515155
hpmcounter8,normal,seed3,65,46505.77575757576
hpmcounter8,normal,seed3,66,46496.260606060605
hpmcounter8,normal,seed3,67,46480.8303030303
hpmcounter8,normal,seed3,68,46469.975757575754
hpmcounter8,normal,seed3,69,46460.975757575754
hpmcounter8,normal,seed3,70,46453.28484848485
hpmcounter8,normal,seed3,71,46447.242424242424
hpmcounter8,normal,seed3,72,46446.13333333333
hpmcounter8,normal,seed3,73,46450.1393939394
hpmcounter8,normal,seed3,74,46456.43636363636
hpmcounter8,normal,seed3,75,46462.81212121212
hpmcounter8,normal,seed3,76,46466.587878787876
hpmcounter8,normal,seed3,77,46469.29090909091
hpmcounter8,normal,seed3,78,46471.92727272727
hpmcounter8,normal,seed3,79,46473.86666666667
hpmcounter8,normal,seed3,80,46475.430303030305
hpmcounter8,normal,seed3,81,46473.38787878788
hpmcounter8,normal,seed3,82,46471.509090909094
hpmcounter8,normal,seed3,83,46472.29090909091
hpmcounter8,normal,seed3,84,46476.836363636365
hpmcounter8,normal,seed3,85,46480.242424242424
hpmcounter8,normal,seed3,86,46482.72727272727
hpmcounter8,normal,seed3,87,46481.933333333334
hpmcounter8,normal,seed3,88,46479.4
hpmcounter8,normal,seed3,89,46484.181818181816
hpmcounter8,normal,seed3,90,46487.8606060606
hpmcounter8,normal,seed3,91,46487.55757575758
hpmcounter8,normal,seed3,92,46485.49696969697
hpmcounter8,normal,seed3,93,46477.236363636366
hpmcounter8,normal,seed3,94,46460.66060606061
hpmcounter8,normal,seed3,95,46444.8303030303
hpmcounter8,normal,seed3,96,46437.63636363636
hpmcounter8,normal,seed3,97,46429.448484848486
hpmcounter8,normal,seed3,98,46424.90909090909
hpmcounter8,normal,seed3,99,46433.181818181816
hpmcounter8,normal,seed3,100,46437.10303030303
hpmcounter8,normal,seed3,101,46445.818181818184
hpmcounter8,normal,seed3,102,46456.4
hpmcounter8,normal,seed3,103,46465.52121212121
hpmcounter8,normal,seed3,104,46468.024242424246
hpmcounter8,normal,seed3,105,46475.98181818182
hpmcounter8,normal,seed3,106,46483.89696969697
hpmcounter8,normal,seed3,107,46498.40606060606
hpmcounter8,normal,seed3,108,46508.357575757575
hpmcounter8,normal,seed3,109,46517.545454545456
hpmcounter8,normal,seed3,110,46521.17575757576
hpmcounter8,normal,seed3,111,46520.721212121214
hpmcounter8,normal,seed3,112,46520.44242424242
hpmcounter8,normal,seed3,113,46513.7696969697
hpmcounter8,normal,seed3,114,46508.44242424242
hpmcounter8,normal,seed3,115,46508.18787878788
hpmcounter8,normal,seed3,116,46496.49696969697
hpmcounter8,normal,seed3,117,46492.46666666667
hpmcounter8,normal,seed3,118,46479.84848484849
hpmcounter8,normal,seed3,119,46459.49696969697
hpmcounter8,normal,seed3,120,46445.357575757575
hpmcounter8,normal,seed3,121,46435.10303030303
hpmcounter8,normal,seed3,122,46432.121212121216
hpmcounter8,normal,seed3,123,46429.8303030303
hpmcounter8,normal,seed3,124,46431.509090909094
hpmcounter8,normal,seed3,125,46442.624242424245
hpmcounter8,normal,seed3,126,46449.99393939394
hpmcounter8,normal,seed3,127,46457.20606060606
hpmcounter8,normal,seed3,128,46459.53939393939
hpmcounter8,normal,seed3,129,46455.0
hpmcounter8,normal,seed3,130,46447.2303030303
hpmcounter8,normal,seed3,131,46445.30909090909
hpmcounter8,normal,seed3,132,46730.472727272725
hpmcounter8,normal,seed3,133,46963.43636363636
hpmcounter8,normal,seed3,134,47132.278787878786
hpmcounter8,normal,seed3,135,47236.90909090909
hpmcounter8,normal,seed3,136,47285.951515151515
hpmcounter8,normal,seed3,137,47549.8606060606
hpmcounter8,normal,seed3,138,47688.12727272727
hpmcounter8,normal,seed3,139,47694.50303030303
hpmcounter8,normal,seed3,140,47558.509090909094
hpmcounter8,normal,seed3,141,47293.242424242424
hpmcounter8,normal,seed3,142,47246.30303030303
hpmcounter8,normal,seed3,143,47141.32121212121
hpmcounter8,normal,seed3,144,46972.52121212121
hpmcounter8,normal,seed3,145,46741.030303030304
hpmcounter8,normal,seed3,146,46454.454545454544
hpmcounter8,normal,seed3,147,46450.048484848485
hpmcounter8,normal,seed3,148,46453.412121212124
hpmcounter8,normal,seed3,149,46457.739393939395
hpmcounter8,normal,seed3,150,46459.0
hpmcounter8,normal,seed3,151,46459.70909090909
hpmcounter8,normal,seed3,152,46464.59393939394
hpmcounter8,normal,seed3,153,46467.15151515151
hpmcounter8,normal,seed3,154,46462.09090909091
hpmcounter8,normal,seed3,155,46459.46060606061
hpmcounter8,normal,seed3,156,46462.10303030303
hpmcounter8,normal,seed3,157,46463.35151515152
hpmcounter8,normal,seed3,158,46468.84848484849
hpmcounter8,normal,seed3,159,46477.15151515151
hpmcounter8,normal,seed3,160,46486.181818181816
hpmcounter8,normal,seed3,161,46499.684848484845
hpmcounter8,normal,seed3,162,46519.56363636364
hpmcounter8,normal,seed3,163,46531.95757575757
hpmcounter8,normal,seed3,164,46535.33939393939
hpmcounter8,normal,seed3,165,46535.878787878784
hpmcounter8,normal,seed3,166,46529.96363636364
hpmcounter8,normal,seed3,167,46514.46666666667
hpmcounter8,normal,seed3,168,46503.63636363636
hpmcounter8,normal,seed3,169,46492.1393939394
hpmcounter8,normal,seed3,170,46485.509090909094
hpmcounter8,normal,seed3,171,46481.74545454545
hpmcounter8,normal,seed3,172,46485.545454545456
hpmcounter8,normal,seed3,173,46480.77575757576
hpmcounter8,normal,seed3,174,46482.121212121216
hpmcounter8,normal,seed3,175,46487.624242424245
hpmcounter8,normal,seed3,176,46483.472727272725
hpmcounter8,normal,seed3,177,46478.30909090909
hpmcounter8,normal,seed3,178,46475.606060606064
hpmcounter8,normal,seed3,179,46461.07272727273
hpmcounter8,normal,seed3,180,46460.969696969696
hpmcounter8,normal,seed3,181,46463.92121212121
hpmcounter8,normal,seed3,182,46467.53333333333
hpmcounter8,normal,seed3,183,46465.72727272727
hpmcounter8,normal,seed3,184,46468.67878787879
hpmcounter8,normal,seed3,185,46474.87272727273
hpmcounter8,normal,seed3,186,46475.70303030303
hpmcounter8,normal,seed3,187,46490.412121212124
hpmcounter8,normal,seed3,188,46502.29090909091
hpmcounter8,normal,seed3,189,46497.42424242424
hpmcounter8,normal,seed3,190,46491.65454545455
hpmcounter8,normal,seed3,191,46483.933333333334
hpmcounter8,normal,seed3,192,46472.61212121212
hpmcounter8,normal,seed3,193,46461.15757575758
hpmcounter8,normal,seed3,194,46452.393939393936
hpmcounter8,normal,seed3,195,46452.92121212121
hpmcounter8,normal,seed3,196,46452.163636363635
hpmcounter8,normal,seed3,197,46462.82424242424
hpmcounter8,normal,seed3,198,46482.90303030303
hpmcounter8,normal,seed3,199,46501.90909090909
hpmcounter8,normal,seed3,200,46512.98787878788
hpmcounter8,normal,seed3,201,46517.818181818184
hpmcounter8,normal,seed3,202,46516.181818181816
hpmcounter8,normal,seed3,203,46507.53939393939
hpmcounter8,normal,seed3,204,46496.278787878786
hpmcounter8,normal,seed3,205,46493.4
hpmcounter8,normal,seed3,206,46489.30303030303
hpmcounter8,normal,seed3,207,46475.07878787879
hpmcounter8,normal,seed3,208,46468.07272727273
hpmcounter8,normal,seed3,209,46465.32121212121
hpmcounter8,normal,seed3,210,46467.86666666667
hpmcounter8,normal,seed3,211,46474.11515151515
hpmcounter8,normal,seed3,212,46474.333333333336
hpmcounter8,normal,seed3,213,46470.951515151515
hpmcounter8,normal,seed3,214,46467.684848484845
hpmcounter8,normal,seed3,215,46464.763636363634
hpmcounter8,normal,seed3,216,46471.1393939394
hpmcounter8,normal,seed3,217,46472.260606060605
hpmcounter8,normal,seed3,218,46470.0
hpmcounter8,normal,seed3,219,46464.26666666667
hpmcounter8,normal,seed3,220,46458.375757575755
hpmcounter8,normal,seed3,221,46459.48484848485
hpmcounter8,normal,seed3,222,46452.35151515152
hpmcounter8,normal,seed3,223,46444.333333333336
hpmcounter8,normal,seed3,224,46448.393939393936
hpmcounter8,normal,seed3,225,46448.09090909091
hpmcounter8,normal,seed3,226,46455.739393939395
hpmcounter8,normal,seed3,227,46463.44242424242
hpmcounter8,normal,seed3,228,46468.70909090909
hpmcounter8,normal,seed3,229,46472.448484848486
hpmcounter8,normal,seed3,230,46468.67272727273
hpmcounter8,normal,seed3,231,46465.89696969697
hpmcounter8,normal,seed3,232,46460.56363636364
hpmcounter8,normal,seed3,233,46447.7696969697
hpmcounter8,normal,seed3,234,46439.260606060605
hpmcounter8,normal,seed3,235,46430.03636363636
hpmcounter8,normal,seed3,236,46424.70909090909
hpmcounter8,normal,seed3,237,46422.15151515151
hpmcounter8,normal,seed3,238,46420.721212121214
hpmcounter8,normal,seed3,239,46417.87272727273
hpmcounter8,normal,seed3,240,46420.24848484848
hpmcounter8,normal,seed3,241,46424.163636363635
hpmcounter8,normal,seed3,242,46432.28484848485
hpmcounter8,normal,seed3,243,46433.92727272727
hpmcounter8,normal,seed3,244,46434.58181818182
hpmcounter8,normal,seed3,245,46436.28484848485
hpmcounter8,normal,seed3,246,46435.09090909091
hpmcounter8,normal,seed3,247,46440.25454545455
hpmcounter8,normal,seed3,248,46445.95757575757
hpmcounter8,normal,seed3,249,46455.393939393936
hpmcounter8,normal,seed3,250,46467.03636363636
hpmcounter8,normal,seed3,251,46478.969696969696
hpmcounter8,normal,seed3,252,46485.34545454545
hpmcounter8,normal,seed3,253,46484.8303030303
hpmcounter8,normal,seed3,254,46484.03636363636
hpmcounter8,normal,seed3,255,46484.69090909091
hpmcounter8,normal,seed3,256,46478.92121212121
hpmcounter8,normal,seed3,257,46471.35151515152
hpmcounter8,normal,seed3,258,46454.34545454545
hpmcounter8,normal,seed3,259,46449.77575757576
hpmcounter8,normal,seed3,260,46447.278787878786
hpmcounter8,normal,seed3,261,46447.58181818182
hpmcounter8,normal,seed3,262,46441.56363636364
hpmcounter8,normal,seed3,263,46439.18787878788
hpmcounter8,normal,seed3,264,46444.0
hpmcounter8,normal,seed3,265,46457.88484848485
hpmcounter8,normal,seed3,266,46469.32727272727
hpmcounter8,normal,seed3,267,46479.642424242425
hpmcounter8,normal,seed3,268,46481.32727272727
hpmcounter8,normal,seed3,269,46485.57575757576
hpmcounter8,normal,seed3,270,46489.56363636364
hpmcounter8,normal,seed3,271,46485.12727272727
hpmcounter8,normal,seed3,272,46472.86666666667
hpmcounter8,normal,seed3,273,46460.53333333333
hpmcounter8,normal,seed3,274,46454.430303030305
hpmcounter8,normal,seed3,275,46454.05454545454
hpmcounter8,normal,seed3,276,46454.09090909091
hpmcounter8,normal,seed3,277,46460.58181818182
hpmcounter8,normal,seed3,278,46467.20606060606
hpmcounter8,normal,seed3,279,46471.333333333336
hpmcounter8,normal,seed3,280,46481.739393939395
hpmcounter8,normal,seed3,281,46480.12727272727
hpmcounter8,normal,seed3,282,46479.17575757576
hpmcounter8,normal,seed3,283,46478.58181818182
hpmcounter8,normal,seed3,284,46483.03636363636
hpmcounter8,normal,seed3,285,46480.64848484848
hpmcounter8,normal,seed3,286,46480.89090909091
hpmcounter8,normal,seed3,287,46478.10909090909
hpmcounter8,normal,seed3,288,46478.34545454545
hpmcounter8,normal,seed3,289,46480.67878787879
hpmcounter8,normal,seed3,290,46487.975757575754
hpmcounter8,normal,seed3,291,46484.80606060606
hpmcounter8,normal,seed3,292,46485.46666666667
hpmcounter8,normal,seed3,293,46486.18787878788
hpmcounter8,normal,seed3,294,46767.77575757576
hpmcounter8,normal,seed3,295,46980.454545454544
hpmcounter8,normal,seed3,296,47132.606060606064
hpmcounter8,normal,seed3,297,47215.34545454545
hpmcounter8,normal,seed3,298,47234.34545454545
hpmcounter8,normal,seed4,9,46499.030303030304
hpmcounter8,normal,seed4,10,46491.260606060605
hpmcounter8,normal,seed4,11,46487.10909090909
hpmcounter8,normal,seed4,12,46490.448484848486
hpmcounter8,normal,seed4,13,46487.17575757576
hpmcounter8,normal,seed4,14,46486.89090909091
hpmcounter8,normal,seed4,15,46487.278787878786
hpmcounter8,normal,seed4,16,46486.78787878788
hpmcounter8,normal,seed4,17,46483.763636363634
hpmcounter8,normal,seed4,18,46491.1393939394
hpmcounter8,normal,seed4,19,46498.181818181816
hpmcounter8,normal,seed4,20,46502.781818181815
hpmcounter8,normal,seed4,21,46503.527272727275
hpmcounter8,normal,seed4,22,46507.73333333333
hpmcounter8,normal,seed4,23,46508.721212121214
hpmcounter8,normal,seed4,24,46511.59393939394
hpmcounter8,normal,seed4,25,46507.50303030303
hpmcounter8,normal,seed4,26,46495.066666666666
hpmcounter8,normal,seed4,27,46481.048484848485
hpmcounter8,normal,seed4,28,46469.278787878786
hpmcounter8,normal,seed4,29,46467.7696969697
hpmcounter8,normal,seed4,30,46473.48484848485
hpmcounter8,normal,seed4,31,46478.163636363635
hpmcounter8,normal,seed4,32,46478.59393939394
hpmcounter8,normal,seed4,33,46481.92121212121
hpmcounter8,normal,seed4,34,46488.721212121214
hpmcounter8,normal,seed4,35,46488.70909090909
hpmcounter8,normal,seed4,36,46484.721212121214
hpmcounter8,normal,seed4,37,46479.46060606061
hpmcounter8,normal,seed4,38,46471.218181818185
hpmcounter8,normal,seed4,39,46465.163636363635
hpmcounter8,normal,seed4,40,46469.490909090906
hpmcounter8,normal,seed4,41,46477.048484848485
hpmcounter8,normal,seed4,42,46483.121212121216
hpmcounter8,normal,seed4,43,46491.71515151515
hpmcounter8,normal,seed4,44,46496.46666666667
hpmcounter8,normal,seed4,45,46496.145454545454
hpmcounter8,normal,seed4,46,46498.48484848485
hpmcounter8,normal,seed4,47,46503.24848484848
hpmcounter8,normal,seed4,48,46506.67272727273
hpmcounter8,normal,seed4,49,46503.448484848486
hpmcounter8,normal,seed4,50,46502.69696969697
hpmcounter8,normal,seed4,51,46504.91515151515
hpmcounter8,normal,seed4,52,46506.53333333333
hpmcounter8,normal,seed4,53,46508.357575757575
hpmcounter8,normal,seed4,54,46501.72727272727
hpmcounter8,normal,seed4,55,46497.2303030303
hpmcounter8,normal,seed4,56,46494.30303030303
hpmcounter8,normal,seed4,57,46497.551515151514
hpmcounter8,normal,seed4,58,46504.22424242424
hpmcounter8,normal,seed4,59,46505.08484848485
hpmcounter8,normal,seed4,60,46507.951515151515
hpmcounter8,normal,seed4,61,46513.49696969697
hpmcounter8,normal,seed4,62,46514.50303030303
hpmcounter8,normal,seed4,63,46512.684848484845
hpmcounter8,normal,seed4,64,46510.69090909091
hpmcounter8,normal,seed4,65,46506.95757575757
hpmcounter8,normal,seed4,66,46497.181818181816
hpmcounter8,normal,seed4,67,46494.35151515152
hpmcounter8,normal,seed4,68,46496.46060606061
hpmcounter8,normal,seed4,69,46500.25454545455
hpmcounter8,normal,seed4,70,46497.218181818185
hpmcounter8,normal,seed4,71,46495.65454545455
hpmcounter8,normal,seed4,72,46491.836363636365
hpmcounter8,normal,seed4,73,46484.8303030303
hpmcounter8,normal,seed4,74,46482.545454545456
hpmcounter8,normal,seed4,75,46475.624242424245
hpmcounter8,normal,seed4,76,46463.163636363635
hpmcounter8,normal,seed4,77,46454.69090909091
hpmcounter8,normal,seed4,78,46453.42424242424
hpmcounter8,normal,seed4,79,46458.412121212124
hpmcounter8,normal,seed4,80,46462.121212121216
hpmcounter8,normal,seed4,81,46464.19393939394
hpmcounter8,normal,seed4,82,46472.99393939394
hpmcounter8,normal,seed4,83,46476.18787878788
hpmcounter8,normal,seed4,84,46478.854545454546
hpmcounter8,normal,seed4,85,46477.56363636364
hpmcounter8,normal,seed4,86,46475.8
hpmcounter8,normal,seed4,87,46473.27272727273
hpmcounter8,normal,seed4,88,46473.43636363636
hpmcounter8,normal,seed4,89,46470.72727272727
hpmcounter8,normal,seed4,90,46471.52121212121
hpmcounter8,normal,seed4,91,46464.721212121214
hpmcounter8,normal,seed4,92,46460.84848484849
hpmcounter8,normal,seed4,93,46463.01818181818
hpmcounter8,normal,seed4,94,46468.12727272727
hpmcounter8,normal,seed4,95,46472.260606060605
hpmcounter8,normal,seed4,96,46474.98787878788
hpmcounter8,normal,seed4,97,46478.11515151515
hpmcounter8,normal,seed4,98,46480.48484848485
hpmcounter8,normal,seed4,99,46484.6
hpmcounter8,normal,seed4,100,46488.63636363636
hpmcounter8,normal,seed4,101,46484.61818181818
hpmcounter8,normal,seed4,102,46476.92727272727
hpmcounter8,normal,seed4,103,46471.066666666666
hpmcounter8,normal,seed4,104,46472.89090909091
hpmcounter8,normal,seed4,105,46473.763636363634
hpmcounter8,normal,seed4,106,46469.91515151515
hpmcounter8,normal,seed4,107,46465.79393939394
hpmcounter8,normal,seed4,108,46467.15151515151
hpmcounter8,normal,seed4,109,46472.4
hpmcounter8,normal,seed4,110,46477.78787878788
hpmcounter8,normal,seed4,111,46479.89090909091
hpmcounter8,normal,seed4,112,46481.49696969697
hpmcounter8,normal,seed4,113,46481.35151515152
hpmcounter8,normal,seed4,114,46484.6
hpmcounter8,normal,seed4,115,46487.43636363636
hpmcounter8,normal,seed4,116,46765.81212121212
hpmcounter8,normal,seed4,117,47264.18787878788
hpmcounter8,normal,seed4,118,47639.527272727275
hpmcounter8,normal,seed4,119,47892.42424242424
hpmcounter8,normal,seed4,120,48019.8
hpmcounter8,normal,seed4,121,48021.20606060606
hpmcounter8,normal,seed4,122,47895.01818181818
hpmcounter8,normal,seed4,123,47930.236363636366
hpmcounter8,normal,seed4,124,47776.2303030303
hpmcounter8,normal,seed4,125,47433.99393939394
hpmcounter8,normal,seed4,126,47248.40606060606
hpmcounter8,normal,seed4,127,47286.236363636366
hpmcounter8,normal,seed4,128,47255.00606060606
hpmcounter8,normal,seed4,129,47154.048484848485
hpmcounter8,normal,seed4,130,46994.69090909091
hpmcounter8,normal,seed4,131,46770.87272727273
hpmcounter8,normal,seed4,132,46483.315151515155
hpmcounter8,normal,seed4,133,46479.50303030303
hpmcounter8,normal,seed4,134,46478.260606060605
hpmcounter8,normal,seed4,135,46475.121212121216
hpmcounter8,normal,seed4,136,46478.32121212121
hpmcounter8,normal,seed4,137,46482.09090909091
hpmcounter8,normal,seed4,138,46486.333333333336
hpmcounter8,normal,seed4,139,46481.393939393936
hpmcounter8,normal,seed4,140,46474.951515151515
hpmcounter8,normal,seed4,141,46473.69696969697
hpmcounter8,normal,seed4,142,46474.375757575755
hpmcounter8,normal,seed4,143,46471.50303030303
hpmcounter8,normal,seed4,144,46471.10909090909
hpmcounter8,normal,seed4,145,46467.15757575758
hpmcounter8,normal,seed4,146,46471.684848484845
hpmcounter8,normal,seed4,147,46475.71515151515
hpmcounter8,normal,seed4,148,46481.48484848485
hpmcounter8,normal,seed4,149,46483.36363636364
hpmcounter8,normal,seed4,150,46482.569696969695
hpmcounter8,normal,seed4,151,46483.86666666667
hpmcounter8,normal,seed4,152,46485.32727272727
hpmcounter8,normal,seed4,153,46486.69090909091
hpmcounter8,normal,seed4,154,46487.278787878786
hpmcounter8,normal,seed4,155,46482.242424242424
hpmcounter8,normal,seed4,156,46481.26666666667
hpmcounter8,normal,seed4,157,46474.757575757576
hpmcounter8,normal,seed4,158,46467.42424242424
hpmcounter8,normal,seed4,159,46457.98181818182
hpmcounter8,normal,seed4,160,46460.07878787879
hpmcounter8,normal,seed4,161,46464.32727272727
hpmcounter8,normal,seed4,162,46465.65454545455
hpmcounter8,normal,seed4,163,46476.121212121216
hpmcounter8,normal,seed4,164,46485.357575757575
hpmcounter8,normal,seed4,165,46778.88484848485
hpmcounter8,normal,seed4,166,47010.93939393939
hpmcounter8,normal,seed4,167,47174.25454545455
hpmcounter8,normal,seed4,168,47546.10303030303
hpmcounter8,normal,seed4,169,47790.00606060606
hpmcounter8,normal,seed4,170,47910.91515151515
hpmcounter8,normal,seed4,171,48189.66060606061
hpmcounter8,normal,seed4,172,48557.2303030303
hpmcounter8,normal,seed4,173,48958.721212121214
hpmcounter8,normal,seed4,174,49047.15151515151
hpmcounter8,normal,seed4,175,49171.066666666666
hpmcounter8,normal,seed4,176,49047.375757575755
hpmcounter8,normal,seed4,177,48676.8606060606
hpmcounter8,normal,seed4,178,48397.19393939394
hpmcounter8,normal,seed4,179,47934.19393939394
hpmcounter8,normal,seed4,180,47283.357575757575
hpmcounter8,normal,seed4,181,46790.22424242424
hpmcounter8,normal,seed4,182,46509.67878787879
hpmcounter8,normal,seed4,183,46503.92727272727
hpmcounter8,normal,seed4,184,46498.53333333333
hpmcounter8,normal,seed4,185,46494.07272727273
hpmcounter8,normal,seed4,186,46492.24848484848
hpmcounter8,normal,seed4,187,46496.3696969697
hpmcounter8,normal,seed4,188,46497.35151515152
hpmcounter8,normal,seed4,189,46495.430303030305
hpmcounter8,normal,seed4,190,46501.951515151515
hpmcounter8,normal,seed4,191,46512.99393939394
hpmcounter8,normal,seed4,192,46521.05454545454
hpmcounter8,normal,seed4,193,46521.878787878784
hpmcounter8,normal,seed4,194,46518.96363636364
hpmcounter8,normal,seed4,195,46512.19393939394
hpmcounter8,normal,seed4,196,46503.412121212124
hpmcounter8,normal,seed4,197,46501.96363636364
hpmcounter8,normal,seed4,198,46505.218181818185
hpmcounter8,normal,seed4,199,46502.721212121214
hpmcounter8,normal,seed4,200,46507.69696969697
hpmcounter8,normal,seed4,201,46509.70303030303
hpmcounter8,normal,seed4,202,46508.818181818184
hpmcounter8,normal,seed4,203,46503.92727272727
hpmcounter8,normal,seed4,204,46497.56363636364
hpmcounter8,normal,seed4,205,46493.13333333333
hpmcounter8,normal,seed4,206,46481.07272727273
hpmcounter8,normal,seed4,207,46467.278787878786
hpmcounter8,normal,seed4,208,46459.666666666664
hpmcounter8,normal,seed4,209,46451.71515151515
hpmcounter8,normal,seed4,210,46454.42424242424
hpmcounter8,normal,seed4,211,46457.278787878786
hpmcounter8,normal,seed4,212,46460.69090909091
hpmcounter8,normal,seed4,213,46464.6303030303
hpmcounter8,normal,seed4,214,46466.84848484849
hpmcounter8,normal,seed4,215,46472.472727272725
hpmcounter8,normal,seed4,216,46471.721212121214
hpmcounter8,normal,seed4,217,46475.98181818182
hpmcounter8,normal,seed4,218,46480.315151515155
hpmcounter8,normal,seed4,219,46479.666666666664
hpmcounter8,normal,seed4,220,46478.15151515151
hpmcounter8,normal,seed4,221,46473.18787878788
hpmcounter8,normal,seed4,222,46470.13333333333
hpmcounter8,normal,seed4,223,46467.69696969697
hpmcounter8,normal,seed4,224,46468.84848484849
hpmcounter8,normal,seed4,225,46467.07272727273
hpmcounter8,normal,seed4,226,46471.26666666667
hpmcounter8,normal,seed4,227,46478.61818181818
hpmcounter8,normal,seed4,228,46483.29090909091
hpmcounter8,normal,seed4,229,46486.27272727273
hpmcounter8,normal,seed4,230,46488.7696969697
hpmcounter8,normal,seed4,231,46487.00606060606
hpmcounter8,normal,seed4,232,46483.975757575754
hpmcounter8,normal,seed4,233,46476.242424242424
hpmcounter8,normal,seed4,234,46464.8303030303
hpmcounter8,normal,seed4,235,46450.472727272725
hpmcounter8,normal,seed4,236,46451.836363636365
hpmcounter8,normal,seed4,237,46453.53939393939
hpmcounter8,normal,seed4,238,46456.33939393939
hpmcounter8,normal,seed4,239,46457.933333333334
hpmcounter8,normal,seed4,240,46463.90303030303
hpmcounter8,normal,seed4,241,46467.854545454546
hpmcounter8,normal,seed4,242,46469.47878787879
hpmcounter8,normal,seed4,243,46467.315151515155
hpmcounter8,normal,seed4,244,46462.527272727275
hpmcounter8,normal,seed4,245,46457.29090909091
hpmcounter8,normal,seed4,246,46458.163636363635
hpmcounter8,normal,seed4,247,46460.09696969697
hpmcounter8,normal,seed4,248,46465.07272727273
hpmcounter8,normal,seed4,249,46471.472727272725
hpmcounter8,normal,seed4,250,46480.29090909091
hpmcounter8,normal,seed4,251,46485.66060606061
hpmcounter8,normal,seed4,252,46487.24848484848
hpmcounter8,normal,seed4,253,46483.375757575755
hpmcounter8,normal,seed4,254,46481.09696969697
hpmcounter8,normal,seed4,255,46485.642424242425
hpmcounter8,normal,seed4,256,46484.624242424245
hpmcounter8,normal,seed4,257,46480.79393939394
hpmcounter8,normal,seed4,258,46476.6
hpmcounter8,normal,seed4,259,46474.4
hpmcounter8,normal,seed4,260,46470.2
hpmcounter8,normal,seed4,261,46466.84242424242
hpmcounter8,normal,seed4,262,46462.57575757576
hpmcounter8,normal,seed4,263,46461.412121212124
hpmcounter8,normal,seed4,264,46461.21212121212
hpmcounter8,normal,seed4,265,46474.145454545454
hpmcounter8,normal,seed4,266,46483.55757575758
hpmcounter8,normal,seed4,267,46769.92121212121
hpmcounter8,normal,seed4,268,47271.642424242425
hpmcounter8,normal,seed4,269,47937.69696969697
hpmcounter8,normal,seed4,270,48695.32121212121
hpmcounter8,normal,seed4,271,49486.53333333333
hpmcounter8,normal,seed4,272,49960.90303030303
hpmcounter8,normal,seed4,273,50118.30909090909
hpmcounter8,normal,seed4,274,49957.757575757576
hpmcounter8,normal,seed4,275,49482.6
hpmcounter8,normal,seed4,276,48696.01818181818
hpmcounter8,normal,seed4,277,47938.624242424245
hpmcounter8,normal,seed4,278,47269.35151515152
hpmcounter8,normal,seed4,279,46763.4
hpmcounter8,normal,seed4,280,46478.46666666667
hpmcounter8,normal,seed4,281,46475.11515151515
hpmcounter8,normal,seed4,282,46472.242424242424
hpmcounter8,normal,seed4,283,46466.64848484848
hpmcounter8,normal,seed4,284,46465.024242424246
hpmcounter8,normal,seed4,285,46456.96363636364
hpmcounter8,normal,seed4,286,46452.878787878784
hpmcounter8,normal,seed4,287,46450.75151515152
hpmcounter8,normal,seed4,288,46449.72727272727
hpmcounter8,normal,seed4,289,46453.86666666667
hpmcounter8,normal,seed4,290,46464.721212121214
hpmcounter8,normal,seed4,291,46476.72727272727
hpmcounter8,normal,seed4,292,46486.53939393939
hpmcounter8,normal,seed4,293,46496.47878787879
hpmcounter8,normal,seed4,294,46511.28484848485
hpmcounter8,normal,seed4,295,46519.30303030303
hpmcounter8,normal,seed4,296,46518.975757575754
hpmcounter8,normal,seed4,297,46516.412121212124
hpmcounter8,normal,seed4,298,46509.19393939394
hpmcounter8,normal,seed5,9,48036.89090909091
hpmcounter8,normal,seed5,10,47779.53333333333
hpmcounter8,normal,seed5,11,47386.00606060606
hpmcounter8,normal,seed5,12,47005.46666666667
hpmcounter8,normal,seed5,13,46688.17575757576
hpmcounter8,normal,seed5,14,46496.757575757576
hpmcounter8,normal,seed5,15,46490.91515151515
hpmcounter8,normal,seed5,16,46490.2303030303
hpmcounter8,normal,seed5,17,46484.12727272727
hpmcounter8,normal,seed5,18,46475.6303030303
hpmcounter8,normal,seed5,19,46465.6
hpmcounter8,normal,seed5,20,46453.260606060605
hpmcounter8,normal,seed5,21,46449.10909090909
hpmcounter8,normal,seed5,22,46444.781818181815
hpmcounter8,normal,seed5,23,46446.15151515151
hpmcounter8,normal,seed5,24,46456.278787878786
hpmcounter8,normal,seed5,25,46460.03636363636
hpmcounter8,normal,seed5,26,46463.43636363636
hpmcounter8,normal,seed5,27,46467.836363636365
hpmcounter8,normal,seed5,28,46468.92121212121
hpmcounter8,normal,seed5,29,46462.15151515151
hpmcounter8,normal,seed5,30,46730.82424242424
hpmcounter8,normal,seed5,31,47221.315151515155
hpmcounter8,normal,seed5,32,47591.04242424243
hpmcounter8,normal,seed5,33,48128.333333333336
hpmcounter8,normal,seed5,34,48771.975757575754
hpmcounter8,normal,seed5,35,49446.472727272725
hpmcounter8,normal,seed5,36,50081.472727272725
hpmcounter8,normal,seed5,37,50622.05454545454
hpmcounter8,normal,seed5,38,50727.951515151515
hpmcounter8,normal,seed5,39,50389.739393939395
hpmcounter8,normal,seed5,40,49953.03636363636
hpmcounter8,normal,seed5,41,49472.09090909091
hpmcounter8,normal,seed5,42,48962.66060606061
hpmcounter8,normal,seed5,43,48423.951515151515
hpmcounter8,normal,seed5,44,47916.51515151515
hpmcounter8,normal,seed5,45,47507.818181818184
hpmcounter8,normal,seed5,46,47253.03636363636
hpmcounter8,normal,seed5,47,47220.94545454546
hpmcounter8,normal,seed5,48,47130.98787878788
hpmcounter8,normal,seed5,49,46983.05454545454
hpmcounter8,normal,seed5,50,46776.10909090909
hpmcounter8,normal,seed5,51,46499.20606060606
hpmcounter8,normal,seed5,52,46505.98181818182
hpmcounter8,normal,seed5,53,46502.4
hpmcounter8,normal,seed5,54,46500.6303030303
hpmcounter8,normal,seed5,55,46499.49696969697
hpmcounter8,normal,seed5,56,46491.65454545455
hpmcounter8,normal,seed5,57,46481.490909090906
hpmcounter8,normal,seed5,58,46475.684848484845
hpmcounter8,normal,seed5,59,46759.3696969697
hpmcounter8,normal,seed5,60,46984.27272727273
hpmcounter8,normal,seed5,61,47437.15151515151
hpmcounter8,normal,seed5,62,48043.99393939394
hpmcounter8,normal,seed5,63,48733.836363636365
hpmcounter8,normal,seed5,64,49456.95757575757
hpmcounter8,normal,seed5,65,49863.87272727273
hpmcounter8,normal,seed5,66,49955.181818181816
hpmcounter8,normal,seed5,67,49727.12727272727
hpmcounter8,normal,seed5,68,49184.569696969695
hpmcounter8,normal,seed5,69,48676.33939393939
hpmcounter8,normal,seed5,70,47922.77575757576
hpmcounter8,normal,seed5,71,47273.551515151514
hpmcounter8,normal,seed5,72,46783.53333333333
hpmcounter8,normal,seed5,73,46511.121212121216
hpmcounter8,normal,seed5,74,46519.94545454546
hpmcounter8,normal,seed5,75,46521.260606060605
hpmcounter8,normal,seed5,76,46524.15757575758
hpmcounter8,normal,seed5,77,46522.89696969697
hpmcounter8,normal,seed5,78,46520.50303030303
hpmcounter8,normal,seed5,79,46511.6
hpmcounter8,normal,seed5,80,46501.393939393936
hpmcounter8,normal,seed5,81,46496.43636363636
hpmcounter8,normal,seed5,82,46491.236363636366
hpmcounter8,normal,seed5,83,46484.98787878788
hpmcounter8,normal,seed5,84,46483.10909090909
hpmcounter8,normal,seed5,85,46482.34545454545
hpmcounter8,normal,seed5,86,46492.71515151515
hpmcounter8,normal,seed5,87,46495.951515151515
hpmcounter8,normal,seed5,88,46501.472727272725
hpmcounter8,normal,seed5,89,46499.79393939394
hpmcounter8,normal,seed5,90,46499.01212121212
hpmcounter8,normal,seed5,91,46497.77575757576
hpmcounter8,normal,seed5,92,46496.50303030303
hpmcounter8,normal,seed5,93,46490.763636363634
hpmcounter8,normal,seed5,94,46480.52121212121
hpmcounter8,normal,seed5,95,46473.43636363636
hpmcounter8,normal,seed5,96,46480.278787878786
hpmcounter8,normal,seed5,97,46479.65454545455
hpmcounter8,normal,seed5,98,46484.10303030303
hpmcounter8,normal,seed5,99,46482.393939393936
hpmcounter8,normal,seed5,100,46488.836363636365
hpmcounter8,normal,seed5,101,46488.80606060606
hpmcounter8,normal,seed5,102,46483.527272727275
hpmcounter8,normal,seed5,103,46483.57575757576
hpmcounter8,normal,seed5,104,46486.03636363636
hpmcounter8,normal,seed5,105,46486.69696969697
hpmcounter8,normal,seed5,106,46490.8
hpmcounter8,normal,seed5,107,46488.00606060606
hpmcounter8,normal,seed5,108,46490.48484848485
hpmcounter8,normal,seed5,109,46492.20606060606
hpmcounter8,normal,seed5,110,46495.93939393939
hpmcounter8,normal,seed5,111,46500.13333333333
hpmcounter8,normal,seed5,112,46492.26666666667
hpmcounter8,normal,seed5,113,46480.545454545456
hpmcounter8,normal,seed5,114,46476.333333333336
hpmcounter8,normal,seed5,115,46477.89090909091
hpmcounter8,normal,seed5,116,46482.32727272727
hpmcounter8,normal,seed5,117,46489.05454545454
hpmcounter8,normal,seed5,118,46497.01818181818
hpmcounter8,normal,seed5,119,46788.448484848486
hpmcounter8,normal,seed5,120,47018.08484848485
hpmcounter8,normal,seed5,121,47185.57575757576
hpmcounter8,normal,seed5,122,47281.0
hpmcounter8,normal,seed5,123,47306.84848484849
hpmcounter8,normal,seed5,124,47263.08484848485
hpmcounter8,normal,seed5,125,47168.05454545454
hpmcounter8,normal,seed5,126,47012.51515151515
hpmcounter8,normal,seed5,127,46797.21212121212
hpmcounter8,normal,seed5,128,46523.73333333333
hpmcounter8,normal,seed5,129,46529.09696969697
hpmcounter8,normal,seed5,130,46531.00606060606
hpmcounter8,normal,seed5,131,46531.52121212121
hpmcounter8,normal,seed5,132,46525.357575757575
hpmcounter8,normal,seed5,133,46519.145454545454
hpmcounter8,normal,seed5,134,46504.2
hpmcounter8,normal,seed5,135,46497.393939393936
hpmcounter8,normal,seed5,136,46491.121212121216
hpmcounter8,normal,seed5,137,46485.90909090909
hpmcounter8,normal,seed5,138,46484.99393939394
hpmcounter8,normal,seed5,139,46483.624242424245
hpmcounter8,normal,seed5,140,46474.17575757576
hpmcounter8,normal,seed5,141,46468.38787878788
hpmcounter8,normal,seed5,142,46462.01818181818
hpmcounter8,normal,seed5,143,46457.357575757575
hpmcounter8,normal,seed5,144,46449.53939393939
hpmcounter8,normal,seed5,145,46448.19393939394
hpmcounter8,normal,seed5,146,46445.78787878788
hpmcounter8,normal,seed5,147,46451.0
hpmcounter8,normal,seed5,148,46453.88484848485
hpmcounter8,normal,seed5,149,46456.606060606064
hpmcounter8,normal,seed5,150,46455.92727272727
hpmcounter8,normal,seed5,151,46457.21212121212
hpmcounter8,normal,seed5,152,46457.90303030303
hpmcounter8,normal,seed5,153,46459.0
hpmcounter8,normal,seed5,154,46452.70909090909
hpmcounter8,normal,seed5,155,46443.975757575754
hpmcounter8,normal,seed5,156,46433.84848484849
hpmcounter8,normal,seed5,157,46434.1393939394
hpmcounter8,normal,seed5,158,46432.04242424243
hpmcounter8,normal,seed5,159,46434.472727272725
hpmcounter8,normal,seed5,160,46445.121212121216
hpmcounter8,normal,seed5,161,46447.66060606061
hpmcounter8,normal,seed5,162,46450.8303030303
hpmcounter8,normal,seed5,163,46461.87272727273
hpmcounter8,normal,seed5,164,46468.61818181818
hpmcounter8,normal,seed5,165,46468.20606060606
hpmcounter8,normal,seed5,166,46466.642424242425
hpmcounter8,normal,seed5,167,46469.12727272727
hpmcounter8,normal,seed5,168,46470.2303030303
hpmcounter8,normal,seed5,169,46470.8303030303
hpmcounter8,normal,seed5,170,46475.509090909094
hpmcounter8,normal,seed5,171,46473.357575757575
hpmcounter8,normal,seed5,172,46466.46666666667
hpmcounter8,normal,seed5,173,46463.739393939395
hpmcounter8,normal,seed5,174,46460.606060606064
hpmcounter8,normal,seed5,175,46460.08484848485
hpmcounter8,normal,seed5,176,46460.10909090909
hpmcounter8,normal,seed5,177,46459.26666666667
hpmcounter8,normal,seed5,178,46465.00606060606
hpmcounter8,normal,seed5,179,46463.969696969696
hpmcounter8,normal,seed5,180,46462.81212121212
hpmcounter8,normal,seed5,181,46460.38787878788
hpmcounter8,normal,seed5,182,46460.25454545455
hpmcounter8,normal,seed5,183,46461.684848484845
hpmcounter8,normal,seed5,184,46455.278787878786
hpmcounter8,normal,seed5,185,46460.04242424243
hpmcounter8,normal,seed5,186,46469.79393939394
hpmcounter8,normal,seed5,187,46470.49696969697
hpmcounter8,normal,seed5,188,46475.53939393939
hpmcounter8,normal,seed5,189,46477.1393939394
hpmcounter8,normal,seed5,190,46479.58181818182
hpmcounter8,normal,seed5,191,46477.05454545454
hpmcounter8,normal,seed5,192,46478.28484848485
hpmcounter8,normal,seed5,193,46482.40606060606
hpmcounter8,normal,seed5,194,46474.448484848486
hpmcounter8,normal,seed5,195,46470.95757575757
hpmcounter8,normal,seed5,196,46472.42424242424
hpmcounter8,normal,seed5,197,46468.969696969696
hpmcounter8,normal,seed5,198,46468.99393939394
hpmcounter8,normal,seed5,199,46476.624242424245
hpmcounter8,normal,seed5,200,46483.56363636364
hpmcounter8,normal,seed5,201,46487.38181818182
hpmcounter8,normal,seed5,202,46493.666666666664
hpmcounter8,normal,seed5,203,46499.3696969697
hpmcounter8,normal,seed5,204,46495.145454545454
hpmcounter8,normal,seed5,205,46488.53333333333
hpmcounter8,normal,seed5,206,46484.69696969697
hpmcounter8,normal,seed5,207,46480.13333333333
hpmcounter8,normal,seed5,208,46479.836363636365
hpmcounter8,normal,seed5,209,46485.975757575754
hpmcounter8,normal,seed5,210,46492.04242424243
hpmcounter8,normal,seed5,211,46496.36363636364
hpmcounter8,normal,seed5,212,46504.67272727273
hpmcounter8,normal,seed5,213,46508.67878787879
hpmcounter8,normal,seed5,214,46506.56363636364
hpmcounter8,normal,seed5,215,46506.53333333333
hpmcounter8,normal,seed5,216,46504.33939393939
hpmcounter8,normal,seed5,217,46497.89090909091
hpmcounter8,normal,seed5,218,46496.69696969697
hpmcounter8,normal,seed5,219,46498.56363636364
hpmcounter8,normal,seed5,220,46497.666666666664
hpmcounter8,normal,seed5,221,46499.8303030303
hpmcounter8,normal,seed5,222,46503.48484848485
hpmcounter8,normal,seed5,223,46503.12727272727
hpmcounter8,normal,seed5,224,46500.08484848485
hpmcounter8,normal,seed5,225,46502.218181818185
hpmcounter8,normal,seed5,226,46495.551515151514
hpmcounter8,normal,seed5,227,46485.95757575757
hpmcounter8,normal,seed5,228,46474.8303030303
hpmcounter8,normal,seed5,229,46472.90909090909
hpmcounter8,normal,seed5,230,46467.42424242424
hpmcounter8,normal,seed5,231,46471.75151515152
hpmcounter8,normal,seed5,232,46474.92727272727
hpmcounter8,normal,seed5,233,46475.49696969697
hpmcounter8,normal,seed5,234,46475.17575757576
hpmcounter8,normal,seed5,235,46478.32727272727
hpmcounter8,normal,seed5,236,46476.82424242424
hpmcounter8,normal,seed5,237,46474.93939393939
hpmcounter8,normal,seed5,238,46471.07878787879
hpmcounter8,normal,seed5,239,46470.236363636366
hpmcounter8,normal,seed5,240,46470.472727272725
hpmcounter8,normal,seed5,241,46474.721212121214
hpmcounter8,normal,seed5,242,46481.1393939394
hpmcounter8,normal,seed5,243,46479.933333333334
hpmcounter8,normal,seed5,244,46474.73333333333
hpmcounter8,normal,seed5,245,46475.04242424243
hpmcounter8,normal,seed5,246,46471.69090909091
hpmcounter8,normal,seed5,247,46469.19393939394
hpmcounter8,normal,seed5,248,46465.69696969697
hpmcounter8,normal,seed5,249,46465.509090909094
hpmcounter8,normal,seed5,250,46468.48484848485
hpmcounter8,normal,seed5,251,46470.22424242424
hpmcounter8,normal,seed5,252,46478.69696969697
hpmcounter8,normal,seed5,253,46487.66060606061
hpmcounter8,normal,seed5,254,46493.969696969696
hpmcounter8,normal,seed5,255,46505.09090909091
hpmcounter8,normal,seed5,256,46514.69090909091
hpmcounter8,normal,seed5,257,46516.6303030303
hpmcounter8,normal,seed5,258,46507.29090909091
hpmcounter8,normal,seed5,259,46506.315151515155
hpmcounter8,normal,seed5,260,46503.121212121216
hpmcounter8,normal,seed5,261,46495.6303030303
hpmcounter8,normal,seed5,262,46489.030303030304
hpmcounter8,normal,seed5,263,46766.84848484849
hpmcounter8,normal,seed5,264,47268.65454545455
hpmcounter8,normal,seed5,265,47649.49696969697
hpmcounter8,normal,seed5,266,47913.99393939394
hpmcounter8,normal,seed5,267,48041.01818181818
hpmcounter8,normal,seed5,268,48040.09696969697
hpmcounter8,normal,seed5,269,47924.33939393939
hpmcounter8,normal,seed5,270,47676.04242424243
hpmcounter8,normal,seed5,271,47298.98181818182
hpmcounter8,normal,seed5,272,46797.218181818185
hpmcounter8,normal,seed5,273,46511.82424242424
hpmcounter8,normal,seed5,274,46506.22424242424
hpmcounter8,normal,seed5,275,46499.20606060606
hpmcounter8,normal,seed5,276,46492.781818181815
hpmcounter8,normal,seed5,277,46478.05454545454
hpmcounter8,normal,seed5,278,46467.05454545454
hpmcounter8,normal,seed5,279,46460.878787878784
hpmcounter8,normal,seed5,280,46451.77575757576
hpmcounter8,normal,seed5,281,46450.10909090909
hpmcounter8,normal,seed5,282,46456.90909090909
hpmcounter8,normal,seed5,283,46466.29696969697
hpmcounter8,normal,seed5,284,46475.28484848485
hpmcounter8,normal,seed5,285,46484.969696969696
hpmcounter8,normal,seed5,286,46491.95757575757
hpmcounter8,normal,seed5,287,46496.375757575755
hpmcounter8,normal,seed5,288,46498.86666666667
hpmcounter8,normal,seed5,289,46496.3696969697
hpmcounter8,normal,seed5,290,46493.38787878788
hpmcounter8,normal,seed5,291,46492.278787878786
hpmcounter8,normal,seed5,292,46773.61818181818
hpmcounter8,normal,seed5,293,47268.181818181816
hpmcounter8,normal,seed5,294,47922.35151515152
hpmcounter8,normal,seed5,295,48671.242424242424
hpmcounter8,normal,seed5,296,49451.969696969696
hpmcounter8,normal,seed5,297,50203.35151515152
hpmcounter8,normal,seed5,298,50583.242424242424
hpmcounter8,normal,seed6,9,46940.8303030303
hpmcounter8,normal,seed6,10,46880.69696969697
hpmcounter8,normal,seed6,11,46783.71515151515
hpmcounter8,normal,seed6,12,46659.01818181818
hpmcounter8,normal,seed6,13,46496.87272727273
hpmcounter8,normal,seed6,14,46508.01212121212
hpmcounter8,normal,seed6,15,46514.40606060606
hpmcounter8,normal,seed6,16,46524.84242424242
hpmcounter8,normal,seed6,17,46532.12727272727
hpmcounter8,normal,seed6,18,46535.236363636366
hpmcounter8,normal,seed6,19,46529.412121212124
hpmcounter8,normal,seed6,20,46513.79393939394
hpmcounter8,normal,seed6,21,46498.07878787879
hpmcounter8,normal,seed6,22,46484.69696969697
hpmcounter8,normal,seed6,23,46481.430303030305
hpmcounter8,normal,seed6,24,46481.82424242424
hpmcounter8,normal,seed6,25,46481.3696969697
hpmcounter8,normal,seed6,26,46484.163636363635
hpmcounter8,normal,seed6,27,46488.951515151515
hpmcounter8,normal,seed6,28,46770.24848484848
hpmcounter8,normal,seed6,29,47276.721212121214
hpmcounter8,normal,seed6,30,47933.88484848485
hpmcounter8,normal,seed6,31,48679.00606060606
hpmcounter8,normal,seed6,32,49453.69090909091
hpmcounter8,normal,seed6,33,49918.4
hpmcounter8,normal,seed6,34,50065.92121212121
hpmcounter8,normal,seed6,35,49901.236363636366
hpmcounter8,normal,seed6,36,49426.757575757576
hpmcounter8,normal,seed6,37,48646.10303030303
hpmcounter8,normal,seed6,38,47895.3696969697
hpmcounter8,normal,seed6,39,47250.587878787876
hpmcounter8,normal,seed6,40,46770.666666666664
hpmcounter8,normal,seed6,41,46498.08484848485
hpmcounter8,normal,seed6,42,46512.145454545454
hpmcounter8,normal,seed6,43,46517.10303030303
hpmcounter8,normal,seed6,44,46513.30909090909
hpmcounter8,normal,seed6,45,46507.69090909091
hpmcounter8,normal,seed6,46,46499.34545454545
hpmcounter8,normal,seed6,47,46490.79393939394
hpmcounter8,normal,seed6,48,46479.93939393939
hpmcounter8,normal,seed6,49,46474.22424242424
hpmcounter8,normal,seed6,50,46472.975757575754
hpmcounter8,normal,seed6,51,46472.27272727273
hpmcounter8,normal,seed6,52,46481.642424242425
hpmcounter8,normal,seed6,53,46483.145454545454
hpmcounter8,normal,seed6,54,46481.781818181815
hpmcounter8,normal,seed6,55,46486.1393939394
hpmcounter8,normal,seed6,56,46493.878787878784
hpmcounter8,normal,seed6,57,46500.81212121212
hpmcounter8,normal,seed6,58,46502.933333333334
hpmcounter8,normal,seed6,59,46504.05454545454
hpmcounter8,normal,seed6,60,46499.739393939395
hpmcounter8,normal,seed6,61,46499.69696969697
hpmcounter8,normal,seed6,62,46499.975757575754
hpmcounter8,normal,seed6,63,46492.06060606061
hpmcounter8,normal,seed6,64,46476.26666666667
hpmcounter8,normal,seed6,65,46468.34545454545
hpmcounter8,normal,seed6,66,46459.430303030305
hpmcounter8,normal,seed6,67,46456.6
hpmcounter8,normal,seed6,68,46456.46666666667
hpmcounter8,normal,seed6,69,46463.69696969697
hpmcounter8,normal,seed6,70,46474.6
hpmcounter8,normal,seed6,71,46490.42424242424
hpmcounter8,normal,seed6,72,46499.28484848485
hpmcounter8,normal,seed6,73,46508.32121212121
hpmcounter8,normal,seed6,74,46508.35151515152
hpmcounter8,normal,seed6,75,46509.81212121212
hpmcounter8,normal,seed6,76,46505.00606060606
hpmcounter8,normal,seed6,77,46498.35151515152
hpmcounter8,normal,seed6,78,46492.21212121212
hpmcounter8,normal,seed6,79,46490.624242424245
hpmcounter8,normal,seed6,80,46490.69090909091
hpmcounter8,normal,seed6,81,46495.6303030303
hpmcounter8,normal,seed6,82,46498.8
hpmcounter8,normal,seed6,83,46505.066666666666
hpmcounter8,normal,seed6,84,46506.92727272727
hpmcounter8,normal,seed6,85,46505.4
hpmcounter8,normal,seed6,86,46784.11515151515
hpmcounter8,normal,seed6,87,47278.472727272725
hpmcounter8,normal,seed6,88,47650.74545454545
hpmcounter8,normal,seed6,89,47898.666666666664
hpmcounter8,normal,seed6,90,48020.09090909091
hpmcounter8,normal,seed6,91,48022.94545454546
hpmcounter8,normal,seed6,92,47894.27272727273
hpmcounter8,normal,seed6,93,47649.17575757576
hpmcounter8,normal,seed6,94,47276.25454545455
hpmcounter8,normal,seed6,95,46774.65454545455
hpmcounter8,normal,seed6,96,46490.98181818182
hpmcounter8,normal,seed6,97,46489.05454545454
hpmcounter8,normal,seed6,98,46490.878787878784
hpmcounter8,normal,seed6,99,46493.393939393936
hpmcounter8,normal,seed6,100,46492.92727272727
hpmcounter8,normal,seed6,101,46499.90909090909
hpmcounter8,normal,seed6,102,46497.509090909094
hpmcounter8,normal,seed6,103,46505.15151515151
hpmcounter8,normal,seed6,104,46506.11515151515
hpmcounter8,normal,seed6,105,46503.09696969697
hpmcounter8,normal,seed6,106,46497.642424242425
hpmcounter8,normal,seed6,107,46490.87272727273
hpmcounter8,normal,seed6,108,46485.94545454546
hpmcounter8,normal,seed6,109,46479.236363636366
hpmcounter8,normal,seed6,110,46470.07878787879
hpmcounter8,normal,seed6,111,46468.10303030303
hpmcounter8,normal,seed6,112,46464.393939393936
hpmcounter8,normal,seed6,113,46469.32121212121
hpmcounter8,normal,seed6,114,46473.30909090909
hpmcounter8,normal,seed6,115,46475.67272727273
hpmcounter8,normal,seed6,116,46475.70303030303
hpmcounter8,normal,seed6,117,46474.236363636366
hpmcounter8,normal,seed6,118,46466.66060606061
hpmcounter8,normal,seed6,119,46464.07272727273
hpmcounter8,normal,seed6,120,46461.53333333333
hpmcounter8,normal,seed6,121,46460.781818181815
hpmcounter8,normal,seed6,122,46452.781818181815
hpmcounter8,normal,seed6,123,46450.86666666667
hpmcounter8,normal,seed6,124,46452.32727272727
hpmcounter8,normal,seed6,125,46453.606060606064
hpmcounter8,normal,seed6,126,46451.79393939394
hpmcounter8,normal,seed6,127,46452.121212121216
hpmcounter8,normal,seed6,128,46443.2
hpmcounter8,normal,seed6,129,46444.490909090906
hpmcounter8,normal,seed6,130,46450.10303030303
hpmcounter8,normal,seed6,131,46451.64848484848
hpmcounter8,normal,seed6,132,46447.163636363635
hpmcounter8,normal,seed6,133,46447.2303030303
hpmcounter8,normal,seed6,134,46446.46666666667
hpmcounter8,normal,seed6,135,46448.07272727273
hpmcounter8,normal,seed6,136,46741.92727272727
hpmcounter8,normal,seed6,137,46970.066666666666
hpmcounter8,normal,seed6,138,47130.52121212121
hpmcounter8,normal,seed6,139,47513.21212121212
hpmcounter8,normal,seed6,140,47769.59393939394
hpmcounter8,normal,seed6,141,47893.03636363636
hpmcounter8,normal,seed6,142,47896.969696969696
hpmcounter8,normal,seed6,143,47778.242424242424
hpmcounter8,normal,seed6,144,47532.96363636364
hpmcounter8,normal,seed6,145,47159.12727272727
hpmcounter8,normal,seed6,146,47012.08484848485
hpmcounter8,normal,seed6,147,46796.03636363636
hpmcounter8,normal,seed6,148,46510.236363636366
hpmcounter8,normal,seed6,149,46505.430303030305
hpmcounter8,normal,seed6,150,46499.163636363635
hpmcounter8,normal,seed6,151,46484.13333333333
hpmcounter8,normal,seed6,152,46472.030303030304
hpmcounter8,normal,seed6,153,46465.763636363634
hpmcounter8,normal,seed6,154,46464.80606060606
hpmcounter8,normal,seed6,155,46464.88484848485
hpmcounter8,normal,seed6,156,46460.07272727273
hpmcounter8,normal,seed6,157,46457.024242424246
hpmcounter8,normal,seed6,158,46454.65454545455
hpmcounter8,normal,seed6,159,46456.42424242424
hpmcounter8,normal,seed6,160,46465.22424242424
hpmcounter8,normal,seed6,161,46472.92121212121
hpmcounter8,normal,seed6,162,46480.44242424242
hpmcounter8,normal,seed6,163,46491.218181818185
hpmcounter8,normal,seed6,164,46500.12727272727
hpmcounter8,normal,seed6,165,46506.69090909091
hpmcounter8,normal,seed6,166,46504.47878787879
hpmcounter8,normal,seed6,167,46493.56363636364
hpmcounter8,normal,seed6,168,46477.69090909091
hpmcounter8,normal,seed6,169,46466.024242424246
hpmcounter8,normal,seed6,170,46461.472727272725
hpmcounter8,normal,seed6,171,46458.50303030303
hpmcounter8,normal,seed6,172,46465.89696969697
hpmcounter8,normal,seed6,173,46472.07272727273
hpmcounter8,normal,seed6,174,46477.73333333333
hpmcounter8,normal,seed6,175,46477.52121212121
hpmcounter8,normal,seed6,176,46478.315151515155
hpmcounter8,normal,seed6,177,46473.92121212121
hpmcounter8,normal,seed6,178,46462.569696969695
hpmcounter8,normal,seed6,179,46451.8
hpmcounter8,normal,seed6,180,46446.88484848485
hpmcounter8,normal,seed6,181,46440.490909090906
hpmcounter8,normal,seed6,182,46442.490909090906
hpmcounter8,normal,seed6,183,46443.89090909091
hpmcounter8,normal,seed6,184,46450.57575757576
hpmcounter8,normal,seed6,185,46453.89696969697
hpmcounter8,normal,seed6,186,46460.545454545456
hpmcounter8,normal,seed6,187,46461.51515151515
hpmcounter8,normal,seed6,188,46463.71515151515
hpmcounter8,normal,seed6,189,46468.066666666666
hpmcounter8,normal,seed6,190,46472.41818181818
hpmcounter8,normal,seed6,191,46470.69090909091
hpmcounter8,normal,seed6,192,46469.33939393939
hpmcounter8,normal,seed6,193,46466.624242424245
hpmcounter8,normal,seed6,194,46471.509090909094
hpmcounter8,normal,seed6,195,46477.91515151515
hpmcounter8,normal,seed6,196,46475.836363636365
hpmcounter8,normal,seed6,197,46464.527272727275
hpmcounter8,normal,seed6,198,46460.30909090909
hpmcounter8,normal,seed6,199,46469.77575757576
hpmcounter8,normal,seed6,200,46479.28484848485
hpmcounter8,normal,seed6,201,46485.79393939394
hpmcounter8,normal,seed6,202,46772.07272727273
hpmcounter8,normal,seed6,203,47279.67272727273
hpmcounter8,normal,seed6,204,47665.757575757576
hpmcounter8,normal,seed6,205,47931.33939393939
hpmcounter8,normal,seed6,206,48057.739393939395
hpmcounter8,normal,seed6,207,48334.20606060606
hpmcounter8,normal,seed6,208,48705.86666666667
hpmcounter8,normal,seed6,209,48831.92121212121
hpmcounter8,normal,seed6,210,48709.15757575758
hpmcounter8,normal,seed6,211,48335.10303030303
hpmcounter8,normal,seed6,212,48047.412121212124
hpmcounter8,normal,seed6,213,47910.975757575754
hpmcounter8,normal,seed6,214,47645.048484848485
hpmcounter8,normal,seed6,215,47260.509090909094
hpmcounter8,normal,seed6,216,46751.836363636365
hpmcounter8,normal,seed6,217,46462.44242424242
hpmcounter8,normal,seed6,218,46457.472727272725
hpmcounter8,normal,seed6,219,46452.73333333333
hpmcounter8,normal,seed6,220,46450.84848484849
hpmcounter8,normal,seed6,221,46458.1393939394
hpmcounter8,normal,seed6,222,46464.79393939394
hpmcounter8,normal,seed6,223,46464.80606060606
hpmcounter8,normal,seed6,224,46462.606060606064
hpmcounter8,normal,seed6,225,46467.6303030303
hpmcounter8,normal,seed6,226,46474.79393939394
hpmcounter8,normal,seed6,227,46482.34545454545
hpmcounter8,normal,seed6,228,46483.236363636366
hpmcounter8,normal,seed6,229,46482.739393939395
hpmcounter8,normal,seed6,230,46479.69090909091
hpmcounter8,normal,seed6,231,46483.90909090909
hpmcounter8,normal,seed6,232,46490.56363636364
hpmcounter8,normal,seed6,233,46488.048484848485
hpmcounter8,normal,seed6,234,46484.94545454546
hpmcounter8,normal,seed6,235,46483.739393939395
hpmcounter8,normal,seed6,236,46483.030303030304
hpmcounter8,normal,seed6,237,46489.72727272727
hpmcounter8,normal,seed6,238,46486.836363636365
hpmcounter8,normal,seed6,239,46483.26666666667
hpmcounter8,normal,seed6,240,46478.89090909091
hpmcounter8,normal,seed6,241,46473.024242424246
hpmcounter8,normal,seed6,242,46467.89090909091
hpmcounter8,normal,seed6,243,46460.01818181818
hpmcounter8,normal,seed6,244,46453.40606060606
hpmcounter8,normal,seed6,245,46449.32121212121
hpmcounter8,normal,seed6,246,46446.066666666666
hpmcounter8,normal,seed6,247,46450.77575757576
hpmcounter8,normal,seed6,248,46458.11515151515
hpmcounter8,normal,seed6,249,46471.82424242424
hpmcounter8,normal,seed6,250,46481.82424242424
hpmcounter8,normal,seed6,251,46487.98181818182
hpmcounter8,normal,seed6,252,46491.59393939394
hpmcounter8,normal,seed6,253,46500.0
hpmcounter8,normal,seed6,254,46505.01212121212
hpmcounter8,normal,seed6,255,46508.181818181816
hpmcounter8,normal,seed6,256,46502.53939393939
hpmcounter8,normal,seed6,257,46491.43636363636
hpmcounter8,normal,seed6,258,46481.00606060606
hpmcounter8,normal,seed6,259,46469.70909090909
hpmcounter8,normal,seed6,260,46454.315151515155
hpmcounter8,normal,seed6,261,46442.75151515152
hpmcounter8,normal,seed6,262,46430.448484848486
hpmcounter8,normal,seed6,263,46430.88484848485
hpmcounter8,normal,seed6,264,46432.818181818184
hpmcounter8,normal,seed6,265,46435.587878787876
hpmcounter8,normal,seed6,266,46445.61212121212
hpmcounter8,normal,seed6,267,46459.527272727275
hpmcounter8,normal,seed6,268,46472.2303030303
hpmcounter8,normal,seed6,269,46477.551515151514
hpmcounter8,normal,seed6,270,46481.63636363636
hpmcounter8,normal,seed6,271,46492.98787878788
hpmcounter8,normal,seed6,272,46500.49696969697
hpmcounter8,normal,seed6,273,46507.8606060606
hpmcounter8,normal,seed6,274,46507.412121212124
hpmcounter8,normal,seed6,275,46502.72727272727
hpmcounter8,normal,seed6,276,46501.12727272727
hpmcounter8,normal,seed6,277,46497.236363636366
hpmcounter8,normal,seed6,278,46781.17575757576
hpmcounter8,normal,seed6,279,47279.12727272727
hpmcounter8,normal,seed6,280,47930.67878787879
hpmcounter8,normal,seed6,281,48396.333333333336
hpmcounter8,normal,seed6,282,48681.181818181816
hpmcounter8,normal,seed6,283,48778.33939393939
hpmcounter8,normal,seed6,284,48682.58181818182
hpmcounter8,normal,seed6,285,48684.92121212121
hpmcounter8,normal,seed6,286,48435.89696969697
hpmcounter8,normal,seed6,287,47932.03636363636
hpmcounter8,normal,seed6,288,47533.33939393939
hpmcounter8,normal,seed6,289,47289.07878787879
hpmcounter8,normal,seed6,290,47264.27272727273
hpmcounter8,normal,seed6,291,47172.6
hpmcounter8,normal,seed6,292,47018.412121212124
hpmcounter8,normal,seed6,293,46799.84848484849
hpmcounter8,normal,seed6,294,46516.74545454545
hpmcounter8,normal,seed6,295,46518.32727272727
hpmcounter8,normal,seed6,296,46520.24848484848
hpmcounter8,normal,seed6,297,46521.29696969697
hpmcounter8,normal,seed6,298,46522.454545454544
hpmcounter8,normal,seed7,9,46496.181818181816
hpmcounter8,normal,seed7,10,46484.854545454546
hpmcounter8,normal,seed7,11,46472.818181818184
hpmcounter8,normal,seed7,12,46470.17575757576
hpmcounter8,normal,seed7,13,46471.89090909091
hpmcounter8,normal,seed7,14,46476.38787878788
hpmcounter8,normal,seed7,15,46483.95757575757
hpmcounter8,normal,seed7,16,46492.21212121212
hpmcounter8,normal,seed7,17,46497.121212121216
hpmcounter8,normal,seed7,18,46502.96363636364
hpmcounter8,normal,seed7,19,46511.87272727273
hpmcounter8,normal,seed7,20,46517.260606060605
hpmcounter8,normal,seed7,21,46510.933333333334
hpmcounter8,normal,seed7,22,46501.95757575757
hpmcounter8,normal,seed7,23,46495.8
hpmcounter8,normal,seed7,24,46492.333333333336
hpmcounter8,normal,seed7,25,46487.05454545454
hpmcounter8,normal,seed7,26,46477.684848484845
hpmcounter8,normal,seed7,27,46469.48484848485
hpmcounter8,normal,seed7,28,46456.22424242424
hpmcounter8,normal,seed7,29,46456.36363636364
hpmcounter8,normal,seed7,30,46466.8303030303
hpmcounter8,normal,seed7,31,46753.024242424246
hpmcounter8,normal,seed7,32,47256.94545454546
hpmcounter8,normal,seed7,33,47920.70303030303
hpmcounter8,normal,seed7,34,48389.412121212124
hpmcounter8,normal,seed7,35,48675.44242424242
hpmcounter8,normal,seed7,36,48775.21212121212
hpmcounter8,normal,seed7,37,48688.763636363634
hpmcounter8,normal,seed7,38,48408.28484848485
hpmcounter8,normal,seed7,39,47933.545454545456
hpmcounter8,normal,seed7,40,47280.42424242424
hpmcounter8,normal,seed7,41,46779.721212121214
hpmcounter8,normal,seed7,42,46496.34545454545
hpmcounter8,normal,seed7,43,46493.22424242424
hpmcounter8,normal,seed7,44,46478.69090909091
hpmcounter8,normal,seed7,45,46468.030303030304
hpmcounter8,normal,seed7,46,46457.448484848486
hpmcounter8,normal,seed7,47,46447.545454545456
hpmcounter8,normal,seed7,48,46444.6
hpmcounter8,normal,seed7,49,46442.22424242424
hpmcounter8,normal,seed7,50,46447.642424242425
hpmcounter8,normal,seed7,51,46456.490909090906
hpmcounter8,normal,seed7,52,46468.878787878784
hpmcounter8,normal,seed7,53,46476.4
hpmcounter8,normal,seed7,54,46479.78787878788
hpmcounter8,normal,seed7,55,46484.58181818182
hpmcounter8,normal,seed7,56,46482.545454545456
hpmcounter8,normal,seed7,57,46477.89696969697
hpmcounter8,normal,seed7,58,46477.10909090909
hpmcounter8,normal,seed7,59,46481.03636363636
hpmcounter8,normal,seed7,60,46765.01818181818
hpmcounter8,normal,seed7,61,46986.024242424246
hpmcounter8,normal,seed7,62,47140.08484848485
hpmcounter8,normal,seed7,63,47227.49696969697
hpmcounter8,normal,seed7,64,47253.77575757576
hpmcounter8,normal,seed7,65,47217.90303030303
hpmcounter8,normal,seed7,66,47119.757575757576
hpmcounter8,normal,seed7,67,46965.781818181815
hpmcounter8,normal,seed7,68,46752.63636363636
hpmcounter8,normal,seed7,69,46477.01212121212
hpmcounter8,normal,seed7,70,46483.98787878788
hpmcounter8,normal,seed7,71,46486.98787878788
hpmcounter8,normal,seed7,72,46484.58181818182
hpmcounter8,normal,seed7,73,46481.587878787876
hpmcounter8,normal,seed7,74,46480.430303030305
hpmcounter8,normal,seed7,75,46475.05454545454
hpmcounter8,normal,seed7,76,46469.818181818184
hpmcounter8,normal,seed7,77,46473.53333333333
hpmcounter8,normal,seed7,78,46477.757575757576
hpmcounter8,normal,seed7,79,46478.75151515152
hpmcounter8,normal,seed7,80,46477.38181818182
hpmcounter8,normal,seed7,81,46473.89090909091
hpmcounter8,normal,seed7,82,46470.490909090906
hpmcounter8,normal,seed7,83,46470.0
hpmcounter8,normal,seed7,84,46476.24848484848
hpmcounter8,normal,seed7,85,46484.551515151514
hpmcounter8,normal,seed7,86,46488.30303030303
hpmcounter8,normal,seed7,87,46502.27272727273
hpmcounter8,normal,seed7,88,46520.3696969697
hpmcounter8,normal,seed7,89,46539.53333333333
hpmcounter8,normal,seed7,90,46545.163636363635
hpmcounter8,normal,seed7,91,46546.61212121212
hpmcounter8,normal,seed7,92,46536.80606060606
hpmcounter8,normal,seed7,93,46529.13333333333
hpmcounter8,normal,seed7,94,46522.2303030303
hpmcounter8,normal,seed7,95,46513.46666666667
hpmcounter8,normal,seed7,96,46503.163636363635
hpmcounter8,normal,seed7,97,46491.975757575754
hpmcounter8,normal,seed7,98,46485.7696969697
hpmcounter8,normal,seed7,99,46482.818181818184
hpmcounter8,normal,seed7,100,46480.763636363634
hpmcounter8,normal,seed7,101,46475.666666666664
hpmcounter8,normal,seed7,102,46468.642424242425
hpmcounter8,normal,seed7,103,46468.15151515151
hpmcounter8,normal,seed7,104,46468.666666666664
hpmcounter8,normal,seed7,105,46469.09696969697
hpmcounter8,normal,seed7,106,46474.52121212121
hpmcounter8,normal,seed7,107,46472.278787878786
hpmcounter8,normal,seed7,108,46471.05454545454
hpmcounter8,normal,seed7,109,46468.278787878786
hpmcounter8,normal,seed7,110,46469.22424242424
hpmcounter8,normal,seed7,111,46471.878787878784
hpmcounter8,normal,seed7,112,46472.836363636365
hpmcounter8,normal,seed7,113,46474.0
hpmcounter8,normal,seed7,114,46476.67272727273
hpmcounter8,normal,seed7,115,46477.56363636364
hpmcounter8,normal,seed7,116,46477.163636363635
hpmcounter8,normal,seed7,117,46472.121212121216
hpmcounter8,normal,seed7,118,46745.545454545456
hpmcounter8,normal,seed7,119,46957.38181818182
hpmcounter8,normal,seed7,120,47108.818181818184
hpmcounter8,normal,seed7,121,47204.28484848485
hpmcounter8,normal,seed7,122,47238.01818181818
hpmcounter8,normal,seed7,123,47210.551515151514
hpmcounter8,normal,seed7,124,47126.024242424246
hpmcounter8,normal,seed7,125,46979.606060606064
hpmcounter8,normal,seed7,126,46767.32727272727
hpmcounter8,normal,seed7,127,46494.08484848485
hpmcounter8,normal,seed7,128,46496.81212121212
hpmcounter8,normal,seed7,129,46493.81212121212
hpmcounter8,normal,seed7,130,46488.393939393936
hpmcounter8,normal,seed7,131,46482.509090909094
hpmcounter8,normal,seed7,132,46476.09696969697
hpmcounter8,normal,seed7,133,46465.721212121214
hpmcounter8,normal,seed7,134,46462.28484848485
hpmcounter8,normal,seed7,135,46463.375757575755
hpmcounter8,normal,seed7,136,46461.8303030303
hpmcounter8,normal,seed7,137,46460.024242424246
hpmcounter8,normal,seed7,138,46456.67272727273
hpmcounter8,normal,seed7,139,46453.163636363635
hpmcounter8,normal,seed7,140,46451.04242424243
hpmcounter8,normal,seed7,141,46454.71515151515
hpmcounter8,normal,seed7,142,46455.90303030303
hpmcounter8,normal,seed7,143,46449.38787878788
hpmcounter8,normal,seed7,144,46449.36363636364
hpmcounter8,normal,seed7,145,46458.53333333333
hpmcounter8,normal,seed7,146,46466.79393939394
hpmcounter8,normal,seed7,147,46471.18787878788
hpmcounter8,normal,seed7,148,46472.8606060606
hpmcounter8,normal,seed7,149,46474.30303030303
hpmcounter8,normal,seed7,150,46473.587878787876
hpmcounter8,normal,seed7,151,46477.3696969697
hpmcounter8,normal,seed7,152,46482.66060606061
hpmcounter8,normal,seed7,153,46474.30909090909
hpmcounter8,normal,seed7,154,46459.22424242424
hpmcounter8,normal,seed7,155,46450.52121212121
hpmcounter8,normal,seed7,156,46444.315151515155
hpmcounter8,normal,seed7,157,46439.12727272727
hpmcounter8,normal,seed7,158,46442.30303030303
hpmcounter8,normal,seed7,159,46442.58181818182
hpmcounter8,normal,seed7,160,46444.40606060606
hpmcounter8,normal,seed7,161,46448.09090909091
hpmcounter8,normal,seed7,162,46464.818181818184
hpmcounter8,normal,seed7,163,46476.08484848485
hpmcounter8,normal,seed7,164,46488.52121212121
hpmcounter8,normal,seed7,165,46497.0
hpmcounter8,normal,seed7,166,46505.684848484845
hpmcounter8,normal,seed7,167,46507.80606060606
hpmcounter8,normal,seed7,168,46508.87272727273
hpmcounter8,normal,seed7,169,46498.551515151514
hpmcounter8,normal,seed7,170,46487.3696969697
hpmcounter8,normal,seed7,171,46472.50303030303
hpmcounter8,normal,seed7,172,46459.32727272727
hpmcounter8,normal,seed7,173,46449.87272727273
hpmcounter8,normal,seed7,174,46450.46060606061
hpmcounter8,normal,seed7,175,46452.52121212121
hpmcounter8,normal,seed7,176,46457.30909090909
hpmcounter8,normal,seed7,177,46466.22424242424
hpmcounter8,normal,seed7,178,46468.218181818185
hpmcounter8,normal,seed7,179,46462.81212121212
hpmcounter8,normal,seed7,180,46459.84242424242
hpmcounter8,normal,seed7,181,46455.412121212124
hpmcounter8,normal,seed7,182,46446.7696969697
hpmcounter8,normal,seed7,183,46441.26666666667
hpmcounter8,normal,seed7,184,46439.44242424242
hpmcounter8,normal,seed7,185,46442.739393939395
hpmcounter8,normal,seed7,186,46447.878787878784
hpmcounter8,normal,seed7,187,46463.33939393939
hpmcounter8,normal,seed7,188,46475.066666666666
hpmcounter8,normal,seed7,189,46482.357575757575
hpmcounter8,normal,seed7,190,46489.93939393939
hpmcounter8,normal,seed7,191,46489.19393939394
hpmcounter8,normal,seed7,192,46487.32121212121
hpmcounter8,normal,seed7,193,46480.490909090906
hpmcounter8,normal,seed7,194,46472.75151515152
hpmcounter8,normal,seed7,195,46463.6
hpmcounter8,normal,seed7,196,46453.836363636365
hpmcounter8,normal,seed7,197,46452.163636363635
hpmcounter8,normal,seed7,198,46453.781818181815
hpmcounter8,normal,seed7,199,46457.89090909091
hpmcounter8,normal,seed7,200,46463.8
hpmcounter8,normal,seed7,201,46469.315151515155
hpmcounter8,normal,seed7,202,46479.15757575758
hpmcounter8,normal,seed7,203,46485.315151515155
hpmcounter8,normal,seed7,204,46492.44242424242
hpmcounter8,normal,seed7,205,46496.818181818184
hpmcounter8,normal,seed7,206,46497.624242424245
hpmcounter8,normal,seed7,207,46498.89090909091
hpmcounter8,normal,seed7,208,46499.624242424245
hpmcounter8,normal,seed7,209,46500.684848484845
hpmcounter8,normal,seed7,210,46501.218181818185
hpmcounter8,normal,seed7,211,46500.40606060606
hpmcounter8,normal,seed7,212,46499.92727272727
hpmcounter8,normal,seed7,213,46498.066666666666
hpmcounter8,normal,seed7,214,46495.20606060606
hpmcounter8,normal,seed7,215,46489.242424242424
hpmcounter8,normal,seed7,216,46485.030303030304
hpmcounter8,normal,seed7,217,46479.78787878788
hpmcounter8,normal,seed7,218,46474.04242424243
hpmcounter8,normal,seed7,219,46473.73333333333
hpmcounter8,normal,seed7,220,46476.84848484849
hpmcounter8,normal,seed7,221,46478.44242424242
hpmcounter8,normal,seed7,222,46475.27272727273
hpmcounter8,normal,seed7,223,46473.46666666667
hpmcounter8,normal,seed7,224,46471.121212121216
hpmcounter8,normal,seed7,225,46469.1393939394
hpmcounter8,normal,seed7,226,46472.12727272727
hpmcounter8,normal,seed7,227,46472.47878787879
hpmcounter8,normal,seed7,228,46473.3696969697
hpmcounter8,normal,seed7,229,46474.99393939394
hpmcounter8,normal,seed7,230,46481.121212121216
hpmcounter8,normal,seed7,231,46485.509090909094
hpmcounter8,normal,seed7,232,46483.53939393939
hpmcounter8,normal,seed7,233,46480.1393939394
hpmcounter8,normal,seed7,234,46471.56363636364
hpmcounter8,normal,seed7,235,46469.8303030303
hpmcounter8,normal,seed7,236,46465.09090909091
hpmcounter8,normal,seed7,237,46465.030303030304
hpmcounter8,normal,seed7,238,46473.04242424243
hpmcounter8,normal,seed7,239,46476.73333333333
hpmcounter8,normal,seed7,240,46480.49696969697
hpmcounter8,normal,seed7,241,46481.80606060606
hpmcounter8,normal,seed7,242,46482.781818181815
hpmcounter8,normal,seed7,243,46486.44242424242
hpmcounter8,normal,seed7,244,46480.01212121212
hpmcounter8,normal,seed7,245,46763.96363636364
hpmcounter8,normal,seed7,246,47259.8303030303
hpmcounter8,normal,seed7,247,47916.71515151515
hpmcounter8,normal,seed7,248,48672.53333333333
hpmcounter8,normal,seed7,249,49178.78787878788
hpmcounter8,normal,seed7,250,49436.0
hpmcounter8,normal,seed7,251,49447.375757575755
hpmcounter8,normal,seed7,252,49207.07272727273
hpmcounter8,normal,seed7,253,48713.59393939394
hpmcounter8,normal,seed7,254,47959.75151515152
hpmcounter8,normal,seed7,255,47300.587878787876
hpmcounter8,normal,seed7,256,46795.15757575758
hpmcounter8,normal,seed7,257,46507.278787878786
hpmcounter8,normal,seed7,258,46503.12727272727
hpmcounter8,normal,seed7,259,46497.490909090906
hpmcounter8,normal,seed7,260,46490.90303030303
hpmcounter8,normal,seed7,261,46491.34545454545
hpmcounter8,normal,seed7,262,46491.46060606061
hpmcounter8,normal,seed7,263,46489.624242424245
hpmcounter8,normal,seed7,264,46486.145454545454
hpmcounter8,normal,seed7,265,46476.6
hpmcounter8,normal,seed7,266,46469.80606060606
hpmcounter8,normal,seed7,267,46462.55757575758
hpmcounter8,normal,seed7,268,46458.05454545454
hpmcounter8,normal,seed7,269,46455.86666666667
hpmcounter8,normal,seed7,270,46456.739393939395
hpmcounter8,normal,seed7,271,46457.44242424242
hpmcounter8,normal,seed7,272,46460.88484848485
hpmcounter8,normal,seed7,273,46472.92121212121
hpmcounter8,normal,seed7,274,46489.12727272727
hpmcounter8,normal,seed7,275,46499.84242424242
hpmcounter8,normal,seed7,276,46507.59393939394
hpmcounter8,normal,seed7,277,46515.8303030303
hpmcounter8,normal,seed7,278,46514.854545454546
hpmcounter8,normal,seed7,279,46506.88484848485
hpmcounter8,normal,seed7,280,46497.01212121212
hpmcounter8,normal,seed7,281,46481.509090909094
hpmcounter8,normal,seed7,282,46470.163636363635
hpmcounter8,normal,seed7,283,46463.09090909091
hpmcounter8,normal,seed7,284,46460.51515151515
hpmcounter8,normal,seed7,285,46460.21212121212
hpmcounter8,normal,seed7,286,46457.624242424245
hpmcounter8,normal,seed7,287,46466.92727272727
hpmcounter8,normal,seed7,288,46474.75151515152
hpmcounter8,normal,seed7,289,46482.21212121212
hpmcounter8,normal,seed7,290,46485.74545454545
hpmcounter8,normal,seed7,291,46487.74545454545
hpmcounter8,normal,seed7,292,46489.30303030303
hpmcounter8,normal,seed7,293,46486.47878787879
hpmcounter8,normal,seed7,294,46481.01212121212
hpmcounter8,normal,seed7,295,46469.430303030305
hpmcounter8,normal,seed7,296,46461.92121212121
hpmcounter8,normal,seed7,297,46461.84242424242
hpmcounter8,normal,seed7,298,46458.181818181816
hpmcounter8,normal,seed8,9,46495.430303030305
hpmcounter8,normal,seed8,10,46489.73333333333
hpmcounter8,normal,seed8,11,46483.35151515152
hpmcounter8,normal,seed8,12,46481.242424242424
hpmcounter8,normal,seed8,13,46480.46666666667
hpmcounter8,normal,seed8,14,46482.739393939395
hpmcounter8,normal,seed8,15,46485.951515151515
hpmcounter8,normal,seed8,16,46486.509090909094
hpmcounter8,normal,seed8,17,46486.30909090909
hpmcounter8,normal,seed8,18,46489.77575757576
hpmcounter8,normal,seed8,19,46495.00606060606
hpmcounter8,normal,seed8,20,46499.01212121212
hpmcounter8,normal,seed8,21,46499.81212121212
hpmcounter8,normal,seed8,22,46497.33939393939
hpmcounter8,normal,seed8,23,46498.430303030305
hpmcounter8,normal,seed8,24,46503.22424242424
hpmcounter8,normal,seed8,25,46508.375757575755
hpmcounter8,normal,seed8,26,46503.3696969697
hpmcounter8,normal,seed8,27,46499.42424242424
hpmcounter8,normal,seed8,28,46492.64848484848
hpmcounter8,normal,seed8,29,46491.145454545454
hpmcounter8,normal,seed8,30,46494.82424242424
hpmcounter8,normal,seed8,31,46498.06060606061
hpmcounter8,normal,seed8,32,46491.77575757576
hpmcounter8,normal,seed8,33,46487.34545454545
hpmcounter8,normal,seed8,34,46484.21212121212
hpmcounter8,normal,seed8,35,46481.24848484848
hpmcounter8,normal,seed8,36,46475.854545454546
hpmcounter8,normal,seed8,37,46471.545454545456
hpmcounter8,normal,seed8,38,46466.46666666667
hpmcounter8,normal,seed8,39,46463.472727272725
hpmcounter8,normal,seed8,40,46469.642424242425
hpmcounter8,normal,seed8,41,46480.32727272727
hpmcounter8,normal,seed8,42,46486.07272727273
hpmcounter8,normal,seed8,43,46492.01818181818
hpmcounter8,normal,seed8,44,46496.53939393939
hpmcounter8,normal,seed8,45,46494.43636363636
hpmcounter8,normal,seed8,46,46494.666666666664
hpmcounter8,normal,seed8,47,46497.29090909091
hpmcounter8,normal,seed8,48,46500.36363636364
hpmcounter8,normal,seed8,49,46501.04242424243
hpmcounter8,normal,seed8,50,46508.2
hpmcounter8,normal,seed8,51,46522.94545454546
hpmcounter8,normal,seed8,52,46530.2
hpmcounter8,normal,seed8,53,46536.69090909091
hpmcounter8,normal,seed8,54,46541.242424242424
hpmcounter8,normal,seed8,55,46540.624242424245
hpmcounter8,normal,seed8,56,46823.48484848485
hpmcounter8,normal,seed8,57,47323.30909090909
hpmcounter8,normal,seed8,58,47975.70909090909
hpmcounter8,normal,seed8,59,48446.35151515152
hpmcounter8,normal,seed8,60,48732.430303030305
hpmcounter8,normal,seed8,61,49116.92727272727
hpmcounter8,normal,seed8,62,49521.74545454545
hpmcounter8,normal,seed8,63,49613.1393939394
hpmcounter8,normal,seed8,64,49385.25454545455
hpmcounter8,normal,seed8,65,48841.90909090909
hpmcounter8,normal,seed8,66,48338.527272727275
hpmcounter8,normal,seed8,67,47927.93939393939
hpmcounter8,normal,seed8,68,47667.42424242424
hpmcounter8,normal,seed8,69,47294.587878787876
hpmcounter8,normal,seed8,70,46793.53333333333
hpmcounter8,normal,seed8,71,46511.07878787879
hpmcounter8,normal,seed8,72,46510.48484848485
hpmcounter8,normal,seed8,73,46513.315151515155
hpmcounter8,normal,seed8,74,46505.739393939395
hpmcounter8,normal,seed8,75,46490.92121212121
hpmcounter8,normal,seed8,76,46481.19393939394
hpmcounter8,normal,seed8,77,46756.1393939394
hpmcounter8,normal,seed8,78,46972.7696969697
hpmcounter8,normal,seed8,79,47133.569696969695
hpmcounter8,normal,seed8,80,47230.2303030303
hpmcounter8,normal,seed8,81,47271.121212121216
hpmcounter8,normal,seed8,82,47252.00606060606
hpmcounter8,normal,seed8,83,47172.30303030303
hpmcounter8,normal,seed8,84,47019.70909090909
hpmcounter8,normal,seed8,85,46796.430303030305
hpmcounter8,normal,seed8,86,46505.1393939394
hpmcounter8,normal,seed8,87,46492.92121212121
hpmcounter8,normal,seed8,88,46485.763636363634
hpmcounter8,normal,seed8,89,46478.1393939394
hpmcounter8,normal,seed8,90,46466.066666666666
hpmcounter8,normal,seed8,91,46465.066666666666
hpmcounter8,normal,seed8,92,46468.066666666666
hpmcounter8,normal,seed8,93,46474.84242424242
hpmcounter8,normal,seed8,94,46471.09696969697
hpmcounter8,normal,seed8,95,46461.315151515155
hpmcounter8,normal,seed8,96,46452.11515151515
hpmcounter8,normal,seed8,97,46449.121212121216
hpmcounter8,normal,seed8,98,46448.47878787879
hpmcounter8,normal,seed8,99,46450.975757575754
hpmcounter8,normal,seed8,100,46447.29090909091
hpmcounter8,normal,seed8,101,46447.1393939394
hpmcounter8,normal,seed8,102,46452.357575757575
hpmcounter8,normal,seed8,103,46467.739393939395
hpmcounter8,normal,seed8,104,46477.315151515155
hpmcounter8,normal,seed8,105,46479.82424242424
hpmcounter8,normal,seed8,106,46488.30303030303
hpmcounter8,normal,seed8,107,46494.854545454546
hpmcounter8,normal,seed8,108,46496.1696969697
hpmcounter8,normal,seed8,109,46495.80606060606
hpmcounter8,normal,seed8,110,46492.763636363634
hpmcounter8,normal,seed8,111,46486.63636363636
hpmcounter8,normal,seed8,112,46480.92121212121
hpmcounter8,normal,seed8,113,46481.7696969697
hpmcounter8,normal,seed8,114,46484.854545454546
hpmcounter8,normal,seed8,115,46487.569696969695
hpmcounter8,normal,seed8,116,46492.0
hpmcounter8,normal,seed8,117,46491.70303030303
hpmcounter8,normal,seed8,118,46490.04242424243
hpmcounter8,normal,seed8,119,46485.00606060606
hpmcounter8,normal,seed8,120,46483.569696969695
hpmcounter8,normal,seed8,121,46477.33939393939
hpmcounter8,normal,seed8,122,46478.87272727273
hpmcounter8,normal,seed8,123,46477.878787878784
hpmcounter8,normal,seed8,124,46477.73333333333
hpmcounter8,normal,seed8,125,46476.975757575754
hpmcounter8,normal,seed8,126,46472.27272727273
hpmcounter8,normal,seed8,127,46468.739393939395
hpmcounter8,normal,seed8,128,46468.606060606064
hpmcounter8,normal,seed8,129,46458.46666666667
hpmcounter8,normal,seed8,130,46454.13333333333
hpmcounter8,normal,seed8,131,46449.35151515152
hpmcounter8,normal,seed8,132,46454.36363636364
hpmcounter8,normal,seed8,133,46465.00606060606
hpmcounter8,normal,seed8,134,46476.19393939394
hpmcounter8,normal,seed8,135,46480.8303030303
hpmcounter8,normal,seed8,136,46484.01212121212
hpmcounter8,normal,seed8,137,46491.545454545456
hpmcounter8,normal,seed8,138,46781.587878787876
hpmcounter8,normal,seed8,139,47277.624242424245
hpmcounter8,normal,seed8,140,47933.44242424242
hpmcounter8,normal,seed8,141,48681.951515151515
hpmcounter8,normal,seed8,142,49465.52121212121
hpmcounter8,normal,seed8,143,50227.70303030303
hpmcounter8,normal,seed8,144,50896.95757575757
hpmcounter8,normal,seed8,145,51407.01212121212
hpmcounter8,normal,seed8,146,51406.666666666664
hpmcounter8,normal,seed8,147,50910.36363636364
hpmcounter8,normal,seed8,148,50254.6
hpmcounter8,normal,seed8,149,49495.19393939394
hpmcounter8,normal,seed8,150,48703.10303030303
hpmcounter8,normal,seed8,151,47937.75151515152
hpmcounter8,normal,seed8,152,47267.44242424242
hpmcounter8,normal,seed8,153,46760.430303030305
hpmcounter8,normal,seed8,154,46473.09696969697
hpmcounter8,normal,seed8,155,46472.95757575757
hpmcounter8,normal,seed8,156,46470.25454545455
hpmcounter8,normal,seed8,157,46474.7696969697
hpmcounter8,normal,seed8,158,46484.836363636365
hpmcounter8,normal,seed8,159,46501.333333333336
hpmcounter8,normal,seed8,160,46507.67272727273
hpmcounter8,normal,seed8,161,46510.29696969697
hpmcounter8,normal,seed8,162,46507.96363636364
hpmcounter8,normal,seed8,163,46506.06060606061
hpmcounter8,normal,seed8,164,46500.50303030303
hpmcounter8,normal,seed8,165,46490.09696969697
hpmcounter8,normal,seed8,166,46478.3696969697
hpmcounter8,normal,seed8,167,46467.66060606061
hpmcounter8,normal,seed8,168,46464.77575757576
hpmcounter8,normal,seed8,169,46473.624242424245
hpmcounter8,normal,seed8,170,46474.78787878788
hpmcounter8,normal,seed8,171,46472.73333333333
hpmcounter8,normal,seed8,172,46469.490909090906
hpmcounter8,normal,seed8,173,46473.32121212121
hpmcounter8,normal,seed8,174,46471.44242424242
hpmcounter8,normal,seed8,175,46464.72727272727
hpmcounter8,normal,seed8,176,46458.67878787879
hpmcounter8,normal,seed8,177,46452.88484848485
hpmcounter8,normal,seed8,178,46456.64848484848
hpmcounter8,normal,seed8,179,46462.35151515152
hpmcounter8,normal,seed8,180,46463.84242424242
hpmcounter8,normal,seed8,181,46467.472727272725
hpmcounter8,normal,seed8,182,46466.8303030303
hpmcounter8,normal,seed8,183,46473.36363636364
hpmcounter8,normal,seed8,184,46473.00606060606
hpmcounter8,normal,seed8,185,46465.09696969697
hpmcounter8,normal,seed8,186,46459.1696969697
hpmcounter8,normal,seed8,187,46455.53939393939
hpmcounter8,normal,seed8,188,46459.06060606061
hpmcounter8,normal,seed8,189,46458.375757575755
hpmcounter8,normal,seed8,190,46460.236363636366
hpmcounter8,normal,seed8,191,46464.07272727273
hpmcounter8,normal,seed8,192,46469.278787878786
hpmcounter8,normal,seed8,193,46481.19393939394
hpmcounter8,normal,seed8,194,46485.88484848485
hpmcounter8,normal,seed8,195,46485.27272727273
hpmcounter8,normal,seed8,196,46483.818181818184
hpmcounter8,normal,seed8,197,46486.70303030303
hpmcounter8,normal,seed8,198,46492.34545454545
hpmcounter8,normal,seed8,199,46492.163636363635
hpmcounter8,normal,seed8,200,46498.13333333333
hpmcounter8,normal,seed8,201,46494.91515151515
hpmcounter8,normal,seed8,202,46491.59393939394
hpmcounter8,normal,seed8,203,46490.92727272727
hpmcounter8,normal,seed8,204,46482.30303030303
hpmcounter8,normal,seed8,205,46476.88484848485
hpmcounter8,normal,seed8,206,46470.145454545454
hpmcounter8,normal,seed8,207,46468.666666666664
hpmcounter8,normal,seed8,208,46468.13333333333
hpmcounter8,normal,seed8,209,46464.38787878788
hpmcounter8,normal,seed8,210,46466.757575757576
hpmcounter8,normal,seed8,211,46466.878787878784
hpmcounter8,normal,seed8,212,46469.94545454546
hpmcounter8,normal,seed8,213,46471.22424242424
hpmcounter8,normal,seed8,214,46471.09696969697
hpmcounter8,normal,seed8,215,46468.17575757576
hpmcounter8,normal,seed8,216,46465.07272727273
hpmcounter8,normal,seed8,217,46468.57575757576
hpmcounter8,normal,seed8,218,46470.86666666667
hpmcounter8,normal,seed8,219,46466.43636363636
hpmcounter8,normal,seed8,220,46465.721212121214
hpmcounter8,normal,seed8,221,46468.2303030303
hpmcounter8,normal,seed8,222,46475.64848484848
hpmcounter8,normal,seed8,223,46479.218181818185
hpmcounter8,normal,seed8,224,46486.82424242424
hpmcounter8,normal,seed8,225,46484.88484848485
hpmcounter8,normal,seed8,226,46476.61212121212
hpmcounter8,normal,seed8,227,46468.66060606061
hpmcounter8,normal,seed8,228,46459.951515151515
hpmcounter8,normal,seed8,229,46445.72727272727
hpmcounter8,normal,seed8,230,46440.8303030303
hpmcounter8,normal,seed8,231,46444.12727272727
hpmcounter8,normal,seed8,232,46451.8606060606
hpmcounter8,normal,seed8,233,46459.86666666667
hpmcounter8,normal,seed8,234,46470.09696969697
hpmcounter8,normal,seed8,235,46480.666666666664
hpmcounter8,normal,seed8,236,46491.08484848485
hpmcounter8,normal,seed8,237,46498.22424242424
hpmcounter8,normal,seed8,238,46496.8606060606
hpmcounter8,normal,seed8,239,46492.1696969697
hpmcounter8,normal,seed8,240,46491.07272727273
hpmcounter8,normal,seed8,241,46491.624242424245
hpmcounter8,normal,seed8,242,46489.18787878788
hpmcounter8,normal,seed8,243,46483.21212121212
hpmcounter8,normal,seed8,244,46475.19393939394
hpmcounter8,normal,seed8,245,46470.6
hpmcounter8,normal,seed8,246,46472.57575757576
hpmcounter8,normal,seed8,247,46477.69696969697
hpmcounter8,normal,seed8,248,46482.43636363636
hpmcounter8,normal,seed8,249,46486.818181818184
hpmcounter8,normal,seed8,250,46493.46060606061
hpmcounter8,normal,seed8,251,46499.74545454545
hpmcounter8,normal,seed8,252,46498.587878787876
hpmcounter8,normal,seed8,253,46490.93939393939
hpmcounter8,normal,seed8,254,46487.21212121212
hpmcounter8,normal,seed8,255,46485.74545454545
hpmcounter8,normal,seed8,256,46489.53333333333
hpmcounter8,normal,seed8,257,46494.260606060605
hpmcounter8,normal,seed8,258,46501.09090909091
hpmcounter8,normal,seed8,259,46509.24848484848
hpmcounter8,normal,seed8,260,46511.24848484848
hpmcounter8,normal,seed8,261,46514.030303030304
hpmcounter8,normal,seed8,262,46503.71515151515
hpmcounter8,normal,seed8,263,46481.569696969695
hpmcounter8,normal,seed8,264,46464.145454545454
hpmcounter8,normal,seed8,265,46454.41818181818
hpmcounter8,normal,seed8,266,46451.393939393936
hpmcounter8,normal,seed8,267,46455.04242424243
hpmcounter8,normal,seed8,268,46464.84848484849
hpmcounter8,normal,seed8,269,46479.46060606061
hpmcounter8,normal,seed8,270,46485.1696969697
hpmcounter8,normal,seed8,271,46496.242424242424
hpmcounter8,normal,seed8,272,46499.80606060606
hpmcounter8,normal,seed8,273,46491.260606060605
hpmcounter8,normal,seed8,274,46484.84242424242
hpmcounter8,normal,seed8,275,46484.218181818185
hpmcounter8,normal,seed8,276,46477.11515151515
hpmcounter8,normal,seed8,277,46470.87272727273
hpmcounter8,normal,seed8,278,46474.454545454544
hpmcounter8,normal,seed8,279,46476.0
hpmcounter8,normal,seed8,280,46472.0
hpmcounter8,normal,seed8,281,46474.145454545454
hpmcounter8,normal,seed8,282,46474.36363636364
hpmcounter8,normal,seed8,283,46475.527272727275
hpmcounter8,normal,seed8,284,46482.684848484845
hpmcounter8,normal,seed8,285,46491.472727272725
hpmcounter8,normal,seed8,286,46494.65454545455
hpmcounter8,normal,seed8,287,46495.77575757576
hpmcounter8,normal,seed8,288,46498.624242424245
hpmcounter8,normal,seed8,289,46498.430303030305
hpmcounter8,normal,seed8,290,46495.73333333333
hpmcounter8,normal,seed8,291,46493.06060606061
hpmcounter8,normal,seed8,292,46482.721212121214
hpmcounter8,normal,seed8,293,46475.3696969697
hpmcounter8,normal,seed8,294,46475.0
hpmcounter8,normal,seed8,295,46475.20606060606
hpmcounter8,normal,seed8,296,46476.933333333334
hpmcounter8,normal,seed8,297,46481.975757575754
hpmcounter8,normal,seed8,298,46489.48484848485
hpmcounter8,normal,seed9,9,46498.05454545454
hpmcounter8,normal,seed9,10,46490.44242424242
hpmcounter8,normal,seed9,11,46482.606060606064
hpmcounter8,normal,seed9,12,46486.15757575758
hpmcounter8,normal,seed9,13,46483.78787878788
hpmcounter8,normal,seed9,14,46486.878787878784
hpmcounter8,normal,seed9,15,46487.32121212121
hpmcounter8,normal,seed9,16,46491.74545454545
hpmcounter8,normal,seed9,17,46497.35151515152
hpmcounter8,normal,seed9,18,46508.82424242424
hpmcounter8,normal,seed9,19,46517.61818181818
hpmcounter8,normal,seed9,20,46519.15151515151
hpmcounter8,normal,seed9,21,46518.11515151515
hpmcounter8,normal,seed9,22,46515.6303030303
hpmcounter8,normal,seed9,23,46509.1393939394
hpmcounter8,normal,seed9,24,46506.67878787879
hpmcounter8,normal,seed9,25,46498.4
hpmcounter8,normal,seed9,26,46484.430303030305
hpmcounter8,normal,seed9,27,46472.98787878788
hpmcounter8,normal,seed9,28,46463.44242424242
hpmcounter8,normal,seed9,29,46461.490909090906
hpmcounter8,normal,seed9,30,46466.77575757576
hpmcounter8,normal,seed9,31,46474.96363636364
hpmcounter8,normal,seed9,32,46474.20606060606
hpmcounter8,normal,seed9,33,46475.99393939394
hpmcounter8,normal,seed9,34,46478.29090909091
hpmcounter8,normal,seed9,35,46477.38181818182
hpmcounter8,normal,seed9,36,46473.569696969695
hpmcounter8,normal,seed9,37,46469.61818181818
hpmcounter8,normal,seed9,38,46463.721212121214
hpmcounter8,normal,seed9,39,46458.587878787876
hpmcounter8,normal,seed9,40,46464.40606060606
hpmcounter8,normal,seed9,41,46475.96363636364
hpmcounter8,normal,seed9,42,46481.53333333333
hpmcounter8,normal,seed9,43,46489.70909090909
hpmcounter8,normal,seed9,44,46493.77575757576
hpmcounter8,normal,seed9,45,46491.030303030304
hpmcounter8,normal,seed9,46,46492.81212121212
hpmcounter8,normal,seed9,47,46493.19393939394
hpmcounter8,normal,seed9,48,46495.04242424243
hpmcounter8,normal,seed9,49,46492.32727272727
hpmcounter8,normal,seed9,50,46491.818181818184
hpmcounter8,normal,seed9,51,46500.121212121216
hpmcounter8,normal,seed9,52,46504.20606060606
hpmcounter8,normal,seed9,53,46507.59393939394
hpmcounter8,normal,seed9,54,46509.236363636366
hpmcounter8,normal,seed9,55,46509.163636363635
hpmcounter8,normal,seed9,56,46509.975757575754
hpmcounter8,normal,seed9,57,46509.70909090909
hpmcounter8,normal,seed9,58,46512.066666666666
hpmcounter8,normal,seed9,59,46511.15757575758
hpmcounter8,normal,seed9,60,46507.15151515151
hpmcounter8,normal,seed9,61,46505.066666666666
hpmcounter8,normal,seed9,62,46499.818181818184
hpmcounter8,normal,seed9,63,46491.163636363635
hpmcounter8,normal,seed9,64,46487.07878787879
hpmcounter8,normal,seed9,65,46489.10303030303
hpmcounter8,normal,seed9,66,46486.81212121212
hpmcounter8,normal,seed9,67,46489.11515151515
hpmcounter8,normal,seed9,68,46498.763636363634
hpmcounter8,normal,seed9,69,46512.00606060606
hpmcounter8,normal,seed9,70,46519.09090909091
hpmcounter8,normal,seed9,71,46516.781818181815
hpmcounter8,normal,seed9,72,46513.545454545456
hpmcounter8,normal,seed9,73,46503.781818181815
hpmcounter8,normal,seed9,74,46499.27272727273
hpmcounter8,normal,seed9,75,46491.757575757576
hpmcounter8,normal,seed9,76,46760.30303030303
hpmcounter8,normal,seed9,77,47251.236363636366
hpmcounter8,normal,seed9,78,47905.64848484848
hpmcounter8,normal,seed9,79,48666.01818181818
hpmcounter8,normal,seed9,80,49177.15151515151
hpmcounter8,normal,seed9,81,49437.145454545454
hpmcounter8,normal,seed9,82,49453.8303030303
hpmcounter8,normal,seed9,83,49212.587878787876
hpmcounter8,normal,seed9,84,48716.15151515151
hpmcounter8,normal,seed9,85,47958.454545454544
hpmcounter8,normal,seed9,86,47286.32727272727
hpmcounter8,normal,seed9,87,46770.854545454546
hpmcounter8,normal,seed9,88,46469.13333333333
hpmcounter8,normal,seed9,89,46459.030303030304
hpmcounter8,normal,seed9,90,46454.43636363636
hpmcounter8,normal,seed9,91,46450.472727272725
hpmcounter8,normal,seed9,92,46458.545454545456
hpmcounter8,normal,seed9,93,46469.59393939394
hpmcounter8,normal,seed9,94,46479.04242424243
hpmcounter8,normal,seed9,95,46485.375757575755
hpmcounter8,normal,seed9,96,46480.96363636364
hpmcounter8,normal,seed9,97,46479.8
hpmcounter8,normal,seed9,98,46477.21212121212
hpmcounter8,normal,seed9,99,46477.47878787879
hpmcounter8,normal,seed9,100,46480.46060606061
hpmcounter8,normal,seed9,101,46487.96363636364
hpmcounter8,normal,seed9,102,46498.00606060606
hpmcounter8,normal,seed9,103,46505.357575757575
hpmcounter8,normal,seed9,104,46507.72727272727
hpmcounter8,normal,seed9,105,46505.65454545455
hpmcounter8,normal,seed9,106,46495.19393939394
hpmcounter8,normal,seed9,107,46484.82424242424
hpmcounter8,normal,seed9,108,46479.030303030304
hpmcounter8,normal,seed9,109,46473.43636363636
hpmcounter8,normal,seed9,110,46467.11515151515
hpmcounter8,normal,seed9,111,46469.181818181816
hpmcounter8,normal,seed9,112,46479.933333333334
hpmcounter8,normal,seed9,113,46491.38787878788
hpmcounter8,normal,seed9,114,46500.2303030303
hpmcounter8,normal,seed9,115,46501.67272727273
hpmcounter8,normal,seed9,116,46501.2
hpmcounter8,normal,seed9,117,46500.01212121212
hpmcounter8,normal,seed9,118,46497.1696969697
hpmcounter8,normal,seed9,119,46492.40606060606
hpmcounter8,normal,seed9,120,46488.721212121214
hpmcounter8,normal,seed9,121,46479.218181818185
hpmcounter8,normal,seed9,122,46471.684848484845
hpmcounter8,normal,seed9,123,46471.357575757575
hpmcounter8,normal,seed9,124,46474.509090909094
hpmcounter8,normal,seed9,125,46474.8303030303
hpmcounter8,normal,seed9,126,46482.38787878788
hpmcounter8,normal,seed9,127,46492.6303030303
hpmcounter8,normal,seed9,128,46506.36363636364
hpmcounter8,normal,seed9,129,46509.145454545454
hpmcounter8,normal,seed9,130,46518.242424242424
hpmcounter8,normal,seed9,131,46523.4
hpmcounter8,normal,seed9,132,46515.92121212121
hpmcounter8,normal,seed9,133,46510.412121212124
hpmcounter8,normal,seed9,134,46499.57575757576
hpmcounter8,normal,seed9,135,46488.38787878788
hpmcounter8,normal,seed9,136,46479.74545454545
hpmcounter8,normal,seed9,137,46467.30303030303
hpmcounter8,normal,seed9,138,46463.88484848485
hpmcounter8,normal,seed9,139,46454.91515151515
hpmcounter8,normal,seed9,140,46454.87272727273
hpmcounter8,normal,seed9,141,46463.86666666667
hpmcounter8,normal,seed9,142,46472.242424242424
hpmcounter8,normal,seed9,143,46482.53333333333
hpmcounter8,normal,seed9,144,46481.72727272727
hpmcounter8,normal,seed9,145,46485.52121212121
hpmcounter8,normal,seed9,146,46486.030303030304
hpmcounter8,normal,seed9,147,46482.84848484849
hpmcounter8,normal,seed9,148,46475.63636363636
hpmcounter8,normal,seed9,149,46471.666666666664
hpmcounter8,normal,seed9,150,46469.024242424246
hpmcounter8,normal,seed9,151,46474.218181818185
hpmcounter8,normal,seed9,152,46474.066666666666
hpmcounter8,normal,seed9,153,46477.71515151515
hpmcounter8,normal,seed9,154,46474.818181818184
hpmcounter8,normal,seed9,155,46478.07272727273
hpmcounter8,normal,seed9,156,46763.393939393936
hpmcounter8,normal,seed9,157,47275.1393939394
hpmcounter8,normal,seed9,158,47936.32121212121
hpmcounter8,normal,seed9,159,48695.2
hpmcounter8,normal,seed9,160,49478.448484848486
hpmcounter8,normal,seed9,161,50235.6
hpmcounter8,normal,seed9,162,50610.0
hpmcounter8,normal,seed9,163,50604.393939393936
hpmcounter8,normal,seed9,164,50219.61818181818
hpmcounter8,normal,seed9,165,49464.29696969697
hpmcounter8,normal,seed9,166,48676.17575757576
hpmcounter8,normal,seed9,167,47925.70303030303
hpmcounter8,normal,seed9,168,47259.67878787879
hpmcounter8,normal,seed9,169,46751.61212121212
hpmcounter8,normal,seed9,170,46460.07272727273
hpmcounter8,normal,seed9,171,46455.551515151514
hpmcounter8,normal,seed9,172,46461.242424242424
hpmcounter8,normal,seed9,173,46466.56363636364
hpmcounter8,normal,seed9,174,46474.030303030304
hpmcounter8,normal,seed9,175,46487.12727272727
hpmcounter8,normal,seed9,176,46494.030303030304
hpmcounter8,normal,seed9,177,46501.15151515151
hpmcounter8,normal,seed9,178,46492.70909090909
hpmcounter8,normal,seed9,179,46476.57575757576
hpmcounter8,normal,seed9,180,46465.1696969697
hpmcounter8,normal,seed9,181,46457.15757575758
hpmcounter8,normal,seed9,182,46459.27272727273
hpmcounter8,normal,seed9,183,46464.448484848486
hpmcounter8,normal,seed9,184,46473.878787878784
hpmcounter8,normal,seed9,185,46481.77575757576
hpmcounter8,normal,seed9,186,46483.04242424243
hpmcounter8,normal,seed9,187,46483.03636363636
hpmcounter8,normal,seed9,188,46478.969696969696
hpmcounter8,normal,seed9,189,46468.84242424242
hpmcounter8,normal,seed9,190,46470.13333333333
hpmcounter8,normal,seed9,191,46754.1696969697
hpmcounter8,normal,seed9,192,47257.781818181815
hpmcounter8,normal,seed9,193,47925.18787878788
hpmcounter8,normal,seed9,194,48694.509090909094
hpmcounter8,normal,seed9,195,49204.066666666666
hpmcounter8,normal,seed9,196,49454.066666666666
hpmcounter8,normal,seed9,197,49449.818181818184
hpmcounter8,normal,seed9,198,49191.07878787879
hpmcounter8,normal,seed9,199,48685.2
hpmcounter8,normal,seed9,200,47939.666666666664
hpmcounter8,normal,seed9,201,47281.739393939395
hpmcounter8,normal,seed9,202,46770.48484848485
hpmcounter8,normal,seed9,203,46484.315151515155
hpmcounter8,normal,seed9,204,46489.07272727273
hpmcounter8,normal,seed9,205,46487.606060606064
hpmcounter8,normal,seed9,206,46485.50303030303
hpmcounter8,normal,seed9,207,46477.09696969697
hpmcounter8,normal,seed9,208,46467.69696969697
hpmcounter8,normal,seed9,209,46466.42424242424
hpmcounter8,normal,seed9,210,46471.10303030303
hpmcounter8,normal,seed9,211,46468.57575757576
hpmcounter8,normal,seed9,212,46462.57575757576
hpmcounter8,normal,seed9,213,46460.09090909091
hpmcounter8,normal,seed9,214,46460.70909090909
hpmcounter8,normal,seed9,215,46461.96363636364
hpmcounter8,normal,seed9,216,46465.09090909091
hpmcounter8,normal,seed9,217,46459.89090909091
hpmcounter8,normal,seed9,218,46459.1393939394
hpmcounter8,normal,seed9,219,46464.53939393939
hpmcounter8,normal,seed9,220,46470.024242424246
hpmcounter8,normal,seed9,221,46470.43636363636
hpmcounter8,normal,seed9,222,46470.1393939394
hpmcounter8,normal,seed9,223,46471.55757575758
hpmcounter8,normal,seed9,224,46472.82424242424
hpmcounter8,normal,seed9,225,46481.87272727273
hpmcounter8,normal,seed9,226,46486.315151515155
hpmcounter8,normal,seed9,227,46491.25454545455
hpmcounter8,normal,seed9,228,46494.33939393939
hpmcounter8,normal,seed9,229,46504.69696969697
hpmcounter8,normal,seed9,230,46512.01818181818
hpmcounter8,normal,seed9,231,46514.66060606061
hpmcounter8,normal,seed9,232,46511.24848484848
hpmcounter8,normal,seed9,233,46504.36363636364
hpmcounter8,normal,seed9,234,46495.13333333333
hpmcounter8,normal,seed9,235,46483.92727272727
hpmcounter8,normal,seed9,236,46476.95757575757
hpmcounter8,normal,seed9,237,46477.551515151514
hpmcounter8,normal,seed9,238,46479.61818181818
hpmcounter8,normal,seed9,239,46491.03636363636
hpmcounter8,normal,seed9,240,46500.96363636364
hpmcounter8,normal,seed9,241,46513.92727272727
hpmcounter8,normal,seed9,242,46521.121212121216
hpmcounter8,normal,seed9,243,46522.38181818182
hpmcounter8,normal,seed9,244,46517.69090909091
hpmcounter8,normal,seed9,245,46503.333333333336
hpmcounter8,normal,seed9,246,46495.472727272725
hpmcounter8,normal,seed9,247,46483.26666666667
hpmcounter8,normal,seed9,248,46468.05454545454
hpmcounter8,normal,seed9,249,46453.70303030303
hpmcounter8,normal,seed9,250,46443.066666666666
hpmcounter8,normal,seed9,251,46441.1393939394
hpmcounter8,normal,seed9,252,46445.278787878786
hpmcounter8,normal,seed9,253,46452.32727272727
hpmcounter8,normal,seed9,254,46460.41818181818
hpmcounter8,normal,seed9,255,46472.01818181818
hpmcounter8,normal,seed9,256,46494.048484848485
hpmcounter8,normal,seed9,257,46509.545454545456
hpmcounter8,normal,seed9,258,46515.35151515152
hpmcounter8,normal,seed9,259,46509.15151515151
hpmcounter8,normal,seed9,260,46498.91515151515
hpmcounter8,normal,seed9,261,46489.448484848486
hpmcounter8,normal,seed9,262,46481.36363636364
hpmcounter8,normal,seed9,263,46474.90303030303
hpmcounter8,normal,seed9,264,46462.33939393939
hpmcounter8,normal,seed9,265,46456.79393939394
hpmcounter8,normal,seed9,266,46458.08484848485
hpmcounter8,normal,seed9,267,46455.30303030303
hpmcounter8,normal,seed9,268,46447.64848484848
hpmcounter8,normal,seed9,269,46446.21212121212
hpmcounter8,normal,seed9,270,46442.642424242425
hpmcounter8,normal,seed9,271,46445.40606060606
hpmcounter8,normal,seed9,272,46448.412121212124
hpmcounter8,normal,seed9,273,46453.46666666667
hpmcounter8,normal,seed9,274,46458.357575757575
hpmcounter8,normal,seed9,275,46473.52121212121
hpmcounter8,normal,seed9,276,46485.6303030303
hpmcounter8,normal,seed9,277,46487.61818181818
hpmcounter8,normal,seed9,278,46484.3696969697
hpmcounter8,normal,seed9,279,46489.38787878788
hpmcounter8,normal,seed9,280,46486.26666666667
hpmcounter8,normal,seed9,281,46486.933333333334
hpmcounter8,normal,seed9,282,46491.25454545455
hpmcounter8,normal,seed9,283,46491.67878787879
hpmcounter8,normal,seed9,284,46491.333333333336
hpmcounter8,normal,seed9,285,46494.551515151514
hpmcounter8,normal,seed9,286,46490.09696969697
hpmcounter8,normal,seed9,287,46487.52121212121
hpmcounter8,normal,seed9,288,46483.94545454546
hpmcounter8,normal,seed9,289,46483.29090909091
hpmcounter8,normal,seed9,290,46474.84242424242
hpmcounter8,normal,seed9,291,46470.15757575758
hpmcounter8,normal,seed9,292,46466.71515151515
hpmcounter8,normal,seed9,293,46467.34545454545
hpmcounter8,normal,seed9,294,46474.10303030303
hpmcounter8,normal,seed9,295,46478.33939393939
hpmcounter8,normal,seed9,296,46476.27272727273
hpmcounter8,normal,seed9,297,46478.15151515151
hpmcounter8,normal,seed9,298,46477.81212121212
hpmcounter9,drift,seed1,9,3.2181818181818183
hpmcounter9,drift,seed1,10,3.0
hpmcounter9,drift,seed1,11,3.0
hpmcounter9,drift,seed1,12,3.0
hpmcounter9,drift,seed1,13,3.0
hpmcounter9,drift,seed1,14,3.0
hpmcounter9,drift,seed1,15,3.0
hpmcounter9,drift,seed1,16,3.0
hpmcounter9,drift,seed1,17,3.0
hpmcounter9,drift,seed1,18,3.0
hpmcounter9,drift,seed1,19,3.0
hpmcounter9,drift,seed1,20,3.0
hpmcounter9,drift,seed1,21,3.0545454545454547
hpmcounter9,drift,seed1,22,3.096969696969697
hpmcounter9,drift,seed1,23,3.1272727272727274
hpmcounter9,drift,seed1,24,3.1454545454545455
hpmcounter9,drift,seed1,25,3.1515151515151514
hpmcounter9,drift,seed1,26,3.1454545454545455
hpmcounter9,drift,seed1,27,3.1272727272727274
hpmcounter9,drift,seed1,28,3.096969696969697
hpmcounter9,drift,seed1,29,3.0545454545454547
hpmcounter9,drift,seed1,30,3.0
hpmcounter9,drift,seed1,31,3.0
hpmcounter9,drift,seed1,32,3.0
hpmcounter9,drift,seed1,33,3.0
hpmcounter9,drift,seed1,34,3.0545454545454547
hpmcounter9,drift,seed1,35,3.096969696969697
hpmcounter9,drift,seed1,36,3.1272727272727274
hpmcounter9,drift,seed1,37,3.1454545454545455
hpmcounter9,drift,seed1,38,3.1515151515151514
hpmcounter9,drift,seed1,39,3.1454545454545455
hpmcounter9,drift,seed1,40,3.1272727272727274
hpmcounter9,drift,seed1,41,3.096969696969697
hpmcounter9,drift,seed1,42,3.0545454545454547
hpmcounter9,drift,seed1,43,3.0
hpmcounter9,drift,seed1,44,3.0
hpmcounter9,drift,seed1,45,3.0
hpmcounter9,drift,seed1,46,3.0
hpmcounter9,drift,seed1,47,3.0
hpmcounter9,drift,seed1,48,3.0545454545454547
hpmcounter9,drift,seed1,49,3.096969696969697
hpmcounter9,drift,seed1,50,3.1272727272727274
hpmcounter9,drift,seed1,51,3.1454545454545455
hpmcounter9,drift,seed1,52,3.1515151515151514
hpmcounter9,drift,seed1,53,3.1454545454545455
hpmcounter9,drift,seed1,54,3.1272727272727274
hpmcounter9,drift,seed1,55,3.096969696969697
hpmcounter9,drift,seed1,56,3.0545454545454547
hpmcounter9,drift,seed1,57,3.0
hpmcounter9,drift,seed1,58,3.0
hpmcounter9,drift,seed1,59,3.0
hpmcounter9,drift,seed1,60,3.0
hpmcounter9,drift,seed1,61,3.0
hpmcounter9,drift,seed1,62,3.0545454545454547
hpmcounter9,drift,seed1,63,3.096969696969697
hpmcounter9,drift,seed1,64,3.1272727272727274
hpmcounter9,drift,seed1,65,3.1454545454545455
hpmcounter9,drift,seed1,66,3.1515151515151514
hpmcounter9,drift,seed1,67,3.1454545454545455
hpmcounter9,drift,seed1,68,3.1272727272727274
hpmcounter9,drift,seed1,69,3.096969696969697
hpmcounter9,drift,seed1,70,3.0545454545454547
hpmcounter9,drift,seed1,71,3.0
hpmcounter9,drift,seed1,72,3.0
hpmcounter9,drift,seed1,73,3.0
hpmcounter9,drift,seed1,74,3.0
hpmcounter9,drift,seed1,75,3.0
hpmcounter9,drift,seed1,76,3.0
hpmcounter9,drift,seed1,77,3.0
hpmcounter9,drift,seed1,78,3.0
hpmcounter9,drift,seed1,79,3.0
hpmcounter9,drift,seed1,80,3.0
hpmcounter9,drift,seed1,81,3.0
hpmcounter9,drift,seed1,82,3.0
hpmcounter9,drift,seed1,83,3.0
hpmcounter9,drift,seed1,84,3.0
hpmcounter9,drift,seed1,85,3.109090909090909
hpmcounter9,drift,seed1,86,3.193939393939394
hpmcounter9,drift,seed1,87,3.2545454545454544
hpmcounter9,drift,seed1,88,3.290909090909091
hpmcounter9,drift,seed1,89,3.303030303030303
hpmcounter9,drift,seed1,90,3.290909090909091
hpmcounter9,drift,seed1,91,3.2545454545454544
hpmcounter9,drift,seed1,92,3.193939393939394
hpmcounter9,drift,seed1,93,3.109090909090909
hpmcounter9,drift,seed1,94,3.0
hpmcounter9,drift,seed1,95,3.0
hpmcounter9,drift,seed1,96,3.0
hpmcounter9,drift,seed1,97,3.0
hpmcounter9,drift,seed1,98,3.0
hpmcounter9,drift,seed1,99,3.0
hpmcounter9,drift,seed1,100,3.0
hpmcounter9,drift,seed1,101,3.0
hpmcounter9,drift,seed1,102,3.0
hpmcounter9,drift,seed1,103,3.0
hpmcounter9,drift,seed1,104,3.0
hpmcounter9,drift,seed1,105,3.0
hpmcounter9,drift,seed1,106,3.0
hpmcounter9,drift,seed1,107,3.0
hpmcounter9,drift,seed1,108,3.0
hpmcounter9,drift,seed1,109,3.0
hpmcounter9,drift,seed1,110,3.0
hpmcounter9,drift,seed1,111,3.0
hpmcounter9,drift,seed1,112,3.0
hpmcounter9,drift,seed1,113,3.0
hpmcounter9,drift,seed1,114,3.0
hpmcounter9,drift,seed1,115,3.0
hpmcounter9,drift,seed1,116,3.0
hpmcounter9,drift,seed1,117,3.0
hpmcounter9,drift,seed1,118,3.0
hpmcounter9,drift,seed1,119,3.0
hpmcounter9,drift,seed1,120,3.0
hpmcounter9,drift,seed1,121,3.0
hpmcounter9,drift,seed1,122,3.0
hpmcounter9,drift,seed1,123,3.0
hpmcounter9,drift,seed1,124,3.0
hpmcounter9,drift,seed1,125,3.0
hpmcounter9,drift,seed1,126,3.0
hpmcounter9,drift,seed1,127,3.0
hpmcounter9,drift,seed1,128,3.0
hpmcounter9,drift,seed1,129,3.0
hpmcounter9,drift,seed1,130,3.0
hpmcounter9,drift,seed1,131,3.0
hpmcounter9,drift,seed1,132,3.0
hpmcounter9,drift,seed1,133,3.0
hpmcounter9,drift,seed1,134,3.0
hpmcounter9,drift,seed1,135,3.0545454545454547
hpmcounter9,drift,seed1,136,3.096969696969697
hpmcounter9,drift,seed1,137,3.1272727272727274
hpmcounter9,drift,seed1,138,3.1454545454545455
hpmcounter9,drift,seed1,139,3.1515151515151514
hpmcounter9,drift,seed1,140,3.1454545454545455
hpmcounter9,drift,seed1,141,3.1272727272727274
hpmcounter9,drift,seed1,142,3.096969696969697
hpmcounter9,drift,seed1,143,3.0545454545454547
hpmcounter9,drift,seed1,144,3.0
hpmcounter9,drift,seed1,145,3.109090909090909
hpmcounter9,drift,seed1,146,3.193939393939394
hpmcounter9,drift,seed1,147,3.2545454545454544
hpmcounter9,drift,seed1,148,3.290909090909091
hpmcounter9,drift,seed1,149,3.303030303030303
hpmcounter9,drift,seed1,150,3.290909090909091
hpmcounter9,drift,seed1,151,3.2545454545454544
hpmcounter9,drift,seed1,152,3.193939393939394
hpmcounter9,drift,seed1,153,3.109090909090909
hpmcounter9,drift,seed1,154,3.0
hpmcounter9,drift,seed1,155,3.0
hpmcounter9,drift,seed1,156,3.0
hpmcounter9,drift,seed1,157,3.0
hpmcounter9,drift,seed1,158,3.0
hpmcounter9,drift,seed1,159,3.0
hpmcounter9,drift,seed1,160,3.0
hpmcounter9,drift,seed1,161,3.0
hpmcounter9,drift,seed1,162,3.0
hpmcounter9,drift,seed1,163,3.0
hpmcounter9,drift,seed1,164,3.0
hpmcounter9,drift,seed1,165,3.0
hpmcounter9,drift,seed1,166,3.0
hpmcounter9,drift,seed1,167,3.0
hpmcounter9,drift,seed1,168,3.0
hpmcounter9,drift,seed1,169,3.0
hpmcounter9,drift,seed1,170,3.0
hpmcounter9,drift,seed1,171,3.0
hpmcounter9,drift,seed1,172,3.0
hpmcounter9,drift,seed1,173,3.0
hpmcounter9,drift,seed1,174,3.0
hpmcounter9,drift,seed1,175,3.0
hpmcounter9,drift,seed1,176,3.0
hpmcounter9,drift,seed1,177,3.0
hpmcounter9,drift,seed1,178,3.0
hpmcounter9,drift,seed1,179,3.0
hpmcounter9,drift,seed1,180,3.0
hpmcounter9,drift,seed1,181,3.0
hpmcounter9,drift,seed1,182,3.0
hpmcounter9,drift,seed1,183,3.0
hpmcounter9,drift,seed1,184,3.0
hpmcounter9,drift,seed1,185,3.0
hpmcounter9,drift,seed1,186,3.0
hpmcounter9,drift,seed1,187,3.0
hpmcounter9,drift,seed1,188,3.0
hpmcounter9,drift,seed1,189,3.0
hpmcounter9,drift,seed1,190,3.0
hpmcounter9,drift,seed1,191,3.0545454545454547
hpmcounter9,drift,seed1,192,3.096969696969697
hpmcounter9,drift,seed1,193,3.1272727272727274
hpmcounter9,drift,seed1,194,3.1454545454545455
hpmcounter9,drift,seed1,195,3.1515151515151514
hpmcounter9,drift,seed1,196,3.1454545454545455
hpmcounter9,drift,seed1,197,3.1272727272727274
hpmcounter9,drift,seed1,198,3.096969696969697
hpmcounter9,drift,seed1,199,3.0545454545454547
hpmcounter9,drift,seed1,200,3.0
hpmcounter9,drift,seed1,201,3.0
hpmcounter9,drift,seed1,202,3.0
hpmcounter9,drift,seed1,203,3.0
hpmcounter9,drift,seed1,204,3.0
hpmcounter9,drift,seed1,205,3.0
hpmcounter9,drift,seed1,206,3.0
hpmcounter9,drift,seed1,207,3.0
hpmcounter9,drift,seed1,208,3.0
hpmcounter9,drift,seed1,209,3.0
hpmcounter9,drift,seed1,210,3.0
hpmcounter9,drift,seed1,211,3.0
hpmcounter9,drift,seed1,212,3.0
hpmcounter9,drift,seed1,213,3.0
hpmcounter9,drift,seed1,214,3.109090909090909
hpmcounter9,drift,seed1,215,3.193939393939394
hpmcounter9,drift,seed1,216,3.2545454545454544
hpmcounter9,drift,seed1,217,3.290909090909091
hpmcounter9,drift,seed1,218,3.303030303030303
hpmcounter9,drift,seed1,219,3.290909090909091
hpmcounter9,drift,seed1,220,3.2545454545454544
hpmcounter9,drift,seed1,221,3.193939393939394
hpmcounter9,drift,seed1,222,3.109090909090909
hpmcounter9,drift,seed1,223,3.0
hpmcounter9,drift,seed1,224,3.0
hpmcounter9,drift,seed1,225,3.0
hpmcounter9,drift,seed1,226,3.0
hpmcounter9,drift,seed1,227,3.0
hpmcounter9,drift,seed1,228,3.0
hpmcounter9,drift,seed1,229,3.0
hpmcounter9,drift,seed1,230,3.0
hpmcounter9,drift,seed1,231,3.0
hpmcounter9,drift,seed1,232,3.0
hpmcounter9,drift,seed1,233,3.0
hpmcounter9,drift,seed1,234,3.0
hpmcounter9,drift,seed1,235,3.0
hpmcounter9,drift,seed1,236,3.0
hpmcounter9,drift,seed1,237,3.0
hpmcounter9,drift,seed1,238,3.109090909090909
hpmcounter9,drift,seed1,239,3.193939393939394
hpmcounter9,drift,seed1,240,3.2545454545454544
hpmcounter9,drift,seed1,241,3.290909090909091
hpmcounter9,drift,seed1,242,3.303030303030303
hpmcounter9,drift,seed1,243,3.290909090909091
hpmcounter9,drift,seed1,244,3.2545454545454544
hpmcounter9,drift,seed1,245,3.193939393939394
hpmcounter9,drift,seed1,246,3.109090909090909
hpmcounter9,drift,seed1,247,3.0
hpmcounter9,drift,seed1,248,3.0
hpmcounter9,drift,seed1,249,3.0
hpmcounter9,drift,seed1,250,3.0
hpmcounter9,drift,seed1,251,3.0
hpmcounter9,drift,seed1,252,3.0
hpmcounter9,drift,seed1,253,3.0
hpmcounter9,drift,seed1,254,3.0
hpmcounter9,drift,seed1,255,3.0
hpmcounter9,drift,seed1,256,3.0
hpmcounter9,drift,seed1,257,3.0
hpmcounter9,drift,seed1,258,3.0
hpmcounter9,drift,seed1,259,3.0
hpmcounter9,drift,seed1,260,3.0
hpmcounter9,drift,seed1,261,3.0
hpmcounter9,drift,seed1,262,3.0
hpmcounter9,drift,seed1,263,3.0
hpmcounter9,drift,seed1,264,3.0
hpmcounter9,drift,seed1,265,3.0
hpmcounter9,drift,seed1,266,3.0
hpmcounter9,drift,seed1,267,3.0
hpmcounter9,drift,seed1,268,3.0
hpmcounter9,drift,seed1,269,3.0
hpmcounter9,drift,seed1,270,3.0
hpmcounter9,drift,seed1,271,3.0
hpmcounter9,drift,seed1,272,3.0
hpmcounter9,drift,seed1,273,3.0
hpmcounter9,drift,seed1,274,3.0
hpmcounter9,drift,seed1,275,3.0
hpmcounter9,drift,seed1,276,3.0
hpmcounter9,drift,seed1,277,3.0
hpmcounter9,drift,seed1,278,3.0
hpmcounter9,drift,seed1,279,3.0
hpmcounter9,drift,seed1,280,3.0
hpmcounter9,drift,seed1,281,3.0
hpmcounter9,drift,seed1,282,3.0
hpmcounter9,drift,seed1,283,3.0
hpmcounter9,drift,seed1,284,3.0
hpmcounter9,drift,seed1,285,3.0
hpmcounter9,drift,seed1,286,3.0
hpmcounter9,drift,seed1,287,3.0
hpmcounter9,drift,seed1,288,3.0
hpmcounter9,drift,seed1,289,3.0
hpmcounter9,drift,seed1,290,3.0
hpmcounter9,drift,seed1,291,3.0
hpmcounter9,drift,seed1,292,3.0
hpmcounter9,drift,seed1,293,3.0
hpmcounter9,drift,seed1,294,3.0
hpmcounter9,drift,seed1,295,3.0
hpmcounter9,drift,seed1,296,3.0
hpmcounter9,drift,seed1,297,3.0
hpmcounter9,drift,seed1,298,3.0
hpmcounter9,drift,seed10,9,3.2181818181818183
hpmcounter9,drift,seed10,10,3.0
hpmcounter9,drift,seed10,11,3.0
hpmcounter9,drift,seed10,12,3.0
hpmcounter9,drift,seed10,13,3.0
hpmcounter9,drift,seed10,14,3.0
hpmcounter9,drift,seed10,15,3.0
hpmcounter9,drift,seed10,16,3.0
hpmcounter9,drift,seed10,17,3.0
hpmcounter9,drift,seed10,18,3.0
hpmcounter9,drift,seed10,19,3.0
hpmcounter9,drift,seed10,20,3.0
hpmcounter9,drift,seed10,21,3.0
hpmcounter9,drift,seed10,22,3.0
hpmcounter9,drift,seed10,23,3.0
hpmcounter9,drift,seed10,24,3.0
hpmcounter9,drift,seed10,25,3.0
hpmcounter9,drift,seed10,26,3.0
hpmcounter9,drift,seed10,27,3.0
hpmcounter9,drift,seed10,28,3.0
hpmcounter9,drift,seed10,29,3.0
hpmcounter9,drift,seed10,30,3.0
hpmcounter9,drift,seed10,31,3.0
hpmcounter9,drift,seed10,32,3.0
hpmcounter9,drift,seed10,33,3.0
hpmcounter9,drift,seed10,34,3.0
hpmcounter9,drift,seed10,35,3.0
hpmcounter9,drift,seed10,36,3.0
hpmcounter9,drift,seed10,37,3.0
hpmcounter9,drift,seed10,38,3.0
hpmcounter9,drift,seed10,39,3.0
hpmcounter9,drift,seed10,40,3.0
hpmcounter9,drift,seed10,41,3.0
hpmcounter9,drift,seed10,42,3.0
hpmcounter9,drift,seed10,43,3.0
hpmcounter9,drift,seed10,44,3.0
hpmcounter9,drift,seed10,45,3.0
hpmcounter9,drift,seed10,46,3.0
hpmcounter9,drift,seed10,47,3.0
hpmcounter9,drift,seed10,48,3.0
hpmcounter9,drift,seed10,49,3.0
hpmcounter9,drift,seed10,50,3.0
hpmcounter9,drift,seed10,51,3.0
hpmcounter9,drift,seed10,52,3.0
hpmcounter9,drift,seed10,53,3.0
hpmcounter9,drift,seed10,54,3.0
hpmcounter9,drift,seed10,55,3.0
hpmcounter9,drift,seed10,56,3.0
hpmcounter9,drift,seed10,57,3.0
hpmcounter9,drift,seed10,58,3.0
hpmcounter9,drift,seed10,59,3.0
hpmcounter9,drift,seed10,60,3.0
hpmcounter9,drift,seed10,61,3.0
hpmcounter9,drift,seed10,62,3.0
hpmcounter9,drift,seed10,63,3.0
hpmcounter9,drift,seed10,64,3.0
hpmcounter9,drift,seed10,65,3.0
hpmcounter9,drift,seed10,66,3.0
hpmcounter9,drift,seed10,67,3.0
hpmcounter9,drift,seed10,68,3.0
hpmcounter9,drift,seed10,69,3.0
hpmcounter9,drift,seed10,70,3.0
hpmcounter9,drift,seed10,71,3.0
hpmcounter9,drift,seed10,72,3.0
hpmcounter9,drift,seed10,73,3.0
hpmcounter9,drift,seed10,74,3.0
hpmcounter9,drift,seed10,75,3.0
hpmcounter9,drift,seed10,76,3.0
hpmcounter9,drift,seed10,77,3.0
hpmcounter9,drift,seed10,78,3.0
hpmcounter9,drift,seed10,79,3.0
hpmcounter9,drift,seed10,80,3.0
hpmcounter9,drift,seed10,81,3.0
hpmcounter9,drift,seed10,82,3.0
hpmcounter9,drift,seed10,83,3.0
hpmcounter9,drift,seed10,84,3.0
hpmcounter9,drift,seed10,85,3.0
hpmcounter9,drift,seed10,86,3.0
hpmcounter9,drift,seed10,87,3.0
hpmcounter9,drift,seed10,88,3.0
hpmcounter9,drift,seed10,89,3.0
hpmcounter9,drift,seed10,90,3.0
hpmcounter9,drift,seed10,91,3.0
hpmcounter9,drift,seed10,92,3.0
hpmcounter9,drift,seed10,93,3.0
hpmcounter9,drift,seed10,94,3.0
hpmcounter9,drift,seed10,95,3.0
hpmcounter9,drift,seed10,96,3.0
hpmcounter9,drift,seed10,97,3.0
hpmcounter9,drift,seed10,98,3.0
hpmcounter9,drift,seed10,99,3.0
hpmcounter9,drift,seed10,100,3.0
hpmcounter9,drift,seed10,101,3.0
hpmcounter9,drift,seed10,102,3.0
hpmcounter9,drift,seed10,103,3.0
hpmcounter9,drift,seed10,104,3.0
hpmcounter9,drift,seed10,105,3.0
hpmcounter9,drift,seed10,106,3.0
hpmcounter9,drift,seed10,107,3.0
hpmcounter9,drift,seed10,108,3.0
hpmcounter9,drift,seed10,109,3.0
hpmcounter9,drift,seed10,110,3.0
hpmcounter9,drift,seed10,111,3.0
hpmcounter9,drift,seed10,112,3.0
hpmcounter9,drift,seed10,113,3.0
hpmcounter9,drift,seed10,114,3.0
hpmcounter9,drift,seed10,115,3.0
hpmcounter9,drift,seed10,116,3.0
hpmcounter9,drift,seed10,117,3.0
hpmcounter9,drift,seed10,118,3.0
hpmcounter9,drift,seed10,119,3.0
hpmcounter9,drift,seed10,120,3.0
hpmcounter9,drift,seed10,121,3.0
hpmcounter9,drift,seed10,122,3.0
hpmcounter9,drift,seed10,123,3.0
hpmcounter9,drift,seed10,124,3.0
hpmcounter9,drift,seed10,125,3.0
hpmcounter9,drift,seed10,126,3.0
hpmcounter9,drift,seed10,127,3.0
hpmcounter9,drift,seed10,128,3.0
hpmcounter9,drift,seed10,129,3.0
hpmcounter9,drift,seed10,130,3.0
hpmcounter9,drift,seed10,131,3.0
hpmcounter9,drift,seed10,132,3.0
hpmcounter9,drift,seed10,133,3.0
hpmcounter9,drift,seed10,134,3.0
hpmcounter9,drift,seed10,135,3.0
hpmcounter9,drift,seed10,136,3.0
hpmcounter9,drift,seed10,137,3.0
hpmcounter9,drift,seed10,138,3.0
hpmcounter9,drift,seed10,139,3.0
hpmcounter9,drift,seed10,140,3.0
hpmcounter9,drift,seed10,141,3.0
hpmcounter9,drift,seed10,142,3.0
hpmcounter9,drift,seed10,143,3.0
hpmcounter9,drift,seed10,144,3.0
hpmcounter9,drift,seed10,145,3.0
hpmcounter9,drift,seed10,146,3.0
hpmcounter9,drift,seed10,147,3.0
hpmcounter9,drift,seed10,148,3.0
hpmcounter9,drift,seed10,149,3.0
hpmcounter9,drift,seed10,150,3.0
hpmcounter9,drift,seed10,151,3.0
hpmcounter9,drift,seed10,152,3.0
hpmcounter9,drift,seed10,153,3.0
hpmcounter9,drift,seed10,154,3.0
hpmcounter9,drift,seed10,155,3.0
hpmcounter9,drift,seed10,156,3.0
hpmcounter9,drift,seed10,157,3.0
hpmcounter9,drift,seed10,158,3.0
hpmcounter9,drift,seed10,159,3.0
hpmcounter9,drift,seed10,160,3.0
hpmcounter9,drift,seed10,161,3.0
hpmcounter9,drift,seed10,162,3.0
hpmcounter9,drift,seed10,163,3.0
hpmcounter9,drift,seed10,164,3.0
hpmcounter9,drift,seed10,165,3.0
hpmcounter9,drift,seed10,166,3.0
hpmcounter9,drift,seed10,167,3.0
hpmcounter9,drift,seed10,168,3.0
hpmcounter9,drift,seed10,169,3.0
hpmcounter9,drift,seed10,170,3.0
hpmcounter9,drift,seed10,171,3.109090909090909
hpmcounter9,drift,seed10,172,3.193939393939394
hpmcounter9,drift,seed10,173,3.2545454545454544
hpmcounter9,drift,seed10,174,3.290909090909091
hpmcounter9,drift,seed10,175,3.303030303030303
hpmcounter9,drift,seed10,176,3.290909090909091
hpmcounter9,drift,seed10,177,3.2545454545454544
hpmcounter9,drift,seed10,178,3.193939393939394
hpmcounter9,drift,seed10,179,3.109090909090909
hpmcounter9,drift,seed10,180,3.0
hpmcounter9,drift,seed10,181,3.0
hpmcounter9,drift,seed10,182,3.0
hpmcounter9,drift,seed10,183,3.0
hpmcounter9,drift,seed10,184,3.0
hpmcounter9,drift,seed10,185,3.0
hpmcounter9,drift,seed10,186,3.0
hpmcounter9,drift,seed10,187,3.0
hpmcounter9,drift,seed10,188,3.0
hpmcounter9,drift,seed10,189,3.0
hpmcounter9,drift,seed10,190,3.0
hpmcounter9,drift,seed10,191,3.0
hpmcounter9,drift,seed10,192,3.0
hpmcounter9,drift,seed10,193,3.0
hpmcounter9,drift,seed10,194,3.0
hpmcounter9,drift,seed10,195,3.0
hpmcounter9,drift,seed10,196,3.0
hpmcounter9,drift,seed10,197,3.0
hpmcounter9,drift,seed10,198,3.0
hpmcounter9,drift,seed10,199,3.0
hpmcounter9,drift,seed10,200,3.0
hpmcounter9,drift,seed10,201,3.0
hpmcounter9,drift,seed10,202,3.0
hpmcounter9,drift,seed10,203,3.0
hpmcounter9,drift,seed10,204,3.0
hpmcounter9,drift,seed10,205,3.0
hpmcounter9,drift,seed10,206,3.0
hpmcounter9,drift,seed10,207,3.0
hpmcounter9,drift,seed10,208,3.0
hpmcounter9,drift,seed10,209,3.0
hpmcounter9,drift,seed10,210,3.0
hpmcounter9,drift,seed10,211,3.0
hpmcounter9,drift,seed10,212,3.0
hpmcounter9,drift,seed10,213,3.0
hpmcounter9,drift,seed10,214,3.0
hpmcounter9,drift,seed10,215,3.0
hpmcounter9,drift,seed10,216,3.0
hpmcounter9,drift,seed10,217,3.0
hpmcounter9,drift,seed10,218,3.0
hpmcounter9,drift,seed10,219,3.0
hpmcounter9,drift,seed10,220,3.0
hpmcounter9,drift,seed10,221,3.0
hpmcounter9,drift,seed10,222,3.0
hpmcounter9,drift,seed10,223,3.0
hpmcounter9,drift,seed10,224,3.0
hpmcounter9,drift,seed10,225,3.0
hpmcounter9,drift,seed10,226,3.0
hpmcounter9,drift,seed10,227,3.109090909090909
hpmcounter9,drift,seed10,228,3.193939393939394
hpmcounter9,drift,seed10,229,3.2545454545454544
hpmcounter9,drift,seed10,230,3.290909090909091
hpmcounter9,drift,seed10,231,3.303030303030303
hpmcounter9,drift,seed10,232,3.290909090909091
hpmcounter9,drift,seed10,233,3.2545454545454544
hpmcounter9,drift,seed10,234,3.193939393939394
hpmcounter9,drift,seed10,235,3.109090909090909
hpmcounter9,drift,seed10,236,3.0
hpmcounter9,drift,seed10,237,3.0
hpmcounter9,drift,seed10,238,3.0
hpmcounter9,drift,seed10,239,3.0
hpmcounter9,drift,seed10,240,3.0
hpmcounter9,drift,seed10,241,3.0
hpmcounter9,drift,seed10,242,3.0
hpmcounter9,drift,seed10,243,3.0
hpmcounter9,drift,seed10,244,3.0
hpmcounter9,drift,seed10,245,3.0
hpmcounter9,drift,seed10,246,3.0
hpmcounter9,drift,seed10,247,3.0
hpmcounter9,drift,seed10,248,3.0
hpmcounter9,drift,seed10,249,3.0
hpmcounter9,drift,seed10,250,3.0
hpmcounter9,drift,seed10,251,3.0
hpmcounter9,drift,seed10,252,3.0
hpmcounter9,drift,seed10,253,3.0
hpmcounter9,drift,seed10,254,3.0
hpmcounter9,drift,seed10,255,3.0
hpmcounter9,drift,seed10,256,3.0
hpmcounter9,drift,seed10,257,3.0
hpmcounter9,drift,seed10,258,3.0
hpmcounter9,drift,seed10,259,3.0
hpmcounter9,drift,seed10,260,3.0
hpmcounter9,drift,seed10,261,3.0
hpmcounter9,drift,seed10,262,3.0
hpmcounter9,drift,seed10,263,3.0
hpmcounter9,drift,seed10,264,3.0
hpmcounter9,drift,seed10,265,3.0
hpmcounter9,drift,seed10,266,3.0
hpmcounter9,drift,seed10,267,3.0
hpmcounter9,drift,seed10,268,3.0
hpmcounter9,drift,seed10,269,3.0
hpmcounter9,drift,seed10,270,3.0
hpmcounter9,drift,seed10,271,3.0
hpmcounter9,drift,seed10,272,3.0
hpmcounter9,drift,seed10,273,3.0
hpmcounter9,drift,seed10,274,3.0
hpmcounter9,drift,seed10,275,3.0
hpmcounter9,drift,seed10,276,3.0
hpmcounter9,drift,seed10,277,3.0
hpmcounter9,drift,seed10,278,3.0
hpmcounter9,drift,seed10,279,3.0
hpmcounter9,drift,seed10,280,3.0
hpmcounter9,drift,seed10,281,3.0
hpmcounter9,drift,seed10,282,3.0
hpmcounter9,drift,seed10,283,3.0
hpmcounter9,drift,seed10,284,3.0
hpmcounter9,drift,seed10,285,3.0
hpmcounter9,drift,seed10,286,3.0
hpmcounter9,drift,seed10,287,3.0
hpmcounter9,drift,seed10,288,3.0
hpmcounter9,drift,seed10,289,3.0
hpmcounter9,drift,seed10,290,3.0
hpmcounter9,drift,seed10,291,3.0
hpmcounter9,drift,seed10,292,3.0
hpmcounter9,drift,seed10,293,3.0
hpmcounter9,drift,seed10,294,3.0
hpmcounter9,drift,seed10,295,3.0
hpmcounter9,drift,seed10,296,3.0
hpmcounter9,drift,seed10,297,3.0
hpmcounter9,drift,seed10,298,3.0
hpmcounter9,drift,seed11,9,3.2181818181818183
hpmcounter9,drift,seed11,10,3.0
hpmcounter9,drift,seed11,11,3.0
hpmcounter9,drift,seed11,12,3.0
hpmcounter9,drift,seed11,13,3.0
hpmcounter9,drift,seed11,14,3.0
hpmcounter9,drift,seed11,15,3.0
hpmcounter9,drift,seed11,16,3.0
hpmcounter9,drift,seed11,17,3.0
hpmcounter9,drift,seed11,18,3.0
hpmcounter9,drift,seed11,19,3.0
hpmcounter9,drift,seed11,20,3.0
hpmcounter9,drift,seed11,21,3.0
hpmcounter9,drift,seed11,22,3.0
hpmcounter9,drift,seed11,23,3.0
hpmcounter9,drift,seed11,24,3.0
hpmcounter9,drift,seed11,25,3.0
hpmcounter9,drift,seed11,26,3.0
hpmcounter9,drift,seed11,27,3.0
hpmcounter9,drift,seed11,28,3.0
hpmcounter9,drift,seed11,29,3.0
hpmcounter9,drift,seed11,30,3.0
hpmcounter9,drift,seed11,31,3.0
hpmcounter9,drift,seed11,32,3.0
hpmcounter9,drift,seed11,33,3.0
hpmcounter9,drift,seed11,34,3.0
hpmcounter9,drift,seed11,35,3.0
hpmcounter9,drift,seed11,36,3.0
hpmcounter9,drift,seed11,37,3.0
hpmcounter9,drift,seed11,38,3.0
hpmcounter9,drift,seed11,39,3.0
hpmcounter9,drift,seed11,40,3.0
hpmcounter9,drift,seed11,41,3.0
hpmcounter9,drift,seed11,42,3.0
hpmcounter9,drift,seed11,43,3.0
hpmcounter9,drift,seed11,44,3.0
hpmcounter9,drift,seed11,45,3.0
hpmcounter9,drift,seed11,46,3.0
hpmcounter9,drift,seed11,47,3.0
hpmcounter9,drift,seed11,48,3.0
hpmcounter9,drift,seed11,49,3.0
hpmcounter9,drift,seed11,50,3.0
hpmcounter9,drift,seed11,51,3.0
hpmcounter9,drift,seed11,52,3.0
hpmcounter9,drift,seed11,53,3.109090909090909
hpmcounter9,drift,seed11,54,3.193939393939394
hpmcounter9,drift,seed11,55,3.2545454545454544
hpmcounter9,drift,seed11,56,3.290909090909091
hpmcounter9,drift,seed11,57,3.303030303030303
hpmcounter9,drift,seed11,58,3.290909090909091
hpmcounter9,drift,seed11,59,3.2545454545454544
hpmcounter9,drift,seed11,60,3.193939393939394
hpmcounter9,drift,seed11,61,3.109090909090909
hpmcounter9,drift,seed11,62,3.0
hpmcounter9,drift,seed11,63,3.0
hpmcounter9,drift,seed11,64,3.0
hpmcounter9,drift,seed11,65,3.0
hpmcounter9,drift,seed11,66,3.0
hpmcounter9,drift,seed11,67,3.0
hpmcounter9,drift,seed11,68,3.0
hpmcounter9,drift,seed11,69,3.0
hpmcounter9,drift,seed11,70,3.0
hpmcounter9,drift,seed11,71,3.0
hpmcounter9,drift,seed11,72,3.0
hpmcounter9,drift,seed11,73,3.0
hpmcounter9,drift,seed11,74,3.0
hpmcounter9,drift,seed11,75,3.0
hpmcounter9,drift,seed11,76,3.0
hpmcounter9,drift,seed11,77,3.0
hpmcounter9,drift,seed11,78,3.0
hpmcounter9,drift,seed11,79,3.0
hpmcounter9,drift,seed11,80,3.0
hpmcounter9,drift,seed11,81,3.0
hpmcounter9,drift,seed11,82,3.0
hpmcounter9,drift,seed11,83,3.0
hpmcounter9,drift,seed11,84,3.0
hpmcounter9,drift,seed11,85,3.0
hpmcounter9,drift,seed11,86,3.0
hpmcounter9,drift,seed11,87,3.0
hpmcounter9,drift,seed11,88,3.0
hpmcounter9,drift,seed11,89,3.0
hpmcounter9,drift,seed11,90,3.0
hpmcounter9,drift,seed11,91,3.0
hpmcounter9,drift,seed11,92,3.0
hpmcounter9,drift,seed11,93,3.0
hpmcounter9,drift,seed11,94,3.0
hpmcounter9,drift,seed11,95,3.0
hpmcounter9,drift,seed11,96,3.0
hpmcounter9,drift,seed11,97,3.0
hpmcounter9,drift,seed11,98,3.0
hpmcounter9,drift,seed11,99,3.0
hpmcounter9,drift,seed11,100,3.0
hpmcounter9,drift,seed11,101,3.0
hpmcounter9,drift,seed11,102,3.0
hpmcounter9,drift,seed11,103,3.0
hpmcounter9,drift,seed11,104,3.0
hpmcounter9,drift,seed11,105,3.0
hpmcounter9,drift,seed11,106,3.0
hpmcounter9,drift,seed11,107,3.0545454545454547
hpmcounter9,drift,seed11,108,3.096969696969697
hpmcounter9,drift,seed11,109,3.1272727272727274
hpmcounter9,drift,seed11,110,3.1454545454545455
hpmcounter9,drift,seed11,111,3.1515151515151514
hpmcounter9,drift,seed11,112,3.1454545454545455
hpmcounter9,drift,seed11,113,3.1272727272727274
hpmcounter9,drift,seed11,114,3.096969696969697
hpmcounter9,drift,seed11,115,3.0545454545454547
hpmcounter9,drift,seed11,116,3.0
hpmcounter9,drift,seed11,117,3.0
hpmcounter9,drift,seed11,118,3.0
hpmcounter9,drift,seed11,119,3.0
hpmcounter9,drift,seed11,120,3.0
hpmcounter9,drift,seed11,121,3.0
hpmcounter9,drift,seed11,122,3.0
hpmcounter9,drift,seed11,123,3.0
hpmcounter9,drift,seed11,124,3.0
hpmcounter9,drift,seed11,125,3.0
hpmcounter9,drift,seed11,126,3.0
hpmcounter9,drift,seed11,127,3.0
hpmcounter9,drift,seed11,128,3.0
hpmcounter9,drift,seed11,129,3.0
hpmcounter9,drift,seed11,130,3.0
hpmcounter9,drift,seed11,131,3.0
hpmcounter9,drift,seed11,132,3.0
hpmcounter9,drift,seed11,133,3.0
hpmcounter9,drift,seed11,134,3.0
hpmcounter9,drift,seed11,135,3.0
hpmcounter9,drift,seed11,136,3.0
hpmcounter9,drift,seed11,137,3.0
hpmcounter9,drift,seed11,138,3.0
hpmcounter9,drift,seed11,139,3.0
hpmcounter9,drift,seed11,140,3.0
hpmcounter9,drift,seed11,141,3.0
hpmcounter9,drift,seed11,142,3.0
hpmcounter9,drift,seed11,143,3.0
hpmcounter9,drift,seed11,144,3.0
hpmcounter9,drift,seed11,145,3.0
hpmcounter9,drift,seed11,146,3.0
hpmcounter9,drift,seed11,147,3.0
hpmcounter9,drift,seed11,148,3.0
hpmcounter9,drift,seed11,149,3.0
hpmcounter9,drift,seed11,150,3.0
hpmcounter9,drift,seed11,151,3.0
hpmcounter9,drift,seed11,152,3.0
hpmcounter9,drift,seed11,153,3.0
hpmcounter9,drift,seed11,154,3.0
hpmcounter9,drift,seed11,155,3.0
hpmcounter9,drift,seed11,156,3.0
hpmcounter9,drift,seed11,157,3.0
hpmcounter9,drift,seed11,158,3.0
hpmcounter9,drift,seed11,159,3.0
hpmcounter9,drift,seed11,160,3.0
hpmcounter9,drift,seed11,161,3.0
hpmcounter9,drift,seed11,162,3.0
hpmcounter9,drift,seed11,163,3.0
hpmcounter9,drift,seed11,164,3.0
hpmcounter9,drift,seed11,165,3.0
hpmcounter9,drift,seed11,166,3.0
hpmcounter9,drift,seed11,167,3.0
hpmcounter9,drift,seed11,168,3.0
hpmcounter9,drift,seed11,169,3.0
hpmcounter9,drift,seed11,170,3.0
hpmcounter9,drift,seed11,171,3.0
hpmcounter9,drift,seed11,172,3.0
hpmcounter9,drift,seed11,173,3.0
hpmcounter9,drift,seed11,174,3.0
hpmcounter9,drift,seed11,175,3.0
hpmcounter9,drift,seed11,176,3.0
hpmcounter9,drift,seed11,177,3.0
hpmcounter9,drift,seed11,178,3.0
hpmcounter9,drift,seed11,179,3.0
hpmcounter9,drift,seed11,180,3.0
hpmcounter9,drift,seed11,181,3.0
hpmcounter9,drift,seed11,182,3.0
hpmcounter9,drift,seed11,183,3.0
hpmcounter9,drift,seed11,184,3.0
hpmcounter9,drift,seed11,185,3.0
hpmcounter9,drift,seed11,186,3.0
hpmcounter9,drift,seed11,187,3.0
hpmcounter9,drift,seed11,188,3.0
hpmcounter9,drift,seed11,189,3.0
hpmcounter9,drift,seed11,190,3.0
hpmcounter9,drift,seed11,191,3.0
hpmcounter9,drift,seed11,192,3.0
hpmcounter9,drift,seed11,193,3.0
hpmcounter9,drift,seed11,194,3.0
hpmcounter9,drift,seed11,195,3.0
hpmcounter9,drift,seed11,196,3.0
hpmcounter9,drift,seed11,197,3.0
hpmcounter9,drift,seed11,198,3.0
hpmcounter9,drift,seed11,199,3.0
hpmcounter9,drift,seed11,200,3.0
hpmcounter9,drift,seed11,201,3.0
hpmcounter9,drift,seed11,202,3.0
hpmcounter9,drift,seed11,203,3.0
hpmcounter9,drift,seed11,204,3.0
hpmcounter9,drift,seed11,205,3.0
hpmcounter9,drift,seed11,206,3.0
hpmcounter9,drift,seed11,207,3.0
hpmcounter9,drift,seed11,208,3.0
hpmcounter9,drift,seed11,209,3.0
hpmcounter9,drift,seed11,210,3.0
hpmcounter9,drift,seed11,211,3.0
hpmcounter9,drift,seed11,212,3.0
hpmcounter9,drift,seed11,213,3.0
hpmcounter9,drift,seed11,214,3.0
hpmcounter9,drift,seed11,215,3.0
hpmcounter9,drift,seed11,216,3.0
hpmcounter9,drift,seed11,217,3.0
hpmcounter9,drift,seed11,218,3.0
hpmcounter9,drift,seed11,219,3.0
hpmcounter9,drift,seed11,220,3.0
hpmcounter9,drift,seed11,221,3.0
hpmcounter9,drift,seed11,222,3.0
hpmcounter9,drift,seed11,223,3.0
hpmcounter9,drift,seed11,224,3.0
hpmcounter9,drift,seed11,225,3.0
hpmcounter9,drift,seed11,226,3.0
hpmcounter9,drift,seed11,227,3.0
hpmcounter9,drift,seed11,228,3.0
hpmcounter9,drift,seed11,229,3.0
hpmcounter9,drift,seed11,230,3.0
hpmcounter9,drift,seed11,231,3.0
hpmcounter9,drift,seed11,232,3.0
hpmcounter9,drift,seed11,233,3.0
hpmcounter9,drift,seed11,234,3.0
hpmcounter9,drift,seed11,235,3.0545454545454547
hpmcounter9,drift,seed11,236,3.206060606060606
hpmcounter9,drift,seed11,237,3.3212121212121213
hpmcounter9,drift,seed11,238,3.4
hpmcounter9,drift,seed11,239,3.4424242424242424
hpmcounter9,drift,seed11,240,3.4484848484848483
hpmcounter9,drift,seed11,241,3.418181818181818
hpmcounter9,drift,seed11,242,3.3515151515151516
hpmcounter9,drift,seed11,243,3.2484848484848485
hpmcounter9,drift,seed11,244,3.109090909090909
hpmcounter9,drift,seed11,245,3.0
hpmcounter9,drift,seed11,246,3.0
hpmcounter9,drift,seed11,247,3.0
hpmcounter9,drift,seed11,248,3.0
hpmcounter9,drift,seed11,249,3.0
hpmcounter9,drift,seed11,250,3.0
hpmcounter9,drift,seed11,251,3.0
hpmcounter9,drift,seed11,252,3.0
hpmcounter9,drift,seed11,253,3.0
hpmcounter9,drift,seed11,254,3.0
hpmcounter9,drift,seed11,255,3.0
hpmcounter9,drift,seed11,256,3.0
hpmcounter9,drift,seed11,257,3.0
hpmcounter9,drift,seed11,258,3.0
hpmcounter9,drift,seed11,259,3.0
hpmcounter9,drift,seed11,260,3.0
hpmcounter9,drift,seed11,261,3.0
hpmcounter9,drift,seed11,262,3.0
hpmcounter9,drift,seed11,263,3.0
hpmcounter9,drift,seed11,264,3.0
hpmcounter9,drift,seed11,265,3.0
hpmcounter9,drift,seed11,266,3.0
hpmcounter9,drift,seed11,267,3.0
hpmcounter9,drift,seed11,268,3.0
hpmcounter9,drift,seed11,269,3.0
hpmcounter9,drift,seed11,270,3.0
hpmcounter9,drift,seed11,271,3.0
hpmcounter9,drift,seed11,272,3.0
hpmcounter9,drift,seed11,273,3.0
hpmcounter9,drift,seed11,274,3.0
hpmcounter9,drift,seed11,275,3.0
hpmcounter9,drift,seed11,276,3.0
hpmcounter9,drift,seed11,277,3.0
hpmcounter9,drift,seed11,278,3.0
hpmcounter9,drift,seed11,279,3.0
hpmcounter9,drift,seed11,280,3.0
hpmcounter9,drift,seed11,281,3.0
hpmcounter9,drift,seed11,282,3.0
hpmcounter9,drift,seed11,283,3.0
hpmcounter9,drift,seed11,284,3.0
hpmcounter9,drift,seed11,285,3.0
hpmcounter9,drift,seed11,286,3.0
hpmcounter9,drift,seed11,287,3.0
hpmcounter9,drift,seed11,288,3.0
hpmcounter9,drift,seed11,289,3.0
hpmcounter9,drift,seed11,290,3.0
hpmcounter9,drift,seed11,291,3.0
hpmcounter9,drift,seed11,292,3.0
hpmcounter9,drift,seed11,293,3.0
hpmcounter9,drift,seed11,294,3.0
hpmcounter9,drift,seed11,295,3.0
hpmcounter9,drift,seed11,296,3.0
hpmcounter9,drift,seed11,297,3.0
hpmcounter9,drift,seed11,298,3.0
hpmcounter9,drift,seed12,9,3.2181818181818183
hpmcounter9,drift,seed12,10,3.0
hpmcounter9,drift,seed12,11,3.0
hpmcounter9,drift,seed12,12,3.0
hpmcounter9,drift,seed12,13,3.0
hpmcounter9,drift,seed12,14,3.0
hpmcounter9,drift,seed12,15,3.0
hpmcounter9,drift,seed12,16,3.0
hpmcounter9,drift,seed12,17,3.0
hpmcounter9,drift,seed12,18,3.0
hpmcounter9,drift,seed12,19,3.0
hpmcounter9,drift,seed12,20,3.0
hpmcounter9,drift,seed12,21,3.0
hpmcounter9,drift,seed12,22,3.0
hpmcounter9,drift,seed12,23,3.0
hpmcounter9,drift,seed12,24,3.0
hpmcounter9,drift,seed12,25,3.0
hpmcounter9,drift,seed12,26,3.0
hpmcounter9,drift,seed12,27,3.0
hpmcounter9,drift,seed12,28,3.0
hpmcounter9,drift,seed12,29,3.0
hpmcounter9,drift,seed12,30,3.0
hpmcounter9,drift,seed12,31,3.0
hpmcounter9,drift,seed12,32,3.0
hpmcounter9,drift,seed12,33,3.0
hpmcounter9,drift,seed12,34,3.0
hpmcounter9,drift,seed12,35,3.0
hpmcounter9,drift,seed12,36,3.0
hpmcounter9,drift,seed12,37,3.0
hpmcounter9,drift,seed12,38,3.0
hpmcounter9,drift,seed12,39,3.0
hpmcounter9,drift,seed12,40,3.0
hpmcounter9,drift,seed12,41,3.0
hpmcounter9,drift,seed12,42,3.0
hpmcounter9,drift,seed12,43,3.0
hpmcounter9,drift,seed12,44,3.0
hpmcounter9,drift,seed12,45,3.0
hpmcounter9,drift,seed12,46,3.0
hpmcounter9,drift,seed12,47,3.0
hpmcounter9,drift,seed12,48,3.0
hpmcounter9,drift,seed12,49,3.0
hpmcounter9,drift,seed12,50,3.0
hpmcounter9,drift,seed12,51,3.0
hpmcounter9,drift,seed12,52,3.0
hpmcounter9,drift,seed12,53,3.0
hpmcounter9,drift,seed12,54,3.0
hpmcounter9,drift,seed12,55,3.0
hpmcounter9,drift,seed12,56,3.0
hpmcounter9,drift,seed12,57,3.0
hpmcounter9,drift,seed12,58,3.0
hpmcounter9,drift,seed12,59,3.0
hpmcounter9,drift,seed12,60,3.0
hpmcounter9,drift,seed12,61,3.0
hpmcounter9,drift,seed12,62,3.0
hpmcounter9,drift,seed12,63,3.0
hpmcounter9,drift,seed12,64,3.0
hpmcounter9,drift,seed12,65,3.0
hpmcounter9,drift,seed12,66,3.0
hpmcounter9,drift,seed12,67,3.0
hpmcounter9,drift,seed12,68,3.0
hpmcounter9,drift,seed12,69,3.0
hpmcounter9,drift,seed12,70,3.0
hpmcounter9,drift,seed12,71,3.0
hpmcounter9,drift,seed12,72,3.0
hpmcounter9,drift,seed12,73,3.0
hpmcounter9,drift,seed12,74,3.0
hpmcounter9,drift,seed12,75,3.0
hpmcounter9,drift,seed12,76,3.0
hpmcounter9,drift,seed12,77,3.0
hpmcounter9,drift,seed12,78,3.0
hpmcounter9,drift,seed12,79,3.0
hpmcounter9,drift,seed12,80,3.0
hpmcounter9,drift,seed12,81,3.0
hpmcounter9,drift,seed12,82,3.0
hpmcounter9,drift,seed12,83,3.0
hpmcounter9,drift,seed12,84,3.0
hpmcounter9,drift,seed12,85,3.0
hpmcounter9,drift,seed12,86,3.0
hpmcounter9,drift,seed12,87,3.0
hpmcounter9,drift,seed12,88,3.0
hpmcounter9,drift,seed12,89,3.0
hpmcounter9,drift,seed12,90,3.0
hpmcounter9,drift,seed12,91,3.0
hpmcounter9,drift,seed12,92,3.0
hpmcounter9,drift,seed12,93,3.0
hpmcounter9,drift,seed12,94,3.0
hpmcounter9,drift,seed12,95,3.0
hpmcounter9,drift,seed12,96,3.0
hpmcounter9,drift,seed12,97,3.0
hpmcounter9,drift,seed12,98,3.0
hpmcounter9,drift,seed12,99,3.0
hpmcounter9,drift,seed12,100,3.0
hpmcounter9,drift,seed12,101,3.0
hpmcounter9,drift,seed12,102,3.0
hpmcounter9,drift,seed12,103,3.0545454545454547
hpmcounter9,drift,seed12,104,3.096969696969697
hpmcounter9,drift,seed12,105,3.1272727272727274
hpmcounter9,drift,seed12,106,3.1454545454545455
hpmcounter9,drift,seed12,107,3.1515151515151514
hpmcounter9,drift,seed12,108,3.1454545454545455
hpmcounter9,drift,seed12,109,3.1272727272727274
hpmcounter9,drift,seed12,110,3.096969696969697
hpmcounter9,drift,seed12,111,3.0545454545454547
hpmcounter9,drift,seed12,112,3.0
hpmcounter9,drift,seed12,113,3.0
hpmcounter9,drift,seed12,114,3.0
hpmcounter9,drift,seed12,115,3.0
hpmcounter9,drift,seed12,116,3.0
hpmcounter9,drift,seed12,117,3.0
hpmcounter9,drift,seed12,118,3.0
hpmcounter9,drift,seed12,119,3.0
hpmcounter9,drift,seed12,120,3.0
hpmcounter9,drift,seed12,121,3.0
hpmcounter9,drift,seed12,122,3.0
hpmcounter9,drift,seed12,123,3.0
hpmcounter9,drift,seed12,124,3.0
hpmcounter9,drift,seed12,125,3.0
hpmcounter9,drift,seed12,126,3.0
hpmcounter9,drift,seed12,127,3.0
hpmcounter9,drift,seed12,128,3.0
hpmcounter9,drift,seed12,129,3.0
hpmcounter9,drift,seed12,130,3.0
hpmcounter9,drift,seed12,131,3.0
hpmcounter9,drift,seed12,132,3.0
hpmcounter9,drift,seed12,133,3.0
hpmcounter9,drift,seed12,134,3.0
hpmcounter9,drift,seed12,135,3.0
hpmcounter9,drift,seed12,136,3.0
hpmcounter9,drift,seed12,137,3.0
hpmcounter9,drift,seed12,138,3.0
hpmcounter9,drift,seed12,139,3.0
hpmcounter9,drift,seed12,140,3.0
hpmcounter9,drift,seed12,141,3.0
hpmcounter9,drift,seed12,142,3.0
hpmcounter9,drift,seed12,143,3.0
hpmcounter9,drift,seed12,144,3.0
hpmcounter9,drift,seed12,145,3.0
hpmcounter9,drift,seed12,146,3.0
hpmcounter9,drift,seed12,147,3.0
hpmcounter9,drift,seed12,148,3.0
hpmcounter9,drift,seed12,149,3.0
hpmcounter9,drift,seed12,150,3.0
hpmcounter9,drift,seed12,151,3.0
hpmcounter9,drift,seed12,152,3.0
hpmcounter9,drift,seed12,153,3.0
hpmcounter9,drift,seed12,154,3.0
hpmcounter9,drift,seed12,155,3.0
hpmcounter9,drift,seed12,156,3.0
hpmcounter9,drift,seed12,157,3.0
hpmcounter9,drift,seed12,158,3.0
hpmcounter9,drift,seed12,159,3.0
hpmcounter9,drift,seed12,160,3.0
hpmcounter9,drift,seed12,161,3.0
hpmcounter9,drift,seed12,162,3.0
hpmcounter9,drift,seed12,163,3.0
hpmcounter9,drift,seed12,164,3.0
hpmcounter9,drift,seed12,165,3.0
hpmcounter9,drift,seed12,166,3.0
hpmcounter9,drift,seed12,167,3.0
hpmcounter9,drift,seed12,168,3.0
hpmcounter9,drift,seed12,169,3.0
hpmcounter9,drift,seed12,170,3.0
hpmcounter9,drift,seed12,171,3.0
hpmcounter9,drift,seed12,172,3.0
hpmcounter9,drift,seed12,173,3.0
hpmcounter9,drift,seed12,174,3.0
hpmcounter9,drift,seed12,175,3.0
hpmcounter9,drift,seed12,176,3.0
hpmcounter9,drift,seed12,177,3.0
hpmcounter9,drift,seed12,178,3.0
hpmcounter9,drift,seed12,179,3.0
hpmcounter9,drift,seed12,180,3.0
hpmcounter9,drift,seed12,181,3.0
hpmcounter9,drift,seed12,182,3.0
hpmcounter9,drift,seed12,183,3.0
hpmcounter9,drift,seed12,184,3.0
hpmcounter9,drift,seed12,185,3.0
hpmcounter9,drift,seed12,186,3.0
hpmcounter9,drift,seed12,187,3.0
hpmcounter9,drift,seed12,188,3.0
hpmcounter9,drift,seed12,189,3.0
hpmcounter9,drift,seed12,190,3.0
hpmcounter9,drift,seed12,191,3.0
hpmcounter9,drift,seed12,192,3.0
hpmcounter9,drift,seed12,193,3.0
hpmcounter9,drift,seed12,194,3.0
hpmcounter9,drift,seed12,195,3.0
hpmcounter9,drift,seed12,196,3.0
hpmcounter9,drift,seed12,197,3.0
hpmcounter9,drift,seed12,198,3.0
hpmcounter9,drift,seed12,199,3.0
hpmcounter9,drift,seed12,200,3.0
hpmcounter9,drift,seed12,201,3.0
hpmcounter9,drift,seed12,202,3.0
hpmcounter9,drift,seed12,203,3.0
hpmcounter9,drift,seed12,204,3.0
hpmcounter9,drift,seed12,205,3.0
hpmcounter9,drift,seed12,206,3.0
hpmcounter9,drift,seed12,207,3.0
hpmcounter9,drift,seed12,208,3.0
hpmcounter9,drift,seed12,209,3.0
hpmcounter9,drift,seed12,210,3.0
hpmcounter9,drift,seed12,211,3.0
hpmcounter9,drift,seed12,212,3.0
hpmcounter9,drift,seed12,213,3.0
hpmcounter9,drift,seed12,214,3.0
hpmcounter9,drift,seed12,215,3.0
hpmcounter9,drift,seed12,216,3.0
hpmcounter9,drift,seed12,217,3.0
hpmcounter9,drift,seed12,218,3.0
hpmcounter9,drift,seed12,219,3.0
hpmcounter9,drift,seed12,220,3.0
hpmcounter9,drift,seed12,221,3.0
hpmcounter9,drift,seed12,222,3.0
hpmcounter9,drift,seed12,223,3.0
hpmcounter9,drift,seed12,224,3.0
hpmcounter9,drift,seed12,225,3.0
hpmcounter9,drift,seed12,226,3.0
hpmcounter9,drift,seed12,227,3.0
hpmcounter9,drift,seed12,228,3.0
hpmcounter9,drift,seed12,229,3.0
hpmcounter9,drift,seed12,230,3.0
hpmcounter9,drift,seed12,231,3.0
hpmcounter9,drift,seed12,232,3.0
hpmcounter9,drift,seed12,233,3.0
hpmcounter9,drift,seed12,234,3.0
hpmcounter9,drift,seed12,235,3.0
hpmcounter9,drift,seed12,236,3.0
hpmcounter9,drift,seed12,237,3.0
hpmcounter9,drift,seed12,238,3.0
hpmcounter9,drift,seed12,239,3.0
hpmcounter9,drift,seed12,240,3.0
hpmcounter9,drift,seed12,241,3.0
hpmcounter9,drift,seed12,242,3.0
hpmcounter9,drift,seed12,243,3.0
hpmcounter9,drift,seed12,244,3.0
hpmcounter9,drift,seed12,245,3.0
hpmcounter9,drift,seed12,246,3.0
hpmcounter9,drift,seed12,247,3.0
hpmcounter9,drift,seed12,248,3.0
hpmcounter9,drift,seed12,249,3.0
hpmcounter9,drift,seed12,250,3.0
hpmcounter9,drift,seed12,251,3.0
hpmcounter9,drift,seed12,252,3.0
hpmcounter9,drift,seed12,253,3.0
hpmcounter9,drift,seed12,254,3.0
hpmcounter9,drift,seed12,255,3.0
hpmcounter9,drift,seed12,256,3.0
hpmcounter9,drift,seed12,257,3.0
hpmcounter9,drift,seed12,258,3.0
hpmcounter9,drift,seed12,259,3.0
hpmcounter9,drift,seed12,260,3.0
hpmcounter9,drift,seed12,261,3.0
hpmcounter9,drift,seed12,262,3.0
hpmcounter9,drift,seed12,263,3.0
hpmcounter9,drift,seed12,264,3.0
hpmcounter9,drift,seed12,265,3.0
hpmcounter9,drift,seed12,266,3.0
hpmcounter9,drift,seed12,267,3.0
hpmcounter9,drift,seed12,268,3.0545454545454547
hpmcounter9,drift,seed12,269,3.096969696969697
hpmcounter9,drift,seed12,270,3.1272727272727274
hpmcounter9,drift,seed12,271,3.1454545454545455
hpmcounter9,drift,seed12,272,3.1515151515151514
hpmcounter9,drift,seed12,273,3.1454545454545455
hpmcounter9,drift,seed12,274,3.1272727272727274
hpmcounter9,drift,seed12,275,3.096969696969697
hpmcounter9,drift,seed12,276,3.0545454545454547
hpmcounter9,drift,seed12,277,3.0
hpmcounter9,drift,seed12,278,3.0
hpmcounter9,drift,seed12,279,3.0
hpmcounter9,drift,seed12,280,3.0
hpmcounter9,drift,seed12,281,3.0
hpmcounter9,drift,seed12,282,3.0
hpmcounter9,drift,seed12,283,3.0
hpmcounter9,drift,seed12,284,3.0
hpmcounter9,drift,seed12,285,3.0
hpmcounter9,drift,seed12,286,3.0
hpmcounter9,drift,seed12,287,3.0
hpmcounter9,drift,seed12,288,3.0
hpmcounter9,drift,seed12,289,3.0
hpmcounter9,drift,seed12,290,3.0
hpmcounter9,drift,seed12,291,3.0
hpmcounter9,drift,seed12,292,3.0
hpmcounter9,drift,seed12,293,3.0
hpmcounter9,drift,seed12,294,3.0
hpmcounter9,drift,seed12,295,3.0
hpmcounter9,drift,seed12,296,3.0
hpmcounter9,drift,seed12,297,3.0
hpmcounter9,drift,seed12,298,3.0
hpmcounter9,drift,seed13,9,3.3696969696969696
hpmcounter9,drift,seed13,10,3.224242424242424
hpmcounter9,drift,seed13,11,3.272727272727273
hpmcounter9,drift,seed13,12,3.296969696969697
hpmcounter9,drift,seed13,13,3.296969696969697
hpmcounter9,drift,seed13,14,3.272727272727273
hpmcounter9,drift,seed13,15,3.224242424242424
hpmcounter9,drift,seed13,16,3.1515151515151514
hpmcounter9,drift,seed13,17,3.0545454545454547
hpmcounter9,drift,seed13,18,3.0
hpmcounter9,drift,seed13,19,3.0
hpmcounter9,drift,seed13,20,3.0
hpmcounter9,drift,seed13,21,3.0
hpmcounter9,drift,seed13,22,3.0
hpmcounter9,drift,seed13,23,3.0
hpmcounter9,drift,seed13,24,3.0
hpmcounter9,drift,seed13,25,3.0
hpmcounter9,drift,seed13,26,3.0
hpmcounter9,drift,seed13,27,3.0
hpmcounter9,drift,seed13,28,3.0545454545454547
hpmcounter9,drift,seed13,29,3.096969696969697
hpmcounter9,drift,seed13,30,3.1272727272727274
hpmcounter9,drift,seed13,31,3.1454545454545455
hpmcounter9,drift,seed13,32,3.1515151515151514
hpmcounter9,drift,seed13,33,3.1454545454545455
hpmcounter9,drift,seed13,34,3.1272727272727274
hpmcounter9,drift,seed13,35,3.096969696969697
hpmcounter9,drift,seed13,36,3.0545454545454547
hpmcounter9,drift,seed13,37,3.0
hpmcounter9,drift,seed13,38,3.0
hpmcounter9,drift,seed13,39,3.0
hpmcounter9,drift,seed13,40,3.0
hpmcounter9,drift,seed13,41,3.0
hpmcounter9,drift,seed13,42,3.0
hpmcounter9,drift,seed13,43,3.0
hpmcounter9,drift,seed13,44,3.0
hpmcounter9,drift,seed13,45,3.0
hpmcounter9,drift,seed13,46,3.0
hpmcounter9,drift,seed13,47,3.0
hpmcounter9,drift,seed13,48,3.0
hpmcounter9,drift,seed13,49,3.0
hpmcounter9,drift,seed13,50,3.0545454545454547
hpmcounter9,drift,seed13,51,3.096969696969697
hpmcounter9,drift,seed13,52,3.1272727272727274
hpmcounter9,drift,seed13,53,3.1454545454545455
hpmcounter9,drift,seed13,54,3.1515151515151514
hpmcounter9,drift,seed13,55,3.1454545454545455
hpmcounter9,drift,seed13,56,3.1272727272727274
hpmcounter9,drift,seed13,57,3.096969696969697
hpmcounter9,drift,seed13,58,3.0545454545454547
hpmcounter9,drift,seed13,59,3.0
hpmcounter9,drift,seed13,60,3.0
hpmcounter9,drift,seed13,61,3.0
hpmcounter9,drift,seed13,62,3.0
hpmcounter9,drift,seed13,63,3.0
hpmcounter9,drift,seed13,64,3.0
hpmcounter9,drift,seed13,65,3.0
hpmcounter9,drift,seed13,66,3.0
hpmcounter9,drift,seed13,67,3.0
hpmcounter9,drift,seed13,68,3.0
hpmcounter9,drift,seed13,69,3.0
hpmcounter9,drift,seed13,70,3.0
hpmcounter9,drift,seed13,71,3.0
hpmcounter9,drift,seed13,72,3.0
hpmcounter9,drift,seed13,73,3.0
hpmcounter9,drift,seed13,74,3.0
hpmcounter9,drift,seed13,75,3.0
hpmcounter9,drift,seed13,76,3.0
hpmcounter9,drift,seed13,77,3.0
hpmcounter9,drift,seed13,78,3.0
hpmcounter9,drift,seed13,79,3.0
hpmcounter9,drift,seed13,80,3.109090909090909
hpmcounter9,drift,seed13,81,3.193939393939394
hpmcounter9,drift,seed13,82,3.2545454545454544
hpmcounter9,drift,seed13,83,3.290909090909091
hpmcounter9,drift,seed13,84,3.303030303030303
hpmcounter9,drift,seed13,85,3.290909090909091
hpmcounter9,drift,seed13,86,3.2545454545454544
hpmcounter9,drift,seed13,87,3.193939393939394
hpmcounter9,drift,seed13,88,3.109090909090909
hpmcounter9,drift,seed13,89,3.0
hpmcounter9,drift,seed13,90,3.0
hpmcounter9,drift,seed13,91,3.0
hpmcounter9,drift,seed13,92,3.0
hpmcounter9,drift,seed13,93,3.0
hpmcounter9,drift,seed13,94,3.0
hpmcounter9,drift,seed13,95,3.0
hpmcounter9,drift,seed13,96,3.0
hpmcounter9,drift,seed13,97,3.0
hpmcounter9,drift,seed13,98,3.0
hpmcounter9,drift,seed13,99,3.0
hpmcounter9,drift,seed13,100,3.0
hpmcounter9,drift,seed13,101,3.0
hpmcounter9,drift,seed13,102,3.0
hpmcounter9,drift,seed13,103,3.0
hpmcounter9,drift,seed13,104,3.0
hpmcounter9,drift,seed13,105,3.0
hpmcounter9,drift,seed13,106,3.0
hpmcounter9,drift,seed13,107,3.0
hpmcounter9,drift,seed13,108,3.0
hpmcounter9,drift,seed13,109,3.0
hpmcounter9,drift,seed13,110,3.0
hpmcounter9,drift,seed13,111,3.0
hpmcounter9,drift,seed13,112,3.0
hpmcounter9,drift,seed13,113,3.0
hpmcounter9,drift,seed13,114,3.0
hpmcounter9,drift,seed13,115,3.0
hpmcounter9,drift,seed13,116,3.0
hpmcounter9,drift,seed13,117,3.0
hpmcounter9,drift,seed13,118,3.0
hpmcounter9,drift,seed13,119,3.0
hpmcounter9,drift,seed13,120,3.0
hpmcounter9,drift,seed13,121,3.0
hpmcounter9,drift,seed13,122,3.0
hpmcounter9,drift,seed13,123,3.0
hpmcounter9,drift,seed13,124,3.0
hpmcounter9,drift,seed13,125,3.0
hpmcounter9,drift,seed13,126,3.0
hpmcounter9,drift,seed13,127,3.0
hpmcounter9,drift,seed13,128,3.0
hpmcounter9,drift,seed13,129,3.0
hpmcounter9,drift,seed13,130,3.0
hpmcounter9,drift,seed13,131,3.0
hpmcounter9,drift,seed13,132,3.0
hpmcounter9,drift,seed13,133,3.0
hpmcounter9,drift,seed13,134,3.0
hpmcounter9,drift,seed13,135,3.0
hpmcounter9,drift,seed13,136,3.0
hpmcounter9,drift,seed13,137,3.0
hpmcounter9,drift,seed13,138,3.0
hpmcounter9,drift,seed13,139,3.0
hpmcounter9,drift,seed13,140,3.0
hpmcounter9,drift,seed13,141,3.0
hpmcounter9,drift,seed13,142,3.0
hpmcounter9,drift,seed13,143,3.0
hpmcounter9,drift,seed13,144,3.0
hpmcounter9,drift,seed13,145,3.0
hpmcounter9,drift,seed13,146,3.0
hpmcounter9,drift,seed13,147,3.0
hpmcounter9,drift,seed13,148,3.0
hpmcounter9,drift,seed13,149,3.0
hpmcounter9,drift,seed13,150,3.0
hpmcounter9,drift,seed13,151,3.0
hpmcounter9,drift,seed13,152,3.0
hpmcounter9,drift,seed13,153,3.0
hpmcounter9,drift,seed13,154,3.0
hpmcounter9,drift,seed13,155,3.0
hpmcounter9,drift,seed13,156,3.0
hpmcounter9,drift,seed13,157,3.0
hpmcounter9,drift,seed13,158,3.0
hpmcounter9,drift,seed13,159,3.0
hpmcounter9,drift,seed13,160,3.0
hpmcounter9,drift,seed13,161,3.0
hpmcounter9,drift,seed13,162,3.0
hpmcounter9,drift,seed13,163,3.0
hpmcounter9,drift,seed13,164,3.0
hpmcounter9,drift,seed13,165,3.0
hpmcounter9,drift,seed13,166,3.0
hpmcounter9,drift,seed13,167,3.0
hpmcounter9,drift,seed13,168,3.0
hpmcounter9,drift,seed13,169,3.0
hpmcounter9,drift,seed13,170,3.109090909090909
hpmcounter9,drift,seed13,171,3.193939393939394
hpmcounter9,drift,seed13,172,3.2545454545454544
hpmcounter9,drift,seed13,173,3.3454545454545452
hpmcounter9,drift,seed13,174,3.4
hpmcounter9,drift,seed13,175,3.418181818181818
hpmcounter9,drift,seed13,176,3.4
hpmcounter9,drift,seed13,177,3.3454545454545452
hpmcounter9,drift,seed13,178,3.2545454545454544
hpmcounter9,drift,seed13,179,3.1272727272727274
hpmcounter9,drift,seed13,180,3.096969696969697
hpmcounter9,drift,seed13,181,3.0545454545454547
hpmcounter9,drift,seed13,182,3.0
hpmcounter9,drift,seed13,183,3.0
hpmcounter9,drift,seed13,184,3.0
hpmcounter9,drift,seed13,185,3.0
hpmcounter9,drift,seed13,186,3.0
hpmcounter9,drift,seed13,187,3.0
hpmcounter9,drift,seed13,188,3.0
hpmcounter9,drift,seed13,189,3.0
hpmcounter9,drift,seed13,190,3.0545454545454547
hpmcounter9,drift,seed13,191,3.096969696969697
hpmcounter9,drift,seed13,192,3.1272727272727274
hpmcounter9,drift,seed13,193,3.1454545454545455
hpmcounter9,drift,seed13,194,3.1515151515151514
hpmcounter9,drift,seed13,195,3.1454545454545455
hpmcounter9,drift,seed13,196,3.1272727272727274
hpmcounter9,drift,seed13,197,3.096969696969697
hpmcounter9,drift,seed13,198,3.0545454545454547
hpmcounter9,drift,seed13,199,3.0
hpmcounter9,drift,seed13,200,3.0
hpmcounter9,drift,seed13,201,3.0
hpmcounter9,drift,seed13,202,3.0
hpmcounter9,drift,seed13,203,3.0
hpmcounter9,drift,seed13,204,3.0
hpmcounter9,drift,seed13,205,3.0
hpmcounter9,drift,seed13,206,3.0
hpmcounter9,drift,seed13,207,3.0
hpmcounter9,drift,seed13,208,3.0
hpmcounter9,drift,seed13,209,3.0
hpmcounter9,drift,seed13,210,3.0
hpmcounter9,drift,seed13,211,3.0
hpmcounter9,drift,seed13,212,3.0
hpmcounter9,drift,seed13,213,3.0
hpmcounter9,drift,seed13,214,3.0
hpmcounter9,drift,seed13,215,3.0
hpmcounter9,drift,seed13,216,3.0
hpmcounter9,drift,seed13,217,3.0
hpmcounter9,drift,seed13,218,3.0
hpmcounter9,drift,seed13,219,3.0
hpmcounter9,drift,seed13,220,3.0
hpmcounter9,drift,seed13,221,3.0
hpmcounter9,drift,seed13,222,3.0
hpmcounter9,drift,seed13,223,3.0
hpmcounter9,drift,seed13,224,3.0
hpmcounter9,drift,seed13,225,3.0
hpmcounter9,drift,seed13,226,3.0
hpmcounter9,drift,seed13,227,3.0
hpmcounter9,drift,seed13,228,3.0
hpmcounter9,drift,seed13,229,3.0
hpmcounter9,drift,seed13,230,3.0
hpmcounter9,drift,seed13,231,3.0
hpmcounter9,drift,seed13,232,3.0
hpmcounter9,drift,seed13,233,3.0
hpmcounter9,drift,seed13,234,3.0
hpmcounter9,drift,seed13,235,3.0
hpmcounter9,drift,seed13,236,3.0
hpmcounter9,drift,seed13,237,3.0
hpmcounter9,drift,seed13,238,3.0
hpmcounter9,drift,seed13,239,3.0
hpmcounter9,drift,seed13,240,3.0
hpmcounter9,drift,seed13,241,3.0
hpmcounter9,drift,seed13,242,3.0
hpmcounter9,drift,seed13,243,3.0
hpmcounter9,drift,seed13,244,3.0
hpmcounter9,drift,seed13,245,3.0
hpmcounter9,drift,seed13,246,3.0
hpmcounter9,drift,seed13,247,3.0
hpmcounter9,drift,seed13,248,3.0
hpmcounter9,drift,seed13,249,3.0
hpmcounter9,drift,seed13,250,3.109090909090909
hpmcounter9,drift,seed13,251,3.193939393939394
hpmcounter9,drift,seed13,252,3.2545454545454544
hpmcounter9,drift,seed13,253,3.290909090909091
hpmcounter9,drift,seed13,254,3.303030303030303
hpmcounter9,drift,seed13,255,3.290909090909091
hpmcounter9,drift,seed13,256,3.2545454545454544
hpmcounter9,drift,seed13,257,3.193939393939394
hpmcounter9,drift,seed13,258,3.109090909090909
hpmcounter9,drift,seed13,259,3.0
hpmcounter9,drift,seed13,260,3.0
hpmcounter9,drift,seed13,261,3.0
hpmcounter9,drift,seed13,262,3.0
hpmcounter9,drift,seed13,263,3.0
hpmcounter9,drift,seed13,264,3.0
hpmcounter9,drift,seed13,265,3.0
hpmcounter9,drift,seed13,266,3.0
hpmcounter9,drift,seed13,267,3.0
hpmcounter9,drift,seed13,268,3.0
hpmcounter9,drift,seed13,269,3.0
hpmcounter9,drift,seed13,270,3.0
hpmcounter9,drift,seed13,271,3.0
hpmcounter9,drift,seed13,272,3.0
hpmcounter9,drift,seed13,273,3.0
hpmcounter9,drift,seed13,274,3.0
hpmcounter9,drift,seed13,275,3.0
hpmcounter9,drift,seed13,276,3.0
hpmcounter9,drift,seed13,277,3.0
hpmcounter9,drift,seed13,278,3.0
hpmcounter9,drift,seed13,279,3.0
hpmcounter9,drift,seed13,280,3.0
hpmcounter9,drift,seed13,281,3.0
hpmcounter9,drift,seed13,282,3.0
hpmcounter9,drift,seed13,283,3.0
hpmcounter9,drift,seed13,284,3.0
hpmcounter9,drift,seed13,285,3.0
hpmcounter9,drift,seed13,286,3.0
hpmcounter9,drift,seed13,287,3.0
hpmcounter9,drift,seed13,288,3.0
hpmcounter9,drift,seed13,289,3.0
hpmcounter9,drift,seed13,290,3.0
hpmcounter9,drift,seed13,291,3.0
hpmcounter9,drift,seed13,292,3.0
hpmcounter9,drift,seed13,293,3.0
hpmcounter9,drift,seed13,294,3.0
hpmcounter9,drift,seed13,295,3.0
hpmcounter9,drift,seed13,296,3.0
hpmcounter9,drift,seed13,297,3.0
hpmcounter9,drift,seed13,298,3.0
hpmcounter9,drift,seed14,9,3.2181818181818183
hpmcounter9,drift,seed14,10,3.0
hpmcounter9,drift,seed14,11,3.0
hpmcounter9,drift,seed14,12,3.0
hpmcounter9,drift,seed14,13,3.0
hpmcounter9,drift,seed14,14,3.0
hpmcounter9,drift,seed14,15,3.0
hpmcounter9,drift,seed14,16,3.0
hpmcounter9,drift,seed14,17,3.0
hpmcounter9,drift,seed14,18,3.0
hpmcounter9,drift,seed14,19,3.0
hpmcounter9,drift,seed14,20,3.0
hpmcounter9,drift,seed14,21,3.0
hpmcounter9,drift,seed14,22,3.0
hpmcounter9,drift,seed14,23,3.0
hpmcounter9,drift,seed14,24,3.0
hpmcounter9,drift,seed14,25,3.0
hpmcounter9,drift,seed14,26,3.0
hpmcounter9,drift,seed14,27,3.0
hpmcounter9,drift,seed14,28,3.0
hpmcounter9,drift,seed14,29,3.0
hpmcounter9,drift,seed14,30,3.0
hpmcounter9,drift,seed14,31,3.0
hpmcounter9,drift,seed14,32,3.0
hpmcounter9,drift,seed14,33,3.0
hpmcounter9,drift,seed14,34,3.0
hpmcounter9,drift,seed14,35,3.0
hpmcounter9,drift,seed14,36,3.0
hpmcounter9,drift,seed14,37,3.0
hpmcounter9,drift,seed14,38,3.0
hpmcounter9,drift,seed14,39,3.0
hpmcounter9,drift,seed14,40,3.0
hpmcounter9,drift,seed14,41,3.0
hpmcounter9,drift,seed14,42,3.0
hpmcounter9,drift,seed14,43,3.0
hpmcounter9,drift,seed14,44,3.0
hpmcounter9,drift,seed14,45,3.0
hpmcounter9,drift,seed14,46,3.0
hpmcounter9,drift,seed14,47,3.0
hpmcounter9,drift,seed14,48,3.0
hpmcounter9,drift,seed14,49,3.0
hpmcounter9,drift,seed14,50,3.0
hpmcounter9,drift,seed14,51,3.0
hpmcounter9,drift,seed14,52,3.109090909090909
hpmcounter9,drift,seed14,53,3.193939393939394
hpmcounter9,drift,seed14,54,3.2545454545454544
hpmcounter9,drift,seed14,55,3.290909090909091
hpmcounter9,drift,seed14,56,3.303030303030303
hpmcounter9,drift,seed14,57,3.290909090909091
hpmcounter9,drift,seed14,58,3.2545454545454544
hpmcounter9,drift,seed14,59,3.193939393939394
hpmcounter9,drift,seed14,60,3.109090909090909
hpmcounter9,drift,seed14,61,3.0
hpmcounter9,drift,seed14,62,3.0
hpmcounter9,drift,seed14,63,3.0
hpmcounter9,drift,seed14,64,3.0
hpmcounter9,drift,seed14,65,3.0
hpmcounter9,drift,seed14,66,3.0
hpmcounter9,drift,seed14,67,3.0
hpmcounter9,drift,seed14,68,3.0
hpmcounter9,drift,seed14,69,3.0
hpmcounter9,drift,seed14,70,3.0
hpmcounter9,drift,seed14,71,3.0
hpmcounter9,drift,seed14,72,3.0
hpmcounter9,drift,seed14,73,3.0
hpmcounter9,drift,seed14,74,3.0
hpmcounter9,drift,seed14,75,3.0
hpmcounter9,drift,seed14,76,3.0
hpmcounter9,drift,seed14,77,3.0
hpmcounter9,drift,seed14,78,3.0
hpmcounter9,drift,seed14,79,3.0
hpmcounter9,drift,seed14,80,3.0
hpmcounter9,drift,seed14,81,3.0
hpmcounter9,drift,seed14,82,3.0
hpmcounter9,drift,seed14,83,3.0
hpmcounter9,drift,seed14,84,3.0
hpmcounter9,drift,seed14,85,3.0
hpmcounter9,drift,seed14,86,3.0
hpmcounter9,drift,seed14,87,3.0
hpmcounter9,drift,seed14,88,3.0
hpmcounter9,drift,seed14,89,3.0
hpmcounter9,drift,seed14,90,3.0
hpmcounter9,drift,seed14,91,3.0
hpmcounter9,drift,seed14,92,3.0
hpmcounter9,drift,seed14,93,3.0
hpmcounter9,drift,seed14,94,3.0
hpmcounter9,drift,seed14,95,3.0
hpmcounter9,drift,seed14,96,3.0
hpmcounter9,drift,seed14,97,3.0
hpmcounter9,drift,seed14,98,3.0
hpmcounter9,drift,seed14,99,3.0
hpmcounter9,drift,seed14,100,3.0
hpmcounter9,drift,seed14,101,3.0
hpmcounter9,drift,seed14,102,3.0
hpmcounter9,drift,seed14,103,3.0
hpmcounter9,drift,seed14,104,3.0
hpmcounter9,drift,seed14,105,3.0
hpmcounter9,drift,seed14,106,3.0
hpmcounter9,drift,seed14,107,3.0
hpmcounter9,drift,seed14,108,3.109090909090909
hpmcounter9,drift,seed14,109,3.193939393939394
hpmcounter9,drift,seed14,110,3.2545454545454544
hpmcounter9,drift,seed14,111,3.290909090909091
hpmcounter9,drift,seed14,112,3.303030303030303
hpmcounter9,drift,seed14,113,3.290909090909091
hpmcounter9,drift,seed14,114,3.2545454545454544
hpmcounter9,drift,seed14,115,3.193939393939394
hpmcounter9,drift,seed14,116,3.109090909090909
hpmcounter9,drift,seed14,117,3.0
hpmcounter9,drift,seed14,118,3.0
hpmcounter9,drift,seed14,119,3.0
hpmcounter9,drift,seed14,120,3.0
hpmcounter9,drift,seed14,121,3.0
hpmcounter9,drift,seed14,122,3.0
hpmcounter9,drift,seed14,123,3.0
hpmcounter9,drift,seed14,124,3.0
hpmcounter9,drift,seed14,125,3.0545454545454547
hpmcounter9,drift,seed14,126,3.096969696969697
hpmcounter9,drift,seed14,127,3.1272727272727274
hpmcounter9,drift,seed14,128,3.1454545454545455
hpmcounter9,drift,seed14,129,3.1515151515151514
hpmcounter9,drift,seed14,130,3.1454545454545455
hpmcounter9,drift,seed14,131,3.1272727272727274
hpmcounter9,drift,seed14,132,3.096969696969697
hpmcounter9,drift,seed14,133,3.0545454545454547
hpmcounter9,drift,seed14,134,3.0
hpmcounter9,drift,seed14,135,3.0545454545454547
hpmcounter9,drift,seed14,136,3.096969696969697
hpmcounter9,drift,seed14,137,3.1272727272727274
hpmcounter9,drift,seed14,138,3.1454545454545455
hpmcounter9,drift,seed14,139,3.1515151515151514
hpmcounter9,drift,seed14,140,3.1454545454545455
hpmcounter9,drift,seed14,141,3.1272727272727274
hpmcounter9,drift,seed14,142,3.096969696969697
hpmcounter9,drift,seed14,143,3.0545454545454547
hpmcounter9,drift,seed14,144,3.0
hpmcounter9,drift,seed14,145,3.0
hpmcounter9,drift,seed14,146,3.0
hpmcounter9,drift,seed14,147,3.0
hpmcounter9,drift,seed14,148,3.0
hpmcounter9,drift,seed14,149,3.0
hpmcounter9,drift,seed14,150,3.0
hpmcounter9,drift,seed14,151,3.0
hpmcounter9,drift,seed14,152,3.0
hpmcounter9,drift,seed14,153,3.0
hpmcounter9,drift,seed14,154,3.0
hpmcounter9,drift,seed14,155,3.0
hpmcounter9,drift,seed14,156,3.0
hpmcounter9,drift,seed14,157,3.0
hpmcounter9,drift,seed14,158,3.0
hpmcounter9,drift,seed14,159,3.0
hpmcounter9,drift,seed14,160,3.0
hpmcounter9,drift,seed14,161,3.0
hpmcounter9,drift,seed14,162,3.0
hpmcounter9,drift,seed14,163,3.0
hpmcounter9,drift,seed14,164,3.0
hpmcounter9,drift,seed14,165,3.0
hpmcounter9,drift,seed14,166,3.0
hpmcounter9,drift,seed14,167,3.0
hpmcounter9,drift,seed14,168,3.0
hpmcounter9,drift,seed14,169,3.0
hpmcounter9,drift,seed14,170,3.0
hpmcounter9,drift,seed14,171,3.0
hpmcounter9,drift,seed14,172,3.0
hpmcounter9,drift,seed14,173,3.0
hpmcounter9,drift,seed14,174,3.0
hpmcounter9,drift,seed14,175,3.0
hpmcounter9,drift,seed14,176,3.0
hpmcounter9,drift,seed14,177,3.0
hpmcounter9,drift,seed14,178,3.0
hpmcounter9,drift,seed14,179,3.0
hpmcounter9,drift,seed14,180,3.0
hpmcounter9,drift,seed14,181,3.0
hpmcounter9,drift,seed14,182,3.0
hpmcounter9,drift,seed14,183,3.0
hpmcounter9,drift,seed14,184,3.0
hpmcounter9,drift,seed14,185,3.0
hpmcounter9,drift,seed14,186,3.0
hpmcounter9,drift,seed14,187,3.0
hpmcounter9,drift,seed14,188,3.0
hpmcounter9,drift,seed14,189,3.0
hpmcounter9,drift,seed14,190,3.0
hpmcounter9,drift,seed14,191,3.0
hpmcounter9,drift,seed14,192,3.0
hpmcounter9,drift,seed14,193,3.0
hpmcounter9,drift,seed14,194,3.0
hpmcounter9,drift,seed14,195,3.0
hpmcounter9,drift,seed14,196,3.0
hpmcounter9,drift,seed14,197,3.0
hpmcounter9,drift,seed14,198,3.0
hpmcounter9,drift,seed14,199,3.0
hpmcounter9,drift,seed14,200,3.0
hpmcounter9,drift,seed14,201,3.0
hpmcounter9,drift,seed14,202,3.0
hpmcounter9,drift,seed14,203,3.0
hpmcounter9,drift,seed14,204,3.0
hpmcounter9,drift,seed14,205,3.0
hpmcounter9,drift,seed14,206,3.0
hpmcounter9,drift,seed14,207,3.0
hpmcounter9,drift,seed14,208,3.0
hpmcounter9,drift,seed14,209,3.0
hpmcounter9,drift,seed14,210,3.0
hpmcounter9,drift,seed14,211,3.0
hpmcounter9,drift,seed14,212,3.0
hpmcounter9,drift,seed14,213,3.0
hpmcounter9,drift,seed14,214,3.0
hpmcounter9,drift,seed14,215,3.0
hpmcounter9,drift,seed14,216,3.0
hpmcounter9,drift,seed14,217,3.0
hpmcounter9,drift,seed14,218,3.0
hpmcounter9,drift,seed14,219,3.0
hpmcounter9,drift,seed14,220,3.0
hpmcounter9,drift,seed14,221,3.0
hpmcounter9,drift,seed14,222,3.0
hpmcounter9,drift,seed14,223,3.0
hpmcounter9,drift,seed14,224,3.0
hpmcounter9,drift,seed14,225,3.0
hpmcounter9,drift,seed14,226,3.0
hpmcounter9,drift,seed14,227,3.0
hpmcounter9,drift,seed14,228,3.0
hpmcounter9,drift,seed14,229,3.0
hpmcounter9,drift,seed14,230,3.0
hpmcounter9,drift,seed14,231,3.0
hpmcounter9,drift,seed14,232,3.0
hpmcounter9,drift,seed14,233,3.0
hpmcounter9,drift,seed14,234,3.0
hpmcounter9,drift,seed14,235,3.0
hpmcounter9,drift,seed14,236,3.0
hpmcounter9,drift,seed14,237,3.1636363636363636
hpmcounter9,drift,seed14,238,3.290909090909091
hpmcounter9,drift,seed14,239,3.381818181818182
hpmcounter9,drift,seed14,240,3.4363636363636365
hpmcounter9,drift,seed14,241,3.4545454545454546
hpmcounter9,drift,seed14,242,3.4363636363636365
hpmcounter9,drift,seed14,243,3.381818181818182
hpmcounter9,drift,seed14,244,3.290909090909091
hpmcounter9,drift,seed14,245,3.1636363636363636
hpmcounter9,drift,seed14,246,3.0
hpmcounter9,drift,seed14,247,3.0
hpmcounter9,drift,seed14,248,3.0545454545454547
hpmcounter9,drift,seed14,249,3.096969696969697
hpmcounter9,drift,seed14,250,3.1272727272727274
hpmcounter9,drift,seed14,251,3.1454545454545455
hpmcounter9,drift,seed14,252,3.1515151515151514
hpmcounter9,drift,seed14,253,3.1454545454545455
hpmcounter9,drift,seed14,254,3.1272727272727274
hpmcounter9,drift,seed14,255,3.096969696969697
hpmcounter9,drift,seed14,256,3.0545454545454547
hpmcounter9,drift,seed14,257,3.0
hpmcounter9,drift,seed14,258,3.0
hpmcounter9,drift,seed14,259,3.0
hpmcounter9,drift,seed14,260,3.0
hpmcounter9,drift,seed14,261,3.0
hpmcounter9,drift,seed14,262,3.0
hpmcounter9,drift,seed14,263,3.0
hpmcounter9,drift,seed14,264,3.0
hpmcounter9,drift,seed14,265,3.0
hpmcounter9,drift,seed14,266,3.0
hpmcounter9,drift,seed14,267,3.0
hpmcounter9,drift,seed14,268,3.0
hpmcounter9,drift,seed14,269,3.0
hpmcounter9,drift,seed14,270,3.0
hpmcounter9,drift,seed14,271,3.0
hpmcounter9,drift,seed14,272,3.0
hpmcounter9,drift,seed14,273,3.0
hpmcounter9,drift,seed14,274,3.0
hpmcounter9,drift,seed14,275,3.0
hpmcounter9,drift,seed14,276,3.0
hpmcounter9,drift,seed14,277,3.0
hpmcounter9,drift,seed14,278,3.0
hpmcounter9,drift,seed14,279,3.0
hpmcounter9,drift,seed14,280,3.0
hpmcounter9,drift,seed14,281,3.0
hpmcounter9,drift,seed14,282,3.0
hpmcounter9,drift,seed14,283,3.0
hpmcounter9,drift,seed14,284,3.0
hpmcounter9,drift,seed14,285,3.0
hpmcounter9,drift,seed14,286,3.0
hpmcounter9,drift,seed14,287,3.0
hpmcounter9,drift,seed14,288,3.0
hpmcounter9,drift,seed14,289,3.0
hpmcounter9,drift,seed14,290,3.0
hpmcounter9,drift,seed14,291,3.0
hpmcounter9,drift,seed14,292,3.0
hpmcounter9,drift,seed14,293,3.0
hpmcounter9,drift,seed14,294,3.0
hpmcounter9,drift,seed14,295,3.0
hpmcounter9,drift,seed14,296,3.0
hpmcounter9,drift,seed14,297,3.0
hpmcounter9,drift,seed14,298,3.0
hpmcounter9,drift,seed15,9,3.2181818181818183
hpmcounter9,drift,seed15,10,3.0
hpmcounter9,drift,seed15,11,3.0
hpmcounter9,drift,seed15,12,3.0
hpmcounter9,drift,seed15,13,3.0
hpmcounter9,drift,seed15,14,3.0
hpmcounter9,drift,seed15,15,3.0
hpmcounter9,drift,seed15,16,3.0
hpmcounter9,drift,seed15,17,3.0
hpmcounter9,drift,seed15,18,3.0
hpmcounter9,drift,seed15,19,3.0
hpmcounter9,drift,seed15,20,3.0
hpmcounter9,drift,seed15,21,3.0
hpmcounter9,drift,seed15,22,3.0
hpmcounter9,drift,seed15,23,3.0
hpmcounter9,drift,seed15,24,3.0
hpmcounter9,drift,seed15,25,3.0
hpmcounter9,drift,seed15,26,3.0
hpmcounter9,drift,seed15,27,3.0
hpmcounter9,drift,seed15,28,3.0
hpmcounter9,drift,seed15,29,3.0
hpmcounter9,drift,seed15,30,3.0
hpmcounter9,drift,seed15,31,3.0
hpmcounter9,drift,seed15,32,3.0
hpmcounter9,drift,seed15,33,3.0
hpmcounter9,drift,seed15,34,3.0
hpmcounter9,drift,seed15,35,3.0
hpmcounter9,drift,seed15,36,3.0
hpmcounter9,drift,seed15,37,3.0
hpmcounter9,drift,seed15,38,3.0
hpmcounter9,drift,seed15,39,3.0
hpmcounter9,drift,seed15,40,3.0
hpmcounter9,drift,seed15,41,3.0
hpmcounter9,drift,seed15,42,3.0
hpmcounter9,drift,seed15,43,3.0
hpmcounter9,drift,seed15,44,3.0
hpmcounter9,drift,seed15,45,3.0
hpmcounter9,drift,seed15,46,3.0
hpmcounter9,drift,seed15,47,3.0
hpmcounter9,drift,seed15,48,3.0
hpmcounter9,drift,seed15,49,3.0
hpmcounter9,drift,seed15,50,3.0
hpmcounter9,drift,seed15,51,3.0
hpmcounter9,drift,seed15,52,3.0
hpmcounter9,drift,seed15,53,3.0
hpmcounter9,drift,seed15,54,3.0
hpmcounter9,drift,seed15,55,3.0
hpmcounter9,drift,seed15,56,3.0
hpmcounter9,drift,seed15,57,3.0
hpmcounter9,drift,seed15,58,3.0
hpmcounter9,drift,seed15,59,3.0
hpmcounter9,drift,seed15,60,3.0
hpmcounter9,drift,seed15,61,3.0
hpmcounter9,drift,seed15,62,3.0
hpmcounter9,drift,seed15,63,3.0
hpmcounter9,drift,seed15,64,3.0
hpmcounter9,drift,seed15,65,3.0
hpmcounter9,drift,seed15,66,3.0
hpmcounter9,drift,seed15,67,3.0
hpmcounter9,drift,seed15,68,3.0
hpmcounter9,drift,seed15,69,3.0
hpmcounter9,drift,seed15,70,3.0
hpmcounter9,drift,seed15,71,3.0
hpmcounter9,drift,seed15,72,3.0
hpmcounter9,drift,seed15,73,3.0
hpmcounter9,drift,seed15,74,3.0
hpmcounter9,drift,seed15,75,3.0
hpmcounter9,drift,seed15,76,3.0
hpmcounter9,drift,seed15,77,3.0
hpmcounter9,drift,seed15,78,3.0
hpmcounter9,drift,seed15,79,3.0
hpmcounter9,drift,seed15,80,3.0
hpmcounter9,drift,seed15,81,3.0
hpmcounter9,drift,seed15,82,3.0
hpmcounter9,drift,seed15,83,3.0
hpmcounter9,drift,seed15,84,3.0
hpmcounter9,drift,seed15,85,3.0
hpmcounter9,drift,seed15,86,3.0
hpmcounter9,drift,seed15,87,3.0
hpmcounter9,drift,seed15,88,3.0
hpmcounter9,drift,seed15,89,3.0
hpmcounter9,drift,seed15,90,3.0
hpmcounter9,drift,seed15,91,3.0
hpmcounter9,drift,seed15,92,3.0
hpmcounter9,drift,seed15,93,3.0
hpmcounter9,drift,seed15,94,3.0
hpmcounter9,drift,seed15,95,3.0
hpmcounter9,drift,seed15,96,3.0
hpmcounter9,drift,seed15,97,3.0
hpmcounter9,drift,seed15,98,3.0
hpmcounter9,drift,seed15,99,3.0
hpmcounter9,drift,seed15,100,3.0
hpmcounter9,drift,seed15,101,3.0
hpmcounter9,drift,seed15,102,3.0
hpmcounter9,drift,seed15,103,3.0
hpmcounter9,drift,seed15,104,3.0
hpmcounter9,drift,seed15,105,3.0
hpmcounter9,drift,seed15,106,3.0
hpmcounter9,drift,seed15,107,3.0545454545454547
hpmcounter9,drift,seed15,108,3.096969696969697
hpmcounter9,drift,seed15,109,3.1272727272727274
hpmcounter9,drift,seed15,110,3.1454545454545455
hpmcounter9,drift,seed15,111,3.1515151515151514
hpmcounter9,drift,seed15,112,3.1454545454545455
hpmcounter9,drift,seed15,113,3.1272727272727274
hpmcounter9,drift,seed15,114,3.096969696969697
hpmcounter9,drift,seed15,115,3.0545454545454547
hpmcounter9,drift,seed15,116,3.0
hpmcounter9,drift,seed15,117,3.0
hpmcounter9,drift,seed15,118,3.0
hpmcounter9,drift,seed15,119,3.0
hpmcounter9,drift,seed15,120,3.0
hpmcounter9,drift,seed15,121,3.0
hpmcounter9,drift,seed15,122,3.0
hpmcounter9,drift,seed15,123,3.0
hpmcounter9,drift,seed15,124,3.0
hpmcounter9,drift,seed15,125,3.0
hpmcounter9,drift,seed15,126,3.0
hpmcounter9,drift,seed15,127,3.0
hpmcounter9,drift,seed15,128,3.0
hpmcounter9,drift,seed15,129,3.0
hpmcounter9,drift,seed15,130,3.0
hpmcounter9,drift,seed15,131,3.0
hpmcounter9,drift,seed15,132,3.0
hpmcounter9,drift,seed15,133,3.0
hpmcounter9,drift,seed15,134,3.0
hpmcounter9,drift,seed15,135,3.0
hpmcounter9,drift,seed15,136,3.0
hpmcounter9,drift,seed15,137,3.0
hpmcounter9,drift,seed15,138,3.0
hpmcounter9,drift,seed15,139,3.0
hpmcounter9,drift,seed15,140,3.0
hpmcounter9,drift,seed15,141,3.0
hpmcounter9,drift,seed15,142,3.0
hpmcounter9,drift,seed15,143,3.0
hpmcounter9,drift,seed15,144,3.0
hpmcounter9,drift,seed15,145,3.0
hpmcounter9,drift,seed15,146,3.0
hpmcounter9,drift,seed15,147,3.0
hpmcounter9,drift,seed15,148,3.0
hpmcounter9,drift,seed15,149,3.0
hpmcounter9,drift,seed15,150,3.0
hpmcounter9,drift,seed15,151,3.0
hpmcounter9,drift,seed15,152,3.0
hpmcounter9,drift,seed15,153,3.0
hpmcounter9,drift,seed15,154,3.0
hpmcounter9,drift,seed15,155,3.0
hpmcounter9,drift,seed15,156,3.0
hpmcounter9,drift,seed15,157,3.0
hpmcounter9,drift,seed15,158,3.0
hpmcounter9,drift,seed15,159,3.0
hpmcounter9,drift,seed15,160,3.0
hpmcounter9,drift,seed15,161,3.0
hpmcounter9,drift,seed15,162,3.0
hpmcounter9,drift,seed15,163,3.0
hpmcounter9,drift,seed15,164,3.0
hpmcounter9,drift,seed15,165,3.0
hpmcounter9,drift,seed15,166,3.0
hpmcounter9,drift,seed15,167,3.0
hpmcounter9,drift,seed15,168,3.0
hpmcounter9,drift,seed15,169,3.0
hpmcounter9,drift,seed15,170,3.0
hpmcounter9,drift,seed15,171,3.0
hpmcounter9,drift,seed15,172,3.0
hpmcounter9,drift,seed15,173,3.0
hpmcounter9,drift,seed15,174,3.0
hpmcounter9,drift,seed15,175,3.0
hpmcounter9,drift,seed15,176,3.0
hpmcounter9,drift,seed15,177,3.0
hpmcounter9,drift,seed15,178,3.0
hpmcounter9,drift,seed15,179,3.0
hpmcounter9,drift,seed15,180,3.0
hpmcounter9,drift,seed15,181,3.0
hpmcounter9,drift,seed15,182,3.0
hpmcounter9,drift,seed15,183,3.0
hpmcounter9,drift,seed15,184,3.0
hpmcounter9,drift,seed15,185,3.0
hpmcounter9,drift,seed15,186,3.0
hpmcounter9,drift,seed15,187,3.0
hpmcounter9,drift,seed15,188,3.0
hpmcounter9,drift,seed15,189,3.0
hpmcounter9,drift,seed15,190,3.0
hpmcounter9,drift,seed15,191,3.0
hpmcounter9,drift,seed15,192,3.0
hpmcounter9,drift,seed15,193,3.0
hpmcounter9,drift,seed15,194,3.0
hpmcounter9,drift,seed15,195,3.0
hpmcounter9,drift,seed15,196,3.0
hpmcounter9,drift,seed15,197,3.0
hpmcounter9,drift,seed15,198,3.109090909090909
hpmcounter9,drift,seed15,199,3.193939393939394
hpmcounter9,drift,seed15,200,3.2545454545454544
hpmcounter9,drift,seed15,201,3.290909090909091
hpmcounter9,drift,seed15,202,3.303030303030303
hpmcounter9,drift,seed15,203,3.290909090909091
hpmcounter9,drift,seed15,204,3.2545454545454544
hpmcounter9,drift,seed15,205,3.193939393939394
hpmcounter9,drift,seed15,206,3.109090909090909
hpmcounter9,drift,seed15,207,3.0
hpmcounter9,drift,seed15,208,3.0
hpmcounter9,drift,seed15,209,3.0
hpmcounter9,drift,seed15,210,3.0
hpmcounter9,drift,seed15,211,3.0
hpmcounter9,drift,seed15,212,3.0
hpmcounter9,drift,seed15,213,3.0
hpmcounter9,drift,seed15,214,3.0
hpmcounter9,drift,seed15,215,3.0
hpmcounter9,drift,seed15,216,3.0
hpmcounter9,drift,seed15,217,3.0
hpmcounter9,drift,seed15,218,3.0
hpmcounter9,drift,seed15,219,3.0
hpmcounter9,drift,seed15,220,3.0
hpmcounter9,drift,seed15,221,3.0
hpmcounter9,drift,seed15,222,3.0
hpmcounter9,drift,seed15,223,3.0
hpmcounter9,drift,seed15,224,3.0
hpmcounter9,drift,seed15,225,3.0
hpmcounter9,drift,seed15,226,3.0
hpmcounter9,drift,seed15,227,3.0
hpmcounter9,drift,seed15,228,3.0
hpmcounter9,drift,seed15,229,3.0
hpmcounter9,drift,seed15,230,3.0
hpmcounter9,drift,seed15,231,3.0
hpmcounter9,drift,seed15,232,3.0
hpmcounter9,drift,seed15,233,3.0
hpmcounter9,drift,seed15,234,3.0
hpmcounter9,drift,seed15,235,3.0
hpmcounter9,drift,seed15,236,3.0
hpmcounter9,drift,seed15,237,3.0
hpmcounter9,drift,seed15,238,3.0
hpmcounter9,drift,seed15,239,3.0
hpmcounter9,drift,seed15,240,3.0
hpmcounter9,drift,seed15,241,3.0
hpmcounter9,drift,seed15,242,3.0
hpmcounter9,drift,seed15,243,3.0
hpmcounter9,drift,seed15,244,3.0
hpmcounter9,drift,seed15,245,3.0
hpmcounter9,drift,seed15,246,3.0
hpmcounter9,drift,seed15,247,3.0
hpmcounter9,drift,seed15,248,3.0
hpmcounter9,drift,seed15,249,3.0
hpmcounter9,drift,seed15,250,3.0
hpmcounter9,drift,seed15,251,3.0
hpmcounter9,drift,seed15,252,3.0
hpmcounter9,drift,seed15,253,3.0
hpmcounter9,drift,seed15,254,3.0
hpmcounter9,drift,seed15,255,3.0
hpmcounter9,drift,seed15,256,3.0
hpmcounter9,drift,seed15,257,3.0
hpmcounter9,drift,seed15,258,3.0
hpmcounter9,drift,seed15,259,3.0
hpmcounter9,drift,seed15,260,3.0
hpmcounter9,drift,seed15,261,3.0
hpmcounter9,drift,seed15,262,3.0
hpmcounter9,drift,seed15,263,3.0
hpmcounter9,drift,seed15,264,3.0
hpmcounter9,drift,seed15,265,3.0
hpmcounter9,drift,seed15,266,3.0
hpmcounter9,drift,seed15,267,3.0
hpmcounter9,drift,seed15,268,3.0
hpmcounter9,drift,seed15,269,3.0
hpmcounter9,drift,seed15,270,3.0
hpmcounter9,drift,seed15,271,3.0
hpmcounter9,drift,seed15,272,3.0
hpmcounter9,drift,seed15,273,3.0
hpmcounter9,drift,seed15,274,3.0
hpmcounter9,drift,seed15,275,3.0
hpmcounter9,drift,seed15,276,3.0
hpmcounter9,drift,seed15,277,3.0
hpmcounter9,drift,seed15,278,3.0
hpmcounter9,drift,seed15,279,3.0
hpmcounter9,drift,seed15,280,3.0
hpmcounter9,drift,seed15,281,3.0
hpmcounter9,drift,seed15,282,3.0
hpmcounter9,drift,seed15,283,3.0
hpmcounter9,drift,seed15,284,3.0
hpmcounter9,drift,seed15,285,3.0
hpmcounter9,drift,seed15,286,3.0
hpmcounter9,drift,seed15,287,3.0
hpmcounter9,drift,seed15,288,3.0
hpmcounter9,drift,seed15,289,3.0
hpmcounter9,drift,seed15,290,3.0
hpmcounter9,drift,seed15,291,3.0
hpmcounter9,drift,seed15,292,3.0
hpmcounter9,drift,seed15,293,3.0
hpmcounter9,drift,seed15,294,3.0
hpmcounter9,drift,seed15,295,3.0
hpmcounter9,drift,seed15,296,3.0
hpmcounter9,drift,seed15,297,3.0
hpmcounter9,drift,seed15,298,3.0
hpmcounter9,drift,seed16,9,3.3454545454545452
hpmcounter9,drift,seed16,10,3.1454545454545455
hpmcounter9,drift,seed16,11,3.1515151515151514
hpmcounter9,drift,seed16,12,3.1454545454545455
hpmcounter9,drift,seed16,13,3.1272727272727274
hpmcounter9,drift,seed16,14,3.096969696969697
hpmcounter9,drift,seed16,15,3.0545454545454547
hpmcounter9,drift,seed16,16,3.0
hpmcounter9,drift,seed16,17,3.0
hpmcounter9,drift,seed16,18,3.0
hpmcounter9,drift,seed16,19,3.0
hpmcounter9,drift,seed16,20,3.0
hpmcounter9,drift,seed16,21,3.0
hpmcounter9,drift,seed16,22,3.0
hpmcounter9,drift,seed16,23,3.0
hpmcounter9,drift,seed16,24,3.0
hpmcounter9,drift,seed16,25,3.0
hpmcounter9,drift,seed16,26,3.0
hpmcounter9,drift,seed16,27,3.0
hpmcounter9,drift,seed16,28,3.0
hpmcounter9,drift,seed16,29,3.0
hpmcounter9,drift,seed16,30,3.0
hpmcounter9,drift,seed16,31,3.0
hpmcounter9,drift,seed16,32,3.0
hpmcounter9,drift,seed16,33,3.0
hpmcounter9,drift,seed16,34,3.0
hpmcounter9,drift,seed16,35,3.0
hpmcounter9,drift,seed16,36,3.0
hpmcounter9,drift,seed16,37,3.0
hpmcounter9,drift,seed16,38,3.0
hpmcounter9,drift,seed16,39,3.0
hpmcounter9,drift,seed16,40,3.0
hpmcounter9,drift,seed16,41,3.0
hpmcounter9,drift,seed16,42,3.0
hpmcounter9,drift,seed16,43,3.0
hpmcounter9,drift,seed16,44,3.0
hpmcounter9,drift,seed16,45,3.0
hpmcounter9,drift,seed16,46,3.0
hpmcounter9,drift,seed16,47,3.0
hpmcounter9,drift,seed16,48,3.0
hpmcounter9,drift,seed16,49,3.0
hpmcounter9,drift,seed16,50,3.0
hpmcounter9,drift,seed16,51,3.0
hpmcounter9,drift,seed16,52,3.0
hpmcounter9,drift,seed16,53,3.109090909090909
hpmcounter9,drift,seed16,54,3.193939393939394
hpmcounter9,drift,seed16,55,3.2545454545454544
hpmcounter9,drift,seed16,56,3.290909090909091
hpmcounter9,drift,seed16,57,3.303030303030303
hpmcounter9,drift,seed16,58,3.290909090909091
hpmcounter9,drift,seed16,59,3.2545454545454544
hpmcounter9,drift,seed16,60,3.193939393939394
hpmcounter9,drift,seed16,61,3.109090909090909
hpmcounter9,drift,seed16,62,3.0
hpmcounter9,drift,seed16,63,3.0
hpmcounter9,drift,seed16,64,3.0
hpmcounter9,drift,seed16,65,3.0
hpmcounter9,drift,seed16,66,3.0
hpmcounter9,drift,seed16,67,3.0
hpmcounter9,drift,seed16,68,3.0
hpmcounter9,drift,seed16,69,3.0
hpmcounter9,drift,seed16,70,3.0
hpmcounter9,drift,seed16,71,3.0
hpmcounter9,drift,seed16,72,3.0
hpmcounter9,drift,seed16,73,3.0
hpmcounter9,drift,seed16,74,3.0
hpmcounter9,drift,seed16,75,3.0
hpmcounter9,drift,seed16,76,3.0
hpmcounter9,drift,seed16,77,3.0
hpmcounter9,drift,seed16,78,3.0
hpmcounter9,drift,seed16,79,3.109090909090909
hpmcounter9,drift,seed16,80,3.193939393939394
hpmcounter9,drift,seed16,81,3.2545454545454544
hpmcounter9,drift,seed16,82,3.290909090909091
hpmcounter9,drift,seed16,83,3.303030303030303
hpmcounter9,drift,seed16,84,3.290909090909091
hpmcounter9,drift,seed16,85,3.2545454545454544
hpmcounter9,drift,seed16,86,3.193939393939394
hpmcounter9,drift,seed16,87,3.109090909090909
hpmcounter9,drift,seed16,88,3.0
hpmcounter9,drift,seed16,89,3.0
hpmcounter9,drift,seed16,90,3.0
hpmcounter9,drift,seed16,91,3.0
hpmcounter9,drift,seed16,92,3.0
hpmcounter9,drift,seed16,93,3.0
hpmcounter9,drift,seed16,94,3.0
hpmcounter9,drift,seed16,95,3.0
hpmcounter9,drift,seed16,96,3.0
hpmcounter9,drift,seed16,97,3.0
hpmcounter9,drift,seed16,98,3.0
hpmcounter9,drift,seed16,99,3.0
hpmcounter9,drift,seed16,100,3.0
hpmcounter9,drift,seed16,101,3.0
hpmcounter9,drift,seed16,102,3.0
hpmcounter9,drift,seed16,103,3.0
hpmcounter9,drift,seed16,104,3.0
hpmcounter9,drift,seed16,105,3.0
hpmcounter9,drift,seed16,106,3.0
hpmcounter9,drift,seed16,107,3.0
hpmcounter9,drift,seed16,108,3.0
hpmcounter9,drift,seed16,109,3.0
hpmcounter9,drift,seed16,110,3.0
hpmcounter9,drift,seed16,111,3.0
hpmcounter9,drift,seed16,112,3.0
hpmcounter9,drift,seed16,113,3.0
hpmcounter9,drift,seed16,114,3.0
hpmcounter9,drift,seed16,115,3.0
hpmcounter9,drift,seed16,116,3.0
hpmcounter9,drift,seed16,117,3.0
hpmcounter9,drift,seed16,118,3.0
hpmcounter9,drift,seed16,119,3.0
hpmcounter9,drift,seed16,120,3.0
hpmcounter9,drift,seed16,121,3.0
hpmcounter9,drift,seed16,122,3.0
hpmcounter9,drift,seed16,123,3.0
hpmcounter9,drift,seed16,124,3.0
hpmcounter9,drift,seed16,125,3.0
hpmcounter9,drift,seed16,126,3.0545454545454547
hpmcounter9,drift,seed16,127,3.096969696969697
hpmcounter9,drift,seed16,128,3.1272727272727274
hpmcounter9,drift,seed16,129,3.1454545454545455
hpmcounter9,drift,seed16,130,3.1515151515151514
hpmcounter9,drift,seed16,131,3.1454545454545455
hpmcounter9,drift,seed16,132,3.1272727272727274
hpmcounter9,drift,seed16,133,3.096969696969697
hpmcounter9,drift,seed16,134,3.0545454545454547
hpmcounter9,drift,seed16,135,3.0
hpmcounter9,drift,seed16,136,3.0
hpmcounter9,drift,seed16,137,3.0
hpmcounter9,drift,seed16,138,3.0
hpmcounter9,drift,seed16,139,3.0
hpmcounter9,drift,seed16,140,3.0
hpmcounter9,drift,seed16,141,3.109090909090909
hpmcounter9,drift,seed16,142,3.193939393939394
hpmcounter9,drift,seed16,143,3.2545454545454544
hpmcounter9,drift,seed16,144,3.290909090909091
hpmcounter9,drift,seed16,145,3.303030303030303
hpmcounter9,drift,seed16,146,3.290909090909091
hpmcounter9,drift,seed16,147,3.2545454545454544
hpmcounter9,drift,seed16,148,3.193939393939394
hpmcounter9,drift,seed16,149,3.109090909090909
hpmcounter9,drift,seed16,150,3.0
hpmcounter9,drift,seed16,151,3.0
hpmcounter9,drift,seed16,152,3.0
hpmcounter9,drift,seed16,153,3.0
hpmcounter9,drift,seed16,154,3.0
hpmcounter9,drift,seed16,155,3.0
hpmcounter9,drift,seed16,156,3.0
hpmcounter9,drift,seed16,157,3.0
hpmcounter9,drift,seed16,158,3.0
hpmcounter9,drift,seed16,159,3.0
hpmcounter9,drift,seed16,160,3.0
hpmcounter9,drift,seed16,161,3.0
hpmcounter9,drift,seed16,162,3.0
hpmcounter9,drift,seed16,163,3.0
hpmcounter9,drift,seed16,164,3.0
hpmcounter9,drift,seed16,165,3.0
hpmcounter9,drift,seed16,166,3.0
hpmcounter9,drift,seed16,167,3.0
hpmcounter9,drift,seed16,168,3.0
hpmcounter9,drift,seed16,169,3.0
hpmcounter9,drift,seed16,170,3.0
hpmcounter9,drift,seed16,171,3.0
hpmcounter9,drift,seed16,172,3.0
hpmcounter9,drift,seed16,173,3.0
hpmcounter9,drift,seed16,174,3.0
hpmcounter9,drift,seed16,175,3.0
hpmcounter9,drift,seed16,176,3.0
hpmcounter9,drift,seed16,177,3.0
hpmcounter9,drift,seed16,178,3.0
hpmcounter9,drift,seed16,179,3.0
hpmcounter9,drift,seed16,180,3.0
hpmcounter9,drift,seed16,181,3.0
hpmcounter9,drift,seed16,182,3.0
hpmcounter9,drift,seed16,183,3.0
hpmcounter9,drift,seed16,184,3.0
hpmcounter9,drift,seed16,185,3.0
hpmcounter9,drift,seed16,186,3.0
hpmcounter9,drift,seed16,187,3.0
hpmcounter9,drift,seed16,188,3.0
hpmcounter9,drift,seed16,189,3.0
hpmcounter9,drift,seed16,190,3.0
hpmcounter9,drift,seed16,191,3.0
hpmcounter9,drift,seed16,192,3.0
hpmcounter9,drift,seed16,193,3.0
hpmcounter9,drift,seed16,194,3.0
hpmcounter9,drift,seed16,195,3.0
hpmcounter9,drift,seed16,196,3.0
hpmcounter9,drift,seed16,197,3.0
hpmcounter9,drift,seed16,198,3.0
hpmcounter9,drift,seed16,199,3.0
hpmcounter9,drift,seed16,200,3.0
hpmcounter9,drift,seed16,201,3.0
hpmcounter9,drift,seed16,202,3.0
hpmcounter9,drift,seed16,203,3.0
hpmcounter9,drift,seed16,204,3.0
hpmcounter9,drift,seed16,205,3.0
hpmcounter9,drift,seed16,206,3.0
hpmcounter9,drift,seed16,207,3.0
hpmcounter9,drift,seed16,208,3.0
hpmcounter9,drift,seed16,209,3.0
hpmcounter9,drift,seed16,210,3.0
hpmcounter9,drift,seed16,211,3.0
hpmcounter9,drift,seed16,212,3.109090909090909
hpmcounter9,drift,seed16,213,3.193939393939394
hpmcounter9,drift,seed16,214,3.2545454545454544
hpmcounter9,drift,seed16,215,3.290909090909091
hpmcounter9,drift,seed16,216,3.303030303030303
hpmcounter9,drift,seed16,217,3.290909090909091
hpmcounter9,drift,seed16,218,3.2545454545454544
hpmcounter9,drift,seed16,219,3.193939393939394
hpmcounter9,drift,seed16,220,3.109090909090909
hpmcounter9,drift,seed16,221,3.0
hpmcounter9,drift,seed16,222,3.0
hpmcounter9,drift,seed16,223,3.0
hpmcounter9,drift,seed16,224,3.0
hpmcounter9,drift,seed16,225,3.0
hpmcounter9,drift,seed16,226,3.0
hpmcounter9,drift,seed16,227,3.0
hpmcounter9,drift,seed16,228,3.0
hpmcounter9,drift,seed16,229,3.0
hpmcounter9,drift,seed16,230,3.0
hpmcounter9,drift,seed16,231,3.0
hpmcounter9,drift,seed16,232,3.0
hpmcounter9,drift,seed16,233,3.0
hpmcounter9,drift,seed16,234,3.0
hpmcounter9,drift,seed16,235,3.0
hpmcounter9,drift,seed16,236,3.0
hpmcounter9,drift,seed16,237,3.0
hpmcounter9,drift,seed16,238,3.0
hpmcounter9,drift,seed16,239,3.0
hpmcounter9,drift,seed16,240,3.0
hpmcounter9,drift,seed16,241,3.0
hpmcounter9,drift,seed16,242,3.0
hpmcounter9,drift,seed16,243,3.0
hpmcounter9,drift,seed16,244,3.0
hpmcounter9,drift,seed16,245,3.0545454545454547
hpmcounter9,drift,seed16,246,3.096969696969697
hpmcounter9,drift,seed16,247,3.1272727272727274
hpmcounter9,drift,seed16,248,3.1454545454545455
hpmcounter9,drift,seed16,249,3.1515151515151514
hpmcounter9,drift,seed16,250,3.1454545454545455
hpmcounter9,drift,seed16,251,3.1272727272727274
hpmcounter9,drift,seed16,252,3.096969696969697
hpmcounter9,drift,seed16,253,3.0545454545454547
hpmcounter9,drift,seed16,254,3.0
hpmcounter9,drift,seed16,255,3.0
hpmcounter9,drift,seed16,256,3.0
hpmcounter9,drift,seed16,257,3.0
hpmcounter9,drift,seed16,258,3.0
hpmcounter9,drift,seed16,259,3.0
hpmcounter9,drift,seed16,260,3.0
hpmcounter9,drift,seed16,261,3.0
hpmcounter9,drift,seed16,262,3.0
hpmcounter9,drift,seed16,263,3.0
hpmcounter9,drift,seed16,264,3.0
hpmcounter9,drift,seed16,265,3.0
hpmcounter9,drift,seed16,266,3.0
hpmcounter9,drift,seed16,267,3.0
hpmcounter9,drift,seed16,268,3.0
hpmcounter9,drift,seed16,269,3.0
hpmcounter9,drift,seed16,270,3.0
hpmcounter9,drift,seed16,271,3.0
hpmcounter9,drift,seed16,272,3.0
hpmcounter9,drift,seed16,273,3.0
hpmcounter9,drift,seed16,274,3.0
hpmcounter9,drift,seed16,275,3.0545454545454547
hpmcounter9,drift,seed16,276,3.1515151515151514
hpmcounter9,drift,seed16,277,3.224242424242424
hpmcounter9,drift,seed16,278,3.272727272727273
hpmcounter9,drift,seed16,279,3.296969696969697
hpmcounter9,drift,seed16,280,3.296969696969697
hpmcounter9,drift,seed16,281,3.272727272727273
hpmcounter9,drift,seed16,282,3.224242424242424
hpmcounter9,drift,seed16,283,3.1515151515151514
hpmcounter9,drift,seed16,284,3.0545454545454547
hpmcounter9,drift,seed16,285,3.0
hpmcounter9,drift,seed16,286,3.0
hpmcounter9,drift,seed16,287,3.0
hpmcounter9,drift,seed16,288,3.0
hpmcounter9,drift,seed16,289,3.0
hpmcounter9,drift,seed16,290,3.0
hpmcounter9,drift,seed16,291,3.0545454545454547
hpmcounter9,drift,seed16,292,3.096969696969697
hpmcounter9,drift,seed16,293,3.1272727272727274
hpmcounter9,drift,seed16,294,3.1454545454545455
hpmcounter9,drift,seed16,295,3.206060606060606
hpmcounter9,drift,seed16,296,3.242424242424242
hpmcounter9,drift,seed16,297,3.2545454545454544
hpmcounter9,drift,seed16,298,3.242424242424242
hpmcounter9,drift,seed17,9,3.2181818181818183
hpmcounter9,drift,seed17,10,3.0
hpmcounter9,drift,seed17,11,3.0
hpmcounter9,drift,seed17,12,3.0
hpmcounter9,drift,seed17,13,3.0
hpmcounter9,drift,seed17,14,3.0
hpmcounter9,drift,seed17,15,3.0
hpmcounter9,drift,seed17,16,3.0
hpmcounter9,drift,seed17,17,3.0
hpmcounter9,drift,seed17,18,3.0
hpmcounter9,drift,seed17,19,3.0
hpmcounter9,drift,seed17,20,3.0
hpmcounter9,drift,seed17,21,3.0
hpmcounter9,drift,seed17,22,3.0
hpmcounter9,drift,seed17,23,3.0
hpmcounter9,drift,seed17,24,3.0
hpmcounter9,drift,seed17,25,3.0
hpmcounter9,drift,seed17,26,3.0
hpmcounter9,drift,seed17,27,3.0
hpmcounter9,drift,seed17,28,3.0
hpmcounter9,drift,seed17,29,3.0
hpmcounter9,drift,seed17,30,3.0
hpmcounter9,drift,seed17,31,3.0
hpmcounter9,drift,seed17,32,3.0
hpmcounter9,drift,seed17,33,3.0
hpmcounter9,drift,seed17,34,3.0
hpmcounter9,drift,seed17,35,3.0
hpmcounter9,drift,seed17,36,3.0
hpmcounter9,drift,seed17,37,3.0
hpmcounter9,drift,seed17,38,3.0
hpmcounter9,drift,seed17,39,3.0
hpmcounter9,drift,seed17,40,3.0
hpmcounter9,drift,seed17,41,3.0
hpmcounter9,drift,seed17,42,3.0
hpmcounter9,drift,seed17,43,3.0
hpmcounter9,drift,seed17,44,3.0
hpmcounter9,drift,seed17,45,3.0
hpmcounter9,drift,seed17,46,3.0
hpmcounter9,drift,seed17,47,3.0
hpmcounter9,drift,seed17,48,3.0
hpmcounter9,drift,seed17,49,3.0
hpmcounter9,drift,seed17,50,3.0
hpmcounter9,drift,seed17,51,3.0
hpmcounter9,drift,seed17,52,3.0
hpmcounter9,drift,seed17,53,3.0
hpmcounter9,drift,seed17,54,3.0
hpmcounter9,drift,seed17,55,3.0
hpmcounter9,drift,seed17,56,3.0
hpmcounter9,drift,seed17,57,3.0
hpmcounter9,drift,seed17,58,3.0
hpmcounter9,drift,seed17,59,3.0
hpmcounter9,drift,seed17,60,3.0
hpmcounter9,drift,seed17,61,3.0
hpmcounter9,drift,seed17,62,3.0
hpmcounter9,drift,seed17,63,3.0
hpmcounter9,drift,seed17,64,3.0
hpmcounter9,drift,seed17,65,3.0
hpmcounter9,drift,seed17,66,3.0
hpmcounter9,drift,seed17,67,3.0
hpmcounter9,drift,seed17,68,3.0
hpmcounter9,drift,seed17,69,3.0
hpmcounter9,drift,seed17,70,3.0
hpmcounter9,drift,seed17,71,3.0
hpmcounter9,drift,seed17,72,3.0
hpmcounter9,drift,seed17,73,3.0
hpmcounter9,drift,seed17,74,3.0
hpmcounter9,drift,seed17,75,3.0
hpmcounter9,drift,seed17,76,3.0
hpmcounter9,drift,seed17,77,3.0
hpmcounter9,drift,seed17,78,3.0
hpmcounter9,drift,seed17,79,3.0
hpmcounter9,drift,seed17,80,3.0
hpmcounter9,drift,seed17,81,3.0
hpmcounter9,drift,seed17,82,3.0
hpmcounter9,drift,seed17,83,3.0
hpmcounter9,drift,seed17,84,3.0
hpmcounter9,drift,seed17,85,3.0
hpmcounter9,drift,seed17,86,3.0
hpmcounter9,drift,seed17,87,3.0
hpmcounter9,drift,seed17,88,3.0
hpmcounter9,drift,seed17,89,3.0
hpmcounter9,drift,seed17,90,3.0
hpmcounter9,drift,seed17,91,3.0
hpmcounter9,drift,seed17,92,3.0
hpmcounter9,drift,seed17,93,3.0
hpmcounter9,drift,seed17,94,3.0
hpmcounter9,drift,seed17,95,3.0
hpmcounter9,drift,seed17,96,3.0
hpmcounter9,drift,seed17,97,3.0
hpmcounter9,drift,seed17,98,3.0
hpmcounter9,drift,seed17,99,3.0
hpmcounter9,drift,seed17,100,3.0
hpmcounter9,drift,seed17,101,3.0
hpmcounter9,drift,seed17,102,3.0
hpmcounter9,drift,seed17,103,3.0
hpmcounter9,drift,seed17,104,3.0
hpmcounter9,drift,seed17,105,3.0
hpmcounter9,drift,seed17,106,3.0
hpmcounter9,drift,seed17,107,3.0
hpmcounter9,drift,seed17,108,3.0
hpmcounter9,drift,seed17,109,3.0
hpmcounter9,drift,seed17,110,3.0
hpmcounter9,drift,seed17,111,3.0
hpmcounter9,drift,seed17,112,3.0
hpmcounter9,drift,seed17,113,3.0
hpmcounter9,drift,seed17,114,3.0
hpmcounter9,drift,seed17,115,3.0
hpmcounter9,drift,seed17,116,3.0
hpmcounter9,drift,seed17,117,3.0
hpmcounter9,drift,seed17,118,3.0
hpmcounter9,drift,seed17,119,3.0
hpmcounter9,drift,seed17,120,3.0
hpmcounter9,drift,seed17,121,3.0
hpmcounter9,drift,seed17,122,3.0
hpmcounter9,drift,seed17,123,3.0
hpmcounter9,drift,seed17,124,3.0
hpmcounter9,drift,seed17,125,3.0
hpmcounter9,drift,seed17,126,3.0
hpmcounter9,drift,seed17,127,3.0
hpmcounter9,drift,seed17,128,3.0
hpmcounter9,drift,seed17,129,3.0
hpmcounter9,drift,seed17,130,3.0
hpmcounter9,drift,seed17,131,3.0
hpmcounter9,drift,seed17,132,3.0
hpmcounter9,drift,seed17,133,3.0
hpmcounter9,drift,seed17,134,3.0
hpmcounter9,drift,seed17,135,3.0
hpmcounter9,drift,seed17,136,3.0
hpmcounter9,drift,seed17,137,3.0
hpmcounter9,drift,seed17,138,3.0
hpmcounter9,drift,seed17,139,3.0
hpmcounter9,drift,seed17,140,3.0
hpmcounter9,drift,seed17,141,3.0
hpmcounter9,drift,seed17,142,3.0
hpmcounter9,drift,seed17,143,3.0
hpmcounter9,drift,seed17,144,3.0
hpmcounter9,drift,seed17,145,3.0
hpmcounter9,drift,seed17,146,3.0
hpmcounter9,drift,seed17,147,3.0
hpmcounter9,drift,seed17,148,3.0
hpmcounter9,drift,seed17,149,3.0
hpmcounter9,drift,seed17,150,3.0
hpmcounter9,drift,seed17,151,3.0
hpmcounter9,drift,seed17,152,3.0
hpmcounter9,drift,seed17,153,3.0
hpmcounter9,drift,seed17,154,3.0
hpmcounter9,drift,seed17,155,3.0
hpmcounter9,drift,seed17,156,3.0
hpmcounter9,drift,seed17,157,3.0
hpmcounter9,drift,seed17,158,3.0
hpmcounter9,drift,seed17,159,3.0
hpmcounter9,drift,seed17,160,3.0
hpmcounter9,drift,seed17,161,3.0
hpmcounter9,drift,seed17,162,3.0
hpmcounter9,drift,seed17,163,3.0
hpmcounter9,drift,seed17,164,3.0
hpmcounter9,drift,seed17,165,3.0
hpmcounter9,drift,seed17,166,3.0
hpmcounter9,drift,seed17,167,3.0
hpmcounter9,drift,seed17,168,3.0
hpmcounter9,drift,seed17,169,3.0
hpmcounter9,drift,seed17,170,3.0
hpmcounter9,drift,seed17,171,3.0
hpmcounter9,drift,seed17,172,3.0
hpmcounter9,drift,seed17,173,3.0
hpmcounter9,drift,seed17,174,3.0
hpmcounter9,drift,seed17,175,3.0
hpmcounter9,drift,seed17,176,3.0
hpmcounter9,drift,seed17,177,3.0
hpmcounter9,drift,seed17,178,3.0
hpmcounter9,drift,seed17,179,3.0
hpmcounter9,drift,seed17,180,3.0
hpmcounter9,drift,seed17,181,3.0
hpmcounter9,drift,seed17,182,3.0
hpmcounter9,drift,seed17,183,3.0
hpmcounter9,drift,seed17,184,3.0
hpmcounter9,drift,seed17,185,3.0
hpmcounter9,drift,seed17,186,3.0
hpmcounter9,drift,seed17,187,3.0
hpmcounter9,drift,seed17,188,3.0
hpmcounter9,drift,seed17,189,3.0
hpmcounter9,drift,seed17,190,3.0
hpmcounter9,drift,seed17,191,3.0
hpmcounter9,drift,seed17,192,3.0
hpmcounter9,drift,seed17,193,3.0
hpmcounter9,drift,seed17,194,3.0
hpmcounter9,drift,seed17,195,3.0
hpmcounter9,drift,seed17,196,3.0
hpmcounter9,drift,seed17,197,3.0
hpmcounter9,drift,seed17,198,3.0
hpmcounter9,drift,seed17,199,3.0
hpmcounter9,drift,seed17,200,3.0
hpmcounter9,drift,seed17,201,3.0
hpmcounter9,drift,seed17,202,3.0
hpmcounter9,drift,seed17,203,3.0
hpmcounter9,drift,seed17,204,3.0
hpmcounter9,drift,seed17,205,3.0
hpmcounter9,drift,seed17,206,3.0
hpmcounter9,drift,seed17,207,3.0
hpmcounter9,drift,seed17,208,3.0
hpmcounter9,drift,seed17,209,3.0
hpmcounter9,drift,seed17,210,3.0
hpmcounter9,drift,seed17,211,3.0
hpmcounter9,drift,seed17,212,3.0
hpmcounter9,drift,seed17,213,3.0
hpmcounter9,drift,seed17,214,3.0
hpmcounter9,drift,seed17,215,3.0
hpmcounter9,drift,seed17,216,3.0
hpmcounter9,drift,seed17,217,3.0
hpmcounter9,drift,seed17,218,3.0
hpmcounter9,drift,seed17,219,3.0
hpmcounter9,drift,seed17,220,3.0
hpmcounter9,drift,seed17,221,3.0
hpmcounter9,drift,seed17,222,3.0
hpmcounter9,drift,seed17,223,3.0
hpmcounter9,drift,seed17,224,3.0
hpmcounter9,drift,seed17,225,3.0
hpmcounter9,drift,seed17,226,3.0
hpmcounter9,drift,seed17,227,3.0
hpmcounter9,drift,seed17,228,3.0
hpmcounter9,drift,seed17,229,3.0
hpmcounter9,drift,seed17,230,3.0
hpmcounter9,drift,seed17,231,3.0
hpmcounter9,drift,seed17,232,3.0
hpmcounter9,drift,seed17,233,3.0
hpmcounter9,drift,seed17,234,3.0
hpmcounter9,drift,seed17,235,3.0
hpmcounter9,drift,seed17,236,3.0
hpmcounter9,drift,seed17,237,3.0
hpmcounter9,drift,seed17,238,3.0
hpmcounter9,drift,seed17,239,3.0
hpmcounter9,drift,seed17,240,3.0
hpmcounter9,drift,seed17,241,3.0
hpmcounter9,drift,seed17,242,3.0
hpmcounter9,drift,seed17,243,3.0
hpmcounter9,drift,seed17,244,3.0
hpmcounter9,drift,seed17,245,3.0
hpmcounter9,drift,seed17,246,3.0
hpmcounter9,drift,seed17,247,3.0
hpmcounter9,drift,seed17,248,3.0
hpmcounter9,drift,seed17,249,3.0
hpmcounter9,drift,seed17,250,3.0
hpmcounter9,drift,seed17,251,3.0
hpmcounter9,drift,seed17,252,3.0
hpmcounter9,drift,seed17,253,3.0
hpmcounter9,drift,seed17,254,3.0
hpmcounter9,drift,seed17,255,3.0
hpmcounter9,drift,seed17,256,3.0
hpmcounter9,drift,seed17,257,3.0
hpmcounter9,drift,seed17,258,3.0
hpmcounter9,drift,seed17,259,3.0
hpmcounter9,drift,seed17,260,3.0
hpmcounter9,drift,seed17,261,3.0
hpmcounter9,drift,seed17,262,3.0
hpmcounter9,drift,seed17,263,3.0
hpmcounter9,drift,seed17,264,3.0
hpmcounter9,drift,seed17,265,3.109090909090909
hpmcounter9,drift,seed17,266,3.193939393939394
hpmcounter9,drift,seed17,267,3.2545454545454544
hpmcounter9,drift,seed17,268,3.290909090909091
hpmcounter9,drift,seed17,269,3.303030303030303
hpmcounter9,drift,seed17,270,3.290909090909091
hpmcounter9,drift,seed17,271,3.2545454545454544
hpmcounter9,drift,seed17,272,3.193939393939394
hpmcounter9,drift,seed17,273,3.109090909090909
hpmcounter9,drift,seed17,274,3.0
hpmcounter9,drift,seed17,275,3.0
hpmcounter9,drift,seed17,276,3.0
hpmcounter9,drift,seed17,277,3.0
hpmcounter9,drift,seed17,278,3.0
hpmcounter9,drift,seed17,279,3.0
hpmcounter9,drift,seed17,280,3.0
hpmcounter9,drift,seed17,281,3.0
hpmcounter9,drift,seed17,282,3.0
hpmcounter9,drift,seed17,283,3.0
hpmcounter9,drift,seed17,284,3.0
hpmcounter9,drift,seed17,285,3.0
hpmcounter9,drift,seed17,286,3.0
hpmcounter9,drift,seed17,287,3.0
hpmcounter9,drift,seed17,288,3.0
hpmcounter9,drift,seed17,289,3.0
hpmcounter9,drift,seed17,290,3.0
hpmcounter9,drift,seed17,291,3.0
hpmcounter9,drift,seed17,292,3.0
hpmcounter9,drift,seed17,293,3.0
hpmcounter9,drift,seed17,294,3.0
hpmcounter9,drift,seed17,295,3.0
hpmcounter9,drift,seed17,296,3.0
hpmcounter9,drift,seed17,297,3.0
hpmcounter9,drift,seed17,298,3.0
hpmcounter9,drift,seed18,9,3.2181818181818183
hpmcounter9,drift,seed18,10,3.0
hpmcounter9,drift,seed18,11,3.0
hpmcounter9,drift,seed18,12,3.0
hpmcounter9,drift,seed18,13,3.0
hpmcounter9,drift,seed18,14,3.0
hpmcounter9,drift,seed18,15,3.0
hpmcounter9,drift,seed18,16,3.0
hpmcounter9,drift,seed18,17,3.0
hpmcounter9,drift,seed18,18,3.0
hpmcounter9,drift,seed18,19,3.0
hpmcounter9,drift,seed18,20,3.0
hpmcounter9,drift,seed18,21,3.0
hpmcounter9,drift,seed18,22,3.0
hpmcounter9,drift,seed18,23,3.0
hpmcounter9,drift,seed18,24,3.0
hpmcounter9,drift,seed18,25,3.0
hpmcounter9,drift,seed18,26,3.0
hpmcounter9,drift,seed18,27,3.0
hpmcounter9,drift,seed18,28,3.0
hpmcounter9,drift,seed18,29,3.0
hpmcounter9,drift,seed18,30,3.0
hpmcounter9,drift,seed18,31,3.0
hpmcounter9,drift,seed18,32,3.0
hpmcounter9,drift,seed18,33,3.0
hpmcounter9,drift,seed18,34,3.0
hpmcounter9,drift,seed18,35,3.0
hpmcounter9,drift,seed18,36,3.0
hpmcounter9,drift,seed18,37,3.0
hpmcounter9,drift,seed18,38,3.0
hpmcounter9,drift,seed18,39,3.0
hpmcounter9,drift,seed18,40,3.0
hpmcounter9,drift,seed18,41,3.0
hpmcounter9,drift,seed18,42,3.0
hpmcounter9,drift,seed18,43,3.0
hpmcounter9,drift,seed18,44,3.0
hpmcounter9,drift,seed18,45,3.0
hpmcounter9,drift,seed18,46,3.0
hpmcounter9,drift,seed18,47,3.0
hpmcounter9,drift,seed18,48,3.0
hpmcounter9,drift,seed18,49,3.0
hpmcounter9,drift,seed18,50,3.0
hpmcounter9,drift,seed18,51,3.0
hpmcounter9,drift,seed18,52,3.109090909090909
hpmcounter9,drift,seed18,53,3.193939393939394
hpmcounter9,drift,seed18,54,3.2545454545454544
hpmcounter9,drift,seed18,55,3.290909090909091
hpmcounter9,drift,seed18,56,3.303030303030303
hpmcounter9,drift,seed18,57,3.290909090909091
hpmcounter9,drift,seed18,58,3.2545454545454544
hpmcounter9,drift,seed18,59,3.193939393939394
hpmcounter9,drift,seed18,60,3.109090909090909
hpmcounter9,drift,seed18,61,3.0
hpmcounter9,drift,seed18,62,3.0
hpmcounter9,drift,seed18,63,3.0
hpmcounter9,drift,seed18,64,3.0
hpmcounter9,drift,seed18,65,3.0
hpmcounter9,drift,seed18,66,3.0
hpmcounter9,drift,seed18,67,3.0
hpmcounter9,drift,seed18,68,3.0
hpmcounter9,drift,seed18,69,3.0
hpmcounter9,drift,seed18,70,3.0
hpmcounter9,drift,seed18,71,3.0
hpmcounter9,drift,seed18,72,3.0
hpmcounter9,drift,seed18,73,3.0
hpmcounter9,drift,seed18,74,3.0
hpmcounter9,drift,seed18,75,3.0
hpmcounter9,drift,seed18,76,3.0
hpmcounter9,drift,seed18,77,3.0
hpmcounter9,drift,seed18,78,3.0
hpmcounter9,drift,seed18,79,3.109090909090909
hpmcounter9,drift,seed18,80,3.193939393939394
hpmcounter9,drift,seed18,81,3.309090909090909
hpmcounter9,drift,seed18,82,3.3878787878787877
hpmcounter9,drift,seed18,83,3.43030303030303
hpmcounter9,drift,seed18,84,3.4363636363636365
hpmcounter9,drift,seed18,85,3.4060606060606062
hpmcounter9,drift,seed18,86,3.3393939393939394
hpmcounter9,drift,seed18,87,3.2363636363636363
hpmcounter9,drift,seed18,88,3.096969696969697
hpmcounter9,drift,seed18,89,3.0545454545454547
hpmcounter9,drift,seed18,90,3.0
hpmcounter9,drift,seed18,91,3.0
hpmcounter9,drift,seed18,92,3.0
hpmcounter9,drift,seed18,93,3.0
hpmcounter9,drift,seed18,94,3.0
hpmcounter9,drift,seed18,95,3.0
hpmcounter9,drift,seed18,96,3.0
hpmcounter9,drift,seed18,97,3.0
hpmcounter9,drift,seed18,98,3.0
hpmcounter9,drift,seed18,99,3.0
hpmcounter9,drift,seed18,100,3.0
hpmcounter9,drift,seed18,101,3.0
hpmcounter9,drift,seed18,102,3.0
hpmcounter9,drift,seed18,103,3.0
hpmcounter9,drift,seed18,104,3.0
hpmcounter9,drift,seed18,105,3.0
hpmcounter9,drift,seed18,106,3.0
hpmcounter9,drift,seed18,107,3.0
hpmcounter9,drift,seed18,108,3.0
hpmcounter9,drift,seed18,109,3.0
hpmcounter9,drift,seed18,110,3.0
hpmcounter9,drift,seed18,111,3.0
hpmcounter9,drift,seed18,112,3.0
hpmcounter9,drift,seed18,113,3.0
hpmcounter9,drift,seed18,114,3.0
hpmcounter9,drift,seed18,115,3.0
hpmcounter9,drift,seed18,116,3.0545454545454547
hpmcounter9,drift,seed18,117,3.096969696969697
hpmcounter9,drift,seed18,118,3.1272727272727274
hpmcounter9,drift,seed18,119,3.2545454545454544
hpmcounter9,drift,seed18,120,3.3454545454545452
hpmcounter9,drift,seed18,121,3.4
hpmcounter9,drift,seed18,122,3.418181818181818
hpmcounter9,drift,seed18,123,3.4
hpmcounter9,drift,seed18,124,3.3454545454545452
hpmcounter9,drift,seed18,125,3.2545454545454544
hpmcounter9,drift,seed18,126,3.193939393939394
hpmcounter9,drift,seed18,127,3.2181818181818183
hpmcounter9,drift,seed18,128,3.193939393939394
hpmcounter9,drift,seed18,129,3.2545454545454544
hpmcounter9,drift,seed18,130,3.290909090909091
hpmcounter9,drift,seed18,131,3.303030303030303
hpmcounter9,drift,seed18,132,3.290909090909091
hpmcounter9,drift,seed18,133,3.2545454545454544
hpmcounter9,drift,seed18,134,3.193939393939394
hpmcounter9,drift,seed18,135,3.109090909090909
hpmcounter9,drift,seed18,136,3.0
hpmcounter9,drift,seed18,137,3.0
hpmcounter9,drift,seed18,138,3.0
hpmcounter9,drift,seed18,139,3.0
hpmcounter9,drift,seed18,140,3.0
hpmcounter9,drift,seed18,141,3.0
hpmcounter9,drift,seed18,142,3.0
hpmcounter9,drift,seed18,143,3.0
hpmcounter9,drift,seed18,144,3.0
hpmcounter9,drift,seed18,145,3.0
hpmcounter9,drift,seed18,146,3.0
hpmcounter9,drift,seed18,147,3.0
hpmcounter9,drift,seed18,148,3.0
hpmcounter9,drift,seed18,149,3.0
hpmcounter9,drift,seed18,150,3.0
hpmcounter9,drift,seed18,151,3.0
hpmcounter9,drift,seed18,152,3.0
hpmcounter9,drift,seed18,153,3.0
hpmcounter9,drift,seed18,154,3.0
hpmcounter9,drift,seed18,155,3.0
hpmcounter9,drift,seed18,156,3.0
hpmcounter9,drift,seed18,157,3.0
hpmcounter9,drift,seed18,158,3.0
hpmcounter9,drift,seed18,159,3.0
hpmcounter9,drift,seed18,160,3.0
hpmcounter9,drift,seed18,161,3.0
hpmcounter9,drift,seed18,162,3.0
hpmcounter9,drift,seed18,163,3.0
hpmcounter9,drift,seed18,164,3.0
hpmcounter9,drift,seed18,165,3.0
hpmcounter9,drift,seed18,166,3.0
hpmcounter9,drift,seed18,167,3.0
hpmcounter9,drift,seed18,168,3.0
hpmcounter9,drift,seed18,169,3.0545454545454547
hpmcounter9,drift,seed18,170,3.096969696969697
hpmcounter9,drift,seed18,171,3.1272727272727274
hpmcounter9,drift,seed18,172,3.1454545454545455
hpmcounter9,drift,seed18,173,3.1515151515151514
hpmcounter9,drift,seed18,174,3.1454545454545455
hpmcounter9,drift,seed18,175,3.1272727272727274
hpmcounter9,drift,seed18,176,3.096969696969697
hpmcounter9,drift,seed18,177,3.0545454545454547
hpmcounter9,drift,seed18,178,3.0
hpmcounter9,drift,seed18,179,3.0
hpmcounter9,drift,seed18,180,3.0
hpmcounter9,drift,seed18,181,3.0
hpmcounter9,drift,seed18,182,3.0
hpmcounter9,drift,seed18,183,3.0
hpmcounter9,drift,seed18,184,3.0
hpmcounter9,drift,seed18,185,3.0
hpmcounter9,drift,seed18,186,3.0
hpmcounter9,drift,seed18,187,3.0
hpmcounter9,drift,seed18,188,3.0
hpmcounter9,drift,seed18,189,3.0
hpmcounter9,drift,seed18,190,3.0
hpmcounter9,drift,seed18,191,3.0
hpmcounter9,drift,seed18,192,3.0
hpmcounter9,drift,seed18,193,3.0
hpmcounter9,drift,seed18,194,3.0
hpmcounter9,drift,seed18,195,3.0
hpmcounter9,drift,seed18,196,3.0
hpmcounter9,drift,seed18,197,3.0
hpmcounter9,drift,seed18,198,3.0
hpmcounter9,drift,seed18,199,3.0
hpmcounter9,drift,seed18,200,3.0
hpmcounter9,drift,seed18,201,3.0
hpmcounter9,drift,seed18,202,3.0
hpmcounter9,drift,seed18,203,3.0
hpmcounter9,drift,seed18,204,3.0
hpmcounter9,drift,seed18,205,3.0545454545454547
hpmcounter9,drift,seed18,206,3.096969696969697
hpmcounter9,drift,seed18,207,3.1272727272727274
hpmcounter9,drift,seed18,208,3.1454545454545455
hpmcounter9,drift,seed18,209,3.1515151515151514
hpmcounter9,drift,seed18,210,3.1454545454545455
hpmcounter9,drift,seed18,211,3.1272727272727274
hpmcounter9,drift,seed18,212,3.096969696969697
hpmcounter9,drift,seed18,213,3.0545454545454547
hpmcounter9,drift,seed18,214,3.0
hpmcounter9,drift,seed18,215,3.0
hpmcounter9,drift,seed18,216,3.0
hpmcounter9,drift,seed18,217,3.0
hpmcounter9,drift,seed18,218,3.0
hpmcounter9,drift,seed18,219,3.0
hpmcounter9,drift,seed18,220,3.0
hpmcounter9,drift,seed18,221,3.0
hpmcounter9,drift,seed18,222,3.0
hpmcounter9,drift,seed18,223,3.0
hpmcounter9,drift,seed18,224,3.0
hpmcounter9,drift,seed18,225,3.0
hpmcounter9,drift,seed18,226,3.0
hpmcounter9,drift,seed18,227,3.0
hpmcounter9,drift,seed18,228,3.0
hpmcounter9,drift,seed18,229,3.0
hpmcounter9,drift,seed18,230,3.0
hpmcounter9,drift,seed18,231,3.0
hpmcounter9,drift,seed18,232,3.0
hpmcounter9,drift,seed18,233,3.0
hpmcounter9,drift,seed18,234,3.0
hpmcounter9,drift,seed18,235,3.0
hpmcounter9,drift,seed18,236,3.0
hpmcounter9,drift,seed18,237,3.0
hpmcounter9,drift,seed18,238,3.0
hpmcounter9,drift,seed18,239,3.0
hpmcounter9,drift,seed18,240,3.0
hpmcounter9,drift,seed18,241,3.0
hpmcounter9,drift,seed18,242,3.0
hpmcounter9,drift,seed18,243,3.0
hpmcounter9,drift,seed18,244,3.0
hpmcounter9,drift,seed18,245,3.0
hpmcounter9,drift,seed18,246,3.0
hpmcounter9,drift,seed18,247,3.0
hpmcounter9,drift,seed18,248,3.0
hpmcounter9,drift,seed18,249,3.0
hpmcounter9,drift,seed18,250,3.0
hpmcounter9,drift,seed18,251,3.0
hpmcounter9,drift,seed18,252,3.0
hpmcounter9,drift,seed18,253,3.0
hpmcounter9,drift,seed18,254,3.0
hpmcounter9,drift,seed18,255,3.0
hpmcounter9,drift,seed18,256,3.0
hpmcounter9,drift,seed18,257,3.0
hpmcounter9,drift,seed18,258,3.0
hpmcounter9,drift,seed18,259,3.0
hpmcounter9,drift,seed18,260,3.0
hpmcounter9,drift,seed18,261,3.0
hpmcounter9,drift,seed18,262,3.0
hpmcounter9,drift,seed18,263,3.0
hpmcounter9,drift,seed18,264,3.0
hpmcounter9,drift,seed18,265,3.0
hpmcounter9,drift,seed18,266,3.0
hpmcounter9,drift,seed18,267,3.0
hpmcounter9,drift,seed18,268,3.0
hpmcounter9,drift,seed18,269,3.0
hpmcounter9,drift,seed18,270,3.0
hpmcounter9,drift,seed18,271,3.0
hpmcounter9,drift,seed18,272,3.0
hpmcounter9,drift,seed18,273,3.0
hpmcounter9,drift,seed18,274,3.0
hpmcounter9,drift,seed18,275,3.0
hpmcounter9,drift,seed18,276,3.0
hpmcounter9,drift,seed18,277,3.0
hpmcounter9,drift,seed18,278,3.0
hpmcounter9,drift,seed18,279,3.0
hpmcounter9,drift,seed18,280,3.0
hpmcounter9,drift,seed18,281,3.0
hpmcounter9,drift,seed18,282,3.0
hpmcounter9,drift,seed18,283,3.0
hpmcounter9,drift,seed18,284,3.0
hpmcounter9,drift,seed18,285,3.0
hpmcounter9,drift,seed18,286,3.0
hpmcounter9,drift,seed18,287,3.0
hpmcounter9,drift,seed18,288,3.0
hpmcounter9,drift,seed18,289,3.0
hpmcounter9,drift,seed18,290,3.0
hpmcounter9,drift,seed18,291,3.0
hpmcounter9,drift,seed18,292,3.0
hpmcounter9,drift,seed18,293,3.0
hpmcounter9,drift,seed18,294,3.0
hpmcounter9,drift,seed18,295,3.0
hpmcounter9,drift,seed18,296,3.0
hpmcounter9,drift,seed18,297,3.0
hpmcounter9,drift,seed18,298,3.0
hpmcounter9,drift,seed19,9,3.2181818181818183
hpmcounter9,drift,seed19,10,3.0
hpmcounter9,drift,seed19,11,3.0
hpmcounter9,drift,seed19,12,3.0
hpmcounter9,drift,seed19,13,3.0
hpmcounter9,drift,seed19,14,3.0
hpmcounter9,drift,seed19,15,3.0
hpmcounter9,drift,seed19,16,3.0
hpmcounter9,drift,seed19,17,3.0
hpmcounter9,drift,seed19,18,3.0
hpmcounter9,drift,seed19,19,3.0
hpmcounter9,drift,seed19,20,3.0
hpmcounter9,drift,seed19,21,3.0
hpmcounter9,drift,seed19,22,3.0
hpmcounter9,drift,seed19,23,3.0
hpmcounter9,drift,seed19,24,3.0
hpmcounter9,drift,seed19,25,3.0
hpmcounter9,drift,seed19,26,3.0
hpmcounter9,drift,seed19,27,3.0
hpmcounter9,drift,seed19,28,3.0
hpmcounter9,drift,seed19,29,3.0
hpmcounter9,drift,seed19,30,3.0
hpmcounter9,drift,seed19,31,3.0
hpmcounter9,drift,seed19,32,3.0
hpmcounter9,drift,seed19,33,3.0
hpmcounter9,drift,seed19,34,3.0
hpmcounter9,drift,seed19,35,3.0
hpmcounter9,drift,seed19,36,3.0
hpmcounter9,drift,seed19,37,3.0
hpmcounter9,drift,seed19,38,3.0
hpmcounter9,drift,seed19,39,3.0
hpmcounter9,drift,seed19,40,3.0
hpmcounter9,drift,seed19,41,3.0
hpmcounter9,drift,seed19,42,3.0
hpmcounter9,drift,seed19,43,3.0
hpmcounter9,drift,seed19,44,3.0
hpmcounter9,drift,seed19,45,3.0
hpmcounter9,drift,seed19,46,3.0
hpmcounter9,drift,seed19,47,3.0
hpmcounter9,drift,seed19,48,3.0
hpmcounter9,drift,seed19,49,3.0
hpmcounter9,drift,seed19,50,3.0
hpmcounter9,drift,seed19,51,3.0
hpmcounter9,drift,seed19,52,3.0
hpmcounter9,drift,seed19,53,3.0
hpmcounter9,drift,seed19,54,3.0
hpmcounter9,drift,seed19,55,3.0
hpmcounter9,drift,seed19,56,3.0
hpmcounter9,drift,seed19,57,3.0
hpmcounter9,drift,seed19,58,3.0
hpmcounter9,drift,seed19,59,3.0
hpmcounter9,drift,seed19,60,3.0
hpmcounter9,drift,seed19,61,3.0
hpmcounter9,drift,seed19,62,3.0
hpmcounter9,drift,seed19,63,3.0
hpmcounter9,drift,seed19,64,3.0
hpmcounter9,drift,seed19,65,3.0
hpmcounter9,drift,seed19,66,3.0
hpmcounter9,drift,seed19,67,3.0
hpmcounter9,drift,seed19,68,3.0
hpmcounter9,drift,seed19,69,3.0
hpmcounter9,drift,seed19,70,3.0
hpmcounter9,drift,seed19,71,3.0
hpmcounter9,drift,seed19,72,3.0
hpmcounter9,drift,seed19,73,3.0545454545454547
hpmcounter9,drift,seed19,74,3.096969696969697
hpmcounter9,drift,seed19,75,3.1272727272727274
hpmcounter9,drift,seed19,76,3.1454545454545455
hpmcounter9,drift,seed19,77,3.1515151515151514
hpmcounter9,drift,seed19,78,3.1454545454545455
hpmcounter9,drift,seed19,79,3.1272727272727274
hpmcounter9,drift,seed19,80,3.096969696969697
hpmcounter9,drift,seed19,81,3.0545454545454547
hpmcounter9,drift,seed19,82,3.0
hpmcounter9,drift,seed19,83,3.0
hpmcounter9,drift,seed19,84,3.0
hpmcounter9,drift,seed19,85,3.0
hpmcounter9,drift,seed19,86,3.0
hpmcounter9,drift,seed19,87,3.0
hpmcounter9,drift,seed19,88,3.0
hpmcounter9,drift,seed19,89,3.0
hpmcounter9,drift,seed19,90,3.0
hpmcounter9,drift,seed19,91,3.0
hpmcounter9,drift,seed19,92,3.0
hpmcounter9,drift,seed19,93,3.0
hpmcounter9,drift,seed19,94,3.0
hpmcounter9,drift,seed19,95,3.0
hpmcounter9,drift,seed19,96,3.0
hpmcounter9,drift,seed19,97,3.0
hpmcounter9,drift,seed19,98,3.0
hpmcounter9,drift,seed19,99,3.0
hpmcounter9,drift,seed19,100,3.0
hpmcounter9,drift,seed19,101,3.0
hpmcounter9,drift,seed19,102,3.0
hpmcounter9,drift,seed19,103,3.0
hpmcounter9,drift,seed19,104,3.0
hpmcounter9,drift,seed19,105,3.0
hpmcounter9,drift,seed19,106,3.0
hpmcounter9,drift,seed19,107,3.0
hpmcounter9,drift,seed19,108,3.0
hpmcounter9,drift,seed19,109,3.0
hpmcounter9,drift,seed19,110,3.0
hpmcounter9,drift,seed19,111,3.0
hpmcounter9,drift,seed19,112,3.0
hpmcounter9,drift,seed19,113,3.0
hpmcounter9,drift,seed19,114,3.0
hpmcounter9,drift,seed19,115,3.0
hpmcounter9,drift,seed19,116,3.0
hpmcounter9,drift,seed19,117,3.0
hpmcounter9,drift,seed19,118,3.0
hpmcounter9,drift,seed19,119,3.0
hpmcounter9,drift,seed19,120,3.0
hpmcounter9,drift,seed19,121,3.0
hpmcounter9,drift,seed19,122,3.0
hpmcounter9,drift,seed19,123,3.0
hpmcounter9,drift,seed19,124,3.0
hpmcounter9,drift,seed19,125,3.0
hpmcounter9,drift,seed19,126,3.0
hpmcounter9,drift,seed19,127,3.0
hpmcounter9,drift,seed19,128,3.0
hpmcounter9,drift,seed19,129,3.0
hpmcounter9,drift,seed19,130,3.0
hpmcounter9,drift,seed19,131,3.0
hpmcounter9,drift,seed19,132,3.0
hpmcounter9,drift,seed19,133,3.0
hpmcounter9,drift,seed19,134,3.0
hpmcounter9,drift,seed19,135,3.0
hpmcounter9,drift,seed19,136,3.0
hpmcounter9,drift,seed19,137,3.0
hpmcounter9,drift,seed19,138,3.0
hpmcounter9,drift,seed19,139,3.0
hpmcounter9,drift,seed19,140,3.0
hpmcounter9,drift,seed19,141,3.0
hpmcounter9,drift,seed19,142,3.0
hpmcounter9,drift,seed19,143,3.0
hpmcounter9,drift,seed19,144,3.0
hpmcounter9,drift,seed19,145,3.0
hpmcounter9,drift,seed19,146,3.0
hpmcounter9,drift,seed19,147,3.0
hpmcounter9,drift,seed19,148,3.0
hpmcounter9,drift,seed19,149,3.0
hpmcounter9,drift,seed19,150,3.0
hpmcounter9,drift,seed19,151,3.0
hpmcounter9,drift,seed19,152,3.0
hpmcounter9,drift,seed19,153,3.0
hpmcounter9,drift,seed19,154,3.0
hpmcounter9,drift,seed19,155,3.0
hpmcounter9,drift,seed19,156,3.0
hpmcounter9,drift,seed19,157,3.0
hpmcounter9,drift,seed19,158,3.0
hpmcounter9,drift,seed19,159,3.0
hpmcounter9,drift,seed19,160,3.0
hpmcounter9,drift,seed19,161,3.0
hpmcounter9,drift,seed19,162,3.0
hpmcounter9,drift,seed19,163,3.0
hpmcounter9,drift,seed19,164,3.0
hpmcounter9,drift,seed19,165,3.0
hpmcounter9,drift,seed19,166,3.0
hpmcounter9,drift,seed19,167,3.0
hpmcounter9,drift,seed19,168,3.0
hpmcounter9,drift,seed19,169,3.0
hpmcounter9,drift,seed19,170,3.0
hpmcounter9,drift,seed19,171,3.0
hpmcounter9,drift,seed19,172,3.0
hpmcounter9,drift,seed19,173,3.0
hpmcounter9,drift,seed19,174,3.0
hpmcounter9,drift,seed19,175,3.0
hpmcounter9,drift,seed19,176,3.0
hpmcounter9,drift,seed19,177,3.0
hpmcounter9,drift,seed19,178,3.0
hpmcounter9,drift,seed19,179,3.0
hpmcounter9,drift,seed19,180,3.0
hpmcounter9,drift,seed19,181,3.0
hpmcounter9,drift,seed19,182,3.0
hpmcounter9,drift,seed19,183,3.0
hpmcounter9,drift,seed19,184,3.0
hpmcounter9,drift,seed19,185,3.0
hpmcounter9,drift,seed19,186,3.0
hpmcounter9,drift,seed19,187,3.0
hpmcounter9,drift,seed19,188,3.0
hpmcounter9,drift,seed19,189,3.0
hpmcounter9,drift,seed19,190,3.0
hpmcounter9,drift,seed19,191,3.0
hpmcounter9,drift,seed19,192,3.0
hpmcounter9,drift,seed19,193,3.0
hpmcounter9,drift,seed19,194,3.0
hpmcounter9,drift,seed19,195,3.0
hpmcounter9,drift,seed19,196,3.0
hpmcounter9,drift,seed19,197,3.0
hpmcounter9,drift,seed19,198,3.0
hpmcounter9,drift,seed19,199,3.0
hpmcounter9,drift,seed19,200,3.0
hpmcounter9,drift,seed19,201,3.0
hpmcounter9,drift,seed19,202,3.0
hpmcounter9,drift,seed19,203,3.0
hpmcounter9,drift,seed19,204,3.0
hpmcounter9,drift,seed19,205,3.0
hpmcounter9,drift,seed19,206,3.0
hpmcounter9,drift,seed19,207,3.0
hpmcounter9,drift,seed19,208,3.0
hpmcounter9,drift,seed19,209,3.0
hpmcounter9,drift,seed19,210,3.0
hpmcounter9,drift,seed19,211,3.0
hpmcounter9,drift,seed19,212,3.0
hpmcounter9,drift,seed19,213,3.0
hpmcounter9,drift,seed19,214,3.0
hpmcounter9,drift,seed19,215,3.0
hpmcounter9,drift,seed19,216,3.0
hpmcounter9,drift,seed19,217,3.0
hpmcounter9,drift,seed19,218,3.0
hpmcounter9,drift,seed19,219,3.0
hpmcounter9,drift,seed19,220,3.109090909090909
hpmcounter9,drift,seed19,221,3.193939393939394
hpmcounter9,drift,seed19,222,3.2545454545454544
hpmcounter9,drift,seed19,223,3.290909090909091
hpmcounter9,drift,seed19,224,3.303030303030303
hpmcounter9,drift,seed19,225,3.290909090909091
hpmcounter9,drift,seed19,226,3.2545454545454544
hpmcounter9,drift,seed19,227,3.193939393939394
hpmcounter9,drift,seed19,228,3.109090909090909
hpmcounter9,drift,seed19,229,3.0
hpmcounter9,drift,seed19,230,3.0
hpmcounter9,drift,seed19,231,3.0
hpmcounter9,drift,seed19,232,3.0
hpmcounter9,drift,seed19,233,3.0
hpmcounter9,drift,seed19,234,3.0
hpmcounter9,drift,seed19,235,3.0
hpmcounter9,drift,seed19,236,3.0
hpmcounter9,drift,seed19,237,3.0
hpmcounter9,drift,seed19,238,3.0
hpmcounter9,drift,seed19,239,3.0
hpmcounter9,drift,seed19,240,3.0
hpmcounter9,drift,seed19,241,3.0
hpmcounter9,drift,seed19,242,3.0
hpmcounter9,drift,seed19,243,3.0
hpmcounter9,drift,seed19,244,3.0
hpmcounter9,drift,seed19,245,3.0
hpmcounter9,drift,seed19,246,3.0
hpmcounter9,drift,seed19,247,3.0
hpmcounter9,drift,seed19,248,3.0
hpmcounter9,drift,seed19,249,3.0
hpmcounter9,drift,seed19,250,3.0
hpmcounter9,drift,seed19,251,3.0
hpmcounter9,drift,seed19,252,3.0
hpmcounter9,drift,seed19,253,3.0
hpmcounter9,drift,seed19,254,3.0
hpmcounter9,drift,seed19,255,3.0
hpmcounter9,drift,seed19,256,3.0
hpmcounter9,drift,seed19,257,3.0
hpmcounter9,drift,seed19,258,3.0
hpmcounter9,drift,seed19,259,3.0
hpmcounter9,drift,seed19,260,3.0
hpmcounter9,drift,seed19,261,3.0
hpmcounter9,drift,seed19,262,3.0
hpmcounter9,drift,seed19,263,3.0
hpmcounter9,drift,seed19,264,3.0
hpmcounter9,drift,seed19,265,3.0
hpmcounter9,drift,seed19,266,3.0
hpmcounter9,drift,seed19,267,3.0
hpmcounter9,drift,seed19,268,3.0
hpmcounter9,drift,seed19,269,3.0
hpmcounter9,drift,seed19,270,3.0
hpmcounter9,drift,seed19,271,3.0
hpmcounter9,drift,seed19,272,3.0
hpmcounter9,drift,seed19,273,3.0545454545454547
hpmcounter9,drift,seed19,274,3.096969696969697
hpmcounter9,drift,seed19,275,3.1818181818181817
hpmcounter9,drift,seed19,276,3.242424242424242
hpmcounter9,drift,seed19,277,3.278787878787879
hpmcounter9,drift,seed19,278,3.290909090909091
hpmcounter9,drift,seed19,279,3.278787878787879
hpmcounter9,drift,seed19,280,3.242424242424242
hpmcounter9,drift,seed19,281,3.1818181818181817
hpmcounter9,drift,seed19,282,3.096969696969697
hpmcounter9,drift,seed19,283,3.0545454545454547
hpmcounter9,drift,seed19,284,3.0
hpmcounter9,drift,seed19,285,3.0
hpmcounter9,drift,seed19,286,3.0
hpmcounter9,drift,seed19,287,3.0
hpmcounter9,drift,seed19,288,3.0
hpmcounter9,drift,seed19,289,3.0
hpmcounter9,drift,seed19,290,3.0
hpmcounter9,drift,seed19,291,3.0
hpmcounter9,drift,seed19,292,3.0
hpmcounter9,drift,seed19,293,3.0
hpmcounter9,drift,seed19,294,3.0
hpmcounter9,drift,seed19,295,3.0
hpmcounter9,drift,seed19,296,3.0
hpmcounter9,drift,seed19,297,3.0
hpmcounter9,drift,seed19,298,3.0
hpmcounter9,drift,seed2,9,3.2181818181818183
hpmcounter9,drift,seed2,10,3.0
hpmcounter9,drift,seed2,11,3.0
hpmcounter9,drift,seed2,12,3.0
hpmcounter9,drift,seed2,13,3.0
hpmcounter9,drift,seed2,14,3.0
hpmcounter9,drift,seed2,15,3.0
hpmcounter9,drift,seed2,16,3.0
hpmcounter9,drift,seed2,17,3.0
hpmcounter9,drift,seed2,18,3.0
hpmcounter9,drift,seed2,19,3.0
hpmcounter9,drift,seed2,20,3.0
hpmcounter9,drift,seed2,21,3.0545454545454547
hpmcounter9,drift,seed2,22,3.096969696969697
hpmcounter9,drift,seed2,23,3.1272727272727274
hpmcounter9,drift,seed2,24,3.1454545454545455
hpmcounter9,drift,seed2,25,3.1515151515151514
hpmcounter9,drift,seed2,26,3.1454545454545455
hpmcounter9,drift,seed2,27,3.1272727272727274
hpmcounter9,drift,seed2,28,3.096969696969697
hpmcounter9,drift,seed2,29,3.0545454545454547
hpmcounter9,drift,seed2,30,3.0
hpmcounter9,drift,seed2,31,3.0
hpmcounter9,drift,seed2,32,3.0
hpmcounter9,drift,seed2,33,3.0
hpmcounter9,drift,seed2,34,3.0
hpmcounter9,drift,seed2,35,3.0
hpmcounter9,drift,seed2,36,3.0
hpmcounter9,drift,seed2,37,3.0
hpmcounter9,drift,seed2,38,3.0
hpmcounter9,drift,seed2,39,3.0
hpmcounter9,drift,seed2,40,3.0
hpmcounter9,drift,seed2,41,3.0
hpmcounter9,drift,seed2,42,3.0
hpmcounter9,drift,seed2,43,3.0
hpmcounter9,drift,seed2,44,3.0
hpmcounter9,drift,seed2,45,3.0
hpmcounter9,drift,seed2,46,3.0
hpmcounter9,drift,seed2,47,3.0
hpmcounter9,drift,seed2,48,3.0
hpmcounter9,drift,seed2,49,3.0
hpmcounter9,drift,seed2,50,3.0
hpmcounter9,drift,seed2,51,3.0
hpmcounter9,drift,seed2,52,3.0
hpmcounter9,drift,seed2,53,3.0
hpmcounter9,drift,seed2,54,3.0
hpmcounter9,drift,seed2,55,3.0
hpmcounter9,drift,seed2,56,3.0
hpmcounter9,drift,seed2,57,3.0
hpmcounter9,drift,seed2,58,3.0
hpmcounter9,drift,seed2,59,3.0
hpmcounter9,drift,seed2,60,3.0
hpmcounter9,drift,seed2,61,3.0
hpmcounter9,drift,seed2,62,3.0
hpmcounter9,drift,seed2,63,3.0
hpmcounter9,drift,seed2,64,3.0
hpmcounter9,drift,seed2,65,3.0
hpmcounter9,drift,seed2,66,3.0
hpmcounter9,drift,seed2,67,3.0
hpmcounter9,drift,seed2,68,3.0
hpmcounter9,drift,seed2,69,3.0
hpmcounter9,drift,seed2,70,3.0
hpmcounter9,drift,seed2,71,3.0
hpmcounter9,drift,seed2,72,3.0
hpmcounter9,drift,seed2,73,3.0
hpmcounter9,drift,seed2,74,3.0
hpmcounter9,drift,seed2,75,3.0
hpmcounter9,drift,seed2,76,3.0545454545454547
hpmcounter9,drift,seed2,77,3.096969696969697
hpmcounter9,drift,seed2,78,3.1272727272727274
hpmcounter9,drift,seed2,79,3.1454545454545455
hpmcounter9,drift,seed2,80,3.1515151515151514
hpmcounter9,drift,seed2,81,3.1454545454545455
hpmcounter9,drift,seed2,82,3.2363636363636363
hpmcounter9,drift,seed2,83,3.290909090909091
hpmcounter9,drift,seed2,84,3.309090909090909
hpmcounter9,drift,seed2,85,3.290909090909091
hpmcounter9,drift,seed2,86,3.303030303030303
hpmcounter9,drift,seed2,87,3.290909090909091
hpmcounter9,drift,seed2,88,3.2545454545454544
hpmcounter9,drift,seed2,89,3.193939393939394
hpmcounter9,drift,seed2,90,3.109090909090909
hpmcounter9,drift,seed2,91,3.0
hpmcounter9,drift,seed2,92,3.0
hpmcounter9,drift,seed2,93,3.0
hpmcounter9,drift,seed2,94,3.0
hpmcounter9,drift,seed2,95,3.0
hpmcounter9,drift,seed2,96,3.0
hpmcounter9,drift,seed2,97,3.0
hpmcounter9,drift,seed2,98,3.0
hpmcounter9,drift,seed2,99,3.0
hpmcounter9,drift,seed2,100,3.0
hpmcounter9,drift,seed2,101,3.0
hpmcounter9,drift,seed2,102,3.0
hpmcounter9,drift,seed2,103,3.0
hpmcounter9,drift,seed2,104,3.0
hpmcounter9,drift,seed2,105,3.0
hpmcounter9,drift,seed2,106,3.0
hpmcounter9,drift,seed2,107,3.0
hpmcounter9,drift,seed2,108,3.0
hpmcounter9,drift,seed2,109,3.0
hpmcounter9,drift,seed2,110,3.0
hpmcounter9,drift,seed2,111,3.0
hpmcounter9,drift,seed2,112,3.0
hpmcounter9,drift,seed2,113,3.0
hpmcounter9,drift,seed2,114,3.0
hpmcounter9,drift,seed2,115,3.0
hpmcounter9,drift,seed2,116,3.0
hpmcounter9,drift,seed2,117,3.0
hpmcounter9,drift,seed2,118,3.0
hpmcounter9,drift,seed2,119,3.0
hpmcounter9,drift,seed2,120,3.0
hpmcounter9,drift,seed2,121,3.0
hpmcounter9,drift,seed2,122,3.0
hpmcounter9,drift,seed2,123,3.0
hpmcounter9,drift,seed2,124,3.0
hpmcounter9,drift,seed2,125,3.0
hpmcounter9,drift,seed2,126,3.0
hpmcounter9,drift,seed2,127,3.0
hpmcounter9,drift,seed2,128,3.0
hpmcounter9,drift,seed2,129,3.0
hpmcounter9,drift,seed2,130,3.0
hpmcounter9,drift,seed2,131,3.0
hpmcounter9,drift,seed2,132,3.0
hpmcounter9,drift,seed2,133,3.0
hpmcounter9,drift,seed2,134,3.0
hpmcounter9,drift,seed2,135,3.0
hpmcounter9,drift,seed2,136,3.0
hpmcounter9,drift,seed2,137,3.0
hpmcounter9,drift,seed2,138,3.0
hpmcounter9,drift,seed2,139,3.0
hpmcounter9,drift,seed2,140,3.0
hpmcounter9,drift,seed2,141,3.0
hpmcounter9,drift,seed2,142,3.0
hpmcounter9,drift,seed2,143,3.0
hpmcounter9,drift,seed2,144,3.0
hpmcounter9,drift,seed2,145,3.0
hpmcounter9,drift,seed2,146,3.0
hpmcounter9,drift,seed2,147,3.0
hpmcounter9,drift,seed2,148,3.0
hpmcounter9,drift,seed2,149,3.0
hpmcounter9,drift,seed2,150,3.0
hpmcounter9,drift,seed2,151,3.0
hpmcounter9,drift,seed2,152,3.0
hpmcounter9,drift,seed2,153,3.0
hpmcounter9,drift,seed2,154,3.0
hpmcounter9,drift,seed2,155,3.0
hpmcounter9,drift,seed2,156,3.0
hpmcounter9,drift,seed2,157,3.0
hpmcounter9,drift,seed2,158,3.0
hpmcounter9,drift,seed2,159,3.0
hpmcounter9,drift,seed2,160,3.0
hpmcounter9,drift,seed2,161,3.0
hpmcounter9,drift,seed2,162,3.0
hpmcounter9,drift,seed2,163,3.0
hpmcounter9,drift,seed2,164,3.0
hpmcounter9,drift,seed2,165,3.0
hpmcounter9,drift,seed2,166,3.0
hpmcounter9,drift,seed2,167,3.0
hpmcounter9,drift,seed2,168,3.0
hpmcounter9,drift,seed2,169,3.0
hpmcounter9,drift,seed2,170,3.0
hpmcounter9,drift,seed2,171,3.0
hpmcounter9,drift,seed2,172,3.0
hpmcounter9,drift,seed2,173,3.0
hpmcounter9,drift,seed2,174,3.0
hpmcounter9,drift,seed2,175,3.0
hpmcounter9,drift,seed2,176,3.0
hpmcounter9,drift,seed2,177,3.0
hpmcounter9,drift,seed2,178,3.0
hpmcounter9,drift,seed2,179,3.0
hpmcounter9,drift,seed2,180,3.0
hpmcounter9,drift,seed2,181,3.0
hpmcounter9,drift,seed2,182,3.0
hpmcounter9,drift,seed2,183,3.0
hpmcounter9,drift,seed2,184,3.0
hpmcounter9,drift,seed2,185,3.0
hpmcounter9,drift,seed2,186,3.0
hpmcounter9,drift,seed2,187,3.0
hpmcounter9,drift,seed2,188,3.0
hpmcounter9,drift,seed2,189,3.0
hpmcounter9,drift,seed2,190,3.0
hpmcounter9,drift,seed2,191,3.0
hpmcounter9,drift,seed2,192,3.0
hpmcounter9,drift,seed2,193,3.0
hpmcounter9,drift,seed2,194,3.0
hpmcounter9,drift,seed2,195,3.0
hpmcounter9,drift,seed2,196,3.0
hpmcounter9,drift,seed2,197,3.0
hpmcounter9,drift,seed2,198,3.0
hpmcounter9,drift,seed2,199,3.0
hpmcounter9,drift,seed2,200,3.0
hpmcounter9,drift,seed2,201,3.0
hpmcounter9,drift,seed2,202,3.0
hpmcounter9,drift,seed2,203,3.0
hpmcounter9,drift,seed2,204,3.0
hpmcounter9,drift,seed2,205,3.0
hpmcounter9,drift,seed2,206,3.0
hpmcounter9,drift,seed2,207,3.0
hpmcounter9,drift,seed2,208,3.0
hpmcounter9,drift,seed2,209,3.0
hpmcounter9,drift,seed2,210,3.0
hpmcounter9,drift,seed2,211,3.0
hpmcounter9,drift,seed2,212,3.0
hpmcounter9,drift,seed2,213,3.0
hpmcounter9,drift,seed2,214,3.0
hpmcounter9,drift,seed2,215,3.0
hpmcounter9,drift,seed2,216,3.0
hpmcounter9,drift,seed2,217,3.0
hpmcounter9,drift,seed2,218,3.0
hpmcounter9,drift,seed2,219,3.0
hpmcounter9,drift,seed2,220,3.0
hpmcounter9,drift,seed2,221,3.0
hpmcounter9,drift,seed2,222,3.0
hpmcounter9,drift,seed2,223,3.0
hpmcounter9,drift,seed2,224,3.0
hpmcounter9,drift,seed2,225,3.0
hpmcounter9,drift,seed2,226,3.0
hpmcounter9,drift,seed2,227,3.0
hpmcounter9,drift,seed2,228,3.0
hpmcounter9,drift,seed2,229,3.0
hpmcounter9,drift,seed2,230,3.0
hpmcounter9,drift,seed2,231,3.0
hpmcounter9,drift,seed2,232,3.0
hpmcounter9,drift,seed2,233,3.0
hpmcounter9,drift,seed2,234,3.0
hpmcounter9,drift,seed2,235,3.0
hpmcounter9,drift,seed2,236,3.0
hpmcounter9,drift,seed2,237,3.0
hpmcounter9,drift,seed2,238,3.0
hpmcounter9,drift,seed2,239,3.0
hpmcounter9,drift,seed2,240,3.0
hpmcounter9,drift,seed2,241,3.0
hpmcounter9,drift,seed2,242,3.0
hpmcounter9,drift,seed2,243,3.0
hpmcounter9,drift,seed2,244,3.0545454545454547
hpmcounter9,drift,seed2,245,3.096969696969697
hpmcounter9,drift,seed2,246,3.1272727272727274
hpmcounter9,drift,seed2,247,3.1454545454545455
hpmcounter9,drift,seed2,248,3.1515151515151514
hpmcounter9,drift,seed2,249,3.1454545454545455
hpmcounter9,drift,seed2,250,3.1272727272727274
hpmcounter9,drift,seed2,251,3.096969696969697
hpmcounter9,drift,seed2,252,3.0545454545454547
hpmcounter9,drift,seed2,253,3.0
hpmcounter9,drift,seed2,254,3.0
hpmcounter9,drift,seed2,255,3.0
hpmcounter9,drift,seed2,256,3.0
hpmcounter9,drift,seed2,257,3.0
hpmcounter9,drift,seed2,258,3.0
hpmcounter9,drift,seed2,259,3.0
hpmcounter9,drift,seed2,260,3.0
hpmcounter9,drift,seed2,261,3.0
hpmcounter9,drift,seed2,262,3.0
hpmcounter9,drift,seed2,263,3.0
hpmcounter9,drift,seed2,264,3.0
hpmcounter9,drift,seed2,265,3.0
hpmcounter9,drift,seed2,266,3.0
hpmcounter9,drift,seed2,267,3.0
hpmcounter9,drift,seed2,268,3.0
hpmcounter9,drift,seed2,269,3.0
hpmcounter9,drift,seed2,270,3.0
hpmcounter9,drift,seed2,271,3.0
hpmcounter9,drift,seed2,272,3.0
hpmcounter9,drift,seed2,273,3.0
hpmcounter9,drift,seed2,274,3.0
hpmcounter9,drift,seed2,275,3.0
hpmcounter9,drift,seed2,276,3.0
hpmcounter9,drift,seed2,277,3.0
hpmcounter9,drift,seed2,278,3.0
hpmcounter9,drift,seed2,279,3.0
hpmcounter9,drift,seed2,280,3.0
hpmcounter9,drift,seed2,281,3.0
hpmcounter9,drift,seed2,282,3.0
hpmcounter9,drift,seed2,283,3.0
hpmcounter9,drift,seed2,284,3.0
hpmcounter9,drift,seed2,285,3.0
hpmcounter9,drift,seed2,286,3.0
hpmcounter9,drift,seed2,287,3.0
hpmcounter9,drift,seed2,288,3.0
hpmcounter9,drift,seed2,289,3.0
hpmcounter9,drift,seed2,290,3.0
hpmcounter9,drift,seed2,291,3.0
hpmcounter9,drift,seed2,292,3.0
hpmcounter9,drift,seed2,293,3.0
hpmcounter9,drift,seed2,294,3.0
hpmcounter9,drift,seed2,295,3.0
hpmcounter9,drift,seed2,296,3.0
hpmcounter9,drift,seed2,297,3.0
hpmcounter9,drift,seed2,298,3.0
hpmcounter9,drift,seed20,9,3.2181818181818183
hpmcounter9,drift,seed20,10,3.0
hpmcounter9,drift,seed20,11,3.0
hpmcounter9,drift,seed20,12,3.0
hpmcounter9,drift,seed20,13,3.0
hpmcounter9,drift,seed20,14,3.0
hpmcounter9,drift,seed20,15,3.0
hpmcounter9,drift,seed20,16,3.0
hpmcounter9,drift,seed20,17,3.0
hpmcounter9,drift,seed20,18,3.0
hpmcounter9,drift,seed20,19,3.0
hpmcounter9,drift,seed20,20,3.0
hpmcounter9,drift,seed20,21,3.0
hpmcounter9,drift,seed20,22,3.0
hpmcounter9,drift,seed20,23,3.0
hpmcounter9,drift,seed20,24,3.0
hpmcounter9,drift,seed20,25,3.0
hpmcounter9,drift,seed20,26,3.0
hpmcounter9,drift,seed20,27,3.0
hpmcounter9,drift,seed20,28,3.0
hpmcounter9,drift,seed20,29,3.0
hpmcounter9,drift,seed20,30,3.0
hpmcounter9,drift,seed20,31,3.0
hpmcounter9,drift,seed20,32,3.0
hpmcounter9,drift,seed20,33,3.0
hpmcounter9,drift,seed20,34,3.0
hpmcounter9,drift,seed20,35,3.0
hpmcounter9,drift,seed20,36,3.0
hpmcounter9,drift,seed20,37,3.0
hpmcounter9,drift,seed20,38,3.0
hpmcounter9,drift,seed20,39,3.0
hpmcounter9,drift,seed20,40,3.0
hpmcounter9,drift,seed20,41,3.0
hpmcounter9,drift,seed20,42,3.0
hpmcounter9,drift,seed20,43,3.0
hpmcounter9,drift,seed20,44,3.0
hpmcounter9,drift,seed20,45,3.0
hpmcounter9,drift,seed20,46,3.0
hpmcounter9,drift,seed20,47,3.0
hpmcounter9,drift,seed20,48,3.0
hpmcounter9,drift,seed20,49,3.0
hpmcounter9,drift,seed20,50,3.0
hpmcounter9,drift,seed20,51,3.0
hpmcounter9,drift,seed20,52,3.0
hpmcounter9,drift,seed20,53,3.0
hpmcounter9,drift,seed20,54,3.0
hpmcounter9,drift,seed20,55,3.0
hpmcounter9,drift,seed20,56,3.0
hpmcounter9,drift,seed20,57,3.0
hpmcounter9,drift,seed20,58,3.0
hpmcounter9,drift,seed20,59,3.0
hpmcounter9,drift,seed20,60,3.0
hpmcounter9,drift,seed20,61,3.0
hpmcounter9,drift,seed20,62,3.0
hpmcounter9,drift,seed20,63,3.0
hpmcounter9,drift,seed20,64,3.0
hpmcounter9,drift,seed20,65,3.0
hpmcounter9,drift,seed20,66,3.0
hpmcounter9,drift,seed20,67,3.0
hpmcounter9,drift,seed20,68,3.0
hpmcounter9,drift,seed20,69,3.0
hpmcounter9,drift,seed20,70,3.0
hpmcounter9,drift,seed20,71,3.0
hpmcounter9,drift,seed20,72,3.0
hpmcounter9,drift,seed20,73,3.0
hpmcounter9,drift,seed20,74,3.0
hpmcounter9,drift,seed20,75,3.0
hpmcounter9,drift,seed20,76,3.0
hpmcounter9,drift,seed20,77,3.0
hpmcounter9,drift,seed20,78,3.0
hpmcounter9,drift,seed20,79,3.0
hpmcounter9,drift,seed20,80,3.0
hpmcounter9,drift,seed20,81,3.0
hpmcounter9,drift,seed20,82,3.0
hpmcounter9,drift,seed20,83,3.0
hpmcounter9,drift,seed20,84,3.0
hpmcounter9,drift,seed20,85,3.0
hpmcounter9,drift,seed20,86,3.0
hpmcounter9,drift,seed20,87,3.0
hpmcounter9,drift,seed20,88,3.0
hpmcounter9,drift,seed20,89,3.0
hpmcounter9,drift,seed20,90,3.0
hpmcounter9,drift,seed20,91,3.0
hpmcounter9,drift,seed20,92,3.0
hpmcounter9,drift,seed20,93,3.0
hpmcounter9,drift,seed20,94,3.0
hpmcounter9,drift,seed20,95,3.0
hpmcounter9,drift,seed20,96,3.0
hpmcounter9,drift,seed20,97,3.0
hpmcounter9,drift,seed20,98,3.0
hpmcounter9,drift,seed20,99,3.0
hpmcounter9,drift,seed20,100,3.0
hpmcounter9,drift,seed20,101,3.0
hpmcounter9,drift,seed20,102,3.109090909090909
hpmcounter9,drift,seed20,103,3.193939393939394
hpmcounter9,drift,seed20,104,3.309090909090909
hpmcounter9,drift,seed20,105,3.3878787878787877
hpmcounter9,drift,seed20,106,3.43030303030303
hpmcounter9,drift,seed20,107,3.4363636363636365
hpmcounter9,drift,seed20,108,3.4060606060606062
hpmcounter9,drift,seed20,109,3.3393939393939394
hpmcounter9,drift,seed20,110,3.2363636363636363
hpmcounter9,drift,seed20,111,3.096969696969697
hpmcounter9,drift,seed20,112,3.0545454545454547
hpmcounter9,drift,seed20,113,3.0
hpmcounter9,drift,seed20,114,3.0
hpmcounter9,drift,seed20,115,3.0
hpmcounter9,drift,seed20,116,3.0
hpmcounter9,drift,seed20,117,3.0
hpmcounter9,drift,seed20,118,3.0
hpmcounter9,drift,seed20,119,3.0
hpmcounter9,drift,seed20,120,3.0
hpmcounter9,drift,seed20,121,3.0545454545454547
hpmcounter9,drift,seed20,122,3.096969696969697
hpmcounter9,drift,seed20,123,3.1272727272727274
hpmcounter9,drift,seed20,124,3.1454545454545455
hpmcounter9,drift,seed20,125,3.1515151515151514
hpmcounter9,drift,seed20,126,3.1454545454545455
hpmcounter9,drift,seed20,127,3.1272727272727274
hpmcounter9,drift,seed20,128,3.096969696969697
hpmcounter9,drift,seed20,129,3.0545454545454547
hpmcounter9,drift,seed20,130,3.0
hpmcounter9,drift,seed20,131,3.0
hpmcounter9,drift,seed20,132,3.0
hpmcounter9,drift,seed20,133,3.0
hpmcounter9,drift,seed20,134,3.0
hpmcounter9,drift,seed20,135,3.0
hpmcounter9,drift,seed20,136,3.0
hpmcounter9,drift,seed20,137,3.0
hpmcounter9,drift,seed20,138,3.0
hpmcounter9,drift,seed20,139,3.0
hpmcounter9,drift,seed20,140,3.0
hpmcounter9,drift,seed20,141,3.0
hpmcounter9,drift,seed20,142,3.0
hpmcounter9,drift,seed20,143,3.0
hpmcounter9,drift,seed20,144,3.0
hpmcounter9,drift,seed20,145,3.0
hpmcounter9,drift,seed20,146,3.0
hpmcounter9,drift,seed20,147,3.0
hpmcounter9,drift,seed20,148,3.0
hpmcounter9,drift,seed20,149,3.0
hpmcounter9,drift,seed20,150,3.0
hpmcounter9,drift,seed20,151,3.0
hpmcounter9,drift,seed20,152,3.0
hpmcounter9,drift,seed20,153,3.0
hpmcounter9,drift,seed20,154,3.0
hpmcounter9,drift,seed20,155,3.0545454545454547
hpmcounter9,drift,seed20,156,3.096969696969697
hpmcounter9,drift,seed20,157,3.1272727272727274
hpmcounter9,drift,seed20,158,3.1454545454545455
hpmcounter9,drift,seed20,159,3.1515151515151514
hpmcounter9,drift,seed20,160,3.1454545454545455
hpmcounter9,drift,seed20,161,3.1272727272727274
hpmcounter9,drift,seed20,162,3.096969696969697
hpmcounter9,drift,seed20,163,3.0545454545454547
hpmcounter9,drift,seed20,164,3.0
hpmcounter9,drift,seed20,165,3.0
hpmcounter9,drift,seed20,166,3.0
hpmcounter9,drift,seed20,167,3.0
hpmcounter9,drift,seed20,168,3.0
hpmcounter9,drift,seed20,169,3.0
hpmcounter9,drift,seed20,170,3.0
hpmcounter9,drift,seed20,171,3.0
hpmcounter9,drift,seed20,172,3.0
hpmcounter9,drift,seed20,173,3.0
hpmcounter9,drift,seed20,174,3.0
hpmcounter9,drift,seed20,175,3.0
hpmcounter9,drift,seed20,176,3.0
hpmcounter9,drift,seed20,177,3.0
hpmcounter9,drift,seed20,178,3.0
hpmcounter9,drift,seed20,179,3.0
hpmcounter9,drift,seed20,180,3.0
hpmcounter9,drift,seed20,181,3.0
hpmcounter9,drift,seed20,182,3.0
hpmcounter9,drift,seed20,183,3.0
hpmcounter9,drift,seed20,184,3.0
hpmcounter9,drift,seed20,185,3.0
hpmcounter9,drift,seed20,186,3.0
hpmcounter9,drift,seed20,187,3.0
hpmcounter9,drift,seed20,188,3.0
hpmcounter9,drift,seed20,189,3.0
hpmcounter9,drift,seed20,190,3.0
hpmcounter9,drift,seed20,191,3.0
hpmcounter9,drift,seed20,192,3.0
hpmcounter9,drift,seed20,193,3.0545454545454547
hpmcounter9,drift,seed20,194,3.096969696969697
hpmcounter9,drift,seed20,195,3.1272727272727274
hpmcounter9,drift,seed20,196,3.1454545454545455
hpmcounter9,drift,seed20,197,3.1515151515151514
hpmcounter9,drift,seed20,198,3.1454545454545455
hpmcounter9,drift,seed20,199,3.1272727272727274
hpmcounter9,drift,seed20,200,3.096969696969697
hpmcounter9,drift,seed20,201,3.0545454545454547
hpmcounter9,drift,seed20,202,3.0
hpmcounter9,drift,seed20,203,3.0
hpmcounter9,drift,seed20,204,3.0
hpmcounter9,drift,seed20,205,3.0
hpmcounter9,drift,seed20,206,3.0
hpmcounter9,drift,seed20,207,3.0
hpmcounter9,drift,seed20,208,3.0
hpmcounter9,drift,seed20,209,3.0
hpmcounter9,drift,seed20,210,3.0
hpmcounter9,drift,seed20,211,3.0
hpmcounter9,drift,seed20,212,3.0
hpmcounter9,drift,seed20,213,3.0
hpmcounter9,drift,seed20,214,3.0
hpmcounter9,drift,seed20,215,3.0545454545454547
hpmcounter9,drift,seed20,216,3.1515151515151514
hpmcounter9,drift,seed20,217,3.224242424242424
hpmcounter9,drift,seed20,218,3.272727272727273
hpmcounter9,drift,seed20,219,3.296969696969697
hpmcounter9,drift,seed20,220,3.296969696969697
hpmcounter9,drift,seed20,221,3.272727272727273
hpmcounter9,drift,seed20,222,3.224242424242424
hpmcounter9,drift,seed20,223,3.1515151515151514
hpmcounter9,drift,seed20,224,3.0545454545454547
hpmcounter9,drift,seed20,225,3.0
hpmcounter9,drift,seed20,226,3.0
hpmcounter9,drift,seed20,227,3.0545454545454547
hpmcounter9,drift,seed20,228,3.096969696969697
hpmcounter9,drift,seed20,229,3.1272727272727274
hpmcounter9,drift,seed20,230,3.1454545454545455
hpmcounter9,drift,seed20,231,3.1515151515151514
hpmcounter9,drift,seed20,232,3.1454545454545455
hpmcounter9,drift,seed20,233,3.1272727272727274
hpmcounter9,drift,seed20,234,3.096969696969697
hpmcounter9,drift,seed20,235,3.0545454545454547
hpmcounter9,drift,seed20,236,3.0
hpmcounter9,drift,seed20,237,3.0
hpmcounter9,drift,seed20,238,3.0
hpmcounter9,drift,seed20,239,3.0
hpmcounter9,drift,seed20,240,3.0
hpmcounter9,drift,seed20,241,3.0
hpmcounter9,drift,seed20,242,3.0
hpmcounter9,drift,seed20,243,3.0
hpmcounter9,drift,seed20,244,3.0
hpmcounter9,drift,seed20,245,3.0
hpmcounter9,drift,seed20,246,3.0
hpmcounter9,drift,seed20,247,3.0
hpmcounter9,drift,seed20,248,3.0
hpmcounter9,drift,seed20,249,3.0545454545454547
hpmcounter9,drift,seed20,250,3.1515151515151514
hpmcounter9,drift,seed20,251,3.278787878787879
hpmcounter9,drift,seed20,252,3.3696969696969696
hpmcounter9,drift,seed20,253,3.4242424242424243
hpmcounter9,drift,seed20,254,3.4424242424242424
hpmcounter9,drift,seed20,255,3.4242424242424243
hpmcounter9,drift,seed20,256,3.3696969696969696
hpmcounter9,drift,seed20,257,3.278787878787879
hpmcounter9,drift,seed20,258,3.1515151515151514
hpmcounter9,drift,seed20,259,3.0545454545454547
hpmcounter9,drift,seed20,260,3.0
hpmcounter9,drift,seed20,261,3.0
hpmcounter9,drift,seed20,262,3.0
hpmcounter9,drift,seed20,263,3.0
hpmcounter9,drift,seed20,264,3.0
hpmcounter9,drift,seed20,265,3.0
hpmcounter9,drift,seed20,266,3.0
hpmcounter9,drift,seed20,267,3.0
hpmcounter9,drift,seed20,268,3.0
hpmcounter9,drift,seed20,269,3.0
hpmcounter9,drift,seed20,270,3.0
hpmcounter9,drift,seed20,271,3.0
hpmcounter9,drift,seed20,272,3.0
hpmcounter9,drift,seed20,273,3.0
hpmcounter9,drift,seed20,274,3.0
hpmcounter9,drift,seed20,275,3.0
hpmcounter9,drift,seed20,276,3.0
hpmcounter9,drift,seed20,277,3.0
hpmcounter9,drift,seed20,278,3.0
hpmcounter9,drift,seed20,279,3.0
hpmcounter9,drift,seed20,280,3.0
hpmcounter9,drift,seed20,281,3.0
hpmcounter9,drift,seed20,282,3.0
hpmcounter9,drift,seed20,283,3.0
hpmcounter9,drift,seed20,284,3.0
hpmcounter9,drift,seed20,285,3.0
hpmcounter9,drift,seed20,286,3.0
hpmcounter9,drift,seed20,287,3.0
hpmcounter9,drift,seed20,288,3.0
hpmcounter9,drift,seed20,289,3.0
hpmcounter9,drift,seed20,290,3.0
hpmcounter9,drift,seed20,291,3.0
hpmcounter9,drift,seed20,292,3.0
hpmcounter9,drift,seed20,293,3.0
hpmcounter9,drift,seed20,294,3.0
hpmcounter9,drift,seed20,295,3.0
hpmcounter9,drift,seed20,296,3.0
hpmcounter9,drift,seed20,297,3.0
hpmcounter9,drift,seed20,298,3.0
hpmcounter9,drift,seed3,9,3.2181818181818183
hpmcounter9,drift,seed3,10,3.0
hpmcounter9,drift,seed3,11,3.0
hpmcounter9,drift,seed3,12,3.0
hpmcounter9,drift,seed3,13,3.0
hpmcounter9,drift,seed3,14,3.0
hpmcounter9,drift,seed3,15,3.0
hpmcounter9,drift,seed3,16,3.0
hpmcounter9,drift,seed3,17,3.0
hpmcounter9,drift,seed3,18,3.0
hpmcounter9,drift,seed3,19,3.0
hpmcounter9,drift,seed3,20,3.0
hpmcounter9,drift,seed3,21,3.0
hpmcounter9,drift,seed3,22,3.0
hpmcounter9,drift,seed3,23,3.0
hpmcounter9,drift,seed3,24,3.0
hpmcounter9,drift,seed3,25,3.0
hpmcounter9,drift,seed3,26,3.0
hpmcounter9,drift,seed3,27,3.0
hpmcounter9,drift,seed3,28,3.0
hpmcounter9,drift,seed3,29,3.0
hpmcounter9,drift,seed3,30,3.0
hpmcounter9,drift,seed3,31,3.0
hpmcounter9,drift,seed3,32,3.0
hpmcounter9,drift,seed3,33,3.0
hpmcounter9,drift,seed3,34,3.0
hpmcounter9,drift,seed3,35,3.0
hpmcounter9,drift,seed3,36,3.0
hpmcounter9,drift,seed3,37,3.0
hpmcounter9,drift,seed3,38,3.0
hpmcounter9,drift,seed3,39,3.0
hpmcounter9,drift,seed3,40,3.0
hpmcounter9,drift,seed3,41,3.0
hpmcounter9,drift,seed3,42,3.0
hpmcounter9,drift,seed3,43,3.0
hpmcounter9,drift,seed3,44,3.0
hpmcounter9,drift,seed3,45,3.0
hpmcounter9,drift,seed3,46,3.0
hpmcounter9,drift,seed3,47,3.0
hpmcounter9,drift,seed3,48,3.0
hpmcounter9,drift,seed3,49,3.0
hpmcounter9,drift,seed3,50,3.0
hpmcounter9,drift,seed3,51,3.0
hpmcounter9,drift,seed3,52,3.0
hpmcounter9,drift,seed3,53,3.0
hpmcounter9,drift,seed3,54,3.0
hpmcounter9,drift,seed3,55,3.0
hpmcounter9,drift,seed3,56,3.0
hpmcounter9,drift,seed3,57,3.0
hpmcounter9,drift,seed3,58,3.0
hpmcounter9,drift,seed3,59,3.0
hpmcounter9,drift,seed3,60,3.0
hpmcounter9,drift,seed3,61,3.0
hpmcounter9,drift,seed3,62,3.0
hpmcounter9,drift,seed3,63,3.0
hpmcounter9,drift,seed3,64,3.0
hpmcounter9,drift,seed3,65,3.0
hpmcounter9,drift,seed3,66,3.0
hpmcounter9,drift,seed3,67,3.0
hpmcounter9,drift,seed3,68,3.0
hpmcounter9,drift,seed3,69,3.0
hpmcounter9,drift,seed3,70,3.0
hpmcounter9,drift,seed3,71,3.0
hpmcounter9,drift,seed3,72,3.0
hpmcounter9,drift,seed3,73,3.0
hpmcounter9,drift,seed3,74,3.0
hpmcounter9,drift,seed3,75,3.0
hpmcounter9,drift,seed3,76,3.0
hpmcounter9,drift,seed3,77,3.0
hpmcounter9,drift,seed3,78,3.0
hpmcounter9,drift,seed3,79,3.0
hpmcounter9,drift,seed3,80,3.0
hpmcounter9,drift,seed3,81,3.0
hpmcounter9,drift,seed3,82,3.0
hpmcounter9,drift,seed3,83,3.0
hpmcounter9,drift,seed3,84,3.0
hpmcounter9,drift,seed3,85,3.0
hpmcounter9,drift,seed3,86,3.0
hpmcounter9,drift,seed3,87,3.0
hpmcounter9,drift,seed3,88,3.0
hpmcounter9,drift,seed3,89,3.0
hpmcounter9,drift,seed3,90,3.0
hpmcounter9,drift,seed3,91,3.0
hpmcounter9,drift,seed3,92,3.0
hpmcounter9,drift,seed3,93,3.0
hpmcounter9,drift,seed3,94,3.0
hpmcounter9,drift,seed3,95,3.0
hpmcounter9,drift,seed3,96,3.0
hpmcounter9,drift,seed3,97,3.0
hpmcounter9,drift,seed3,98,3.0
hpmcounter9,drift,seed3,99,3.0
hpmcounter9,drift,seed3,100,3.0
hpmcounter9,drift,seed3,101,3.0
hpmcounter9,drift,seed3,102,3.0
hpmcounter9,drift,seed3,103,3.0
hpmcounter9,drift,seed3,104,3.0
hpmcounter9,drift,seed3,105,3.0
hpmcounter9,drift,seed3,106,3.0
hpmcounter9,drift,seed3,107,3.0
hpmcounter9,drift,seed3,108,3.0
hpmcounter9,drift,seed3,109,3.0
hpmcounter9,drift,seed3,110,3.0
hpmcounter9,drift,seed3,111,3.0
hpmcounter9,drift,seed3,112,3.0
hpmcounter9,drift,seed3,113,3.0
hpmcounter9,drift,seed3,114,3.0
hpmcounter9,drift,seed3,115,3.0
hpmcounter9,drift,seed3,116,3.0
hpmcounter9,drift,seed3,117,3.0
hpmcounter9,drift,seed3,118,3.0
hpmcounter9,drift,seed3,119,3.0
hpmcounter9,drift,seed3,120,3.0
hpmcounter9,drift,seed3,121,3.0
hpmcounter9,drift,seed3,122,3.0
hpmcounter9,drift,seed3,123,3.0
hpmcounter9,drift,seed3,124,3.0
hpmcounter9,drift,seed3,125,3.0
hpmcounter9,drift,seed3,126,3.0
hpmcounter9,drift,seed3,127,3.0
hpmcounter9,drift,seed3,128,3.0
hpmcounter9,drift,seed3,129,3.0
hpmcounter9,drift,seed3,130,3.0
hpmcounter9,drift,seed3,131,3.0
hpmcounter9,drift,seed3,132,3.0
hpmcounter9,drift,seed3,133,3.0
hpmcounter9,drift,seed3,134,3.0
hpmcounter9,drift,seed3,135,3.0
hpmcounter9,drift,seed3,136,3.0
hpmcounter9,drift,seed3,137,3.0
hpmcounter9,drift,seed3,138,3.0
hpmcounter9,drift,seed3,139,3.0
hpmcounter9,drift,seed3,140,3.0
hpmcounter9,drift,seed3,141,3.0
hpmcounter9,drift,seed3,142,3.0
hpmcounter9,drift,seed3,143,3.0
hpmcounter9,drift,seed3,144,3.0
hpmcounter9,drift,seed3,145,3.0
hpmcounter9,drift,seed3,146,3.0
hpmcounter9,drift,seed3,147,3.0
hpmcounter9,drift,seed3,148,3.0
hpmcounter9,drift,seed3,149,3.0
hpmcounter9,drift,seed3,150,3.0
hpmcounter9,drift,seed3,151,3.0
hpmcounter9,drift,seed3,152,3.0
hpmcounter9,drift,seed3,153,3.0
hpmcounter9,drift,seed3,154,3.0
hpmcounter9,drift,seed3,155,3.0
hpmcounter9,drift,seed3,156,3.0
hpmcounter9,drift,seed3,157,3.0
hpmcounter9,drift,seed3,158,3.0
hpmcounter9,drift,seed3,159,3.0
hpmcounter9,drift,seed3,160,3.0
hpmcounter9,drift,seed3,161,3.0545454545454547
hpmcounter9,drift,seed3,162,3.1515151515151514
hpmcounter9,drift,seed3,163,3.3333333333333335
hpmcounter9,drift,seed3,164,3.466666666666667
hpmcounter9,drift,seed3,165,3.5515151515151517
hpmcounter9,drift,seed3,166,3.587878787878788
hpmcounter9,drift,seed3,167,3.5757575757575757
hpmcounter9,drift,seed3,168,3.515151515151515
hpmcounter9,drift,seed3,169,3.4060606060606062
hpmcounter9,drift,seed3,170,3.2484848484848485
hpmcounter9,drift,seed3,171,3.109090909090909
hpmcounter9,drift,seed3,172,3.0
hpmcounter9,drift,seed3,173,3.0
hpmcounter9,drift,seed3,174,3.0
hpmcounter9,drift,seed3,175,3.0
hpmcounter9,drift,seed3,176,3.0545454545454547
hpmcounter9,drift,seed3,177,3.1515151515151514
hpmcounter9,drift,seed3,178,3.224242424242424
hpmcounter9,drift,seed3,179,3.272727272727273
hpmcounter9,drift,seed3,180,3.296969696969697
hpmcounter9,drift,seed3,181,3.296969696969697
hpmcounter9,drift,seed3,182,3.272727272727273
hpmcounter9,drift,seed3,183,3.224242424242424
hpmcounter9,drift,seed3,184,3.1515151515151514
hpmcounter9,drift,seed3,185,3.0545454545454547
hpmcounter9,drift,seed3,186,3.0
hpmcounter9,drift,seed3,187,3.0
hpmcounter9,drift,seed3,188,3.0
hpmcounter9,drift,seed3,189,3.0
hpmcounter9,drift,seed3,190,3.0
hpmcounter9,drift,seed3,191,3.0
hpmcounter9,drift,seed3,192,3.0
hpmcounter9,drift,seed3,193,3.0
hpmcounter9,drift,seed3,194,3.0
hpmcounter9,drift,seed3,195,3.0
hpmcounter9,drift,seed3,196,3.0
hpmcounter9,drift,seed3,197,3.0
hpmcounter9,drift,seed3,198,3.0
hpmcounter9,drift,seed3,199,3.0
hpmcounter9,drift,seed3,200,3.0
hpmcounter9,drift,seed3,201,3.0
hpmcounter9,drift,seed3,202,3.0
hpmcounter9,drift,seed3,203,3.0
hpmcounter9,drift,seed3,204,3.0
hpmcounter9,drift,seed3,205,3.0
hpmcounter9,drift,seed3,206,3.0
hpmcounter9,drift,seed3,207,3.0
hpmcounter9,drift,seed3,208,3.0
hpmcounter9,drift,seed3,209,3.0
hpmcounter9,drift,seed3,210,3.0
hpmcounter9,drift,seed3,211,3.0
hpmcounter9,drift,seed3,212,3.0
hpmcounter9,drift,seed3,213,3.0
hpmcounter9,drift,seed3,214,3.0
hpmcounter9,drift,seed3,215,3.0
hpmcounter9,drift,seed3,216,3.0
hpmcounter9,drift,seed3,217,3.0
hpmcounter9,drift,seed3,218,3.0
hpmcounter9,drift,seed3,219,3.0
hpmcounter9,drift,seed3,220,3.0
hpmcounter9,drift,seed3,221,3.0
hpmcounter9,drift,seed3,222,3.0
hpmcounter9,drift,seed3,223,3.0
hpmcounter9,drift,seed3,224,3.0
hpmcounter9,drift,seed3,225,3.0
hpmcounter9,drift,seed3,226,3.0
hpmcounter9,drift,seed3,227,3.0
hpmcounter9,drift,seed3,228,3.0
hpmcounter9,drift,seed3,229,3.0
hpmcounter9,drift,seed3,230,3.0
hpmcounter9,drift,seed3,231,3.0
hpmcounter9,drift,seed3,232,3.0
hpmcounter9,drift,seed3,233,3.0
hpmcounter9,drift,seed3,234,3.0
hpmcounter9,drift,seed3,235,3.0
hpmcounter9,drift,seed3,236,3.0
hpmcounter9,drift,seed3,237,3.0
hpmcounter9,drift,seed3,238,3.0
hpmcounter9,drift,seed3,239,3.0
hpmcounter9,drift,seed3,240,3.0
hpmcounter9,drift,seed3,241,3.0
hpmcounter9,drift,seed3,242,3.0
hpmcounter9,drift,seed3,243,3.0
hpmcounter9,drift,seed3,244,3.0
hpmcounter9,drift,seed3,245,3.0
hpmcounter9,drift,seed3,246,3.0
hpmcounter9,drift,seed3,247,3.0
hpmcounter9,drift,seed3,248,3.0
hpmcounter9,drift,seed3,249,3.0
hpmcounter9,drift,seed3,250,3.109090909090909
hpmcounter9,drift,seed3,251,3.193939393939394
hpmcounter9,drift,seed3,252,3.2545454545454544
hpmcounter9,drift,seed3,253,3.290909090909091
hpmcounter9,drift,seed3,254,3.303030303030303
hpmcounter9,drift,seed3,255,3.290909090909091
hpmcounter9,drift,seed3,256,3.2545454545454544
hpmcounter9,drift,seed3,257,3.2484848484848485
hpmcounter9,drift,seed3,258,3.206060606060606
hpmcounter9,drift,seed3,259,3.1272727272727274
hpmcounter9,drift,seed3,260,3.1454545454545455
hpmcounter9,drift,seed3,261,3.1515151515151514
hpmcounter9,drift,seed3,262,3.1454545454545455
hpmcounter9,drift,seed3,263,3.1272727272727274
hpmcounter9,drift,seed3,264,3.096969696969697
hpmcounter9,drift,seed3,265,3.0545454545454547
hpmcounter9,drift,seed3,266,3.0
hpmcounter9,drift,seed3,267,3.0545454545454547
hpmcounter9,drift,seed3,268,3.1515151515151514
hpmcounter9,drift,seed3,269,3.224242424242424
hpmcounter9,drift,seed3,270,3.272727272727273
hpmcounter9,drift,seed3,271,3.296969696969697
hpmcounter9,drift,seed3,272,3.296969696969697
hpmcounter9,drift,seed3,273,3.272727272727273
hpmcounter9,drift,seed3,274,3.224242424242424
hpmcounter9,drift,seed3,275,3.1515151515151514
hpmcounter9,drift,seed3,276,3.0545454545454547
hpmcounter9,drift,seed3,277,3.0
hpmcounter9,drift,seed3,278,3.0
hpmcounter9,drift,seed3,279,3.0
hpmcounter9,drift,seed3,280,3.0
hpmcounter9,drift,seed3,281,3.0
hpmcounter9,drift,seed3,282,3.0
hpmcounter9,drift,seed3,283,3.0
hpmcounter9,drift,seed3,284,3.0
hpmcounter9,drift,seed3,285,3.0
hpmcounter9,drift,seed3,286,3.0
hpmcounter9,drift,seed3,287,3.0
hpmcounter9,drift,seed3,288,3.0
hpmcounter9,drift,seed3,289,3.0
hpmcounter9,drift,seed3,290,3.0
hpmcounter9,drift,seed3,291,3.0
hpmcounter9,drift,seed3,292,3.0
hpmcounter9,drift,seed3,293,3.0
hpmcounter9,drift,seed3,294,3.0
hpmcounter9,drift,seed3,295,3.0
hpmcounter9,drift,seed3,296,3.0
hpmcounter9,drift,seed3,297,3.0
hpmcounter9,drift,seed3,298,3.0
hpmcounter9,drift,seed4,9,3.2181818181818183
hpmcounter9,drift,seed4,10,3.0
hpmcounter9,drift,seed4,11,3.0
hpmcounter9,drift,seed4,12,3.0
hpmcounter9,drift,seed4,13,3.0
hpmcounter9,drift,seed4,14,3.0
hpmcounter9,drift,seed4,15,3.0
hpmcounter9,drift,seed4,16,3.0
hpmcounter9,drift,seed4,17,3.0
hpmcounter9,drift,seed4,18,3.0
hpmcounter9,drift,seed4,19,3.0
hpmcounter9,drift,seed4,20,3.0
hpmcounter9,drift,seed4,21,3.0
hpmcounter9,drift,seed4,22,3.0
hpmcounter9,drift,seed4,23,3.0
hpmcounter9,drift,seed4,24,3.0
hpmcounter9,drift,seed4,25,3.0
hpmcounter9,drift,seed4,26,3.0
hpmcounter9,drift,seed4,27,3.0
hpmcounter9,drift,seed4,28,3.0
hpmcounter9,drift,seed4,29,3.0
hpmcounter9,drift,seed4,30,3.0
hpmcounter9,drift,seed4,31,3.0
hpmcounter9,drift,seed4,32,3.0
hpmcounter9,drift,seed4,33,3.0
hpmcounter9,drift,seed4,34,3.0
hpmcounter9,drift,seed4,35,3.0
hpmcounter9,drift,seed4,36,3.0
hpmcounter9,drift,seed4,37,3.0
hpmcounter9,drift,seed4,38,3.0
hpmcounter9,drift,seed4,39,3.0
hpmcounter9,drift,seed4,40,3.0
hpmcounter9,drift,seed4,41,3.0
hpmcounter9,drift,seed4,42,3.0
hpmcounter9,drift,seed4,43,3.0
hpmcounter9,drift,seed4,44,3.0
hpmcounter9,drift,seed4,45,3.0
hpmcounter9,drift,seed4,46,3.0
hpmcounter9,drift,seed4,47,3.0
hpmcounter9,drift,seed4,48,3.0
hpmcounter9,drift,seed4,49,3.0
hpmcounter9,drift,seed4,50,3.0
hpmcounter9,drift,seed4,51,3.0
hpmcounter9,drift,seed4,52,3.0
hpmcounter9,drift,seed4,53,3.0
hpmcounter9,drift,seed4,54,3.0
hpmcounter9,drift,seed4,55,3.0
hpmcounter9,drift,seed4,56,3.0
hpmcounter9,drift,seed4,57,3.0
hpmcounter9,drift,seed4,58,3.0
hpmcounter9,drift,seed4,59,3.0
hpmcounter9,drift,seed4,60,3.0
hpmcounter9,drift,seed4,61,3.0
hpmcounter9,drift,seed4,62,3.0
hpmcounter9,drift,seed4,63,3.0
hpmcounter9,drift,seed4,64,3.0
hpmcounter9,drift,seed4,65,3.0
hpmcounter9,drift,seed4,66,3.0
hpmcounter9,drift,seed4,67,3.0
hpmcounter9,drift,seed4,68,3.0
hpmcounter9,drift,seed4,69,3.0
hpmcounter9,drift,seed4,70,3.0
hpmcounter9,drift,seed4,71,3.0
hpmcounter9,drift,seed4,72,3.0
hpmcounter9,drift,seed4,73,3.0
hpmcounter9,drift,seed4,74,3.0
hpmcounter9,drift,seed4,75,3.0
hpmcounter9,drift,seed4,76,3.0
hpmcounter9,drift,seed4,77,3.0
hpmcounter9,drift,seed4,78,3.0
hpmcounter9,drift,seed4,79,3.0
hpmcounter9,drift,seed4,80,3.0
hpmcounter9,drift,seed4,81,3.0
hpmcounter9,drift,seed4,82,3.0
hpmcounter9,drift,seed4,83,3.0
hpmcounter9,drift,seed4,84,3.0
hpmcounter9,drift,seed4,85,3.0
hpmcounter9,drift,seed4,86,3.0
hpmcounter9,drift,seed4,87,3.0
hpmcounter9,drift,seed4,88,3.0
hpmcounter9,drift,seed4,89,3.0
hpmcounter9,drift,seed4,90,3.0
hpmcounter9,drift,seed4,91,3.0
hpmcounter9,drift,seed4,92,3.0
hpmcounter9,drift,seed4,93,3.0
hpmcounter9,drift,seed4,94,3.0
hpmcounter9,drift,seed4,95,3.0
hpmcounter9,drift,seed4,96,3.0
hpmcounter9,drift,seed4,97,3.0
hpmcounter9,drift,seed4,98,3.0
hpmcounter9,drift,seed4,99,3.0
hpmcounter9,drift,seed4,100,3.0
hpmcounter9,drift,seed4,101,3.0
hpmcounter9,drift,seed4,102,3.0
hpmcounter9,drift,seed4,103,3.0
hpmcounter9,drift,seed4,104,3.0
hpmcounter9,drift,seed4,105,3.0
hpmcounter9,drift,seed4,106,3.0
hpmcounter9,drift,seed4,107,3.0
hpmcounter9,drift,seed4,108,3.0
hpmcounter9,drift,seed4,109,3.0
hpmcounter9,drift,seed4,110,3.0
hpmcounter9,drift,seed4,111,3.0
hpmcounter9,drift,seed4,112,3.0
hpmcounter9,drift,seed4,113,3.0
hpmcounter9,drift,seed4,114,3.0
hpmcounter9,drift,seed4,115,3.0
hpmcounter9,drift,seed4,116,3.0
hpmcounter9,drift,seed4,117,3.0
hpmcounter9,drift,seed4,118,3.0
hpmcounter9,drift,seed4,119,3.0
hpmcounter9,drift,seed4,120,3.0
hpmcounter9,drift,seed4,121,3.0
hpmcounter9,drift,seed4,122,3.0
hpmcounter9,drift,seed4,123,3.0
hpmcounter9,drift,seed4,124,3.0
hpmcounter9,drift,seed4,125,3.0
hpmcounter9,drift,seed4,126,3.0
hpmcounter9,drift,seed4,127,3.0
hpmcounter9,drift,seed4,128,3.0
hpmcounter9,drift,seed4,129,3.0
hpmcounter9,drift,seed4,130,3.0
hpmcounter9,drift,seed4,131,3.0
hpmcounter9,drift,seed4,132,3.0
hpmcounter9,drift,seed4,133,3.0
hpmcounter9,drift,seed4,134,3.0
hpmcounter9,drift,seed4,135,3.0
hpmcounter9,drift,seed4,136,3.0
hpmcounter9,drift,seed4,137,3.0
hpmcounter9,drift,seed4,138,3.0
hpmcounter9,drift,seed4,139,3.0
hpmcounter9,drift,seed4,140,3.0
hpmcounter9,drift,seed4,141,3.0
hpmcounter9,drift,seed4,142,3.0
hpmcounter9,drift,seed4,143,3.0
hpmcounter9,drift,seed4,144,3.0
hpmcounter9,drift,seed4,145,3.0
hpmcounter9,drift,seed4,146,3.0
hpmcounter9,drift,seed4,147,3.0
hpmcounter9,drift,seed4,148,3.0
hpmcounter9,drift,seed4,149,3.0
hpmcounter9,drift,seed4,150,3.0
hpmcounter9,drift,seed4,151,3.0
hpmcounter9,drift,seed4,152,3.0
hpmcounter9,drift,seed4,153,3.0
hpmcounter9,drift,seed4,154,3.0
hpmcounter9,drift,seed4,155,3.0
hpmcounter9,drift,seed4,156,3.0
hpmcounter9,drift,seed4,157,3.0
hpmcounter9,drift,seed4,158,3.0
hpmcounter9,drift,seed4,159,3.0
hpmcounter9,drift,seed4,160,3.0
hpmcounter9,drift,seed4,161,3.0
hpmcounter9,drift,seed4,162,3.0
hpmcounter9,drift,seed4,163,3.0
hpmcounter9,drift,seed4,164,3.0
hpmcounter9,drift,seed4,165,3.0
hpmcounter9,drift,seed4,166,3.0
hpmcounter9,drift,seed4,167,3.0
hpmcounter9,drift,seed4,168,3.0
hpmcounter9,drift,seed4,169,3.0
hpmcounter9,drift,seed4,170,3.0
hpmcounter9,drift,seed4,171,3.0
hpmcounter9,drift,seed4,172,3.0
hpmcounter9,drift,seed4,173,3.0
hpmcounter9,drift,seed4,174,3.0
hpmcounter9,drift,seed4,175,3.0
hpmcounter9,drift,seed4,176,3.0
hpmcounter9,drift,seed4,177,3.0
hpmcounter9,drift,seed4,178,3.0
hpmcounter9,drift,seed4,179,3.0
hpmcounter9,drift,seed4,180,3.0
hpmcounter9,drift,seed4,181,3.0
hpmcounter9,drift,seed4,182,3.0
hpmcounter9,drift,seed4,183,3.0
hpmcounter9,drift,seed4,184,3.0
hpmcounter9,drift,seed4,185,3.0
hpmcounter9,drift,seed4,186,3.0
hpmcounter9,drift,seed4,187,3.0
hpmcounter9,drift,seed4,188,3.0
hpmcounter9,drift,seed4,189,3.0
hpmcounter9,drift,seed4,190,3.0
hpmcounter9,drift,seed4,191,3.0
hpmcounter9,drift,seed4,192,3.0
hpmcounter9,drift,seed4,193,3.0
hpmcounter9,drift,seed4,194,3.0
hpmcounter9,drift,seed4,195,3.0
hpmcounter9,drift,seed4,196,3.0
hpmcounter9,drift,seed4,197,3.0
hpmcounter9,drift,seed4,198,3.0
hpmcounter9,drift,seed4,199,3.0
hpmcounter9,drift,seed4,200,3.0
hpmcounter9,drift,seed4,201,3.0545454545454547
hpmcounter9,drift,seed4,202,3.096969696969697
hpmcounter9,drift,seed4,203,3.1272727272727274
hpmcounter9,drift,seed4,204,3.1454545454545455
hpmcounter9,drift,seed4,205,3.1515151515151514
hpmcounter9,drift,seed4,206,3.1454545454545455
hpmcounter9,drift,seed4,207,3.1272727272727274
hpmcounter9,drift,seed4,208,3.096969696969697
hpmcounter9,drift,seed4,209,3.0545454545454547
hpmcounter9,drift,seed4,210,3.0
hpmcounter9,drift,seed4,211,3.0
hpmcounter9,drift,seed4,212,3.0
hpmcounter9,drift,seed4,213,3.0
hpmcounter9,drift,seed4,214,3.0
hpmcounter9,drift,seed4,215,3.0
hpmcounter9,drift,seed4,216,3.0
hpmcounter9,drift,seed4,217,3.0
hpmcounter9,drift,seed4,218,3.0
hpmcounter9,drift,seed4,219,3.0
hpmcounter9,drift,seed4,220,3.0
hpmcounter9,drift,seed4,221,3.0
hpmcounter9,drift,seed4,222,3.0
hpmcounter9,drift,seed4,223,3.0
hpmcounter9,drift,seed4,224,3.0
hpmcounter9,drift,seed4,225,3.0
hpmcounter9,drift,seed4,226,3.0
hpmcounter9,drift,seed4,227,3.0
hpmcounter9,drift,seed4,228,3.0
hpmcounter9,drift,seed4,229,3.0
hpmcounter9,drift,seed4,230,3.0
hpmcounter9,drift,seed4,231,3.0
hpmcounter9,drift,seed4,232,3.0
hpmcounter9,drift,seed4,233,3.0
hpmcounter9,drift,seed4,234,3.0545454545454547
hpmcounter9,drift,seed4,235,3.096969696969697
hpmcounter9,drift,seed4,236,3.1272727272727274
hpmcounter9,drift,seed4,237,3.1454545454545455
hpmcounter9,drift,seed4,238,3.1515151515151514
hpmcounter9,drift,seed4,239,3.1454545454545455
hpmcounter9,drift,seed4,240,3.1272727272727274
hpmcounter9,drift,seed4,241,3.096969696969697
hpmcounter9,drift,seed4,242,3.0545454545454547
hpmcounter9,drift,seed4,243,3.0
hpmcounter9,drift,seed4,244,3.0
hpmcounter9,drift,seed4,245,3.0
hpmcounter9,drift,seed4,246,3.0
hpmcounter9,drift,seed4,247,3.0
hpmcounter9,drift,seed4,248,3.0
hpmcounter9,drift,seed4,249,3.0
hpmcounter9,drift,seed4,250,3.0
hpmcounter9,drift,seed4,251,3.0
hpmcounter9,drift,seed4,252,3.0
hpmcounter9,drift,seed4,253,3.0
hpmcounter9,drift,seed4,254,3.0
hpmcounter9,drift,seed4,255,3.0
hpmcounter9,drift,seed4,256,3.0
hpmcounter9,drift,seed4,257,3.0
hpmcounter9,drift,seed4,258,3.0
hpmcounter9,drift,seed4,259,3.0
hpmcounter9,drift,seed4,260,3.0
hpmcounter9,drift,seed4,261,3.0
hpmcounter9,drift,seed4,262,3.0
hpmcounter9,drift,seed4,263,3.0
hpmcounter9,drift,seed4,264,3.0
hpmcounter9,drift,seed4,265,3.0
hpmcounter9,drift,seed4,266,3.0
hpmcounter9,drift,seed4,267,3.0
hpmcounter9,drift,seed4,268,3.0
hpmcounter9,drift,seed4,269,3.0
hpmcounter9,drift,seed4,270,3.0
hpmcounter9,drift,seed4,271,3.0
hpmcounter9,drift,seed4,272,3.0
hpmcounter9,drift,seed4,273,3.0
hpmcounter9,drift,seed4,274,3.0
hpmcounter9,drift,seed4,275,3.0
hpmcounter9,drift,seed4,276,3.0
hpmcounter9,drift,seed4,277,3.0
hpmcounter9,drift,seed4,278,3.0
hpmcounter9,drift,seed4,279,3.0
hpmcounter9,drift,seed4,280,3.0
hpmcounter9,drift,seed4,281,3.0
hpmcounter9,drift,seed4,282,3.0
hpmcounter9,drift,seed4,283,3.0
hpmcounter9,drift,seed4,284,3.0
hpmcounter9,drift,seed4,285,3.0
hpmcounter9,drift,seed4,286,3.0
hpmcounter9,drift,seed4,287,3.0
hpmcounter9,drift,seed4,288,3.0
hpmcounter9,drift,seed4,289,3.0
hpmcounter9,drift,seed4,290,3.0
hpmcounter9,drift,seed4,291,3.0
hpmcounter9,drift,seed4,292,3.0
hpmcounter9,drift,seed4,293,3.0
hpmcounter9,drift,seed4,294,3.0
hpmcounter9,drift,seed4,295,3.0
hpmcounter9,drift,seed4,296,3.0
hpmcounter9,drift,seed4,297,3.0
hpmcounter9,drift,seed4,298,3.0
hpmcounter9,drift,seed5,9,3.2181818181818183
hpmcounter9,drift,seed5,10,3.0
hpmcounter9,drift,seed5,11,3.0
hpmcounter9,drift,seed5,12,3.0
hpmcounter9,drift,seed5,13,3.0
hpmcounter9,drift,seed5,14,3.0
hpmcounter9,drift,seed5,15,3.0
hpmcounter9,drift,seed5,16,3.0
hpmcounter9,drift,seed5,17,3.0
hpmcounter9,drift,seed5,18,3.0
hpmcounter9,drift,seed5,19,3.0
hpmcounter9,drift,seed5,20,3.0
hpmcounter9,drift,seed5,21,3.0
hpmcounter9,drift,seed5,22,3.0
hpmcounter9,drift,seed5,23,3.0
hpmcounter9,drift,seed5,24,3.0
hpmcounter9,drift,seed5,25,3.0
hpmcounter9,drift,seed5,26,3.0
hpmcounter9,drift,seed5,27,3.0
hpmcounter9,drift,seed5,28,3.0
hpmcounter9,drift,seed5,29,3.0
hpmcounter9,drift,seed5,30,3.0
hpmcounter9,drift,seed5,31,3.0
hpmcounter9,drift,seed5,32,3.0
hpmcounter9,drift,seed5,33,3.0
hpmcounter9,drift,seed5,34,3.0
hpmcounter9,drift,seed5,35,3.0
hpmcounter9,drift,seed5,36,3.0
hpmcounter9,drift,seed5,37,3.0
hpmcounter9,drift,seed5,38,3.0
hpmcounter9,drift,seed5,39,3.0
hpmcounter9,drift,seed5,40,3.0
hpmcounter9,drift,seed5,41,3.0
hpmcounter9,drift,seed5,42,3.0
hpmcounter9,drift,seed5,43,3.0
hpmcounter9,drift,seed5,44,3.0
hpmcounter9,drift,seed5,45,3.0
hpmcounter9,drift,seed5,46,3.0
hpmcounter9,drift,seed5,47,3.0
hpmcounter9,drift,seed5,48,3.0
hpmcounter9,drift,seed5,49,3.0
hpmcounter9,drift,seed5,50,3.0
hpmcounter9,drift,seed5,51,3.0
hpmcounter9,drift,seed5,52,3.0
hpmcounter9,drift,seed5,53,3.0
hpmcounter9,drift,seed5,54,3.0
hpmcounter9,drift,seed5,55,3.0
hpmcounter9,drift,seed5,56,3.0
hpmcounter9,drift,seed5,57,3.0
hpmcounter9,drift,seed5,58,3.0
hpmcounter9,drift,seed5,59,3.0
hpmcounter9,drift,seed5,60,3.0
hpmcounter9,drift,seed5,61,3.0
hpmcounter9,drift,seed5,62,3.0
hpmcounter9,drift,seed5,63,3.0
hpmcounter9,drift,seed5,64,3.0
hpmcounter9,drift,seed5,65,3.0
hpmcounter9,drift,seed5,66,3.0
hpmcounter9,drift,seed5,67,3.0
hpmcounter9,drift,seed5,68,3.0
hpmcounter9,drift,seed5,69,3.0
hpmcounter9,drift,seed5,70,3.0
hpmcounter9,drift,seed5,71,3.0
hpmcounter9,drift,seed5,72,3.0
hpmcounter9,drift,seed5,73,3.0
hpmcounter9,drift,seed5,74,3.0
hpmcounter9,drift,seed5,75,3.0
hpmcounter9,drift,seed5,76,3.0
hpmcounter9,drift,seed5,77,3.0
hpmcounter9,drift,seed5,78,3.0
hpmcounter9,drift,seed5,79,3.0
hpmcounter9,drift,seed5,80,3.0
hpmcounter9,drift,seed5,81,3.0
hpmcounter9,drift,seed5,82,3.0
hpmcounter9,drift,seed5,83,3.0
hpmcounter9,drift,seed5,84,3.0
hpmcounter9,drift,seed5,85,3.0
hpmcounter9,drift,seed5,86,3.0
hpmcounter9,drift,seed5,87,3.0
hpmcounter9,drift,seed5,88,3.0
hpmcounter9,drift,seed5,89,3.0
hpmcounter9,drift,seed5,90,3.0
hpmcounter9,drift,seed5,91,3.0
hpmcounter9,drift,seed5,92,3.0
hpmcounter9,drift,seed5,93,3.0
hpmcounter9,drift,seed5,94,3.0
hpmcounter9,drift,seed5,95,3.0545454545454547
hpmcounter9,drift,seed5,96,3.096969696969697
hpmcounter9,drift,seed5,97,3.1272727272727274
hpmcounter9,drift,seed5,98,3.1454545454545455
hpmcounter9,drift,seed5,99,3.1515151515151514
hpmcounter9,drift,seed5,100,3.1454545454545455
hpmcounter9,drift,seed5,101,3.1272727272727274
hpmcounter9,drift,seed5,102,3.096969696969697
hpmcounter9,drift,seed5,103,3.0545454545454547
hpmcounter9,drift,seed5,104,3.0
hpmcounter9,drift,seed5,105,3.0545454545454547
hpmcounter9,drift,seed5,106,3.096969696969697
hpmcounter9,drift,seed5,107,3.1272727272727274
hpmcounter9,drift,seed5,108,3.1454545454545455
hpmcounter9,drift,seed5,109,3.1515151515151514
hpmcounter9,drift,seed5,110,3.1454545454545455
hpmcounter9,drift,seed5,111,3.1272727272727274
hpmcounter9,drift,seed5,112,3.096969696969697
hpmcounter9,drift,seed5,113,3.0545454545454547
hpmcounter9,drift,seed5,114,3.0
hpmcounter9,drift,seed5,115,3.0
hpmcounter9,drift,seed5,116,3.0
hpmcounter9,drift,seed5,117,3.0
hpmcounter9,drift,seed5,118,3.0
hpmcounter9,drift,seed5,119,3.0
hpmcounter9,drift,seed5,120,3.0
hpmcounter9,drift,seed5,121,3.0
hpmcounter9,drift,seed5,122,3.0
hpmcounter9,drift,seed5,123,3.0
hpmcounter9,drift,seed5,124,3.0
hpmcounter9,drift,seed5,125,3.0
hpmcounter9,drift,seed5,126,3.0
hpmcounter9,drift,seed5,127,3.0
hpmcounter9,drift,seed5,128,3.0
hpmcounter9,drift,seed5,129,3.0
hpmcounter9,drift,seed5,130,3.0
hpmcounter9,drift,seed5,131,3.0
hpmcounter9,drift,seed5,132,3.0
hpmcounter9,drift,seed5,133,3.0
hpmcounter9,drift,seed5,134,3.0
hpmcounter9,drift,seed5,135,3.0
hpmcounter9,drift,seed5,136,3.0
hpmcounter9,drift,seed5,137,3.0
hpmcounter9,drift,seed5,138,3.0
hpmcounter9,drift,seed5,139,3.0
hpmcounter9,drift,seed5,140,3.0
hpmcounter9,drift,seed5,141,3.0
hpmcounter9,drift,seed5,142,3.0
hpmcounter9,drift,seed5,143,3.0
hpmcounter9,drift,seed5,144,3.0
hpmcounter9,drift,seed5,145,3.0
hpmcounter9,drift,seed5,146,3.0
hpmcounter9,drift,seed5,147,3.0
hpmcounter9,drift,seed5,148,3.0
hpmcounter9,drift,seed5,149,3.0
hpmcounter9,drift,seed5,150,3.0
hpmcounter9,drift,seed5,151,3.0
hpmcounter9,drift,seed5,152,3.0
hpmcounter9,drift,seed5,153,3.0
hpmcounter9,drift,seed5,154,3.0
hpmcounter9,drift,seed5,155,3.0
hpmcounter9,drift,seed5,156,3.0
hpmcounter9,drift,seed5,157,3.0
hpmcounter9,drift,seed5,158,3.0
hpmcounter9,drift,seed5,159,3.0
hpmcounter9,drift,seed5,160,3.0
hpmcounter9,drift,seed5,161,3.0
hpmcounter9,drift,seed5,162,3.0
hpmcounter9,drift,seed5,163,3.0
hpmcounter9,drift,seed5,164,3.0
hpmcounter9,drift,seed5,165,3.0
hpmcounter9,drift,seed5,166,3.0
hpmcounter9,drift,seed5,167,3.0
hpmcounter9,drift,seed5,168,3.0
hpmcounter9,drift,seed5,169,3.0
hpmcounter9,drift,seed5,170,3.0
hpmcounter9,drift,seed5,171,3.0
hpmcounter9,drift,seed5,172,3.0
hpmcounter9,drift,seed5,173,3.0
hpmcounter9,drift,seed5,174,3.0
hpmcounter9,drift,seed5,175,3.0
hpmcounter9,drift,seed5,176,3.0
hpmcounter9,drift,seed5,177,3.0
hpmcounter9,drift,seed5,178,3.0
hpmcounter9,drift,seed5,179,3.0
hpmcounter9,drift,seed5,180,3.0
hpmcounter9,drift,seed5,181,3.0
hpmcounter9,drift,seed5,182,3.0
hpmcounter9,drift,seed5,183,3.0
hpmcounter9,drift,seed5,184,3.0
hpmcounter9,drift,seed5,185,3.0
hpmcounter9,drift,seed5,186,3.0
hpmcounter9,drift,seed5,187,3.0
hpmcounter9,drift,seed5,188,3.0
hpmcounter9,drift,seed5,189,3.0
hpmcounter9,drift,seed5,190,3.0
hpmcounter9,drift,seed5,191,3.0
hpmcounter9,drift,seed5,192,3.0
hpmcounter9,drift,seed5,193,3.0
hpmcounter9,drift,seed5,194,3.0
hpmcounter9,drift,seed5,195,3.0
hpmcounter9,drift,seed5,196,3.0
hpmcounter9,drift,seed5,197,3.0
hpmcounter9,drift,seed5,198,3.0
hpmcounter9,drift,seed5,199,3.0
hpmcounter9,drift,seed5,200,3.0
hpmcounter9,drift,seed5,201,3.0
hpmcounter9,drift,seed5,202,3.0
hpmcounter9,drift,seed5,203,3.0
hpmcounter9,drift,seed5,204,3.0
hpmcounter9,drift,seed5,205,3.0
hpmcounter9,drift,seed5,206,3.0
hpmcounter9,drift,seed5,207,3.0
hpmcounter9,drift,seed5,208,3.0
hpmcounter9,drift,seed5,209,3.0
hpmcounter9,drift,seed5,210,3.109090909090909
hpmcounter9,drift,seed5,211,3.193939393939394
hpmcounter9,drift,seed5,212,3.2545454545454544
hpmcounter9,drift,seed5,213,3.290909090909091
hpmcounter9,drift,seed5,214,3.303030303030303
hpmcounter9,drift,seed5,215,3.290909090909091
hpmcounter9,drift,seed5,216,3.2545454545454544
hpmcounter9,drift,seed5,217,3.193939393939394
hpmcounter9,drift,seed5,218,3.109090909090909
hpmcounter9,drift,seed5,219,3.0
hpmcounter9,drift,seed5,220,3.0
hpmcounter9,drift,seed5,221,3.0
hpmcounter9,drift,seed5,222,3.0
hpmcounter9,drift,seed5,223,3.0
hpmcounter9,drift,seed5,224,3.0
hpmcounter9,drift,seed5,225,3.0
hpmcounter9,drift,seed5,226,3.0
hpmcounter9,drift,seed5,227,3.0
hpmcounter9,drift,seed5,228,3.0
hpmcounter9,drift,seed5,229,3.0
hpmcounter9,drift,seed5,230,3.0
hpmcounter9,drift,seed5,231,3.0
hpmcounter9,drift,seed5,232,3.0
hpmcounter9,drift,seed5,233,3.0
hpmcounter9,drift,seed5,234,3.0
hpmcounter9,drift,seed5,235,3.0
hpmcounter9,drift,seed5,236,3.0
hpmcounter9,drift,seed5,237,3.0
hpmcounter9,drift,seed5,238,3.0
hpmcounter9,drift,seed5,239,3.0
hpmcounter9,drift,seed5,240,3.0
hpmcounter9,drift,seed5,241,3.0
hpmcounter9,drift,seed5,242,3.0
hpmcounter9,drift,seed5,243,3.0
hpmcounter9,drift,seed5,244,3.0
hpmcounter9,drift,seed5,245,3.0
hpmcounter9,drift,seed5,246,3.0
hpmcounter9,drift,seed5,247,3.0
hpmcounter9,drift,seed5,248,3.0
hpmcounter9,drift,seed5,249,3.0
hpmcounter9,drift,seed5,250,3.0
hpmcounter9,drift,seed5,251,3.0
hpmcounter9,drift,seed5,252,3.0
hpmcounter9,drift,seed5,253,3.0
hpmcounter9,drift,seed5,254,3.0
hpmcounter9,drift,seed5,255,3.0
hpmcounter9,drift,seed5,256,3.0
hpmcounter9,drift,seed5,257,3.0
hpmcounter9,drift,seed5,258,3.0
hpmcounter9,drift,seed5,259,3.0
hpmcounter9,drift,seed5,260,3.0
hpmcounter9,drift,seed5,261,3.0
hpmcounter9,drift,seed5,262,3.0
hpmcounter9,drift,seed5,263,3.0
hpmcounter9,drift,seed5,264,3.0
hpmcounter9,drift,seed5,265,3.0
hpmcounter9,drift,seed5,266,3.0
hpmcounter9,drift,seed5,267,3.0
hpmcounter9,drift,seed5,268,3.0
hpmcounter9,drift,seed5,269,3.0
hpmcounter9,drift,seed5,270,3.0
hpmcounter9,drift,seed5,271,3.0
hpmcounter9,drift,seed5,272,3.0
hpmcounter9,drift,seed5,273,3.0
hpmcounter9,drift,seed5,274,3.0
hpmcounter9,drift,seed5,275,3.0
hpmcounter9,drift,seed5,276,3.0
hpmcounter9,drift,seed5,277,3.0
hpmcounter9,drift,seed5,278,3.0
hpmcounter9,drift,seed5,279,3.0
hpmcounter9,drift,seed5,280,3.0
hpmcounter9,drift,seed5,281,3.0
hpmcounter9,drift,seed5,282,3.0
hpmcounter9,drift,seed5,283,3.0
hpmcounter9,drift,seed5,284,3.0
hpmcounter9,drift,seed5,285,3.0
hpmcounter9,drift,seed5,286,3.0
hpmcounter9,drift,seed5,287,3.0
hpmcounter9,drift,seed5,288,3.0
hpmcounter9,drift,seed5,289,3.0
hpmcounter9,drift,seed5,290,3.0
hpmcounter9,drift,seed5,291,3.0
hpmcounter9,drift,seed5,292,3.0
hpmcounter9,drift,seed5,293,3.0
hpmcounter9,drift,seed5,294,3.0
hpmcounter9,drift,seed5,295,3.0
hpmcounter9,drift,seed5,296,3.0
hpmcounter9,drift,seed5,297,3.0
hpmcounter9,drift,seed5,298,3.0
hpmcounter9,drift,seed6,9,3.2181818181818183
hpmcounter9,drift,seed6,10,3.0
hpmcounter9,drift,seed6,11,3.0
hpmcounter9,drift,seed6,12,3.0
hpmcounter9,drift,seed6,13,3.0
hpmcounter9,drift,seed6,14,3.0
hpmcounter9,drift,seed6,15,3.0
hpmcounter9,drift,seed6,16,3.0
hpmcounter9,drift,seed6,17,3.0
hpmcounter9,drift,seed6,18,3.0
hpmcounter9,drift,seed6,19,3.0
hpmcounter9,drift,seed6,20,3.0
hpmcounter9,drift,seed6,21,3.0
hpmcounter9,drift,seed6,22,3.0
hpmcounter9,drift,seed6,23,3.0
hpmcounter9,drift,seed6,24,3.0545454545454547
hpmcounter9,drift,seed6,25,3.096969696969697
hpmcounter9,drift,seed6,26,3.1272727272727274
hpmcounter9,drift,seed6,27,3.1454545454545455
hpmcounter9,drift,seed6,28,3.1515151515151514
hpmcounter9,drift,seed6,29,3.1454545454545455
hpmcounter9,drift,seed6,30,3.1272727272727274
hpmcounter9,drift,seed6,31,3.096969696969697
hpmcounter9,drift,seed6,32,3.0545454545454547
hpmcounter9,drift,seed6,33,3.0
hpmcounter9,drift,seed6,34,3.0
hpmcounter9,drift,seed6,35,3.0
hpmcounter9,drift,seed6,36,3.0
hpmcounter9,drift,seed6,37,3.0
hpmcounter9,drift,seed6,38,3.0
hpmcounter9,drift,seed6,39,3.0
hpmcounter9,drift,seed6,40,3.0
hpmcounter9,drift,seed6,41,3.0
hpmcounter9,drift,seed6,42,3.0
hpmcounter9,drift,seed6,43,3.0
hpmcounter9,drift,seed6,44,3.0
hpmcounter9,drift,seed6,45,3.0
hpmcounter9,drift,seed6,46,3.0545454545454547
hpmcounter9,drift,seed6,47,3.096969696969697
hpmcounter9,drift,seed6,48,3.1272727272727274
hpmcounter9,drift,seed6,49,3.1454545454545455
hpmcounter9,drift,seed6,50,3.1515151515151514
hpmcounter9,drift,seed6,51,3.1454545454545455
hpmcounter9,drift,seed6,52,3.1272727272727274
hpmcounter9,drift,seed6,53,3.096969696969697
hpmcounter9,drift,seed6,54,3.0545454545454547
hpmcounter9,drift,seed6,55,3.0
hpmcounter9,drift,seed6,56,3.0
hpmcounter9,drift,seed6,57,3.0
hpmcounter9,drift,seed6,58,3.0
hpmcounter9,drift,seed6,59,3.0
hpmcounter9,drift,seed6,60,3.0
hpmcounter9,drift,seed6,61,3.0
hpmcounter9,drift,seed6,62,3.0
hpmcounter9,drift,seed6,63,3.0
hpmcounter9,drift,seed6,64,3.0
hpmcounter9,drift,seed6,65,3.0
hpmcounter9,drift,seed6,66,3.0
hpmcounter9,drift,seed6,67,3.0
hpmcounter9,drift,seed6,68,3.0
hpmcounter9,drift,seed6,69,3.0
hpmcounter9,drift,seed6,70,3.0
hpmcounter9,drift,seed6,71,3.0
hpmcounter9,drift,seed6,72,3.0
hpmcounter9,drift,seed6,73,3.0
hpmcounter9,drift,seed6,74,3.0
hpmcounter9,drift,seed6,75,3.0
hpmcounter9,drift,seed6,76,3.0
hpmcounter9,drift,seed6,77,3.0
hpmcounter9,drift,seed6,78,3.0
hpmcounter9,drift,seed6,79,3.0
hpmcounter9,drift,seed6,80,3.0
hpmcounter9,drift,seed6,81,3.0
hpmcounter9,drift,seed6,82,3.0
hpmcounter9,drift,seed6,83,3.0
hpmcounter9,drift,seed6,84,3.0
hpmcounter9,drift,seed6,85,3.0
hpmcounter9,drift,seed6,86,3.0
hpmcounter9,drift,seed6,87,3.0
hpmcounter9,drift,seed6,88,3.0
hpmcounter9,drift,seed6,89,3.0
hpmcounter9,drift,seed6,90,3.0
hpmcounter9,drift,seed6,91,3.0
hpmcounter9,drift,seed6,92,3.0
hpmcounter9,drift,seed6,93,3.0
hpmcounter9,drift,seed6,94,3.0
hpmcounter9,drift,seed6,95,3.0
hpmcounter9,drift,seed6,96,3.0
hpmcounter9,drift,seed6,97,3.0
hpmcounter9,drift,seed6,98,3.0
hpmcounter9,drift,seed6,99,3.0
hpmcounter9,drift,seed6,100,3.0
hpmcounter9,drift,seed6,101,3.0
hpmcounter9,drift,seed6,102,3.0
hpmcounter9,drift,seed6,103,3.0
hpmcounter9,drift,seed6,104,3.0
hpmcounter9,drift,seed6,105,3.0
hpmcounter9,drift,seed6,106,3.0
hpmcounter9,drift,seed6,107,3.0
hpmcounter9,drift,seed6,108,3.0
hpmcounter9,drift,seed6,109,3.0
hpmcounter9,drift,seed6,110,3.0
hpmcounter9,drift,seed6,111,3.0
hpmcounter9,drift,seed6,112,3.0
hpmcounter9,drift,seed6,113,3.0
hpmcounter9,drift,seed6,114,3.0
hpmcounter9,drift,seed6,115,3.109090909090909
hpmcounter9,drift,seed6,116,3.193939393939394
hpmcounter9,drift,seed6,117,3.309090909090909
hpmcounter9,drift,seed6,118,3.4424242424242424
hpmcounter9,drift,seed6,119,3.5272727272727273
hpmcounter9,drift,seed6,120,3.5636363636363635
hpmcounter9,drift,seed6,121,3.5515151515151517
hpmcounter9,drift,seed6,122,3.4909090909090907
hpmcounter9,drift,seed6,123,3.381818181818182
hpmcounter9,drift,seed6,124,3.224242424242424
hpmcounter9,drift,seed6,125,3.1515151515151514
hpmcounter9,drift,seed6,126,3.0545454545454547
hpmcounter9,drift,seed6,127,3.0
hpmcounter9,drift,seed6,128,3.0
hpmcounter9,drift,seed6,129,3.0
hpmcounter9,drift,seed6,130,3.0
hpmcounter9,drift,seed6,131,3.0
hpmcounter9,drift,seed6,132,3.0
hpmcounter9,drift,seed6,133,3.0
hpmcounter9,drift,seed6,134,3.0
hpmcounter9,drift,seed6,135,3.0
hpmcounter9,drift,seed6,136,3.0
hpmcounter9,drift,seed6,137,3.0
hpmcounter9,drift,seed6,138,3.0
hpmcounter9,drift,seed6,139,3.0
hpmcounter9,drift,seed6,140,3.0
hpmcounter9,drift,seed6,141,3.0
hpmcounter9,drift,seed6,142,3.0
hpmcounter9,drift,seed6,143,3.0
hpmcounter9,drift,seed6,144,3.0
hpmcounter9,drift,seed6,145,3.0
hpmcounter9,drift,seed6,146,3.0
hpmcounter9,drift,seed6,147,3.0
hpmcounter9,drift,seed6,148,3.0
hpmcounter9,drift,seed6,149,3.0
hpmcounter9,drift,seed6,150,3.0
hpmcounter9,drift,seed6,151,3.0545454545454547
hpmcounter9,drift,seed6,152,3.096969696969697
hpmcounter9,drift,seed6,153,3.1272727272727274
hpmcounter9,drift,seed6,154,3.1454545454545455
hpmcounter9,drift,seed6,155,3.1515151515151514
hpmcounter9,drift,seed6,156,3.1454545454545455
hpmcounter9,drift,seed6,157,3.1272727272727274
hpmcounter9,drift,seed6,158,3.096969696969697
hpmcounter9,drift,seed6,159,3.0545454545454547
hpmcounter9,drift,seed6,160,3.0
hpmcounter9,drift,seed6,161,3.0
hpmcounter9,drift,seed6,162,3.0
hpmcounter9,drift,seed6,163,3.0
hpmcounter9,drift,seed6,164,3.0
hpmcounter9,drift,seed6,165,3.0
hpmcounter9,drift,seed6,166,3.0
hpmcounter9,drift,seed6,167,3.0
hpmcounter9,drift,seed6,168,3.0
hpmcounter9,drift,seed6,169,3.0
hpmcounter9,drift,seed6,170,3.0
hpmcounter9,drift,seed6,171,3.0
hpmcounter9,drift,seed6,172,3.0
hpmcounter9,drift,seed6,173,3.0
hpmcounter9,drift,seed6,174,3.0
hpmcounter9,drift,seed6,175,3.0
hpmcounter9,drift,seed6,176,3.0
hpmcounter9,drift,seed6,177,3.0
hpmcounter9,drift,seed6,178,3.0
hpmcounter9,drift,seed6,179,3.0
hpmcounter9,drift,seed6,180,3.0
hpmcounter9,drift,seed6,181,3.0
hpmcounter9,drift,seed6,182,3.0
hpmcounter9,drift,seed6,183,3.0
hpmcounter9,drift,seed6,184,3.0
hpmcounter9,drift,seed6,185,3.0
hpmcounter9,drift,seed6,186,3.0
hpmcounter9,drift,seed6,187,3.0
hpmcounter9,drift,seed6,188,3.109090909090909
hpmcounter9,drift,seed6,189,3.193939393939394
hpmcounter9,drift,seed6,190,3.2545454545454544
hpmcounter9,drift,seed6,191,3.290909090909091
hpmcounter9,drift,seed6,192,3.303030303030303
hpmcounter9,drift,seed6,193,3.290909090909091
hpmcounter9,drift,seed6,194,3.2545454545454544
hpmcounter9,drift,seed6,195,3.193939393939394
hpmcounter9,drift,seed6,196,3.1636363636363636
hpmcounter9,drift,seed6,197,3.096969696969697
hpmcounter9,drift,seed6,198,3.1272727272727274
hpmcounter9,drift,seed6,199,3.1454545454545455
hpmcounter9,drift,seed6,200,3.1515151515151514
hpmcounter9,drift,seed6,201,3.1454545454545455
hpmcounter9,drift,seed6,202,3.1272727272727274
hpmcounter9,drift,seed6,203,3.096969696969697
hpmcounter9,drift,seed6,204,3.0545454545454547
hpmcounter9,drift,seed6,205,3.0
hpmcounter9,drift,seed6,206,3.0
hpmcounter9,drift,seed6,207,3.0
hpmcounter9,drift,seed6,208,3.0
hpmcounter9,drift,seed6,209,3.0
hpmcounter9,drift,seed6,210,3.0
hpmcounter9,drift,seed6,211,3.0
hpmcounter9,drift,seed6,212,3.0
hpmcounter9,drift,seed6,213,3.0
hpmcounter9,drift,seed6,214,3.0
hpmcounter9,drift,seed6,215,3.0
hpmcounter9,drift,seed6,216,3.0
hpmcounter9,drift,seed6,217,3.0
hpmcounter9,drift,seed6,218,3.0
hpmcounter9,drift,seed6,219,3.0
hpmcounter9,drift,seed6,220,3.0
hpmcounter9,drift,seed6,221,3.0
hpmcounter9,drift,seed6,222,3.0
hpmcounter9,drift,seed6,223,3.0
hpmcounter9,drift,seed6,224,3.0
hpmcounter9,drift,seed6,225,3.0
hpmcounter9,drift,seed6,226,3.0
hpmcounter9,drift,seed6,227,3.0545454545454547
hpmcounter9,drift,seed6,228,3.096969696969697
hpmcounter9,drift,seed6,229,3.1272727272727274
hpmcounter9,drift,seed6,230,3.1454545454545455
hpmcounter9,drift,seed6,231,3.1515151515151514
hpmcounter9,drift,seed6,232,3.1454545454545455
hpmcounter9,drift,seed6,233,3.1272727272727274
hpmcounter9,drift,seed6,234,3.096969696969697
hpmcounter9,drift,seed6,235,3.0545454545454547
hpmcounter9,drift,seed6,236,3.0
hpmcounter9,drift,seed6,237,3.0
hpmcounter9,drift,seed6,238,3.0
hpmcounter9,drift,seed6,239,3.0
hpmcounter9,drift,seed6,240,3.0
hpmcounter9,drift,seed6,241,3.0
hpmcounter9,drift,seed6,242,3.0
hpmcounter9,drift,seed6,243,3.0
hpmcounter9,drift,seed6,244,3.0
hpmcounter9,drift,seed6,245,3.0
hpmcounter9,drift,seed6,246,3.0
hpmcounter9,drift,seed6,247,3.0
hpmcounter9,drift,seed6,248,3.0
hpmcounter9,drift,seed6,249,3.0
hpmcounter9,drift,seed6,250,3.0
hpmcounter9,drift,seed6,251,3.0
hpmcounter9,drift,seed6,252,3.0
hpmcounter9,drift,seed6,253,3.0
hpmcounter9,drift,seed6,254,3.0
hpmcounter9,drift,seed6,255,3.0
hpmcounter9,drift,seed6,256,3.0
hpmcounter9,drift,seed6,257,3.0
hpmcounter9,drift,seed6,258,3.0
hpmcounter9,drift,seed6,259,3.0
hpmcounter9,drift,seed6,260,3.0
hpmcounter9,drift,seed6,261,3.0
hpmcounter9,drift,seed6,262,3.0
hpmcounter9,drift,seed6,263,3.0
hpmcounter9,drift,seed6,264,3.0
hpmcounter9,drift,seed6,265,3.0
hpmcounter9,drift,seed6,266,3.0
hpmcounter9,drift,seed6,267,3.0
hpmcounter9,drift,seed6,268,3.0
hpmcounter9,drift,seed6,269,3.0
hpmcounter9,drift,seed6,270,3.0
hpmcounter9,drift,seed6,271,3.0
hpmcounter9,drift,seed6,272,3.0
hpmcounter9,drift,seed6,273,3.0
hpmcounter9,drift,seed6,274,3.0
hpmcounter9,drift,seed6,275,3.0
hpmcounter9,drift,seed6,276,3.0
hpmcounter9,drift,seed6,277,3.0
hpmcounter9,drift,seed6,278,3.0
hpmcounter9,drift,seed6,279,3.0
hpmcounter9,drift,seed6,280,3.0
hpmcounter9,drift,seed6,281,3.0
hpmcounter9,drift,seed6,282,3.0
hpmcounter9,drift,seed6,283,3.0
hpmcounter9,drift,seed6,284,3.0
hpmcounter9,drift,seed6,285,3.0
hpmcounter9,drift,seed6,286,3.0
hpmcounter9,drift,seed6,287,3.0
hpmcounter9,drift,seed6,288,3.0
hpmcounter9,drift,seed6,289,3.0
hpmcounter9,drift,seed6,290,3.0
hpmcounter9,drift,seed6,291,3.0
hpmcounter9,drift,seed6,292,3.0
hpmcounter9,drift,seed6,293,3.0
hpmcounter9,drift,seed6,294,3.0
hpmcounter9,drift,seed6,295,3.0
hpmcounter9,drift,seed6,296,3.0
hpmcounter9,drift,seed6,297,3.0
hpmcounter9,drift,seed6,298,3.0
hpmcounter9,drift,seed7,9,3.2181818181818183
hpmcounter9,drift,seed7,10,3.0
hpmcounter9,drift,seed7,11,3.0
hpmcounter9,drift,seed7,12,3.0
hpmcounter9,drift,seed7,13,3.0
hpmcounter9,drift,seed7,14,3.0
hpmcounter9,drift,seed7,15,3.0
hpmcounter9,drift,seed7,16,3.0
hpmcounter9,drift,seed7,17,3.0
hpmcounter9,drift,seed7,18,3.0
hpmcounter9,drift,seed7,19,3.0
hpmcounter9,drift,seed7,20,3.0
hpmcounter9,drift,seed7,21,3.0
hpmcounter9,drift,seed7,22,3.0
hpmcounter9,drift,seed7,23,3.0
hpmcounter9,drift,seed7,24,3.0
hpmcounter9,drift,seed7,25,3.0
hpmcounter9,drift,seed7,26,3.0
hpmcounter9,drift,seed7,27,3.0
hpmcounter9,drift,seed7,28,3.0545454545454547
hpmcounter9,drift,seed7,29,3.1515151515151514
hpmcounter9,drift,seed7,30,3.224242424242424
hpmcounter9,drift,seed7,31,3.272727272727273
hpmcounter9,drift,seed7,32,3.296969696969697
hpmcounter9,drift,seed7,33,3.296969696969697
hpmcounter9,drift,seed7,34,3.272727272727273
hpmcounter9,drift,seed7,35,3.224242424242424
hpmcounter9,drift,seed7,36,3.1515151515151514
hpmcounter9,drift,seed7,37,3.0545454545454547
hpmcounter9,drift,seed7,38,3.0
hpmcounter9,drift,seed7,39,3.0
hpmcounter9,drift,seed7,40,3.0
hpmcounter9,drift,seed7,41,3.0
hpmcounter9,drift,seed7,42,3.0
hpmcounter9,drift,seed7,43,3.0
hpmcounter9,drift,seed7,44,3.0
hpmcounter9,drift,seed7,45,3.0
hpmcounter9,drift,seed7,46,3.0
hpmcounter9,drift,seed7,47,3.0
hpmcounter9,drift,seed7,48,3.0
hpmcounter9,drift,seed7,49,3.0
hpmcounter9,drift,seed7,50,3.0
hpmcounter9,drift,seed7,51,3.0
hpmcounter9,drift,seed7,52,3.0
hpmcounter9,drift,seed7,53,3.0
hpmcounter9,drift,seed7,54,3.0
hpmcounter9,drift,seed7,55,3.0
hpmcounter9,drift,seed7,56,3.0
hpmcounter9,drift,seed7,57,3.0
hpmcounter9,drift,seed7,58,3.0
hpmcounter9,drift,seed7,59,3.0
hpmcounter9,drift,seed7,60,3.0
hpmcounter9,drift,seed7,61,3.0
hpmcounter9,drift,seed7,62,3.0
hpmcounter9,drift,seed7,63,3.0
hpmcounter9,drift,seed7,64,3.0
hpmcounter9,drift,seed7,65,3.0
hpmcounter9,drift,seed7,66,3.0
hpmcounter9,drift,seed7,67,3.0
hpmcounter9,drift,seed7,68,3.0
hpmcounter9,drift,seed7,69,3.0
hpmcounter9,drift,seed7,70,3.0
hpmcounter9,drift,seed7,71,3.0
hpmcounter9,drift,seed7,72,3.0
hpmcounter9,drift,seed7,73,3.0
hpmcounter9,drift,seed7,74,3.0
hpmcounter9,drift,seed7,75,3.0
hpmcounter9,drift,seed7,76,3.0
hpmcounter9,drift,seed7,77,3.0
hpmcounter9,drift,seed7,78,3.0
hpmcounter9,drift,seed7,79,3.0
hpmcounter9,drift,seed7,80,3.0
hpmcounter9,drift,seed7,81,3.0
hpmcounter9,drift,seed7,82,3.0
hpmcounter9,drift,seed7,83,3.0
hpmcounter9,drift,seed7,84,3.0
hpmcounter9,drift,seed7,85,3.0
hpmcounter9,drift,seed7,86,3.0
hpmcounter9,drift,seed7,87,3.0
hpmcounter9,drift,seed7,88,3.0
hpmcounter9,drift,seed7,89,3.0
hpmcounter9,drift,seed7,90,3.0
hpmcounter9,drift,seed7,91,3.0
hpmcounter9,drift,seed7,92,3.0
hpmcounter9,drift,seed7,93,3.0
hpmcounter9,drift,seed7,94,3.0
hpmcounter9,drift,seed7,95,3.0
hpmcounter9,drift,seed7,96,3.0
hpmcounter9,drift,seed7,97,3.0
hpmcounter9,drift,seed7,98,3.0
hpmcounter9,drift,seed7,99,3.0
hpmcounter9,drift,seed7,100,3.0
hpmcounter9,drift,seed7,101,3.0545454545454547
hpmcounter9,drift,seed7,102,3.096969696969697
hpmcounter9,drift,seed7,103,3.1272727272727274
hpmcounter9,drift,seed7,104,3.1454545454545455
hpmcounter9,drift,seed7,105,3.1515151515151514
hpmcounter9,drift,seed7,106,3.1454545454545455
hpmcounter9,drift,seed7,107,3.1272727272727274
hpmcounter9,drift,seed7,108,3.096969696969697
hpmcounter9,drift,seed7,109,3.0545454545454547
hpmcounter9,drift,seed7,110,3.0
hpmcounter9,drift,seed7,111,3.0545454545454547
hpmcounter9,drift,seed7,112,3.096969696969697
hpmcounter9,drift,seed7,113,3.1272727272727274
hpmcounter9,drift,seed7,114,3.1454545454545455
hpmcounter9,drift,seed7,115,3.1515151515151514
hpmcounter9,drift,seed7,116,3.1454545454545455
hpmcounter9,drift,seed7,117,3.1272727272727274
hpmcounter9,drift,seed7,118,3.096969696969697
hpmcounter9,drift,seed7,119,3.0545454545454547
hpmcounter9,drift,seed7,120,3.0
hpmcounter9,drift,seed7,121,3.0
hpmcounter9,drift,seed7,122,3.0
hpmcounter9,drift,seed7,123,3.0
hpmcounter9,drift,seed7,124,3.0
hpmcounter9,drift,seed7,125,3.0
hpmcounter9,drift,seed7,126,3.0
hpmcounter9,drift,seed7,127,3.0
hpmcounter9,drift,seed7,128,3.0
hpmcounter9,drift,seed7,129,3.0
hpmcounter9,drift,seed7,130,3.0
hpmcounter9,drift,seed7,131,3.0
hpmcounter9,drift,seed7,132,3.0
hpmcounter9,drift,seed7,133,3.0
hpmcounter9,drift,seed7,134,3.0
hpmcounter9,drift,seed7,135,3.0
hpmcounter9,drift,seed7,136,3.0
hpmcounter9,drift,seed7,137,3.0
hpmcounter9,drift,seed7,138,3.0
hpmcounter9,drift,seed7,139,3.0
hpmcounter9,drift,seed7,140,3.0
hpmcounter9,drift,seed7,141,3.0
hpmcounter9,drift,seed7,142,3.0
hpmcounter9,drift,seed7,143,3.0
hpmcounter9,drift,seed7,144,3.0
hpmcounter9,drift,seed7,145,3.0
hpmcounter9,drift,seed7,146,3.0
hpmcounter9,drift,seed7,147,3.0
hpmcounter9,drift,seed7,148,3.0
hpmcounter9,drift,seed7,149,3.0
hpmcounter9,drift,seed7,150,3.0
hpmcounter9,drift,seed7,151,3.0
hpmcounter9,drift,seed7,152,3.0
hpmcounter9,drift,seed7,153,3.0
hpmcounter9,drift,seed7,154,3.0
hpmcounter9,drift,seed7,155,3.0
hpmcounter9,drift,seed7,156,3.0
hpmcounter9,drift,seed7,157,3.0
hpmcounter9,drift,seed7,158,3.0
hpmcounter9,drift,seed7,159,3.0
hpmcounter9,drift,seed7,160,3.0
hpmcounter9,drift,seed7,161,3.0
hpmcounter9,drift,seed7,162,3.0
hpmcounter9,drift,seed7,163,3.0
hpmcounter9,drift,seed7,164,3.0
hpmcounter9,drift,seed7,165,3.0
hpmcounter9,drift,seed7,166,3.0
hpmcounter9,drift,seed7,167,3.0
hpmcounter9,drift,seed7,168,3.0
hpmcounter9,drift,seed7,169,3.0
hpmcounter9,drift,seed7,170,3.0
hpmcounter9,drift,seed7,171,3.0
hpmcounter9,drift,seed7,172,3.0
hpmcounter9,drift,seed7,173,3.0
hpmcounter9,drift,seed7,174,3.0
hpmcounter9,drift,seed7,175,3.0
hpmcounter9,drift,seed7,176,3.0
hpmcounter9,drift,seed7,177,3.0
hpmcounter9,drift,seed7,178,3.0
hpmcounter9,drift,seed7,179,3.0
hpmcounter9,drift,seed7,180,3.0
hpmcounter9,drift,seed7,181,3.0
hpmcounter9,drift,seed7,182,3.0
hpmcounter9,drift,seed7,183,3.0545454545454547
hpmcounter9,drift,seed7,184,3.096969696969697
hpmcounter9,drift,seed7,185,3.1272727272727274
hpmcounter9,drift,seed7,186,3.1454545454545455
hpmcounter9,drift,seed7,187,3.1515151515151514
hpmcounter9,drift,seed7,188,3.1454545454545455
hpmcounter9,drift,seed7,189,3.1272727272727274
hpmcounter9,drift,seed7,190,3.096969696969697
hpmcounter9,drift,seed7,191,3.0545454545454547
hpmcounter9,drift,seed7,192,3.0
hpmcounter9,drift,seed7,193,3.0
hpmcounter9,drift,seed7,194,3.0
hpmcounter9,drift,seed7,195,3.0
hpmcounter9,drift,seed7,196,3.0
hpmcounter9,drift,seed7,197,3.0
hpmcounter9,drift,seed7,198,3.0
hpmcounter9,drift,seed7,199,3.0
hpmcounter9,drift,seed7,200,3.0
hpmcounter9,drift,seed7,201,3.0
hpmcounter9,drift,seed7,202,3.0
hpmcounter9,drift,seed7,203,3.0
hpmcounter9,drift,seed7,204,3.0
hpmcounter9,drift,seed7,205,3.0
hpmcounter9,drift,seed7,206,3.0
hpmcounter9,drift,seed7,207,3.0
hpmcounter9,drift,seed7,208,3.0
hpmcounter9,drift,seed7,209,3.0
hpmcounter9,drift,seed7,210,3.0
hpmcounter9,drift,seed7,211,3.0
hpmcounter9,drift,seed7,212,3.0
hpmcounter9,drift,seed7,213,3.0
hpmcounter9,drift,seed7,214,3.0
hpmcounter9,drift,seed7,215,3.0
hpmcounter9,drift,seed7,216,3.0
hpmcounter9,drift,seed7,217,3.0
hpmcounter9,drift,seed7,218,3.0
hpmcounter9,drift,seed7,219,3.0
hpmcounter9,drift,seed7,220,3.0
hpmcounter9,drift,seed7,221,3.0
hpmcounter9,drift,seed7,222,3.0
hpmcounter9,drift,seed7,223,3.0
hpmcounter9,drift,seed7,224,3.0
hpmcounter9,drift,seed7,225,3.0
hpmcounter9,drift,seed7,226,3.0
hpmcounter9,drift,seed7,227,3.0
hpmcounter9,drift,seed7,228,3.0
hpmcounter9,drift,seed7,229,3.0
hpmcounter9,drift,seed7,230,3.0
hpmcounter9,drift,seed7,231,3.0
hpmcounter9,drift,seed7,232,3.0
hpmcounter9,drift,seed7,233,3.0
hpmcounter9,drift,seed7,234,3.0
hpmcounter9,drift,seed7,235,3.0
hpmcounter9,drift,seed7,236,3.0
hpmcounter9,drift,seed7,237,3.109090909090909
hpmcounter9,drift,seed7,238,3.193939393939394
hpmcounter9,drift,seed7,239,3.2545454545454544
hpmcounter9,drift,seed7,240,3.290909090909091
hpmcounter9,drift,seed7,241,3.303030303030303
hpmcounter9,drift,seed7,242,3.290909090909091
hpmcounter9,drift,seed7,243,3.2545454545454544
hpmcounter9,drift,seed7,244,3.193939393939394
hpmcounter9,drift,seed7,245,3.109090909090909
hpmcounter9,drift,seed7,246,3.0
hpmcounter9,drift,seed7,247,3.0
hpmcounter9,drift,seed7,248,3.0
hpmcounter9,drift,seed7,249,3.0
hpmcounter9,drift,seed7,250,3.0
hpmcounter9,drift,seed7,251,3.0
hpmcounter9,drift,seed7,252,3.0
hpmcounter9,drift,seed7,253,3.0
hpmcounter9,drift,seed7,254,3.0
hpmcounter9,drift,seed7,255,3.0
hpmcounter9,drift,seed7,256,3.0
hpmcounter9,drift,seed7,257,3.0
hpmcounter9,drift,seed7,258,3.0
hpmcounter9,drift,seed7,259,3.0
hpmcounter9,drift,seed7,260,3.0
hpmcounter9,drift,seed7,261,3.0
hpmcounter9,drift,seed7,262,3.0
hpmcounter9,drift,seed7,263,3.0
hpmcounter9,drift,seed7,264,3.0
hpmcounter9,drift,seed7,265,3.0
hpmcounter9,drift,seed7,266,3.0
hpmcounter9,drift,seed7,267,3.0
hpmcounter9,drift,seed7,268,3.0
hpmcounter9,drift,seed7,269,3.0
hpmcounter9,drift,seed7,270,3.0
hpmcounter9,drift,seed7,271,3.0
hpmcounter9,drift,seed7,272,3.0
hpmcounter9,drift,seed7,273,3.0
hpmcounter9,drift,seed7,274,3.0
hpmcounter9,drift,seed7,275,3.0
hpmcounter9,drift,seed7,276,3.0
hpmcounter9,drift,seed7,277,3.0
hpmcounter9,drift,seed7,278,3.0
hpmcounter9,drift,seed7,279,3.0
hpmcounter9,drift,seed7,280,3.0
hpmcounter9,drift,seed7,281,3.0
hpmcounter9,drift,seed7,282,3.0
hpmcounter9,drift,seed7,283,3.0
hpmcounter9,drift,seed7,284,3.0
hpmcounter9,drift,seed7,285,3.0
hpmcounter9,drift,seed7,286,3.0
hpmcounter9,drift,seed7,287,3.0
hpmcounter9,drift,seed7,288,3.0
hpmcounter9,drift,seed7,289,3.0
hpmcounter9,drift,seed7,290,3.0
hpmcounter9,drift,seed7,291,3.0
hpmcounter9,drift,seed7,292,3.0
hpmcounter9,drift,seed7,293,3.0
hpmcounter9,drift,seed7,294,3.0
hpmcounter9,drift,seed7,295,3.0
hpmcounter9,drift,seed7,296,3.0
hpmcounter9,drift,seed7,297,3.0
hpmcounter9,drift,seed7,298,3.0
hpmcounter9,drift,seed8,9,3.2181818181818183
hpmcounter9,drift,seed8,10,3.0
hpmcounter9,drift,seed8,11,3.0
hpmcounter9,drift,seed8,12,3.0
hpmcounter9,drift,seed8,13,3.0
hpmcounter9,drift,seed8,14,3.0
hpmcounter9,drift,seed8,15,3.0
hpmcounter9,drift,seed8,16,3.0
hpmcounter9,drift,seed8,17,3.0
hpmcounter9,drift,seed8,18,3.0
hpmcounter9,drift,seed8,19,3.0
hpmcounter9,drift,seed8,20,3.0
hpmcounter9,drift,seed8,21,3.0
hpmcounter9,drift,seed8,22,3.0
hpmcounter9,drift,seed8,23,3.0
hpmcounter9,drift,seed8,24,3.0
hpmcounter9,drift,seed8,25,3.0
hpmcounter9,drift,seed8,26,3.0
hpmcounter9,drift,seed8,27,3.0
hpmcounter9,drift,seed8,28,3.0
hpmcounter9,drift,seed8,29,3.0
hpmcounter9,drift,seed8,30,3.0
hpmcounter9,drift,seed8,31,3.0
hpmcounter9,drift,seed8,32,3.0
hpmcounter9,drift,seed8,33,3.0
hpmcounter9,drift,seed8,34,3.0
hpmcounter9,drift,seed8,35,3.0
hpmcounter9,drift,seed8,36,3.0
hpmcounter9,drift,seed8,37,3.0
hpmcounter9,drift,seed8,38,3.0
hpmcounter9,drift,seed8,39,3.0
hpmcounter9,drift,seed8,40,3.0
hpmcounter9,drift,seed8,41,3.0
hpmcounter9,drift,seed8,42,3.0
hpmcounter9,drift,seed8,43,3.0
hpmcounter9,drift,seed8,44,3.0
hpmcounter9,drift,seed8,45,3.0
hpmcounter9,drift,seed8,46,3.0
hpmcounter9,drift,seed8,47,3.0
hpmcounter9,drift,seed8,48,3.0
hpmcounter9,drift,seed8,49,3.0
hpmcounter9,drift,seed8,50,3.0
hpmcounter9,drift,seed8,51,3.0
hpmcounter9,drift,seed8,52,3.0
hpmcounter9,drift,seed8,53,3.0
hpmcounter9,drift,seed8,54,3.0
hpmcounter9,drift,seed8,55,3.0
hpmcounter9,drift,seed8,56,3.0
hpmcounter9,drift,seed8,57,3.0
hpmcounter9,drift,seed8,58,3.0
hpmcounter9,drift,seed8,59,3.0
hpmcounter9,drift,seed8,60,3.0
hpmcounter9,drift,seed8,61,3.0
hpmcounter9,drift,seed8,62,3.0
hpmcounter9,drift,seed8,63,3.0
hpmcounter9,drift,seed8,64,3.0
hpmcounter9,drift,seed8,65,3.0
hpmcounter9,drift,seed8,66,3.0
hpmcounter9,drift,seed8,67,3.0
hpmcounter9,drift,seed8,68,3.0
hpmcounter9,drift,seed8,69,3.0
hpmcounter9,drift,seed8,70,3.0
hpmcounter9,drift,seed8,71,3.0
hpmcounter9,drift,seed8,72,3.0
hpmcounter9,drift,seed8,73,3.0
hpmcounter9,drift,seed8,74,3.0
hpmcounter9,drift,seed8,75,3.0
hpmcounter9,drift,seed8,76,3.0
hpmcounter9,drift,seed8,77,3.0
hpmcounter9,drift,seed8,78,3.0
hpmcounter9,drift,seed8,79,3.0
hpmcounter9,drift,seed8,80,3.0
hpmcounter9,drift,seed8,81,3.0
hpmcounter9,drift,seed8,82,3.0
hpmcounter9,drift,seed8,83,3.0
hpmcounter9,drift,seed8,84,3.0
hpmcounter9,drift,seed8,85,3.0
hpmcounter9,drift,seed8,86,3.0
hpmcounter9,drift,seed8,87,3.0
hpmcounter9,drift,seed8,88,3.0
hpmcounter9,drift,seed8,89,3.0
hpmcounter9,drift,seed8,90,3.0
hpmcounter9,drift,seed8,91,3.0
hpmcounter9,drift,seed8,92,3.0
hpmcounter9,drift,seed8,93,3.0
hpmcounter9,drift,seed8,94,3.0
hpmcounter9,drift,seed8,95,3.0
hpmcounter9,drift,seed8,96,3.0
hpmcounter9,drift,seed8,97,3.0
hpmcounter9,drift,seed8,98,3.0
hpmcounter9,drift,seed8,99,3.0
hpmcounter9,drift,seed8,100,3.0
hpmcounter9,drift,seed8,101,3.0
hpmcounter9,drift,seed8,102,3.0
hpmcounter9,drift,seed8,103,3.0
hpmcounter9,drift,seed8,104,3.0
hpmcounter9,drift,seed8,105,3.0
hpmcounter9,drift,seed8,106,3.0
hpmcounter9,drift,seed8,107,3.0
hpmcounter9,drift,seed8,108,3.0
hpmcounter9,drift,seed8,109,3.0
hpmcounter9,drift,seed8,110,3.0
hpmcounter9,drift,seed8,111,3.0
hpmcounter9,drift,seed8,112,3.0
hpmcounter9,drift,seed8,113,3.0
hpmcounter9,drift,seed8,114,3.0
hpmcounter9,drift,seed8,115,3.0
hpmcounter9,drift,seed8,116,3.0
hpmcounter9,drift,seed8,117,3.0
hpmcounter9,drift,seed8,118,3.0
hpmcounter9,drift,seed8,119,3.0
hpmcounter9,drift,seed8,120,3.0
hpmcounter9,drift,seed8,121,3.0
hpmcounter9,drift,seed8,122,3.0
hpmcounter9,drift,seed8,123,3.0
hpmcounter9,drift,seed8,124,3.0
hpmcounter9,drift,seed8,125,3.0
hpmcounter9,drift,seed8,126,3.0
hpmcounter9,drift,seed8,127,3.0
hpmcounter9,drift,seed8,128,3.0
hpmcounter9,drift,seed8,129,3.0
hpmcounter9,drift,seed8,130,3.0
hpmcounter9,drift,seed8,131,3.0
hpmcounter9,drift,seed8,132,3.0
hpmcounter9,drift,seed8,133,3.0
hpmcounter9,drift,seed8,134,3.0
hpmcounter9,drift,seed8,135,3.0
hpmcounter9,drift,seed8,136,3.0
hpmcounter9,drift,seed8,137,3.0
hpmcounter9,drift,seed8,138,3.0
hpmcounter9,drift,seed8,139,3.0
hpmcounter9,drift,seed8,140,3.0
hpmcounter9,drift,seed8,141,3.0
hpmcounter9,drift,seed8,142,3.0
hpmcounter9,drift,seed8,143,3.0
hpmcounter9,drift,seed8,144,3.0
hpmcounter9,drift,seed8,145,3.0
hpmcounter9,drift,seed8,146,3.0
hpmcounter9,drift,seed8,147,3.0
hpmcounter9,drift,seed8,148,3.0
hpmcounter9,drift,seed8,149,3.0
hpmcounter9,drift,seed8,150,3.0
hpmcounter9,drift,seed8,151,3.0
hpmcounter9,drift,seed8,152,3.0
hpmcounter9,drift,seed8,153,3.0
hpmcounter9,drift,seed8,154,3.0
hpmcounter9,drift,seed8,155,3.0
hpmcounter9,drift,seed8,156,3.0
hpmcounter9,drift,seed8,157,3.0
hpmcounter9,drift,seed8,158,3.0
hpmcounter9,drift,seed8,159,3.0
hpmcounter9,drift,seed8,160,3.0
hpmcounter9,drift,seed8,161,3.0
hpmcounter9,drift,seed8,162,3.0
hpmcounter9,drift,seed8,163,3.0
hpmcounter9,drift,seed8,164,3.0
hpmcounter9,drift,seed8,165,3.0
hpmcounter9,drift,seed8,166,3.0
hpmcounter9,drift,seed8,167,3.0
hpmcounter9,drift,seed8,168,3.0
hpmcounter9,drift,seed8,169,3.0
hpmcounter9,drift,seed8,170,3.0
hpmcounter9,drift,seed8,171,3.0
hpmcounter9,drift,seed8,172,3.0
hpmcounter9,drift,seed8,173,3.0
hpmcounter9,drift,seed8,174,3.0
hpmcounter9,drift,seed8,175,3.0
hpmcounter9,drift,seed8,176,3.0
hpmcounter9,drift,seed8,177,3.0
hpmcounter9,drift,seed8,178,3.0
hpmcounter9,drift,seed8,179,3.0
hpmcounter9,drift,seed8,180,3.0
hpmcounter9,drift,seed8,181,3.0
hpmcounter9,drift,seed8,182,3.0
hpmcounter9,drift,seed8,183,3.0
hpmcounter9,drift,seed8,184,3.0
hpmcounter9,drift,seed8,185,3.0
hpmcounter9,drift,seed8,186,3.0
hpmcounter9,drift,seed8,187,3.0
hpmcounter9,drift,seed8,188,3.0
hpmcounter9,drift,seed8,189,3.0
hpmcounter9,drift,seed8,190,3.0
hpmcounter9,drift,seed8,191,3.0
hpmcounter9,drift,seed8,192,3.0
hpmcounter9,drift,seed8,193,3.0
hpmcounter9,drift,seed8,194,3.0
hpmcounter9,drift,seed8,195,3.0
hpmcounter9,drift,seed8,196,3.0
hpmcounter9,drift,seed8,197,3.0
hpmcounter9,drift,seed8,198,3.0
hpmcounter9,drift,seed8,199,3.0
hpmcounter9,drift,seed8,200,3.0
hpmcounter9,drift,seed8,201,3.0
hpmcounter9,drift,seed8,202,3.0
hpmcounter9,drift,seed8,203,3.0
hpmcounter9,drift,seed8,204,3.0
hpmcounter9,drift,seed8,205,3.0
hpmcounter9,drift,seed8,206,3.0
hpmcounter9,drift,seed8,207,3.0
hpmcounter9,drift,seed8,208,3.0
hpmcounter9,drift,seed8,209,3.0
hpmcounter9,drift,seed8,210,3.0
hpmcounter9,drift,seed8,211,3.0
hpmcounter9,drift,seed8,212,3.0
hpmcounter9,drift,seed8,213,3.0
hpmcounter9,drift,seed8,214,3.0
hpmcounter9,drift,seed8,215,3.0
hpmcounter9,drift,seed8,216,3.0
hpmcounter9,drift,seed8,217,3.0
hpmcounter9,drift,seed8,218,3.0
hpmcounter9,drift,seed8,219,3.0
hpmcounter9,drift,seed8,220,3.0
hpmcounter9,drift,seed8,221,3.0
hpmcounter9,drift,seed8,222,3.0
hpmcounter9,drift,seed8,223,3.0
hpmcounter9,drift,seed8,224,3.0
hpmcounter9,drift,seed8,225,3.0
hpmcounter9,drift,seed8,226,3.0
hpmcounter9,drift,seed8,227,3.0
hpmcounter9,drift,seed8,228,3.0
hpmcounter9,drift,seed8,229,3.0
hpmcounter9,drift,seed8,230,3.0
hpmcounter9,drift,seed8,231,3.0
hpmcounter9,drift,seed8,232,3.0
hpmcounter9,drift,seed8,233,3.0
hpmcounter9,drift,seed8,234,3.0
hpmcounter9,drift,seed8,235,3.0
hpmcounter9,drift,seed8,236,3.0
hpmcounter9,drift,seed8,237,3.0
hpmcounter9,drift,seed8,238,3.0
hpmcounter9,drift,seed8,239,3.0
hpmcounter9,drift,seed8,240,3.0
hpmcounter9,drift,seed8,241,3.0
hpmcounter9,drift,seed8,242,3.0
hpmcounter9,drift,seed8,243,3.0
hpmcounter9,drift,seed8,244,3.0
hpmcounter9,drift,seed8,245,3.0
hpmcounter9,drift,seed8,246,3.0
hpmcounter9,drift,seed8,247,3.0
hpmcounter9,drift,seed8,248,3.0
hpmcounter9,drift,seed8,249,3.0
hpmcounter9,drift,seed8,250,3.0
hpmcounter9,drift,seed8,251,3.0
hpmcounter9,drift,seed8,252,3.0
hpmcounter9,drift,seed8,253,3.0
hpmcounter9,drift,seed8,254,3.0
hpmcounter9,drift,seed8,255,3.0
hpmcounter9,drift,seed8,256,3.0
hpmcounter9,drift,seed8,257,3.0
hpmcounter9,drift,seed8,258,3.0
hpmcounter9,drift,seed8,259,3.0
hpmcounter9,drift,seed8,260,3.0
hpmcounter9,drift,seed8,261,3.0
hpmcounter9,drift,seed8,262,3.0
hpmcounter9,drift,seed8,263,3.0
hpmcounter9,drift,seed8,264,3.0
hpmcounter9,drift,seed8,265,3.0
hpmcounter9,drift,seed8,266,3.0
hpmcounter9,drift,seed8,267,3.0
hpmcounter9,drift,seed8,268,3.0
hpmcounter9,drift,seed8,269,3.0
hpmcounter9,drift,seed8,270,3.0
hpmcounter9,drift,seed8,271,3.0
hpmcounter9,drift,seed8,272,3.0
hpmcounter9,drift,seed8,273,3.0
hpmcounter9,drift,seed8,274,3.0
hpmcounter9,drift,seed8,275,3.0
hpmcounter9,drift,seed8,276,3.0
hpmcounter9,drift,seed8,277,3.0
hpmcounter9,drift,seed8,278,3.0
hpmcounter9,drift,seed8,279,3.0
hpmcounter9,drift,seed8,280,3.0
hpmcounter9,drift,seed8,281,3.0
hpmcounter9,drift,seed8,282,3.0
hpmcounter9,drift,seed8,283,3.0
hpmcounter9,drift,seed8,284,3.0
hpmcounter9,drift,seed8,285,3.0
hpmcounter9,drift,seed8,286,3.0
hpmcounter9,drift,seed8,287,3.0
hpmcounter9,drift,seed8,288,3.0
hpmcounter9,drift,seed8,289,3.0
hpmcounter9,drift,seed8,290,3.0
hpmcounter9,drift,seed8,291,3.0
hpmcounter9,drift,seed8,292,3.0
hpmcounter9,drift,seed8,293,3.0
hpmcounter9,drift,seed8,294,3.109090909090909
hpmcounter9,drift,seed8,295,3.193939393939394
hpmcounter9,drift,seed8,296,3.2545454545454544
hpmcounter9,drift,seed8,297,3.290909090909091
hpmcounter9,drift,seed8,298,3.303030303030303
hpmcounter9,drift,seed9,9,3.2181818181818183
hpmcounter9,drift,seed9,10,3.0
hpmcounter9,drift,seed9,11,3.0
hpmcounter9,drift,seed9,12,3.0
hpmcounter9,drift,seed9,13,3.0
hpmcounter9,drift,seed9,14,3.0
hpmcounter9,drift,seed9,15,3.0
hpmcounter9,drift,seed9,16,3.0
hpmcounter9,drift,seed9,17,3.0
hpmcounter9,drift,seed9,18,3.0
hpmcounter9,drift,seed9,19,3.0
hpmcounter9,drift,seed9,20,3.0
hpmcounter9,drift,seed9,21,3.0
hpmcounter9,drift,seed9,22,3.0
hpmcounter9,drift,seed9,23,3.0
hpmcounter9,drift,seed9,24,3.0
hpmcounter9,drift,seed9,25,3.0
hpmcounter9,drift,seed9,26,3.0
hpmcounter9,drift,seed9,27,3.0
hpmcounter9,drift,seed9,28,3.0
hpmcounter9,drift,seed9,29,3.0
hpmcounter9,drift,seed9,30,3.0
hpmcounter9,drift,seed9,31,3.0
hpmcounter9,drift,seed9,32,3.0
hpmcounter9,drift,seed9,33,3.0
hpmcounter9,drift,seed9,34,3.0
hpmcounter9,drift,seed9,35,3.0
hpmcounter9,drift,seed9,36,3.0
hpmcounter9,drift,seed9,37,3.0
hpmcounter9,drift,seed9,38,3.0
hpmcounter9,drift,seed9,39,3.0
hpmcounter9,drift,seed9,40,3.0
hpmcounter9,drift,seed9,41,3.0
hpmcounter9,drift,seed9,42,3.0
hpmcounter9,drift,seed9,43,3.0
hpmcounter9,drift,seed9,44,3.0
hpmcounter9,drift,seed9,45,3.0
hpmcounter9,drift,seed9,46,3.0
hpmcounter9,drift,seed9,47,3.0
hpmcounter9,drift,seed9,48,3.0
hpmcounter9,drift,seed9,49,3.0
hpmcounter9,drift,seed9,50,3.0
hpmcounter9,drift,seed9,51,3.0
hpmcounter9,drift,seed9,52,3.0
hpmcounter9,drift,seed9,53,3.0
hpmcounter9,drift,seed9,54,3.0
hpmcounter9,drift,seed9,55,3.0
hpmcounter9,drift,seed9,56,3.0
hpmcounter9,drift,seed9,57,3.0
hpmcounter9,drift,seed9,58,3.0
hpmcounter9,drift,seed9,59,3.0
hpmcounter9,drift,seed9,60,3.0
hpmcounter9,drift,seed9,61,3.0
hpmcounter9,drift,seed9,62,3.0
hpmcounter9,drift,seed9,63,3.0
hpmcounter9,drift,seed9,64,3.0
hpmcounter9,drift,seed9,65,3.0
hpmcounter9,drift,seed9,66,3.0
hpmcounter9,drift,seed9,67,3.0
hpmcounter9,drift,seed9,68,3.0
hpmcounter9,drift,seed9,69,3.0
hpmcounter9,drift,seed9,70,3.0
hpmcounter9,drift,seed9,71,3.0
hpmcounter9,drift,seed9,72,3.0
hpmcounter9,drift,seed9,73,3.0
hpmcounter9,drift,seed9,74,3.0
hpmcounter9,drift,seed9,75,3.0
hpmcounter9,drift,seed9,76,3.0
hpmcounter9,drift,seed9,77,3.0
hpmcounter9,drift,seed9,78,3.0
hpmcounter9,drift,seed9,79,3.0
hpmcounter9,drift,seed9,80,3.0
hpmcounter9,drift,seed9,81,3.0
hpmcounter9,drift,seed9,82,3.0
hpmcounter9,drift,seed9,83,3.0
hpmcounter9,drift,seed9,84,3.0
hpmcounter9,drift,seed9,85,3.0
hpmcounter9,drift,seed9,86,3.0
hpmcounter9,drift,seed9,87,3.0
hpmcounter9,drift,seed9,88,3.0
hpmcounter9,drift,seed9,89,3.0
hpmcounter9,drift,seed9,90,3.0
hpmcounter9,drift,seed9,91,3.0
hpmcounter9,drift,seed9,92,3.0
hpmcounter9,drift,seed9,93,3.0
hpmcounter9,drift,seed9,94,3.0
hpmcounter9,drift,seed9,95,3.0
hpmcounter9,drift,seed9,96,3.0
hpmcounter9,drift,seed9,97,3.0
hpmcounter9,drift,seed9,98,3.0
hpmcounter9,drift,seed9,99,3.0
hpmcounter9,drift,seed9,100,3.0
hpmcounter9,drift,seed9,101,3.0
hpmcounter9,drift,seed9,102,3.0
hpmcounter9,drift,seed9,103,3.0
hpmcounter9,drift,seed9,104,3.0
hpmcounter9,drift,seed9,105,3.0
hpmcounter9,drift,seed9,106,3.0
hpmcounter9,drift,seed9,107,3.0
hpmcounter9,drift,seed9,108,3.0
hpmcounter9,drift,seed9,109,3.0
hpmcounter9,drift,seed9,110,3.0
hpmcounter9,drift,seed9,111,3.0
hpmcounter9,drift,seed9,112,3.0
hpmcounter9,drift,seed9,113,3.0
hpmcounter9,drift,seed9,114,3.0
hpmcounter9,drift,seed9,115,3.0
hpmcounter9,drift,seed9,116,3.0
hpmcounter9,drift,seed9,117,3.0
hpmcounter9,drift,seed9,118,3.0
hpmcounter9,drift,seed9,119,3.0
hpmcounter9,drift,seed9,120,3.0
hpmcounter9,drift,seed9,121,3.0
hpmcounter9,drift,seed9,122,3.0
hpmcounter9,drift,seed9,123,3.0
hpmcounter9,drift,seed9,124,3.0
hpmcounter9,drift,seed9,125,3.0
hpmcounter9,drift,seed9,126,3.0
hpmcounter9,drift,seed9,127,3.0
hpmcounter9,drift,seed9,128,3.0
hpmcounter9,drift,seed9,129,3.0
hpmcounter9,drift,seed9,130,3.0
hpmcounter9,drift,seed9,131,3.0
hpmcounter9,drift,seed9,132,3.109090909090909
hpmcounter9,drift,seed9,133,3.193939393939394
hpmcounter9,drift,seed9,134,3.2545454545454544
hpmcounter9,drift,seed9,135,3.290909090909091
hpmcounter9,drift,seed9,136,3.303030303030303
hpmcounter9,drift,seed9,137,3.290909090909091
hpmcounter9,drift,seed9,138,3.2545454545454544
hpmcounter9,drift,seed9,139,3.193939393939394
hpmcounter9,drift,seed9,140,3.109090909090909
hpmcounter9,drift,seed9,141,3.0
hpmcounter9,drift,seed9,142,3.0
hpmcounter9,drift,seed9,143,3.0
hpmcounter9,drift,seed9,144,3.0
hpmcounter9,drift,seed9,145,3.0
hpmcounter9,drift,seed9,146,3.0
hpmcounter9,drift,seed9,147,3.0
hpmcounter9,drift,seed9,148,3.0
hpmcounter9,drift,seed9,149,3.0
hpmcounter9,drift,seed9,150,3.0
hpmcounter9,drift,seed9,151,3.0
hpmcounter9,drift,seed9,152,3.0
hpmcounter9,drift,seed9,153,3.0
hpmcounter9,drift,seed9,154,3.0
hpmcounter9,drift,seed9,155,3.0
hpmcounter9,drift,seed9,156,3.0
hpmcounter9,drift,seed9,157,3.0
hpmcounter9,drift,seed9,158,3.0
hpmcounter9,drift,seed9,159,3.0
hpmcounter9,drift,seed9,160,3.0
hpmcounter9,drift,seed9,161,3.0
hpmcounter9,drift,seed9,162,3.0
hpmcounter9,drift,seed9,163,3.0
hpmcounter9,drift,seed9,164,3.0
hpmcounter9,drift,seed9,165,3.0
hpmcounter9,drift,seed9,166,3.0
hpmcounter9,drift,seed9,167,3.0
hpmcounter9,drift,seed9,168,3.0
hpmcounter9,drift,seed9,169,3.0
hpmcounter9,drift,seed9,170,3.0
hpmcounter9,drift,seed9,171,3.0
hpmcounter9,drift,seed9,172,3.0
hpmcounter9,drift,seed9,173,3.0
hpmcounter9,drift,seed9,174,3.0
hpmcounter9,drift,seed9,175,3.0
hpmcounter9,drift,seed9,176,3.0
hpmcounter9,drift,seed9,177,3.0
hpmcounter9,drift,seed9,178,3.0
hpmcounter9,drift,seed9,179,3.0
hpmcounter9,drift,seed9,180,3.0
hpmcounter9,drift,seed9,181,3.0
hpmcounter9,drift,seed9,182,3.0
hpmcounter9,drift,seed9,183,3.0
hpmcounter9,drift,seed9,184,3.0
hpmcounter9,drift,seed9,185,3.0
hpmcounter9,drift,seed9,186,3.0
hpmcounter9,drift,seed9,187,3.0
hpmcounter9,drift,seed9,188,3.0
hpmcounter9,drift,seed9,189,3.0
hpmcounter9,drift,seed9,190,3.0
hpmcounter9,drift,seed9,191,3.0
hpmcounter9,drift,seed9,192,3.0
hpmcounter9,drift,seed9,193,3.0
hpmcounter9,drift,seed9,194,3.0
hpmcounter9,drift,seed9,195,3.0
hpmcounter9,drift,seed9,196,3.0
hpmcounter9,drift,seed9,197,3.0
hpmcounter9,drift,seed9,198,3.0
hpmcounter9,drift,seed9,199,3.0
hpmcounter9,drift,seed9,200,3.0
hpmcounter9,drift,seed9,201,3.0
hpmcounter9,drift,seed9,202,3.0
hpmcounter9,drift,seed9,203,3.0
hpmcounter9,drift,seed9,204,3.0
hpmcounter9,drift,seed9,205,3.0
hpmcounter9,drift,seed9,206,3.0
hpmcounter9,drift,seed9,207,3.0
hpmcounter9,drift,seed9,208,3.0
hpmcounter9,drift,seed9,209,3.0
hpmcounter9,drift,seed9,210,3.0
hpmcounter9,drift,seed9,211,3.0
hpmcounter9,drift,seed9,212,3.0
hpmcounter9,drift,seed9,213,3.0
hpmcounter9,drift,seed9,214,3.0
hpmcounter9,drift,seed9,215,3.0
hpmcounter9,drift,seed9,216,3.0
hpmcounter9,drift,seed9,217,3.0
hpmcounter9,drift,seed9,218,3.0
hpmcounter9,drift,seed9,219,3.0
hpmcounter9,drift,seed9,220,3.0
hpmcounter9,drift,seed9,221,3.0
hpmcounter9,drift,seed9,222,3.0
hpmcounter9,drift,seed9,223,3.0
hpmcounter9,drift,seed9,224,3.0
hpmcounter9,drift,seed9,225,3.0
hpmcounter9,drift,seed9,226,3.0
hpmcounter9,drift,seed9,227,3.0
hpmcounter9,drift,seed9,228,3.0
hpmcounter9,drift,seed9,229,3.0
hpmcounter9,drift,seed9,230,3.0
hpmcounter9,drift,seed9,231,3.109090909090909
hpmcounter9,drift,seed9,232,3.193939393939394
hpmcounter9,drift,seed9,233,3.2545454545454544
hpmcounter9,drift,seed9,234,3.290909090909091
hpmcounter9,drift,seed9,235,3.303030303030303
hpmcounter9,drift,seed9,236,3.290909090909091
hpmcounter9,drift,seed9,237,3.2545454545454544
hpmcounter9,drift,seed9,238,3.193939393939394
hpmcounter9,drift,seed9,239,3.109090909090909
hpmcounter9,drift,seed9,240,3.0
hpmcounter9,drift,seed9,241,3.109090909090909
hpmcounter9,drift,seed9,242,3.193939393939394
hpmcounter9,drift,seed9,243,3.2545454545454544
hpmcounter9,drift,seed9,244,3.290909090909091
hpmcounter9,drift,seed9,245,3.303030303030303
hpmcounter9,drift,seed9,246,3.290909090909091
hpmcounter9,drift,seed9,247,3.2545454545454544
hpmcounter9,drift,seed9,248,3.193939393939394
hpmcounter9,drift,seed9,249,3.109090909090909
hpmcounter9,drift,seed9,250,3.0
hpmcounter9,drift,seed9,251,3.0
hpmcounter9,drift,seed9,252,3.0
hpmcounter9,drift,seed9,253,3.0
hpmcounter9,drift,seed9,254,3.0
hpmcounter9,drift,seed9,255,3.0
hpmcounter9,drift,seed9,256,3.0
hpmcounter9,drift,seed9,257,3.0
hpmcounter9,drift,seed9,258,3.0
hpmcounter9,drift,seed9,259,3.0
hpmcounter9,drift,seed9,260,3.0
hpmcounter9,drift,seed9,261,3.0
hpmcounter9,drift,seed9,262,3.0
hpmcounter9,drift,seed9,263,3.0
hpmcounter9,drift,seed9,264,3.0
hpmcounter9,drift,seed9,265,3.0
hpmcounter9,drift,seed9,266,3.0
hpmcounter9,drift,seed9,267,3.0
hpmcounter9,drift,seed9,268,3.0
hpmcounter9,drift,seed9,269,3.0
hpmcounter9,drift,seed9,270,3.0
hpmcounter9,drift,seed9,271,3.0
hpmcounter9,drift,seed9,272,3.0
hpmcounter9,drift,seed9,273,3.0
hpmcounter9,drift,seed9,274,3.0
hpmcounter9,drift,seed9,275,3.0
hpmcounter9,drift,seed9,276,3.0
hpmcounter9,drift,seed9,277,3.0
hpmcounter9,drift,seed9,278,3.0
hpmcounter9,drift,seed9,279,3.0
hpmcounter9,drift,seed9,280,3.0
hpmcounter9,drift,seed9,281,3.0
hpmcounter9,drift,seed9,282,3.0
hpmcounter9,drift,seed9,283,3.0
hpmcounter9,drift,seed9,284,3.0
hpmcounter9,drift,seed9,285,3.0
hpmcounter9,drift,seed9,286,3.0
hpmcounter9,drift,seed9,287,3.0
hpmcounter9,drift,seed9,288,3.0
hpmcounter9,drift,seed9,289,3.0
hpmcounter9,drift,seed9,290,3.0
hpmcounter9,drift,seed9,291,3.0
hpmcounter9,drift,seed9,292,3.0
hpmcounter9,drift,seed9,293,3.0
hpmcounter9,drift,seed9,294,3.0
hpmcounter9,drift,seed9,295,3.0
hpmcounter9,drift,seed9,296,3.0
hpmcounter9,drift,seed9,297,3.0
hpmcounter9,drift,seed9,298,3.0
hpmcounter9,jump,seed1,9,3.2181818181818183
hpmcounter9,jump,seed1,10,3.0
hpmcounter9,jump,seed1,11,3.0
hpmcounter9,jump,seed1,12,3.0
hpmcounter9,jump,seed1,13,3.0
hpmcounter9,jump,seed1,14,3.0
hpmcounter9,jump,seed1,15,3.0
hpmcounter9,jump,seed1,16,3.0
hpmcounter9,jump,seed1,17,3.0
hpmcounter9,jump,seed1,18,3.0
hpmcounter9,jump,seed1,19,3.0
hpmcounter9,jump,seed1,20,3.0
hpmcounter9,jump,seed1,21,3.0
hpmcounter9,jump,seed1,22,3.0
hpmcounter9,jump,seed1,23,3.0
hpmcounter9,jump,seed1,24,3.0
hpmcounter9,jump,seed1,25,3.0
hpmcounter9,jump,seed1,26,3.0
hpmcounter9,jump,seed1,27,3.0
hpmcounter9,jump,seed1,28,3.0
hpmcounter9,jump,seed1,29,3.0
hpmcounter9,jump,seed1,30,3.0
hpmcounter9,jump,seed1,31,3.0
hpmcounter9,jump,seed1,32,3.0
hpmcounter9,jump,seed1,33,3.0
hpmcounter9,jump,seed1,34,3.0
hpmcounter9,jump,seed1,35,3.0
hpmcounter9,jump,seed1,36,3.0
hpmcounter9,jump,seed1,37,3.0
hpmcounter9,jump,seed1,38,3.0
hpmcounter9,jump,seed1,39,3.0
hpmcounter9,jump,seed1,40,3.0
hpmcounter9,jump,seed1,41,3.0
hpmcounter9,jump,seed1,42,3.0
hpmcounter9,jump,seed1,43,3.0
hpmcounter9,jump,seed1,44,3.0
hpmcounter9,jump,seed1,45,3.0
hpmcounter9,jump,seed1,46,3.0
hpmcounter9,jump,seed1,47,3.0
hpmcounter9,jump,seed1,48,3.0
hpmcounter9,jump,seed1,49,3.0
hpmcounter9,jump,seed1,50,3.0
hpmcounter9,jump,seed1,51,3.0
hpmcounter9,jump,seed1,52,3.0
hpmcounter9,jump,seed1,53,3.0
hpmcounter9,jump,seed1,54,3.0
hpmcounter9,jump,seed1,55,3.0
hpmcounter9,jump,seed1,56,3.0
hpmcounter9,jump,seed1,57,3.0
hpmcounter9,jump,seed1,58,3.0
hpmcounter9,jump,seed1,59,3.0
hpmcounter9,jump,seed1,60,3.0
hpmcounter9,jump,seed1,61,3.0
hpmcounter9,jump,seed1,62,3.0
hpmcounter9,jump,seed1,63,3.0
hpmcounter9,jump,seed1,64,3.0
hpmcounter9,jump,seed1,65,3.0
hpmcounter9,jump,seed1,66,3.0
hpmcounter9,jump,seed1,67,3.0
hpmcounter9,jump,seed1,68,3.0
hpmcounter9,jump,seed1,69,3.0
hpmcounter9,jump,seed1,70,3.0
hpmcounter9,jump,seed1,71,3.0
hpmcounter9,jump,seed1,72,3.0
hpmcounter9,jump,seed1,73,3.0
hpmcounter9,jump,seed1,74,3.0
hpmcounter9,jump,seed1,75,3.0
hpmcounter9,jump,seed1,76,3.0
hpmcounter9,jump,seed1,77,3.0
hpmcounter9,jump,seed1,78,3.0
hpmcounter9,jump,seed1,79,3.0
hpmcounter9,jump,seed1,80,3.0
hpmcounter9,jump,seed1,81,3.0
hpmcounter9,jump,seed1,82,3.0
hpmcounter9,jump,seed1,83,3.0
hpmcounter9,jump,seed1,84,3.0
hpmcounter9,jump,seed1,85,3.0
hpmcounter9,jump,seed1,86,3.0
hpmcounter9,jump,seed1,87,3.0
hpmcounter9,jump,seed1,88,3.0
hpmcounter9,jump,seed1,89,3.0
hpmcounter9,jump,seed1,90,3.0
hpmcounter9,jump,seed1,91,3.0
hpmcounter9,jump,seed1,92,3.0
hpmcounter9,jump,seed1,93,3.0
hpmcounter9,jump,seed1,94,3.0
hpmcounter9,jump,seed1,95,3.0
hpmcounter9,jump,seed1,96,3.0
hpmcounter9,jump,seed1,97,3.0
hpmcounter9,jump,seed1,98,3.0
hpmcounter9,jump,seed1,99,3.0
hpmcounter9,jump,seed1,100,3.0
hpmcounter9,jump,seed1,101,3.0
hpmcounter9,jump,seed1,102,3.0
hpmcounter9,jump,seed1,103,3.0
hpmcounter9,jump,seed1,104,3.0
hpmcounter9,jump,seed1,105,3.0
hpmcounter9,jump,seed1,106,3.0
hpmcounter9,jump,seed1,107,3.0
hpmcounter9,jump,seed1,108,3.0
hpmcounter9,jump,seed1,109,3.0
hpmcounter9,jump,seed1,110,3.0
hpmcounter9,jump,seed1,111,3.0
hpmcounter9,jump,seed1,112,3.0
hpmcounter9,jump,seed1,113,3.0
hpmcounter9,jump,seed1,114,3.0
hpmcounter9,jump,seed1,115,3.0
hpmcounter9,jump,seed1,116,3.0
hpmcounter9,jump,seed1,117,3.0
hpmcounter9,jump,seed1,118,3.0
hpmcounter9,jump,seed1,119,3.0
hpmcounter9,jump,seed1,120,3.0
hpmcounter9,jump,seed1,121,3.0
hpmcounter9,jump,seed1,122,3.0
hpmcounter9,jump,seed1,123,3.0
hpmcounter9,jump,seed1,124,3.0
hpmcounter9,jump,seed1,125,3.0
hpmcounter9,jump,seed1,126,3.0
hpmcounter9,jump,seed1,127,3.0
hpmcounter9,jump,seed1,128,3.0
hpmcounter9,jump,seed1,129,3.0
hpmcounter9,jump,seed1,130,3.0
hpmcounter9,jump,seed1,131,3.0
hpmcounter9,jump,seed1,132,3.0
hpmcounter9,jump,seed1,133,3.0
hpmcounter9,jump,seed1,134,3.0
hpmcounter9,jump,seed1,135,3.0
hpmcounter9,jump,seed1,136,3.0
hpmcounter9,jump,seed1,137,3.0
hpmcounter9,jump,seed1,138,3.0
hpmcounter9,jump,seed1,139,3.0
hpmcounter9,jump,seed1,140,3.0
hpmcounter9,jump,seed1,141,3.0
hpmcounter9,jump,seed1,142,3.0
hpmcounter9,jump,seed1,143,3.0
hpmcounter9,jump,seed1,144,3.0
hpmcounter9,jump,seed1,145,3.0
hpmcounter9,jump,seed1,146,3.109090909090909
hpmcounter9,jump,seed1,147,3.193939393939394
hpmcounter9,jump,seed1,148,3.2545454545454544
hpmcounter9,jump,seed1,149,3.290909090909091
hpmcounter9,jump,seed1,150,3.303030303030303
hpmcounter9,jump,seed1,151,3.290909090909091
hpmcounter9,jump,seed1,152,3.2545454545454544
hpmcounter9,jump,seed1,153,3.193939393939394
hpmcounter9,jump,seed1,154,3.109090909090909
hpmcounter9,jump,seed1,155,3.0
hpmcounter9,jump,seed1,156,3.0
hpmcounter9,jump,seed1,157,3.0
hpmcounter9,jump,seed1,158,3.0
hpmcounter9,jump,seed1,159,3.0
hpmcounter9,jump,seed1,160,3.0
hpmcounter9,jump,seed1,161,3.0
hpmcounter9,jump,seed1,162,3.0
hpmcounter9,jump,seed1,163,3.0
hpmcounter9,jump,seed1,164,3.0
hpmcounter9,jump,seed1,165,3.0
hpmcounter9,jump,seed1,166,3.0
hpmcounter9,jump,seed1,167,3.0
hpmcounter9,jump,seed1,168,3.0
hpmcounter9,jump,seed1,169,3.0
hpmcounter9,jump,seed1,170,3.0
hpmcounter9,jump,seed1,171,3.0
hpmcounter9,jump,seed1,172,3.0
hpmcounter9,jump,seed1,173,3.0
hpmcounter9,jump,seed1,174,3.0
hpmcounter9,jump,seed1,175,3.0
hpmcounter9,jump,seed1,176,3.0
hpmcounter9,jump,seed1,177,3.0
hpmcounter9,jump,seed1,178,3.0
hpmcounter9,jump,seed1,179,3.0
hpmcounter9,jump,seed1,180,3.0
hpmcounter9,jump,seed1,181,3.0
hpmcounter9,jump,seed1,182,3.0
hpmcounter9,jump,seed1,183,3.0
hpmcounter9,jump,seed1,184,3.0
hpmcounter9,jump,seed1,185,3.0
hpmcounter9,jump,seed1,186,3.0
hpmcounter9,jump,seed1,187,3.0
hpmcounter9,jump,seed1,188,3.0
hpmcounter9,jump,seed1,189,3.0
hpmcounter9,jump,seed1,190,3.0
hpmcounter9,jump,seed1,191,3.0
hpmcounter9,jump,seed1,192,3.0
hpmcounter9,jump,seed1,193,3.0
hpmcounter9,jump,seed1,194,3.0
hpmcounter9,jump,seed1,195,3.0
hpmcounter9,jump,seed1,196,3.0
hpmcounter9,jump,seed1,197,3.0
hpmcounter9,jump,seed1,198,3.0
hpmcounter9,jump,seed1,199,3.0
hpmcounter9,jump,seed1,200,3.0
hpmcounter9,jump,seed1,201,3.0
hpmcounter9,jump,seed1,202,3.0
hpmcounter9,jump,seed1,203,3.0
hpmcounter9,jump,seed1,204,3.0
hpmcounter9,jump,seed1,205,3.0
hpmcounter9,jump,seed1,206,3.0
hpmcounter9,jump,seed1,207,3.0
hpmcounter9,jump,seed1,208,3.0
hpmcounter9,jump,seed1,209,3.0
hpmcounter9,jump,seed1,210,3.0
hpmcounter9,jump,seed1,211,3.0
hpmcounter9,jump,seed1,212,3.0
hpmcounter9,jump,seed1,213,3.0
hpmcounter9,jump,seed1,214,3.0
hpmcounter9,jump,seed1,215,3.0
hpmcounter9,jump,seed1,216,3.0
hpmcounter9,jump,seed1,217,3.0
hpmcounter9,jump,seed1,218,3.0
hpmcounter9,jump,seed1,219,3.0
hpmcounter9,jump,seed1,220,3.0
hpmcounter9,jump,seed1,221,3.0
hpmcounter9,jump,seed1,222,3.0
hpmcounter9,jump,seed1,223,3.0
hpmcounter9,jump,seed1,224,3.0
hpmcounter9,jump,seed1,225,3.0
hpmcounter9,jump,seed1,226,3.0
hpmcounter9,jump,seed1,227,3.0
hpmcounter9,jump,seed1,228,3.0
hpmcounter9,jump,seed1,229,3.0
hpmcounter9,jump,seed1,230,3.0
hpmcounter9,jump,seed1,231,3.0
hpmcounter9,jump,seed1,232,3.0
hpmcounter9,jump,seed1,233,3.0
hpmcounter9,jump,seed1,234,3.0
hpmcounter9,jump,seed1,235,3.0
hpmcounter9,jump,seed1,236,3.0
hpmcounter9,jump,seed1,237,3.0
hpmcounter9,jump,seed1,238,3.109090909090909
hpmcounter9,jump,seed1,239,3.193939393939394
hpmcounter9,jump,seed1,240,3.2545454545454544
hpmcounter9,jump,seed1,241,3.290909090909091
hpmcounter9,jump,seed1,242,3.303030303030303
hpmcounter9,jump,seed1,243,3.290909090909091
hpmcounter9,jump,seed1,244,3.2545454545454544
hpmcounter9,jump,seed1,245,3.193939393939394
hpmcounter9,jump,seed1,246,3.109090909090909
hpmcounter9,jump,seed1,247,3.0
hpmcounter9,jump,seed1,248,3.0
hpmcounter9,jump,seed1,249,3.0
hpmcounter9,jump,seed1,250,3.0
hpmcounter9,jump,seed1,251,3.0
hpmcounter9,jump,seed1,252,3.0
hpmcounter9,jump,seed1,253,3.0
hpmcounter9,jump,seed1,254,3.0
hpmcounter9,jump,seed1,255,3.0
hpmcounter9,jump,seed1,256,3.0
hpmcounter9,jump,seed1,257,3.0
hpmcounter9,jump,seed1,258,3.0
hpmcounter9,jump,seed1,259,3.0
hpmcounter9,jump,seed1,260,3.0
hpmcounter9,jump,seed1,261,3.0
hpmcounter9,jump,seed1,262,3.0
hpmcounter9,jump,seed1,263,3.0
hpmcounter9,jump,seed1,264,3.0
hpmcounter9,jump,seed1,265,3.0
hpmcounter9,jump,seed1,266,3.0
hpmcounter9,jump,seed1,267,3.0
hpmcounter9,jump,seed1,268,3.0
hpmcounter9,jump,seed1,269,3.0
hpmcounter9,jump,seed1,270,3.0
hpmcounter9,jump,seed1,271,3.0
hpmcounter9,jump,seed1,272,3.0
hpmcounter9,jump,seed1,273,3.0
hpmcounter9,jump,seed1,274,3.0
hpmcounter9,jump,seed1,275,3.0
hpmcounter9,jump,seed1,276,3.0
hpmcounter9,jump,seed1,277,3.0
hpmcounter9,jump,seed1,278,3.0
hpmcounter9,jump,seed1,279,3.0
hpmcounter9,jump,seed1,280,3.0
hpmcounter9,jump,seed1,281,3.0
hpmcounter9,jump,seed1,282,3.0
hpmcounter9,jump,seed1,283,3.0
hpmcounter9,jump,seed1,284,3.0
hpmcounter9,jump,seed1,285,3.0
hpmcounter9,jump,seed1,286,3.0
hpmcounter9,jump,seed1,287,3.0
hpmcounter9,jump,seed1,288,3.0
hpmcounter9,jump,seed1,289,3.0
hpmcounter9,jump,seed1,290,3.0
hpmcounter9,jump,seed1,291,3.0
hpmcounter9,jump,seed1,292,3.0
hpmcounter9,jump,seed1,293,3.0
hpmcounter9,jump,seed1,294,3.0
hpmcounter9,jump,seed1,295,3.0
hpmcounter9,jump,seed1,296,3.0
hpmcounter9,jump,seed1,297,3.0
hpmcounter9,jump,seed1,298,3.0
hpmcounter9,jump,seed10,9,3.2181818181818183
hpmcounter9,jump,seed10,10,3.0
hpmcounter9,jump,seed10,11,3.0
hpmcounter9,jump,seed10,12,3.0
hpmcounter9,jump,seed10,13,3.0
hpmcounter9,jump,seed10,14,3.0
hpmcounter9,jump,seed10,15,3.0
hpmcounter9,jump,seed10,16,3.0
hpmcounter9,jump,seed10,17,3.0
hpmcounter9,jump,seed10,18,3.0
hpmcounter9,jump,seed10,19,3.0
hpmcounter9,jump,seed10,20,3.0
hpmcounter9,jump,seed10,21,3.0
hpmcounter9,jump,seed10,22,3.0
hpmcounter9,jump,seed10,23,3.0
hpmcounter9,jump,seed10,24,3.0
hpmcounter9,jump,seed10,25,3.0
hpmcounter9,jump,seed10,26,3.0
hpmcounter9,jump,seed10,27,3.0
hpmcounter9,jump,seed10,28,3.0
hpmcounter9,jump,seed10,29,3.0
hpmcounter9,jump,seed10,30,3.0
hpmcounter9,jump,seed10,31,3.0
hpmcounter9,jump,seed10,32,3.0
hpmcounter9,jump,seed10,33,3.0
hpmcounter9,jump,seed10,34,3.0
hpmcounter9,jump,seed10,35,3.0
hpmcounter9,jump,seed10,36,3.0
hpmcounter9,jump,seed10,37,3.0
hpmcounter9,jump,seed10,38,3.0
hpmcounter9,jump,seed10,39,3.0
hpmcounter9,jump,seed10,40,3.0
hpmcounter9,jump,seed10,41,3.0
hpmcounter9,jump,seed10,42,3.0
hpmcounter9,jump,seed10,43,3.0
hpmcounter9,jump,seed10,44,3.0545454545454547
hpmcounter9,jump,seed10,45,3.096969696969697
hpmcounter9,jump,seed10,46,3.1272727272727274
hpmcounter9,jump,seed10,47,3.1454545454545455
hpmcounter9,jump,seed10,48,3.1515151515151514
hpmcounter9,jump,seed10,49,3.1454545454545455
hpmcounter9,jump,seed10,50,3.1272727272727274
hpmcounter9,jump,seed10,51,3.096969696969697
hpmcounter9,jump,seed10,52,3.109090909090909
hpmcounter9,jump,seed10,53,3.096969696969697
hpmcounter9,jump,seed10,54,3.1272727272727274
hpmcounter9,jump,seed10,55,3.1454545454545455
hpmcounter9,jump,seed10,56,3.1515151515151514
hpmcounter9,jump,seed10,57,3.1454545454545455
hpmcounter9,jump,seed10,58,3.1272727272727274
hpmcounter9,jump,seed10,59,3.096969696969697
hpmcounter9,jump,seed10,60,3.0545454545454547
hpmcounter9,jump,seed10,61,3.0
hpmcounter9,jump,seed10,62,3.0
hpmcounter9,jump,seed10,63,3.0
hpmcounter9,jump,seed10,64,3.0
hpmcounter9,jump,seed10,65,3.0
hpmcounter9,jump,seed10,66,3.0
hpmcounter9,jump,seed10,67,3.0
hpmcounter9,jump,seed10,68,3.0
hpmcounter9,jump,seed10,69,3.0
hpmcounter9,jump,seed10,70,3.0
hpmcounter9,jump,seed10,71,3.0
hpmcounter9,jump,seed10,72,3.0
hpmcounter9,jump,seed10,73,3.0
hpmcounter9,jump,seed10,74,3.0
hpmcounter9,jump,seed10,75,3.0
hpmcounter9,jump,seed10,76,3.0
hpmcounter9,jump,seed10,77,3.0
hpmcounter9,jump,seed10,78,3.0
hpmcounter9,jump,seed10,79,3.0545454545454547
hpmcounter9,jump,seed10,80,3.096969696969697
hpmcounter9,jump,seed10,81,3.1272727272727274
hpmcounter9,jump,seed10,82,3.1454545454545455
hpmcounter9,jump,seed10,83,3.1515151515151514
hpmcounter9,jump,seed10,84,3.1454545454545455
hpmcounter9,jump,seed10,85,3.1272727272727274
hpmcounter9,jump,seed10,86,3.096969696969697
hpmcounter9,jump,seed10,87,3.0545454545454547
hpmcounter9,jump,seed10,88,3.0
hpmcounter9,jump,seed10,89,3.0
hpmcounter9,jump,seed10,90,3.0
hpmcounter9,jump,seed10,91,3.0
hpmcounter9,jump,seed10,92,3.0
hpmcounter9,jump,seed10,93,3.0
hpmcounter9,jump,seed10,94,3.0
hpmcounter9,jump,seed10,95,3.0
hpmcounter9,jump,seed10,96,3.0
hpmcounter9,jump,seed10,97,3.0
hpmcounter9,jump,seed10,98,3.0
hpmcounter9,jump,seed10,99,3.0
hpmcounter9,jump,seed10,100,3.0
hpmcounter9,jump,seed10,101,3.0
hpmcounter9,jump,seed10,102,3.0
hpmcounter9,jump,seed10,103,3.0
hpmcounter9,jump,seed10,104,3.0
hpmcounter9,jump,seed10,105,3.0
hpmcounter9,jump,seed10,106,3.0
hpmcounter9,jump,seed10,107,3.0
hpmcounter9,jump,seed10,108,3.0
hpmcounter9,jump,seed10,109,3.0
hpmcounter9,jump,seed10,110,3.0
hpmcounter9,jump,seed10,111,3.0
hpmcounter9,jump,seed10,112,3.0545454545454547
hpmcounter9,jump,seed10,113,3.1515151515151514
hpmcounter9,jump,seed10,114,3.278787878787879
hpmcounter9,jump,seed10,115,3.3696969696969696
hpmcounter9,jump,seed10,116,3.4242424242424243
hpmcounter9,jump,seed10,117,3.4424242424242424
hpmcounter9,jump,seed10,118,3.4242424242424243
hpmcounter9,jump,seed10,119,3.3696969696969696
hpmcounter9,jump,seed10,120,3.278787878787879
hpmcounter9,jump,seed10,121,3.1515151515151514
hpmcounter9,jump,seed10,122,3.0545454545454547
hpmcounter9,jump,seed10,123,3.0
hpmcounter9,jump,seed10,124,3.0
hpmcounter9,jump,seed10,125,3.0
hpmcounter9,jump,seed10,126,3.0
hpmcounter9,jump,seed10,127,3.0
hpmcounter9,jump,seed10,128,3.0
hpmcounter9,jump,seed10,129,3.0
hpmcounter9,jump,seed10,130,3.0
hpmcounter9,jump,seed10,131,3.0
hpmcounter9,jump,seed10,132,3.0
hpmcounter9,jump,seed10,133,3.0
hpmcounter9,jump,seed10,134,3.0
hpmcounter9,jump,seed10,135,3.0
hpmcounter9,jump,seed10,136,3.0
hpmcounter9,jump,seed10,137,3.0
hpmcounter9,jump,seed10,138,3.0
hpmcounter9,jump,seed10,139,3.0
hpmcounter9,jump,seed10,140,3.0
hpmcounter9,jump,seed10,141,3.0
hpmcounter9,jump,seed10,142,3.0
hpmcounter9,jump,seed10,143,3.0
hpmcounter9,jump,seed10,144,3.0
hpmcounter9,jump,seed10,145,3.0
hpmcounter9,jump,seed10,146,3.0
hpmcounter9,jump,seed10,147,3.0
hpmcounter9,jump,seed10,148,3.0
hpmcounter9,jump,seed10,149,3.0
hpmcounter9,jump,seed10,150,3.0
hpmcounter9,jump,seed10,151,3.0
hpmcounter9,jump,seed10,152,3.0
hpmcounter9,jump,seed10,153,3.0
hpmcounter9,jump,seed10,154,3.0
hpmcounter9,jump,seed10,155,3.0
hpmcounter9,jump,seed10,156,3.0
hpmcounter9,jump,seed10,157,3.0
hpmcounter9,jump,seed10,158,3.0
hpmcounter9,jump,seed10,159,3.0
hpmcounter9,jump,seed10,160,3.0
hpmcounter9,jump,seed10,161,3.0
hpmcounter9,jump,seed10,162,3.0
hpmcounter9,jump,seed10,163,3.0
hpmcounter9,jump,seed10,164,3.0
hpmcounter9,jump,seed10,165,3.0
hpmcounter9,jump,seed10,166,3.0
hpmcounter9,jump,seed10,167,3.0
hpmcounter9,jump,seed10,168,3.0
hpmcounter9,jump,seed10,169,3.0
hpmcounter9,jump,seed10,170,3.0
hpmcounter9,jump,seed10,171,3.0
hpmcounter9,jump,seed10,172,3.0
hpmcounter9,jump,seed10,173,3.0
hpmcounter9,jump,seed10,174,3.0
hpmcounter9,jump,seed10,175,3.0
hpmcounter9,jump,seed10,176,3.0
hpmcounter9,jump,seed10,177,3.0
hpmcounter9,jump,seed10,178,3.0
hpmcounter9,jump,seed10,179,3.0
hpmcounter9,jump,seed10,180,3.0
hpmcounter9,jump,seed10,181,3.0
hpmcounter9,jump,seed10,182,3.0
hpmcounter9,jump,seed10,183,3.0
hpmcounter9,jump,seed10,184,3.0545454545454547
hpmcounter9,jump,seed10,185,3.096969696969697
hpmcounter9,jump,seed10,186,3.1272727272727274
hpmcounter9,jump,seed10,187,3.1454545454545455
hpmcounter9,jump,seed10,188,3.1515151515151514
hpmcounter9,jump,seed10,189,3.1454545454545455
hpmcounter9,jump,seed10,190,3.1272727272727274
hpmcounter9,jump,seed10,191,3.096969696969697
hpmcounter9,jump,seed10,192,3.0545454545454547
hpmcounter9,jump,seed10,193,3.0
hpmcounter9,jump,seed10,194,3.0
hpmcounter9,jump,seed10,195,3.0
hpmcounter9,jump,seed10,196,3.0
hpmcounter9,jump,seed10,197,3.0
hpmcounter9,jump,seed10,198,3.0
hpmcounter9,jump,seed10,199,3.0
hpmcounter9,jump,seed10,200,3.0
hpmcounter9,jump,seed10,201,3.0
hpmcounter9,jump,seed10,202,3.0
hpmcounter9,jump,seed10,203,3.0
hpmcounter9,jump,seed10,204,3.0
hpmcounter9,jump,seed10,205,3.0
hpmcounter9,jump,seed10,206,3.0
hpmcounter9,jump,seed10,207,3.0
hpmcounter9,jump,seed10,208,3.0
hpmcounter9,jump,seed10,209,3.0
hpmcounter9,jump,seed10,210,3.0
hpmcounter9,jump,seed10,211,3.0
hpmcounter9,jump,seed10,212,3.0
hpmcounter9,jump,seed10,213,3.0
hpmcounter9,jump,seed10,214,3.0
hpmcounter9,jump,seed10,215,3.0
hpmcounter9,jump,seed10,216,3.0
hpmcounter9,jump,seed10,217,3.0
hpmcounter9,jump,seed10,218,3.0
hpmcounter9,jump,seed10,219,3.0
hpmcounter9,jump,seed10,220,3.0
hpmcounter9,jump,seed10,221,3.0
hpmcounter9,jump,seed10,222,3.0
hpmcounter9,jump,seed10,223,3.0
hpmcounter9,jump,seed10,224,3.0
hpmcounter9,jump,seed10,225,3.0
hpmcounter9,jump,seed10,226,3.0
hpmcounter9,jump,seed10,227,3.0
hpmcounter9,jump,seed10,228,3.0
hpmcounter9,jump,seed10,229,3.0
hpmcounter9,jump,seed10,230,3.0
hpmcounter9,jump,seed10,231,3.0
hpmcounter9,jump,seed10,232,3.0
hpmcounter9,jump,seed10,233,3.0
hpmcounter9,jump,seed10,234,3.0
hpmcounter9,jump,seed10,235,3.0
hpmcounter9,jump,seed10,236,3.0
hpmcounter9,jump,seed10,237,3.0
hpmcounter9,jump,seed10,238,3.0
hpmcounter9,jump,seed10,239,3.0
hpmcounter9,jump,seed10,240,3.0
hpmcounter9,jump,seed10,241,3.0
hpmcounter9,jump,seed10,242,3.0
hpmcounter9,jump,seed10,243,3.0
hpmcounter9,jump,seed10,244,3.0
hpmcounter9,jump,seed10,245,3.0
hpmcounter9,jump,seed10,246,3.0
hpmcounter9,jump,seed10,247,3.0
hpmcounter9,jump,seed10,248,3.0
hpmcounter9,jump,seed10,249,3.0
hpmcounter9,jump,seed10,250,3.0
hpmcounter9,jump,seed10,251,3.0
hpmcounter9,jump,seed10,252,3.0
hpmcounter9,jump,seed10,253,3.0
hpmcounter9,jump,seed10,254,3.0
hpmcounter9,jump,seed10,255,3.0
hpmcounter9,jump,seed10,256,3.0
hpmcounter9,jump,seed10,257,3.0
hpmcounter9,jump,seed10,258,3.0
hpmcounter9,jump,seed10,259,3.0
hpmcounter9,jump,seed10,260,3.0
hpmcounter9,jump,seed10,261,3.0
hpmcounter9,jump,seed10,262,3.0
hpmcounter9,jump,seed10,263,3.0
hpmcounter9,jump,seed10,264,3.0
hpmcounter9,jump,seed10,265,3.0
hpmcounter9,jump,seed10,266,3.0545454545454547
hpmcounter9,jump,seed10,267,3.1515151515151514
hpmcounter9,jump,seed10,268,3.224242424242424
hpmcounter9,jump,seed10,269,3.272727272727273
hpmcounter9,jump,seed10,270,3.296969696969697
hpmcounter9,jump,seed10,271,3.296969696969697
hpmcounter9,jump,seed10,272,3.272727272727273
hpmcounter9,jump,seed10,273,3.224242424242424
hpmcounter9,jump,seed10,274,3.1515151515151514
hpmcounter9,jump,seed10,275,3.0545454545454547
hpmcounter9,jump,seed10,276,3.0
hpmcounter9,jump,seed10,277,3.0
hpmcounter9,jump,seed10,278,3.0
hpmcounter9,jump,seed10,279,3.0
hpmcounter9,jump,seed10,280,3.0
hpmcounter9,jump,seed10,281,3.0
hpmcounter9,jump,seed10,282,3.0
hpmcounter9,jump,seed10,283,3.0
hpmcounter9,jump,seed10,284,3.0
hpmcounter9,jump,seed10,285,3.0
hpmcounter9,jump,seed10,286,3.0
hpmcounter9,jump,seed10,287,3.0
hpmcounter9,jump,seed10,288,3.0
hpmcounter9,jump,seed10,289,3.0
hpmcounter9,jump,seed10,290,3.0
hpmcounter9,jump,seed10,291,3.0
hpmcounter9,jump,seed10,292,3.0
hpmcounter9,jump,seed10,293,3.0
hpmcounter9,jump,seed10,294,3.0
hpmcounter9,jump,seed10,295,3.0
hpmcounter9,jump,seed10,296,3.0
hpmcounter9,jump,seed10,297,3.109090909090909
hpmcounter9,jump,seed10,298,3.193939393939394
hpmcounter9,jump,seed11,9,3.2181818181818183
hpmcounter9,jump,seed11,10,3.0
hpmcounter9,jump,seed11,11,3.0
hpmcounter9,jump,seed11,12,3.0
hpmcounter9,jump,seed11,13,3.0
hpmcounter9,jump,seed11,14,3.0
hpmcounter9,jump,seed11,15,3.0
hpmcounter9,jump,seed11,16,3.0
hpmcounter9,jump,seed11,17,3.0
hpmcounter9,jump,seed11,18,3.0
hpmcounter9,jump,seed11,19,3.0
hpmcounter9,jump,seed11,20,3.0
hpmcounter9,jump,seed11,21,3.0
hpmcounter9,jump,seed11,22,3.0
hpmcounter9,jump,seed11,23,3.0
hpmcounter9,jump,seed11,24,3.0
hpmcounter9,jump,seed11,25,3.0
hpmcounter9,jump,seed11,26,3.0
hpmcounter9,jump,seed11,27,3.0
hpmcounter9,jump,seed11,28,3.0
hpmcounter9,jump,seed11,29,3.0
hpmcounter9,jump,seed11,30,3.0
hpmcounter9,jump,seed11,31,3.0
hpmcounter9,jump,seed11,32,3.0
hpmcounter9,jump,seed11,33,3.0
hpmcounter9,jump,seed11,34,3.0
hpmcounter9,jump,seed11,35,3.0
hpmcounter9,jump,seed11,36,3.0
hpmcounter9,jump,seed11,37,3.0
hpmcounter9,jump,seed11,38,3.0
hpmcounter9,jump,seed11,39,3.0
hpmcounter9,jump,seed11,40,3.0
hpmcounter9,jump,seed11,41,3.0
hpmcounter9,jump,seed11,42,3.0
hpmcounter9,jump,seed11,43,3.0
hpmcounter9,jump,seed11,44,3.0
hpmcounter9,jump,seed11,45,3.0
hpmcounter9,jump,seed11,46,3.0
hpmcounter9,jump,seed11,47,3.0
hpmcounter9,jump,seed11,48,3.0
hpmcounter9,jump,seed11,49,3.0
hpmcounter9,jump,seed11,50,3.0
hpmcounter9,jump,seed11,51,3.0
hpmcounter9,jump,seed11,52,3.0
hpmcounter9,jump,seed11,53,3.109090909090909
hpmcounter9,jump,seed11,54,3.193939393939394
hpmcounter9,jump,seed11,55,3.2545454545454544
hpmcounter9,jump,seed11,56,3.290909090909091
hpmcounter9,jump,seed11,57,3.303030303030303
hpmcounter9,jump,seed11,58,3.290909090909091
hpmcounter9,jump,seed11,59,3.2545454545454544
hpmcounter9,jump,seed11,60,3.193939393939394
hpmcounter9,jump,seed11,61,3.109090909090909
hpmcounter9,jump,seed11,62,3.0
hpmcounter9,jump,seed11,63,3.0
hpmcounter9,jump,seed11,64,3.0
hpmcounter9,jump,seed11,65,3.0
hpmcounter9,jump,seed11,66,3.0
hpmcounter9,jump,seed11,67,3.0
hpmcounter9,jump,seed11,68,3.0
hpmcounter9,jump,seed11,69,3.0
hpmcounter9,jump,seed11,70,3.0
hpmcounter9,jump,seed11,71,3.0
hpmcounter9,jump,seed11,72,3.0
hpmcounter9,jump,seed11,73,3.0
hpmcounter9,jump,seed11,74,3.0
hpmcounter9,jump,seed11,75,3.0
hpmcounter9,jump,seed11,76,3.0
hpmcounter9,jump,seed11,77,3.0
hpmcounter9,jump,seed11,78,3.0
hpmcounter9,jump,seed11,79,3.0
hpmcounter9,jump,seed11,80,3.0
hpmcounter9,jump,seed11,81,3.0
hpmcounter9,jump,seed11,82,3.0
hpmcounter9,jump,seed11,83,3.0
hpmcounter9,jump,seed11,84,3.0
hpmcounter9,jump,seed11,85,3.0
hpmcounter9,jump,seed11,86,3.0
hpmcounter9,jump,seed11,87,3.0
hpmcounter9,jump,seed11,88,3.0
hpmcounter9,jump,seed11,89,3.0
hpmcounter9,jump,seed11,90,3.0
hpmcounter9,jump,seed11,91,3.0
hpmcounter9,jump,seed11,92,3.0
hpmcounter9,jump,seed11,93,3.0
hpmcounter9,jump,seed11,94,3.0
hpmcounter9,jump,seed11,95,3.0
hpmcounter9,jump,seed11,96,3.0
hpmcounter9,jump,seed11,97,3.0
hpmcounter9,jump,seed11,98,3.0
hpmcounter9,jump,seed11,99,3.0
hpmcounter9,jump,seed11,100,3.0
hpmcounter9,jump,seed11,101,3.0
hpmcounter9,jump,seed11,102,3.0
hpmcounter9,jump,seed11,103,3.0
hpmcounter9,jump,seed11,104,3.0
hpmcounter9,jump,seed11,105,3.0
hpmcounter9,jump,seed11,106,3.0
hpmcounter9,jump,seed11,107,3.0
hpmcounter9,jump,seed11,108,3.0
hpmcounter9,jump,seed11,109,3.0
hpmcounter9,jump,seed11,110,3.0
hpmcounter9,jump,seed11,111,3.0
hpmcounter9,jump,seed11,112,3.0
hpmcounter9,jump,seed11,113,3.0
hpmcounter9,jump,seed11,114,3.0
hpmcounter9,jump,seed11,115,3.0
hpmcounter9,jump,seed11,116,3.0
hpmcounter9,jump,seed11,117,3.0
hpmcounter9,jump,seed11,118,3.0
hpmcounter9,jump,seed11,119,3.0
hpmcounter9,jump,seed11,120,3.0
hpmcounter9,jump,seed11,121,3.0
hpmcounter9,jump,seed11,122,3.0
hpmcounter9,jump,seed11,123,3.0
hpmcounter9,jump,seed11,124,3.0
hpmcounter9,jump,seed11,125,3.0
hpmcounter9,jump,seed11,126,3.0
hpmcounter9,jump,seed11,127,3.0
hpmcounter9,jump,seed11,128,3.0
hpmcounter9,jump,seed11,129,3.0
hpmcounter9,jump,seed11,130,3.0
hpmcounter9,jump,seed11,131,3.0
hpmcounter9,jump,seed11,132,3.0
hpmcounter9,jump,seed11,133,3.0
hpmcounter9,jump,seed11,134,3.0
hpmcounter9,jump,seed11,135,3.0
hpmcounter9,jump,seed11,136,3.0
hpmcounter9,jump,seed11,137,3.0
hpmcounter9,jump,seed11,138,3.0
hpmcounter9,jump,seed11,139,3.0
hpmcounter9,jump,seed11,140,3.0
hpmcounter9,jump,seed11,141,3.0
hpmcounter9,jump,seed11,142,3.0
hpmcounter9,jump,seed11,143,3.0
hpmcounter9,jump,seed11,144,3.0
hpmcounter9,jump,seed11,145,3.0
hpmcounter9,jump,seed11,146,3.0
hpmcounter9,jump,seed11,147,3.0
hpmcounter9,jump,seed11,148,3.0
hpmcounter9,jump,seed11,149,3.0
hpmcounter9,jump,seed11,150,3.0
hpmcounter9,jump,seed11,151,3.0
hpmcounter9,jump,seed11,152,3.0
hpmcounter9,jump,seed11,153,3.0
hpmcounter9,jump,seed11,154,3.0
hpmcounter9,jump,seed11,155,3.0
hpmcounter9,jump,seed11,156,3.0
hpmcounter9,jump,seed11,157,3.0
hpmcounter9,jump,seed11,158,3.0
hpmcounter9,jump,seed11,159,3.0
hpmcounter9,jump,seed11,160,3.0
hpmcounter9,jump,seed11,161,3.0
hpmcounter9,jump,seed11,162,3.0
hpmcounter9,jump,seed11,163,3.0
hpmcounter9,jump,seed11,164,3.0
hpmcounter9,jump,seed11,165,3.0
hpmcounter9,jump,seed11,166,3.0
hpmcounter9,jump,seed11,167,3.0
hpmcounter9,jump,seed11,168,3.0
hpmcounter9,jump,seed11,169,3.0
hpmcounter9,jump,seed11,170,3.0
hpmcounter9,jump,seed11,171,3.0
hpmcounter9,jump,seed11,172,3.0
hpmcounter9,jump,seed11,173,3.0
hpmcounter9,jump,seed11,174,3.0
hpmcounter9,jump,seed11,175,3.0
hpmcounter9,jump,seed11,176,3.0
hpmcounter9,jump,seed11,177,3.0
hpmcounter9,jump,seed11,178,3.0
hpmcounter9,jump,seed11,179,3.0
hpmcounter9,jump,seed11,180,3.0
hpmcounter9,jump,seed11,181,3.0
hpmcounter9,jump,seed11,182,3.0
hpmcounter9,jump,seed11,183,3.0
hpmcounter9,jump,seed11,184,3.0
hpmcounter9,jump,seed11,185,3.0
hpmcounter9,jump,seed11,186,3.0
hpmcounter9,jump,seed11,187,3.0
hpmcounter9,jump,seed11,188,3.0
hpmcounter9,jump,seed11,189,3.0
hpmcounter9,jump,seed11,190,3.0
hpmcounter9,jump,seed11,191,3.0
hpmcounter9,jump,seed11,192,3.0
hpmcounter9,jump,seed11,193,3.0
hpmcounter9,jump,seed11,194,3.0
hpmcounter9,jump,seed11,195,3.0
hpmcounter9,jump,seed11,196,3.0
hpmcounter9,jump,seed11,197,3.0
hpmcounter9,jump,seed11,198,3.0
hpmcounter9,jump,seed11,199,3.0
hpmcounter9,jump,seed11,200,3.0
hpmcounter9,jump,seed11,201,3.0
hpmcounter9,jump,seed11,202,3.0545454545454547
hpmcounter9,jump,seed11,203,3.096969696969697
hpmcounter9,jump,seed11,204,3.1272727272727274
hpmcounter9,jump,seed11,205,3.1454545454545455
hpmcounter9,jump,seed11,206,3.1515151515151514
hpmcounter9,jump,seed11,207,3.1454545454545455
hpmcounter9,jump,seed11,208,3.1272727272727274
hpmcounter9,jump,seed11,209,3.096969696969697
hpmcounter9,jump,seed11,210,3.0545454545454547
hpmcounter9,jump,seed11,211,3.0
hpmcounter9,jump,seed11,212,3.0
hpmcounter9,jump,seed11,213,3.0
hpmcounter9,jump,seed11,214,3.0
hpmcounter9,jump,seed11,215,3.0
hpmcounter9,jump,seed11,216,3.0
hpmcounter9,jump,seed11,217,3.0
hpmcounter9,jump,seed11,218,3.0
hpmcounter9,jump,seed11,219,3.0
hpmcounter9,jump,seed11,220,3.0
hpmcounter9,jump,seed11,221,3.0
hpmcounter9,jump,seed11,222,3.0
hpmcounter9,jump,seed11,223,3.0
hpmcounter9,jump,seed11,224,3.0
hpmcounter9,jump,seed11,225,3.0
hpmcounter9,jump,seed11,226,3.0
hpmcounter9,jump,seed11,227,3.0
hpmcounter9,jump,seed11,228,3.0
hpmcounter9,jump,seed11,229,3.0
hpmcounter9,jump,seed11,230,3.0
hpmcounter9,jump,seed11,231,3.0
hpmcounter9,jump,seed11,232,3.109090909090909
hpmcounter9,jump,seed11,233,3.193939393939394
hpmcounter9,jump,seed11,234,3.2545454545454544
hpmcounter9,jump,seed11,235,3.290909090909091
hpmcounter9,jump,seed11,236,3.303030303030303
hpmcounter9,jump,seed11,237,3.290909090909091
hpmcounter9,jump,seed11,238,3.2545454545454544
hpmcounter9,jump,seed11,239,3.193939393939394
hpmcounter9,jump,seed11,240,3.109090909090909
hpmcounter9,jump,seed11,241,3.0
hpmcounter9,jump,seed11,242,3.0
hpmcounter9,jump,seed11,243,3.0
hpmcounter9,jump,seed11,244,3.0
hpmcounter9,jump,seed11,245,3.0
hpmcounter9,jump,seed11,246,3.0
hpmcounter9,jump,seed11,247,3.0
hpmcounter9,jump,seed11,248,3.0
hpmcounter9,jump,seed11,249,3.0
hpmcounter9,jump,seed11,250,3.0
hpmcounter9,jump,seed11,251,3.0
hpmcounter9,jump,seed11,252,3.0
hpmcounter9,jump,seed11,253,3.0
hpmcounter9,jump,seed11,254,3.0
hpmcounter9,jump,seed11,255,3.0545454545454547
hpmcounter9,jump,seed11,256,3.096969696969697
hpmcounter9,jump,seed11,257,3.1272727272727274
hpmcounter9,jump,seed11,258,3.1454545454545455
hpmcounter9,jump,seed11,259,3.1515151515151514
hpmcounter9,jump,seed11,260,3.1454545454545455
hpmcounter9,jump,seed11,261,3.1272727272727274
hpmcounter9,jump,seed11,262,3.096969696969697
hpmcounter9,jump,seed11,263,3.0545454545454547
hpmcounter9,jump,seed11,264,3.0545454545454547
hpmcounter9,jump,seed11,265,3.096969696969697
hpmcounter9,jump,seed11,266,3.1272727272727274
hpmcounter9,jump,seed11,267,3.1454545454545455
hpmcounter9,jump,seed11,268,3.1515151515151514
hpmcounter9,jump,seed11,269,3.1454545454545455
hpmcounter9,jump,seed11,270,3.1272727272727274
hpmcounter9,jump,seed11,271,3.096969696969697
hpmcounter9,jump,seed11,272,3.0545454545454547
hpmcounter9,jump,seed11,273,3.0
hpmcounter9,jump,seed11,274,3.0
hpmcounter9,jump,seed11,275,3.0
hpmcounter9,jump,seed11,276,3.0
hpmcounter9,jump,seed11,277,3.0
hpmcounter9,jump,seed11,278,3.0
hpmcounter9,jump,seed11,279,3.0
hpmcounter9,jump,seed11,280,3.0
hpmcounter9,jump,seed11,281,3.0
hpmcounter9,jump,seed11,282,3.0
hpmcounter9,jump,seed11,283,3.0
hpmcounter9,jump,seed11,284,3.0
hpmcounter9,jump,seed11,285,3.0
hpmcounter9,jump,seed11,286,3.0
hpmcounter9,jump,seed11,287,3.0
hpmcounter9,jump,seed11,288,3.0
hpmcounter9,jump,seed11,289,3.0
hpmcounter9,jump,seed11,290,3.0
hpmcounter9,jump,seed11,291,3.0
hpmcounter9,jump,seed11,292,3.0
hpmcounter9,jump,seed11,293,3.0
hpmcounter9,jump,seed11,294,3.0
hpmcounter9,jump,seed11,295,3.0
hpmcounter9,jump,seed11,296,3.0
hpmcounter9,jump,seed11,297,3.0
hpmcounter9,jump,seed11,298,3.0
hpmcounter9,jump,seed12,9,3.2181818181818183
hpmcounter9,jump,seed12,10,3.0
hpmcounter9,jump,seed12,11,3.0
hpmcounter9,jump,seed12,12,3.0
hpmcounter9,jump,seed12,13,3.0
hpmcounter9,jump,seed12,14,3.0
hpmcounter9,jump,seed12,15,3.0
hpmcounter9,jump,seed12,16,3.0
hpmcounter9,jump,seed12,17,3.0
hpmcounter9,jump,seed12,18,3.0
hpmcounter9,jump,seed12,19,3.0
hpmcounter9,jump,seed12,20,3.0
hpmcounter9,jump,seed12,21,3.0
hpmcounter9,jump,seed12,22,3.0
hpmcounter9,jump,seed12,23,3.0
hpmcounter9,jump,seed12,24,3.0
hpmcounter9,jump,seed12,25,3.0
hpmcounter9,jump,seed12,26,3.0
hpmcounter9,jump,seed12,27,3.0
hpmcounter9,jump,seed12,28,3.0
hpmcounter9,jump,seed12,29,3.0
hpmcounter9,jump,seed12,30,3.0
hpmcounter9,jump,seed12,31,3.0
hpmcounter9,jump,seed12,32,3.0
hpmcounter9,jump,seed12,33,3.0
hpmcounter9,jump,seed12,34,3.0
hpmcounter9,jump,seed12,35,3.0
hpmcounter9,jump,seed12,36,3.0
hpmcounter9,jump,seed12,37,3.0
hpmcounter9,jump,seed12,38,3.0
hpmcounter9,jump,seed12,39,3.0
hpmcounter9,jump,seed12,40,3.0
hpmcounter9,jump,seed12,41,3.0
hpmcounter9,jump,seed12,42,3.0
hpmcounter9,jump,seed12,43,3.0
hpmcounter9,jump,seed12,44,3.0
hpmcounter9,jump,seed12,45,3.0
hpmcounter9,jump,seed12,46,3.0
hpmcounter9,jump,seed12,47,3.0
hpmcounter9,jump,seed12,48,3.0
hpmcounter9,jump,seed12,49,3.0
hpmcounter9,jump,seed12,50,3.0
hpmcounter9,jump,seed12,51,3.0
hpmcounter9,jump,seed12,52,3.0
hpmcounter9,jump,seed12,53,3.0
hpmcounter9,jump,seed12,54,3.0
hpmcounter9,jump,seed12,55,3.0
hpmcounter9,jump,seed12,56,3.0
hpmcounter9,jump,seed12,57,3.0
hpmcounter9,jump,seed12,58,3.0
hpmcounter9,jump,seed12,59,3.0
hpmcounter9,jump,seed12,60,3.0
hpmcounter9,jump,seed12,61,3.0
hpmcounter9,jump,seed12,62,3.0
hpmcounter9,jump,seed12,63,3.0
hpmcounter9,jump,seed12,64,3.0
hpmcounter9,jump,seed12,65,3.0
hpmcounter9,jump,seed12,66,3.0
hpmcounter9,jump,seed12,67,3.0
hpmcounter9,jump,seed12,68,3.0
hpmcounter9,jump,seed12,69,3.0
hpmcounter9,jump,seed12,70,3.0
hpmcounter9,jump,seed12,71,3.0
hpmcounter9,jump,seed12,72,3.0
hpmcounter9,jump,seed12,73,3.0
hpmcounter9,jump,seed12,74,3.0
hpmcounter9,jump,seed12,75,3.0
hpmcounter9,jump,seed12,76,3.0
hpmcounter9,jump,seed12,77,3.0
hpmcounter9,jump,seed12,78,3.0
hpmcounter9,jump,seed12,79,3.0
hpmcounter9,jump,seed12,80,3.0
hpmcounter9,jump,seed12,81,3.0
hpmcounter9,jump,seed12,82,3.0
hpmcounter9,jump,seed12,83,3.0
hpmcounter9,jump,seed12,84,3.0
hpmcounter9,jump,seed12,85,3.0
hpmcounter9,jump,seed12,86,3.0
hpmcounter9,jump,seed12,87,3.0
hpmcounter9,jump,seed12,88,3.0
hpmcounter9,jump,seed12,89,3.0
hpmcounter9,jump,seed12,90,3.0
hpmcounter9,jump,seed12,91,3.0
hpmcounter9,jump,seed12,92,3.0
hpmcounter9,jump,seed12,93,3.0
hpmcounter9,jump,seed12,94,3.0
hpmcounter9,jump,seed12,95,3.0
hpmcounter9,jump,seed12,96,3.0
hpmcounter9,jump,seed12,97,3.0
hpmcounter9,jump,seed12,98,3.0
hpmcounter9,jump,seed12,99,3.0
hpmcounter9,jump,seed12,100,3.0
hpmcounter9,jump,seed12,101,3.0
hpmcounter9,jump,seed12,102,3.0
hpmcounter9,jump,seed12,103,3.0
hpmcounter9,jump,seed12,104,3.0
hpmcounter9,jump,seed12,105,3.0
hpmcounter9,jump,seed12,106,3.0
hpmcounter9,jump,seed12,107,3.0
hpmcounter9,jump,seed12,108,3.0
hpmcounter9,jump,seed12,109,3.0
hpmcounter9,jump,seed12,110,3.0
hpmcounter9,jump,seed12,111,3.0
hpmcounter9,jump,seed12,112,3.0
hpmcounter9,jump,seed12,113,3.0
hpmcounter9,jump,seed12,114,3.0
hpmcounter9,jump,seed12,115,3.0
hpmcounter9,jump,seed12,116,3.0
hpmcounter9,jump,seed12,117,3.0
hpmcounter9,jump,seed12,118,3.0
hpmcounter9,jump,seed12,119,3.0545454545454547
hpmcounter9,jump,seed12,120,3.096969696969697
hpmcounter9,jump,seed12,121,3.1272727272727274
hpmcounter9,jump,seed12,122,3.1454545454545455
hpmcounter9,jump,seed12,123,3.1515151515151514
hpmcounter9,jump,seed12,124,3.1454545454545455
hpmcounter9,jump,seed12,125,3.1272727272727274
hpmcounter9,jump,seed12,126,3.096969696969697
hpmcounter9,jump,seed12,127,3.0545454545454547
hpmcounter9,jump,seed12,128,3.0
hpmcounter9,jump,seed12,129,3.0
hpmcounter9,jump,seed12,130,3.0
hpmcounter9,jump,seed12,131,3.0
hpmcounter9,jump,seed12,132,3.0
hpmcounter9,jump,seed12,133,3.0
hpmcounter9,jump,seed12,134,3.0
hpmcounter9,jump,seed12,135,3.0
hpmcounter9,jump,seed12,136,3.0
hpmcounter9,jump,seed12,137,3.0
hpmcounter9,jump,seed12,138,3.0
hpmcounter9,jump,seed12,139,3.0
hpmcounter9,jump,seed12,140,3.0
hpmcounter9,jump,seed12,141,3.0
hpmcounter9,jump,seed12,142,3.0
hpmcounter9,jump,seed12,143,3.0
hpmcounter9,jump,seed12,144,3.0
hpmcounter9,jump,seed12,145,3.0
hpmcounter9,jump,seed12,146,3.0
hpmcounter9,jump,seed12,147,3.0
hpmcounter9,jump,seed12,148,3.0
hpmcounter9,jump,seed12,149,3.0
hpmcounter9,jump,seed12,150,3.0
hpmcounter9,jump,seed12,151,3.0
hpmcounter9,jump,seed12,152,3.0
hpmcounter9,jump,seed12,153,3.0
hpmcounter9,jump,seed12,154,3.0
hpmcounter9,jump,seed12,155,3.0
hpmcounter9,jump,seed12,156,3.0
hpmcounter9,jump,seed12,157,3.0
hpmcounter9,jump,seed12,158,3.0
hpmcounter9,jump,seed12,159,3.0
hpmcounter9,jump,seed12,160,3.0
hpmcounter9,jump,seed12,161,3.0
hpmcounter9,jump,seed12,162,3.0
hpmcounter9,jump,seed12,163,3.0
hpmcounter9,jump,seed12,164,3.0
hpmcounter9,jump,seed12,165,3.0
hpmcounter9,jump,seed12,166,3.0
hpmcounter9,jump,seed12,167,3.0
hpmcounter9,jump,seed12,168,3.0
hpmcounter9,jump,seed12,169,3.0
hpmcounter9,jump,seed12,170,3.0
hpmcounter9,jump,seed12,171,3.0
hpmcounter9,jump,seed12,172,3.0
hpmcounter9,jump,seed12,173,3.0
hpmcounter9,jump,seed12,174,3.0
hpmcounter9,jump,seed12,175,3.0
hpmcounter9,jump,seed12,176,3.0
hpmcounter9,jump,seed12,177,3.0
hpmcounter9,jump,seed12,178,3.0
hpmcounter9,jump,seed12,179,3.0
hpmcounter9,jump,seed12,180,3.0
hpmcounter9,jump,seed12,181,3.0
hpmcounter9,jump,seed12,182,3.0
hpmcounter9,jump,seed12,183,3.0
hpmcounter9,jump,seed12,184,3.0
hpmcounter9,jump,seed12,185,3.0
hpmcounter9,jump,seed12,186,3.0
hpmcounter9,jump,seed12,187,3.0
hpmcounter9,jump,seed12,188,3.0
hpmcounter9,jump,seed12,189,3.0
hpmcounter9,jump,seed12,190,3.0
hpmcounter9,jump,seed12,191,3.0
hpmcounter9,jump,seed12,192,3.0
hpmcounter9,jump,seed12,193,3.0
hpmcounter9,jump,seed12,194,3.0
hpmcounter9,jump,seed12,195,3.0
hpmcounter9,jump,seed12,196,3.0
hpmcounter9,jump,seed12,197,3.0
hpmcounter9,jump,seed12,198,3.0
hpmcounter9,jump,seed12,199,3.0
hpmcounter9,jump,seed12,200,3.0
hpmcounter9,jump,seed12,201,3.0
hpmcounter9,jump,seed12,202,3.0
hpmcounter9,jump,seed12,203,3.0
hpmcounter9,jump,seed12,204,3.0
hpmcounter9,jump,seed12,205,3.0
hpmcounter9,jump,seed12,206,3.0
hpmcounter9,jump,seed12,207,3.0
hpmcounter9,jump,seed12,208,3.0
hpmcounter9,jump,seed12,209,3.0
hpmcounter9,jump,seed12,210,3.0
hpmcounter9,jump,seed12,211,3.0
hpmcounter9,jump,seed12,212,3.0
hpmcounter9,jump,seed12,213,3.0
hpmcounter9,jump,seed12,214,3.0
hpmcounter9,jump,seed12,215,3.0
hpmcounter9,jump,seed12,216,3.0
hpmcounter9,jump,seed12,217,3.0
hpmcounter9,jump,seed12,218,3.0
hpmcounter9,jump,seed12,219,3.0
hpmcounter9,jump,seed12,220,3.0
hpmcounter9,jump,seed12,221,3.0
hpmcounter9,jump,seed12,222,3.0
hpmcounter9,jump,seed12,223,3.0
hpmcounter9,jump,seed12,224,3.0
hpmcounter9,jump,seed12,225,3.0
hpmcounter9,jump,seed12,226,3.0
hpmcounter9,jump,seed12,227,3.0
hpmcounter9,jump,seed12,228,3.0
hpmcounter9,jump,seed12,229,3.0
hpmcounter9,jump,seed12,230,3.0
hpmcounter9,jump,seed12,231,3.0
hpmcounter9,jump,seed12,232,3.0
hpmcounter9,jump,seed12,233,3.0
hpmcounter9,jump,seed12,234,3.0
hpmcounter9,jump,seed12,235,3.0
hpmcounter9,jump,seed12,236,3.0
hpmcounter9,jump,seed12,237,3.0
hpmcounter9,jump,seed12,238,3.0
hpmcounter9,jump,seed12,239,3.0
hpmcounter9,jump,seed12,240,3.0
hpmcounter9,jump,seed12,241,3.0
hpmcounter9,jump,seed12,242,3.0
hpmcounter9,jump,seed12,243,3.0
hpmcounter9,jump,seed12,244,3.0
hpmcounter9,jump,seed12,245,3.0
hpmcounter9,jump,seed12,246,3.0
hpmcounter9,jump,seed12,247,3.0
hpmcounter9,jump,seed12,248,3.0
hpmcounter9,jump,seed12,249,3.0
hpmcounter9,jump,seed12,250,3.0
hpmcounter9,jump,seed12,251,3.0
hpmcounter9,jump,seed12,252,3.0
hpmcounter9,jump,seed12,253,3.0
hpmcounter9,jump,seed12,254,3.0
hpmcounter9,jump,seed12,255,3.0
hpmcounter9,jump,seed12,256,3.0
hpmcounter9,jump,seed12,257,3.0
hpmcounter9,jump,seed12,258,3.0
hpmcounter9,jump,seed12,259,3.0
hpmcounter9,jump,seed12,260,3.0
hpmcounter9,jump,seed12,261,3.0
hpmcounter9,jump,seed12,262,3.0
hpmcounter9,jump,seed12,263,3.0
hpmcounter9,jump,seed12,264,3.0
hpmcounter9,jump,seed12,265,3.0545454545454547
hpmcounter9,jump,seed12,266,3.096969696969697
hpmcounter9,jump,seed12,267,3.1272727272727274
hpmcounter9,jump,seed12,268,3.1454545454545455
hpmcounter9,jump,seed12,269,3.1515151515151514
hpmcounter9,jump,seed12,270,3.1454545454545455
hpmcounter9,jump,seed12,271,3.1272727272727274
hpmcounter9,jump,seed12,272,3.096969696969697
hpmcounter9,jump,seed12,273,3.0545454545454547
hpmcounter9,jump,seed12,274,3.0
hpmcounter9,jump,seed12,275,3.0
hpmcounter9,jump,seed12,276,3.0
hpmcounter9,jump,seed12,277,3.0
hpmcounter9,jump,seed12,278,3.0
hpmcounter9,jump,seed12,279,3.0
hpmcounter9,jump,seed12,280,3.0
hpmcounter9,jump,seed12,281,3.0
hpmcounter9,jump,seed12,282,3.0
hpmcounter9,jump,seed12,283,3.0
hpmcounter9,jump,seed12,284,3.0
hpmcounter9,jump,seed12,285,3.0
hpmcounter9,jump,seed12,286,3.0
hpmcounter9,jump,seed12,287,3.0
hpmcounter9,jump,seed12,288,3.0
hpmcounter9,jump,seed12,289,3.0
hpmcounter9,jump,seed12,290,3.0
hpmcounter9,jump,seed12,291,3.0
hpmcounter9,jump,seed12,292,3.0
hpmcounter9,jump,seed12,293,3.0
hpmcounter9,jump,seed12,294,3.0
hpmcounter9,jump,seed12,295,3.0
hpmcounter9,jump,seed12,296,3.0
hpmcounter9,jump,seed12,297,3.0
hpmcounter9,jump,seed12,298,3.0
hpmcounter9,jump,seed13,9,3.2181818181818183
hpmcounter9,jump,seed13,10,3.0
hpmcounter9,jump,seed13,11,3.0
hpmcounter9,jump,seed13,12,3.0
hpmcounter9,jump,seed13,13,3.0
hpmcounter9,jump,seed13,14,3.0
hpmcounter9,jump,seed13,15,3.0
hpmcounter9,jump,seed13,16,3.0
hpmcounter9,jump,seed13,17,3.0
hpmcounter9,jump,seed13,18,3.0
hpmcounter9,jump,seed13,19,3.0
hpmcounter9,jump,seed13,20,3.0
hpmcounter9,jump,seed13,21,3.0545454545454547
hpmcounter9,jump,seed13,22,3.1515151515151514
hpmcounter9,jump,seed13,23,3.224242424242424
hpmcounter9,jump,seed13,24,3.272727272727273
hpmcounter9,jump,seed13,25,3.296969696969697
hpmcounter9,jump,seed13,26,3.296969696969697
hpmcounter9,jump,seed13,27,3.272727272727273
hpmcounter9,jump,seed13,28,3.224242424242424
hpmcounter9,jump,seed13,29,3.1515151515151514
hpmcounter9,jump,seed13,30,3.0545454545454547
hpmcounter9,jump,seed13,31,3.0
hpmcounter9,jump,seed13,32,3.0
hpmcounter9,jump,seed13,33,3.0
hpmcounter9,jump,seed13,34,3.0
hpmcounter9,jump,seed13,35,3.0
hpmcounter9,jump,seed13,36,3.0
hpmcounter9,jump,seed13,37,3.0
hpmcounter9,jump,seed13,38,3.0
hpmcounter9,jump,seed13,39,3.0
hpmcounter9,jump,seed13,40,3.0
hpmcounter9,jump,seed13,41,3.0
hpmcounter9,jump,seed13,42,3.0
hpmcounter9,jump,seed13,43,3.0
hpmcounter9,jump,seed13,44,3.0
hpmcounter9,jump,seed13,45,3.0
hpmcounter9,jump,seed13,46,3.0
hpmcounter9,jump,seed13,47,3.0
hpmcounter9,jump,seed13,48,3.0
hpmcounter9,jump,seed13,49,3.0
hpmcounter9,jump,seed13,50,3.0
hpmcounter9,jump,seed13,51,3.0
hpmcounter9,jump,seed13,52,3.109090909090909
hpmcounter9,jump,seed13,53,3.193939393939394
hpmcounter9,jump,seed13,54,3.2545454545454544
hpmcounter9,jump,seed13,55,3.290909090909091
hpmcounter9,jump,seed13,56,3.303030303030303
hpmcounter9,jump,seed13,57,3.290909090909091
hpmcounter9,jump,seed13,58,3.2545454545454544
hpmcounter9,jump,seed13,59,3.193939393939394
hpmcounter9,jump,seed13,60,3.109090909090909
hpmcounter9,jump,seed13,61,3.0
hpmcounter9,jump,seed13,62,3.0
hpmcounter9,jump,seed13,63,3.0
hpmcounter9,jump,seed13,64,3.0
hpmcounter9,jump,seed13,65,3.0
hpmcounter9,jump,seed13,66,3.0
hpmcounter9,jump,seed13,67,3.0
hpmcounter9,jump,seed13,68,3.0
hpmcounter9,jump,seed13,69,3.0
hpmcounter9,jump,seed13,70,3.0545454545454547
hpmcounter9,jump,seed13,71,3.096969696969697
hpmcounter9,jump,seed13,72,3.1272727272727274
hpmcounter9,jump,seed13,73,3.1454545454545455
hpmcounter9,jump,seed13,74,3.1515151515151514
hpmcounter9,jump,seed13,75,3.1454545454545455
hpmcounter9,jump,seed13,76,3.1272727272727274
hpmcounter9,jump,seed13,77,3.096969696969697
hpmcounter9,jump,seed13,78,3.0545454545454547
hpmcounter9,jump,seed13,79,3.0
hpmcounter9,jump,seed13,80,3.0
hpmcounter9,jump,seed13,81,3.0
hpmcounter9,jump,seed13,82,3.0
hpmcounter9,jump,seed13,83,3.0
hpmcounter9,jump,seed13,84,3.0
hpmcounter9,jump,seed13,85,3.0
hpmcounter9,jump,seed13,86,3.0
hpmcounter9,jump,seed13,87,3.0
hpmcounter9,jump,seed13,88,3.0
hpmcounter9,jump,seed13,89,3.0
hpmcounter9,jump,seed13,90,3.0
hpmcounter9,jump,seed13,91,3.0
hpmcounter9,jump,seed13,92,3.0
hpmcounter9,jump,seed13,93,3.0
hpmcounter9,jump,seed13,94,3.0
hpmcounter9,jump,seed13,95,3.0
hpmcounter9,jump,seed13,96,3.0
hpmcounter9,jump,seed13,97,3.0
hpmcounter9,jump,seed13,98,3.0
hpmcounter9,jump,seed13,99,3.0
hpmcounter9,jump,seed13,100,3.0
hpmcounter9,jump,seed13,101,3.0
hpmcounter9,jump,seed13,102,3.0
hpmcounter9,jump,seed13,103,3.0
hpmcounter9,jump,seed13,104,3.0
hpmcounter9,jump,seed13,105,3.0
hpmcounter9,jump,seed13,106,3.0
hpmcounter9,jump,seed13,107,3.0
hpmcounter9,jump,seed13,108,3.0
hpmcounter9,jump,seed13,109,3.0
hpmcounter9,jump,seed13,110,3.0
hpmcounter9,jump,seed13,111,3.0
hpmcounter9,jump,seed13,112,3.0
hpmcounter9,jump,seed13,113,3.0
hpmcounter9,jump,seed13,114,3.0
hpmcounter9,jump,seed13,115,3.0
hpmcounter9,jump,seed13,116,3.0
hpmcounter9,jump,seed13,117,3.0
hpmcounter9,jump,seed13,118,3.0
hpmcounter9,jump,seed13,119,3.0
hpmcounter9,jump,seed13,120,3.0
hpmcounter9,jump,seed13,121,3.0
hpmcounter9,jump,seed13,122,3.0
hpmcounter9,jump,seed13,123,3.0
hpmcounter9,jump,seed13,124,3.0
hpmcounter9,jump,seed13,125,3.0
hpmcounter9,jump,seed13,126,3.0
hpmcounter9,jump,seed13,127,3.0
hpmcounter9,jump,seed13,128,3.0
hpmcounter9,jump,seed13,129,3.0
hpmcounter9,jump,seed13,130,3.0
hpmcounter9,jump,seed13,131,3.0
hpmcounter9,jump,seed13,132,3.0
hpmcounter9,jump,seed13,133,3.0
hpmcounter9,jump,seed13,134,3.0
hpmcounter9,jump,seed13,135,3.0
hpmcounter9,jump,seed13,136,3.0
hpmcounter9,jump,seed13,137,3.0
hpmcounter9,jump,seed13,138,3.0
hpmcounter9,jump,seed13,139,3.0
hpmcounter9,jump,seed13,140,3.0
hpmcounter9,jump,seed13,141,3.0
hpmcounter9,jump,seed13,142,3.0
hpmcounter9,jump,seed13,143,3.0
hpmcounter9,jump,seed13,144,3.0545454545454547
hpmcounter9,jump,seed13,145,3.1515151515151514
hpmcounter9,jump,seed13,146,3.224242424242424
hpmcounter9,jump,seed13,147,3.272727272727273
hpmcounter9,jump,seed13,148,3.296969696969697
hpmcounter9,jump,seed13,149,3.296969696969697
hpmcounter9,jump,seed13,150,3.272727272727273
hpmcounter9,jump,seed13,151,3.224242424242424
hpmcounter9,jump,seed13,152,3.1515151515151514
hpmcounter9,jump,seed13,153,3.0545454545454547
hpmcounter9,jump,seed13,154,3.0
hpmcounter9,jump,seed13,155,3.0
hpmcounter9,jump,seed13,156,3.0
hpmcounter9,jump,seed13,157,3.0
hpmcounter9,jump,seed13,158,3.0
hpmcounter9,jump,seed13,159,3.0
hpmcounter9,jump,seed13,160,3.0
hpmcounter9,jump,seed13,161,3.0
hpmcounter9,jump,seed13,162,3.0
hpmcounter9,jump,seed13,163,3.0
hpmcounter9,jump,seed13,164,3.0
hpmcounter9,jump,seed13,165,3.0
hpmcounter9,jump,seed13,166,3.0
hpmcounter9,jump,seed13,167,3.0
hpmcounter9,jump,seed13,168,3.0
hpmcounter9,jump,seed13,169,3.0
hpmcounter9,jump,seed13,170,3.0
hpmcounter9,jump,seed13,171,3.0
hpmcounter9,jump,seed13,172,3.0
hpmcounter9,jump,seed13,173,3.0
hpmcounter9,jump,seed13,174,3.0
hpmcounter9,jump,seed13,175,3.0
hpmcounter9,jump,seed13,176,3.0
hpmcounter9,jump,seed13,177,3.0
hpmcounter9,jump,seed13,178,3.0
hpmcounter9,jump,seed13,179,3.0
hpmcounter9,jump,seed13,180,3.0
hpmcounter9,jump,seed13,181,3.0
hpmcounter9,jump,seed13,182,3.0
hpmcounter9,jump,seed13,183,3.0
hpmcounter9,jump,seed13,184,3.0
hpmcounter9,jump,seed13,185,3.0
hpmcounter9,jump,seed13,186,3.0
hpmcounter9,jump,seed13,187,3.0
hpmcounter9,jump,seed13,188,3.0
hpmcounter9,jump,seed13,189,3.0
hpmcounter9,jump,seed13,190,3.0
hpmcounter9,jump,seed13,191,3.0
hpmcounter9,jump,seed13,192,3.0
hpmcounter9,jump,seed13,193,3.0
hpmcounter9,jump,seed13,194,3.0
hpmcounter9,jump,seed13,195,3.0
hpmcounter9,jump,seed13,196,3.0
hpmcounter9,jump,seed13,197,3.0
hpmcounter9,jump,seed13,198,3.0
hpmcounter9,jump,seed13,199,3.0
hpmcounter9,jump,seed13,200,3.0
hpmcounter9,jump,seed13,201,3.0
hpmcounter9,jump,seed13,202,3.0
hpmcounter9,jump,seed13,203,3.0
hpmcounter9,jump,seed13,204,3.0
hpmcounter9,jump,seed13,205,3.0
hpmcounter9,jump,seed13,206,3.0
hpmcounter9,jump,seed13,207,3.0
hpmcounter9,jump,seed13,208,3.0545454545454547
hpmcounter9,jump,seed13,209,3.096969696969697
hpmcounter9,jump,seed13,210,3.1272727272727274
hpmcounter9,jump,seed13,211,3.1454545454545455
hpmcounter9,jump,seed13,212,3.1515151515151514
hpmcounter9,jump,seed13,213,3.1454545454545455
hpmcounter9,jump,seed13,214,3.1272727272727274
hpmcounter9,jump,seed13,215,3.096969696969697
hpmcounter9,jump,seed13,216,3.0545454545454547
hpmcounter9,jump,seed13,217,3.0
hpmcounter9,jump,seed13,218,3.0
hpmcounter9,jump,seed13,219,3.0
hpmcounter9,jump,seed13,220,3.0
hpmcounter9,jump,seed13,221,3.0
hpmcounter9,jump,seed13,222,3.0
hpmcounter9,jump,seed13,223,3.0
hpmcounter9,jump,seed13,224,3.0
hpmcounter9,jump,seed13,225,3.109090909090909
hpmcounter9,jump,seed13,226,3.193939393939394
hpmcounter9,jump,seed13,227,3.2545454545454544
hpmcounter9,jump,seed13,228,3.290909090909091
hpmcounter9,jump,seed13,229,3.303030303030303
hpmcounter9,jump,seed13,230,3.290909090909091
hpmcounter9,jump,seed13,231,3.3636363636363638
hpmcounter9,jump,seed13,232,3.3878787878787877
hpmcounter9,jump,seed13,233,3.3636363636363638
hpmcounter9,jump,seed13,234,3.290909090909091
hpmcounter9,jump,seed13,235,3.303030303030303
hpmcounter9,jump,seed13,236,3.290909090909091
hpmcounter9,jump,seed13,237,3.2545454545454544
hpmcounter9,jump,seed13,238,3.193939393939394
hpmcounter9,jump,seed13,239,3.109090909090909
hpmcounter9,jump,seed13,240,3.0
hpmcounter9,jump,seed13,241,3.0
hpmcounter9,jump,seed13,242,3.0
hpmcounter9,jump,seed13,243,3.0545454545454547
hpmcounter9,jump,seed13,244,3.096969696969697
hpmcounter9,jump,seed13,245,3.1272727272727274
hpmcounter9,jump,seed13,246,3.1454545454545455
hpmcounter9,jump,seed13,247,3.1515151515151514
hpmcounter9,jump,seed13,248,3.1454545454545455
hpmcounter9,jump,seed13,249,3.1272727272727274
hpmcounter9,jump,seed13,250,3.096969696969697
hpmcounter9,jump,seed13,251,3.0545454545454547
hpmcounter9,jump,seed13,252,3.0
hpmcounter9,jump,seed13,253,3.0
hpmcounter9,jump,seed13,254,3.0
hpmcounter9,jump,seed13,255,3.0
hpmcounter9,jump,seed13,256,3.0
hpmcounter9,jump,seed13,257,3.0
hpmcounter9,jump,seed13,258,3.0
hpmcounter9,jump,seed13,259,3.0
hpmcounter9,jump,seed13,260,3.0
hpmcounter9,jump,seed13,261,3.0
hpmcounter9,jump,seed13,262,3.0
hpmcounter9,jump,seed13,263,3.0
hpmcounter9,jump,seed13,264,3.0
hpmcounter9,jump,seed13,265,3.0
hpmcounter9,jump,seed13,266,3.0
hpmcounter9,jump,seed13,267,3.109090909090909
hpmcounter9,jump,seed13,268,3.193939393939394
hpmcounter9,jump,seed13,269,3.2545454545454544
hpmcounter9,jump,seed13,270,3.290909090909091
hpmcounter9,jump,seed13,271,3.303030303030303
hpmcounter9,jump,seed13,272,3.290909090909091
hpmcounter9,jump,seed13,273,3.2545454545454544
hpmcounter9,jump,seed13,274,3.193939393939394
hpmcounter9,jump,seed13,275,3.109090909090909
hpmcounter9,jump,seed13,276,3.0
hpmcounter9,jump,seed13,277,3.0
hpmcounter9,jump,seed13,278,3.0
hpmcounter9,jump,seed13,279,3.0
hpmcounter9,jump,seed13,280,3.0
hpmcounter9,jump,seed13,281,3.0
hpmcounter9,jump,seed13,282,3.0
hpmcounter9,jump,seed13,283,3.0
hpmcounter9,jump,seed13,284,3.0
hpmcounter9,jump,seed13,285,3.0
hpmcounter9,jump,seed13,286,3.0
hpmcounter9,jump,seed13,287,3.0
hpmcounter9,jump,seed13,288,3.0
hpmcounter9,jump,seed13,289,3.0
hpmcounter9,jump,seed13,290,3.0
hpmcounter9,jump,seed13,291,3.0
hpmcounter9,jump,seed13,292,3.0
hpmcounter9,jump,seed13,293,3.0
hpmcounter9,jump,seed13,294,3.0
hpmcounter9,jump,seed13,295,3.0
hpmcounter9,jump,seed13,296,3.0
hpmcounter9,jump,seed13,297,3.0
hpmcounter9,jump,seed13,298,3.0
hpmcounter9,jump,seed14,9,3.2181818181818183
hpmcounter9,jump,seed14,10,3.0
hpmcounter9,jump,seed14,11,3.0
hpmcounter9,jump,seed14,12,3.0
hpmcounter9,jump,seed14,13,3.0
hpmcounter9,jump,seed14,14,3.0
hpmcounter9,jump,seed14,15,3.0
hpmcounter9,jump,seed14,16,3.0
hpmcounter9,jump,seed14,17,3.0
hpmcounter9,jump,seed14,18,3.0
hpmcounter9,jump,seed14,19,3.0
hpmcounter9,jump,seed14,20,3.0
hpmcounter9,jump,seed14,21,3.0
hpmcounter9,jump,seed14,22,3.0
hpmcounter9,jump,seed14,23,3.0
hpmcounter9,jump,seed14,24,3.0
hpmcounter9,jump,seed14,25,3.0
hpmcounter9,jump,seed14,26,3.0
hpmcounter9,jump,seed14,27,3.0
hpmcounter9,jump,seed14,28,3.0
hpmcounter9,jump,seed14,29,3.0
hpmcounter9,jump,seed14,30,3.0
hpmcounter9,jump,seed14,31,3.0
hpmcounter9,jump,seed14,32,3.0
hpmcounter9,jump,seed14,33,3.0
hpmcounter9,jump,seed14,34,3.0
hpmcounter9,jump,seed14,35,3.0
hpmcounter9,jump,seed14,36,3.0
hpmcounter9,jump,seed14,37,3.0
hpmcounter9,jump,seed14,38,3.0
hpmcounter9,jump,seed14,39,3.0
hpmcounter9,jump,seed14,40,3.0
hpmcounter9,jump,seed14,41,3.0
hpmcounter9,jump,seed14,42,3.0
hpmcounter9,jump,seed14,43,3.0
hpmcounter9,jump,seed14,44,3.0
hpmcounter9,jump,seed14,45,3.0
hpmcounter9,jump,seed14,46,3.0
hpmcounter9,jump,seed14,47,3.0
hpmcounter9,jump,seed14,48,3.0
hpmcounter9,jump,seed14,49,3.0
hpmcounter9,jump,seed14,50,3.0
hpmcounter9,jump,seed14,51,3.0
hpmcounter9,jump,seed14,52,3.109090909090909
hpmcounter9,jump,seed14,53,3.193939393939394
hpmcounter9,jump,seed14,54,3.2545454545454544
hpmcounter9,jump,seed14,55,3.290909090909091
hpmcounter9,jump,seed14,56,3.303030303030303
hpmcounter9,jump,seed14,57,3.290909090909091
hpmcounter9,jump,seed14,58,3.2545454545454544
hpmcounter9,jump,seed14,59,3.193939393939394
hpmcounter9,jump,seed14,60,3.109090909090909
hpmcounter9,jump,seed14,61,3.0
hpmcounter9,jump,seed14,62,3.0
hpmcounter9,jump,seed14,63,3.0
hpmcounter9,jump,seed14,64,3.0
hpmcounter9,jump,seed14,65,3.0
hpmcounter9,jump,seed14,66,3.0
hpmcounter9,jump,seed14,67,3.0
hpmcounter9,jump,seed14,68,3.0
hpmcounter9,jump,seed14,69,3.0
hpmcounter9,jump,seed14,70,3.0
hpmcounter9,jump,seed14,71,3.0
hpmcounter9,jump,seed14,72,3.0
hpmcounter9,jump,seed14,73,3.0
hpmcounter9,jump,seed14,74,3.0
hpmcounter9,jump,seed14,75,3.0
hpmcounter9,jump,seed14,76,3.0
hpmcounter9,jump,seed14,77,3.0
hpmcounter9,jump,seed14,78,3.0
hpmcounter9,jump,seed14,79,3.0
hpmcounter9,jump,seed14,80,3.0
hpmcounter9,jump,seed14,81,3.0
hpmcounter9,jump,seed14,82,3.0545454545454547
hpmcounter9,jump,seed14,83,3.096969696969697
hpmcounter9,jump,seed14,84,3.1272727272727274
hpmcounter9,jump,seed14,85,3.1454545454545455
hpmcounter9,jump,seed14,86,3.1515151515151514
hpmcounter9,jump,seed14,87,3.1454545454545455
hpmcounter9,jump,seed14,88,3.1818181818181817
hpmcounter9,jump,seed14,89,3.193939393939394
hpmcounter9,jump,seed14,90,3.1818181818181817
hpmcounter9,jump,seed14,91,3.1454545454545455
hpmcounter9,jump,seed14,92,3.206060606060606
hpmcounter9,jump,seed14,93,3.296969696969697
hpmcounter9,jump,seed14,94,3.3515151515151516
hpmcounter9,jump,seed14,95,3.3696969696969696
hpmcounter9,jump,seed14,96,3.3515151515151516
hpmcounter9,jump,seed14,97,3.296969696969697
hpmcounter9,jump,seed14,98,3.272727272727273
hpmcounter9,jump,seed14,99,3.224242424242424
hpmcounter9,jump,seed14,100,3.1515151515151514
hpmcounter9,jump,seed14,101,3.0545454545454547
hpmcounter9,jump,seed14,102,3.0
hpmcounter9,jump,seed14,103,3.0
hpmcounter9,jump,seed14,104,3.0
hpmcounter9,jump,seed14,105,3.0
hpmcounter9,jump,seed14,106,3.0
hpmcounter9,jump,seed14,107,3.0
hpmcounter9,jump,seed14,108,3.0
hpmcounter9,jump,seed14,109,3.0
hpmcounter9,jump,seed14,110,3.0
hpmcounter9,jump,seed14,111,3.0
hpmcounter9,jump,seed14,112,3.0
hpmcounter9,jump,seed14,113,3.0
hpmcounter9,jump,seed14,114,3.0
hpmcounter9,jump,seed14,115,3.0
hpmcounter9,jump,seed14,116,3.0
hpmcounter9,jump,seed14,117,3.0
hpmcounter9,jump,seed14,118,3.0
hpmcounter9,jump,seed14,119,3.0
hpmcounter9,jump,seed14,120,3.0
hpmcounter9,jump,seed14,121,3.0
hpmcounter9,jump,seed14,122,3.0545454545454547
hpmcounter9,jump,seed14,123,3.096969696969697
hpmcounter9,jump,seed14,124,3.1272727272727274
hpmcounter9,jump,seed14,125,3.1454545454545455
hpmcounter9,jump,seed14,126,3.1515151515151514
hpmcounter9,jump,seed14,127,3.1454545454545455
hpmcounter9,jump,seed14,128,3.2363636363636363
hpmcounter9,jump,seed14,129,3.290909090909091
hpmcounter9,jump,seed14,130,3.309090909090909
hpmcounter9,jump,seed14,131,3.290909090909091
hpmcounter9,jump,seed14,132,3.303030303030303
hpmcounter9,jump,seed14,133,3.290909090909091
hpmcounter9,jump,seed14,134,3.2545454545454544
hpmcounter9,jump,seed14,135,3.193939393939394
hpmcounter9,jump,seed14,136,3.109090909090909
hpmcounter9,jump,seed14,137,3.0
hpmcounter9,jump,seed14,138,3.0
hpmcounter9,jump,seed14,139,3.0
hpmcounter9,jump,seed14,140,3.0
hpmcounter9,jump,seed14,141,3.0
hpmcounter9,jump,seed14,142,3.0
hpmcounter9,jump,seed14,143,3.0
hpmcounter9,jump,seed14,144,3.0
hpmcounter9,jump,seed14,145,3.0
hpmcounter9,jump,seed14,146,3.0
hpmcounter9,jump,seed14,147,3.0
hpmcounter9,jump,seed14,148,3.0
hpmcounter9,jump,seed14,149,3.0
hpmcounter9,jump,seed14,150,3.0
hpmcounter9,jump,seed14,151,3.0
hpmcounter9,jump,seed14,152,3.0
hpmcounter9,jump,seed14,153,3.0
hpmcounter9,jump,seed14,154,3.0
hpmcounter9,jump,seed14,155,3.0
hpmcounter9,jump,seed14,156,3.0
hpmcounter9,jump,seed14,157,3.0
hpmcounter9,jump,seed14,158,3.0
hpmcounter9,jump,seed14,159,3.0
hpmcounter9,jump,seed14,160,3.0
hpmcounter9,jump,seed14,161,3.0
hpmcounter9,jump,seed14,162,3.0
hpmcounter9,jump,seed14,163,3.0
hpmcounter9,jump,seed14,164,3.109090909090909
hpmcounter9,jump,seed14,165,3.193939393939394
hpmcounter9,jump,seed14,166,3.2545454545454544
hpmcounter9,jump,seed14,167,3.290909090909091
hpmcounter9,jump,seed14,168,3.303030303030303
hpmcounter9,jump,seed14,169,3.3454545454545452
hpmcounter9,jump,seed14,170,3.3515151515151516
hpmcounter9,jump,seed14,171,3.3212121212121213
hpmcounter9,jump,seed14,172,3.2545454545454544
hpmcounter9,jump,seed14,173,3.1515151515151514
hpmcounter9,jump,seed14,174,3.1454545454545455
hpmcounter9,jump,seed14,175,3.1272727272727274
hpmcounter9,jump,seed14,176,3.096969696969697
hpmcounter9,jump,seed14,177,3.0545454545454547
hpmcounter9,jump,seed14,178,3.0
hpmcounter9,jump,seed14,179,3.0
hpmcounter9,jump,seed14,180,3.0
hpmcounter9,jump,seed14,181,3.0
hpmcounter9,jump,seed14,182,3.0
hpmcounter9,jump,seed14,183,3.0
hpmcounter9,jump,seed14,184,3.0
hpmcounter9,jump,seed14,185,3.0
hpmcounter9,jump,seed14,186,3.0
hpmcounter9,jump,seed14,187,3.0
hpmcounter9,jump,seed14,188,3.0
hpmcounter9,jump,seed14,189,3.0
hpmcounter9,jump,seed14,190,3.0
hpmcounter9,jump,seed14,191,3.0
hpmcounter9,jump,seed14,192,3.0
hpmcounter9,jump,seed14,193,3.0
hpmcounter9,jump,seed14,194,3.0
hpmcounter9,jump,seed14,195,3.0
hpmcounter9,jump,seed14,196,3.0
hpmcounter9,jump,seed14,197,3.0
hpmcounter9,jump,seed14,198,3.0
hpmcounter9,jump,seed14,199,3.0
hpmcounter9,jump,seed14,200,3.0
hpmcounter9,jump,seed14,201,3.0
hpmcounter9,jump,seed14,202,3.0
hpmcounter9,jump,seed14,203,3.0
hpmcounter9,jump,seed14,204,3.0
hpmcounter9,jump,seed14,205,3.0
hpmcounter9,jump,seed14,206,3.0
hpmcounter9,jump,seed14,207,3.0
hpmcounter9,jump,seed14,208,3.0
hpmcounter9,jump,seed14,209,3.0
hpmcounter9,jump,seed14,210,3.0
hpmcounter9,jump,seed14,211,3.0
hpmcounter9,jump,seed14,212,3.0
hpmcounter9,jump,seed14,213,3.0
hpmcounter9,jump,seed14,214,3.0
hpmcounter9,jump,seed14,215,3.0
hpmcounter9,jump,seed14,216,3.0
hpmcounter9,jump,seed14,217,3.0
hpmcounter9,jump,seed14,218,3.0
hpmcounter9,jump,seed14,219,3.0
hpmcounter9,jump,seed14,220,3.0
hpmcounter9,jump,seed14,221,3.0
hpmcounter9,jump,seed14,222,3.0
hpmcounter9,jump,seed14,223,3.0
hpmcounter9,jump,seed14,224,3.0
hpmcounter9,jump,seed14,225,3.0
hpmcounter9,jump,seed14,226,3.0
hpmcounter9,jump,seed14,227,3.0
hpmcounter9,jump,seed14,228,3.0
hpmcounter9,jump,seed14,229,3.0
hpmcounter9,jump,seed14,230,3.0
hpmcounter9,jump,seed14,231,3.0
hpmcounter9,jump,seed14,232,3.0
hpmcounter9,jump,seed14,233,3.0
hpmcounter9,jump,seed14,234,3.0
hpmcounter9,jump,seed14,235,3.0
hpmcounter9,jump,seed14,236,3.0
hpmcounter9,jump,seed14,237,3.0
hpmcounter9,jump,seed14,238,3.0
hpmcounter9,jump,seed14,239,3.0
hpmcounter9,jump,seed14,240,3.0
hpmcounter9,jump,seed14,241,3.0
hpmcounter9,jump,seed14,242,3.0
hpmcounter9,jump,seed14,243,3.0
hpmcounter9,jump,seed14,244,3.0
hpmcounter9,jump,seed14,245,3.0
hpmcounter9,jump,seed14,246,3.0
hpmcounter9,jump,seed14,247,3.0
hpmcounter9,jump,seed14,248,3.0
hpmcounter9,jump,seed14,249,3.0
hpmcounter9,jump,seed14,250,3.0
hpmcounter9,jump,seed14,251,3.0
hpmcounter9,jump,seed14,252,3.0
hpmcounter9,jump,seed14,253,3.0
hpmcounter9,jump,seed14,254,3.0
hpmcounter9,jump,seed14,255,3.0
hpmcounter9,jump,seed14,256,3.0
hpmcounter9,jump,seed14,257,3.0
hpmcounter9,jump,seed14,258,3.0
hpmcounter9,jump,seed14,259,3.0
hpmcounter9,jump,seed14,260,3.0
hpmcounter9,jump,seed14,261,3.0
hpmcounter9,jump,seed14,262,3.0
hpmcounter9,jump,seed14,263,3.0
hpmcounter9,jump,seed14,264,3.0
hpmcounter9,jump,seed14,265,3.0
hpmcounter9,jump,seed14,266,3.0
hpmcounter9,jump,seed14,267,3.0
hpmcounter9,jump,seed14,268,3.0
hpmcounter9,jump,seed14,269,3.0
hpmcounter9,jump,seed14,270,3.0
hpmcounter9,jump,seed14,271,3.0
hpmcounter9,jump,seed14,272,3.0
hpmcounter9,jump,seed14,273,3.0
hpmcounter9,jump,seed14,274,3.0
hpmcounter9,jump,seed14,275,3.0
hpmcounter9,jump,seed14,276,3.0
hpmcounter9,jump,seed14,277,3.0
hpmcounter9,jump,seed14,278,3.0
hpmcounter9,jump,seed14,279,3.0
hpmcounter9,jump,seed14,280,3.0
hpmcounter9,jump,seed14,281,3.0
hpmcounter9,jump,seed14,282,3.0
hpmcounter9,jump,seed14,283,3.0
hpmcounter9,jump,seed14,284,3.0
hpmcounter9,jump,seed14,285,3.0
hpmcounter9,jump,seed14,286,3.0
hpmcounter9,jump,seed14,287,3.0
hpmcounter9,jump,seed14,288,3.0
hpmcounter9,jump,seed14,289,3.0
hpmcounter9,jump,seed14,290,3.0
hpmcounter9,jump,seed14,291,3.0
hpmcounter9,jump,seed14,292,3.0
hpmcounter9,jump,seed14,293,3.0
hpmcounter9,jump,seed14,294,3.0
hpmcounter9,jump,seed14,295,3.0
hpmcounter9,jump,seed14,296,3.0
hpmcounter9,jump,seed14,297,3.0
hpmcounter9,jump,seed14,298,3.0
hpmcounter9,jump,seed15,9,3.2181818181818183
hpmcounter9,jump,seed15,10,3.0
hpmcounter9,jump,seed15,11,3.0
hpmcounter9,jump,seed15,12,3.0
hpmcounter9,jump,seed15,13,3.0
hpmcounter9,jump,seed15,14,3.0
hpmcounter9,jump,seed15,15,3.0
hpmcounter9,jump,seed15,16,3.0
hpmcounter9,jump,seed15,17,3.0
hpmcounter9,jump,seed15,18,3.0
hpmcounter9,jump,seed15,19,3.0
hpmcounter9,jump,seed15,20,3.0
hpmcounter9,jump,seed15,21,3.0
hpmcounter9,jump,seed15,22,3.0
hpmcounter9,jump,seed15,23,3.0
hpmcounter9,jump,seed15,24,3.0
hpmcounter9,jump,seed15,25,3.0
hpmcounter9,jump,seed15,26,3.0
hpmcounter9,jump,seed15,27,3.0
hpmcounter9,jump,seed15,28,3.0
hpmcounter9,jump,seed15,29,3.0
hpmcounter9,jump,seed15,30,3.0
hpmcounter9,jump,seed15,31,3.0
hpmcounter9,jump,seed15,32,3.0
hpmcounter9,jump,seed15,33,3.0
hpmcounter9,jump,seed15,34,3.0
hpmcounter9,jump,seed15,35,3.0
hpmcounter9,jump,seed15,36,3.0
hpmcounter9,jump,seed15,37,3.0
hpmcounter9,jump,seed15,38,3.0
hpmcounter9,jump,seed15,39,3.0
hpmcounter9,jump,seed15,40,3.0
hpmcounter9,jump,seed15,41,3.0
hpmcounter9,jump,seed15,42,3.0
hpmcounter9,jump,seed15,43,3.0
hpmcounter9,jump,seed15,44,3.0
hpmcounter9,jump,seed15,45,3.0
hpmcounter9,jump,seed15,46,3.0
hpmcounter9,jump,seed15,47,3.0
hpmcounter9,jump,seed15,48,3.0
hpmcounter9,jump,seed15,49,3.0
hpmcounter9,jump,seed15,50,3.0
hpmcounter9,jump,seed15,51,3.0
hpmcounter9,jump,seed15,52,3.0
hpmcounter9,jump,seed15,53,3.0
hpmcounter9,jump,seed15,54,3.0
hpmcounter9,jump,seed15,55,3.0
hpmcounter9,jump,seed15,56,3.0
hpmcounter9,jump,seed15,57,3.0
hpmcounter9,jump,seed15,58,3.0
hpmcounter9,jump,seed15,59,3.0
hpmcounter9,jump,seed15,60,3.0
hpmcounter9,jump,seed15,61,3.0
hpmcounter9,jump,seed15,62,3.0
hpmcounter9,jump,seed15,63,3.0
hpmcounter9,jump,seed15,64,3.0
hpmcounter9,jump,seed15,65,3.0
hpmcounter9,jump,seed15,66,3.0
hpmcounter9,jump,seed15,67,3.0
hpmcounter9,jump,seed15,68,3.0
hpmcounter9,jump,seed15,69,3.0
hpmcounter9,jump,seed15,70,3.0
hpmcounter9,jump,seed15,71,3.0
hpmcounter9,jump,seed15,72,3.0
hpmcounter9,jump,seed15,73,3.0
hpmcounter9,jump,seed15,74,3.0
hpmcounter9,jump,seed15,75,3.0
hpmcounter9,jump,seed15,76,3.0
hpmcounter9,jump,seed15,77,3.0
hpmcounter9,jump,seed15,78,3.0
hpmcounter9,jump,seed15,79,3.0
hpmcounter9,jump,seed15,80,3.0
hpmcounter9,jump,seed15,81,3.0
hpmcounter9,jump,seed15,82,3.0
hpmcounter9,jump,seed15,83,3.0
hpmcounter9,jump,seed15,84,3.0
hpmcounter9,jump,seed15,85,3.0
hpmcounter9,jump,seed15,86,3.0
hpmcounter9,jump,seed15,87,3.0
hpmcounter9,jump,seed15,88,3.0
hpmcounter9,jump,seed15,89,3.0
hpmcounter9,jump,seed15,90,3.0
hpmcounter9,jump,seed15,91,3.0
hpmcounter9,jump,seed15,92,3.0
hpmcounter9,jump,seed15,93,3.0
hpmcounter9,jump,seed15,94,3.0
hpmcounter9,jump,seed15,95,3.0
hpmcounter9,jump,seed15,96,3.0
hpmcounter9,jump,seed15,97,3.0
hpmcounter9,jump,seed15,98,3.0
hpmcounter9,jump,seed15,99,3.0
hpmcounter9,jump,seed15,100,3.0
hpmcounter9,jump,seed15,101,3.0
hpmcounter9,jump,seed15,102,3.0
hpmcounter9,jump,seed15,103,3.0
hpmcounter9,jump,seed15,104,3.0
hpmcounter9,jump,seed15,105,3.0
hpmcounter9,jump,seed15,106,3.0
hpmcounter9,jump,seed15,107,3.0
hpmcounter9,jump,seed15,108,3.0
hpmcounter9,jump,seed15,109,3.0
hpmcounter9,jump,seed15,110,3.0
hpmcounter9,jump,seed15,111,3.0
hpmcounter9,jump,seed15,112,3.0
hpmcounter9,jump,seed15,113,3.0
hpmcounter9,jump,seed15,114,3.0
hpmcounter9,jump,seed15,115,3.0
hpmcounter9,jump,seed15,116,3.0
hpmcounter9,jump,seed15,117,3.0
hpmcounter9,jump,seed15,118,3.0
hpmcounter9,jump,seed15,119,3.0
hpmcounter9,jump,seed15,120,3.0
hpmcounter9,jump,seed15,121,3.0545454545454547
hpmcounter9,jump,seed15,122,3.096969696969697
hpmcounter9,jump,seed15,123,3.1272727272727274
hpmcounter9,jump,seed15,124,3.1454545454545455
hpmcounter9,jump,seed15,125,3.1515151515151514
hpmcounter9,jump,seed15,126,3.1454545454545455
hpmcounter9,jump,seed15,127,3.1272727272727274
hpmcounter9,jump,seed15,128,3.096969696969697
hpmcounter9,jump,seed15,129,3.0545454545454547
hpmcounter9,jump,seed15,130,3.0
hpmcounter9,jump,seed15,131,3.0
hpmcounter9,jump,seed15,132,3.0
hpmcounter9,jump,seed15,133,3.0
hpmcounter9,jump,seed15,134,3.0
hpmcounter9,jump,seed15,135,3.0
hpmcounter9,jump,seed15,136,3.0
hpmcounter9,jump,seed15,137,3.0
hpmcounter9,jump,seed15,138,3.0
hpmcounter9,jump,seed15,139,3.0
hpmcounter9,jump,seed15,140,3.0
hpmcounter9,jump,seed15,141,3.0
hpmcounter9,jump,seed15,142,3.0
hpmcounter9,jump,seed15,143,3.0
hpmcounter9,jump,seed15,144,3.0
hpmcounter9,jump,seed15,145,3.0
hpmcounter9,jump,seed15,146,3.0
hpmcounter9,jump,seed15,147,3.0
hpmcounter9,jump,seed15,148,3.0
hpmcounter9,jump,seed15,149,3.0
hpmcounter9,jump,seed15,150,3.0
hpmcounter9,jump,seed15,151,3.0
hpmcounter9,jump,seed15,152,3.0
hpmcounter9,jump,seed15,153,3.0
hpmcounter9,jump,seed15,154,3.0
hpmcounter9,jump,seed15,155,3.0
hpmcounter9,jump,seed15,156,3.0
hpmcounter9,jump,seed15,157,3.0
hpmcounter9,jump,seed15,158,3.0
hpmcounter9,jump,seed15,159,3.0
hpmcounter9,jump,seed15,160,3.0
hpmcounter9,jump,seed15,161,3.0
hpmcounter9,jump,seed15,162,3.0
hpmcounter9,jump,seed15,163,3.0
hpmcounter9,jump,seed15,164,3.0
hpmcounter9,jump,seed15,165,3.0
hpmcounter9,jump,seed15,166,3.0
hpmcounter9,jump,seed15,167,3.0
hpmcounter9,jump,seed15,168,3.0
hpmcounter9,jump,seed15,169,3.0
hpmcounter9,jump,seed15,170,3.0
hpmcounter9,jump,seed15,171,3.0
hpmcounter9,jump,seed15,172,3.0
hpmcounter9,jump,seed15,173,3.0
hpmcounter9,jump,seed15,174,3.0
hpmcounter9,jump,seed15,175,3.0
hpmcounter9,jump,seed15,176,3.0
hpmcounter9,jump,seed15,177,3.0
hpmcounter9,jump,seed15,178,3.0
hpmcounter9,jump,seed15,179,3.0
hpmcounter9,jump,seed15,180,3.0
hpmcounter9,jump,seed15,181,3.0
hpmcounter9,jump,seed15,182,3.0
hpmcounter9,jump,seed15,183,3.0
hpmcounter9,jump,seed15,184,3.0
hpmcounter9,jump,seed15,185,3.0
hpmcounter9,jump,seed15,186,3.0
hpmcounter9,jump,seed15,187,3.0
hpmcounter9,jump,seed15,188,3.0
hpmcounter9,jump,seed15,189,3.0
hpmcounter9,jump,seed15,190,3.0
hpmcounter9,jump,seed15,191,3.0
hpmcounter9,jump,seed15,192,3.0
hpmcounter9,jump,seed15,193,3.0
hpmcounter9,jump,seed15,194,3.0
hpmcounter9,jump,seed15,195,3.0
hpmcounter9,jump,seed15,196,3.0
hpmcounter9,jump,seed15,197,3.0
hpmcounter9,jump,seed15,198,3.0
hpmcounter9,jump,seed15,199,3.0
hpmcounter9,jump,seed15,200,3.0
hpmcounter9,jump,seed15,201,3.0
hpmcounter9,jump,seed15,202,3.0
hpmcounter9,jump,seed15,203,3.0
hpmcounter9,jump,seed15,204,3.0
hpmcounter9,jump,seed15,205,3.0
hpmcounter9,jump,seed15,206,3.0
hpmcounter9,jump,seed15,207,3.0
hpmcounter9,jump,seed15,208,3.0
hpmcounter9,jump,seed15,209,3.0
hpmcounter9,jump,seed15,210,3.0
hpmcounter9,jump,seed15,211,3.0
hpmcounter9,jump,seed15,212,3.109090909090909
hpmcounter9,jump,seed15,213,3.193939393939394
hpmcounter9,jump,seed15,214,3.2545454545454544
hpmcounter9,jump,seed15,215,3.290909090909091
hpmcounter9,jump,seed15,216,3.303030303030303
hpmcounter9,jump,seed15,217,3.290909090909091
hpmcounter9,jump,seed15,218,3.2545454545454544
hpmcounter9,jump,seed15,219,3.193939393939394
hpmcounter9,jump,seed15,220,3.109090909090909
hpmcounter9,jump,seed15,221,3.0
hpmcounter9,jump,seed15,222,3.0
hpmcounter9,jump,seed15,223,3.0
hpmcounter9,jump,seed15,224,3.0
hpmcounter9,jump,seed15,225,3.0
hpmcounter9,jump,seed15,226,3.0
hpmcounter9,jump,seed15,227,3.0
hpmcounter9,jump,seed15,228,3.0
hpmcounter9,jump,seed15,229,3.0
hpmcounter9,jump,seed15,230,3.0
hpmcounter9,jump,seed15,231,3.0
hpmcounter9,jump,seed15,232,3.0
hpmcounter9,jump,seed15,233,3.0
hpmcounter9,jump,seed15,234,3.0
hpmcounter9,jump,seed15,235,3.0
hpmcounter9,jump,seed15,236,3.0
hpmcounter9,jump,seed15,237,3.0
hpmcounter9,jump,seed15,238,3.0
hpmcounter9,jump,seed15,239,3.0
hpmcounter9,jump,seed15,240,3.0
hpmcounter9,jump,seed15,241,3.0
hpmcounter9,jump,seed15,242,3.0
hpmcounter9,jump,seed15,243,3.0
hpmcounter9,jump,seed15,244,3.0
hpmcounter9,jump,seed15,245,3.0
hpmcounter9,jump,seed15,246,3.0
hpmcounter9,jump,seed15,247,3.0
hpmcounter9,jump,seed15,248,3.0
hpmcounter9,jump,seed15,249,3.0
hpmcounter9,jump,seed15,250,3.0
hpmcounter9,jump,seed15,251,3.0
hpmcounter9,jump,seed15,252,3.0
hpmcounter9,jump,seed15,253,3.0
hpmcounter9,jump,seed15,254,3.0
hpmcounter9,jump,seed15,255,3.0
hpmcounter9,jump,seed15,256,3.0
hpmcounter9,jump,seed15,257,3.0
hpmcounter9,jump,seed15,258,3.0
hpmcounter9,jump,seed15,259,3.0
hpmcounter9,jump,seed15,260,3.0
hpmcounter9,jump,seed15,261,3.0
hpmcounter9,jump,seed15,262,3.0
hpmcounter9,jump,seed15,263,3.0
hpmcounter9,jump,seed15,264,3.0
hpmcounter9,jump,seed15,265,3.0
hpmcounter9,jump,seed15,266,3.0
hpmcounter9,jump,seed15,267,3.0
hpmcounter9,jump,seed15,268,3.0
hpmcounter9,jump,seed15,269,3.0
hpmcounter9,jump,seed15,270,3.0
hpmcounter9,jump,seed15,271,3.0
hpmcounter9,jump,seed15,272,3.0
hpmcounter9,jump,seed15,273,3.0
hpmcounter9,jump,seed15,274,3.0
hpmcounter9,jump,seed15,275,3.0
hpmcounter9,jump,seed15,276,3.0
hpmcounter9,jump,seed15,277,3.0
hpmcounter9,jump,seed15,278,3.0
hpmcounter9,jump,seed15,279,3.0
hpmcounter9,jump,seed15,280,3.0
hpmcounter9,jump,seed15,281,3.0
hpmcounter9,jump,seed15,282,3.0
hpmcounter9,jump,seed15,283,3.0
hpmcounter9,jump,seed15,284,3.0
hpmcounter9,jump,seed15,285,3.0
hpmcounter9,jump,seed15,286,3.0
hpmcounter9,jump,seed15,287,3.0
hpmcounter9,jump,seed15,288,3.0
hpmcounter9,jump,seed15,289,3.0
hpmcounter9,jump,seed15,290,3.0
hpmcounter9,jump,seed15,291,3.0
hpmcounter9,jump,seed15,292,3.0
hpmcounter9,jump,seed15,293,3.0
hpmcounter9,jump,seed15,294,3.0
hpmcounter9,jump,seed15,295,3.0
hpmcounter9,jump,seed15,296,3.0
hpmcounter9,jump,seed15,297,3.0
hpmcounter9,jump,seed15,298,3.0
hpmcounter9,jump,seed16,9,3.3636363636363638
hpmcounter9,jump,seed16,10,3.1515151515151514
hpmcounter9,jump,seed16,11,3.1454545454545455
hpmcounter9,jump,seed16,12,3.1272727272727274
hpmcounter9,jump,seed16,13,3.096969696969697
hpmcounter9,jump,seed16,14,3.0545454545454547
hpmcounter9,jump,seed16,15,3.0
hpmcounter9,jump,seed16,16,3.0
hpmcounter9,jump,seed16,17,3.0
hpmcounter9,jump,seed16,18,3.0
hpmcounter9,jump,seed16,19,3.0
hpmcounter9,jump,seed16,20,3.0
hpmcounter9,jump,seed16,21,3.0
hpmcounter9,jump,seed16,22,3.0
hpmcounter9,jump,seed16,23,3.0
hpmcounter9,jump,seed16,24,3.0
hpmcounter9,jump,seed16,25,3.0
hpmcounter9,jump,seed16,26,3.0
hpmcounter9,jump,seed16,27,3.0
hpmcounter9,jump,seed16,28,3.0
hpmcounter9,jump,seed16,29,3.0
hpmcounter9,jump,seed16,30,3.0
hpmcounter9,jump,seed16,31,3.0
hpmcounter9,jump,seed16,32,3.0
hpmcounter9,jump,seed16,33,3.0
hpmcounter9,jump,seed16,34,3.0
hpmcounter9,jump,seed16,35,3.0
hpmcounter9,jump,seed16,36,3.0
hpmcounter9,jump,seed16,37,3.0
hpmcounter9,jump,seed16,38,3.0
hpmcounter9,jump,seed16,39,3.0
hpmcounter9,jump,seed16,40,3.0
hpmcounter9,jump,seed16,41,3.0
hpmcounter9,jump,seed16,42,3.0
hpmcounter9,jump,seed16,43,3.0
hpmcounter9,jump,seed16,44,3.0
hpmcounter9,jump,seed16,45,3.0
hpmcounter9,jump,seed16,46,3.0
hpmcounter9,jump,seed16,47,3.0
hpmcounter9,jump,seed16,48,3.0
hpmcounter9,jump,seed16,49,3.0
hpmcounter9,jump,seed16,50,3.0
hpmcounter9,jump,seed16,51,3.0
hpmcounter9,jump,seed16,52,3.0
hpmcounter9,jump,seed16,53,3.0
hpmcounter9,jump,seed16,54,3.0
hpmcounter9,jump,seed16,55,3.0
hpmcounter9,jump,seed16,56,3.0
hpmcounter9,jump,seed16,57,3.0
hpmcounter9,jump,seed16,58,3.0
hpmcounter9,jump,seed16,59,3.0
hpmcounter9,jump,seed16,60,3.0
hpmcounter9,jump,seed16,61,3.0
hpmcounter9,jump,seed16,62,3.0
hpmcounter9,jump,seed16,63,3.0
hpmcounter9,jump,seed16,64,3.0
hpmcounter9,jump,seed16,65,3.0
hpmcounter9,jump,seed16,66,3.0
hpmcounter9,jump,seed16,67,3.0
hpmcounter9,jump,seed16,68,3.0
hpmcounter9,jump,seed16,69,3.0
hpmcounter9,jump,seed16,70,3.0
hpmcounter9,jump,seed16,71,3.0
hpmcounter9,jump,seed16,72,3.0
hpmcounter9,jump,seed16,73,3.0
hpmcounter9,jump,seed16,74,3.0
hpmcounter9,jump,seed16,75,3.0
hpmcounter9,jump,seed16,76,3.0
hpmcounter9,jump,seed16,77,3.0
hpmcounter9,jump,seed16,78,3.0
hpmcounter9,jump,seed16,79,3.109090909090909
hpmcounter9,jump,seed16,80,3.193939393939394
hpmcounter9,jump,seed16,81,3.2545454545454544
hpmcounter9,jump,seed16,82,3.290909090909091
hpmcounter9,jump,seed16,83,3.303030303030303
hpmcounter9,jump,seed16,84,3.290909090909091
hpmcounter9,jump,seed16,85,3.2545454545454544
hpmcounter9,jump,seed16,86,3.193939393939394
hpmcounter9,jump,seed16,87,3.109090909090909
hpmcounter9,jump,seed16,88,3.0
hpmcounter9,jump,seed16,89,3.0
hpmcounter9,jump,seed16,90,3.0
hpmcounter9,jump,seed16,91,3.0
hpmcounter9,jump,seed16,92,3.0
hpmcounter9,jump,seed16,93,3.0
hpmcounter9,jump,seed16,94,3.0
hpmcounter9,jump,seed16,95,3.0
hpmcounter9,jump,seed16,96,3.0
hpmcounter9,jump,seed16,97,3.0
hpmcounter9,jump,seed16,98,3.0
hpmcounter9,jump,seed16,99,3.0
hpmcounter9,jump,seed16,100,3.0
hpmcounter9,jump,seed16,101,3.0
hpmcounter9,jump,seed16,102,3.0
hpmcounter9,jump,seed16,103,3.0
hpmcounter9,jump,seed16,104,3.0
hpmcounter9,jump,seed16,105,3.0
hpmcounter9,jump,seed16,106,3.0
hpmcounter9,jump,seed16,107,3.0
hpmcounter9,jump,seed16,108,3.0
hpmcounter9,jump,seed16,109,3.0
hpmcounter9,jump,seed16,110,3.0
hpmcounter9,jump,seed16,111,3.0
hpmcounter9,jump,seed16,112,3.0
hpmcounter9,jump,seed16,113,3.0
hpmcounter9,jump,seed16,114,3.0
hpmcounter9,jump,seed16,115,3.0
hpmcounter9,jump,seed16,116,3.0
hpmcounter9,jump,seed16,117,3.0
hpmcounter9,jump,seed16,118,3.0
hpmcounter9,jump,seed16,119,3.0
hpmcounter9,jump,seed16,120,3.0
hpmcounter9,jump,seed16,121,3.0
hpmcounter9,jump,seed16,122,3.0
hpmcounter9,jump,seed16,123,3.0
hpmcounter9,jump,seed16,124,3.0
hpmcounter9,jump,seed16,125,3.0
hpmcounter9,jump,seed16,126,3.0
hpmcounter9,jump,seed16,127,3.0
hpmcounter9,jump,seed16,128,3.0
hpmcounter9,jump,seed16,129,3.0
hpmcounter9,jump,seed16,130,3.0
hpmcounter9,jump,seed16,131,3.0
hpmcounter9,jump,seed16,132,3.0
hpmcounter9,jump,seed16,133,3.0
hpmcounter9,jump,seed16,134,3.0
hpmcounter9,jump,seed16,135,3.0
hpmcounter9,jump,seed16,136,3.0
hpmcounter9,jump,seed16,137,3.0
hpmcounter9,jump,seed16,138,3.0
hpmcounter9,jump,seed16,139,3.0
hpmcounter9,jump,seed16,140,3.0
hpmcounter9,jump,seed16,141,3.109090909090909
hpmcounter9,jump,seed16,142,3.193939393939394
hpmcounter9,jump,seed16,143,3.2545454545454544
hpmcounter9,jump,seed16,144,3.290909090909091
hpmcounter9,jump,seed16,145,3.303030303030303
hpmcounter9,jump,seed16,146,3.290909090909091
hpmcounter9,jump,seed16,147,3.2545454545454544
hpmcounter9,jump,seed16,148,3.193939393939394
hpmcounter9,jump,seed16,149,3.109090909090909
hpmcounter9,jump,seed16,150,3.0
hpmcounter9,jump,seed16,151,3.0
hpmcounter9,jump,seed16,152,3.0
hpmcounter9,jump,seed16,153,3.0
hpmcounter9,jump,seed16,154,3.0
hpmcounter9,jump,seed16,155,3.0
hpmcounter9,jump,seed16,156,3.0
hpmcounter9,jump,seed16,157,3.0
hpmcounter9,jump,seed16,158,3.0
hpmcounter9,jump,seed16,159,3.0
hpmcounter9,jump,seed16,160,3.0
hpmcounter9,jump,seed16,161,3.0
hpmcounter9,jump,seed16,162,3.0
hpmcounter9,jump,seed16,163,3.0
hpmcounter9,jump,seed16,164,3.0
hpmcounter9,jump,seed16,165,3.0
hpmcounter9,jump,seed16,166,3.0
hpmcounter9,jump,seed16,167,3.0
hpmcounter9,jump,seed16,168,3.0
hpmcounter9,jump,seed16,169,3.0
hpmcounter9,jump,seed16,170,3.0
hpmcounter9,jump,seed16,171,3.0
hpmcounter9,jump,seed16,172,3.0
hpmcounter9,jump,seed16,173,3.0
hpmcounter9,jump,seed16,174,3.0
hpmcounter9,jump,seed16,175,3.0
hpmcounter9,jump,seed16,176,3.0
hpmcounter9,jump,seed16,177,3.0
hpmcounter9,jump,seed16,178,3.0
hpmcounter9,jump,seed16,179,3.0
hpmcounter9,jump,seed16,180,3.0
hpmcounter9,jump,seed16,181,3.0
hpmcounter9,jump,seed16,182,3.0
hpmcounter9,jump,seed16,183,3.0
hpmcounter9,jump,seed16,184,3.0
hpmcounter9,jump,seed16,185,3.0
hpmcounter9,jump,seed16,186,3.0
hpmcounter9,jump,seed16,187,3.0
hpmcounter9,jump,seed16,188,3.0
hpmcounter9,jump,seed16,189,3.0
hpmcounter9,jump,seed16,190,3.0
hpmcounter9,jump,seed16,191,3.0
hpmcounter9,jump,seed16,192,3.0
hpmcounter9,jump,seed16,193,3.0
hpmcounter9,jump,seed16,194,3.0
hpmcounter9,jump,seed16,195,3.0
hpmcounter9,jump,seed16,196,3.0
hpmcounter9,jump,seed16,197,3.0
hpmcounter9,jump,seed16,198,3.0
hpmcounter9,jump,seed16,199,3.0
hpmcounter9,jump,seed16,200,3.0
hpmcounter9,jump,seed16,201,3.0
hpmcounter9,jump,seed16,202,3.0
hpmcounter9,jump,seed16,203,3.0
hpmcounter9,jump,seed16,204,3.0
hpmcounter9,jump,seed16,205,3.0
hpmcounter9,jump,seed16,206,3.0
hpmcounter9,jump,seed16,207,3.0
hpmcounter9,jump,seed16,208,3.0
hpmcounter9,jump,seed16,209,3.0
hpmcounter9,jump,seed16,210,3.0
hpmcounter9,jump,seed16,211,3.0
hpmcounter9,jump,seed16,212,3.0
hpmcounter9,jump,seed16,213,3.0
hpmcounter9,jump,seed16,214,3.0
hpmcounter9,jump,seed16,215,3.0
hpmcounter9,jump,seed16,216,3.0
hpmcounter9,jump,seed16,217,3.0
hpmcounter9,jump,seed16,218,3.0
hpmcounter9,jump,seed16,219,3.0
hpmcounter9,jump,seed16,220,3.0
hpmcounter9,jump,seed16,221,3.0
hpmcounter9,jump,seed16,222,3.0
hpmcounter9,jump,seed16,223,3.0
hpmcounter9,jump,seed16,224,3.0
hpmcounter9,jump,seed16,225,3.0
hpmcounter9,jump,seed16,226,3.0
hpmcounter9,jump,seed16,227,3.0
hpmcounter9,jump,seed16,228,3.0
hpmcounter9,jump,seed16,229,3.0
hpmcounter9,jump,seed16,230,3.0
hpmcounter9,jump,seed16,231,3.0
hpmcounter9,jump,seed16,232,3.0
hpmcounter9,jump,seed16,233,3.0
hpmcounter9,jump,seed16,234,3.0
hpmcounter9,jump,seed16,235,3.0
hpmcounter9,jump,seed16,236,3.0
hpmcounter9,jump,seed16,237,3.0
hpmcounter9,jump,seed16,238,3.0
hpmcounter9,jump,seed16,239,3.0
hpmcounter9,jump,seed16,240,3.0
hpmcounter9,jump,seed16,241,3.0
hpmcounter9,jump,seed16,242,3.0
hpmcounter9,jump,seed16,243,3.0
hpmcounter9,jump,seed16,244,3.0
hpmcounter9,jump,seed16,245,3.0
hpmcounter9,jump,seed16,246,3.0
hpmcounter9,jump,seed16,247,3.0
hpmcounter9,jump,seed16,248,3.0
hpmcounter9,jump,seed16,249,3.0
hpmcounter9,jump,seed16,250,3.0
hpmcounter9,jump,seed16,251,3.0
hpmcounter9,jump,seed16,252,3.0
hpmcounter9,jump,seed16,253,3.0
hpmcounter9,jump,seed16,254,3.0
hpmcounter9,jump,seed16,255,3.0
hpmcounter9,jump,seed16,256,3.0
hpmcounter9,jump,seed16,257,3.0
hpmcounter9,jump,seed16,258,3.0
hpmcounter9,jump,seed16,259,3.0
hpmcounter9,jump,seed16,260,3.0
hpmcounter9,jump,seed16,261,3.0
hpmcounter9,jump,seed16,262,3.0
hpmcounter9,jump,seed16,263,3.0
hpmcounter9,jump,seed16,264,3.0
hpmcounter9,jump,seed16,265,3.0
hpmcounter9,jump,seed16,266,3.0
hpmcounter9,jump,seed16,267,3.0
hpmcounter9,jump,seed16,268,3.0
hpmcounter9,jump,seed16,269,3.0
hpmcounter9,jump,seed16,270,3.0
hpmcounter9,jump,seed16,271,3.0
hpmcounter9,jump,seed16,272,3.0
hpmcounter9,jump,seed16,273,3.0
hpmcounter9,jump,seed16,274,3.0
hpmcounter9,jump,seed16,275,3.0
hpmcounter9,jump,seed16,276,3.0
hpmcounter9,jump,seed16,277,3.0
hpmcounter9,jump,seed16,278,3.0
hpmcounter9,jump,seed16,279,3.0
hpmcounter9,jump,seed16,280,3.0
hpmcounter9,jump,seed16,281,3.0
hpmcounter9,jump,seed16,282,3.0
hpmcounter9,jump,seed16,283,3.0
hpmcounter9,jump,seed16,284,3.0
hpmcounter9,jump,seed16,285,3.0
hpmcounter9,jump,seed16,286,3.0
hpmcounter9,jump,seed16,287,3.0
hpmcounter9,jump,seed16,288,3.0
hpmcounter9,jump,seed16,289,3.0
hpmcounter9,jump,seed16,290,3.0
hpmcounter9,jump,seed16,291,3.0
hpmcounter9,jump,seed16,292,3.0
hpmcounter9,jump,seed16,293,3.0
hpmcounter9,jump,seed16,294,3.0
hpmcounter9,jump,seed16,295,3.0
hpmcounter9,jump,seed16,296,3.0
hpmcounter9,jump,seed16,297,3.0
hpmcounter9,jump,seed16,298,3.0
hpmcounter9,jump,seed17,9,3.2181818181818183
hpmcounter9,jump,seed17,10,3.0
hpmcounter9,jump,seed17,11,3.0
hpmcounter9,jump,seed17,12,3.0
hpmcounter9,jump,seed17,13,3.0
hpmcounter9,jump,seed17,14,3.0
hpmcounter9,jump,seed17,15,3.0
hpmcounter9,jump,seed17,16,3.0
hpmcounter9,jump,seed17,17,3.0
hpmcounter9,jump,seed17,18,3.0
hpmcounter9,jump,seed17,19,3.0
hpmcounter9,jump,seed17,20,3.0
hpmcounter9,jump,seed17,21,3.0
hpmcounter9,jump,seed17,22,3.0
hpmcounter9,jump,seed17,23,3.0545454545454547
hpmcounter9,jump,seed17,24,3.096969696969697
hpmcounter9,jump,seed17,25,3.1272727272727274
hpmcounter9,jump,seed17,26,3.1454545454545455
hpmcounter9,jump,seed17,27,3.1515151515151514
hpmcounter9,jump,seed17,28,3.1454545454545455
hpmcounter9,jump,seed17,29,3.1272727272727274
hpmcounter9,jump,seed17,30,3.096969696969697
hpmcounter9,jump,seed17,31,3.0545454545454547
hpmcounter9,jump,seed17,32,3.0
hpmcounter9,jump,seed17,33,3.0
hpmcounter9,jump,seed17,34,3.0
hpmcounter9,jump,seed17,35,3.0
hpmcounter9,jump,seed17,36,3.0
hpmcounter9,jump,seed17,37,3.0
hpmcounter9,jump,seed17,38,3.0
hpmcounter9,jump,seed17,39,3.0
hpmcounter9,jump,seed17,40,3.0
hpmcounter9,jump,seed17,41,3.0
hpmcounter9,jump,seed17,42,3.0
hpmcounter9,jump,seed17,43,3.0
hpmcounter9,jump,seed17,44,3.0
hpmcounter9,jump,seed17,45,3.0
hpmcounter9,jump,seed17,46,3.0
hpmcounter9,jump,seed17,47,3.0
hpmcounter9,jump,seed17,48,3.0
hpmcounter9,jump,seed17,49,3.0
hpmcounter9,jump,seed17,50,3.0
hpmcounter9,jump,seed17,51,3.0
hpmcounter9,jump,seed17,52,3.0
hpmcounter9,jump,seed17,53,3.0
hpmcounter9,jump,seed17,54,3.0
hpmcounter9,jump,seed17,55,3.0
hpmcounter9,jump,seed17,56,3.0
hpmcounter9,jump,seed17,57,3.0
hpmcounter9,jump,seed17,58,3.0
hpmcounter9,jump,seed17,59,3.0
hpmcounter9,jump,seed17,60,3.0
hpmcounter9,jump,seed17,61,3.0
hpmcounter9,jump,seed17,62,3.0
hpmcounter9,jump,seed17,63,3.0
hpmcounter9,jump,seed17,64,3.0
hpmcounter9,jump,seed17,65,3.0
hpmcounter9,jump,seed17,66,3.0
hpmcounter9,jump,seed17,67,3.0
hpmcounter9,jump,seed17,68,3.0
hpmcounter9,jump,seed17,69,3.0
hpmcounter9,jump,seed17,70,3.0
hpmcounter9,jump,seed17,71,3.0
hpmcounter9,jump,seed17,72,3.0
hpmcounter9,jump,seed17,73,3.0
hpmcounter9,jump,seed17,74,3.0
hpmcounter9,jump,seed17,75,3.0
hpmcounter9,jump,seed17,76,3.0
hpmcounter9,jump,seed17,77,3.0
hpmcounter9,jump,seed17,78,3.0
hpmcounter9,jump,seed17,79,3.0
hpmcounter9,jump,seed17,80,3.0
hpmcounter9,jump,seed17,81,3.0
hpmcounter9,jump,seed17,82,3.0
hpmcounter9,jump,seed17,83,3.0
hpmcounter9,jump,seed17,84,3.0
hpmcounter9,jump,seed17,85,3.0
hpmcounter9,jump,seed17,86,3.0
hpmcounter9,jump,seed17,87,3.0
hpmcounter9,jump,seed17,88,3.0
hpmcounter9,jump,seed17,89,3.0
hpmcounter9,jump,seed17,90,3.0
hpmcounter9,jump,seed17,91,3.0
hpmcounter9,jump,seed17,92,3.0
hpmcounter9,jump,seed17,93,3.0
hpmcounter9,jump,seed17,94,3.0
hpmcounter9,jump,seed17,95,3.0
hpmcounter9,jump,seed17,96,3.0
hpmcounter9,jump,seed17,97,3.0
hpmcounter9,jump,seed17,98,3.0
hpmcounter9,jump,seed17,99,3.0
hpmcounter9,jump,seed17,100,3.0
hpmcounter9,jump,seed17,101,3.0
hpmcounter9,jump,seed17,102,3.0
hpmcounter9,jump,seed17,103,3.0
hpmcounter9,jump,seed17,104,3.0
hpmcounter9,jump,seed17,105,3.0
hpmcounter9,jump,seed17,106,3.0
hpmcounter9,jump,seed17,107,3.0
hpmcounter9,jump,seed17,108,3.0
hpmcounter9,jump,seed17,109,3.0
hpmcounter9,jump,seed17,110,3.0
hpmcounter9,jump,seed17,111,3.0
hpmcounter9,jump,seed17,112,3.0
hpmcounter9,jump,seed17,113,3.0
hpmcounter9,jump,seed17,114,3.0
hpmcounter9,jump,seed17,115,3.0
hpmcounter9,jump,seed17,116,3.0
hpmcounter9,jump,seed17,117,3.0
hpmcounter9,jump,seed17,118,3.0
hpmcounter9,jump,seed17,119,3.0
hpmcounter9,jump,seed17,120,3.0
hpmcounter9,jump,seed17,121,3.0
hpmcounter9,jump,seed17,122,3.0
hpmcounter9,jump,seed17,123,3.0
hpmcounter9,jump,seed17,124,3.0
hpmcounter9,jump,seed17,125,3.0
hpmcounter9,jump,seed17,126,3.0
hpmcounter9,jump,seed17,127,3.0
hpmcounter9,jump,seed17,128,3.0
hpmcounter9,jump,seed17,129,3.0
hpmcounter9,jump,seed17,130,3.0
hpmcounter9,jump,seed17,131,3.0
hpmcounter9,jump,seed17,132,3.0
hpmcounter9,jump,seed17,133,3.0
hpmcounter9,jump,seed17,134,3.0
hpmcounter9,jump,seed17,135,3.0
hpmcounter9,jump,seed17,136,3.109090909090909
hpmcounter9,jump,seed17,137,3.193939393939394
hpmcounter9,jump,seed17,138,3.2545454545454544
hpmcounter9,jump,seed17,139,3.290909090909091
hpmcounter9,jump,seed17,140,3.303030303030303
hpmcounter9,jump,seed17,141,3.290909090909091
hpmcounter9,jump,seed17,142,3.2545454545454544
hpmcounter9,jump,seed17,143,3.193939393939394
hpmcounter9,jump,seed17,144,3.109090909090909
hpmcounter9,jump,seed17,145,3.0
hpmcounter9,jump,seed17,146,3.0
hpmcounter9,jump,seed17,147,3.0
hpmcounter9,jump,seed17,148,3.0
hpmcounter9,jump,seed17,149,3.0
hpmcounter9,jump,seed17,150,3.0
hpmcounter9,jump,seed17,151,3.0
hpmcounter9,jump,seed17,152,3.0
hpmcounter9,jump,seed17,153,3.0
hpmcounter9,jump,seed17,154,3.0
hpmcounter9,jump,seed17,155,3.0
hpmcounter9,jump,seed17,156,3.0
hpmcounter9,jump,seed17,157,3.0
hpmcounter9,jump,seed17,158,3.0
hpmcounter9,jump,seed17,159,3.0
hpmcounter9,jump,seed17,160,3.0
hpmcounter9,jump,seed17,161,3.0
hpmcounter9,jump,seed17,162,3.0
hpmcounter9,jump,seed17,163,3.0
hpmcounter9,jump,seed17,164,3.0
hpmcounter9,jump,seed17,165,3.0
hpmcounter9,jump,seed17,166,3.0
hpmcounter9,jump,seed17,167,3.0
hpmcounter9,jump,seed17,168,3.0
hpmcounter9,jump,seed17,169,3.0
hpmcounter9,jump,seed17,170,3.0
hpmcounter9,jump,seed17,171,3.0
hpmcounter9,jump,seed17,172,3.0
hpmcounter9,jump,seed17,173,3.0
hpmcounter9,jump,seed17,174,3.0
hpmcounter9,jump,seed17,175,3.0
hpmcounter9,jump,seed17,176,3.0
hpmcounter9,jump,seed17,177,3.0
hpmcounter9,jump,seed17,178,3.0
hpmcounter9,jump,seed17,179,3.0
hpmcounter9,jump,seed17,180,3.0
hpmcounter9,jump,seed17,181,3.0
hpmcounter9,jump,seed17,182,3.0
hpmcounter9,jump,seed17,183,3.0
hpmcounter9,jump,seed17,184,3.0
hpmcounter9,jump,seed17,185,3.0
hpmcounter9,jump,seed17,186,3.0
hpmcounter9,jump,seed17,187,3.0
hpmcounter9,jump,seed17,188,3.0
hpmcounter9,jump,seed17,189,3.0
hpmcounter9,jump,seed17,190,3.0
hpmcounter9,jump,seed17,191,3.0
hpmcounter9,jump,seed17,192,3.0
hpmcounter9,jump,seed17,193,3.0
hpmcounter9,jump,seed17,194,3.0
hpmcounter9,jump,seed17,195,3.0
hpmcounter9,jump,seed17,196,3.0
hpmcounter9,jump,seed17,197,3.0
hpmcounter9,jump,seed17,198,3.0
hpmcounter9,jump,seed17,199,3.0
hpmcounter9,jump,seed17,200,3.0
hpmcounter9,jump,seed17,201,3.0
hpmcounter9,jump,seed17,202,3.0
hpmcounter9,jump,seed17,203,3.0
hpmcounter9,jump,seed17,204,3.0
hpmcounter9,jump,seed17,205,3.0
hpmcounter9,jump,seed17,206,3.0
hpmcounter9,jump,seed17,207,3.0
hpmcounter9,jump,seed17,208,3.0
hpmcounter9,jump,seed17,209,3.0
hpmcounter9,jump,seed17,210,3.0
hpmcounter9,jump,seed17,211,3.0
hpmcounter9,jump,seed17,212,3.0
hpmcounter9,jump,seed17,213,3.0
hpmcounter9,jump,seed17,214,3.0
hpmcounter9,jump,seed17,215,3.0
hpmcounter9,jump,seed17,216,3.0
hpmcounter9,jump,seed17,217,3.0
hpmcounter9,jump,seed17,218,3.0
hpmcounter9,jump,seed17,219,3.0
hpmcounter9,jump,seed17,220,3.0
hpmcounter9,jump,seed17,221,3.0
hpmcounter9,jump,seed17,222,3.0
hpmcounter9,jump,seed17,223,3.0
hpmcounter9,jump,seed17,224,3.0
hpmcounter9,jump,seed17,225,3.0
hpmcounter9,jump,seed17,226,3.0
hpmcounter9,jump,seed17,227,3.0
hpmcounter9,jump,seed17,228,3.0
hpmcounter9,jump,seed17,229,3.0
hpmcounter9,jump,seed17,230,3.0
hpmcounter9,jump,seed17,231,3.0
hpmcounter9,jump,seed17,232,3.0
hpmcounter9,jump,seed17,233,3.0
hpmcounter9,jump,seed17,234,3.0
hpmcounter9,jump,seed17,235,3.0
hpmcounter9,jump,seed17,236,3.0
hpmcounter9,jump,seed17,237,3.0
hpmcounter9,jump,seed17,238,3.0
hpmcounter9,jump,seed17,239,3.0
hpmcounter9,jump,seed17,240,3.0
hpmcounter9,jump,seed17,241,3.0
hpmcounter9,jump,seed17,242,3.0
hpmcounter9,jump,seed17,243,3.0
hpmcounter9,jump,seed17,244,3.0
hpmcounter9,jump,seed17,245,3.0
hpmcounter9,jump,seed17,246,3.0
hpmcounter9,jump,seed17,247,3.0
hpmcounter9,jump,seed17,248,3.0
hpmcounter9,jump,seed17,249,3.0
hpmcounter9,jump,seed17,250,3.0
hpmcounter9,jump,seed17,251,3.0
hpmcounter9,jump,seed17,252,3.0
hpmcounter9,jump,seed17,253,3.0
hpmcounter9,jump,seed17,254,3.0
hpmcounter9,jump,seed17,255,3.0
hpmcounter9,jump,seed17,256,3.0
hpmcounter9,jump,seed17,257,3.0
hpmcounter9,jump,seed17,258,3.0
hpmcounter9,jump,seed17,259,3.0
hpmcounter9,jump,seed17,260,3.0
hpmcounter9,jump,seed17,261,3.0
hpmcounter9,jump,seed17,262,3.0
hpmcounter9,jump,seed17,263,3.0
hpmcounter9,jump,seed17,264,3.0
hpmcounter9,jump,seed17,265,3.0
hpmcounter9,jump,seed17,266,3.0
hpmcounter9,jump,seed17,267,3.0
hpmcounter9,jump,seed17,268,3.0
hpmcounter9,jump,seed17,269,3.0
hpmcounter9,jump,seed17,270,3.0
hpmcounter9,jump,seed17,271,3.0
hpmcounter9,jump,seed17,272,3.0
hpmcounter9,jump,seed17,273,3.0
hpmcounter9,jump,seed17,274,3.0
hpmcounter9,jump,seed17,275,3.0
hpmcounter9,jump,seed17,276,3.0
hpmcounter9,jump,seed17,277,3.0
hpmcounter9,jump,seed17,278,3.0
hpmcounter9,jump,seed17,279,3.0
hpmcounter9,jump,seed17,280,3.0
hpmcounter9,jump,seed17,281,3.0
hpmcounter9,jump,seed17,282,3.0
hpmcounter9,jump,seed17,283,3.0
hpmcounter9,jump,seed17,284,3.0
hpmcounter9,jump,seed17,285,3.0
hpmcounter9,jump,seed17,286,3.0
hpmcounter9,jump,seed17,287,3.0
hpmcounter9,jump,seed17,288,3.0
hpmcounter9,jump,seed17,289,3.0
hpmcounter9,jump,seed17,290,3.0
hpmcounter9,jump,seed17,291,3.0
hpmcounter9,jump,seed17,292,3.0
hpmcounter9,jump,seed17,293,3.0
hpmcounter9,jump,seed17,294,3.0
hpmcounter9,jump,seed17,295,3.0
hpmcounter9,jump,seed17,296,3.0
hpmcounter9,jump,seed17,297,3.0
hpmcounter9,jump,seed17,298,3.0
hpmcounter9,jump,seed18,9,3.2181818181818183
hpmcounter9,jump,seed18,10,3.0
hpmcounter9,jump,seed18,11,3.0
hpmcounter9,jump,seed18,12,3.0
hpmcounter9,jump,seed18,13,3.0
hpmcounter9,jump,seed18,14,3.0
hpmcounter9,jump,seed18,15,3.0
hpmcounter9,jump,seed18,16,3.0
hpmcounter9,jump,seed18,17,3.0
hpmcounter9,jump,seed18,18,3.0
hpmcounter9,jump,seed18,19,3.0
hpmcounter9,jump,seed18,20,3.0
hpmcounter9,jump,seed18,21,3.0
hpmcounter9,jump,seed18,22,3.0
hpmcounter9,jump,seed18,23,3.0
hpmcounter9,jump,seed18,24,3.0
hpmcounter9,jump,seed18,25,3.0
hpmcounter9,jump,seed18,26,3.0
hpmcounter9,jump,seed18,27,3.0
hpmcounter9,jump,seed18,28,3.0
hpmcounter9,jump,seed18,29,3.0
hpmcounter9,jump,seed18,30,3.0
hpmcounter9,jump,seed18,31,3.0
hpmcounter9,jump,seed18,32,3.0
hpmcounter9,jump,seed18,33,3.0
hpmcounter9,jump,seed18,34,3.0
hpmcounter9,jump,seed18,35,3.0
hpmcounter9,jump,seed18,36,3.0
hpmcounter9,jump,seed18,37,3.0
hpmcounter9,jump,seed18,38,3.0
hpmcounter9,jump,seed18,39,3.0
hpmcounter9,jump,seed18,40,3.0
hpmcounter9,jump,seed18,41,3.0
hpmcounter9,jump,seed18,42,3.0
hpmcounter9,jump,seed18,43,3.0
hpmcounter9,jump,seed18,44,3.0
hpmcounter9,jump,seed18,45,3.0
hpmcounter9,jump,seed18,46,3.0
hpmcounter9,jump,seed18,47,3.0
hpmcounter9,jump,seed18,48,3.0
hpmcounter9,jump,seed18,49,3.0
hpmcounter9,jump,seed18,50,3.0
hpmcounter9,jump,seed18,51,3.0
hpmcounter9,jump,seed18,52,3.109090909090909
hpmcounter9,jump,seed18,53,3.193939393939394
hpmcounter9,jump,seed18,54,3.2545454545454544
hpmcounter9,jump,seed18,55,3.290909090909091
hpmcounter9,jump,seed18,56,3.303030303030303
hpmcounter9,jump,seed18,57,3.290909090909091
hpmcounter9,jump,seed18,58,3.2545454545454544
hpmcounter9,jump,seed18,59,3.193939393939394
hpmcounter9,jump,seed18,60,3.109090909090909
hpmcounter9,jump,seed18,61,3.0
hpmcounter9,jump,seed18,62,3.0
hpmcounter9,jump,seed18,63,3.0
hpmcounter9,jump,seed18,64,3.0
hpmcounter9,jump,seed18,65,3.0
hpmcounter9,jump,seed18,66,3.0
hpmcounter9,jump,seed18,67,3.0
hpmcounter9,jump,seed18,68,3.0
hpmcounter9,jump,seed18,69,3.0
hpmcounter9,jump,seed18,70,3.0
hpmcounter9,jump,seed18,71,3.0
hpmcounter9,jump,seed18,72,3.0
hpmcounter9,jump,seed18,73,3.0
hpmcounter9,jump,seed18,74,3.0
hpmcounter9,jump,seed18,75,3.0
hpmcounter9,jump,seed18,76,3.0
hpmcounter9,jump,seed18,77,3.0
hpmcounter9,jump,seed18,78,3.0
hpmcounter9,jump,seed18,79,3.1636363636363636
hpmcounter9,jump,seed18,80,3.3454545454545452
hpmcounter9,jump,seed18,81,3.533333333333333
hpmcounter9,jump,seed18,82,3.6606060606060606
hpmcounter9,jump,seed18,83,3.727272727272727
hpmcounter9,jump,seed18,84,3.7333333333333334
hpmcounter9,jump,seed18,85,3.6787878787878787
hpmcounter9,jump,seed18,86,3.5636363636363635
hpmcounter9,jump,seed18,87,3.3878787878787877
hpmcounter9,jump,seed18,88,3.1515151515151514
hpmcounter9,jump,seed18,89,3.0545454545454547
hpmcounter9,jump,seed18,90,3.0
hpmcounter9,jump,seed18,91,3.0
hpmcounter9,jump,seed18,92,3.0
hpmcounter9,jump,seed18,93,3.0
hpmcounter9,jump,seed18,94,3.0
hpmcounter9,jump,seed18,95,3.0
hpmcounter9,jump,seed18,96,3.0
hpmcounter9,jump,seed18,97,3.0
hpmcounter9,jump,seed18,98,3.0
hpmcounter9,jump,seed18,99,3.0
hpmcounter9,jump,seed18,100,3.0
hpmcounter9,jump,seed18,101,3.0
hpmcounter9,jump,seed18,102,3.0545454545454547
hpmcounter9,jump,seed18,103,3.096969696969697
hpmcounter9,jump,seed18,104,3.1272727272727274
hpmcounter9,jump,seed18,105,3.1454545454545455
hpmcounter9,jump,seed18,106,3.1515151515151514
hpmcounter9,jump,seed18,107,3.1454545454545455
hpmcounter9,jump,seed18,108,3.1272727272727274
hpmcounter9,jump,seed18,109,3.096969696969697
hpmcounter9,jump,seed18,110,3.0545454545454547
hpmcounter9,jump,seed18,111,3.0
hpmcounter9,jump,seed18,112,3.0
hpmcounter9,jump,seed18,113,3.0
hpmcounter9,jump,seed18,114,3.0
hpmcounter9,jump,seed18,115,3.0
hpmcounter9,jump,seed18,116,3.0
hpmcounter9,jump,seed18,117,3.0
hpmcounter9,jump,seed18,118,3.0
hpmcounter9,jump,seed18,119,3.0
hpmcounter9,jump,seed18,120,3.0
hpmcounter9,jump,seed18,121,3.0
hpmcounter9,jump,seed18,122,3.0
hpmcounter9,jump,seed18,123,3.0
hpmcounter9,jump,seed18,124,3.0545454545454547
hpmcounter9,jump,seed18,125,3.1515151515151514
hpmcounter9,jump,seed18,126,3.224242424242424
hpmcounter9,jump,seed18,127,3.272727272727273
hpmcounter9,jump,seed18,128,3.296969696969697
hpmcounter9,jump,seed18,129,3.296969696969697
hpmcounter9,jump,seed18,130,3.272727272727273
hpmcounter9,jump,seed18,131,3.224242424242424
hpmcounter9,jump,seed18,132,3.1515151515151514
hpmcounter9,jump,seed18,133,3.0545454545454547
hpmcounter9,jump,seed18,134,3.0
hpmcounter9,jump,seed18,135,3.0
hpmcounter9,jump,seed18,136,3.0
hpmcounter9,jump,seed18,137,3.0
hpmcounter9,jump,seed18,138,3.0
hpmcounter9,jump,seed18,139,3.0
hpmcounter9,jump,seed18,140,3.0
hpmcounter9,jump,seed18,141,3.0
hpmcounter9,jump,seed18,142,3.0
hpmcounter9,jump,seed18,143,3.0
hpmcounter9,jump,seed18,144,3.0
hpmcounter9,jump,seed18,145,3.0
hpmcounter9,jump,seed18,146,3.0
hpmcounter9,jump,seed18,147,3.0
hpmcounter9,jump,seed18,148,3.0
hpmcounter9,jump,seed18,149,3.0
hpmcounter9,jump,seed18,150,3.0
hpmcounter9,jump,seed18,151,3.0
hpmcounter9,jump,seed18,152,3.0
hpmcounter9,jump,seed18,153,3.0
hpmcounter9,jump,seed18,154,3.0
hpmcounter9,jump,seed18,155,3.0
hpmcounter9,jump,seed18,156,3.0
hpmcounter9,jump,seed18,157,3.0
hpmcounter9,jump,seed18,158,3.0
hpmcounter9,jump,seed18,159,3.0
hpmcounter9,jump,seed18,160,3.0
hpmcounter9,jump,seed18,161,3.0
hpmcounter9,jump,seed18,162,3.0
hpmcounter9,jump,seed18,163,3.0
hpmcounter9,jump,seed18,164,3.0
hpmcounter9,jump,seed18,165,3.0
hpmcounter9,jump,seed18,166,3.0
hpmcounter9,jump,seed18,167,3.0
hpmcounter9,jump,seed18,168,3.0
hpmcounter9,jump,seed18,169,3.0
hpmcounter9,jump,seed18,170,3.0
hpmcounter9,jump,seed18,171,3.0
hpmcounter9,jump,seed18,172,3.0
hpmcounter9,jump,seed18,173,3.0
hpmcounter9,jump,seed18,174,3.0545454545454547
hpmcounter9,jump,seed18,175,3.206060606060606
hpmcounter9,jump,seed18,176,3.3212121212121213
hpmcounter9,jump,seed18,177,3.4
hpmcounter9,jump,seed18,178,3.4424242424242424
hpmcounter9,jump,seed18,179,3.4484848484848483
hpmcounter9,jump,seed18,180,3.418181818181818
hpmcounter9,jump,seed18,181,3.3515151515151516
hpmcounter9,jump,seed18,182,3.2484848484848485
hpmcounter9,jump,seed18,183,3.109090909090909
hpmcounter9,jump,seed18,184,3.0
hpmcounter9,jump,seed18,185,3.0
hpmcounter9,jump,seed18,186,3.0
hpmcounter9,jump,seed18,187,3.0
hpmcounter9,jump,seed18,188,3.0
hpmcounter9,jump,seed18,189,3.0
hpmcounter9,jump,seed18,190,3.0
hpmcounter9,jump,seed18,191,3.0
hpmcounter9,jump,seed18,192,3.0
hpmcounter9,jump,seed18,193,3.0
hpmcounter9,jump,seed18,194,3.0
hpmcounter9,jump,seed18,195,3.0
hpmcounter9,jump,seed18,196,3.0
hpmcounter9,jump,seed18,197,3.0
hpmcounter9,jump,seed18,198,3.0
hpmcounter9,jump,seed18,199,3.0
hpmcounter9,jump,seed18,200,3.0
hpmcounter9,jump,seed18,201,3.0
hpmcounter9,jump,seed18,202,3.0
hpmcounter9,jump,seed18,203,3.0
hpmcounter9,jump,seed18,204,3.0
hpmcounter9,jump,seed18,205,3.0
hpmcounter9,jump,seed18,206,3.0
hpmcounter9,jump,seed18,207,3.0
hpmcounter9,jump,seed18,208,3.0
hpmcounter9,jump,seed18,209,3.0
hpmcounter9,jump,seed18,210,3.0
hpmcounter9,jump,seed18,211,3.0
hpmcounter9,jump,seed18,212,3.0
hpmcounter9,jump,seed18,213,3.0
hpmcounter9,jump,seed18,214,3.0
hpmcounter9,jump,seed18,215,3.0
hpmcounter9,jump,seed18,216,3.0
hpmcounter9,jump,seed18,217,3.0
hpmcounter9,jump,seed18,218,3.0
hpmcounter9,jump,seed18,219,3.0
hpmcounter9,jump,seed18,220,3.0
hpmcounter9,jump,seed18,221,3.0
hpmcounter9,jump,seed18,222,3.0
hpmcounter9,jump,seed18,223,3.0
hpmcounter9,jump,seed18,224,3.0
hpmcounter9,jump,seed18,225,3.0
hpmcounter9,jump,seed18,226,3.0
hpmcounter9,jump,seed18,227,3.0
hpmcounter9,jump,seed18,228,3.0
hpmcounter9,jump,seed18,229,3.0
hpmcounter9,jump,seed18,230,3.0
hpmcounter9,jump,seed18,231,3.0
hpmcounter9,jump,seed18,232,3.0
hpmcounter9,jump,seed18,233,3.0
hpmcounter9,jump,seed18,234,3.0
hpmcounter9,jump,seed18,235,3.0
hpmcounter9,jump,seed18,236,3.0
hpmcounter9,jump,seed18,237,3.0
hpmcounter9,jump,seed18,238,3.0
hpmcounter9,jump,seed18,239,3.0
hpmcounter9,jump,seed18,240,3.0
hpmcounter9,jump,seed18,241,3.0
hpmcounter9,jump,seed18,242,3.0
hpmcounter9,jump,seed18,243,3.0
hpmcounter9,jump,seed18,244,3.0
hpmcounter9,jump,seed18,245,3.0
hpmcounter9,jump,seed18,246,3.0
hpmcounter9,jump,seed18,247,3.0
hpmcounter9,jump,seed18,248,3.0
hpmcounter9,jump,seed18,249,3.0
hpmcounter9,jump,seed18,250,3.0
hpmcounter9,jump,seed18,251,3.0
hpmcounter9,jump,seed18,252,3.0
hpmcounter9,jump,seed18,253,3.0
hpmcounter9,jump,seed18,254,3.0
hpmcounter9,jump,seed18,255,3.0
hpmcounter9,jump,seed18,256,3.0
hpmcounter9,jump,seed18,257,3.0
hpmcounter9,jump,seed18,258,3.0
hpmcounter9,jump,seed18,259,3.0
hpmcounter9,jump,seed18,260,3.0
hpmcounter9,jump,seed18,261,3.0
hpmcounter9,jump,seed18,262,3.0
hpmcounter9,jump,seed18,263,3.0
hpmcounter9,jump,seed18,264,3.0
hpmcounter9,jump,seed18,265,3.0
hpmcounter9,jump,seed18,266,3.0
hpmcounter9,jump,seed18,267,3.0
hpmcounter9,jump,seed18,268,3.0
hpmcounter9,jump,seed18,269,3.0
hpmcounter9,jump,seed18,270,3.0
hpmcounter9,jump,seed18,271,3.0
hpmcounter9,jump,seed18,272,3.0
hpmcounter9,jump,seed18,273,3.0545454545454547
hpmcounter9,jump,seed18,274,3.096969696969697
hpmcounter9,jump,seed18,275,3.1272727272727274
hpmcounter9,jump,seed18,276,3.1454545454545455
hpmcounter9,jump,seed18,277,3.1515151515151514
hpmcounter9,jump,seed18,278,3.1454545454545455
hpmcounter9,jump,seed18,279,3.1272727272727274
hpmcounter9,jump,seed18,280,3.096969696969697
hpmcounter9,jump,seed18,281,3.0545454545454547
hpmcounter9,jump,seed18,282,3.0
hpmcounter9,jump,seed18,283,3.0
hpmcounter9,jump,seed18,284,3.0
hpmcounter9,jump,seed18,285,3.0
hpmcounter9,jump,seed18,286,3.0
hpmcounter9,jump,seed18,287,3.0
hpmcounter9,jump,seed18,288,3.0
hpmcounter9,jump,seed18,289,3.0
hpmcounter9,jump,seed18,290,3.0
hpmcounter9,jump,seed18,291,3.0
hpmcounter9,jump,seed18,292,3.0
hpmcounter9,jump,seed18,293,3.0
hpmcounter9,jump,seed18,294,3.0
hpmcounter9,jump,seed18,295,3.0
hpmcounter9,jump,seed18,296,3.0
hpmcounter9,jump,seed18,297,3.0
hpmcounter9,jump,seed18,298,3.0
hpmcounter9,jump,seed19,9,3.2181818181818183
hpmcounter9,jump,seed19,10,3.0
hpmcounter9,jump,seed19,11,3.0
hpmcounter9,jump,seed19,12,3.0
hpmcounter9,jump,seed19,13,3.0
hpmcounter9,jump,seed19,14,3.0
hpmcounter9,jump,seed19,15,3.0
hpmcounter9,jump,seed19,16,3.0
hpmcounter9,jump,seed19,17,3.0
hpmcounter9,jump,seed19,18,3.0
hpmcounter9,jump,seed19,19,3.0
hpmcounter9,jump,seed19,20,3.0
hpmcounter9,jump,seed19,21,3.0
hpmcounter9,jump,seed19,22,3.0545454545454547
hpmcounter9,jump,seed19,23,3.096969696969697
hpmcounter9,jump,seed19,24,3.1272727272727274
hpmcounter9,jump,seed19,25,3.1454545454545455
hpmcounter9,jump,seed19,26,3.1515151515151514
hpmcounter9,jump,seed19,27,3.1454545454545455
hpmcounter9,jump,seed19,28,3.1272727272727274
hpmcounter9,jump,seed19,29,3.096969696969697
hpmcounter9,jump,seed19,30,3.0545454545454547
hpmcounter9,jump,seed19,31,3.0
hpmcounter9,jump,seed19,32,3.0
hpmcounter9,jump,seed19,33,3.0
hpmcounter9,jump,seed19,34,3.0
hpmcounter9,jump,seed19,35,3.0
hpmcounter9,jump,seed19,36,3.0
hpmcounter9,jump,seed19,37,3.0
hpmcounter9,jump,seed19,38,3.0
hpmcounter9,jump,seed19,39,3.0
hpmcounter9,jump,seed19,40,3.0
hpmcounter9,jump,seed19,41,3.0
hpmcounter9,jump,seed19,42,3.0
hpmcounter9,jump,seed19,43,3.0
hpmcounter9,jump,seed19,44,3.0
hpmcounter9,jump,seed19,45,3.0
hpmcounter9,jump,seed19,46,3.0
hpmcounter9,jump,seed19,47,3.0
hpmcounter9,jump,seed19,48,3.0
hpmcounter9,jump,seed19,49,3.0
hpmcounter9,jump,seed19,50,3.0545454545454547
hpmcounter9,jump,seed19,51,3.096969696969697
hpmcounter9,jump,seed19,52,3.1818181818181817
hpmcounter9,jump,seed19,53,3.242424242424242
hpmcounter9,jump,seed19,54,3.278787878787879
hpmcounter9,jump,seed19,55,3.290909090909091
hpmcounter9,jump,seed19,56,3.278787878787879
hpmcounter9,jump,seed19,57,3.242424242424242
hpmcounter9,jump,seed19,58,3.1818181818181817
hpmcounter9,jump,seed19,59,3.096969696969697
hpmcounter9,jump,seed19,60,3.0545454545454547
hpmcounter9,jump,seed19,61,3.0
hpmcounter9,jump,seed19,62,3.0
hpmcounter9,jump,seed19,63,3.0
hpmcounter9,jump,seed19,64,3.0
hpmcounter9,jump,seed19,65,3.0
hpmcounter9,jump,seed19,66,3.0
hpmcounter9,jump,seed19,67,3.0
hpmcounter9,jump,seed19,68,3.0
hpmcounter9,jump,seed19,69,3.0
hpmcounter9,jump,seed19,70,3.0
hpmcounter9,jump,seed19,71,3.0
hpmcounter9,jump,seed19,72,3.0
hpmcounter9,jump,seed19,73,3.0
hpmcounter9,jump,seed19,74,3.0
hpmcounter9,jump,seed19,75,3.0
hpmcounter9,jump,seed19,76,3.0
hpmcounter9,jump,seed19,77,3.0
hpmcounter9,jump,seed19,78,3.0
hpmcounter9,jump,seed19,79,3.0
hpmcounter9,jump,seed19,80,3.0
hpmcounter9,jump,seed19,81,3.0
hpmcounter9,jump,seed19,82,3.0
hpmcounter9,jump,seed19,83,3.0
hpmcounter9,jump,seed19,84,3.0545454545454547
hpmcounter9,jump,seed19,85,3.096969696969697
hpmcounter9,jump,seed19,86,3.1272727272727274
hpmcounter9,jump,seed19,87,3.1454545454545455
hpmcounter9,jump,seed19,88,3.1515151515151514
hpmcounter9,jump,seed19,89,3.1454545454545455
hpmcounter9,jump,seed19,90,3.1272727272727274
hpmcounter9,jump,seed19,91,3.096969696969697
hpmcounter9,jump,seed19,92,3.0545454545454547
hpmcounter9,jump,seed19,93,3.0
hpmcounter9,jump,seed19,94,3.0
hpmcounter9,jump,seed19,95,3.0
hpmcounter9,jump,seed19,96,3.0
hpmcounter9,jump,seed19,97,3.0
hpmcounter9,jump,seed19,98,3.0
hpmcounter9,jump,seed19,99,3.0
hpmcounter9,jump,seed19,100,3.0
hpmcounter9,jump,seed19,101,3.0
hpmcounter9,jump,seed19,102,3.0
hpmcounter9,jump,seed19,103,3.0
hpmcounter9,jump,seed19,104,3.0
hpmcounter9,jump,seed19,105,3.0
hpmcounter9,jump,seed19,106,3.0
hpmcounter9,jump,seed19,107,3.0
hpmcounter9,jump,seed19,108,3.0
hpmcounter9,jump,seed19,109,3.0
hpmcounter9,jump,seed19,110,3.0
hpmcounter9,jump,seed19,111,3.0
hpmcounter9,jump,seed19,112,3.0
hpmcounter9,jump,seed19,113,3.0
hpmcounter9,jump,seed19,114,3.0
hpmcounter9,jump,seed19,115,3.0
hpmcounter9,jump,seed19,116,3.0
hpmcounter9,jump,seed19,117,3.0
hpmcounter9,jump,seed19,118,3.0
hpmcounter9,jump,seed19,119,3.0
hpmcounter9,jump,seed19,120,3.0
hpmcounter9,jump,seed19,121,3.0
hpmcounter9,jump,seed19,122,3.0
hpmcounter9,jump,seed19,123,3.0
hpmcounter9,jump,seed19,124,3.0
hpmcounter9,jump,seed19,125,3.0
hpmcounter9,jump,seed19,126,3.0
hpmcounter9,jump,seed19,127,3.0
hpmcounter9,jump,seed19,128,3.0
hpmcounter9,jump,seed19,129,3.0
hpmcounter9,jump,seed19,130,3.0
hpmcounter9,jump,seed19,131,3.0
hpmcounter9,jump,seed19,132,3.0
hpmcounter9,jump,seed19,133,3.0
hpmcounter9,jump,seed19,134,3.0
hpmcounter9,jump,seed19,135,3.0
hpmcounter9,jump,seed19,136,3.0
hpmcounter9,jump,seed19,137,3.0
hpmcounter9,jump,seed19,138,3.0
hpmcounter9,jump,seed19,139,3.0
hpmcounter9,jump,seed19,140,3.0
hpmcounter9,jump,seed19,141,3.0
hpmcounter9,jump,seed19,142,3.0
hpmcounter9,jump,seed19,143,3.0
hpmcounter9,jump,seed19,144,3.0
hpmcounter9,jump,seed19,145,3.0
hpmcounter9,jump,seed19,146,3.0
hpmcounter9,jump,seed19,147,3.0
hpmcounter9,jump,seed19,148,3.0
hpmcounter9,jump,seed19,149,3.0
hpmcounter9,jump,seed19,150,3.0
hpmcounter9,jump,seed19,151,3.0
hpmcounter9,jump,seed19,152,3.0
hpmcounter9,jump,seed19,153,3.0
hpmcounter9,jump,seed19,154,3.0
hpmcounter9,jump,seed19,155,3.0
hpmcounter9,jump,seed19,156,3.0
hpmcounter9,jump,seed19,157,3.0
hpmcounter9,jump,seed19,158,3.0
hpmcounter9,jump,seed19,159,3.0
hpmcounter9,jump,seed19,160,3.0
hpmcounter9,jump,seed19,161,3.0
hpmcounter9,jump,seed19,162,3.0
hpmcounter9,jump,seed19,163,3.0
hpmcounter9,jump,seed19,164,3.0
hpmcounter9,jump,seed19,165,3.0
hpmcounter9,jump,seed19,166,3.0
hpmcounter9,jump,seed19,167,3.0
hpmcounter9,jump,seed19,168,3.0
hpmcounter9,jump,seed19,169,3.0
hpmcounter9,jump,seed19,170,3.0
hpmcounter9,jump,seed19,171,3.0545454545454547
hpmcounter9,jump,seed19,172,3.096969696969697
hpmcounter9,jump,seed19,173,3.1272727272727274
hpmcounter9,jump,seed19,174,3.1454545454545455
hpmcounter9,jump,seed19,175,3.1515151515151514
hpmcounter9,jump,seed19,176,3.1454545454545455
hpmcounter9,jump,seed19,177,3.1272727272727274
hpmcounter9,jump,seed19,178,3.096969696969697
hpmcounter9,jump,seed19,179,3.0545454545454547
hpmcounter9,jump,seed19,180,3.0
hpmcounter9,jump,seed19,181,3.0
hpmcounter9,jump,seed19,182,3.0
hpmcounter9,jump,seed19,183,3.0
hpmcounter9,jump,seed19,184,3.0
hpmcounter9,jump,seed19,185,3.0
hpmcounter9,jump,seed19,186,3.0
hpmcounter9,jump,seed19,187,3.0
hpmcounter9,jump,seed19,188,3.0
hpmcounter9,jump,seed19,189,3.0
hpmcounter9,jump,seed19,190,3.0
hpmcounter9,jump,seed19,191,3.0
hpmcounter9,jump,seed19,192,3.0
hpmcounter9,jump,seed19,193,3.0
hpmcounter9,jump,seed19,194,3.0
hpmcounter9,jump,seed19,195,3.0
hpmcounter9,jump,seed19,196,3.0
hpmcounter9,jump,seed19,197,3.0
hpmcounter9,jump,seed19,198,3.0
hpmcounter9,jump,seed19,199,3.0
hpmcounter9,jump,seed19,200,3.0
hpmcounter9,jump,seed19,201,3.0
hpmcounter9,jump,seed19,202,3.0
hpmcounter9,jump,seed19,203,3.0
hpmcounter9,jump,seed19,204,3.0
hpmcounter9,jump,seed19,205,3.0
hpmcounter9,jump,seed19,206,3.0
hpmcounter9,jump,seed19,207,3.0
hpmcounter9,jump,seed19,208,3.0
hpmcounter9,jump,seed19,209,3.109090909090909
hpmcounter9,jump,seed19,210,3.193939393939394
hpmcounter9,jump,seed19,211,3.2545454545454544
hpmcounter9,jump,seed19,212,3.290909090909091
hpmcounter9,jump,seed19,213,3.303030303030303
hpmcounter9,jump,seed19,214,3.290909090909091
hpmcounter9,jump,seed19,215,3.2545454545454544
hpmcounter9,jump,seed19,216,3.193939393939394
hpmcounter9,jump,seed19,217,3.109090909090909
hpmcounter9,jump,seed19,218,3.0
hpmcounter9,jump,seed19,219,3.0
hpmcounter9,jump,seed19,220,3.0
hpmcounter9,jump,seed19,221,3.0
hpmcounter9,jump,seed19,222,3.0
hpmcounter9,jump,seed19,223,3.0
hpmcounter9,jump,seed19,224,3.0
hpmcounter9,jump,seed19,225,3.0
hpmcounter9,jump,seed19,226,3.0
hpmcounter9,jump,seed19,227,3.0
hpmcounter9,jump,seed19,228,3.0
hpmcounter9,jump,seed19,229,3.0
hpmcounter9,jump,seed19,230,3.0
hpmcounter9,jump,seed19,231,3.0
hpmcounter9,jump,seed19,232,3.0
hpmcounter9,jump,seed19,233,3.0
hpmcounter9,jump,seed19,234,3.0
hpmcounter9,jump,seed19,235,3.0
hpmcounter9,jump,seed19,236,3.0
hpmcounter9,jump,seed19,237,3.0
hpmcounter9,jump,seed19,238,3.0
hpmcounter9,jump,seed19,239,3.0
hpmcounter9,jump,seed19,240,3.0
hpmcounter9,jump,seed19,241,3.0
hpmcounter9,jump,seed19,242,3.0
hpmcounter9,jump,seed19,243,3.0
hpmcounter9,jump,seed19,244,3.0
hpmcounter9,jump,seed19,245,3.0
hpmcounter9,jump,seed19,246,3.0
hpmcounter9,jump,seed19,247,3.0
hpmcounter9,jump,seed19,248,3.0
hpmcounter9,jump,seed19,249,3.0
hpmcounter9,jump,seed19,250,3.0
hpmcounter9,jump,seed19,251,3.0
hpmcounter9,jump,seed19,252,3.0
hpmcounter9,jump,seed19,253,3.0
hpmcounter9,jump,seed19,254,3.0
hpmcounter9,jump,seed19,255,3.0
hpmcounter9,jump,seed19,256,3.0
hpmcounter9,jump,seed19,257,3.0
hpmcounter9,jump,seed19,258,3.0
hpmcounter9,jump,seed19,259,3.0
hpmcounter9,jump,seed19,260,3.0
hpmcounter9,jump,seed19,261,3.0
hpmcounter9,jump,seed19,262,3.0
hpmcounter9,jump,seed19,263,3.0
hpmcounter9,jump,seed19,264,3.0
hpmcounter9,jump,seed19,265,3.0
hpmcounter9,jump,seed19,266,3.0
hpmcounter9,jump,seed19,267,3.0
hpmcounter9,jump,seed19,268,3.0
hpmcounter9,jump,seed19,269,3.0
hpmcounter9,jump,seed19,270,3.0
hpmcounter9,jump,seed19,271,3.0
hpmcounter9,jump,seed19,272,3.0
hpmcounter9,jump,seed19,273,3.0
hpmcounter9,jump,seed19,274,3.0
hpmcounter9,jump,seed19,275,3.0
hpmcounter9,jump,seed19,276,3.0
hpmcounter9,jump,seed19,277,3.0
hpmcounter9,jump,seed19,278,3.0
hpmcounter9,jump,seed19,279,3.0
hpmcounter9,jump,seed19,280,3.0
hpmcounter9,jump,seed19,281,3.0
hpmcounter9,jump,seed19,282,3.0
hpmcounter9,jump,seed19,283,3.0
hpmcounter9,jump,seed19,284,3.0
hpmcounter9,jump,seed19,285,3.0
hpmcounter9,jump,seed19,286,3.0
hpmcounter9,jump,seed19,287,3.0
hpmcounter9,jump,seed19,288,3.0
hpmcounter9,jump,seed19,289,3.0
hpmcounter9,jump,seed19,290,3.0
hpmcounter9,jump,seed19,291,3.0
hpmcounter9,jump,seed19,292,3.0
hpmcounter9,jump,seed19,293,3.0545454545454547
hpmcounter9,jump,seed19,294,3.096969696969697
hpmcounter9,jump,seed19,295,3.1272727272727274
hpmcounter9,jump,seed19,296,3.1454545454545455
hpmcounter9,jump,seed19,297,3.1515151515151514
hpmcounter9,jump,seed19,298,3.1454545454545455
hpmcounter9,jump,seed2,9,3.2181818181818183
hpmcounter9,jump,seed2,10,3.0
hpmcounter9,jump,seed2,11,3.0
hpmcounter9,jump,seed2,12,3.0
hpmcounter9,jump,seed2,13,3.0
hpmcounter9,jump,seed2,14,3.0545454545454547
hpmcounter9,jump,seed2,15,3.096969696969697
hpmcounter9,jump,seed2,16,3.1272727272727274
hpmcounter9,jump,seed2,17,3.1454545454545455
hpmcounter9,jump,seed2,18,3.1515151515151514
hpmcounter9,jump,seed2,19,3.1454545454545455
hpmcounter9,jump,seed2,20,3.1272727272727274
hpmcounter9,jump,seed2,21,3.1515151515151514
hpmcounter9,jump,seed2,22,3.1515151515151514
hpmcounter9,jump,seed2,23,3.1272727272727274
hpmcounter9,jump,seed2,24,3.1454545454545455
hpmcounter9,jump,seed2,25,3.1515151515151514
hpmcounter9,jump,seed2,26,3.1454545454545455
hpmcounter9,jump,seed2,27,3.1272727272727274
hpmcounter9,jump,seed2,28,3.096969696969697
hpmcounter9,jump,seed2,29,3.0545454545454547
hpmcounter9,jump,seed2,30,3.0
hpmcounter9,jump,seed2,31,3.0
hpmcounter9,jump,seed2,32,3.0
hpmcounter9,jump,seed2,33,3.0
hpmcounter9,jump,seed2,34,3.0
hpmcounter9,jump,seed2,35,3.0
hpmcounter9,jump,seed2,36,3.0
hpmcounter9,jump,seed2,37,3.0
hpmcounter9,jump,seed2,38,3.0
hpmcounter9,jump,seed2,39,3.0
hpmcounter9,jump,seed2,40,3.0
hpmcounter9,jump,seed2,41,3.0
hpmcounter9,jump,seed2,42,3.0
hpmcounter9,jump,seed2,43,3.0
hpmcounter9,jump,seed2,44,3.0
hpmcounter9,jump,seed2,45,3.0
hpmcounter9,jump,seed2,46,3.0
hpmcounter9,jump,seed2,47,3.0
hpmcounter9,jump,seed2,48,3.0
hpmcounter9,jump,seed2,49,3.0
hpmcounter9,jump,seed2,50,3.0
hpmcounter9,jump,seed2,51,3.0
hpmcounter9,jump,seed2,52,3.0
hpmcounter9,jump,seed2,53,3.0
hpmcounter9,jump,seed2,54,3.0
hpmcounter9,jump,seed2,55,3.0
hpmcounter9,jump,seed2,56,3.0
hpmcounter9,jump,seed2,57,3.0
hpmcounter9,jump,seed2,58,3.0
hpmcounter9,jump,seed2,59,3.0
hpmcounter9,jump,seed2,60,3.0
hpmcounter9,jump,seed2,61,3.0
hpmcounter9,jump,seed2,62,3.0
hpmcounter9,jump,seed2,63,3.0
hpmcounter9,jump,seed2,64,3.0
hpmcounter9,jump,seed2,65,3.0
hpmcounter9,jump,seed2,66,3.0
hpmcounter9,jump,seed2,67,3.0
hpmcounter9,jump,seed2,68,3.0
hpmcounter9,jump,seed2,69,3.0
hpmcounter9,jump,seed2,70,3.0
hpmcounter9,jump,seed2,71,3.0
hpmcounter9,jump,seed2,72,3.0
hpmcounter9,jump,seed2,73,3.0
hpmcounter9,jump,seed2,74,3.0
hpmcounter9,jump,seed2,75,3.0
hpmcounter9,jump,seed2,76,3.0
hpmcounter9,jump,seed2,77,3.0
hpmcounter9,jump,seed2,78,3.0
hpmcounter9,jump,seed2,79,3.0
hpmcounter9,jump,seed2,80,3.0
hpmcounter9,jump,seed2,81,3.0
hpmcounter9,jump,seed2,82,3.0
hpmcounter9,jump,seed2,83,3.0
hpmcounter9,jump,seed2,84,3.0
hpmcounter9,jump,seed2,85,3.0
hpmcounter9,jump,seed2,86,3.0
hpmcounter9,jump,seed2,87,3.0
hpmcounter9,jump,seed2,88,3.0
hpmcounter9,jump,seed2,89,3.0
hpmcounter9,jump,seed2,90,3.0
hpmcounter9,jump,seed2,91,3.0
hpmcounter9,jump,seed2,92,3.0
hpmcounter9,jump,seed2,93,3.0
hpmcounter9,jump,seed2,94,3.0
hpmcounter9,jump,seed2,95,3.0
hpmcounter9,jump,seed2,96,3.0
hpmcounter9,jump,seed2,97,3.0
hpmcounter9,jump,seed2,98,3.0
hpmcounter9,jump,seed2,99,3.0
hpmcounter9,jump,seed2,100,3.0
hpmcounter9,jump,seed2,101,3.0
hpmcounter9,jump,seed2,102,3.0
hpmcounter9,jump,seed2,103,3.0
hpmcounter9,jump,seed2,104,3.0
hpmcounter9,jump,seed2,105,3.0
hpmcounter9,jump,seed2,106,3.0
hpmcounter9,jump,seed2,107,3.0
hpmcounter9,jump,seed2,108,3.0
hpmcounter9,jump,seed2,109,3.0
hpmcounter9,jump,seed2,110,3.0
hpmcounter9,jump,seed2,111,3.0
hpmcounter9,jump,seed2,112,3.0
hpmcounter9,jump,seed2,113,3.0
hpmcounter9,jump,seed2,114,3.0
hpmcounter9,jump,seed2,115,3.0
hpmcounter9,jump,seed2,116,3.0
hpmcounter9,jump,seed2,117,3.0
hpmcounter9,jump,seed2,118,3.0
hpmcounter9,jump,seed2,119,3.0
hpmcounter9,jump,seed2,120,3.0
hpmcounter9,jump,seed2,121,3.0
hpmcounter9,jump,seed2,122,3.0
hpmcounter9,jump,seed2,123,3.0
hpmcounter9,jump,seed2,124,3.0
hpmcounter9,jump,seed2,125,3.0
hpmcounter9,jump,seed2,126,3.0
hpmcounter9,jump,seed2,127,3.0
hpmcounter9,jump,seed2,128,3.0
hpmcounter9,jump,seed2,129,3.0
hpmcounter9,jump,seed2,130,3.0
hpmcounter9,jump,seed2,131,3.0
hpmcounter9,jump,seed2,132,3.0
hpmcounter9,jump,seed2,133,3.0
hpmcounter9,jump,seed2,134,3.0
hpmcounter9,jump,seed2,135,3.0
hpmcounter9,jump,seed2,136,3.0
hpmcounter9,jump,seed2,137,3.0
hpmcounter9,jump,seed2,138,3.0
hpmcounter9,jump,seed2,139,3.0
hpmcounter9,jump,seed2,140,3.0
hpmcounter9,jump,seed2,141,3.0
hpmcounter9,jump,seed2,142,3.0
hpmcounter9,jump,seed2,143,3.0
hpmcounter9,jump,seed2,144,3.0
hpmcounter9,jump,seed2,145,3.0
hpmcounter9,jump,seed2,146,3.0
hpmcounter9,jump,seed2,147,3.0
hpmcounter9,jump,seed2,148,3.0
hpmcounter9,jump,seed2,149,3.0
hpmcounter9,jump,seed2,150,3.0
hpmcounter9,jump,seed2,151,3.0
hpmcounter9,jump,seed2,152,3.0
hpmcounter9,jump,seed2,153,3.0
hpmcounter9,jump,seed2,154,3.0
hpmcounter9,jump,seed2,155,3.0
hpmcounter9,jump,seed2,156,3.0
hpmcounter9,jump,seed2,157,3.0
hpmcounter9,jump,seed2,158,3.0
hpmcounter9,jump,seed2,159,3.0
hpmcounter9,jump,seed2,160,3.0
hpmcounter9,jump,seed2,161,3.0
hpmcounter9,jump,seed2,162,3.0
hpmcounter9,jump,seed2,163,3.0
hpmcounter9,jump,seed2,164,3.0
hpmcounter9,jump,seed2,165,3.0
hpmcounter9,jump,seed2,166,3.0
hpmcounter9,jump,seed2,167,3.0
hpmcounter9,jump,seed2,168,3.0
hpmcounter9,jump,seed2,169,3.0
hpmcounter9,jump,seed2,170,3.0
hpmcounter9,jump,seed2,171,3.0
hpmcounter9,jump,seed2,172,3.0
hpmcounter9,jump,seed2,173,3.0
hpmcounter9,jump,seed2,174,3.0
hpmcounter9,jump,seed2,175,3.0
hpmcounter9,jump,seed2,176,3.0
hpmcounter9,jump,seed2,177,3.0
hpmcounter9,jump,seed2,178,3.0
hpmcounter9,jump,seed2,179,3.0
hpmcounter9,jump,seed2,180,3.0
hpmcounter9,jump,seed2,181,3.0
hpmcounter9,jump,seed2,182,3.0
hpmcounter9,jump,seed2,183,3.0
hpmcounter9,jump,seed2,184,3.0
hpmcounter9,jump,seed2,185,3.0
hpmcounter9,jump,seed2,186,3.0
hpmcounter9,jump,seed2,187,3.0
hpmcounter9,jump,seed2,188,3.0
hpmcounter9,jump,seed2,189,3.0
hpmcounter9,jump,seed2,190,3.0
hpmcounter9,jump,seed2,191,3.0
hpmcounter9,jump,seed2,192,3.0
hpmcounter9,jump,seed2,193,3.0
hpmcounter9,jump,seed2,194,3.0
hpmcounter9,jump,seed2,195,3.0
hpmcounter9,jump,seed2,196,3.0
hpmcounter9,jump,seed2,197,3.0
hpmcounter9,jump,seed2,198,3.0
hpmcounter9,jump,seed2,199,3.0
hpmcounter9,jump,seed2,200,3.0
hpmcounter9,jump,seed2,201,3.0
hpmcounter9,jump,seed2,202,3.0
hpmcounter9,jump,seed2,203,3.0
hpmcounter9,jump,seed2,204,3.0
hpmcounter9,jump,seed2,205,3.0
hpmcounter9,jump,seed2,206,3.0
hpmcounter9,jump,seed2,207,3.0
hpmcounter9,jump,seed2,208,3.0
hpmcounter9,jump,seed2,209,3.0
hpmcounter9,jump,seed2,210,3.0
hpmcounter9,jump,seed2,211,3.0
hpmcounter9,jump,seed2,212,3.0545454545454547
hpmcounter9,jump,seed2,213,3.096969696969697
hpmcounter9,jump,seed2,214,3.1272727272727274
hpmcounter9,jump,seed2,215,3.1454545454545455
hpmcounter9,jump,seed2,216,3.1515151515151514
hpmcounter9,jump,seed2,217,3.1454545454545455
hpmcounter9,jump,seed2,218,3.1272727272727274
hpmcounter9,jump,seed2,219,3.096969696969697
hpmcounter9,jump,seed2,220,3.0545454545454547
hpmcounter9,jump,seed2,221,3.0
hpmcounter9,jump,seed2,222,3.0
hpmcounter9,jump,seed2,223,3.0545454545454547
hpmcounter9,jump,seed2,224,3.096969696969697
hpmcounter9,jump,seed2,225,3.1272727272727274
hpmcounter9,jump,seed2,226,3.1454545454545455
hpmcounter9,jump,seed2,227,3.1515151515151514
hpmcounter9,jump,seed2,228,3.1454545454545455
hpmcounter9,jump,seed2,229,3.1272727272727274
hpmcounter9,jump,seed2,230,3.096969696969697
hpmcounter9,jump,seed2,231,3.0545454545454547
hpmcounter9,jump,seed2,232,3.0
hpmcounter9,jump,seed2,233,3.0
hpmcounter9,jump,seed2,234,3.0
hpmcounter9,jump,seed2,235,3.0
hpmcounter9,jump,seed2,236,3.0
hpmcounter9,jump,seed2,237,3.0
hpmcounter9,jump,seed2,238,3.0
hpmcounter9,jump,seed2,239,3.0
hpmcounter9,jump,seed2,240,3.0
hpmcounter9,jump,seed2,241,3.0
hpmcounter9,jump,seed2,242,3.0
hpmcounter9,jump,seed2,243,3.0
hpmcounter9,jump,seed2,244,3.0
hpmcounter9,jump,seed2,245,3.0
hpmcounter9,jump,seed2,246,3.0
hpmcounter9,jump,seed2,247,3.0
hpmcounter9,jump,seed2,248,3.0545454545454547
hpmcounter9,jump,seed2,249,3.096969696969697
hpmcounter9,jump,seed2,250,3.1272727272727274
hpmcounter9,jump,seed2,251,3.1454545454545455
hpmcounter9,jump,seed2,252,3.1515151515151514
hpmcounter9,jump,seed2,253,3.1454545454545455
hpmcounter9,jump,seed2,254,3.1272727272727274
hpmcounter9,jump,seed2,255,3.096969696969697
hpmcounter9,jump,seed2,256,3.0545454545454547
hpmcounter9,jump,seed2,257,3.0
hpmcounter9,jump,seed2,258,3.0
hpmcounter9,jump,seed2,259,3.0
hpmcounter9,jump,seed2,260,3.0
hpmcounter9,jump,seed2,261,3.0
hpmcounter9,jump,seed2,262,3.0
hpmcounter9,jump,seed2,263,3.0
hpmcounter9,jump,seed2,264,3.0
hpmcounter9,jump,seed2,265,3.0
hpmcounter9,jump,seed2,266,3.0
hpmcounter9,jump,seed2,267,3.0
hpmcounter9,jump,seed2,268,3.0
hpmcounter9,jump,seed2,269,3.0
hpmcounter9,jump,seed2,270,3.0
hpmcounter9,jump,seed2,271,3.0
hpmcounter9,jump,seed2,272,3.0
hpmcounter9,jump,seed2,273,3.0
hpmcounter9,jump,seed2,274,3.0
hpmcounter9,jump,seed2,275,3.0
hpmcounter9,jump,seed2,276,3.0
hpmcounter9,jump,seed2,277,3.0545454545454547
hpmcounter9,jump,seed2,278,3.1515151515151514
hpmcounter9,jump,seed2,279,3.224242424242424
hpmcounter9,jump,seed2,280,3.272727272727273
hpmcounter9,jump,seed2,281,3.296969696969697
hpmcounter9,jump,seed2,282,3.296969696969697
hpmcounter9,jump,seed2,283,3.272727272727273
hpmcounter9,jump,seed2,284,3.224242424242424
hpmcounter9,jump,seed2,285,3.1515151515151514
hpmcounter9,jump,seed2,286,3.0545454545454547
hpmcounter9,jump,seed2,287,3.0
hpmcounter9,jump,seed2,288,3.0
hpmcounter9,jump,seed2,289,3.0
hpmcounter9,jump,seed2,290,3.0
hpmcounter9,jump,seed2,291,3.0
hpmcounter9,jump,seed2,292,3.0
hpmcounter9,jump,seed2,293,3.0
hpmcounter9,jump,seed2,294,3.0
hpmcounter9,jump,seed2,295,3.0
hpmcounter9,jump,seed2,296,3.0
hpmcounter9,jump,seed2,297,3.0
hpmcounter9,jump,seed2,298,3.0
hpmcounter9,jump,seed20,9,3.2181818181818183
hpmcounter9,jump,seed20,10,3.0
hpmcounter9,jump,seed20,11,3.0
hpmcounter9,jump,seed20,12,3.0
hpmcounter9,jump,seed20,13,3.0
hpmcounter9,jump,seed20,14,3.0
hpmcounter9,jump,seed20,15,3.0
hpmcounter9,jump,seed20,16,3.0
hpmcounter9,jump,seed20,17,3.0
hpmcounter9,jump,seed20,18,3.0
hpmcounter9,jump,seed20,19,3.0
hpmcounter9,jump,seed20,20,3.0
hpmcounter9,jump,seed20,21,3.0
hpmcounter9,jump,seed20,22,3.0
hpmcounter9,jump,seed20,23,3.0
hpmcounter9,jump,seed20,24,3.0
hpmcounter9,jump,seed20,25,3.0
hpmcounter9,jump,seed20,26,3.0
hpmcounter9,jump,seed20,27,3.0
hpmcounter9,jump,seed20,28,3.0
hpmcounter9,jump,seed20,29,3.0
hpmcounter9,jump,seed20,30,3.0
hpmcounter9,jump,seed20,31,3.0
hpmcounter9,jump,seed20,32,3.0
hpmcounter9,jump,seed20,33,3.0
hpmcounter9,jump,seed20,34,3.0
hpmcounter9,jump,seed20,35,3.0
hpmcounter9,jump,seed20,36,3.0
hpmcounter9,jump,seed20,37,3.0
hpmcounter9,jump,seed20,38,3.0
hpmcounter9,jump,seed20,39,3.0
hpmcounter9,jump,seed20,40,3.0
hpmcounter9,jump,seed20,41,3.0
hpmcounter9,jump,seed20,42,3.0
hpmcounter9,jump,seed20,43,3.0
hpmcounter9,jump,seed20,44,3.0
hpmcounter9,jump,seed20,45,3.0
hpmcounter9,jump,seed20,46,3.0
hpmcounter9,jump,seed20,47,3.0
hpmcounter9,jump,seed20,48,3.0
hpmcounter9,jump,seed20,49,3.0
hpmcounter9,jump,seed20,50,3.0
hpmcounter9,jump,seed20,51,3.0
hpmcounter9,jump,seed20,52,3.0
hpmcounter9,jump,seed20,53,3.0
hpmcounter9,jump,seed20,54,3.0
hpmcounter9,jump,seed20,55,3.0
hpmcounter9,jump,seed20,56,3.0
hpmcounter9,jump,seed20,57,3.0
hpmcounter9,jump,seed20,58,3.0
hpmcounter9,jump,seed20,59,3.0
hpmcounter9,jump,seed20,60,3.0
hpmcounter9,jump,seed20,61,3.0
hpmcounter9,jump,seed20,62,3.0
hpmcounter9,jump,seed20,63,3.0
hpmcounter9,jump,seed20,64,3.0
hpmcounter9,jump,seed20,65,3.0
hpmcounter9,jump,seed20,66,3.0
hpmcounter9,jump,seed20,67,3.0
hpmcounter9,jump,seed20,68,3.0
hpmcounter9,jump,seed20,69,3.0
hpmcounter9,jump,seed20,70,3.0
hpmcounter9,jump,seed20,71,3.0
hpmcounter9,jump,seed20,72,3.0
hpmcounter9,jump,seed20,73,3.0
hpmcounter9,jump,seed20,74,3.0
hpmcounter9,jump,seed20,75,3.0
hpmcounter9,jump,seed20,76,3.0
hpmcounter9,jump,seed20,77,3.0
hpmcounter9,jump,seed20,78,3.0
hpmcounter9,jump,seed20,79,3.0
hpmcounter9,jump,seed20,80,3.0
hpmcounter9,jump,seed20,81,3.0
hpmcounter9,jump,seed20,82,3.0
hpmcounter9,jump,seed20,83,3.0
hpmcounter9,jump,seed20,84,3.0
hpmcounter9,jump,seed20,85,3.0
hpmcounter9,jump,seed20,86,3.0
hpmcounter9,jump,seed20,87,3.0
hpmcounter9,jump,seed20,88,3.0
hpmcounter9,jump,seed20,89,3.0
hpmcounter9,jump,seed20,90,3.0
hpmcounter9,jump,seed20,91,3.0
hpmcounter9,jump,seed20,92,3.0
hpmcounter9,jump,seed20,93,3.0
hpmcounter9,jump,seed20,94,3.0
hpmcounter9,jump,seed20,95,3.0
hpmcounter9,jump,seed20,96,3.0
hpmcounter9,jump,seed20,97,3.0
hpmcounter9,jump,seed20,98,3.0
hpmcounter9,jump,seed20,99,3.0
hpmcounter9,jump,seed20,100,3.0
hpmcounter9,jump,seed20,101,3.0
hpmcounter9,jump,seed20,102,3.0
hpmcounter9,jump,seed20,103,3.0
hpmcounter9,jump,seed20,104,3.0
hpmcounter9,jump,seed20,105,3.0
hpmcounter9,jump,seed20,106,3.0
hpmcounter9,jump,seed20,107,3.0
hpmcounter9,jump,seed20,108,3.0
hpmcounter9,jump,seed20,109,3.0
hpmcounter9,jump,seed20,110,3.0
hpmcounter9,jump,seed20,111,3.0
hpmcounter9,jump,seed20,112,3.0
hpmcounter9,jump,seed20,113,3.0
hpmcounter9,jump,seed20,114,3.0
hpmcounter9,jump,seed20,115,3.0
hpmcounter9,jump,seed20,116,3.0
hpmcounter9,jump,seed20,117,3.0
hpmcounter9,jump,seed20,118,3.0
hpmcounter9,jump,seed20,119,3.0
hpmcounter9,jump,seed20,120,3.0
hpmcounter9,jump,seed20,121,3.0
hpmcounter9,jump,seed20,122,3.0
hpmcounter9,jump,seed20,123,3.0
hpmcounter9,jump,seed20,124,3.0
hpmcounter9,jump,seed20,125,3.0
hpmcounter9,jump,seed20,126,3.0
hpmcounter9,jump,seed20,127,3.0
hpmcounter9,jump,seed20,128,3.0
hpmcounter9,jump,seed20,129,3.0
hpmcounter9,jump,seed20,130,3.0
hpmcounter9,jump,seed20,131,3.0
hpmcounter9,jump,seed20,132,3.0
hpmcounter9,jump,seed20,133,3.0
hpmcounter9,jump,seed20,134,3.0
hpmcounter9,jump,seed20,135,3.0
hpmcounter9,jump,seed20,136,3.0
hpmcounter9,jump,seed20,137,3.0
hpmcounter9,jump,seed20,138,3.0
hpmcounter9,jump,seed20,139,3.0
hpmcounter9,jump,seed20,140,3.0
hpmcounter9,jump,seed20,141,3.0
hpmcounter9,jump,seed20,142,3.0
hpmcounter9,jump,seed20,143,3.0
hpmcounter9,jump,seed20,144,3.0545454545454547
hpmcounter9,jump,seed20,145,3.096969696969697
hpmcounter9,jump,seed20,146,3.1272727272727274
hpmcounter9,jump,seed20,147,3.1454545454545455
hpmcounter9,jump,seed20,148,3.1515151515151514
hpmcounter9,jump,seed20,149,3.1454545454545455
hpmcounter9,jump,seed20,150,3.1272727272727274
hpmcounter9,jump,seed20,151,3.096969696969697
hpmcounter9,jump,seed20,152,3.0545454545454547
hpmcounter9,jump,seed20,153,3.0
hpmcounter9,jump,seed20,154,3.0
hpmcounter9,jump,seed20,155,3.0
hpmcounter9,jump,seed20,156,3.0
hpmcounter9,jump,seed20,157,3.0
hpmcounter9,jump,seed20,158,3.0
hpmcounter9,jump,seed20,159,3.0
hpmcounter9,jump,seed20,160,3.0
hpmcounter9,jump,seed20,161,3.0
hpmcounter9,jump,seed20,162,3.0
hpmcounter9,jump,seed20,163,3.0
hpmcounter9,jump,seed20,164,3.0
hpmcounter9,jump,seed20,165,3.0
hpmcounter9,jump,seed20,166,3.0
hpmcounter9,jump,seed20,167,3.0
hpmcounter9,jump,seed20,168,3.0
hpmcounter9,jump,seed20,169,3.0
hpmcounter9,jump,seed20,170,3.0
hpmcounter9,jump,seed20,171,3.0
hpmcounter9,jump,seed20,172,3.0
hpmcounter9,jump,seed20,173,3.0
hpmcounter9,jump,seed20,174,3.0
hpmcounter9,jump,seed20,175,3.0
hpmcounter9,jump,seed20,176,3.0
hpmcounter9,jump,seed20,177,3.0
hpmcounter9,jump,seed20,178,3.0
hpmcounter9,jump,seed20,179,3.0
hpmcounter9,jump,seed20,180,3.0
hpmcounter9,jump,seed20,181,3.0
hpmcounter9,jump,seed20,182,3.0
hpmcounter9,jump,seed20,183,3.0
hpmcounter9,jump,seed20,184,3.0
hpmcounter9,jump,seed20,185,3.0
hpmcounter9,jump,seed20,186,3.0
hpmcounter9,jump,seed20,187,3.0
hpmcounter9,jump,seed20,188,3.0
hpmcounter9,jump,seed20,189,3.0
hpmcounter9,jump,seed20,190,3.0
hpmcounter9,jump,seed20,191,3.0
hpmcounter9,jump,seed20,192,3.0
hpmcounter9,jump,seed20,193,3.0
hpmcounter9,jump,seed20,194,3.0
hpmcounter9,jump,seed20,195,3.0
hpmcounter9,jump,seed20,196,3.0
hpmcounter9,jump,seed20,197,3.0
hpmcounter9,jump,seed20,198,3.0
hpmcounter9,jump,seed20,199,3.0
hpmcounter9,jump,seed20,200,3.0
hpmcounter9,jump,seed20,201,3.0
hpmcounter9,jump,seed20,202,3.0
hpmcounter9,jump,seed20,203,3.0
hpmcounter9,jump,seed20,204,3.0
hpmcounter9,jump,seed20,205,3.0
hpmcounter9,jump,seed20,206,3.0
hpmcounter9,jump,seed20,207,3.0
hpmcounter9,jump,seed20,208,3.0
hpmcounter9,jump,seed20,209,3.0
hpmcounter9,jump,seed20,210,3.0
hpmcounter9,jump,seed20,211,3.0
hpmcounter9,jump,seed20,212,3.0
hpmcounter9,jump,seed20,213,3.0
hpmcounter9,jump,seed20,214,3.0
hpmcounter9,jump,seed20,215,3.0
hpmcounter9,jump,seed20,216,3.0
hpmcounter9,jump,seed20,217,3.0
hpmcounter9,jump,seed20,218,3.0
hpmcounter9,jump,seed20,219,3.0
hpmcounter9,jump,seed20,220,3.0
hpmcounter9,jump,seed20,221,3.0
hpmcounter9,jump,seed20,222,3.0
hpmcounter9,jump,seed20,223,3.0
hpmcounter9,jump,seed20,224,3.0
hpmcounter9,jump,seed20,225,3.0
hpmcounter9,jump,seed20,226,3.0
hpmcounter9,jump,seed20,227,3.0
hpmcounter9,jump,seed20,228,3.0
hpmcounter9,jump,seed20,229,3.0
hpmcounter9,jump,seed20,230,3.0
hpmcounter9,jump,seed20,231,3.0
hpmcounter9,jump,seed20,232,3.0
hpmcounter9,jump,seed20,233,3.0
hpmcounter9,jump,seed20,234,3.0
hpmcounter9,jump,seed20,235,3.0
hpmcounter9,jump,seed20,236,3.0
hpmcounter9,jump,seed20,237,3.0
hpmcounter9,jump,seed20,238,3.109090909090909
hpmcounter9,jump,seed20,239,3.193939393939394
hpmcounter9,jump,seed20,240,3.2545454545454544
hpmcounter9,jump,seed20,241,3.290909090909091
hpmcounter9,jump,seed20,242,3.303030303030303
hpmcounter9,jump,seed20,243,3.290909090909091
hpmcounter9,jump,seed20,244,3.2545454545454544
hpmcounter9,jump,seed20,245,3.193939393939394
hpmcounter9,jump,seed20,246,3.109090909090909
hpmcounter9,jump,seed20,247,3.0
hpmcounter9,jump,seed20,248,3.0
hpmcounter9,jump,seed20,249,3.0
hpmcounter9,jump,seed20,250,3.0
hpmcounter9,jump,seed20,251,3.0545454545454547
hpmcounter9,jump,seed20,252,3.1515151515151514
hpmcounter9,jump,seed20,253,3.224242424242424
hpmcounter9,jump,seed20,254,3.272727272727273
hpmcounter9,jump,seed20,255,3.296969696969697
hpmcounter9,jump,seed20,256,3.296969696969697
hpmcounter9,jump,seed20,257,3.272727272727273
hpmcounter9,jump,seed20,258,3.224242424242424
hpmcounter9,jump,seed20,259,3.1515151515151514
hpmcounter9,jump,seed20,260,3.0545454545454547
hpmcounter9,jump,seed20,261,3.0
hpmcounter9,jump,seed20,262,3.0
hpmcounter9,jump,seed20,263,3.0
hpmcounter9,jump,seed20,264,3.0
hpmcounter9,jump,seed20,265,3.0
hpmcounter9,jump,seed20,266,3.0
hpmcounter9,jump,seed20,267,3.0
hpmcounter9,jump,seed20,268,3.0
hpmcounter9,jump,seed20,269,3.0
hpmcounter9,jump,seed20,270,3.0
hpmcounter9,jump,seed20,271,3.0
hpmcounter9,jump,seed20,272,3.0
hpmcounter9,jump,seed20,273,3.0
hpmcounter9,jump,seed20,274,3.0
hpmcounter9,jump,seed20,275,3.0
hpmcounter9,jump,seed20,276,3.0
hpmcounter9,jump,seed20,277,3.0
hpmcounter9,jump,seed20,278,3.0
hpmcounter9,jump,seed20,279,3.0
hpmcounter9,jump,seed20,280,3.0
hpmcounter9,jump,seed20,281,3.0
hpmcounter9,jump,seed20,282,3.0
hpmcounter9,jump,seed20,283,3.0
hpmcounter9,jump,seed20,284,3.0
hpmcounter9,jump,seed20,285,3.0
hpmcounter9,jump,seed20,286,3.0
hpmcounter9,jump,seed20,287,3.0
hpmcounter9,jump,seed20,288,3.0
hpmcounter9,jump,seed20,289,3.0
hpmcounter9,jump,seed20,290,3.0
hpmcounter9,jump,seed20,291,3.0
hpmcounter9,jump,seed20,292,3.0
hpmcounter9,jump,seed20,293,3.0
hpmcounter9,jump,seed20,294,3.0
hpmcounter9,jump,seed20,295,3.0
hpmcounter9,jump,seed20,296,3.0
hpmcounter9,jump,seed20,297,3.0
hpmcounter9,jump,seed20,298,3.0
hpmcounter9,jump,seed3,9,3.2181818181818183
hpmcounter9,jump,seed3,10,3.0
hpmcounter9,jump,seed3,11,3.0
hpmcounter9,jump,seed3,12,3.0
hpmcounter9,jump,seed3,13,3.0
hpmcounter9,jump,seed3,14,3.0
hpmcounter9,jump,seed3,15,3.0
hpmcounter9,jump,seed3,16,3.0
hpmcounter9,jump,seed3,17,3.0
hpmcounter9,jump,seed3,18,3.0
hpmcounter9,jump,seed3,19,3.0
hpmcounter9,jump,seed3,20,3.0
hpmcounter9,jump,seed3,21,3.0
hpmcounter9,jump,seed3,22,3.0
hpmcounter9,jump,seed3,23,3.0
hpmcounter9,jump,seed3,24,3.0
hpmcounter9,jump,seed3,25,3.0
hpmcounter9,jump,seed3,26,3.0
hpmcounter9,jump,seed3,27,3.0
hpmcounter9,jump,seed3,28,3.0
hpmcounter9,jump,seed3,29,3.0
hpmcounter9,jump,seed3,30,3.0
hpmcounter9,jump,seed3,31,3.0
hpmcounter9,jump,seed3,32,3.0545454545454547
hpmcounter9,jump,seed3,33,3.096969696969697
hpmcounter9,jump,seed3,34,3.1272727272727274
hpmcounter9,jump,seed3,35,3.1454545454545455
hpmcounter9,jump,seed3,36,3.1515151515151514
hpmcounter9,jump,seed3,37,3.1454545454545455
hpmcounter9,jump,seed3,38,3.1272727272727274
hpmcounter9,jump,seed3,39,3.096969696969697
hpmcounter9,jump,seed3,40,3.0545454545454547
hpmcounter9,jump,seed3,41,3.0
hpmcounter9,jump,seed3,42,3.0
hpmcounter9,jump,seed3,43,3.0
hpmcounter9,jump,seed3,44,3.0
hpmcounter9,jump,seed3,45,3.0
hpmcounter9,jump,seed3,46,3.0
hpmcounter9,jump,seed3,47,3.0
hpmcounter9,jump,seed3,48,3.0
hpmcounter9,jump,seed3,49,3.0
hpmcounter9,jump,seed3,50,3.0
hpmcounter9,jump,seed3,51,3.0
hpmcounter9,jump,seed3,52,3.0
hpmcounter9,jump,seed3,53,3.0
hpmcounter9,jump,seed3,54,3.0
hpmcounter9,jump,seed3,55,3.0
hpmcounter9,jump,seed3,56,3.0
hpmcounter9,jump,seed3,57,3.0
hpmcounter9,jump,seed3,58,3.0
hpmcounter9,jump,seed3,59,3.0
hpmcounter9,jump,seed3,60,3.0
hpmcounter9,jump,seed3,61,3.0
hpmcounter9,jump,seed3,62,3.0
hpmcounter9,jump,seed3,63,3.0
hpmcounter9,jump,seed3,64,3.0
hpmcounter9,jump,seed3,65,3.0
hpmcounter9,jump,seed3,66,3.0
hpmcounter9,jump,seed3,67,3.0
hpmcounter9,jump,seed3,68,3.0
hpmcounter9,jump,seed3,69,3.0
hpmcounter9,jump,seed3,70,3.0
hpmcounter9,jump,seed3,71,3.0
hpmcounter9,jump,seed3,72,3.0
hpmcounter9,jump,seed3,73,3.0
hpmcounter9,jump,seed3,74,3.0
hpmcounter9,jump,seed3,75,3.0
hpmcounter9,jump,seed3,76,3.0
hpmcounter9,jump,seed3,77,3.0
hpmcounter9,jump,seed3,78,3.0
hpmcounter9,jump,seed3,79,3.0
hpmcounter9,jump,seed3,80,3.0
hpmcounter9,jump,seed3,81,3.0
hpmcounter9,jump,seed3,82,3.0
hpmcounter9,jump,seed3,83,3.0
hpmcounter9,jump,seed3,84,3.0
hpmcounter9,jump,seed3,85,3.0
hpmcounter9,jump,seed3,86,3.0
hpmcounter9,jump,seed3,87,3.0
hpmcounter9,jump,seed3,88,3.0
hpmcounter9,jump,seed3,89,3.0
hpmcounter9,jump,seed3,90,3.0
hpmcounter9,jump,seed3,91,3.0
hpmcounter9,jump,seed3,92,3.0
hpmcounter9,jump,seed3,93,3.0
hpmcounter9,jump,seed3,94,3.0
hpmcounter9,jump,seed3,95,3.0
hpmcounter9,jump,seed3,96,3.0
hpmcounter9,jump,seed3,97,3.0
hpmcounter9,jump,seed3,98,3.0
hpmcounter9,jump,seed3,99,3.0
hpmcounter9,jump,seed3,100,3.0
hpmcounter9,jump,seed3,101,3.0
hpmcounter9,jump,seed3,102,3.0
hpmcounter9,jump,seed3,103,3.0
hpmcounter9,jump,seed3,104,3.0
hpmcounter9,jump,seed3,105,3.0
hpmcounter9,jump,seed3,106,3.0
hpmcounter9,jump,seed3,107,3.0
hpmcounter9,jump,seed3,108,3.0545454545454547
hpmcounter9,jump,seed3,109,3.096969696969697
hpmcounter9,jump,seed3,110,3.1272727272727274
hpmcounter9,jump,seed3,111,3.1454545454545455
hpmcounter9,jump,seed3,112,3.1515151515151514
hpmcounter9,jump,seed3,113,3.1454545454545455
hpmcounter9,jump,seed3,114,3.1272727272727274
hpmcounter9,jump,seed3,115,3.096969696969697
hpmcounter9,jump,seed3,116,3.0545454545454547
hpmcounter9,jump,seed3,117,3.0
hpmcounter9,jump,seed3,118,3.0
hpmcounter9,jump,seed3,119,3.0
hpmcounter9,jump,seed3,120,3.0
hpmcounter9,jump,seed3,121,3.0
hpmcounter9,jump,seed3,122,3.0
hpmcounter9,jump,seed3,123,3.0
hpmcounter9,jump,seed3,124,3.0
hpmcounter9,jump,seed3,125,3.0
hpmcounter9,jump,seed3,126,3.0
hpmcounter9,jump,seed3,127,3.0
hpmcounter9,jump,seed3,128,3.0
hpmcounter9,jump,seed3,129,3.0
hpmcounter9,jump,seed3,130,3.0
hpmcounter9,jump,seed3,131,3.0
hpmcounter9,jump,seed3,132,3.0
hpmcounter9,jump,seed3,133,3.0
hpmcounter9,jump,seed3,134,3.0
hpmcounter9,jump,seed3,135,3.0
hpmcounter9,jump,seed3,136,3.0545454545454547
hpmcounter9,jump,seed3,137,3.096969696969697
hpmcounter9,jump,seed3,138,3.1272727272727274
hpmcounter9,jump,seed3,139,3.1454545454545455
hpmcounter9,jump,seed3,140,3.1515151515151514
hpmcounter9,jump,seed3,141,3.1454545454545455
hpmcounter9,jump,seed3,142,3.1272727272727274
hpmcounter9,jump,seed3,143,3.096969696969697
hpmcounter9,jump,seed3,144,3.0545454545454547
hpmcounter9,jump,seed3,145,3.0
hpmcounter9,jump,seed3,146,3.0
hpmcounter9,jump,seed3,147,3.0
hpmcounter9,jump,seed3,148,3.0
hpmcounter9,jump,seed3,149,3.0
hpmcounter9,jump,seed3,150,3.0
hpmcounter9,jump,seed3,151,3.0
hpmcounter9,jump,seed3,152,3.0
hpmcounter9,jump,seed3,153,3.0
hpmcounter9,jump,seed3,154,3.0
hpmcounter9,jump,seed3,155,3.0
hpmcounter9,jump,seed3,156,3.0
hpmcounter9,jump,seed3,157,3.0
hpmcounter9,jump,seed3,158,3.0
hpmcounter9,jump,seed3,159,3.0
hpmcounter9,jump,seed3,160,3.0
hpmcounter9,jump,seed3,161,3.0
hpmcounter9,jump,seed3,162,3.0
hpmcounter9,jump,seed3,163,3.0
hpmcounter9,jump,seed3,164,3.0
hpmcounter9,jump,seed3,165,3.0
hpmcounter9,jump,seed3,166,3.0
hpmcounter9,jump,seed3,167,3.0
hpmcounter9,jump,seed3,168,3.0
hpmcounter9,jump,seed3,169,3.0
hpmcounter9,jump,seed3,170,3.0
hpmcounter9,jump,seed3,171,3.0
hpmcounter9,jump,seed3,172,3.0
hpmcounter9,jump,seed3,173,3.0
hpmcounter9,jump,seed3,174,3.0
hpmcounter9,jump,seed3,175,3.0
hpmcounter9,jump,seed3,176,3.0
hpmcounter9,jump,seed3,177,3.0
hpmcounter9,jump,seed3,178,3.0
hpmcounter9,jump,seed3,179,3.0
hpmcounter9,jump,seed3,180,3.0
hpmcounter9,jump,seed3,181,3.0
hpmcounter9,jump,seed3,182,3.0
hpmcounter9,jump,seed3,183,3.0
hpmcounter9,jump,seed3,184,3.0
hpmcounter9,jump,seed3,185,3.0
hpmcounter9,jump,seed3,186,3.0
hpmcounter9,jump,seed3,187,3.0
hpmcounter9,jump,seed3,188,3.0
hpmcounter9,jump,seed3,189,3.0
hpmcounter9,jump,seed3,190,3.0
hpmcounter9,jump,seed3,191,3.0
hpmcounter9,jump,seed3,192,3.0
hpmcounter9,jump,seed3,193,3.0
hpmcounter9,jump,seed3,194,3.0
hpmcounter9,jump,seed3,195,3.0
hpmcounter9,jump,seed3,196,3.0
hpmcounter9,jump,seed3,197,3.0
hpmcounter9,jump,seed3,198,3.0
hpmcounter9,jump,seed3,199,3.0
hpmcounter9,jump,seed3,200,3.0
hpmcounter9,jump,seed3,201,3.0
hpmcounter9,jump,seed3,202,3.0
hpmcounter9,jump,seed3,203,3.0
hpmcounter9,jump,seed3,204,3.0
hpmcounter9,jump,seed3,205,3.0
hpmcounter9,jump,seed3,206,3.0
hpmcounter9,jump,seed3,207,3.0545454545454547
hpmcounter9,jump,seed3,208,3.096969696969697
hpmcounter9,jump,seed3,209,3.1272727272727274
hpmcounter9,jump,seed3,210,3.1454545454545455
hpmcounter9,jump,seed3,211,3.1515151515151514
hpmcounter9,jump,seed3,212,3.1454545454545455
hpmcounter9,jump,seed3,213,3.1272727272727274
hpmcounter9,jump,seed3,214,3.096969696969697
hpmcounter9,jump,seed3,215,3.0545454545454547
hpmcounter9,jump,seed3,216,3.0
hpmcounter9,jump,seed3,217,3.0
hpmcounter9,jump,seed3,218,3.0
hpmcounter9,jump,seed3,219,3.0
hpmcounter9,jump,seed3,220,3.0
hpmcounter9,jump,seed3,221,3.0
hpmcounter9,jump,seed3,222,3.0
hpmcounter9,jump,seed3,223,3.0
hpmcounter9,jump,seed3,224,3.0
hpmcounter9,jump,seed3,225,3.0
hpmcounter9,jump,seed3,226,3.0
hpmcounter9,jump,seed3,227,3.0
hpmcounter9,jump,seed3,228,3.0
hpmcounter9,jump,seed3,229,3.0
hpmcounter9,jump,seed3,230,3.0
hpmcounter9,jump,seed3,231,3.0
hpmcounter9,jump,seed3,232,3.0
hpmcounter9,jump,seed3,233,3.0
hpmcounter9,jump,seed3,234,3.0
hpmcounter9,jump,seed3,235,3.0
hpmcounter9,jump,seed3,236,3.0
hpmcounter9,jump,seed3,237,3.0
hpmcounter9,jump,seed3,238,3.0
hpmcounter9,jump,seed3,239,3.0
hpmcounter9,jump,seed3,240,3.0
hpmcounter9,jump,seed3,241,3.0
hpmcounter9,jump,seed3,242,3.0
hpmcounter9,jump,seed3,243,3.0
hpmcounter9,jump,seed3,244,3.0
hpmcounter9,jump,seed3,245,3.0
hpmcounter9,jump,seed3,246,3.0
hpmcounter9,jump,seed3,247,3.0
hpmcounter9,jump,seed3,248,3.0545454545454547
hpmcounter9,jump,seed3,249,3.1515151515151514
hpmcounter9,jump,seed3,250,3.224242424242424
hpmcounter9,jump,seed3,251,3.272727272727273
hpmcounter9,jump,seed3,252,3.296969696969697
hpmcounter9,jump,seed3,253,3.296969696969697
hpmcounter9,jump,seed3,254,3.272727272727273
hpmcounter9,jump,seed3,255,3.224242424242424
hpmcounter9,jump,seed3,256,3.1515151515151514
hpmcounter9,jump,seed3,257,3.0545454545454547
hpmcounter9,jump,seed3,258,3.0
hpmcounter9,jump,seed3,259,3.0
hpmcounter9,jump,seed3,260,3.0
hpmcounter9,jump,seed3,261,3.0
hpmcounter9,jump,seed3,262,3.0
hpmcounter9,jump,seed3,263,3.0545454545454547
hpmcounter9,jump,seed3,264,3.096969696969697
hpmcounter9,jump,seed3,265,3.1272727272727274
hpmcounter9,jump,seed3,266,3.1454545454545455
hpmcounter9,jump,seed3,267,3.1515151515151514
hpmcounter9,jump,seed3,268,3.2
hpmcounter9,jump,seed3,269,3.224242424242424
hpmcounter9,jump,seed3,270,3.224242424242424
hpmcounter9,jump,seed3,271,3.2
hpmcounter9,jump,seed3,272,3.1515151515151514
hpmcounter9,jump,seed3,273,3.1454545454545455
hpmcounter9,jump,seed3,274,3.1272727272727274
hpmcounter9,jump,seed3,275,3.096969696969697
hpmcounter9,jump,seed3,276,3.0545454545454547
hpmcounter9,jump,seed3,277,3.0
hpmcounter9,jump,seed3,278,3.0
hpmcounter9,jump,seed3,279,3.0
hpmcounter9,jump,seed3,280,3.0
hpmcounter9,jump,seed3,281,3.0
hpmcounter9,jump,seed3,282,3.0
hpmcounter9,jump,seed3,283,3.0
hpmcounter9,jump,seed3,284,3.0
hpmcounter9,jump,seed3,285,3.0
hpmcounter9,jump,seed3,286,3.0
hpmcounter9,jump,seed3,287,3.0
hpmcounter9,jump,seed3,288,3.0
hpmcounter9,jump,seed3,289,3.0
hpmcounter9,jump,seed3,290,3.0
hpmcounter9,jump,seed3,291,3.0
hpmcounter9,jump,seed3,292,3.0
hpmcounter9,jump,seed3,293,3.0
hpmcounter9,jump,seed3,294,3.0
hpmcounter9,jump,seed3,295,3.0
hpmcounter9,jump,seed3,296,3.0
hpmcounter9,jump,seed3,297,3.0
hpmcounter9,jump,seed3,298,3.0
hpmcounter9,jump,seed4,9,3.2181818181818183
hpmcounter9,jump,seed4,10,3.0
hpmcounter9,jump,seed4,11,3.0
hpmcounter9,jump,seed4,12,3.0
hpmcounter9,jump,seed4,13,3.0
hpmcounter9,jump,seed4,14,3.0
hpmcounter9,jump,seed4,15,3.0
hpmcounter9,jump,seed4,16,3.0
hpmcounter9,jump,seed4,17,3.0
hpmcounter9,jump,seed4,18,3.0
hpmcounter9,jump,seed4,19,3.0545454545454547
hpmcounter9,jump,seed4,20,3.1515151515151514
hpmcounter9,jump,seed4,21,3.224242424242424
hpmcounter9,jump,seed4,22,3.272727272727273
hpmcounter9,jump,seed4,23,3.296969696969697
hpmcounter9,jump,seed4,24,3.296969696969697
hpmcounter9,jump,seed4,25,3.272727272727273
hpmcounter9,jump,seed4,26,3.224242424242424
hpmcounter9,jump,seed4,27,3.1515151515151514
hpmcounter9,jump,seed4,28,3.109090909090909
hpmcounter9,jump,seed4,29,3.1515151515151514
hpmcounter9,jump,seed4,30,3.224242424242424
hpmcounter9,jump,seed4,31,3.272727272727273
hpmcounter9,jump,seed4,32,3.296969696969697
hpmcounter9,jump,seed4,33,3.296969696969697
hpmcounter9,jump,seed4,34,3.272727272727273
hpmcounter9,jump,seed4,35,3.224242424242424
hpmcounter9,jump,seed4,36,3.1515151515151514
hpmcounter9,jump,seed4,37,3.0545454545454547
hpmcounter9,jump,seed4,38,3.0
hpmcounter9,jump,seed4,39,3.0
hpmcounter9,jump,seed4,40,3.0
hpmcounter9,jump,seed4,41,3.0
hpmcounter9,jump,seed4,42,3.0
hpmcounter9,jump,seed4,43,3.0
hpmcounter9,jump,seed4,44,3.0
hpmcounter9,jump,seed4,45,3.0
hpmcounter9,jump,seed4,46,3.0
hpmcounter9,jump,seed4,47,3.0
hpmcounter9,jump,seed4,48,3.0545454545454547
hpmcounter9,jump,seed4,49,3.096969696969697
hpmcounter9,jump,seed4,50,3.1272727272727274
hpmcounter9,jump,seed4,51,3.1454545454545455
hpmcounter9,jump,seed4,52,3.1515151515151514
hpmcounter9,jump,seed4,53,3.309090909090909
hpmcounter9,jump,seed4,54,3.418181818181818
hpmcounter9,jump,seed4,55,3.478787878787879
hpmcounter9,jump,seed4,56,3.4909090909090907
hpmcounter9,jump,seed4,57,3.4545454545454546
hpmcounter9,jump,seed4,58,3.4363636363636365
hpmcounter9,jump,seed4,59,3.381818181818182
hpmcounter9,jump,seed4,60,3.290909090909091
hpmcounter9,jump,seed4,61,3.1636363636363636
hpmcounter9,jump,seed4,62,3.0
hpmcounter9,jump,seed4,63,3.0
hpmcounter9,jump,seed4,64,3.0
hpmcounter9,jump,seed4,65,3.0
hpmcounter9,jump,seed4,66,3.0
hpmcounter9,jump,seed4,67,3.0
hpmcounter9,jump,seed4,68,3.0
hpmcounter9,jump,seed4,69,3.0
hpmcounter9,jump,seed4,70,3.0
hpmcounter9,jump,seed4,71,3.0
hpmcounter9,jump,seed4,72,3.0
hpmcounter9,jump,seed4,73,3.0
hpmcounter9,jump,seed4,74,3.0545454545454547
hpmcounter9,jump,seed4,75,3.096969696969697
hpmcounter9,jump,seed4,76,3.1272727272727274
hpmcounter9,jump,seed4,77,3.1454545454545455
hpmcounter9,jump,seed4,78,3.1515151515151514
hpmcounter9,jump,seed4,79,3.309090909090909
hpmcounter9,jump,seed4,80,3.418181818181818
hpmcounter9,jump,seed4,81,3.478787878787879
hpmcounter9,jump,seed4,82,3.4909090909090907
hpmcounter9,jump,seed4,83,3.4545454545454546
hpmcounter9,jump,seed4,84,3.4363636363636365
hpmcounter9,jump,seed4,85,3.381818181818182
hpmcounter9,jump,seed4,86,3.290909090909091
hpmcounter9,jump,seed4,87,3.1636363636363636
hpmcounter9,jump,seed4,88,3.0
hpmcounter9,jump,seed4,89,3.0
hpmcounter9,jump,seed4,90,3.0
hpmcounter9,jump,seed4,91,3.0
hpmcounter9,jump,seed4,92,3.0545454545454547
hpmcounter9,jump,seed4,93,3.096969696969697
hpmcounter9,jump,seed4,94,3.1272727272727274
hpmcounter9,jump,seed4,95,3.2
hpmcounter9,jump,seed4,96,3.303030303030303
hpmcounter9,jump,seed4,97,3.3696969696969696
hpmcounter9,jump,seed4,98,3.4
hpmcounter9,jump,seed4,99,3.393939393939394
hpmcounter9,jump,seed4,100,3.3515151515151516
hpmcounter9,jump,seed4,101,3.272727272727273
hpmcounter9,jump,seed4,102,3.224242424242424
hpmcounter9,jump,seed4,103,3.1515151515151514
hpmcounter9,jump,seed4,104,3.0545454545454547
hpmcounter9,jump,seed4,105,3.0
hpmcounter9,jump,seed4,106,3.0
hpmcounter9,jump,seed4,107,3.0
hpmcounter9,jump,seed4,108,3.0
hpmcounter9,jump,seed4,109,3.0
hpmcounter9,jump,seed4,110,3.0
hpmcounter9,jump,seed4,111,3.0
hpmcounter9,jump,seed4,112,3.0
hpmcounter9,jump,seed4,113,3.0
hpmcounter9,jump,seed4,114,3.0
hpmcounter9,jump,seed4,115,3.0
hpmcounter9,jump,seed4,116,3.0
hpmcounter9,jump,seed4,117,3.0
hpmcounter9,jump,seed4,118,3.0
hpmcounter9,jump,seed4,119,3.0
hpmcounter9,jump,seed4,120,3.0
hpmcounter9,jump,seed4,121,3.0
hpmcounter9,jump,seed4,122,3.0
hpmcounter9,jump,seed4,123,3.0
hpmcounter9,jump,seed4,124,3.0
hpmcounter9,jump,seed4,125,3.0545454545454547
hpmcounter9,jump,seed4,126,3.1515151515151514
hpmcounter9,jump,seed4,127,3.224242424242424
hpmcounter9,jump,seed4,128,3.272727272727273
hpmcounter9,jump,seed4,129,3.296969696969697
hpmcounter9,jump,seed4,130,3.296969696969697
hpmcounter9,jump,seed4,131,3.272727272727273
hpmcounter9,jump,seed4,132,3.224242424242424
hpmcounter9,jump,seed4,133,3.1515151515151514
hpmcounter9,jump,seed4,134,3.0545454545454547
hpmcounter9,jump,seed4,135,3.0
hpmcounter9,jump,seed4,136,3.0
hpmcounter9,jump,seed4,137,3.0
hpmcounter9,jump,seed4,138,3.0
hpmcounter9,jump,seed4,139,3.0
hpmcounter9,jump,seed4,140,3.0
hpmcounter9,jump,seed4,141,3.0
hpmcounter9,jump,seed4,142,3.0
hpmcounter9,jump,seed4,143,3.0
hpmcounter9,jump,seed4,144,3.0
hpmcounter9,jump,seed4,145,3.0
hpmcounter9,jump,seed4,146,3.0
hpmcounter9,jump,seed4,147,3.0
hpmcounter9,jump,seed4,148,3.0
hpmcounter9,jump,seed4,149,3.0
hpmcounter9,jump,seed4,150,3.0
hpmcounter9,jump,seed4,151,3.0
hpmcounter9,jump,seed4,152,3.0
hpmcounter9,jump,seed4,153,3.0
hpmcounter9,jump,seed4,154,3.0
hpmcounter9,jump,seed4,155,3.0
hpmcounter9,jump,seed4,156,3.0
hpmcounter9,jump,seed4,157,3.0
hpmcounter9,jump,seed4,158,3.0
hpmcounter9,jump,seed4,159,3.0
hpmcounter9,jump,seed4,160,3.0
hpmcounter9,jump,seed4,161,3.0
hpmcounter9,jump,seed4,162,3.0
hpmcounter9,jump,seed4,163,3.0
hpmcounter9,jump,seed4,164,3.0
hpmcounter9,jump,seed4,165,3.0
hpmcounter9,jump,seed4,166,3.0
hpmcounter9,jump,seed4,167,3.0
hpmcounter9,jump,seed4,168,3.0
hpmcounter9,jump,seed4,169,3.0
hpmcounter9,jump,seed4,170,3.0
hpmcounter9,jump,seed4,171,3.0
hpmcounter9,jump,seed4,172,3.0
hpmcounter9,jump,seed4,173,3.0
hpmcounter9,jump,seed4,174,3.0
hpmcounter9,jump,seed4,175,3.0
hpmcounter9,jump,seed4,176,3.0
hpmcounter9,jump,seed4,177,3.0
hpmcounter9,jump,seed4,178,3.0
hpmcounter9,jump,seed4,179,3.0
hpmcounter9,jump,seed4,180,3.0
hpmcounter9,jump,seed4,181,3.0
hpmcounter9,jump,seed4,182,3.0
hpmcounter9,jump,seed4,183,3.0
hpmcounter9,jump,seed4,184,3.0
hpmcounter9,jump,seed4,185,3.0
hpmcounter9,jump,seed4,186,3.0
hpmcounter9,jump,seed4,187,3.0545454545454547
hpmcounter9,jump,seed4,188,3.096969696969697
hpmcounter9,jump,seed4,189,3.1272727272727274
hpmcounter9,jump,seed4,190,3.1454545454545455
hpmcounter9,jump,seed4,191,3.1515151515151514
hpmcounter9,jump,seed4,192,3.1454545454545455
hpmcounter9,jump,seed4,193,3.1272727272727274
hpmcounter9,jump,seed4,194,3.096969696969697
hpmcounter9,jump,seed4,195,3.0545454545454547
hpmcounter9,jump,seed4,196,3.0
hpmcounter9,jump,seed4,197,3.0
hpmcounter9,jump,seed4,198,3.0
hpmcounter9,jump,seed4,199,3.0
hpmcounter9,jump,seed4,200,3.0
hpmcounter9,jump,seed4,201,3.0
hpmcounter9,jump,seed4,202,3.0
hpmcounter9,jump,seed4,203,3.0
hpmcounter9,jump,seed4,204,3.0
hpmcounter9,jump,seed4,205,3.0
hpmcounter9,jump,seed4,206,3.0
hpmcounter9,jump,seed4,207,3.0
hpmcounter9,jump,seed4,208,3.0
hpmcounter9,jump,seed4,209,3.0
hpmcounter9,jump,seed4,210,3.0
hpmcounter9,jump,seed4,211,3.0
hpmcounter9,jump,seed4,212,3.0
hpmcounter9,jump,seed4,213,3.0
hpmcounter9,jump,seed4,214,3.0
hpmcounter9,jump,seed4,215,3.0
hpmcounter9,jump,seed4,216,3.0
hpmcounter9,jump,seed4,217,3.0
hpmcounter9,jump,seed4,218,3.0
hpmcounter9,jump,seed4,219,3.0
hpmcounter9,jump,seed4,220,3.0
hpmcounter9,jump,seed4,221,3.0
hpmcounter9,jump,seed4,222,3.0
hpmcounter9,jump,seed4,223,3.0
hpmcounter9,jump,seed4,224,3.0
hpmcounter9,jump,seed4,225,3.0
hpmcounter9,jump,seed4,226,3.0
hpmcounter9,jump,seed4,227,3.0
hpmcounter9,jump,seed4,228,3.0
hpmcounter9,jump,seed4,229,3.0
hpmcounter9,jump,seed4,230,3.0
hpmcounter9,jump,seed4,231,3.0
hpmcounter9,jump,seed4,232,3.0
hpmcounter9,jump,seed4,233,3.0
hpmcounter9,jump,seed4,234,3.0
hpmcounter9,jump,seed4,235,3.0
hpmcounter9,jump,seed4,236,3.0
hpmcounter9,jump,seed4,237,3.0
hpmcounter9,jump,seed4,238,3.0
hpmcounter9,jump,seed4,239,3.0
hpmcounter9,jump,seed4,240,3.0
hpmcounter9,jump,seed4,241,3.0
hpmcounter9,jump,seed4,242,3.0
hpmcounter9,jump,seed4,243,3.0
hpmcounter9,jump,seed4,244,3.0
hpmcounter9,jump,seed4,245,3.0
hpmcounter9,jump,seed4,246,3.0
hpmcounter9,jump,seed4,247,3.0545454545454547
hpmcounter9,jump,seed4,248,3.096969696969697
hpmcounter9,jump,seed4,249,3.1272727272727274
hpmcounter9,jump,seed4,250,3.1454545454545455
hpmcounter9,jump,seed4,251,3.1515151515151514
hpmcounter9,jump,seed4,252,3.1454545454545455
hpmcounter9,jump,seed4,253,3.1272727272727274
hpmcounter9,jump,seed4,254,3.096969696969697
hpmcounter9,jump,seed4,255,3.0545454545454547
hpmcounter9,jump,seed4,256,3.0
hpmcounter9,jump,seed4,257,3.0
hpmcounter9,jump,seed4,258,3.0
hpmcounter9,jump,seed4,259,3.0
hpmcounter9,jump,seed4,260,3.0
hpmcounter9,jump,seed4,261,3.0
hpmcounter9,jump,seed4,262,3.0545454545454547
hpmcounter9,jump,seed4,263,3.096969696969697
hpmcounter9,jump,seed4,264,3.1272727272727274
hpmcounter9,jump,seed4,265,3.1454545454545455
hpmcounter9,jump,seed4,266,3.1515151515151514
hpmcounter9,jump,seed4,267,3.1454545454545455
hpmcounter9,jump,seed4,268,3.1272727272727274
hpmcounter9,jump,seed4,269,3.096969696969697
hpmcounter9,jump,seed4,270,3.0545454545454547
hpmcounter9,jump,seed4,271,3.0
hpmcounter9,jump,seed4,272,3.0
hpmcounter9,jump,seed4,273,3.0
hpmcounter9,jump,seed4,274,3.0
hpmcounter9,jump,seed4,275,3.0
hpmcounter9,jump,seed4,276,3.0
hpmcounter9,jump,seed4,277,3.0
hpmcounter9,jump,seed4,278,3.0
hpmcounter9,jump,seed4,279,3.0
hpmcounter9,jump,seed4,280,3.0
hpmcounter9,jump,seed4,281,3.0
hpmcounter9,jump,seed4,282,3.0
hpmcounter9,jump,seed4,283,3.0
hpmcounter9,jump,seed4,284,3.0
hpmcounter9,jump,seed4,285,3.0
hpmcounter9,jump,seed4,286,3.0
hpmcounter9,jump,seed4,287,3.0
hpmcounter9,jump,seed4,288,3.0
hpmcounter9,jump,seed4,289,3.0
hpmcounter9,jump,seed4,290,3.0
hpmcounter9,jump,seed4,291,3.0
hpmcounter9,jump,seed4,292,3.0
hpmcounter9,jump,seed4,293,3.0
hpmcounter9,jump,seed4,294,3.0
hpmcounter9,jump,seed4,295,3.0
hpmcounter9,jump,seed4,296,3.0
hpmcounter9,jump,seed4,297,3.0
hpmcounter9,jump,seed4,298,3.0
hpmcounter9,jump,seed5,9,3.2181818181818183
hpmcounter9,jump,seed5,10,3.0
hpmcounter9,jump,seed5,11,3.0
hpmcounter9,jump,seed5,12,3.0
hpmcounter9,jump,seed5,13,3.0
hpmcounter9,jump,seed5,14,3.0
hpmcounter9,jump,seed5,15,3.0
hpmcounter9,jump,seed5,16,3.0
hpmcounter9,jump,seed5,17,3.0
hpmcounter9,jump,seed5,18,3.0
hpmcounter9,jump,seed5,19,3.0
hpmcounter9,jump,seed5,20,3.0
hpmcounter9,jump,seed5,21,3.0
hpmcounter9,jump,seed5,22,3.0
hpmcounter9,jump,seed5,23,3.0
hpmcounter9,jump,seed5,24,3.0
hpmcounter9,jump,seed5,25,3.0
hpmcounter9,jump,seed5,26,3.0
hpmcounter9,jump,seed5,27,3.0
hpmcounter9,jump,seed5,28,3.0
hpmcounter9,jump,seed5,29,3.0
hpmcounter9,jump,seed5,30,3.0
hpmcounter9,jump,seed5,31,3.0
hpmcounter9,jump,seed5,32,3.0
hpmcounter9,jump,seed5,33,3.0
hpmcounter9,jump,seed5,34,3.0
hpmcounter9,jump,seed5,35,3.0
hpmcounter9,jump,seed5,36,3.0
hpmcounter9,jump,seed5,37,3.0
hpmcounter9,jump,seed5,38,3.0
hpmcounter9,jump,seed5,39,3.0
hpmcounter9,jump,seed5,40,3.0
hpmcounter9,jump,seed5,41,3.0
hpmcounter9,jump,seed5,42,3.0
hpmcounter9,jump,seed5,43,3.0
hpmcounter9,jump,seed5,44,3.0
hpmcounter9,jump,seed5,45,3.0
hpmcounter9,jump,seed5,46,3.0
hpmcounter9,jump,seed5,47,3.0
hpmcounter9,jump,seed5,48,3.0
hpmcounter9,jump,seed5,49,3.0
hpmcounter9,jump,seed5,50,3.0
hpmcounter9,jump,seed5,51,3.0
hpmcounter9,jump,seed5,52,3.0
hpmcounter9,jump,seed5,53,3.0
hpmcounter9,jump,seed5,54,3.0
hpmcounter9,jump,seed5,55,3.0
hpmcounter9,jump,seed5,56,3.0
hpmcounter9,jump,seed5,57,3.0
hpmcounter9,jump,seed5,58,3.0
hpmcounter9,jump,seed5,59,3.0
hpmcounter9,jump,seed5,60,3.0
hpmcounter9,jump,seed5,61,3.0
hpmcounter9,jump,seed5,62,3.0
hpmcounter9,jump,seed5,63,3.0
hpmcounter9,jump,seed5,64,3.0
hpmcounter9,jump,seed5,65,3.0
hpmcounter9,jump,seed5,66,3.0
hpmcounter9,jump,seed5,67,3.0
hpmcounter9,jump,seed5,68,3.0
hpmcounter9,jump,seed5,69,3.0
hpmcounter9,jump,seed5,70,3.0
hpmcounter9,jump,seed5,71,3.0
hpmcounter9,jump,seed5,72,3.0
hpmcounter9,jump,seed5,73,3.0
hpmcounter9,jump,seed5,74,3.0
hpmcounter9,jump,seed5,75,3.0
hpmcounter9,jump,seed5,76,3.0
hpmcounter9,jump,seed5,77,3.0
hpmcounter9,jump,seed5,78,3.0
hpmcounter9,jump,seed5,79,3.0
hpmcounter9,jump,seed5,80,3.0
hpmcounter9,jump,seed5,81,3.0
hpmcounter9,jump,seed5,82,3.0
hpmcounter9,jump,seed5,83,3.0
hpmcounter9,jump,seed5,84,3.0
hpmcounter9,jump,seed5,85,3.0
hpmcounter9,jump,seed5,86,3.0
hpmcounter9,jump,seed5,87,3.0
hpmcounter9,jump,seed5,88,3.0
hpmcounter9,jump,seed5,89,3.0
hpmcounter9,jump,seed5,90,3.0545454545454547
hpmcounter9,jump,seed5,91,3.096969696969697
hpmcounter9,jump,seed5,92,3.1272727272727274
hpmcounter9,jump,seed5,93,3.1454545454545455
hpmcounter9,jump,seed5,94,3.1515151515151514
hpmcounter9,jump,seed5,95,3.1454545454545455
hpmcounter9,jump,seed5,96,3.1272727272727274
hpmcounter9,jump,seed5,97,3.096969696969697
hpmcounter9,jump,seed5,98,3.0545454545454547
hpmcounter9,jump,seed5,99,3.0
hpmcounter9,jump,seed5,100,3.0
hpmcounter9,jump,seed5,101,3.0
hpmcounter9,jump,seed5,102,3.0
hpmcounter9,jump,seed5,103,3.0
hpmcounter9,jump,seed5,104,3.0
hpmcounter9,jump,seed5,105,3.0
hpmcounter9,jump,seed5,106,3.0
hpmcounter9,jump,seed5,107,3.0
hpmcounter9,jump,seed5,108,3.0
hpmcounter9,jump,seed5,109,3.0
hpmcounter9,jump,seed5,110,3.0
hpmcounter9,jump,seed5,111,3.0
hpmcounter9,jump,seed5,112,3.0
hpmcounter9,jump,seed5,113,3.0
hpmcounter9,jump,seed5,114,3.0
hpmcounter9,jump,seed5,115,3.0
hpmcounter9,jump,seed5,116,3.109090909090909
hpmcounter9,jump,seed5,117,3.193939393939394
hpmcounter9,jump,seed5,118,3.2545454545454544
hpmcounter9,jump,seed5,119,3.290909090909091
hpmcounter9,jump,seed5,120,3.303030303030303
hpmcounter9,jump,seed5,121,3.290909090909091
hpmcounter9,jump,seed5,122,3.2545454545454544
hpmcounter9,jump,seed5,123,3.193939393939394
hpmcounter9,jump,seed5,124,3.109090909090909
hpmcounter9,jump,seed5,125,3.0
hpmcounter9,jump,seed5,126,3.0
hpmcounter9,jump,seed5,127,3.0
hpmcounter9,jump,seed5,128,3.0
hpmcounter9,jump,seed5,129,3.0
hpmcounter9,jump,seed5,130,3.0
hpmcounter9,jump,seed5,131,3.0
hpmcounter9,jump,seed5,132,3.0
hpmcounter9,jump,seed5,133,3.0
hpmcounter9,jump,seed5,134,3.0
hpmcounter9,jump,seed5,135,3.0
hpmcounter9,jump,seed5,136,3.0
hpmcounter9,jump,seed5,137,3.0545454545454547
hpmcounter9,jump,seed5,138,3.096969696969697
hpmcounter9,jump,seed5,139,3.1272727272727274
hpmcounter9,jump,seed5,140,3.1454545454545455
hpmcounter9,jump,seed5,141,3.1515151515151514
hpmcounter9,jump,seed5,142,3.1454545454545455
hpmcounter9,jump,seed5,143,3.1272727272727274
hpmcounter9,jump,seed5,144,3.096969696969697
hpmcounter9,jump,seed5,145,3.0545454545454547
hpmcounter9,jump,seed5,146,3.0
hpmcounter9,jump,seed5,147,3.0
hpmcounter9,jump,seed5,148,3.0
hpmcounter9,jump,seed5,149,3.0
hpmcounter9,jump,seed5,150,3.0
hpmcounter9,jump,seed5,151,3.0
hpmcounter9,jump,seed5,152,3.0
hpmcounter9,jump,seed5,153,3.0
hpmcounter9,jump,seed5,154,3.0
hpmcounter9,jump,seed5,155,3.0
hpmcounter9,jump,seed5,156,3.0
hpmcounter9,jump,seed5,157,3.0
hpmcounter9,jump,seed5,158,3.0
hpmcounter9,jump,seed5,159,3.0
hpmcounter9,jump,seed5,160,3.0
hpmcounter9,jump,seed5,161,3.0
hpmcounter9,jump,seed5,162,3.0
hpmcounter9,jump,seed5,163,3.0
hpmcounter9,jump,seed5,164,3.0
hpmcounter9,jump,seed5,165,3.0
hpmcounter9,jump,seed5,166,3.0
hpmcounter9,jump,seed5,167,3.0
hpmcounter9,jump,seed5,168,3.0
hpmcounter9,jump,seed5,169,3.0
hpmcounter9,jump,seed5,170,3.0
hpmcounter9,jump,seed5,171,3.0
hpmcounter9,jump,seed5,172,3.0
hpmcounter9,jump,seed5,173,3.0
hpmcounter9,jump,seed5,174,3.0
hpmcounter9,jump,seed5,175,3.0
hpmcounter9,jump,seed5,176,3.0
hpmcounter9,jump,seed5,177,3.0
hpmcounter9,jump,seed5,178,3.0
hpmcounter9,jump,seed5,179,3.0
hpmcounter9,jump,seed5,180,3.0
hpmcounter9,jump,seed5,181,3.0
hpmcounter9,jump,seed5,182,3.0
hpmcounter9,jump,seed5,183,3.0
hpmcounter9,jump,seed5,184,3.0
hpmcounter9,jump,seed5,185,3.0
hpmcounter9,jump,seed5,186,3.0
hpmcounter9,jump,seed5,187,3.0
hpmcounter9,jump,seed5,188,3.0
hpmcounter9,jump,seed5,189,3.0545454545454547
hpmcounter9,jump,seed5,190,3.1515151515151514
hpmcounter9,jump,seed5,191,3.224242424242424
hpmcounter9,jump,seed5,192,3.272727272727273
hpmcounter9,jump,seed5,193,3.296969696969697
hpmcounter9,jump,seed5,194,3.296969696969697
hpmcounter9,jump,seed5,195,3.272727272727273
hpmcounter9,jump,seed5,196,3.224242424242424
hpmcounter9,jump,seed5,197,3.1515151515151514
hpmcounter9,jump,seed5,198,3.0545454545454547
hpmcounter9,jump,seed5,199,3.0
hpmcounter9,jump,seed5,200,3.0
hpmcounter9,jump,seed5,201,3.0
hpmcounter9,jump,seed5,202,3.0
hpmcounter9,jump,seed5,203,3.0
hpmcounter9,jump,seed5,204,3.0
hpmcounter9,jump,seed5,205,3.0
hpmcounter9,jump,seed5,206,3.0
hpmcounter9,jump,seed5,207,3.0
hpmcounter9,jump,seed5,208,3.0
hpmcounter9,jump,seed5,209,3.0
hpmcounter9,jump,seed5,210,3.0
hpmcounter9,jump,seed5,211,3.0
hpmcounter9,jump,seed5,212,3.0
hpmcounter9,jump,seed5,213,3.0
hpmcounter9,jump,seed5,214,3.0
hpmcounter9,jump,seed5,215,3.0
hpmcounter9,jump,seed5,216,3.0
hpmcounter9,jump,seed5,217,3.0
hpmcounter9,jump,seed5,218,3.0
hpmcounter9,jump,seed5,219,3.0
hpmcounter9,jump,seed5,220,3.0
hpmcounter9,jump,seed5,221,3.0
hpmcounter9,jump,seed5,222,3.0
hpmcounter9,jump,seed5,223,3.0545454545454547
hpmcounter9,jump,seed5,224,3.096969696969697
hpmcounter9,jump,seed5,225,3.1272727272727274
hpmcounter9,jump,seed5,226,3.1454545454545455
hpmcounter9,jump,seed5,227,3.1515151515151514
hpmcounter9,jump,seed5,228,3.1454545454545455
hpmcounter9,jump,seed5,229,3.1272727272727274
hpmcounter9,jump,seed5,230,3.096969696969697
hpmcounter9,jump,seed5,231,3.0545454545454547
hpmcounter9,jump,seed5,232,3.0
hpmcounter9,jump,seed5,233,3.0
hpmcounter9,jump,seed5,234,3.0
hpmcounter9,jump,seed5,235,3.0
hpmcounter9,jump,seed5,236,3.0
hpmcounter9,jump,seed5,237,3.0
hpmcounter9,jump,seed5,238,3.0
hpmcounter9,jump,seed5,239,3.0
hpmcounter9,jump,seed5,240,3.0
hpmcounter9,jump,seed5,241,3.0
hpmcounter9,jump,seed5,242,3.0
hpmcounter9,jump,seed5,243,3.0
hpmcounter9,jump,seed5,244,3.0
hpmcounter9,jump,seed5,245,3.0
hpmcounter9,jump,seed5,246,3.0
hpmcounter9,jump,seed5,247,3.0
hpmcounter9,jump,seed5,248,3.0
hpmcounter9,jump,seed5,249,3.0
hpmcounter9,jump,seed5,250,3.0
hpmcounter9,jump,seed5,251,3.0
hpmcounter9,jump,seed5,252,3.0
hpmcounter9,jump,seed5,253,3.0
hpmcounter9,jump,seed5,254,3.0
hpmcounter9,jump,seed5,255,3.0
hpmcounter9,jump,seed5,256,3.0
hpmcounter9,jump,seed5,257,3.0
hpmcounter9,jump,seed5,258,3.0
hpmcounter9,jump,seed5,259,3.0
hpmcounter9,jump,seed5,260,3.0
hpmcounter9,jump,seed5,261,3.0
hpmcounter9,jump,seed5,262,3.0
hpmcounter9,jump,seed5,263,3.0
hpmcounter9,jump,seed5,264,3.0
hpmcounter9,jump,seed5,265,3.0
hpmcounter9,jump,seed5,266,3.0
hpmcounter9,jump,seed5,267,3.0
hpmcounter9,jump,seed5,268,3.0
hpmcounter9,jump,seed5,269,3.0
hpmcounter9,jump,seed5,270,3.0
hpmcounter9,jump,seed5,271,3.0
hpmcounter9,jump,seed5,272,3.0
hpmcounter9,jump,seed5,273,3.0
hpmcounter9,jump,seed5,274,3.0
hpmcounter9,jump,seed5,275,3.0
hpmcounter9,jump,seed5,276,3.0
hpmcounter9,jump,seed5,277,3.0
hpmcounter9,jump,seed5,278,3.0
hpmcounter9,jump,seed5,279,3.0
hpmcounter9,jump,seed5,280,3.0
hpmcounter9,jump,seed5,281,3.0
hpmcounter9,jump,seed5,282,3.0
hpmcounter9,jump,seed5,283,3.0
hpmcounter9,jump,seed5,284,3.109090909090909
hpmcounter9,jump,seed5,285,3.193939393939394
hpmcounter9,jump,seed5,286,3.2545454545454544
hpmcounter9,jump,seed5,287,3.290909090909091
hpmcounter9,jump,seed5,288,3.303030303030303
hpmcounter9,jump,seed5,289,3.290909090909091
hpmcounter9,jump,seed5,290,3.2545454545454544
hpmcounter9,jump,seed5,291,3.193939393939394
hpmcounter9,jump,seed5,292,3.109090909090909
hpmcounter9,jump,seed5,293,3.0
hpmcounter9,jump,seed5,294,3.0
hpmcounter9,jump,seed5,295,3.0
hpmcounter9,jump,seed5,296,3.0
hpmcounter9,jump,seed5,297,3.0
hpmcounter9,jump,seed5,298,3.0
hpmcounter9,jump,seed6,9,3.2181818181818183
hpmcounter9,jump,seed6,10,3.0
hpmcounter9,jump,seed6,11,3.0
hpmcounter9,jump,seed6,12,3.0
hpmcounter9,jump,seed6,13,3.0
hpmcounter9,jump,seed6,14,3.0
hpmcounter9,jump,seed6,15,3.0
hpmcounter9,jump,seed6,16,3.0
hpmcounter9,jump,seed6,17,3.0
hpmcounter9,jump,seed6,18,3.0
hpmcounter9,jump,seed6,19,3.0
hpmcounter9,jump,seed6,20,3.0
hpmcounter9,jump,seed6,21,3.0
hpmcounter9,jump,seed6,22,3.0
hpmcounter9,jump,seed6,23,3.0
hpmcounter9,jump,seed6,24,3.0
hpmcounter9,jump,seed6,25,3.0
hpmcounter9,jump,seed6,26,3.0
hpmcounter9,jump,seed6,27,3.0
hpmcounter9,jump,seed6,28,3.0
hpmcounter9,jump,seed6,29,3.0
hpmcounter9,jump,seed6,30,3.0
hpmcounter9,jump,seed6,31,3.0
hpmcounter9,jump,seed6,32,3.0
hpmcounter9,jump,seed6,33,3.0
hpmcounter9,jump,seed6,34,3.0
hpmcounter9,jump,seed6,35,3.0
hpmcounter9,jump,seed6,36,3.0
hpmcounter9,jump,seed6,37,3.0
hpmcounter9,jump,seed6,38,3.0
hpmcounter9,jump,seed6,39,3.0
hpmcounter9,jump,seed6,40,3.0
hpmcounter9,jump,seed6,41,3.0
hpmcounter9,jump,seed6,42,3.0
hpmcounter9,jump,seed6,43,3.0
hpmcounter9,jump,seed6,44,3.0
hpmcounter9,jump,seed6,45,3.0
hpmcounter9,jump,seed6,46,3.0545454545454547
hpmcounter9,jump,seed6,47,3.096969696969697
hpmcounter9,jump,seed6,48,3.1272727272727274
hpmcounter9,jump,seed6,49,3.1454545454545455
hpmcounter9,jump,seed6,50,3.1515151515151514
hpmcounter9,jump,seed6,51,3.1454545454545455
hpmcounter9,jump,seed6,52,3.1272727272727274
hpmcounter9,jump,seed6,53,3.096969696969697
hpmcounter9,jump,seed6,54,3.0545454545454547
hpmcounter9,jump,seed6,55,3.0
hpmcounter9,jump,seed6,56,3.0
hpmcounter9,jump,seed6,57,3.0
hpmcounter9,jump,seed6,58,3.0
hpmcounter9,jump,seed6,59,3.0
hpmcounter9,jump,seed6,60,3.0
hpmcounter9,jump,seed6,61,3.0
hpmcounter9,jump,seed6,62,3.0
hpmcounter9,jump,seed6,63,3.0
hpmcounter9,jump,seed6,64,3.0
hpmcounter9,jump,seed6,65,3.0
hpmcounter9,jump,seed6,66,3.0
hpmcounter9,jump,seed6,67,3.0
hpmcounter9,jump,seed6,68,3.0
hpmcounter9,jump,seed6,69,3.0
hpmcounter9,jump,seed6,70,3.0
hpmcounter9,jump,seed6,71,3.0
hpmcounter9,jump,seed6,72,3.0
hpmcounter9,jump,seed6,73,3.0
hpmcounter9,jump,seed6,74,3.0
hpmcounter9,jump,seed6,75,3.0
hpmcounter9,jump,seed6,76,3.0
hpmcounter9,jump,seed6,77,3.0
hpmcounter9,jump,seed6,78,3.0
hpmcounter9,jump,seed6,79,3.0
hpmcounter9,jump,seed6,80,3.0
hpmcounter9,jump,seed6,81,3.0
hpmcounter9,jump,seed6,82,3.0
hpmcounter9,jump,seed6,83,3.0
hpmcounter9,jump,seed6,84,3.0
hpmcounter9,jump,seed6,85,3.0
hpmcounter9,jump,seed6,86,3.0
hpmcounter9,jump,seed6,87,3.0
hpmcounter9,jump,seed6,88,3.0
hpmcounter9,jump,seed6,89,3.0
hpmcounter9,jump,seed6,90,3.0
hpmcounter9,jump,seed6,91,3.0
hpmcounter9,jump,seed6,92,3.0
hpmcounter9,jump,seed6,93,3.0
hpmcounter9,jump,seed6,94,3.0
hpmcounter9,jump,seed6,95,3.0
hpmcounter9,jump,seed6,96,3.0
hpmcounter9,jump,seed6,97,3.0
hpmcounter9,jump,seed6,98,3.0
hpmcounter9,jump,seed6,99,3.0
hpmcounter9,jump,seed6,100,3.0
hpmcounter9,jump,seed6,101,3.0
hpmcounter9,jump,seed6,102,3.0
hpmcounter9,jump,seed6,103,3.0
hpmcounter9,jump,seed6,104,3.0
hpmcounter9,jump,seed6,105,3.0
hpmcounter9,jump,seed6,106,3.0
hpmcounter9,jump,seed6,107,3.0
hpmcounter9,jump,seed6,108,3.0
hpmcounter9,jump,seed6,109,3.0
hpmcounter9,jump,seed6,110,3.0
hpmcounter9,jump,seed6,111,3.0
hpmcounter9,jump,seed6,112,3.0
hpmcounter9,jump,seed6,113,3.0
hpmcounter9,jump,seed6,114,3.109090909090909
hpmcounter9,jump,seed6,115,3.193939393939394
hpmcounter9,jump,seed6,116,3.2545454545454544
hpmcounter9,jump,seed6,117,3.290909090909091
hpmcounter9,jump,seed6,118,3.303030303030303
hpmcounter9,jump,seed6,119,3.290909090909091
hpmcounter9,jump,seed6,120,3.2545454545454544
hpmcounter9,jump,seed6,121,3.193939393939394
hpmcounter9,jump,seed6,122,3.109090909090909
hpmcounter9,jump,seed6,123,3.0
hpmcounter9,jump,seed6,124,3.0
hpmcounter9,jump,seed6,125,3.0
hpmcounter9,jump,seed6,126,3.0
hpmcounter9,jump,seed6,127,3.0
hpmcounter9,jump,seed6,128,3.0
hpmcounter9,jump,seed6,129,3.0
hpmcounter9,jump,seed6,130,3.0
hpmcounter9,jump,seed6,131,3.0
hpmcounter9,jump,seed6,132,3.0
hpmcounter9,jump,seed6,133,3.0
hpmcounter9,jump,seed6,134,3.0
hpmcounter9,jump,seed6,135,3.0
hpmcounter9,jump,seed6,136,3.0
hpmcounter9,jump,seed6,137,3.0
hpmcounter9,jump,seed6,138,3.0
hpmcounter9,jump,seed6,139,3.0
hpmcounter9,jump,seed6,140,3.0
hpmcounter9,jump,seed6,141,3.0
hpmcounter9,jump,seed6,142,3.0
hpmcounter9,jump,seed6,143,3.0
hpmcounter9,jump,seed6,144,3.0
hpmcounter9,jump,seed6,145,3.0
hpmcounter9,jump,seed6,146,3.0
hpmcounter9,jump,seed6,147,3.0
hpmcounter9,jump,seed6,148,3.0
hpmcounter9,jump,seed6,149,3.0
hpmcounter9,jump,seed6,150,3.0
hpmcounter9,jump,seed6,151,3.0
hpmcounter9,jump,seed6,152,3.0
hpmcounter9,jump,seed6,153,3.0
hpmcounter9,jump,seed6,154,3.0
hpmcounter9,jump,seed6,155,3.0
hpmcounter9,jump,seed6,156,3.0
hpmcounter9,jump,seed6,157,3.0
hpmcounter9,jump,seed6,158,3.0
hpmcounter9,jump,seed6,159,3.0
hpmcounter9,jump,seed6,160,3.0
hpmcounter9,jump,seed6,161,3.0
hpmcounter9,jump,seed6,162,3.0
hpmcounter9,jump,seed6,163,3.0
hpmcounter9,jump,seed6,164,3.0
hpmcounter9,jump,seed6,165,3.0
hpmcounter9,jump,seed6,166,3.0
hpmcounter9,jump,seed6,167,3.0
hpmcounter9,jump,seed6,168,3.0
hpmcounter9,jump,seed6,169,3.0
hpmcounter9,jump,seed6,170,3.0
hpmcounter9,jump,seed6,171,3.0
hpmcounter9,jump,seed6,172,3.0
hpmcounter9,jump,seed6,173,3.0
hpmcounter9,jump,seed6,174,3.0
hpmcounter9,jump,seed6,175,3.0
hpmcounter9,jump,seed6,176,3.0
hpmcounter9,jump,seed6,177,3.0
hpmcounter9,jump,seed6,178,3.0
hpmcounter9,jump,seed6,179,3.0
hpmcounter9,jump,seed6,180,3.0
hpmcounter9,jump,seed6,181,3.0
hpmcounter9,jump,seed6,182,3.0
hpmcounter9,jump,seed6,183,3.0
hpmcounter9,jump,seed6,184,3.0
hpmcounter9,jump,seed6,185,3.0545454545454547
hpmcounter9,jump,seed6,186,3.096969696969697
hpmcounter9,jump,seed6,187,3.1272727272727274
hpmcounter9,jump,seed6,188,3.1454545454545455
hpmcounter9,jump,seed6,189,3.1515151515151514
hpmcounter9,jump,seed6,190,3.1454545454545455
hpmcounter9,jump,seed6,191,3.1272727272727274
hpmcounter9,jump,seed6,192,3.096969696969697
hpmcounter9,jump,seed6,193,3.0545454545454547
hpmcounter9,jump,seed6,194,3.0
hpmcounter9,jump,seed6,195,3.0
hpmcounter9,jump,seed6,196,3.0
hpmcounter9,jump,seed6,197,3.0
hpmcounter9,jump,seed6,198,3.0
hpmcounter9,jump,seed6,199,3.0
hpmcounter9,jump,seed6,200,3.0
hpmcounter9,jump,seed6,201,3.0
hpmcounter9,jump,seed6,202,3.0
hpmcounter9,jump,seed6,203,3.0
hpmcounter9,jump,seed6,204,3.0
hpmcounter9,jump,seed6,205,3.0
hpmcounter9,jump,seed6,206,3.0
hpmcounter9,jump,seed6,207,3.0
hpmcounter9,jump,seed6,208,3.0
hpmcounter9,jump,seed6,209,3.0
hpmcounter9,jump,seed6,210,3.0
hpmcounter9,jump,seed6,211,3.0545454545454547
hpmcounter9,jump,seed6,212,3.096969696969697
hpmcounter9,jump,seed6,213,3.1272727272727274
hpmcounter9,jump,seed6,214,3.1454545454545455
hpmcounter9,jump,seed6,215,3.1515151515151514
hpmcounter9,jump,seed6,216,3.1454545454545455
hpmcounter9,jump,seed6,217,3.1272727272727274
hpmcounter9,jump,seed6,218,3.096969696969697
hpmcounter9,jump,seed6,219,3.0545454545454547
hpmcounter9,jump,seed6,220,3.0
hpmcounter9,jump,seed6,221,3.0
hpmcounter9,jump,seed6,222,3.0
hpmcounter9,jump,seed6,223,3.0
hpmcounter9,jump,seed6,224,3.0
hpmcounter9,jump,seed6,225,3.0
hpmcounter9,jump,seed6,226,3.0
hpmcounter9,jump,seed6,227,3.0
hpmcounter9,jump,seed6,228,3.0
hpmcounter9,jump,seed6,229,3.0
hpmcounter9,jump,seed6,230,3.0
hpmcounter9,jump,seed6,231,3.0
hpmcounter9,jump,seed6,232,3.0
hpmcounter9,jump,seed6,233,3.0
hpmcounter9,jump,seed6,234,3.0
hpmcounter9,jump,seed6,235,3.0
hpmcounter9,jump,seed6,236,3.0
hpmcounter9,jump,seed6,237,3.0
hpmcounter9,jump,seed6,238,3.0
hpmcounter9,jump,seed6,239,3.0
hpmcounter9,jump,seed6,240,3.0545454545454547
hpmcounter9,jump,seed6,241,3.096969696969697
hpmcounter9,jump,seed6,242,3.1272727272727274
hpmcounter9,jump,seed6,243,3.1454545454545455
hpmcounter9,jump,seed6,244,3.1515151515151514
hpmcounter9,jump,seed6,245,3.1454545454545455
hpmcounter9,jump,seed6,246,3.1272727272727274
hpmcounter9,jump,seed6,247,3.096969696969697
hpmcounter9,jump,seed6,248,3.1636363636363636
hpmcounter9,jump,seed6,249,3.193939393939394
hpmcounter9,jump,seed6,250,3.2545454545454544
hpmcounter9,jump,seed6,251,3.290909090909091
hpmcounter9,jump,seed6,252,3.303030303030303
hpmcounter9,jump,seed6,253,3.290909090909091
hpmcounter9,jump,seed6,254,3.2545454545454544
hpmcounter9,jump,seed6,255,3.193939393939394
hpmcounter9,jump,seed6,256,3.109090909090909
hpmcounter9,jump,seed6,257,3.0
hpmcounter9,jump,seed6,258,3.0
hpmcounter9,jump,seed6,259,3.0
hpmcounter9,jump,seed6,260,3.0
hpmcounter9,jump,seed6,261,3.0
hpmcounter9,jump,seed6,262,3.0
hpmcounter9,jump,seed6,263,3.0
hpmcounter9,jump,seed6,264,3.0
hpmcounter9,jump,seed6,265,3.0
hpmcounter9,jump,seed6,266,3.0
hpmcounter9,jump,seed6,267,3.0
hpmcounter9,jump,seed6,268,3.0
hpmcounter9,jump,seed6,269,3.0
hpmcounter9,jump,seed6,270,3.0
hpmcounter9,jump,seed6,271,3.0
hpmcounter9,jump,seed6,272,3.0
hpmcounter9,jump,seed6,273,3.0
hpmcounter9,jump,seed6,274,3.0
hpmcounter9,jump,seed6,275,3.0
hpmcounter9,jump,seed6,276,3.0
hpmcounter9,jump,seed6,277,3.0
hpmcounter9,jump,seed6,278,3.0
hpmcounter9,jump,seed6,279,3.0
hpmcounter9,jump,seed6,280,3.0
hpmcounter9,jump,seed6,281,3.0
hpmcounter9,jump,seed6,282,3.0
hpmcounter9,jump,seed6,283,3.0
hpmcounter9,jump,seed6,284,3.0
hpmcounter9,jump,seed6,285,3.0
hpmcounter9,jump,seed6,286,3.0
hpmcounter9,jump,seed6,287,3.0
hpmcounter9,jump,seed6,288,3.0
hpmcounter9,jump,seed6,289,3.0
hpmcounter9,jump,seed6,290,3.0
hpmcounter9,jump,seed6,291,3.0
hpmcounter9,jump,seed6,292,3.0
hpmcounter9,jump,seed6,293,3.0
hpmcounter9,jump,seed6,294,3.0
hpmcounter9,jump,seed6,295,3.0
hpmcounter9,jump,seed6,296,3.0545454545454547
hpmcounter9,jump,seed6,297,3.096969696969697
hpmcounter9,jump,seed6,298,3.1818181818181817
hpmcounter9,jump,seed7,9,3.2181818181818183
hpmcounter9,jump,seed7,10,3.0
hpmcounter9,jump,seed7,11,3.0
hpmcounter9,jump,seed7,12,3.0
hpmcounter9,jump,seed7,13,3.0
hpmcounter9,jump,seed7,14,3.0
hpmcounter9,jump,seed7,15,3.0
hpmcounter9,jump,seed7,16,3.0
hpmcounter9,jump,seed7,17,3.0
hpmcounter9,jump,seed7,18,3.0
hpmcounter9,jump,seed7,19,3.0
hpmcounter9,jump,seed7,20,3.0
hpmcounter9,jump,seed7,21,3.0
hpmcounter9,jump,seed7,22,3.0
hpmcounter9,jump,seed7,23,3.0
hpmcounter9,jump,seed7,24,3.0
hpmcounter9,jump,seed7,25,3.0
hpmcounter9,jump,seed7,26,3.0
hpmcounter9,jump,seed7,27,3.0
hpmcounter9,jump,seed7,28,3.0
hpmcounter9,jump,seed7,29,3.0
hpmcounter9,jump,seed7,30,3.0
hpmcounter9,jump,seed7,31,3.0
hpmcounter9,jump,seed7,32,3.0
hpmcounter9,jump,seed7,33,3.0
hpmcounter9,jump,seed7,34,3.0
hpmcounter9,jump,seed7,35,3.0
hpmcounter9,jump,seed7,36,3.0
hpmcounter9,jump,seed7,37,3.0
hpmcounter9,jump,seed7,38,3.0
hpmcounter9,jump,seed7,39,3.0
hpmcounter9,jump,seed7,40,3.0
hpmcounter9,jump,seed7,41,3.0
hpmcounter9,jump,seed7,42,3.0
hpmcounter9,jump,seed7,43,3.0
hpmcounter9,jump,seed7,44,3.0
hpmcounter9,jump,seed7,45,3.0
hpmcounter9,jump,seed7,46,3.0
hpmcounter9,jump,seed7,47,3.0
hpmcounter9,jump,seed7,48,3.0
hpmcounter9,jump,seed7,49,3.0
hpmcounter9,jump,seed7,50,3.0
hpmcounter9,jump,seed7,51,3.0
hpmcounter9,jump,seed7,52,3.0
hpmcounter9,jump,seed7,53,3.0
hpmcounter9,jump,seed7,54,3.0
hpmcounter9,jump,seed7,55,3.0545454545454547
hpmcounter9,jump,seed7,56,3.096969696969697
hpmcounter9,jump,seed7,57,3.1272727272727274
hpmcounter9,jump,seed7,58,3.1454545454545455
hpmcounter9,jump,seed7,59,3.1515151515151514
hpmcounter9,jump,seed7,60,3.1454545454545455
hpmcounter9,jump,seed7,61,3.1272727272727274
hpmcounter9,jump,seed7,62,3.096969696969697
hpmcounter9,jump,seed7,63,3.0545454545454547
hpmcounter9,jump,seed7,64,3.0
hpmcounter9,jump,seed7,65,3.0
hpmcounter9,jump,seed7,66,3.0
hpmcounter9,jump,seed7,67,3.0
hpmcounter9,jump,seed7,68,3.0
hpmcounter9,jump,seed7,69,3.0
hpmcounter9,jump,seed7,70,3.0
hpmcounter9,jump,seed7,71,3.0
hpmcounter9,jump,seed7,72,3.0
hpmcounter9,jump,seed7,73,3.0
hpmcounter9,jump,seed7,74,3.0
hpmcounter9,jump,seed7,75,3.0
hpmcounter9,jump,seed7,76,3.0
hpmcounter9,jump,seed7,77,3.0
hpmcounter9,jump,seed7,78,3.0
hpmcounter9,jump,seed7,79,3.0
hpmcounter9,jump,seed7,80,3.0
hpmcounter9,jump,seed7,81,3.0
hpmcounter9,jump,seed7,82,3.0
hpmcounter9,jump,seed7,83,3.0
hpmcounter9,jump,seed7,84,3.0
hpmcounter9,jump,seed7,85,3.0
hpmcounter9,jump,seed7,86,3.0
hpmcounter9,jump,seed7,87,3.0
hpmcounter9,jump,seed7,88,3.0
hpmcounter9,jump,seed7,89,3.0
hpmcounter9,jump,seed7,90,3.0
hpmcounter9,jump,seed7,91,3.0
hpmcounter9,jump,seed7,92,3.0
hpmcounter9,jump,seed7,93,3.0
hpmcounter9,jump,seed7,94,3.0
hpmcounter9,jump,seed7,95,3.0
hpmcounter9,jump,seed7,96,3.0
hpmcounter9,jump,seed7,97,3.0
hpmcounter9,jump,seed7,98,3.0
hpmcounter9,jump,seed7,99,3.0
hpmcounter9,jump,seed7,100,3.0
hpmcounter9,jump,seed7,101,3.0545454545454547
hpmcounter9,jump,seed7,102,3.1515151515151514
hpmcounter9,jump,seed7,103,3.224242424242424
hpmcounter9,jump,seed7,104,3.272727272727273
hpmcounter9,jump,seed7,105,3.296969696969697
hpmcounter9,jump,seed7,106,3.296969696969697
hpmcounter9,jump,seed7,107,3.272727272727273
hpmcounter9,jump,seed7,108,3.224242424242424
hpmcounter9,jump,seed7,109,3.1515151515151514
hpmcounter9,jump,seed7,110,3.0545454545454547
hpmcounter9,jump,seed7,111,3.0
hpmcounter9,jump,seed7,112,3.0
hpmcounter9,jump,seed7,113,3.0
hpmcounter9,jump,seed7,114,3.0
hpmcounter9,jump,seed7,115,3.0
hpmcounter9,jump,seed7,116,3.0
hpmcounter9,jump,seed7,117,3.0545454545454547
hpmcounter9,jump,seed7,118,3.096969696969697
hpmcounter9,jump,seed7,119,3.1272727272727274
hpmcounter9,jump,seed7,120,3.1454545454545455
hpmcounter9,jump,seed7,121,3.1515151515151514
hpmcounter9,jump,seed7,122,3.1454545454545455
hpmcounter9,jump,seed7,123,3.1272727272727274
hpmcounter9,jump,seed7,124,3.096969696969697
hpmcounter9,jump,seed7,125,3.0545454545454547
hpmcounter9,jump,seed7,126,3.0
hpmcounter9,jump,seed7,127,3.0
hpmcounter9,jump,seed7,128,3.0
hpmcounter9,jump,seed7,129,3.0
hpmcounter9,jump,seed7,130,3.0
hpmcounter9,jump,seed7,131,3.0
hpmcounter9,jump,seed7,132,3.0
hpmcounter9,jump,seed7,133,3.0
hpmcounter9,jump,seed7,134,3.0
hpmcounter9,jump,seed7,135,3.0
hpmcounter9,jump,seed7,136,3.0
hpmcounter9,jump,seed7,137,3.0
hpmcounter9,jump,seed7,138,3.0
hpmcounter9,jump,seed7,139,3.0
hpmcounter9,jump,seed7,140,3.0
hpmcounter9,jump,seed7,141,3.0
hpmcounter9,jump,seed7,142,3.0
hpmcounter9,jump,seed7,143,3.0
hpmcounter9,jump,seed7,144,3.0
hpmcounter9,jump,seed7,145,3.0
hpmcounter9,jump,seed7,146,3.0
hpmcounter9,jump,seed7,147,3.0
hpmcounter9,jump,seed7,148,3.0
hpmcounter9,jump,seed7,149,3.0
hpmcounter9,jump,seed7,150,3.0
hpmcounter9,jump,seed7,151,3.0
hpmcounter9,jump,seed7,152,3.0
hpmcounter9,jump,seed7,153,3.0
hpmcounter9,jump,seed7,154,3.0
hpmcounter9,jump,seed7,155,3.0
hpmcounter9,jump,seed7,156,3.0
hpmcounter9,jump,seed7,157,3.0
hpmcounter9,jump,seed7,158,3.0
hpmcounter9,jump,seed7,159,3.0
hpmcounter9,jump,seed7,160,3.0
hpmcounter9,jump,seed7,161,3.0
hpmcounter9,jump,seed7,162,3.0
hpmcounter9,jump,seed7,163,3.0
hpmcounter9,jump,seed7,164,3.0
hpmcounter9,jump,seed7,165,3.0
hpmcounter9,jump,seed7,166,3.0
hpmcounter9,jump,seed7,167,3.0
hpmcounter9,jump,seed7,168,3.0
hpmcounter9,jump,seed7,169,3.0545454545454547
hpmcounter9,jump,seed7,170,3.1515151515151514
hpmcounter9,jump,seed7,171,3.278787878787879
hpmcounter9,jump,seed7,172,3.3696969696969696
hpmcounter9,jump,seed7,173,3.4242424242424243
hpmcounter9,jump,seed7,174,3.496969696969697
hpmcounter9,jump,seed7,175,3.521212121212121
hpmcounter9,jump,seed7,176,3.496969696969697
hpmcounter9,jump,seed7,177,3.4242424242424243
hpmcounter9,jump,seed7,178,3.303030303030303
hpmcounter9,jump,seed7,179,3.2
hpmcounter9,jump,seed7,180,3.1272727272727274
hpmcounter9,jump,seed7,181,3.096969696969697
hpmcounter9,jump,seed7,182,3.0545454545454547
hpmcounter9,jump,seed7,183,3.0
hpmcounter9,jump,seed7,184,3.0
hpmcounter9,jump,seed7,185,3.0
hpmcounter9,jump,seed7,186,3.0
hpmcounter9,jump,seed7,187,3.0
hpmcounter9,jump,seed7,188,3.0
hpmcounter9,jump,seed7,189,3.0
hpmcounter9,jump,seed7,190,3.0
hpmcounter9,jump,seed7,191,3.0
hpmcounter9,jump,seed7,192,3.0
hpmcounter9,jump,seed7,193,3.0
hpmcounter9,jump,seed7,194,3.0
hpmcounter9,jump,seed7,195,3.0
hpmcounter9,jump,seed7,196,3.0
hpmcounter9,jump,seed7,197,3.0
hpmcounter9,jump,seed7,198,3.0
hpmcounter9,jump,seed7,199,3.0
hpmcounter9,jump,seed7,200,3.0545454545454547
hpmcounter9,jump,seed7,201,3.1515151515151514
hpmcounter9,jump,seed7,202,3.224242424242424
hpmcounter9,jump,seed7,203,3.272727272727273
hpmcounter9,jump,seed7,204,3.296969696969697
hpmcounter9,jump,seed7,205,3.296969696969697
hpmcounter9,jump,seed7,206,3.272727272727273
hpmcounter9,jump,seed7,207,3.224242424242424
hpmcounter9,jump,seed7,208,3.1515151515151514
hpmcounter9,jump,seed7,209,3.0545454545454547
hpmcounter9,jump,seed7,210,3.0
hpmcounter9,jump,seed7,211,3.0
hpmcounter9,jump,seed7,212,3.0
hpmcounter9,jump,seed7,213,3.0
hpmcounter9,jump,seed7,214,3.0
hpmcounter9,jump,seed7,215,3.0
hpmcounter9,jump,seed7,216,3.0
hpmcounter9,jump,seed7,217,3.0
hpmcounter9,jump,seed7,218,3.0
hpmcounter9,jump,seed7,219,3.0
hpmcounter9,jump,seed7,220,3.0
hpmcounter9,jump,seed7,221,3.0
hpmcounter9,jump,seed7,222,3.0
hpmcounter9,jump,seed7,223,3.0
hpmcounter9,jump,seed7,224,3.0
hpmcounter9,jump,seed7,225,3.0
hpmcounter9,jump,seed7,226,3.0
hpmcounter9,jump,seed7,227,3.0
hpmcounter9,jump,seed7,228,3.0
hpmcounter9,jump,seed7,229,3.0
hpmcounter9,jump,seed7,230,3.0
hpmcounter9,jump,seed7,231,3.0
hpmcounter9,jump,seed7,232,3.0
hpmcounter9,jump,seed7,233,3.0
hpmcounter9,jump,seed7,234,3.0
hpmcounter9,jump,seed7,235,3.0
hpmcounter9,jump,seed7,236,3.0
hpmcounter9,jump,seed7,237,3.0
hpmcounter9,jump,seed7,238,3.0
hpmcounter9,jump,seed7,239,3.0
hpmcounter9,jump,seed7,240,3.0
hpmcounter9,jump,seed7,241,3.0
hpmcounter9,jump,seed7,242,3.0
hpmcounter9,jump,seed7,243,3.0
hpmcounter9,jump,seed7,244,3.0
hpmcounter9,jump,seed7,245,3.0
hpmcounter9,jump,seed7,246,3.0
hpmcounter9,jump,seed7,247,3.0
hpmcounter9,jump,seed7,248,3.0
hpmcounter9,jump,seed7,249,3.0
hpmcounter9,jump,seed7,250,3.0
hpmcounter9,jump,seed7,251,3.0
hpmcounter9,jump,seed7,252,3.0
hpmcounter9,jump,seed7,253,3.0
hpmcounter9,jump,seed7,254,3.0
hpmcounter9,jump,seed7,255,3.0
hpmcounter9,jump,seed7,256,3.0
hpmcounter9,jump,seed7,257,3.0
hpmcounter9,jump,seed7,258,3.0
hpmcounter9,jump,seed7,259,3.0
hpmcounter9,jump,seed7,260,3.0
hpmcounter9,jump,seed7,261,3.0
hpmcounter9,jump,seed7,262,3.0
hpmcounter9,jump,seed7,263,3.0
hpmcounter9,jump,seed7,264,3.0
hpmcounter9,jump,seed7,265,3.0
hpmcounter9,jump,seed7,266,3.0
hpmcounter9,jump,seed7,267,3.0
hpmcounter9,jump,seed7,268,3.0
hpmcounter9,jump,seed7,269,3.0
hpmcounter9,jump,seed7,270,3.0
hpmcounter9,jump,seed7,271,3.0
hpmcounter9,jump,seed7,272,3.0
hpmcounter9,jump,seed7,273,3.0
hpmcounter9,jump,seed7,274,3.0
hpmcounter9,jump,seed7,275,3.0
hpmcounter9,jump,seed7,276,3.0
hpmcounter9,jump,seed7,277,3.0
hpmcounter9,jump,seed7,278,3.0
hpmcounter9,jump,seed7,279,3.0
hpmcounter9,jump,seed7,280,3.0
hpmcounter9,jump,seed7,281,3.0
hpmcounter9,jump,seed7,282,3.0
hpmcounter9,jump,seed7,283,3.0
hpmcounter9,jump,seed7,284,3.0
hpmcounter9,jump,seed7,285,3.0
hpmcounter9,jump,seed7,286,3.0
hpmcounter9,jump,seed7,287,3.0
hpmcounter9,jump,seed7,288,3.0
hpmcounter9,jump,seed7,289,3.0
hpmcounter9,jump,seed7,290,3.0
hpmcounter9,jump,seed7,291,3.0
hpmcounter9,jump,seed7,292,3.0
hpmcounter9,jump,seed7,293,3.0
hpmcounter9,jump,seed7,294,3.0
hpmcounter9,jump,seed7,295,3.0
hpmcounter9,jump,seed7,296,3.0
hpmcounter9,jump,seed7,297,3.0
hpmcounter9,jump,seed7,298,3.0
hpmcounter9,jump,seed8,9,3.2181818181818183
hpmcounter9,jump,seed8,10,3.0
hpmcounter9,jump,seed8,11,3.0
hpmcounter9,jump,seed8,12,3.0
hpmcounter9,jump,seed8,13,3.0
hpmcounter9,jump,seed8,14,3.0
hpmcounter9,jump,seed8,15,3.0
hpmcounter9,jump,seed8,16,3.0
hpmcounter9,jump,seed8,17,3.0
hpmcounter9,jump,seed8,18,3.0
hpmcounter9,jump,seed8,19,3.0
hpmcounter9,jump,seed8,20,3.0
hpmcounter9,jump,seed8,21,3.0
hpmcounter9,jump,seed8,22,3.0
hpmcounter9,jump,seed8,23,3.0
hpmcounter9,jump,seed8,24,3.0
hpmcounter9,jump,seed8,25,3.0
hpmcounter9,jump,seed8,26,3.0
hpmcounter9,jump,seed8,27,3.0
hpmcounter9,jump,seed8,28,3.0
hpmcounter9,jump,seed8,29,3.0
hpmcounter9,jump,seed8,30,3.0
hpmcounter9,jump,seed8,31,3.0
hpmcounter9,jump,seed8,32,3.0
hpmcounter9,jump,seed8,33,3.0
hpmcounter9,jump,seed8,34,3.0
hpmcounter9,jump,seed8,35,3.0
hpmcounter9,jump,seed8,36,3.0
hpmcounter9,jump,seed8,37,3.0
hpmcounter9,jump,seed8,38,3.0
hpmcounter9,jump,seed8,39,3.0
hpmcounter9,jump,seed8,40,3.0
hpmcounter9,jump,seed8,41,3.0
hpmcounter9,jump,seed8,42,3.0
hpmcounter9,jump,seed8,43,3.0
hpmcounter9,jump,seed8,44,3.0
hpmcounter9,jump,seed8,45,3.0
hpmcounter9,jump,seed8,46,3.0
hpmcounter9,jump,seed8,47,3.0
hpmcounter9,jump,seed8,48,3.0
hpmcounter9,jump,seed8,49,3.0
hpmcounter9,jump,seed8,50,3.0
hpmcounter9,jump,seed8,51,3.0
hpmcounter9,jump,seed8,52,3.0
hpmcounter9,jump,seed8,53,3.0
hpmcounter9,jump,seed8,54,3.0
hpmcounter9,jump,seed8,55,3.0
hpmcounter9,jump,seed8,56,3.0
hpmcounter9,jump,seed8,57,3.0
hpmcounter9,jump,seed8,58,3.0
hpmcounter9,jump,seed8,59,3.0
hpmcounter9,jump,seed8,60,3.0
hpmcounter9,jump,seed8,61,3.0
hpmcounter9,jump,seed8,62,3.0
hpmcounter9,jump,seed8,63,3.0
hpmcounter9,jump,seed8,64,3.0
hpmcounter9,jump,seed8,65,3.0
hpmcounter9,jump,seed8,66,3.0
hpmcounter9,jump,seed8,67,3.0
hpmcounter9,jump,seed8,68,3.0
hpmcounter9,jump,seed8,69,3.0
hpmcounter9,jump,seed8,70,3.0
hpmcounter9,jump,seed8,71,3.0
hpmcounter9,jump,seed8,72,3.0
hpmcounter9,jump,seed8,73,3.0
hpmcounter9,jump,seed8,74,3.0
hpmcounter9,jump,seed8,75,3.0
hpmcounter9,jump,seed8,76,3.0
hpmcounter9,jump,seed8,77,3.0
hpmcounter9,jump,seed8,78,3.0
hpmcounter9,jump,seed8,79,3.0
hpmcounter9,jump,seed8,80,3.0
hpmcounter9,jump,seed8,81,3.0
hpmcounter9,jump,seed8,82,3.0
hpmcounter9,jump,seed8,83,3.0
hpmcounter9,jump,seed8,84,3.0
hpmcounter9,jump,seed8,85,3.0
hpmcounter9,jump,seed8,86,3.0
hpmcounter9,jump,seed8,87,3.0
hpmcounter9,jump,seed8,88,3.0
hpmcounter9,jump,seed8,89,3.0
hpmcounter9,jump,seed8,90,3.0
hpmcounter9,jump,seed8,91,3.0
hpmcounter9,jump,seed8,92,3.0
hpmcounter9,jump,seed8,93,3.0
hpmcounter9,jump,seed8,94,3.0
hpmcounter9,jump,seed8,95,3.0
hpmcounter9,jump,seed8,96,3.0
hpmcounter9,jump,seed8,97,3.0
hpmcounter9,jump,seed8,98,3.0
hpmcounter9,jump,seed8,99,3.0
hpmcounter9,jump,seed8,100,3.0
hpmcounter9,jump,seed8,101,3.0
hpmcounter9,jump,seed8,102,3.0
hpmcounter9,jump,seed8,103,3.0
hpmcounter9,jump,seed8,104,3.0
hpmcounter9,jump,seed8,105,3.0
hpmcounter9,jump,seed8,106,3.0
hpmcounter9,jump,seed8,107,3.0
hpmcounter9,jump,seed8,108,3.0
hpmcounter9,jump,seed8,109,3.0
hpmcounter9,jump,seed8,110,3.0
hpmcounter9,jump,seed8,111,3.0
hpmcounter9,jump,seed8,112,3.0
hpmcounter9,jump,seed8,113,3.0
hpmcounter9,jump,seed8,114,3.0
hpmcounter9,jump,seed8,115,3.0
hpmcounter9,jump,seed8,116,3.0
hpmcounter9,jump,seed8,117,3.0
hpmcounter9,jump,seed8,118,3.0
hpmcounter9,jump,seed8,119,3.0
hpmcounter9,jump,seed8,120,3.0
hpmcounter9,jump,seed8,121,3.109090909090909
hpmcounter9,jump,seed8,122,3.193939393939394
hpmcounter9,jump,seed8,123,3.2545454545454544
hpmcounter9,jump,seed8,124,3.4
hpmcounter9,jump,seed8,125,3.496969696969697
hpmcounter9,jump,seed8,126,3.5454545454545454
hpmcounter9,jump,seed8,127,3.5454545454545454
hpmcounter9,jump,seed8,128,3.496969696969697
hpmcounter9,jump,seed8,129,3.4
hpmcounter9,jump,seed8,130,3.2545454545454544
hpmcounter9,jump,seed8,131,3.193939393939394
hpmcounter9,jump,seed8,132,3.109090909090909
hpmcounter9,jump,seed8,133,3.0
hpmcounter9,jump,seed8,134,3.0
hpmcounter9,jump,seed8,135,3.0
hpmcounter9,jump,seed8,136,3.0
hpmcounter9,jump,seed8,137,3.0
hpmcounter9,jump,seed8,138,3.0
hpmcounter9,jump,seed8,139,3.0
hpmcounter9,jump,seed8,140,3.0
hpmcounter9,jump,seed8,141,3.0
hpmcounter9,jump,seed8,142,3.0
hpmcounter9,jump,seed8,143,3.0
hpmcounter9,jump,seed8,144,3.0
hpmcounter9,jump,seed8,145,3.0
hpmcounter9,jump,seed8,146,3.0
hpmcounter9,jump,seed8,147,3.0
hpmcounter9,jump,seed8,148,3.0
hpmcounter9,jump,seed8,149,3.0
hpmcounter9,jump,seed8,150,3.0
hpmcounter9,jump,seed8,151,3.0
hpmcounter9,jump,seed8,152,3.0
hpmcounter9,jump,seed8,153,3.0
hpmcounter9,jump,seed8,154,3.0
hpmcounter9,jump,seed8,155,3.0
hpmcounter9,jump,seed8,156,3.0
hpmcounter9,jump,seed8,157,3.0
hpmcounter9,jump,seed8,158,3.0
hpmcounter9,jump,seed8,159,3.0
hpmcounter9,jump,seed8,160,3.0
hpmcounter9,jump,seed8,161,3.0
hpmcounter9,jump,seed8,162,3.0
hpmcounter9,jump,seed8,163,3.0
hpmcounter9,jump,seed8,164,3.0
hpmcounter9,jump,seed8,165,3.0
hpmcounter9,jump,seed8,166,3.0
hpmcounter9,jump,seed8,167,3.0
hpmcounter9,jump,seed8,168,3.0
hpmcounter9,jump,seed8,169,3.0
hpmcounter9,jump,seed8,170,3.0
hpmcounter9,jump,seed8,171,3.0
hpmcounter9,jump,seed8,172,3.0
hpmcounter9,jump,seed8,173,3.0
hpmcounter9,jump,seed8,174,3.0
hpmcounter9,jump,seed8,175,3.0
hpmcounter9,jump,seed8,176,3.0
hpmcounter9,jump,seed8,177,3.0
hpmcounter9,jump,seed8,178,3.0545454545454547
hpmcounter9,jump,seed8,179,3.1515151515151514
hpmcounter9,jump,seed8,180,3.224242424242424
hpmcounter9,jump,seed8,181,3.272727272727273
hpmcounter9,jump,seed8,182,3.296969696969697
hpmcounter9,jump,seed8,183,3.296969696969697
hpmcounter9,jump,seed8,184,3.272727272727273
hpmcounter9,jump,seed8,185,3.224242424242424
hpmcounter9,jump,seed8,186,3.1515151515151514
hpmcounter9,jump,seed8,187,3.0545454545454547
hpmcounter9,jump,seed8,188,3.0
hpmcounter9,jump,seed8,189,3.0
hpmcounter9,jump,seed8,190,3.0
hpmcounter9,jump,seed8,191,3.0
hpmcounter9,jump,seed8,192,3.0
hpmcounter9,jump,seed8,193,3.0
hpmcounter9,jump,seed8,194,3.0
hpmcounter9,jump,seed8,195,3.0
hpmcounter9,jump,seed8,196,3.0
hpmcounter9,jump,seed8,197,3.0
hpmcounter9,jump,seed8,198,3.0
hpmcounter9,jump,seed8,199,3.0
hpmcounter9,jump,seed8,200,3.0
hpmcounter9,jump,seed8,201,3.0
hpmcounter9,jump,seed8,202,3.0
hpmcounter9,jump,seed8,203,3.0
hpmcounter9,jump,seed8,204,3.0
hpmcounter9,jump,seed8,205,3.0
hpmcounter9,jump,seed8,206,3.0
hpmcounter9,jump,seed8,207,3.0
hpmcounter9,jump,seed8,208,3.0
hpmcounter9,jump,seed8,209,3.0
hpmcounter9,jump,seed8,210,3.0
hpmcounter9,jump,seed8,211,3.0
hpmcounter9,jump,seed8,212,3.0
hpmcounter9,jump,seed8,213,3.0
hpmcounter9,jump,seed8,214,3.0
hpmcounter9,jump,seed8,215,3.0
hpmcounter9,jump,seed8,216,3.0
hpmcounter9,jump,seed8,217,3.0
hpmcounter9,jump,seed8,218,3.0
hpmcounter9,jump,seed8,219,3.0
hpmcounter9,jump,seed8,220,3.0
hpmcounter9,jump,seed8,221,3.0
hpmcounter9,jump,seed8,222,3.0
hpmcounter9,jump,seed8,223,3.0
hpmcounter9,jump,seed8,224,3.0
hpmcounter9,jump,seed8,225,3.0
hpmcounter9,jump,seed8,226,3.0
hpmcounter9,jump,seed8,227,3.0
hpmcounter9,jump,seed8,228,3.0
hpmcounter9,jump,seed8,229,3.0
hpmcounter9,jump,seed8,230,3.0
hpmcounter9,jump,seed8,231,3.0
hpmcounter9,jump,seed8,232,3.0
hpmcounter9,jump,seed8,233,3.0
hpmcounter9,jump,seed8,234,3.0
hpmcounter9,jump,seed8,235,3.0
hpmcounter9,jump,seed8,236,3.0
hpmcounter9,jump,seed8,237,3.0
hpmcounter9,jump,seed8,238,3.0
hpmcounter9,jump,seed8,239,3.0
hpmcounter9,jump,seed8,240,3.0
hpmcounter9,jump,seed8,241,3.0
hpmcounter9,jump,seed8,242,3.0
hpmcounter9,jump,seed8,243,3.0
hpmcounter9,jump,seed8,244,3.0
hpmcounter9,jump,seed8,245,3.0
hpmcounter9,jump,seed8,246,3.0
hpmcounter9,jump,seed8,247,3.0
hpmcounter9,jump,seed8,248,3.0
hpmcounter9,jump,seed8,249,3.0
hpmcounter9,jump,seed8,250,3.0
hpmcounter9,jump,seed8,251,3.0
hpmcounter9,jump,seed8,252,3.0
hpmcounter9,jump,seed8,253,3.0
hpmcounter9,jump,seed8,254,3.0
hpmcounter9,jump,seed8,255,3.0
hpmcounter9,jump,seed8,256,3.0
hpmcounter9,jump,seed8,257,3.0
hpmcounter9,jump,seed8,258,3.0
hpmcounter9,jump,seed8,259,3.0
hpmcounter9,jump,seed8,260,3.0
hpmcounter9,jump,seed8,261,3.0
hpmcounter9,jump,seed8,262,3.0
hpmcounter9,jump,seed8,263,3.0
hpmcounter9,jump,seed8,264,3.0
hpmcounter9,jump,seed8,265,3.0
hpmcounter9,jump,seed8,266,3.0
hpmcounter9,jump,seed8,267,3.0
hpmcounter9,jump,seed8,268,3.0
hpmcounter9,jump,seed8,269,3.0
hpmcounter9,jump,seed8,270,3.0
hpmcounter9,jump,seed8,271,3.0
hpmcounter9,jump,seed8,272,3.0
hpmcounter9,jump,seed8,273,3.0
hpmcounter9,jump,seed8,274,3.0
hpmcounter9,jump,seed8,275,3.0
hpmcounter9,jump,seed8,276,3.0
hpmcounter9,jump,seed8,277,3.0
hpmcounter9,jump,seed8,278,3.0
hpmcounter9,jump,seed8,279,3.0
hpmcounter9,jump,seed8,280,3.0
hpmcounter9,jump,seed8,281,3.0
hpmcounter9,jump,seed8,282,3.0
hpmcounter9,jump,seed8,283,3.0
hpmcounter9,jump,seed8,284,3.0
hpmcounter9,jump,seed8,285,3.0
hpmcounter9,jump,seed8,286,3.0
hpmcounter9,jump,seed8,287,3.0
hpmcounter9,jump,seed8,288,3.0
hpmcounter9,jump,seed8,289,3.0
hpmcounter9,jump,seed8,290,3.0
hpmcounter9,jump,seed8,291,3.0
hpmcounter9,jump,seed8,292,3.0
hpmcounter9,jump,seed8,293,3.0
hpmcounter9,jump,seed8,294,3.0
hpmcounter9,jump,seed8,295,3.0
hpmcounter9,jump,seed8,296,3.0
hpmcounter9,jump,seed8,297,3.0
hpmcounter9,jump,seed8,298,3.0
hpmcounter9,jump,seed9,9,3.2181818181818183
hpmcounter9,jump,seed9,10,3.0
hpmcounter9,jump,seed9,11,3.0
hpmcounter9,jump,seed9,12,3.0
hpmcounter9,jump,seed9,13,3.0
hpmcounter9,jump,seed9,14,3.0
hpmcounter9,jump,seed9,15,3.0
hpmcounter9,jump,seed9,16,3.0
hpmcounter9,jump,seed9,17,3.0
hpmcounter9,jump,seed9,18,3.0
hpmcounter9,jump,seed9,19,3.0
hpmcounter9,jump,seed9,20,3.0
hpmcounter9,jump,seed9,21,3.0
hpmcounter9,jump,seed9,22,3.0
hpmcounter9,jump,seed9,23,3.0
hpmcounter9,jump,seed9,24,3.0
hpmcounter9,jump,seed9,25,3.0
hpmcounter9,jump,seed9,26,3.0
hpmcounter9,jump,seed9,27,3.0
hpmcounter9,jump,seed9,28,3.0
hpmcounter9,jump,seed9,29,3.0
hpmcounter9,jump,seed9,30,3.0
hpmcounter9,jump,seed9,31,3.0
hpmcounter9,jump,seed9,32,3.0
hpmcounter9,jump,seed9,33,3.0
hpmcounter9,jump,seed9,34,3.0
hpmcounter9,jump,seed9,35,3.0
hpmcounter9,jump,seed9,36,3.0
hpmcounter9,jump,seed9,37,3.0
hpmcounter9,jump,seed9,38,3.0
hpmcounter9,jump,seed9,39,3.0
hpmcounter9,jump,seed9,40,3.0
hpmcounter9,jump,seed9,41,3.0
hpmcounter9,jump,seed9,42,3.0
hpmcounter9,jump,seed9,43,3.0
hpmcounter9,jump,seed9,44,3.0
hpmcounter9,jump,seed9,45,3.0
hpmcounter9,jump,seed9,46,3.0
hpmcounter9,jump,seed9,47,3.0
hpmcounter9,jump,seed9,48,3.0
hpmcounter9,jump,seed9,49,3.0
hpmcounter9,jump,seed9,50,3.0
hpmcounter9,jump,seed9,51,3.0
hpmcounter9,jump,seed9,52,3.0545454545454547
hpmcounter9,jump,seed9,53,3.096969696969697
hpmcounter9,jump,seed9,54,3.1272727272727274
hpmcounter9,jump,seed9,55,3.1454545454545455
hpmcounter9,jump,seed9,56,3.1515151515151514
hpmcounter9,jump,seed9,57,3.1454545454545455
hpmcounter9,jump,seed9,58,3.1272727272727274
hpmcounter9,jump,seed9,59,3.096969696969697
hpmcounter9,jump,seed9,60,3.0545454545454547
hpmcounter9,jump,seed9,61,3.0
hpmcounter9,jump,seed9,62,3.0
hpmcounter9,jump,seed9,63,3.0
hpmcounter9,jump,seed9,64,3.0
hpmcounter9,jump,seed9,65,3.0
hpmcounter9,jump,seed9,66,3.0
hpmcounter9,jump,seed9,67,3.0
hpmcounter9,jump,seed9,68,3.0
hpmcounter9,jump,seed9,69,3.0
hpmcounter9,jump,seed9,70,3.0
hpmcounter9,jump,seed9,71,3.0
hpmcounter9,jump,seed9,72,3.0
hpmcounter9,jump,seed9,73,3.0
hpmcounter9,jump,seed9,74,3.0
hpmcounter9,jump,seed9,75,3.0
hpmcounter9,jump,seed9,76,3.0
hpmcounter9,jump,seed9,77,3.0
hpmcounter9,jump,seed9,78,3.0
hpmcounter9,jump,seed9,79,3.0
hpmcounter9,jump,seed9,80,3.0
hpmcounter9,jump,seed9,81,3.0
hpmcounter9,jump,seed9,82,3.0
hpmcounter9,jump,seed9,83,3.0
hpmcounter9,jump,seed9,84,3.0
hpmcounter9,jump,seed9,85,3.0
hpmcounter9,jump,seed9,86,3.0
hpmcounter9,jump,seed9,87,3.0
hpmcounter9,jump,seed9,88,3.0
hpmcounter9,jump,seed9,89,3.0
hpmcounter9,jump,seed9,90,3.0
hpmcounter9,jump,seed9,91,3.0
hpmcounter9,jump,seed9,92,3.0
hpmcounter9,jump,seed9,93,3.0
hpmcounter9,jump,seed9,94,3.0
hpmcounter9,jump,seed9,95,3.0
hpmcounter9,jump,seed9,96,3.0
hpmcounter9,jump,seed9,97,3.0
hpmcounter9,jump,seed9,98,3.0
hpmcounter9,jump,seed9,99,3.0
hpmcounter9,jump,seed9,100,3.0
hpmcounter9,jump,seed9,101,3.0
hpmcounter9,jump,seed9,102,3.0
hpmcounter9,jump,seed9,103,3.0
hpmcounter9,jump,seed9,104,3.0
hpmcounter9,jump,seed9,105,3.0
hpmcounter9,jump,seed9,106,3.0
hpmcounter9,jump,seed9,107,3.0
hpmcounter9,jump,seed9,108,3.0
hpmcounter9,jump,seed9,109,3.0
hpmcounter9,jump,seed9,110,3.0
hpmcounter9,jump,seed9,111,3.0
hpmcounter9,jump,seed9,112,3.0
hpmcounter9,jump,seed9,113,3.0
hpmcounter9,jump,seed9,114,3.0
hpmcounter9,jump,seed9,115,3.0
hpmcounter9,jump,seed9,116,3.0
hpmcounter9,jump,seed9,117,3.0
hpmcounter9,jump,seed9,118,3.0
hpmcounter9,jump,seed9,119,3.0
hpmcounter9,jump,seed9,120,3.109090909090909
hpmcounter9,jump,seed9,121,3.193939393939394
hpmcounter9,jump,seed9,122,3.2545454545454544
hpmcounter9,jump,seed9,123,3.290909090909091
hpmcounter9,jump,seed9,124,3.303030303030303
hpmcounter9,jump,seed9,125,3.290909090909091
hpmcounter9,jump,seed9,126,3.2545454545454544
hpmcounter9,jump,seed9,127,3.193939393939394
hpmcounter9,jump,seed9,128,3.2181818181818183
hpmcounter9,jump,seed9,129,3.303030303030303
hpmcounter9,jump,seed9,130,3.4484848484848483
hpmcounter9,jump,seed9,131,3.5454545454545454
hpmcounter9,jump,seed9,132,3.5939393939393938
hpmcounter9,jump,seed9,133,3.5939393939393938
hpmcounter9,jump,seed9,134,3.5454545454545454
hpmcounter9,jump,seed9,135,3.4484848484848483
hpmcounter9,jump,seed9,136,3.303030303030303
hpmcounter9,jump,seed9,137,3.109090909090909
hpmcounter9,jump,seed9,138,3.0
hpmcounter9,jump,seed9,139,3.0
hpmcounter9,jump,seed9,140,3.0
hpmcounter9,jump,seed9,141,3.0
hpmcounter9,jump,seed9,142,3.0
hpmcounter9,jump,seed9,143,3.0
hpmcounter9,jump,seed9,144,3.0
hpmcounter9,jump,seed9,145,3.0
hpmcounter9,jump,seed9,146,3.0
hpmcounter9,jump,seed9,147,3.0
hpmcounter9,jump,seed9,148,3.0
hpmcounter9,jump,seed9,149,3.0
hpmcounter9,jump,seed9,150,3.0
hpmcounter9,jump,seed9,151,3.0
hpmcounter9,jump,seed9,152,3.0
hpmcounter9,jump,seed9,153,3.0
hpmcounter9,jump,seed9,154,3.0
hpmcounter9,jump,seed9,155,3.0
hpmcounter9,jump,seed9,156,3.0
hpmcounter9,jump,seed9,157,3.0
hpmcounter9,jump,seed9,158,3.0
hpmcounter9,jump,seed9,159,3.0
hpmcounter9,jump,seed9,160,3.0
hpmcounter9,jump,seed9,161,3.0
hpmcounter9,jump,seed9,162,3.0
hpmcounter9,jump,seed9,163,3.0
hpmcounter9,jump,seed9,164,3.0
hpmcounter9,jump,seed9,165,3.0
hpmcounter9,jump,seed9,166,3.0
hpmcounter9,jump,seed9,167,3.0
hpmcounter9,jump,seed9,168,3.0
hpmcounter9,jump,seed9,169,3.0
hpmcounter9,jump,seed9,170,3.0
hpmcounter9,jump,seed9,171,3.0
hpmcounter9,jump,seed9,172,3.0
hpmcounter9,jump,seed9,173,3.0
hpmcounter9,jump,seed9,174,3.0
hpmcounter9,jump,seed9,175,3.0
hpmcounter9,jump,seed9,176,3.0
hpmcounter9,jump,seed9,177,3.0
hpmcounter9,jump,seed9,178,3.0
hpmcounter9,jump,seed9,179,3.0
hpmcounter9,jump,seed9,180,3.0
hpmcounter9,jump,seed9,181,3.0
hpmcounter9,jump,seed9,182,3.0
hpmcounter9,jump,seed9,183,3.0
hpmcounter9,jump,seed9,184,3.0
hpmcounter9,jump,seed9,185,3.0
hpmcounter9,jump,seed9,186,3.0
hpmcounter9,jump,seed9,187,3.0
hpmcounter9,jump,seed9,188,3.0
hpmcounter9,jump,seed9,189,3.0
hpmcounter9,jump,seed9,190,3.0
hpmcounter9,jump,seed9,191,3.0
hpmcounter9,jump,seed9,192,3.0
hpmcounter9,jump,seed9,193,3.0
hpmcounter9,jump,seed9,194,3.0
hpmcounter9,jump,seed9,195,3.0
hpmcounter9,jump,seed9,196,3.0
hpmcounter9,jump,seed9,197,3.0
hpmcounter9,jump,seed9,198,3.0
hpmcounter9,jump,seed9,199,3.0
hpmcounter9,jump,seed9,200,3.0
hpmcounter9,jump,seed9,201,3.0
hpmcounter9,jump,seed9,202,3.0
hpmcounter9,jump,seed9,203,3.0
hpmcounter9,jump,seed9,204,3.0
hpmcounter9,jump,seed9,205,3.0
hpmcounter9,jump,seed9,206,3.0
hpmcounter9,jump,seed9,207,3.0
hpmcounter9,jump,seed9,208,3.0
hpmcounter9,jump,seed9,209,3.0
hpmcounter9,jump,seed9,210,3.0
hpmcounter9,jump,seed9,211,3.0
hpmcounter9,jump,seed9,212,3.0
hpmcounter9,jump,seed9,213,3.0
hpmcounter9,jump,seed9,214,3.0
hpmcounter9,jump,seed9,215,3.0
hpmcounter9,jump,seed9,216,3.0
hpmcounter9,jump,seed9,217,3.0
hpmcounter9,jump,seed9,218,3.0
hpmcounter9,jump,seed9,219,3.0
hpmcounter9,jump,seed9,220,3.0
hpmcounter9,jump,seed9,221,3.0
hpmcounter9,jump,seed9,222,3.0
hpmcounter9,jump,seed9,223,3.0
hpmcounter9,jump,seed9,224,3.0
hpmcounter9,jump,seed9,225,3.0
hpmcounter9,jump,seed9,226,3.0
hpmcounter9,jump,seed9,227,3.0
hpmcounter9,jump,seed9,228,3.0
hpmcounter9,jump,seed9,229,3.0
hpmcounter9,jump,seed9,230,3.0
hpmcounter9,jump,seed9,231,3.0
hpmcounter9,jump,seed9,232,3.0
hpmcounter9,jump,seed9,233,3.0
hpmcounter9,jump,seed9,234,3.0
hpmcounter9,jump,seed9,235,3.0
hpmcounter9,jump,seed9,236,3.0
hpmcounter9,jump,seed9,237,3.0
hpmcounter9,jump,seed9,238,3.0
hpmcounter9,jump,seed9,239,3.0
hpmcounter9,jump,seed9,240,3.0
hpmcounter9,jump,seed9,241,3.0
hpmcounter9,jump,seed9,242,3.0
hpmcounter9,jump,seed9,243,3.0
hpmcounter9,jump,seed9,244,3.0
hpmcounter9,jump,seed9,245,3.0
hpmcounter9,jump,seed9,246,3.0
hpmcounter9,jump,seed9,247,3.0
hpmcounter9,jump,seed9,248,3.0
hpmcounter9,jump,seed9,249,3.0
hpmcounter9,jump,seed9,250,3.0
hpmcounter9,jump,seed9,251,3.0
hpmcounter9,jump,seed9,252,3.0
hpmcounter9,jump,seed9,253,3.0
hpmcounter9,jump,seed9,254,3.0
hpmcounter9,jump,seed9,255,3.0
hpmcounter9,jump,seed9,256,3.0
hpmcounter9,jump,seed9,257,3.0
hpmcounter9,jump,seed9,258,3.0
hpmcounter9,jump,seed9,259,3.0
hpmcounter9,jump,seed9,260,3.0
hpmcounter9,jump,seed9,261,3.0
hpmcounter9,jump,seed9,262,3.0
hpmcounter9,jump,seed9,263,3.0
hpmcounter9,jump,seed9,264,3.0
hpmcounter9,jump,seed9,265,3.0
hpmcounter9,jump,seed9,266,3.0
hpmcounter9,jump,seed9,267,3.0
hpmcounter9,jump,seed9,268,3.0
hpmcounter9,jump,seed9,269,3.0
hpmcounter9,jump,seed9,270,3.0
hpmcounter9,jump,seed9,271,3.0
hpmcounter9,jump,seed9,272,3.0
hpmcounter9,jump,seed9,273,3.0
hpmcounter9,jump,seed9,274,3.0
hpmcounter9,jump,seed9,275,3.0
hpmcounter9,jump,seed9,276,3.0
hpmcounter9,jump,seed9,277,3.0
hpmcounter9,jump,seed9,278,3.0
hpmcounter9,jump,seed9,279,3.0
hpmcounter9,jump,seed9,280,3.0
hpmcounter9,jump,seed9,281,3.0
hpmcounter9,jump,seed9,282,3.0
hpmcounter9,jump,seed9,283,3.0
hpmcounter9,jump,seed9,284,3.0
hpmcounter9,jump,seed9,285,3.0
hpmcounter9,jump,seed9,286,3.0
hpmcounter9,jump,seed9,287,3.0
hpmcounter9,jump,seed9,288,3.0
hpmcounter9,jump,seed9,289,3.0
hpmcounter9,jump,seed9,290,3.0
hpmcounter9,jump,seed9,291,3.0
hpmcounter9,jump,seed9,292,3.0
hpmcounter9,jump,seed9,293,3.0
hpmcounter9,jump,seed9,294,3.0
hpmcounter9,jump,seed9,295,3.0
hpmcounter9,jump,seed9,296,3.0
hpmcounter9,jump,seed9,297,3.0
hpmcounter9,jump,seed9,298,3.0
hpmcounter9,normal,seed1,9,3.2181818181818183
hpmcounter9,normal,seed1,10,3.0
hpmcounter9,normal,seed1,11,3.0
hpmcounter9,normal,seed1,12,3.0
hpmcounter9,normal,seed1,13,3.0
hpmcounter9,normal,seed1,14,3.0
hpmcounter9,normal,seed1,15,3.0
hpmcounter9,normal,seed1,16,3.0
hpmcounter9,normal,seed1,17,3.0
hpmcounter9,normal,seed1,18,3.0
hpmcounter9,normal,seed1,19,3.0
hpmcounter9,normal,seed1,20,3.0
hpmcounter9,normal,seed1,21,3.0
hpmcounter9,normal,seed1,22,3.0
hpmcounter9,normal,seed1,23,3.0
hpmcounter9,normal,seed1,24,3.0
hpmcounter9,normal,seed1,25,3.0
hpmcounter9,normal,seed1,26,3.0
hpmcounter9,normal,seed1,27,3.0
hpmcounter9,normal,seed1,28,3.0
hpmcounter9,normal,seed1,29,3.0
hpmcounter9,normal,seed1,30,3.0
hpmcounter9,normal,seed1,31,3.0
hpmcounter9,normal,seed1,32,3.0
hpmcounter9,normal,seed1,33,3.0
hpmcounter9,normal,seed1,34,3.0
hpmcounter9,normal,seed1,35,3.0
hpmcounter9,normal,seed1,36,3.0
hpmcounter9,normal,seed1,37,3.0
hpmcounter9,normal,seed1,38,3.0
hpmcounter9,normal,seed1,39,3.0
hpmcounter9,normal,seed1,40,3.0
hpmcounter9,normal,seed1,41,3.0
hpmcounter9,normal,seed1,42,3.0
hpmcounter9,normal,seed1,43,3.0
hpmcounter9,normal,seed1,44,3.0
hpmcounter9,normal,seed1,45,3.0
hpmcounter9,normal,seed1,46,3.0
hpmcounter9,normal,seed1,47,3.0
hpmcounter9,normal,seed1,48,3.0
hpmcounter9,normal,seed1,49,3.0
hpmcounter9,normal,seed1,50,3.0
hpmcounter9,normal,seed1,51,3.0
hpmcounter9,normal,seed1,52,3.0
hpmcounter9,normal,seed1,53,3.0
hpmcounter9,normal,seed1,54,3.0
hpmcounter9,normal,seed1,55,3.0
hpmcounter9,normal,seed1,56,3.0
hpmcounter9,normal,seed1,57,3.0
hpmcounter9,normal,seed1,58,3.0
hpmcounter9,normal,seed1,59,3.0
hpmcounter9,normal,seed1,60,3.0
hpmcounter9,normal,seed1,61,3.0
hpmcounter9,normal,seed1,62,3.0
hpmcounter9,normal,seed1,63,3.0
hpmcounter9,normal,seed1,64,3.0
hpmcounter9,normal,seed1,65,3.0
hpmcounter9,normal,seed1,66,3.0
hpmcounter9,normal,seed1,67,3.0
hpmcounter9,normal,seed1,68,3.0
hpmcounter9,normal,seed1,69,3.0
hpmcounter9,normal,seed1,70,3.0
hpmcounter9,normal,seed1,71,3.0
hpmcounter9,normal,seed1,72,3.109090909090909
hpmcounter9,normal,seed1,73,3.193939393939394
hpmcounter9,normal,seed1,74,3.2545454545454544
hpmcounter9,normal,seed1,75,3.290909090909091
hpmcounter9,normal,seed1,76,3.303030303030303
hpmcounter9,normal,seed1,77,3.290909090909091
hpmcounter9,normal,seed1,78,3.2545454545454544
hpmcounter9,normal,seed1,79,3.193939393939394
hpmcounter9,normal,seed1,80,3.109090909090909
hpmcounter9,normal,seed1,81,3.0
hpmcounter9,normal,seed1,82,3.0
hpmcounter9,normal,seed1,83,3.0
hpmcounter9,normal,seed1,84,3.0
hpmcounter9,normal,seed1,85,3.0
hpmcounter9,normal,seed1,86,3.0
hpmcounter9,normal,seed1,87,3.0
hpmcounter9,normal,seed1,88,3.0
hpmcounter9,normal,seed1,89,3.0
hpmcounter9,normal,seed1,90,3.0
hpmcounter9,normal,seed1,91,3.0
hpmcounter9,normal,seed1,92,3.0
hpmcounter9,normal,seed1,93,3.0
hpmcounter9,normal,seed1,94,3.0
hpmcounter9,normal,seed1,95,3.0
hpmcounter9,normal,seed1,96,3.0
hpmcounter9,normal,seed1,97,3.0
hpmcounter9,normal,seed1,98,3.0
hpmcounter9,normal,seed1,99,3.0
hpmcounter9,normal,seed1,100,3.0
hpmcounter9,normal,seed1,101,3.0
hpmcounter9,normal,seed1,102,3.0
hpmcounter9,normal,seed1,103,3.0
hpmcounter9,normal,seed1,104,3.0
hpmcounter9,normal,seed1,105,3.0
hpmcounter9,normal,seed1,106,3.0
hpmcounter9,normal,seed1,107,3.0
hpmcounter9,normal,seed1,108,3.0
hpmcounter9,normal,seed1,109,3.0
hpmcounter9,normal,seed1,110,3.0
hpmcounter9,normal,seed1,111,3.0
hpmcounter9,normal,seed1,112,3.0
hpmcounter9,normal,seed1,113,3.0
hpmcounter9,normal,seed1,114,3.0
hpmcounter9,normal,seed1,115,3.0
hpmcounter9,normal,seed1,116,3.0
hpmcounter9,normal,seed1,117,3.0
hpmcounter9,normal,seed1,118,3.0
hpmcounter9,normal,seed1,119,3.0
hpmcounter9,normal,seed1,120,3.0
hpmcounter9,normal,seed1,121,3.0
hpmcounter9,normal,seed1,122,3.0
hpmcounter9,normal,seed1,123,3.0
hpmcounter9,normal,seed1,124,3.0
hpmcounter9,normal,seed1,125,3.0
hpmcounter9,normal,seed1,126,3.0
hpmcounter9,normal,seed1,127,3.0
hpmcounter9,normal,seed1,128,3.0
hpmcounter9,normal,seed1,129,3.0
hpmcounter9,normal,seed1,130,3.0
hpmcounter9,normal,seed1,131,3.0
hpmcounter9,normal,seed1,132,3.0
hpmcounter9,normal,seed1,133,3.0
hpmcounter9,normal,seed1,134,3.0
hpmcounter9,normal,seed1,135,3.0
hpmcounter9,normal,seed1,136,3.0
hpmcounter9,normal,seed1,137,3.0
hpmcounter9,normal,seed1,138,3.0
hpmcounter9,normal,seed1,139,3.0
hpmcounter9,normal,seed1,140,3.0
hpmcounter9,normal,seed1,141,3.0
hpmcounter9,normal,seed1,142,3.0
hpmcounter9,normal,seed1,143,3.0
hpmcounter9,normal,seed1,144,3.0
hpmcounter9,normal,seed1,145,3.0
hpmcounter9,normal,seed1,146,3.0
hpmcounter9,normal,seed1,147,3.0
hpmcounter9,normal,seed1,148,3.0
hpmcounter9,normal,seed1,149,3.0
hpmcounter9,normal,seed1,150,3.0
hpmcounter9,normal,seed1,151,3.0
hpmcounter9,normal,seed1,152,3.0
hpmcounter9,normal,seed1,153,3.0
hpmcounter9,normal,seed1,154,3.0
hpmcounter9,normal,seed1,155,3.0
hpmcounter9,normal,seed1,156,3.0
hpmcounter9,normal,seed1,157,3.0
hpmcounter9,normal,seed1,158,3.0
hpmcounter9,normal,seed1,159,3.0
hpmcounter9,normal,seed1,160,3.0
hpmcounter9,normal,seed1,161,3.0
hpmcounter9,normal,seed1,162,3.0
hpmcounter9,normal,seed1,163,3.0
hpmcounter9,normal,seed1,164,3.0
hpmcounter9,normal,seed1,165,3.0
hpmcounter9,normal,seed1,166,3.0
hpmcounter9,normal,seed1,167,3.0
hpmcounter9,normal,seed1,168,3.0
hpmcounter9,normal,seed1,169,3.0
hpmcounter9,normal,seed1,170,3.0
hpmcounter9,normal,seed1,171,3.0
hpmcounter9,normal,seed1,172,3.0
hpmcounter9,normal,seed1,173,3.0
hpmcounter9,normal,seed1,174,3.0
hpmcounter9,normal,seed1,175,3.0
hpmcounter9,normal,seed1,176,3.0
hpmcounter9,normal,seed1,177,3.0
hpmcounter9,normal,seed1,178,3.0
hpmcounter9,normal,seed1,179,3.0
hpmcounter9,normal,seed1,180,3.0
hpmcounter9,normal,seed1,181,3.0
hpmcounter9,normal,seed1,182,3.0
hpmcounter9,normal,seed1,183,3.0
hpmcounter9,normal,seed1,184,3.0
hpmcounter9,normal,seed1,185,3.0
hpmcounter9,normal,seed1,186,3.0
hpmcounter9,normal,seed1,187,3.0
hpmcounter9,normal,seed1,188,3.0
hpmcounter9,normal,seed1,189,3.0
hpmcounter9,normal,seed1,190,3.0
hpmcounter9,normal,seed1,191,3.0
hpmcounter9,normal,seed1,192,3.0
hpmcounter9,normal,seed1,193,3.0
hpmcounter9,normal,seed1,194,3.0
hpmcounter9,normal,seed1,195,3.0
hpmcounter9,normal,seed1,196,3.0
hpmcounter9,normal,seed1,197,3.0
hpmcounter9,normal,seed1,198,3.0
hpmcounter9,normal,seed1,199,3.0
hpmcounter9,normal,seed1,200,3.0
hpmcounter9,normal,seed1,201,3.0
hpmcounter9,normal,seed1,202,3.0
hpmcounter9,normal,seed1,203,3.0
hpmcounter9,normal,seed1,204,3.0
hpmcounter9,normal,seed1,205,3.0
hpmcounter9,normal,seed1,206,3.0
hpmcounter9,normal,seed1,207,3.0
hpmcounter9,normal,seed1,208,3.0
hpmcounter9,normal,seed1,209,3.0
hpmcounter9,normal,seed1,210,3.0
hpmcounter9,normal,seed1,211,3.0
hpmcounter9,normal,seed1,212,3.0
hpmcounter9,normal,seed1,213,3.0
hpmcounter9,normal,seed1,214,3.0
hpmcounter9,normal,seed1,215,3.0
hpmcounter9,normal,seed1,216,3.0
hpmcounter9,normal,seed1,217,3.0
hpmcounter9,normal,seed1,218,3.0
hpmcounter9,normal,seed1,219,3.0
hpmcounter9,normal,seed1,220,3.0
hpmcounter9,normal,seed1,221,3.0
hpmcounter9,normal,seed1,222,3.0
hpmcounter9,normal,seed1,223,3.0
hpmcounter9,normal,seed1,224,3.0
hpmcounter9,normal,seed1,225,3.0
hpmcounter9,normal,seed1,226,3.0
hpmcounter9,normal,seed1,227,3.0
hpmcounter9,normal,seed1,228,3.0
hpmcounter9,normal,seed1,229,3.0
hpmcounter9,normal,seed1,230,3.0
hpmcounter9,normal,seed1,231,3.0
hpmcounter9,normal,seed1,232,3.0
hpmcounter9,normal,seed1,233,3.0
hpmcounter9,normal,seed1,234,3.0
hpmcounter9,normal,seed1,235,3.0
hpmcounter9,normal,seed1,236,3.0
hpmcounter9,normal,seed1,237,3.0
hpmcounter9,normal,seed1,238,3.0
hpmcounter9,normal,seed1,239,3.0
hpmcounter9,normal,seed1,240,3.0
hpmcounter9,normal,seed1,241,3.0
hpmcounter9,normal,seed1,242,3.0
hpmcounter9,normal,seed1,243,3.0
hpmcounter9,normal,seed1,244,3.0
hpmcounter9,normal,seed1,245,3.0
hpmcounter9,normal,seed1,246,3.0
hpmcounter9,normal,seed1,247,3.0
hpmcounter9,normal,seed1,248,3.0
hpmcounter9,normal,seed1,249,3.0
hpmcounter9,normal,seed1,250,3.0
hpmcounter9,normal,seed1,251,3.0
hpmcounter9,normal,seed1,252,3.0
hpmcounter9,normal,seed1,253,3.0
hpmcounter9,normal,seed1,254,3.0
hpmcounter9,normal,seed1,255,3.0
hpmcounter9,normal,seed1,256,3.0
hpmcounter9,normal,seed1,257,3.0
hpmcounter9,normal,seed1,258,3.0
hpmcounter9,normal,seed1,259,3.0
hpmcounter9,normal,seed1,260,3.0
hpmcounter9,normal,seed1,261,3.0
hpmcounter9,normal,seed1,262,3.0
hpmcounter9,normal,seed1,263,3.0
hpmcounter9,normal,seed1,264,3.0
hpmcounter9,normal,seed1,265,3.0
hpmcounter9,normal,seed1,266,3.0
hpmcounter9,normal,seed1,267,3.0
hpmcounter9,normal,seed1,268,3.0
hpmcounter9,normal,seed1,269,3.0
hpmcounter9,normal,seed1,270,3.0
hpmcounter9,normal,seed1,271,3.0
hpmcounter9,normal,seed1,272,3.0
hpmcounter9,normal,seed1,273,3.0
hpmcounter9,normal,seed1,274,3.0
hpmcounter9,normal,seed1,275,3.0
hpmcounter9,normal,seed1,276,3.0
hpmcounter9,normal,seed1,277,3.0
hpmcounter9,normal,seed1,278,3.0
hpmcounter9,normal,seed1,279,3.0
hpmcounter9,normal,seed1,280,3.0
hpmcounter9,normal,seed1,281,3.0
hpmcounter9,normal,seed1,282,3.0
hpmcounter9,normal,seed1,283,3.0
hpmcounter9,normal,seed1,284,3.0
hpmcounter9,normal,seed1,285,3.0
hpmcounter9,normal,seed1,286,3.0
hpmcounter9,normal,seed1,287,3.0
hpmcounter9,normal,seed1,288,3.0
hpmcounter9,normal,seed1,289,3.0
hpmcounter9,normal,seed1,290,3.0
hpmcounter9,normal,seed1,291,3.0
hpmcounter9,normal,seed1,292,3.0
hpmcounter9,normal,seed1,293,3.0
hpmcounter9,normal,seed1,294,3.0
hpmcounter9,normal,seed1,295,3.0
hpmcounter9,normal,seed1,296,3.0
hpmcounter9,normal,seed1,297,3.0
hpmcounter9,normal,seed1,298,3.0
hpmcounter9,normal,seed10,9,3.315151515151515
hpmcounter9,normal,seed10,10,3.1272727272727274
hpmcounter9,normal,seed10,11,3.1454545454545455
hpmcounter9,normal,seed10,12,3.1515151515151514
hpmcounter9,normal,seed10,13,3.1454545454545455
hpmcounter9,normal,seed10,14,3.1272727272727274
hpmcounter9,normal,seed10,15,3.096969696969697
hpmcounter9,normal,seed10,16,3.0545454545454547
hpmcounter9,normal,seed10,17,3.0
hpmcounter9,normal,seed10,18,3.0
hpmcounter9,normal,seed10,19,3.0
hpmcounter9,normal,seed10,20,3.0
hpmcounter9,normal,seed10,21,3.0545454545454547
hpmcounter9,normal,seed10,22,3.1515151515151514
hpmcounter9,normal,seed10,23,3.224242424242424
hpmcounter9,normal,seed10,24,3.272727272727273
hpmcounter9,normal,seed10,25,3.296969696969697
hpmcounter9,normal,seed10,26,3.296969696969697
hpmcounter9,normal,seed10,27,3.272727272727273
hpmcounter9,normal,seed10,28,3.224242424242424
hpmcounter9,normal,seed10,29,3.1515151515151514
hpmcounter9,normal,seed10,30,3.0545454545454547
hpmcounter9,normal,seed10,31,3.0
hpmcounter9,normal,seed10,32,3.0
hpmcounter9,normal,seed10,33,3.0
hpmcounter9,normal,seed10,34,3.0
hpmcounter9,normal,seed10,35,3.0
hpmcounter9,normal,seed10,36,3.0
hpmcounter9,normal,seed10,37,3.0
hpmcounter9,normal,seed10,38,3.0
hpmcounter9,normal,seed10,39,3.0
hpmcounter9,normal,seed10,40,3.0
hpmcounter9,normal,seed10,41,3.0
hpmcounter9,normal,seed10,42,3.0
hpmcounter9,normal,seed10,43,3.0
hpmcounter9,normal,seed10,44,3.0
hpmcounter9,normal,seed10,45,3.0
hpmcounter9,normal,seed10,46,3.0
hpmcounter9,normal,seed10,47,3.0
hpmcounter9,normal,seed10,48,3.0
hpmcounter9,normal,seed10,49,3.0
hpmcounter9,normal,seed10,50,3.0
hpmcounter9,normal,seed10,51,3.0
hpmcounter9,normal,seed10,52,3.0
hpmcounter9,normal,seed10,53,3.0
hpmcounter9,normal,seed10,54,3.0
hpmcounter9,normal,seed10,55,3.0
hpmcounter9,normal,seed10,56,3.0
hpmcounter9,normal,seed10,57,3.0
hpmcounter9,normal,seed10,58,3.0
hpmcounter9,normal,seed10,59,3.0
hpmcounter9,normal,seed10,60,3.0
hpmcounter9,normal,seed10,61,3.0
hpmcounter9,normal,seed10,62,3.0
hpmcounter9,normal,seed10,63,3.0
hpmcounter9,normal,seed10,64,3.0
hpmcounter9,normal,seed10,65,3.0
hpmcounter9,normal,seed10,66,3.0
hpmcounter9,normal,seed10,67,3.0
hpmcounter9,normal,seed10,68,3.0
hpmcounter9,normal,seed10,69,3.0
hpmcounter9,normal,seed10,70,3.0
hpmcounter9,normal,seed10,71,3.0
hpmcounter9,normal,seed10,72,3.0
hpmcounter9,normal,seed10,73,3.0
hpmcounter9,normal,seed10,74,3.0
hpmcounter9,normal,seed10,75,3.0
hpmcounter9,normal,seed10,76,3.0
hpmcounter9,normal,seed10,77,3.0
hpmcounter9,normal,seed10,78,3.0
hpmcounter9,normal,seed10,79,3.109090909090909
hpmcounter9,normal,seed10,80,3.2484848484848485
hpmcounter9,normal,seed10,81,3.4060606060606062
hpmcounter9,normal,seed10,82,3.515151515151515
hpmcounter9,normal,seed10,83,3.5757575757575757
hpmcounter9,normal,seed10,84,3.587878787878788
hpmcounter9,normal,seed10,85,3.5515151515151517
hpmcounter9,normal,seed10,86,3.466666666666667
hpmcounter9,normal,seed10,87,3.3333333333333335
hpmcounter9,normal,seed10,88,3.1515151515151514
hpmcounter9,normal,seed10,89,3.109090909090909
hpmcounter9,normal,seed10,90,3.096969696969697
hpmcounter9,normal,seed10,91,3.1272727272727274
hpmcounter9,normal,seed10,92,3.1454545454545455
hpmcounter9,normal,seed10,93,3.1515151515151514
hpmcounter9,normal,seed10,94,3.1454545454545455
hpmcounter9,normal,seed10,95,3.1272727272727274
hpmcounter9,normal,seed10,96,3.096969696969697
hpmcounter9,normal,seed10,97,3.0545454545454547
hpmcounter9,normal,seed10,98,3.0
hpmcounter9,normal,seed10,99,3.0
hpmcounter9,normal,seed10,100,3.0
hpmcounter9,normal,seed10,101,3.0
hpmcounter9,normal,seed10,102,3.0
hpmcounter9,normal,seed10,103,3.0
hpmcounter9,normal,seed10,104,3.0
hpmcounter9,normal,seed10,105,3.0
hpmcounter9,normal,seed10,106,3.0
hpmcounter9,normal,seed10,107,3.0
hpmcounter9,normal,seed10,108,3.0
hpmcounter9,normal,seed10,109,3.0
hpmcounter9,normal,seed10,110,3.0
hpmcounter9,normal,seed10,111,3.0545454545454547
hpmcounter9,normal,seed10,112,3.1515151515151514
hpmcounter9,normal,seed10,113,3.224242424242424
hpmcounter9,normal,seed10,114,3.272727272727273
hpmcounter9,normal,seed10,115,3.296969696969697
hpmcounter9,normal,seed10,116,3.296969696969697
hpmcounter9,normal,seed10,117,3.272727272727273
hpmcounter9,normal,seed10,118,3.224242424242424
hpmcounter9,normal,seed10,119,3.1515151515151514
hpmcounter9,normal,seed10,120,3.0545454545454547
hpmcounter9,normal,seed10,121,3.0
hpmcounter9,normal,seed10,122,3.0
hpmcounter9,normal,seed10,123,3.0
hpmcounter9,normal,seed10,124,3.0
hpmcounter9,normal,seed10,125,3.0
hpmcounter9,normal,seed10,126,3.0
hpmcounter9,normal,seed10,127,3.0
hpmcounter9,normal,seed10,128,3.0
hpmcounter9,normal,seed10,129,3.0
hpmcounter9,normal,seed10,130,3.0
hpmcounter9,normal,seed10,131,3.0
hpmcounter9,normal,seed10,132,3.0
hpmcounter9,normal,seed10,133,3.0
hpmcounter9,normal,seed10,134,3.0
hpmcounter9,normal,seed10,135,3.0
hpmcounter9,normal,seed10,136,3.0
hpmcounter9,normal,seed10,137,3.0
hpmcounter9,normal,seed10,138,3.0
hpmcounter9,normal,seed10,139,3.0
hpmcounter9,normal,seed10,140,3.0545454545454547
hpmcounter9,normal,seed10,141,3.096969696969697
hpmcounter9,normal,seed10,142,3.1272727272727274
hpmcounter9,normal,seed10,143,3.1454545454545455
hpmcounter9,normal,seed10,144,3.1515151515151514
hpmcounter9,normal,seed10,145,3.1454545454545455
hpmcounter9,normal,seed10,146,3.1272727272727274
hpmcounter9,normal,seed10,147,3.096969696969697
hpmcounter9,normal,seed10,148,3.0545454545454547
hpmcounter9,normal,seed10,149,3.0
hpmcounter9,normal,seed10,150,3.0
hpmcounter9,normal,seed10,151,3.0
hpmcounter9,normal,seed10,152,3.0
hpmcounter9,normal,seed10,153,3.0
hpmcounter9,normal,seed10,154,3.0
hpmcounter9,normal,seed10,155,3.0
hpmcounter9,normal,seed10,156,3.0
hpmcounter9,normal,seed10,157,3.0545454545454547
hpmcounter9,normal,seed10,158,3.1515151515151514
hpmcounter9,normal,seed10,159,3.278787878787879
hpmcounter9,normal,seed10,160,3.4242424242424243
hpmcounter9,normal,seed10,161,3.521212121212121
hpmcounter9,normal,seed10,162,3.56969696969697
hpmcounter9,normal,seed10,163,3.56969696969697
hpmcounter9,normal,seed10,164,3.521212121212121
hpmcounter9,normal,seed10,165,3.4242424242424243
hpmcounter9,normal,seed10,166,3.278787878787879
hpmcounter9,normal,seed10,167,3.1515151515151514
hpmcounter9,normal,seed10,168,3.0545454545454547
hpmcounter9,normal,seed10,169,3.0
hpmcounter9,normal,seed10,170,3.0
hpmcounter9,normal,seed10,171,3.0
hpmcounter9,normal,seed10,172,3.0
hpmcounter9,normal,seed10,173,3.0
hpmcounter9,normal,seed10,174,3.0
hpmcounter9,normal,seed10,175,3.0
hpmcounter9,normal,seed10,176,3.0
hpmcounter9,normal,seed10,177,3.0
hpmcounter9,normal,seed10,178,3.0
hpmcounter9,normal,seed10,179,3.0
hpmcounter9,normal,seed10,180,3.0
hpmcounter9,normal,seed10,181,3.0
hpmcounter9,normal,seed10,182,3.0
hpmcounter9,normal,seed10,183,3.0
hpmcounter9,normal,seed10,184,3.0
hpmcounter9,normal,seed10,185,3.0
hpmcounter9,normal,seed10,186,3.0
hpmcounter9,normal,seed10,187,3.0
hpmcounter9,normal,seed10,188,3.0
hpmcounter9,normal,seed10,189,3.0
hpmcounter9,normal,seed10,190,3.0
hpmcounter9,normal,seed10,191,3.0
hpmcounter9,normal,seed10,192,3.0
hpmcounter9,normal,seed10,193,3.0
hpmcounter9,normal,seed10,194,3.0
hpmcounter9,normal,seed10,195,3.0
hpmcounter9,normal,seed10,196,3.0
hpmcounter9,normal,seed10,197,3.0
hpmcounter9,normal,seed10,198,3.0
hpmcounter9,normal,seed10,199,3.0
hpmcounter9,normal,seed10,200,3.0
hpmcounter9,normal,seed10,201,3.0
hpmcounter9,normal,seed10,202,3.0
hpmcounter9,normal,seed10,203,3.0
hpmcounter9,normal,seed10,204,3.0
hpmcounter9,normal,seed10,205,3.0
hpmcounter9,normal,seed10,206,3.0
hpmcounter9,normal,seed10,207,3.0545454545454547
hpmcounter9,normal,seed10,208,3.096969696969697
hpmcounter9,normal,seed10,209,3.1272727272727274
hpmcounter9,normal,seed10,210,3.1454545454545455
hpmcounter9,normal,seed10,211,3.206060606060606
hpmcounter9,normal,seed10,212,3.242424242424242
hpmcounter9,normal,seed10,213,3.2545454545454544
hpmcounter9,normal,seed10,214,3.242424242424242
hpmcounter9,normal,seed10,215,3.206060606060606
hpmcounter9,normal,seed10,216,3.1454545454545455
hpmcounter9,normal,seed10,217,3.1272727272727274
hpmcounter9,normal,seed10,218,3.096969696969697
hpmcounter9,normal,seed10,219,3.0545454545454547
hpmcounter9,normal,seed10,220,3.0
hpmcounter9,normal,seed10,221,3.0
hpmcounter9,normal,seed10,222,3.0
hpmcounter9,normal,seed10,223,3.0
hpmcounter9,normal,seed10,224,3.0
hpmcounter9,normal,seed10,225,3.0
hpmcounter9,normal,seed10,226,3.0
hpmcounter9,normal,seed10,227,3.0
hpmcounter9,normal,seed10,228,3.0
hpmcounter9,normal,seed10,229,3.0
hpmcounter9,normal,seed10,230,3.0
hpmcounter9,normal,seed10,231,3.0
hpmcounter9,normal,seed10,232,3.0
hpmcounter9,normal,seed10,233,3.0
hpmcounter9,normal,seed10,234,3.0
hpmcounter9,normal,seed10,235,3.0
hpmcounter9,normal,seed10,236,3.0
hpmcounter9,normal,seed10,237,3.0
hpmcounter9,normal,seed10,238,3.0
hpmcounter9,normal,seed10,239,3.0
hpmcounter9,normal,seed10,240,3.0
hpmcounter9,normal,seed10,241,3.0
hpmcounter9,normal,seed10,242,3.0
hpmcounter9,normal,seed10,243,3.0
hpmcounter9,normal,seed10,244,3.0
hpmcounter9,normal,seed10,245,3.0
hpmcounter9,normal,seed10,246,3.0
hpmcounter9,normal,seed10,247,3.0
hpmcounter9,normal,seed10,248,3.0
hpmcounter9,normal,seed10,249,3.0
hpmcounter9,normal,seed10,250,3.0
hpmcounter9,normal,seed10,251,3.0
hpmcounter9,normal,seed10,252,3.0
hpmcounter9,normal,seed10,253,3.0
hpmcounter9,normal,seed10,254,3.0
hpmcounter9,normal,seed10,255,3.0
hpmcounter9,normal,seed10,256,3.0
hpmcounter9,normal,seed10,257,3.0
hpmcounter9,normal,seed10,258,3.0
hpmcounter9,normal,seed10,259,3.0
hpmcounter9,normal,seed10,260,3.0
hpmcounter9,normal,seed10,261,3.0
hpmcounter9,normal,seed10,262,3.0
hpmcounter9,normal,seed10,263,3.0
hpmcounter9,normal,seed10,264,3.0
hpmcounter9,normal,seed10,265,3.0
hpmcounter9,normal,seed10,266,3.0
hpmcounter9,normal,seed10,267,3.0
hpmcounter9,normal,seed10,268,3.0
hpmcounter9,normal,seed10,269,3.0
hpmcounter9,normal,seed10,270,3.0
hpmcounter9,normal,seed10,271,3.0
hpmcounter9,normal,seed10,272,3.0
hpmcounter9,normal,seed10,273,3.0
hpmcounter9,normal,seed10,274,3.0
hpmcounter9,normal,seed10,275,3.0
hpmcounter9,normal,seed10,276,3.0
hpmcounter9,normal,seed10,277,3.0
hpmcounter9,normal,seed10,278,3.0
hpmcounter9,normal,seed10,279,3.0
hpmcounter9,normal,seed10,280,3.0545454545454547
hpmcounter9,normal,seed10,281,3.096969696969697
hpmcounter9,normal,seed10,282,3.1272727272727274
hpmcounter9,normal,seed10,283,3.1454545454545455
hpmcounter9,normal,seed10,284,3.1515151515151514
hpmcounter9,normal,seed10,285,3.1454545454545455
hpmcounter9,normal,seed10,286,3.1272727272727274
hpmcounter9,normal,seed10,287,3.096969696969697
hpmcounter9,normal,seed10,288,3.0545454545454547
hpmcounter9,normal,seed10,289,3.0
hpmcounter9,normal,seed10,290,3.0
hpmcounter9,normal,seed10,291,3.0
hpmcounter9,normal,seed10,292,3.0
hpmcounter9,normal,seed10,293,3.0
hpmcounter9,normal,seed10,294,3.0
hpmcounter9,normal,seed10,295,3.0
hpmcounter9,normal,seed10,296,3.0
hpmcounter9,normal,seed10,297,3.0
hpmcounter9,normal,seed10,298,3.0
hpmcounter9,normal,seed11,9,3.2181818181818183
hpmcounter9,normal,seed11,10,3.0
hpmcounter9,normal,seed11,11,3.0
hpmcounter9,normal,seed11,12,3.0
hpmcounter9,normal,seed11,13,3.0
hpmcounter9,normal,seed11,14,3.0
hpmcounter9,normal,seed11,15,3.0
hpmcounter9,normal,seed11,16,3.0
hpmcounter9,normal,seed11,17,3.0
hpmcounter9,normal,seed11,18,3.0
hpmcounter9,normal,seed11,19,3.0
hpmcounter9,normal,seed11,20,3.0
hpmcounter9,normal,seed11,21,3.0
hpmcounter9,normal,seed11,22,3.0
hpmcounter9,normal,seed11,23,3.0
hpmcounter9,normal,seed11,24,3.0
hpmcounter9,normal,seed11,25,3.0
hpmcounter9,normal,seed11,26,3.0
hpmcounter9,normal,seed11,27,3.0
hpmcounter9,normal,seed11,28,3.0
hpmcounter9,normal,seed11,29,3.0
hpmcounter9,normal,seed11,30,3.0
hpmcounter9,normal,seed11,31,3.0
hpmcounter9,normal,seed11,32,3.0
hpmcounter9,normal,seed11,33,3.0
hpmcounter9,normal,seed11,34,3.0
hpmcounter9,normal,seed11,35,3.0
hpmcounter9,normal,seed11,36,3.0
hpmcounter9,normal,seed11,37,3.0
hpmcounter9,normal,seed11,38,3.0
hpmcounter9,normal,seed11,39,3.0
hpmcounter9,normal,seed11,40,3.0
hpmcounter9,normal,seed11,41,3.0
hpmcounter9,normal,seed11,42,3.0
hpmcounter9,normal,seed11,43,3.0
hpmcounter9,normal,seed11,44,3.0
hpmcounter9,normal,seed11,45,3.0
hpmcounter9,normal,seed11,46,3.0
hpmcounter9,normal,seed11,47,3.0
hpmcounter9,normal,seed11,48,3.0
hpmcounter9,normal,seed11,49,3.0
hpmcounter9,normal,seed11,50,3.0
hpmcounter9,normal,seed11,51,3.0
hpmcounter9,normal,seed11,52,3.0
hpmcounter9,normal,seed11,53,3.0
hpmcounter9,normal,seed11,54,3.0
hpmcounter9,normal,seed11,55,3.0
hpmcounter9,normal,seed11,56,3.0
hpmcounter9,normal,seed11,57,3.0
hpmcounter9,normal,seed11,58,3.0
hpmcounter9,normal,seed11,59,3.0
hpmcounter9,normal,seed11,60,3.0
hpmcounter9,normal,seed11,61,3.0
hpmcounter9,normal,seed11,62,3.0
hpmcounter9,normal,seed11,63,3.0
hpmcounter9,normal,seed11,64,3.0
hpmcounter9,normal,seed11,65,3.0
hpmcounter9,normal,seed11,66,3.0
hpmcounter9,normal,seed11,67,3.0
hpmcounter9,normal,seed11,68,3.0
hpmcounter9,normal,seed11,69,3.0
hpmcounter9,normal,seed11,70,3.0
hpmcounter9,normal,seed11,71,3.0
hpmcounter9,normal,seed11,72,3.0
hpmcounter9,normal,seed11,73,3.0
hpmcounter9,normal,seed11,74,3.0
hpmcounter9,normal,seed11,75,3.0
hpmcounter9,normal,seed11,76,3.0
hpmcounter9,normal,seed11,77,3.0
hpmcounter9,normal,seed11,78,3.0
hpmcounter9,normal,seed11,79,3.0
hpmcounter9,normal,seed11,80,3.0
hpmcounter9,normal,seed11,81,3.0
hpmcounter9,normal,seed11,82,3.0
hpmcounter9,normal,seed11,83,3.0
hpmcounter9,normal,seed11,84,3.0
hpmcounter9,normal,seed11,85,3.0
hpmcounter9,normal,seed11,86,3.0
hpmcounter9,normal,seed11,87,3.0
hpmcounter9,normal,seed11,88,3.0
hpmcounter9,normal,seed11,89,3.0
hpmcounter9,normal,seed11,90,3.0
hpmcounter9,normal,seed11,91,3.0
hpmcounter9,normal,seed11,92,3.0545454545454547
hpmcounter9,normal,seed11,93,3.1515151515151514
hpmcounter9,normal,seed11,94,3.224242424242424
hpmcounter9,normal,seed11,95,3.272727272727273
hpmcounter9,normal,seed11,96,3.296969696969697
hpmcounter9,normal,seed11,97,3.296969696969697
hpmcounter9,normal,seed11,98,3.272727272727273
hpmcounter9,normal,seed11,99,3.224242424242424
hpmcounter9,normal,seed11,100,3.1515151515151514
hpmcounter9,normal,seed11,101,3.0545454545454547
hpmcounter9,normal,seed11,102,3.0
hpmcounter9,normal,seed11,103,3.0
hpmcounter9,normal,seed11,104,3.0
hpmcounter9,normal,seed11,105,3.0545454545454547
hpmcounter9,normal,seed11,106,3.096969696969697
hpmcounter9,normal,seed11,107,3.1272727272727274
hpmcounter9,normal,seed11,108,3.1454545454545455
hpmcounter9,normal,seed11,109,3.1515151515151514
hpmcounter9,normal,seed11,110,3.1454545454545455
hpmcounter9,normal,seed11,111,3.1272727272727274
hpmcounter9,normal,seed11,112,3.096969696969697
hpmcounter9,normal,seed11,113,3.0545454545454547
hpmcounter9,normal,seed11,114,3.0
hpmcounter9,normal,seed11,115,3.0
hpmcounter9,normal,seed11,116,3.0
hpmcounter9,normal,seed11,117,3.0
hpmcounter9,normal,seed11,118,3.0
hpmcounter9,normal,seed11,119,3.0
hpmcounter9,normal,seed11,120,3.0
hpmcounter9,normal,seed11,121,3.0
hpmcounter9,normal,seed11,122,3.0
hpmcounter9,normal,seed11,123,3.0
hpmcounter9,normal,seed11,124,3.0
hpmcounter9,normal,seed11,125,3.0
hpmcounter9,normal,seed11,126,3.0
hpmcounter9,normal,seed11,127,3.0
hpmcounter9,normal,seed11,128,3.0545454545454547
hpmcounter9,normal,seed11,129,3.096969696969697
hpmcounter9,normal,seed11,130,3.1272727272727274
hpmcounter9,normal,seed11,131,3.1454545454545455
hpmcounter9,normal,seed11,132,3.1515151515151514
hpmcounter9,normal,seed11,133,3.1454545454545455
hpmcounter9,normal,seed11,134,3.1272727272727274
hpmcounter9,normal,seed11,135,3.096969696969697
hpmcounter9,normal,seed11,136,3.0545454545454547
hpmcounter9,normal,seed11,137,3.0
hpmcounter9,normal,seed11,138,3.0
hpmcounter9,normal,seed11,139,3.0
hpmcounter9,normal,seed11,140,3.0
hpmcounter9,normal,seed11,141,3.0
hpmcounter9,normal,seed11,142,3.0
hpmcounter9,normal,seed11,143,3.0
hpmcounter9,normal,seed11,144,3.0
hpmcounter9,normal,seed11,145,3.0
hpmcounter9,normal,seed11,146,3.0
hpmcounter9,normal,seed11,147,3.0
hpmcounter9,normal,seed11,148,3.0
hpmcounter9,normal,seed11,149,3.0
hpmcounter9,normal,seed11,150,3.0
hpmcounter9,normal,seed11,151,3.0
hpmcounter9,normal,seed11,152,3.0
hpmcounter9,normal,seed11,153,3.0
hpmcounter9,normal,seed11,154,3.0
hpmcounter9,normal,seed11,155,3.0
hpmcounter9,normal,seed11,156,3.0
hpmcounter9,normal,seed11,157,3.0
hpmcounter9,normal,seed11,158,3.0
hpmcounter9,normal,seed11,159,3.0
hpmcounter9,normal,seed11,160,3.0
hpmcounter9,normal,seed11,161,3.0
hpmcounter9,normal,seed11,162,3.0
hpmcounter9,normal,seed11,163,3.0
hpmcounter9,normal,seed11,164,3.0
hpmcounter9,normal,seed11,165,3.0
hpmcounter9,normal,seed11,166,3.0
hpmcounter9,normal,seed11,167,3.0
hpmcounter9,normal,seed11,168,3.0
hpmcounter9,normal,seed11,169,3.0
hpmcounter9,normal,seed11,170,3.0
hpmcounter9,normal,seed11,171,3.0
hpmcounter9,normal,seed11,172,3.0
hpmcounter9,normal,seed11,173,3.0
hpmcounter9,normal,seed11,174,3.0
hpmcounter9,normal,seed11,175,3.0
hpmcounter9,normal,seed11,176,3.0
hpmcounter9,normal,seed11,177,3.0
hpmcounter9,normal,seed11,178,3.0
hpmcounter9,normal,seed11,179,3.0
hpmcounter9,normal,seed11,180,3.0
hpmcounter9,normal,seed11,181,3.0
hpmcounter9,normal,seed11,182,3.0
hpmcounter9,normal,seed11,183,3.0
hpmcounter9,normal,seed11,184,3.0
hpmcounter9,normal,seed11,185,3.0
hpmcounter9,normal,seed11,186,3.0
hpmcounter9,normal,seed11,187,3.0
hpmcounter9,normal,seed11,188,3.0
hpmcounter9,normal,seed11,189,3.0
hpmcounter9,normal,seed11,190,3.0
hpmcounter9,normal,seed11,191,3.0
hpmcounter9,normal,seed11,192,3.0
hpmcounter9,normal,seed11,193,3.0
hpmcounter9,normal,seed11,194,3.0
hpmcounter9,normal,seed11,195,3.0
hpmcounter9,normal,seed11,196,3.0
hpmcounter9,normal,seed11,197,3.0
hpmcounter9,normal,seed11,198,3.0
hpmcounter9,normal,seed11,199,3.0
hpmcounter9,normal,seed11,200,3.0
hpmcounter9,normal,seed11,201,3.0
hpmcounter9,normal,seed11,202,3.0
hpmcounter9,normal,seed11,203,3.0
hpmcounter9,normal,seed11,204,3.0
hpmcounter9,normal,seed11,205,3.0
hpmcounter9,normal,seed11,206,3.0
hpmcounter9,normal,seed11,207,3.0
hpmcounter9,normal,seed11,208,3.0
hpmcounter9,normal,seed11,209,3.0
hpmcounter9,normal,seed11,210,3.0
hpmcounter9,normal,seed11,211,3.0
hpmcounter9,normal,seed11,212,3.0
hpmcounter9,normal,seed11,213,3.0
hpmcounter9,normal,seed11,214,3.0
hpmcounter9,normal,seed11,215,3.0
hpmcounter9,normal,seed11,216,3.0
hpmcounter9,normal,seed11,217,3.0
hpmcounter9,normal,seed11,218,3.0
hpmcounter9,normal,seed11,219,3.0
hpmcounter9,normal,seed11,220,3.0
hpmcounter9,normal,seed11,221,3.0
hpmcounter9,normal,seed11,222,3.0
hpmcounter9,normal,seed11,223,3.0
hpmcounter9,normal,seed11,224,3.0
hpmcounter9,normal,seed11,225,3.0
hpmcounter9,normal,seed11,226,3.0
hpmcounter9,normal,seed11,227,3.0
hpmcounter9,normal,seed11,228,3.0
hpmcounter9,normal,seed11,229,3.0
hpmcounter9,normal,seed11,230,3.0
hpmcounter9,normal,seed11,231,3.0
hpmcounter9,normal,seed11,232,3.0
hpmcounter9,normal,seed11,233,3.0
hpmcounter9,normal,seed11,234,3.0
hpmcounter9,normal,seed11,235,3.0
hpmcounter9,normal,seed11,236,3.0
hpmcounter9,normal,seed11,237,3.0
hpmcounter9,normal,seed11,238,3.0
hpmcounter9,normal,seed11,239,3.0
hpmcounter9,normal,seed11,240,3.0
hpmcounter9,normal,seed11,241,3.0
hpmcounter9,normal,seed11,242,3.0
hpmcounter9,normal,seed11,243,3.0
hpmcounter9,normal,seed11,244,3.0
hpmcounter9,normal,seed11,245,3.0
hpmcounter9,normal,seed11,246,3.0
hpmcounter9,normal,seed11,247,3.0
hpmcounter9,normal,seed11,248,3.0
hpmcounter9,normal,seed11,249,3.0
hpmcounter9,normal,seed11,250,3.0
hpmcounter9,normal,seed11,251,3.0
hpmcounter9,normal,seed11,252,3.0
hpmcounter9,normal,seed11,253,3.0
hpmcounter9,normal,seed11,254,3.0
hpmcounter9,normal,seed11,255,3.0
hpmcounter9,normal,seed11,256,3.0
hpmcounter9,normal,seed11,257,3.0
hpmcounter9,normal,seed11,258,3.0
hpmcounter9,normal,seed11,259,3.0
hpmcounter9,normal,seed11,260,3.0
hpmcounter9,normal,seed11,261,3.0
hpmcounter9,normal,seed11,262,3.0
hpmcounter9,normal,seed11,263,3.0
hpmcounter9,normal,seed11,264,3.0
hpmcounter9,normal,seed11,265,3.0
hpmcounter9,normal,seed11,266,3.0
hpmcounter9,normal,seed11,267,3.0
hpmcounter9,normal,seed11,268,3.0
hpmcounter9,normal,seed11,269,3.0
hpmcounter9,normal,seed11,270,3.0
hpmcounter9,normal,seed11,271,3.0
hpmcounter9,normal,seed11,272,3.0
hpmcounter9,normal,seed11,273,3.0
hpmcounter9,normal,seed11,274,3.0
hpmcounter9,normal,seed11,275,3.0
hpmcounter9,normal,seed11,276,3.0
hpmcounter9,normal,seed11,277,3.0
hpmcounter9,normal,seed11,278,3.0
hpmcounter9,normal,seed11,279,3.0
hpmcounter9,normal,seed11,280,3.0
hpmcounter9,normal,seed11,281,3.0
hpmcounter9,normal,seed11,282,3.0
hpmcounter9,normal,seed11,283,3.0
hpmcounter9,normal,seed11,284,3.0
hpmcounter9,normal,seed11,285,3.0
hpmcounter9,normal,seed11,286,3.0
hpmcounter9,normal,seed11,287,3.0
hpmcounter9,normal,seed11,288,3.0
hpmcounter9,normal,seed11,289,3.0
hpmcounter9,normal,seed11,290,3.0
hpmcounter9,normal,seed11,291,3.0
hpmcounter9,normal,seed11,292,3.0
hpmcounter9,normal,seed11,293,3.0
hpmcounter9,normal,seed11,294,3.0
hpmcounter9,normal,seed11,295,3.0
hpmcounter9,normal,seed11,296,3.0
hpmcounter9,normal,seed11,297,3.0545454545454547
hpmcounter9,normal,seed11,298,3.096969696969697
hpmcounter9,normal,seed12,9,3.2181818181818183
hpmcounter9,normal,seed12,10,3.0
hpmcounter9,normal,seed12,11,3.0
hpmcounter9,normal,seed12,12,3.0
hpmcounter9,normal,seed12,13,3.0
hpmcounter9,normal,seed12,14,3.0
hpmcounter9,normal,seed12,15,3.0
hpmcounter9,normal,seed12,16,3.0
hpmcounter9,normal,seed12,17,3.0
hpmcounter9,normal,seed12,18,3.0
hpmcounter9,normal,seed12,19,3.0
hpmcounter9,normal,seed12,20,3.0
hpmcounter9,normal,seed12,21,3.0
hpmcounter9,normal,seed12,22,3.0
hpmcounter9,normal,seed12,23,3.0
hpmcounter9,normal,seed12,24,3.0
hpmcounter9,normal,seed12,25,3.0
hpmcounter9,normal,seed12,26,3.0
hpmcounter9,normal,seed12,27,3.0
hpmcounter9,normal,seed12,28,3.0
hpmcounter9,normal,seed12,29,3.0
hpmcounter9,normal,seed12,30,3.0
hpmcounter9,normal,seed12,31,3.0
hpmcounter9,normal,seed12,32,3.0
hpmcounter9,normal,seed12,33,3.0
hpmcounter9,normal,seed12,34,3.0
hpmcounter9,normal,seed12,35,3.0
hpmcounter9,normal,seed12,36,3.0
hpmcounter9,normal,seed12,37,3.0
hpmcounter9,normal,seed12,38,3.0
hpmcounter9,normal,seed12,39,3.0
hpmcounter9,normal,seed12,40,3.0
hpmcounter9,normal,seed12,41,3.0
hpmcounter9,normal,seed12,42,3.0
hpmcounter9,normal,seed12,43,3.0
hpmcounter9,normal,seed12,44,3.0
hpmcounter9,normal,seed12,45,3.0
hpmcounter9,normal,seed12,46,3.0
hpmcounter9,normal,seed12,47,3.0
hpmcounter9,normal,seed12,48,3.0
hpmcounter9,normal,seed12,49,3.0545454545454547
hpmcounter9,normal,seed12,50,3.1515151515151514
hpmcounter9,normal,seed12,51,3.224242424242424
hpmcounter9,normal,seed12,52,3.272727272727273
hpmcounter9,normal,seed12,53,3.296969696969697
hpmcounter9,normal,seed12,54,3.296969696969697
hpmcounter9,normal,seed12,55,3.272727272727273
hpmcounter9,normal,seed12,56,3.224242424242424
hpmcounter9,normal,seed12,57,3.1515151515151514
hpmcounter9,normal,seed12,58,3.0545454545454547
hpmcounter9,normal,seed12,59,3.0
hpmcounter9,normal,seed12,60,3.0
hpmcounter9,normal,seed12,61,3.0
hpmcounter9,normal,seed12,62,3.0
hpmcounter9,normal,seed12,63,3.0
hpmcounter9,normal,seed12,64,3.0
hpmcounter9,normal,seed12,65,3.0
hpmcounter9,normal,seed12,66,3.0
hpmcounter9,normal,seed12,67,3.0545454545454547
hpmcounter9,normal,seed12,68,3.096969696969697
hpmcounter9,normal,seed12,69,3.1272727272727274
hpmcounter9,normal,seed12,70,3.1454545454545455
hpmcounter9,normal,seed12,71,3.1515151515151514
hpmcounter9,normal,seed12,72,3.1454545454545455
hpmcounter9,normal,seed12,73,3.1272727272727274
hpmcounter9,normal,seed12,74,3.096969696969697
hpmcounter9,normal,seed12,75,3.0545454545454547
hpmcounter9,normal,seed12,76,3.0
hpmcounter9,normal,seed12,77,3.0
hpmcounter9,normal,seed12,78,3.0
hpmcounter9,normal,seed12,79,3.0
hpmcounter9,normal,seed12,80,3.0
hpmcounter9,normal,seed12,81,3.0
hpmcounter9,normal,seed12,82,3.0
hpmcounter9,normal,seed12,83,3.0
hpmcounter9,normal,seed12,84,3.0
hpmcounter9,normal,seed12,85,3.0
hpmcounter9,normal,seed12,86,3.0
hpmcounter9,normal,seed12,87,3.0
hpmcounter9,normal,seed12,88,3.0
hpmcounter9,normal,seed12,89,3.0
hpmcounter9,normal,seed12,90,3.0
hpmcounter9,normal,seed12,91,3.0
hpmcounter9,normal,seed12,92,3.0
hpmcounter9,normal,seed12,93,3.0
hpmcounter9,normal,seed12,94,3.0
hpmcounter9,normal,seed12,95,3.0
hpmcounter9,normal,seed12,96,3.0
hpmcounter9,normal,seed12,97,3.0
hpmcounter9,normal,seed12,98,3.0
hpmcounter9,normal,seed12,99,3.109090909090909
hpmcounter9,normal,seed12,100,3.193939393939394
hpmcounter9,normal,seed12,101,3.2545454545454544
hpmcounter9,normal,seed12,102,3.290909090909091
hpmcounter9,normal,seed12,103,3.303030303030303
hpmcounter9,normal,seed12,104,3.290909090909091
hpmcounter9,normal,seed12,105,3.2545454545454544
hpmcounter9,normal,seed12,106,3.193939393939394
hpmcounter9,normal,seed12,107,3.109090909090909
hpmcounter9,normal,seed12,108,3.0
hpmcounter9,normal,seed12,109,3.0
hpmcounter9,normal,seed12,110,3.0
hpmcounter9,normal,seed12,111,3.0
hpmcounter9,normal,seed12,112,3.0
hpmcounter9,normal,seed12,113,3.0
hpmcounter9,normal,seed12,114,3.0
hpmcounter9,normal,seed12,115,3.0
hpmcounter9,normal,seed12,116,3.0
hpmcounter9,normal,seed12,117,3.0
hpmcounter9,normal,seed12,118,3.0
hpmcounter9,normal,seed12,119,3.0
hpmcounter9,normal,seed12,120,3.0
hpmcounter9,normal,seed12,121,3.0
hpmcounter9,normal,seed12,122,3.0
hpmcounter9,normal,seed12,123,3.0
hpmcounter9,normal,seed12,124,3.0
hpmcounter9,normal,seed12,125,3.0
hpmcounter9,normal,seed12,126,3.0
hpmcounter9,normal,seed12,127,3.0
hpmcounter9,normal,seed12,128,3.0
hpmcounter9,normal,seed12,129,3.0
hpmcounter9,normal,seed12,130,3.0
hpmcounter9,normal,seed12,131,3.0
hpmcounter9,normal,seed12,132,3.0
hpmcounter9,normal,seed12,133,3.0
hpmcounter9,normal,seed12,134,3.0
hpmcounter9,normal,seed12,135,3.0
hpmcounter9,normal,seed12,136,3.0
hpmcounter9,normal,seed12,137,3.0
hpmcounter9,normal,seed12,138,3.0
hpmcounter9,normal,seed12,139,3.0
hpmcounter9,normal,seed12,140,3.0
hpmcounter9,normal,seed12,141,3.0
hpmcounter9,normal,seed12,142,3.0
hpmcounter9,normal,seed12,143,3.0
hpmcounter9,normal,seed12,144,3.0
hpmcounter9,normal,seed12,145,3.0
hpmcounter9,normal,seed12,146,3.0
hpmcounter9,normal,seed12,147,3.0
hpmcounter9,normal,seed12,148,3.0
hpmcounter9,normal,seed12,149,3.0
hpmcounter9,normal,seed12,150,3.0
hpmcounter9,normal,seed12,151,3.0
hpmcounter9,normal,seed12,152,3.0
hpmcounter9,normal,seed12,153,3.0
hpmcounter9,normal,seed12,154,3.0
hpmcounter9,normal,seed12,155,3.0
hpmcounter9,normal,seed12,156,3.0
hpmcounter9,normal,seed12,157,3.0
hpmcounter9,normal,seed12,158,3.0
hpmcounter9,normal,seed12,159,3.0
hpmcounter9,normal,seed12,160,3.0545454545454547
hpmcounter9,normal,seed12,161,3.096969696969697
hpmcounter9,normal,seed12,162,3.1272727272727274
hpmcounter9,normal,seed12,163,3.1454545454545455
hpmcounter9,normal,seed12,164,3.1515151515151514
hpmcounter9,normal,seed12,165,3.1454545454545455
hpmcounter9,normal,seed12,166,3.1272727272727274
hpmcounter9,normal,seed12,167,3.096969696969697
hpmcounter9,normal,seed12,168,3.0545454545454547
hpmcounter9,normal,seed12,169,3.0
hpmcounter9,normal,seed12,170,3.0
hpmcounter9,normal,seed12,171,3.0
hpmcounter9,normal,seed12,172,3.0
hpmcounter9,normal,seed12,173,3.0
hpmcounter9,normal,seed12,174,3.0
hpmcounter9,normal,seed12,175,3.0
hpmcounter9,normal,seed12,176,3.0
hpmcounter9,normal,seed12,177,3.0
hpmcounter9,normal,seed12,178,3.0
hpmcounter9,normal,seed12,179,3.0
hpmcounter9,normal,seed12,180,3.0
hpmcounter9,normal,seed12,181,3.0
hpmcounter9,normal,seed12,182,3.0
hpmcounter9,normal,seed12,183,3.0
hpmcounter9,normal,seed12,184,3.0
hpmcounter9,normal,seed12,185,3.0
hpmcounter9,normal,seed12,186,3.0
hpmcounter9,normal,seed12,187,3.0
hpmcounter9,normal,seed12,188,3.0
hpmcounter9,normal,seed12,189,3.0
hpmcounter9,normal,seed12,190,3.0
hpmcounter9,normal,seed12,191,3.0
hpmcounter9,normal,seed12,192,3.0
hpmcounter9,normal,seed12,193,3.0
hpmcounter9,normal,seed12,194,3.0
hpmcounter9,normal,seed12,195,3.0
hpmcounter9,normal,seed12,196,3.0
hpmcounter9,normal,seed12,197,3.0
hpmcounter9,normal,seed12,198,3.0
hpmcounter9,normal,seed12,199,3.0
hpmcounter9,normal,seed12,200,3.0
hpmcounter9,normal,seed12,201,3.0
hpmcounter9,normal,seed12,202,3.0
hpmcounter9,normal,seed12,203,3.0
hpmcounter9,normal,seed12,204,3.0
hpmcounter9,normal,seed12,205,3.0
hpmcounter9,normal,seed12,206,3.0
hpmcounter9,normal,seed12,207,3.0
hpmcounter9,normal,seed12,208,3.0
hpmcounter9,normal,seed12,209,3.0
hpmcounter9,normal,seed12,210,3.0
hpmcounter9,normal,seed12,211,3.0
hpmcounter9,normal,seed12,212,3.0
hpmcounter9,normal,seed12,213,3.0
hpmcounter9,normal,seed12,214,3.0
hpmcounter9,normal,seed12,215,3.0
hpmcounter9,normal,seed12,216,3.0
hpmcounter9,normal,seed12,217,3.0
hpmcounter9,normal,seed12,218,3.0
hpmcounter9,normal,seed12,219,3.0
hpmcounter9,normal,seed12,220,3.0
hpmcounter9,normal,seed12,221,3.0
hpmcounter9,normal,seed12,222,3.0
hpmcounter9,normal,seed12,223,3.0
hpmcounter9,normal,seed12,224,3.0
hpmcounter9,normal,seed12,225,3.0
hpmcounter9,normal,seed12,226,3.0
hpmcounter9,normal,seed12,227,3.0
hpmcounter9,normal,seed12,228,3.0
hpmcounter9,normal,seed12,229,3.0
hpmcounter9,normal,seed12,230,3.0
hpmcounter9,normal,seed12,231,3.0
hpmcounter9,normal,seed12,232,3.0
hpmcounter9,normal,seed12,233,3.0
hpmcounter9,normal,seed12,234,3.0
hpmcounter9,normal,seed12,235,3.0
hpmcounter9,normal,seed12,236,3.0
hpmcounter9,normal,seed12,237,3.0
hpmcounter9,normal,seed12,238,3.0
hpmcounter9,normal,seed12,239,3.0
hpmcounter9,normal,seed12,240,3.0
hpmcounter9,normal,seed12,241,3.0
hpmcounter9,normal,seed12,242,3.0
hpmcounter9,normal,seed12,243,3.0
hpmcounter9,normal,seed12,244,3.0
hpmcounter9,normal,seed12,245,3.0
hpmcounter9,normal,seed12,246,3.0
hpmcounter9,normal,seed12,247,3.0
hpmcounter9,normal,seed12,248,3.0
hpmcounter9,normal,seed12,249,3.0
hpmcounter9,normal,seed12,250,3.0
hpmcounter9,normal,seed12,251,3.0
hpmcounter9,normal,seed12,252,3.0
hpmcounter9,normal,seed12,253,3.0
hpmcounter9,normal,seed12,254,3.0
hpmcounter9,normal,seed12,255,3.0
hpmcounter9,normal,seed12,256,3.0
hpmcounter9,normal,seed12,257,3.0
hpmcounter9,normal,seed12,258,3.0
hpmcounter9,normal,seed12,259,3.0
hpmcounter9,normal,seed12,260,3.0
hpmcounter9,normal,seed12,261,3.0
hpmcounter9,normal,seed12,262,3.0
hpmcounter9,normal,seed12,263,3.0
hpmcounter9,normal,seed12,264,3.0
hpmcounter9,normal,seed12,265,3.0
hpmcounter9,normal,seed12,266,3.0
hpmcounter9,normal,seed12,267,3.0
hpmcounter9,normal,seed12,268,3.0
hpmcounter9,normal,seed12,269,3.0
hpmcounter9,normal,seed12,270,3.0
hpmcounter9,normal,seed12,271,3.0
hpmcounter9,normal,seed12,272,3.0
hpmcounter9,normal,seed12,273,3.0
hpmcounter9,normal,seed12,274,3.0
hpmcounter9,normal,seed12,275,3.0
hpmcounter9,normal,seed12,276,3.0
hpmcounter9,normal,seed12,277,3.0
hpmcounter9,normal,seed12,278,3.0
hpmcounter9,normal,seed12,279,3.0
hpmcounter9,normal,seed12,280,3.0
hpmcounter9,normal,seed12,281,3.0
hpmcounter9,normal,seed12,282,3.0
hpmcounter9,normal,seed12,283,3.0
hpmcounter9,normal,seed12,284,3.0
hpmcounter9,normal,seed12,285,3.0
hpmcounter9,normal,seed12,286,3.0
hpmcounter9,normal,seed12,287,3.0
hpmcounter9,normal,seed12,288,3.0
hpmcounter9,normal,seed12,289,3.0
hpmcounter9,normal,seed12,290,3.0
hpmcounter9,normal,seed12,291,3.0
hpmcounter9,normal,seed12,292,3.0
hpmcounter9,normal,seed12,293,3.0
hpmcounter9,normal,seed12,294,3.0
hpmcounter9,normal,seed12,295,3.0
hpmcounter9,normal,seed12,296,3.0
hpmcounter9,normal,seed12,297,3.0
hpmcounter9,normal,seed12,298,3.0
hpmcounter9,normal,seed13,9,3.2181818181818183
hpmcounter9,normal,seed13,10,3.0
hpmcounter9,normal,seed13,11,3.0
hpmcounter9,normal,seed13,12,3.0
hpmcounter9,normal,seed13,13,3.0
hpmcounter9,normal,seed13,14,3.0
hpmcounter9,normal,seed13,15,3.0
hpmcounter9,normal,seed13,16,3.0
hpmcounter9,normal,seed13,17,3.0
hpmcounter9,normal,seed13,18,3.0
hpmcounter9,normal,seed13,19,3.0
hpmcounter9,normal,seed13,20,3.0
hpmcounter9,normal,seed13,21,3.0
hpmcounter9,normal,seed13,22,3.0
hpmcounter9,normal,seed13,23,3.0
hpmcounter9,normal,seed13,24,3.0
hpmcounter9,normal,seed13,25,3.0
hpmcounter9,normal,seed13,26,3.0
hpmcounter9,normal,seed13,27,3.0
hpmcounter9,normal,seed13,28,3.0
hpmcounter9,normal,seed13,29,3.0
hpmcounter9,normal,seed13,30,3.0
hpmcounter9,normal,seed13,31,3.0
hpmcounter9,normal,seed13,32,3.0
hpmcounter9,normal,seed13,33,3.0
hpmcounter9,normal,seed13,34,3.0
hpmcounter9,normal,seed13,35,3.0
hpmcounter9,normal,seed13,36,3.0
hpmcounter9,normal,seed13,37,3.0
hpmcounter9,normal,seed13,38,3.0
hpmcounter9,normal,seed13,39,3.0
hpmcounter9,normal,seed13,40,3.0
hpmcounter9,normal,seed13,41,3.0
hpmcounter9,normal,seed13,42,3.0
hpmcounter9,normal,seed13,43,3.0
hpmcounter9,normal,seed13,44,3.0
hpmcounter9,normal,seed13,45,3.0
hpmcounter9,normal,seed13,46,3.0
hpmcounter9,normal,seed13,47,3.0
hpmcounter9,normal,seed13,48,3.0
hpmcounter9,normal,seed13,49,3.0
hpmcounter9,normal,seed13,50,3.0
hpmcounter9,normal,seed13,51,3.0
hpmcounter9,normal,seed13,52,3.0
hpmcounter9,normal,seed13,53,3.0
hpmcounter9,normal,seed13,54,3.0
hpmcounter9,normal,seed13,55,3.0
hpmcounter9,normal,seed13,56,3.0
hpmcounter9,normal,seed13,57,3.0
hpmcounter9,normal,seed13,58,3.0
hpmcounter9,normal,seed13,59,3.0
hpmcounter9,normal,seed13,60,3.0
hpmcounter9,normal,seed13,61,3.0
hpmcounter9,normal,seed13,62,3.0
hpmcounter9,normal,seed13,63,3.0
hpmcounter9,normal,seed13,64,3.0
hpmcounter9,normal,seed13,65,3.0
hpmcounter9,normal,seed13,66,3.0
hpmcounter9,normal,seed13,67,3.0
hpmcounter9,normal,seed13,68,3.0
hpmcounter9,normal,seed13,69,3.0
hpmcounter9,normal,seed13,70,3.0
hpmcounter9,normal,seed13,71,3.0
hpmcounter9,normal,seed13,72,3.0
hpmcounter9,normal,seed13,73,3.0
hpmcounter9,normal,seed13,74,3.0
hpmcounter9,normal,seed13,75,3.0
hpmcounter9,normal,seed13,76,3.0
hpmcounter9,normal,seed13,77,3.0
hpmcounter9,normal,seed13,78,3.0
hpmcounter9,normal,seed13,79,3.0
hpmcounter9,normal,seed13,80,3.0
hpmcounter9,normal,seed13,81,3.0
hpmcounter9,normal,seed13,82,3.0
hpmcounter9,normal,seed13,83,3.0
hpmcounter9,normal,seed13,84,3.0
hpmcounter9,normal,seed13,85,3.0
hpmcounter9,normal,seed13,86,3.0
hpmcounter9,normal,seed13,87,3.0
hpmcounter9,normal,seed13,88,3.0
hpmcounter9,normal,seed13,89,3.0
hpmcounter9,normal,seed13,90,3.0
hpmcounter9,normal,seed13,91,3.0
hpmcounter9,normal,seed13,92,3.0
hpmcounter9,normal,seed13,93,3.0
hpmcounter9,normal,seed13,94,3.0
hpmcounter9,normal,seed13,95,3.0
hpmcounter9,normal,seed13,96,3.0
hpmcounter9,normal,seed13,97,3.0
hpmcounter9,normal,seed13,98,3.0
hpmcounter9,normal,seed13,99,3.0
hpmcounter9,normal,seed13,100,3.0
hpmcounter9,normal,seed13,101,3.0
hpmcounter9,normal,seed13,102,3.0
hpmcounter9,normal,seed13,103,3.0
hpmcounter9,normal,seed13,104,3.0
hpmcounter9,normal,seed13,105,3.0
hpmcounter9,normal,seed13,106,3.0
hpmcounter9,normal,seed13,107,3.0
hpmcounter9,normal,seed13,108,3.0
hpmcounter9,normal,seed13,109,3.0
hpmcounter9,normal,seed13,110,3.0
hpmcounter9,normal,seed13,111,3.0
hpmcounter9,normal,seed13,112,3.0
hpmcounter9,normal,seed13,113,3.0
hpmcounter9,normal,seed13,114,3.0
hpmcounter9,normal,seed13,115,3.0
hpmcounter9,normal,seed13,116,3.0
hpmcounter9,normal,seed13,117,3.0
hpmcounter9,normal,seed13,118,3.0
hpmcounter9,normal,seed13,119,3.0
hpmcounter9,normal,seed13,120,3.0
hpmcounter9,normal,seed13,121,3.0
hpmcounter9,normal,seed13,122,3.0
hpmcounter9,normal,seed13,123,3.0
hpmcounter9,normal,seed13,124,3.0
hpmcounter9,normal,seed13,125,3.0
hpmcounter9,normal,seed13,126,3.0
hpmcounter9,normal,seed13,127,3.0
hpmcounter9,normal,seed13,128,3.0
hpmcounter9,normal,seed13,129,3.0
hpmcounter9,normal,seed13,130,3.0
hpmcounter9,normal,seed13,131,3.0
hpmcounter9,normal,seed13,132,3.0
hpmcounter9,normal,seed13,133,3.0
hpmcounter9,normal,seed13,134,3.0
hpmcounter9,normal,seed13,135,3.0
hpmcounter9,normal,seed13,136,3.0
hpmcounter9,normal,seed13,137,3.0
hpmcounter9,normal,seed13,138,3.0
hpmcounter9,normal,seed13,139,3.0
hpmcounter9,normal,seed13,140,3.0
hpmcounter9,normal,seed13,141,3.0
hpmcounter9,normal,seed13,142,3.0
hpmcounter9,normal,seed13,143,3.0
hpmcounter9,normal,seed13,144,3.0
hpmcounter9,normal,seed13,145,3.0
hpmcounter9,normal,seed13,146,3.0
hpmcounter9,normal,seed13,147,3.0
hpmcounter9,normal,seed13,148,3.0
hpmcounter9,normal,seed13,149,3.0
hpmcounter9,normal,seed13,150,3.0
hpmcounter9,normal,seed13,151,3.0
hpmcounter9,normal,seed13,152,3.0
hpmcounter9,normal,seed13,153,3.0
hpmcounter9,normal,seed13,154,3.0
hpmcounter9,normal,seed13,155,3.0
hpmcounter9,normal,seed13,156,3.0
hpmcounter9,normal,seed13,157,3.0
hpmcounter9,normal,seed13,158,3.0
hpmcounter9,normal,seed13,159,3.0
hpmcounter9,normal,seed13,160,3.0
hpmcounter9,normal,seed13,161,3.0
hpmcounter9,normal,seed13,162,3.0
hpmcounter9,normal,seed13,163,3.0
hpmcounter9,normal,seed13,164,3.0
hpmcounter9,normal,seed13,165,3.0
hpmcounter9,normal,seed13,166,3.0
hpmcounter9,normal,seed13,167,3.0
hpmcounter9,normal,seed13,168,3.0
hpmcounter9,normal,seed13,169,3.0
hpmcounter9,normal,seed13,170,3.0
hpmcounter9,normal,seed13,171,3.0
hpmcounter9,normal,seed13,172,3.0
hpmcounter9,normal,seed13,173,3.0
hpmcounter9,normal,seed13,174,3.0
hpmcounter9,normal,seed13,175,3.0
hpmcounter9,normal,seed13,176,3.0
hpmcounter9,normal,seed13,177,3.0
hpmcounter9,normal,seed13,178,3.0
hpmcounter9,normal,seed13,179,3.0
hpmcounter9,normal,seed13,180,3.0
hpmcounter9,normal,seed13,181,3.0
hpmcounter9,normal,seed13,182,3.0
hpmcounter9,normal,seed13,183,3.0
hpmcounter9,normal,seed13,184,3.0
hpmcounter9,normal,seed13,185,3.0
hpmcounter9,normal,seed13,186,3.0
hpmcounter9,normal,seed13,187,3.0
hpmcounter9,normal,seed13,188,3.0
hpmcounter9,normal,seed13,189,3.0
hpmcounter9,normal,seed13,190,3.0
hpmcounter9,normal,seed13,191,3.0
hpmcounter9,normal,seed13,192,3.0
hpmcounter9,normal,seed13,193,3.0
hpmcounter9,normal,seed13,194,3.0
hpmcounter9,normal,seed13,195,3.0
hpmcounter9,normal,seed13,196,3.0
hpmcounter9,normal,seed13,197,3.0
hpmcounter9,normal,seed13,198,3.0
hpmcounter9,normal,seed13,199,3.0
hpmcounter9,normal,seed13,200,3.0
hpmcounter9,normal,seed13,201,3.0
hpmcounter9,normal,seed13,202,3.0
hpmcounter9,normal,seed13,203,3.0
hpmcounter9,normal,seed13,204,3.0
hpmcounter9,normal,seed13,205,3.0
hpmcounter9,normal,seed13,206,3.0
hpmcounter9,normal,seed13,207,3.0
hpmcounter9,normal,seed13,208,3.0
hpmcounter9,normal,seed13,209,3.0
hpmcounter9,normal,seed13,210,3.0
hpmcounter9,normal,seed13,211,3.0
hpmcounter9,normal,seed13,212,3.0
hpmcounter9,normal,seed13,213,3.0
hpmcounter9,normal,seed13,214,3.0
hpmcounter9,normal,seed13,215,3.0
hpmcounter9,normal,seed13,216,3.0
hpmcounter9,normal,seed13,217,3.0
hpmcounter9,normal,seed13,218,3.0
hpmcounter9,normal,seed13,219,3.0
hpmcounter9,normal,seed13,220,3.0
hpmcounter9,normal,seed13,221,3.0
hpmcounter9,normal,seed13,222,3.0
hpmcounter9,normal,seed13,223,3.0
hpmcounter9,normal,seed13,224,3.0
hpmcounter9,normal,seed13,225,3.0
hpmcounter9,normal,seed13,226,3.0
hpmcounter9,normal,seed13,227,3.0
hpmcounter9,normal,seed13,228,3.0
hpmcounter9,normal,seed13,229,3.0
hpmcounter9,normal,seed13,230,3.0
hpmcounter9,normal,seed13,231,3.0
hpmcounter9,normal,seed13,232,3.0
hpmcounter9,normal,seed13,233,3.0
hpmcounter9,normal,seed13,234,3.0
hpmcounter9,normal,seed13,235,3.0
hpmcounter9,normal,seed13,236,3.0
hpmcounter9,normal,seed13,237,3.0
hpmcounter9,normal,seed13,238,3.0
hpmcounter9,normal,seed13,239,3.0
hpmcounter9,normal,seed13,240,3.0
hpmcounter9,normal,seed13,241,3.0
hpmcounter9,normal,seed13,242,3.0
hpmcounter9,normal,seed13,243,3.0
hpmcounter9,normal,seed13,244,3.0
hpmcounter9,normal,seed13,245,3.0
hpmcounter9,normal,seed13,246,3.0
hpmcounter9,normal,seed13,247,3.0
hpmcounter9,normal,seed13,248,3.0
hpmcounter9,normal,seed13,249,3.0
hpmcounter9,normal,seed13,250,3.0
hpmcounter9,normal,seed13,251,3.0
hpmcounter9,normal,seed13,252,3.0
hpmcounter9,normal,seed13,253,3.0
hpmcounter9,normal,seed13,254,3.0
hpmcounter9,normal,seed13,255,3.0
hpmcounter9,normal,seed13,256,3.0
hpmcounter9,normal,seed13,257,3.0
hpmcounter9,normal,seed13,258,3.0
hpmcounter9,normal,seed13,259,3.0
hpmcounter9,normal,seed13,260,3.0
hpmcounter9,normal,seed13,261,3.0
hpmcounter9,normal,seed13,262,3.0
hpmcounter9,normal,seed13,263,3.0
hpmcounter9,normal,seed13,264,3.0
hpmcounter9,normal,seed13,265,3.0
hpmcounter9,normal,seed13,266,3.0
hpmcounter9,normal,seed13,267,3.0
hpmcounter9,normal,seed13,268,3.0
hpmcounter9,normal,seed13,269,3.0
hpmcounter9,normal,seed13,270,3.0
hpmcounter9,normal,seed13,271,3.0
hpmcounter9,normal,seed13,272,3.0
hpmcounter9,normal,seed13,273,3.0
hpmcounter9,normal,seed13,274,3.0
hpmcounter9,normal,seed13,275,3.0
hpmcounter9,normal,seed13,276,3.0
hpmcounter9,normal,seed13,277,3.0
hpmcounter9,normal,seed13,278,3.0
hpmcounter9,normal,seed13,279,3.0
hpmcounter9,normal,seed13,280,3.0545454545454547
hpmcounter9,normal,seed13,281,3.096969696969697
hpmcounter9,normal,seed13,282,3.1272727272727274
hpmcounter9,normal,seed13,283,3.1454545454545455
hpmcounter9,normal,seed13,284,3.1515151515151514
hpmcounter9,normal,seed13,285,3.1454545454545455
hpmcounter9,normal,seed13,286,3.1272727272727274
hpmcounter9,normal,seed13,287,3.096969696969697
hpmcounter9,normal,seed13,288,3.0545454545454547
hpmcounter9,normal,seed13,289,3.0
hpmcounter9,normal,seed13,290,3.0
hpmcounter9,normal,seed13,291,3.0
hpmcounter9,normal,seed13,292,3.0
hpmcounter9,normal,seed13,293,3.0
hpmcounter9,normal,seed13,294,3.0
hpmcounter9,normal,seed13,295,3.0
hpmcounter9,normal,seed13,296,3.0
hpmcounter9,normal,seed13,297,3.0
hpmcounter9,normal,seed13,298,3.0
hpmcounter9,normal,seed14,9,3.2181818181818183
hpmcounter9,normal,seed14,10,3.0
hpmcounter9,normal,seed14,11,3.0
hpmcounter9,normal,seed14,12,3.0
hpmcounter9,normal,seed14,13,3.0
hpmcounter9,normal,seed14,14,3.0
hpmcounter9,normal,seed14,15,3.0
hpmcounter9,normal,seed14,16,3.0
hpmcounter9,normal,seed14,17,3.0
hpmcounter9,normal,seed14,18,3.0
hpmcounter9,normal,seed14,19,3.0
hpmcounter9,normal,seed14,20,3.0
hpmcounter9,normal,seed14,21,3.0
hpmcounter9,normal,seed14,22,3.0
hpmcounter9,normal,seed14,23,3.0
hpmcounter9,normal,seed14,24,3.0
hpmcounter9,normal,seed14,25,3.0
hpmcounter9,normal,seed14,26,3.0
hpmcounter9,normal,seed14,27,3.0
hpmcounter9,normal,seed14,28,3.0
hpmcounter9,normal,seed14,29,3.0
hpmcounter9,normal,seed14,30,3.0
hpmcounter9,normal,seed14,31,3.0
hpmcounter9,normal,seed14,32,3.0
hpmcounter9,normal,seed14,33,3.0
hpmcounter9,normal,seed14,34,3.0
hpmcounter9,normal,seed14,35,3.0
hpmcounter9,normal,seed14,36,3.0
hpmcounter9,normal,seed14,37,3.0
hpmcounter9,normal,seed14,38,3.0
hpmcounter9,normal,seed14,39,3.0
hpmcounter9,normal,seed14,40,3.0
hpmcounter9,normal,seed14,41,3.0
hpmcounter9,normal,seed14,42,3.0
hpmcounter9,normal,seed14,43,3.0
hpmcounter9,normal,seed14,44,3.0
hpmcounter9,normal,seed14,45,3.0
hpmcounter9,normal,seed14,46,3.0
hpmcounter9,normal,seed14,47,3.0
hpmcounter9,normal,seed14,48,3.0
hpmcounter9,normal,seed14,49,3.0
hpmcounter9,normal,seed14,50,3.0
hpmcounter9,normal,seed14,51,3.0
hpmcounter9,normal,seed14,52,3.0
hpmcounter9,normal,seed14,53,3.0
hpmcounter9,normal,seed14,54,3.0
hpmcounter9,normal,seed14,55,3.0
hpmcounter9,normal,seed14,56,3.0
hpmcounter9,normal,seed14,57,3.0
hpmcounter9,normal,seed14,58,3.0
hpmcounter9,normal,seed14,59,3.0
hpmcounter9,normal,seed14,60,3.0
hpmcounter9,normal,seed14,61,3.0
hpmcounter9,normal,seed14,62,3.0
hpmcounter9,normal,seed14,63,3.0
hpmcounter9,normal,seed14,64,3.0
hpmcounter9,normal,seed14,65,3.0545454545454547
hpmcounter9,normal,seed14,66,3.1515151515151514
hpmcounter9,normal,seed14,67,3.224242424242424
hpmcounter9,normal,seed14,68,3.272727272727273
hpmcounter9,normal,seed14,69,3.296969696969697
hpmcounter9,normal,seed14,70,3.296969696969697
hpmcounter9,normal,seed14,71,3.272727272727273
hpmcounter9,normal,seed14,72,3.224242424242424
hpmcounter9,normal,seed14,73,3.1515151515151514
hpmcounter9,normal,seed14,74,3.0545454545454547
hpmcounter9,normal,seed14,75,3.0
hpmcounter9,normal,seed14,76,3.0
hpmcounter9,normal,seed14,77,3.0
hpmcounter9,normal,seed14,78,3.0
hpmcounter9,normal,seed14,79,3.0
hpmcounter9,normal,seed14,80,3.0
hpmcounter9,normal,seed14,81,3.0
hpmcounter9,normal,seed14,82,3.0
hpmcounter9,normal,seed14,83,3.0
hpmcounter9,normal,seed14,84,3.0
hpmcounter9,normal,seed14,85,3.0
hpmcounter9,normal,seed14,86,3.0
hpmcounter9,normal,seed14,87,3.0
hpmcounter9,normal,seed14,88,3.0
hpmcounter9,normal,seed14,89,3.0
hpmcounter9,normal,seed14,90,3.0
hpmcounter9,normal,seed14,91,3.0
hpmcounter9,normal,seed14,92,3.0
hpmcounter9,normal,seed14,93,3.0
hpmcounter9,normal,seed14,94,3.0
hpmcounter9,normal,seed14,95,3.0
hpmcounter9,normal,seed14,96,3.0
hpmcounter9,normal,seed14,97,3.0
hpmcounter9,normal,seed14,98,3.0
hpmcounter9,normal,seed14,99,3.0
hpmcounter9,normal,seed14,100,3.0
hpmcounter9,normal,seed14,101,3.0
hpmcounter9,normal,seed14,102,3.0
hpmcounter9,normal,seed14,103,3.0
hpmcounter9,normal,seed14,104,3.0
hpmcounter9,normal,seed14,105,3.0
hpmcounter9,normal,seed14,106,3.0
hpmcounter9,normal,seed14,107,3.0
hpmcounter9,normal,seed14,108,3.109090909090909
hpmcounter9,normal,seed14,109,3.193939393939394
hpmcounter9,normal,seed14,110,3.2545454545454544
hpmcounter9,normal,seed14,111,3.290909090909091
hpmcounter9,normal,seed14,112,3.303030303030303
hpmcounter9,normal,seed14,113,3.290909090909091
hpmcounter9,normal,seed14,114,3.2545454545454544
hpmcounter9,normal,seed14,115,3.193939393939394
hpmcounter9,normal,seed14,116,3.109090909090909
hpmcounter9,normal,seed14,117,3.0
hpmcounter9,normal,seed14,118,3.0
hpmcounter9,normal,seed14,119,3.0
hpmcounter9,normal,seed14,120,3.0
hpmcounter9,normal,seed14,121,3.0
hpmcounter9,normal,seed14,122,3.0
hpmcounter9,normal,seed14,123,3.0
hpmcounter9,normal,seed14,124,3.0
hpmcounter9,normal,seed14,125,3.0
hpmcounter9,normal,seed14,126,3.0
hpmcounter9,normal,seed14,127,3.0
hpmcounter9,normal,seed14,128,3.0
hpmcounter9,normal,seed14,129,3.0
hpmcounter9,normal,seed14,130,3.0
hpmcounter9,normal,seed14,131,3.0
hpmcounter9,normal,seed14,132,3.0
hpmcounter9,normal,seed14,133,3.0
hpmcounter9,normal,seed14,134,3.0
hpmcounter9,normal,seed14,135,3.0
hpmcounter9,normal,seed14,136,3.0
hpmcounter9,normal,seed14,137,3.0
hpmcounter9,normal,seed14,138,3.0
hpmcounter9,normal,seed14,139,3.0
hpmcounter9,normal,seed14,140,3.0
hpmcounter9,normal,seed14,141,3.0
hpmcounter9,normal,seed14,142,3.0
hpmcounter9,normal,seed14,143,3.0
hpmcounter9,normal,seed14,144,3.0
hpmcounter9,normal,seed14,145,3.0
hpmcounter9,normal,seed14,146,3.0
hpmcounter9,normal,seed14,147,3.0
hpmcounter9,normal,seed14,148,3.0
hpmcounter9,normal,seed14,149,3.0
hpmcounter9,normal,seed14,150,3.0
hpmcounter9,normal,seed14,151,3.0
hpmcounter9,normal,seed14,152,3.0
hpmcounter9,normal,seed14,153,3.0
hpmcounter9,normal,seed14,154,3.0
hpmcounter9,normal,seed14,155,3.0
hpmcounter9,normal,seed14,156,3.0
hpmcounter9,normal,seed14,157,3.0
hpmcounter9,normal,seed14,158,3.0
hpmcounter9,normal,seed14,159,3.0
hpmcounter9,normal,seed14,160,3.0
hpmcounter9,normal,seed14,161,3.0
hpmcounter9,normal,seed14,162,3.0
hpmcounter9,normal,seed14,163,3.0
hpmcounter9,normal,seed14,164,3.0
hpmcounter9,normal,seed14,165,3.0
hpmcounter9,normal,seed14,166,3.0
hpmcounter9,normal,seed14,167,3.0
hpmcounter9,normal,seed14,168,3.0
hpmcounter9,normal,seed14,169,3.0
hpmcounter9,normal,seed14,170,3.0
hpmcounter9,normal,seed14,171,3.0
hpmcounter9,normal,seed14,172,3.0
hpmcounter9,normal,seed14,173,3.0
hpmcounter9,normal,seed14,174,3.0
hpmcounter9,normal,seed14,175,3.0
hpmcounter9,normal,seed14,176,3.0
hpmcounter9,normal,seed14,177,3.0
hpmcounter9,normal,seed14,178,3.0
hpmcounter9,normal,seed14,179,3.0
hpmcounter9,normal,seed14,180,3.0
hpmcounter9,normal,seed14,181,3.0
hpmcounter9,normal,seed14,182,3.0
hpmcounter9,normal,seed14,183,3.0
hpmcounter9,normal,seed14,184,3.0
hpmcounter9,normal,seed14,185,3.0
hpmcounter9,normal,seed14,186,3.0
hpmcounter9,normal,seed14,187,3.0
hpmcounter9,normal,seed14,188,3.0
hpmcounter9,normal,seed14,189,3.0
hpmcounter9,normal,seed14,190,3.0
hpmcounter9,normal,seed14,191,3.0
hpmcounter9,normal,seed14,192,3.0
hpmcounter9,normal,seed14,193,3.0
hpmcounter9,normal,seed14,194,3.0
hpmcounter9,normal,seed14,195,3.0
hpmcounter9,normal,seed14,196,3.0
hpmcounter9,normal,seed14,197,3.0
hpmcounter9,normal,seed14,198,3.0
hpmcounter9,normal,seed14,199,3.0
hpmcounter9,normal,seed14,200,3.0
hpmcounter9,normal,seed14,201,3.0
hpmcounter9,normal,seed14,202,3.0
hpmcounter9,normal,seed14,203,3.0
hpmcounter9,normal,seed14,204,3.0
hpmcounter9,normal,seed14,205,3.0
hpmcounter9,normal,seed14,206,3.0
hpmcounter9,normal,seed14,207,3.0
hpmcounter9,normal,seed14,208,3.0
hpmcounter9,normal,seed14,209,3.0
hpmcounter9,normal,seed14,210,3.0
hpmcounter9,normal,seed14,211,3.0
hpmcounter9,normal,seed14,212,3.0
hpmcounter9,normal,seed14,213,3.0
hpmcounter9,normal,seed14,214,3.0
hpmcounter9,normal,seed14,215,3.0
hpmcounter9,normal,seed14,216,3.0
hpmcounter9,normal,seed14,217,3.0
hpmcounter9,normal,seed14,218,3.0
hpmcounter9,normal,seed14,219,3.0
hpmcounter9,normal,seed14,220,3.0
hpmcounter9,normal,seed14,221,3.0
hpmcounter9,normal,seed14,222,3.0
hpmcounter9,normal,seed14,223,3.0
hpmcounter9,normal,seed14,224,3.0
hpmcounter9,normal,seed14,225,3.0
hpmcounter9,normal,seed14,226,3.0
hpmcounter9,normal,seed14,227,3.0
hpmcounter9,normal,seed14,228,3.0
hpmcounter9,normal,seed14,229,3.0
hpmcounter9,normal,seed14,230,3.0
hpmcounter9,normal,seed14,231,3.0
hpmcounter9,normal,seed14,232,3.0
hpmcounter9,normal,seed14,233,3.0
hpmcounter9,normal,seed14,234,3.0
hpmcounter9,normal,seed14,235,3.0
hpmcounter9,normal,seed14,236,3.0
hpmcounter9,normal,seed14,237,3.0
hpmcounter9,normal,seed14,238,3.0
hpmcounter9,normal,seed14,239,3.0
hpmcounter9,normal,seed14,240,3.0
hpmcounter9,normal,seed14,241,3.0
hpmcounter9,normal,seed14,242,3.0
hpmcounter9,normal,seed14,243,3.0
hpmcounter9,normal,seed14,244,3.0
hpmcounter9,normal,seed14,245,3.0
hpmcounter9,normal,seed14,246,3.0
hpmcounter9,normal,seed14,247,3.0
hpmcounter9,normal,seed14,248,3.0
hpmcounter9,normal,seed14,249,3.0
hpmcounter9,normal,seed14,250,3.0
hpmcounter9,normal,seed14,251,3.0
hpmcounter9,normal,seed14,252,3.0
hpmcounter9,normal,seed14,253,3.0
hpmcounter9,normal,seed14,254,3.0
hpmcounter9,normal,seed14,255,3.0
hpmcounter9,normal,seed14,256,3.0
hpmcounter9,normal,seed14,257,3.0
hpmcounter9,normal,seed14,258,3.0
hpmcounter9,normal,seed14,259,3.0
hpmcounter9,normal,seed14,260,3.0
hpmcounter9,normal,seed14,261,3.0
hpmcounter9,normal,seed14,262,3.0
hpmcounter9,normal,seed14,263,3.0
hpmcounter9,normal,seed14,264,3.0
hpmcounter9,normal,seed14,265,3.0
hpmcounter9,normal,seed14,266,3.0
hpmcounter9,normal,seed14,267,3.0
hpmcounter9,normal,seed14,268,3.0
hpmcounter9,normal,seed14,269,3.0
hpmcounter9,normal,seed14,270,3.0
hpmcounter9,normal,seed14,271,3.0
hpmcounter9,normal,seed14,272,3.0
hpmcounter9,normal,seed14,273,3.0
hpmcounter9,normal,seed14,274,3.0
hpmcounter9,normal,seed14,275,3.0
hpmcounter9,normal,seed14,276,3.0
hpmcounter9,normal,seed14,277,3.0
hpmcounter9,normal,seed14,278,3.0
hpmcounter9,normal,seed14,279,3.0
hpmcounter9,normal,seed14,280,3.0
hpmcounter9,normal,seed14,281,3.0
hpmcounter9,normal,seed14,282,3.0
hpmcounter9,normal,seed14,283,3.0
hpmcounter9,normal,seed14,284,3.0
hpmcounter9,normal,seed14,285,3.0
hpmcounter9,normal,seed14,286,3.0
hpmcounter9,normal,seed14,287,3.0
hpmcounter9,normal,seed14,288,3.0
hpmcounter9,normal,seed14,289,3.0
hpmcounter9,normal,seed14,290,3.0
hpmcounter9,normal,seed14,291,3.0
hpmcounter9,normal,seed14,292,3.0
hpmcounter9,normal,seed14,293,3.0
hpmcounter9,normal,seed14,294,3.0
hpmcounter9,normal,seed14,295,3.0
hpmcounter9,normal,seed14,296,3.0
hpmcounter9,normal,seed14,297,3.0
hpmcounter9,normal,seed14,298,3.0
hpmcounter9,normal,seed15,9,3.2181818181818183
hpmcounter9,normal,seed15,10,3.0
hpmcounter9,normal,seed15,11,3.0
hpmcounter9,normal,seed15,12,3.0
hpmcounter9,normal,seed15,13,3.0
hpmcounter9,normal,seed15,14,3.0
hpmcounter9,normal,seed15,15,3.0
hpmcounter9,normal,seed15,16,3.0
hpmcounter9,normal,seed15,17,3.0
hpmcounter9,normal,seed15,18,3.0
hpmcounter9,normal,seed15,19,3.0
hpmcounter9,normal,seed15,20,3.0
hpmcounter9,normal,seed15,21,3.0
hpmcounter9,normal,seed15,22,3.0
hpmcounter9,normal,seed15,23,3.0
hpmcounter9,normal,seed15,24,3.0
hpmcounter9,normal,seed15,25,3.0
hpmcounter9,normal,seed15,26,3.0
hpmcounter9,normal,seed15,27,3.0
hpmcounter9,normal,seed15,28,3.0
hpmcounter9,normal,seed15,29,3.0
hpmcounter9,normal,seed15,30,3.0
hpmcounter9,normal,seed15,31,3.0
hpmcounter9,normal,seed15,32,3.0
hpmcounter9,normal,seed15,33,3.0
hpmcounter9,normal,seed15,34,3.0
hpmcounter9,normal,seed15,35,3.0
hpmcounter9,normal,seed15,36,3.0
hpmcounter9,normal,seed15,37,3.0
hpmcounter9,normal,seed15,38,3.0
hpmcounter9,normal,seed15,39,3.0
hpmcounter9,normal,seed15,40,3.0
hpmcounter9,normal,seed15,41,3.0
hpmcounter9,normal,seed15,42,3.0
hpmcounter9,normal,seed15,43,3.0
hpmcounter9,normal,seed15,44,3.0
hpmcounter9,normal,seed15,45,3.0
hpmcounter9,normal,seed15,46,3.0
hpmcounter9,normal,seed15,47,3.0
hpmcounter9,normal,seed15,48,3.0
hpmcounter9,normal,seed15,49,3.0
hpmcounter9,normal,seed15,50,3.0
hpmcounter9,normal,seed15,51,3.0
hpmcounter9,normal,seed15,52,3.0
hpmcounter9,normal,seed15,53,3.0
hpmcounter9,normal,seed15,54,3.0
hpmcounter9,normal,seed15,55,3.0
hpmcounter9,normal,seed15,56,3.0
hpmcounter9,normal,seed15,57,3.0
hpmcounter9,normal,seed15,58,3.0
hpmcounter9,normal,seed15,59,3.0
hpmcounter9,normal,seed15,60,3.0
hpmcounter9,normal,seed15,61,3.0
hpmcounter9,normal,seed15,62,3.0
hpmcounter9,normal,seed15,63,3.0
hpmcounter9,normal,seed15,64,3.0
hpmcounter9,normal,seed15,65,3.0
hpmcounter9,normal,seed15,66,3.0
hpmcounter9,normal,seed15,67,3.0
hpmcounter9,normal,seed15,68,3.0
hpmcounter9,normal,seed15,69,3.0
hpmcounter9,normal,seed15,70,3.0
hpmcounter9,normal,seed15,71,3.0
hpmcounter9,normal,seed15,72,3.0
hpmcounter9,normal,seed15,73,3.0
hpmcounter9,normal,seed15,74,3.0
hpmcounter9,normal,seed15,75,3.0
hpmcounter9,normal,seed15,76,3.0
hpmcounter9,normal,seed15,77,3.0
hpmcounter9,normal,seed15,78,3.0
hpmcounter9,normal,seed15,79,3.0
hpmcounter9,normal,seed15,80,3.0
hpmcounter9,normal,seed15,81,3.0
hpmcounter9,normal,seed15,82,3.0
hpmcounter9,normal,seed15,83,3.0
hpmcounter9,normal,seed15,84,3.0
hpmcounter9,normal,seed15,85,3.0
hpmcounter9,normal,seed15,86,3.0
hpmcounter9,normal,seed15,87,3.0
hpmcounter9,normal,seed15,88,3.0
hpmcounter9,normal,seed15,89,3.0
hpmcounter9,normal,seed15,90,3.0
hpmcounter9,normal,seed15,91,3.0
hpmcounter9,normal,seed15,92,3.0
hpmcounter9,normal,seed15,93,3.0
hpmcounter9,normal,seed15,94,3.0
hpmcounter9,normal,seed15,95,3.0
hpmcounter9,normal,seed15,96,3.0
hpmcounter9,normal,seed15,97,3.0
hpmcounter9,normal,seed15,98,3.0
hpmcounter9,normal,seed15,99,3.0
hpmcounter9,normal,seed15,100,3.0
hpmcounter9,normal,seed15,101,3.0
hpmcounter9,normal,seed15,102,3.0
hpmcounter9,normal,seed15,103,3.0
hpmcounter9,normal,seed15,104,3.0
hpmcounter9,normal,seed15,105,3.0
hpmcounter9,normal,seed15,106,3.0
hpmcounter9,normal,seed15,107,3.0
hpmcounter9,normal,seed15,108,3.0
hpmcounter9,normal,seed15,109,3.0
hpmcounter9,normal,seed15,110,3.0
hpmcounter9,normal,seed15,111,3.0
hpmcounter9,normal,seed15,112,3.0
hpmcounter9,normal,seed15,113,3.0
hpmcounter9,normal,seed15,114,3.0
hpmcounter9,normal,seed15,115,3.0
hpmcounter9,normal,seed15,116,3.0
hpmcounter9,normal,seed15,117,3.0
hpmcounter9,normal,seed15,118,3.0
hpmcounter9,normal,seed15,119,3.0
hpmcounter9,normal,seed15,120,3.109090909090909
hpmcounter9,normal,seed15,121,3.193939393939394
hpmcounter9,normal,seed15,122,3.2545454545454544
hpmcounter9,normal,seed15,123,3.290909090909091
hpmcounter9,normal,seed15,124,3.303030303030303
hpmcounter9,normal,seed15,125,3.290909090909091
hpmcounter9,normal,seed15,126,3.2545454545454544
hpmcounter9,normal,seed15,127,3.193939393939394
hpmcounter9,normal,seed15,128,3.109090909090909
hpmcounter9,normal,seed15,129,3.0
hpmcounter9,normal,seed15,130,3.0
hpmcounter9,normal,seed15,131,3.0
hpmcounter9,normal,seed15,132,3.0
hpmcounter9,normal,seed15,133,3.0
hpmcounter9,normal,seed15,134,3.0
hpmcounter9,normal,seed15,135,3.0
hpmcounter9,normal,seed15,136,3.0
hpmcounter9,normal,seed15,137,3.0
hpmcounter9,normal,seed15,138,3.0
hpmcounter9,normal,seed15,139,3.0
hpmcounter9,normal,seed15,140,3.0
hpmcounter9,normal,seed15,141,3.0
hpmcounter9,normal,seed15,142,3.0
hpmcounter9,normal,seed15,143,3.0
hpmcounter9,normal,seed15,144,3.0
hpmcounter9,normal,seed15,145,3.0
hpmcounter9,normal,seed15,146,3.0
hpmcounter9,normal,seed15,147,3.0
hpmcounter9,normal,seed15,148,3.0
hpmcounter9,normal,seed15,149,3.0
hpmcounter9,normal,seed15,150,3.0
hpmcounter9,normal,seed15,151,3.0
hpmcounter9,normal,seed15,152,3.0
hpmcounter9,normal,seed15,153,3.0
hpmcounter9,normal,seed15,154,3.0
hpmcounter9,normal,seed15,155,3.0
hpmcounter9,normal,seed15,156,3.0
hpmcounter9,normal,seed15,157,3.0
hpmcounter9,normal,seed15,158,3.0
hpmcounter9,normal,seed15,159,3.0
hpmcounter9,normal,seed15,160,3.0
hpmcounter9,normal,seed15,161,3.0
hpmcounter9,normal,seed15,162,3.0
hpmcounter9,normal,seed15,163,3.0
hpmcounter9,normal,seed15,164,3.0
hpmcounter9,normal,seed15,165,3.0
hpmcounter9,normal,seed15,166,3.0
hpmcounter9,normal,seed15,167,3.0
hpmcounter9,normal,seed15,168,3.0
hpmcounter9,normal,seed15,169,3.0
hpmcounter9,normal,seed15,170,3.0
hpmcounter9,normal,seed15,171,3.0
hpmcounter9,normal,seed15,172,3.0
hpmcounter9,normal,seed15,173,3.0
hpmcounter9,normal,seed15,174,3.0
hpmcounter9,normal,seed15,175,3.0
hpmcounter9,normal,seed15,176,3.0
hpmcounter9,normal,seed15,177,3.0
hpmcounter9,normal,seed15,178,3.0
hpmcounter9,normal,seed15,179,3.0
hpmcounter9,normal,seed15,180,3.0
hpmcounter9,normal,seed15,181,3.0
hpmcounter9,normal,seed15,182,3.0
hpmcounter9,normal,seed15,183,3.0
hpmcounter9,normal,seed15,184,3.0
hpmcounter9,normal,seed15,185,3.0
hpmcounter9,normal,seed15,186,3.0
hpmcounter9,normal,seed15,187,3.0
hpmcounter9,normal,seed15,188,3.0
hpmcounter9,normal,seed15,189,3.0
hpmcounter9,normal,seed15,190,3.0
hpmcounter9,normal,seed15,191,3.0
hpmcounter9,normal,seed15,192,3.0
hpmcounter9,normal,seed15,193,3.0
hpmcounter9,normal,seed15,194,3.0
hpmcounter9,normal,seed15,195,3.0
hpmcounter9,normal,seed15,196,3.0
hpmcounter9,normal,seed15,197,3.0
hpmcounter9,normal,seed15,198,3.0
hpmcounter9,normal,seed15,199,3.0
hpmcounter9,normal,seed15,200,3.0
hpmcounter9,normal,seed15,201,3.0
hpmcounter9,normal,seed15,202,3.0
hpmcounter9,normal,seed15,203,3.0
hpmcounter9,normal,seed15,204,3.0
hpmcounter9,normal,seed15,205,3.0
hpmcounter9,normal,seed15,206,3.0
hpmcounter9,normal,seed15,207,3.0
hpmcounter9,normal,seed15,208,3.0
hpmcounter9,normal,seed15,209,3.0
hpmcounter9,normal,seed15,210,3.0
hpmcounter9,normal,seed15,211,3.0
hpmcounter9,normal,seed15,212,3.0
hpmcounter9,normal,seed15,213,3.0
hpmcounter9,normal,seed15,214,3.0
hpmcounter9,normal,seed15,215,3.0
hpmcounter9,normal,seed15,216,3.0
hpmcounter9,normal,seed15,217,3.0
hpmcounter9,normal,seed15,218,3.0
hpmcounter9,normal,seed15,219,3.0
hpmcounter9,normal,seed15,220,3.0
hpmcounter9,normal,seed15,221,3.0
hpmcounter9,normal,seed15,222,3.0
hpmcounter9,normal,seed15,223,3.0
hpmcounter9,normal,seed15,224,3.0
hpmcounter9,normal,seed15,225,3.0
hpmcounter9,normal,seed15,226,3.0
hpmcounter9,normal,seed15,227,3.0
hpmcounter9,normal,seed15,228,3.0
hpmcounter9,normal,seed15,229,3.0
hpmcounter9,normal,seed15,230,3.0
hpmcounter9,normal,seed15,231,3.0
hpmcounter9,normal,seed15,232,3.0
hpmcounter9,normal,seed15,233,3.0
hpmcounter9,normal,seed15,234,3.0
hpmcounter9,normal,seed15,235,3.0
hpmcounter9,normal,seed15,236,3.0
hpmcounter9,normal,seed15,237,3.0
hpmcounter9,normal,seed15,238,3.0
hpmcounter9,normal,seed15,239,3.0
hpmcounter9,normal,seed15,240,3.0
hpmcounter9,normal,seed15,241,3.0
hpmcounter9,normal,seed15,242,3.0
hpmcounter9,normal,seed15,243,3.0
hpmcounter9,normal,seed15,244,3.0
hpmcounter9,normal,seed15,245,3.0
hpmcounter9,normal,seed15,246,3.0
hpmcounter9,normal,seed15,247,3.0
hpmcounter9,normal,seed15,248,3.0
hpmcounter9,normal,seed15,249,3.0
hpmcounter9,normal,seed15,250,3.0
hpmcounter9,normal,seed15,251,3.0
hpmcounter9,normal,seed15,252,3.0
hpmcounter9,normal,seed15,253,3.0
hpmcounter9,normal,seed15,254,3.0
hpmcounter9,normal,seed15,255,3.0
hpmcounter9,normal,seed15,256,3.0
hpmcounter9,normal,seed15,257,3.0
hpmcounter9,normal,seed15,258,3.0
hpmcounter9,normal,seed15,259,3.0
hpmcounter9,normal,seed15,260,3.0
hpmcounter9,normal,seed15,261,3.0
hpmcounter9,normal,seed15,262,3.0
hpmcounter9,normal,seed15,263,3.0
hpmcounter9,normal,seed15,264,3.0
hpmcounter9,normal,seed15,265,3.0
hpmcounter9,normal,seed15,266,3.0
hpmcounter9,normal,seed15,267,3.0
hpmcounter9,normal,seed15,268,3.0
hpmcounter9,normal,seed15,269,3.0
hpmcounter9,normal,seed15,270,3.0
hpmcounter9,normal,seed15,271,3.0
hpmcounter9,normal,seed15,272,3.0
hpmcounter9,normal,seed15,273,3.0
hpmcounter9,normal,seed15,274,3.0
hpmcounter9,normal,seed15,275,3.0
hpmcounter9,normal,seed15,276,3.0
hpmcounter9,normal,seed15,277,3.0
hpmcounter9,normal,seed15,278,3.0
hpmcounter9,normal,seed15,279,3.0
hpmcounter9,normal,seed15,280,3.0
hpmcounter9,normal,seed15,281,3.0
hpmcounter9,normal,seed15,282,3.0
hpmcounter9,normal,seed15,283,3.0
hpmcounter9,normal,seed15,284,3.0
hpmcounter9,normal,seed15,285,3.0
hpmcounter9,normal,seed15,286,3.0
hpmcounter9,normal,seed15,287,3.0
hpmcounter9,normal,seed15,288,3.0
hpmcounter9,normal,seed15,289,3.0
hpmcounter9,normal,seed15,290,3.0
hpmcounter9,normal,seed15,291,3.0
hpmcounter9,normal,seed15,292,3.0
hpmcounter9,normal,seed15,293,3.0
hpmcounter9,normal,seed15,294,3.0
hpmcounter9,normal,seed15,295,3.0
hpmcounter9,normal,seed15,296,3.0
hpmcounter9,normal,seed15,297,3.0
hpmcounter9,normal,seed15,298,3.0
hpmcounter9,normal,seed16,9,3.2181818181818183
hpmcounter9,normal,seed16,10,3.0
hpmcounter9,normal,seed16,11,3.0
hpmcounter9,normal,seed16,12,3.0
hpmcounter9,normal,seed16,13,3.0
hpmcounter9,normal,seed16,14,3.0
hpmcounter9,normal,seed16,15,3.0
hpmcounter9,normal,seed16,16,3.0
hpmcounter9,normal,seed16,17,3.0
hpmcounter9,normal,seed16,18,3.0
hpmcounter9,normal,seed16,19,3.0
hpmcounter9,normal,seed16,20,3.0
hpmcounter9,normal,seed16,21,3.0
hpmcounter9,normal,seed16,22,3.0
hpmcounter9,normal,seed16,23,3.0
hpmcounter9,normal,seed16,24,3.0
hpmcounter9,normal,seed16,25,3.0
hpmcounter9,normal,seed16,26,3.0
hpmcounter9,normal,seed16,27,3.0
hpmcounter9,normal,seed16,28,3.0
hpmcounter9,normal,seed16,29,3.0
hpmcounter9,normal,seed16,30,3.0
hpmcounter9,normal,seed16,31,3.0
hpmcounter9,normal,seed16,32,3.0
hpmcounter9,normal,seed16,33,3.0
hpmcounter9,normal,seed16,34,3.0
hpmcounter9,normal,seed16,35,3.0
hpmcounter9,normal,seed16,36,3.0
hpmcounter9,normal,seed16,37,3.0
hpmcounter9,normal,seed16,38,3.0
hpmcounter9,normal,seed16,39,3.0
hpmcounter9,normal,seed16,40,3.0
hpmcounter9,normal,seed16,41,3.0
hpmcounter9,normal,seed16,42,3.0
hpmcounter9,normal,seed16,43,3.0
hpmcounter9,normal,seed16,44,3.0
hpmcounter9,normal,seed16,45,3.0
hpmcounter9,normal,seed16,46,3.0
hpmcounter9,normal,seed16,47,3.0
hpmcounter9,normal,seed16,48,3.0
hpmcounter9,normal,seed16,49,3.0
hpmcounter9,normal,seed16,50,3.0
hpmcounter9,normal,seed16,51,3.0
hpmcounter9,normal,seed16,52,3.0
hpmcounter9,normal,seed16,53,3.109090909090909
hpmcounter9,normal,seed16,54,3.193939393939394
hpmcounter9,normal,seed16,55,3.2545454545454544
hpmcounter9,normal,seed16,56,3.290909090909091
hpmcounter9,normal,seed16,57,3.303030303030303
hpmcounter9,normal,seed16,58,3.290909090909091
hpmcounter9,normal,seed16,59,3.2545454545454544
hpmcounter9,normal,seed16,60,3.193939393939394
hpmcounter9,normal,seed16,61,3.109090909090909
hpmcounter9,normal,seed16,62,3.0
hpmcounter9,normal,seed16,63,3.0
hpmcounter9,normal,seed16,64,3.0
hpmcounter9,normal,seed16,65,3.0
hpmcounter9,normal,seed16,66,3.0
hpmcounter9,normal,seed16,67,3.0
hpmcounter9,normal,seed16,68,3.0
hpmcounter9,normal,seed16,69,3.0
hpmcounter9,normal,seed16,70,3.0
hpmcounter9,normal,seed16,71,3.0
hpmcounter9,normal,seed16,72,3.0
hpmcounter9,normal,seed16,73,3.0
hpmcounter9,normal,seed16,74,3.0
hpmcounter9,normal,seed16,75,3.109090909090909
hpmcounter9,normal,seed16,76,3.193939393939394
hpmcounter9,normal,seed16,77,3.2545454545454544
hpmcounter9,normal,seed16,78,3.290909090909091
hpmcounter9,normal,seed16,79,3.303030303030303
hpmcounter9,normal,seed16,80,3.290909090909091
hpmcounter9,normal,seed16,81,3.2545454545454544
hpmcounter9,normal,seed16,82,3.193939393939394
hpmcounter9,normal,seed16,83,3.109090909090909
hpmcounter9,normal,seed16,84,3.0
hpmcounter9,normal,seed16,85,3.0
hpmcounter9,normal,seed16,86,3.0
hpmcounter9,normal,seed16,87,3.0
hpmcounter9,normal,seed16,88,3.0
hpmcounter9,normal,seed16,89,3.0
hpmcounter9,normal,seed16,90,3.0
hpmcounter9,normal,seed16,91,3.0
hpmcounter9,normal,seed16,92,3.0
hpmcounter9,normal,seed16,93,3.0
hpmcounter9,normal,seed16,94,3.0
hpmcounter9,normal,seed16,95,3.0
hpmcounter9,normal,seed16,96,3.0
hpmcounter9,normal,seed16,97,3.0
hpmcounter9,normal,seed16,98,3.0
hpmcounter9,normal,seed16,99,3.0
hpmcounter9,normal,seed16,100,3.0
hpmcounter9,normal,seed16,101,3.0
hpmcounter9,normal,seed16,102,3.0
hpmcounter9,normal,seed16,103,3.0
hpmcounter9,normal,seed16,104,3.0
hpmcounter9,normal,seed16,105,3.0
hpmcounter9,normal,seed16,106,3.0
hpmcounter9,normal,seed16,107,3.0
hpmcounter9,normal,seed16,108,3.0
hpmcounter9,normal,seed16,109,3.0
hpmcounter9,normal,seed16,110,3.0
hpmcounter9,normal,seed16,111,3.0
hpmcounter9,normal,seed16,112,3.0
hpmcounter9,normal,seed16,113,3.0
hpmcounter9,normal,seed16,114,3.0
hpmcounter9,normal,seed16,115,3.0
hpmcounter9,normal,seed16,116,3.0
hpmcounter9,normal,seed16,117,3.0
hpmcounter9,normal,seed16,118,3.0
hpmcounter9,normal,seed16,119,3.0
hpmcounter9,normal,seed16,120,3.0
hpmcounter9,normal,seed16,121,3.0
hpmcounter9,normal,seed16,122,3.0
hpmcounter9,normal,seed16,123,3.0
hpmcounter9,normal,seed16,124,3.0
hpmcounter9,normal,seed16,125,3.0
hpmcounter9,normal,seed16,126,3.0
hpmcounter9,normal,seed16,127,3.0
hpmcounter9,normal,seed16,128,3.0
hpmcounter9,normal,seed16,129,3.0
hpmcounter9,normal,seed16,130,3.0
hpmcounter9,normal,seed16,131,3.0
hpmcounter9,normal,seed16,132,3.0
hpmcounter9,normal,seed16,133,3.0
hpmcounter9,normal,seed16,134,3.0
hpmcounter9,normal,seed16,135,3.0
hpmcounter9,normal,seed16,136,3.0
hpmcounter9,normal,seed16,137,3.0
hpmcounter9,normal,seed16,138,3.0
hpmcounter9,normal,seed16,139,3.0
hpmcounter9,normal,seed16,140,3.109090909090909
hpmcounter9,normal,seed16,141,3.193939393939394
hpmcounter9,normal,seed16,142,3.2545454545454544
hpmcounter9,normal,seed16,143,3.290909090909091
hpmcounter9,normal,seed16,144,3.303030303030303
hpmcounter9,normal,seed16,145,3.290909090909091
hpmcounter9,normal,seed16,146,3.2545454545454544
hpmcounter9,normal,seed16,147,3.193939393939394
hpmcounter9,normal,seed16,148,3.109090909090909
hpmcounter9,normal,seed16,149,3.0
hpmcounter9,normal,seed16,150,3.0
hpmcounter9,normal,seed16,151,3.0
hpmcounter9,normal,seed16,152,3.0
hpmcounter9,normal,seed16,153,3.0
hpmcounter9,normal,seed16,154,3.0
hpmcounter9,normal,seed16,155,3.0
hpmcounter9,normal,seed16,156,3.0
hpmcounter9,normal,seed16,157,3.0
hpmcounter9,normal,seed16,158,3.0
hpmcounter9,normal,seed16,159,3.0
hpmcounter9,normal,seed16,160,3.0
hpmcounter9,normal,seed16,161,3.0
hpmcounter9,normal,seed16,162,3.0
hpmcounter9,normal,seed16,163,3.0
hpmcounter9,normal,seed16,164,3.0
hpmcounter9,normal,seed16,165,3.0
hpmcounter9,normal,seed16,166,3.0
hpmcounter9,normal,seed16,167,3.0
hpmcounter9,normal,seed16,168,3.0
hpmcounter9,normal,seed16,169,3.0
hpmcounter9,normal,seed16,170,3.0
hpmcounter9,normal,seed16,171,3.0
hpmcounter9,normal,seed16,172,3.0
hpmcounter9,normal,seed16,173,3.0
hpmcounter9,normal,seed16,174,3.0
hpmcounter9,normal,seed16,175,3.0
hpmcounter9,normal,seed16,176,3.0
hpmcounter9,normal,seed16,177,3.0
hpmcounter9,normal,seed16,178,3.0
hpmcounter9,normal,seed16,179,3.0
hpmcounter9,normal,seed16,180,3.0
hpmcounter9,normal,seed16,181,3.0
hpmcounter9,normal,seed16,182,3.0
hpmcounter9,normal,seed16,183,3.0
hpmcounter9,normal,seed16,184,3.0
hpmcounter9,normal,seed16,185,3.0
hpmcounter9,normal,seed16,186,3.0
hpmcounter9,normal,seed16,187,3.0
hpmcounter9,normal,seed16,188,3.0
hpmcounter9,normal,seed16,189,3.0
hpmcounter9,normal,seed16,190,3.0
hpmcounter9,normal,seed16,191,3.0
hpmcounter9,normal,seed16,192,3.0
hpmcounter9,normal,seed16,193,3.0
hpmcounter9,normal,seed16,194,3.0
hpmcounter9,normal,seed16,195,3.0
hpmcounter9,normal,seed16,196,3.0
hpmcounter9,normal,seed16,197,3.0
hpmcounter9,normal,seed16,198,3.0
hpmcounter9,normal,seed16,199,3.0
hpmcounter9,normal,seed16,200,3.0
hpmcounter9,normal,seed16,201,3.0
hpmcounter9,normal,seed16,202,3.0
hpmcounter9,normal,seed16,203,3.0
hpmcounter9,normal,seed16,204,3.0
hpmcounter9,normal,seed16,205,3.0
hpmcounter9,normal,seed16,206,3.0
hpmcounter9,normal,seed16,207,3.0
hpmcounter9,normal,seed16,208,3.0
hpmcounter9,normal,seed16,209,3.0
hpmcounter9,normal,seed16,210,3.0
hpmcounter9,normal,seed16,211,3.0
hpmcounter9,normal,seed16,212,3.0
hpmcounter9,normal,seed16,213,3.0
hpmcounter9,normal,seed16,214,3.0
hpmcounter9,normal,seed16,215,3.0
hpmcounter9,normal,seed16,216,3.0
hpmcounter9,normal,seed16,217,3.0
hpmcounter9,normal,seed16,218,3.0
hpmcounter9,normal,seed16,219,3.0
hpmcounter9,normal,seed16,220,3.0
hpmcounter9,normal,seed16,221,3.0
hpmcounter9,normal,seed16,222,3.0
hpmcounter9,normal,seed16,223,3.0
hpmcounter9,normal,seed16,224,3.0
hpmcounter9,normal,seed16,225,3.0
hpmcounter9,normal,seed16,226,3.0
hpmcounter9,normal,seed16,227,3.0
hpmcounter9,normal,seed16,228,3.0
hpmcounter9,normal,seed16,229,3.0
hpmcounter9,normal,seed16,230,3.0
hpmcounter9,normal,seed16,231,3.0
hpmcounter9,normal,seed16,232,3.0
hpmcounter9,normal,seed16,233,3.0
hpmcounter9,normal,seed16,234,3.0
hpmcounter9,normal,seed16,235,3.0
hpmcounter9,normal,seed16,236,3.0
hpmcounter9,normal,seed16,237,3.0
hpmcounter9,normal,seed16,238,3.0
hpmcounter9,normal,seed16,239,3.0
hpmcounter9,normal,seed16,240,3.0
hpmcounter9,normal,seed16,241,3.0
hpmcounter9,normal,seed16,242,3.0
hpmcounter9,normal,seed16,243,3.0
hpmcounter9,normal,seed16,244,3.0
hpmcounter9,normal,seed16,245,3.0
hpmcounter9,normal,seed16,246,3.0
hpmcounter9,normal,seed16,247,3.0
hpmcounter9,normal,seed16,248,3.0
hpmcounter9,normal,seed16,249,3.0
hpmcounter9,normal,seed16,250,3.0
hpmcounter9,normal,seed16,251,3.0
hpmcounter9,normal,seed16,252,3.0
hpmcounter9,normal,seed16,253,3.0
hpmcounter9,normal,seed16,254,3.0
hpmcounter9,normal,seed16,255,3.0
hpmcounter9,normal,seed16,256,3.0
hpmcounter9,normal,seed16,257,3.0
hpmcounter9,normal,seed16,258,3.0
hpmcounter9,normal,seed16,259,3.0
hpmcounter9,normal,seed16,260,3.0
hpmcounter9,normal,seed16,261,3.0
hpmcounter9,normal,seed16,262,3.0
hpmcounter9,normal,seed16,263,3.0
hpmcounter9,normal,seed16,264,3.0
hpmcounter9,normal,seed16,265,3.0
hpmcounter9,normal,seed16,266,3.0
hpmcounter9,normal,seed16,267,3.0
hpmcounter9,normal,seed16,268,3.0
hpmcounter9,normal,seed16,269,3.0
hpmcounter9,normal,seed16,270,3.0
hpmcounter9,normal,seed16,271,3.0
hpmcounter9,normal,seed16,272,3.0
hpmcounter9,normal,seed16,273,3.0
hpmcounter9,normal,seed16,274,3.0
hpmcounter9,normal,seed16,275,3.0
hpmcounter9,normal,seed16,276,3.0
hpmcounter9,normal,seed16,277,3.0
hpmcounter9,normal,seed16,278,3.0
hpmcounter9,normal,seed16,279,3.0
hpmcounter9,normal,seed16,280,3.0
hpmcounter9,normal,seed16,281,3.0
hpmcounter9,normal,seed16,282,3.0
hpmcounter9,normal,seed16,283,3.0
hpmcounter9,normal,seed16,284,3.0
hpmcounter9,normal,seed16,285,3.0
hpmcounter9,normal,seed16,286,3.0
hpmcounter9,normal,seed16,287,3.0
hpmcounter9,normal,seed16,288,3.0
hpmcounter9,normal,seed16,289,3.0
hpmcounter9,normal,seed16,290,3.0
hpmcounter9,normal,seed16,291,3.0
hpmcounter9,normal,seed16,292,3.0
hpmcounter9,normal,seed16,293,3.0
hpmcounter9,normal,seed16,294,3.0
hpmcounter9,normal,seed16,295,3.0
hpmcounter9,normal,seed16,296,3.0
hpmcounter9,normal,seed16,297,3.0
hpmcounter9,normal,seed16,298,3.0
hpmcounter9,normal,seed17,9,3.2181818181818183
hpmcounter9,normal,seed17,10,3.0
hpmcounter9,normal,seed17,11,3.0
hpmcounter9,normal,seed17,12,3.0
hpmcounter9,normal,seed17,13,3.0
hpmcounter9,normal,seed17,14,3.0
hpmcounter9,normal,seed17,15,3.0
hpmcounter9,normal,seed17,16,3.0
hpmcounter9,normal,seed17,17,3.0
hpmcounter9,normal,seed17,18,3.0
hpmcounter9,normal,seed17,19,3.0
hpmcounter9,normal,seed17,20,3.0
hpmcounter9,normal,seed17,21,3.0
hpmcounter9,normal,seed17,22,3.0
hpmcounter9,normal,seed17,23,3.0
hpmcounter9,normal,seed17,24,3.0
hpmcounter9,normal,seed17,25,3.0
hpmcounter9,normal,seed17,26,3.0
hpmcounter9,normal,seed17,27,3.0
hpmcounter9,normal,seed17,28,3.0
hpmcounter9,normal,seed17,29,3.0
hpmcounter9,normal,seed17,30,3.0
hpmcounter9,normal,seed17,31,3.0
hpmcounter9,normal,seed17,32,3.0
hpmcounter9,normal,seed17,33,3.0
hpmcounter9,normal,seed17,34,3.0
hpmcounter9,normal,seed17,35,3.0
hpmcounter9,normal,seed17,36,3.0
hpmcounter9,normal,seed17,37,3.0
hpmcounter9,normal,seed17,38,3.0
hpmcounter9,normal,seed17,39,3.0
hpmcounter9,normal,seed17,40,3.0
hpmcounter9,normal,seed17,41,3.0
hpmcounter9,normal,seed17,42,3.0
hpmcounter9,normal,seed17,43,3.0
hpmcounter9,normal,seed17,44,3.0
hpmcounter9,normal,seed17,45,3.0
hpmcounter9,normal,seed17,46,3.0
hpmcounter9,normal,seed17,47,3.0
hpmcounter9,normal,seed17,48,3.0
hpmcounter9,normal,seed17,49,3.0
hpmcounter9,normal,seed17,50,3.0
hpmcounter9,normal,seed17,51,3.0
hpmcounter9,normal,seed17,52,3.0
hpmcounter9,normal,seed17,53,3.0
hpmcounter9,normal,seed17,54,3.0
hpmcounter9,normal,seed17,55,3.0
hpmcounter9,normal,seed17,56,3.0
hpmcounter9,normal,seed17,57,3.0
hpmcounter9,normal,seed17,58,3.0
hpmcounter9,normal,seed17,59,3.0
hpmcounter9,normal,seed17,60,3.0
hpmcounter9,normal,seed17,61,3.0
hpmcounter9,normal,seed17,62,3.0
hpmcounter9,normal,seed17,63,3.0
hpmcounter9,normal,seed17,64,3.0
hpmcounter9,normal,seed17,65,3.0
hpmcounter9,normal,seed17,66,3.0
hpmcounter9,normal,seed17,67,3.0
hpmcounter9,normal,seed17,68,3.0
hpmcounter9,normal,seed17,69,3.0
hpmcounter9,normal,seed17,70,3.0
hpmcounter9,normal,seed17,71,3.0
hpmcounter9,normal,seed17,72,3.0
hpmcounter9,normal,seed17,73,3.0
hpmcounter9,normal,seed17,74,3.0545454545454547
hpmcounter9,normal,seed17,75,3.096969696969697
hpmcounter9,normal,seed17,76,3.1272727272727274
hpmcounter9,normal,seed17,77,3.2
hpmcounter9,normal,seed17,78,3.2484848484848485
hpmcounter9,normal,seed17,79,3.272727272727273
hpmcounter9,normal,seed17,80,3.272727272727273
hpmcounter9,normal,seed17,81,3.2484848484848485
hpmcounter9,normal,seed17,82,3.2
hpmcounter9,normal,seed17,83,3.1272727272727274
hpmcounter9,normal,seed17,84,3.096969696969697
hpmcounter9,normal,seed17,85,3.0545454545454547
hpmcounter9,normal,seed17,86,3.0
hpmcounter9,normal,seed17,87,3.0
hpmcounter9,normal,seed17,88,3.0
hpmcounter9,normal,seed17,89,3.0
hpmcounter9,normal,seed17,90,3.0
hpmcounter9,normal,seed17,91,3.0
hpmcounter9,normal,seed17,92,3.0
hpmcounter9,normal,seed17,93,3.0
hpmcounter9,normal,seed17,94,3.0
hpmcounter9,normal,seed17,95,3.0
hpmcounter9,normal,seed17,96,3.0
hpmcounter9,normal,seed17,97,3.0
hpmcounter9,normal,seed17,98,3.0
hpmcounter9,normal,seed17,99,3.0
hpmcounter9,normal,seed17,100,3.0
hpmcounter9,normal,seed17,101,3.0
hpmcounter9,normal,seed17,102,3.0
hpmcounter9,normal,seed17,103,3.0
hpmcounter9,normal,seed17,104,3.0
hpmcounter9,normal,seed17,105,3.0
hpmcounter9,normal,seed17,106,3.0
hpmcounter9,normal,seed17,107,3.0
hpmcounter9,normal,seed17,108,3.0
hpmcounter9,normal,seed17,109,3.0
hpmcounter9,normal,seed17,110,3.0
hpmcounter9,normal,seed17,111,3.0
hpmcounter9,normal,seed17,112,3.0
hpmcounter9,normal,seed17,113,3.0
hpmcounter9,normal,seed17,114,3.0
hpmcounter9,normal,seed17,115,3.0
hpmcounter9,normal,seed17,116,3.0
hpmcounter9,normal,seed17,117,3.0
hpmcounter9,normal,seed17,118,3.0
hpmcounter9,normal,seed17,119,3.0
hpmcounter9,normal,seed17,120,3.0
hpmcounter9,normal,seed17,121,3.0
hpmcounter9,normal,seed17,122,3.0
hpmcounter9,normal,seed17,123,3.0
hpmcounter9,normal,seed17,124,3.0
hpmcounter9,normal,seed17,125,3.0
hpmcounter9,normal,seed17,126,3.0
hpmcounter9,normal,seed17,127,3.0
hpmcounter9,normal,seed17,128,3.0
hpmcounter9,normal,seed17,129,3.0
hpmcounter9,normal,seed17,130,3.0
hpmcounter9,normal,seed17,131,3.0
hpmcounter9,normal,seed17,132,3.0
hpmcounter9,normal,seed17,133,3.0
hpmcounter9,normal,seed17,134,3.0
hpmcounter9,normal,seed17,135,3.0
hpmcounter9,normal,seed17,136,3.0
hpmcounter9,normal,seed17,137,3.0
hpmcounter9,normal,seed17,138,3.0
hpmcounter9,normal,seed17,139,3.0
hpmcounter9,normal,seed17,140,3.0
hpmcounter9,normal,seed17,141,3.0
hpmcounter9,normal,seed17,142,3.0
hpmcounter9,normal,seed17,143,3.0
hpmcounter9,normal,seed17,144,3.0
hpmcounter9,normal,seed17,145,3.0
hpmcounter9,normal,seed17,146,3.0
hpmcounter9,normal,seed17,147,3.0
hpmcounter9,normal,seed17,148,3.0
hpmcounter9,normal,seed17,149,3.0
hpmcounter9,normal,seed17,150,3.0
hpmcounter9,normal,seed17,151,3.0
hpmcounter9,normal,seed17,152,3.0
hpmcounter9,normal,seed17,153,3.0
hpmcounter9,normal,seed17,154,3.0
hpmcounter9,normal,seed17,155,3.0
hpmcounter9,normal,seed17,156,3.0
hpmcounter9,normal,seed17,157,3.0
hpmcounter9,normal,seed17,158,3.0
hpmcounter9,normal,seed17,159,3.0
hpmcounter9,normal,seed17,160,3.0
hpmcounter9,normal,seed17,161,3.0
hpmcounter9,normal,seed17,162,3.0
hpmcounter9,normal,seed17,163,3.0
hpmcounter9,normal,seed17,164,3.0
hpmcounter9,normal,seed17,165,3.0
hpmcounter9,normal,seed17,166,3.0
hpmcounter9,normal,seed17,167,3.0
hpmcounter9,normal,seed17,168,3.0
hpmcounter9,normal,seed17,169,3.0
hpmcounter9,normal,seed17,170,3.0
hpmcounter9,normal,seed17,171,3.0
hpmcounter9,normal,seed17,172,3.0
hpmcounter9,normal,seed17,173,3.0
hpmcounter9,normal,seed17,174,3.0
hpmcounter9,normal,seed17,175,3.0
hpmcounter9,normal,seed17,176,3.0
hpmcounter9,normal,seed17,177,3.0
hpmcounter9,normal,seed17,178,3.0
hpmcounter9,normal,seed17,179,3.0
hpmcounter9,normal,seed17,180,3.0
hpmcounter9,normal,seed17,181,3.0
hpmcounter9,normal,seed17,182,3.0
hpmcounter9,normal,seed17,183,3.0
hpmcounter9,normal,seed17,184,3.0
hpmcounter9,normal,seed17,185,3.0
hpmcounter9,normal,seed17,186,3.0
hpmcounter9,normal,seed17,187,3.0
hpmcounter9,normal,seed17,188,3.0
hpmcounter9,normal,seed17,189,3.0
hpmcounter9,normal,seed17,190,3.0
hpmcounter9,normal,seed17,191,3.0
hpmcounter9,normal,seed17,192,3.0
hpmcounter9,normal,seed17,193,3.0
hpmcounter9,normal,seed17,194,3.0
hpmcounter9,normal,seed17,195,3.0
hpmcounter9,normal,seed17,196,3.0
hpmcounter9,normal,seed17,197,3.0
hpmcounter9,normal,seed17,198,3.0
hpmcounter9,normal,seed17,199,3.0
hpmcounter9,normal,seed17,200,3.0
hpmcounter9,normal,seed17,201,3.0
hpmcounter9,normal,seed17,202,3.0
hpmcounter9,normal,seed17,203,3.0
hpmcounter9,normal,seed17,204,3.0
hpmcounter9,normal,seed17,205,3.0
hpmcounter9,normal,seed17,206,3.0545454545454547
hpmcounter9,normal,seed17,207,3.096969696969697
hpmcounter9,normal,seed17,208,3.1272727272727274
hpmcounter9,normal,seed17,209,3.1454545454545455
hpmcounter9,normal,seed17,210,3.1515151515151514
hpmcounter9,normal,seed17,211,3.1454545454545455
hpmcounter9,normal,seed17,212,3.1272727272727274
hpmcounter9,normal,seed17,213,3.096969696969697
hpmcounter9,normal,seed17,214,3.0545454545454547
hpmcounter9,normal,seed17,215,3.0
hpmcounter9,normal,seed17,216,3.0
hpmcounter9,normal,seed17,217,3.0
hpmcounter9,normal,seed17,218,3.0
hpmcounter9,normal,seed17,219,3.0
hpmcounter9,normal,seed17,220,3.0
hpmcounter9,normal,seed17,221,3.0
hpmcounter9,normal,seed17,222,3.0
hpmcounter9,normal,seed17,223,3.0
hpmcounter9,normal,seed17,224,3.0
hpmcounter9,normal,seed17,225,3.0
hpmcounter9,normal,seed17,226,3.0
hpmcounter9,normal,seed17,227,3.0
hpmcounter9,normal,seed17,228,3.0
hpmcounter9,normal,seed17,229,3.0
hpmcounter9,normal,seed17,230,3.0
hpmcounter9,normal,seed17,231,3.0
hpmcounter9,normal,seed17,232,3.0
hpmcounter9,normal,seed17,233,3.0
hpmcounter9,normal,seed17,234,3.0
hpmcounter9,normal,seed17,235,3.0
hpmcounter9,normal,seed17,236,3.0
hpmcounter9,normal,seed17,237,3.0
hpmcounter9,normal,seed17,238,3.0
hpmcounter9,normal,seed17,239,3.0
hpmcounter9,normal,seed17,240,3.0
hpmcounter9,normal,seed17,241,3.0
hpmcounter9,normal,seed17,242,3.0
hpmcounter9,normal,seed17,243,3.0
hpmcounter9,normal,seed17,244,3.0
hpmcounter9,normal,seed17,245,3.0
hpmcounter9,normal,seed17,246,3.0
hpmcounter9,normal,seed17,247,3.0
hpmcounter9,normal,seed17,248,3.0
hpmcounter9,normal,seed17,249,3.0
hpmcounter9,normal,seed17,250,3.0
hpmcounter9,normal,seed17,251,3.0
hpmcounter9,normal,seed17,252,3.0
hpmcounter9,normal,seed17,253,3.0
hpmcounter9,normal,seed17,254,3.0
hpmcounter9,normal,seed17,255,3.0
hpmcounter9,normal,seed17,256,3.0
hpmcounter9,normal,seed17,257,3.0
hpmcounter9,normal,seed17,258,3.0
hpmcounter9,normal,seed17,259,3.0
hpmcounter9,normal,seed17,260,3.0
hpmcounter9,normal,seed17,261,3.0
hpmcounter9,normal,seed17,262,3.0
hpmcounter9,normal,seed17,263,3.0
hpmcounter9,normal,seed17,264,3.0
hpmcounter9,normal,seed17,265,3.0
hpmcounter9,normal,seed17,266,3.0
hpmcounter9,normal,seed17,267,3.0
hpmcounter9,normal,seed17,268,3.0
hpmcounter9,normal,seed17,269,3.0
hpmcounter9,normal,seed17,270,3.0
hpmcounter9,normal,seed17,271,3.0
hpmcounter9,normal,seed17,272,3.0
hpmcounter9,normal,seed17,273,3.0
hpmcounter9,normal,seed17,274,3.0
hpmcounter9,normal,seed17,275,3.0
hpmcounter9,normal,seed17,276,3.0
hpmcounter9,normal,seed17,277,3.0
hpmcounter9,normal,seed17,278,3.0
hpmcounter9,normal,seed17,279,3.0
hpmcounter9,normal,seed17,280,3.0
hpmcounter9,normal,seed17,281,3.0
hpmcounter9,normal,seed17,282,3.0
hpmcounter9,normal,seed17,283,3.0
hpmcounter9,normal,seed17,284,3.0
hpmcounter9,normal,seed17,285,3.0
hpmcounter9,normal,seed17,286,3.0
hpmcounter9,normal,seed17,287,3.0
hpmcounter9,normal,seed17,288,3.0
hpmcounter9,normal,seed17,289,3.0
hpmcounter9,normal,seed17,290,3.0
hpmcounter9,normal,seed17,291,3.0
hpmcounter9,normal,seed17,292,3.0
hpmcounter9,normal,seed17,293,3.0
hpmcounter9,normal,seed17,294,3.0
hpmcounter9,normal,seed17,295,3.0
hpmcounter9,normal,seed17,296,3.0
hpmcounter9,normal,seed17,297,3.0
hpmcounter9,normal,seed17,298,3.0
hpmcounter9,normal,seed18,9,3.2181818181818183
hpmcounter9,normal,seed18,10,3.0
hpmcounter9,normal,seed18,11,3.0
hpmcounter9,normal,seed18,12,3.0
hpmcounter9,normal,seed18,13,3.0
hpmcounter9,normal,seed18,14,3.0
hpmcounter9,normal,seed18,15,3.0
hpmcounter9,normal,seed18,16,3.0
hpmcounter9,normal,seed18,17,3.0
hpmcounter9,normal,seed18,18,3.0
hpmcounter9,normal,seed18,19,3.0
hpmcounter9,normal,seed18,20,3.0
hpmcounter9,normal,seed18,21,3.0
hpmcounter9,normal,seed18,22,3.0
hpmcounter9,normal,seed18,23,3.0
hpmcounter9,normal,seed18,24,3.0
hpmcounter9,normal,seed18,25,3.0
hpmcounter9,normal,seed18,26,3.0
hpmcounter9,normal,seed18,27,3.0
hpmcounter9,normal,seed18,28,3.0
hpmcounter9,normal,seed18,29,3.0
hpmcounter9,normal,seed18,30,3.0
hpmcounter9,normal,seed18,31,3.0
hpmcounter9,normal,seed18,32,3.0
hpmcounter9,normal,seed18,33,3.0
hpmcounter9,normal,seed18,34,3.0
hpmcounter9,normal,seed18,35,3.0
hpmcounter9,normal,seed18,36,3.0
hpmcounter9,normal,seed18,37,3.0
hpmcounter9,normal,seed18,38,3.0
hpmcounter9,normal,seed18,39,3.0
hpmcounter9,normal,seed18,40,3.0
hpmcounter9,normal,seed18,41,3.0
hpmcounter9,normal,seed18,42,3.0
hpmcounter9,normal,seed18,43,3.0
hpmcounter9,normal,seed18,44,3.0
hpmcounter9,normal,seed18,45,3.0
hpmcounter9,normal,seed18,46,3.0
hpmcounter9,normal,seed18,47,3.0
hpmcounter9,normal,seed18,48,3.0
hpmcounter9,normal,seed18,49,3.0
hpmcounter9,normal,seed18,50,3.0
hpmcounter9,normal,seed18,51,3.0
hpmcounter9,normal,seed18,52,3.109090909090909
hpmcounter9,normal,seed18,53,3.193939393939394
hpmcounter9,normal,seed18,54,3.2545454545454544
hpmcounter9,normal,seed18,55,3.290909090909091
hpmcounter9,normal,seed18,56,3.303030303030303
hpmcounter9,normal,seed18,57,3.290909090909091
hpmcounter9,normal,seed18,58,3.2545454545454544
hpmcounter9,normal,seed18,59,3.193939393939394
hpmcounter9,normal,seed18,60,3.109090909090909
hpmcounter9,normal,seed18,61,3.0
hpmcounter9,normal,seed18,62,3.0
hpmcounter9,normal,seed18,63,3.0
hpmcounter9,normal,seed18,64,3.0
hpmcounter9,normal,seed18,65,3.0
hpmcounter9,normal,seed18,66,3.0
hpmcounter9,normal,seed18,67,3.0
hpmcounter9,normal,seed18,68,3.0
hpmcounter9,normal,seed18,69,3.0
hpmcounter9,normal,seed18,70,3.0
hpmcounter9,normal,seed18,71,3.0
hpmcounter9,normal,seed18,72,3.0
hpmcounter9,normal,seed18,73,3.0
hpmcounter9,normal,seed18,74,3.0
hpmcounter9,normal,seed18,75,3.0
hpmcounter9,normal,seed18,76,3.0
hpmcounter9,normal,seed18,77,3.0
hpmcounter9,normal,seed18,78,3.0
hpmcounter9,normal,seed18,79,3.0
hpmcounter9,normal,seed18,80,3.0
hpmcounter9,normal,seed18,81,3.0
hpmcounter9,normal,seed18,82,3.0
hpmcounter9,normal,seed18,83,3.0
hpmcounter9,normal,seed18,84,3.0
hpmcounter9,normal,seed18,85,3.0
hpmcounter9,normal,seed18,86,3.0
hpmcounter9,normal,seed18,87,3.0
hpmcounter9,normal,seed18,88,3.0
hpmcounter9,normal,seed18,89,3.0
hpmcounter9,normal,seed18,90,3.0
hpmcounter9,normal,seed18,91,3.0
hpmcounter9,normal,seed18,92,3.0
hpmcounter9,normal,seed18,93,3.0
hpmcounter9,normal,seed18,94,3.0
hpmcounter9,normal,seed18,95,3.0
hpmcounter9,normal,seed18,96,3.0
hpmcounter9,normal,seed18,97,3.0
hpmcounter9,normal,seed18,98,3.0
hpmcounter9,normal,seed18,99,3.0
hpmcounter9,normal,seed18,100,3.0545454545454547
hpmcounter9,normal,seed18,101,3.096969696969697
hpmcounter9,normal,seed18,102,3.1272727272727274
hpmcounter9,normal,seed18,103,3.1454545454545455
hpmcounter9,normal,seed18,104,3.1515151515151514
hpmcounter9,normal,seed18,105,3.1454545454545455
hpmcounter9,normal,seed18,106,3.1272727272727274
hpmcounter9,normal,seed18,107,3.096969696969697
hpmcounter9,normal,seed18,108,3.0545454545454547
hpmcounter9,normal,seed18,109,3.0
hpmcounter9,normal,seed18,110,3.0
hpmcounter9,normal,seed18,111,3.0
hpmcounter9,normal,seed18,112,3.0
hpmcounter9,normal,seed18,113,3.0
hpmcounter9,normal,seed18,114,3.0
hpmcounter9,normal,seed18,115,3.0
hpmcounter9,normal,seed18,116,3.0
hpmcounter9,normal,seed18,117,3.0
hpmcounter9,normal,seed18,118,3.0
hpmcounter9,normal,seed18,119,3.0
hpmcounter9,normal,seed18,120,3.0
hpmcounter9,normal,seed18,121,3.0
hpmcounter9,normal,seed18,122,3.0
hpmcounter9,normal,seed18,123,3.0
hpmcounter9,normal,seed18,124,3.0
hpmcounter9,normal,seed18,125,3.0
hpmcounter9,normal,seed18,126,3.0
hpmcounter9,normal,seed18,127,3.0
hpmcounter9,normal,seed18,128,3.0
hpmcounter9,normal,seed18,129,3.0
hpmcounter9,normal,seed18,130,3.0
hpmcounter9,normal,seed18,131,3.0
hpmcounter9,normal,seed18,132,3.0
hpmcounter9,normal,seed18,133,3.0
hpmcounter9,normal,seed18,134,3.0
hpmcounter9,normal,seed18,135,3.0
hpmcounter9,normal,seed18,136,3.0
hpmcounter9,normal,seed18,137,3.0
hpmcounter9,normal,seed18,138,3.0
hpmcounter9,normal,seed18,139,3.0
hpmcounter9,normal,seed18,140,3.0
hpmcounter9,normal,seed18,141,3.0
hpmcounter9,normal,seed18,142,3.0
hpmcounter9,normal,seed18,143,3.0
hpmcounter9,normal,seed18,144,3.0
hpmcounter9,normal,seed18,145,3.0
hpmcounter9,normal,seed18,146,3.0
hpmcounter9,normal,seed18,147,3.0
hpmcounter9,normal,seed18,148,3.0
hpmcounter9,normal,seed18,149,3.0
hpmcounter9,normal,seed18,150,3.0
hpmcounter9,normal,seed18,151,3.0
hpmcounter9,normal,seed18,152,3.0
hpmcounter9,normal,seed18,153,3.0
hpmcounter9,normal,seed18,154,3.0
hpmcounter9,normal,seed18,155,3.0
hpmcounter9,normal,seed18,156,3.0
hpmcounter9,normal,seed18,157,3.0
hpmcounter9,normal,seed18,158,3.0
hpmcounter9,normal,seed18,159,3.0
hpmcounter9,normal,seed18,160,3.0
hpmcounter9,normal,seed18,161,3.0
hpmcounter9,normal,seed18,162,3.0
hpmcounter9,normal,seed18,163,3.0
hpmcounter9,normal,seed18,164,3.0
hpmcounter9,normal,seed18,165,3.0
hpmcounter9,normal,seed18,166,3.0
hpmcounter9,normal,seed18,167,3.0
hpmcounter9,normal,seed18,168,3.0
hpmcounter9,normal,seed18,169,3.0
hpmcounter9,normal,seed18,170,3.0
hpmcounter9,normal,seed18,171,3.0
hpmcounter9,normal,seed18,172,3.0
hpmcounter9,normal,seed18,173,3.0
hpmcounter9,normal,seed18,174,3.0
hpmcounter9,normal,seed18,175,3.0
hpmcounter9,normal,seed18,176,3.0
hpmcounter9,normal,seed18,177,3.0
hpmcounter9,normal,seed18,178,3.0
hpmcounter9,normal,seed18,179,3.0
hpmcounter9,normal,seed18,180,3.0
hpmcounter9,normal,seed18,181,3.0
hpmcounter9,normal,seed18,182,3.0
hpmcounter9,normal,seed18,183,3.0
hpmcounter9,normal,seed18,184,3.0
hpmcounter9,normal,seed18,185,3.0
hpmcounter9,normal,seed18,186,3.0
hpmcounter9,normal,seed18,187,3.0
hpmcounter9,normal,seed18,188,3.0
hpmcounter9,normal,seed18,189,3.0
hpmcounter9,normal,seed18,190,3.0
hpmcounter9,normal,seed18,191,3.0
hpmcounter9,normal,seed18,192,3.0
hpmcounter9,normal,seed18,193,3.0
hpmcounter9,normal,seed18,194,3.0
hpmcounter9,normal,seed18,195,3.0
hpmcounter9,normal,seed18,196,3.0
hpmcounter9,normal,seed18,197,3.0
hpmcounter9,normal,seed18,198,3.0
hpmcounter9,normal,seed18,199,3.0
hpmcounter9,normal,seed18,200,3.0
hpmcounter9,normal,seed18,201,3.0
hpmcounter9,normal,seed18,202,3.0
hpmcounter9,normal,seed18,203,3.0
hpmcounter9,normal,seed18,204,3.0
hpmcounter9,normal,seed18,205,3.0
hpmcounter9,normal,seed18,206,3.0
hpmcounter9,normal,seed18,207,3.0
hpmcounter9,normal,seed18,208,3.0
hpmcounter9,normal,seed18,209,3.0
hpmcounter9,normal,seed18,210,3.0
hpmcounter9,normal,seed18,211,3.0
hpmcounter9,normal,seed18,212,3.0
hpmcounter9,normal,seed18,213,3.0
hpmcounter9,normal,seed18,214,3.0
hpmcounter9,normal,seed18,215,3.0
hpmcounter9,normal,seed18,216,3.0
hpmcounter9,normal,seed18,217,3.0
hpmcounter9,normal,seed18,218,3.0
hpmcounter9,normal,seed18,219,3.0
hpmcounter9,normal,seed18,220,3.0
hpmcounter9,normal,seed18,221,3.0
hpmcounter9,normal,seed18,222,3.0
hpmcounter9,normal,seed18,223,3.0
hpmcounter9,normal,seed18,224,3.0
hpmcounter9,normal,seed18,225,3.0
hpmcounter9,normal,seed18,226,3.0
hpmcounter9,normal,seed18,227,3.0
hpmcounter9,normal,seed18,228,3.0
hpmcounter9,normal,seed18,229,3.0
hpmcounter9,normal,seed18,230,3.0
hpmcounter9,normal,seed18,231,3.0
hpmcounter9,normal,seed18,232,3.0
hpmcounter9,normal,seed18,233,3.0
hpmcounter9,normal,seed18,234,3.0
hpmcounter9,normal,seed18,235,3.0
hpmcounter9,normal,seed18,236,3.0
hpmcounter9,normal,seed18,237,3.0
hpmcounter9,normal,seed18,238,3.0
hpmcounter9,normal,seed18,239,3.0
hpmcounter9,normal,seed18,240,3.0
hpmcounter9,normal,seed18,241,3.0
hpmcounter9,normal,seed18,242,3.0
hpmcounter9,normal,seed18,243,3.0
hpmcounter9,normal,seed18,244,3.0
hpmcounter9,normal,seed18,245,3.0
hpmcounter9,normal,seed18,246,3.0
hpmcounter9,normal,seed18,247,3.0
hpmcounter9,normal,seed18,248,3.0
hpmcounter9,normal,seed18,249,3.0
hpmcounter9,normal,seed18,250,3.0
hpmcounter9,normal,seed18,251,3.0
hpmcounter9,normal,seed18,252,3.0
hpmcounter9,normal,seed18,253,3.0
hpmcounter9,normal,seed18,254,3.0
hpmcounter9,normal,seed18,255,3.0
hpmcounter9,normal,seed18,256,3.0
hpmcounter9,normal,seed18,257,3.0
hpmcounter9,normal,seed18,258,3.0
hpmcounter9,normal,seed18,259,3.0
hpmcounter9,normal,seed18,260,3.0
hpmcounter9,normal,seed18,261,3.0
hpmcounter9,normal,seed18,262,3.0
hpmcounter9,normal,seed18,263,3.0
hpmcounter9,normal,seed18,264,3.0
hpmcounter9,normal,seed18,265,3.0
hpmcounter9,normal,seed18,266,3.0
hpmcounter9,normal,seed18,267,3.0
hpmcounter9,normal,seed18,268,3.0
hpmcounter9,normal,seed18,269,3.0
hpmcounter9,normal,seed18,270,3.0
hpmcounter9,normal,seed18,271,3.0
hpmcounter9,normal,seed18,272,3.0
hpmcounter9,normal,seed18,273,3.0
hpmcounter9,normal,seed18,274,3.0
hpmcounter9,normal,seed18,275,3.0
hpmcounter9,normal,seed18,276,3.0
hpmcounter9,normal,seed18,277,3.0
hpmcounter9,normal,seed18,278,3.0
hpmcounter9,normal,seed18,279,3.0
hpmcounter9,normal,seed18,280,3.0
hpmcounter9,normal,seed18,281,3.0
hpmcounter9,normal,seed18,282,3.0
hpmcounter9,normal,seed18,283,3.0
hpmcounter9,normal,seed18,284,3.0
hpmcounter9,normal,seed18,285,3.0
hpmcounter9,normal,seed18,286,3.0
hpmcounter9,normal,seed18,287,3.0
hpmcounter9,normal,seed18,288,3.0
hpmcounter9,normal,seed18,289,3.0
hpmcounter9,normal,seed18,290,3.0
hpmcounter9,normal,seed18,291,3.0
hpmcounter9,normal,seed18,292,3.0
hpmcounter9,normal,seed18,293,3.0
hpmcounter9,normal,seed18,294,3.0
hpmcounter9,normal,seed18,295,3.0
hpmcounter9,normal,seed18,296,3.0
hpmcounter9,normal,seed18,297,3.0
hpmcounter9,normal,seed18,298,3.0
hpmcounter9,normal,seed19,9,3.2181818181818183
hpmcounter9,normal,seed19,10,3.0
hpmcounter9,normal,seed19,11,3.0
hpmcounter9,normal,seed19,12,3.0
hpmcounter9,normal,seed19,13,3.0
hpmcounter9,normal,seed19,14,3.0
hpmcounter9,normal,seed19,15,3.0
hpmcounter9,normal,seed19,16,3.0
hpmcounter9,normal,seed19,17,3.0
hpmcounter9,normal,seed19,18,3.0
hpmcounter9,normal,seed19,19,3.0
hpmcounter9,normal,seed19,20,3.0
hpmcounter9,normal,seed19,21,3.0
hpmcounter9,normal,seed19,22,3.0
hpmcounter9,normal,seed19,23,3.0
hpmcounter9,normal,seed19,24,3.0
hpmcounter9,normal,seed19,25,3.0
hpmcounter9,normal,seed19,26,3.0
hpmcounter9,normal,seed19,27,3.0
hpmcounter9,normal,seed19,28,3.0
hpmcounter9,normal,seed19,29,3.0
hpmcounter9,normal,seed19,30,3.0
hpmcounter9,normal,seed19,31,3.0
hpmcounter9,normal,seed19,32,3.0
hpmcounter9,normal,seed19,33,3.0
hpmcounter9,normal,seed19,34,3.0
hpmcounter9,normal,seed19,35,3.0
hpmcounter9,normal,seed19,36,3.0
hpmcounter9,normal,seed19,37,3.0
hpmcounter9,normal,seed19,38,3.0
hpmcounter9,normal,seed19,39,3.0
hpmcounter9,normal,seed19,40,3.0
hpmcounter9,normal,seed19,41,3.0
hpmcounter9,normal,seed19,42,3.0
hpmcounter9,normal,seed19,43,3.0
hpmcounter9,normal,seed19,44,3.0
hpmcounter9,normal,seed19,45,3.0
hpmcounter9,normal,seed19,46,3.0
hpmcounter9,normal,seed19,47,3.0
hpmcounter9,normal,seed19,48,3.0
hpmcounter9,normal,seed19,49,3.0
hpmcounter9,normal,seed19,50,3.0
hpmcounter9,normal,seed19,51,3.0
hpmcounter9,normal,seed19,52,3.0
hpmcounter9,normal,seed19,53,3.0
hpmcounter9,normal,seed19,54,3.0
hpmcounter9,normal,seed19,55,3.0
hpmcounter9,normal,seed19,56,3.0
hpmcounter9,normal,seed19,57,3.0
hpmcounter9,normal,seed19,58,3.0
hpmcounter9,normal,seed19,59,3.0
hpmcounter9,normal,seed19,60,3.0
hpmcounter9,normal,seed19,61,3.0
hpmcounter9,normal,seed19,62,3.0
hpmcounter9,normal,seed19,63,3.0
hpmcounter9,normal,seed19,64,3.0
hpmcounter9,normal,seed19,65,3.0
hpmcounter9,normal,seed19,66,3.0
hpmcounter9,normal,seed19,67,3.0
hpmcounter9,normal,seed19,68,3.0
hpmcounter9,normal,seed19,69,3.0
hpmcounter9,normal,seed19,70,3.0
hpmcounter9,normal,seed19,71,3.0
hpmcounter9,normal,seed19,72,3.0
hpmcounter9,normal,seed19,73,3.0
hpmcounter9,normal,seed19,74,3.0
hpmcounter9,normal,seed19,75,3.0
hpmcounter9,normal,seed19,76,3.0545454545454547
hpmcounter9,normal,seed19,77,3.096969696969697
hpmcounter9,normal,seed19,78,3.1272727272727274
hpmcounter9,normal,seed19,79,3.1454545454545455
hpmcounter9,normal,seed19,80,3.1515151515151514
hpmcounter9,normal,seed19,81,3.1454545454545455
hpmcounter9,normal,seed19,82,3.1272727272727274
hpmcounter9,normal,seed19,83,3.096969696969697
hpmcounter9,normal,seed19,84,3.0545454545454547
hpmcounter9,normal,seed19,85,3.0
hpmcounter9,normal,seed19,86,3.0
hpmcounter9,normal,seed19,87,3.0
hpmcounter9,normal,seed19,88,3.0
hpmcounter9,normal,seed19,89,3.0
hpmcounter9,normal,seed19,90,3.0
hpmcounter9,normal,seed19,91,3.0
hpmcounter9,normal,seed19,92,3.0
hpmcounter9,normal,seed19,93,3.0
hpmcounter9,normal,seed19,94,3.0
hpmcounter9,normal,seed19,95,3.0
hpmcounter9,normal,seed19,96,3.0
hpmcounter9,normal,seed19,97,3.0
hpmcounter9,normal,seed19,98,3.0
hpmcounter9,normal,seed19,99,3.0
hpmcounter9,normal,seed19,100,3.0
hpmcounter9,normal,seed19,101,3.0
hpmcounter9,normal,seed19,102,3.0
hpmcounter9,normal,seed19,103,3.0
hpmcounter9,normal,seed19,104,3.0
hpmcounter9,normal,seed19,105,3.0
hpmcounter9,normal,seed19,106,3.0
hpmcounter9,normal,seed19,107,3.0
hpmcounter9,normal,seed19,108,3.0
hpmcounter9,normal,seed19,109,3.0
hpmcounter9,normal,seed19,110,3.0
hpmcounter9,normal,seed19,111,3.0
hpmcounter9,normal,seed19,112,3.0
hpmcounter9,normal,seed19,113,3.0
hpmcounter9,normal,seed19,114,3.0
hpmcounter9,normal,seed19,115,3.0
hpmcounter9,normal,seed19,116,3.0
hpmcounter9,normal,seed19,117,3.0
hpmcounter9,normal,seed19,118,3.0
hpmcounter9,normal,seed19,119,3.0
hpmcounter9,normal,seed19,120,3.0
hpmcounter9,normal,seed19,121,3.0
hpmcounter9,normal,seed19,122,3.0
hpmcounter9,normal,seed19,123,3.0
hpmcounter9,normal,seed19,124,3.0
hpmcounter9,normal,seed19,125,3.0
hpmcounter9,normal,seed19,126,3.0
hpmcounter9,normal,seed19,127,3.0
hpmcounter9,normal,seed19,128,3.0
hpmcounter9,normal,seed19,129,3.0
hpmcounter9,normal,seed19,130,3.0
hpmcounter9,normal,seed19,131,3.0
hpmcounter9,normal,seed19,132,3.0
hpmcounter9,normal,seed19,133,3.0
hpmcounter9,normal,seed19,134,3.0
hpmcounter9,normal,seed19,135,3.0
hpmcounter9,normal,seed19,136,3.0
hpmcounter9,normal,seed19,137,3.0
hpmcounter9,normal,seed19,138,3.0
hpmcounter9,normal,seed19,139,3.0
hpmcounter9,normal,seed19,140,3.0
hpmcounter9,normal,seed19,141,3.0
hpmcounter9,normal,seed19,142,3.0
hpmcounter9,normal,seed19,143,3.0
hpmcounter9,normal,seed19,144,3.0
hpmcounter9,normal,seed19,145,3.0
hpmcounter9,normal,seed19,146,3.0
hpmcounter9,normal,seed19,147,3.0
hpmcounter9,normal,seed19,148,3.0
hpmcounter9,normal,seed19,149,3.0
hpmcounter9,normal,seed19,150,3.0
hpmcounter9,normal,seed19,151,3.0
hpmcounter9,normal,seed19,152,3.0
hpmcounter9,normal,seed19,153,3.0
hpmcounter9,normal,seed19,154,3.0
hpmcounter9,normal,seed19,155,3.0
hpmcounter9,normal,seed19,156,3.0
hpmcounter9,normal,seed19,157,3.0
hpmcounter9,normal,seed19,158,3.0
hpmcounter9,normal,seed19,159,3.0
hpmcounter9,normal,seed19,160,3.0
hpmcounter9,normal,seed19,161,3.0
hpmcounter9,normal,seed19,162,3.0
hpmcounter9,normal,seed19,163,3.0
hpmcounter9,normal,seed19,164,3.0
hpmcounter9,normal,seed19,165,3.0
hpmcounter9,normal,seed19,166,3.0
hpmcounter9,normal,seed19,167,3.0
hpmcounter9,normal,seed19,168,3.0
hpmcounter9,normal,seed19,169,3.0
hpmcounter9,normal,seed19,170,3.0
hpmcounter9,normal,seed19,171,3.0
hpmcounter9,normal,seed19,172,3.0
hpmcounter9,normal,seed19,173,3.0
hpmcounter9,normal,seed19,174,3.0
hpmcounter9,normal,seed19,175,3.0
hpmcounter9,normal,seed19,176,3.0
hpmcounter9,normal,seed19,177,3.0
hpmcounter9,normal,seed19,178,3.0
hpmcounter9,normal,seed19,179,3.0
hpmcounter9,normal,seed19,180,3.0
hpmcounter9,normal,seed19,181,3.0
hpmcounter9,normal,seed19,182,3.0
hpmcounter9,normal,seed19,183,3.0
hpmcounter9,normal,seed19,184,3.0
hpmcounter9,normal,seed19,185,3.0
hpmcounter9,normal,seed19,186,3.0
hpmcounter9,normal,seed19,187,3.0
hpmcounter9,normal,seed19,188,3.0
hpmcounter9,normal,seed19,189,3.0
hpmcounter9,normal,seed19,190,3.0
hpmcounter9,normal,seed19,191,3.0
hpmcounter9,normal,seed19,192,3.0
hpmcounter9,normal,seed19,193,3.0
hpmcounter9,normal,seed19,194,3.0
hpmcounter9,normal,seed19,195,3.0
hpmcounter9,normal,seed19,196,3.0
hpmcounter9,normal,seed19,197,3.0
hpmcounter9,normal,seed19,198,3.0
hpmcounter9,normal,seed19,199,3.0
hpmcounter9,normal,seed19,200,3.0
hpmcounter9,normal,seed19,201,3.0
hpmcounter9,normal,seed19,202,3.0
hpmcounter9,normal,seed19,203,3.0
hpmcounter9,normal,seed19,204,3.0
hpmcounter9,normal,seed19,205,3.0
hpmcounter9,normal,seed19,206,3.0
hpmcounter9,normal,seed19,207,3.0
hpmcounter9,normal,seed19,208,3.0
hpmcounter9,normal,seed19,209,3.0
hpmcounter9,normal,seed19,210,3.0
hpmcounter9,normal,seed19,211,3.0
hpmcounter9,normal,seed19,212,3.0
hpmcounter9,normal,seed19,213,3.0
hpmcounter9,normal,seed19,214,3.0
hpmcounter9,normal,seed19,215,3.0
hpmcounter9,normal,seed19,216,3.0
hpmcounter9,normal,seed19,217,3.0
hpmcounter9,normal,seed19,218,3.0
hpmcounter9,normal,seed19,219,3.0
hpmcounter9,normal,seed19,220,3.0
hpmcounter9,normal,seed19,221,3.0
hpmcounter9,normal,seed19,222,3.0
hpmcounter9,normal,seed19,223,3.0
hpmcounter9,normal,seed19,224,3.0
hpmcounter9,normal,seed19,225,3.0
hpmcounter9,normal,seed19,226,3.0
hpmcounter9,normal,seed19,227,3.0
hpmcounter9,normal,seed19,228,3.0
hpmcounter9,normal,seed19,229,3.0
hpmcounter9,normal,seed19,230,3.0
hpmcounter9,normal,seed19,231,3.0
hpmcounter9,normal,seed19,232,3.0
hpmcounter9,normal,seed19,233,3.0
hpmcounter9,normal,seed19,234,3.0
hpmcounter9,normal,seed19,235,3.0
hpmcounter9,normal,seed19,236,3.0
hpmcounter9,normal,seed19,237,3.0
hpmcounter9,normal,seed19,238,3.0
hpmcounter9,normal,seed19,239,3.0
hpmcounter9,normal,seed19,240,3.0
hpmcounter9,normal,seed19,241,3.0
hpmcounter9,normal,seed19,242,3.0
hpmcounter9,normal,seed19,243,3.0
hpmcounter9,normal,seed19,244,3.0
hpmcounter9,normal,seed19,245,3.0
hpmcounter9,normal,seed19,246,3.0
hpmcounter9,normal,seed19,247,3.0
hpmcounter9,normal,seed19,248,3.0
hpmcounter9,normal,seed19,249,3.0
hpmcounter9,normal,seed19,250,3.0
hpmcounter9,normal,seed19,251,3.0
hpmcounter9,normal,seed19,252,3.0
hpmcounter9,normal,seed19,253,3.0
hpmcounter9,normal,seed19,254,3.0
hpmcounter9,normal,seed19,255,3.0
hpmcounter9,normal,seed19,256,3.0
hpmcounter9,normal,seed19,257,3.0
hpmcounter9,normal,seed19,258,3.0
hpmcounter9,normal,seed19,259,3.0
hpmcounter9,normal,seed19,260,3.0
hpmcounter9,normal,seed19,261,3.0
hpmcounter9,normal,seed19,262,3.0
hpmcounter9,normal,seed19,263,3.0
hpmcounter9,normal,seed19,264,3.0
hpmcounter9,normal,seed19,265,3.0
hpmcounter9,normal,seed19,266,3.0
hpmcounter9,normal,seed19,267,3.0
hpmcounter9,normal,seed19,268,3.0
hpmcounter9,normal,seed19,269,3.0
hpmcounter9,normal,seed19,270,3.0
hpmcounter9,normal,seed19,271,3.0
hpmcounter9,normal,seed19,272,3.0
hpmcounter9,normal,seed19,273,3.0
hpmcounter9,normal,seed19,274,3.0
hpmcounter9,normal,seed19,275,3.0
hpmcounter9,normal,seed19,276,3.0
hpmcounter9,normal,seed19,277,3.0
hpmcounter9,normal,seed19,278,3.0
hpmcounter9,normal,seed19,279,3.0
hpmcounter9,normal,seed19,280,3.0
hpmcounter9,normal,seed19,281,3.0
hpmcounter9,normal,seed19,282,3.0
hpmcounter9,normal,seed19,283,3.0
hpmcounter9,normal,seed19,284,3.0
hpmcounter9,normal,seed19,285,3.0
hpmcounter9,normal,seed19,286,3.0
hpmcounter9,normal,seed19,287,3.0
hpmcounter9,normal,seed19,288,3.0
hpmcounter9,normal,seed19,289,3.0
hpmcounter9,normal,seed19,290,3.0
hpmcounter9,normal,seed19,291,3.0
hpmcounter9,normal,seed19,292,3.0
hpmcounter9,normal,seed19,293,3.0
hpmcounter9,normal,seed19,294,3.0
hpmcounter9,normal,seed19,295,3.0
hpmcounter9,normal,seed19,296,3.0
hpmcounter9,normal,seed19,297,3.0
hpmcounter9,normal,seed19,298,3.0
hpmcounter9,normal,seed2,9,3.2181818181818183
hpmcounter9,normal,seed2,10,3.0
hpmcounter9,normal,seed2,11,3.0
hpmcounter9,normal,seed2,12,3.0
hpmcounter9,normal,seed2,13,3.0
hpmcounter9,normal,seed2,14,3.0
hpmcounter9,normal,seed2,15,3.0
hpmcounter9,normal,seed2,16,3.0
hpmcounter9,normal,seed2,17,3.0
hpmcounter9,normal,seed2,18,3.0
hpmcounter9,normal,seed2,19,3.0
hpmcounter9,normal,seed2,20,3.0
hpmcounter9,normal,seed2,21,3.0
hpmcounter9,normal,seed2,22,3.0
hpmcounter9,normal,seed2,23,3.0
hpmcounter9,normal,seed2,24,3.0
hpmcounter9,normal,seed2,25,3.0
hpmcounter9,normal,seed2,26,3.0
hpmcounter9,normal,seed2,27,3.0
hpmcounter9,normal,seed2,28,3.0
hpmcounter9,normal,seed2,29,3.0
hpmcounter9,normal,seed2,30,3.0
hpmcounter9,normal,seed2,31,3.0
hpmcounter9,normal,seed2,32,3.0
hpmcounter9,normal,seed2,33,3.0
hpmcounter9,normal,seed2,34,3.0
hpmcounter9,normal,seed2,35,3.0
hpmcounter9,normal,seed2,36,3.0
hpmcounter9,normal,seed2,37,3.0
hpmcounter9,normal,seed2,38,3.0
hpmcounter9,normal,seed2,39,3.0
hpmcounter9,normal,seed2,40,3.0
hpmcounter9,normal,seed2,41,3.0
hpmcounter9,normal,seed2,42,3.0
hpmcounter9,normal,seed2,43,3.0
hpmcounter9,normal,seed2,44,3.0
hpmcounter9,normal,seed2,45,3.0
hpmcounter9,normal,seed2,46,3.0
hpmcounter9,normal,seed2,47,3.0
hpmcounter9,normal,seed2,48,3.0
hpmcounter9,normal,seed2,49,3.0
hpmcounter9,normal,seed2,50,3.0
hpmcounter9,normal,seed2,51,3.0
hpmcounter9,normal,seed2,52,3.0
hpmcounter9,normal,seed2,53,3.0
hpmcounter9,normal,seed2,54,3.0
hpmcounter9,normal,seed2,55,3.0
hpmcounter9,normal,seed2,56,3.0
hpmcounter9,normal,seed2,57,3.0
hpmcounter9,normal,seed2,58,3.0545454545454547
hpmcounter9,normal,seed2,59,3.096969696969697
hpmcounter9,normal,seed2,60,3.1272727272727274
hpmcounter9,normal,seed2,61,3.1454545454545455
hpmcounter9,normal,seed2,62,3.1515151515151514
hpmcounter9,normal,seed2,63,3.1454545454545455
hpmcounter9,normal,seed2,64,3.1272727272727274
hpmcounter9,normal,seed2,65,3.096969696969697
hpmcounter9,normal,seed2,66,3.0545454545454547
hpmcounter9,normal,seed2,67,3.0
hpmcounter9,normal,seed2,68,3.0
hpmcounter9,normal,seed2,69,3.0
hpmcounter9,normal,seed2,70,3.0
hpmcounter9,normal,seed2,71,3.0
hpmcounter9,normal,seed2,72,3.0
hpmcounter9,normal,seed2,73,3.0
hpmcounter9,normal,seed2,74,3.0
hpmcounter9,normal,seed2,75,3.0
hpmcounter9,normal,seed2,76,3.0
hpmcounter9,normal,seed2,77,3.0
hpmcounter9,normal,seed2,78,3.0
hpmcounter9,normal,seed2,79,3.0
hpmcounter9,normal,seed2,80,3.0
hpmcounter9,normal,seed2,81,3.0
hpmcounter9,normal,seed2,82,3.0
hpmcounter9,normal,seed2,83,3.0
hpmcounter9,normal,seed2,84,3.0
hpmcounter9,normal,seed2,85,3.0
hpmcounter9,normal,seed2,86,3.0
hpmcounter9,normal,seed2,87,3.0
hpmcounter9,normal,seed2,88,3.0
hpmcounter9,normal,seed2,89,3.0
hpmcounter9,normal,seed2,90,3.0
hpmcounter9,normal,seed2,91,3.0
hpmcounter9,normal,seed2,92,3.0
hpmcounter9,normal,seed2,93,3.0
hpmcounter9,normal,seed2,94,3.0
hpmcounter9,normal,seed2,95,3.0
hpmcounter9,normal,seed2,96,3.0
hpmcounter9,normal,seed2,97,3.0
hpmcounter9,normal,seed2,98,3.0
hpmcounter9,normal,seed2,99,3.0
hpmcounter9,normal,seed2,100,3.0
hpmcounter9,normal,seed2,101,3.0
hpmcounter9,normal,seed2,102,3.0
hpmcounter9,normal,seed2,103,3.0
hpmcounter9,normal,seed2,104,3.0
hpmcounter9,normal,seed2,105,3.0
hpmcounter9,normal,seed2,106,3.0
hpmcounter9,normal,seed2,107,3.0
hpmcounter9,normal,seed2,108,3.0
hpmcounter9,normal,seed2,109,3.0
hpmcounter9,normal,seed2,110,3.0
hpmcounter9,normal,seed2,111,3.0
hpmcounter9,normal,seed2,112,3.0
hpmcounter9,normal,seed2,113,3.0
hpmcounter9,normal,seed2,114,3.0
hpmcounter9,normal,seed2,115,3.0
hpmcounter9,normal,seed2,116,3.0
hpmcounter9,normal,seed2,117,3.0
hpmcounter9,normal,seed2,118,3.0
hpmcounter9,normal,seed2,119,3.0
hpmcounter9,normal,seed2,120,3.0
hpmcounter9,normal,seed2,121,3.0
hpmcounter9,normal,seed2,122,3.0
hpmcounter9,normal,seed2,123,3.0
hpmcounter9,normal,seed2,124,3.0
hpmcounter9,normal,seed2,125,3.0
hpmcounter9,normal,seed2,126,3.0
hpmcounter9,normal,seed2,127,3.0
hpmcounter9,normal,seed2,128,3.0
hpmcounter9,normal,seed2,129,3.0
hpmcounter9,normal,seed2,130,3.0
hpmcounter9,normal,seed2,131,3.0
hpmcounter9,normal,seed2,132,3.0
hpmcounter9,normal,seed2,133,3.0
hpmcounter9,normal,seed2,134,3.0
hpmcounter9,normal,seed2,135,3.0
hpmcounter9,normal,seed2,136,3.0
hpmcounter9,normal,seed2,137,3.0
hpmcounter9,normal,seed2,138,3.0
hpmcounter9,normal,seed2,139,3.0
hpmcounter9,normal,seed2,140,3.0
hpmcounter9,normal,seed2,141,3.0
hpmcounter9,normal,seed2,142,3.0
hpmcounter9,normal,seed2,143,3.0
hpmcounter9,normal,seed2,144,3.0
hpmcounter9,normal,seed2,145,3.0
hpmcounter9,normal,seed2,146,3.0
hpmcounter9,normal,seed2,147,3.0
hpmcounter9,normal,seed2,148,3.0
hpmcounter9,normal,seed2,149,3.0
hpmcounter9,normal,seed2,150,3.0
hpmcounter9,normal,seed2,151,3.0
hpmcounter9,normal,seed2,152,3.0
hpmcounter9,normal,seed2,153,3.0
hpmcounter9,normal,seed2,154,3.0
hpmcounter9,normal,seed2,155,3.0
hpmcounter9,normal,seed2,156,3.0
hpmcounter9,normal,seed2,157,3.0
hpmcounter9,normal,seed2,158,3.0
hpmcounter9,normal,seed2,159,3.0
hpmcounter9,normal,seed2,160,3.0
hpmcounter9,normal,seed2,161,3.0
hpmcounter9,normal,seed2,162,3.0
hpmcounter9,normal,seed2,163,3.0
hpmcounter9,normal,seed2,164,3.0
hpmcounter9,normal,seed2,165,3.0
hpmcounter9,normal,seed2,166,3.0
hpmcounter9,normal,seed2,167,3.0
hpmcounter9,normal,seed2,168,3.0
hpmcounter9,normal,seed2,169,3.0
hpmcounter9,normal,seed2,170,3.0
hpmcounter9,normal,seed2,171,3.0
hpmcounter9,normal,seed2,172,3.0
hpmcounter9,normal,seed2,173,3.0
hpmcounter9,normal,seed2,174,3.0
hpmcounter9,normal,seed2,175,3.0
hpmcounter9,normal,seed2,176,3.0
hpmcounter9,normal,seed2,177,3.0
hpmcounter9,normal,seed2,178,3.0
hpmcounter9,normal,seed2,179,3.0
hpmcounter9,normal,seed2,180,3.0
hpmcounter9,normal,seed2,181,3.0
hpmcounter9,normal,seed2,182,3.0
hpmcounter9,normal,seed2,183,3.0
hpmcounter9,normal,seed2,184,3.0
hpmcounter9,normal,seed2,185,3.0
hpmcounter9,normal,seed2,186,3.0
hpmcounter9,normal,seed2,187,3.0
hpmcounter9,normal,seed2,188,3.0
hpmcounter9,normal,seed2,189,3.0
hpmcounter9,normal,seed2,190,3.0
hpmcounter9,normal,seed2,191,3.0
hpmcounter9,normal,seed2,192,3.0
hpmcounter9,normal,seed2,193,3.0
hpmcounter9,normal,seed2,194,3.0
hpmcounter9,normal,seed2,195,3.0
hpmcounter9,normal,seed2,196,3.0
hpmcounter9,normal,seed2,197,3.0
hpmcounter9,normal,seed2,198,3.0
hpmcounter9,normal,seed2,199,3.0
hpmcounter9,normal,seed2,200,3.0
hpmcounter9,normal,seed2,201,3.0
hpmcounter9,normal,seed2,202,3.0
hpmcounter9,normal,seed2,203,3.0
hpmcounter9,normal,seed2,204,3.0
hpmcounter9,normal,seed2,205,3.0
hpmcounter9,normal,seed2,206,3.0
hpmcounter9,normal,seed2,207,3.0
hpmcounter9,normal,seed2,208,3.0
hpmcounter9,normal,seed2,209,3.0
hpmcounter9,normal,seed2,210,3.0
hpmcounter9,normal,seed2,211,3.0
hpmcounter9,normal,seed2,212,3.0
hpmcounter9,normal,seed2,213,3.0
hpmcounter9,normal,seed2,214,3.0
hpmcounter9,normal,seed2,215,3.0
hpmcounter9,normal,seed2,216,3.0
hpmcounter9,normal,seed2,217,3.0
hpmcounter9,normal,seed2,218,3.0
hpmcounter9,normal,seed2,219,3.0
hpmcounter9,normal,seed2,220,3.0
hpmcounter9,normal,seed2,221,3.0
hpmcounter9,normal,seed2,222,3.0
hpmcounter9,normal,seed2,223,3.0
hpmcounter9,normal,seed2,224,3.0
hpmcounter9,normal,seed2,225,3.0
hpmcounter9,normal,seed2,226,3.0
hpmcounter9,normal,seed2,227,3.0
hpmcounter9,normal,seed2,228,3.0
hpmcounter9,normal,seed2,229,3.0
hpmcounter9,normal,seed2,230,3.0
hpmcounter9,normal,seed2,231,3.0
hpmcounter9,normal,seed2,232,3.0
hpmcounter9,normal,seed2,233,3.0
hpmcounter9,normal,seed2,234,3.0
hpmcounter9,normal,seed2,235,3.0
hpmcounter9,normal,seed2,236,3.0
hpmcounter9,normal,seed2,237,3.0
hpmcounter9,normal,seed2,238,3.0
hpmcounter9,normal,seed2,239,3.0
hpmcounter9,normal,seed2,240,3.0
hpmcounter9,normal,seed2,241,3.0
hpmcounter9,normal,seed2,242,3.0
hpmcounter9,normal,seed2,243,3.0
hpmcounter9,normal,seed2,244,3.0
hpmcounter9,normal,seed2,245,3.0
hpmcounter9,normal,seed2,246,3.0
hpmcounter9,normal,seed2,247,3.0
hpmcounter9,normal,seed2,248,3.0
hpmcounter9,normal,seed2,249,3.0
hpmcounter9,normal,seed2,250,3.0
hpmcounter9,normal,seed2,251,3.0
hpmcounter9,normal,seed2,252,3.0
hpmcounter9,normal,seed2,253,3.0
hpmcounter9,normal,seed2,254,3.0
hpmcounter9,normal,seed2,255,3.0
hpmcounter9,normal,seed2,256,3.0
hpmcounter9,normal,seed2,257,3.0
hpmcounter9,normal,seed2,258,3.0
hpmcounter9,normal,seed2,259,3.0
hpmcounter9,normal,seed2,260,3.0
hpmcounter9,normal,seed2,261,3.0
hpmcounter9,normal,seed2,262,3.0
hpmcounter9,normal,seed2,263,3.0
hpmcounter9,normal,seed2,264,3.0
hpmcounter9,normal,seed2,265,3.0
hpmcounter9,normal,seed2,266,3.0
hpmcounter9,normal,seed2,267,3.0
hpmcounter9,normal,seed2,268,3.0
hpmcounter9,normal,seed2,269,3.0
hpmcounter9,normal,seed2,270,3.0
hpmcounter9,normal,seed2,271,3.0
hpmcounter9,normal,seed2,272,3.0
hpmcounter9,normal,seed2,273,3.0
hpmcounter9,normal,seed2,274,3.0
hpmcounter9,normal,seed2,275,3.0
hpmcounter9,normal,seed2,276,3.0
hpmcounter9,normal,seed2,277,3.0
hpmcounter9,normal,seed2,278,3.0
hpmcounter9,normal,seed2,279,3.0
hpmcounter9,normal,seed2,280,3.0
hpmcounter9,normal,seed2,281,3.0
hpmcounter9,normal,seed2,282,3.0
hpmcounter9,normal,seed2,283,3.0
hpmcounter9,normal,seed2,284,3.0
hpmcounter9,normal,seed2,285,3.0
hpmcounter9,normal,seed2,286,3.0
hpmcounter9,normal,seed2,287,3.0
hpmcounter9,normal,seed2,288,3.0
hpmcounter9,normal,seed2,289,3.0
hpmcounter9,normal,seed2,290,3.0
hpmcounter9,normal,seed2,291,3.0
hpmcounter9,normal,seed2,292,3.0
hpmcounter9,normal,seed2,293,3.0
hpmcounter9,normal,seed2,294,3.0
hpmcounter9,normal,seed2,295,3.0
hpmcounter9,normal,seed2,296,3.0
hpmcounter9,normal,seed2,297,3.0
hpmcounter9,normal,seed2,298,3.0
hpmcounter9,normal,seed20,9,3.2181818181818183
hpmcounter9,normal,seed20,10,3.0
hpmcounter9,normal,seed20,11,3.0
hpmcounter9,normal,seed20,12,3.0
hpmcounter9,normal,seed20,13,3.0
hpmcounter9,normal,seed20,14,3.0
hpmcounter9,normal,seed20,15,3.0
hpmcounter9,normal,seed20,16,3.0
hpmcounter9,normal,seed20,17,3.0
hpmcounter9,normal,seed20,18,3.0
hpmcounter9,normal,seed20,19,3.0
hpmcounter9,normal,seed20,20,3.0
hpmcounter9,normal,seed20,21,3.0
hpmcounter9,normal,seed20,22,3.0
hpmcounter9,normal,seed20,23,3.0
hpmcounter9,normal,seed20,24,3.0
hpmcounter9,normal,seed20,25,3.0
hpmcounter9,normal,seed20,26,3.0
hpmcounter9,normal,seed20,27,3.0
hpmcounter9,normal,seed20,28,3.0
hpmcounter9,normal,seed20,29,3.0
hpmcounter9,normal,seed20,30,3.0
hpmcounter9,normal,seed20,31,3.0
hpmcounter9,normal,seed20,32,3.0
hpmcounter9,normal,seed20,33,3.0
hpmcounter9,normal,seed20,34,3.0
hpmcounter9,normal,seed20,35,3.0
hpmcounter9,normal,seed20,36,3.0
hpmcounter9,normal,seed20,37,3.0
hpmcounter9,normal,seed20,38,3.0
hpmcounter9,normal,seed20,39,3.0
hpmcounter9,normal,seed20,40,3.0
hpmcounter9,normal,seed20,41,3.0
hpmcounter9,normal,seed20,42,3.0
hpmcounter9,normal,seed20,43,3.0
hpmcounter9,normal,seed20,44,3.0
hpmcounter9,normal,seed20,45,3.0
hpmcounter9,normal,seed20,46,3.0
hpmcounter9,normal,seed20,47,3.0
hpmcounter9,normal,seed20,48,3.0
hpmcounter9,normal,seed20,49,3.0
hpmcounter9,normal,seed20,50,3.0
hpmcounter9,normal,seed20,51,3.0
hpmcounter9,normal,seed20,52,3.0
hpmcounter9,normal,seed20,53,3.0
hpmcounter9,normal,seed20,54,3.0
hpmcounter9,normal,seed20,55,3.0
hpmcounter9,normal,seed20,56,3.0
hpmcounter9,normal,seed20,57,3.0
hpmcounter9,normal,seed20,58,3.0
hpmcounter9,normal,seed20,59,3.0
hpmcounter9,normal,seed20,60,3.0
hpmcounter9,normal,seed20,61,3.0545454545454547
hpmcounter9,normal,seed20,62,3.1515151515151514
hpmcounter9,normal,seed20,63,3.278787878787879
hpmcounter9,normal,seed20,64,3.3696969696969696
hpmcounter9,normal,seed20,65,3.4242424242424243
hpmcounter9,normal,seed20,66,3.4424242424242424
hpmcounter9,normal,seed20,67,3.4242424242424243
hpmcounter9,normal,seed20,68,3.3696969696969696
hpmcounter9,normal,seed20,69,3.278787878787879
hpmcounter9,normal,seed20,70,3.1515151515151514
hpmcounter9,normal,seed20,71,3.0545454545454547
hpmcounter9,normal,seed20,72,3.0
hpmcounter9,normal,seed20,73,3.0
hpmcounter9,normal,seed20,74,3.0
hpmcounter9,normal,seed20,75,3.0
hpmcounter9,normal,seed20,76,3.0
hpmcounter9,normal,seed20,77,3.0
hpmcounter9,normal,seed20,78,3.0
hpmcounter9,normal,seed20,79,3.0
hpmcounter9,normal,seed20,80,3.0
hpmcounter9,normal,seed20,81,3.0
hpmcounter9,normal,seed20,82,3.0
hpmcounter9,normal,seed20,83,3.0
hpmcounter9,normal,seed20,84,3.0
hpmcounter9,normal,seed20,85,3.0
hpmcounter9,normal,seed20,86,3.0
hpmcounter9,normal,seed20,87,3.0
hpmcounter9,normal,seed20,88,3.0
hpmcounter9,normal,seed20,89,3.0
hpmcounter9,normal,seed20,90,3.0
hpmcounter9,normal,seed20,91,3.0
hpmcounter9,normal,seed20,92,3.0
hpmcounter9,normal,seed20,93,3.0
hpmcounter9,normal,seed20,94,3.0
hpmcounter9,normal,seed20,95,3.0
hpmcounter9,normal,seed20,96,3.0
hpmcounter9,normal,seed20,97,3.0
hpmcounter9,normal,seed20,98,3.0
hpmcounter9,normal,seed20,99,3.0
hpmcounter9,normal,seed20,100,3.0
hpmcounter9,normal,seed20,101,3.0
hpmcounter9,normal,seed20,102,3.0
hpmcounter9,normal,seed20,103,3.0
hpmcounter9,normal,seed20,104,3.0545454545454547
hpmcounter9,normal,seed20,105,3.096969696969697
hpmcounter9,normal,seed20,106,3.1272727272727274
hpmcounter9,normal,seed20,107,3.1454545454545455
hpmcounter9,normal,seed20,108,3.1515151515151514
hpmcounter9,normal,seed20,109,3.1454545454545455
hpmcounter9,normal,seed20,110,3.1272727272727274
hpmcounter9,normal,seed20,111,3.096969696969697
hpmcounter9,normal,seed20,112,3.0545454545454547
hpmcounter9,normal,seed20,113,3.0
hpmcounter9,normal,seed20,114,3.0
hpmcounter9,normal,seed20,115,3.0
hpmcounter9,normal,seed20,116,3.0
hpmcounter9,normal,seed20,117,3.0
hpmcounter9,normal,seed20,118,3.0
hpmcounter9,normal,seed20,119,3.0
hpmcounter9,normal,seed20,120,3.0
hpmcounter9,normal,seed20,121,3.0545454545454547
hpmcounter9,normal,seed20,122,3.096969696969697
hpmcounter9,normal,seed20,123,3.1272727272727274
hpmcounter9,normal,seed20,124,3.1454545454545455
hpmcounter9,normal,seed20,125,3.1515151515151514
hpmcounter9,normal,seed20,126,3.1454545454545455
hpmcounter9,normal,seed20,127,3.1272727272727274
hpmcounter9,normal,seed20,128,3.096969696969697
hpmcounter9,normal,seed20,129,3.0545454545454547
hpmcounter9,normal,seed20,130,3.0
hpmcounter9,normal,seed20,131,3.0
hpmcounter9,normal,seed20,132,3.0
hpmcounter9,normal,seed20,133,3.0
hpmcounter9,normal,seed20,134,3.0
hpmcounter9,normal,seed20,135,3.0
hpmcounter9,normal,seed20,136,3.0
hpmcounter9,normal,seed20,137,3.0
hpmcounter9,normal,seed20,138,3.0
hpmcounter9,normal,seed20,139,3.0
hpmcounter9,normal,seed20,140,3.0
hpmcounter9,normal,seed20,141,3.109090909090909
hpmcounter9,normal,seed20,142,3.193939393939394
hpmcounter9,normal,seed20,143,3.2545454545454544
hpmcounter9,normal,seed20,144,3.290909090909091
hpmcounter9,normal,seed20,145,3.303030303030303
hpmcounter9,normal,seed20,146,3.290909090909091
hpmcounter9,normal,seed20,147,3.2545454545454544
hpmcounter9,normal,seed20,148,3.193939393939394
hpmcounter9,normal,seed20,149,3.109090909090909
hpmcounter9,normal,seed20,150,3.0
hpmcounter9,normal,seed20,151,3.0
hpmcounter9,normal,seed20,152,3.0
hpmcounter9,normal,seed20,153,3.0
hpmcounter9,normal,seed20,154,3.0
hpmcounter9,normal,seed20,155,3.0545454545454547
hpmcounter9,normal,seed20,156,3.096969696969697
hpmcounter9,normal,seed20,157,3.1272727272727274
hpmcounter9,normal,seed20,158,3.1454545454545455
hpmcounter9,normal,seed20,159,3.1515151515151514
hpmcounter9,normal,seed20,160,3.1454545454545455
hpmcounter9,normal,seed20,161,3.1272727272727274
hpmcounter9,normal,seed20,162,3.096969696969697
hpmcounter9,normal,seed20,163,3.0545454545454547
hpmcounter9,normal,seed20,164,3.0
hpmcounter9,normal,seed20,165,3.0
hpmcounter9,normal,seed20,166,3.0
hpmcounter9,normal,seed20,167,3.0
hpmcounter9,normal,seed20,168,3.0
hpmcounter9,normal,seed20,169,3.0
hpmcounter9,normal,seed20,170,3.0
hpmcounter9,normal,seed20,171,3.0
hpmcounter9,normal,seed20,172,3.0
hpmcounter9,normal,seed20,173,3.0
hpmcounter9,normal,seed20,174,3.0
hpmcounter9,normal,seed20,175,3.0
hpmcounter9,normal,seed20,176,3.0
hpmcounter9,normal,seed20,177,3.0
hpmcounter9,normal,seed20,178,3.0
hpmcounter9,normal,seed20,179,3.0
hpmcounter9,normal,seed20,180,3.0
hpmcounter9,normal,seed20,181,3.0
hpmcounter9,normal,seed20,182,3.0
hpmcounter9,normal,seed20,183,3.0
hpmcounter9,normal,seed20,184,3.0
hpmcounter9,normal,seed20,185,3.0
hpmcounter9,normal,seed20,186,3.0
hpmcounter9,normal,seed20,187,3.0
hpmcounter9,normal,seed20,188,3.0
hpmcounter9,normal,seed20,189,3.0
hpmcounter9,normal,seed20,190,3.0
hpmcounter9,normal,seed20,191,3.0
hpmcounter9,normal,seed20,192,3.0
hpmcounter9,normal,seed20,193,3.0
hpmcounter9,normal,seed20,194,3.0
hpmcounter9,normal,seed20,195,3.0
hpmcounter9,normal,seed20,196,3.0
hpmcounter9,normal,seed20,197,3.0
hpmcounter9,normal,seed20,198,3.0
hpmcounter9,normal,seed20,199,3.0
hpmcounter9,normal,seed20,200,3.0
hpmcounter9,normal,seed20,201,3.0
hpmcounter9,normal,seed20,202,3.0
hpmcounter9,normal,seed20,203,3.0
hpmcounter9,normal,seed20,204,3.0
hpmcounter9,normal,seed20,205,3.0
hpmcounter9,normal,seed20,206,3.0
hpmcounter9,normal,seed20,207,3.0
hpmcounter9,normal,seed20,208,3.0
hpmcounter9,normal,seed20,209,3.0
hpmcounter9,normal,seed20,210,3.0
hpmcounter9,normal,seed20,211,3.0545454545454547
hpmcounter9,normal,seed20,212,3.1515151515151514
hpmcounter9,normal,seed20,213,3.224242424242424
hpmcounter9,normal,seed20,214,3.272727272727273
hpmcounter9,normal,seed20,215,3.296969696969697
hpmcounter9,normal,seed20,216,3.296969696969697
hpmcounter9,normal,seed20,217,3.272727272727273
hpmcounter9,normal,seed20,218,3.224242424242424
hpmcounter9,normal,seed20,219,3.1515151515151514
hpmcounter9,normal,seed20,220,3.0545454545454547
hpmcounter9,normal,seed20,221,3.0
hpmcounter9,normal,seed20,222,3.0
hpmcounter9,normal,seed20,223,3.0
hpmcounter9,normal,seed20,224,3.0
hpmcounter9,normal,seed20,225,3.0
hpmcounter9,normal,seed20,226,3.0
hpmcounter9,normal,seed20,227,3.0
hpmcounter9,normal,seed20,228,3.0
hpmcounter9,normal,seed20,229,3.0
hpmcounter9,normal,seed20,230,3.0
hpmcounter9,normal,seed20,231,3.0
hpmcounter9,normal,seed20,232,3.0
hpmcounter9,normal,seed20,233,3.0
hpmcounter9,normal,seed20,234,3.0
hpmcounter9,normal,seed20,235,3.0
hpmcounter9,normal,seed20,236,3.0
hpmcounter9,normal,seed20,237,3.0
hpmcounter9,normal,seed20,238,3.0
hpmcounter9,normal,seed20,239,3.0
hpmcounter9,normal,seed20,240,3.0
hpmcounter9,normal,seed20,241,3.0
hpmcounter9,normal,seed20,242,3.0
hpmcounter9,normal,seed20,243,3.0
hpmcounter9,normal,seed20,244,3.0
hpmcounter9,normal,seed20,245,3.0
hpmcounter9,normal,seed20,246,3.0
hpmcounter9,normal,seed20,247,3.0
hpmcounter9,normal,seed20,248,3.0
hpmcounter9,normal,seed20,249,3.0
hpmcounter9,normal,seed20,250,3.0
hpmcounter9,normal,seed20,251,3.0
hpmcounter9,normal,seed20,252,3.0
hpmcounter9,normal,seed20,253,3.0
hpmcounter9,normal,seed20,254,3.0
hpmcounter9,normal,seed20,255,3.0
hpmcounter9,normal,seed20,256,3.0
hpmcounter9,normal,seed20,257,3.0
hpmcounter9,normal,seed20,258,3.0
hpmcounter9,normal,seed20,259,3.0
hpmcounter9,normal,seed20,260,3.0
hpmcounter9,normal,seed20,261,3.0
hpmcounter9,normal,seed20,262,3.0
hpmcounter9,normal,seed20,263,3.0
hpmcounter9,normal,seed20,264,3.0
hpmcounter9,normal,seed20,265,3.0
hpmcounter9,normal,seed20,266,3.0
hpmcounter9,normal,seed20,267,3.0
hpmcounter9,normal,seed20,268,3.0
hpmcounter9,normal,seed20,269,3.0
hpmcounter9,normal,seed20,270,3.0
hpmcounter9,normal,seed20,271,3.0
hpmcounter9,normal,seed20,272,3.0545454545454547
hpmcounter9,normal,seed20,273,3.096969696969697
hpmcounter9,normal,seed20,274,3.1272727272727274
hpmcounter9,normal,seed20,275,3.1454545454545455
hpmcounter9,normal,seed20,276,3.1515151515151514
hpmcounter9,normal,seed20,277,3.1454545454545455
hpmcounter9,normal,seed20,278,3.1272727272727274
hpmcounter9,normal,seed20,279,3.096969696969697
hpmcounter9,normal,seed20,280,3.0545454545454547
hpmcounter9,normal,seed20,281,3.0545454545454547
hpmcounter9,normal,seed20,282,3.1515151515151514
hpmcounter9,normal,seed20,283,3.224242424242424
hpmcounter9,normal,seed20,284,3.272727272727273
hpmcounter9,normal,seed20,285,3.296969696969697
hpmcounter9,normal,seed20,286,3.296969696969697
hpmcounter9,normal,seed20,287,3.272727272727273
hpmcounter9,normal,seed20,288,3.224242424242424
hpmcounter9,normal,seed20,289,3.1515151515151514
hpmcounter9,normal,seed20,290,3.0545454545454547
hpmcounter9,normal,seed20,291,3.0
hpmcounter9,normal,seed20,292,3.0
hpmcounter9,normal,seed20,293,3.0
hpmcounter9,normal,seed20,294,3.0
hpmcounter9,normal,seed20,295,3.0
hpmcounter9,normal,seed20,296,3.0
hpmcounter9,normal,seed20,297,3.0
hpmcounter9,normal,seed20,298,3.0
hpmcounter9,normal,seed3,9,3.2181818181818183
hpmcounter9,normal,seed3,10,3.0
hpmcounter9,normal,seed3,11,3.0
hpmcounter9,normal,seed3,12,3.0
hpmcounter9,normal,seed3,13,3.0
hpmcounter9,normal,seed3,14,3.0
hpmcounter9,normal,seed3,15,3.0
hpmcounter9,normal,seed3,16,3.0
hpmcounter9,normal,seed3,17,3.0
hpmcounter9,normal,seed3,18,3.0
hpmcounter9,normal,seed3,19,3.0
hpmcounter9,normal,seed3,20,3.0
hpmcounter9,normal,seed3,21,3.0
hpmcounter9,normal,seed3,22,3.0
hpmcounter9,normal,seed3,23,3.0
hpmcounter9,normal,seed3,24,3.0
hpmcounter9,normal,seed3,25,3.0
hpmcounter9,normal,seed3,26,3.0
hpmcounter9,normal,seed3,27,3.0
hpmcounter9,normal,seed3,28,3.0
hpmcounter9,normal,seed3,29,3.0
hpmcounter9,normal,seed3,30,3.0
hpmcounter9,normal,seed3,31,3.0
hpmcounter9,normal,seed3,32,3.0
hpmcounter9,normal,seed3,33,3.0
hpmcounter9,normal,seed3,34,3.0
hpmcounter9,normal,seed3,35,3.0
hpmcounter9,normal,seed3,36,3.0
hpmcounter9,normal,seed3,37,3.0
hpmcounter9,normal,seed3,38,3.0
hpmcounter9,normal,seed3,39,3.0
hpmcounter9,normal,seed3,40,3.0
hpmcounter9,normal,seed3,41,3.0
hpmcounter9,normal,seed3,42,3.0
hpmcounter9,normal,seed3,43,3.0
hpmcounter9,normal,seed3,44,3.0
hpmcounter9,normal,seed3,45,3.0
hpmcounter9,normal,seed3,46,3.0
hpmcounter9,normal,seed3,47,3.0
hpmcounter9,normal,seed3,48,3.0
hpmcounter9,normal,seed3,49,3.0
hpmcounter9,normal,seed3,50,3.0
hpmcounter9,normal,seed3,51,3.0
hpmcounter9,normal,seed3,52,3.0
hpmcounter9,normal,seed3,53,3.0
hpmcounter9,normal,seed3,54,3.0
hpmcounter9,normal,seed3,55,3.0
hpmcounter9,normal,seed3,56,3.0
hpmcounter9,normal,seed3,57,3.0
hpmcounter9,normal,seed3,58,3.0
hpmcounter9,normal,seed3,59,3.0
hpmcounter9,normal,seed3,60,3.0
hpmcounter9,normal,seed3,61,3.0
hpmcounter9,normal,seed3,62,3.0
hpmcounter9,normal,seed3,63,3.0
hpmcounter9,normal,seed3,64,3.0
hpmcounter9,normal,seed3,65,3.0
hpmcounter9,normal,seed3,66,3.0
hpmcounter9,normal,seed3,67,3.0
hpmcounter9,normal,seed3,68,3.0
hpmcounter9,normal,seed3,69,3.0
hpmcounter9,normal,seed3,70,3.0
hpmcounter9,normal,seed3,71,3.0
hpmcounter9,normal,seed3,72,3.0
hpmcounter9,normal,seed3,73,3.0
hpmcounter9,normal,seed3,74,3.0
hpmcounter9,normal,seed3,75,3.0
hpmcounter9,normal,seed3,76,3.0
hpmcounter9,normal,seed3,77,3.0
hpmcounter9,normal,seed3,78,3.0
hpmcounter9,normal,seed3,79,3.0
hpmcounter9,normal,seed3,80,3.0
hpmcounter9,normal,seed3,81,3.0
hpmcounter9,normal,seed3,82,3.0
hpmcounter9,normal,seed3,83,3.0
hpmcounter9,normal,seed3,84,3.0
hpmcounter9,normal,seed3,85,3.0
hpmcounter9,normal,seed3,86,3.0
hpmcounter9,normal,seed3,87,3.0
hpmcounter9,normal,seed3,88,3.0
hpmcounter9,normal,seed3,89,3.0
hpmcounter9,normal,seed3,90,3.0
hpmcounter9,normal,seed3,91,3.0
hpmcounter9,normal,seed3,92,3.0
hpmcounter9,normal,seed3,93,3.0
hpmcounter9,normal,seed3,94,3.0545454545454547
hpmcounter9,normal,seed3,95,3.096969696969697
hpmcounter9,normal,seed3,96,3.1272727272727274
hpmcounter9,normal,seed3,97,3.1454545454545455
hpmcounter9,normal,seed3,98,3.1515151515151514
hpmcounter9,normal,seed3,99,3.1454545454545455
hpmcounter9,normal,seed3,100,3.1272727272727274
hpmcounter9,normal,seed3,101,3.096969696969697
hpmcounter9,normal,seed3,102,3.0545454545454547
hpmcounter9,normal,seed3,103,3.0
hpmcounter9,normal,seed3,104,3.0
hpmcounter9,normal,seed3,105,3.0
hpmcounter9,normal,seed3,106,3.0
hpmcounter9,normal,seed3,107,3.0
hpmcounter9,normal,seed3,108,3.0
hpmcounter9,normal,seed3,109,3.0
hpmcounter9,normal,seed3,110,3.0
hpmcounter9,normal,seed3,111,3.0
hpmcounter9,normal,seed3,112,3.0
hpmcounter9,normal,seed3,113,3.0
hpmcounter9,normal,seed3,114,3.0
hpmcounter9,normal,seed3,115,3.0
hpmcounter9,normal,seed3,116,3.0
hpmcounter9,normal,seed3,117,3.0
hpmcounter9,normal,seed3,118,3.0
hpmcounter9,normal,seed3,119,3.0
hpmcounter9,normal,seed3,120,3.0
hpmcounter9,normal,seed3,121,3.0
hpmcounter9,normal,seed3,122,3.0
hpmcounter9,normal,seed3,123,3.0
hpmcounter9,normal,seed3,124,3.0
hpmcounter9,normal,seed3,125,3.0
hpmcounter9,normal,seed3,126,3.0
hpmcounter9,normal,seed3,127,3.0
hpmcounter9,normal,seed3,128,3.0
hpmcounter9,normal,seed3,129,3.0
hpmcounter9,normal,seed3,130,3.0
hpmcounter9,normal,seed3,131,3.0
hpmcounter9,normal,seed3,132,3.0
hpmcounter9,normal,seed3,133,3.0
hpmcounter9,normal,seed3,134,3.0
hpmcounter9,normal,seed3,135,3.0
hpmcounter9,normal,seed3,136,3.0
hpmcounter9,normal,seed3,137,3.0
hpmcounter9,normal,seed3,138,3.0
hpmcounter9,normal,seed3,139,3.0
hpmcounter9,normal,seed3,140,3.0
hpmcounter9,normal,seed3,141,3.0
hpmcounter9,normal,seed3,142,3.0
hpmcounter9,normal,seed3,143,3.0
hpmcounter9,normal,seed3,144,3.0
hpmcounter9,normal,seed3,145,3.0
hpmcounter9,normal,seed3,146,3.0
hpmcounter9,normal,seed3,147,3.0
hpmcounter9,normal,seed3,148,3.0
hpmcounter9,normal,seed3,149,3.0
hpmcounter9,normal,seed3,150,3.0
hpmcounter9,normal,seed3,151,3.0
hpmcounter9,normal,seed3,152,3.0
hpmcounter9,normal,seed3,153,3.0
hpmcounter9,normal,seed3,154,3.0
hpmcounter9,normal,seed3,155,3.0
hpmcounter9,normal,seed3,156,3.0
hpmcounter9,normal,seed3,157,3.0
hpmcounter9,normal,seed3,158,3.0
hpmcounter9,normal,seed3,159,3.0
hpmcounter9,normal,seed3,160,3.0
hpmcounter9,normal,seed3,161,3.0
hpmcounter9,normal,seed3,162,3.0
hpmcounter9,normal,seed3,163,3.0
hpmcounter9,normal,seed3,164,3.0
hpmcounter9,normal,seed3,165,3.0
hpmcounter9,normal,seed3,166,3.0
hpmcounter9,normal,seed3,167,3.0
hpmcounter9,normal,seed3,168,3.0
hpmcounter9,normal,seed3,169,3.0
hpmcounter9,normal,seed3,170,3.0
hpmcounter9,normal,seed3,171,3.0
hpmcounter9,normal,seed3,172,3.0
hpmcounter9,normal,seed3,173,3.0
hpmcounter9,normal,seed3,174,3.0
hpmcounter9,normal,seed3,175,3.0
hpmcounter9,normal,seed3,176,3.0
hpmcounter9,normal,seed3,177,3.0
hpmcounter9,normal,seed3,178,3.0
hpmcounter9,normal,seed3,179,3.0
hpmcounter9,normal,seed3,180,3.0
hpmcounter9,normal,seed3,181,3.0
hpmcounter9,normal,seed3,182,3.0
hpmcounter9,normal,seed3,183,3.0
hpmcounter9,normal,seed3,184,3.0
hpmcounter9,normal,seed3,185,3.0
hpmcounter9,normal,seed3,186,3.0
hpmcounter9,normal,seed3,187,3.0
hpmcounter9,normal,seed3,188,3.0
hpmcounter9,normal,seed3,189,3.0
hpmcounter9,normal,seed3,190,3.0
hpmcounter9,normal,seed3,191,3.0
hpmcounter9,normal,seed3,192,3.0
hpmcounter9,normal,seed3,193,3.0
hpmcounter9,normal,seed3,194,3.0
hpmcounter9,normal,seed3,195,3.0
hpmcounter9,normal,seed3,196,3.0
hpmcounter9,normal,seed3,197,3.0
hpmcounter9,normal,seed3,198,3.0
hpmcounter9,normal,seed3,199,3.0
hpmcounter9,normal,seed3,200,3.0
hpmcounter9,normal,seed3,201,3.0
hpmcounter9,normal,seed3,202,3.0
hpmcounter9,normal,seed3,203,3.0
hpmcounter9,normal,seed3,204,3.0
hpmcounter9,normal,seed3,205,3.0
hpmcounter9,normal,seed3,206,3.0
hpmcounter9,normal,seed3,207,3.0
hpmcounter9,normal,seed3,208,3.0
hpmcounter9,normal,seed3,209,3.0
hpmcounter9,normal,seed3,210,3.0
hpmcounter9,normal,seed3,211,3.0
hpmcounter9,normal,seed3,212,3.0
hpmcounter9,normal,seed3,213,3.0
hpmcounter9,normal,seed3,214,3.0
hpmcounter9,normal,seed3,215,3.0
hpmcounter9,normal,seed3,216,3.0
hpmcounter9,normal,seed3,217,3.0
hpmcounter9,normal,seed3,218,3.0
hpmcounter9,normal,seed3,219,3.0
hpmcounter9,normal,seed3,220,3.0
hpmcounter9,normal,seed3,221,3.0
hpmcounter9,normal,seed3,222,3.0
hpmcounter9,normal,seed3,223,3.0
hpmcounter9,normal,seed3,224,3.0
hpmcounter9,normal,seed3,225,3.0
hpmcounter9,normal,seed3,226,3.0
hpmcounter9,normal,seed3,227,3.0
hpmcounter9,normal,seed3,228,3.0
hpmcounter9,normal,seed3,229,3.0
hpmcounter9,normal,seed3,230,3.0
hpmcounter9,normal,seed3,231,3.0
hpmcounter9,normal,seed3,232,3.0
hpmcounter9,normal,seed3,233,3.0
hpmcounter9,normal,seed3,234,3.0
hpmcounter9,normal,seed3,235,3.0
hpmcounter9,normal,seed3,236,3.0
hpmcounter9,normal,seed3,237,3.0
hpmcounter9,normal,seed3,238,3.0
hpmcounter9,normal,seed3,239,3.0
hpmcounter9,normal,seed3,240,3.0
hpmcounter9,normal,seed3,241,3.0
hpmcounter9,normal,seed3,242,3.0
hpmcounter9,normal,seed3,243,3.0
hpmcounter9,normal,seed3,244,3.0
hpmcounter9,normal,seed3,245,3.0
hpmcounter9,normal,seed3,246,3.0
hpmcounter9,normal,seed3,247,3.0
hpmcounter9,normal,seed3,248,3.0
hpmcounter9,normal,seed3,249,3.0
hpmcounter9,normal,seed3,250,3.0
hpmcounter9,normal,seed3,251,3.0
hpmcounter9,normal,seed3,252,3.0
hpmcounter9,normal,seed3,253,3.0
hpmcounter9,normal,seed3,254,3.0
hpmcounter9,normal,seed3,255,3.0
hpmcounter9,normal,seed3,256,3.0
hpmcounter9,normal,seed3,257,3.0
hpmcounter9,normal,seed3,258,3.0
hpmcounter9,normal,seed3,259,3.0
hpmcounter9,normal,seed3,260,3.0
hpmcounter9,normal,seed3,261,3.0
hpmcounter9,normal,seed3,262,3.0
hpmcounter9,normal,seed3,263,3.0
hpmcounter9,normal,seed3,264,3.0
hpmcounter9,normal,seed3,265,3.0
hpmcounter9,normal,seed3,266,3.0
hpmcounter9,normal,seed3,267,3.0
hpmcounter9,normal,seed3,268,3.0
hpmcounter9,normal,seed3,269,3.0
hpmcounter9,normal,seed3,270,3.0
hpmcounter9,normal,seed3,271,3.0
hpmcounter9,normal,seed3,272,3.0
hpmcounter9,normal,seed3,273,3.0
hpmcounter9,normal,seed3,274,3.0
hpmcounter9,normal,seed3,275,3.0
hpmcounter9,normal,seed3,276,3.0
hpmcounter9,normal,seed3,277,3.0
hpmcounter9,normal,seed3,278,3.0
hpmcounter9,normal,seed3,279,3.0
hpmcounter9,normal,seed3,280,3.0
hpmcounter9,normal,seed3,281,3.0
hpmcounter9,normal,seed3,282,3.0
hpmcounter9,normal,seed3,283,3.0
hpmcounter9,normal,seed3,284,3.0
hpmcounter9,normal,seed3,285,3.0
hpmcounter9,normal,seed3,286,3.0
hpmcounter9,normal,seed3,287,3.0
hpmcounter9,normal,seed3,288,3.0
hpmcounter9,normal,seed3,289,3.0
hpmcounter9,normal,seed3,290,3.0
hpmcounter9,normal,seed3,291,3.0
hpmcounter9,normal,seed3,292,3.0
hpmcounter9,normal,seed3,293,3.0
hpmcounter9,normal,seed3,294,3.0
hpmcounter9,normal,seed3,295,3.0
hpmcounter9,normal,seed3,296,3.0
hpmcounter9,normal,seed3,297,3.0
hpmcounter9,normal,seed3,298,3.0
hpmcounter9,normal,seed4,9,3.2181818181818183
hpmcounter9,normal,seed4,10,3.0
hpmcounter9,normal,seed4,11,3.0
hpmcounter9,normal,seed4,12,3.0
hpmcounter9,normal,seed4,13,3.0
hpmcounter9,normal,seed4,14,3.0
hpmcounter9,normal,seed4,15,3.0
hpmcounter9,normal,seed4,16,3.0
hpmcounter9,normal,seed4,17,3.0
hpmcounter9,normal,seed4,18,3.0
hpmcounter9,normal,seed4,19,3.0
hpmcounter9,normal,seed4,20,3.0
hpmcounter9,normal,seed4,21,3.0
hpmcounter9,normal,seed4,22,3.0
hpmcounter9,normal,seed4,23,3.0
hpmcounter9,normal,seed4,24,3.0
hpmcounter9,normal,seed4,25,3.0
hpmcounter9,normal,seed4,26,3.0
hpmcounter9,normal,seed4,27,3.0
hpmcounter9,normal,seed4,28,3.0
hpmcounter9,normal,seed4,29,3.0
hpmcounter9,normal,seed4,30,3.0
hpmcounter9,normal,seed4,31,3.0
hpmcounter9,normal,seed4,32,3.0
hpmcounter9,normal,seed4,33,3.0
hpmcounter9,normal,seed4,34,3.0
hpmcounter9,normal,seed4,35,3.0
hpmcounter9,normal,seed4,36,3.0
hpmcounter9,normal,seed4,37,3.0
hpmcounter9,normal,seed4,38,3.0
hpmcounter9,normal,seed4,39,3.0
hpmcounter9,normal,seed4,40,3.0
hpmcounter9,normal,seed4,41,3.0
hpmcounter9,normal,seed4,42,3.0
hpmcounter9,normal,seed4,43,3.0
hpmcounter9,normal,seed4,44,3.0
hpmcounter9,normal,seed4,45,3.0
hpmcounter9,normal,seed4,46,3.0
hpmcounter9,normal,seed4,47,3.0
hpmcounter9,normal,seed4,48,3.0545454545454547
hpmcounter9,normal,seed4,49,3.096969696969697
hpmcounter9,normal,seed4,50,3.1272727272727274
hpmcounter9,normal,seed4,51,3.1454545454545455
hpmcounter9,normal,seed4,52,3.2606060606060607
hpmcounter9,normal,seed4,53,3.3393939393939394
hpmcounter9,normal,seed4,54,3.381818181818182
hpmcounter9,normal,seed4,55,3.3878787878787877
hpmcounter9,normal,seed4,56,3.3575757575757574
hpmcounter9,normal,seed4,57,3.290909090909091
hpmcounter9,normal,seed4,58,3.2545454545454544
hpmcounter9,normal,seed4,59,3.193939393939394
hpmcounter9,normal,seed4,60,3.109090909090909
hpmcounter9,normal,seed4,61,3.0
hpmcounter9,normal,seed4,62,3.0
hpmcounter9,normal,seed4,63,3.0
hpmcounter9,normal,seed4,64,3.0
hpmcounter9,normal,seed4,65,3.0
hpmcounter9,normal,seed4,66,3.0
hpmcounter9,normal,seed4,67,3.0
hpmcounter9,normal,seed4,68,3.0
hpmcounter9,normal,seed4,69,3.0
hpmcounter9,normal,seed4,70,3.0
hpmcounter9,normal,seed4,71,3.0
hpmcounter9,normal,seed4,72,3.0
hpmcounter9,normal,seed4,73,3.0
hpmcounter9,normal,seed4,74,3.0
hpmcounter9,normal,seed4,75,3.0
hpmcounter9,normal,seed4,76,3.0
hpmcounter9,normal,seed4,77,3.0
hpmcounter9,normal,seed4,78,3.0
hpmcounter9,normal,seed4,79,3.0545454545454547
hpmcounter9,normal,seed4,80,3.096969696969697
hpmcounter9,normal,seed4,81,3.1818181818181817
hpmcounter9,normal,seed4,82,3.242424242424242
hpmcounter9,normal,seed4,83,3.278787878787879
hpmcounter9,normal,seed4,84,3.290909090909091
hpmcounter9,normal,seed4,85,3.278787878787879
hpmcounter9,normal,seed4,86,3.242424242424242
hpmcounter9,normal,seed4,87,3.1818181818181817
hpmcounter9,normal,seed4,88,3.096969696969697
hpmcounter9,normal,seed4,89,3.0545454545454547
hpmcounter9,normal,seed4,90,3.0
hpmcounter9,normal,seed4,91,3.0
hpmcounter9,normal,seed4,92,3.0
hpmcounter9,normal,seed4,93,3.0
hpmcounter9,normal,seed4,94,3.0
hpmcounter9,normal,seed4,95,3.0
hpmcounter9,normal,seed4,96,3.0
hpmcounter9,normal,seed4,97,3.0
hpmcounter9,normal,seed4,98,3.0
hpmcounter9,normal,seed4,99,3.0
hpmcounter9,normal,seed4,100,3.0
hpmcounter9,normal,seed4,101,3.0
hpmcounter9,normal,seed4,102,3.0
hpmcounter9,normal,seed4,103,3.0
hpmcounter9,normal,seed4,104,3.0
hpmcounter9,normal,seed4,105,3.0
hpmcounter9,normal,seed4,106,3.0
hpmcounter9,normal,seed4,107,3.0
hpmcounter9,normal,seed4,108,3.0
hpmcounter9,normal,seed4,109,3.0
hpmcounter9,normal,seed4,110,3.0
hpmcounter9,normal,seed4,111,3.0
hpmcounter9,normal,seed4,112,3.0
hpmcounter9,normal,seed4,113,3.0
hpmcounter9,normal,seed4,114,3.0
hpmcounter9,normal,seed4,115,3.0
hpmcounter9,normal,seed4,116,3.0
hpmcounter9,normal,seed4,117,3.0
hpmcounter9,normal,seed4,118,3.0
hpmcounter9,normal,seed4,119,3.0
hpmcounter9,normal,seed4,120,3.0
hpmcounter9,normal,seed4,121,3.0
hpmcounter9,normal,seed4,122,3.0
hpmcounter9,normal,seed4,123,3.0
hpmcounter9,normal,seed4,124,3.0
hpmcounter9,normal,seed4,125,3.0
hpmcounter9,normal,seed4,126,3.0
hpmcounter9,normal,seed4,127,3.0
hpmcounter9,normal,seed4,128,3.0
hpmcounter9,normal,seed4,129,3.0
hpmcounter9,normal,seed4,130,3.0
hpmcounter9,normal,seed4,131,3.0
hpmcounter9,normal,seed4,132,3.0
hpmcounter9,normal,seed4,133,3.0
hpmcounter9,normal,seed4,134,3.0
hpmcounter9,normal,seed4,135,3.0
hpmcounter9,normal,seed4,136,3.0
hpmcounter9,normal,seed4,137,3.0
hpmcounter9,normal,seed4,138,3.0
hpmcounter9,normal,seed4,139,3.0
hpmcounter9,normal,seed4,140,3.0545454545454547
hpmcounter9,normal,seed4,141,3.1515151515151514
hpmcounter9,normal,seed4,142,3.224242424242424
hpmcounter9,normal,seed4,143,3.272727272727273
hpmcounter9,normal,seed4,144,3.296969696969697
hpmcounter9,normal,seed4,145,3.296969696969697
hpmcounter9,normal,seed4,146,3.272727272727273
hpmcounter9,normal,seed4,147,3.224242424242424
hpmcounter9,normal,seed4,148,3.1515151515151514
hpmcounter9,normal,seed4,149,3.0545454545454547
hpmcounter9,normal,seed4,150,3.0
hpmcounter9,normal,seed4,151,3.0
hpmcounter9,normal,seed4,152,3.0
hpmcounter9,normal,seed4,153,3.0
hpmcounter9,normal,seed4,154,3.0
hpmcounter9,normal,seed4,155,3.0
hpmcounter9,normal,seed4,156,3.0
hpmcounter9,normal,seed4,157,3.0
hpmcounter9,normal,seed4,158,3.0
hpmcounter9,normal,seed4,159,3.0
hpmcounter9,normal,seed4,160,3.0
hpmcounter9,normal,seed4,161,3.0
hpmcounter9,normal,seed4,162,3.0
hpmcounter9,normal,seed4,163,3.0
hpmcounter9,normal,seed4,164,3.0
hpmcounter9,normal,seed4,165,3.0
hpmcounter9,normal,seed4,166,3.0
hpmcounter9,normal,seed4,167,3.0
hpmcounter9,normal,seed4,168,3.0
hpmcounter9,normal,seed4,169,3.0
hpmcounter9,normal,seed4,170,3.0
hpmcounter9,normal,seed4,171,3.0
hpmcounter9,normal,seed4,172,3.0
hpmcounter9,normal,seed4,173,3.0
hpmcounter9,normal,seed4,174,3.0
hpmcounter9,normal,seed4,175,3.0
hpmcounter9,normal,seed4,176,3.0
hpmcounter9,normal,seed4,177,3.0
hpmcounter9,normal,seed4,178,3.0
hpmcounter9,normal,seed4,179,3.0
hpmcounter9,normal,seed4,180,3.0
hpmcounter9,normal,seed4,181,3.0
hpmcounter9,normal,seed4,182,3.0
hpmcounter9,normal,seed4,183,3.0
hpmcounter9,normal,seed4,184,3.0
hpmcounter9,normal,seed4,185,3.0
hpmcounter9,normal,seed4,186,3.0
hpmcounter9,normal,seed4,187,3.0
hpmcounter9,normal,seed4,188,3.0
hpmcounter9,normal,seed4,189,3.0
hpmcounter9,normal,seed4,190,3.0
hpmcounter9,normal,seed4,191,3.0
hpmcounter9,normal,seed4,192,3.0
hpmcounter9,normal,seed4,193,3.0
hpmcounter9,normal,seed4,194,3.0
hpmcounter9,normal,seed4,195,3.0
hpmcounter9,normal,seed4,196,3.0
hpmcounter9,normal,seed4,197,3.0
hpmcounter9,normal,seed4,198,3.0
hpmcounter9,normal,seed4,199,3.0
hpmcounter9,normal,seed4,200,3.0
hpmcounter9,normal,seed4,201,3.0
hpmcounter9,normal,seed4,202,3.0
hpmcounter9,normal,seed4,203,3.0
hpmcounter9,normal,seed4,204,3.0
hpmcounter9,normal,seed4,205,3.0
hpmcounter9,normal,seed4,206,3.0
hpmcounter9,normal,seed4,207,3.0
hpmcounter9,normal,seed4,208,3.0
hpmcounter9,normal,seed4,209,3.0
hpmcounter9,normal,seed4,210,3.0
hpmcounter9,normal,seed4,211,3.0
hpmcounter9,normal,seed4,212,3.0
hpmcounter9,normal,seed4,213,3.0
hpmcounter9,normal,seed4,214,3.0
hpmcounter9,normal,seed4,215,3.0
hpmcounter9,normal,seed4,216,3.0
hpmcounter9,normal,seed4,217,3.0
hpmcounter9,normal,seed4,218,3.0
hpmcounter9,normal,seed4,219,3.0
hpmcounter9,normal,seed4,220,3.0
hpmcounter9,normal,seed4,221,3.0
hpmcounter9,normal,seed4,222,3.0
hpmcounter9,normal,seed4,223,3.0
hpmcounter9,normal,seed4,224,3.0
hpmcounter9,normal,seed4,225,3.0
hpmcounter9,normal,seed4,226,3.0
hpmcounter9,normal,seed4,227,3.0
hpmcounter9,normal,seed4,228,3.0
hpmcounter9,normal,seed4,229,3.0
hpmcounter9,normal,seed4,230,3.0
hpmcounter9,normal,seed4,231,3.0
hpmcounter9,normal,seed4,232,3.0
hpmcounter9,normal,seed4,233,3.0
hpmcounter9,normal,seed4,234,3.0
hpmcounter9,normal,seed4,235,3.0
hpmcounter9,normal,seed4,236,3.0
hpmcounter9,normal,seed4,237,3.0
hpmcounter9,normal,seed4,238,3.0
hpmcounter9,normal,seed4,239,3.0
hpmcounter9,normal,seed4,240,3.0
hpmcounter9,normal,seed4,241,3.0
hpmcounter9,normal,seed4,242,3.0
hpmcounter9,normal,seed4,243,3.0
hpmcounter9,normal,seed4,244,3.0
hpmcounter9,normal,seed4,245,3.0
hpmcounter9,normal,seed4,246,3.0
hpmcounter9,normal,seed4,247,3.0
hpmcounter9,normal,seed4,248,3.0
hpmcounter9,normal,seed4,249,3.0
hpmcounter9,normal,seed4,250,3.0
hpmcounter9,normal,seed4,251,3.0
hpmcounter9,normal,seed4,252,3.0
hpmcounter9,normal,seed4,253,3.0
hpmcounter9,normal,seed4,254,3.0
hpmcounter9,normal,seed4,255,3.0
hpmcounter9,normal,seed4,256,3.0
hpmcounter9,normal,seed4,257,3.0545454545454547
hpmcounter9,normal,seed4,258,3.096969696969697
hpmcounter9,normal,seed4,259,3.1272727272727274
hpmcounter9,normal,seed4,260,3.1454545454545455
hpmcounter9,normal,seed4,261,3.1515151515151514
hpmcounter9,normal,seed4,262,3.1454545454545455
hpmcounter9,normal,seed4,263,3.1272727272727274
hpmcounter9,normal,seed4,264,3.096969696969697
hpmcounter9,normal,seed4,265,3.0545454545454547
hpmcounter9,normal,seed4,266,3.0
hpmcounter9,normal,seed4,267,3.0
hpmcounter9,normal,seed4,268,3.0
hpmcounter9,normal,seed4,269,3.0
hpmcounter9,normal,seed4,270,3.0
hpmcounter9,normal,seed4,271,3.0
hpmcounter9,normal,seed4,272,3.0
hpmcounter9,normal,seed4,273,3.0
hpmcounter9,normal,seed4,274,3.0
hpmcounter9,normal,seed4,275,3.0
hpmcounter9,normal,seed4,276,3.0
hpmcounter9,normal,seed4,277,3.0
hpmcounter9,normal,seed4,278,3.0
hpmcounter9,normal,seed4,279,3.0
hpmcounter9,normal,seed4,280,3.0
hpmcounter9,normal,seed4,281,3.0
hpmcounter9,normal,seed4,282,3.0
hpmcounter9,normal,seed4,283,3.0
hpmcounter9,normal,seed4,284,3.0
hpmcounter9,normal,seed4,285,3.0
hpmcounter9,normal,seed4,286,3.0
hpmcounter9,normal,seed4,287,3.0
hpmcounter9,normal,seed4,288,3.0
hpmcounter9,normal,seed4,289,3.0
hpmcounter9,normal,seed4,290,3.0
hpmcounter9,normal,seed4,291,3.0
hpmcounter9,normal,seed4,292,3.0
hpmcounter9,normal,seed4,293,3.0
hpmcounter9,normal,seed4,294,3.0
hpmcounter9,normal,seed4,295,3.0545454545454547
hpmcounter9,normal,seed4,296,3.096969696969697
hpmcounter9,normal,seed4,297,3.1272727272727274
hpmcounter9,normal,seed4,298,3.1454545454545455
hpmcounter9,normal,seed5,9,3.2181818181818183
hpmcounter9,normal,seed5,10,3.0
hpmcounter9,normal,seed5,11,3.0
hpmcounter9,normal,seed5,12,3.0
hpmcounter9,normal,seed5,13,3.0
hpmcounter9,normal,seed5,14,3.0
hpmcounter9,normal,seed5,15,3.0
hpmcounter9,normal,seed5,16,3.0
hpmcounter9,normal,seed5,17,3.0
hpmcounter9,normal,seed5,18,3.0
hpmcounter9,normal,seed5,19,3.0
hpmcounter9,normal,seed5,20,3.0
hpmcounter9,normal,seed5,21,3.0
hpmcounter9,normal,seed5,22,3.0
hpmcounter9,normal,seed5,23,3.0
hpmcounter9,normal,seed5,24,3.0
hpmcounter9,normal,seed5,25,3.0
hpmcounter9,normal,seed5,26,3.0
hpmcounter9,normal,seed5,27,3.0
hpmcounter9,normal,seed5,28,3.0
hpmcounter9,normal,seed5,29,3.0
hpmcounter9,normal,seed5,30,3.0
hpmcounter9,normal,seed5,31,3.0
hpmcounter9,normal,seed5,32,3.0
hpmcounter9,normal,seed5,33,3.0
hpmcounter9,normal,seed5,34,3.0
hpmcounter9,normal,seed5,35,3.0
hpmcounter9,normal,seed5,36,3.0
hpmcounter9,normal,seed5,37,3.0
hpmcounter9,normal,seed5,38,3.0
hpmcounter9,normal,seed5,39,3.0
hpmcounter9,normal,seed5,40,3.0
hpmcounter9,normal,seed5,41,3.0
hpmcounter9,normal,seed5,42,3.0
hpmcounter9,normal,seed5,43,3.0
hpmcounter9,normal,seed5,44,3.0
hpmcounter9,normal,seed5,45,3.0
hpmcounter9,normal,seed5,46,3.0
hpmcounter9,normal,seed5,47,3.0
hpmcounter9,normal,seed5,48,3.0
hpmcounter9,normal,seed5,49,3.0
hpmcounter9,normal,seed5,50,3.0
hpmcounter9,normal,seed5,51,3.0
hpmcounter9,normal,seed5,52,3.0
hpmcounter9,normal,seed5,53,3.0
hpmcounter9,normal,seed5,54,3.0
hpmcounter9,normal,seed5,55,3.0
hpmcounter9,normal,seed5,56,3.0
hpmcounter9,normal,seed5,57,3.0
hpmcounter9,normal,seed5,58,3.0
hpmcounter9,normal,seed5,59,3.0
hpmcounter9,normal,seed5,60,3.0
hpmcounter9,normal,seed5,61,3.0
hpmcounter9,normal,seed5,62,3.0
hpmcounter9,normal,seed5,63,3.0
hpmcounter9,normal,seed5,64,3.0
hpmcounter9,normal,seed5,65,3.0
hpmcounter9,normal,seed5,66,3.0
hpmcounter9,normal,seed5,67,3.0
hpmcounter9,normal,seed5,68,3.0
hpmcounter9,normal,seed5,69,3.0
hpmcounter9,normal,seed5,70,3.0
hpmcounter9,normal,seed5,71,3.0
hpmcounter9,normal,seed5,72,3.0
hpmcounter9,normal,seed5,73,3.0
hpmcounter9,normal,seed5,74,3.0
hpmcounter9,normal,seed5,75,3.0
hpmcounter9,normal,seed5,76,3.0
hpmcounter9,normal,seed5,77,3.0
hpmcounter9,normal,seed5,78,3.0
hpmcounter9,normal,seed5,79,3.0
hpmcounter9,normal,seed5,80,3.0
hpmcounter9,normal,seed5,81,3.0
hpmcounter9,normal,seed5,82,3.0
hpmcounter9,normal,seed5,83,3.0
hpmcounter9,normal,seed5,84,3.0
hpmcounter9,normal,seed5,85,3.0
hpmcounter9,normal,seed5,86,3.0
hpmcounter9,normal,seed5,87,3.0
hpmcounter9,normal,seed5,88,3.0
hpmcounter9,normal,seed5,89,3.0
hpmcounter9,normal,seed5,90,3.0
hpmcounter9,normal,seed5,91,3.0
hpmcounter9,normal,seed5,92,3.0
hpmcounter9,normal,seed5,93,3.0
hpmcounter9,normal,seed5,94,3.0
hpmcounter9,normal,seed5,95,3.0545454545454547
hpmcounter9,normal,seed5,96,3.096969696969697
hpmcounter9,normal,seed5,97,3.1818181818181817
hpmcounter9,normal,seed5,98,3.242424242424242
hpmcounter9,normal,seed5,99,3.278787878787879
hpmcounter9,normal,seed5,100,3.290909090909091
hpmcounter9,normal,seed5,101,3.278787878787879
hpmcounter9,normal,seed5,102,3.242424242424242
hpmcounter9,normal,seed5,103,3.1818181818181817
hpmcounter9,normal,seed5,104,3.096969696969697
hpmcounter9,normal,seed5,105,3.0545454545454547
hpmcounter9,normal,seed5,106,3.0
hpmcounter9,normal,seed5,107,3.0
hpmcounter9,normal,seed5,108,3.0
hpmcounter9,normal,seed5,109,3.0
hpmcounter9,normal,seed5,110,3.0
hpmcounter9,normal,seed5,111,3.0
hpmcounter9,normal,seed5,112,3.0
hpmcounter9,normal,seed5,113,3.0
hpmcounter9,normal,seed5,114,3.0
hpmcounter9,normal,seed5,115,3.0
hpmcounter9,normal,seed5,116,3.0
hpmcounter9,normal,seed5,117,3.0
hpmcounter9,normal,seed5,118,3.0
hpmcounter9,normal,seed5,119,3.0
hpmcounter9,normal,seed5,120,3.0
hpmcounter9,normal,seed5,121,3.0
hpmcounter9,normal,seed5,122,3.0
hpmcounter9,normal,seed5,123,3.0
hpmcounter9,normal,seed5,124,3.0
hpmcounter9,normal,seed5,125,3.0
hpmcounter9,normal,seed5,126,3.0
hpmcounter9,normal,seed5,127,3.0
hpmcounter9,normal,seed5,128,3.0
hpmcounter9,normal,seed5,129,3.0
hpmcounter9,normal,seed5,130,3.0
hpmcounter9,normal,seed5,131,3.0
hpmcounter9,normal,seed5,132,3.0
hpmcounter9,normal,seed5,133,3.0
hpmcounter9,normal,seed5,134,3.0
hpmcounter9,normal,seed5,135,3.0
hpmcounter9,normal,seed5,136,3.0
hpmcounter9,normal,seed5,137,3.0
hpmcounter9,normal,seed5,138,3.0
hpmcounter9,normal,seed5,139,3.0
hpmcounter9,normal,seed5,140,3.0
hpmcounter9,normal,seed5,141,3.0
hpmcounter9,normal,seed5,142,3.0
hpmcounter9,normal,seed5,143,3.0
hpmcounter9,normal,seed5,144,3.0
hpmcounter9,normal,seed5,145,3.0
hpmcounter9,normal,seed5,146,3.0
hpmcounter9,normal,seed5,147,3.0
hpmcounter9,normal,seed5,148,3.0
hpmcounter9,normal,seed5,149,3.0
hpmcounter9,normal,seed5,150,3.0
hpmcounter9,normal,seed5,151,3.0
hpmcounter9,normal,seed5,152,3.0
hpmcounter9,normal,seed5,153,3.0
hpmcounter9,normal,seed5,154,3.0
hpmcounter9,normal,seed5,155,3.0
hpmcounter9,normal,seed5,156,3.0
hpmcounter9,normal,seed5,157,3.0
hpmcounter9,normal,seed5,158,3.0
hpmcounter9,normal,seed5,159,3.0
hpmcounter9,normal,seed5,160,3.0
hpmcounter9,normal,seed5,161,3.0
hpmcounter9,normal,seed5,162,3.0
hpmcounter9,normal,seed5,163,3.0
hpmcounter9,normal,seed5,164,3.0
hpmcounter9,normal,seed5,165,3.0
hpmcounter9,normal,seed5,166,3.0
hpmcounter9,normal,seed5,167,3.0
hpmcounter9,normal,seed5,168,3.0
hpmcounter9,normal,seed5,169,3.0
hpmcounter9,normal,seed5,170,3.0
hpmcounter9,normal,seed5,171,3.0
hpmcounter9,normal,seed5,172,3.0
hpmcounter9,normal,seed5,173,3.0
hpmcounter9,normal,seed5,174,3.0
hpmcounter9,normal,seed5,175,3.0
hpmcounter9,normal,seed5,176,3.0
hpmcounter9,normal,seed5,177,3.0
hpmcounter9,normal,seed5,178,3.0
hpmcounter9,normal,seed5,179,3.0
hpmcounter9,normal,seed5,180,3.0
hpmcounter9,normal,seed5,181,3.0
hpmcounter9,normal,seed5,182,3.0
hpmcounter9,normal,seed5,183,3.0
hpmcounter9,normal,seed5,184,3.0545454545454547
hpmcounter9,normal,seed5,185,3.1515151515151514
hpmcounter9,normal,seed5,186,3.224242424242424
hpmcounter9,normal,seed5,187,3.272727272727273
hpmcounter9,normal,seed5,188,3.296969696969697
hpmcounter9,normal,seed5,189,3.296969696969697
hpmcounter9,normal,seed5,190,3.272727272727273
hpmcounter9,normal,seed5,191,3.224242424242424
hpmcounter9,normal,seed5,192,3.1515151515151514
hpmcounter9,normal,seed5,193,3.0545454545454547
hpmcounter9,normal,seed5,194,3.0
hpmcounter9,normal,seed5,195,3.0
hpmcounter9,normal,seed5,196,3.0
hpmcounter9,normal,seed5,197,3.0
hpmcounter9,normal,seed5,198,3.0
hpmcounter9,normal,seed5,199,3.0
hpmcounter9,normal,seed5,200,3.0
hpmcounter9,normal,seed5,201,3.0
hpmcounter9,normal,seed5,202,3.0
hpmcounter9,normal,seed5,203,3.0
hpmcounter9,normal,seed5,204,3.0
hpmcounter9,normal,seed5,205,3.0
hpmcounter9,normal,seed5,206,3.0
hpmcounter9,normal,seed5,207,3.0
hpmcounter9,normal,seed5,208,3.0
hpmcounter9,normal,seed5,209,3.0
hpmcounter9,normal,seed5,210,3.0
hpmcounter9,normal,seed5,211,3.0
hpmcounter9,normal,seed5,212,3.0
hpmcounter9,normal,seed5,213,3.0
hpmcounter9,normal,seed5,214,3.0
hpmcounter9,normal,seed5,215,3.0
hpmcounter9,normal,seed5,216,3.0
hpmcounter9,normal,seed5,217,3.0
hpmcounter9,normal,seed5,218,3.0
hpmcounter9,normal,seed5,219,3.0
hpmcounter9,normal,seed5,220,3.0
hpmcounter9,normal,seed5,221,3.0
hpmcounter9,normal,seed5,222,3.0
hpmcounter9,normal,seed5,223,3.0
hpmcounter9,normal,seed5,224,3.0
hpmcounter9,normal,seed5,225,3.0
hpmcounter9,normal,seed5,226,3.0
hpmcounter9,normal,seed5,227,3.0
hpmcounter9,normal,seed5,228,3.0
hpmcounter9,normal,seed5,229,3.0
hpmcounter9,normal,seed5,230,3.0
hpmcounter9,normal,seed5,231,3.0
hpmcounter9,normal,seed5,232,3.0
hpmcounter9,normal,seed5,233,3.0
hpmcounter9,normal,seed5,234,3.0
hpmcounter9,normal,seed5,235,3.0
hpmcounter9,normal,seed5,236,3.0
hpmcounter9,normal,seed5,237,3.0
hpmcounter9,normal,seed5,238,3.0
hpmcounter9,normal,seed5,239,3.0
hpmcounter9,normal,seed5,240,3.0
hpmcounter9,normal,seed5,241,3.0
hpmcounter9,normal,seed5,242,3.0
hpmcounter9,normal,seed5,243,3.0
hpmcounter9,normal,seed5,244,3.0
hpmcounter9,normal,seed5,245,3.0
hpmcounter9,normal,seed5,246,3.0
hpmcounter9,normal,seed5,247,3.0
hpmcounter9,normal,seed5,248,3.0
hpmcounter9,normal,seed5,249,3.0
hpmcounter9,normal,seed5,250,3.0
hpmcounter9,normal,seed5,251,3.0
hpmcounter9,normal,seed5,252,3.0
hpmcounter9,normal,seed5,253,3.0
hpmcounter9,normal,seed5,254,3.0
hpmcounter9,normal,seed5,255,3.0
hpmcounter9,normal,seed5,256,3.0
hpmcounter9,normal,seed5,257,3.0
hpmcounter9,normal,seed5,258,3.0
hpmcounter9,normal,seed5,259,3.0
hpmcounter9,normal,seed5,260,3.0
hpmcounter9,normal,seed5,261,3.0
hpmcounter9,normal,seed5,262,3.0
hpmcounter9,normal,seed5,263,3.0
hpmcounter9,normal,seed5,264,3.0
hpmcounter9,normal,seed5,265,3.0
hpmcounter9,normal,seed5,266,3.0
hpmcounter9,normal,seed5,267,3.0
hpmcounter9,normal,seed5,268,3.0
hpmcounter9,normal,seed5,269,3.0
hpmcounter9,normal,seed5,270,3.0
hpmcounter9,normal,seed5,271,3.0
hpmcounter9,normal,seed5,272,3.0
hpmcounter9,normal,seed5,273,3.0
hpmcounter9,normal,seed5,274,3.0
hpmcounter9,normal,seed5,275,3.0
hpmcounter9,normal,seed5,276,3.0545454545454547
hpmcounter9,normal,seed5,277,3.096969696969697
hpmcounter9,normal,seed5,278,3.1272727272727274
hpmcounter9,normal,seed5,279,3.1454545454545455
hpmcounter9,normal,seed5,280,3.1515151515151514
hpmcounter9,normal,seed5,281,3.1454545454545455
hpmcounter9,normal,seed5,282,3.1272727272727274
hpmcounter9,normal,seed5,283,3.096969696969697
hpmcounter9,normal,seed5,284,3.0545454545454547
hpmcounter9,normal,seed5,285,3.0
hpmcounter9,normal,seed5,286,3.0
hpmcounter9,normal,seed5,287,3.0
hpmcounter9,normal,seed5,288,3.0
hpmcounter9,normal,seed5,289,3.0
hpmcounter9,normal,seed5,290,3.0
hpmcounter9,normal,seed5,291,3.0
hpmcounter9,normal,seed5,292,3.0
hpmcounter9,normal,seed5,293,3.0
hpmcounter9,normal,seed5,294,3.0
hpmcounter9,normal,seed5,295,3.0
hpmcounter9,normal,seed5,296,3.0
hpmcounter9,normal,seed5,297,3.0
hpmcounter9,normal,seed5,298,3.0
hpmcounter9,normal,seed6,9,3.2181818181818183
hpmcounter9,normal,seed6,10,3.0
hpmcounter9,normal,seed6,11,3.0
hpmcounter9,normal,seed6,12,3.0
hpmcounter9,normal,seed6,13,3.0
hpmcounter9,normal,seed6,14,3.0
hpmcounter9,normal,seed6,15,3.0
hpmcounter9,normal,seed6,16,3.0
hpmcounter9,normal,seed6,17,3.0
hpmcounter9,normal,seed6,18,3.0
hpmcounter9,normal,seed6,19,3.0
hpmcounter9,normal,seed6,20,3.0545454545454547
hpmcounter9,normal,seed6,21,3.096969696969697
hpmcounter9,normal,seed6,22,3.1272727272727274
hpmcounter9,normal,seed6,23,3.1454545454545455
hpmcounter9,normal,seed6,24,3.1515151515151514
hpmcounter9,normal,seed6,25,3.1454545454545455
hpmcounter9,normal,seed6,26,3.1272727272727274
hpmcounter9,normal,seed6,27,3.096969696969697
hpmcounter9,normal,seed6,28,3.0545454545454547
hpmcounter9,normal,seed6,29,3.0
hpmcounter9,normal,seed6,30,3.0
hpmcounter9,normal,seed6,31,3.0
hpmcounter9,normal,seed6,32,3.0
hpmcounter9,normal,seed6,33,3.0
hpmcounter9,normal,seed6,34,3.0
hpmcounter9,normal,seed6,35,3.0
hpmcounter9,normal,seed6,36,3.0
hpmcounter9,normal,seed6,37,3.0
hpmcounter9,normal,seed6,38,3.0
hpmcounter9,normal,seed6,39,3.0
hpmcounter9,normal,seed6,40,3.0
hpmcounter9,normal,seed6,41,3.0
hpmcounter9,normal,seed6,42,3.0
hpmcounter9,normal,seed6,43,3.0
hpmcounter9,normal,seed6,44,3.0
hpmcounter9,normal,seed6,45,3.0
hpmcounter9,normal,seed6,46,3.0
hpmcounter9,normal,seed6,47,3.0
hpmcounter9,normal,seed6,48,3.0
hpmcounter9,normal,seed6,49,3.0
hpmcounter9,normal,seed6,50,3.0
hpmcounter9,normal,seed6,51,3.0545454545454547
hpmcounter9,normal,seed6,52,3.1515151515151514
hpmcounter9,normal,seed6,53,3.224242424242424
hpmcounter9,normal,seed6,54,3.272727272727273
hpmcounter9,normal,seed6,55,3.296969696969697
hpmcounter9,normal,seed6,56,3.296969696969697
hpmcounter9,normal,seed6,57,3.272727272727273
hpmcounter9,normal,seed6,58,3.224242424242424
hpmcounter9,normal,seed6,59,3.1515151515151514
hpmcounter9,normal,seed6,60,3.0545454545454547
hpmcounter9,normal,seed6,61,3.0
hpmcounter9,normal,seed6,62,3.0
hpmcounter9,normal,seed6,63,3.0
hpmcounter9,normal,seed6,64,3.0
hpmcounter9,normal,seed6,65,3.0
hpmcounter9,normal,seed6,66,3.0
hpmcounter9,normal,seed6,67,3.0
hpmcounter9,normal,seed6,68,3.0
hpmcounter9,normal,seed6,69,3.0
hpmcounter9,normal,seed6,70,3.0
hpmcounter9,normal,seed6,71,3.0
hpmcounter9,normal,seed6,72,3.0
hpmcounter9,normal,seed6,73,3.0
hpmcounter9,normal,seed6,74,3.0
hpmcounter9,normal,seed6,75,3.0
hpmcounter9,normal,seed6,76,3.0
hpmcounter9,normal,seed6,77,3.0
hpmcounter9,normal,seed6,78,3.0
hpmcounter9,normal,seed6,79,3.0
hpmcounter9,normal,seed6,80,3.0
hpmcounter9,normal,seed6,81,3.0
hpmcounter9,normal,seed6,82,3.0545454545454547
hpmcounter9,normal,seed6,83,3.096969696969697
hpmcounter9,normal,seed6,84,3.2363636363636363
hpmcounter9,normal,seed6,85,3.3393939393939394
hpmcounter9,normal,seed6,86,3.4060606060606062
hpmcounter9,normal,seed6,87,3.4363636363636365
hpmcounter9,normal,seed6,88,3.43030303030303
hpmcounter9,normal,seed6,89,3.3878787878787877
hpmcounter9,normal,seed6,90,3.309090909090909
hpmcounter9,normal,seed6,91,3.193939393939394
hpmcounter9,normal,seed6,92,3.109090909090909
hpmcounter9,normal,seed6,93,3.0
hpmcounter9,normal,seed6,94,3.0
hpmcounter9,normal,seed6,95,3.0
hpmcounter9,normal,seed6,96,3.0
hpmcounter9,normal,seed6,97,3.0
hpmcounter9,normal,seed6,98,3.0
hpmcounter9,normal,seed6,99,3.0
hpmcounter9,normal,seed6,100,3.0
hpmcounter9,normal,seed6,101,3.0
hpmcounter9,normal,seed6,102,3.0
hpmcounter9,normal,seed6,103,3.0
hpmcounter9,normal,seed6,104,3.0
hpmcounter9,normal,seed6,105,3.0
hpmcounter9,normal,seed6,106,3.0
hpmcounter9,normal,seed6,107,3.0
hpmcounter9,normal,seed6,108,3.0
hpmcounter9,normal,seed6,109,3.0
hpmcounter9,normal,seed6,110,3.0
hpmcounter9,normal,seed6,111,3.0
hpmcounter9,normal,seed6,112,3.0
hpmcounter9,normal,seed6,113,3.0
hpmcounter9,normal,seed6,114,3.0
hpmcounter9,normal,seed6,115,3.0
hpmcounter9,normal,seed6,116,3.0
hpmcounter9,normal,seed6,117,3.0
hpmcounter9,normal,seed6,118,3.0
hpmcounter9,normal,seed6,119,3.0
hpmcounter9,normal,seed6,120,3.0
hpmcounter9,normal,seed6,121,3.0
hpmcounter9,normal,seed6,122,3.0
hpmcounter9,normal,seed6,123,3.0
hpmcounter9,normal,seed6,124,3.0
hpmcounter9,normal,seed6,125,3.0
hpmcounter9,normal,seed6,126,3.0
hpmcounter9,normal,seed6,127,3.0
hpmcounter9,normal,seed6,128,3.0
hpmcounter9,normal,seed6,129,3.0
hpmcounter9,normal,seed6,130,3.0
hpmcounter9,normal,seed6,131,3.0
hpmcounter9,normal,seed6,132,3.0
hpmcounter9,normal,seed6,133,3.0
hpmcounter9,normal,seed6,134,3.0
hpmcounter9,normal,seed6,135,3.0
hpmcounter9,normal,seed6,136,3.0
hpmcounter9,normal,seed6,137,3.0
hpmcounter9,normal,seed6,138,3.0
hpmcounter9,normal,seed6,139,3.0
hpmcounter9,normal,seed6,140,3.0
hpmcounter9,normal,seed6,141,3.0
hpmcounter9,normal,seed6,142,3.0
hpmcounter9,normal,seed6,143,3.0
hpmcounter9,normal,seed6,144,3.0
hpmcounter9,normal,seed6,145,3.0
hpmcounter9,normal,seed6,146,3.0
hpmcounter9,normal,seed6,147,3.0
hpmcounter9,normal,seed6,148,3.0
hpmcounter9,normal,seed6,149,3.0
hpmcounter9,normal,seed6,150,3.0
hpmcounter9,normal,seed6,151,3.0
hpmcounter9,normal,seed6,152,3.0
hpmcounter9,normal,seed6,153,3.0
hpmcounter9,normal,seed6,154,3.0
hpmcounter9,normal,seed6,155,3.0
hpmcounter9,normal,seed6,156,3.0
hpmcounter9,normal,seed6,157,3.0
hpmcounter9,normal,seed6,158,3.0
hpmcounter9,normal,seed6,159,3.0
hpmcounter9,normal,seed6,160,3.0
hpmcounter9,normal,seed6,161,3.0
hpmcounter9,normal,seed6,162,3.0
hpmcounter9,normal,seed6,163,3.0
hpmcounter9,normal,seed6,164,3.0
hpmcounter9,normal,seed6,165,3.0
hpmcounter9,normal,seed6,166,3.0
hpmcounter9,normal,seed6,167,3.0
hpmcounter9,normal,seed6,168,3.0
hpmcounter9,normal,seed6,169,3.0
hpmcounter9,normal,seed6,170,3.0
hpmcounter9,normal,seed6,171,3.0
hpmcounter9,normal,seed6,172,3.0
hpmcounter9,normal,seed6,173,3.0
hpmcounter9,normal,seed6,174,3.0
hpmcounter9,normal,seed6,175,3.0
hpmcounter9,normal,seed6,176,3.0
hpmcounter9,normal,seed6,177,3.0
hpmcounter9,normal,seed6,178,3.0
hpmcounter9,normal,seed6,179,3.0
hpmcounter9,normal,seed6,180,3.0
hpmcounter9,normal,seed6,181,3.0
hpmcounter9,normal,seed6,182,3.0
hpmcounter9,normal,seed6,183,3.0
hpmcounter9,normal,seed6,184,3.0
hpmcounter9,normal,seed6,185,3.0
hpmcounter9,normal,seed6,186,3.0
hpmcounter9,normal,seed6,187,3.0
hpmcounter9,normal,seed6,188,3.0
hpmcounter9,normal,seed6,189,3.0
hpmcounter9,normal,seed6,190,3.0
hpmcounter9,normal,seed6,191,3.0
hpmcounter9,normal,seed6,192,3.0
hpmcounter9,normal,seed6,193,3.0
hpmcounter9,normal,seed6,194,3.0
hpmcounter9,normal,seed6,195,3.0
hpmcounter9,normal,seed6,196,3.0
hpmcounter9,normal,seed6,197,3.0
hpmcounter9,normal,seed6,198,3.0
hpmcounter9,normal,seed6,199,3.0
hpmcounter9,normal,seed6,200,3.0
hpmcounter9,normal,seed6,201,3.0
hpmcounter9,normal,seed6,202,3.0
hpmcounter9,normal,seed6,203,3.0
hpmcounter9,normal,seed6,204,3.0
hpmcounter9,normal,seed6,205,3.0
hpmcounter9,normal,seed6,206,3.0
hpmcounter9,normal,seed6,207,3.0
hpmcounter9,normal,seed6,208,3.0
hpmcounter9,normal,seed6,209,3.109090909090909
hpmcounter9,normal,seed6,210,3.193939393939394
hpmcounter9,normal,seed6,211,3.2545454545454544
hpmcounter9,normal,seed6,212,3.290909090909091
hpmcounter9,normal,seed6,213,3.303030303030303
hpmcounter9,normal,seed6,214,3.290909090909091
hpmcounter9,normal,seed6,215,3.2545454545454544
hpmcounter9,normal,seed6,216,3.193939393939394
hpmcounter9,normal,seed6,217,3.109090909090909
hpmcounter9,normal,seed6,218,3.0
hpmcounter9,normal,seed6,219,3.0
hpmcounter9,normal,seed6,220,3.0
hpmcounter9,normal,seed6,221,3.0
hpmcounter9,normal,seed6,222,3.0
hpmcounter9,normal,seed6,223,3.0
hpmcounter9,normal,seed6,224,3.0
hpmcounter9,normal,seed6,225,3.0
hpmcounter9,normal,seed6,226,3.0
hpmcounter9,normal,seed6,227,3.0
hpmcounter9,normal,seed6,228,3.0
hpmcounter9,normal,seed6,229,3.0
hpmcounter9,normal,seed6,230,3.0
hpmcounter9,normal,seed6,231,3.0
hpmcounter9,normal,seed6,232,3.0
hpmcounter9,normal,seed6,233,3.0
hpmcounter9,normal,seed6,234,3.0
hpmcounter9,normal,seed6,235,3.0
hpmcounter9,normal,seed6,236,3.0
hpmcounter9,normal,seed6,237,3.0
hpmcounter9,normal,seed6,238,3.0
hpmcounter9,normal,seed6,239,3.0
hpmcounter9,normal,seed6,240,3.0
hpmcounter9,normal,seed6,241,3.0
hpmcounter9,normal,seed6,242,3.0
hpmcounter9,normal,seed6,243,3.0
hpmcounter9,normal,seed6,244,3.0
hpmcounter9,normal,seed6,245,3.0
hpmcounter9,normal,seed6,246,3.0
hpmcounter9,normal,seed6,247,3.0
hpmcounter9,normal,seed6,248,3.0
hpmcounter9,normal,seed6,249,3.0
hpmcounter9,normal,seed6,250,3.0
hpmcounter9,normal,seed6,251,3.0
hpmcounter9,normal,seed6,252,3.0
hpmcounter9,normal,seed6,253,3.0
hpmcounter9,normal,seed6,254,3.0
hpmcounter9,normal,seed6,255,3.0
hpmcounter9,normal,seed6,256,3.0
hpmcounter9,normal,seed6,257,3.0
hpmcounter9,normal,seed6,258,3.0
hpmcounter9,normal,seed6,259,3.0
hpmcounter9,normal,seed6,260,3.0
hpmcounter9,normal,seed6,261,3.0
hpmcounter9,normal,seed6,262,3.0
hpmcounter9,normal,seed6,263,3.0
hpmcounter9,normal,seed6,264,3.0
hpmcounter9,normal,seed6,265,3.0
hpmcounter9,normal,seed6,266,3.0
hpmcounter9,normal,seed6,267,3.0
hpmcounter9,normal,seed6,268,3.0
hpmcounter9,normal,seed6,269,3.0
hpmcounter9,normal,seed6,270,3.0
hpmcounter9,normal,seed6,271,3.0
hpmcounter9,normal,seed6,272,3.0
hpmcounter9,normal,seed6,273,3.0
hpmcounter9,normal,seed6,274,3.0
hpmcounter9,normal,seed6,275,3.0
hpmcounter9,normal,seed6,276,3.0
hpmcounter9,normal,seed6,277,3.0
hpmcounter9,normal,seed6,278,3.0
hpmcounter9,normal,seed6,279,3.0
hpmcounter9,normal,seed6,280,3.0
hpmcounter9,normal,seed6,281,3.0
hpmcounter9,normal,seed6,282,3.0
hpmcounter9,normal,seed6,283,3.0
hpmcounter9,normal,seed6,284,3.0
hpmcounter9,normal,seed6,285,3.0
hpmcounter9,normal,seed6,286,3.0
hpmcounter9,normal,seed6,287,3.0
hpmcounter9,normal,seed6,288,3.0
hpmcounter9,normal,seed6,289,3.0
hpmcounter9,normal,seed6,290,3.0
hpmcounter9,normal,seed6,291,3.0
hpmcounter9,normal,seed6,292,3.0
hpmcounter9,normal,seed6,293,3.0
hpmcounter9,normal,seed6,294,3.0
hpmcounter9,normal,seed6,295,3.0
hpmcounter9,normal,seed6,296,3.0
hpmcounter9,normal,seed6,297,3.0
hpmcounter9,normal,seed6,298,3.0
hpmcounter9,normal,seed7,9,3.2181818181818183
hpmcounter9,normal,seed7,10,3.0
hpmcounter9,normal,seed7,11,3.0
hpmcounter9,normal,seed7,12,3.0
hpmcounter9,normal,seed7,13,3.0
hpmcounter9,normal,seed7,14,3.0
hpmcounter9,normal,seed7,15,3.0
hpmcounter9,normal,seed7,16,3.0
hpmcounter9,normal,seed7,17,3.0
hpmcounter9,normal,seed7,18,3.0
hpmcounter9,normal,seed7,19,3.0
hpmcounter9,normal,seed7,20,3.0
hpmcounter9,normal,seed7,21,3.0
hpmcounter9,normal,seed7,22,3.0
hpmcounter9,normal,seed7,23,3.0
hpmcounter9,normal,seed7,24,3.0
hpmcounter9,normal,seed7,25,3.0
hpmcounter9,normal,seed7,26,3.0
hpmcounter9,normal,seed7,27,3.0
hpmcounter9,normal,seed7,28,3.0
hpmcounter9,normal,seed7,29,3.0
hpmcounter9,normal,seed7,30,3.0
hpmcounter9,normal,seed7,31,3.0
hpmcounter9,normal,seed7,32,3.0
hpmcounter9,normal,seed7,33,3.0
hpmcounter9,normal,seed7,34,3.0
hpmcounter9,normal,seed7,35,3.0
hpmcounter9,normal,seed7,36,3.0
hpmcounter9,normal,seed7,37,3.0
hpmcounter9,normal,seed7,38,3.0
hpmcounter9,normal,seed7,39,3.0
hpmcounter9,normal,seed7,40,3.0
hpmcounter9,normal,seed7,41,3.0
hpmcounter9,normal,seed7,42,3.0
hpmcounter9,normal,seed7,43,3.0
hpmcounter9,normal,seed7,44,3.0
hpmcounter9,normal,seed7,45,3.0545454545454547
hpmcounter9,normal,seed7,46,3.096969696969697
hpmcounter9,normal,seed7,47,3.1272727272727274
hpmcounter9,normal,seed7,48,3.1454545454545455
hpmcounter9,normal,seed7,49,3.1515151515151514
hpmcounter9,normal,seed7,50,3.1454545454545455
hpmcounter9,normal,seed7,51,3.1272727272727274
hpmcounter9,normal,seed7,52,3.096969696969697
hpmcounter9,normal,seed7,53,3.0545454545454547
hpmcounter9,normal,seed7,54,3.0
hpmcounter9,normal,seed7,55,3.0
hpmcounter9,normal,seed7,56,3.0
hpmcounter9,normal,seed7,57,3.0
hpmcounter9,normal,seed7,58,3.0
hpmcounter9,normal,seed7,59,3.0
hpmcounter9,normal,seed7,60,3.0
hpmcounter9,normal,seed7,61,3.0
hpmcounter9,normal,seed7,62,3.0
hpmcounter9,normal,seed7,63,3.0
hpmcounter9,normal,seed7,64,3.0
hpmcounter9,normal,seed7,65,3.0
hpmcounter9,normal,seed7,66,3.0
hpmcounter9,normal,seed7,67,3.0
hpmcounter9,normal,seed7,68,3.0
hpmcounter9,normal,seed7,69,3.0
hpmcounter9,normal,seed7,70,3.0
hpmcounter9,normal,seed7,71,3.0
hpmcounter9,normal,seed7,72,3.0
hpmcounter9,normal,seed7,73,3.0
hpmcounter9,normal,seed7,74,3.0
hpmcounter9,normal,seed7,75,3.0
hpmcounter9,normal,seed7,76,3.0
hpmcounter9,normal,seed7,77,3.0
hpmcounter9,normal,seed7,78,3.0
hpmcounter9,normal,seed7,79,3.0
hpmcounter9,normal,seed7,80,3.0
hpmcounter9,normal,seed7,81,3.0
hpmcounter9,normal,seed7,82,3.109090909090909
hpmcounter9,normal,seed7,83,3.193939393939394
hpmcounter9,normal,seed7,84,3.2545454545454544
hpmcounter9,normal,seed7,85,3.290909090909091
hpmcounter9,normal,seed7,86,3.303030303030303
hpmcounter9,normal,seed7,87,3.290909090909091
hpmcounter9,normal,seed7,88,3.2545454545454544
hpmcounter9,normal,seed7,89,3.193939393939394
hpmcounter9,normal,seed7,90,3.109090909090909
hpmcounter9,normal,seed7,91,3.0
hpmcounter9,normal,seed7,92,3.0
hpmcounter9,normal,seed7,93,3.0
hpmcounter9,normal,seed7,94,3.0
hpmcounter9,normal,seed7,95,3.0
hpmcounter9,normal,seed7,96,3.0
hpmcounter9,normal,seed7,97,3.0
hpmcounter9,normal,seed7,98,3.0
hpmcounter9,normal,seed7,99,3.0
hpmcounter9,normal,seed7,100,3.0
hpmcounter9,normal,seed7,101,3.0
hpmcounter9,normal,seed7,102,3.0
hpmcounter9,normal,seed7,103,3.0
hpmcounter9,normal,seed7,104,3.0
hpmcounter9,normal,seed7,105,3.0
hpmcounter9,normal,seed7,106,3.0
hpmcounter9,normal,seed7,107,3.0
hpmcounter9,normal,seed7,108,3.0
hpmcounter9,normal,seed7,109,3.0
hpmcounter9,normal,seed7,110,3.0
hpmcounter9,normal,seed7,111,3.0
hpmcounter9,normal,seed7,112,3.0
hpmcounter9,normal,seed7,113,3.0
hpmcounter9,normal,seed7,114,3.0
hpmcounter9,normal,seed7,115,3.0
hpmcounter9,normal,seed7,116,3.0
hpmcounter9,normal,seed7,117,3.0
hpmcounter9,normal,seed7,118,3.0
hpmcounter9,normal,seed7,119,3.0
hpmcounter9,normal,seed7,120,3.0
hpmcounter9,normal,seed7,121,3.0
hpmcounter9,normal,seed7,122,3.0
hpmcounter9,normal,seed7,123,3.0
hpmcounter9,normal,seed7,124,3.0
hpmcounter9,normal,seed7,125,3.0
hpmcounter9,normal,seed7,126,3.0
hpmcounter9,normal,seed7,127,3.0
hpmcounter9,normal,seed7,128,3.0
hpmcounter9,normal,seed7,129,3.0
hpmcounter9,normal,seed7,130,3.0
hpmcounter9,normal,seed7,131,3.0
hpmcounter9,normal,seed7,132,3.0
hpmcounter9,normal,seed7,133,3.0
hpmcounter9,normal,seed7,134,3.0
hpmcounter9,normal,seed7,135,3.0
hpmcounter9,normal,seed7,136,3.0
hpmcounter9,normal,seed7,137,3.0
hpmcounter9,normal,seed7,138,3.0
hpmcounter9,normal,seed7,139,3.0
hpmcounter9,normal,seed7,140,3.0
hpmcounter9,normal,seed7,141,3.0
hpmcounter9,normal,seed7,142,3.0
hpmcounter9,normal,seed7,143,3.0
hpmcounter9,normal,seed7,144,3.0
hpmcounter9,normal,seed7,145,3.0
hpmcounter9,normal,seed7,146,3.0
hpmcounter9,normal,seed7,147,3.0
hpmcounter9,normal,seed7,148,3.0
hpmcounter9,normal,seed7,149,3.0
hpmcounter9,normal,seed7,150,3.0
hpmcounter9,normal,seed7,151,3.0
hpmcounter9,normal,seed7,152,3.0
hpmcounter9,normal,seed7,153,3.0
hpmcounter9,normal,seed7,154,3.0
hpmcounter9,normal,seed7,155,3.0
hpmcounter9,normal,seed7,156,3.0
hpmcounter9,normal,seed7,157,3.0
hpmcounter9,normal,seed7,158,3.0
hpmcounter9,normal,seed7,159,3.0
hpmcounter9,normal,seed7,160,3.0
hpmcounter9,normal,seed7,161,3.0545454545454547
hpmcounter9,normal,seed7,162,3.096969696969697
hpmcounter9,normal,seed7,163,3.1272727272727274
hpmcounter9,normal,seed7,164,3.1454545454545455
hpmcounter9,normal,seed7,165,3.1515151515151514
hpmcounter9,normal,seed7,166,3.1454545454545455
hpmcounter9,normal,seed7,167,3.1272727272727274
hpmcounter9,normal,seed7,168,3.096969696969697
hpmcounter9,normal,seed7,169,3.0545454545454547
hpmcounter9,normal,seed7,170,3.0
hpmcounter9,normal,seed7,171,3.0
hpmcounter9,normal,seed7,172,3.0
hpmcounter9,normal,seed7,173,3.0
hpmcounter9,normal,seed7,174,3.0
hpmcounter9,normal,seed7,175,3.0
hpmcounter9,normal,seed7,176,3.0
hpmcounter9,normal,seed7,177,3.0
hpmcounter9,normal,seed7,178,3.0
hpmcounter9,normal,seed7,179,3.0
hpmcounter9,normal,seed7,180,3.0
hpmcounter9,normal,seed7,181,3.0
hpmcounter9,normal,seed7,182,3.0
hpmcounter9,normal,seed7,183,3.0
hpmcounter9,normal,seed7,184,3.0
hpmcounter9,normal,seed7,185,3.0
hpmcounter9,normal,seed7,186,3.0
hpmcounter9,normal,seed7,187,3.0
hpmcounter9,normal,seed7,188,3.0
hpmcounter9,normal,seed7,189,3.0
hpmcounter9,normal,seed7,190,3.0
hpmcounter9,normal,seed7,191,3.0
hpmcounter9,normal,seed7,192,3.0
hpmcounter9,normal,seed7,193,3.0
hpmcounter9,normal,seed7,194,3.0
hpmcounter9,normal,seed7,195,3.0
hpmcounter9,normal,seed7,196,3.0
hpmcounter9,normal,seed7,197,3.0
hpmcounter9,normal,seed7,198,3.0
hpmcounter9,normal,seed7,199,3.0
hpmcounter9,normal,seed7,200,3.0545454545454547
hpmcounter9,normal,seed7,201,3.096969696969697
hpmcounter9,normal,seed7,202,3.1272727272727274
hpmcounter9,normal,seed7,203,3.1454545454545455
hpmcounter9,normal,seed7,204,3.1515151515151514
hpmcounter9,normal,seed7,205,3.1454545454545455
hpmcounter9,normal,seed7,206,3.1272727272727274
hpmcounter9,normal,seed7,207,3.096969696969697
hpmcounter9,normal,seed7,208,3.0545454545454547
hpmcounter9,normal,seed7,209,3.0
hpmcounter9,normal,seed7,210,3.0
hpmcounter9,normal,seed7,211,3.0
hpmcounter9,normal,seed7,212,3.109090909090909
hpmcounter9,normal,seed7,213,3.193939393939394
hpmcounter9,normal,seed7,214,3.309090909090909
hpmcounter9,normal,seed7,215,3.3878787878787877
hpmcounter9,normal,seed7,216,3.43030303030303
hpmcounter9,normal,seed7,217,3.4363636363636365
hpmcounter9,normal,seed7,218,3.4060606060606062
hpmcounter9,normal,seed7,219,3.3393939393939394
hpmcounter9,normal,seed7,220,3.2363636363636363
hpmcounter9,normal,seed7,221,3.096969696969697
hpmcounter9,normal,seed7,222,3.0545454545454547
hpmcounter9,normal,seed7,223,3.0
hpmcounter9,normal,seed7,224,3.0
hpmcounter9,normal,seed7,225,3.0
hpmcounter9,normal,seed7,226,3.0
hpmcounter9,normal,seed7,227,3.0545454545454547
hpmcounter9,normal,seed7,228,3.1515151515151514
hpmcounter9,normal,seed7,229,3.224242424242424
hpmcounter9,normal,seed7,230,3.272727272727273
hpmcounter9,normal,seed7,231,3.296969696969697
hpmcounter9,normal,seed7,232,3.296969696969697
hpmcounter9,normal,seed7,233,3.272727272727273
hpmcounter9,normal,seed7,234,3.224242424242424
hpmcounter9,normal,seed7,235,3.1515151515151514
hpmcounter9,normal,seed7,236,3.0545454545454547
hpmcounter9,normal,seed7,237,3.0
hpmcounter9,normal,seed7,238,3.0
hpmcounter9,normal,seed7,239,3.0
hpmcounter9,normal,seed7,240,3.0
hpmcounter9,normal,seed7,241,3.0
hpmcounter9,normal,seed7,242,3.0
hpmcounter9,normal,seed7,243,3.0
hpmcounter9,normal,seed7,244,3.0
hpmcounter9,normal,seed7,245,3.0
hpmcounter9,normal,seed7,246,3.0
hpmcounter9,normal,seed7,247,3.0
hpmcounter9,normal,seed7,248,3.0
hpmcounter9,normal,seed7,249,3.0
hpmcounter9,normal,seed7,250,3.0
hpmcounter9,normal,seed7,251,3.0
hpmcounter9,normal,seed7,252,3.0
hpmcounter9,normal,seed7,253,3.0
hpmcounter9,normal,seed7,254,3.0
hpmcounter9,normal,seed7,255,3.0
hpmcounter9,normal,seed7,256,3.0
hpmcounter9,normal,seed7,257,3.0
hpmcounter9,normal,seed7,258,3.0
hpmcounter9,normal,seed7,259,3.0
hpmcounter9,normal,seed7,260,3.109090909090909
hpmcounter9,normal,seed7,261,3.193939393939394
hpmcounter9,normal,seed7,262,3.2545454545454544
hpmcounter9,normal,seed7,263,3.290909090909091
hpmcounter9,normal,seed7,264,3.303030303030303
hpmcounter9,normal,seed7,265,3.290909090909091
hpmcounter9,normal,seed7,266,3.2545454545454544
hpmcounter9,normal,seed7,267,3.193939393939394
hpmcounter9,normal,seed7,268,3.109090909090909
hpmcounter9,normal,seed7,269,3.0
hpmcounter9,normal,seed7,270,3.0
hpmcounter9,normal,seed7,271,3.0
hpmcounter9,normal,seed7,272,3.0
hpmcounter9,normal,seed7,273,3.0545454545454547
hpmcounter9,normal,seed7,274,3.096969696969697
hpmcounter9,normal,seed7,275,3.1272727272727274
hpmcounter9,normal,seed7,276,3.1454545454545455
hpmcounter9,normal,seed7,277,3.1515151515151514
hpmcounter9,normal,seed7,278,3.1454545454545455
hpmcounter9,normal,seed7,279,3.1272727272727274
hpmcounter9,normal,seed7,280,3.096969696969697
hpmcounter9,normal,seed7,281,3.0545454545454547
hpmcounter9,normal,seed7,282,3.0
hpmcounter9,normal,seed7,283,3.0
hpmcounter9,normal,seed7,284,3.0
hpmcounter9,normal,seed7,285,3.0
hpmcounter9,normal,seed7,286,3.0
hpmcounter9,normal,seed7,287,3.0
hpmcounter9,normal,seed7,288,3.0
hpmcounter9,normal,seed7,289,3.0
hpmcounter9,normal,seed7,290,3.0
hpmcounter9,normal,seed7,291,3.0
hpmcounter9,normal,seed7,292,3.0
hpmcounter9,normal,seed7,293,3.0
hpmcounter9,normal,seed7,294,3.0
hpmcounter9,normal,seed7,295,3.0
hpmcounter9,normal,seed7,296,3.0
hpmcounter9,normal,seed7,297,3.0
hpmcounter9,normal,seed7,298,3.0
hpmcounter9,normal,seed8,9,3.2181818181818183
hpmcounter9,normal,seed8,10,3.0
hpmcounter9,normal,seed8,11,3.0
hpmcounter9,normal,seed8,12,3.0
hpmcounter9,normal,seed8,13,3.0
hpmcounter9,normal,seed8,14,3.0
hpmcounter9,normal,seed8,15,3.0
hpmcounter9,normal,seed8,16,3.0
hpmcounter9,normal,seed8,17,3.0
hpmcounter9,normal,seed8,18,3.0
hpmcounter9,normal,seed8,19,3.0
hpmcounter9,normal,seed8,20,3.0
hpmcounter9,normal,seed8,21,3.0
hpmcounter9,normal,seed8,22,3.0
hpmcounter9,normal,seed8,23,3.0
hpmcounter9,normal,seed8,24,3.0
hpmcounter9,normal,seed8,25,3.0
hpmcounter9,normal,seed8,26,3.0
hpmcounter9,normal,seed8,27,3.0
hpmcounter9,normal,seed8,28,3.0
hpmcounter9,normal,seed8,29,3.0
hpmcounter9,normal,seed8,30,3.0
hpmcounter9,normal,seed8,31,3.0
hpmcounter9,normal,seed8,32,3.0
hpmcounter9,normal,seed8,33,3.0
hpmcounter9,normal,seed8,34,3.0
hpmcounter9,normal,seed8,35,3.0
hpmcounter9,normal,seed8,36,3.0
hpmcounter9,normal,seed8,37,3.0
hpmcounter9,normal,seed8,38,3.0
hpmcounter9,normal,seed8,39,3.0
hpmcounter9,normal,seed8,40,3.0
hpmcounter9,normal,seed8,41,3.0
hpmcounter9,normal,seed8,42,3.0
hpmcounter9,normal,seed8,43,3.0
hpmcounter9,normal,seed8,44,3.0
hpmcounter9,normal,seed8,45,3.0
hpmcounter9,normal,seed8,46,3.0
hpmcounter9,normal,seed8,47,3.0
hpmcounter9,normal,seed8,48,3.0
hpmcounter9,normal,seed8,49,3.0
hpmcounter9,normal,seed8,50,3.0
hpmcounter9,normal,seed8,51,3.0
hpmcounter9,normal,seed8,52,3.0
hpmcounter9,normal,seed8,53,3.0
hpmcounter9,normal,seed8,54,3.0
hpmcounter9,normal,seed8,55,3.0
hpmcounter9,normal,seed8,56,3.0
hpmcounter9,normal,seed8,57,3.0
hpmcounter9,normal,seed8,58,3.0
hpmcounter9,normal,seed8,59,3.0
hpmcounter9,normal,seed8,60,3.0
hpmcounter9,normal,seed8,61,3.0
hpmcounter9,normal,seed8,62,3.0
hpmcounter9,normal,seed8,63,3.0
hpmcounter9,normal,seed8,64,3.0
hpmcounter9,normal,seed8,65,3.0
hpmcounter9,normal,seed8,66,3.0
hpmcounter9,normal,seed8,67,3.0
hpmcounter9,normal,seed8,68,3.0
hpmcounter9,normal,seed8,69,3.0
hpmcounter9,normal,seed8,70,3.0
hpmcounter9,normal,seed8,71,3.0
hpmcounter9,normal,seed8,72,3.0
hpmcounter9,normal,seed8,73,3.0
hpmcounter9,normal,seed8,74,3.0
hpmcounter9,normal,seed8,75,3.0
hpmcounter9,normal,seed8,76,3.0
hpmcounter9,normal,seed8,77,3.0
hpmcounter9,normal,seed8,78,3.0
hpmcounter9,normal,seed8,79,3.0
hpmcounter9,normal,seed8,80,3.0
hpmcounter9,normal,seed8,81,3.0
hpmcounter9,normal,seed8,82,3.0
hpmcounter9,normal,seed8,83,3.0
hpmcounter9,normal,seed8,84,3.0
hpmcounter9,normal,seed8,85,3.0
hpmcounter9,normal,seed8,86,3.0
hpmcounter9,normal,seed8,87,3.0
hpmcounter9,normal,seed8,88,3.0
hpmcounter9,normal,seed8,89,3.0
hpmcounter9,normal,seed8,90,3.0
hpmcounter9,normal,seed8,91,3.0
hpmcounter9,normal,seed8,92,3.0
hpmcounter9,normal,seed8,93,3.0
hpmcounter9,normal,seed8,94,3.0
hpmcounter9,normal,seed8,95,3.0
hpmcounter9,normal,seed8,96,3.0
hpmcounter9,normal,seed8,97,3.0
hpmcounter9,normal,seed8,98,3.0
hpmcounter9,normal,seed8,99,3.0
hpmcounter9,normal,seed8,100,3.0
hpmcounter9,normal,seed8,101,3.0
hpmcounter9,normal,seed8,102,3.0
hpmcounter9,normal,seed8,103,3.0
hpmcounter9,normal,seed8,104,3.0
hpmcounter9,normal,seed8,105,3.0
hpmcounter9,normal,seed8,106,3.0
hpmcounter9,normal,seed8,107,3.0
hpmcounter9,normal,seed8,108,3.0
hpmcounter9,normal,seed8,109,3.0
hpmcounter9,normal,seed8,110,3.0
hpmcounter9,normal,seed8,111,3.0
hpmcounter9,normal,seed8,112,3.0
hpmcounter9,normal,seed8,113,3.0
hpmcounter9,normal,seed8,114,3.0
hpmcounter9,normal,seed8,115,3.0
hpmcounter9,normal,seed8,116,3.0
hpmcounter9,normal,seed8,117,3.0
hpmcounter9,normal,seed8,118,3.0
hpmcounter9,normal,seed8,119,3.0
hpmcounter9,normal,seed8,120,3.0
hpmcounter9,normal,seed8,121,3.109090909090909
hpmcounter9,normal,seed8,122,3.193939393939394
hpmcounter9,normal,seed8,123,3.2545454545454544
hpmcounter9,normal,seed8,124,3.290909090909091
hpmcounter9,normal,seed8,125,3.303030303030303
hpmcounter9,normal,seed8,126,3.290909090909091
hpmcounter9,normal,seed8,127,3.2545454545454544
hpmcounter9,normal,seed8,128,3.193939393939394
hpmcounter9,normal,seed8,129,3.109090909090909
hpmcounter9,normal,seed8,130,3.0
hpmcounter9,normal,seed8,131,3.0
hpmcounter9,normal,seed8,132,3.0
hpmcounter9,normal,seed8,133,3.0
hpmcounter9,normal,seed8,134,3.0
hpmcounter9,normal,seed8,135,3.0
hpmcounter9,normal,seed8,136,3.0
hpmcounter9,normal,seed8,137,3.0
hpmcounter9,normal,seed8,138,3.0
hpmcounter9,normal,seed8,139,3.0
hpmcounter9,normal,seed8,140,3.0
hpmcounter9,normal,seed8,141,3.0
hpmcounter9,normal,seed8,142,3.0
hpmcounter9,normal,seed8,143,3.0
hpmcounter9,normal,seed8,144,3.0
hpmcounter9,normal,seed8,145,3.0
hpmcounter9,normal,seed8,146,3.0
hpmcounter9,normal,seed8,147,3.0
hpmcounter9,normal,seed8,148,3.0
hpmcounter9,normal,seed8,149,3.0
hpmcounter9,normal,seed8,150,3.0
hpmcounter9,normal,seed8,151,3.0
hpmcounter9,normal,seed8,152,3.0545454545454547
hpmcounter9,normal,seed8,153,3.096969696969697
hpmcounter9,normal,seed8,154,3.1272727272727274
hpmcounter9,normal,seed8,155,3.1454545454545455
hpmcounter9,normal,seed8,156,3.1515151515151514
hpmcounter9,normal,seed8,157,3.1454545454545455
hpmcounter9,normal,seed8,158,3.1272727272727274
hpmcounter9,normal,seed8,159,3.096969696969697
hpmcounter9,normal,seed8,160,3.0545454545454547
hpmcounter9,normal,seed8,161,3.0
hpmcounter9,normal,seed8,162,3.0
hpmcounter9,normal,seed8,163,3.0
hpmcounter9,normal,seed8,164,3.0
hpmcounter9,normal,seed8,165,3.0
hpmcounter9,normal,seed8,166,3.0
hpmcounter9,normal,seed8,167,3.0
hpmcounter9,normal,seed8,168,3.0
hpmcounter9,normal,seed8,169,3.0
hpmcounter9,normal,seed8,170,3.0
hpmcounter9,normal,seed8,171,3.0
hpmcounter9,normal,seed8,172,3.0
hpmcounter9,normal,seed8,173,3.0
hpmcounter9,normal,seed8,174,3.0
hpmcounter9,normal,seed8,175,3.0
hpmcounter9,normal,seed8,176,3.0
hpmcounter9,normal,seed8,177,3.0
hpmcounter9,normal,seed8,178,3.0
hpmcounter9,normal,seed8,179,3.0
hpmcounter9,normal,seed8,180,3.0
hpmcounter9,normal,seed8,181,3.0
hpmcounter9,normal,seed8,182,3.0
hpmcounter9,normal,seed8,183,3.0
hpmcounter9,normal,seed8,184,3.0
hpmcounter9,normal,seed8,185,3.0
hpmcounter9,normal,seed8,186,3.0
hpmcounter9,normal,seed8,187,3.109090909090909
hpmcounter9,normal,seed8,188,3.193939393939394
hpmcounter9,normal,seed8,189,3.2545454545454544
hpmcounter9,normal,seed8,190,3.290909090909091
hpmcounter9,normal,seed8,191,3.303030303030303
hpmcounter9,normal,seed8,192,3.290909090909091
hpmcounter9,normal,seed8,193,3.2545454545454544
hpmcounter9,normal,seed8,194,3.193939393939394
hpmcounter9,normal,seed8,195,3.109090909090909
hpmcounter9,normal,seed8,196,3.0
hpmcounter9,normal,seed8,197,3.0
hpmcounter9,normal,seed8,198,3.0
hpmcounter9,normal,seed8,199,3.0
hpmcounter9,normal,seed8,200,3.0
hpmcounter9,normal,seed8,201,3.0
hpmcounter9,normal,seed8,202,3.0
hpmcounter9,normal,seed8,203,3.0
hpmcounter9,normal,seed8,204,3.0
hpmcounter9,normal,seed8,205,3.0
hpmcounter9,normal,seed8,206,3.0
hpmcounter9,normal,seed8,207,3.0
hpmcounter9,normal,seed8,208,3.0
hpmcounter9,normal,seed8,209,3.0
hpmcounter9,normal,seed8,210,3.0
hpmcounter9,normal,seed8,211,3.0
hpmcounter9,normal,seed8,212,3.0
hpmcounter9,normal,seed8,213,3.0
hpmcounter9,normal,seed8,214,3.0
hpmcounter9,normal,seed8,215,3.0
hpmcounter9,normal,seed8,216,3.0
hpmcounter9,normal,seed8,217,3.0
hpmcounter9,normal,seed8,218,3.0
hpmcounter9,normal,seed8,219,3.0
hpmcounter9,normal,seed8,220,3.0
hpmcounter9,normal,seed8,221,3.0
hpmcounter9,normal,seed8,222,3.0
hpmcounter9,normal,seed8,223,3.0
hpmcounter9,normal,seed8,224,3.0
hpmcounter9,normal,seed8,225,3.0
hpmcounter9,normal,seed8,226,3.0
hpmcounter9,normal,seed8,227,3.0
hpmcounter9,normal,seed8,228,3.0
hpmcounter9,normal,seed8,229,3.0
hpmcounter9,normal,seed8,230,3.0
hpmcounter9,normal,seed8,231,3.0
hpmcounter9,normal,seed8,232,3.0
hpmcounter9,normal,seed8,233,3.0
hpmcounter9,normal,seed8,234,3.0
hpmcounter9,normal,seed8,235,3.0
hpmcounter9,normal,seed8,236,3.0
hpmcounter9,normal,seed8,237,3.0
hpmcounter9,normal,seed8,238,3.0
hpmcounter9,normal,seed8,239,3.0
hpmcounter9,normal,seed8,240,3.0
hpmcounter9,normal,seed8,241,3.0
hpmcounter9,normal,seed8,242,3.0
hpmcounter9,normal,seed8,243,3.0
hpmcounter9,normal,seed8,244,3.0
hpmcounter9,normal,seed8,245,3.0
hpmcounter9,normal,seed8,246,3.0
hpmcounter9,normal,seed8,247,3.0
hpmcounter9,normal,seed8,248,3.0
hpmcounter9,normal,seed8,249,3.0
hpmcounter9,normal,seed8,250,3.0
hpmcounter9,normal,seed8,251,3.0
hpmcounter9,normal,seed8,252,3.0545454545454547
hpmcounter9,normal,seed8,253,3.1515151515151514
hpmcounter9,normal,seed8,254,3.224242424242424
hpmcounter9,normal,seed8,255,3.272727272727273
hpmcounter9,normal,seed8,256,3.296969696969697
hpmcounter9,normal,seed8,257,3.296969696969697
hpmcounter9,normal,seed8,258,3.272727272727273
hpmcounter9,normal,seed8,259,3.224242424242424
hpmcounter9,normal,seed8,260,3.1515151515151514
hpmcounter9,normal,seed8,261,3.0545454545454547
hpmcounter9,normal,seed8,262,3.0
hpmcounter9,normal,seed8,263,3.0
hpmcounter9,normal,seed8,264,3.0
hpmcounter9,normal,seed8,265,3.0
hpmcounter9,normal,seed8,266,3.0
hpmcounter9,normal,seed8,267,3.0
hpmcounter9,normal,seed8,268,3.0
hpmcounter9,normal,seed8,269,3.0
hpmcounter9,normal,seed8,270,3.0
hpmcounter9,normal,seed8,271,3.0
hpmcounter9,normal,seed8,272,3.0
hpmcounter9,normal,seed8,273,3.0
hpmcounter9,normal,seed8,274,3.0
hpmcounter9,normal,seed8,275,3.0
hpmcounter9,normal,seed8,276,3.0
hpmcounter9,normal,seed8,277,3.0
hpmcounter9,normal,seed8,278,3.0
hpmcounter9,normal,seed8,279,3.0
hpmcounter9,normal,seed8,280,3.0
hpmcounter9,normal,seed8,281,3.0
hpmcounter9,normal,seed8,282,3.0
hpmcounter9,normal,seed8,283,3.0
hpmcounter9,normal,seed8,284,3.0
hpmcounter9,normal,seed8,285,3.0
hpmcounter9,normal,seed8,286,3.0
hpmcounter9,normal,seed8,287,3.0
hpmcounter9,normal,seed8,288,3.0
hpmcounter9,normal,seed8,289,3.0
hpmcounter9,normal,seed8,290,3.0
hpmcounter9,normal,seed8,291,3.0
hpmcounter9,normal,seed8,292,3.0
hpmcounter9,normal,seed8,293,3.0
hpmcounter9,normal,seed8,294,3.0
hpmcounter9,normal,seed8,295,3.0
hpmcounter9,normal,seed8,296,3.0
hpmcounter9,normal,seed8,297,3.0
hpmcounter9,normal,seed8,298,3.0
hpmcounter9,normal,seed9,9,3.2181818181818183
hpmcounter9,normal,seed9,10,3.0
hpmcounter9,normal,seed9,11,3.0
hpmcounter9,normal,seed9,12,3.0
hpmcounter9,normal,seed9,13,3.0
hpmcounter9,normal,seed9,14,3.0
hpmcounter9,normal,seed9,15,3.0
hpmcounter9,normal,seed9,16,3.0
hpmcounter9,normal,seed9,17,3.0
hpmcounter9,normal,seed9,18,3.0
hpmcounter9,normal,seed9,19,3.0
hpmcounter9,normal,seed9,20,3.0
hpmcounter9,normal,seed9,21,3.0
hpmcounter9,normal,seed9,22,3.0
hpmcounter9,normal,seed9,23,3.0
hpmcounter9,normal,seed9,24,3.0
hpmcounter9,normal,seed9,25,3.0
hpmcounter9,normal,seed9,26,3.0
hpmcounter9,normal,seed9,27,3.0
hpmcounter9,normal,seed9,28,3.0
hpmcounter9,normal,seed9,29,3.0
hpmcounter9,normal,seed9,30,3.0
hpmcounter9,normal,seed9,31,3.0
hpmcounter9,normal,seed9,32,3.0
hpmcounter9,normal,seed9,33,3.0
hpmcounter9,normal,seed9,34,3.0
hpmcounter9,normal,seed9,35,3.0
hpmcounter9,normal,seed9,36,3.0
hpmcounter9,normal,seed9,37,3.0
hpmcounter9,normal,seed9,38,3.0
hpmcounter9,normal,seed9,39,3.0
hpmcounter9,normal,seed9,40,3.0
hpmcounter9,normal,seed9,41,3.0
hpmcounter9,normal,seed9,42,3.0
hpmcounter9,normal,seed9,43,3.0
hpmcounter9,normal,seed9,44,3.0
hpmcounter9,normal,seed9,45,3.0
hpmcounter9,normal,seed9,46,3.0
hpmcounter9,normal,seed9,47,3.0
hpmcounter9,normal,seed9,48,3.0
hpmcounter9,normal,seed9,49,3.0
hpmcounter9,normal,seed9,50,3.0545454545454547
hpmcounter9,normal,seed9,51,3.096969696969697
hpmcounter9,normal,seed9,52,3.1272727272727274
hpmcounter9,normal,seed9,53,3.1454545454545455
hpmcounter9,normal,seed9,54,3.1515151515151514
hpmcounter9,normal,seed9,55,3.1454545454545455
hpmcounter9,normal,seed9,56,3.1272727272727274
hpmcounter9,normal,seed9,57,3.096969696969697
hpmcounter9,normal,seed9,58,3.0545454545454547
hpmcounter9,normal,seed9,59,3.0
hpmcounter9,normal,seed9,60,3.0
hpmcounter9,normal,seed9,61,3.0
hpmcounter9,normal,seed9,62,3.0
hpmcounter9,normal,seed9,63,3.0
hpmcounter9,normal,seed9,64,3.0
hpmcounter9,normal,seed9,65,3.0
hpmcounter9,normal,seed9,66,3.0
hpmcounter9,normal,seed9,67,3.0
hpmcounter9,normal,seed9,68,3.0
hpmcounter9,normal,seed9,69,3.0
hpmcounter9,normal,seed9,70,3.0
hpmcounter9,normal,seed9,71,3.0
hpmcounter9,normal,seed9,72,3.0
hpmcounter9,normal,seed9,73,3.0
hpmcounter9,normal,seed9,74,3.0
hpmcounter9,normal,seed9,75,3.0
hpmcounter9,normal,seed9,76,3.0
hpmcounter9,normal,seed9,77,3.0
hpmcounter9,normal,seed9,78,3.0
hpmcounter9,normal,seed9,79,3.0
hpmcounter9,normal,seed9,80,3.0
hpmcounter9,normal,seed9,81,3.0
hpmcounter9,normal,seed9,82,3.0
hpmcounter9,normal,seed9,83,3.0
hpmcounter9,normal,seed9,84,3.0
hpmcounter9,normal,seed9,85,3.0
hpmcounter9,normal,seed9,86,3.0
hpmcounter9,normal,seed9,87,3.0
hpmcounter9,normal,seed9,88,3.0
hpmcounter9,normal,seed9,89,3.0
hpmcounter9,normal,seed9,90,3.0
hpmcounter9,normal,seed9,91,3.0
hpmcounter9,normal,seed9,92,3.0
hpmcounter9,normal,seed9,93,3.0
hpmcounter9,normal,seed9,94,3.0
hpmcounter9,normal,seed9,95,3.0
hpmcounter9,normal,seed9,96,3.0
hpmcounter9,normal,seed9,97,3.0
hpmcounter9,normal,seed9,98,3.0
hpmcounter9,normal,seed9,99,3.0
hpmcounter9,normal,seed9,100,3.0
hpmcounter9,normal,seed9,101,3.0
hpmcounter9,normal,seed9,102,3.0
hpmcounter9,normal,seed9,103,3.0
hpmcounter9,normal,seed9,104,3.0
hpmcounter9,normal,seed9,105,3.0
hpmcounter9,normal,seed9,106,3.0
hpmcounter9,normal,seed9,107,3.0
hpmcounter9,normal,seed9,108,3.0
hpmcounter9,normal,seed9,109,3.0
hpmcounter9,normal,seed9,110,3.0
hpmcounter9,normal,seed9,111,3.0
hpmcounter9,normal,seed9,112,3.0
hpmcounter9,normal,seed9,113,3.0
hpmcounter9,normal,seed9,114,3.0
hpmcounter9,normal,seed9,115,3.0
hpmcounter9,normal,seed9,116,3.0
hpmcounter9,normal,seed9,117,3.0
hpmcounter9,normal,seed9,118,3.0
hpmcounter9,normal,seed9,119,3.0
hpmcounter9,normal,seed9,120,3.0
hpmcounter9,normal,seed9,121,3.0
hpmcounter9,normal,seed9,122,3.0
hpmcounter9,normal,seed9,123,3.0
hpmcounter9,normal,seed9,124,3.0
hpmcounter9,normal,seed9,125,3.0
hpmcounter9,normal,seed9,126,3.0
hpmcounter9,normal,seed9,127,3.0
hpmcounter9,normal,seed9,128,3.109090909090909
hpmcounter9,normal,seed9,129,3.193939393939394
hpmcounter9,normal,seed9,130,3.3636363636363638
hpmcounter9,normal,seed9,131,3.484848484848485
hpmcounter9,normal,seed9,132,3.6666666666666665
hpmcounter9,normal,seed9,133,3.775757575757576
hpmcounter9,normal,seed9,134,3.812121212121212
hpmcounter9,normal,seed9,135,3.775757575757576
hpmcounter9,normal,seed9,136,3.6666666666666665
hpmcounter9,normal,seed9,137,3.484848484848485
hpmcounter9,normal,seed9,138,3.3636363636363638
hpmcounter9,normal,seed9,139,3.193939393939394
hpmcounter9,normal,seed9,140,3.109090909090909
hpmcounter9,normal,seed9,141,3.0
hpmcounter9,normal,seed9,142,3.0
hpmcounter9,normal,seed9,143,3.0
hpmcounter9,normal,seed9,144,3.0
hpmcounter9,normal,seed9,145,3.0
hpmcounter9,normal,seed9,146,3.0
hpmcounter9,normal,seed9,147,3.0
hpmcounter9,normal,seed9,148,3.0
hpmcounter9,normal,seed9,149,3.0
hpmcounter9,normal,seed9,150,3.0
hpmcounter9,normal,seed9,151,3.0
hpmcounter9,normal,seed9,152,3.0
hpmcounter9,normal,seed9,153,3.0
hpmcounter9,normal,seed9,154,3.0
hpmcounter9,normal,seed9,155,3.0
hpmcounter9,normal,seed9,156,3.0
hpmcounter9,normal,seed9,157,3.0
hpmcounter9,normal,seed9,158,3.0
hpmcounter9,normal,seed9,159,3.0
hpmcounter9,normal,seed9,160,3.0
hpmcounter9,normal,seed9,161,3.0
hpmcounter9,normal,seed9,162,3.0
hpmcounter9,normal,seed9,163,3.0
hpmcounter9,normal,seed9,164,3.0
hpmcounter9,normal,seed9,165,3.0
hpmcounter9,normal,seed9,166,3.0
hpmcounter9,normal,seed9,167,3.0
hpmcounter9,normal,seed9,168,3.0
hpmcounter9,normal,seed9,169,3.0
hpmcounter9,normal,seed9,170,3.0
hpmcounter9,normal,seed9,171,3.0
hpmcounter9,normal,seed9,172,3.0
hpmcounter9,normal,seed9,173,3.0
hpmcounter9,normal,seed9,174,3.0
hpmcounter9,normal,seed9,175,3.0
hpmcounter9,normal,seed9,176,3.0
hpmcounter9,normal,seed9,177,3.0
hpmcounter9,normal,seed9,178,3.0
hpmcounter9,normal,seed9,179,3.0
hpmcounter9,normal,seed9,180,3.0
hpmcounter9,normal,seed9,181,3.0
hpmcounter9,normal,seed9,182,3.0
hpmcounter9,normal,seed9,183,3.0
hpmcounter9,normal,seed9,184,3.0
hpmcounter9,normal,seed9,185,3.0
hpmcounter9,normal,seed9,186,3.0
hpmcounter9,normal,seed9,187,3.0
hpmcounter9,normal,seed9,188,3.0
hpmcounter9,normal,seed9,189,3.0
hpmcounter9,normal,seed9,190,3.0
hpmcounter9,normal,seed9,191,3.0
hpmcounter9,normal,seed9,192,3.0
hpmcounter9,normal,seed9,193,3.0
hpmcounter9,normal,seed9,194,3.0
hpmcounter9,normal,seed9,195,3.0
hpmcounter9,normal,seed9,196,3.0
hpmcounter9,normal,seed9,197,3.0
hpmcounter9,normal,seed9,198,3.0
hpmcounter9,normal,seed9,199,3.0
hpmcounter9,normal,seed9,200,3.0
hpmcounter9,normal,seed9,201,3.0
hpmcounter9,normal,seed9,202,3.0
hpmcounter9,normal,seed9,203,3.0
hpmcounter9,normal,seed9,204,3.0
hpmcounter9,normal,seed9,205,3.0
hpmcounter9,normal,seed9,206,3.0
hpmcounter9,normal,seed9,207,3.0
hpmcounter9,normal,seed9,208,3.0
hpmcounter9,normal,seed9,209,3.0
hpmcounter9,normal,seed9,210,3.0
hpmcounter9,normal,seed9,211,3.0
hpmcounter9,normal,seed9,212,3.0
hpmcounter9,normal,seed9,213,3.0
hpmcounter9,normal,seed9,214,3.0
hpmcounter9,normal,seed9,215,3.0
hpmcounter9,normal,seed9,216,3.0
hpmcounter9,normal,seed9,217,3.0
hpmcounter9,normal,seed9,218,3.0
hpmcounter9,normal,seed9,219,3.0
hpmcounter9,normal,seed9,220,3.0
hpmcounter9,normal,seed9,221,3.0
hpmcounter9,normal,seed9,222,3.0
hpmcounter9,normal,seed9,223,3.0
hpmcounter9,normal,seed9,224,3.0
hpmcounter9,normal,seed9,225,3.0
hpmcounter9,normal,seed9,226,3.0
hpmcounter9,normal,seed9,227,3.0
hpmcounter9,normal,seed9,228,3.0
hpmcounter9,normal,seed9,229,3.0
hpmcounter9,normal,seed9,230,3.0
hpmcounter9,normal,seed9,231,3.0
hpmcounter9,normal,seed9,232,3.0
hpmcounter9,normal,seed9,233,3.0
hpmcounter9,normal,seed9,234,3.0
hpmcounter9,normal,seed9,235,3.0
hpmcounter9,normal,seed9,236,3.0
hpmcounter9,normal,seed9,237,3.0
hpmcounter9,normal,seed9,238,3.0
hpmcounter9,normal,seed9,239,3.0
hpmcounter9,normal,seed9,240,3.0
hpmcounter9,normal,seed9,241,3.0
hpmcounter9,normal,seed9,242,3.0
hpmcounter9,normal,seed9,243,3.0
hpmcounter9,normal,seed9,244,3.0
hpmcounter9,normal,seed9,245,3.0
hpmcounter9,normal,seed9,246,3.0
hpmcounter9,normal,seed9,247,3.0
hpmcounter9,normal,seed9,248,3.0
hpmcounter9,normal,seed9,249,3.0
hpmcounter9,normal,seed9,250,3.0
hpmcounter9,normal,seed9,251,3.0
hpmcounter9,normal,seed9,252,3.0
hpmcounter9,normal,seed9,253,3.0
hpmcounter9,normal,seed9,254,3.0
hpmcounter9,normal,seed9,255,3.0
hpmcounter9,normal,seed9,256,3.109090909090909
hpmcounter9,normal,seed9,257,3.193939393939394
hpmcounter9,normal,seed9,258,3.2545454545454544
hpmcounter9,normal,seed9,259,3.290909090909091
hpmcounter9,normal,seed9,260,3.303030303030303
hpmcounter9,normal,seed9,261,3.290909090909091
hpmcounter9,normal,seed9,262,3.2545454545454544
hpmcounter9,normal,seed9,263,3.193939393939394
hpmcounter9,normal,seed9,264,3.109090909090909
hpmcounter9,normal,seed9,265,3.0
hpmcounter9,normal,seed9,266,3.0
hpmcounter9,normal,seed9,267,3.0
hpmcounter9,normal,seed9,268,3.0
hpmcounter9,normal,seed9,269,3.0
hpmcounter9,normal,seed9,270,3.0
hpmcounter9,normal,seed9,271,3.0
hpmcounter9,normal,seed9,272,3.0
hpmcounter9,normal,seed9,273,3.0
hpmcounter9,normal,seed9,274,3.0
hpmcounter9,normal,seed9,275,3.0
hpmcounter9,normal,seed9,276,3.0
hpmcounter9,normal,seed9,277,3.0
hpmcounter9,normal,seed9,278,3.0
hpmcounter9,normal,seed9,279,3.0
hpmcounter9,normal,seed9,280,3.0
hpmcounter9,normal,seed9,281,3.0
hpmcounter9,normal,seed9,282,3.0
hpmcounter9,normal,seed9,283,3.0
hpmcounter9,normal,seed9,284,3.0545454545454547
hpmcounter9,normal,seed9,285,3.096969696969697
hpmcounter9,normal,seed9,286,3.1272727272727274
hpmcounter9,normal,seed9,287,3.1454545454545455
hpmcounter9,normal,seed9,288,3.1515151515151514
hpmcounter9,normal,seed9,289,3.2
hpmcounter9,normal,seed9,290,3.224242424242424
hpmcounter9,normal,seed9,291,3.224242424242424
hpmcounter9,normal,seed9,292,3.2
hpmcounter9,normal,seed9,293,3.1515151515151514
hpmcounter9,normal,seed9,294,3.1454545454545455
hpmcounter9,normal,seed9,295,3.1272727272727274
hpmcounter9,normal,seed9,296,3.096969696969697
hpmcounter9,normal,seed9,297,3.0545454545454547
hpmcounter9,normal,seed9,298,3.0
