HPM3 configured wit
h mask 0x40001
HPM4 configured with mask 0x1000000
HPM5 configured with mask 0x20001
HPM6 configured with mask 0x0202
HPM7 configured with mask 0x1001
HPM8 configured with mask 0x2001
HPM9 configured with mask 0x2000
HPM10 configured with mask 0x8001
Start
Stop
DIAG_START
DIAG:1,0,4.877000,0.586173,0.586173,0,0,63.640557,1,4180486.4963,851789.9640,4725999.1464,4180483.8852,851790.4574,4726000.1391,5.7566
DIAG:2,0,5.591836,0.773911,0.680042,0,0,73.262077,1,4180490.2832,851790.4359,4725999.3999,4180483.1551,851790.3086,4726000.8072,9.5409
DIAG:3,0,8.523225,1.819464,1.059849,0,0,75.251973,1,4180488.9719,851793.3874,4726000.0781,4180482.4250,851790.1598,4726001.4754,6.7190
DIAG:4,0,10.863206,3.065403,1.561238,0,0,71.458623,1,4180487.2466,851789.7156,4725999.5683,4180481.6948,851790.0111,4726002.1435,6.7677
DIAG:5,0,15.976288,4.141827,2.077355,0,0,65.644287,1,4180483.4511,851786.5566,4725995.0082,4180480.9647,851789.8623,4726002.8117,16.6354
DIAG:6,0,13.410573,3.847879,2.372443,0,0,59.749003,1,4180478.2744,851786.8127,4725996.8673,4180480.2346,851789.7135,4726003.4798,8.4005
DIAG:7,0,6.937793,0.708644,2.134757,0,0,54.435752,1,4180477.1095,851787.5462,4725994.5483,4180479.5045,851789.5648,4726004.1480,13.4560
DIAG:8,0,19.039486,3.216396,2.269962,0,0,49.837005,1,4180476.5330,851788.3165,4725999.5620,4180478.7744,851789.4160,4726004.8161,7.6146
DIAG:9,0,14.383720,1.660349,2.202227,0,0,45.907336,1,4180474.7048,851787.8037,4725995.5279,4180478.0442,851789.2672,4726005.4843,20.6880
DIAG:10,0,10.003850,2.856376,2.267642,0,0,42.555987,1,4180473.7044,851784.7013,4725994.2526,4180477.3141,851789.1185,4726006.1525,18.1231
DIAG:11,0,24.027834,7.702781,2.979303,0,0,39.691521,1,4180475.0441,851782.3259,4725998.9804,4180476.5840,851788.9697,4726006.8206,14.6724
DIAG:12,0,14.743091,2.849431,3.186855,0,0,37.234593,1,4180474.9125,851782.9710,4726002.0644,4180475.8539,851788.8209,4726007.4888,5.1211
DIAG:13,0,12.721355,4.892951,3.494204,0,0,35.119808,1,4180474.9145,851785.1700,4726003.1512,4180475.1237,851788.6722,4726008.1569,6.2917
DIAG:14,0,5.337403,0.415687,3.229232,0,0,33.294196,1,4180473.4471,851784.9605,4726002.5847,4180474.3936,851788.5234,4726008.8251,10.7339
DIAG:15,0,17.310789,2.519803,3.067030,0,0,31.714948,1,4180472.7448,851784.5655,4726006.3295,4180473.6635,851788.3746,4726009.4932,11.3876
DIAG:16,0,10.495677,2.647267,2.946968,0,0,30.347273,1,4180470.0466,851783.8854,4726005.7300,4180472.9334,851788.2259,4726010.1614,14.4268
DIAG:17,0,25.114336,11.501618,4.026266,1,0,29.162617,1,4180467.4420,851786.4759,4726002.6869,4180472.2032,851788.0771,4726010.8295,27.9281
DIAG:18,0,25.459980,5.910315,4.295658,0,0,28.137250,1,4180467.0053,851786.1595,4726007.3070,4180471.4731,851787.9283,4726011.4977,16.8258
DIAG:19,0,9.210289,2.601877,4.389811,0,1,27.251173,1,4180464.8462,851787.4661,4726007.3547,4180470.7430,851787.7796,4726012.1658,13.4448
DIAG:20,0,13.088368,2.518988,4.356072,0,0,26.487297,1,4180464.7053,851786.8591,4726009.7278,4180470.0129,851787.6308,4726012.8340,7.2717
DIAG:21,0,6.662204,0.384932,3.624287,0,0,25.830822,1,4180463.5716,851786.8725,4726011.4342,4180469.2828,851787.4820,4726013.5021,6.7084
DIAG:22,0,25.800607,14.941231,4.833467,1,1,25.268773,1,4180465.3450,851784.6476,4726014.8235,4180468.5526,851787.3333,4726014.1703,21.4918
DIAG:23,0,8.361260,2.238574,4.568029,0,1,24.789667,1,4180466.0076,851784.4689,4726016.0603,4180467.8225,851787.1845,4726014.8384,6.1332
DIAG:24,0,11.071202,4.124449,4.938905,0,1,24.383269,1,4180465.2021,851786.2826,4726017.0850,4180467.0924,851787.0357,4726015.5066,8.8100
DIAG:25,0,3.963322,0.159300,4.702855,0,1,24.040413,1,4180464.6346,851786.1518,4726017.4691,4180466.3623,851786.8870,4726016.1747,2.5410
DIAG:26,0,19.438677,3.678319,4.805960,0,1,23.752877,1,4180464.0840,851785.4129,4726021.0853,4180465.6321,851786.7382,4726016.8429,21.0659
DIAG:27,0,19.484068,11.967367,4.852535,1,1,23.513285,1,4180461.9255,851782.2349,4726021.3472,4180464.9020,851786.5895,4726017.5110,20.4413
DIAG:28,0,9.305176,1.952195,4.456723,0,1,23.315038,1,4180461.5219,851782.9990,4726021.5134,4180464.1719,851786.4407,4726018.1792,2.8613
DIAG:29,0,8.248995,1.387410,4.335277,0,0,23.152247,1,4180461.0913,851783.6539,4726023.3161,4180463.4418,851786.2919,4726018.8473,9.8536
DIAG:30,0,14.599025,1.893858,4.272764,0,0,23.019684,1,4180460.3624,851783.5984,4726026.3289,4180462.7116,851786.1432,4726019.5155,19.6228
DIAG:31,0,16.863345,3.273507,4.561621,0,1,22.912730,1,4180460.5231,851782.9818,4726029.6465,4180461.9815,851785.9944,4726020.1836,23.9035
DIAG:32,0,22.479866,5.150693,3.582567,0,0,22.827326,1,4180460.8191,851782.7755,4726028.0270,4180461.2514,851785.8456,4726020.8518,12.7141
DIAG:33,0,18.306758,3.059234,3.664633,0,0,22.759925,1,4180460.5735,851782.3613,4726026.7078,4180460.5213,851785.6969,4726021.5199,11.4620
DIAG:34,0,8.809573,1.839104,3.436099,0,0,22.707448,1,4180458.8199,851782.2760,4726028.3980,4180459.7911,851785.5481,4726022.1881,13.0791
DIAG:35,0,4.096025,0.567485,3.476917,0,0,22.667235,1,4180457.9345,851781.3371,4726029.4132,4180459.0610,851785.3993,4726022.8563,10.0971
DIAG:36,0,9.973950,2.709062,3.379992,0,0,22.637007,1,4180457.5111,851782.5637,4726031.0893,4180458.3309,851785.2506,4726023.5244,12.7408
DIAG:37,0,8.622985,0.753601,2.258615,0,0,22.614819,1,4180456.8404,851782.7694,4726031.0236,4180457.6008,851785.1018,4726024.1926,1.2013
DIAG:38,0,10.010143,2.304964,2.293892,0,0,22.599026,1,4180455.2813,851783.6779,4726032.8602,4180456.8706,851784.9530,4726024.8607,15.2206
DIAG:39,0,11.233401,1.267921,2.281943,0,0,22.588247,1,4180454.9853,851783.6564,4726032.4422,4180456.1405,851784.8043,4726025.5289,2.9866
DIAG:40,0,11.905208,1.671599,2.259717,0,0,22.581332,1,4180453.7815,851783.0972,4726031.8941,4180455.4104,851784.6555,4726026.1970,6.8890
DIAG:41,0,21.786253,4.370346,2.369401,0,0,22.577332,1,4180452.5669,851782.9004,4726029.8660,4180454.6803,851784.5067,4726026.8652,16.4707
DIAG:42,0,15.108528,2.483058,2.102637,0,0,22.575473,1,4180452.4832,851783.1430,4726028.5788,4180453.9501,851784.3580,4726027.5333,11.6600
DIAG:43,0,14.327809,4.359709,2.232685,0,0,22.575131,1,4180449.9389,851783.2894,4726030.4062,4180453.2200,851784.2092,4726028.2015,15.9348
DIAG:44,0,7.969681,0.627533,2.111528,0,0,22.575809,1,4180448.9938,851782.9673,4726029.9590,4180452.4899,851784.0604,4726028.8696,7.1827
DIAG:45,0,11.862634,2.769864,2.331766,0,0,22.577119,1,4180449.3422,851782.2601,4726031.6444,4180451.7598,851783.9117,4726029.5378,11.3502
DIAG:46,0,6.548149,1.379168,2.198776,0,0,22.578766,1,4180448.7308,851783.2702,4726032.0113,4180451.0296,851783.7629,4726030.2059,4.8764
DIAG:47,0,11.162996,2.375012,2.360917,0,0,22.580527,1,4180448.1770,851781.9841,4726031.4550,4180450.2995,851783.6141,4726030.8740,10.1581
DIAG:48,0,5.388742,0.878988,2.218320,0,0,22.582243,1,4180447.5815,851782.7382,4726032.2198,4180449.5694,851783.4654,4726031.5422,4.3112
DIAG:49,0,9.838613,1.090241,2.200552,0,0,22.583807,1,4180446.5792,851783.1748,4726033.9677,4180448.8393,851783.3166,4726032.2103,10.6684
DIAG:50,0,6.238618,0.524969,2.085889,0,0,22.585148,1,4180446.1011,851782.7755,4726033.8271,4180448.1091,851783.1678,4726032.8785,4.5689
DIAG:51,0,12.171063,2.449727,1.893827,0,0,22.586231,1,4180446.4696,851783.2750,4726033.0404,4180447.3790,851783.0191,4726033.5466,10.4927
DIAG:52,0,7.825343,0.918802,1.737401,0,0,22.587040,1,4180446.3338,851782.7779,4726032.5990,4180446.6489,851782.8703,4726034.2148,8.1059
DIAG:53,0,9.261610,2.186548,1.520085,0,0,22.587581,1,4180446.9137,851783.4817,4726032.2837,4180445.9187,851782.7215,4726034.8829,10.3835
DIAG:54,0,3.902509,0.214561,1.478788,0,0,22.587869,1,4180446.2985,851783.8016,4726032.1674,4180445.1886,851782.5728,4726035.5511,6.8801
DIAG:55,0,14.411138,2.021272,1.403929,0,0,22.587929,1,4180445.4685,851784.2096,4726030.6091,4180444.4585,851782.4240,4726036.2192,18.2108
DIAG:56,0,11.274491,1.196057,1.385618,0,0,22.587793,1,4180445.0335,851784.6100,4726032.2569,4180443.7284,851782.2752,4726036.8874,6.4621
DIAG:57,0,9.058137,2.450877,1.393204,0,0,22.587491,1,4180443.0382,851784.5545,4726032.0606,4180442.9982,851782.1265,4726037.5555,11.0495
DIAG:58,0,8.535636,0.833029,1.388608,0,0,22.587057,1,4180442.8827,851784.7262,4726033.3742,4180442.2681,851781.9777,4726038.2237,4.6847
DIAG:59,0,15.658656,3.580879,1.637672,0,0,22.586521,1,4180441.4531,851783.7611,4726035.5094,4180441.5380,851781.8289,4726038.8918,9.8144
DIAG:60,0,9.794887,1.348173,1.719993,0,0,22.585914,1,4180439.9617,851783.8406,4726037.1101,4180440.8079,851781.6802,4726039.5600,7.2456
DIAG:61,0,10.205202,3.256080,1.800628,0,0,22.585261,1,4180439.1044,851785.6055,4726038.0759,4180440.0777,851781.5314,4726040.2281,12.0740
DIAG:62,0,27.483189,15.385719,3.247320,1,0,22.584586,1,4180440.4605,851783.1687,4726035.9762,4180439.3476,851781.3826,4726040.8963,26.8368
DIAG:63,0,4.388986,0.542875,3.082952,0,0,22.583908,1,4180440.5569,851783.3359,4726036.6266,4180438.6175,851781.2339,4726041.5644,6.6308
DIAG:64,0,12.018144,4.861774,3.547674,0,0,22.583243,1,4180439.6189,851781.1639,4726036.8784,4180437.8873,851781.0851,4726042.2326,11.4093
DIAG:65,0,16.175122,3.598404,3.705387,0,0,22.582603,1,4180437.7941,851780.7089,4726039.1751,4180437.1572,851780.9363,4726042.9007,10.3170
DIAG:66,0,3.841162,0.258050,3.611586,0,0,22.582000,1,4180437.0475,851780.8313,4726039.2844,4180436.4271,851780.7876,4726043.5689,7.2294
DIAG:67,0,3.343337,0.311211,3.397619,0,0,22.581439,1,4180435.8552,851780.7022,4726039.9909,4180435.6970,851780.6388,4726044.2370,3.6071
DIAG:68,0,24.510595,6.734352,3.987752,0,0,22.580924,1,4180436.2450,851779.6831,4726043.5723,4180434.9668,851780.4900,4726044.9052,20.4143
DIAG:69,0,10.978037,3.038661,3.933530,0,0,22.580460,1,4180434.4879,851780.5112,4726043.4439,4180434.2367,851780.3413,4726045.5733,10.5779
DIAG:70,0,10.078434,2.502753,4.048988,0,0,22.580045,1,4180435.2064,851780.4184,4726044.9135,4180433.5066,851780.1925,4726046.2414,9.1787
DIAG:71,0,9.921831,1.241460,3.847526,0,0,22.579679,1,4180434.9617,851779.6245,4726044.4272,4180432.7764,851780.0437,4726046.9096,11.5108
DIAG:72,0,14.821993,6.944566,3.003411,0,0,22.579361,1,4180432.1453,851780.5790,4726044.4754,4180432.0463,851779.8950,4726047.5777,13.7237
DIAG:73,0,23.276975,5.032510,3.452374,0,0,22.579087,1,4180430.8220,851780.2977,4726048.1104,4180431.3162,851779.7462,4726048.2459,20.1074
DIAG:74,0,8.995579,2.346961,3.200893,0,0,22.578854,1,4180428.5317,851780.2817,4726048.3957,4180430.5861,851779.5974,4726048.9140,9.5871
DIAG:75,0,11.462401,4.131354,3.254188,0,0,22.578659,1,4180428.4535,851778.3953,4726048.6968,4180429.8559,851779.4487,4726049.5822,10.1884
DIAG:76,0,19.898332,6.358117,3.864194,0,0,22.578498,1,4180428.6105,851779.7237,4726051.6480,4180429.1258,851779.2999,4726050.2503,18.2589
DIAG:77,0,4.601197,0.531372,3.886210,0,0,22.578366,1,4180427.1554,851779.5542,4726052.1832,4180428.3957,851779.1511,4726050.9185,4.4219
DIAG:78,0,11.209559,3.322444,3.545020,0,0,22.578261,1,4180425.3040,851778.0312,4726053.8570,4180427.6655,851779.0024,4726051.5866,12.5108
DIAG:79,0,10.363345,1.315893,3.372743,0,0,22.578178,1,4180425.0443,851777.8207,4726056.0527,4180426.9354,851778.8536,4726052.2548,12.2403
DIAG:80,0,6.287798,0.929187,3.215386,0,0,22.578114,1,4180423.6251,851778.2336,4726056.5346,4180426.2053,851778.7048,4726052.9229,5.6594
DIAG:81,0,4.443384,0.551585,3.146399,0,0,22.578065,1,4180423.1411,851778.5681,4726057.2272,4180425.4752,851778.5561,4726053.5911,3.0319
DIAG:82,0,15.980934,2.666632,2.718605,0,0,22.578030,1,4180422.9450,851778.6554,4726060.2235,4180424.7450,851778.4073,4726054.2592,19.4763
DIAG:83,0,4.814275,0.782356,2.293590,0,0,22.578006,1,4180422.1852,851779.3963,4726061.2838,4180424.0149,851778.2585,4726054.9273,8.0651
DIAG:84,0,15.604800,2.339043,2.292798,0,0,22.577989,1,4180421.4006,851779.8506,4726060.3565,4180423.2848,851778.1098,4726055.5955,9.6140
DIAG:85,0,13.950977,4.114310,2.291094,0,0,22.577980,1,4180421.9970,851778.7812,4726060.0003,4180422.5546,851777.9610,4726056.2636,8.6048
DIAG:86,0,6.462567,0.752124,1.730495,0,0,22.577975,1,4180421.7090,851779.2788,4726061.5415,4180421.8245,851777.8122,4726056.9318,10.1137
DIAG:87,0,15.318396,2.747262,1.952084,0,0,22.577974,1,4180421.8892,851778.7658,4726060.5516,4180421.0944,851777.6635,4726057.5999,10.6028
DIAG:88,0,12.714814,1.510203,1.770860,0,0,22.577975,1,4180421.6594,851778.7414,4726059.6684,4180420.3642,851777.5147,4726058.2681,10.0284
DIAG:89,0,11.476380,1.448629,1.784133,0,0,22.577978,1,4180421.7492,851778.6064,4726058.8812,4180419.6341,851777.3659,4726058.9362,10.7893
DIAG:90,0,11.705009,2.784570,1.969672,0,0,22.577982,1,4180421.2578,851777.0831,4726058.3029,4180418.9040,851777.2172,4726059.6044,11.2145
DIAG:91,0,7.823815,1.985295,2.113042,0,0,22.577986,1,4180420.6851,851775.4808,4726059.0263,4180418.1739,851777.0684,4726060.2725,8.0518
DIAG:92,0,12.454780,4.395404,2.285920,0,0,22.577990,1,4180418.4856,851776.1096,4726058.7487,4180417.4437,851776.9196,4726060.9406,10.5888
DIAG:93,0,6.666178,1.478648,2.355549,0,0,22.577994,1,4180417.8015,851774.6488,4726059.0538,4180416.7136,851776.7709,4726061.6088,8.3137
DIAG:94,0,16.657172,3.310084,2.452653,0,0,22.577998,1,4180417.7989,851775.1046,4726057.4276,4180415.9835,851776.6221,4726062.2769,19.1235
DIAG:95,0,6.844295,1.532157,2.194438,0,0,22.578000,1,4180417.6966,851775.9138,4726057.9064,4180415.2533,851776.4733,4726062.9451,7.4445
DIAG:96,0,7.909616,1.599406,2.279166,0,0,22.578003,1,4180417.9665,851774.8717,4726058.8057,4180414.5232,851776.3246,4726063.6132,8.8871
DIAG:97,0,19.780203,5.197511,2.524191,0,0,22.578005,1,4180417.8461,851776.0695,4726061.5121,4180413.7931,851776.1758,4726064.2814,15.4210
DIAG:98,0,14.872293,6.317930,3.004963,0,0,22.578006,1,4180415.6414,851774.3425,4726062.9226,4180413.0629,851776.0270,4726064.9495,11.1572
DIAG:99,0,14.595111,4.352180,3.295318,0,0,22.578006,1,4180413.2525,851774.2654,4726062.0846,4180412.3328,851775.8783,4726065.6176,14.6932
DIAG:100,0,11.793552,2.548623,3.271724,0,0,22.578007,1,4180413.2777,851775.0401,4726063.7824,4180411.6027,851775.7295,4726066.2858,8.6754
DIAG:101,0,1.905074,0.119596,3.085154,0,0,22.578006,1,4180412.2852,851775.0458,4726064.2934,4180410.8725,851775.5807,4726066.9539,2.9857
DIAG:102,0,7.594989,0.595220,2.705135,0,0,22.578006,1,4180411.6481,851775.2218,4726065.8203,4180410.1424,851775.4320,4726067.6221,5.1309
DIAG:103,0,11.343749,3.812002,2.938471,0,0,22.578005,1,4180410.2656,851776.8601,4726067.0601,4180409.4123,851775.2832,4726068.2902,10.1332
DIAG:104,0,10.907115,2.597827,2.867245,0,0,22.578004,1,4180410.5995,851777.8030,4726066.7307,4180408.6821,851775.1344,4726068.9584,13.0446
DIAG:105,0,11.037588,4.063127,3.120342,0,0,22.578003,1,4180408.0394,851778.5534,4726067.1200,4180407.9520,851774.9857,4726069.6265,11.2096
DIAG:106,0,6.532322,1.064406,3.066842,0,0,22.578002,1,4180407.2599,851777.8157,4726068.2167,4180407.2219,851774.8369,4726070.2946,1.8858
DIAG:107,0,7.402126,1.697559,2.716847,0,0,22.578000,1,4180405.3436,851777.2488,4726068.5045,4180406.4917,851774.6881,4726070.9628,7.5600
DIAG:108,0,18.036086,8.128857,2.897940,0,0,22.577999,1,4180404.6199,851774.6791,4726070.5162,4180405.7616,851774.5394,4726071.6309,14.2727
DIAG:109,0,11.135007,3.219525,2.784674,0,0,22.577998,1,4180404.2288,851772.8856,4726070.3869,4180405.0315,851774.3906,4726072.2991,11.4547
DIAG:110,0,5.363032,0.879156,2.617728,0,0,22.577997,1,4180403.5482,851773.3964,4726071.2808,4180404.3014,851774.2418,4726072.9672,3.1478
DIAG:111,0,11.445571,2.710740,2.876842,0,0,22.577996,1,4180404.1009,851773.3101,4726070.8412,4180403.5712,851774.0931,4726073.6354,12.1616
DIAG:112,0,6.873574,1.335716,2.950892,0,0,22.577995,1,4180402.6696,851773.8824,4726070.9908,4180402.8411,851773.9443,4726074.3035,7.9294
DIAG:113,0,11.554932,2.348121,2.804504,0,0,22.577994,1,4180402.6826,851774.6433,4726072.7674,4180402.1110,851773.7955,4726074.9716,8.8512
DIAG:114,0,5.287473,0.831919,2.627913,0,0,22.577993,1,4180402.7863,851774.2339,4726073.6844,4180401.3808,851773.6468,4726075.6398,5.1606
DIAG:115,0,14.852586,2.784402,2.500040,0,0,22.577992,1,4180401.3473,851773.4499,4726072.5344,4180400.6507,851773.4980,4726076.3079,16.2185
DIAG:116,0,12.139325,2.302687,2.623868,0,0,22.577992,1,4180400.0035,851772.3089,4726071.6949,4180399.9206,851773.3492,4726076.9761,15.4993
DIAG:117,0,4.094689,0.457249,2.499837,0,0,22.577991,1,4180399.3554,851772.6526,4726072.4025,4180399.1904,851773.2004,4726077.6442,4.1693
DIAG:118,0,18.067655,4.719205,2.158872,0,0,22.577991,1,4180399.8102,851773.3987,4726074.9507,4180398.4603,851773.0517,4726078.3123,13.3471
DIAG:119,0,12.746278,3.469288,2.183848,0,0,22.577990,1,4180398.3621,851771.8562,4726076.7373,4180397.7302,851772.9029,4726078.9805,9.7936
DIAG:120,0,8.042581,1.166512,2.212584,0,0,22.577990,1,4180397.8046,851772.4609,4726078.2630,4180397.0000,851772.7541,4726079.6486,5.7374
DIAG:121,0,9.746381,1.619659,2.103476,0,0,22.577990,1,4180398.0921,851772.0808,4726080.0583,4180396.2699,851772.6054,4726080.3168,9.2927
DIAG:122,0,13.431948,5.639506,2.533855,0,0,22.577990,1,4180396.3225,851769.8943,4726080.3032,4180395.5398,851772.4566,4726080.9849,13.1558
DIAG:123,0,13.834122,3.591851,2.658228,0,0,22.577989,1,4180396.8160,851768.4884,4726082.4959,4180394.8096,851772.3078,4726081.6530,15.1596
DIAG:124,0,5.975245,1.199572,2.694993,0,0,22.577989,1,4180395.2126,851768.3845,4726083.2910,4180394.0795,851772.1591,4726082.3212,3.9666
DIAG:125,0,0.799367,0.021433,2.418696,0,0,22.577989,1,4180394.4935,851767.7841,4726084.1733,4180393.3493,851772.0103,4726082.9893,5.1421
DIAG:126,0,12.529450,3.319167,2.520344,0,0,22.577989,1,4180393.9810,851768.8936,4726083.8665,4180392.6192,851771.8615,4726083.6575,8.9040
DIAG:127,0,27.717970,11.813772,3.655996,1,0,22.577989,1,4180394.4486,851770.8761,4726087.7959,4180391.8891,851771.7128,4726084.3256,27.0989
DIAG:128,0,24.358992,7.532607,3.937337,0,0,22.577989,1,4180392.1717,851771.0881,4726085.8514,4180391.1589,851771.5640,4726084.9937,19.7806
DIAG:129,0,12.906924,1.741064,3.764514,0,0,22.577989,1,4180391.5936,851771.6054,4726085.0063,4180390.4288,851771.4152,4726085.6619,11.9732
DIAG:130,0,11.449469,3.240843,3.971947,0,0,22.577989,1,4180389.2206,851771.7153,4726086.6036,4180389.6987,851771.2665,4726086.3300,10.1596
DIAG:131,0,25.904335,6.297592,4.439741,0,1,22.577989,1,4180387.7299,851771.3804,4726083.9745,4180388.9685,851771.1177,4726086.9982,25.6057
DIAG:132,0,5.151099,0.345634,3.910353,0,0,22.577989,1,4180386.4051,851771.4211,4726085.1049,4180388.2384,851770.9689,4726087.6663,3.9178
DIAG:133,0,23.098415,8.209340,4.372102,0,0,22.577989,1,4180387.2331,851770.2649,4726083.0421,4180387.5083,851770.8202,4726088.3344,24.5443
DIAG:134,0,9.175053,1.061041,4.358249,0,0,22.577989,1,4180386.9019,851769.6964,4726084.5267,4180386.7781,851770.6714,4726089.0026,4.6976
DIAG:135,0,19.839721,4.184430,4.774549,0,1,22.577989,1,4180386.7785,851770.2486,4726087.4957,4180386.0480,851770.5226,4726089.6707,15.1602
DIAG:136,0,10.199542,3.459641,4.788596,0,1,22.577989,1,4180387.1715,851768.6799,4726088.3314,4180385.3179,851770.3739,4726090.3389,10.7427
DIAG:137,0,14.182141,3.382069,3.945426,0,0,22.577989,1,4180388.0371,851768.3884,4726090.5161,4180384.5877,851770.2251,4726091.0070,14.0612
DIAG:138,0,16.727882,2.876947,3.479860,0,0,22.577989,1,4180386.8682,851768.1073,4726093.4076,4180383.8576,851770.0763,4726091.6751,15.9698
DIAG:139,0,7.425663,0.603781,3.366132,0,0,22.577989,1,4180386.7141,851768.0079,4726095.2461,4180383.1275,851769.9276,4726092.3433,10.5307
DIAG:140,0,12.031676,4.054513,3.447499,0,0,22.577989,1,4180384.3504,851767.4756,4726096.9812,4180382.3973,851769.7788,4726093.0114,11.7327
DIAG:141,0,3.419316,0.395125,2.857252,0,0,22.577989,1,4180383.3543,851766.6836,4726098.0263,4180381.6672,851769.6300,4726093.6796,6.9636
DIAG:142,0,10.712570,3.293322,3.152021,0,0,22.577989,1,4180382.6424,851768.0927,4726099.6916,4180380.9370,851769.4813,4726094.3477,11.6422
DIAG:143,0,7.849452,0.813845,2.412471,0,0,22.577989,1,4180381.3778,851767.7573,4726099.8202,4180380.2069,851769.3325,4726095.0158,3.1123
DIAG:144,0,14.140260,3.881581,2.694525,0,0,22.577989,1,4180380.2061,851769.2043,4726102.2395,4180379.4768,851769.1837,4726095.6840,17.5216
DIAG:145,0,11.383835,2.158506,2.491933,0,0,22.577989,1,4180380.5183,851769.5128,4726102.0973,4180378.7466,851769.0349,4726096.3521,7.4587
DIAG:146,0,5.191296,0.564566,2.202425,0,0,22.577989,1,4180380.3208,851769.1038,4726102.6202,4180378.0165,851768.8862,4726097.0202,5.3871
DIAG:147,0,13.900613,4.739397,2.338158,0,0,22.577989,1,4180377.7382,851768.6389,4726104.7196,4180377.2864,851768.7374,4726097.6884,16.7713
DIAG:148,0,12.947360,3.621856,2.412649,0,0,22.577989,1,4180375.9120,851767.2264,4726104.5837,4180376.5562,851768.5886,4726098.3565,9.2029
DIAG:149,0,16.186719,6.303843,2.982655,0,0,22.577989,1,4180376.6448,851768.6000,4726104.2223,4180375.8261,851768.4399,4726099.0247,11.6213
DIAG:150,1,3.901400,0.279556,2.605160,0,0,22.577989,1,4180375.8706,851768.1233,4726104.6976,4180375.0960,851768.2911,4726099.6928,3.2539
DIAG:151,1,10.668817,2.495018,2.815149,0,0,22.577989,1,4180376.3294,851767.3651,4726104.5773,4180374.3658,851768.1423,4726100.3609,8.6933
DIAG:152,1,11.189716,4.187648,2.904581,0,0,22.577989,1,4180376.9357,851768.7895,4726105.1697,4180373.6357,851767.9936,4726101.0291,12.2877
DIAG:153,1,12.684078,1.655851,2.988782,0,0,22.577989,1,4180376.8537,851768.4539,4726104.3159,4180372.9055,851767.8448,4726101.6972,10.0514
DIAG:154,1,10.602042,2.717307,2.872355,0,0,22.577989,1,4180376.7320,851769.8883,4726105.8405,4180372.1754,851767.6960,4726102.3653,14.1401
DIAG:155,1,15.695267,4.334486,3.089953,0,0,22.577989,1,4180377.9668,851770.1740,4726104.8880,4180371.4453,851767.5473,4726103.0335,17.1243
DIAG:156,1,8.408143,1.461664,3.179662,0,0,22.577989,1,4180378.5709,851769.7344,4726104.6814,4180370.7151,851767.3985,4726103.7016,12.5841
DIAG:157,1,12.094062,3.772885,3.083011,0,0,22.577989,1,4180376.6761,851769.2331,4726106.1284,4180369.9850,851767.2497,4726104.3698,7.8133
DIAG:158,1,13.795139,3.933493,3.114175,0,0,22.577989,1,4180375.4323,851767.7800,4726105.4130,4180369.2549,851767.1010,4726105.0379,10.4687
DIAG:159,1,16.094433,6.013585,3.085149,0,0,22.577989,1,4180376.6507,851769.1103,4726104.5407,4180368.5247,851766.9522,4726105.7060,20.6541
DIAG:160,1,15.091084,2.396584,3.296852,0,0,22.577989,1,4180375.7077,851768.8765,4726103.0332,4180367.7946,851766.8034,4726106.3742,16.7559
DIAG:161,1,17.872987,2.963134,3.343664,0,0,22.577989,1,4180375.2145,851768.4658,4726100.9755,4180367.0644,851766.6547,4726107.0423,22.7126
DIAG:162,1,9.745250,1.336214,3.058520,0,0,22.577989,1,4180374.1086,851768.1087,4726099.9461,4180366.3343,851766.5059,4726107.7104,15.9107
DIAG:163,1,22.064293,5.786356,3.471571,0,0,22.577989,1,4180372.5206,851768.8171,4726102.7055,4180365.6042,851766.3571,4726108.3786,13.7757
DIAG:164,1,5.649160,0.583396,3.258180,0,0,22.577989,1,4180371.7479,851768.2293,4726103.5187,4180364.8740,851766.2083,4726109.0467,6.1286
DIAG:165,1,13.952395,2.254224,3.050153,0,0,22.577989,1,4180371.0171,851767.3485,4726105.5217,4180364.1439,851766.0596,4726109.7148,9.8042
DIAG:166,1,10.704999,1.919072,3.095894,0,0,22.577989,1,4180369.5375,851766.5798,4726104.7438,4180363.4138,851765.9108,4726110.3830,13.6613
DIAG:167,1,6.061579,0.599529,2.778559,0,0,22.577989,1,4180368.2628,851766.3189,4726105.7202,4180362.6836,851765.7620,4726111.0511,3.0377
DIAG:168,1,9.941141,3.334724,2.718682,0,0,22.577989,1,4180369.1460,851766.8902,4726105.9843,4180361.9535,851765.6133,4726111.7192,16.5402
DIAG:169,1,11.855682,2.236295,2.340953,0,0,22.577989,1,4180367.4289,851766.7385,4726105.0081,4180361.2233,851765.4645,4726112.3874,16.1732
DIAG:170,1,6.014911,0.976196,2.198914,0,0,22.577989,1,4180366.8427,851767.5281,4726105.6784,4180360.4932,851765.3157,4726113.0555,10.4232
DIAG:171,1,4.680424,0.723410,1.974942,0,0,22.577989,1,4180366.1365,851766.6534,4726106.0752,4180359.7631,851765.1670,4726113.7236,9.5867
DIAG:172,1,6.131744,0.928321,1.934152,0,0,22.577989,1,4180365.7150,851765.6835,4726105.8775,4180359.0329,851765.0182,4726114.3918,14.4709
DIAG:173,1,9.186173,2.737747,1.629291,0,0,22.577989,1,4180365.9574,851764.1296,4726105.8463,4180358.3028,851764.8694,4726115.0599,17.5229
DIAG:174,1,14.990580,5.575543,2.128506,0,0,22.577989,1,4180364.2403,851765.6271,4726107.2719,4180357.5726,851764.7207,4726115.7281,9.3569
DIAG:175,1,6.438673,0.781232,1.981207,0,0,22.577989,1,4180364.1317,851765.9343,4726108.2505,4180356.8425,851764.5719,4726116.3962,11.1389
DIAG:176,1,9.063912,2.309873,2.020287,0,0,22.577989,1,4180363.7557,851764.4009,4726109.1905,4180356.1124,851764.4231,4726117.0643,11.6215
DIAG:177,1,11.439030,2.076166,2.167951,0,0,22.577989,1,4180363.6095,851763.1448,4726110.8774,4180355.3822,851764.2744,4726117.7325,11.8289
DIAG:178,1,6.857409,1.114039,1.945882,0,0,22.577989,1,4180363.4608,851761.9224,4726110.7991,4180354.6521,851764.1256,4726118.4006,16.7491
DIAG:179,1,6.152242,0.645993,1.786852,0,0,22.577989,1,4180362.3565,851761.7257,4726111.9211,4180353.9219,851763.9768,4726119.0687,6.4991
DIAG:180,1,8.691968,2.350615,1.924294,0,0,22.577989,1,4180360.3930,851761.8325,4726112.8053,4180353.1918,851763.8280,4726119.7369,4.5399
DIAG:181,1,5.780659,1.027791,1.954732,0,0,22.577989,1,4180360.3534,851762.1828,4726113.0680,4180352.4617,851763.6793,4726120.4050,14.3261
DIAG:182,1,12.537886,2.746106,2.136510,0,0,22.577989,1,4180360.2125,851760.6533,4726114.9185,4180351.7315,851763.5305,4726121.0731,13.9389
DIAG:183,1,5.781275,0.565141,1.919250,0,0,22.577989,1,4180359.1012,851759.9425,4726114.8977,4180351.0014,851763.3817,4726121.7413,13.2807
DIAG:184,1,11.620582,4.346950,1.796391,0,0,22.577989,1,4180356.6337,851758.5905,4726115.0641,4180350.2712,851763.2330,4726122.4094,13.3728
DIAG:185,1,13.301446,4.362701,2.154537,0,0,22.577989,1,4180355.2893,851759.9003,4726114.5348,4180349.5411,851763.0842,4726123.0775,16.7296
DIAG:186,1,19.808394,4.037092,2.327259,0,0,22.577989,1,4180353.5450,851759.5636,4726117.5294,4180348.8110,851762.9354,4726123.7457,11.0122
DIAG:187,1,10.928129,1.370524,2.256695,0,0,22.577989,1,4180353.1108,851759.5763,4726116.8048,4180348.0808,851762.7867,4726124.4138,18.2374
DIAG:188,1,7.345207,1.116764,2.256968,0,0,22.577989,1,4180351.6473,851759.9946,4726118.0494,4180347.3507,851762.6379,4726125.0819,3.0837
DIAG:189,1,13.783357,6.185345,2.810903,0,0,22.577989,1,4180352.3111,851761.5580,4726119.0561,4180346.6205,851762.4891,4726125.7501,15.4381
DIAG:190,1,23.214845,4.923517,3.068193,0,0,22.577989,1,4180351.2146,851761.1398,4726116.6341,4180345.8904,851762.3404,4726126.4182,30.2151
DIAG:191,1,5.614192,1.067285,3.072142,0,0,22.577989,1,4180349.8350,851761.9020,4726117.0373,4180345.1603,851762.1916,4726127.0863,10.9149
DIAG:192,1,14.360139,3.007948,3.098327,0,0,22.577989,1,4180349.7848,851760.9664,4726119.1051,4180344.4301,851762.0428,4726127.7545,10.7877
DIAG:193,1,7.555767,0.996803,3.141493,0,0,22.577989,1,4180349.6143,851761.3577,4726120.4351,4180343.7000,851761.8940,4726128.4226,9.3329
DIAG:194,1,12.402249,3.773665,3.084164,0,0,22.577989,1,4180347.0993,851761.1482,4726120.0168,4180342.9698,851761.7453,4726129.0907,16.1737
DIAG:195,1,12.717337,5.320170,3.179911,0,0,22.577989,1,4180348.4327,851761.2764,4726120.1969,4180342.2397,851761.5965,4726129.7589,20.1421
DIAG:196,1,18.439184,4.033972,3.179599,0,0,22.577989,1,4180348.7065,851760.5813,4726122.9631,4180341.5095,851761.4477,4726130.4270,14.3173
DIAG:197,1,9.296289,1.179988,3.160546,0,0,22.577989,1,4180347.4675,851760.8340,4726122.5090,4180340.7794,851761.2990,4726131.0951,16.3281
DIAG:198,1,13.453985,4.141820,3.463051,0,0,22.577989,1,4180347.6373,851759.1292,4726124.2539,4180340.0493,851761.1502,4726131.7632,14.7130
DIAG:199,1,12.212921,2.203394,3.064856,0,0,22.577989,1,4180346.2368,851759.5867,4726123.5000,4180339.3191,851761.0014,4726132.4314,18.5522
DIAG:200,1,9.237280,1.179723,2.690477,0,0,22.577989,1,4180345.8407,851760.1160,4726125.1433,4180338.5890,851760.8527,4726133.0995,8.8201
DIAG:201,1,12.521500,2.144333,2.798182,0,0,22.577989,1,4180345.4835,851760.9748,4726127.2566,4180337.8588,851760.7039,4726133.7676,10.5124
DIAG:202,1,14.083300,2.477821,2.745169,0,0,22.577989,1,4180344.4436,851760.0957,4726126.2756,4180337.1287,851760.5551,4726134.4358,20.6571
DIAG:203,1,12.501227,1.654629,2.810952,0,0,22.577989,1,4180344.3938,851760.0054,4726128.4793,4180336.3986,851760.4064,4726135.1039,11.3788
DIAG:204,1,9.523632,1.071542,2.540739,0,0,22.577989,1,4180343.6938,851759.3283,4726130.3843,4180335.6684,851760.2576,4726135.7720,8.6634
DIAG:205,1,14.069436,3.770636,2.385786,0,0,22.577989,1,4180344.6991,851759.4523,4726129.7663,4180334.9383,851760.1088,4726136.4402,23.4115
DIAG:206,1,11.252706,3.416918,2.324080,0,0,22.577989,1,4180342.9938,851760.5199,4726129.6970,4180334.2081,851759.9600,4726137.1083,14.2033
DIAG:207,1,5.652009,1.063189,2.312401,0,0,22.577989,1,4180341.7609,851761.2784,4726130.4642,4180333.4780,851759.8113,4726137.7764,9.7482
DIAG:208,1,6.467606,0.589680,1.957187,0,0,22.577989,1,4180341.0367,851760.8207,4726130.3679,4180332.7478,851759.6625,4726138.4446,15.3071
DIAG:209,1,7.439357,0.512503,1.788097,0,0,22.577989,1,4180340.3481,851761.0095,4726131.9487,4180332.0177,851759.5137,4726139.1127,8.4648
DIAG:210,1,6.537831,0.762439,1.746369,0,0,22.577989,1,4180339.0471,851761.3235,4726133.3155,4180331.2876,851759.3650,4726139.7808,6.0918
DIAG:211,1,10.073728,1.014426,1.633378,0,0,22.577989,1,4180338.3238,851761.7806,4726135.3384,4180330.5574,851759.2162,4726140.4489,9.4943
DIAG:212,1,11.464055,1.189641,1.504560,0,0,22.577989,1,4180337.7028,851761.7136,4726134.6504,4180329.8273,851759.0674,4726141.1171,18.4514
DIAG:213,1,3.978722,0.253635,1.364461,0,0,22.577989,1,4180337.1875,851761.4625,4726134.9183,4180329.0971,851758.9187,4726141.7852,13.2940
DIAG:214,1,26.285554,6.785088,1.935816,0,0,22.577989,1,4180335.6032,851761.8072,4726138.9954,4180328.3670,851758.7699,4726142.4533,19.6610
DIAG:215,1,2.789375,0.243618,1.583114,0,0,22.577989,1,4180335.2404,851761.6444,4726140.0325,4180327.6368,851758.6211,4726143.1215,9.9317
DIAG:216,1,11.044731,1.383821,1.379804,0,0,22.577989,1,4180333.9155,851761.4725,4726139.5788,4180326.9067,851758.4723,4726143.7896,14.1325
DIAG:217,1,2.921785,0.286186,1.302104,0,0,22.577989,1,4180332.6056,851761.4101,4726140.3644,4180326.1766,851758.3236,4726144.4577,6.5600
DIAG:218,1,5.760434,1.123316,1.355467,0,0,22.577989,1,4180331.8384,851760.3937,4726141.1769,4180325.4464,851758.1748,4726145.1259,8.2445
DIAG:219,1,8.319693,1.334835,1.437700,0,0,22.577989,1,4180330.2000,851760.8686,4726141.1657,4180324.7163,851758.0260,4726145.7940,11.6135
DIAG:220,1,4.657089,0.442563,1.405713,0,0,22.577989,1,4180329.6467,851761.2889,4726142.3830,4180323.9861,851757.8773,4726146.4621,9.1608
DIAG:221,1,5.822254,1.125737,1.416844,0,0,22.577989,1,4180327.9183,851760.7045,4726143.3058,4180323.2560,851757.7285,4726147.1302,3.1306
DIAG:222,1,14.347794,6.625874,1.960467,0,0,22.577989,1,4180326.4884,851758.1956,4726143.6238,4180322.5258,851757.5797,4726147.7984,13.0071
DIAG:223,1,4.956737,0.752039,2.010308,0,0,22.577989,1,4180326.0907,851758.4799,4726144.1610,4180321.7957,851757.4310,4726148.4665,9.8690
DIAG:224,1,12.054365,1.734732,1.505272,0,0,22.577989,1,4180325.8441,851758.5618,4726146.4052,4180321.0655,851757.2822,4726149.1346,10.9744
DIAG:225,1,9.994652,1.753030,1.656213,0,0,22.577989,1,4180325.8878,851758.9016,4726146.2025,4180320.3354,851757.1334,4726149.8028,14.9890
DIAG:226,1,8.603752,2.069594,1.724790,0,0,22.577989,1,4180326.4453,851758.5366,4726147.5398,4180319.6053,851756.9846,4726150.4709,12.9473
DIAG:227,1,11.326343,3.748682,2.071040,0,0,22.577989,1,4180323.9512,851758.5840,4726147.7218,4180318.8751,851756.8359,4726151.1390,8.7401
DIAG:228,1,6.205610,1.292728,2.087981,0,0,22.577989,1,4180323.1193,851759.5569,4726148.5901,4180318.1450,851756.6871,4726151.8071,9.7292
DIAG:229,1,15.817219,2.710229,2.225521,0,0,22.577989,1,4180322.5957,851758.7761,4726151.3770,4180317.4148,851756.5383,4726152.4753,13.8042
DIAG:230,1,14.918132,3.001543,2.481419,0,0,22.577989,1,4180322.8653,851759.1190,4726150.5293,4180316.6847,851756.3896,4726153.1434,18.6815
DIAG:231,1,10.366929,2.450843,2.613929,0,0,22.577989,1,4180323.5459,851759.3211,4726150.4225,4180315.9545,851756.2408,4726153.8115,17.2358
DIAG:232,1,10.362439,3.388380,2.290180,0,0,22.577989,1,4180322.8075,851757.5035,4726151.5751,4180315.2244,851756.0920,4726154.4797,9.4859
DIAG:233,1,11.039664,2.417138,2.456690,0,0,22.577989,1,4180321.1627,851758.0777,4726151.2522,4180314.4942,851755.9433,4726155.1478,12.5876
DIAG:234,1,2.867323,0.266116,2.309828,0,0,22.577989,1,4180320.0219,851758.1564,4726151.8498,4180313.7641,851755.7945,4726155.8159,7.0453
DIAG:235,1,5.803081,0.863908,2.220916,0,0,22.577989,1,4180318.4611,851757.8100,4726152.9716,4180313.0339,851755.6457,4726156.4840,2.1090
DIAG:236,1,9.323982,2.148586,2.228815,0,0,22.577989,1,4180317.7758,851756.3322,4726152.9427,4180312.3038,851755.4969,4726157.1522,12.1116
DIAG:237,1,4.099768,0.469239,1.900871,0,0,22.577989,1,4180316.4507,851755.6791,4726153.3412,4180311.5737,851755.3482,4726157.8203,6.8437
DIAG:238,1,18.812237,3.259051,2.097503,0,0,22.577989,1,4180316.0119,851755.4191,4726151.5222,4180310.8435,851755.1994,4726158.4884,24.2242
DIAG:239,1,5.345664,0.648153,1.891296,0,0,22.577989,1,4180315.9170,851755.1921,4726151.5204,4180310.1134,851755.0506,4726159.1565,14.0452
DIAG:240,1,16.259233,5.547142,2.145856,0,0,22.577989,1,4180315.5910,851756.9066,4726150.4184,4180309.3832,851754.9019,4726159.8247,23.8683
DIAG:241,1,9.037444,2.189737,2.119745,0,0,22.577989,1,4180313.6334,851757.3958,4726150.1131,4180308.6531,851754.7531,4726160.4928,15.4911
DIAG:242,1,10.848799,3.971601,2.178067,0,0,22.577989,1,4180314.4212,851756.2401,4726150.2979,4180307.9229,851754.6043,4726161.1609,18.2749
DIAG:243,1,11.138854,2.178362,2.154190,0,0,22.577989,1,4180314.6449,851756.8871,4726151.7593,4180307.1928,851754.4556,4726161.8291,13.1440
DIAG:244,1,2.664195,0.228497,2.150428,0,0,22.577989,1,4180314.4251,851756.5146,4726152.0281,4180306.4626,851754.3068,4726162.4972,14.6520
DIAG:245,1,12.591533,2.259495,2.289986,0,0,22.577989,1,4180313.5477,851757.4213,4726153.8512,4180305.7325,851754.1580,4726163.1653,10.0331
DIAG:246,1,11.122037,1.104233,2.185551,0,0,22.577989,1,4180312.8698,851757.3592,4726155.7722,4180305.0023,851754.0092,4726163.8334,8.1586
DIAG:247,1,5.863039,1.151626,2.253790,0,0,22.577989,1,4180313.2244,851756.8708,4726156.4254,4180304.2722,851753.8605,4726164.5016,15.1787
DIAG:248,1,12.006409,4.500901,2.377975,0,0,22.577989,1,4180312.6899,851758.8749,4726157.5066,4180303.5420,851753.7117,4726165.1697,17.5324
DIAG:249,1,15.570821,5.960267,2.909186,0,0,22.577989,1,4180312.9629,851756.9231,4726159.3602,4180302.8119,851753.5629,4726165.8378,15.0397
DIAG:250,1,14.122442,5.687478,2.923220,0,0,22.577989,1,4180310.7054,851755.5346,4726159.1912,4180302.0817,851753.4142,4726166.5059,13.5537
DIAG:251,1,4.837643,0.325746,2.736821,0,0,22.577989,1,4180309.7125,851755.3981,4726160.3915,4180301.3516,851753.2654,4726167.1741,7.6375
DIAG:252,1,26.004603,6.168128,2.956473,0,0,22.577989,1,4180309.0661,851754.7082,4726164.4723,4180300.6215,851753.1166,4726167.8422,20.8617
DIAG:253,1,16.874684,2.801286,3.018766,0,0,22.577989,1,4180308.5562,851755.0701,4726167.5646,4180299.8913,851752.9679,4726168.5103,16.9862
DIAG:254,1,4.992456,0.629263,3.058842,0,0,22.577989,1,4180308.5329,851755.3078,4726168.2444,4180299.1612,851752.8191,4726169.1784,13.3254
DIAG:255,1,18.281183,5.208533,3.353746,0,0,22.577989,1,4180309.2404,851754.0169,4726167.2229,4180298.4310,851752.6703,4726169.8466,23.4842
DIAG:256,1,15.833069,4.886045,3.731927,0,0,22.577989,1,4180308.2431,851751.9784,4726166.5338,4180297.7009,851752.5215,4726170.5147,18.6004
DIAG:257,1,2.431812,0.164928,3.633258,0,0,22.577989,1,4180308.1318,851751.5543,4726167.1585,4180296.9707,851752.3728,4726171.1828,13.8765
DIAG:258,1,3.264139,0.360664,3.219234,0,0,22.577989,1,4180307.5475,851750.5480,4726167.9197,4180296.2406,851752.2240,4726171.8509,12.2283
DIAG:259,1,9.447797,2.244980,2.847705,0,0,22.577989,1,4180305.7389,851749.7146,4726167.9543,4180295.5104,851752.0752,4726172.5191,11.0167
DIAG:260,1,9.584829,1.214073,2.400365,0,0,22.577989,1,4180304.5315,851749.5988,4726167.5239,4180294.7803,851751.9265,4726173.1872,14.9798
DIAG:261,1,11.073177,3.639689,2.731759,0,0,22.577989,1,4180304.2702,851750.9057,4726168.7572,4180294.0501,851751.7777,4726173.8553,14.0766
DIAG:262,1,10.686520,1.500338,2.264980,0,0,22.577989,1,4180303.0105,851750.1130,4726168.1535,4180293.3200,851751.6289,4726174.5234,16.7278
DIAG:263,1,12.588758,3.417127,2.326564,0,0,22.577989,1,4180300.8890,851750.5312,4726169.9056,4180292.5898,851751.4801,4726175.1916,3.9162
DIAG:264,1,6.790764,0.884388,2.352076,0,0,22.577989,1,4180300.7146,851750.6996,4726169.8900,4180291.8597,851751.3314,4726175.8597,15.8580
DIAG:265,1,5.962194,0.520808,1.883304,0,0,22.577989,1,4180299.8343,851750.9777,4726171.2008,4180291.1295,851751.1826,4726176.5278,8.4841
DIAG:266,1,20.329200,4.605343,1.855234,0,0,22.577989,1,4180300.1357,851750.4972,4726174.4257,4180290.3994,851751.0338,4726177.1959,20.3507
DIAG:267,1,23.998108,10.384090,2.877150,0,0,22.577989,1,4180297.1293,851749.0676,4726172.7597,4180289.6692,851750.8851,4726177.8641,23.0884
DIAG:268,1,19.688452,4.202284,3.261312,0,0,22.577989,1,4180295.3090,851749.1585,4726175.9232,4180288.9391,851750.7363,4726178.5322,13.9658
DIAG:269,1,11.906834,3.263865,3.363201,0,0,22.577989,1,4180293.9039,851750.4417,4726175.7389,4180288.2089,851750.5875,4726179.2003,12.9790
DIAG:270,1,19.648641,3.884217,3.630215,0,0,22.577989,1,4180293.3515,851749.6862,4726179.0420,4180287.4788,851750.4388,4726179.8684,18.0959
DIAG:271,1,16.463306,2.464979,3.512744,0,0,22.577989,1,4180292.6357,851749.3542,4726182.1565,4180286.7486,851750.2900,4726180.5365,17.4307
DIAG:272,1,11.435515,1.832897,3.546000,0,0,22.577989,1,4180292.1365,851749.9692,4726181.9209,4180286.0185,851750.1412,4726181.2047,12.0741
DIAG:273,1,11.276710,2.055355,3.409823,0,0,22.577989,1,4180290.7252,851748.8554,4726181.6827,4180285.2883,851749.9924,4726181.8728,10.6048
DIAG:274,1,14.026425,4.863636,3.807748,0,0,22.577989,1,4180291.5924,851749.4983,4726181.4889,4180284.5582,851749.8437,4726182.5409,17.8233
DIAG:275,1,10.000546,1.855171,3.941184,0,0,22.577989,1,4180291.8211,851748.8536,4726183.3655,4180283.8280,851749.6949,4726183.2090,14.6839
DIAG:276,1,1.965816,0.127431,3.493393,0,0,22.577989,1,4180290.9917,851748.3487,4726184.2347,4180283.0979,851749.5461,4726183.8772,7.6816
DIAG:277,1,5.601902,0.397512,2.494735,0,0,22.577989,1,4180290.6454,851748.3195,4726184.4693,4180282.3677,851749.3974,4726184.5453,10.8545
DIAG:278,1,18.357926,5.634832,2.637990,0,0,22.577989,1,4180290.6740,851749.8547,4726183.3322,4180281.6376,851749.2486,4726185.2134,21.1199
DIAG:279,1,19.912204,12.032220,3.514825,1,0,22.577989,1,4180287.3815,851751.8022,4726183.0729,4180280.9074,851749.0998,4726185.8815,15.9422
DIAG:280,1,8.189093,0.632040,3.189608,0,0,22.577989,1,4180286.3198,851752.0797,4726182.6612,4180280.1773,851748.9510,4726186.5496,12.6332
DIAG:281,1,11.421674,3.856888,3.328798,0,0,22.577989,1,4180286.6116,851750.7851,4726182.6170,4180279.4471,851748.8023,4726187.2178,15.9069
DIAG:282,1,10.159211,3.011623,3.446671,0,0,22.577989,1,4180284.7504,851752.0642,4726182.5734,4180278.7170,851748.6535,4726187.8859,12.8907
DIAG:283,1,15.443555,3.821940,3.623330,0,0,22.577989,1,4180285.1191,851753.0633,4726181.3490,4180277.9868,851748.5047,4726188.5540,23.9873
DIAG:284,1,1.599051,0.043362,3.141302,0,0,22.577989,1,4180284.2056,851753.3233,4726181.8957,4180277.2567,851748.3560,4726189.2221,10.1148
DIAG:285,1,9.982547,0.884557,3.044241,0,0,22.577989,1,4180283.3893,851753.6206,4726183.5968,4180276.5265,851748.2072,4726189.8903,9.0345
DIAG:286,1,8.347758,1.390907,3.170588,0,0,22.577989,1,4180282.1735,851752.9638,4726184.8960,4180275.7964,851748.0584,4726190.5584,4.4507
DIAG:287,1,12.541375,1.724351,3.303272,0,0,22.577989,1,4180281.7313,851752.5741,4726183.8505,4180275.0662,851747.9096,4726191.2265,19.7740
DIAG:288,1,11.036569,3.802131,3.120002,0,0,22.577989,1,4180282.6543,851751.8497,4726184.7488,4180274.3361,851747.7609,4726191.8946,16.5045
DIAG:289,1,3.524513,0.302782,1.947058,0,0,22.577989,1,4180281.8082,851751.4270,4726185.4932,4180273.6059,851747.6121,4726192.5627,8.9985
DIAG:290,1,13.526351,2.285615,2.112416,0,0,22.577989,1,4180280.2448,851751.2987,4726187.6200,4180272.8758,851747.4633,4726193.2309,6.9823
DIAG:291,1,4.409156,0.295576,1.756284,0,0,22.577989,1,4180279.8672,851751.4695,4726188.7171,4180272.1456,851747.3146,4726193.8990,10.7535
DIAG:292,1,10.302402,1.900953,1.645217,0,0,22.577989,1,4180279.1219,851752.5793,4726188.2628,4180271.4155,851747.1658,4726194.5671,18.6106
DIAG:293,1,3.150942,0.163085,1.279332,0,0,22.577989,1,4180278.6925,851752.8454,4726189.1634,4180270.6853,851747.0170,4726195.2352,11.9388
DIAG:294,1,18.980109,6.576813,1.932677,0,0,22.577989,1,4180276.9383,851751.1501,4726191.7182,4180269.9552,851746.8682,4726195.9033,9.8702
DIAG:295,1,5.947344,0.993985,1.943620,0,0,22.577989,1,4180275.3665,851750.5712,4726192.8125,4180269.2250,851746.7195,4726196.5715,3.2423
DIAG:296,1,24.599194,8.568201,2.661349,0,0,22.577989,1,4180274.8264,851748.4224,4726190.6786,4180268.4949,851746.5707,4726197.2396,27.6520
DIAG:297,1,4.818301,0.618824,2.550797,0,0,22.577989,1,4180274.0995,851747.3725,4726190.8788,4180267.7647,851746.4219,4726197.9077,11.7245
DIAG:298,1,12.955800,1.602902,2.330874,0,0,22.577989,1,4180273.5570,851747.2682,4726189.7119,4180267.0346,851746.2732,4726198.5758,21.5264
DIAG:299,1,9.979339,3.012814,2.601877,0,0,22.577989,1,4180271.4080,851747.8785,4726189.6103,4180266.3044,851746.1244,4726199.2439,14.3514
DIAG_END
