HPM3 configured with mask 0
x4001
HPM4 configured with mask 0x8001
HPM5 configured with mask 0x2001
HPM6 configured with mask 0x2000
HPM7 configured with mask 0x10000
HPM8 configured with mask 0x0801
HPM9 configured with mask 0x8000
HPM10 configured with mask 0x0101
Start
Stop
DIAG_START
DIAG:1,0,13.946923,1.977321,1.977321,0,0,63.640557,1,4180484.6164,851792.3960,4725997.2451,4180483.8852,851790.4574,4726000.1391,14.6480
DIAG:2,0,9.735797,1.783082,1.880202,0,0,73.262077,1,4180482.6879,851789.6140,4725994.3205,4180483.1551,851790.3086,4726000.8072,11.5716
DIAG:3,0,7.248823,0.655181,1.471861,0,0,75.251973,1,4180479.8435,851788.1743,4725994.8005,4180482.4250,851790.1598,4726001.4754,5.7089
DIAG:4,0,5.877736,0.742816,1.289600,0,0,71.458623,1,4180477.7164,851789.6957,4725994.8743,4180481.6948,851790.0111,4726002.1435,7.4149
DIAG:5,0,13.633310,4.615208,1.954721,0,0,65.644287,1,4180470.9157,851792.3707,4725995.9244,4180480.9647,851789.8623,4726002.8117,17.5057
DIAG:6,0,13.477555,2.914533,2.114690,0,0,59.749003,1,4180471.5538,851792.0699,4725999.2155,4180480.2346,851789.7135,4726003.4798,4.5720
DIAG:7,0,14.213714,4.911034,2.514168,0,0,54.435752,1,4180473.3197,851789.6633,4726001.6607,4180479.5045,851789.5648,4726004.1480,4.6898
DIAG:8,0,12.386788,2.317812,2.489623,0,0,49.837005,1,4180471.5767,851791.9606,4725999.1089,4180478.7744,851789.4160,4726004.8161,16.4725
DIAG:9,0,11.279907,2.252911,2.463322,0,0,45.907336,1,4180472.2946,851791.2586,4726001.6665,4180478.0442,851789.2672,4726005.4843,2.4226
DIAG:10,0,32.682828,8.998834,3.116873,0,0,42.555987,1,4180472.5925,851791.3871,4725993.4794,4180477.3141,851789.1185,4726006.1525,36.4480
DIAG:11,0,9.904907,1.483822,3.067523,0,0,39.691521,1,4180472.6701,851790.3579,4725994.9944,4180476.5840,851788.9697,4726006.8206,5.9349
DIAG:12,0,16.891062,6.338882,3.523103,0,0,37.234593,1,4180474.7276,851788.4447,4725997.1718,4180475.8539,851788.8209,4726007.4888,9.1765
DIAG:13,0,11.952496,3.554660,3.813051,0,0,35.119808,1,4180471.7383,851788.4657,4725995.6476,4180475.1237,851788.6722,4726008.1569,20.6824
DIAG:14,0,22.910547,8.142523,4.553022,0,1,33.294196,1,4180469.7360,851790.9498,4725999.4385,4180474.3936,851788.5234,4726008.8251,15.2079
DIAG:15,0,7.627251,1.044391,4.195940,0,0,31.714948,1,4180469.7583,851790.4454,4725998.3973,4180473.6635,851788.3746,4726009.4932,15.8598
DIAG:16,0,11.179781,1.158321,4.020319,0,0,30.347273,1,4180468.5042,851790.2740,4725996.3518,4180472.9334,851788.2259,4726010.1614,23.5236
DIAG:17,0,19.313677,7.146849,4.243901,0,0,29.162617,1,4180468.7556,851787.7883,4725998.8605,4180472.2032,851788.0771,4726010.8295,9.4638
DIAG:18,0,23.382572,6.691142,4.681233,0,1,28.137250,1,4180467.4218,851789.2899,4726002.7020,4180471.4731,851787.9283,4726011.4977,13.7077
DIAG:19,0,11.689040,4.551529,4.911095,0,1,27.251173,1,4180466.7819,851786.8535,4726003.0309,4180470.7430,851787.7796,4726012.1658,14.2075
DIAG:20,0,12.316573,2.062574,4.217469,0,0,26.487297,1,4180466.5916,851785.6232,4726005.1841,4180470.0129,851787.6308,4726012.8340,5.9810
DIAG:21,0,8.177168,2.131840,4.282271,0,0,25.830822,1,4180467.3582,851785.4634,4726006.0037,4180469.2828,851787.4820,4726013.5021,7.2591
DIAG:22,0,15.806424,2.811312,3.929514,0,0,25.268773,1,4180467.7376,851785.0903,4726008.8220,4180468.5526,851787.3333,4726014.1703,8.3067
DIAG:23,0,10.244688,3.498181,3.923866,0,0,24.789667,1,4180466.9255,851786.5839,4726009.6743,4180467.8225,851787.1845,4726014.8384,8.9046
DIAG:24,0,5.956708,1.029830,3.212597,0,0,24.383269,1,4180465.4062,851786.4703,4726009.9772,4180467.0924,851787.0357,4726015.5066,9.8098
DIAG:25,0,12.482639,1.742257,3.282383,0,0,24.040413,1,4180464.0740,851786.1479,4726012.3510,4180466.3623,851786.8870,4726016.1747,8.4241
DIAG:26,0,9.422061,2.980228,3.464574,0,0,23.752877,1,4180461.6586,851785.9256,4726013.2526,4180465.6321,851786.7382,4726016.8429,12.0012
DIAG:27,0,12.187257,1.954891,2.945378,0,0,23.513285,1,4180461.2942,851786.5050,4726012.4830,4180464.9020,851786.5895,4726017.5110,15.0076
DIAG:28,0,8.257021,1.703963,2.446660,0,0,23.315038,1,4180461.6516,851786.0591,4726013.8408,4180464.1719,851786.4407,4726018.1792,3.2612
DIAG:29,0,3.043639,0.185093,2.010017,0,0,23.152247,1,4180461.0907,851785.5513,4726014.2543,4180463.4418,851786.2919,4726018.8473,7.1495
DIAG:30,0,18.217126,6.250575,2.428817,0,0,23.019684,1,4180461.0977,851787.3321,4726016.8761,4180462.7116,851786.1432,4726019.5155,13.9748
DIAG:31,0,6.377979,1.073941,2.323027,0,0,22.912730,1,4180461.4384,851787.5019,4726017.2410,4180461.9815,851785.9944,4726020.1836,7.4009
DIAG:32,0,14.284511,3.737661,2.415662,0,0,22.827326,1,4180461.4389,851789.0279,4726016.5327,4180461.2514,851785.8456,4726020.8518,17.4346
DIAG:33,0,7.072967,0.738712,2.139715,0,0,22.759925,1,4180461.5607,851789.4034,4726018.0560,4180460.5213,851785.6969,4726021.5199,6.2330
DIAG:34,0,25.167266,5.869469,2.623679,0,0,22.707448,1,4180461.5440,851790.0532,4726022.1314,4180459.7911,851785.5481,4726022.1881,22.8257
DIAG:35,0,5.610381,0.933027,2.542756,0,0,22.667235,1,4180461.9132,851790.8482,4726023.4231,4180459.0610,851785.3993,4726022.8563,10.4198
DIAG:36,0,5.572329,1.005020,2.345235,0,0,22.637007,1,4180461.7120,851790.1625,4726024.6106,4180458.3309,851785.2506,4726023.5244,4.4611
DIAG:37,0,14.338791,2.995623,2.449308,0,0,22.614819,1,4180460.2430,851789.9645,4726027.2946,4180457.6008,851785.1018,4726024.1926,14.6156
DIAG:38,0,6.231713,1.199321,2.398844,0,0,22.599026,1,4180459.0973,851789.3584,4726028.7148,4180456.8706,851784.9530,4726024.8607,5.9089
DIAG:39,0,3.497201,0.285474,2.408882,0,0,22.588247,1,4180458.1365,851789.4073,4726029.5722,4180456.1405,851784.8043,4726025.5289,4.9353
DIAG:40,0,13.466424,6.000276,2.383852,0,0,22.581332,1,4180456.0916,851787.6168,4726031.0193,4180455.4104,851784.6555,4726026.1970,10.7275
DIAG:41,0,4.563060,0.446797,2.321138,0,0,22.577332,1,4180455.8169,851787.9324,4726031.7533,4180454.6803,851784.5067,4726026.8652,6.4674
DIAG:42,0,14.360647,5.234394,2.470811,0,0,22.575473,1,4180455.1050,851785.7465,4726033.9824,4180453.9501,851784.3580,4726027.5333,15.9750
DIAG:43,0,20.198175,4.896379,2.886578,0,0,22.575131,1,4180453.3555,851786.1584,4726032.6999,4180453.2200,851784.2092,4726028.2015,13.8072
DIAG:44,0,10.245378,1.298501,2.429481,0,0,22.575809,1,4180451.9409,851785.7153,4726032.4781,4180452.4899,851784.0604,4726028.8696,5.8528
DIAG:45,0,4.909783,0.642148,2.400393,0,0,22.577119,1,4180450.5656,851785.9882,4726033.7669,4180451.7598,851783.9117,4726029.5378,8.6723
DIAG:46,0,14.058300,2.378871,2.537778,0,0,22.578766,1,4180450.2663,851785.0987,4726033.0018,4180451.0296,851783.7629,4726030.2059,8.9893
DIAG:47,0,5.573428,0.747227,2.312939,0,0,22.580527,1,4180449.1408,851784.1183,4726033.3851,4180450.2995,851783.6141,4726030.8740,3.7981
DIAG:48,0,12.032014,1.953491,2.388356,0,0,22.582243,1,4180449.2026,851783.5566,4726032.7643,4180449.5694,851783.4654,4726031.5422,9.0689
DIAG:49,0,7.053151,1.683639,2.528172,0,0,22.583807,1,4180447.9307,851784.3773,4726033.4977,4180448.8393,851783.3166,4726032.2103,7.2653
DIAG:50,0,4.936740,0.325881,1.960733,0,0,22.585148,1,4180447.4967,851784.2065,4726034.7982,4180448.1091,851783.1678,4726032.8785,6.0441
DIAG:51,0,7.875620,1.186982,2.034751,0,0,22.586231,1,4180446.9554,851784.8659,4726036.3481,4180447.3790,851783.0191,4726033.5466,9.9666
DIAG:52,0,30.111351,12.986718,2.809984,1,0,22.587040,1,4180443.6934,851784.2560,4726040.6680,4180446.6489,851782.8703,4726034.2148,32.8358
DIAG:53,0,5.169951,0.516898,2.372036,0,0,22.587581,1,4180442.1015,851783.9339,4726042.2453,4180445.9187,851782.7215,4726034.8829,12.5974
DIAG:54,0,21.669666,5.336125,2.775798,0,0,22.587869,1,4180441.7879,851784.7364,4726040.6283,4180445.1886,851782.5728,4726035.5511,14.4038
DIAG:55,0,13.420951,2.021304,2.913714,0,0,22.587929,1,4180440.3215,851784.0602,4726039.8464,4180444.4585,851782.4240,4726036.2192,9.8146
DIAG:56,0,1.878406,0.091619,2.684988,0,0,22.587793,1,4180439.1127,851784.1234,4726040.4906,4180443.7284,851782.2752,4726036.8874,6.6761
DIAG:57,0,6.414263,1.364267,2.746692,0,0,22.587491,1,4180438.9644,851783.2814,4726041.1224,4180442.9982,851782.1265,4726037.5555,3.3315
DIAG:58,0,6.178119,1.238596,2.675203,0,0,22.587057,1,4180438.6666,851782.2130,4726042.0797,4180442.2681,851781.9777,4726038.2237,6.3318
DIAG:59,0,6.376202,1.153113,2.622150,0,0,22.586521,1,4180438.7917,851781.9782,4726043.2514,4180441.5380,851781.8289,4726038.8918,7.2093
DIAG:60,0,10.150658,1.110598,2.700622,0,0,22.585914,1,4180437.5041,851781.5584,4726042.7702,4180440.8079,851781.6802,4726039.5600,7.6682
DIAG:61,0,20.748122,6.545298,3.236454,0,0,22.585261,1,4180438.4896,851781.7698,4726045.8482,4180440.0777,851781.5314,4726040.2281,22.3405
DIAG:62,0,19.327805,5.602006,2.497982,0,0,22.584586,1,4180439.5305,851781.1599,4726044.5155,4180439.3476,851781.3826,4726040.8963,13.6058
DIAG:63,0,5.722659,0.417141,2.488007,0,0,22.583908,1,4180439.4028,851780.6838,4726044.5467,4180438.6175,851781.2339,4726041.5644,3.2195
DIAG:64,0,7.459717,1.852293,2.139623,0,0,22.583243,1,4180437.7943,851781.0529,4726045.0733,4180437.8873,851781.0851,4726042.2326,6.3783
DIAG:65,0,12.143863,1.467598,2.084253,0,0,22.582603,1,4180437.5783,851781.1194,4726044.1727,4180437.1572,851780.9363,4726042.9007,9.3831
DIAG:66,0,14.078833,5.299201,2.605011,0,0,22.582000,1,4180434.9032,851780.6443,4726043.7362,4180436.4271,851780.7876,4726043.5689,12.9454
DIAG:67,0,5.239124,0.905361,2.559120,0,0,22.581439,1,4180433.9555,851781.3224,4726044.0914,4180435.6970,851780.6388,4726044.2370,5.5700
DIAG:68,0,11.794495,3.407615,2.776022,0,0,22.580924,1,4180434.8789,851781.2199,4726045.5187,4180434.9668,851780.4900,4726044.9052,10.2519
DIAG:69,0,13.709664,2.086547,2.869366,0,0,22.580460,1,4180434.7322,851781.6776,4726044.3369,4180434.2367,851780.3413,4726045.5733,13.4560
DIAG:70,0,9.601496,1.405146,2.898820,0,0,22.580045,1,4180435.0452,851781.4420,4726043.6655,4180433.5066,851780.1925,4726046.2414,11.1974
DIAG:71,0,15.831544,2.259071,2.470198,0,0,22.579679,1,4180434.8080,851781.4247,4726046.0898,4180432.7764,851780.0437,4726046.9096,13.3479
DIAG:72,0,15.392117,2.141823,2.124180,0,0,22.579361,1,4180434.6070,851781.4081,4726044.5588,4180432.0463,851779.8950,4726047.5777,16.8304
DIAG:73,0,13.703308,3.275987,2.410064,0,0,22.579087,1,4180435.1860,851782.3893,4726046.3705,4180431.3162,851779.7462,4726048.2459,13.6278
DIAG:74,0,7.609529,0.876574,2.312492,0,0,22.578854,1,4180434.5082,851783.0082,4726045.9537,4180430.5861,851779.5974,4726048.9140,10.8453
DIAG:75,0,7.689922,0.850305,2.250763,0,0,22.578659,1,4180434.0093,851782.4534,4726045.4489,4180429.8559,851779.4487,4726049.5822,10.6198
DIAG:76,0,21.727557,4.399705,2.160813,0,0,22.578498,1,4180433.1543,851782.2192,4726048.6132,4180429.1258,851779.2999,4726050.2503,17.2308
DIAG:77,0,21.009878,6.975524,2.767830,0,0,22.578366,1,4180432.8047,851780.2068,4726046.7868,4180428.3957,851779.1511,4726050.9185,21.7180
DIAG:78,0,7.393109,1.244100,2.551478,0,0,22.578261,1,4180431.4647,851779.6315,4726046.4984,4180427.6655,851779.0024,4726051.5866,9.4291
DIAG:79,0,12.960689,4.745872,2.817411,0,0,22.578178,1,4180428.9091,851779.1165,4726046.0042,4180426.9354,851778.8536,4726052.2548,13.7163
DIAG:80,0,11.354739,2.317739,2.908670,0,0,22.578114,1,4180427.2117,851779.6032,4726047.4551,4180426.2053,851778.7048,4726052.9229,6.0188
DIAG:81,0,8.909588,2.303610,2.913124,0,0,22.578065,1,4180425.5516,851778.2363,4726048.3142,4180425.4752,851778.5561,4726053.5911,7.0242
DIAG:82,0,24.579114,7.361257,3.435067,0,0,22.578030,1,4180426.2456,851777.5533,4726051.7095,4180424.7450,851778.4073,4726054.2592,19.5234
DIAG:83,0,11.008209,1.809383,3.288407,0,0,22.578006,1,4180424.5264,851777.2059,4726053.5640,4180424.0149,851778.2585,4726054.9273,8.0548
DIAG:84,0,13.013343,2.011529,3.401902,0,0,22.577989,1,4180422.9188,851777.1345,4726052.6366,4180423.2848,851778.1098,4726055.5955,14.0903
DIAG:85,0,8.649764,2.237149,3.540587,0,0,22.577980,1,4180422.7077,851778.0717,4726052.7502,4180422.5546,851777.9610,4726056.2636,9.3131
DIAG:86,0,18.082641,3.019863,3.402603,0,0,22.577975,1,4180422.0280,851777.4947,4726050.9200,4180421.8245,851777.8122,4726056.9318,21.7001
DIAG:87,0,20.258100,8.578937,3.562944,0,0,22.577974,1,4180423.6715,851777.9045,4726053.2105,4180421.0944,851777.6635,4726057.5999,16.3256
DIAG:88,0,28.274480,7.089076,4.147441,0,0,22.577975,1,4180422.9502,851777.8526,4726057.4408,4180420.3642,851777.5147,4726058.2681,23.7973
DIAG:89,0,12.501372,4.989370,4.171791,0,0,22.577978,1,4180420.2086,851777.3519,4726057.7495,4180419.6341,851777.3659,4726058.9362,10.1765
DIAG:90,0,7.218165,0.832255,4.023243,0,0,22.577982,1,4180419.1225,851777.8011,4726057.6796,4180418.9040,851777.2172,4726059.6044,8.0835
DIAG:91,0,11.258576,3.240522,4.116934,0,0,22.577986,1,4180417.0633,851776.5402,4726059.2125,4180418.1739,851777.0684,4726060.2725,9.8421
DIAG:92,0,18.610655,4.532142,3.834023,0,0,22.577990,1,4180417.2107,851777.1442,4726062.1872,4180417.4437,851776.9196,4726060.9406,17.1428
DIAG:93,0,7.512140,1.188199,3.771904,0,0,22.577994,1,4180415.9566,851777.8479,4726063.7922,4180416.7136,851776.7709,4726061.6088,8.8464
DIAG:94,0,8.008493,1.172801,3.688031,0,0,22.577998,1,4180415.0840,851776.8856,4726065.5719,4180415.9835,851776.6221,4726062.2769,9.5893
DIAG:95,0,13.687295,1.868488,3.651165,0,0,22.578000,1,4180413.7714,851776.4132,4726064.8138,4180415.2533,851776.4733,4726062.9451,10.4243
DIAG:96,0,12.598984,4.117362,3.760915,0,0,22.578003,1,4180414.7306,851776.1926,4726064.7597,4180414.5232,851776.3246,4726063.6132,10.0711
DIAG:97,0,1.781811,0.103281,2.913350,0,0,22.578005,1,4180413.7291,851775.8246,4726065.5202,4180413.7931,851776.1758,4726064.2814,1.9039
DIAG:98,0,10.675025,3.520485,2.556491,0,0,22.578006,1,4180411.4330,851774.6341,4726066.8159,4180413.0629,851776.0270,4726064.9495,11.5047
DIAG:99,0,8.090496,2.195162,2.277070,0,0,22.578006,1,4180411.8248,851773.6889,4726067.5394,4180412.3328,851775.8783,4726065.6176,7.4956
DIAG:100,0,10.636481,3.149315,2.508776,0,0,22.578007,1,4180410.6158,851771.6901,4726067.6877,4180411.6027,851775.7295,4726066.2858,12.1556
DIAG:101,0,10.451665,3.366962,2.521420,0,0,22.578006,1,4180408.9976,851772.7467,4726067.9953,4180410.8725,851775.5807,4726066.9539,7.2790
DIAG:102,0,4.659411,0.732929,2.141499,0,0,22.578006,1,4180408.4245,851771.5977,4726068.7885,4180410.1424,851775.4320,4726067.6221,7.4665
DIAG:103,0,15.683740,4.413824,2.464061,0,0,22.578005,1,4180406.1198,851772.0924,4726071.1948,4180409.4123,851775.2832,4726068.2902,16.9014
DIAG:104,0,13.582680,3.252026,2.671984,0,0,22.578004,1,4180404.6501,851773.1217,4726073.5107,4180408.6821,851775.1344,4726068.9584,15.8858
DIAG:105,0,9.286900,2.510944,2.736229,0,0,22.578003,1,4180404.1949,851774.2899,4726073.9525,4180407.9520,851774.9857,4726069.6265,5.7230
DIAG:106,0,18.129420,5.191149,2.843608,0,0,22.578002,1,4180403.4739,851772.4986,4726072.8586,4180407.2219,851774.8369,4726070.2946,14.9732
DIAG:107,0,14.759197,7.375932,3.570873,0,0,22.578000,1,4180401.8734,851774.8476,4726073.6374,4180406.4917,851774.6881,4726070.9628,14.2780
DIAG:108,0,16.564914,4.091166,3.627941,0,0,22.577999,1,4180401.5701,851773.5705,4726076.3313,4180405.7616,851774.5394,4726071.6309,18.5192
DIAG:109,0,10.325849,2.741646,3.682589,0,0,22.577998,1,4180400.3529,851774.9659,4726078.0356,4180405.0315,851774.3906,4726072.2991,14.3795
DIAG:110,0,9.340471,1.886858,3.556344,0,0,22.577997,1,4180400.3235,851774.2586,4726078.1564,4180404.3014,851774.2418,4726072.9672,3.3703
DIAG:111,0,12.090204,1.691499,3.388797,0,0,22.577996,1,4180398.9777,851774.7816,4726080.5824,4180403.5712,851774.0931,4726073.6354,18.4009
DIAG:112,0,17.606499,5.367687,3.852273,0,0,22.577995,1,4180399.7179,851775.5916,4726079.7221,4180402.8411,851773.9443,4726074.3035,9.8239
DIAG:113,0,13.221875,3.330523,3.743943,0,0,22.577994,1,4180399.7985,851774.4118,4726079.2750,4180402.1110,851773.7955,4726074.9716,7.0132
DIAG:114,0,13.713314,6.018776,4.020618,0,0,22.577993,1,4180400.1837,851776.5164,4726079.5819,4180401.3808,851773.6468,4726075.6398,13.0660
DIAG:115,0,12.948210,5.545228,4.324047,0,0,22.577992,1,4180399.8257,851774.3965,4726080.0437,4180400.6507,851773.4980,4726076.3079,9.6471
DIAG:116,0,20.753070,5.801175,4.385049,0,1,22.577992,1,4180398.5601,851772.8911,4726078.3165,4180399.9206,851773.3492,4726076.9761,17.1153
DIAG:117,0,6.070235,0.478213,3.695277,0,0,22.577991,1,4180398.2884,851772.4240,4726079.6165,4180399.1904,851773.2004,4726077.6442,7.1107
DIAG:118,0,12.794102,1.467716,3.432932,0,0,22.577991,1,4180397.6208,851772.3518,4726081.9197,4180398.4603,851773.0517,4726078.3123,14.7324
DIAG:119,0,12.915253,2.564185,3.415186,0,0,22.577990,1,4180397.8793,851772.9782,4726084.1229,4180397.7302,851772.9029,4726078.9805,15.7921
DIAG:120,0,14.259439,2.453500,3.471850,0,0,22.577990,1,4180397.4970,851771.9345,4726083.2107,4180397.0000,851772.7541,4726079.6486,9.4740
DIAG:121,0,11.801931,3.243340,3.627034,0,0,22.577990,1,4180395.4434,851772.1996,4726082.9177,4180396.2699,851772.6054,4726080.3168,9.0036
DIAG:122,0,12.140151,2.107637,3.301029,0,0,22.577990,1,4180395.3880,851772.8666,4726082.1495,4180395.5398,851772.4566,4726080.9849,9.5135
DIAG:123,0,5.974163,1.207449,3.088722,0,0,22.577989,1,4180394.9622,851773.8508,4726082.6690,4180394.8096,851772.3078,4726081.6530,6.4904
DIAG:124,0,11.627354,1.854897,2.672334,0,0,22.577989,1,4180395.1755,851773.3835,4726081.8387,4180394.0795,851772.1591,4726082.3212,10.6674
DIAG:125,0,13.568210,4.705838,2.588395,0,0,22.577989,1,4180394.2249,851771.3972,4726083.3172,4180393.3493,851772.0103,4726082.9893,11.8944
DIAG:126,0,15.044262,3.720004,2.380278,0,0,22.577989,1,4180393.0170,851772.5235,4726082.1826,4180392.6192,851771.8615,4726083.6575,14.3333
DIAG:127,0,1.045654,0.034755,2.335932,0,0,22.577989,1,4180392.4270,851772.6160,4726082.5468,4180391.8891,851771.7128,4726084.3256,2.7409
DIAG:128,0,10.063608,1.507212,2.339882,0,0,22.577989,1,4180392.0463,851771.6791,4726081.7922,4180391.1589,851771.5640,4726084.9937,11.6181
DIAG:129,0,9.815589,2.719639,2.355427,0,0,22.577989,1,4180389.9885,851770.9868,4726081.4975,4180390.4288,851771.4152,4726085.6619,11.2121
DIAG:130,0,3.000152,0.193381,2.129415,0,0,22.577989,1,4180389.5518,851770.5286,4726081.4953,4180389.6987,851771.2665,4726086.3300,7.0226
DIAG:131,0,9.581379,3.049695,2.110051,0,0,22.577989,1,4180388.1993,851768.7072,4726081.9541,4180388.9685,851771.1177,4726086.9982,10.9180
DIAG:132,0,5.744937,0.915357,1.990823,0,0,22.577989,1,4180387.9554,851767.5766,4726082.5997,4180388.2384,851770.9689,4726087.6663,7.5040
DIAG:133,0,8.221281,0.935303,1.963608,0,0,22.577989,1,4180387.9048,851767.1471,4726083.8666,4180387.5083,851770.8202,4726088.3344,5.2468
DIAG:134,0,25.118877,12.462334,3.024352,1,0,22.577989,1,4180386.7770,851769.6530,4726086.7197,4180386.7781,851770.6714,4726089.0026,18.8882
DIAG:135,0,11.024206,2.104661,2.764234,0,0,22.577989,1,4180387.1574,851769.0480,4726088.4432,4180386.0480,851770.5226,4726089.6707,9.5188
DIAG:136,0,6.028345,0.712605,2.463494,0,0,22.577989,1,4180386.1896,851769.4468,4726088.4682,4180385.3179,851770.3739,4726090.3389,6.1564
DIAG:137,0,5.739600,0.510276,2.511046,0,0,22.577989,1,4180385.5303,851768.7617,4726089.6993,4180384.5877,851770.2251,4726091.0070,4.9477
DIAG:138,0,15.335801,4.359283,2.796253,0,0,22.577989,1,4180386.3240,851767.5755,4726088.7450,4180383.8576,851770.0763,4726091.6751,17.4806
DIAG:139,0,6.710062,1.511653,2.675455,0,0,22.577989,1,4180385.8063,851768.4833,4726089.1666,4180383.1275,851769.9276,4726092.3433,6.0881
DIAG:140,0,9.632369,1.150289,2.771146,0,0,22.577989,1,4180385.3276,851768.9615,4726090.8529,4180382.3973,851769.7788,4726093.0114,6.6916
DIAG:141,0,10.023507,1.411327,2.607309,0,0,22.577989,1,4180385.5309,851768.3920,4726092.6220,4180381.6672,851769.6300,4726093.6796,10.2207
DIAG:142,0,7.259931,0.841238,2.599897,0,0,22.577989,1,4180384.5382,851767.8243,4726094.1078,4180380.9370,851769.4813,4726094.3477,6.2600
DIAG:143,0,16.327354,5.944581,3.100825,0,0,22.577989,1,4180382.1645,851766.5659,4726096.3047,4180380.2069,851769.3325,4726095.0158,14.8271
DIAG:144,0,16.550162,7.200751,2.574666,0,0,22.577989,1,4180380.1116,851768.3468,4726098.3419,4180379.4768,851769.1837,4726095.6840,14.7298
DIAG:145,0,26.042700,6.593186,3.023519,0,0,22.577989,1,4180378.7239,851767.5777,4726095.8904,4180378.7466,851769.0349,4726096.3521,23.2578
DIAG:146,0,17.779996,3.970404,3.349299,0,0,22.577989,1,4180377.8180,851766.1701,4726098.7369,4180378.0165,851768.8862,4726097.0202,18.0041
DIAG:147,0,30.969104,10.421023,4.340373,0,0,22.577989,1,4180375.4575,851766.4548,4726095.6580,4180377.2864,851768.7374,4726097.6884,29.0943
DIAG:148,0,9.433119,2.864541,4.190899,0,0,22.577989,1,4180374.4972,851767.8739,4726095.8961,4180376.5562,851768.5886,4726098.3565,8.3455
DIAG:149,0,6.895487,0.589630,4.098697,0,0,22.577989,1,4180373.1483,851767.4774,4726097.2749,4180375.8261,851768.4399,4726099.0247,6.1694
DIAG:150,1,20.925667,5.680495,4.551717,0,1,22.577989,1,4180373.6446,851767.3207,4726095.3500,4180375.0960,851768.2911,4726099.6928,21.6870
DIAG:151,1,29.100523,9.011207,5.311706,0,1,22.577989,1,4180373.6890,851768.2796,4726099.4647,4180374.3658,851768.1423,4726100.3609,24.2153
DIAG:152,1,6.582642,0.915051,5.319087,0,1,22.577989,1,4180373.7209,851768.3831,4726099.5245,4180373.6357,851767.9936,4726101.0291,6.8248
DIAG:153,1,14.378868,5.100657,5.234694,0,1,22.577989,1,4180374.4021,851769.9268,4726099.0108,4180372.9055,851767.8448,4726101.6972,15.7180
DIAG:154,1,9.601738,2.661637,4.780783,0,1,22.577989,1,4180374.5041,851768.6887,4726098.9997,4180372.1754,851767.6960,4726102.3653,10.3828
DIAG:155,1,5.807472,0.495222,4.170987,0,0,22.577989,1,4180374.4449,851768.9529,4726098.8436,4180371.4453,851767.5473,4726103.0335,10.2703
DIAG:156,1,11.116807,1.930065,3.966953,0,0,22.577989,1,4180374.3795,851769.9717,4726100.5623,4180370.7151,851767.3985,4726103.7016,10.2100
DIAG:157,1,7.718017,1.977813,3.122632,0,0,22.577989,1,4180375.3277,851769.9592,4726101.2829,4180369.9850,851767.2497,4726104.3698,11.8785
DIAG:158,1,6.189955,1.053257,2.941503,0,0,22.577989,1,4180376.0078,851770.0244,4726102.2620,4180369.2549,851767.1010,4726105.0379,11.4267
DIAG:159,1,14.741633,3.749648,3.257505,0,0,22.577989,1,4180377.2551,851769.5671,4726104.4418,4180368.5247,851766.9522,4726105.7060,17.7661
DIAG:160,1,6.033980,0.410469,2.730503,0,0,22.577989,1,4180377.5110,851769.7907,4726104.3940,4180367.7946,851766.8034,4726106.3742,13.5987
DIAG:161,1,16.995257,4.702603,2.299642,0,0,22.577989,1,4180377.2536,851768.2085,4726106.9271,4180367.0644,851766.6547,4726107.0423,16.3825
DIAG:162,1,7.858188,1.107014,2.318839,0,0,22.577989,1,4180378.0658,851768.0211,4726108.5415,4180366.3343,851766.5059,4726107.7104,16.8307
DIAG:163,1,6.934225,0.647547,1.873527,0,0,22.577989,1,4180377.6070,851767.7284,4726108.5618,4180365.6042,851766.3571,4726108.3786,11.0657
DIAG:164,1,12.131033,2.825067,1.889870,0,0,22.577989,1,4180376.2804,851767.1065,4726108.1247,4180364.8740,851766.2083,4726109.0467,10.5937
DIAG:165,1,13.414301,5.332062,2.373554,0,0,22.577989,1,4180378.1868,851766.0827,4726108.0984,4180364.1439,851766.0596,4726109.7148,24.4446
DIAG:166,1,14.035883,3.019936,2.482542,0,0,22.577989,1,4180379.5496,851765.8307,4726107.1551,4180363.4138,851765.9108,4726110.3830,25.9153
DIAG:167,1,21.199696,4.422085,2.726969,0,0,22.577989,1,4180380.1222,851764.9077,4726110.4313,4180362.6836,851765.7620,4726111.0511,26.1643
DIAG:168,1,28.125591,7.774371,3.399080,0,0,22.577989,1,4180379.4768,851764.0806,4726107.5271,4180361.9535,851765.6133,4726111.7192,31.4492
DIAG:169,1,11.869512,4.537180,3.477833,0,0,22.577989,1,4180379.2825,851765.7624,4726108.4036,4180361.2233,851765.4645,4726112.3874,19.1367
DIAG:170,1,3.269576,0.331012,3.469888,0,0,22.577989,1,4180378.8789,851765.8096,4726109.0526,4180360.4932,851765.3157,4726113.0555,16.4062
DIAG:171,1,27.707776,10.685931,4.068220,0,0,22.577989,1,4180379.4080,851767.8810,4726112.8270,4180359.7631,851765.1670,4726113.7236,32.5368
DIAG:172,1,14.825525,5.562085,4.513727,0,1,22.577989,1,4180381.4496,851768.9645,4726112.4269,4180359.0329,851765.0182,4726114.3918,33.6549
DIAG:173,1,11.214962,3.369685,4.785941,0,1,22.577989,1,4180380.0303,851769.0528,4726113.8753,4180358.3028,851764.8694,4726115.0599,15.0029
DIAG:174,1,10.222630,1.754576,4.678892,0,1,22.577989,1,4180380.6323,851768.2906,4726115.7066,4180357.5726,851764.7207,4726115.7281,26.2438
DIAG:175,1,7.354769,1.234517,4.269138,0,0,22.577989,1,4180381.6972,851767.9161,4726117.1472,4180356.8425,851764.5719,4726116.3962,29.3275
DIAG:176,1,14.392067,2.572684,4.224413,0,0,22.577989,1,4180381.9782,851766.9600,4726119.7460,4180356.1124,851764.4231,4726117.0643,29.6563
DIAG:177,1,8.378984,2.052362,3.987440,0,0,22.577989,1,4180382.2170,851768.2635,4726121.1874,4180355.3822,851764.2744,4726117.7325,29.3337
DIAG:178,1,9.129882,0.848407,3.294844,0,0,22.577989,1,4180382.7482,851768.6076,4726121.0158,4180354.6521,851764.1256,4726118.4006,30.2899
DIAG:179,1,7.115062,1.502025,2.991328,0,0,22.577989,1,4180383.0199,851767.5279,4726121.5488,4180353.9219,851763.9768,4726119.0687,29.0678
DIAG:180,1,8.627542,2.348785,3.193106,0,0,22.577989,1,4180384.1006,851768.7694,4726122.7840,4180353.1918,851763.8280,4726119.7369,36.4815
DIAG:181,1,24.433318,8.252289,2.949742,0,0,22.577989,1,4180383.4754,851767.1647,4726120.8150,4180352.4617,851763.6793,4726120.4050,32.6595
DIAG:182,1,5.604397,0.850963,2.478629,0,0,22.577989,1,4180384.5955,851767.2653,4726121.9099,4180351.7315,851763.5305,4726121.0731,37.1367
DIAG:183,1,4.082041,0.269437,2.168605,0,0,22.577989,1,4180385.2907,851767.0076,4726123.1002,4180351.0014,851763.3817,4726121.7413,36.1942
DIAG:184,1,12.211121,1.689719,2.162119,0,0,22.577989,1,4180386.2006,851766.4732,4726122.3419,4180350.2712,851763.2330,4726122.4094,39.6214
DIAG:185,1,17.504917,3.367687,2.375436,0,0,22.577989,1,4180387.3123,851767.0019,4726120.7968,4180349.5411,851763.0842,4726123.0775,44.6578
DIAG:186,1,12.849659,4.139709,2.532138,0,0,22.577989,1,4180387.2371,851765.1667,4726122.3069,4180348.8110,851762.9354,4726123.7457,36.6347
DIAG:187,1,14.203721,2.678743,2.594776,0,0,22.577989,1,4180387.1254,851765.8659,4726124.5823,4180348.0808,851762.7867,4726124.4138,38.9235
DIAG:188,1,9.070336,1.816534,2.691589,0,0,22.577989,1,4180386.8721,851764.7224,4726124.4584,4180347.3507,851762.6379,4726125.0819,37.1775
DIAG:189,1,8.808625,1.976574,2.739044,0,0,22.577989,1,4180387.6258,851763.2545,4726125.7697,4180346.6205,851762.4891,4726125.7501,43.4222
DIAG:190,1,10.700969,3.298947,2.834060,0,0,22.577989,1,4180386.4962,851763.7614,4726127.0901,4180345.8904,851762.3404,4726126.4182,34.5891
DIAG:191,1,7.693653,1.993535,2.208185,0,0,22.577989,1,4180385.7181,851762.5220,4726127.9079,4180345.1603,851762.1916,4726127.0863,36.2967
DIAG:192,1,15.108790,7.696759,2.892764,0,0,22.577989,1,4180386.3847,851759.4761,4726128.7967,4180344.4301,851762.0428,4726127.7545,46.8168
DIAG:193,1,17.466628,4.676121,3.333433,0,0,22.577989,1,4180388.1672,851758.9747,4726127.5624,4180343.7000,851761.8940,4726128.4226,53.6121
DIAG:194,1,7.858883,1.884841,3.352945,0,0,22.577989,1,4180389.5335,851759.1858,4726128.5491,4180342.9698,851761.7453,4726129.0907,51.2685
DIAG:195,1,7.313651,0.804658,3.096642,0,0,22.577989,1,4180390.2273,851758.0363,4726128.3474,4180342.2397,851761.5965,4726129.7589,50.0230
DIAG:196,1,8.394350,2.302730,2.912944,0,0,22.577989,1,4180389.2438,851757.1044,4726128.6823,4180341.5095,851761.4477,4726130.4270,41.7389
DIAG:197,1,16.029389,7.494377,3.394508,0,0,22.577989,1,4180388.4375,851758.8348,4726130.1563,4180340.7794,851761.2990,4726131.0951,43.6551
DIAG:198,1,7.524971,1.875608,3.400415,0,0,22.577989,1,4180389.4814,851757.3850,4726130.6091,4180340.0493,851761.1502,4726131.7632,53.9353
DIAG:199,1,7.652472,1.162425,3.319000,0,0,22.577989,1,4180389.5440,851757.7734,4726131.9754,4180339.3191,851761.0014,4726132.4314,49.4068
DIAG:200,1,11.123883,1.603330,3.149439,0,0,22.577989,1,4180389.0247,851757.1362,4726133.9807,4180338.5890,851760.8527,4726133.0995,48.1063
DIAG:201,1,19.408365,12.369156,4.187001,1,0,22.577989,1,4180391.4170,851759.3490,4726134.2220,4180337.8588,851760.7039,4726133.7676,64.4556
DIAG:202,1,7.514209,1.458591,3.563184,0,0,22.577989,1,4180390.7851,851759.5963,4726135.5059,4180337.1287,851760.5551,4726134.4358,49.1933
DIAG:203,1,12.146132,3.037923,3.399364,0,0,22.577989,1,4180392.5988,851759.4150,4726135.1019,4180336.3986,851760.4064,4726135.1039,63.4903
DIAG:204,1,9.718928,1.237582,3.334638,0,0,22.577989,1,4180393.5840,851758.7807,4726134.6145,4180335.6684,851760.2576,4726135.7720,61.0647
DIAG:205,1,9.629742,0.830556,3.337228,0,0,22.577989,1,4180394.0108,851758.6856,4726133.9451,4180334.9383,851760.1088,4726136.4402,59.7022
DIAG:206,1,4.741569,0.759012,3.182856,0,0,22.577989,1,4180393.6631,851758.3833,4726134.4929,4180334.2081,851759.9600,4726137.1083,55.7142
DIAG:207,1,7.918392,2.101445,2.643563,0,0,22.577989,1,4180392.9172,851759.0203,4726134.8808,4180333.4780,851759.8113,4726137.7764,54.3973
DIAG:208,1,10.013543,2.350132,2.691015,0,0,22.577989,1,4180392.3884,851760.0256,4726134.5306,4180332.7478,851759.6625,4726138.4446,56.9576
DIAG:209,1,4.194687,0.568070,2.631580,0,0,22.577989,1,4180393.1915,851760.4759,4726135.1113,4180332.0177,851759.5137,4726139.1127,63.9638
DIAG:210,1,11.025603,3.000506,2.771297,0,0,22.577989,1,4180393.4469,851758.9349,4726136.4435,4180331.2876,851759.3650,4726139.7808,62.5814
DIAG:211,1,9.755826,2.294983,1.763880,0,0,22.577989,1,4180392.5477,851758.0950,4726137.7604,4180330.5574,851759.2162,4726140.4489,56.9239
DIAG:212,1,8.025993,0.984346,1.716455,0,0,22.577989,1,4180392.0416,851758.2382,4726139.2430,4180329.8273,851759.0674,4726141.1171,59.3685
DIAG:213,1,14.202290,2.964240,1.709087,0,0,22.577989,1,4180393.2672,851758.6017,4726141.5171,4180329.0971,851758.9187,4726141.7852,70.1200
DIAG:214,1,7.971207,1.021297,1.687459,0,0,22.577989,1,4180392.7535,851758.2047,4726143.1542,4180328.3670,851758.7699,4726142.4533,61.5236
DIAG:215,1,9.641317,2.152957,1.819699,0,0,22.577989,1,4180394.1060,851758.5852,4726143.1363,4180327.6368,851758.6211,4726143.1215,72.2235
DIAG:216,1,13.628389,3.124114,2.056209,0,0,22.577989,1,4180393.2848,851757.6180,4726145.3741,4180326.9067,851758.4723,4726143.7896,62.7489
DIAG:217,1,6.280085,0.806938,1.926758,0,0,22.577989,1,4180392.6580,851757.3901,4726146.8397,4180326.1766,851758.3236,4726144.4577,63.3211
DIAG:218,1,18.161454,3.471452,2.038890,0,0,22.577989,1,4180393.4357,851756.7378,4726150.0548,4180325.4464,851758.1748,4726145.1259,74.0740
DIAG:219,1,4.525893,0.486051,2.030688,0,0,22.577989,1,4180393.9278,851757.0434,4726151.5003,4180324.7163,851758.0260,4726145.7940,71.2886
DIAG:220,1,8.869070,1.213128,1.851950,0,0,22.577989,1,4180393.9706,851757.6895,4726151.5889,4180323.9861,851757.8773,4726146.4621,69.4900
DIAG:221,1,6.059412,1.172934,1.739745,0,0,22.577989,1,4180393.5167,851756.7457,4726152.3894,4180323.2560,851757.7285,4726147.1302,67.7599
DIAG:222,1,10.536339,1.124444,1.753755,0,0,22.577989,1,4180394.0504,851756.6053,4726152.0424,4180322.5258,851757.5797,4726147.7984,73.6333
DIAG:223,1,8.278082,1.231773,1.580509,0,0,22.577989,1,4180394.2528,851757.3411,4726153.8225,4180321.7957,851757.4310,4726148.4665,73.6700
DIAG:224,1,24.550609,5.371234,2.015502,0,0,22.577989,1,4180394.4682,851757.4996,4726151.5617,4180321.0655,851757.2822,4726149.1346,76.0837
DIAG:225,1,13.047071,2.308477,2.031054,0,0,22.577989,1,4180393.8772,851756.7389,4726150.7556,4180320.3354,851757.1334,4726149.8028,70.8643
DIAG:226,1,12.546720,4.933257,2.211969,0,0,22.577989,1,4180395.0712,851754.7658,4726151.9150,4180319.6053,851756.9846,4726150.4709,81.3284
DIAG:227,1,15.799450,7.410158,2.872291,0,0,22.577989,1,4180396.1780,851756.9049,4726151.7349,4180318.8751,851756.8359,4726151.1390,82.3411
DIAG:228,1,11.873427,2.800521,2.805198,0,0,22.577989,1,4180396.9978,851758.1640,4726153.5169,4180318.1450,851756.6871,4726151.8071,82.1567
DIAG:229,1,14.591542,2.732545,3.029847,0,0,22.577989,1,4180396.4886,851757.5975,4726152.4467,4180317.4148,851756.5383,4726152.4753,76.1659
DIAG:230,1,14.061865,1.912590,3.099793,0,0,22.577989,1,4180396.9728,851758.0059,4726154.8390,4180316.6847,851756.3896,4726153.1434,82.5498
DIAG:231,1,9.958258,1.365717,3.119072,0,0,22.577989,1,4180397.8854,851758.5372,4726156.7135,4180315.9545,851756.2408,4726153.8115,85.5903
DIAG:232,1,7.999456,1.014279,3.108055,0,0,22.577989,1,4180397.4725,851758.7824,4726158.3895,4180315.2244,851756.0920,4726154.4797,79.5283
DIAG:233,1,8.180792,2.104485,3.195326,0,0,22.577989,1,4180397.7073,851757.4811,4726158.8985,4180314.4942,851755.9433,4726155.1478,83.2338
DIAG:234,1,22.090995,4.456344,3.103837,0,0,22.577989,1,4180398.2534,851757.7786,4726156.8231,4180313.7641,851755.7945,4726155.8159,87.7234
DIAG:235,1,14.541452,3.531874,3.226177,0,0,22.577989,1,4180398.2922,851759.2353,4726159.0269,4180313.0339,851755.6457,4726156.4840,85.7273
DIAG:236,1,7.543187,1.222667,2.855118,0,0,22.577989,1,4180398.5547,851758.4086,4726159.0556,4180312.3038,851755.4969,4726157.1522,86.2955
DIAG:237,1,7.193307,1.615213,2.275624,0,0,22.577989,1,4180398.0709,851757.4771,4726159.4259,4180311.5737,851755.3482,4726157.8203,83.1496
DIAG:238,1,5.284883,0.916776,2.087249,0,0,22.577989,1,4180397.4519,851756.9529,4726160.2247,4180310.8435,851755.1994,4726158.4884,82.9993
DIAG:239,1,18.266539,3.747420,2.188737,0,0,22.577989,1,4180396.8532,851756.1154,4726158.6010,4180310.1134,851755.0506,4726159.1565,85.0236
DIAG:240,1,5.819304,0.640698,2.061547,0,0,22.577989,1,4180397.5612,851755.9554,4726158.5131,4180309.3832,851754.9019,4726159.8247,91.3576
DIAG:241,1,9.175639,1.098626,2.034838,0,0,22.577989,1,4180398.2720,851756.1006,4726160.0798,4180308.6531,851754.7531,4726160.4928,92.6490
DIAG:242,1,14.883328,2.628711,2.196282,0,0,22.577989,1,4180397.6697,851755.4221,4726158.7810,4180307.9229,851754.6043,4726161.1609,87.5015
DIAG:243,1,12.708305,2.822832,2.268116,0,0,22.577989,1,4180396.6576,851756.0175,4726160.5482,4180307.1928,851754.4556,4726161.8291,84.9906
DIAG:244,1,11.985595,4.533933,2.275875,0,0,22.577989,1,4180398.6662,851756.3132,4726160.5759,4180306.4626,851754.3068,4726162.4972,101.5705
DIAG:245,1,16.946736,3.504661,2.273154,0,0,22.577989,1,4180399.5618,851755.3684,4726163.1281,4180305.7325,851754.1580,4726163.1653,98.0463
DIAG:246,1,11.153467,3.452386,2.496126,0,0,22.577989,1,4180398.0632,851755.3562,4726163.0214,4180305.0023,851754.0092,4726163.8334,85.3571
DIAG:247,1,10.562838,3.029622,2.637566,0,0,22.577989,1,4180399.5425,851756.0598,4726162.8689,4180304.2722,851753.8605,4726164.5016,101.9776
DIAG:248,1,17.357091,5.234010,3.069290,0,0,22.577989,1,4180401.5063,851756.5737,4726161.5287,4180303.5420,851753.7117,4726165.1697,107.1715
DIAG:249,1,16.619349,6.996147,3.394163,0,0,22.577989,1,4180403.7290,851754.9486,4726160.6354,4180302.8119,851753.5629,4726165.8378,110.1917
DIAG:250,1,9.910285,1.801956,3.510288,0,0,22.577989,1,4180404.9410,851753.8777,4726161.9605,4180302.0817,851753.4142,4726166.5059,105.8220
DIAG:251,1,21.770062,5.092054,3.909631,0,0,22.577989,1,4180405.1337,851752.6278,4726165.0885,4180301.3516,851753.2654,4726167.1741,103.1574
DIAG:252,1,18.859710,3.897743,4.036534,0,0,22.577989,1,4180406.6983,851752.4959,4726168.0315,4180300.6215,851753.1166,4726167.8422,111.5928
DIAG:253,1,5.272199,0.669180,3.821169,0,0,22.577989,1,4180406.7479,851752.5439,4726168.3285,4180299.8913,851752.9679,4726168.5103,104.0120
DIAG:254,1,13.690417,4.118494,3.779625,0,0,22.577989,1,4180405.5889,851752.0412,4726167.7852,4180299.1612,851752.8191,4726169.1784,98.8417
DIAG:255,1,4.659179,0.268764,3.456036,0,0,22.577989,1,4180406.1187,851752.0333,4726167.8292,4180298.4310,851752.6703,4726169.8466,108.2107
DIAG:256,1,21.104161,4.631105,3.573907,0,0,22.577989,1,4180407.4028,851752.2278,4726171.0969,4180297.7009,851752.5215,4726170.5147,114.9242
DIAG:257,1,9.592509,1.482134,3.419159,0,0,22.577989,1,4180407.0485,851751.7087,4726170.7948,4180296.9707,851752.3728,4726171.1828,106.3167
DIAG:258,1,1.307318,0.044125,2.900170,0,0,22.577989,1,4180407.3035,851751.4383,4726171.5806,4180296.2406,851752.2240,4726171.8509,110.1851
DIAG:259,1,10.166566,2.600328,2.460588,0,0,22.577989,1,4180408.9272,851752.0626,4726171.4849,4180295.5104,851752.0752,4726172.5191,119.0368
DIAG:260,1,2.894300,0.183022,2.298695,0,0,22.577989,1,4180409.1766,851751.6560,4726171.8595,4180294.7803,851751.9265,4726173.1872,113.0889
DIAG:261,1,9.164929,1.309787,1.920468,0,0,22.577989,1,4180408.8414,851751.5760,4726173.5126,4180294.0501,851751.7777,4726173.8553,111.1178
DIAG:262,1,8.105039,0.699630,1.600657,0,0,22.577989,1,4180409.6634,851751.4684,4726173.1766,4180293.3200,851751.6289,4726174.5234,118.3728
DIAG:263,1,3.851187,0.461189,1.579858,0,0,22.577989,1,4180409.4927,851751.1511,4726173.6284,4180292.5898,851751.4801,4726175.1916,114.0302
DIAG:264,1,18.935915,5.256191,1.693627,0,0,22.577989,1,4180408.2465,851750.9041,4726172.0496,4180291.8597,851751.3314,4726175.8597,110.4258
DIAG:265,1,13.261903,2.610490,1.927800,0,0,22.577989,1,4180409.3935,851751.4611,4726174.0285,4180291.1295,851751.1826,4726176.5278,122.6317
DIAG:266,1,16.990643,3.798713,1.844561,0,0,22.577989,1,4180408.4577,851751.5014,4726176.6283,4180290.3994,851751.0338,4726177.1959,113.0624
DIAG:267,1,6.245499,1.312460,1.827593,0,0,22.577989,1,4180408.2900,851750.3313,4726177.2579,4180289.6692,851750.8851,4726177.8641,117.0562
DIAG:268,1,13.918075,5.942782,2.417459,0,0,22.577989,1,4180406.3089,851751.0825,4726178.6130,4180288.9391,851750.7363,4726178.5322,107.8478
DIAG:269,1,12.715955,2.284010,2.385827,0,0,22.577989,1,4180405.3694,851751.5341,4726180.8490,4180288.2089,851750.5875,4726179.2003,113.7532
DIAG:270,1,15.267434,3.241195,2.691645,0,0,22.577989,1,4180406.4082,851751.8928,4726183.4988,4180287.4788,851750.4388,4726179.8684,125.2319
DIAG:271,1,8.803904,1.737584,2.734424,0,0,22.577989,1,4180407.0226,851752.8661,4726183.6927,4180286.7486,851750.2900,4726180.5365,123.3454
DIAG:272,1,14.624862,2.433313,2.907793,0,0,22.577989,1,4180406.7989,851752.1461,4726182.7881,4180286.0185,851750.1412,4726181.2047,120.0295
DIAG:273,1,7.466994,1.790240,3.040698,0,0,22.577989,1,4180407.6243,851751.1207,4726183.8431,4180285.2883,851749.9924,4726181.8728,126.0817
DIAG:274,1,17.458773,4.215023,2.936581,0,0,22.577989,1,4180408.3453,851752.2887,4726186.7158,4180284.5582,851749.8437,4726182.5409,128.0919
DIAG:275,1,7.170868,0.806785,2.756211,0,0,22.577989,1,4180408.2513,851751.6833,4726186.8683,4180283.8280,851749.6949,4726183.2090,123.2833
DIAG:276,1,11.090023,2.346912,2.611030,0,0,22.577989,1,4180408.1379,851752.9074,4726188.8936,4180283.0979,851749.5461,4726183.8772,124.8634
DIAG:277,1,15.776160,4.990450,2.978829,0,0,22.577989,1,4180408.4382,851751.0904,4726188.3288,4180282.3677,851749.3974,4726184.5453,127.2740
DIAG:278,1,18.032119,3.941601,2.778711,0,0,22.577989,1,4180408.9691,851752.1031,4726186.9841,4180281.6376,851749.2486,4726185.2134,130.0167
DIAG:279,1,13.715471,6.297797,3.180090,0,0,22.577989,1,4180410.7769,851750.2672,4726187.9229,4180280.9074,851749.0998,4726185.8815,137.4985
DIAG:280,1,26.849182,7.461455,3.602116,0,0,22.577989,1,4180410.0703,851749.4984,4726185.2218,4180280.1773,851748.9510,4726186.5496,127.4777
DIAG:281,1,9.844198,1.289136,3.557271,0,0,22.577989,1,4180411.0519,851749.2089,4726184.5335,4180279.4471,851748.8023,4726187.2178,135.4034
DIAG:282,1,10.676208,3.680597,3.682000,0,0,22.577989,1,4180409.4871,851748.8466,4726185.2914,4180278.7170,851748.6535,4726187.8859,122.3268
DIAG:283,1,5.635084,1.014690,3.604445,0,0,22.577989,1,4180408.7183,851749.0157,4726185.9267,4180277.9868,851748.5047,4726188.5540,126.7553
DIAG:284,1,22.376548,5.049658,3.687908,0,0,22.577989,1,4180408.3487,851747.9918,4726183.4950,4180277.2567,851748.3560,4726189.2221,131.6822
DIAG:285,1,10.339349,3.192205,3.926450,0,0,22.577989,1,4180409.7527,851748.6756,4726184.2816,4180276.5265,851748.2072,4726189.8903,139.7139
DIAG:286,1,7.561146,1.733522,3.865111,0,0,22.577989,1,4180409.2617,851747.3745,4726184.9366,4180275.7964,851748.0584,4726190.5584,130.8178
DIAG:287,1,3.693939,0.257787,3.391845,0,0,22.577989,1,4180409.1961,851747.4727,4726184.8662,4180275.0662,851747.9096,4726191.2265,133.8225
DIAG:288,1,10.724516,3.882866,3.385971,0,0,22.577989,1,4180410.8003,851748.3769,4726185.2365,4180274.3361,851747.7609,4726191.8946,143.7082
DIAG:289,1,17.162618,8.656739,3.621866,0,0,22.577989,1,4180410.7320,851745.4237,4726186.4795,4180273.6059,851747.6121,4726192.5627,136.6794
DIAG:290,1,18.237546,3.644972,3.240217,0,0,22.577989,1,4180411.7816,851744.5777,4726189.1340,4180272.8758,851747.4633,4726193.2309,143.3301
DIAG:291,1,12.737553,1.667962,3.278100,0,0,22.577989,1,4180411.8097,851743.6083,4726191.2809,4180272.1456,851747.3146,4726193.8990,138.9423
DIAG:292,1,9.007119,2.247362,3.134776,0,0,22.577989,1,4180412.8866,851741.9412,4726191.3232,4180271.4155,851747.1658,4726194.5671,145.7758
DIAG:293,1,8.425551,1.779346,3.211242,0,0,22.577989,1,4180412.3013,851742.1312,4726192.5718,4180270.6853,851747.0170,4726195.2352,137.5069
DIAG:294,1,13.020528,2.392879,2.945564,0,0,22.577989,1,4180412.5475,851742.6635,4726194.7336,4180269.9552,851746.8682,4726195.9033,142.9127
DIAG:295,1,9.107446,0.839611,2.710305,0,0,22.577989,1,4180412.9223,851741.8716,4726194.3080,4180269.2250,851746.7195,4726196.5715,144.8028
DIAG:296,1,15.145705,7.763737,3.313326,0,0,22.577989,1,4180414.3385,851743.8785,4726195.0218,4180268.4949,851746.5707,4726197.2396,151.3571
DIAG:297,1,4.898534,0.464087,3.333956,0,0,22.577989,1,4180415.2281,851743.4063,4726195.1950,4180267.7647,851746.4219,4726197.9077,149.9953
DIAG:298,1,6.738889,1.064220,3.052091,0,0,22.577989,1,4180416.5767,851743.2394,4726196.3991,4180267.0346,851746.2732,4726198.5758,153.7686
DIAG:299,1,9.886138,2.827946,2.469212,0,0,22.577989,1,4180417.0447,851744.5992,4726197.6486,4180266.3044,851746.1244,4726199.2439,150.6646
DIAG_END
