HPM3 configured with 
mask 0x4001
HPM4 configured with mask 0x8001
HPM5 configured with mask 0x2001
HPM6 configured with mask 0x2000
HPM7 configured with mask 0x10000
HPM8 configured with mask 0x0801
HPM9 configured with mask 0x8000
HPM10 configured with mask 0x0101
Start
Stop
DIAG_START
DIAG:1,0,7.291018,1.452643,1.452643,0,0,64.346532,1,4180482.5872,851788.1072,4725999.6351,4180483.8852,851790.4574,4726000.1391,6.6733
DIAG:2,0,5.979387,0.750948,1.101795,0,0,74.607450,1,4180479.6324,851784.8037,4726000.6457,4180483.1551,851790.3086,4726000.8072,9.0389
DIAG:3,0,14.532785,4.009436,2.071009,0,0,77.109830,1,4180480.7026,851788.3085,4725997.7327,4180482.4250,851790.1598,4726001.4754,9.5627
DIAG:4,0,10.314522,0.866431,1.769865,0,0,73.826618,1,4180480.8279,851788.9544,4725993.0418,4180481.6948,851790.0111,4726002.1435,15.0618
DIAG:5,0,35.567128,9.413106,3.298513,0,0,68.651775,1,4180481.8837,851790.1966,4726005.3228,4180480.9647,851789.8623,4726002.8117,24.0955
DIAG:6,0,9.272967,0.684341,2.862818,0,0,63.588252,1,4180481.5330,851789.8882,4726010.0828,4180480.2346,851789.7135,4726003.4798,12.3904
DIAG:7,0,12.300219,1.471089,2.663999,0,0,59.317031,1,4180481.0011,851791.7559,4726008.0478,4180479.5045,851789.5648,4726004.1480,5.9168
DIAG:8,0,3.377045,0.203670,2.356458,0,0,55.961581,1,4180480.3987,851793.2052,4726010.1522,4180478.7744,851789.4160,4726004.8161,8.7118
DIAG:9,0,10.357530,3.056848,2.434279,0,0,53.446882,1,4180479.5441,851790.1640,4726011.0773,4180478.0442,851789.2672,4726005.4843,7.0370
DIAG:10,0,5.072521,0.386322,2.229484,0,0,51.636989,1,4180478.5805,851791.0772,4726011.2111,4180477.3141,851789.1185,4726006.1525,4.2190
DIAG:11,0,5.913948,0.754810,2.159700,0,0,50.386458,1,4180479.4793,851790.3179,4726011.3655,4180476.5840,851788.9697,4726006.8206,5.8094
DIAG:12,0,11.265544,2.015130,2.286118,0,0,49.560778,1,4180479.2202,851787.7835,4726009.8864,4180475.8539,851788.8209,4726007.4888,7.5353
DIAG:13,0,13.444448,5.078150,2.392990,0,0,49.044730,1,4180476.6828,851791.3020,4726009.6179,4180475.1237,851788.6722,4726008.1569,10.2558
DIAG:14,0,4.450487,0.219624,2.328309,0,0,48.744929,1,4180476.5528,851791.6206,4726009.0010,4180474.3936,851788.5234,4726008.8251,5.3024
DIAG:15,0,10.838143,3.124166,1.699415,0,0,48.589091,1,4180472.3219,851792.3935,4726008.2715,4180473.6635,851788.3746,4726009.4932,9.9991
DIAG:16,0,12.732698,4.614024,2.092383,0,0,48.523600,1,4180472.9318,851788.8043,4726007.7195,4180472.9334,851788.2259,4726010.1614,8.6408
DIAG:17,0,13.765497,3.431579,2.288432,0,0,48.510378,1,4180474.3181,851790.8226,4726005.0815,4180472.2032,851788.0771,4726010.8295,16.1346
DIAG:18,0,17.037090,4.273737,2.695439,0,0,48.523712,1,4180470.6035,851789.7510,4726008.5133,4180471.4731,851787.9283,4726011.4977,9.8738
DIAG:19,0,6.807093,0.462447,2.435999,0,0,48.547304,1,4180470.1954,851789.4761,4726006.9946,4180470.7430,851787.7796,4726012.1658,10.0362
DIAG:20,0,5.648395,0.887563,2.486123,0,0,48.571703,1,4180470.5479,851790.6993,4726007.3623,4180470.0129,851787.6308,4726012.8340,7.6664
DIAG:21,0,17.301090,4.736713,2.884313,0,0,48.592175,1,4180467.0584,851788.2462,4726011.1024,4180469.2828,851787.4820,4726013.5021,11.1257
DIAG:22,0,9.518754,1.469194,2.829720,0,0,48.607011,1,4180463.6276,851787.4625,4726009.6897,4180468.5526,851787.3333,4726014.1703,13.1744
DIAG:23,0,7.383827,1.060318,2.427937,0,0,48.616273,1,4180463.7610,851786.5854,4726011.3385,4180467.8225,851787.1845,4726014.8384,1.3964
DIAG:24,0,21.163184,6.942165,3.100191,0,0,48.620902,1,4180466.7985,851787.1206,4726016.4522,4180467.0924,851787.0357,4726015.5066,15.4481
DIAG:25,0,3.313594,0.210717,2.808846,0,0,48.622147,1,4180466.1394,851785.9472,4726018.3001,4180466.3623,851786.8870,4726016.1747,4.5387
DIAG:26,0,14.332777,6.009283,2.948372,0,0,48.621223,1,4180460.5581,851785.8196,4726019.3061,4180465.6321,851786.7382,4726016.8429,14.2705
DIAG:27,0,9.360363,0.959627,2.701177,0,0,48.619136,1,4180458.8838,851786.6510,4726018.2325,4180464.9020,851786.5895,4726017.5110,8.6492
DIAG:28,0,12.080961,1.803411,2.454144,0,0,48.616628,1,4180455.3308,851786.0878,4726016.2238,4180464.1719,851786.4407,4726018.1792,15.7522
DIAG:29,0,16.513791,3.373107,2.745210,0,0,48.614185,1,4180456.0145,851785.7270,4726020.6534,4180463.4418,851786.2919,4726018.8473,12.8004
DIAG:30,0,8.824936,2.228952,2.879349,0,0,48.612077,1,4180457.6987,851785.6502,4726022.1825,4180462.7116,851786.1432,4726019.5155,3.9266
DIAG:31,0,15.994747,3.351720,2.740850,0,0,48.610414,1,4180455.5013,851787.8627,4726019.5553,4180461.9815,851785.9944,4726020.1836,15.3801
DIAG:32,0,15.031571,4.890728,3.083003,0,0,48.609204,1,4180457.6855,851785.3028,4726017.6615,4180461.2514,851785.8456,4726020.8518,11.4854
DIAG:33,0,14.807384,3.995340,3.376505,0,0,48.608391,1,4180457.7733,851788.6547,4726020.7206,4180460.5213,851785.6969,4726021.5199,11.9351
DIAG:34,0,11.813924,1.652470,2.847536,0,0,48.607894,1,4180457.2527,851787.3351,4726018.4503,4180459.7911,851785.5481,4726022.1881,11.9883
DIAG:35,0,12.608981,1.847174,3.011181,0,0,48.607627,1,4180457.6456,851785.6606,4726021.7234,4180459.0610,851785.3993,4726022.8563,7.7685
DIAG:36,0,9.563456,1.549279,2.565181,0,0,48.607515,1,4180455.3480,851784.7161,4726020.4069,4180458.3309,851785.2506,4726023.5244,10.9425
DIAG:37,0,6.470600,0.754565,2.544675,0,0,48.607496,1,4180454.4625,851785.8530,4726022.0273,4180457.6008,851785.1018,4726024.1926,5.2108
DIAG:38,0,15.894185,3.336458,2.697979,0,0,48.607525,1,4180455.9475,851787.6122,4726026.3100,4180456.8706,851784.9530,4726024.8607,13.2688
DIAG:39,0,20.574124,4.233277,2.783996,0,0,48.607573,1,4180453.4131,851787.7705,4726022.1502,4180456.1405,851784.8043,4726025.5289,19.0908
DIAG:40,0,6.888736,1.324624,2.693563,0,0,48.607622,1,4180453.5572,851790.2875,4726022.9415,4180455.4104,851784.6555,4726026.1970,9.7943
DIAG:41,0,6.817402,1.067632,2.465155,0,0,48.607663,1,4180452.9581,851789.0072,4726024.3294,4180454.6803,851784.5067,4726026.8652,2.0409
DIAG:42,0,16.164754,3.766829,2.352765,0,0,48.607692,1,4180453.0155,851786.1707,4726028.5221,4180453.9501,851784.3580,4726027.5333,11.4618
DIAG:43,0,5.961563,0.981588,2.051390,0,0,48.607711,1,4180454.4293,851784.8384,4726030.0995,4180453.2200,851784.2092,4726028.2015,5.5491
DIAG:44,0,5.372921,0.799484,1.966091,0,0,48.607720,1,4180454.9129,851786.0413,4726031.6951,4180452.4899,851784.0604,4726028.8696,7.2732
DIAG:45,0,14.473484,1.876901,1.969064,0,0,48.607722,1,4180455.0945,851784.6755,4726029.1225,4180451.7598,851783.9117,4726029.5378,11.3212
DIAG:46,0,13.044393,2.756877,2.089823,0,0,48.607720,1,4180452.8123,851785.8943,4726032.5395,4180451.0296,851783.7629,4726030.2059,11.3002
DIAG:47,0,5.227980,0.801224,2.094489,0,0,48.607716,1,4180451.9060,851783.9966,4726033.7125,4180450.2995,851783.6141,4726030.8740,4.2486
DIAG:48,0,13.770161,3.376289,2.098472,0,0,48.607712,1,4180453.7285,851785.9370,4726032.0714,4180449.5694,851783.4654,4726031.5422,12.7186
DIAG:49,0,16.307144,4.777081,2.152853,0,0,48.607707,1,4180451.8856,851782.4087,4726029.5167,4180448.8393,851783.3166,4726032.2103,13.4790
DIAG:50,0,13.177007,1.549395,2.175330,0,0,48.607703,1,4180450.6008,851782.2532,4726033.1600,4180448.1091,851783.1678,4726032.8785,9.6942
DIAG:51,0,14.507294,2.617455,2.330312,0,0,48.607700,1,4180451.3381,851783.6438,4726037.3590,4180447.3790,851783.0191,4726033.5466,15.2243
DIAG:52,0,9.491837,2.640865,2.217716,0,0,48.607698,1,4180448.4646,851781.2226,4726038.7804,4180446.6489,851782.8703,4726034.2148,8.0246
DIAG:53,0,20.781896,6.693093,2.788866,0,0,48.607697,1,4180451.8160,851781.9798,4726035.5369,4180445.9187,851782.7215,4726034.8829,17.7544
DIAG:54,0,14.627769,3.732287,3.082147,0,0,48.607696,1,4180449.9026,851784.5393,4726033.1526,4180445.1886,851782.5728,4726035.5511,12.6200
DIAG:55,0,16.647298,2.847152,3.179172,0,0,48.607695,1,4180449.1472,851782.8627,4726037.5116,4180444.4585,851782.4240,4726036.2192,13.6925
DIAG:56,0,18.660706,2.787325,3.182217,0,0,48.607695,1,4180448.3149,851783.1078,4726043.3298,4180443.7284,851782.2752,4726036.8874,20.4391
DIAG:57,0,13.820300,2.911975,3.393292,0,0,48.607695,1,4180445.3133,851781.4806,4726047.9367,4180442.9982,851782.1265,4726037.5555,18.9733
DIAG:58,0,18.155633,6.505889,3.706252,0,0,48.607695,1,4180441.9393,851785.3654,4726046.6871,4180442.2681,851781.9777,4726038.2237,11.8424
DIAG:59,0,9.847058,1.466158,3.375159,0,0,48.607695,1,4180438.9056,851784.4360,4726046.0416,4180441.5380,851781.8289,4726038.8918,5.3452
DIAG:60,0,6.972962,1.216515,3.341871,0,0,48.607696,1,4180438.7303,851783.2362,4726048.0803,4180440.8079,851781.6802,4726039.5600,10.9014
DIAG:61,0,15.310351,3.896169,3.469743,0,0,48.607696,1,4180434.0562,851781.5604,4726046.2031,4180440.0777,851781.5314,4726040.2281,12.2110
DIAG:62,0,21.464740,11.593286,4.364985,1,0,48.607696,1,4180437.8217,851777.6183,4726044.4388,4180439.3476,851781.3826,4726040.8963,13.9138
DIAG:63,0,5.310456,0.619515,3.757627,0,0,48.607696,1,4180435.4738,851776.9426,4726045.6950,4180438.6175,851781.2339,4726041.5644,9.2052
DIAG:64,0,16.947249,6.289799,4.013378,0,0,48.607696,1,4180436.3055,851780.3292,4726043.5272,4180437.8873,851781.0851,4726042.2326,9.5923
DIAG:65,0,10.990215,2.070899,3.935753,0,0,48.607696,1,4180436.6084,851782.5964,4726045.8916,4180437.1572,851780.9363,4726042.9007,10.8554
DIAG:66,0,12.576321,1.533095,3.810330,0,0,48.607696,1,4180435.5998,851784.2471,4726043.1004,4180436.4271,851780.7876,4726043.5689,10.9534
DIAG:67,0,10.367827,3.160088,3.835141,0,0,48.607696,1,4180438.4807,851783.6677,4726043.0719,4180435.6970,851780.6388,4726044.2370,9.1196
DIAG:68,0,19.437226,3.095908,3.494143,0,0,48.607696,1,4180437.7948,851784.3156,4726048.2605,4180434.9668,851780.4900,4726044.9052,17.9759
DIAG:69,0,7.937992,1.728922,3.520420,0,0,48.607696,1,4180436.2307,851782.5163,4726049.6926,4180434.2367,851780.3413,4726045.5733,6.1875
DIAG:70,0,13.306364,4.856861,3.884454,0,0,48.607696,1,4180433.4358,851778.5959,4726051.6683,4180433.5066,851780.1925,4726046.2414,12.6805
DIAG:71,0,18.028804,3.986738,3.893511,0,0,48.607696,1,4180431.9299,851780.5747,4726048.3649,4180432.7764,851780.0437,4726046.9096,11.8639
DIAG:72,0,13.363018,5.246473,3.258830,0,0,48.607696,1,4180426.0821,851780.6730,4726048.8414,4180432.0463,851779.8950,4726047.5777,14.6324
DIAG:73,0,15.604615,7.062777,3.903156,0,0,48.607696,1,4180429.5059,851781.1705,4726049.8007,4180431.3162,851779.7462,4726048.2459,8.9728
DIAG:74,0,5.977608,1.043021,3.378478,0,0,48.607696,1,4180430.3886,851779.9216,4726050.1182,4180430.5861,851779.5974,4726048.9140,3.5461
DIAG:75,0,11.570156,2.175523,3.388941,0,0,48.607696,1,4180427.4450,851780.4947,4726048.1190,4180429.8559,851779.4487,4726049.5822,10.8297
DIAG:76,0,11.487086,1.168354,3.352467,0,0,48.607696,1,4180426.5854,851781.2570,4726051.2269,4180429.1258,851779.2999,4726050.2503,10.0514
DIAG:77,0,10.586416,2.308011,3.267259,0,0,48.607696,1,4180424.7853,851784.1653,4726049.9365,4180428.3957,851779.1511,4726050.9185,12.6787
DIAG:78,0,9.065855,2.131820,3.170850,0,0,48.607696,1,4180426.5785,851784.4738,4726051.1779,4180427.6655,851779.0024,4726051.5866,6.7139
DIAG:79,0,10.102999,1.029828,3.100941,0,0,48.607696,1,4180426.6874,851786.0854,4726054.1828,4180426.9354,851778.8536,4726052.2548,12.6779
DIAG:80,0,19.912636,9.693169,3.584571,0,0,48.607696,1,4180427.0752,851780.6731,4726052.4132,4180426.2053,851778.7048,4726052.9229,11.9989
DIAG:81,0,9.852764,1.192424,3.305140,0,0,48.607696,1,4180428.4616,851779.9110,4726050.4435,4180425.4752,851778.5561,4726053.5911,11.2227
DIAG:82,0,13.007885,2.537077,3.034200,0,0,48.607696,1,4180426.0562,851778.4374,4726053.3648,4180424.7450,851778.4073,4726054.2592,7.7286
DIAG:83,0,9.045033,1.320163,2.459939,0,0,48.607696,1,4180425.7493,851779.6669,4726051.9314,4180424.0149,851778.2585,4726054.9273,9.7655
DIAG:84,0,4.722243,0.650479,2.420685,0,0,48.607696,1,4180426.3858,851777.9825,4726052.2514,4180423.2848,851778.1098,4726055.5955,6.2879
DIAG:85,0,5.638138,0.809531,2.284086,0,0,48.607696,1,4180428.0228,851777.6998,4726053.1134,4180422.5546,851777.9610,4726056.2636,8.7848
DIAG:86,0,20.552462,4.562633,2.623514,0,0,48.607696,1,4180425.5580,851776.6885,4726058.6034,4180421.8245,851777.8122,4726056.9318,15.7474
DIAG:87,0,5.922749,1.029492,2.495662,0,0,48.607696,1,4180426.1971,851777.9106,4726059.6522,4180421.0944,851777.6635,4726057.5999,7.9760
DIAG:88,0,2.152330,0.047687,2.287248,0,0,48.607696,1,4180425.8826,851777.4726,4726061.3165,4180420.3642,851777.5147,4726058.2681,6.9145
DIAG:89,0,13.540338,1.805463,2.364812,0,0,48.607696,1,4180424.2387,851777.4117,4726066.0158,4180419.6341,851777.3659,4726058.9362,16.6122
DIAG:90,0,28.371430,7.622920,2.157787,0,0,48.607696,1,4180425.1568,851779.5771,4726060.3680,4180418.9040,851777.2172,4726059.6044,22.0644
DIAG:91,0,5.753987,0.393806,2.077925,0,0,48.607696,1,4180425.8279,851780.1284,4726059.5483,4180418.1739,851777.0684,4726060.2725,10.8120
DIAG:92,0,15.496022,3.545220,2.178739,0,0,48.607696,1,4180422.7616,851781.2494,4726063.3772,4180417.4437,851776.9196,4726060.9406,13.0553
DIAG:93,0,5.005279,0.620523,2.108775,0,0,48.607696,1,4180421.6883,851780.2231,4726063.6587,4180416.7136,851776.7709,4726061.6088,4.3476
DIAG:94,0,11.976017,1.528063,2.196534,0,0,48.607696,1,4180420.6413,851778.8746,4726061.4410,4180415.9835,851776.6221,4726062.2769,9.9079
DIAG:95,0,9.368621,2.145431,2.330124,0,0,48.607696,1,4180417.0448,851777.6552,4726062.9942,4180415.2533,851776.4733,4726062.9451,4.6107
DIAG:96,0,13.752040,5.050368,2.378897,0,0,48.607696,1,4180419.2946,851774.4535,4726064.8396,4180414.5232,851776.3246,4726063.6132,14.0638
DIAG:97,0,14.016801,2.546585,2.530607,0,0,48.607696,1,4180416.7468,851774.9669,4726068.8940,4180413.7931,851776.1758,4726064.2814,13.6303
DIAG:98,0,11.394404,1.315858,2.657424,0,0,48.607696,1,4180416.9850,851774.6325,4726067.2291,4180413.0629,851776.0270,4726064.9495,8.3809
DIAG:99,0,14.764519,4.228995,2.899777,0,0,48.607696,1,4180412.3613,851774.5687,4726070.7537,4180412.3328,851775.8783,4726065.6176,14.2148
DIAG:100,0,5.365583,0.804983,2.217983,0,0,48.607696,1,4180410.5738,851775.9480,4726072.3560,4180411.6027,851775.7295,4726066.2858,8.0176
DIAG:101,0,10.148756,1.709904,2.349593,0,0,48.607696,1,4180410.3380,851777.7257,4726071.5205,4180410.8725,851775.5807,4726066.9539,5.8835
DIAG:102,0,10.035675,2.540497,2.249121,0,0,48.607696,1,4180407.9138,851775.0022,4726073.6700,4180410.1424,851775.4320,4726067.6221,11.7250
DIAG:103,0,2.410442,0.099269,2.196995,0,0,48.607696,1,4180406.7898,851774.3259,4726075.3044,4180409.4123,851775.2832,4726068.2902,8.6775
DIAG:104,0,10.130114,2.999370,2.344126,0,0,48.607696,1,4180405.1029,851777.5445,4726076.2779,4180408.6821,851775.1344,4726068.9584,11.7596
DIAG:105,0,7.027304,1.259828,2.255566,0,0,48.607696,1,4180404.2044,851775.7298,4726078.2669,4180407.9520,851774.9857,4726069.6265,11.5750
DIAG:106,0,10.161090,1.206255,1.871154,0,0,48.607696,1,4180402.2711,851774.1896,4726077.0752,4180407.2219,851774.8369,4726070.2946,6.7318
DIAG:107,0,7.509884,1.443870,1.760883,0,0,48.607696,1,4180403.1943,851774.1298,4726077.1337,4180406.4917,851774.6881,4726070.9628,4.0033
DIAG:108,0,6.598663,0.406462,1.669943,0,0,48.607696,1,4180402.8444,851773.8425,4726079.6395,4180405.7616,851774.5394,4726071.6309,12.7960
DIAG:109,0,10.843516,1.806306,1.427674,0,0,48.607696,1,4180404.2658,851773.0203,4726083.0639,4180405.0315,851774.3906,4726072.2991,17.5922
DIAG:110,0,10.938265,3.013193,1.648495,0,0,48.607696,1,4180400.4770,851773.3336,4726083.1765,4180404.3014,851774.2418,4726072.9672,11.9962
DIAG:111,0,17.258480,4.163028,1.893808,0,0,48.607696,1,4180402.6434,851773.6360,4726080.4347,4180403.5712,851774.0931,4726073.6354,6.2251
DIAG:112,0,4.054189,0.398926,1.679651,0,0,48.607696,1,4180403.5312,851773.3066,4726080.4927,4180402.8411,851773.9443,4726074.3035,5.6610
DIAG:113,0,21.084434,8.886614,2.558385,0,0,48.607696,1,4180397.8082,851774.0527,4726077.2241,4180402.1110,851773.7955,4726074.9716,16.4365
DIAG:114,0,11.705632,3.306742,2.589122,0,0,48.607696,1,4180399.9344,851775.2685,4726078.7086,4180401.3808,851773.6468,4726075.6398,9.4464
DIAG:115,0,6.030538,0.297946,2.492934,0,0,48.607696,1,4180399.0966,851775.5960,4726077.2483,4180400.6507,851773.4980,4726076.3079,4.5290
DIAG:116,0,9.790075,1.115153,2.483824,0,0,48.607696,1,4180399.3771,851774.7306,4726074.7442,4180399.9206,851773.3492,4726076.9761,8.8056
DIAG:117,0,20.059997,5.465104,2.885948,0,0,48.607696,1,4180402.5995,851775.5082,4726069.6100,4180399.1904,851773.2004,4726077.6442,23.1039
DIAG:118,0,12.260212,3.179181,3.163219,0,0,48.607696,1,4180402.9612,851772.2380,4726070.4604,4180398.4603,851773.0517,4726078.3123,8.5990
DIAG:119,0,14.632086,3.290625,3.311651,0,0,48.607696,1,4180400.2663,851771.1509,4726072.7795,4180397.7302,851772.9029,4726078.9805,4.6265
DIAG:120,0,9.863671,1.747628,3.185095,0,0,48.607696,1,4180398.3068,851768.6808,4726074.3496,4180397.0000,851772.7541,4726079.6486,7.4230
DIAG:121,0,13.988300,5.675278,3.336320,0,0,48.607696,1,4180397.8005,851772.5964,4726074.7914,4180396.2699,851772.6054,4726080.3168,9.9393
DIAG:122,0,14.943882,3.083687,3.604796,0,0,48.607696,1,4180394.4350,851771.8782,4726078.2478,4180395.5398,851772.4566,4726080.9849,9.0354
DIAG:123,0,9.357938,1.056995,2.821834,0,0,48.607696,1,4180392.1833,851770.6454,4726081.0756,4180394.8096,851772.3078,4726081.6530,7.9521
DIAG:124,0,7.443021,0.865363,2.577696,0,0,48.607696,1,4180391.9104,851771.3484,4726080.3716,4180394.0795,851772.1591,4726082.3212,6.3869
DIAG:125,0,1.752475,0.086455,2.556547,0,0,48.607696,1,4180390.1722,851770.9134,4726081.1420,4180393.3493,851772.0103,4726082.9893,4.6965
DIAG:126,0,8.296365,0.871896,2.532221,0,0,48.607696,1,4180389.6081,851771.9014,4726083.7988,4180392.6192,851771.8615,4726083.6575,6.1142
DIAG:127,0,11.381613,1.939161,2.179627,0,0,48.607696,1,4180390.6820,851772.7354,4726082.2590,4180391.8891,851771.7128,4726084.3256,9.5768
DIAG:128,0,5.644716,0.825509,1.944260,0,0,48.607696,1,4180388.4147,851773.9062,4726083.4637,4180391.1589,851771.5640,4726084.9937,6.8855
DIAG:129,0,9.476648,2.632430,1.878440,0,0,48.607696,1,4180388.7115,851771.1978,4726083.9860,4180390.4288,851771.4152,4726085.6619,6.2026
DIAG:130,0,6.278686,0.700627,1.773740,0,0,48.607696,1,4180387.4547,851769.4989,4726083.3950,4180389.6987,851771.2665,4726086.3300,8.2767
DIAG:131,0,15.876742,2.694546,1.475667,0,0,48.607696,1,4180384.7680,851769.8669,4726087.8702,4180388.9685,851771.1177,4726086.9982,13.8541
DIAG:132,0,12.429635,1.326925,1.299991,0,0,48.607696,1,4180383.9431,851770.1996,4726085.6520,4180388.2384,851770.9689,4726087.6663,11.4900
DIAG:133,0,16.520516,5.771925,1.771484,0,0,48.607696,1,4180385.7000,851773.6474,4726083.4525,4180387.5083,851770.8202,4726088.3344,15.8203
DIAG:134,0,9.768586,1.025626,1.787510,0,0,48.607696,1,4180385.3519,851775.5245,4726086.0538,4180386.7781,851770.6714,4726089.0026,8.0938
DIAG:135,0,16.273231,7.731041,2.551969,0,0,48.607696,1,4180385.5066,851770.6009,4726087.0090,4180386.0480,851770.5226,4726089.6707,10.3430
DIAG:136,0,12.661282,2.910100,2.755789,0,0,48.607696,1,4180386.8796,851772.8492,4726090.0820,4180385.3179,851770.3739,4726090.3389,10.6654
DIAG:137,0,19.984818,4.570602,3.018933,0,0,48.607696,1,4180385.0358,851770.7821,4726086.1174,4180384.5877,851770.2251,4726091.0070,18.7383
DIAG:138,0,9.120517,2.064172,3.142799,0,0,48.607696,1,4180382.4320,851772.3493,4726087.4623,4180383.8576,851770.0763,4726091.6751,7.8565
DIAG:139,0,13.873728,2.437943,3.123351,0,0,48.607696,1,4180379.7132,851773.9195,4726084.5302,4180383.1275,851769.9276,4726092.3433,19.1869
DIAG:140,0,16.969756,5.358412,3.589129,0,0,48.607696,1,4180382.1360,851772.1173,4726087.6487,4180382.3973,851769.7788,4726093.0114,7.3391
DIAG:141,0,18.714683,3.028877,3.622562,0,0,48.607696,1,4180382.8991,851771.6506,4726093.0038,4180381.6672,851769.6300,4726093.6796,13.2269
DIAG:142,0,7.587245,0.801266,3.569996,0,0,48.607696,1,4180382.1004,851770.1795,4726092.4183,4180380.9370,851769.4813,4726094.3477,6.8178
DIAG:143,0,15.014181,3.762004,3.369004,0,0,48.607696,1,4180378.6060,851768.3354,4726096.4297,4180380.2069,851769.3325,4726095.0158,12.6781
DIAG:144,0,27.248214,8.201464,4.086588,0,0,48.607696,1,4180379.7519,851770.6663,4726104.6262,4180379.4768,851769.1837,4726095.6840,28.4528
DIAG:145,0,24.093568,4.793901,3.792874,0,0,48.607696,1,4180380.3274,851770.9352,4726100.6041,4180378.7466,851769.0349,4726096.3521,13.8530
DIAG:146,0,9.496704,2.649706,3.766835,0,0,48.607696,1,4180378.8669,851774.1574,4726102.1117,4180378.0165,851768.8862,4726097.0202,12.2503
DIAG:147,0,25.302535,5.553693,3.865144,0,0,48.607696,1,4180377.6937,851773.2196,4726096.8251,4180377.2864,851768.7374,4726097.6884,19.0326
DIAG:148,0,23.739454,7.754300,4.434157,0,1,48.607696,1,4180375.3372,851769.4127,4726091.7236,4180376.5562,851768.5886,4726098.3565,22.7458
DIAG:149,0,9.212646,1.716167,4.361979,0,0,48.607696,1,4180376.2214,851770.4374,4726092.8742,4180375.8261,851768.4399,4726099.0247,6.4194
DIAG:150,1,13.689251,2.626386,4.088776,0,0,48.607696,1,4180376.3981,851767.7083,4726095.7878,4180375.0960,851768.2911,4726099.6928,7.3032
DIAG:151,1,22.208257,5.965032,4.382392,0,1,48.607696,1,4180377.4741,851770.1367,4726101.4559,4180374.3658,851768.1423,4726100.3609,18.3380
DIAG:152,1,10.319983,1.059530,4.408218,0,1,48.607696,1,4180377.9791,851769.0937,4726099.9172,4180373.6357,851767.9936,4726101.0291,9.9106
DIAG:153,1,8.176383,0.989059,4.130924,0,0,48.607696,1,4180376.5159,851769.5758,4726102.4445,4180372.9055,851767.8448,4726101.6972,6.5151
DIAG:154,1,8.568010,1.526058,3.463383,0,0,48.607696,1,4180376.5921,851771.8264,4726104.9027,4180372.1754,851767.6960,4726102.3653,11.7151
DIAG:155,1,6.211580,1.018838,3.085877,0,0,48.607696,1,4180376.7882,851770.2021,4726105.4953,4180371.4453,851767.5473,4726103.0335,6.2048
DIAG:156,1,8.523841,2.129253,3.033832,0,0,48.607696,1,4180375.3291,851767.3993,4726106.7688,4180370.7151,851767.3985,4726103.7016,6.4157
DIAG:157,1,8.704234,0.612210,2.539683,0,0,48.607696,1,4180374.9616,851766.4395,4726110.2625,4180369.9850,851767.2497,4726104.3698,13.2882
DIAG:158,1,10.828769,2.444740,2.008728,0,0,48.607696,1,4180375.5383,851768.5854,4726109.9277,4180369.2549,851767.1010,4726105.0379,10.3776
DIAG:159,1,25.431722,7.595385,2.596649,0,0,48.607696,1,4180379.2273,851768.7794,4726104.9084,4180368.5247,851766.9522,4726105.7060,24.9755
DIAG:160,1,19.341867,3.693506,2.703361,0,0,48.607696,1,4180381.7316,851767.6785,4726100.1558,4180367.7946,851766.8034,4726106.3742,26.1251
DIAG:161,1,6.330564,0.532351,2.160093,0,0,48.607696,1,4180381.6625,851767.4219,4726098.1257,4180367.0644,851766.6547,4726107.0423,18.0330
DIAG:162,1,25.341420,5.969471,2.651087,0,0,48.607696,1,4180380.2536,851767.9116,4726103.9850,4180366.3343,851766.5059,4726107.7104,17.4990
DIAG:163,1,16.707095,3.143383,2.866520,0,0,48.607696,1,4180382.2854,851769.4952,4726108.4082,4180365.6042,851766.3571,4726108.3786,23.4776
DIAG:164,1,17.199677,8.642632,3.578177,0,0,48.607696,1,4180377.3870,851767.1773,4726109.7600,4180364.8740,851766.2083,4726109.0467,4.8319
DIAG:165,1,13.201077,3.786152,3.854908,0,0,48.607696,1,4180373.1903,851767.9723,4726112.8850,4180364.1439,851766.0596,4726109.7148,10.0416
DIAG:166,1,14.563405,2.472084,3.889191,0,0,48.607696,1,4180373.5347,851766.5078,4726110.6259,4180363.4138,851765.9108,4726110.3830,16.2503
DIAG:167,1,8.064107,1.908221,4.018793,0,0,48.607696,1,4180375.4578,851765.9306,4726111.2758,4180362.6836,851765.7620,4726111.0511,17.9118
DIAG:168,1,4.290140,0.245002,3.798819,0,0,48.607696,1,4180375.3857,851766.2498,4726111.0137,4180361.9535,851765.6133,4726111.7192,14.4339
DIAG:169,1,17.791265,5.054373,3.544717,0,0,48.607696,1,4180379.0294,851766.3701,4726107.7891,4180361.2233,851765.4645,4726112.3874,28.9028
DIAG:170,1,5.388936,0.849790,3.260346,0,0,48.607696,1,4180377.6971,851766.0076,4726107.8907,4180360.4932,851765.3157,4726113.0555,14.6192
DIAG:171,1,9.322979,1.773458,3.384457,0,0,48.607696,1,4180380.1175,851767.0225,4726109.5278,4180359.7631,851765.1670,4726113.7236,24.6812
DIAG:172,1,14.927085,4.254159,3.212925,0,0,48.607696,1,4180378.1962,851764.1836,4726112.5883,4180359.0329,851765.0182,4726114.3918,16.7585
DIAG:173,1,6.979091,1.415901,3.040177,0,0,48.607696,1,4180377.8430,851766.0578,4726113.5239,4180358.3028,851764.8694,4726115.0599,19.5727
DIAG:174,1,9.312528,2.544888,2.430403,0,0,48.607696,1,4180380.4820,851763.9574,4726114.3887,4180357.5726,851764.7207,4726115.7281,27.9686
DIAG:175,1,14.785407,5.373512,2.589139,0,0,48.607696,1,4180376.3655,851763.4869,4726117.0432,4180356.8425,851764.5719,4726116.3962,12.6251
DIAG:176,1,4.200498,0.465739,2.388504,0,0,48.607696,1,4180376.8867,851761.9922,4726117.6748,4180356.1124,851764.4231,4726117.0643,22.9128
DIAG:177,1,9.215080,1.765795,2.374262,0,0,48.607696,1,4180379.1905,851760.9024,4726120.2440,4180355.3822,851764.2744,4726117.7325,29.3985
DIAG:178,1,20.042097,5.501066,2.899868,0,0,48.607696,1,4180378.0381,851763.5649,4726116.8422,4180354.6521,851764.1256,4726118.4006,25.6806
DIAG:179,1,11.011011,2.106971,2.605128,0,0,48.607696,1,4180378.6722,851766.0959,4726115.1197,4180353.9219,851763.9768,4726119.0687,28.5175
DIAG:180,1,6.051876,0.593958,2.579545,0,0,48.607696,1,4180377.7691,851765.7592,4726113.9926,4180353.1918,851763.8280,4726119.7369,24.5260
DIAG:181,1,6.130712,1.084290,2.510628,0,0,48.607696,1,4180378.1090,851763.9649,4726113.6815,4180352.4617,851763.6793,4726120.4050,27.6671
DIAG:182,1,24.283419,5.343772,2.619589,0,0,48.607696,1,4180378.7406,851761.8706,4726119.9923,4180351.7315,851763.5305,4726121.0731,32.8231
DIAG:183,1,15.182069,3.012115,2.779211,0,0,48.607696,1,4180379.8767,851763.8052,4726117.3279,4180351.0014,851763.3817,4726121.7413,34.0548
DIAG:184,1,10.322985,3.132454,2.837967,0,0,48.607696,1,4180383.0348,851761.3370,4726117.7215,4180350.2712,851763.2330,4726122.4094,38.5099
DIAG:185,1,15.394055,2.343272,2.534943,0,0,48.607696,1,4180385.7130,851760.6549,4726114.1105,4180349.5411,851763.0842,4726123.0775,43.9101
DIAG:186,1,16.274976,2.524959,2.740865,0,0,48.607696,1,4180385.6210,851760.8197,4726118.0848,4180348.8110,851762.9354,4726123.7457,34.7240
DIAG:187,1,8.644226,1.272717,2.691557,0,0,48.607696,1,4180384.6498,851760.7239,4726120.2643,4180348.0808,851762.7867,4726124.4138,33.0480
DIAG:188,1,8.432539,1.720170,2.313468,0,0,48.607696,1,4180382.6680,851761.0002,4726119.8231,4180347.3507,851762.6379,4726125.0819,31.8543
DIAG:189,1,7.272379,1.251037,2.227874,0,0,48.607696,1,4180384.8959,851761.2049,4726121.3476,4180346.6205,851762.4891,4726125.7501,42.2256
DIAG:190,1,10.635519,3.314948,2.499973,0,0,48.607696,1,4180381.5879,851761.3436,4726122.2033,4180345.8904,851762.3404,4726126.4182,29.1684
DIAG:191,1,8.691430,0.682971,2.459841,0,0,48.607696,1,4180381.6805,851760.6907,4726120.6084,4180345.1603,851762.1916,4726127.0863,39.4475
DIAG:192,1,15.295529,3.359473,2.261412,0,0,48.607696,1,4180383.9138,851762.2453,4726124.4095,4180344.4301,851762.0428,4726127.7545,44.3990
DIAG:193,1,14.098254,2.908003,2.251000,0,0,48.607696,1,4180384.5385,851765.2724,4726128.4561,4180343.7000,851761.8940,4726128.4226,43.1000
DIAG:194,1,17.851170,3.116678,2.249423,0,0,48.607696,1,4180384.3079,851764.2762,4726125.2162,4180342.9698,851761.7453,4726129.0907,43.4373
DIAG:195,1,16.870614,2.450434,2.260139,0,0,48.607696,1,4180385.6680,851764.8631,4726130.3626,4180342.2397,851761.5965,4726129.7589,47.2827
DIAG:196,1,13.164115,4.901634,2.497807,0,0,48.607696,1,4180386.2521,851760.6987,4726130.9107,4180341.5095,851761.4477,4726130.4270,45.8219
DIAG:197,1,14.777114,3.470223,2.717557,0,0,48.607696,1,4180389.9444,851760.8115,4726135.3157,4180340.7794,851761.2990,4726131.0951,56.2741
DIAG:198,1,8.820871,2.276842,2.773224,0,0,48.607696,1,4180391.8920,851763.4799,4726137.2379,4180340.0493,851761.1502,4726131.7632,54.0408
DIAG:199,1,20.169515,4.345442,3.082665,0,0,48.607696,1,4180390.6479,851763.5609,4726144.0977,4180339.3191,851761.0014,4726132.4314,53.1750
DIAG:200,1,14.994779,5.406828,3.291853,0,0,48.607696,1,4180389.8420,851759.3824,4726148.6888,4180338.5890,851760.8527,4726133.0995,53.5939
DIAG:201,1,23.952517,4.594220,3.682978,0,0,48.607696,1,4180390.8673,851758.2490,4726145.0999,4180337.8588,851760.7039,4726133.7676,54.4733
DIAG:202,1,15.769929,4.660068,3.813037,0,0,48.607696,1,4180388.1894,851759.8155,4726143.9559,4180337.1287,851760.5551,4726134.4358,45.4585
DIAG:203,1,14.595367,1.722054,3.694442,0,0,48.607696,1,4180387.7492,851759.0720,4726141.4097,4180336.3986,851760.4064,4726135.1039,51.0586
DIAG:204,1,11.260089,2.551846,3.637959,0,0,48.607696,1,4180390.5894,851758.9143,4726144.1838,4180335.6684,851760.2576,4726135.7720,61.9008
DIAG:205,1,14.398424,2.079507,3.600866,0,0,48.607696,1,4180389.5009,851758.0197,4726141.5678,4180334.9383,851760.1088,4726136.4402,52.1249
DIAG:206,1,5.749442,0.368604,3.147563,0,0,48.607696,1,4180389.2215,851758.2562,4726143.5060,4180334.2081,851759.9600,4726137.1083,55.2684
DIAG:207,1,10.985399,2.686872,3.069228,0,0,48.607696,1,4180392.2364,851756.6842,4726145.9496,4180333.4780,851759.8113,4726137.7764,65.5325
DIAG:208,1,15.387255,4.727377,3.314282,0,0,48.607696,1,4180392.6744,851760.2443,4726144.1877,4180332.7478,851759.6625,4726138.4446,60.0267
DIAG:209,1,6.221318,1.130274,2.992765,0,0,48.607696,1,4180391.3349,851761.6146,4726144.9132,4180332.0177,851759.5137,4726139.1127,56.2997
DIAG:210,1,5.399713,0.437207,2.495803,0,0,48.607696,1,4180390.9785,851761.2012,4726144.3057,4180331.2876,851759.3650,4726139.7808,58.7223
DIAG:211,1,19.858764,5.864190,2.622800,0,0,48.607696,1,4180392.1568,851757.6136,4726140.2844,4180330.5574,851759.2162,4726140.4489,65.2548
DIAG:212,1,5.301213,0.461428,2.202936,0,0,48.607696,1,4180392.7030,851758.2691,4726138.8735,4180329.8273,851759.0674,4726141.1171,63.5074
DIAG:213,1,11.635363,3.978122,2.428543,0,0,48.607696,1,4180389.9078,851760.7558,4726138.4845,4180329.0971,851758.9187,4726141.7852,55.6907
DIAG:214,1,16.793227,2.949001,2.468258,0,0,48.607696,1,4180389.0557,851763.1354,4726142.2967,4180328.3670,851758.7699,4726142.4533,61.3501
DIAG:215,1,12.057936,3.419557,2.602263,0,0,48.607696,1,4180392.2928,851763.5217,4726144.2194,4180327.6368,851758.6211,4726143.1215,71.5381
DIAG:216,1,7.176313,1.363891,2.701792,0,0,48.607696,1,4180391.3554,851762.2068,4726145.4188,4180326.9067,851758.4723,4726143.7896,62.2325
DIAG:217,1,13.168425,2.182516,2.651356,0,0,48.607696,1,4180393.5653,851761.8283,4726142.8602,4180326.1766,851758.3236,4726144.4577,71.9153
DIAG:218,1,6.066721,1.081083,2.286727,0,0,48.607696,1,4180393.1455,851759.9863,4726143.0166,4180325.4464,851758.1748,4726145.1259,66.0254
DIAG:219,1,14.687454,4.401374,2.613837,0,0,48.607696,1,4180392.3523,851755.7884,4726140.5512,4180324.7163,851758.0260,4726145.7940,67.3697
DIAG:220,1,13.082957,1.928161,2.762932,0,0,48.607696,1,4180393.9114,851755.7686,4726143.5093,4180323.9861,851757.8773,4726146.4621,72.7686
DIAG:221,1,14.984046,3.337477,2.510261,0,0,48.607696,1,4180391.2575,851755.1358,4726147.0625,4180323.2560,851757.7285,4726147.1302,63.2285
DIAG:222,1,17.603019,3.133073,2.777425,0,0,48.607696,1,4180389.0879,851753.5166,4726143.2869,4180322.5258,851757.5797,4726147.7984,65.5711
DIAG:223,1,14.397657,6.086692,2.988282,0,0,48.607696,1,4180393.2499,851754.3275,4726143.1569,4180321.7957,851757.4310,4726148.4665,80.2617
DIAG:224,1,15.668767,2.358845,2.929267,0,0,48.607696,1,4180394.7825,851754.8344,4726147.2342,4180321.0655,851757.2822,4726149.1346,76.2890
DIAG:225,1,11.259968,3.110203,2.898332,0,0,48.607696,1,4180397.8604,851757.0765,4726149.3318,4180320.3354,851757.1334,4726149.8028,82.0460
DIAG:226,1,12.572286,1.589206,2.920863,0,0,48.607696,1,4180399.5393,851758.6427,4726153.4370,4180319.6053,851756.9846,4726150.4709,81.7534
DIAG:227,1,13.467442,5.151306,3.217742,0,0,48.607696,1,4180396.0932,851758.9407,4726154.0346,4180318.8751,851756.8359,4726151.1390,68.8432
DIAG:228,1,6.011888,0.678175,3.177451,0,0,48.607696,1,4180396.9141,851757.9752,4726154.1487,4180318.1450,851756.6871,4726151.8071,79.8105
DIAG:229,1,3.047467,0.226413,2.759955,0,0,48.607696,1,4180398.2223,851757.9096,4726154.8290,4180317.4148,851756.5383,4726152.4753,82.4879
DIAG:230,1,14.425281,3.885683,2.955707,0,0,48.607696,1,4180396.4633,851755.1598,4726153.0852,4180316.6847,851756.3896,4726153.1434,76.2633
DIAG:231,1,11.249584,2.220833,2.844043,0,0,48.607696,1,4180393.8253,851754.2780,4726151.4044,4180315.9545,851756.2408,4726153.8115,73.6243
DIAG:232,1,8.522640,2.061758,2.736911,0,0,48.607696,1,4180391.8282,851751.0465,4726151.1285,4180315.2244,851756.0920,4726154.4797,74.7976
DIAG:233,1,21.574512,10.314850,3.159727,0,0,48.607696,1,4180392.6353,851755.9701,4726154.6664,4180314.4942,851755.9433,4726155.1478,82.2806
DIAG:234,1,10.410644,1.184476,3.042290,0,0,48.607696,1,4180393.1215,851755.1117,4726152.7329,4180313.7641,851755.7945,4726155.8159,81.7580
DIAG:235,1,3.916112,0.258318,2.757102,0,0,48.607696,1,4180393.6571,851754.6321,4726153.8125,4180313.0339,851755.6457,4726156.4840,82.0808
DIAG:236,1,11.013759,1.669517,2.765133,0,0,48.607696,1,4180394.5088,851756.3273,4726156.7536,4180312.3038,851755.4969,4726157.1522,84.2315
DIAG:237,1,18.083902,8.549473,3.104950,0,0,48.607696,1,4180399.9357,851753.7770,4726159.4573,4180311.5737,851755.3482,4726157.8203,98.2336
DIAG:238,1,8.682149,1.660126,3.203145,0,0,48.607696,1,4180400.0540,851751.1598,4726159.1772,4180310.8435,851755.1994,4726158.4884,87.5491
DIAG:239,1,28.398961,8.622219,4.042725,0,0,48.607696,1,4180397.7732,851751.9602,4726167.2343,4180310.1134,851755.0506,4726159.1565,86.2442
DIAG:240,1,15.548183,6.970099,4.351167,0,0,48.607696,1,4180401.2578,851755.9861,4726169.9286,4180309.3832,851754.9019,4726159.8247,98.6750
DIAG:241,1,13.788998,3.380635,4.467147,0,1,48.607696,1,4180398.8905,851756.6109,4726169.3007,4180308.6531,851754.7531,4726160.4928,84.2961
DIAG:242,1,30.894195,9.131145,5.174086,0,1,48.607696,1,4180400.5705,851754.3561,4726162.9483,4180307.9229,851754.6043,4726161.1609,97.3529
DIAG:243,1,12.324512,4.414995,4.584100,0,1,48.607696,1,4180404.9548,851756.4873,4726163.7837,4180307.1928,851754.4556,4726161.8291,104.7366
DIAG:244,1,16.061887,3.257819,4.791434,0,1,48.607696,1,4180403.7168,851756.2898,4726160.4262,4180306.4626,851754.3068,4726162.4972,93.3770
DIAG:245,1,2.875942,0.203678,4.785970,0,1,48.607696,1,4180405.2616,851755.9927,4726160.6737,4180305.7325,851754.1580,4726163.1653,100.8134
DIAG:246,1,8.222381,1.543727,4.773391,0,1,48.607696,1,4180403.9423,851755.2505,4726161.8428,4180305.0023,851754.0092,4726163.8334,94.8593
DIAG:247,1,7.123684,1.031092,4.021553,0,0,48.607696,1,4180402.9187,851756.4514,4726163.2290,4180304.2722,851753.8605,4726164.5016,96.1310
DIAG:248,1,15.622605,3.080830,4.163624,0,0,48.607696,1,4180402.7042,851754.0548,4726167.2970,4180303.5420,851753.7117,4726165.1697,99.3706
DIAG:249,1,22.063606,4.983105,3.799712,0,0,48.607696,1,4180405.1223,851754.8927,4726162.5723,4180302.8119,851753.5629,4726165.8378,108.1240
DIAG:250,1,7.079821,1.080322,3.210735,0,0,48.607696,1,4180404.1330,851756.0908,4726163.7605,4180302.0817,851753.4142,4726166.5059,99.3824
DIAG:251,1,13.440202,2.625304,3.135202,0,0,48.607696,1,4180406.3029,851754.4060,4726167.0002,4180301.3516,851753.2654,4726167.1741,108.6938
DIAG:252,1,13.881217,5.336064,2.755693,0,0,48.607696,1,4180406.7074,851749.3884,4726166.6296,4180300.6215,851753.1166,4726167.8422,106.4067
DIAG:253,1,9.031596,1.163671,2.430561,0,0,48.607696,1,4180405.6528,851748.7269,4726165.0989,4180299.8913,851752.9679,4726168.5103,103.2487
DIAG:254,1,14.102053,2.860631,2.390842,0,0,48.607696,1,4180408.1339,851749.2532,4726168.4902,4180299.1612,851752.8191,4726169.1784,113.2257
DIAG:255,1,13.379054,4.904798,2.860954,0,0,48.607696,1,4180404.8550,851746.2425,4726168.0868,4180298.4310,851752.6703,4726169.8466,99.9586
DIAG:256,1,8.457991,0.985408,2.805123,0,0,48.607696,1,4180405.4350,851746.3899,4726170.5676,4180297.7009,851752.5215,4726170.5147,109.2246
DIAG:257,1,5.936989,1.021858,2.804199,0,0,48.607696,1,4180406.7197,851747.1265,4726171.1810,4180296.9707,851752.3728,4726171.1828,112.0360
DIAG:258,1,21.464516,6.909428,3.187059,0,0,48.607696,1,4180405.0426,851750.5403,4726176.7404,4180296.2406,851752.2240,4726171.8509,106.9221
DIAG:259,1,13.257286,1.625197,2.851268,0,0,48.607696,1,4180406.0140,851750.3780,4726174.8128,4180295.5104,851752.0752,4726172.5191,112.7326
DIAG:260,1,11.857101,1.894043,2.932640,0,0,48.607696,1,4180405.4927,851752.6694,4726173.0502,4180294.7803,851751.9265,4726173.1872,109.9572
DIAG:261,1,11.073568,3.604485,3.030558,0,0,48.607696,1,4180408.3375,851750.5694,4726173.6595,4180294.0501,851751.7777,4726173.8553,119.5517
DIAG:262,1,11.338546,3.471519,2.844104,0,0,48.607696,1,4180410.3706,851754.2002,4726173.2075,4180293.3200,851751.6289,4726174.5234,119.9876
DIAG:263,1,16.086173,3.824692,3.110206,0,0,48.607696,1,4180411.0242,851758.3215,4726177.2128,4180292.5898,851751.4801,4726175.1916,119.2119
DIAG:264,1,27.676083,12.628713,4.087014,1,0,48.607696,1,4180406.1221,851757.3126,4726184.0008,4180291.8597,851751.3314,4726175.8597,106.7315
DIAG:265,1,30.666061,7.953902,4.391924,0,1,48.607696,1,4180404.1238,851757.3878,4726177.6945,4180291.1295,851751.1826,4726176.5278,112.2435
DIAG:266,1,17.929064,8.401773,5.133561,0,1,48.607696,1,4180407.6770,851754.0840,4726180.1881,4180290.3994,851751.0338,4726177.1959,125.2711
DIAG:267,1,24.801159,11.466107,6.177986,1,1,48.607696,1,4180409.4394,851747.8420,4726176.3350,4180289.6692,851750.8851,4726177.8641,124.1712
DIAG:268,1,3.754947,0.341099,5.521153,0,1,48.607696,1,4180409.8377,851745.1983,4726176.9868,4180288.9391,851750.7363,4726178.5322,120.8893
DIAG:269,1,15.759195,7.093162,6.067949,0,1,48.607696,1,4180407.8675,851748.4550,4726176.3739,4180288.2089,851750.5875,4726179.2003,115.5719
DIAG:270,1,17.127123,3.368483,6.215394,0,1,48.607696,1,4180406.4119,851749.9279,4726180.7067,4180287.4788,851750.4388,4726179.8684,117.1102
DIAG:271,1,4.826195,0.341357,5.889081,0,1,48.607696,1,4180406.7455,851750.4602,4726182.5536,4180286.7486,851750.2900,4726180.5365,121.3264
DIAG:272,1,6.950375,1.221114,5.664040,0,1,48.607696,1,4180406.5447,851748.1995,4726184.3126,4180286.0185,851750.1412,4726181.2047,120.7927
DIAG:273,1,6.891290,0.847805,5.366352,0,1,48.607696,1,4180406.7682,851746.0548,4726186.7453,4180285.2883,851749.9924,4726181.8728,122.7242
DIAG:274,1,14.969721,2.936849,4.397165,0,1,48.607696,1,4180408.4891,851747.1200,4726184.4948,4180284.5582,851749.8437,4726182.5409,127.3986
DIAG:275,1,6.696263,1.144683,3.716243,0,0,48.607696,1,4180408.7609,851748.8657,4726185.9886,4180283.8280,851749.6949,4726183.2090,125.0182
DIAG:276,1,4.972092,0.722070,2.948273,0,0,48.607696,1,4180407.9426,851747.5122,4726186.9607,4180283.0979,851749.5461,4726183.8772,123.0063
DIAG:277,1,16.512634,3.259718,2.127634,0,0,48.607696,1,4180409.1783,851749.5517,4726183.7966,4180282.3677,851749.3974,4726184.5453,129.5092
DIAG:278,1,14.680444,3.881130,2.481637,0,0,48.607696,1,4180411.5638,851752.7786,4726186.9221,4180281.6376,851749.2486,4726185.2134,134.2336
DIAG:279,1,14.618355,1.694035,1.941724,0,0,48.607696,1,4180412.0559,851753.6654,4726183.6510,4180280.9074,851749.0998,4726185.8815,131.3663
DIAG:280,1,14.796121,2.505639,1.855440,0,0,48.607696,1,4180411.3925,851756.2554,4726180.0515,4180280.1773,851748.9510,4726186.5496,130.2239
DIAG:281,1,7.759983,1.743683,1.995673,0,0,48.607696,1,4180409.5833,851755.8676,4726179.8398,4180279.4471,851748.8023,4726187.2178,126.4491
DIAG:282,1,28.816758,10.593293,2.932891,0,0,48.607696,1,4180409.2785,851751.8280,4726186.2422,4180278.7170,851748.6535,4726187.8859,131.3763
DIAG:283,1,17.046591,2.727179,3.120828,0,0,48.607696,1,4180409.0711,851750.0079,4726182.4023,4180277.9868,851748.5047,4726188.5540,132.2124
DIAG:284,1,13.942152,2.669517,3.094095,0,0,48.607696,1,4180411.5114,851749.0437,4726185.5404,4180277.2567,851748.3560,4726189.2221,138.9393
DIAG:285,1,11.676966,2.633452,3.242972,0,0,48.607696,1,4180414.9981,851748.6071,4726183.7955,4180276.5265,851748.2072,4726189.8903,144.3980
DIAG:286,1,21.585081,5.179358,3.688700,0,0,48.607696,1,4180413.0818,851748.1762,4726189.2683,4180275.7964,851748.0584,4726190.5584,132.5921
DIAG:287,1,6.524827,1.247780,3.487507,0,0,48.607696,1,4180411.1919,851747.2771,4726190.0836,4180275.0662,851747.9096,4726191.2265,132.0197
DIAG:288,1,7.593755,1.347947,3.234188,0,0,48.607696,1,4180413.0980,851745.4383,4726192.0840,4180274.3361,851747.7609,4726191.8946,142.3909
DIAG:289,1,5.233870,0.751266,3.139912,0,0,48.607696,1,4180414.9239,851745.5770,4726192.7375,4180273.6059,851747.6121,4726192.5627,143.9226
DIAG:290,1,13.311601,2.077001,3.097048,0,0,48.607696,1,4180416.0991,851746.8761,4726197.0228,4180272.8758,851747.4633,4726193.2309,144.6715
DIAG:291,1,12.688728,3.696893,3.292369,0,0,48.607696,1,4180413.9565,851749.1029,4726196.6722,4180272.1456,851747.3146,4726193.8990,136.7627
DIAG:292,1,17.314152,3.522542,2.585294,0,0,48.607696,1,4180412.1595,851747.6060,4726193.6566,4180271.4155,851747.1658,4726194.5671,137.8863
DIAG:293,1,22.061010,4.369318,2.749507,0,0,48.607696,1,4180412.5250,851749.2007,4726188.3970,4180270.6853,851747.0170,4726195.2352,144.8495
DIAG:294,1,6.013296,0.556833,2.538239,0,0,48.607696,1,4180411.1780,851749.9262,4726189.3594,4180269.9552,851746.8682,4726195.9033,139.1734
DIAG:295,1,14.903769,5.525700,2.827464,0,0,48.607696,1,4180413.8042,851746.6206,4726191.0659,4180269.2250,851746.7195,4726196.5715,150.1108
DIAG:296,1,18.157589,5.811263,2.890654,0,0,48.607696,1,4180409.8836,851744.7974,4726194.8523,4180268.4949,851746.5707,4726197.2396,134.2406
DIAG:297,1,16.530890,7.966020,3.562478,0,0,48.607696,1,4180413.7708,851747.8491,4726196.0530,4180267.7647,851746.4219,4726197.9077,154.2942
DIAG:298,1,17.991970,2.957392,3.723423,0,0,48.607696,1,4180413.2254,851746.6481,4726192.1165,4180267.0346,851746.2732,4726198.5758,145.8915
DIAG:299,1,11.363591,3.708385,4.019135,0,0,48.607696,1,4180416.8723,851748.4616,4726191.6189,4180266.3044,851746.1244,4726199.2439,157.1472
DIAG_END
