HPM3 configured with 
mask 0x40001
HPM4 configured with mask 0x1000000
HPM5 configured with mask 0x2001
HPM6 configured with mask 0x0201
HPM7 configured with mask 0x0101
HPM8 configured with mask 0x2000
HPM9 configured with mask 0x8001
HPM10 configured with mask 0x0100
Start
Stop
DIAG_START
DIAG:1,0,7.293012,1.454451,1.454451,0,0,63.611138,1,4180482.5927,851788.1136,4725999.6339,4180483.8852,851790.4574,4726000.1391,6.6733,1.000000
DIAG:2,0,6.005356,0.760384,1.107417,0,0,73.205792,1,4180479.6539,851784.8259,4726000.6352,4180483.1551,851790.3086,4726000.8072,9.0389,1.000000
DIAG:3,0,14.467953,3.982151,2.065662,0,0,75.173785,1,4180480.6952,851788.2713,4725997.7627,4180482.4250,851790.1598,4726001.4754,9.5627,1.000000
DIAG:4,0,10.385377,0.888337,1.771331,0,0,71.358176,1,4180480.8008,851788.8943,4725993.1381,4180481.6948,851790.0111,4726002.1435,15.0618,1.000000
DIAG:5,0,35.422015,9.414174,3.299899,0,0,65.515268,1,4180481.8087,851790.0996,4726005.1348,4180480.9647,851789.8623,4726002.8117,24.0955,1.000000
DIAG:6,0,9.577283,0.718722,2.869703,0,0,59.581536,1,4180481.4643,851789.8196,4726009.7667,4180480.2346,851789.7135,4726003.4798,12.3904,1.971663
DIAG:7,0,11.842545,1.423984,2.663172,0,0,54.217664,1,4180480.9585,851791.5651,4726007.8685,4180479.5045,851789.5648,4726004.1480,5.9168,1.758614
DIAG:8,0,3.748085,0.260200,2.362800,0,0,49.554253,1,4180480.3967,851792.9020,4726009.9353,4180478.7744,851789.4160,4726004.8161,8.7118,1.689731
DIAG:9,0,9.842204,2.895849,2.422028,0,0,45.544164,1,4180479.6293,851790.4251,4726010.9029,4180478.0442,851789.2672,4726005.4843,7.0370,1.391883
DIAG:10,0,4.701018,0.333717,2.213197,0,0,42.095053,1,4180478.7860,851791.2194,4726011.1754,4180477.3141,851789.1185,4726006.1525,4.2190,1.271592
DIAG:11,0,5.798634,0.764145,2.144166,0,0,39.114046,1,4180479.3536,851790.7105,4726011.4943,4180476.5840,851788.9697,4726006.8206,5.8094,1.013889
DIAG:12,0,11.804033,2.459501,2.314078,0,0,36.520552,1,4180479.0683,851788.9466,4726010.4822,4180475.8539,851788.8209,4726007.4888,7.5353,1.066569
DIAG:13,0,12.187242,4.370600,2.352923,0,0,34.248163,1,4180477.2707,851791.2322,4726010.4801,4180475.1237,851788.6722,4726008.1569,10.2558,1.393187
DIAG:14,0,5.359964,0.256858,2.289775,0,0,32.243169,1,4180476.9976,851791.4671,4726010.2181,4180474.3936,851788.5234,4726008.8251,5.3024,1.352759
DIAG:15,0,12.090138,4.060626,1.754420,0,0,30.462339,1,4180474.2604,851791.9945,4726009.8774,4180473.6635,851788.3746,4726009.4932,9.9991,1.242094
DIAG:16,0,11.905705,4.151115,2.097660,0,0,28.870804,1,4180474.2015,851790.0749,4726009.6513,4180472.9334,851788.2259,4726010.1614,8.6408,1.000000
DIAG:17,0,14.300408,2.990250,2.254286,0,0,27.440301,1,4180474.5465,851791.1126,4726008.0528,4180472.2032,851788.0771,4726010.8295,16.1346,1.000000
DIAG:18,0,14.260581,4.194038,2.647670,0,0,26.147768,1,4180472.3173,851790.5857,4726010.2062,4180471.4731,851787.9283,4726011.4977,9.8738,1.000000
DIAG:19,0,8.582653,0.682764,2.426361,0,0,24.974256,1,4180471.6435,851790.4221,4726009.3947,4180470.7430,851787.7796,4726012.1658,10.0362,1.000000
DIAG:20,0,3.632943,0.403206,2.433310,0,0,23.904076,1,4180471.3186,851790.9450,4726009.6423,4180470.0129,851787.6308,4726012.8340,7.6664,1.000000
DIAG:21,0,15.781865,5.446000,2.901496,0,0,22.924151,1,4180469.2931,851789.8451,4726011.7110,4180469.2828,851787.4820,4726013.5021,11.1257,1.000000
DIAG:22,0,12.169978,3.475660,3.003112,0,0,22.023498,1,4180467.2118,851789.3947,4726011.1208,4180468.5526,851787.3333,4726014.1703,13.1744,1.000000
DIAG:23,0,4.885355,0.529129,2.618965,0,0,21.192840,1,4180466.5143,851788.8683,4726012.0563,4180467.8225,851787.1845,4726014.8384,1.3964,1.000000
DIAG:24,0,18.564763,5.111308,3.104410,0,0,20.424284,1,4180466.9959,851788.8695,4726014.6854,4180467.0924,851787.0357,4726015.5066,15.4481,1.000000
DIAG:25,0,6.410101,0.868336,2.785181,0,0,19.711080,1,4180466.1822,851788.2229,4726015.8771,4180466.3623,851786.8870,4726016.1747,4.5387,1.000000
DIAG:26,0,14.218387,7.027346,3.072804,0,0,19.047420,1,4180463.5613,851787.9313,4726016.7427,4180465.6321,851786.7382,4726016.8429,14.2705,1.000000
DIAG:27,0,6.851619,0.871833,2.860962,0,0,18.428284,1,4180462.2004,851787.9846,4726016.7343,4180464.9020,851786.5895,4726017.5110,8.6492,1.000000
DIAG:28,0,13.265885,4.122077,2.853766,0,0,17.849306,1,4180460.1386,851787.5856,4726016.3161,4180464.1719,851786.4407,4726018.1792,15.7522,1.000000
DIAG:29,0,14.700460,2.117275,2.997217,0,0,17.306677,1,4180459.4074,851787.2483,4726018.4926,4180463.4418,851786.2919,4726018.8473,12.8004,1.000000
DIAG:30,0,6.490048,1.015994,3.058496,0,0,16.797056,1,4180459.0469,851787.0009,4726019.5871,4180462.7116,851786.1432,4726019.5155,3.9266,1.000000
DIAG:31,0,13.147446,3.054965,2.819392,0,0,16.317501,1,4180457.5454,851787.4904,4726019.1028,4180461.9815,851785.9944,4726020.1836,15.3801,1.000000
DIAG:32,0,13.141921,4.209794,2.892806,0,0,15.865413,1,4180457.3808,851786.5897,4726018.8330,4180461.2514,851785.8456,4726020.8518,11.4854,1.000000
DIAG:33,0,12.759000,3.644016,3.204294,0,0,15.438483,1,4180456.7066,851787.4092,4726020.3137,4180460.5213,851785.6969,4726021.5199,11.9351,1.000000
DIAG:34,0,10.775560,1.359081,2.829072,0,0,15.034658,1,4180455.9163,851786.9817,4726019.9270,4180459.7911,851785.5481,4726022.1881,11.9883,1.000000
DIAG:35,0,11.204012,2.062922,2.948530,0,0,14.652104,1,4180455.4277,851786.4290,4726021.4024,4180459.0610,851785.3993,4726022.8563,7.7685,1.000000
DIAG:36,0,8.010293,1.035814,2.349377,0,0,14.289178,1,4180454.2531,851786.0283,4726021.3717,4180458.3309,851785.2506,4726023.5244,10.9425,1.000000
DIAG:37,0,4.504331,0.405857,2.302780,0,0,13.944402,1,4180453.4340,851786.1619,4726022.2741,4180457.6008,851785.1018,4726024.1926,5.2108,1.000000
DIAG:38,0,16.057632,4.446550,2.335227,0,0,13.616446,1,4180453.2523,851786.5023,4726024.0591,4180456.8706,851784.9530,4726024.8607,13.2688,1.000000
DIAG:39,0,17.103836,2.993267,2.422826,0,0,13.304107,1,4180452.1107,851786.4969,4726023.2543,4180456.1405,851784.8043,4726025.5289,19.0908,1.000000
DIAG:40,0,8.755986,2.804640,2.601691,0,0,13.006297,1,4180451.6027,851787.1128,4726023.8784,4180455.4104,851784.6555,4726026.1970,9.7943,1.000000
DIAG:41,0,3.709558,0.322873,2.328481,0,0,12.722026,1,4180450.9427,851786.8840,4726024.6802,4180454.6803,851784.5067,4726026.8652,2.0409,1.000000
DIAG:42,0,15.015515,3.589915,2.266494,0,0,12.450395,1,4180450.4538,851786.2545,4726026.3325,4180453.9501,851784.3580,4726027.5333,11.4618,1.000000
DIAG:43,0,9.632507,2.889367,2.191029,0,0,12.190583,1,4180450.3192,851785.8967,4726027.3144,4180453.2200,851784.2092,4726028.2015,5.5491,1.000000
DIAG:44,0,8.622498,2.098031,2.264924,0,0,11.941839,1,4180450.0466,851786.0784,4726028.3363,4180452.4899,851784.0604,4726028.8696,7.2732,1.000000
DIAG:45,0,12.253508,2.698308,2.328462,0,0,11.703477,1,4180449.7573,851785.7017,4726028.2269,4180451.7598,851783.9117,4726029.5378,11.3212,1.000000
DIAG:46,0,11.596692,1.553282,2.380209,0,0,11.474866,1,4180448.9560,851785.8531,4726029.6913,4180451.0296,851783.7629,4726030.2059,11.3002,1.000000
DIAG:47,0,6.759582,1.335242,2.473147,0,0,11.255427,1,4180448.4132,851785.3533,4726030.6184,4180450.2995,851783.6141,4726030.8740,4.2486,1.000000
DIAG:48,0,13.158031,5.221034,2.550596,0,0,11.044627,1,4180448.4483,851785.6211,4726030.8225,4180449.5694,851783.4654,4726031.5422,12.7186,1.000000
DIAG:49,0,14.253926,4.407513,2.692020,0,0,10.841972,1,4180447.7835,851784.7908,4726030.7384,4180448.8393,851783.3166,4726032.2103,13.4790,1.000000
DIAG:50,0,11.406045,1.380312,2.549588,0,0,10.647010,1,4180447.2019,851784.5565,4726032.1488,4180448.1091,851783.1678,4726032.8785,9.6942,1.000000
DIAG:51,0,15.944623,4.057345,2.923035,0,0,10.459318,1,4180447.0085,851784.6276,4726033.7553,4180447.3790,851783.0191,4726033.5466,15.2243,1.000000
DIAG:52,0,9.025262,2.400874,2.804131,0,0,10.278507,1,4180446.1242,851783.9767,4726034.7589,4180446.6489,851782.8703,4726034.2148,8.0246,1.000000
DIAG:53,0,18.436692,8.612299,3.376424,0,0,10.104215,1,4180446.3905,851783.8801,4726034.6584,4180445.9187,851782.7215,4726034.8829,17.7544,1.000000
DIAG:54,0,11.773599,2.313234,3.397944,0,0,9.936106,1,4180445.7491,851784.1489,4726034.6802,4180445.1886,851782.5728,4726035.5511,12.6200,1.000000
DIAG:55,0,14.773339,2.983775,3.426491,0,0,9.773867,1,4180445.2951,851783.6940,4726036.2072,4180444.4585,851782.4240,4726036.2192,13.6925,1.444960
DIAG:56,0,20.224131,4.111751,3.682338,0,0,9.617207,1,4180444.8170,851783.5661,4726038.1425,4180443.7284,851782.2752,4726036.8874,20.4391,2.133376
DIAG:57,0,18.161195,4.019289,3.950742,0,0,9.465853,1,4180443.9261,851783.1071,4726039.9180,4180442.9982,851782.1265,4726037.5555,18.9733,4.889134
DIAG:58,0,11.708986,4.921624,3.920802,0,0,9.319551,1,4180442.8881,851783.6061,4726040.4859,4180442.2681,851781.9777,4726038.2237,11.8424,7.832536
DIAG:59,0,6.146541,1.390397,3.619090,0,0,9.178065,1,4180441.8125,851783.3584,4726041.1583,4180441.5380,851781.8289,4726038.8918,5.3452,7.592249
DIAG:60,0,8.869794,0.932347,3.574293,0,0,9.041171,1,4180441.1463,851783.0542,4726042.3871,4180440.8079,851781.6802,4726039.5600,10.9014,5.994206
DIAG:61,0,13.804038,6.314590,3.800018,0,0,8.908661,1,4180439.6852,851782.6449,4726042.8081,4180440.0777,851781.5314,4726040.2281,12.2110,5.545622
DIAG:62,0,15.783564,8.358004,4.395731,0,1,8.780339,1,4180439.5364,851781.8065,4726043.1934,4180439.3476,851781.3826,4726040.8963,13.9138,4.948414
DIAG:63,0,8.080901,1.997860,3.734287,0,0,8.656023,1,4180438.4593,851781.4044,4726044.1404,4180438.6175,851781.2339,4726041.5644,9.2052,6.850235
DIAG:64,0,11.363961,2.770868,3.780051,0,0,8.535539,1,4180437.8654,851781.6470,4726044.3851,4180437.8873,851781.0851,4726042.2326,9.5923,3.916570
DIAG:65,0,8.772562,1.583840,3.640057,0,0,8.418724,1,4180437.2243,851781.7928,4726045.4697,4180437.1572,851780.9363,4726042.9007,10.8554,3.867798
DIAG:66,0,12.908757,2.320151,3.460897,0,0,8.305427,1,4180436.4031,851781.9104,4726045.5469,4180436.4271,851780.7876,4726043.5689,10.9534,2.315616
DIAG:67,0,9.567273,3.183730,3.377341,0,0,8.195502,1,4180436.2007,851781.7346,4726046.0796,4180435.6970,851780.6388,4726044.2370,9.1196,1.000000
DIAG:68,0,15.882460,2.698757,3.155054,0,0,8.088814,1,4180435.5377,851781.7581,4726047.5920,4180434.9668,851780.4900,4726044.9052,17.9759,1.000000
DIAG:69,0,4.598280,0.522646,3.068279,0,0,7.985234,1,4180434.7561,851781.4343,4726048.4692,4180434.2367,851780.3413,4726045.5733,6.1875,1.000000
DIAG:70,0,12.034503,4.657783,3.440823,0,0,7.884640,1,4180433.7750,851780.7504,4726049.4650,4180433.5066,851780.1925,4726046.2414,12.6805,1.000000
DIAG:71,0,14.637934,2.912112,3.100575,0,0,7.786918,1,4180432.9408,851780.8616,4726049.5069,4180432.7764,851780.0437,4726046.9096,11.8639,1.000000
DIAG:72,0,14.713617,8.181910,3.082966,0,0,7.691960,1,4180431.4336,851780.7341,4726050.1665,4180432.0463,851779.8950,4726047.5777,14.6324,1.000000
DIAG:73,0,8.813450,2.943624,3.177542,0,0,7.599661,1,4180431.1625,851780.6709,4726050.9020,4180431.3162,851779.7462,4726048.2459,8.9728,1.000000
DIAG:74,0,4.553432,0.682101,2.968665,0,0,7.509924,1,4180430.6050,851780.3651,4726051.5225,4180430.5861,851779.5974,4726048.9140,3.5461,1.000000
DIAG:75,0,12.814784,2.977181,3.108000,0,0,7.422657,1,4180429.5336,851780.2951,4726051.7231,4180429.8559,851779.4487,4726049.5822,10.8297,1.000000
DIAG:76,0,7.706916,0.873684,2.963353,0,0,7.337772,1,4180428.7082,851780.2688,4726052.7635,4180429.1258,851779.2999,4726050.2503,10.0514,1.000000
DIAG:77,0,13.240464,4.623910,3.107371,0,0,7.255184,1,4180427.7429,851780.5700,4726053.0798,4180428.3957,851779.1511,4726050.9185,12.6787,1.000000
DIAG:78,0,5.876401,1.314872,2.968982,0,0,7.174815,1,4180427.2506,851780.5864,4726053.7885,4180427.6655,851779.0024,4726051.5866,6.7139,1.000000
DIAG:79,0,10.041207,2.574310,3.174149,0,0,7.096589,1,4180426.5826,851780.8067,4726054.7998,4180426.9354,851778.8536,4726052.2548,12.6779,1.000000
DIAG:80,0,15.183740,5.900413,3.298412,0,0,7.020433,1,4180425.9824,851780.1165,4726055.0508,4180426.2053,851778.7048,4726052.9229,11.9989,1.000000
DIAG:81,0,13.180241,2.706573,3.277858,0,0,6.946280,1,4180425.5534,851779.9405,4726055.2258,4180425.4752,851778.5561,4726053.5911,11.2227,1.000000
DIAG:82,0,6.813775,0.997722,2.559439,0,0,6.874063,1,4180424.6742,851779.6441,4726056.1485,4180424.7450,851778.4073,4726054.2592,7.7286,1.000000
DIAG:83,0,10.947718,1.666655,2.431742,0,0,6.803720,1,4180424.0477,851779.6644,4726056.3984,4180424.0149,851778.2585,4726054.9273,9.7655,1.000000
DIAG:84,0,7.696239,1.687551,2.532287,0,0,6.735192,1,4180423.5565,851779.3182,4726056.8918,4180423.2848,851778.1098,4726055.5955,6.2879,1.000000
DIAG:85,0,8.851348,2.783292,2.512898,0,0,6.668422,1,4180423.2279,851779.1148,4726057.4600,4180422.5546,851777.9610,4726056.2636,8.7848,1.000000
DIAG:86,0,14.806973,2.457716,2.671301,0,0,6.603354,1,4180422.4311,851778.8073,4726058.7575,4180421.8245,851777.8122,4726056.9318,15.7474,1.000000
DIAG:87,0,6.782787,1.758943,2.384805,0,0,6.539938,1,4180422.0054,851778.7605,4726059.4536,4180421.0944,851777.6635,4726057.5999,7.9760,1.000000
DIAG:88,0,5.240622,0.850360,2.338354,0,0,6.478124,1,4180421.4936,851778.5305,4726060.2622,4180420.3642,851777.5147,4726058.2681,6.9145,1.000000
DIAG:89,0,14.490584,2.045965,2.285519,0,0,6.417862,1,4180420.8292,851778.3422,4726061.5647,4180419.6341,851777.3659,4726058.9362,16.6122,1.000000
DIAG:90,0,23.760082,7.975865,2.493064,0,0,6.359109,1,4180420.4667,851778.4343,4726061.3837,4180418.9040,851777.2172,4726059.6044,22.0644,1.000000
DIAG:91,0,10.134824,2.789572,2.501364,0,0,6.301820,1,4180420.1064,851778.3802,4726061.8240,4180418.1739,851777.0684,4726060.2725,10.8120,1.000000
DIAG:92,0,11.274164,1.899678,2.591560,0,0,6.245954,1,4180419.3197,851778.4176,4726062.9264,4180417.4437,851776.9196,4726060.9406,13.0553,1.000000
DIAG:93,0,2.995929,0.264714,2.451366,0,0,6.191468,1,4180418.7267,851778.2267,4726063.5617,4180416.7136,851776.7709,4726061.6088,4.3476,1.000000
DIAG:94,0,11.328248,1.466561,2.429267,0,0,6.138326,1,4180418.1243,851777.9862,4726063.8282,4180415.9835,851776.6221,4726062.2769,9.9079,1.000000
DIAG:95,0,5.946669,1.267908,2.277728,0,0,6.086490,1,4180417.2077,851777.7369,4726064.5890,4180415.2533,851776.4733,4726062.9451,4.6107,1.000000
DIAG:96,0,12.731901,5.940721,2.626029,0,0,6.035924,1,4180416.9182,851777.2239,4726065.4046,4180414.5232,851776.3246,4726063.6132,14.0638,1.000000
DIAG:97,0,12.087799,1.659915,2.616126,0,0,5.986593,1,4180416.1107,851777.0785,4726066.5539,4180413.7931,851776.1758,4726064.2814,13.6303,1.000000
DIAG:98,0,8.928146,1.272122,2.658302,0,0,5.938465,1,4180415.5879,851776.8330,4726066.9567,4180413.0629,851776.0270,4726064.9495,8.3809,1.000000
DIAG:99,0,14.077150,4.478467,2.901552,0,0,5.891507,1,4180414.5085,851776.6070,4726068.0513,4180412.3328,851775.8783,4726065.6176,14.2148,1.059261
DIAG:100,0,6.457791,0.990841,2.203050,0,0,5.845689,1,4180413.6674,851776.5452,4726068.9326,4180411.6027,851775.7295,4726066.2858,8.0176,1.000000
DIAG:101,0,6.013455,0.967067,2.020800,0,0,5.800981,1,4180412.9672,851776.5579,4726069.5041,4180410.8725,851775.5807,4726066.9539,5.8835,1.000000
DIAG:102,0,11.418178,3.725980,2.203430,0,0,5.757355,1,4180412.0133,851776.1008,4726070.4609,4180410.1424,851775.4320,4726067.6221,11.7250,1.000000
DIAG:103,0,6.958054,1.001849,2.277143,0,0,5.714782,1,4180411.1631,851775.8287,4726071.3714,4180409.4123,851775.2832,4726068.2902,8.6775,1.000000
DIAG:104,0,10.721029,4.057732,2.536260,0,0,5.673237,1,4180410.2317,851775.9813,4726072.2121,4180408.6821,851775.1344,4726068.9584,11.7596,1.000000
DIAG:105,0,9.492742,1.837303,2.593200,0,0,5.632693,1,4180409.3603,851775.6383,4726073.1974,4180407.9520,851774.9857,4726069.6265,11.5750,1.000000
DIAG:106,0,9.017921,2.762617,2.275390,0,0,5.593126,1,4180408.3592,851775.3000,4726073.7875,4180407.2219,851774.8369,4726070.2946,6.7318,1.000000
DIAG:107,0,0.503579,0.006553,2.110053,0,0,5.554512,1,4180407.6442,851775.0990,4726074.5133,4180406.4917,851774.6881,4726070.9628,4.0033,1.000000
DIAG:108,0,9.587989,1.174010,2.100242,0,0,5.516826,1,4180406.8168,851774.8769,4726075.5462,4180405.7616,851774.5394,4726071.6309,12.7960,1.000000
DIAG:109,0,13.598888,2.108749,1.863270,0,0,5.480047,1,4180406.1927,851774.5976,4726076.7253,4180405.0315,851774.3906,4726072.2991,17.5922,1.000000
DIAG:110,0,11.357359,4.824872,2.246673,0,0,5.444153,1,4180405.0488,851774.4308,4726077.5261,4180404.3014,851774.2418,4726072.9672,11.9962,1.000000
DIAG:111,0,9.412735,1.345501,2.284517,0,0,5.409123,1,4180404.4936,851774.2735,4726077.9600,4180403.5712,851774.0931,4726073.6354,6.2251,1.000000
DIAG:112,0,2.316266,0.202648,1.932184,0,0,5.374935,1,4180403.8563,851774.0582,4726078.6948,4180402.8411,851773.9443,4726074.3035,5.6610,1.000000
DIAG:113,0,19.757098,10.630943,2.895093,0,0,5.341571,1,4180402.5463,851773.9566,4726078.9977,4180402.1110,851773.7955,4726074.9716,16.4365,1.000000
DIAG:114,0,6.441669,1.300472,2.619367,0,0,5.309011,1,4180401.9819,851773.9252,4726079.8239,4180401.3808,851773.6468,4726075.6398,9.4464,1.000000
DIAG:115,0,8.316725,0.973873,2.533024,0,0,5.277236,1,4180401.1552,851773.8301,4726080.2846,4180400.6507,851773.4980,4726076.3079,4.5290,1.000000
DIAG:116,0,12.788422,1.620240,2.418786,0,0,5.246227,1,4180400.4490,851773.6237,4726080.5754,4180399.9206,851773.3492,4726076.9761,8.8056,1.000000
DIAG:117,0,26.171956,9.483136,3.366444,0,0,5.215968,1,4180400.0750,851773.5812,4726080.4854,4180399.1904,851773.2004,4726077.6442,23.1039,1.000000
DIAG:118,0,9.670778,2.825370,3.531580,0,0,5.186440,1,4180399.4836,851773.1319,4726081.0163,4180398.4603,851773.0517,4726078.3123,8.5990,6.504255
DIAG:119,0,4.798237,0.884269,3.409132,0,0,5.157628,1,4180398.6105,851772.8487,4726081.7094,4180397.7302,851772.9029,4726078.9805,4.6265,6.571715
DIAG:120,0,8.091974,2.293597,3.156005,0,0,5.129514,1,4180397.7877,851772.3978,4726082.3249,4180397.0000,851772.7541,4726079.6486,7.4230,3.559822
DIAG:121,0,11.556120,3.790028,3.400458,0,0,5.102084,1,4180397.0913,851772.5588,4726082.8120,4180396.2699,851772.6054,4726080.3168,9.9393,2.376904
DIAG:122,0,8.067244,2.048433,3.585036,0,0,5.075321,1,4180396.1065,851772.3134,4726083.6480,4180395.5398,851772.4566,4726080.9849,9.0354,3.245643
DIAG:123,0,6.682355,1.489935,2.670935,0,0,5.049210,1,4180395.1896,851772.0057,4726084.4492,4180394.8096,851772.3078,4726081.6530,7.9521,4.406107
DIAG:124,0,9.256472,0.896592,2.630547,0,0,5.023737,1,4180394.4390,851771.8727,4726084.8742,4180394.0795,851772.1591,4726082.3212,6.3869,1.000000
DIAG:125,0,6.237473,1.006088,2.633769,0,0,4.998887,1,4180393.5364,851771.6373,4726085.4581,4180393.3493,851772.0103,4726082.9893,4.6965,1.000000
DIAG:126,0,4.329222,0.470630,2.518808,0,0,4.974646,1,4180392.7273,851771.5450,4726086.2656,4180392.6192,851771.8615,4726083.6575,6.1142,1.000000
DIAG:127,0,12.128805,1.846778,1.755172,0,0,4.951002,1,4180392.0820,851771.4618,4726086.6224,4180391.8891,851771.7128,4726084.3256,9.5768,1.000000
DIAG:128,0,7.531367,2.047400,1.677375,0,0,4.927940,1,4180391.1292,851771.4358,4726087.2648,4180391.1589,851771.5640,4726084.9937,6.8855,1.000000
DIAG:129,0,7.204073,1.435887,1.732537,0,0,4.905447,1,4180390.4089,851771.0537,4726087.8411,4180390.4288,851771.4152,4726085.6619,6.2026,1.000000
DIAG:130,0,9.901652,1.685584,1.671735,0,0,4.883511,1,4180389.5515,851770.7334,4726088.2931,4180389.6987,851771.2665,4726086.3300,8.2767,1.000000
DIAG:131,0,12.147775,3.003634,1.593096,0,0,4.862120,1,4180388.5404,851770.5869,4726089.2987,4180388.9685,851771.1177,4726086.9982,13.8541,1.000000
DIAG:132,0,13.667178,2.119907,1.600243,0,0,4.841261,1,4180387.6775,851770.4424,4726089.6154,4180388.2384,851770.9689,4726087.6663,11.4900,1.000000
DIAG:133,0,17.846924,6.359689,2.087219,0,0,4.820922,1,4180387.0672,851770.6182,4726089.8992,4180387.5083,851770.8202,4726088.3344,15.8203,1.000000
DIAG:134,0,7.663006,2.143545,2.211914,0,0,4.801093,1,4180386.2937,851770.7079,4726090.6726,4180386.7781,851770.6714,4726089.0026,8.0938,1.000000
DIAG:135,0,10.778188,4.186418,2.529947,0,0,4.781760,1,4180385.5845,851770.1688,4726091.2901,4180386.0480,851770.5226,4726089.6707,10.3430,1.000000
DIAG:136,0,10.271117,3.423064,2.825191,0,0,4.762915,1,4180385.0190,851770.2575,4726092.1468,4180385.3179,851770.3739,4726090.3389,10.6654,1.000000
DIAG:137,0,20.480816,4.579584,3.098471,0,0,4.744545,1,4180384.1824,851769.9609,4726092.2715,4180384.5877,851770.2251,4726091.0070,18.7383,1.000000
DIAG:138,0,8.094081,2.356894,3.129420,0,0,4.726640,1,4180383.2623,851769.9893,4726092.9082,4180383.8576,851770.0763,4726091.6751,7.8565,1.216988
DIAG:139,0,20.152600,6.318572,3.617689,0,0,4.709189,1,4180382.3011,851770.0492,4726093.0893,4180383.1275,851769.9276,4726092.3433,19.1869,1.402510
DIAG:140,0,7.800300,2.152946,3.664425,0,0,4.692184,1,4180381.8068,851769.8143,4726093.8679,4180382.3973,851769.7788,4726093.0114,7.3391,8.721794
DIAG:141,0,12.547919,2.040670,3.568129,0,0,4.675612,1,4180381.2105,851769.6864,4726094.9153,4180381.6672,851769.6300,4726093.6796,13.2269,7.982782
DIAG:142,0,8.085556,0.723987,3.428537,0,0,4.659466,1,4180380.5007,851769.4549,4726095.3947,4180380.9370,851769.4813,4726094.3477,6.8178,8.216796
DIAG:143,0,11.587925,2.978368,3.090405,0,0,4.643735,1,4180379.5363,851769.1601,4726096.3478,4180380.2069,851769.3325,4726095.0158,12.6781,5.711553
DIAG:144,0,27.307118,9.397117,3.815762,0,0,4.628410,1,4180378.9733,851769.2349,4726097.7942,4180379.4768,851769.1837,4726095.6840,28.4528,1.873025
DIAG:145,0,16.030684,3.156280,3.712748,0,0,4.613482,1,4180378.3821,851769.1486,4726098.0705,4180378.7466,851769.0349,4726096.3521,13.8530,16.312718
DIAG:146,0,11.481572,4.732495,3.843691,0,0,4.598941,1,4180377.6207,851769.3570,4726098.8803,4180378.0165,851768.8862,4726097.0202,12.2503,19.334037
DIAG:147,0,20.890730,4.281330,3.813866,0,0,4.584780,1,4180376.8828,851769.2270,4726099.0004,4180377.2864,851768.7374,4726097.6884,19.0326,19.952300
DIAG:148,0,24.085193,7.479253,4.326102,0,0,4.570989,1,4180376.0255,851768.8171,4726099.0634,4180376.5562,851768.5886,4726098.3565,22.7458,20.373980
DIAG:149,0,6.833287,1.623508,3.856595,0,0,4.557561,1,4180375.4512,851768.8123,4726099.6913,4180375.8261,851768.4399,4726099.0247,6.4194,31.384056
DIAG:150,1,704.809143,19200.382925,1923.679593,1,1,4.544486,1,4180392.2330,851785.8917,4726100.4938,4180375.0960,851768.2911,4726099.6928,704.8009,23.806981
DIAG:151,1,690.418661,18419.222412,3765.397767,1,1,4.531756,1,4180408.7416,851803.0765,4726101.6002,4180374.3658,851768.1423,4726100.3609,715.4066,10653.514250
DIAG:152,1,658.624592,16765.668406,5441.892209,1,1,4.519365,1,4180424.8578,851819.6317,4726102.0368,4180373.6357,851767.9936,4726101.0291,708.4327,20910.205083
DIAG:153,1,633.233575,15500.323275,6991.626700,1,1,4.507303,1,4180440.4454,851835.9822,4726102.8652,4180372.9055,851767.8448,4726101.6972,707.1827,30301.487197
DIAG:154,1,615.582235,14648.548757,8455.541864,1,1,4.495564,1,4180455.8099,851852.1802,4726103.7109,4180372.1754,851767.6960,4726102.3653,713.1091,39032.368030
DIAG:155,1,585.669268,13260.699704,9781.296206,1,1,4.484139,1,4180470.8446,851867.7234,4726104.3941,4180371.4453,851767.5473,4726103.0335,706.4896,47316.657711
DIAG:156,1,556.882422,11989.446341,10979.767591,1,1,4.473023,1,4180485.3875,851882.8061,4726105.1488,4180370.7151,851767.3985,4726103.7016,700.2955,54871.715865
DIAG:157,1,538.881506,11224.018226,12101.741281,1,1,4.462206,1,4180499.6767,851897.6938,4726106.1365,4180369.9850,851767.2497,4726104.3698,704.1872,61748.676345
DIAG:158,1,524.211629,10624.614119,13163.454767,1,1,4.451683,1,4180513.7253,851912.5416,4726106.7852,4180369.2549,851767.1010,4726105.0379,711.0880,68218.729217
DIAG:159,1,506.251303,9898.591471,14153.151564,1,1,4.441447,1,4180527.7633,851926.9261,4726106.9611,4180368.5247,851766.9522,4726105.7060,714.3376,74371.429020
DIAG:160,1,481.972935,8969.353654,13130.048637,1,1,4.431490,1,4180541.4416,851940.8817,4726107.0902,4180367.7946,851766.8034,4726106.3742,711.0424,80154.466875
DIAG:161,1,458.549911,8125.042061,12100.630601,1,1,4.421806,1,4180554.6177,851954.5923,4726107.4113,4180367.0644,851766.6547,4726107.0423,708.1754,74530.477352
DIAG:162,1,437.516420,7396.383541,11163.702115,1,1,4.412389,1,4180567.3637,851968.0674,4726108.4668,4180366.3343,851766.5059,4726107.7104,707.0477,68833.889382
DIAG:163,1,426.564382,7032.931641,10316.962952,1,1,4.403233,1,4180580.1065,851981.3596,4726109.4389,4180365.6042,851766.3571,4726108.3786,715.5508,63638.420171
DIAG:164,1,387.493856,5806.298936,9432.737970,1,1,4.394330,1,4180591.9211,851994.0189,4726110.1568,4180364.8740,851766.2083,4726109.0467,695.7831,58932.733790
DIAG:165,1,374.128359,5411.046111,8647.772610,1,1,4.385675,1,4180603.4167,852006.6481,4726111.0621,4180364.1439,851766.0596,4726109.7148,700.4881,53988.185722
DIAG:166,1,358.818142,4975.591882,7946.387164,1,1,4.377263,1,4180614.9649,852018.7924,4726111.4776,4180363.4138,851765.9108,4726110.3830,703.0851,49591.903977
DIAG:167,1,344.949397,4601.549338,7284.140276,1,1,4.369087,1,4180626.3629,852030.7152,4726112.1450,4180362.6836,851765.7620,4726111.0511,706.9005,45657.198489
DIAG:168,1,325.651452,4100.606017,6631.739465,1,1,4.361141,1,4180637.3077,852042.4309,4726112.7250,4180361.9535,851765.6133,4726111.7192,704.8900,41926.894192
DIAG:169,1,315.885458,3851.678277,6027.048146,1,1,4.353420,1,4180648.3146,852053.8542,4726113.0063,4180361.2233,851765.4645,4726112.3874,711.7324,38239.773367
DIAG:170,1,289.567933,3241.926294,5454.305410,1,1,4.345918,1,4180658.6310,852064.9608,4726113.5549,4180360.4932,851765.3157,4726113.0555,702.2900,34810.916974
DIAG:171,1,282.908351,3095.400472,4951.341251,1,1,4.338631,1,4180669.0069,852075.9223,4726114.2367,4180359.7631,851765.1670,4726113.7236,711.6193,31548.645286
DIAG:172,1,252.396424,2462.980554,4458.000952,1,1,4.331552,1,4180678.7405,852086.2679,4726115.0637,4180359.0329,851765.0182,4726114.3918,696.9488,28682.093489
DIAG:173,1,247.863709,2376.019116,3992.309700,1,1,4.324677,1,4180688.3188,852096.7435,4726115.7135,4180358.3028,851764.8694,4726115.0599,707.3565,25861.117539
DIAG:174,1,231.422073,2071.264289,3618.806235,1,1,4.318000,1,4180697.9071,852106.6119,4726116.3621,4180357.5726,851764.7207,4726115.7281,705.8370,23191.669077
DIAG:175,1,207.139607,1658.739656,3243.575589,1,1,4.311517,1,4180706.6415,852116.3412,4726117.1841,4180356.8425,851764.5719,4726116.3962,695.9929,21051.693122
DIAG:176,1,198.161650,1518.718494,2897.888251,1,1,4.305223,1,4180715.4829,852125.7102,4726117.8333,4180356.1124,851764.4231,4726117.0643,700.9575,18893.654964
DIAG:177,1,188.208024,1369.007954,2574.634112,1,1,4.299113,1,4180724.2373,852134.8397,4726118.6690,4180355.3822,851764.2744,4726117.7325,704.5181,16899.701826
DIAG:178,1,176.277977,1195.373918,2284.110902,1,1,4.293182,1,4180732.4490,852144.0564,4726118.9646,4180354.6521,851764.1256,4726118.4006,705.4363,15033.093784
DIAG:179,1,166.503407,1069.087861,2005.851861,1,1,4.287427,1,4180740.5619,852153.0631,4726119.3700,4180353.9219,851763.9768,4726119.0687,709.0157,13355.302064
DIAG:180,1,146.234007,824.501424,1764.109374,1,1,4.281841,1,4180748.2951,852161.6095,4726119.8011,4180353.1918,851763.8280,4726119.7369,701.6168,11738.526984
DIAG:181,1,133.001025,682.567890,1522.826116,1,1,4.276422,1,4180755.8862,852169.7890,4726120.2828,4180352.4617,851763.6793,4726120.4050,700.7203,10334.957519
DIAG:182,1,121.385906,562.290596,1332.757120,1,1,4.271165,1,4180763.2712,852177.6851,4726121.3730,4180351.7315,851763.5305,4726121.0731,700.2084,8930.059445
DIAG:183,1,117.865303,531.372262,1148.292434,1,1,4.266066,1,4180770.4797,852185.6943,4726121.6879,4180351.0014,851763.3817,4726121.7413,708.3273,7825.955993
DIAG:184,1,102.360995,404.678531,981.633859,1,1,4.261120,1,4180777.6666,852193.0944,4726122.2492,4180350.2712,851763.2330,4726122.4094,704.6529,6751.387536
DIAG:185,1,95.973726,345.280983,850.287991,1,1,4.256325,1,4180784.6430,852200.3998,4726122.4296,4180349.5411,851763.0842,4726123.0775,707.7636,5775.980736
DIAG:186,1,80.383962,248.758255,723.291967,1,1,4.251675,1,4180791.1950,852207.5472,4726123.2672,4180348.8110,851762.9354,4726123.7457,704.6214,5012.532675
DIAG:187,1,67.716212,177.332737,604.124446,1,1,4.247167,1,4180797.4540,852214.4527,4726123.9746,4180348.0808,851762.7867,4726124.4138,702.5271,4267.570859
DIAG:188,1,56.781876,122.927921,496.879846,1,1,4.242798,1,4180803.3885,852221.1812,4726124.4553,4180347.3507,851762.6379,4726125.0819,700.9692,3565.971951
DIAG:189,1,54.002769,112.772264,401.248286,1,1,4.238563,1,4180809.4708,852227.7008,4726125.1045,4180346.6205,851762.4891,4726125.7501,708.2693,2931.265420
DIAG:190,1,34.958702,47.000038,323.498148,1,1,4.234460,1,4180814.8567,852234.0137,4726125.7011,4180345.8904,851762.3404,4726126.4182,698.2427,2364.997329
DIAG:191,1,31.442071,34.124828,258.653841,1,1,4.230484,1,4180820.2916,852240.0541,4726126.0747,4180345.1603,851762.1916,4726127.0863,702.0808,1904.222465
DIAG:192,1,29.275641,31.741395,205.598921,1,1,4.226633,1,4180825.7130,852246.0960,4726126.9199,4180344.4301,851762.0428,4726127.7545,710.0829,1522.090681
DIAG:193,1,23.569341,18.944097,154.356105,1,1,4.222903,1,4180830.8183,852252.1138,4726127.8250,4180343.7000,851761.8940,4726128.4226,711.3022,1204.169050
DIAG:194,1,16.316551,3.165922,114.204844,0,1,4.219291,1,4180835.6591,852257.6224,4726128.1039,4180342.9698,851761.7453,4726129.0907,703.4569,898.099736
DIAG:195,1,13.894499,2.060594,79.882805,0,1,4.215794,1,4180840.4549,852263.0875,4726129.1165,4180342.2397,851761.5965,4726129.7589,709.3278,663.506270
DIAG:196,1,17.032076,11.188642,56.125844,0,1,4.212408,1,4180845.0151,852267.9398,4726129.7614,4180341.5095,851761.4477,4726130.4270,699.3223,456.036379
DIAG:197,1,17.681902,6.887390,39.081309,0,1,4.209131,1,4180849.6949,852272.9417,4726130.7663,4180340.7794,851761.2990,4726131.0951,712.5549,313.928750
DIAG:198,1,15.257489,7.852780,27.573795,0,1,4.205960,1,4180854.0953,852277.9996,4726131.5971,4180340.0493,851761.1502,4726131.7632,715.5788,215.455022
DIAG:199,1,39.737338,42.225434,20.519112,1,1,4.202891,1,4180858.0581,852282.6824,4726132.9107,4180339.3191,851761.0014,4726132.4314,706.8003,146.453851
DIAG:200,1,49.694309,83.318969,24.151005,1,1,4.199923,1,4180861.8721,852286.7993,4726134.1076,4180338.5890,851760.8527,4726133.0995,699.0462,115.619807
DIAG:201,1,44.242115,74.257555,28.164278,1,1,4.197051,1,4180865.6745,852290.9623,4726134.6175,4180337.8588,851760.7039,4726133.7676,706.3715,144.582362
DIAG:202,1,52.095262,104.969465,35.487085,1,1,4.194275,1,4180868.9748,852295.1851,4726135.3126,4180337.1287,851760.5551,4726134.4358,704.1967,167.125368
DIAG:203,1,58.653755,132.302458,46.822921,1,1,4.191590,1,4180872.2681,852299.0478,4726135.8655,4180336.3986,851760.4064,4726135.1039,703.3861,210.284260
DIAG:204,1,59.008015,129.780679,59.484396,1,1,4.188995,1,4180875.6894,852302.7891,4726136.8680,4180335.6684,851760.2576,4726135.7720,710.3829,277.340092
DIAG:205,1,71.355466,195.932847,78.871622,1,1,4.186486,1,4180878.6219,852306.3006,4726137.4036,4180334.9383,851760.1088,4726136.4402,701.9974,352.156314
DIAG:206,1,73.918986,208.869092,98.639667,1,1,4.184063,1,4180881.4505,852309.7461,4726138.3174,4180334.2081,851759.9600,4726137.1083,704.9575,466.142022
DIAG:207,1,77.147459,226.362178,120.587146,1,1,4.181721,1,4180884.4261,852312.8672,4726139.2899,4180333.4780,851759.8113,4726137.7764,707.7550,586.650947
DIAG:208,1,75.216023,218.541863,141.656054,1,1,4.179459,1,4180887.0603,852316.2919,4726139.8992,4180332.7478,851759.6625,4726138.4446,713.0810,718.100274
DIAG:209,1,86.262904,287.188054,166.152316,1,1,4.177274,1,4180889.3905,852319.4266,4726140.7054,4180332.0177,851759.5137,4726139.1127,706.9887,844.690356
DIAG:210,1,91.845032,326.298757,190.450295,1,1,4.175165,1,4180891.6467,852322.2854,4726141.3878,4180331.2876,851759.3650,4726139.7808,705.5670,981.583394
DIAG:211,1,100.788205,387.526627,221.777202,1,1,4.173129,1,4180893.8940,852324.7107,4726141.7385,4180330.5574,851759.2162,4726140.4489,702.2837,1121.014052
DIAG:212,1,97.461237,366.187738,247.899029,1,1,4.171165,1,4180895.9585,852327.3423,4726142.2595,4180329.8273,851759.0674,4726141.1171,708.2417,1312.635542
DIAG:213,1,104.229709,419.715611,276.640345,1,1,4.169269,1,4180897.5829,852330.0250,4726142.8336,4180329.0971,851758.9187,4726141.7852,705.7246,1471.404966
DIAG:214,1,104.683838,420.854306,305.747707,1,1,4.167440,1,4180899.2064,852332.6155,4726143.7618,4180328.3670,851758.7699,4726142.4533,709.1961,1645.192714
DIAG:215,1,102.898134,409.012909,327.055713,1,1,4.165676,1,4180901.0607,852334.9404,4726144.5491,4180327.6368,851758.6211,4726143.1215,713.7505,1820.348329
DIAG:216,1,116.263350,522.741160,358.442920,1,1,4.163975,1,4180902.4423,852336.9994,4726145.2823,4180326.9067,851758.4723,4726143.7896,703.7894,1949.401111
DIAG:217,1,112.595295,486.516479,384.458350,1,1,4.162336,1,4180903.9760,852339.0146,4726145.6790,4180326.1766,851758.3236,4726144.4577,711.0979,2138.231482
DIAG:218,1,122.310969,578.387021,420.442866,1,1,4.160756,1,4180905.1792,852340.7728,4726146.2793,4180325.4464,851758.1748,4726145.1259,703.7969,2296.177377
DIAG:219,1,131.919136,668.031823,458.527243,1,1,4.159233,1,4180906.2228,852342.1652,4726146.6318,4180324.7163,851758.0260,4726145.7940,697.6854,2514.420994
DIAG:220,1,122.952180,584.054936,484.302861,1,1,4.157767,1,4180907.3524,852343.7632,4726147.4295,4180323.9861,851757.8773,4726146.4621,708.1801,2748.192019
DIAG:221,1,134.761553,700.672254,515.617424,1,1,4.156355,1,4180907.9951,852345.1825,4726148.3011,4180323.2560,851757.7285,4726147.1302,699.0390,2905.397533
DIAG:222,1,140.252929,751.705414,554.169191,1,1,4.154995,1,4180908.5253,852346.3818,4726148.5445,4180322.5258,851757.5797,4726147.7984,696.5472,3093.567020
DIAG:223,1,126.033852,613.224836,573.520114,1,1,4.153686,1,4180909.4966,852347.6702,4726149.0625,4180321.7957,851757.4310,4726148.4665,711.5337,3332.594539
DIAG:224,1,132.336533,675.373287,598.972012,1,1,4.152427,1,4180910.1780,852348.8374,4726149.9461,4180321.0655,851757.2822,4726149.1346,707.3757,3451.148784
DIAG:225,1,126.787892,621.622078,620.232929,1,1,4.151216,1,4180910.9324,852350.0774,4726150.6887,4180320.3354,851757.1334,4726149.8028,714.4836,3605.641758
DIAG:226,1,130.937898,659.844235,633.943236,1,1,4.150051,1,4180911.5184,852351.1994,4726151.6273,4180319.6053,851756.9846,4726150.4709,712.7741,3735.190885
DIAG:227,1,143.210538,793.334005,664.624989,1,1,4.148931,1,4180911.5655,852352.1432,4726152.2940,4180318.8751,851756.8359,4726151.1390,701.8781,3821.205950
DIAG:228,1,139.415766,751.747230,681.961010,1,1,4.147855,1,4180911.8648,852352.8929,4726152.9234,4180318.1450,851756.6871,4726151.8071,706.7916,4005.742353
DIAG:229,1,137.904311,735.637210,688.721549,1,1,4.146821,1,4180912.1300,852353.6314,4726153.6035,4180317.4148,851756.5383,4726152.4753,709.5602,4111.697639
DIAG:230,1,150.076972,869.091298,717.225185,1,1,4.145827,1,4180912.0398,852354.0332,4726154.0685,4180316.6847,851756.3896,4726153.1434,698.9113,4150.566923
DIAG:231,1,150.777956,876.830583,734.841018,1,1,4.144874,1,4180911.7488,852354.4792,4726154.5087,4180315.9545,851756.2408,4726153.8115,699.0445,4325.217800
DIAG:232,1,156.287082,943.989856,754.069462,1,1,4.143958,1,4180911.3809,852354.6020,4726155.0454,4180315.2244,851756.0920,4726154.4797,693.9167,4433.467148
DIAG:233,1,138.163393,736.521837,766.399162,1,1,4.143079,1,4180911.1440,852355.3549,4726155.9119,4180314.4942,851755.9433,4726155.1478,712.8616,4545.981070
DIAG:234,1,149.162958,857.232494,784.585083,1,1,4.142237,1,4180910.7947,852355.5715,4726156.3226,4180313.7641,851755.7945,4726155.8159,702.6509,4622.125662
DIAG:235,1,148.700903,855.304983,807.953373,1,1,4.141428,1,4180910.3726,852355.7377,4726156.9696,4180313.0339,851755.6457,4726156.4840,703.0829,4734.220310
DIAG:236,1,144.473874,806.371034,822.606053,1,1,4.140654,1,4180909.9068,852356.0293,4726157.7831,4180312.3038,851755.4969,4726157.1522,707.8580,4876.841536
DIAG:237,1,143.919874,800.130752,823.285728,1,1,4.139911,1,4180909.8074,852355.8839,4726158.6036,4180311.5737,851755.3482,4726157.8203,709.5204,4965.266566
DIAG:238,1,152.959027,904.603568,838.571362,1,1,4.139200,1,4180909.2375,852355.6241,4726159.1822,4180310.8435,851755.1994,4726158.4884,700.1248,4970.920777
DIAG:239,1,154.030847,897.162863,854.723927,1,1,4.138519,1,4180908.3881,852355.5726,4726160.4976,4180310.1134,851755.0506,4726159.1565,701.7591,5064.761174
DIAG:240,1,134.996734,701.700039,837.984801,1,1,4.137867,1,4180907.9798,852355.7742,4726161.4319,4180309.3832,851754.9019,4726159.8247,718.2595,5176.172328
DIAG:241,1,150.131803,871.873878,837.489130,1,1,4.137244,1,4180907.0185,852355.6694,4726162.1104,4180308.6531,851754.7531,4726160.4928,703.1305,5075.963564
DIAG:242,1,149.653194,853.007538,828.390899,1,1,4.136647,1,4180906.3426,852355.2550,4726162.2745,4180307.9229,851754.6043,4726161.1609,705.2694,5072.142149
DIAG:243,1,134.016496,694.635550,824.202270,1,1,4.136077,1,4180905.8981,852355.1673,4726163.0013,4180307.1928,851754.4556,4726161.8291,718.7764,5025.157285
DIAG:244,1,147.462172,835.806870,822.059707,1,1,4.135532,1,4180904.9533,852354.8504,4726163.3486,4180306.4626,851754.3068,4726162.4972,706.1292,4999.303266
DIAG:245,1,141.490712,774.238429,813.953052,1,1,4.135011,1,4180904.2039,852354.4761,4726163.9625,4180305.7325,851754.1580,4726163.1653,711.0905,4988.086307
DIAG:246,1,146.882342,834.534545,816.769403,1,1,4.134514,1,4180903.1608,852354.0106,4726164.6438,4180305.0023,851754.0092,4726163.8334,705.3525,4939.505669
DIAG:247,1,142.659563,787.199208,815.476249,1,1,4.134040,1,4180902.0690,852353.6718,4726165.3447,4180304.2722,851753.8605,4726164.5016,709.1050,4956.584829
DIAG:248,1,147.986445,843.424118,809.358304,1,1,4.133587,1,4180900.9812,852352.9724,4726166.2936,4180303.5420,851753.7117,4726165.1697,703.8366,4948.645457
DIAG:249,1,137.802907,723.482230,791.990240,1,1,4.133156,1,4180900.0851,852352.4951,4726166.4961,4180302.8119,851753.5629,4726165.8378,714.3694,4913.977604
DIAG:250,1,140.720658,765.991527,798.419389,1,1,4.132745,1,4180898.8609,852352.0208,4726167.1598,4180302.0817,851753.4142,4726166.5059,709.3992,4803.083132
DIAG:251,1,139.715004,753.539014,786.585903,1,1,4.132353,1,4180897.8742,852351.2576,4726168.0059,4180301.3516,851753.2654,4726167.1741,710.1374,4840.673010
DIAG:252,1,148.916468,857.125455,786.997695,1,1,4.131980,1,4180896.7160,852350.1156,4726168.5575,4180300.6215,851753.1166,4726167.8422,700.4025,4770.088452
DIAG:253,1,143.894113,798.239496,797.358089,1,1,4.131625,1,4180895.3883,852349.2520,4726168.9963,4180299.8913,851752.9679,4726168.5103,704.1093,4765.331852
DIAG:254,1,134.654458,699.791274,783.756530,1,1,4.131288,1,4180894.3365,852348.4371,4726169.8480,4180299.1612,851752.8191,4726169.1784,712.3731,4830.321432
DIAG:255,1,150.915516,880.160365,794.348723,1,1,4.130967,1,4180892.7464,852347.2538,4726170.3876,4180298.4310,851752.6703,4726169.8466,695.0460,4745.678405
DIAG:256,1,138.543602,741.820748,785.077344,1,1,4.130662,1,4180891.4216,852346.2785,4726171.1690,4180297.7009,851752.5215,4726170.5147,706.0209,4810.891688
DIAG:257,1,135.021090,705.157058,776.873129,1,1,4.130372,1,4180890.1251,852345.3228,4726171.8062,4180296.9707,851752.3728,4726171.1828,708.3713,4755.220380
DIAG:258,1,135.174820,698.390116,762.369728,1,1,4.130098,1,4180888.5299,852344.6012,4726172.8871,4180296.2406,851752.2240,4726171.8509,708.5668,4705.620840
DIAG:259,1,134.368808,696.512498,759.672755,1,1,4.129837,1,4180887.1180,852343.5794,4726173.3592,4180295.5104,851752.0752,4726172.5191,707.1213,4620.533084
DIAG:260,1,131.048417,662.273397,749.300942,1,1,4.129590,1,4180885.5472,852342.7701,4726173.8170,4180294.7803,851751.9265,4726173.1872,709.3197,4598.813811
DIAG:261,1,131.177496,665.611077,740.508148,1,1,4.129356,1,4180884.2525,852341.5713,4726174.4572,4180294.0501,851751.7777,4726173.8553,708.0797,4537.199646
DIAG:262,1,119.659475,553.238076,710.119410,1,1,4.129135,1,4180882.9033,852340.8630,4726175.0005,4180293.3200,851751.6289,4726174.5234,718.0836,4483.000855
DIAG:263,1,118.572419,540.209151,684.316376,1,1,4.128925,1,4180881.4356,852340.2557,4726175.9261,4180292.5898,851751.4801,4726175.1916,718.9745,4298.234163
DIAG:264,1,137.676315,717.859685,686.123217,1,1,4.128727,1,4180879.4310,852339.2363,4726177.1393,4180291.8597,851751.3314,4726175.8597,700.8104,4141.964156
DIAG:265,1,130.074195,640.289675,662.136148,1,1,4.128540,1,4180877.5877,852338.3025,4726177.2631,4180291.1295,851751.1826,4726176.5278,706.5741,4161.533117
DIAG:266,1,123.602856,589.408913,646.894965,1,1,4.128363,1,4180876.1997,852337.0479,4726178.0947,4180290.3994,851751.0338,4726177.1959,709.8368,4023.819993
DIAG:267,1,132.516243,672.607298,643.639989,1,1,4.128197,1,4180874.6760,852335.4500,4726178.3816,4180289.6692,851750.8851,4726177.8641,700.7622,3931.757073
DIAG:268,1,127.079588,624.674680,636.268445,1,1,4.128040,1,4180873.0355,852334.0606,4726179.0167,4180288.9391,851750.7363,4726178.5322,702.9198,3916.129183
DIAG:269,1,120.156377,557.582610,622.375456,1,1,4.127892,1,4180871.1600,852333.1496,4726179.5370,4180288.2089,851750.5875,4726179.2003,708.5707,3866.276686
DIAG:270,1,121.378561,565.802156,612.728332,1,1,4.127752,1,4180869.2747,852332.0992,4726180.4827,4180287.4788,851750.4388,4726179.8684,706.2706,3781.218230
DIAG:271,1,117.818088,536.414126,599.808637,1,1,4.127621,1,4180867.5060,852330.9704,4726181.2508,4180286.7486,851750.2900,4726180.5365,707.5623,3723.854083
DIAG:272,1,122.724322,581.989366,602.683766,1,1,4.127498,1,4180865.6675,852329.5795,4726182.0274,4180286.0185,851750.1412,4726181.2047,701.1853,3645.623755
DIAG:273,1,121.318985,567.611292,605.423980,1,1,4.127383,1,4180863.8436,852328.1537,4726182.8827,4180285.2883,851749.9924,4726181.8728,701.0819,3663.224785
DIAG:274,1,111.487355,478.685532,581.506565,1,1,4.127274,1,4180862.1443,852326.9831,4726183.3466,4180284.5582,851749.8437,4726182.5409,709.1849,3678.842024
DIAG:275,1,110.476171,471.644880,564.642085,1,1,4.127173,1,4180860.3240,852325.8817,4726184.1114,4180283.8280,851749.6949,4726183.2090,708.4979,3525.237925
DIAG:276,1,116.348621,523.459541,558.047148,1,1,4.127078,1,4180858.3938,852324.5138,4726184.8394,4180283.0979,851749.5461,4726183.8772,701.0085,3414.278321
DIAG:277,1,105.564094,426.518133,533.438232,1,1,4.126989,1,4180856.6290,852323.4386,4726185.2029,4180282.3677,851749.3974,4726184.5453,710.8557,3373.352517
DIAG:278,1,97.942283,368.809755,507.851739,1,1,4.126906,1,4180854.9829,852322.5055,4726186.0809,4180281.6376,851749.2486,4726185.2134,716.6680,3222.272317
DIAG:279,1,103.015127,405.045852,492.598063,1,1,4.126828,1,4180853.1928,852321.4143,4726186.4145,4180280.9074,851749.0998,4726185.8815,710.8959,3067.889652
DIAG:280,1,100.359233,381.374951,474.155343,1,1,4.126756,1,4180851.2992,852320.5124,4726186.6685,4180280.1773,851748.9510,4726186.5496,713.0627,2977.831679
DIAG:281,1,104.448844,420.718957,462.585826,1,1,4.126688,1,4180849.2828,852319.3874,4726187.1672,4180279.4471,851748.8023,4726187.2178,705.9880,2868.089062
DIAG:282,1,108.478346,446.958466,449.082736,1,1,4.126626,1,4180847.3683,852317.9214,4726188.2375,4180278.7170,851748.6535,4726187.8859,701.3553,2798.133066
DIAG:283,1,104.128874,409.548803,433.276487,1,1,4.126567,1,4180845.4439,852316.5981,4726188.4578,4180277.9868,851748.5047,4726188.5540,704.2073,2720.582494
DIAG:284,1,95.103115,349.118873,420.319821,1,1,4.126513,1,4180843.7541,852315.3196,4726189.2425,4180277.2567,851748.3560,4726189.2221,709.8203,2629.321867
DIAG:285,1,90.887921,315.423503,404.697683,1,1,4.126463,1,4180842.1999,852314.0669,4726189.6144,4180276.5265,851748.2072,4726189.8903,713.3539,2549.614952
DIAG:286,1,98.943191,373.425803,389.694310,1,1,4.126416,1,4180840.1972,852312.8015,4726190.5975,4180275.7964,851748.0584,4726190.5584,703.9494,2456.721927
DIAG:287,1,98.078251,372.037214,384.246218,1,1,4.126373,1,4180838.1651,852311.4790,4726191.2217,4180275.0662,851747.9096,4726191.2265,702.0058,2368.468662
DIAG:288,1,92.157949,328.251007,380.190343,1,1,4.126333,1,4180836.4513,852310.0464,4726191.9572,4180274.3361,851747.7609,4726191.8946,706.3078,2332.578388
DIAG:289,1,86.855411,291.785152,368.864273,1,1,4.126296,1,4180834.7552,852308.7618,4726192.5900,4180273.6059,851747.6121,4726192.5627,709.7508,2306.694262
DIAG:290,1,84.589641,272.220986,357.948876,1,1,4.126262,1,4180833.0285,852307.5824,4726193.5497,4180272.8758,851747.4633,4726193.2309,711.4614,2234.428237
DIAG:291,1,86.305224,287.936256,344.670606,1,1,4.126231,1,4180831.0144,852306.5122,4726194.1462,4180272.1456,851747.3146,4726193.8990,707.6933,2165.733176
DIAG:292,1,91.672598,320.512761,332.026036,1,1,4.126202,1,4180829.0020,852305.1388,4726194.4983,4180271.4155,851747.1658,4726194.5671,701.2357,2084.209913
DIAG:293,1,83.217774,253.358258,316.406981,1,1,4.126176,1,4180827.1602,852304.0456,4726194.6067,4180270.6853,851747.0170,4726195.2352,710.4241,2004.976285
DIAG:294,1,83.239913,267.866713,308.281765,1,1,4.126151,1,4180825.1568,852302.9099,4726195.1937,4180269.9552,851746.8682,4726195.9033,705.6825,1912.689886
DIAG:295,1,82.126870,260.906301,302.830045,1,1,4.126129,1,4180823.4985,852301.4177,4726195.8430,4180269.2250,851746.7195,4726196.5715,705.2557,1862.854302
DIAG:296,1,90.950597,318.062381,297.293703,1,1,4.126109,1,4180821.2647,852300.0138,4726196.6860,4180268.4949,851746.5707,4726197.2396,694.9668,1827.151693
DIAG:297,1,66.123085,169.130722,277.003054,1,1,4.126090,1,4180819.6978,852299.0401,4726197.3349,4180267.7647,851746.4219,4726197.9077,717.1738,1791.401956
DIAG:298,1,81.592010,247.525961,268.930549,1,1,4.126072,1,4180817.7810,852297.7236,4726197.5347,4180267.0346,851746.2732,4726198.5758,702.9043,1667.786874
DIAG:299,1,64.813609,160.631262,255.815160,1,1,4.126057,1,4180816.2547,852296.6801,4726197.9863,4180266.3044,851746.1244,4726199.2439,716.1188,1624.540580
DIAG_END
