HPM3 configured with mask 0
x4001
HPM4 configured with mask 0x8001
HPM5 configured with mask 0x2001
HPM6 configured with mask 0x2000
HPM7 configured with mask 0x10000
HPM8 configured with mask 0x0801
HPM9 configured with mask 0x8000
HPM10 configured with mask 0x0101
Start
Stop
DIAG_START
DIAG:1,0,6.634469,0.781788,0.781788,0,0,63.640557,1,4180485.0745,851792.5983,4726000.2679,4180483.8852,851790.4574,4726000.1391,6.4397
DIAG:2,0,9.601157,2.373613,1.577700,0,0,73.262077,1,4180488.3929,851789.3874,4726000.9095,4180483.1551,851790.3086,4726000.8072,9.0022
DIAG:3,0,11.464876,3.337728,2.164376,0,0,75.251973,1,4180483.9129,851787.2679,4726000.7340,4180482.4250,851790.1598,4726001.4754,5.5825
DIAG:4,0,8.754406,1.286600,1.944932,0,0,71.458623,1,4180483.0882,851789.0822,4726003.5040,4180481.6948,851790.0111,4726002.1435,5.6065
DIAG:5,0,20.774006,5.605935,2.677133,0,0,65.644287,1,4180486.9298,851791.2026,4725997.6220,4180480.9647,851789.8623,4726002.8117,19.9397
DIAG:6,0,7.861089,1.713298,2.516494,0,0,59.749003,1,4180484.8191,851789.3840,4725997.5570,4180480.2346,851789.7135,4726003.4798,6.1113
DIAG:7,0,12.585804,1.232956,2.333131,0,0,54.435752,1,4180485.2342,851788.8871,4725992.9441,4180479.5045,851789.5648,4726004.1480,20.6070
DIAG:8,0,5.104421,0.740997,2.134114,0,0,49.837005,1,4180483.5300,851788.3828,4725992.2444,4180478.7744,851789.4160,4726004.8161,11.9357
DIAG:9,0,17.233268,4.561716,2.403848,0,0,45.907336,1,4180480.0995,851787.4480,4725995.2514,4180478.0442,851789.2672,4726005.4843,5.5713
DIAG:10,0,30.172950,7.721941,2.935657,0,0,42.555987,1,4180478.1140,851787.7714,4726002.6870,4180477.3141,851789.1185,4726006.1525,18.4893
DIAG:11,0,5.423974,0.882670,2.945745,0,0,39.691521,1,4180475.9151,851786.7555,4726003.3879,4180476.5840,851788.9697,4726006.8206,6.2063
DIAG:12,0,19.182948,3.997974,3.108182,0,0,37.234593,1,4180476.5593,851786.0772,4726008.0304,4180475.8539,851788.8209,4726007.4888,15.7540
DIAG:13,0,7.533164,1.778805,2.952289,0,0,35.119808,1,4180473.9200,851785.1136,4726008.5896,4180475.1237,851788.6722,4726008.1569,8.3497
DIAG:14,0,4.886920,0.399019,2.863531,0,0,33.294196,1,4180472.1949,851784.8155,4726010.2232,4180474.3936,851788.5234,4726008.8251,6.9681
DIAG:15,0,8.882345,2.109941,2.513932,0,0,31.714948,1,4180472.4769,851785.3934,4726010.2391,4180473.6635,851788.3746,4726009.4932,4.5801
DIAG:16,0,10.208621,3.163439,2.658946,0,0,30.347273,1,4180473.2795,851786.1749,4726010.4345,4180472.9334,851788.2259,4726010.1614,7.3991
DIAG:17,0,6.390402,1.307672,2.666417,0,0,29.162617,1,4180473.7054,851785.4328,4726011.4281,4180472.2032,851788.0771,4726010.8295,7.7389
DIAG:18,0,7.222075,0.702961,2.662614,0,0,28.137250,1,4180473.3860,851785.7025,4726011.0787,4180471.4731,851787.9283,4726011.4977,6.6248
DIAG:19,0,5.579683,0.271691,2.233611,0,0,27.251173,1,4180472.6940,851785.3882,4726010.8348,4180470.7430,851787.7796,4726012.1658,6.7696
DIAG:20,0,12.216253,4.568352,1.918252,0,0,26.487297,1,4180470.6434,851786.9132,4726010.7876,4180470.0129,851787.6308,4726012.8340,9.9441
DIAG:21,0,5.805524,1.124641,1.942449,0,0,25.830822,1,4180470.8609,851787.3333,4726011.2894,4180469.2828,851787.4820,4726013.5021,6.6158
DIAG:22,0,4.242328,0.277155,1.570368,0,0,25.268773,1,4180470.5003,851787.5741,4726012.4199,4180468.5526,851787.3333,4726014.1703,3.8372
DIAG:23,0,13.956780,3.673698,1.759857,0,0,24.789667,1,4180468.1729,851787.5704,4726014.6492,4180467.8225,851787.1845,4726014.8384,11.2866
DIAG:24,0,15.830252,2.795335,1.999488,0,0,24.383269,1,4180467.7589,851788.3996,4726017.5897,4180467.0924,851787.0357,4726015.5066,15.9008
DIAG:25,0,19.344725,5.035448,2.292039,0,0,24.040413,1,4180467.2452,851790.0128,4726015.9431,4180466.3623,851786.8870,4726016.1747,18.1873
DIAG:26,0,18.305605,9.555725,2.931268,0,0,23.752877,1,4180466.1133,851787.2839,4726017.8420,4180465.6321,851786.7382,4726016.8429,15.1032
DIAG:27,0,9.152512,2.260845,3.026585,0,0,23.513285,1,4180465.3321,851788.6542,4726017.9556,4180464.9020,851786.5895,4726017.5110,9.2151
DIAG:28,0,17.919005,6.002670,3.556556,0,0,23.315038,1,4180462.6270,851789.4845,4726016.7624,4180464.1719,851786.4407,4726018.1792,17.9847
DIAG:29,0,9.934607,1.832995,3.712686,0,0,23.152247,1,4180460.8205,851788.8724,4726018.4331,4180463.4418,851786.2919,4726018.8473,8.9646
DIAG:30,0,18.504388,3.106708,3.566522,0,0,23.019684,1,4180459.8334,851788.6119,4726016.6084,4180462.7116,851786.1432,4726019.5155,19.0014
DIAG:31,0,12.949896,5.221172,3.976175,0,0,22.912730,1,4180460.9316,851788.1141,4726017.6917,4180461.9815,851785.9944,4726020.1836,8.7398
DIAG:32,0,6.322307,0.820869,4.030546,0,0,22.827326,1,4180460.8338,851787.8501,4726018.8575,4180461.2514,851785.8456,4726020.8518,3.6444
DIAG:33,0,8.144470,1.204794,3.783656,0,0,22.759925,1,4180459.3085,851787.3298,4726020.3086,4180460.5213,851785.6969,4726021.5199,6.4029
DIAG:34,0,7.258078,1.668537,3.670976,0,0,22.707448,1,4180459.6535,851786.8309,4726021.2433,4180459.7911,851785.5481,4726022.1881,5.3305
DIAG:35,0,3.844845,0.273371,3.194768,0,0,22.667235,1,4180459.2604,851786.9887,4726022.3122,4180459.0610,851785.3993,4726022.8563,3.9109
DIAG:36,0,12.566303,1.891302,2.428326,0,0,22.637007,1,4180458.2977,851786.1329,4726024.5649,4180458.3309,851785.2506,4726023.5244,11.5898
DIAG:37,0,33.641414,10.066537,3.208895,0,0,22.614819,1,4180457.8518,851785.8244,4726029.8118,4180457.6008,851785.1018,4726024.1926,34.8091
DIAG:38,0,7.099969,1.191072,2.727736,0,0,22.599026,1,4180457.9095,851786.2887,4726030.3293,4180456.8706,851784.9530,4726024.8607,6.3251
DIAG:39,0,10.153464,2.347603,2.779196,0,0,22.588247,1,4180456.1645,851786.9519,4726030.5126,4180456.1405,851784.8043,4726025.5289,7.6685
DIAG:40,0,5.646319,0.490635,2.517589,0,0,22.581332,1,4180455.4792,851787.4326,4726032.1642,4180455.4104,851784.6555,4726026.1970,11.4033
DIAG:41,0,14.939915,2.206066,2.216079,0,0,22.577332,1,4180454.9593,851786.9273,4726035.1488,4180454.6803,851784.5067,4726026.8652,21.0143
DIAG:42,0,8.177528,2.222082,2.356200,0,0,22.575473,1,4180454.7198,851785.4973,4726036.1709,4180453.9501,851784.3580,4726027.5333,9.5360
DIAG:43,0,2.513700,0.078358,2.243556,0,0,22.575131,1,4180454.0470,851785.1461,4726037.0451,4180453.2200,851784.2092,4726028.2015,6.8664
DIAG:44,0,11.694548,3.299532,2.406656,0,0,22.575809,1,4180453.4379,851786.6064,4726037.2431,4180452.4899,851784.0604,4726028.8696,10.2989
DIAG:45,0,14.776879,2.177758,2.597095,0,0,22.577119,1,4180452.8270,851787.1449,4726036.4314,4180451.7598,851783.9117,4726029.5378,8.1920
DIAG:46,0,7.127352,1.177762,2.525741,0,0,22.578766,1,4180452.8886,851786.4979,4726038.0019,4180451.0296,851783.7629,4726030.2059,12.8807
DIAG:47,0,24.921431,6.480751,2.167162,0,0,22.580527,1,4180451.1755,851786.3213,4726035.8227,4180450.2995,851783.6141,4726030.8740,16.6706
DIAG:48,0,4.142391,0.580720,2.106127,0,0,22.582243,1,4180449.9177,851785.7727,4726036.5835,4180449.5694,851783.4654,4726031.5422,5.4163
DIAG:49,0,21.940446,7.698797,2.641246,0,0,22.583807,1,4180450.8988,851786.9076,4726034.9123,4180448.8393,851783.3166,4726032.2103,19.0029
DIAG:50,0,6.731736,1.457397,2.737922,0,0,22.585148,1,4180449.2353,851787.3799,4726035.7451,4180448.1091,851783.1678,4726032.8785,8.5298
DIAG:51,0,16.305913,4.050294,2.922345,0,0,22.586231,1,4180447.1008,851787.0822,4726034.5066,4180447.3790,851783.0191,4726033.5466,13.3829
DIAG:52,0,11.726325,4.371119,3.137249,0,0,22.587040,1,4180445.5627,851785.2021,4726034.5476,4180446.6489,851782.8703,4726034.2148,8.0408
DIAG:53,0,12.561206,5.307572,3.660170,0,0,22.587581,1,4180446.9286,851784.9627,4726034.8459,4180445.9187,851782.7215,4726034.8829,11.4499
DIAG:54,0,12.418398,5.184735,3.848691,0,0,22.587869,1,4180448.3395,851783.9720,4726035.1287,4180445.1886,851782.5728,4726035.5511,12.8610
DIAG:55,0,5.383994,0.832466,3.714161,0,0,22.587929,1,4180447.0164,851783.8666,4726035.2389,4180444.4585,851782.4240,4726036.2192,3.9698
DIAG:56,0,8.689049,1.379560,3.734341,0,0,22.587793,1,4180447.2874,851783.1199,4726036.5535,4180443.7284,851782.2752,4726036.8874,9.3048
DIAG:57,0,10.822764,1.840306,3.270297,0,0,22.587491,1,4180446.3292,851781.9271,4726035.8108,4180442.9982,851782.1265,4726037.5555,10.7046
DIAG:58,0,11.860402,4.643899,3.676615,0,0,22.587057,1,4180445.1233,851779.5507,4726036.4867,4180442.2681,851781.9777,4726038.2237,11.4552
DIAG:59,0,4.589864,0.675143,2.974249,0,0,22.586521,1,4180444.0651,851779.6207,4726037.0577,4180441.5380,851781.8289,4726038.8918,1.1191
DIAG:60,0,8.587720,0.687126,2.897222,0,0,22.585914,1,4180443.2768,851779.2586,4726038.5994,4180440.8079,851781.6802,4726039.5600,6.8845
DIAG:61,0,15.039481,6.194239,3.111616,0,0,22.585261,1,4180440.6919,851780.0879,4726038.0888,4180440.0777,851781.5314,4726040.2281,12.8019
DIAG:62,0,2.758876,0.170839,2.691588,0,0,22.584586,1,4180440.1986,851779.6033,4726038.2704,4180439.3476,851781.3826,4726040.8963,5.4100
DIAG:63,0,12.704328,3.881201,2.548951,0,0,22.583908,1,4180438.5356,851780.8044,4726037.6308,4180438.6175,851781.2339,4726041.5644,13.3402
DIAG:64,0,9.109511,1.629775,2.193455,0,0,22.583243,1,4180436.5966,851780.8726,4726038.8727,4180437.8873,851781.0851,4726042.2326,6.6435
DIAG:65,0,5.653473,0.878604,2.198069,0,0,22.582603,1,4180435.9211,851779.8573,4726038.8963,4180437.1572,851780.9363,4726042.9007,8.0685
DIAG:66,0,12.634630,2.695889,2.329702,0,0,22.582000,1,4180436.0414,851778.8701,4726040.6423,4180436.4271,851780.7876,4726043.5689,9.1719
DIAG:67,0,10.264907,1.554825,2.301154,0,0,22.581439,1,4180435.9359,851779.0301,4726039.9296,4180435.6970,851780.6388,4726044.2370,12.6446
DIAG:68,0,11.652008,3.518980,2.188662,0,0,22.580924,1,4180436.8447,851779.1683,4726041.1822,4180434.9668,851780.4900,4726044.9052,9.7373
DIAG:69,0,5.238603,0.886589,2.209807,0,0,22.580460,1,4180435.5321,851778.3202,4726041.8023,4180434.2367,851780.3413,4726045.5733,5.7171
DIAG:70,0,5.549683,0.376634,2.178757,0,0,22.580045,1,4180434.7880,851777.6441,4726042.9430,4180433.5066,851780.1925,4726046.2414,4.4757
DIAG:71,0,7.086395,1.541742,1.713508,0,0,22.579679,1,4180434.9004,851778.1910,4726043.7833,4180432.7764,851780.0437,4726046.9096,6.2172
DIAG:72,0,14.228536,3.086681,2.005092,0,0,22.579361,1,4180434.8343,851779.1204,4726045.9334,4180432.0463,851779.8950,4726047.5777,11.3868
DIAG:73,0,14.457860,4.757031,2.092675,0,0,22.579087,1,4180433.0257,851777.4814,4726047.8495,4180431.3162,851779.7462,4726048.2459,12.6783
DIAG:74,0,5.408754,0.319227,1.961620,0,0,22.578854,1,4180432.0828,851777.2956,4726049.2683,4180430.5861,851779.5974,4726048.9140,5.1953
DIAG:75,0,17.950831,3.211010,2.194861,0,0,22.578659,1,4180430.6949,851776.9010,4726052.3656,4180429.8559,851779.4487,4726049.5822,18.4076
DIAG:76,0,13.137822,4.603825,2.385654,0,0,22.578498,1,4180428.3433,851777.8574,4726054.2416,4180429.1258,851779.2999,4726050.2503,13.4963
DIAG:77,0,10.224895,3.526028,2.582775,0,0,22.578366,1,4180429.1926,851778.1862,4726055.3538,4180428.3957,851779.1511,4726050.9185,10.2797
DIAG:78,0,26.262211,6.830922,2.913969,0,0,22.578261,1,4180427.4750,851778.2685,4726052.9852,4180427.6655,851779.0024,4726051.5866,21.3964
DIAG:79,0,3.605845,0.279456,2.853256,0,0,22.578178,1,4180426.1708,851778.2719,4726053.4315,4180426.9354,851778.8536,4726052.2548,2.9981
DIAG:80,0,18.258577,3.999382,3.215530,0,0,22.578114,1,4180425.0132,851779.3321,4726051.9378,4180426.2053,851778.7048,4726052.9229,17.0009
DIAG:81,0,3.746165,0.422795,3.103636,0,0,22.578065,1,4180424.4641,851778.8564,4726052.7267,4180425.4752,851778.5561,4726053.5911,2.1216
DIAG:82,0,13.483153,3.807722,3.175740,0,0,22.578030,1,4180423.8412,851780.5139,4726052.0607,4180424.7450,851778.4073,4726054.2592,14.3726
DIAG:83,0,9.042318,2.738661,2.973903,0,0,22.578006,1,4180424.3810,851781.4913,4726052.7263,4180424.0149,851778.2585,4726054.9273,9.7508
DIAG:84,0,12.060804,3.959246,3.337905,0,0,22.577989,1,4180423.0416,851779.9517,4726052.4383,4180423.2848,851778.1098,4726055.5955,10.9615
DIAG:85,0,18.332931,9.826695,3.999473,0,0,22.577980,1,4180424.1600,851777.6804,4726053.9510,4180422.5546,851777.9610,4726056.2636,15.5002
DIAG:86,0,12.386565,4.411672,3.980258,0,0,22.577975,1,4180422.6284,851779.2690,4726055.2359,4180421.8245,851777.8122,4726056.9318,10.5388
DIAG:87,0,9.401117,2.645422,3.892197,0,0,22.577974,1,4180420.5739,851778.5087,4726056.3263,4180421.0944,851777.6635,4726057.5999,7.4451
DIAG:88,0,5.941998,1.139401,3.323045,0,0,22.577975,1,4180419.9764,851777.4118,4726056.7625,4180420.3642,851777.5147,4726058.2681,5.5099
DIAG:89,0,5.337265,0.497973,3.344897,0,0,22.577978,1,4180418.8473,851777.6944,4726057.9517,4180419.6341,851777.3659,4726058.9362,4.3223
DIAG:90,0,9.657463,1.191937,3.064152,0,0,22.577982,1,4180418.3816,851776.9695,4726059.7807,4180418.9040,851777.2172,4726059.6044,8.4696
DIAG:91,0,6.320881,0.841778,3.106051,0,0,22.577986,1,4180417.1872,851776.0813,4726059.9274,4180418.1739,851777.0684,4726060.2725,6.5580
DIAG:92,0,18.896702,3.165930,3.041872,0,0,22.577990,1,4180416.2584,851775.7417,4726058.1375,4180417.4437,851776.9196,4726060.9406,19.3250
DIAG:93,0,18.548983,5.146291,3.282635,0,0,22.577994,1,4180416.8714,851776.2718,4726060.7881,4180416.7136,851776.7709,4726061.6088,15.1238
DIAG:94,0,5.556915,0.848304,2.971540,0,0,22.577998,1,4180415.7828,851776.8585,4726061.8332,4180415.9835,851776.6221,4726062.2769,4.6745
DIAG:95,0,10.254784,2.811419,2.270013,0,0,22.578000,1,4180415.1090,851778.3163,4726061.8124,4180415.2533,851776.4733,4726062.9451,10.7012
DIAG:96,0,12.971500,4.549068,2.283752,0,0,22.578003,1,4180414.9228,851776.4306,4726063.3557,4180414.5232,851776.3246,4726063.6132,10.6743
DIAG:97,0,7.784807,1.242650,2.143475,0,0,22.578005,1,4180414.0097,851775.3476,4726063.3188,4180413.7931,851776.1758,4726064.2814,7.8109
DIAG:98,0,11.934126,4.645217,2.494057,0,0,22.578006,1,4180411.3535,851774.3162,4726064.3301,4180413.0629,851776.0270,4726064.9495,11.9090
DIAG:99,0,16.912907,7.015638,3.145823,0,0,22.578006,1,4180408.4192,851775.3138,4726066.3773,4180412.3328,851775.8783,4726065.6176,17.1990
DIAG:100,0,16.281427,3.497080,3.376338,0,0,22.578007,1,4180407.4190,851773.8972,4726065.2071,4180411.6027,851775.7295,4726066.2858,16.1936
DIAG:101,0,22.917933,4.799394,3.772099,0,0,22.578006,1,4180405.9993,851773.2695,4726068.8544,4180410.8725,851775.5807,4726066.9539,22.8976
DIAG:102,0,12.100974,2.279507,3.683457,0,0,22.578006,1,4180404.8130,851774.0621,4726071.0744,4180410.1424,851775.4320,4726067.6221,14.1528
DIAG:103,0,3.169708,0.115301,3.180358,0,0,22.578005,1,4180403.8694,851773.8550,4726072.4217,4180409.4123,851775.2832,4726068.2902,8.3217
DIAG:104,0,18.833931,4.807832,3.576311,0,0,22.578004,1,4180403.2434,851775.0285,4726075.6389,4180408.6821,851775.1344,4726068.9584,22.5303
DIAG:105,0,6.963798,1.605235,3.455692,0,0,22.578003,1,4180403.1841,851774.2062,4726076.6167,4180407.9520,851774.9857,4726069.6265,7.2169
DIAG:106,0,11.456000,2.491491,3.249935,0,0,22.578002,1,4180403.4332,851773.5138,4726076.5785,4180407.2219,851774.8369,4726070.2946,4.3131
DIAG:107,0,7.516674,1.349592,3.260629,0,0,22.578000,1,4180403.3769,851774.0073,4726078.2487,4180406.4917,851774.6881,4726070.9628,11.6875
DIAG:108,0,24.575473,6.190485,3.415156,0,0,22.577999,1,4180402.7480,851772.8130,4726076.1892,4180405.7616,851774.5394,4726071.6309,17.5778
DIAG:109,0,15.128177,5.798688,3.293461,0,0,22.577998,1,4180404.2250,851772.5182,4726075.8910,4180405.0315,851774.3906,4726072.2991,10.3183
DIAG:110,0,23.935215,10.647552,4.008508,0,0,22.577997,1,4180406.0352,851773.6331,4726079.1410,4180404.3014,851774.2418,4726072.9672,26.1569
DIAG:111,0,12.434405,1.800652,3.708634,0,0,22.577996,1,4180405.1923,851772.9979,4726078.5541,4180403.5712,851774.0931,4726073.6354,6.3355
DIAG:112,0,3.615469,0.412075,3.521890,0,0,22.577995,1,4180405.0686,851773.4118,4726079.2573,4180402.8411,851773.9443,4726074.3035,5.5561
DIAG:113,0,19.566698,6.585010,4.168861,0,0,22.577994,1,4180406.3142,851774.6186,4726077.9905,4180402.1110,851773.7955,4726074.9716,17.0621
DIAG:114,0,10.930701,1.318668,3.819945,0,0,22.577993,1,4180405.6788,851774.9979,4726077.3038,4180401.3808,851773.6468,4726075.6398,8.2672
DIAG:115,0,15.429229,3.477839,4.007205,0,0,22.577992,1,4180406.6897,851775.6029,4726079.6811,4180400.6507,851773.4980,4726076.3079,19.5883
DIAG:116,0,13.008180,5.304339,4.288490,0,0,22.577992,1,4180404.9051,851774.2515,4726080.9436,4180399.9206,851773.3492,4726076.9761,9.8268
DIAG:117,0,9.013810,2.138159,4.367347,0,0,22.577991,1,4180403.4757,851773.5085,4726081.0480,4180399.1904,851773.2004,4726077.6442,3.1846
DIAG:118,0,6.593535,0.710898,3.819388,0,0,22.577991,1,4180402.4455,851773.4712,4726081.0317,4180398.4603,851773.0517,4726078.3123,2.4272
DIAG:119,0,16.808508,7.520958,3.991615,0,0,22.577990,1,4180401.6496,851775.9172,4726082.8837,4180397.7302,851772.9029,4726078.9805,18.8137
DIAG:120,0,13.033885,3.815984,3.308458,0,0,22.577990,1,4180399.9518,851777.3195,4726082.4675,4180397.0000,851772.7541,4726079.6486,11.5619
DIAG:121,0,28.284445,13.556804,4.484074,1,1,22.577990,1,4180397.3897,851775.4383,4726080.0628,4180396.2699,851772.6054,4726080.3168,22.9295
DIAG:122,0,16.929755,4.919394,4.934805,0,1,22.577990,1,4180397.4462,851773.9513,4726078.6844,4180395.5398,851772.4566,4726080.9849,16.3766
DIAG:123,0,11.244921,1.851655,4.461470,0,1,22.577989,1,4180395.8730,851773.3904,4726077.7013,4180394.8096,851772.3078,4726081.6530,12.8646
DIAG:124,0,11.557245,1.591242,4.488727,0,1,22.577989,1,4180394.3706,851773.0462,4726079.3533,4180394.0795,851772.1591,4726082.3212,7.0492
DIAG:125,0,7.851749,1.240674,4.265011,0,0,22.577989,1,4180392.6101,851773.2297,4726080.4459,4180393.3493,851772.0103,4726082.9893,6.0565
DIAG:126,0,10.428214,1.693905,3.903967,0,0,22.577989,1,4180392.3206,851772.3865,4726079.6500,4180392.6192,851771.8615,4726083.6575,12.3593
DIAG:127,0,6.254590,1.175785,3.807730,0,0,22.577989,1,4180392.3794,851772.6259,4726079.6249,4180391.8891,851771.7128,4726084.3256,8.8084
DIAG:128,0,25.739905,6.495720,4.386212,0,1,22.577989,1,4180390.7868,851772.9292,4726083.2269,4180391.1589,851771.5640,4726084.9937,20.8131
DIAG:129,0,12.454954,4.639928,4.098109,0,0,22.577989,1,4180390.3306,851774.8514,4726084.3885,4180390.4288,851771.4152,4726085.6619,13.0817
DIAG:130,0,12.409391,1.490725,3.865583,0,0,22.577989,1,4180389.8381,851774.7128,4726086.5523,4180389.6987,851771.2665,4726086.3300,11.1987
DIAG:131,0,14.862812,3.634801,2.873383,0,0,22.577989,1,4180387.6519,851774.2501,4726088.8557,4180388.9685,851771.1177,4726086.9982,14.7379
DIAG:132,0,8.630715,1.782519,2.559695,0,0,22.577989,1,4180385.5627,851773.8813,4726090.3570,4180388.2384,851770.9689,4726087.6663,10.8769
DIAG:133,0,12.929197,5.402978,2.914828,0,0,22.577989,1,4180386.6083,851774.7290,4726090.7689,4180387.5083,851770.8202,4726088.3344,11.6162
DIAG:134,0,22.385144,10.018519,3.757555,0,0,22.577989,1,4180387.8249,851773.0355,4726089.3764,4180386.7781,851770.6714,4726089.0026,18.3555
DIAG:135,0,13.114866,2.304931,3.863981,0,0,22.577989,1,4180388.1884,851773.0965,4726088.4623,4180386.0480,851770.5226,4726089.6707,13.7063
DIAG:136,0,9.290519,1.075443,3.802135,0,0,22.577989,1,4180388.2126,851773.3131,4726090.1346,4180385.3179,851770.3739,4726090.3389,10.0450
DIAG:137,0,19.980526,6.496147,4.334171,0,0,22.577989,1,4180386.7540,851771.5362,4726088.5449,4180384.5877,851770.2251,4726091.0070,18.3201
DIAG:138,0,4.722073,0.595545,3.744154,0,0,22.577989,1,4180385.5530,851770.9344,4726088.6752,4180383.8576,851770.0763,4726091.6751,5.3711
DIAG:139,0,10.211874,1.832353,3.463396,0,0,22.577989,1,4180384.0749,851771.3691,4726088.0284,4180383.1275,851769.9276,4726092.3433,12.6838
DIAG:140,0,9.929996,3.256609,3.639985,0,0,22.577989,1,4180382.4976,851772.7208,4726088.1522,4180382.3973,851769.7788,4726093.0114,12.4255
DIAG:141,0,13.607956,2.027849,3.479289,0,0,22.577989,1,4180381.1005,851773.0884,4726086.7813,4180381.6672,851769.6300,4726093.6796,19.2337
DIAG:142,0,13.415198,6.064053,3.907443,0,0,22.577989,1,4180381.8310,851771.2639,4726086.8617,4180380.9370,851769.4813,4726094.3477,13.3628
DIAG:143,0,9.927090,3.331737,3.700319,0,0,22.577989,1,4180379.7788,851769.8846,4726087.1366,4180380.2069,851769.3325,4726095.0158,11.0279
DIAG:144,0,22.725938,5.252400,3.223707,0,0,22.577989,1,4180379.8772,851769.4418,4726090.2715,4180379.4768,851769.1837,4726095.6840,14.5515
DIAG:145,0,9.299507,2.084496,3.201663,0,0,22.577989,1,4180379.7613,851767.9694,4726091.4621,4180378.7466,851769.0349,4726096.3521,7.3804
DIAG:146,0,7.551055,0.953561,3.189475,0,0,22.577989,1,4180378.3222,851767.3843,4726092.7651,4180378.0165,851768.8862,4726097.0202,3.9678
DIAG:147,0,17.574734,3.181512,2.858011,0,0,22.577989,1,4180377.8436,851767.6532,4726091.0535,4180377.2864,851768.7374,4726097.6884,21.6244
DIAG:148,0,25.535058,5.835035,3.381961,0,0,22.577989,1,4180376.8619,851767.0877,4726094.7916,4180376.5562,851768.5886,4726098.3565,18.7187
DIAG:149,0,4.198982,0.274005,3.226126,0,0,22.577989,1,4180375.8255,851766.9704,4726095.8810,4180375.8261,851768.4399,4726099.0247,1.2778
DIAG:150,1,16.860140,7.146710,3.615136,0,0,22.577989,1,4180375.6938,851768.9813,4726095.2177,4180375.0960,851768.2911,4726099.6928,17.7582
DIAG:151,1,21.474864,5.306998,3.943051,0,0,22.577989,1,4180375.6034,851769.9562,4726093.0975,4180374.3658,851768.1423,4726100.3609,26.1177
DIAG:152,1,17.425585,8.854292,4.222075,0,0,22.577989,1,4180377.5032,851768.6856,4726092.4687,4180373.6357,851767.9936,4726101.0291,22.1540
DIAG:153,1,7.434150,1.186541,4.007555,0,0,22.577989,1,4180376.4867,851767.8065,4726092.0758,4180372.9055,851767.8448,4726101.6972,14.5770
DIAG:154,1,19.002277,4.872046,3.969520,0,0,22.577989,1,4180377.4926,851767.8108,4726094.5847,4180372.1754,851767.6960,4726102.3653,13.9487
DIAG:155,1,7.453084,1.823870,3.943457,0,0,22.577989,1,4180378.1629,851766.7339,4726095.1919,4180371.4453,851767.5473,4726103.0335,13.8024
DIAG:156,1,3.980985,0.370597,3.885161,0,0,22.577989,1,4180377.3964,851766.4951,4726095.9535,4180370.7151,851767.3985,4726103.7016,6.9677
DIAG:157,1,20.781471,4.462761,4.013285,0,0,22.577989,1,4180377.4852,851767.0636,4726093.7423,4180369.9850,851767.2497,4726104.3698,29.7899
DIAG:158,1,22.966599,4.727278,3.902510,0,0,22.577989,1,4180376.9745,851766.7540,4726097.0216,4180369.2549,851767.1010,4726105.0379,13.5531
DIAG:159,1,3.112885,0.271313,3.902240,0,0,22.577989,1,4180376.3217,851766.8523,4726097.6919,4180368.5247,851766.9522,4726105.7060,9.1159
DIAG:160,1,5.135657,0.892656,3.276835,0,0,22.577989,1,4180376.5559,851765.9165,4726098.1954,4180367.7946,851766.8034,4726106.3742,14.4504
DIAG:161,1,3.627818,0.423150,2.788450,0,0,22.577989,1,4180375.8339,851766.0884,4726098.5573,4180367.0644,851766.6547,4726107.0423,11.5097
DIAG:162,1,12.559251,2.096201,2.112641,0,0,22.577989,1,4180374.6904,851766.3319,4726097.5338,4180366.3343,851766.5059,4726107.7104,20.6520
DIAG:163,1,16.146871,3.489875,2.342975,0,0,22.577989,1,4180375.5239,851766.4549,4726095.9797,4180365.6042,851766.3571,4726108.3786,29.4650
DIAG:164,1,8.644652,2.116314,2.067401,0,0,22.577989,1,4180374.4365,851767.4270,4726096.7522,4180364.8740,851766.2083,4726109.0467,12.2239
DIAG:165,1,23.477141,8.431159,2.728130,0,0,22.577989,1,4180373.4680,851765.3323,4726099.6927,4180364.1439,851766.0596,4726109.7148,14.1580
DIAG:166,1,8.017053,2.147492,2.905820,0,0,22.577989,1,4180372.6833,851763.7115,4726100.0132,4180363.4138,851765.9108,4726110.3830,16.0196
DIAG:167,1,13.623607,3.117869,2.771331,0,0,22.577989,1,4180373.1555,851764.3917,4726098.9819,4180362.6836,851765.7620,4726111.0511,26.4847
DIAG:168,1,27.540919,8.164075,3.115010,0,0,22.577989,1,4180371.6416,851764.8809,4726102.8186,4180361.9535,851765.6133,4726111.7192,14.9928
DIAG:169,1,6.186224,1.268584,3.214738,0,0,22.577989,1,4180370.9068,851765.7633,4726103.2749,4180361.2233,851765.4645,4726112.3874,14.0952
DIAG:170,1,11.811886,1.778336,3.303306,0,0,22.577989,1,4180369.9716,851764.9578,4726102.4283,4180360.4932,851765.3157,4726113.0555,21.7029
DIAG:171,1,19.111425,5.409421,3.801933,0,0,22.577989,1,4180367.7537,851764.5928,4726105.1104,4180359.7631,851765.1670,4726113.7236,6.0702
DIAG:172,1,12.608231,3.055041,3.897817,0,0,22.577989,1,4180366.8776,851765.8790,4726107.0208,4180359.0329,851765.0182,4726114.3918,10.3348
DIAG:173,1,22.301686,4.500855,3.998915,0,0,22.577989,1,4180366.1881,851765.4761,4726110.6776,4180358.3028,851764.8694,4726115.0599,16.9590
DIAG:174,1,24.106820,7.016421,4.488925,0,1,22.577989,1,4180366.3894,851766.6828,4726114.5792,4180357.5726,851764.7207,4726115.7281,23.7837
DIAG:175,1,6.388347,1.259597,3.771769,0,0,22.577989,1,4180366.8455,851766.8195,4726115.4325,4180356.8425,851764.5719,4726116.3962,15.3945
DIAG:176,1,19.417596,5.994180,4.156438,0,0,22.577989,1,4180366.3017,851768.7568,4726114.3872,4180356.1124,851764.4231,4726117.0643,23.5049
DIAG:177,1,14.197405,6.366193,4.481270,0,1,22.577989,1,4180363.5551,851767.9761,4726114.7933,4180355.3822,851764.2744,4726117.7325,6.9850
DIAG:178,1,4.823636,0.685925,3.733455,0,0,22.577989,1,4180362.1175,851768.5136,4726115.9905,4180354.6521,851764.1256,4726118.4006,7.5385
DIAG:179,1,14.968571,2.189657,3.825563,0,0,22.577989,1,4180361.2563,851768.1801,4726118.8770,4180353.9219,851763.9768,4726119.0687,14.5510
DIAG:180,1,15.766376,5.581797,4.205909,0,0,22.577989,1,4180362.2708,851769.3599,4726118.5600,4180353.1918,851763.8280,4726119.7369,22.6853
DIAG:181,1,26.696206,9.386953,4.603662,0,1,22.577989,1,4180362.4194,851767.7456,4726116.3464,4180352.4617,851763.6793,4726120.4050,28.8507
DIAG:182,1,7.291870,1.374147,4.435572,0,1,22.577989,1,4180362.9103,851768.1011,4726117.6520,4180351.7315,851763.5305,4726121.0731,16.9785
DIAG:183,1,5.942261,1.189710,4.104458,0,0,22.577989,1,4180363.0074,851769.1094,4726118.3875,4180351.0014,851763.3817,4726121.7413,17.9452
DIAG:184,1,6.494668,0.754138,3.478230,0,0,22.577989,1,4180361.9553,851769.0187,4726119.8672,4180350.2712,851763.2330,4726122.4094,10.0458
DIAG:185,1,24.008108,8.641983,4.216468,0,0,22.577989,1,4180360.8240,851767.1173,4726123.4599,4180349.5411,851763.0842,4726123.0775,20.9095
DIAG:186,1,9.778351,3.195204,3.936571,0,0,22.577989,1,4180358.8608,851766.0485,4726124.3258,4180348.8110,851762.9354,4726123.7457,3.9045
DIAG:187,1,17.081799,2.833499,3.583301,0,0,22.577989,1,4180357.6450,851766.0947,4726127.5644,4180348.0808,851762.7867,4726124.4138,19.5517
DIAG:188,1,9.474984,1.836048,3.698314,0,0,22.577989,1,4180357.8198,851765.2139,4726127.8318,4180347.3507,851762.6379,4726125.0819,14.9260
DIAG:189,1,19.838907,4.508877,3.930236,0,0,22.577989,1,4180356.5501,851765.9812,4726126.4737,4180346.6205,851762.4891,4726125.7501,18.8404
DIAG:190,1,12.997406,5.577725,3.929828,0,0,22.577989,1,4180354.5094,851763.9809,4726127.1014,4180345.8904,851762.3404,4726126.4182,7.4807
DIAG:191,1,3.937422,0.495901,3.040723,0,0,22.577989,1,4180353.8239,851764.3507,4726128.1638,4180345.1603,851762.1916,4726127.0863,10.8659
DIAG:192,1,20.208046,5.063676,3.409676,0,0,22.577989,1,4180351.6907,851763.6876,4726126.6262,4180344.4301,851762.0428,4726127.7545,17.4269
DIAG:193,1,21.468002,5.632015,3.853907,0,0,22.577989,1,4180351.9269,851764.2117,4726124.7495,4180343.7000,851761.8940,4726128.4226,25.7085
DIAG:194,1,2.478640,0.152215,3.793714,0,0,22.577989,1,4180351.4532,851763.9965,4726125.1225,4180342.9698,851761.7453,4726129.0907,11.5948
DIAG:195,1,7.096897,0.936357,3.023152,0,0,22.577989,1,4180351.1111,851763.1356,4726124.9475,4180342.2397,851761.5965,4726129.7589,14.6294
DIAG:196,1,13.297199,2.391911,2.942822,0,0,22.577989,1,4180349.4897,851762.2954,4726123.8712,4180341.5095,851761.4477,4726130.4270,17.5252
DIAG:197,1,6.926856,1.516689,2.811142,0,0,22.577989,1,4180349.6231,851762.6747,4726123.9899,4180340.7794,851761.2990,4726131.0951,16.5842
DIAG:198,1,15.286171,7.872493,3.414786,0,0,22.577989,1,4180347.1223,851764.5505,4726124.5298,4180340.0493,851761.1502,4726131.7632,14.4123
DIAG:199,1,18.371034,3.087913,3.272690,0,0,22.577989,1,4180346.4871,851764.7566,4726127.3223,4180339.3191,851761.0014,4726132.4314,14.4978
DIAG:200,1,14.825166,6.965432,3.411460,0,0,22.577989,1,4180345.4006,851762.1810,4726127.3019,4180338.5890,851760.8527,4726133.0995,15.2221
DIAG:201,1,14.454134,2.011254,3.562996,0,0,22.577989,1,4180344.6179,851761.4615,4726129.6922,4180337.8588,851760.7039,4726133.7676,11.1226
DIAG:202,1,10.926335,1.276367,3.184265,0,0,22.577989,1,4180343.4621,851761.6185,4726128.9528,4180337.1287,851760.5551,4726134.4358,15.8203
DIAG:203,1,9.470441,1.638707,2.784934,0,0,22.577989,1,4180343.4630,851760.8402,4726130.4876,4180336.3986,851760.4064,4726135.1039,11.5386
DIAG:204,1,2.808632,0.218313,2.791544,0,0,22.577989,1,4180342.8405,851760.9113,4726131.2905,4180335.6684,851760.2576,4726135.7720,9.0690
DIAG:205,1,7.822456,2.070348,2.904943,0,0,22.577989,1,4180340.6309,851760.4158,4726131.9565,4180334.9383,851760.1088,4726136.4402,4.3562
DIAG:206,1,10.151982,2.305505,2.896302,0,0,22.577989,1,4180339.6865,851761.4674,4726133.4979,4180334.2081,851759.9600,4726137.1083,9.6883
DIAG:207,1,8.044403,1.537699,2.898403,0,0,22.577989,1,4180338.4697,851762.3944,4726133.5223,4180333.4780,851759.8113,4726137.7764,12.0994
DIAG:208,1,15.286922,3.455924,2.456746,0,0,22.577989,1,4180338.4831,851763.2587,4726132.4130,4180332.7478,851759.6625,4726138.4446,21.7854
DIAG:209,1,4.256868,0.440246,2.191980,0,0,22.577989,1,4180337.1961,851762.8469,4726132.5922,4180332.0177,851759.5137,4726139.1127,9.5035
DIAG:210,1,6.440922,1.313172,1.626754,0,0,22.577989,1,4180335.1966,851763.1049,4726133.3463,4180331.2876,851759.3650,4726139.7808,6.9464
DIAG:211,1,8.847659,1.285615,1.554190,0,0,22.577989,1,4180335.0440,851762.9873,4726134.8399,4180330.5574,851759.2162,4726140.4489,9.0390
DIAG:212,1,5.189020,0.273974,1.453950,0,0,22.577989,1,4180333.9308,851762.8613,4726134.7626,4180329.8273,851759.0674,4726141.1171,11.6857
DIAG:213,1,13.944302,2.868567,1.576936,0,0,22.577989,1,4180333.1818,851761.6401,4726136.9109,4180329.0971,851758.9187,4726141.7852,8.0800
DIAG:214,1,11.249983,3.577531,1.912858,0,0,22.577989,1,4180330.6669,851760.6533,4726138.2673,4180328.3670,851758.7699,4726142.4533,5.2445
DIAG:215,1,9.674528,1.504426,1.856266,0,0,22.577989,1,4180330.2733,851759.8042,4726140.0474,4180327.6368,851758.6211,4726143.1215,7.2411
DIAG:216,1,1.111953,0.033245,1.629040,0,0,22.577989,1,4180329.3169,851759.3673,4726140.9053,4180326.9067,851758.4723,4726143.7896,3.6089
DIAG:217,1,4.376847,0.422469,1.517517,0,0,22.577989,1,4180328.7831,851758.7567,4726141.2948,4180326.1766,851758.3236,4726144.4577,7.5641
DIAG:218,1,10.631533,3.733552,1.545280,0,0,22.577989,1,4180329.6143,851757.8361,4726142.3081,4180325.4464,851758.1748,4726145.1259,12.7120
DIAG:219,1,17.314325,2.875241,1.788779,0,0,22.577989,1,4180329.3656,851757.5287,4726140.8355,4180324.7163,851758.0260,4726145.7940,20.9938
DIAG:220,1,12.603766,5.342423,2.191704,0,0,22.577989,1,4180330.7042,851758.0852,4726141.6123,4180323.9861,851757.8773,4726146.4621,17.1078
DIAG:221,1,12.588306,3.735615,2.436704,0,0,22.577989,1,4180329.9816,851759.5408,4726141.1763,4180323.2560,851757.7285,4726147.1302,17.1959
DIAG:222,1,6.261530,1.307531,2.540060,0,0,22.577989,1,4180328.6065,851758.6707,4726141.6114,4180322.5258,851757.5797,4726147.7984,7.7106
DIAG:223,1,10.248660,3.373212,2.590525,0,0,22.577989,1,4180328.4900,851756.7673,4726142.5133,4180321.7957,851757.4310,4726148.4665,12.8476
DIAG:224,1,8.880290,2.320720,2.464844,0,0,22.577989,1,4180328.2545,851757.8286,4726142.5905,4180321.0655,851757.2822,4726149.1346,14.8520
DIAG:225,1,14.382814,6.313775,2.945778,0,0,22.577989,1,4180329.0570,851759.6311,4726142.4327,4180320.3354,851757.1334,4726149.8028,22.2821
DIAG:226,1,14.030176,2.340361,3.176490,0,0,22.577989,1,4180328.1099,851760.3239,4726144.6527,4180319.6053,851756.9846,4726150.4709,10.5333
DIAG:227,1,16.657462,2.857670,3.420010,0,0,22.577989,1,4180327.3986,851761.0666,4726143.1300,4180318.8751,851756.8359,4726151.1390,24.3798
DIAG:228,1,11.272170,1.411641,3.187819,0,0,22.577989,1,4180327.5137,851761.0668,4726145.0055,4180318.1450,851756.6871,4726151.8071,12.9323
DIAG:229,1,4.038058,0.147511,2.915046,0,0,22.577989,1,4180327.1154,851761.2392,4726145.0336,4180317.4148,851756.5383,4726152.4753,15.5234
DIAG:230,1,14.897297,7.171244,3.097928,0,0,22.577989,1,4180327.4787,851758.8633,4726146.0432,4180316.6847,851756.3896,4726153.1434,17.2744
DIAG:231,1,15.447827,5.271501,3.251517,0,0,22.577989,1,4180325.8763,851760.3371,4726145.2014,4180315.9545,851756.2408,4726153.8115,21.5372
DIAG:232,1,11.017817,1.383338,3.259097,0,0,22.577989,1,4180325.0150,851759.8600,4726147.0347,4180315.2244,851756.0920,4726154.4797,8.3251
DIAG:233,1,8.068598,2.202438,3.142020,0,0,22.577989,1,4180324.0304,851758.4560,4726147.5509,4180314.4942,851755.9433,4726155.1478,11.4093
DIAG:234,1,7.516831,1.030545,3.013002,0,0,22.577989,1,4180324.1199,851758.8245,4726147.3190,4180313.7641,851755.7945,4726155.8159,19.8004
DIAG:235,1,12.339340,5.122925,2.893917,0,0,22.577989,1,4180321.9183,851757.2889,4726147.9660,4180313.0339,851755.6457,4726156.4840,9.0059
DIAG:236,1,4.158168,0.364597,2.696341,0,0,22.577989,1,4180320.8333,851756.7222,4726148.0809,4180312.3038,851755.4969,4726157.1522,13.4051
DIAG:237,1,14.720142,3.184346,2.729009,0,0,22.577989,1,4180320.0911,851757.7320,4726150.2586,4180311.5737,851755.3482,4726157.8203,12.2621
DIAG:238,1,4.750155,0.721538,2.659998,0,0,22.577989,1,4180318.7859,851758.1549,4726150.6857,4180310.8435,851755.1994,4726158.4884,11.7575
DIAG:239,1,12.960871,2.723456,2.917593,0,0,22.577989,1,4180319.0961,851758.7403,4726152.7078,4180310.1134,851755.0506,4726159.1565,15.7078
DIAG:240,1,13.549184,4.112921,2.611761,0,0,22.577989,1,4180320.1590,851759.2591,4726154.6051,4180309.3832,851754.9019,4726159.8247,19.9659
DIAG:241,1,9.877648,2.793018,2.363912,0,0,22.577989,1,4180320.2883,851757.8195,4726154.7829,4180308.6531,851754.7531,4726160.4928,17.7095
DIAG:242,1,6.839880,1.581036,2.383682,0,0,22.577989,1,4180318.7347,851758.2152,4726155.4676,4180307.9229,851754.6043,4726161.1609,10.1986
DIAG:243,1,11.747042,4.482406,2.611679,0,0,22.577989,1,4180316.4202,851757.0823,4726155.8322,4180307.1928,851754.4556,4726161.8291,8.7550
DIAG:244,1,16.033237,2.960912,2.804715,0,0,22.577989,1,4180314.9594,851756.3149,4726154.5369,4180306.4626,851754.3068,4726162.4972,21.7382
DIAG:245,1,7.139968,1.601902,2.452613,0,0,22.577989,1,4180314.1073,851754.8537,4726154.8044,4180305.7325,851754.1580,4726163.1653,13.9696
DIAG:246,1,16.927445,2.931015,2.709255,0,0,22.577989,1,4180312.5894,851754.4252,4726157.5143,4180305.0023,851754.0092,4726163.8334,9.0639
DIAG:247,1,25.102932,5.691495,2.959970,0,0,22.577989,1,4180311.3322,851753.9508,4726154.9107,4180304.2722,851753.8605,4726164.5016,31.7469
DIAG:248,1,4.883144,0.806306,2.968447,0,0,22.577989,1,4180309.7222,851754.1146,4726155.3997,4180303.5420,851753.7117,4726165.1697,10.4382
DIAG:249,1,12.813309,2.202406,2.916342,0,0,22.577989,1,4180309.7376,851753.7771,4726157.3900,4180302.8119,851753.5629,4726165.8378,11.5259
DIAG:250,1,7.313783,1.801053,2.685155,0,0,22.577989,1,4180309.2189,851754.7256,4726157.8763,4180302.0817,851753.4142,4726166.5059,14.5220
DIAG:251,1,7.570144,1.210908,2.526944,0,0,22.577989,1,4180309.2650,851754.1633,4726157.7291,4180301.3516,851753.2654,4726167.1741,18.5093
DIAG:252,1,10.072414,2.515093,2.620350,0,0,22.577989,1,4180309.4629,851752.8275,4726157.4440,4180300.6215,851753.1166,4726167.8422,21.1153
DIAG:253,1,10.834525,2.395041,2.411613,0,0,22.577989,1,4180310.0257,851753.0238,4726158.9498,4180299.8913,851752.9679,4726168.5103,16.0718
DIAG:254,1,23.208798,4.892575,2.604779,0,0,22.577989,1,4180309.1745,851753.0127,4726162.5273,4180299.1612,851752.8191,4726169.1784,15.9824
DIAG:255,1,9.059176,2.778574,2.722447,0,0,22.577989,1,4180308.1494,851754.3292,4726163.2918,4180298.4310,851752.6703,4726169.8466,13.3134
DIAG:256,1,6.063928,1.238098,2.553155,0,0,22.577989,1,4180306.4718,851753.9656,4726164.1102,4180297.7009,851752.5215,4726170.5147,7.1512
DIAG:257,1,12.677038,4.988718,2.482877,0,0,22.577989,1,4180307.8517,851753.3119,4726165.4248,4180296.9707,851752.3728,4726171.1828,20.5208
DIAG:258,1,12.089359,4.834485,2.885695,0,0,22.577989,1,4180305.2796,851753.7647,4726165.9357,4180296.2406,851752.2240,4726171.8509,8.9384
DIAG:259,1,5.254000,0.252635,2.690718,0,0,22.577989,1,4180304.6245,851753.7344,4726166.0203,4180295.5104,851752.0752,4726172.5191,14.6321
DIAG:260,1,10.514793,1.024218,2.613034,0,0,22.577989,1,4180303.6648,851753.6168,4726168.1195,4180294.7803,851751.9265,4726173.1872,8.8757
DIAG:261,1,14.629906,1.985874,2.690531,0,0,22.577989,1,4180302.6040,851753.3703,4726167.0289,4180294.0501,851751.7777,4726173.8553,20.6887
DIAG:262,1,9.375206,1.069266,2.545948,0,0,22.577989,1,4180302.4368,851753.0922,4726166.5643,4180293.3200,851751.6289,4726174.5234,19.5424
DIAG:263,1,6.568279,1.413586,2.447803,0,0,22.577989,1,4180302.5090,851753.8173,4726167.3507,4180292.5898,851751.4801,4726175.1916,16.2429
DIAG:264,1,23.578916,6.439555,2.602501,0,0,22.577989,1,4180301.4556,851752.4129,4726165.0349,4180291.8597,851751.3314,4726175.8597,31.5047
DIAG:265,1,13.143689,2.797790,2.604422,0,0,22.577989,1,4180300.4917,851750.9663,4726166.9019,4180291.1295,851751.1826,4726176.5278,9.9773
DIAG:266,1,5.369963,0.862458,2.566858,0,0,22.577989,1,4180299.1110,851751.2326,4726167.1340,4180290.3994,851751.0338,4726177.1959,13.4812
DIAG:267,1,7.408707,1.244032,2.192390,0,0,22.577989,1,4180298.4981,851751.9629,4726168.2812,4180289.6692,851750.8851,4726177.8641,12.2222
DIAG:268,1,5.250690,0.858357,1.794777,0,0,22.577989,1,4180298.1744,851752.5947,4726169.0497,4180288.9391,851750.7363,4726178.5322,14.7632
DIAG:269,1,11.119091,3.971290,2.166643,0,0,22.577989,1,4180295.5875,851753.0257,4726169.2190,4180288.2089,851750.5875,4726179.2003,13.4382
DIAG:270,1,18.150123,6.160871,2.680308,0,0,22.577989,1,4180293.7851,851751.1408,4726167.8848,4180287.4788,851750.4388,4726179.8684,25.5330
DIAG:271,1,22.956272,8.674491,3.349170,0,0,22.577989,1,4180294.2448,851752.7109,4726170.8063,4180286.7486,851750.2900,4726180.5365,18.8192
DIAG:272,1,18.207959,8.307898,4.073033,0,0,22.577989,1,4180295.2465,851750.7638,4726172.8058,4180286.0185,851750.1412,4726181.2047,19.3299
DIAG:273,1,13.546490,4.605741,4.392248,0,1,22.577989,1,4180292.9774,851749.3859,4726174.5390,4180285.2883,851749.9924,4726181.8728,5.8368
DIAG:274,1,16.584483,3.047754,4.053068,0,0,22.577989,1,4180292.9611,851748.6389,4726173.2031,4180284.5582,851749.8437,4726182.5409,26.2002
DIAG:275,1,14.742093,4.023788,4.175668,0,0,22.577989,1,4180290.5972,851748.6107,4726175.3288,4180283.8280,851749.6949,4726183.2090,2.2734
DIAG:276,1,14.931027,5.471628,4.636585,0,1,22.577989,1,4180291.6352,851749.1780,4726174.8382,4180283.0979,851749.5461,4726183.8772,24.5078
DIAG:277,1,11.246969,2.358635,4.748045,0,1,22.577989,1,4180289.7143,851749.3221,4726176.6206,4180282.3677,851749.3974,4726184.5453,2.5646
DIAG:278,1,11.739486,3.990732,5.061283,0,1,22.577989,1,4180287.0557,851749.6499,4726176.6430,4180281.6376,851749.2486,4726185.2134,13.6884
DIAG:279,1,14.941812,4.298881,5.094042,0,1,22.577989,1,4180287.1871,851748.1672,4726178.8076,4180280.9074,851749.0998,4726185.8815,13.6621
DIAG:280,1,20.236463,7.657205,5.243675,0,1,22.577989,1,4180287.7975,851749.6144,4726181.6505,4180280.1773,851748.9510,4726186.5496,18.9198
DIAG:281,1,13.310574,1.607720,4.536998,0,1,22.577989,1,4180287.0992,851749.7262,4726180.8160,4180279.4471,851748.8023,4726187.2178,19.6550
DIAG:282,1,6.623065,0.708716,3.777080,0,0,22.577989,1,4180286.2576,851748.9883,4726182.3396,4180278.7170,851748.6535,4726187.8859,7.5755
DIAG:283,1,14.916859,2.266731,3.543179,0,0,22.577989,1,4180286.1294,851748.9027,4726185.0938,4180277.9868,851748.5047,4726188.5540,14.2875
DIAG:284,1,15.615657,3.696776,3.608081,0,0,22.577989,1,4180284.0539,851748.4254,4726187.8500,4180277.2567,851748.3560,4726189.2221,10.4543
DIAG:285,1,31.710100,9.490887,4.154791,0,0,22.577989,1,4180283.0981,851749.1240,4726184.8208,4180276.5265,851748.2072,4726189.8903,33.1811
DIAG:286,1,12.321487,3.278830,3.935511,0,0,22.577989,1,4180283.7537,851748.4758,4726184.4932,4180275.7964,851748.0584,4726190.5584,20.1142
DIAG:287,1,18.767427,3.595714,4.059219,0,0,22.577989,1,4180283.8185,851748.5752,4726182.8167,4180275.0662,851747.9096,4726191.2265,27.1905
DIAG:288,1,6.776786,1.464552,3.806601,0,0,22.577989,1,4180284.1257,851747.7151,4726183.1255,4180274.3361,851747.7609,4726191.8946,17.7406
DIAG:289,1,6.480558,1.297021,3.506415,0,0,22.577989,1,4180282.5073,851747.3812,4726183.3725,4180273.6059,851747.6121,4726192.5627,11.8434
DIAG:290,1,27.681722,7.101710,3.450866,0,0,22.577989,1,4180281.2264,851747.0411,4726187.5124,4180272.8758,851747.4633,4726193.2309,18.9254
DIAG:291,1,8.792890,1.287035,3.418797,0,0,22.577989,1,4180280.5827,851747.7038,4726187.3274,4180272.1456,851747.3146,4726193.8990,16.1630
DIAG:292,1,8.548987,2.465040,3.594430,0,0,22.577989,1,4180281.2861,851748.2300,4726188.1185,4180271.4155,851747.1658,4726194.5671,17.6922
DIAG:293,1,19.053184,4.450438,3.812800,0,0,22.577989,1,4180279.7142,851748.9298,4726186.4987,4180270.6853,851747.0170,4726195.2352,25.0938
DIAG:294,1,8.096828,1.443962,3.587519,0,0,22.577989,1,4180278.0853,851748.5040,4726187.7827,4180269.9552,851746.8682,4726195.9033,4.9813
DIAG:295,1,10.617744,2.485060,2.886936,0,0,22.577989,1,4180277.3009,851747.0690,4726189.3464,4180269.2250,851746.7195,4726196.5715,9.9625
DIAG:296,1,3.790610,0.421071,2.601160,0,0,22.577989,1,4180275.9921,851746.6098,4726190.2293,4180268.4949,851746.5707,4726197.2396,7.6109
DIAG:297,1,4.256679,0.261842,2.267773,0,0,22.577989,1,4180274.8482,851746.2549,4726190.4195,4180267.7647,851746.4219,4726197.9077,12.1337
DIAG:298,1,4.938265,0.626092,2.183927,0,0,22.577989,1,4180274.6587,851746.3681,4726191.4417,4180267.0346,851746.2732,4726198.5758,11.6793
DIAG:299,1,8.158248,2.200599,2.274285,0,0,22.577989,1,4180273.2182,851747.4772,4726192.3098,4180266.3044,851746.1244,4726199.2439,9.9724
DIAG_END
